# 3x4 first row second row third row Freq: 100 current Time: 2021-04-07-14:38:22
-0.33441540598869324 -0.760053277015686 0.5572119355201721 0.5003979206085205 -0.43546611070632935 -0.399728000164032 -0.8065894842147827 -0.4901109039783478 0.8357843160629272 -0.512382984161377 -0.19730213284492493 -3.651886463165283
-0.3344879448413849 -0.760016679763794 0.5572183132171631 0.5004045963287354 -0.4355090260505676 -0.39969033002853394 -0.8065849542617798 -0.4900917708873749 0.8357329368591309 -0.5124666094779968 -0.1973024159669876 -3.6518797874450684
-0.3344687819480896 -0.7599427700042725 0.5573306679725647 0.5004028677940369 -0.4355117678642273 -0.3998126983642578 -0.8065228462219238 -0.4901019036769867 0.8357391357421875 -0.5124808549880981 -0.19723902642726898 -3.651904821395874
-0.3344557285308838 -0.759996235370636 0.55726557970047 0.500420331954956 -0.43542230129241943 -0.39980170130729675 -0.8065766096115112 -0.4900960624217987 0.8357909917831421 -0.5124101042747498 -0.19720323383808136 -3.6519460678100586
-0.3344910740852356 -0.7599755525588989 0.5572724938392639 0.500420331954956 -0.43543726205825806 -0.39979106187820435 -0.8065738081932068 -0.49009278416633606 0.8357690572738647 -0.5124490857124329 -0.19719500839710236 -3.6519601345062256
-0.3344677686691284 -0.7600035071372986 0.5572484135627747 0.5004176497459412 -0.43538910150527954 -0.3998008370399475 -0.806594967842102 -0.4901329576969147 0.8358034491539001 -0.5123999714851379 -0.19717663526535034 -3.651977300643921
-0.33452215790748596 -0.7599844932556152 0.5572417378425598 0.5004003047943115 -0.4354066252708435 -0.3997693955898285 -0.8066011071205139 -0.49015358090400696 0.8357725739479065 -0.5124527812004089 -0.1971704512834549 -3.651993751525879
-0.33447548747062683 -0.7599835395812988 0.5572710037231445 0.5004096031188965 -0.43536442518234253 -0.39983806014060974 -0.8065898418426514 -0.4901674687862396 0.8358132243156433 -0.5124005675315857 -0.1971336454153061 -3.6520049571990967
-0.33449238538742065 -0.7599271535873413 0.5573377013206482 0.5004095435142517 -0.43543803691864014 -0.3998594582080841 -0.8065394759178162 -0.4901725947856903 0.8357681035995483 -0.5124674439430237 -0.19715113937854767 -3.651907444000244
-0.33448630571365356 -0.7599294781684875 0.5573382377624512 0.500407874584198 -0.43543508648872375 -0.3998633623123169 -0.8065391182899475 -0.4901874363422394 0.8357720971107483 -0.5124610066413879 -0.19715102016925812 -3.651909828186035
-0.33451327681541443 -0.7599747776985168 0.557260274887085 0.5004159808158875 -0.4353700578212738 -0.3998137414455414 -0.8065988421440125 -0.49015018343925476 0.8357951641082764 -0.5124325752258301 -0.19712714850902557 -3.651883125305176
-0.33451327681541443 -0.7599802017211914 0.5572528839111328 0.5004177093505859 -0.4353562295436859 -0.39981433749198914 -0.8066059947013855 -0.4901587665081024 0.8358023762702942 -0.5124239921569824 -0.1971188187599182 -3.651883363723755
-0.33452722430229187 -0.7599265575408936 0.5573176145553589 0.5003963708877563 -0.4353969097137451 -0.3998546302318573 -0.8065640330314636 -0.4901541769504547 0.83577561378479 -0.5124721527099609 -0.19710731506347656 -3.6518242359161377
-0.33451753854751587 -0.7599374055862427 0.5573086142539978 0.5003959536552429 -0.43538251519203186 -0.3998563587665558 -0.8065710067749023 -0.4901616871356964 0.8357869982719421 -0.5124546885490417 -0.19710439443588257 -3.651819944381714
-0.3345286548137665 -0.7599639892578125 0.5572657585144043 0.5004223585128784 -0.4353979229927063 -0.39979860186576843 -0.806591272354126 -0.4901324212551117 0.8357744812965393 -0.5124603509902954 -0.19714252650737762 -3.6518468856811523
-0.33453550934791565 -0.7599639296531677 0.5572617053985596 0.5004293918609619 -0.43538898229599 -0.39979806542396545 -0.8065963983535767 -0.49013444781303406 0.8357764482498169 -0.5124608278274536 -0.1971331536769867 -3.6518471240997314
-0.3345489501953125 -0.7599661946296692 0.5572505593299866 0.5004065632820129 -0.4353547692298889 -0.39980384707450867 -0.8066120147705078 -0.4901624023914337 0.8357888460159302 -0.5124529600143433 -0.19710084795951843 -3.651880979537964
-0.33456289768218994 -0.7599669694900513 0.5572411417961121 0.5004128217697144 -0.4353334307670593 -0.39980342984199524 -0.8066236972808838 -0.4901672899723053 0.8357943892478943 -0.5124521255493164 -0.19707952439785004 -3.651883602142334
-0.334530234336853 -0.7599363327026367 0.5573025345802307 0.5003995895385742 -0.4353812634944916 -0.39984747767448425 -0.8065760731697083 -0.49013379216194153 0.835782527923584 -0.5124632716178894 -0.19710084795951843 -3.651853561401367
-0.33463141322135925 -0.7598909735679626 0.5573036074638367 0.5004093050956726 -0.4354432225227356 -0.39978525042533875 -0.8065734505653381 -0.49013444781303406 0.8357097506523132 -0.5125790238380432 -0.19710855185985565 -3.65185546875
-0.33447709679603577 -0.7599167227745056 0.5573611259460449 0.5004041194915771 -0.4354619085788727 -0.3998734652996063 -0.806519627571106 -0.4901718199253082 0.8357617855072021 -0.5124719738960266 -0.19716617465019226 -3.6518657207489014
-0.3345337212085724 -0.7598474621772766 0.5574216246604919 0.5004256367683411 -0.4355340003967285 -0.3998793363571167 -0.8064777851104736 -0.49014803767204285 0.835701584815979 -0.5125702023506165 -0.19716614484786987 -3.6518406867980957
-0.33450302481651306 -0.7599031925201416 0.5573639869689941 0.5004258155822754 -0.4354552924633026 -0.39987412095069885 -0.8065229058265686 -0.4901600182056427 0.8357548713684082 -0.5124915242195129 -0.19714467227458954 -3.6518754959106445
-0.33452343940734863 -0.7599064111709595 0.5573474168777466 0.500447154045105 -0.43545979261398315 -0.399848610162735 -0.8065330982208252 -0.4901094138622284 0.8357443809509277 -0.5125067234039307 -0.1971498429775238 -3.651841640472412
-0.33452534675598145 -0.7598888874053955 0.5573701858520508 0.5004570484161377 -0.4354792535305023 -0.3998604118824005 -0.8065167665481567 -0.4901021420955658 0.8357334733009338 -0.5125235319137573 -0.1971522718667984 -3.6518428325653076
-0.3345750868320465 -0.7598865032196045 0.5573435425758362 0.5004428625106812 -0.4354821741580963 -0.3998178243637085 -0.8065362572669983 -0.4901139438152313 0.8357120156288147 -0.5125601887702942 -0.19714784622192383 -3.6518566608428955
-0.33451664447784424 -0.759880781173706 0.5573863983154297 0.5004426836967468 -0.43543943762779236 -0.39990419149398804 -0.8065165281295776 -0.4901321828365326 0.8357576727867126 -0.5125012993812561 -0.19710735976696014 -3.6518893241882324
-0.33462992310523987 -0.7597842812538147 0.557449996471405 0.5004733800888062 -0.435500830411911 -0.3999056816101074 -0.8064826726913452 -0.4900681674480438 0.835680365562439 -0.5126432776451111 -0.19706615805625916 -3.651902675628662
-0.3346729278564453 -0.7597755789756775 0.5574359893798828 0.5004585385322571 -0.43550905585289 -0.39987504482269287 -0.8064934015274048 -0.4900929033756256 0.835658848285675 -0.5126800537109375 -0.1970616728067398 -3.6519362926483154
-0.3345312178134918 -0.7598130702972412 0.5574699640274048 0.5004345774650574 -0.43551746010780334 -0.39994141459465027 -0.8064559698104858 -0.4901330769062042 0.8357111811637878 -0.512572705745697 -0.1971188485622406 -3.6518962383270264
-0.33461838960647583 -0.7598119974136353 0.5574191212654114 0.5004335641860962 -0.43552032113075256 -0.3998638093471527 -0.8064928650856018 -0.4901471436023712 0.8356748223304749 -0.512634813785553 -0.19711168110370636 -3.6519229412078857
-0.33460116386413574 -0.7598384022712708 0.5573934316635132 0.5004270672798157 -0.43546822667121887 -0.39987286925315857 -0.8065165281295776 -0.49015942215919495 0.8357088565826416 -0.512588620185852 -0.19708743691444397 -3.651881217956543
-0.3346048891544342 -0.7598452568054199 0.5573818683624268 0.5004251003265381 -0.43547242879867554 -0.3998570442199707 -0.8065220713615417 -0.49016544222831726 0.8357051610946655 -0.512590765953064 -0.19709742069244385 -3.651885509490967
-0.33459827303886414 -0.7598307728767395 0.5574055910110474 0.5003995895385742 -0.43550464510917664 -0.3998641073703766 -0.8065012097358704 -0.4901292026042938 0.8356910347938538 -0.5126067399978638 -0.19711588323116302 -3.651946783065796
-0.33454784750938416 -0.7598282098770142 0.557439386844635 0.5003936290740967 -0.4356236457824707 -0.3998396098613739 -0.8064490556716919 -0.49012550711631775 0.8356491923332214 -0.5126296877861023 -0.19723354279994965 -3.6519501209259033
-0.33453935384750366 -0.7598954439163208 0.5573527812957764 0.5003781318664551 -0.4355407953262329 -0.39980068802833557 -0.8065131306648254 -0.4901407063007355 0.8356958031654358 -0.5125603675842285 -0.19721630215644836 -3.651953935623169
-0.3345133662223816 -0.7598955035209656 0.557368278503418 0.5003771781921387 -0.4355304539203644 -0.3998299837112427 -0.8065041899681091 -0.49014315009117126 0.8357115983963013 -0.5125373601913452 -0.19720906019210815 -3.6519598960876465
-0.3345080018043518 -0.759893536567688 0.5573741793632507 0.5003765225410461 -0.4355391561985016 -0.39983224868774414 -0.8064983487129211 -0.49014875292778015 0.8357091546058655 -0.5125385522842407 -0.19721619784832 -3.6519663333892822
-0.3345212936401367 -0.7598196864128113 0.5574668645858765 0.500377357006073 -0.43557819724082947 -0.3999033570289612 -0.8064420223236084 -0.4901610314846039 0.8356835246086121 -0.5125925540924072 -0.19718459248542786 -3.651965618133545
-0.334492951631546 -0.759917676448822 0.5573503971099854 0.5003740787506104 -0.43542277812957764 -0.39988210797309875 -0.8065364956855774 -0.4901631772518158 0.8357758522033691 -0.5124639272689819 -0.1971275955438614 -3.6520206928253174
-0.3344704806804657 -0.7599060535430908 0.5573796629905701 0.5003302097320557 -0.435390442609787 -0.3999386429786682 -0.8065258860588074 -0.49020227789878845 0.8358017206192017 -0.5124369859695435 -0.19708803296089172 -3.6520068645477295
-0.33448296785354614 -0.7599038481712341 0.5573751926422119 0.500328004360199 -0.4353688359260559 -0.3999440371990204 -0.8065348863601685 -0.49021288752555847 0.8358079195022583 -0.5124360918998718 -0.1970638483762741 -3.65201997756958
-0.3344992399215698 -0.7599349021911621 0.5573230981826782 0.5004458427429199 -0.4354279637336731 -0.3998483717441559 -0.8065503835678101 -0.4901283085346222 0.8357706665992737 -0.5124646425247192 -0.19714780151844025 -3.651928424835205
-0.33456361293792725 -0.7599188089370728 0.5573064088821411 0.5004523396492004 -0.43546298146247864 -0.3997930586338043 -0.8065589070320129 -0.49012842774391174 0.8357266187667847 -0.5125316977500916 -0.19716016948223114 -3.6519436836242676
-0.33450064063072205 -0.7598973512649536 0.5573734045028687 0.5004559755325317 -0.4354749321937561 -0.39987266063690186 -0.8065130114555359 -0.4901109039783478 0.835745632648468 -0.5125013589859009 -0.19715847074985504 -3.6519596576690674
-0.33451926708221436 -0.7598819732666016 0.5573831796646118 0.5004616379737854 -0.43548277020454407 -0.3998735845088959 -0.8065083026885986 -0.4901042878627777 0.8357340693473816 -0.5125234723091125 -0.19715000689029694 -3.651968479156494
-0.33446332812309265 -0.7598684430122375 0.5574352145195007 0.5004251003265381 -0.4354752004146576 -0.3999474048614502 -0.806475818157196 -0.4900723397731781 0.8357604146003723 -0.5124858617782593 -0.1971360146999359 -3.6519575119018555
-0.33453384041786194 -0.7598328590393066 0.5574414134025574 0.5003726482391357 -0.4355132281780243 -0.3999130427837372 -0.8064723014831543 -0.4901036322116852 0.8357123732566833 -0.5125654935836792 -0.19713270664215088 -3.6519827842712402
-0.33446750044822693 -0.7598575949668884 0.5574475526809692 0.5003738403320312 -0.43549102544784546 -0.39994972944259644 -0.8064661026000977 -0.490055650472641 0.8357504606246948 -0.5125002264976501 -0.1971408575773239 -3.6519031524658203
-0.3345239460468292 -0.7598472237586975 0.5574277639389038 0.5003565549850464 -0.4355442523956299 -0.3998819887638092 -0.8064709305763245 -0.49004092812538147 0.8357001543045044 -0.5125684142112732 -0.19717690348625183 -3.6519112586975098
-0.33443063497543335 -0.7598432302474976 0.5574892163276672 0.500380277633667 -0.43547892570495605 -0.4000106751918793 -0.8064424395561218 -0.49010565876960754 0.8357715606689453 -0.5124739408493042 -0.19711975753307343 -3.6519615650177
-0.33440035581588745 -0.759846568107605 0.557502806186676 0.5003772377967834 -0.4355325996875763 -0.3999997079372406 -0.8064188361167908 -0.4901382029056549 0.8357557058334351 -0.512477457523346 -0.19717781245708466 -3.6519200801849365
-0.33440014719963074 -0.7598536610603333 0.5574933290481567 0.5003694891929626 -0.4355168044567108 -0.39999938011169434 -0.806427538394928 -0.49013975262641907 0.8357639908790588 -0.5124672651290894 -0.19716905057430267 -3.651928186416626
-0.3343285322189331 -0.7599110007286072 0.5574581027030945 0.5003791451454163 -0.4355008602142334 -0.39998969435691833 -0.8064409494400024 -0.49016985297203064 0.8358009457588196 -0.5123897790908813 -0.197213813662529 -3.651867389678955
-0.334345281124115 -0.7599084377288818 0.5574515461921692 0.5003751516342163 -0.4355040192604065 -0.3999766409397125 -0.8064457178115845 -0.49017855525016785 0.835792601108551 -0.5124037861824036 -0.19721277058124542 -3.6518678665161133
-0.3343382477760315 -0.7599629163742065 0.5573814511299133 0.5004748702049255 -0.4354272484779358 -0.3999510705471039 -0.8064998984336853 -0.49013587832450867 0.8358353972434998 -0.5123429298400879 -0.19718952476978302 -3.6518714427948
-0.3343660831451416 -0.7599424719810486 0.5573926568031311 0.500497579574585 -0.4354410767555237 -0.39994752407073975 -0.8064941763877869 -0.4901297986507416 0.8358170986175537 -0.512376070022583 -0.19718118011951447 -3.651867628097534
-0.33429205417633057 -0.7599457502365112 0.5574325919151306 0.500484049320221 -0.4353935122489929 -0.40003758668899536 -0.8064751625061035 -0.4901104271411896 0.8358714580535889 -0.5123009085655212 -0.1971459537744522 -3.651791572570801
-0.3343031108379364 -0.759941041469574 0.5574323534965515 0.5004909634590149 -0.43541115522384644 -0.4000237286090851 -0.8064725399017334 -0.49010488390922546 0.8358578681945801 -0.5123186111450195 -0.19715751707553864 -3.6517879962921143
-0.3343499004840851 -0.7599425911903381 0.5574021935462952 0.5004978179931641 -0.43535131216049194 -0.400016725063324 -0.8065083026885986 -0.4901164472103119 0.8358703255653381 -0.5123218297958374 -0.1970963329076767 -3.651811122894287
-0.33434879779815674 -0.7599399089813232 0.557406485080719 0.500505805015564 -0.4353499114513397 -0.4000224173069 -0.8065062165260315 -0.4901101887226105 0.8358714580535889 -0.5123213529586792 -0.197092667222023 -3.651813268661499
-0.33432263135910034 -0.7599088549613953 0.5574645400047302 0.5004482269287109 -0.4355184733867645 -0.39998728036880493 -0.8064326643943787 -0.49009624123573303 0.8357941508293152 -0.512394905090332 -0.19722941517829895 -3.651822566986084
-0.3342938721179962 -0.7598344683647156 0.5575831532478333 0.5004025101661682 -0.43562808632850647 -0.40005314350128174 -0.806340754032135 -0.4900704324245453 0.8357484936714172 -0.5124537944793701 -0.19726978242397308 -3.651831865310669
-0.3342781662940979 -0.759898841381073 0.5575048923492432 0.5003739595413208 -0.4355417490005493 -0.4000268876552582 -0.8064004182815552 -0.4900682270526886 0.8357998132705688 -0.5123788118362427 -0.19724728167057037 -3.6518306732177734
-0.3342704474925995 -0.7599078416824341 0.5574972033500671 0.5003657341003418 -0.4355415999889374 -0.4000207781791687 -0.8064035773277283 -0.4900493919849396 0.8358029723167419 -0.5123701691627502 -0.19725623726844788 -3.6518309116363525
-0.33422574400901794 -0.7599408626556396 0.5574790239334106 0.500353217124939 -0.435494065284729 -0.4000418484210968 -0.806418776512146 -0.4900617301464081 0.8358455896377563 -0.5123047828674316 -0.19724534451961517 -3.6518361568450928
-0.33424919843673706 -0.759884774684906 0.5575413703918457 0.5003499388694763 -0.4354965090751648 -0.4001006484031677 -0.806388258934021 -0.4900858700275421 0.8358349204063416 -0.512342095375061 -0.19719374179840088 -3.6518728733062744
-0.33423909544944763 -0.7598810195922852 0.5575525760650635 0.5003387928009033 -0.435496985912323 -0.4001147449016571 -0.8063810467720032 -0.49007806181907654 0.8358387351036072 -0.5123366117477417 -0.1971917748451233 -3.6518759727478027
-0.3343196213245392 -0.7599198222160339 0.5574513673782349 0.5004112720489502 -0.4354187250137329 -0.40003517270088196 -0.8064627647399902 -0.4901052415370941 0.8358473181724548 -0.5123412013053894 -0.1971435844898224 -3.651923418045044
-0.3343094289302826 -0.7599068880081177 0.5574751496315002 0.5004153847694397 -0.4354357123374939 -0.400052547454834 -0.8064450025558472 -0.49010369181632996 0.8358425498008728 -0.5123468637466431 -0.1971491575241089 -3.651931047439575
-0.3343389928340912 -0.7599034905433655 0.5574620962142944 0.5004377365112305 -0.4354260563850403 -0.40003716945648193 -0.8064578175544739 -0.490138977766037 0.8358357548713684 -0.5123639106750488 -0.1971336305141449 -3.6518709659576416
-0.33438462018966675 -0.7598914504051208 0.557451069355011 0.5004292130470276 -0.43545255064964294 -0.3999978303909302 -0.8064630031585693 -0.4901677668094635 0.8358036875724792 -0.512412428855896 -0.19714343547821045 -3.651888132095337
-0.3343268036842346 -0.75991290807724 0.5574564933776855 0.5004177093505859 -0.4353564977645874 -0.4000769555568695 -0.8064756393432617 -0.49015679955482483 0.8358768820762634 -0.5123187899589539 -0.1970764696598053 -3.6519320011138916
-0.3343328535556793 -0.759903609752655 0.5574655532836914 0.5004367828369141 -0.43534260988235474 -0.40009352564811707 -0.8064749240875244 -0.4901401698589325 0.8358816504478455 -0.5123196244239807 -0.1970539093017578 -3.6518948078155518
-0.33433887362480164 -0.7598856687545776 0.5574864149093628 0.5004755854606628 -0.43539541959762573 -0.4000818431377411 -0.806452214717865 -0.4900951087474823 0.8358517289161682 -0.5123554468154907 -0.19708770513534546 -3.651895523071289
-0.33435094356536865 -0.7598772048950195 0.5574907064437866 0.5004839897155762 -0.4353829324245453 -0.4000909924507141 -0.8064544200897217 -0.490083783864975 0.8358533978462219 -0.5123608112335205 -0.19706667959690094 -3.651890993118286
-0.33437031507492065 -0.7598564624786377 0.557507336139679 0.5004660487174988 -0.43545639514923096 -0.400058776140213 -0.8064306974411011 -0.4901001751422882 0.8358073830604553 -0.5124167203903198 -0.19711646437644958 -3.651841640472412
-0.3343387544155121 -0.759861946105957 0.5575188398361206 0.5004203915596008 -0.4354475140571594 -0.40008434653282166 -0.8064228296279907 -0.49008551239967346 0.8358246684074402 -0.5123887062072754 -0.1971161663532257 -3.6518659591674805
-0.33435267210006714 -0.7598550915718079 0.557519793510437 0.5004054307937622 -0.43548691272735596 -0.40005767345428467 -0.806414783000946 -0.49009403586387634 0.8357985615730286 -0.512419581413269 -0.19714650511741638 -3.6518757343292236
-0.3343805968761444 -0.7598179578781128 0.5575537085533142 0.5003915429115295 -0.4354541301727295 -0.400106817483902 -0.8064081072807312 -0.49011871218681335 0.8358044624328613 -0.5124363899230957 -0.19707779586315155 -3.6518869400024414
-0.3343610167503357 -0.7598245739936829 0.5575563907623291 0.5003882050514221 -0.435464084148407 -0.4001084864139557 -0.8064019083976746 -0.4901159703731537 0.8358071446418762 -0.5124252438545227 -0.19709551334381104 -3.651886224746704
-0.33429136872291565 -0.7598729729652405 0.5575321912765503 0.5003767013549805 -0.43539178371429443 -0.4001445174217224 -0.8064230680465698 -0.49015703797340393 0.8358726501464844 -0.5123252868652344 -0.19707748293876648 -3.6519112586975098
-0.33429190516471863 -0.7598495483398438 0.557563841342926 0.5003678798675537 -0.43541765213012695 -0.40016210079193115 -0.8064003586769104 -0.4901619255542755 0.835858941078186 -0.5123463273048401 -0.1970808207988739 -3.6519057750701904
-0.33424144983291626 -0.7598744630813599 0.5575600862503052 0.5003594756126404 -0.43538233637809753 -0.40019237995147705 -0.8064044117927551 -0.4901922643184662 0.8358975052833557 -0.5122857093811035 -0.19707493484020233 -3.6519200801849365
-0.3342589735984802 -0.7598657011985779 0.5575615763664246 0.5003842711448669 -0.4353916645050049 -0.40018388628959656 -0.8064035773277283 -0.49013885855674744 0.8358856439590454 -0.5123053789138794 -0.1970740109682083 -3.651930332183838
-0.33425939083099365 -0.7598560452461243 0.557574450969696 0.5003780722618103 -0.43538182973861694 -0.40020349621772766 -0.8063991665840149 -0.49013426899909973 0.8358905911445618 -0.5123043656349182 -0.1970556080341339 -3.651935338973999
-0.3342190682888031 -0.759872555732727 0.557576060295105 0.5003299117088318 -0.43540605902671814 -0.40020042657852173 -0.8063876032829285 -0.4901404082775116 0.8358941078186035 -0.5122822523117065 -0.19709838926792145 -3.651893377304077
-0.33422908186912537 -0.7598496079444885 0.5576013922691345 0.5003393292427063 -0.43543553352355957 -0.40020671486854553 -0.8063685894012451 -0.4901449978351593 0.8358747363090515 -0.5123113989830017 -0.19710467755794525 -3.651874303817749
-0.3341890871524811 -0.7598952054977417 0.5575632452964783 0.5003466010093689 -0.43540123105049133 -0.40019726753234863 -0.8063917756080627 -0.49013641476631165 0.8359085917472839 -0.5122511386871338 -0.1971176117658615 -3.6519384384155273
-0.33422142267227173 -0.7598951458930969 0.557543933391571 0.5004098415374756 -0.43540987372398376 -0.4001633822917938 -0.8064039349555969 -0.49010416865348816 0.8358911871910095 -0.5122777223587036 -0.19712254405021667 -3.6518778800964355
-0.33420294523239136 -0.759875476360321 0.5575817823410034 0.500442624092102 -0.43536266684532166 -0.400237113237381 -0.8063928484916687 -0.49007824063301086 0.8359231352806091 -0.512249231338501 -0.19706089794635773 -3.6519322395324707
-0.33424532413482666 -0.7598536610603333 0.557586133480072 0.5004352927207947 -0.43542489409446716 -0.4001929759979248 -0.8063811659812927 -0.4900924861431122 0.8358738422393799 -0.512316107749939 -0.19709645211696625 -3.651948928833008
-0.334249347448349 -0.7598972320556641 0.5575243830680847 0.5004516243934631 -0.43535158038139343 -0.4001713693141937 -0.8064314723014832 -0.49008676409721375 0.8359103798866272 -0.5122683644294739 -0.1970653086900711 -3.651991605758667
-0.3343069553375244 -0.7598846554756165 0.5575069189071655 0.500475287437439 -0.4353927671909332 -0.40011316537857056 -0.8064380884170532 -0.49007925391197205 0.8358659148216248 -0.5123324394226074 -0.1970875859260559 -3.6519806385040283
-0.3342944085597992 -0.7599248290061951 0.5574597120285034 0.5004543662071228 -0.435287743806839 -0.40013059973716736 -0.8064861297607422 -0.490071564912796 0.8359256386756897 -0.5122592449188232 -0.19702443480491638 -3.6519529819488525
-0.33432427048683167 -0.7598931193351746 0.557485044002533 0.5004822015762329 -0.4353257417678833 -0.40012672543525696 -0.8064675331115723 -0.49007901549339294 0.8358938694000244 -0.5123093724250793 -0.19702883064746857 -3.6519336700439453
-0.33426904678344727 -0.7598697543144226 0.5575499534606934 0.5004523992538452 -0.435390442609787 -0.4001697599887848 -0.8064112663269043 -0.49012014269828796 0.8358822464942932 -0.5123103260993958 -0.19707556068897247 -3.651895046234131
-0.33422353863716125 -0.7599018216133118 0.5575335025787354 0.5004199743270874 -0.4353850483894348 -0.4001670181751251 -0.8064154982566833 -0.4901638925075531 0.8359032869338989 -0.5122649073600769 -0.1971045583486557 -3.6518781185150146
-0.33427199721336365 -0.7598973512649536 0.5575106143951416 0.5004091858863831 -0.4353830814361572 -0.40013182163238525 -0.8064340949058533 -0.4901754558086395 0.8358849287033081 -0.512299120426178 -0.19709347188472748 -3.6518900394439697
-0.33415916562080383 -0.7598848938941956 0.5575951933860779 0.5003970265388489 -0.43542003631591797 -0.4002271890640259 -0.8063668012619019 -0.4901798665523529 0.8359107971191406 -0.5122430920600891 -0.19712941348552704 -3.651843309402466
-0.334211528301239 -0.7598780989646912 0.557573139667511 0.5004162192344666 -0.43547773361206055 -0.40015527606010437 -0.8063713312149048 -0.4901679456233978 0.8358598351478577 -0.5123093724250793 -0.1971733570098877 -3.6518473625183105
-0.3341599702835083 -0.7599338293075562 0.557528018951416 0.5004333853721619 -0.43547672033309937 -0.40012091398239136 -0.8063889145851135 -0.49018964171409607 0.8358809351921082 -0.51225346326828 -0.19722898304462433 -3.65191650390625
-0.33422499895095825 -0.7599191069602966 0.5575091242790222 0.5004196763038635 -0.43546944856643677 -0.4000890552997589 -0.8064086437225342 -0.4901728928089142 0.8358587026596069 -0.5123001933097839 -0.1972016841173172 -3.651954412460327
-0.33428525924682617 -0.7599497437477112 0.557431161403656 0.5004474520683289 -0.4353446960449219 -0.4000677168369293 -0.8064866065979004 -0.49014797806739807 0.8358995914459229 -0.5122713446617126 -0.19710324704647064 -3.6520133018493652
-0.3342128396034241 -0.7599633932113647 0.5574560165405273 0.5004433393478394 -0.4353848993778229 -0.4000875651836395 -0.8064550161361694 -0.490141361951828 0.8359076380729675 -0.5122356414794922 -0.19716207683086395 -3.6519975662231445
-0.33422642946243286 -0.7599690556526184 0.5574401617050171 0.5004391074180603 -0.43537822365760803 -0.4000714123249054 -0.8064666390419006 -0.4901285469532013 0.8359056711196899 -0.5122398734092712 -0.19715942442417145 -3.6520068645477295
-0.33427342772483826 -0.7599543333053589 0.5574320554733276 0.5003980994224548 -0.4353697896003723 -0.40005624294281006 -0.80647873878479 -0.4900914132595062 0.8358913064002991 -0.5122736096382141 -0.19713285565376282 -3.6520543098449707
-0.3342536687850952 -0.7599304914474487 0.5574764013290405 0.5004190802574158 -0.4353969097137451 -0.40009161829948425 -0.8064465522766113 -0.49007365107536316 0.8358850479125977 -0.5122813582420349 -0.197139173746109 -3.6520442962646484
-0.3342866003513336 -0.7599363923072815 0.5574486255645752 0.5004270076751709 -0.4353148639202118 -0.40010419487953186 -0.806484580039978 -0.490055114030838 0.8359146118164062 -0.512262761592865 -0.19706201553344727 -3.6520767211914062
-0.3343517780303955 -0.7598980665206909 0.5574617385864258 0.5004106760025024 -0.4353480637073517 -0.40008145570755005 -0.806477963924408 -0.49002692103385925 0.8358712792396545 -0.512337327003479 -0.19705210626125336 -3.652102470397949
-0.3343302607536316 -0.7599120140075684 0.5574555993080139 0.5003628134727478 -0.4353431165218353 -0.40008336305618286 -0.8064796924591064 -0.48999491333961487 0.8358824253082275 -0.5123150944709778 -0.1970623880624771 -3.652031660079956
-0.33435070514678955 -0.7599201798439026 0.5574322938919067 0.5004184246063232 -0.4353584349155426 -0.4000440835952759 -0.8064908981323242 -0.49001750349998474 0.8358662724494934 -0.5123337507247925 -0.1970825344324112 -3.651930809020996
-0.3343474566936493 -0.7599009871482849 0.557460367679596 0.5004141330718994 -0.4353800117969513 -0.4000614881515503 -0.8064706325531006 -0.49005380272865295 0.8358563184738159 -0.5123485922813416 -0.19708603620529175 -3.6519758701324463
-0.33444666862487793 -0.7598723769187927 0.5574398636817932 0.5004393458366394 -0.4353901445865631 -0.4000086784362793 -0.8064913153648376 -0.4900569021701813 0.8358113765716553 -0.5124322772026062 -0.1970592737197876 -3.651935338973999
-0.3344099223613739 -0.7598316669464111 0.5575173497200012 0.5004653334617615 -0.43546581268310547 -0.4000537395477295 -0.8064281344413757 -0.4899856150150299 0.8357866406440735 -0.5124574303627014 -0.19709867238998413 -3.651972532272339
-0.33447521924972534 -0.759774386882782 0.5575562715530396 0.5004101991653442 -0.43558499217033386 -0.400005578994751 -0.8063876628875732 -0.49009039998054504 0.8356984257698059 -0.5125799179077148 -0.19715426862239838 -3.651984453201294
-0.33446088433265686 -0.7598005533218384 0.5575292110443115 0.5004000067710876 -0.4354950785636902 -0.4000356197357178 -0.8064213395118713 -0.49008825421333313 0.8357509970664978 -0.5125177502632141 -0.19709302484989166 -3.652010440826416
-0.3345221281051636 -0.7598319053649902 0.5574498176574707 0.5004417896270752 -0.43549779057502747 -0.399934321641922 -0.8064700961112976 -0.490094929933548 0.8357250690460205 -0.5125503540039062 -0.1971181184053421 -3.6519670486450195
-0.3345947861671448 -0.7597803473472595 0.5574764013290405 0.5004625916481018 -0.43554529547691345 -0.39991524815559387 -0.8064538836479187 -0.4900950491428375 0.8356712460517883 -0.5126416087150574 -0.19710908830165863 -3.6519482135772705
-0.3345426917076111 -0.7598115801811218 0.5574650764465332 0.5004156827926636 -0.43550288677215576 -0.3999423086643219 -0.806463360786438 -0.49011656641960144 0.8357142210006714 -0.5125741958618164 -0.19710224866867065 -3.6518843173980713
-0.33455371856689453 -0.7598017454147339 0.5574718713760376 0.5004579424858093 -0.43553289771080017 -0.3999283015727997 -0.8064541220664978 -0.4900883138179779 0.8356941342353821 -0.5125996470451355 -0.1971210539340973 -3.6518707275390625
-0.3344922363758087 -0.7598867416381836 0.557392954826355 0.5004634261131287 -0.435491144657135 -0.3998855650424957 -0.8064978718757629 -0.49008670449256897 0.8357405066490173 -0.5125070810317993 -0.19716520607471466 -3.6520235538482666
-0.3345330059528351 -0.7598466873168945 0.5574230551719666 0.5004627704620361 -0.4355168044567108 -0.39989158511161804 -0.8064810037612915 -0.4900822341442108 0.8357108235359192 -0.5125617384910583 -0.19714896380901337 -3.65203857421875
-0.3345770835876465 -0.7598424553871155 0.5574023723602295 0.5004668235778809 -0.4355679750442505 -0.39982718229293823 -0.8064852952957153 -0.4900754392147064 0.8356665372848511 -0.5126182436943054 -0.19718992710113525 -3.6520535945892334
-0.33455750346183777 -0.7597997784614563 0.557472288608551 0.5004452466964722 -0.43558624386787415 -0.3998951017856598 -0.8064417839050293 -0.49010029435157776 0.8356648087501526 -0.5126284956932068 -0.19717031717300415 -3.6520285606384277
-0.3346230685710907 -0.7597740292549133 0.557468056678772 0.5004234313964844 -0.4356541633605957 -0.39983248710632324 -0.8064361214637756 -0.49010542035102844 0.8356031775474548 -0.5127155184745789 -0.19720540940761566 -3.6520378589630127
-0.33460232615470886 -0.759793221950531 0.5574543476104736 0.5004404187202454 -0.4355735182762146 -0.39987266063690186 -0.8064597845077515 -0.4900883734226227 0.8356534838676453 -0.5126557946205139 -0.19714736938476562 -3.6520941257476807
-0.3346553146839142 -0.759742259979248 0.5574919581413269 0.500438928604126 -0.4356001317501068 -0.399882972240448 -0.8064402937889099 -0.4901238977909088 0.8356184363365173 -0.5127232074737549 -0.1971207559108734 -3.652090311050415
-0.3345893621444702 -0.7597548365592957 0.5575144290924072 0.5004107356071472 -0.4355277419090271 -0.399967759847641 -0.8064373135566711 -0.490163654088974 0.8356825709342957 -0.5126384496688843 -0.1970692276954651 -3.6520769596099854
-0.33455267548561096 -0.7597697377204895 0.5575161576271057 0.5004101991653442 -0.4355790615081787 -0.39994725584983826 -0.8064197897911072 -0.49020275473594666 0.835670530796051 -0.5126323699951172 -0.19713623821735382 -3.652076244354248
-0.3344973027706146 -0.7598142027854919 0.557488739490509 0.5004150867462158 -0.43557441234588623 -0.39993488788604736 -0.8064284324645996 -0.490199476480484 0.8356950879096985 -0.5125761032104492 -0.19717837870121002 -3.652042865753174
-0.33452582359313965 -0.7598159909248352 0.5574691891670227 0.5004811882972717 -0.43563738465309143 -0.399868369102478 -0.8064274191856384 -0.49019762873649597 0.8356508612632751 -0.5126253366470337 -0.19723783433437347 -3.6519949436187744
-0.3344767689704895 -0.7598697543144226 0.5574253797531128 0.5004616975784302 -0.4356118440628052 -0.3998498320579529 -0.806450366973877 -0.4901919662952423 0.8356838226318359 -0.5125601291656494 -0.19726766645908356 -3.6519582271575928
-0.3344767987728119 -0.7599521279335022 0.5573130249977112 0.500477135181427 -0.4355999529361725 -0.3997378647327423 -0.8065122961997986 -0.49016597867012024 0.8356899619102478 -0.5125252604484558 -0.19733195006847382 -3.651989221572876
-0.3344765305519104 -0.7599040865898132 0.5573787093162537 0.5004469156265259 -0.43561282753944397 -0.39979973435401917 -0.8064746856689453 -0.4901764690876007 0.8356834053993225 -0.5125482678413391 -0.1973002403974533 -3.652048349380493
-0.3344683349132538 -0.7599014043807983 0.5573873519897461 0.5004371404647827 -0.4356161653995514 -0.3998088836669922 -0.8064683675765991 -0.4901733100414276 0.8356848955154419 -0.5125451683998108 -0.19730180501937866 -3.6520090103149414
-0.3344384729862213 -0.7598815560340881 0.557432234287262 0.5004346370697021 -0.4356662333011627 -0.3998333513736725 -0.8064291477203369 -0.4901922643184662 0.8356707692146301 -0.5125554203987122 -0.19733498990535736 -3.652045488357544
-0.33449482917785645 -0.7599143385887146 0.5573537349700928 0.5004482865333557 -0.43558380007743835 -0.39978647232055664 -0.8064969182014465 -0.4901534616947174 0.8356911540031433 -0.5125434398651123 -0.19727973639965057 -3.6520330905914307
-0.3344826102256775 -0.7598955631256104 0.5573866367340088 0.5004165768623352 -0.43560683727264404 -0.3998103439807892 -0.806472659111023 -0.490174263715744 0.835684061050415 -0.5125526189804077 -0.197285994887352 -3.6520910263061523
-0.33448150753974915 -0.7598859667778015 0.5574004650115967 0.5004221796989441 -0.4355865716934204 -0.3998376727104187 -0.8064700365066528 -0.490144819021225 0.8356950879096985 -0.5125455856323242 -0.19725768268108368 -3.652069330215454
-0.33443841338157654 -0.7599261403083801 0.5573715567588806 0.5004458427429199 -0.4355204105377197 -0.39985835552215576 -0.8064955472946167 -0.49012520909309387 0.8357468247413635 -0.5124698877334595 -0.19723524153232574 -3.652017593383789
-0.33443382382392883 -0.7599047422409058 0.5574034452438354 0.5004621744155884 -0.43554598093032837 -0.399877667427063 -0.8064721822738647 -0.4901176393032074 0.8357353210449219 -0.512486457824707 -0.19724074006080627 -3.652031898498535
-0.3344622850418091 -0.7599238157272339 0.5573603510856628 0.5004864931106567 -0.43544694781303406 -0.39988553524017334 -0.8065217137336731 -0.49014750123023987 0.8357755541801453 -0.5124520659446716 -0.1971597820520401 -3.652095317840576
-0.3344714045524597 -0.7598837614059448 0.5574094653129578 0.5004643797874451 -0.43549394607543945 -0.39990657567977905 -0.8064859509468079 -0.4901500642299652 0.8357473611831665 -0.5124950408935547 -0.19716736674308777 -3.652139663696289
-0.33445000648498535 -0.7598617076873779 0.5574524402618408 0.5004472732543945 -0.4354911148548126 -0.3999592959880829 -0.8064613342285156 -0.490141361951828 0.8357574343681335 -0.5124866962432861 -0.19714652001857758 -3.652101516723633
-0.33447539806365967 -0.7598406076431274 0.5574659109115601 0.5004550218582153 -0.43550631403923035 -0.39995789527893066 -0.8064537644386292 -0.49012044072151184 0.8357393741607666 -0.5125189423561096 -0.1971392035484314 -3.6521332263946533
-0.3344646692276001 -0.7598435282707214 0.5574684143066406 0.5004377365112305 -0.43548282980918884 -0.3999776244163513 -0.8064566850662231 -0.4900921881198883 0.8357558846473694 -0.5124992728233337 -0.1971203088760376 -3.652094602584839
-0.3344433605670929 -0.7598660588264465 0.5574504733085632 0.5004525184631348 -0.4354826509952545 -0.3999640643596649 -0.8064635396003723 -0.49010542035102844 0.835764467716217 -0.5124765038490295 -0.19714303314685822 -3.652083396911621
-0.33440300822257996 -0.7599222660064697 0.5573980808258057 0.5004144310951233 -0.43542277812957764 -0.39995524287223816 -0.8065001964569092 -0.4901309907436371 0.8358118534088135 -0.5124000310897827 -0.1971411108970642 -3.6520471572875977
-0.33436253666877747 -0.7598710656166077 0.5574921369552612 0.5004456639289856 -0.4354323744773865 -0.400059312582016 -0.8064433932304382 -0.4901333749294281 0.8358230590820312 -0.5123946666717529 -0.19710750877857208 -3.6520018577575684
-0.33436620235443115 -0.759872555732727 0.5574879050254822 0.5004472732543945 -0.4354371428489685 -0.40005096793174744 -0.8064450025558472 -0.49013033509254456 0.8358190655708313 -0.5123989582061768 -0.19711309671401978 -3.652012348175049
-0.3344561457633972 -0.7598509192466736 0.5574634671211243 0.5004602670669556 -0.43548715114593506 -0.3999718725681305 -0.8064572215080261 -0.4901542365550995 0.8357570171356201 -0.512492835521698 -0.19713212549686432 -3.6519834995269775
-0.33445605635643005 -0.7598824501037598 0.5574204921722412 0.5004820227622986 -0.4354349672794342 -0.3999583125114441 -0.8064921498298645 -0.4901060163974762 0.8357842564582825 -0.5124566555023193 -0.19711080193519592 -3.651988983154297
-0.3344838321208954 -0.7598897814750671 0.5573937892913818 0.5004804730415344 -0.43542295694351196 -0.3999303877353668 -0.8065124750137329 -0.4900992810726166 0.8357794284820557 -0.5124675631523132 -0.1971030980348587 -3.6519858837127686
-0.3345302939414978 -0.7598345279693604 0.557441234588623 0.5004495978355408 -0.4355114996433258 -0.39991480112075806 -0.8064723610877991 -0.49011024832725525 0.8357146978378296 -0.5125616192817688 -0.19713294506072998 -3.6520416736602783
-0.33457639813423157 -0.7598404288291931 0.5574055910110474 0.5004462599754333 -0.4354246258735657 -0.39991870522499084 -0.8065173625946045 -0.49012336134910583 0.8357414603233337 -0.512549877166748 -0.19704976677894592 -3.6520843505859375
-0.3345873951911926 -0.7598283290863037 0.5574154853820801 0.5004427433013916 -0.4354709982872009 -0.3998980224132538 -0.8065025806427002 -0.4901505410671234 0.8357129096984863 -0.5125839710235596 -0.19708223640918732 -3.6520955562591553
-0.3345113694667816 -0.7598217725753784 0.5574700236320496 0.5003955364227295 -0.4354862570762634 -0.3999655246734619 -0.8064608573913574 -0.4901847541332245 0.8357353806495667 -0.5125409364700317 -0.19709880650043488 -3.6520609855651855
-0.33453693985939026 -0.7598482370376587 0.5574185848236084 0.5004599094390869 -0.43550148606300354 -0.39989519119262695 -0.806487500667572 -0.4901852309703827 0.8357172012329102 -0.5125565528869629 -0.19713522493839264 -3.652005672454834
-0.3345533013343811 -0.7598666548728943 0.55738365650177 0.5004662871360779 -0.43548205494880676 -0.3998660147190094 -0.8065124750137329 -0.49016156792640686 0.8357207775115967 -0.5125520825386047 -0.1971316784620285 -3.6520023345947266
-0.3345341086387634 -0.7598695755004883 0.5573911666870117 0.5004590749740601 -0.43550384044647217 -0.39986538887023926 -0.8065009713172913 -0.4901801645755768 0.8357171416282654 -0.5125482082366943 -0.19715741276741028 -3.6520347595214844
-0.33458763360977173 -0.759836733341217 0.5574038028717041 0.5004680156707764 -0.435476154088974 -0.39988240599632263 -0.8065075278282166 -0.49017903208732605 0.8357101678848267 -0.5125836133956909 -0.19709496200084686 -3.6520702838897705
-0.3346289098262787 -0.7598326206207275 0.5573846697807312 0.5004720091819763 -0.43545860052108765 -0.39986249804496765 -0.8065268397331238 -0.49018266797065735 0.8357027769088745 -0.5126052498817444 -0.19706997275352478 -3.6520867347717285
-0.33455976843833923 -0.7598205208778381 0.5574426651000977 0.5004743933677673 -0.43556708097457886 -0.39987486600875854 -0.8064621686935425 -0.49014976620674133 0.8356739282608032 -0.5126135945320129 -0.19717064499855042 -3.6520140171051025
-0.3345763385295868 -0.7597768306732178 0.5574922561645508 0.5004674792289734 -0.43560516834259033 -0.399899959564209 -0.8064291477203369 -0.4901277720928192 0.8356474041938782 -0.5126587152481079 -0.19716553390026093 -3.651967763900757
-0.3346022963523865 -0.7597816586494446 0.5574701428413391 0.5004781484603882 -0.43560928106307983 -0.399867445230484 -0.8064430356025696 -0.49011847376823425 0.8356348872184753 -0.5126769542694092 -0.19717127084732056 -3.6519744396209717
-0.3345649838447571 -0.7597915530204773 0.5574790239334106 0.500455915927887 -0.43561413884162903 -0.3998832404613495 -0.8064325451850891 -0.49011585116386414 0.8356472849845886 -0.5126499533653259 -0.19718889892101288 -3.6519253253936768
