# 3x4 first row second row third row Freq: 100 current Time: 2021-04-07-14:53:59
-0.0301143079996109 -0.5301730036735535 0.8473544716835022 0.4655679166316986 -0.9838781356811523 -0.13378970324993134 -0.11867596954107285 -0.5959731340408325 0.17628616094589233 -0.8372673988342285 -0.5175966024398804 -3.6136367321014404
-0.030114710330963135 -0.5301656723022461 0.8473590016365051 0.4655700623989105 -0.9838809967041016 -0.13377676904201508 -0.1186666414141655 -0.595977246761322 0.1762700080871582 -0.8372741341590881 -0.5175912380218506 -3.613635301589966
-0.03012695722281933 -0.5301423668861389 0.8473731875419617 0.4655691683292389 -0.9838781356811523 -0.13378554582595825 -0.11868059635162354 -0.5959491729736328 0.17628397047519684 -0.8372874855995178 -0.5175648927688599 -3.613572597503662
-0.030132388696074486 -0.5301283001899719 0.8473817706108093 0.46557316184043884 -0.9838800430297852 -0.13377493619918823 -0.11867690831422806 -0.5959488153457642 0.17627251148223877 -0.8372980952262878 -0.5175516605377197 -3.613565444946289
-0.03015650063753128 -0.5300890803337097 0.8474054336547852 0.4655686020851135 -0.983878493309021 -0.13377176225185394 -0.11869335919618607 -0.5959382057189941 0.1762770563364029 -0.8373234272003174 -0.5175091028213501 -3.613551378250122
-0.030162183567881584 -0.530063271522522 0.847421407699585 0.4655751883983612 -0.9838780164718628 -0.13377386331558228 -0.11869493871927261 -0.5959351658821106 0.1762787401676178 -0.8373394012451172 -0.5174826383590698 -3.61354923248291
-0.030194491147994995 -0.5300785899162292 0.8474106788635254 0.4655704200267792 -0.9838717579841614 -0.13377989828586578 -0.11873993277549744 -0.595947802066803 0.17630808055400848 -0.8373287320137024 -0.5174899101257324 -3.6135852336883545
-0.03014587052166462 -0.5301121473312378 0.8473914265632629 0.4655674397945404 -0.9838902950286865 -0.1337195187807083 -0.11865435540676117 -0.5959482789039612 0.17621296644210815 -0.837317168712616 -0.5175410509109497 -3.6135683059692383
-0.03014286793768406 -0.5300971865653992 0.8474009037017822 0.4655720889568329 -0.983889102935791 -0.13372930884361267 -0.11865326017141342 -0.5959469676017761 0.17622016370296478 -0.8373250961303711 -0.5175257921218872 -3.6135685443878174
-0.03015182353556156 -0.5300912261009216 0.8474043011665344 0.46557676792144775 -0.9838836789131165 -0.13374970853328705 -0.11867481470108032 -0.5959436893463135 0.17624862492084503 -0.8373255729675293 -0.517515242099762 -3.6135470867156982
-0.030164986848831177 -0.5300940275192261 0.847402036190033 0.46558505296707153 -0.9838810563087463 -0.13375316560268402 -0.11869291961193085 -0.5959414839744568 0.17626118659973145 -0.8373232483863831 -0.5175147652626038 -3.6135451793670654
-0.030181096866726875 -0.5301001071929932 0.8473976850509644 0.4655747413635254 -0.9838605523109436 -0.13383892178535461 -0.11876611411571503 -0.5959513783454895 0.17637279629707336 -0.8373057246208191 -0.5175051689147949 -3.613633394241333
-0.030182847753167152 -0.5300984382629395 0.8473986387252808 0.46558088064193726 -0.9838598370552063 -0.13384144008159637 -0.11876929551362991 -0.5959522128105164 0.1763765513896942 -0.8373063802719116 -0.5175027847290039 -3.613643169403076
-0.030105238780379295 -0.530107319355011 0.8473958969116211 0.4655259847640991 -0.9838622212409973 -0.13388043642044067 -0.11870545148849487 -0.5958977341651917 0.17637643218040466 -0.8372945189476013 -0.5175219774246216 -3.6136422157287598
-0.030099991708993912 -0.5300974249839783 0.8474022746086121 0.4655262529850006 -0.9838617444038391 -0.13388754427433014 -0.11870133876800537 -0.5958887934684753 0.1763799488544464 -0.837299644947052 -0.5175125002861023 -3.6136507987976074
-0.030088549479842186 -0.5300427675247192 0.8474368453025818 0.46555095911026 -0.9838624000549316 -0.13389968872070312 -0.11868219822645187 -0.5958973169326782 0.1763782501220703 -0.8373323082923889 -0.5174602270126343 -3.6136724948883057
-0.03007344715297222 -0.5300176739692688 0.8474530577659607 0.4655565917491913 -0.9838605523109436 -0.13392192125320435 -0.11867228150367737 -0.59589022397995 0.17639103531837463 -0.8373445868492126 -0.5174359679222107 -3.613682508468628
-0.030112478882074356 -0.5300365090370178 0.8474398851394653 0.46556729078292847 -0.9838631749153137 -0.13388104736804962 -0.11869692802429199 -0.595916748046875 0.17636992037296295 -0.8373392224311829 -0.5174518823623657 -3.6136391162872314
-0.030012251809239388 -0.5300589203834534 0.8474294543266296 0.4655495584011078 -0.9838883876800537 -0.1338246762752533 -0.11855120211839676 -0.5959355235099792 0.17624616622924805 -0.8373340964317322 -0.5175023674964905 -3.613542318344116
-0.03002629615366459 -0.5300703048706055 0.8474218249320984 0.46555623412132263 -0.983885645866394 -0.1338268518447876 -0.11857164651155472 -0.5959343314170837 0.17625917494297028 -0.8373265266418457 -0.517510175704956 -3.613536834716797
-0.029946018010377884 -0.5300694704055786 0.8474251627922058 0.46555304527282715 -0.9838720560073853 -0.13394492864608765 -0.11855120956897736 -0.5959279537200928 0.1763487607240677 -0.8373081684112549 -0.517509400844574 -3.613590717315674
-0.029969576746225357 -0.5300591588020325 0.8474308252334595 0.4655596613883972 -0.9838694930076599 -0.13394279778003693 -0.11857471615076065 -0.5959240198135376 0.17635893821716309 -0.837315022945404 -0.5174947381019592 -3.6135919094085693
-0.0298745296895504 -0.5300399661064148 0.8474462032318115 0.4655997157096863 -0.9838569164276123 -0.13406845927238464 -0.11853733658790588 -0.5959188342094421 0.17644540965557098 -0.8373070955276489 -0.5174781680107117 -3.6137022972106934
-0.029883243143558502 -0.5300366878509521 0.8474478721618652 0.46560943126678467 -0.9838550090789795 -0.13407200574874878 -0.11854885518550873 -0.595914363861084 0.1764543652534485 -0.8373085260391235 -0.5174727439880371 -3.6137139797210693
-0.029796253889799118 -0.530024528503418 0.8474586009979248 0.46557992696762085 -0.9838837385177612 -0.13399513065814972 -0.11839736253023148 -0.595923125743866 0.17630890011787415 -0.8373285531997681 -0.5174899101257324 -3.6135928630828857
-0.029798921197652817 -0.5300321578979492 0.8474537134170532 0.46558108925819397 -0.983886182308197 -0.1339806318283081 -0.11839337646961212 -0.5959190726280212 0.17629475891590118 -0.8373260498046875 -0.517498791217804 -3.6135895252227783
-0.029802344739437103 -0.5300788879394531 0.847424328327179 0.4655601978302002 -0.9838941097259521 -0.13393421471118927 -0.11838008463382721 -0.5958712100982666 0.17624996602535248 -0.837303876876831 -0.5175499320030212 -3.6135668754577637
-0.02981390431523323 -0.5300873517990112 0.8474186658859253 0.465557724237442 -0.9838941097259521 -0.13392534852027893 -0.11839009076356888 -0.5958632826805115 0.1762479990720749 -0.8372999429702759 -0.5175569653511047 -3.61356258392334
-0.029790250584483147 -0.5300804972648621 0.847423791885376 0.4655534029006958 -0.9838975071907043 -0.13392600417137146 -0.11836134642362595 -0.595919668674469 0.1762331873178482 -0.8373042345046997 -0.5175551176071167 -3.6136412620544434
-0.02979901246726513 -0.5300832390785217 0.8474217653274536 0.4655495584011078 -0.9838987588882446 -0.13391369581222534 -0.11836458742618561 -0.5959168076515198 0.17622452974319458 -0.8373044729232788 -0.517557680606842 -3.6136441230773926
-0.029759347438812256 -0.5301533937454224 0.8473792672157288 0.465544193983078 -0.983905553817749 -0.13389788568019867 -0.11832591146230698 -0.5958805680274963 0.1761932522058487 -0.8372625112533569 -0.5176361203193665 -3.6136980056762695
-0.029732953757047653 -0.5301602482795715 0.8473758697509766 0.4655284583568573 -0.9839022159576416 -0.1339302808046341 -0.11831697076559067 -0.5958852171897888 0.17621633410453796 -0.8372529745101929 -0.5176436901092529 -3.613712787628174
-0.029724786058068275 -0.530161440372467 0.8473754525184631 0.46551260352134705 -0.9839111566543579 -0.1338932365179062 -0.11828485876321793 -0.5958629846572876 0.17616797983646393 -0.8372582197189331 -0.5176517367362976 -3.613718032836914
-0.029705768451094627 -0.5301256775856018 0.8473984599113464 0.46553125977516174 -0.9839178919792175 -0.13387872278690338 -0.11824508011341095 -0.5958313345909119 0.17613345384597778 -0.8372831344604492 -0.5176231265068054 -3.613727569580078
-0.02982173301279545 -0.5301518440246582 0.8473780155181885 0.46555450558662415 -0.9839136004447937 -0.13381847739219666 -0.11834888160228729 -0.5959048271179199 0.1761377900838852 -0.8372762203216553 -0.5176329016685486 -3.6136903762817383
-0.029835117980837822 -0.5301156044006348 0.8474002480506897 0.46558114886283875 -0.9839136004447937 -0.13381481170654297 -0.11835329979658127 -0.5958781838417053 0.17613571882247925 -0.8372997641563416 -0.5175955295562744 -3.6136906147003174
-0.029917646199464798 -0.5301318764686584 0.8473871350288391 0.4656077027320862 -0.983906626701355 -0.13379086554050446 -0.11843828856945038 -0.5959316492080688 0.17616064846515656 -0.837293267250061 -0.517597496509552 -3.6136226654052734
-0.029865214601159096 -0.5301905274391174 0.8473522663116455 0.4655730128288269 -0.9839102029800415 -0.13380049169063568 -0.11839769035577774 -0.5958898067474365 0.17614956200122833 -0.8372545838356018 -0.517663836479187 -3.613582134246826
-0.029863672330975533 -0.5302044749259949 0.8473436236381531 0.46557432413101196 -0.9839078783988953 -0.1338106393814087 -0.11840557307004929 -0.5958858132362366 0.17616283893585205 -0.8372441530227661 -0.5176761746406555 -3.613577365875244
-0.02985667623579502 -0.5302038192749023 0.8473442792892456 0.4655587375164032 -0.9839053153991699 -0.1338275521993637 -0.11840775609016418 -0.595896303653717 0.17617832124233246 -0.8372418284416199 -0.5176746845245361 -3.61357045173645
-0.029853196814656258 -0.5302620530128479 0.8473079800605774 0.4655804932117462 -0.9839040040969849 -0.13382773101329803 -0.11841805279254913 -0.5958983302116394 0.1761859804391861 -0.8372049331665039 -0.5177317261695862 -3.6136138439178467
-0.029812080785632133 -0.5301966071128845 0.8473503589630127 0.46557289361953735 -0.9838973879814148 -0.13389576971530914 -0.11839638650417328 -0.5959199070930481 0.1762300580739975 -0.8372355103492737 -0.517667293548584 -3.6137266159057617
-0.029818220064044 -0.5301968455314636 0.847350001335144 0.465573251247406 -0.9838952422142029 -0.13390181958675385 -0.11840731650590897 -0.5959210991859436 0.1762409806251526 -0.8372344374656677 -0.5176653861999512 -3.613734483718872
-0.029830357059836388 -0.5302049517631531 0.8473445177078247 0.46554484963417053 -0.9838842749595642 -0.13394473493099213 -0.11844991892576218 -0.5959208011627197 0.17630013823509216 -0.8372223973274231 -0.5176646113395691 -3.613779306411743
-0.029818568378686905 -0.5301983952522278 0.8473489880561829 0.46555376052856445 -0.9838875532150269 -0.13393782079219818 -0.11843035370111465 -0.5959107875823975 0.17628373205661774 -0.8372276425361633 -0.5176617503166199 -3.6137876510620117
-0.029862483963370323 -0.5301944017410278 0.847350001335144 0.46556755900382996 -0.9838826656341553 -0.13393238186836243 -0.11847700923681259 -0.5959537029266357 0.17630352079868317 -0.8372310400009155 -0.5176494717597961 -3.6137678623199463
-0.029889466241002083 -0.530178427696228 0.8473590016365051 0.4655611515045166 -0.9838839769363403 -0.13391071557998657 -0.1184910461306572 -0.5959616899490356 0.17629192769527435 -0.8372446298599243 -0.517631471157074 -3.6137688159942627
-0.029876839369535446 -0.5302155613899231 0.8473362326622009 0.46555107831954956 -0.9838969111442566 -0.13385246694087982 -0.11844944208860397 -0.5959545969963074 0.1762218475341797 -0.8372304439544678 -0.5176783204078674 -3.613654851913452
-0.02983497641980648 -0.5302162170410156 0.8473373055458069 0.4655446410179138 -0.9838948249816895 -0.13388988375663757 -0.11842412501573563 -0.5959658622741699 0.17624035477638245 -0.8372240662574768 -0.5176823735237122 -3.613652467727661
-0.029905760660767555 -0.5302192568778992 0.8473328948020935 0.4655398428440094 -0.9838722348213196 -0.13394981622695923 -0.11854411661624908 -0.5959345102310181 0.1763545274734497 -0.8372125029563904 -0.5176621079444885 -3.6137616634368896
-0.02991533651947975 -0.5301884412765503 0.8473518490791321 0.46552520990371704 -0.9838650226593018 -0.13398191332817078 -0.11856754869222641 -0.5959007740020752 0.1763930469751358 -0.837226927280426 -0.5176256895065308 -3.6137611865997314
-0.029911424964666367 -0.5301807522773743 0.8473567962646484 0.4655262231826782 -0.9838685989379883 -0.13396871089935303 -0.11855296045541763 -0.59589684009552 0.17637386918067932 -0.8372339010238647 -0.5176209211349487 -3.6137678623199463
-0.0299315694719553 -0.5302029252052307 0.8473421931266785 0.46556639671325684 -0.9838588237762451 -0.1339985877275467 -0.11860024929046631 -0.5959336161613464 0.17642493546009064 -0.8372150659561157 -0.5176339745521545 -3.6138296127319336
-0.029875297099351883 -0.5301879644393921 0.8473535180091858 0.4655925929546356 -0.983853816986084 -0.13406187295913696 -0.11857037991285324 -0.5959189534187317 0.17646247148513794 -0.8372144103050232 -0.5176222920417786 -3.613842248916626
-0.02985009178519249 -0.5301970839500427 0.8473487496376038 0.4655774235725403 -0.9838728308677673 -0.1339869499206543 -0.11849701404571533 -0.5958981513977051 0.17636051774024963 -0.8372206091880798 -0.5176469683647156 -3.613729476928711
-0.02979057841002941 -0.5301858186721802 0.8473578691482544 0.46555963158607483 -0.9838653206825256 -0.13406382501125336 -0.11847269535064697 -0.5958952307701111 0.1764126569032669 -0.8372154235839844 -0.5176375508308411 -3.613729476928711
-0.029787275940179825 -0.5302194952964783 0.8473368883132935 0.46555230021476746 -0.9838615655899048 -0.13407891988754272 -0.1184864342212677 -0.5959089994430542 0.17643392086029053 -0.8371917009353638 -0.5176687240600586 -3.613741159439087
-0.02974989451467991 -0.5302025675773621 0.8473488092422485 0.46554896235466003 -0.9838777780532837 -0.13402940332889557 -0.11840826272964478 -0.5959113836288452 0.17635010182857513 -0.8372103571891785 -0.5176671147346497 -3.613672971725464
-0.029730746522545815 -0.5301963090896606 0.8473533987998962 0.4655397832393646 -0.9838756918907166 -0.13405276834964752 -0.11839894205331802 -0.595921516418457 0.17636482417583466 -0.8372105956077576 -0.5176616907119751 -3.6136581897735596
-0.02975761890411377 -0.5301969051361084 0.8473520874977112 0.4655369222164154 -0.9838836789131165 -0.13399705290794373 -0.1183958351612091 -0.5959144234657288 0.17631585896015167 -0.8372191190719604 -0.5176645517349243 -3.6135730743408203
-0.029764758422970772 -0.5301915407180786 0.8473551869392395 0.4655344486236572 -0.9838860034942627 -0.13398180902004242 -0.11839339882135391 -0.5959154367446899 0.17630143463611603 -0.8372249603271484 -0.5176600813865662 -3.613554000854492
-0.029768379405140877 -0.5302197933197021 0.8473374247550964 0.46555593609809875 -0.9838905930519104 -0.1339537650346756 -0.11838717013597488 -0.5959374308586121 0.1762753278017044 -0.837211549282074 -0.5176905989646912 -3.6135737895965576
-0.029744943603873253 -0.5302042961120605 0.8473479151725769 0.4655676484107971 -0.9838921427726746 -0.13396407663822174 -0.11836254596710205 -0.5959278345108032 0.17627058923244476 -0.8372197151184082 -0.5176790356636047 -3.6135599613189697
-0.02969847060739994 -0.530235230922699 0.8473302125930786 0.4655754268169403 -0.9838962554931641 -0.1339711844921112 -0.1183205395936966 -0.5958799123764038 0.17625562846660614 -0.8371990323066711 -0.5177176594734192 -3.613508939743042
-0.0296945720911026 -0.5302533507347107 0.8473190069198608 0.4655720591545105 -0.9839066863059998 -0.1339215487241745 -0.11828974634408951 -0.5958570241928101 0.1761978715658188 -0.8371954560279846 -0.5177429914474487 -3.6135318279266357
-0.02967945858836174 -0.5302421450614929 0.8473265171051025 0.4655663073062897 -0.983911395072937 -0.13391084969043732 -0.11826285719871521 -0.5958883166313171 0.17617425322532654 -0.8372042775154114 -0.5177368521690369 -3.6135098934173584
-0.029667077586054802 -0.5302307605743408 0.847334086894989 0.46556955575942993 -0.9839142560958862 -0.1339070051908493 -0.11824330687522888 -0.5958877205848694 0.1761602759361267 -0.837212085723877 -0.5177289247512817 -3.613490104675293
-0.029621195048093796 -0.5302667617797852 0.8473131656646729 0.4655841588973999 -0.9839224815368652 -0.13389331102371216 -0.11819035559892654 -0.5959096550941467 0.1761220544576645 -0.8371914625167847 -0.5177752375602722 -3.613471746444702
-0.02963017113506794 -0.5302668809890747 0.8473127484321594 0.4655640125274658 -0.9839190244674683 -0.13390374183654785 -0.11820726096630096 -0.5959421396255493 0.17613981664180756 -0.8371897339820862 -0.5177720189094543 -3.613537073135376
-0.02962757647037506 -0.5302581787109375 0.8473182916641235 0.4655652642250061 -0.9839209914207458 -0.13389745354652405 -0.11819823086261749 -0.5959522724151611 0.17612941563129425 -0.8371962308883667 -0.5177650451660156 -3.613529920578003
-0.029652316123247147 -0.5302116870880127 0.8473465442657471 0.46552082896232605 -0.9839097857475281 -0.13394059240818024 -0.1182422786951065 -0.5959004759788513 0.17618760466575623 -0.8372187614440918 -0.5177088379859924 -3.613576650619507
-0.029672784730792046 -0.5302135944366455 0.8473446369171143 0.46552011370658875 -0.9839161038398743 -0.13389696180820465 -0.11823952943086624 -0.5958963632583618 0.1761491596698761 -0.837224543094635 -0.5177125334739685 -3.6135706901550293
-0.029669014737010002 -0.5302061438560486 0.8473494052886963 0.46555477380752563 -0.9839260578155518 -0.13385306298732758 -0.11820618063211441 -0.5959336161613464 0.17609402537345886 -0.8372363448143005 -0.5177122950553894 -3.6135194301605225
-0.029749246314167976 -0.5302621722221375 0.8473115563392639 0.46555617451667786 -0.9839140772819519 -0.13384883105754852 -0.11831042915582657 -0.5959340929985046 0.17614728212356567 -0.8372014760971069 -0.5177505016326904 -3.6135778427124023
-0.029740072786808014 -0.5302435159683228 0.8473235368728638 0.4655604958534241 -0.983913779258728 -0.13385915756225586 -0.11830159276723862 -0.5959378480911255 0.17615073919296265 -0.8372116684913635 -0.5177328586578369 -3.613574266433716
-0.029722746461629868 -0.5302590131759644 0.8473144173622131 0.4655560255050659 -0.983930230140686 -0.13379016518592834 -0.11824259907007217 -0.5959106087684631 0.17606161534786224 -0.837212860584259 -0.51776123046875 -3.613589286804199
-0.029712378978729248 -0.5302228331565857 0.8473374247550964 0.4655548334121704 -0.9839347004890442 -0.13378077745437622 -0.11821592599153519 -0.5959150791168213 0.17603832483291626 -0.8372372984886169 -0.5177296996116638 -3.6135787963867188
-0.0298316553235054 -0.5302721261978149 0.8473024368286133 0.4655798673629761 -0.9839239120483398 -0.1337461620569229 -0.11834505200386047 -0.5959478616714478 0.17607860267162323 -0.8372116088867188 -0.5177574753761292 -3.6136295795440674
-0.029774757102131844 -0.5302941203117371 0.8472906947135925 0.4655458331108093 -0.9839276075363159 -0.13376328349113464 -0.11829493939876556 -0.595961332321167 0.1760675609111786 -0.8371949791908264 -0.5177881717681885 -3.6135990619659424
-0.029807498678565025 -0.530307948589325 0.8472808599472046 0.46552538871765137 -0.9839208126068115 -0.1337718665599823 -0.11834165453910828 -0.5959353446960449 0.17609994113445282 -0.8371847867965698 -0.517793595790863 -3.6136624813079834
-0.029810059815645218 -0.5302881002426147 0.8472931981086731 0.46550291776657104 -0.9839128255844116 -0.13381078839302063 -0.11836385726928711 -0.5959157347679138 0.17614398896694183 -0.8371911644935608 -0.5177683234214783 -3.6136763095855713
-0.029811641201376915 -0.5302934646606445 0.8472898006439209 0.46549680829048157 -0.9839096069335938 -0.133824422955513 -0.11837542802095413 -0.5959208011627197 0.17616185545921326 -0.8371856212615967 -0.5177712440490723 -3.6136786937713623
-0.029888387769460678 -0.530272901058197 0.8472999334335327 0.46556010842323303 -0.9839090704917908 -0.13377875089645386 -0.11843128502368927 -0.5959609150886536 0.17615170776844025 -0.8372058868408203 -0.517741858959198 -3.61364483833313
-0.02991015836596489 -0.5302938222885132 0.8472861051559448 0.4655671715736389 -0.9839091897010803 -0.13376101851463318 -0.11845070123672485 -0.595971405506134 0.17614759504795074 -0.8371955156326294 -0.5177600979804993 -3.6136484146118164
-0.029946647584438324 -0.5302789211273193 0.8472941517829895 0.4655442237854004 -0.9839065670967102 -0.1337512731552124 -0.11848340183496475 -0.5959675908088684 0.17615598440170288 -0.8372064828872681 -0.5177394151687622 -3.61362886428833
-0.029888847842812538 -0.5302913784980774 0.8472883701324463 0.4655134677886963 -0.9839184880256653 -0.13373112678527832 -0.11840686947107315 -0.5959137678146362 0.1760990470647812 -0.8372018337249756 -0.5177663564682007 -3.613603115081787
-0.029879171401262283 -0.5302914977073669 0.8472886085510254 0.46551063656806946 -0.983917772769928 -0.13374114036560059 -0.11840186268091202 -0.5959112644195557 0.17610493302345276 -0.8372001051902771 -0.517767071723938 -3.6136040687561035
-0.029878709465265274 -0.5302703380584717 0.8473019003868103 0.4654849171638489 -0.9839187860488892 -0.13373954594135284 -0.11839516460895538 -0.5959328413009644 0.17609930038452148 -0.8372138142585754 -0.5177469253540039 -3.613610029220581
-0.0299584548920393 -0.5302760004997253 0.8472955226898193 0.4654916822910309 -0.9839168787002563 -0.13369466364383698 -0.11846139281988144 -0.5959469079971313 0.17609620094299316 -0.837217390537262 -0.5177421569824219 -3.613640308380127
-0.02997409552335739 -0.5302590131759644 0.8473055958747864 0.4654995799064636 -0.9839248657226562 -0.13364873826503754 -0.11844701319932938 -0.5959371328353882 0.17604899406433105 -0.8372354507446289 -0.5177289843559265 -3.6136507987976074
-0.02996990829706192 -0.5302392244338989 0.8473181128501892 0.465495765209198 -0.9839224219322205 -0.13366594910621643 -0.11844796687364578 -0.5959402322769165 0.1760634183883667 -0.8372452259063721 -0.5177082419395447 -3.6136529445648193
-0.029988905414938927 -0.5302482843399048 0.847311794757843 0.4655008018016815 -0.9839258790016174 -0.13363558053970337 -0.11845345795154572 -0.5959541201591492 0.17604082822799683 -0.8372443914413452 -0.5177173614501953 -3.613586664199829
-0.029983794316649437 -0.5302320122718811 0.8473221659660339 0.46550220251083374 -0.983925998210907 -0.1336406171321869 -0.11844666302204132 -0.5959599018096924 0.17604094743728638 -0.8372538685798645 -0.5177019834518433 -3.6135849952697754
-0.0300811305642128 -0.5302609205245972 0.8473005890846252 0.4655202329158783 -0.9839169979095459 -0.13361458480358124 -0.11855065822601318 -0.5959559679031372 0.1760745793581009 -0.837239682674408 -0.5177134275436401 -3.6135551929473877
-0.03009522333741188 -0.5302358865737915 0.847315788269043 0.46552780270576477 -0.9839200973510742 -0.13359402120113373 -0.1185481920838356 -0.5959610342979431 0.176054909825325 -0.8372588157653809 -0.5176891684532166 -3.6135542392730713
-0.030121268704533577 -0.5302456617355347 0.8473087549209595 0.4655532240867615 -0.983921468257904 -0.13356898725032806 -0.11856533586978912 -0.5959503650665283 0.17604300379753113 -0.837256669998169 -0.517696738243103 -3.613497257232666
-0.03013513796031475 -0.5302489399909973 0.8473061919212341 0.46555817127227783 -0.9839255809783936 -0.13353969156742096 -0.11856413632631302 -0.5959575176239014 0.17601758241653442 -0.8372592329978943 -0.5177012085914612 -3.613480806350708
-0.030148981139063835 -0.530239462852478 0.8473116159439087 0.4655681550502777 -0.9839248061180115 -0.13353556394577026 -0.11857534945011139 -0.5959737300872803 0.17601963877677917 -0.8372659087181091 -0.5176897644996643 -3.613461971282959
-0.03012227453291416 -0.530231237411499 0.8473176956176758 0.4655660092830658 -0.9839209914207458 -0.1335725486278534 -0.11856519430875778 -0.5959921479225159 0.17604543268680573 -0.8372651934623718 -0.5176821351051331 -3.613445520401001
-0.030137011781334877 -0.5301788449287415 0.847350001335144 0.46554121375083923 -0.9839150309562683 -0.1335984766483307 -0.11858554929494858 -0.5959802269935608 0.17607629299163818 -0.8372942209243774 -0.5176246166229248 -3.6134915351867676
-0.030171679332852364 -0.5301795601844788 0.8473483324050903 0.4655335247516632 -0.9839075207710266 -0.133610799908638 -0.11863357573747635 -0.595981776714325 0.17611205577850342 -0.8372918367385864 -0.517616331577301 -3.6134278774261475
-0.03018275275826454 -0.5301533937454224 0.8473642468452454 0.4655349850654602 -0.9839065074920654 -0.13361214101314545 -0.11864089220762253 -0.5959877967834473 0.17611610889434814 -0.8373081684112549 -0.5175885558128357 -3.613415241241455
-0.03013436123728752 -0.530169665813446 0.847355842590332 0.46555033326148987 -0.9839119911193848 -0.13361580669879913 -0.11859094351530075 -0.5959550142288208 0.17609353363513947 -0.8372973203659058 -0.5176138281822205 -3.6134495735168457
-0.030138598755002022 -0.5301716923713684 0.8473544120788574 0.4655536413192749 -0.9839090704917908 -0.13362665474414825 -0.11860305070877075 -0.5959570407867432 0.1761091947555542 -0.8372942805290222 -0.5176133513450623 -3.6134438514709473
-0.03003677725791931 -0.5301304459571838 0.8473837971687317 0.46551239490509033 -0.9839221835136414 -0.13363781571388245 -0.11848166584968567 -0.5959163308143616 0.17605334520339966 -0.8373185992240906 -0.5175930261611938 -3.6134002208709717
-0.030034983530640602 -0.5301037430763245 0.8474006056785583 0.46552062034606934 -0.9839309453964233 -0.13360103964805603 -0.11845031380653381 -0.5959002375602722 0.17600461840629578 -0.8373414278030396 -0.5175727009773254 -3.6133873462677
-0.030070746317505836 -0.5301023721694946 0.8474001884460449 0.4655604958534241 -0.9839206337928772 -0.13362650573253632 -0.1185072511434555 -0.5959333777427673 0.1760561764240265 -0.8373382091522217 -0.5175604224205017 -3.613398313522339
-0.030111735686659813 -0.5301175713539124 0.8473892211914062 0.465565949678421 -0.9839197993278503 -0.13360096514225006 -0.11854277551174164 -0.5959304571151733 0.1760537028312683 -0.8373326659202576 -0.5175701975822449 -3.6133780479431152
-0.030110519379377365 -0.5301182866096497 0.8473888039588928 0.465574711561203 -0.983918309211731 -0.13360895216464996 -0.11854646354913712 -0.5959288477897644 0.1760624498128891 -0.8373309373855591 -0.5175699591636658 -3.613368511199951
-0.03015553019940853 -0.5301361680030823 0.8473760485649109 0.46556124091148376 -0.9839082360267639 -0.13362428545951843 -0.11861258000135422 -0.5959565043449402 0.17611092329025269 -0.837317168712616 -0.5175758004188538 -3.613443374633789
-0.030155403539538383 -0.5301102995872498 0.847392201423645 0.4655705690383911 -0.9839068651199341 -0.13363464176654816 -0.11861251294612885 -0.5959550738334656 0.17611874639987946 -0.8373318910598755 -0.5175492763519287 -3.6134347915649414
-0.03004283457994461 -0.5301494598388672 0.8473716974258423 0.46554338932037354 -0.9839192628860474 -0.13364502787590027 -0.11849778890609741 -0.595892071723938 0.17606863379478455 -0.8373054265975952 -0.5176091194152832 -3.6134421825408936
-0.03005320206284523 -0.5301436185836792 0.8473749756813049 0.46554863452911377 -0.9839202165603638 -0.13363447785377502 -0.11850187927484512 -0.59589022397995 0.17606161534786224 -0.837310791015625 -0.5176028609275818 -3.6134376525878906
-0.03004048950970173 -0.5301397442817688 0.8473778963088989 0.4655441641807556 -0.9839224815368652 -0.1336326152086258 -0.11848501861095428 -0.5958945155143738 0.17605102062225342 -0.8373135924339294 -0.5176019668579102 -3.613431215286255
-0.03007080964744091 -0.5301265120506287 0.8473851084709167 0.4655449390411377 -0.9839252829551697 -0.13360100984573364 -0.11849745362997055 -0.5958922505378723 0.1760302186012268 -0.8373270034790039 -0.5175873041152954 -3.6134231090545654
-0.03006579913198948 -0.530177652835846 0.8473532795906067 0.4655429422855377 -0.9839080572128296 -0.13367916643619537 -0.11855243891477585 -0.5959179997444153 0.17612741887569427 -0.837282121181488 -0.5176268219947815 -3.613475799560547
-0.030044667422771454 -0.5301820635795593 0.8473512530326843 0.46552300453186035 -0.9839091300964355 -0.1336875557899475 -0.11853417009115219 -0.5959386229515076 0.17612507939338684 -0.8372780084609985 -0.5176343321800232 -3.6134729385375977
-0.03006378374993801 -0.5301380157470703 0.847378134727478 0.46551188826560974 -0.9839046597480774 -0.1337021291255951 -0.11855462193489075 -0.5959281921386719 0.17614665627479553 -0.8373035788536072 -0.5175856351852417 -3.6134939193725586
-0.03010270558297634 -0.5301522612571716 0.8473678231239319 0.4655405879020691 -0.9839019179344177 -0.1336873471736908 -0.11859415471553802 -0.5959447026252747 0.17615538835525513 -0.8372969031333923 -0.5175934433937073 -3.6134679317474365
-0.03011086769402027 -0.5301364660263062 0.8473774194717407 0.4655478000640869 -0.9839041233062744 -0.13367362320423126 -0.1185912936925888 -0.5959482789039612 0.1761416643857956 -0.8373091220855713 -0.5175783634185791 -3.613463878631592
-0.03005904331803322 -0.5301271080970764 0.8473851084709167 0.4655606150627136 -0.9839022755622864 -0.13371820747852325 -0.11855639517307281 -0.5959292650222778 0.17616085708141327 -0.837307870388031 -0.5175737738609314 -3.6134700775146484
-0.030074594542384148 -0.5301220417022705 0.8473877310752869 0.46556687355041504 -0.9839016795158386 -0.13371124863624573 -0.11856891214847565 -0.5959268808364868 0.17616134881973267 -0.8373122215270996 -0.5175666213035583 -3.6134660243988037
-0.030101291835308075 -0.5301189422607422 0.847388744354248 0.465542197227478 -0.983895480632782 -0.1337234079837799 -0.11860666424036026 -0.5959326028823853 0.17619141936302185 -0.8373122215270996 -0.517556369304657 -3.6134605407714844
-0.03006097674369812 -0.5301221013069153 0.8473882079124451 0.46553537249565125 -0.9839024543762207 -0.13371671736240387 -0.11855649203062057 -0.5959376096725464 0.17615945637226105 -0.837311327457428 -0.5175687670707703 -3.613457202911377
-0.030148064717650414 -0.5301241278648376 0.8473838567733765 0.46552807092666626 -0.98387211561203 -0.133802592754364 -0.11871118098497391 -0.595936119556427 0.17631389200687408 -0.8372963070869446 -0.5175403952598572 -3.613562822341919
-0.030165040865540504 -0.5300804972648621 0.8474105000495911 0.465535968542099 -0.9838725328445435 -0.1337953507900238 -0.11871575564146042 -0.5959271192550659 0.17630857229232788 -0.8373250961303711 -0.5174956917762756 -3.6135427951812744
-0.03014194406569004 -0.5301104187965393 0.8473926186561584 0.465524822473526 -0.9838623404502869 -0.1338549256324768 -0.11873307079076767 -0.5959134101867676 0.17636938393115997 -0.8372966051101685 -0.5175210237503052 -3.613553762435913
-0.030125373974442482 -0.5301448106765747 0.8473716974258423 0.46547824144363403 -0.9838624596595764 -0.13386069238185883 -0.11872579902410507 -0.5959191918373108 0.1763717085123062 -0.8372739553451538 -0.51755690574646 -3.61358904838562
-0.030188120901584625 -0.5301191806793213 0.8473855257034302 0.4654991030693054 -0.9838453531265259 -0.13390375673770905 -0.11881900578737259 -0.5959576964378357 0.17645640671253204 -0.8372833132743835 -0.5175129175186157 -3.613579034805298
-0.030204972252249718 -0.5301480889320374 0.8473668098449707 0.4654855728149414 -0.983849048614502 -0.13387079536914825 -0.1188252717256546 -0.5959134101867676 0.1764327436685562 -0.8372702598571777 -0.5175421237945557 -3.6134908199310303
-0.030183659866452217 -0.5301902294158936 0.8473411798477173 0.4654909670352936 -0.9838482737541199 -0.13388286530971527 -0.11881829798221588 -0.5959255695343018 0.17644083499908447 -0.8372416496276855 -0.5175856351852417 -3.613539218902588
-0.030039489269256592 -0.5302311182022095 0.8473207354545593 0.4655275046825409 -0.9838552474975586 -0.13393987715244293 -0.11869616061449051 -0.5958946943283081 0.17642651498317719 -0.8372066020965576 -0.5176471471786499 -3.6135470867156982
-0.029992179945111275 -0.5302581787109375 0.8473054766654968 0.46555355191230774 -0.9838500022888184 -0.1339925080537796 -0.11868039518594742 -0.595875084400177 0.17646391689777374 -0.837181031703949 -0.5176757574081421 -3.613555669784546
-0.029949495568871498 -0.5302421450614929 0.8473169803619385 0.4655398428440094 -0.9838548898696899 -0.13399991393089294 -0.11863148212432861 -0.5958752036094666 0.1764439046382904 -0.8371899724006653 -0.5176680684089661 -3.61356258392334
-0.02998529188334942 -0.5302630066871643 0.8473027348518372 0.46555691957473755 -0.9838657975196838 -0.13392135500907898 -0.1186295673251152 -0.5959017872810364 0.17637687921524048 -0.8371893763542175 -0.5176919102668762 -3.613525152206421
-0.029983775690197945 -0.5302628874778748 0.8473027944564819 0.4655645489692688 -0.9838680624961853 -0.1339116394519806 -0.11862177401781082 -0.5958994626998901 0.17636451125144958 -0.8371909856796265 -0.5176935195922852 -3.6135213375091553
-0.03006146475672722 -0.5302577614784241 0.8473032712936401 0.46556901931762695 -0.9838688969612122 -0.1338566541671753 -0.11867672950029373 -0.5959180593490601 0.1763465255498886 -0.8372030258178711 -0.5176801681518555 -3.613497495651245
-0.030061496421694756 -0.5302634239196777 0.8472997546195984 0.46555978059768677 -0.983869731426239 -0.133852019906044 -0.11867528408765793 -0.5959346294403076 0.17634201049804688 -0.8372002243995667 -0.5176863074302673 -3.6134939193725586
-0.030054278671741486 -0.5302770137786865 0.8472914695739746 0.46552953124046326 -0.9838840961456299 -0.13378657400608063 -0.11862976849079132 -0.5958979725837708 0.17626294493675232 -0.8372020125389099 -0.517710268497467 -3.613527774810791
-0.03001721017062664 -0.5302780866622925 0.8472921252250671 0.46551233530044556 -0.9838847517967224 -0.1338079869747162 -0.11860021948814392 -0.595931351184845 0.1762656271457672 -0.8371979594230652 -0.5177159309387207 -3.613546133041382
-0.030015448108315468 -0.530271053314209 0.8472965955734253 0.4655161499977112 -0.9838831424713135 -0.13381776213645935 -0.11860249191522598 -0.5959487557411194 0.1762748807668686 -0.8372008800506592 -0.5177080631256104 -3.6135337352752686
-0.02996058389544487 -0.5302289128303528 0.8473249077796936 0.46550896763801575 -0.9838907718658447 -0.13382385671138763 -0.11853225529193878 -0.5959247350692749 0.17624160647392273 -0.8372265696525574 -0.5176778435707092 -3.613483428955078
-0.029958851635456085 -0.5302245616912842 0.847327709197998 0.4655080735683441 -0.9838913679122925 -0.13382300734519958 -0.11852865666151047 -0.5959308743476868 0.17623883485794067 -0.8372294306755066 -0.5176741480827332 -3.6134798526763916
-0.029947536066174507 -0.5302133560180664 0.8473351001739502 0.4655258357524872 -0.9839131236076355 -0.13372866809368134 -0.11845444142818451 -0.5959115028381348 0.17611919343471527 -0.837251603603363 -0.51767897605896 -3.6134188175201416
-0.029942678287625313 -0.5302152633666992 0.847334086894989 0.46553078293800354 -0.9839161038398743 -0.13371753692626953 -0.11844238638877869 -0.595913827419281 0.17610347270965576 -0.8372521996498108 -0.5176833868026733 -3.6134095191955566
-0.02992907539010048 -0.5302209258079529 0.8473310470581055 0.465532124042511 -0.9839264154434204 -0.13367651402950287 -0.11840260028839111 -0.5959039330482483 0.17604786157608032 -0.8372551798820496 -0.5176975131034851 -3.6134138107299805
-0.029942719265818596 -0.5302360653877258 0.847321093082428 0.4655379056930542 -0.9839237332344055 -0.13367819786071777 -0.11842318624258041 -0.5959034562110901 0.17606066167354584 -0.8372452855110168 -0.5177091360092163 -3.61340594291687
-0.029903851449489594 -0.530238687992096 0.8473207950592041 0.46554845571517944 -0.9839344024658203 -0.13365291059017181 -0.11836305260658264 -0.595889687538147 0.17600762844085693 -0.8372476696968079 -0.5177232623100281 -3.613412618637085
-0.02987581491470337 -0.5302571654319763 0.8473102450370789 0.46553805470466614 -0.983932614326477 -0.13367745280265808 -0.11835019290447235 -0.5959038138389587 0.17602238059043884 -0.8372320532798767 -0.5177435278892517 -3.6134068965911865
-0.029878756031394005 -0.5302835702896118 0.8472936153411865 0.465537965297699 -0.983938992023468 -0.13364143669605255 -0.11833778023719788 -0.5959347486495972 0.17598620057106018 -0.837221086025238 -0.5177735686302185 -3.6134085655212402
-0.029821116477251053 -0.5302777290344238 0.8472992777824402 0.4655504524707794 -0.9839374423027039 -0.13368812203407288 -0.11829828470945358 -0.5959264039993286 0.17600487172603607 -0.8372173309326172 -0.5177732706069946 -3.6134121417999268
-0.029835907742381096 -0.5302605628967285 0.8473095297813416 0.46552786231040955 -0.9839377403259277 -0.1336791217327118 -0.11830571293830872 -0.5959055423736572 0.17600052058696747 -0.8372296094894409 -0.5177549123764038 -3.613438367843628
-0.029810095205903053 -0.5302997827529907 0.8472858667373657 0.4655178487300873 -0.9839352369308472 -0.13370276987552643 -0.1182999461889267 -0.595893144607544 0.17601898312568665 -0.8372009992599487 -0.5177949070930481 -3.613457679748535
-0.02980923093855381 -0.5303114056587219 0.8472786545753479 0.46551793813705444 -0.9839363694190979 -0.13369639217853546 -0.11829781532287598 -0.595889687538147 0.17601284384727478 -0.8371946811676025 -0.5178071856498718 -3.613455057144165
-0.02975526452064514 -0.530301570892334 0.8472867012023926 0.4655053913593292 -0.9839356541633606 -0.13373681902885437 -0.11825776100158691 -0.595882773399353 0.17602577805519104 -0.8371944427490234 -0.5178031921386719 -3.6134440898895264
-0.029743755236268044 -0.5303112268447876 0.8472810387611389 0.4655025005340576 -0.9839334487915039 -0.13375376164913177 -0.11825723946094513 -0.5958800911903381 0.17604024708271027 -0.8371856212615967 -0.5178125500679016 -3.613434076309204
-0.0297110453248024 -0.5303092002868652 0.8472834825515747 0.46552202105522156 -0.9839462637901306 -0.13371464610099792 -0.11819455027580261 -0.5958778858184814 0.17597393691539764 -0.8371931910514832 -0.5178228616714478 -3.6133782863616943
-0.029718762263655663 -0.5303104519844055 0.8472824096679688 0.4655205309391022 -0.983944833278656 -0.1337161511182785 -0.1182047575712204 -0.5958712100982666 0.17598064243793488 -0.8371921181678772 -0.5178223252296448 -3.6133646965026855
-0.02966076321899891 -0.5302949547767639 0.8472940921783447 0.46550700068473816 -0.9839440584182739 -0.13376040756702423 -0.11816100031137466 -0.5958743691444397 0.1759946644306183 -0.8371948599815369 -0.5178131461143494 -3.613344192504883
-0.029678955674171448 -0.530307412147522 0.8472856879234314 0.46549415588378906 -0.9839391112327576 -0.13377031683921814 -0.11819127947092056 -0.5958277583122253 0.17601945996284485 -0.8371853828430176 -0.5178199410438538 -3.6133556365966797
-0.029787475243210793 -0.5303490161895752 0.8472558856010437 0.4654909670352936 -0.9839248061180115 -0.13376039266586304 -0.11832132935523987 -0.5958865284919739 0.17608095705509186 -0.8371606469154358 -0.5178391337394714 -3.6133997440338135
-0.029748259112238884 -0.5303615927696228 0.8472493886947632 0.4654873013496399 -0.9839277863502502 -0.13377054035663605 -0.11828514188528061 -0.5958835482597351 0.17607097327709198 -0.837151050567627 -0.5178580284118652 -3.613393545150757
-0.02973283641040325 -0.5303397178649902 0.8472635746002197 0.4654882252216339 -0.9839359521865845 -0.13374516367912292 -0.1182461827993393 -0.5958511829376221 0.17602813243865967 -0.8371689319610596 -0.5178436040878296 -3.6134531497955322
-0.029733998700976372 -0.5303090810775757 0.8472827076911926 0.46547144651412964 -0.9839386940002441 -0.13373537361621857 -0.11823400855064392 -0.5958609580993652 0.176012322306633 -0.8371899127960205 -0.517815113067627 -3.6134543418884277
-0.029739130288362503 -0.5302713513374329 0.8473061323165894 0.4654894471168518 -0.9839362502098083 -0.13374899327754974 -0.11823917925357819 -0.5959012508392334 0.17602527141571045 -0.8372116088867188 -0.5177755951881409 -3.6134772300720215
-0.029772315174341202 -0.5302839875221252 0.8472970724105835 0.46547290682792664 -0.9839281439781189 -0.1337636262178421 -0.11828984320163727 -0.5959033370018005 0.17606481909751892 -0.8372012972831726 -0.5177788734436035 -3.6134941577911377
