# 3x4 first row second row third row Freq: 100 current Time: 2021-04-07-14:40:25
-0.1803777515888214 -0.8870609998703003 0.42495468258857727 0.42637860774993896 -0.7844074368476868 -0.13093431293964386 -0.6062681078910828 -0.5496294498443604 0.5934380292892456 -0.4426949620246887 -0.672199547290802 -3.5329971313476562
-0.18042612075805664 -0.8870838284492493 0.42488643527030945 0.42639243602752686 -0.7843950390815735 -0.13085944950580597 -0.6063003540039062 -0.5496373772621155 0.5934396982192993 -0.4426712989807129 -0.6722136735916138 -3.532975196838379
-0.18045274913311005 -0.8870760202407837 0.42489150166511536 0.4263938367366791 -0.7843994498252869 -0.130839005112648 -0.6062990427017212 -0.5496428608894348 0.5934257507324219 -0.4426930546760559 -0.6722116470336914 -3.532971143722534
-0.18043455481529236 -0.8871110081672668 0.42482611536979675 0.426384299993515 -0.7843618988990784 -0.13083641231060028 -0.6063481569290161 -0.5496823191642761 0.5934809446334839 -0.44262367486953735 -0.6722086071968079 -3.532996892929077
-0.1804390549659729 -0.8871099948883057 0.4248262941837311 0.4263819456100464 -0.7843558192253113 -0.1308375895023346 -0.6063557863235474 -0.5496894121170044 0.5934876203536987 -0.4426253139972687 -0.6722016334533691 -3.5329928398132324
-0.18043750524520874 -0.8871092796325684 0.42482852935791016 0.4263900816440582 -0.7844192981719971 -0.13079294562339783 -0.6062832474708557 -0.5496616959571838 0.5934041738510132 -0.4426400065422058 -0.6722656488418579 -3.53298020362854
-0.18044547736644745 -0.8871069550514221 0.4248299300670624 0.42638570070266724 -0.7844172716140747 -0.13078926503658295 -0.6062867045402527 -0.5496661067008972 0.5934044122695923 -0.44264569878578186 -0.672261655330658 -3.5329694747924805
-0.18048889935016632 -0.8871088027954102 0.42480766773223877 0.42639657855033875 -0.784389078617096 -0.13076145946979523 -0.6063291430473328 -0.5496724247932434 0.5934284925460815 -0.4426502585411072 -0.6722373962402344 -3.532979726791382
-0.18048527836799622 -0.8871023654937744 0.4248226583003998 0.4263969361782074 -0.7844149470329285 -0.130755215883255 -0.6062970757484436 -0.5496760010719299 0.5933954119682312 -0.4426650106906891 -0.6722568869590759 -3.532975912094116
-0.18055804073810577 -0.8870933055877686 0.42481061816215515 0.4263833463191986 -0.7843697667121887 -0.13072434067726135 -0.6063621640205383 -0.5496694445610046 0.5934329628944397 -0.44269225001335144 -0.6722058057785034 -3.532994031906128
-0.18056632578372955 -0.8870822191238403 0.4248303472995758 0.42638450860977173 -0.7843657732009888 -0.13073435425758362 -0.6063651442527771 -0.5496726632118225 0.5934357047080994 -0.44271159172058105 -0.6721906661987305 -3.5329930782318115
-0.18062670528888702 -0.8871073126792908 0.42475223541259766 0.42642977833747864 -0.7843123078346252 -0.13067413866519928 -0.6064472794532776 -0.5496262311935425 0.5934880375862122 -0.4426790773868561 -0.6721658706665039 -3.5330262184143066
-0.18062272667884827 -0.8871012926101685 0.4247664511203766 0.42644229531288147 -0.78432697057724 -0.13067597150802612 -0.6064279079437256 -0.5496249198913574 0.5934697985649109 -0.44269055128097534 -0.6721743941307068 -3.5330348014831543
-0.18062275648117065 -0.8870964050292969 0.4247766435146332 0.4264490008354187 -0.7843020558357239 -0.13070152699947357 -0.6064546704292297 -0.5496715307235718 0.5935027599334717 -0.4426927864551544 -0.672143816947937 -3.5330488681793213
-0.18055719137191772 -0.887096643447876 0.42480409145355225 0.4264392852783203 -0.7843362092971802 -0.1307455599308014 -0.6064009666442871 -0.549658477306366 0.5934776067733765 -0.44267937541007996 -0.672174870967865 -3.533020496368408
-0.18056920170783997 -0.8870927095413208 0.42480719089508057 0.4264158308506012 -0.7843429446220398 -0.13073335587978363 -0.60639488697052 -0.5496742725372314 0.5934650301933289 -0.4426908493041992 -0.6721784472465515 -3.533043146133423
-0.18054693937301636 -0.8870929479598999 0.4248160719871521 0.42641589045524597 -0.7843505144119263 -0.13075101375579834 -0.6063812971115112 -0.5496798753738403 0.593461811542511 -0.442685067653656 -0.6721850633621216 -3.533048152923584
-0.18048876523971558 -0.8871210217475891 0.4247821569442749 0.42639416456222534 -0.784335196018219 -0.1307843178510666 -0.6063939332962036 -0.549667477607727 0.5934997797012329 -0.4426189661026001 -0.6721950769424438 -3.533076286315918
-0.18048781156539917 -0.8870918154716492 0.42484354972839355 0.4263502359390259 -0.7843199968338013 -0.13083834946155548 -0.6064019203186035 -0.5496272444725037 0.5935201048851013 -0.4426615238189697 -0.6721490621566772 -3.533107042312622
-0.18047548830509186 -0.887095034122467 0.42484211921691895 0.4263398349285126 -0.7843114137649536 -0.1308533102273941 -0.6064098477363586 -0.5496224761009216 0.5935352444648743 -0.442650705575943 -0.6721428632736206 -3.5331172943115234
-0.18048401176929474 -0.8871122598648071 0.4248024523258209 0.42634573578834534 -0.7842682003974915 -0.13085180521011353 -0.6064659953117371 -0.5495991706848145 0.5935896635055542 -0.4426165521144867 -0.672117292881012 -3.533165216445923
-0.18046967685222626 -0.8871196508407593 0.42479318380355835 0.4263419210910797 -0.7842881083488464 -0.1308417171239853 -0.6064424514770508 -0.549592912197113 0.5935677289962769 -0.44260478019714355 -0.6721444129943848 -3.533177614212036
-0.180453822016716 -0.8871451616287231 0.42474666237831116 0.42633292078971863 -0.7842879295349121 -0.1308223307132721 -0.6064468622207642 -0.5496096611022949 0.5935727953910828 -0.4425593912601471 -0.6721698045730591 -3.5331459045410156
-0.1804657280445099 -0.8871387243270874 0.4247549772262573 0.4263298511505127 -0.7842954397201538 -0.13081319630146027 -0.6064391136169434 -0.5496100187301636 0.5935592651367188 -0.44257494807243347 -0.6721715331077576 -3.533161163330078
-0.1804928332567215 -0.8871090412139893 0.4248054623603821 0.4263524115085602 -0.7842965722084045 -0.13082587718963623 -0.6064349412918091 -0.549622654914856 0.5935495495796204 -0.44263070821762085 -0.6721433997154236 -3.533212184906006
-0.18049700558185577 -0.8871132135391235 0.4247950613498688 0.42635172605514526 -0.7843030691146851 -0.1308106929063797 -0.6064297556877136 -0.5496267080307007 0.5935396552085876 -0.4426269233226776 -0.6721546053886414 -3.533233880996704
-0.1805340200662613 -0.8871394395828247 0.4247244894504547 0.42636871337890625 -0.7843212485313416 -0.13072025775909424 -0.6064257621765137 -0.5496313571929932 0.5935044288635254 -0.4426009953022003 -0.6722028255462646 -3.533167839050293
-0.18053723871707916 -0.8871368765830994 0.4247284233570099 0.42636895179748535 -0.7843221426010132 -0.13071981072425842 -0.6064247488975525 -0.5496339797973633 0.5935022830963135 -0.44260624051094055 -0.6722012758255005 -3.533179759979248
-0.18051815032958984 -0.8871166706085205 0.42477884888648987 0.426347941160202 -0.7843573093414307 -0.13074278831481934 -0.6063742637634277 -0.5496461391448975 0.5934615135192871 -0.4426400363445282 -0.672214925289154 -3.533189535140991
-0.18051834404468536 -0.8871184587478638 0.4247749447822571 0.4263440668582916 -0.7843477725982666 -0.13074707984924316 -0.6063857078552246 -0.5496477484703064 0.5934740900993347 -0.44263508915901184 -0.6722071170806885 -3.5331966876983643
-0.18050597608089447 -0.8871022462844849 0.4248141348361969 0.4263620376586914 -0.7843939661979675 -0.13074898719787598 -0.6063255071640015 -0.5496735572814941 0.5934168100357056 -0.4426670968532562 -0.6722366213798523 -3.533158779144287
-0.18050959706306458 -0.8871095776557922 0.42479726672172546 0.4263594150543213 -0.7843884825706482 -0.1307387799024582 -0.6063348054885864 -0.5496761798858643 0.5934230089187622 -0.44265541434288025 -0.6722388863563538 -3.533156633377075
-0.18047848343849182 -0.8871111869812012 0.42480704188346863 0.42636722326278687 -0.7844306230545044 -0.13073807954788208 -0.6062803864479065 -0.5496326088905334 0.5933766961097717 -0.44265231490135193 -0.6722817420959473 -3.533033847808838
-0.18044088780879974 -0.8871233463287354 0.4247976243495941 0.4263538420200348 -0.7843831181526184 -0.13079619407653809 -0.6063293814659119 -0.5496710538864136 0.5934509038925171 -0.44261080026626587 -0.672243595123291 -3.53320050239563
-0.18043172359466553 -0.8871240615844727 0.4248001277446747 0.42634397745132446 -0.7844053506851196 -0.1307884156703949 -0.6063023209571838 -0.5496728420257568 0.593424379825592 -0.4426117241382599 -0.67226642370224 -3.5331978797912598
-0.18043118715286255 -0.8871204257011414 0.42480793595314026 0.4263072907924652 -0.7844027876853943 -0.13079608976840973 -0.6063039302825928 -0.5496705770492554 0.5934278964996338 -0.442616730928421 -0.6722599864006042 -3.5332024097442627
-0.18044346570968628 -0.887097179889679 0.4248512089252472 0.4263215959072113 -0.7844335436820984 -0.1307932287454605 -0.6062648296356201 -0.5496308207511902 0.5933835506439209 -0.44266414642333984 -0.6722679138183594 -3.533198595046997
-0.1805238127708435 -0.8870541453361511 0.4249069094657898 0.42635074257850647 -0.7844452261924744 -0.13076035678386688 -0.6062567830085754 -0.5496386885643005 0.5933436751365662 -0.44276005029678345 -0.6722399592399597 -3.53322172164917
-0.18053723871707916 -0.8870553970336914 0.42489859461784363 0.4263448119163513 -0.7844353914260864 -0.1307516098022461 -0.6062713861465454 -0.5496368408203125 0.5933525562286377 -0.4427601099014282 -0.6722320318222046 -3.5332133769989014
-0.1805126667022705 -0.887049674987793 0.4249209761619568 0.42637187242507935 -0.7844699621200562 -0.1307601034641266 -0.606224775314331 -0.5496442914009094 0.5933142900466919 -0.4427690804004669 -0.6722599864006042 -3.533125638961792
-0.18050839006900787 -0.8870569467544556 0.4249076843261719 0.42636531591415405 -0.7844724655151367 -0.13075248897075653 -0.6062231659889221 -0.5496382117271423 0.5933122634887695 -0.4427568316459656 -0.6722697615623474 -3.533111095428467
-0.1805044412612915 -0.8870633244514465 0.4248960018157959 0.4263622760772705 -0.7844807505607605 -0.13074137270450592 -0.6062148809432983 -0.5496068596839905 0.5933025479316711 -0.4427472949028015 -0.6722846627235413 -3.5330302715301514
-0.18048150837421417 -0.8870620131492615 0.42490845918655396 0.4263574182987213 -0.7844944000244141 -0.13075748085975647 -0.6061937212944031 -0.5496019124984741 0.5932914614677429 -0.4427451491355896 -0.672295868396759 -3.533012628555298
-0.18047714233398438 -0.8870708346366882 0.4248918890953064 0.42639464139938354 -0.7844751477241516 -0.13076388835906982 -0.6062172651290894 -0.5496443510055542 0.5933182239532471 -0.4427255690097809 -0.6722851395606995 -3.5330193042755127
-0.18047508597373962 -0.8870746493339539 0.4248847961425781 0.4263954162597656 -0.7844594717025757 -0.13077236711978912 -0.6062357425689697 -0.5496442914009094 0.5933396816253662 -0.44271543622016907 -0.6722729206085205 -3.533000946044922
-0.18048478662967682 -0.8870832324028015 0.42486274242401123 0.4264090955257416 -0.7844496965408325 -0.13075704872608185 -0.6062516570091248 -0.5496373176574707 0.5933495759963989 -0.4427027404308319 -0.6722725033760071 -3.533003568649292
-0.18048173189163208 -0.8870872855186462 0.42485564947128296 0.4264102578163147 -0.7844566106796265 -0.1307494193315506 -0.6062443852424622 -0.5496378540992737 0.5933414101600647 -0.4426969289779663 -0.6722835302352905 -3.532989025115967
-0.18052136898040771 -0.8870729207992554 0.42486873269081116 0.42641106247901917 -0.7844414114952087 -0.1307390183210373 -0.6062663197517395 -0.5496060252189636 0.5933493971824646 -0.442728728055954 -0.6722555160522461 -3.533034086227417
-0.18052254617214203 -0.88707035779953 0.4248737096786499 0.42641058564186096 -0.7844226360321045 -0.1307554841041565 -0.6062870025634766 -0.5496046543121338 0.5933738350868225 -0.442729115486145 -0.6722337007522583 -3.533024787902832
-0.1805211454629898 -0.8870827555656433 0.424848347902298 0.42640960216522217 -0.7844148874282837 -0.1307450383901596 -0.6062993407249451 -0.5496094822883606 0.5933845639228821 -0.4427073001861572 -0.6722385883331299 -3.533008098602295
-0.1805310696363449 -0.8870741128921509 0.42486220598220825 0.4264070987701416 -0.7844244837760925 -0.13073967397212982 -0.6062880754470825 -0.5496084094047546 0.5933688879013062 -0.4427262246608734 -0.6722400188446045 -3.5329947471618652
-0.18057043850421906 -0.8870869874954224 0.42481860518455505 0.42640310525894165 -0.7843707799911499 -0.13071942329406738 -0.6063618659973145 -0.5496287941932678 0.593427836894989 -0.4427064061164856 -0.6722010374069214 -3.532958745956421
-0.18056106567382812 -0.8870887756347656 0.42481884360313416 0.4264051914215088 -0.7843966484069824 -0.1307075470685959 -0.6063309907913208 -0.5496311783790588 0.5933965444564819 -0.44270631670951843 -0.6722286939620972 -3.532947301864624
-0.1805039942264557 -0.8870904445648193 0.424839586019516 0.4264056980609894 -0.7844050526618958 -0.13075965642929077 -0.6063088774681091 -0.549645721912384 0.5934028029441833 -0.4426875710487366 -0.6722355484962463 -3.532956123352051
-0.1804717481136322 -0.8870911002159119 0.4248518645763397 0.42640578746795654 -0.7844207882881165 -0.13078129291534424 -0.6062838435173035 -0.5496620535850525 0.5933917760848999 -0.44267982244491577 -0.6722503304481506 -3.5329811573028564
-0.18052536249160767 -0.8870673179626465 0.4248787462711334 0.42640841007232666 -0.7844160199165344 -0.13076169788837433 -0.6062942743301392 -0.5496256351470947 0.5933817625045776 -0.4427332580089569 -0.6722239851951599 -3.533008337020874
-0.18053600192070007 -0.8870636820793152 0.4248819053173065 0.426424115896225 -0.7844211459159851 -0.1307518184185028 -0.606289803981781 -0.5496237874031067 0.5933718085289001 -0.44274356961250305 -0.6722260117530823 -3.5330307483673096
-0.18052901327610016 -0.8870642185211182 0.4248836636543274 0.4264068305492401 -0.7844504117965698 -0.1307365596294403 -0.6062551140785217 -0.5496177077293396 0.5933351516723633 -0.4427469074726105 -0.6722561717033386 -3.5329926013946533
-0.1805603951215744 -0.8870519995689392 0.4248959422111511 0.4264373779296875 -0.7844629883766174 -0.13071127235889435 -0.6062443852424622 -0.5496000051498413 0.5933090448379517 -0.44277894496917725 -0.6722581386566162 -3.532985210418701
-0.1805415004491806 -0.8870658278465271 0.42487508058547974 0.4264315366744995 -0.7844364047050476 -0.1307315081357956 -0.606274425983429 -0.5495986342430115 0.5933499336242676 -0.44274523854255676 -0.6722441911697388 -3.533053398132324
-0.18053904175758362 -0.8870571255683899 0.424894243478775 0.42642155289649963 -0.7844336032867432 -0.13074858486652374 -0.6062743663787842 -0.5496204495429993 0.5933544039726257 -0.44275757670402527 -0.6722321510314941 -3.5330820083618164
-0.1805305927991867 -0.8870425224304199 0.42492833733558655 0.42641595005989075 -0.7844251394271851 -0.1307847499847412 -0.6062774658203125 -0.5496209859848022 0.5933681130409241 -0.4427761733531952 -0.672207772731781 -3.533097982406616
-0.18052053451538086 -0.887031078338623 0.4249565601348877 0.42643609642982483 -0.7844392657279968 -0.13080129027366638 -0.6062556505203247 -0.5496138334274292 0.5933525562286377 -0.4427942633628845 -0.672209620475769 -3.5331015586853027
-0.18055211007595062 -0.8870709538459778 0.42485979199409485 0.4264310896396637 -0.7844026684761047 -0.13073797523975372 -0.6063166260719299 -0.5495864748954773 0.5933912396430969 -0.4427329897880554 -0.6722158193588257 -3.5331859588623047
-0.18052968382835388 -0.8870540261268616 0.4249047636985779 0.42641374468803406 -0.784420371055603 -0.1307728886604309 -0.6062862277030945 -0.5495966076850891 0.5933747291564941 -0.44275668263435364 -0.6722148060798645 -3.533144950866699
-0.18054966628551483 -0.887040376663208 0.42492467164993286 0.426414430141449 -0.7844170331954956 -0.13077351450920105 -0.6062904000282288 -0.5495997071266174 0.5933730602264404 -0.44278374314308167 -0.6721984148025513 -3.5331532955169678
-0.18052522838115692 -0.887033998966217 0.4249483644962311 0.42639151215553284 -0.7843918204307556 -0.13082745671272278 -0.6063113808631897 -0.5496241450309753 0.5934138298034668 -0.44278061389923096 -0.6721644997596741 -3.5331954956054688
-0.18053114414215088 -0.8870455622673035 0.42492175102233887 0.4264054596424103 -0.7844002842903137 -0.13079833984375 -0.6063067317008972 -0.5496144890785217 0.5934008359909058 -0.44276607036590576 -0.6721855998039246 -3.5332093238830566
-0.18053211271762848 -0.8870421648025513 0.4249284267425537 0.4264039099216461 -0.7843858003616333 -0.13081295788288116 -0.6063222885131836 -0.5496050119400024 0.59341961145401 -0.44276854395866394 -0.6721673011779785 -3.5332014560699463
-0.1805603951215744 -0.8870369791984558 0.424927294254303 0.4264107942581177 -0.7843740582466125 -0.1307990550994873 -0.6063404679298401 -0.5496047139167786 0.5934265851974487 -0.4427831172943115 -0.6721516251564026 -3.5332140922546387
-0.1805831789970398 -0.8869885206222534 0.4250187277793884 0.42639100551605225 -0.7844301462173462 -0.13080208003520966 -0.6062672734260559 -0.5495374798774719 0.5933455228805542 -0.44287925958633423 -0.6721597909927368 -3.5331668853759766
-0.1806277632713318 -0.8869348168373108 0.42511186003685 0.4263859689235687 -0.7844441533088684 -0.13082076609134674 -0.6062451601028442 -0.549537181854248 0.593313455581665 -0.4429813027381897 -0.6721208691596985 -3.5331902503967285
-0.18062752485275269 -0.88694167137146 0.42509758472442627 0.42638731002807617 -0.7844441533088684 -0.1308111995458603 -0.6062471866607666 -0.5495316982269287 0.5933135151863098 -0.44297030568122864 -0.6721280217170715 -3.533200263977051
-0.18063947558403015 -0.8869100213050842 0.4251585900783539 0.42637690901756287 -0.7844666242599487 -0.13082686066627502 -0.606214702129364 -0.5495757460594177 0.5932801365852356 -0.44302910566329956 -0.6721187829971313 -3.5331904888153076
-0.18066111207008362 -0.8869128823280334 0.42514336109161377 0.426380455493927 -0.7844551801681519 -0.13080821931362152 -0.606233537197113 -0.5495733618736267 0.5932886600494385 -0.4430288076400757 -0.6721113920211792 -3.533198118209839
-0.18062204122543335 -0.8868985772132874 0.4251898527145386 0.42640796303749084 -0.7845165729522705 -0.13082440197467804 -0.6061506271362305 -0.5495736002922058 0.5932193994522095 -0.443052738904953 -0.672156810760498 -3.533100128173828
-0.18064625561237335 -0.8868998289108276 0.4251769185066223 0.4264105260372162 -0.7845108509063721 -0.13080111145973206 -0.6061630845069885 -0.549573540687561 0.5932196378707886 -0.4430570602416992 -0.6721537709236145 -3.533097267150879
-0.18054549396038055 -0.8869355916976929 0.42514511942863464 0.42639267444610596 -0.7845683693885803 -0.13081444799900055 -0.6060857176780701 -0.5496573448181152 0.5931742191314697 -0.4429815411567688 -0.672243595123291 -3.53297758102417
-0.1805690973997116 -0.886932373046875 0.4251418113708496 0.426395446062088 -0.7845724821090698 -0.1307908147573471 -0.606085479259491 -0.5496698021888733 0.5931615233421326 -0.44299495220184326 -0.6722459197044373 -3.532979965209961
-0.1806095540523529 -0.8869518637657166 0.4250839948654175 0.426407128572464 -0.7845641374588013 -0.13072621822357178 -0.6061102151870728 -0.5496432781219482 0.5931602716445923 -0.4429750442504883 -0.6722601652145386 -3.5329461097717285
-0.1806267946958542 -0.8869445323944092 0.4250919818878174 0.4264356195926666 -0.7845674753189087 -0.13071580231189728 -0.6061081290245056 -0.5496340394020081 0.5931506156921387 -0.44299277663230896 -0.6722570061683655 -3.5329294204711914
-0.18064261972904205 -0.886934220790863 0.4251067638397217 0.42646101117134094 -0.7845404744148254 -0.13073381781578064 -0.6061391830444336 -0.5496450662612915 0.5931814908981323 -0.44300809502601624 -0.6722196340560913 -3.532970666885376
-0.18062268197536469 -0.8869293332099915 0.4251254200935364 0.42644962668418884 -0.7845507860183716 -0.13075432181358337 -0.6061214804649353 -0.5496793389320374 0.5931739807128906 -0.4430118203163147 -0.6722238659858704 -3.532980442047119
-0.18065853416919708 -0.886931836605072 0.4251050353050232 0.4264392554759979 -0.7845630049705505 -0.13070347905158997 -0.6061165928840637 -0.5496564507484436 0.5931468605995178 -0.44302189350128174 -0.6722411513328552 -3.532960891723633
-0.18061000108718872 -0.8869459629058838 0.4250960946083069 0.42643609642982483 -0.784542977809906 -0.13074991106987 -0.6061325073242188 -0.5496801733970642 0.5931881070137024 -0.4429798424243927 -0.672232449054718 -3.5329675674438477
-0.18074020743370056 -0.8869187235832214 0.42509764432907104 0.426410973072052 -0.7844581007957458 -0.1307135373353958 -0.6062501668930054 -0.5496375560760498 0.5932607054710388 -0.44304516911506653 -0.6721253395080566 -3.533048629760742
-0.18068815767765045 -0.8869182467460632 0.4251207113265991 0.4263887107372284 -0.7844647169113159 -0.1307646781206131 -0.606230616569519 -0.5496642589569092 0.5932678580284119 -0.4430309534072876 -0.6721283793449402 -3.5330591201782227
-0.18073944747447968 -0.8869098424911499 0.42511650919914246 0.4264106750488281 -0.7844823598861694 -0.13070890307426453 -0.6062197685241699 -0.549682080745697 0.5932288765907288 -0.4430643320083618 -0.6721408367156982 -3.5330374240875244
-0.18074050545692444 -0.8868831992149353 0.4251715838909149 0.4264235198497772 -0.7844713926315308 -0.13075391948223114 -0.6062242388725281 -0.5496125221252441 0.5932430624961853 -0.4431042969226837 -0.6721019744873047 -3.533097267150879
-0.18073120713233948 -0.8868895769119263 0.4251621961593628 0.4264278709888458 -0.7844815254211426 -0.13074712455272675 -0.6062126159667969 -0.5496082305908203 0.5932324528694153 -0.44309350848197937 -0.6721183657646179 -3.533099412918091
-0.1806863248348236 -0.8869267702102661 0.4251037538051605 0.4263920485973358 -0.7844852805137634 -0.13073912262916565 -0.6062094569206238 -0.5496159195899963 0.5932411551475525 -0.4430214762687683 -0.6721581816673279 -3.5330300331115723
-0.1806364804506302 -0.8869476318359375 0.42508137226104736 0.4263933300971985 -0.7844693064689636 -0.1307743638753891 -0.6062225699424744 -0.5496128797531128 0.5932774543762207 -0.44296929240226746 -0.6721605658531189 -3.5330376625061035
-0.18067970871925354 -0.8869588971138 0.42503949999809265 0.4264017343521118 -0.7844570279121399 -0.13072144985198975 -0.6062499284744263 -0.549611508846283 0.5932806134223938 -0.4429623484611511 -0.6721623539924622 -3.5330233573913574
-0.18061678111553192 -0.8869742155075073 0.4250342547893524 0.4264006018638611 -0.7844406366348267 -0.13077881932258606 -0.6062586903572083 -0.5496152639389038 0.5933213829994202 -0.4429146945476532 -0.6721577644348145 -3.5330328941345215
-0.1806519329547882 -0.8869662284851074 0.4250360131263733 0.42641550302505493 -0.784481406211853 -0.13072237372398376 -0.606218159198761 -0.549575924873352 0.5932568311691284 -0.4429474174976349 -0.6721932291984558 -3.532978057861328
-0.18066203594207764 -0.8869801163673401 0.42500269412994385 0.4264245927333832 -0.7844846844673157 -0.1306893229484558 -0.6062209606170654 -0.5495682954788208 0.5932493805885315 -0.44292932748794556 -0.6722117066383362 -3.5329763889312744
-0.18061676621437073 -0.8869801163673401 0.4250219762325287 0.4264135956764221 -0.784479558467865 -0.13074137270450592 -0.6062163710594177 -0.5496059060096741 0.593269944190979 -0.4429139792919159 -0.6722036600112915 -3.532978057861328
-0.1805548220872879 -0.8870257139205933 0.4249531328678131 0.4263698160648346 -0.7844945788383484 -0.13073112070560455 -0.6061992049217224 -0.5495969653129578 0.5932689905166626 -0.44282570481300354 -0.6722626686096191 -3.532911777496338
-0.18053258955478668 -0.8870424032211304 0.4249277710914612 0.4263676404953003 -0.7845017313957214 -0.1307256519794464 -0.6061911582946777 -0.5495967268943787 0.5932662487030029 -0.44279390573501587 -0.6722859740257263 -3.5329010486602783
-0.18050774931907654 -0.8870495557785034 0.4249233305454254 0.4263559877872467 -0.7845097184181213 -0.13073590397834778 -0.6061785817146301 -0.5496038794517517 0.5932632684707642 -0.44277650117874146 -0.6723001003265381 -3.53290057182312
-0.18052247166633606 -0.8870585560798645 0.42489829659461975 0.42636826634407043 -0.7845284938812256 -0.13069337606430054 -0.6061634421348572 -0.5496018528938293 0.5932339429855347 -0.4427710175514221 -0.6723296046257019 -3.532885789871216
-0.18054109811782837 -0.8870745897293091 0.4248569905757904 0.4263702630996704 -0.7844911217689514 -0.13067859411239624 -0.6062149405479431 -0.549613356590271 0.5932776927947998 -0.44274333119392395 -0.6723092198371887 -3.5328876972198486
-0.18055783212184906 -0.8870745301246643 0.4248499572277069 0.42636770009994507 -0.7844667434692383 -0.13067901134490967 -0.6062464118003845 -0.5496142506599426 0.5933048129081726 -0.44274330139160156 -0.6722853183746338 -3.532876491546631
-0.18055039644241333 -0.8871179223060608 0.42476245760917664 0.426383912563324 -0.7844115495681763 -0.13066618144512177 -0.6063206791877747 -0.5496231913566589 0.5933800935745239 -0.4426600933074951 -0.6722736358642578 -3.532909870147705
-0.1805633008480072 -0.8871164917945862 0.42475998401641846 0.4263828992843628 -0.7844099998474121 -0.13065563142299652 -0.6063249111175537 -0.5496156811714172 0.5933781862258911 -0.44266608357429504 -0.6722713708877563 -3.5329017639160156
-0.18055163323879242 -0.8871180415153503 0.42476171255111694 0.4263778030872345 -0.784451961517334 -0.13063454627990723 -0.6062751412391663 -0.5496057868003845 0.5933262705802917 -0.44266921281814575 -0.6723151803016663 -3.5328445434570312
-0.1805451363325119 -0.8871134519577026 0.42477402091026306 0.4263743758201599 -0.784469723701477 -0.13063472509384155 -0.606252133846283 -0.5495973229408264 0.5933047533035278 -0.442678302526474 -0.6723281741142273 -3.5328285694122314
-0.18056762218475342 -0.8871047496795654 0.4247826933860779 0.42637068033218384 -0.7844377756118774 -0.13064709305763245 -0.6062908172607422 -0.5495996475219727 0.5933401584625244 -0.4426921606063843 -0.6722877621650696 -3.5328736305236816
-0.18056437373161316 -0.8871061205863953 0.4247812032699585 0.4263663589954376 -0.7844394445419312 -0.13064736127853394 -0.6062886118888855 -0.5495887398719788 0.5933389663696289 -0.44268932938575745 -0.6722906827926636 -3.5328640937805176
-0.18052098155021667 -0.8871169090270996 0.42477715015411377 0.42638540267944336 -0.7844192981719971 -0.13069318234920502 -0.6063047647476196 -0.5495898127555847 0.5933787226676941 -0.44265422224998474 -0.6722787022590637 -3.532869338989258
-0.180502787232399 -0.887116014957428 0.424786776304245 0.4263835549354553 -0.784425675868988 -0.13070909678936005 -0.6062930822372437 -0.5495812892913818 0.5933758616447449 -0.44265133142471313 -0.6722831726074219 -3.532860517501831
-0.1805236041545868 -0.8871403932571411 0.4247269332408905 0.4263933002948761 -0.7844031453132629 -0.13066892325878143 -0.606330931186676 -0.5495885014533997 0.5933993458747864 -0.44261425733566284 -0.6722868084907532 -3.5328779220581055
-0.18046990036964417 -0.8871324062347412 0.4247663915157318 0.4263835847377777 -0.7843911051750183 -0.13074640929698944 -0.6063297390937805 -0.5496096014976501 0.5934315323829651 -0.4426073431968689 -0.672262966632843 -3.53289794921875
-0.18046945333480835 -0.887133002281189 0.424765408039093 0.42637956142425537 -0.7843970656394958 -0.1307416707277298 -0.6063231229782104 -0.5496061444282532 0.5934238433837891 -0.4426076114177704 -0.6722695827484131 -3.5328915119171143
-0.18046563863754272 -0.8871203660964966 0.4247933328151703 0.42639175057411194 -0.7844065427780151 -0.13075663149356842 -0.6063075661659241 -0.549608588218689 0.593412458896637 -0.4426284432411194 -0.6722659468650818 -3.5328948497772217
-0.18047623336315155 -0.8871248960494995 0.42477947473526 0.42638999223709106 -0.7844026684761047 -0.1307418793439865 -0.6063158512115479 -0.5495990514755249 0.5934144258499146 -0.4426238238811493 -0.6722672581672668 -3.5328872203826904
-0.1804376095533371 -0.8871640563011169 0.424714058637619 0.42636603116989136 -0.7843913435935974 -0.13073551654815674 -0.6063318252563477 -0.5496079921722412 0.5934411287307739 -0.44254717230796814 -0.6722941398620605 -3.5328803062438965
-0.1804339438676834 -0.8871656060218811 0.4247123599052429 0.4263598620891571 -0.7843862771987915 -0.1307409703731537 -0.6063372492790222 -0.5496010780334473 0.5934489369392395 -0.4425424337387085 -0.6722903847694397 -3.5328714847564697
-0.18041455745697021 -0.8872196674346924 0.42460763454437256 0.4263797104358673 -0.7843593955039978 -0.13070441782474518 -0.6063798666000366 -0.5495899319648743 0.5934903025627136 -0.4424448013305664 -0.6723181009292603 -3.5328922271728516
-0.1804034560918808 -0.8872288465499878 0.4245932102203369 0.4263765811920166 -0.7843540906906128 -0.13070714473724365 -0.6063861846923828 -0.5495786666870117 0.5935007333755493 -0.4424256682395935 -0.6723214983940125 -3.5328872203826904
-0.18041381239891052 -0.8872393369674683 0.42456692457199097 0.42634686827659607 -0.7843437194824219 -0.1306888461112976 -0.6064034700393677 -0.5495728254318237 0.5935112237930298 -0.44241005182266235 -0.6723224520683289 -3.5328774452209473
-0.1804528683423996 -0.8871863484382629 0.4246610403060913 0.42637231945991516 -0.7843706607818604 -0.1307028979063034 -0.6063656210899353 -0.5495637655258179 0.5934638381004333 -0.4425121545791626 -0.6722971200942993 -3.5329360961914062
-0.18044163286685944 -0.8871937990188599 0.4246502220630646 0.42637354135513306 -0.7843862175941467 -0.13069257140159607 -0.6063477396965027 -0.5495485663414001 0.593446671962738 -0.4425002336502075 -0.6723201274871826 -3.532935857772827
-0.18050438165664673 -0.8871411085128784 0.42473357915878296 0.42636844515800476 -0.7843812108039856 -0.13070470094680786 -0.6063515543937683 -0.549586296081543 0.5934341549873352 -0.4426022469997406 -0.672264039516449 -3.5329830646514893
-0.1804925948381424 -0.8871452212333679 0.42472997307777405 0.4263647198677063 -0.7843762636184692 -0.13071505725383759 -0.6063557863235474 -0.5495726466178894 0.593444287776947 -0.4425909221172333 -0.6722624897956848 -3.5329856872558594
-0.1804817169904709 -0.8871466517448425 0.4247317314147949 0.42633774876594543 -0.7843729257583618 -0.1307271420955658 -0.6063574552536011 -0.5495883822441101 0.593451976776123 -0.4425845742225647 -0.6722599267959595 -3.532989740371704
-0.18047334253787994 -0.8871495127677917 0.42472928762435913 0.42632612586021423 -0.7843782305717468 -0.13072802126407623 -0.6063504219055176 -0.549575924873352 0.5934475660324097 -0.44257858395576477 -0.6722677946090698 -3.532989501953125
-0.18053285777568817 -0.8871464729309082 0.42471033334732056 0.42638060450553894 -0.7843905687332153 -0.1306597739458084 -0.6063491106033325 -0.5495984554290771 0.5934131145477295 -0.44260480999946594 -0.6722809076309204 -3.532963991165161
-0.1805422604084015 -0.8871493339538574 0.42470037937164307 0.4263795018196106 -0.7843899130821228 -0.13064618408679962 -0.6063529253005981 -0.5495957732200623 0.5934111475944519 -0.44260311126708984 -0.6722837686538696 -3.5329647064208984
-0.18045417964458466 -0.8871324062347412 0.42477309703826904 0.42638787627220154 -0.7844098806381226 -0.1307491809129715 -0.6063048839569092 -0.5496153235435486 0.5934115052223206 -0.44260653853416443 -0.6722811460494995 -3.532940149307251
-0.18047431111335754 -0.887129545211792 0.4247705042362213 0.4263865053653717 -0.7843949794769287 -0.13074296712875366 -0.6063255667686462 -0.5496192574501038 0.5934251546859741 -0.4426141083240509 -0.6722641587257385 -3.5329365730285645
-0.1805085390806198 -0.8870712518692017 0.42487776279449463 0.426422119140625 -0.7844218015670776 -0.1307697594165802 -0.606285035610199 -0.5495830774307251 0.5933792591094971 -0.4427230954170227 -0.6722328662872314 -3.5329716205596924
-0.1804693192243576 -0.8870944976806641 0.4248459041118622 0.42641016840934753 -0.7843841910362244 -0.13080638647079468 -0.6063258051872253 -0.5496083498001099 0.5934408903121948 -0.442665696144104 -0.6722162961959839 -3.5329973697662354
-0.18046121299266815 -0.8870712518692017 0.42489784955978394 0.42640262842178345 -0.7843735218048096 -0.13085612654685974 -0.6063289046287537 -0.549614667892456 0.5934575200080872 -0.44269752502441406 -0.6721806526184082 -3.533017635345459
-0.1804967224597931 -0.8870622515678406 0.4249015152454376 0.42640650272369385 -0.7843553423881531 -0.13084469735622406 -0.606354832649231 -0.5496119856834412 0.5934706926345825 -0.4427189230918884 -0.67215496301651 -3.53302001953125
-0.1805165708065033 -0.8870993256568909 0.42481571435928345 0.4263761639595032 -0.7843323945999146 -0.13078780472278595 -0.6063967943191528 -0.5495918989181519 0.5934950113296509 -0.44266146421432495 -0.6721712946891785 -3.533073663711548
-0.18051636219024658 -0.8871099352836609 0.4247936010360718 0.42634010314941406 -0.7843068838119507 -0.13079187273979187 -0.6064289212226868 -0.5495795607566833 0.5935287475585938 -0.44263896346092224 -0.6721563339233398 -3.533129930496216
-0.18052257597446442 -0.8871039152145386 0.4248035252094269 0.4263298511505127 -0.7843153476715088 -0.13078755140304565 -0.6064189076423645 -0.5495783090591431 0.5935156941413879 -0.44265231490135193 -0.6721590757369995 -3.533143997192383
-0.18050812184810638 -0.8871106505393982 0.42479562759399414 0.42633020877838135 -0.7842956781387329 -0.13080798089504242 -0.6064398884773254 -0.5496261119842529 0.5935460329055786 -0.442632794380188 -0.6721451282501221 -3.533167839050293
-0.1805042326450348 -0.8871201276779175 0.4247775375843048 0.4263211190700531 -0.7843083143234253 -0.13078922033309937 -0.6064276099205017 -0.5496320128440857 0.593530535697937 -0.4426194131374359 -0.6721676588058472 -3.533184289932251
-0.1804925501346588 -0.8871534466743469 0.4247129261493683 0.4263410270214081 -0.7843061089515686 -0.1307557374238968 -0.6064377427101135 -0.5496326088905334 0.5935370326042175 -0.4425625205039978 -0.6721993684768677 -3.533071517944336
-0.1805087774991989 -0.8871563076972961 0.4247000217437744 0.4263417720794678 -0.7843039035797119 -0.13073599338531494 -0.606444776058197 -0.5496380925178528 0.5935349464416504 -0.4425625801086426 -0.6722010970115662 -3.5330727100372314
-0.18047408759593964 -0.8871731758117676 0.4246794879436493 0.42636704444885254 -0.7843348979949951 -0.1307257115840912 -0.6064069271087646 -0.5496601462364197 0.5935046076774597 -0.4425317645072937 -0.6722482442855835 -3.533007860183716
-0.1804821640253067 -0.8871647715568542 0.42469361424446106 0.42637258768081665 -0.7843393683433533 -0.13072578608989716 -0.6064011454582214 -0.5496709942817688 0.5934962630271912 -0.44254860281944275 -0.6722445487976074 -3.53300404548645
-0.18046210706233978 -0.8871413469314575 0.42475104331970215 0.426434189081192 -0.7843844294548035 -0.1307469606399536 -0.6063383221626282 -0.5496646761894226 0.5934427976608276 -0.44258925318717957 -0.6722649335861206 -3.5329127311706543
-0.1804494857788086 -0.8871474266052246 0.42474374175071716 0.4264354109764099 -0.784382164478302 -0.13075341284275055 -0.6063398122787476 -0.5496934056282043 0.593449592590332 -0.4425751864910126 -0.6722682118415833 -3.5329108238220215
-0.18044719099998474 -0.8871284127235413 0.42478445172309875 0.42641982436180115 -0.7843934893608093 -0.1307745724916458 -0.6063206195831299 -0.5496565699577332 0.5934353470802307 -0.4426070749759674 -0.6722598075866699 -3.532886505126953
-0.18045000731945038 -0.8871244788169861 0.42479148507118225 0.4264104962348938 -0.7844045162200928 -0.13076898455619812 -0.6063075661659241 -0.549682080745697 0.5934199094772339 -0.44261664152145386 -0.6722671389579773 -3.5328879356384277
-0.18047510087490082 -0.8871026039123535 0.4248264729976654 0.4263925850391388 -0.784399688243866 -0.13077707588672638 -0.606312096118927 -0.5496593713760376 0.5934186577796936 -0.44265806674957275 -0.6722409129142761 -3.532841920852661
-0.18047137558460236 -0.8870965838432312 0.4248405694961548 0.42639660835266113 -0.7843971252441406 -0.13079150021076202 -0.6063122153282166 -0.5496708750724792 0.5934231281280518 -0.44266581535339355 -0.6722318530082703 -3.5328333377838135
-0.18051984906196594 -0.8871198892593384 0.42477133870124817 0.42638668417930603 -0.784350574016571 -0.13074135780334473 -0.6063832640647888 -0.5497030019760132 0.5934699177742004 -0.4426339566707611 -0.6722115874290466 -3.5328967571258545
-0.1804703176021576 -0.8871405720710754 0.4247492551803589 0.4263938069343567 -0.7843378186225891 -0.1307741403579712 -0.6063927412033081 -0.5497080683708191 0.5935018658638 -0.4425828754901886 -0.6722170114517212 -3.532892942428589
-0.18049955368041992 -0.8871120810508728 0.42479628324508667 0.4264080226421356 -0.784356951713562 -0.13076937198638916 -0.6063689589500427 -0.5496598482131958 0.593467652797699 -0.44264134764671326 -0.6722086668014526 -3.532862663269043
-0.18051855266094208 -0.8871342539787292 0.4247419238090515 0.42641469836235046 -0.7843372225761414 -0.13073225319385529 -0.606402575969696 -0.5496245622634888 0.5934880375862122 -0.4426078796386719 -0.6722127199172974 -3.532891273498535
-0.18051700294017792 -0.8871150016784668 0.42478281259536743 0.4264068901538849 -0.7843369841575623 -0.1307615339756012 -0.606396496295929 -0.5496333241462708 0.5934887528419495 -0.4426378309726715 -0.672192394733429 -3.5328757762908936
-0.18050232529640198 -0.8871282935142517 0.4247612953186035 0.42643845081329346 -0.784331202507019 -0.13076251745224 -0.6064037680625916 -0.5496092438697815 0.5935008525848389 -0.4426109194755554 -0.6721994280815125 -3.5328774452209473
-0.18042069673538208 -0.8870968818664551 0.42486146092414856 0.4263949394226074 -0.7843441367149353 -0.1308845430612564 -0.6063607335090637 -0.5496074557304382 0.5935086011886597 -0.44263771176338196 -0.6721749305725098 -3.532878875732422
-0.1803988218307495 -0.8870867490768433 0.4248919188976288 0.42635899782180786 -0.7843592166900635 -0.13091103732585907 -0.606335461139679 -0.5496232509613037 0.5934953093528748 -0.4426501989364624 -0.6721784472465515 -3.532888412475586
-0.18036721646785736 -0.8870934247970581 0.4248914122581482 0.4263544976711273 -0.7843723893165588 -0.13092532753944397 -0.6063153743743896 -0.5496166348457336 0.5934875011444092 -0.4426325857639313 -0.6721969246864319 -3.5328779220581055
-0.18040530383586884 -0.887113094329834 0.4248342514038086 0.4263966679573059 -0.784346878528595 -0.13087579607963562 -0.60635906457901 -0.5496505498886108 0.5935096740722656 -0.4426078796386719 -0.6721936464309692 -3.5329689979553223
-0.18040557205677032 -0.8871139883995056 0.4248322546482086 0.42640024423599243 -0.7843596339225769 -0.1308647245168686 -0.6063449382781982 -0.5496488213539124 0.5934927463531494 -0.44260936975479126 -0.6722076535224915 -3.532965660095215
-0.18036945164203644 -0.8871164917945862 0.42484235763549805 0.4263842701911926 -0.7843223810195923 -0.13092736899852753 -0.6063796281814575 -0.5496187210083008 0.5935529470443726 -0.4425857961177826 -0.6721699833869934 -3.5330021381378174
-0.18041379749774933 -0.8871093988418579 0.4248383045196533 0.42639410495758057 -0.7843320965766907 -0.13088303804397583 -0.6063766479492188 -0.5496082901954651 0.5935266017913818 -0.4426131248474121 -0.6721752285957336 -3.53300142288208
-0.18042440712451935 -0.8871143460273743 0.42482346296310425 0.42638546228408813 -0.7842816710472107 -0.1309022605419159 -0.6064376831054688 -0.5495830178260803 0.5935900211334229 -0.44259750843048096 -0.6721295714378357 -3.5330564975738525
-0.18038228154182434 -0.8871164917945862 0.4248369336128235 0.42639994621276855 -0.7843154072761536 -0.1309189349412918 -0.6063904762268066 -0.5495712161064148 0.5935582518577576 -0.44258832931518555 -0.6721636056900024 -3.5330376625061035
-0.180386021733284 -0.8871106505393982 0.4248475730419159 0.42640045285224915 -0.7843190431594849 -0.13092060387134552 -0.6063854098320007 -0.549560546875 0.5935523509979248 -0.4425995647907257 -0.6721614599227905 -3.533046007156372
-0.18038727343082428 -0.8871017694473267 0.4248654842376709 0.42640751600265503 -0.7843362092971802 -0.13091905415058136 -0.6063635349273682 -0.5495991110801697 0.593529224395752 -0.4426177144050598 -0.6721698641777039 -3.533071517944336
