# 3x4 first row second row third row Freq: 100 current Time: 2021-04-07-14:57:23
-0.12096156179904938 -0.234547421336174 0.9645494222640991 0.15380950272083282 -0.9921669960021973 0.05909726768732071 -0.11005454510450363 -0.4625668525695801 -0.03118915855884552 -0.9703065752983093 -0.23985865712165833 -3.669395923614502
-0.12103671580553055 -0.23453472554683685 0.9645431041717529 0.15384361147880554 -0.9921566247940063 0.0591527484357357 -0.1101185530424118 -0.4626511335372925 -0.0312286838889122 -0.9703062772750854 -0.23985476791858673 -3.6693694591522217
-0.12110470235347748 -0.2345903068780899 0.964521050453186 0.1538660079240799 -0.9921498894691467 0.05912638455629349 -0.11019317060709 -0.4626484215259552 -0.031178323552012444 -0.9702944755554199 -0.23990917205810547 -3.669384002685547
-0.12085399776697159 -0.2345755398273468 0.964556097984314 0.1537744551897049 -0.9921793341636658 0.05909888818860054 -0.10994257032871246 -0.46254944801330566 -0.031214287504553795 -0.9702997207641602 -0.23988327383995056 -3.669236421585083
-0.12084566056728363 -0.23457792401313782 0.9645565748214722 0.15376411378383636 -0.9921813011169434 0.05906705930829048 -0.10994178801774979 -0.4625430405139923 -0.031183535233139992 -0.9703010320663452 -0.23988176882266998 -3.6692240238189697
-0.12060105800628662 -0.23439840972423553 0.9646308422088623 0.1537228226661682 -0.9922072291374207 0.059105612337589264 -0.10968660563230515 -0.4625324606895447 -0.03130465745925903 -0.9703420996665955 -0.23969992995262146 -3.669160842895508
-0.12055196613073349 -0.23439835011959076 0.9646369814872742 0.15371999144554138 -0.9922133684158325 0.05908987671136856 -0.10963999480009079 -0.46250227093696594 -0.031300779432058334 -0.9703430533409119 -0.23969650268554688 -3.669161319732666
-0.120750792324543 -0.23436026275157928 0.964621365070343 0.15376031398773193 -0.992191731929779 0.0590539425611496 -0.10985464602708817 -0.4626060724258423 -0.031219059601426125 -0.970354437828064 -0.2396610677242279 -3.6692733764648438
-0.12069838494062424 -0.23434805870056152 0.9646309018135071 0.15376831591129303 -0.9921962022781372 0.059099841862916946 -0.10978980362415314 -0.4626035690307617 -0.031280435621738434 -0.9703546166419983 -0.23965243995189667 -3.669285774230957
-0.12069697678089142 -0.2344094216823578 0.9646161198616028 0.15376773476600647 -0.9921926856040955 0.05922049283981323 -0.10975652188062668 -0.46261322498321533 -0.0313970111310482 -0.9703324437141418 -0.2397269904613495 -3.669175624847412
-0.12069041281938553 -0.2344236820936203 0.9646134972572327 0.15377971529960632 -0.9921938180923462 0.05920968949794769 -0.10975196212530136 -0.46260231733322144 -0.031385935842990875 -0.9703296422958374 -0.23973971605300903 -3.669182300567627
-0.12077302485704422 -0.23438215255737305 0.9646132588386536 0.15376923978328705 -0.9921836853027344 0.05922844633460045 -0.10983368009328842 -0.4626443088054657 -0.031389422714710236 -0.9703385233879089 -0.23970326781272888 -3.669294834136963
-0.12071876972913742 -0.23441994190216064 0.9646108746528625 0.15379060804843903 -0.992190957069397 0.05919768661260605 -0.10978421568870544 -0.46263387799263 -0.03136705234646797 -0.9703312516212463 -0.23973557353019714 -3.6693267822265625
-0.12073274701833725 -0.23445241153240204 0.9646012187004089 0.15377680957317352 -0.9921891093254089 0.05920950695872307 -0.10979459434747696 -0.4625883996486664 -0.031371887773275375 -0.9703227281570435 -0.2397695928812027 -3.6692657470703125
-0.12068905681371689 -0.2344484031200409 0.9646076560020447 0.15377043187618256 -0.9921945333480835 0.059195537120103836 -0.10975323617458344 -0.4626019597053528 -0.0313689261674881 -0.9703245162963867 -0.23976260423660278 -3.6692655086517334
-0.12064186483621597 -0.23447009921073914 0.9646083116531372 0.15380191802978516 -0.9921989440917969 0.059227701276540756 -0.10969603061676025 -0.46262165904045105 -0.03141102194786072 -0.9703173041343689 -0.23978625237941742 -3.669142246246338
-0.12061240524053574 -0.23450522124767303 0.9646034240722656 0.15385545790195465 -0.9922038316726685 0.05918402224779129 -0.10967535525560379 -0.4625827372074127 -0.03136960044503212 -0.9703115224838257 -0.23981525003910065 -3.6691815853118896
-0.12075891345739365 -0.23447836935520172 0.9645916223526001 0.15384338796138763 -0.9921866655349731 0.059195954352617264 -0.10982398688793182 -0.4626406729221344 -0.03134850412607193 -0.9703172445297241 -0.23979468643665314 -3.6693317890167236
-0.12072447687387466 -0.23451116681098938 0.9645879864692688 0.15385982394218445 -0.9921917915344238 0.059163425117731094 -0.10979552567005157 -0.46264198422431946 -0.031319983303546906 -0.9703113436698914 -0.23982246220111847 -3.6693480014801025
-0.12066096812486649 -0.23445846140384674 0.9646087288856506 0.15382517874240875 -0.9921985864639282 0.05917000770568848 -0.1097303181886673 -0.46256518363952637 -0.031348634511232376 -0.9703236818313599 -0.23976880311965942 -3.6693320274353027
-0.12062861770391464 -0.2344651222229004 0.9646111726760864 0.15379182994365692 -0.9922015070915222 0.05919361859560013 -0.10969098657369614 -0.4626038372516632 -0.03138004243373871 -0.9703205823898315 -0.23977702856063843 -3.6693036556243896
-0.12073030322790146 -0.23443932831287384 0.9646046757698059 0.1538034975528717 -0.9921889305114746 0.05922301113605499 -0.1097891703248024 -0.4626089632511139 -0.031387828290462494 -0.9703250527381897 -0.23975804448127747 -3.6693356037139893
-0.12070389837026596 -0.2344091832637787 0.9646153450012207 0.15377816557884216 -0.9921912550926208 0.05924074724316597 -0.1097586378455162 -0.4626345932483673 -0.03141603246331215 -0.9703312516212463 -0.23972927033901215 -3.6693220138549805
-0.1206347718834877 -0.23437993228435516 0.9646310806274414 0.15377043187618256 -0.9921977519989014 0.059279587119817734 -0.10967891663312912 -0.4626062214374542 -0.031476326286792755 -0.9703359603881836 -0.23970235884189606 -3.6691982746124268
-0.120619036257267 -0.2343662828207016 0.9646363854408264 0.15374736487865448 -0.9921988248825073 0.059299446642398834 -0.10965827852487564 -0.46261781454086304 -0.0315021313726902 -0.9703380465507507 -0.23969052731990814 -3.669198751449585
-0.12041369825601578 -0.2342686504125595 0.9646857380867004 0.15372662246227264 -0.9922212362289429 0.05931522697210312 -0.1094464436173439 -0.4625634253025055 -0.0315806120634079 -0.9703606367111206 -0.2395886331796646 -3.669067144393921
-0.12052999436855316 -0.2342798113822937 0.9646685123443604 0.15375317633152008 -0.9922080039978027 0.0593186691403389 -0.10956484079360962 -0.46264782547950745 -0.031553953886032104 -0.9703577160835266 -0.2396039068698883 -3.669107437133789
-0.12056183815002441 -0.23432113230228424 0.9646545052528381 0.15375618636608124 -0.9922042489051819 0.059327125549316406 -0.10959412157535553 -0.4626607894897461 -0.03154988959431648 -0.9703472256660461 -0.23964695632457733 -3.6691079139709473
-0.12043380737304688 -0.23433683812618256 0.9646666646003723 0.15372633934020996 -0.9922214150428772 0.059247419238090515 -0.10948159545660019 -0.4625895619392395 -0.031498368829488754 -0.9703482985496521 -0.23964937031269073 -3.668921947479248
-0.12045086175203323 -0.2343692183494568 0.96465665102005 0.15372896194458008 -0.992216944694519 0.059330329298973083 -0.10947757214307785 -0.46261656284332275 -0.03157515451312065 -0.9703354239463806 -0.23969143629074097 -3.6688807010650635
-0.12056713551282883 -0.23432721197605133 0.9646523594856262 0.15377597510814667 -0.9922053813934326 0.05927403271198273 -0.10961247980594635 -0.462640643119812 -0.03149357810616493 -0.9703490138053894 -0.23964716494083405 -3.668990135192871
-0.120555080473423 -0.23433925211429596 0.9646509289741516 0.1537579596042633 -0.9922066926956177 0.059277720749378204 -0.10959877073764801 -0.46259456872940063 -0.031498946249485016 -0.9703458547592163 -0.2396591454744339 -3.6690762042999268
-0.12044177949428558 -0.23430484533309937 0.9646734595298767 0.15372465550899506 -0.9922178983688354 0.05932530760765076 -0.1094716265797615 -0.4625469744205475 -0.031579747796058655 -0.9703512787818909 -0.23962663114070892 -3.6689138412475586
-0.12046825885772705 -0.23428121209144592 0.9646759033203125 0.15371766686439514 -0.9922141432762146 0.059344902634620667 -0.10949482023715973 -0.46252062916755676 -0.031595949083566666 -0.9703558087348938 -0.23960624635219574 -3.6689326763153076
-0.12042606621980667 -0.23436032235622406 0.9646619558334351 0.15372629463672638 -0.9922187328338623 0.05936050787568092 -0.10944490879774094 -0.462459534406662 -0.03161320835351944 -0.9703357219696045 -0.23968519270420074 -3.6688718795776367
-0.12046046555042267 -0.23435337841510773 0.9646593332290649 0.15374626219272614 -0.9922123551368713 0.05943481624126434 -0.10946217179298401 -0.4624845087528229 -0.031681448221206665 -0.9703328609466553 -0.23968780040740967 -3.6687636375427246
-0.12029948830604553 -0.23423655331134796 0.9647077918052673 0.15372927486896515 -0.9922295212745667 0.05945616587996483 -0.10929525643587112 -0.46241602301597595 -0.03175681084394455 -0.970359742641449 -0.23956890404224396 -3.6686129570007324
-0.12039829790592194 -0.23422478139400482 0.964698314666748 0.15376435220241547 -0.9922207593917847 0.059379301965236664 -0.10941625386476517 -0.46249711513519287 -0.03165504336357117 -0.9703673124313354 -0.23955179750919342 -3.668762445449829
-0.12040414661169052 -0.2342410683631897 0.9646936058998108 0.1537664383649826 -0.9922195672988892 0.05939687415957451 -0.1094173863530159 -0.46248874068260193 -0.03166966885328293 -0.9703623056411743 -0.23957014083862305 -3.6687519550323486
-0.12030758708715439 -0.23421379923820496 0.9647123217582703 0.15377485752105713 -0.9922299981117249 0.05941086262464523 -0.10931553691625595 -0.4625016152858734 -0.03171111270785332 -0.9703680276870728 -0.23954147100448608 -3.6685614585876465
-0.12025685608386993 -0.2342195361852646 0.9647172093391418 0.1537969559431076 -0.9922364354133606 0.05938931927084923 -0.10926847904920578 -0.46248140931129456 -0.031701017171144485 -0.970367968082428 -0.23954306542873383 -3.668548822402954
-0.12019134312868118 -0.2342568188905716 0.9647163152694702 0.15382951498031616 -0.9922419190406799 0.05945248901844025 -0.10918425023555756 -0.4625399708747864 -0.03177756443619728 -0.9703550934791565 -0.2395850569009781 -3.668473958969116
-0.12023255228996277 -0.2342623472213745 0.9647098779678345 0.15381509065628052 -0.9922370314598083 0.0594605915248394 -0.10922444611787796 -0.4625241458415985 -0.03177497535943985 -0.9703532457351685 -0.2395928055047989 -3.668504476547241
-0.12023190408945084 -0.23418107628822327 0.9647296667098999 0.15381965041160583 -0.9922397136688232 0.05937132611870766 -0.1092485561966896 -0.46261200308799744 -0.031693264842033386 -0.9703783392906189 -0.23950204253196716 -3.668623924255371
-0.12025868147611618 -0.2341635525226593 0.9647306203842163 0.15378575026988983 -0.9922366142272949 0.0593724325299263 -0.10927640646696091 -0.4625973701477051 -0.031689781695604324 -0.9703825116157532 -0.23948562145233154 -3.668692111968994
-0.12034699320793152 -0.23424692451953888 0.9646993279457092 0.15381500124931335 -0.9922293424606323 0.05929666757583618 -0.10938314348459244 -0.4626030921936035 -0.03158072009682655 -0.9703670144081116 -0.2395627796649933 -3.6687724590301514
-0.12055373936891556 -0.23427993059158325 0.9646655321121216 0.15379635989665985 -0.9922071099281311 0.059263553470373154 -0.10960286855697632 -0.46262282133102417 -0.031491685658693314 -0.970361053943634 -0.2395986020565033 -3.6689553260803223
-0.1205434501171112 -0.23427148163318634 0.964668869972229 0.15379607677459717 -0.9922085404396057 0.05925464630126953 -0.10959476232528687 -0.46262887120246887 -0.03148611634969711 -0.9703636765480042 -0.23958885669708252 -3.6689672470092773
-0.12040770798921585 -0.23431265354156494 0.964675784111023 0.1537683755159378 -0.9922232627868652 0.059279799461364746 -0.10944756120443344 -0.4625298082828522 -0.03154076635837555 -0.9703521728515625 -0.2396281510591507 -3.668795108795166
-0.12038857489824295 -0.23431192338466644 0.9646783471107483 0.15375421941280365 -0.9922250509262085 0.05929099768400192 -0.1094251349568367 -0.46251988410949707 -0.03155705705285072 -0.9703516960144043 -0.23962806165218353 -3.668790817260742
-0.12043920904397964 -0.2343493551015854 0.9646629691123962 0.15377195179462433 -0.9922201633453369 0.05926854908466339 -0.10948151350021362 -0.46245476603507996 -0.03151718154549599 -0.9703440070152283 -0.23966436088085175 -3.668851613998413
-0.12029469013214111 -0.2342868596315384 0.9646961688995361 0.15374459326267242 -0.9922395944595337 0.059168197214603424 -0.1093597337603569 -0.4624651372432709 -0.03145771473646164 -0.9703652262687683 -0.2395862638950348 -3.66886305809021
-0.12029983848333359 -0.2342107892036438 0.964713990688324 0.15373411774635315 -0.9922392964363098 0.059150345623493195 -0.10937197506427765 -0.4625224769115448 -0.03144700080156326 -0.9703846573829651 -0.23950888216495514 -3.668912172317505
-0.12029755860567093 -0.2342117875814438 0.9647140502929688 0.15371061861515045 -0.9922400116920471 0.05913762003183365 -0.10937273502349854 -0.4625190198421478 -0.03143443912267685 -0.9703851938247681 -0.23950834572315216 -3.6689116954803467
-0.12048662453889847 -0.23426662385463715 0.964677095413208 0.15374282002449036 -0.9922208786010742 0.059072040021419525 -0.10958155989646912 -0.4625241160392761 -0.031314074993133545 -0.9703759551048279 -0.2395615577697754 -3.669154405593872
-0.12048104405403137 -0.23426108062267303 0.9646791815757751 0.15372613072395325 -0.9922215342521667 0.05907091498374939 -0.1095762848854065 -0.4625227153301239 -0.03131495416164398 -0.9703773856163025 -0.2395557463169098 -3.6691701412200928
-0.1204519048333168 -0.23436911404132843 0.9646565914154053 0.15371327102184296 -0.9922223687171936 0.059159133583307266 -0.10952093452215195 -0.4624841809272766 -0.03139985352754593 -0.9703459143638611 -0.23967203497886658 -3.6689765453338623
-0.12045012414455414 -0.23437707126140594 0.9646548628807068 0.15369418263435364 -0.9922224283218384 0.05916406214237213 -0.10951762646436691 -0.4624783396720886 -0.03140440583229065 -0.9703437089920044 -0.2396804541349411 -3.6689794063568115
-0.12035155296325684 -0.2342996448278427 0.9646859765052795 0.153731107711792 -0.9922333359718323 0.05916412174701691 -0.10941880196332932 -0.46251237392425537 -0.0314379446208477 -0.9703623652458191 -0.23960034549236298 -3.668867588043213
-0.12041567265987396 -0.23430848121643066 0.9646758437156677 0.15372411906719208 -0.9922246932983398 0.05920686572790146 -0.10947390645742416 -0.4624830186367035 -0.03146469593048096 -0.9703576564788818 -0.2396160364151001 -3.6689155101776123
-0.1206030547618866 -0.2343459278345108 0.9646432995796204 0.15377014875411987 -0.9922063946723938 0.05911904573440552 -0.10968707501888275 -0.46255481243133545 -0.031324006617069244 -0.9703539609909058 -0.23964940011501312 -3.6691465377807617
-0.12066452950239182 -0.2343578040599823 0.9646327495574951 0.1537785828113556 -0.9921996593475342 0.059113383293151855 -0.10975131392478943 -0.46254247426986694 -0.03130155801773071 -0.9703513979911804 -0.2396625578403473 -3.669180154800415
-0.12049713730812073 -0.23430460691452026 0.9646666049957275 0.15375131368637085 -0.9922176599502563 0.05913770571351051 -0.10957490652799606 -0.4625379145145416 -0.03137419372797012 -0.9703627824783325 -0.239607036113739 -3.6691160202026367
-0.12044969201087952 -0.23428115248680115 0.9646782279014587 0.15371429920196533 -0.9922227263450623 0.05914655327796936 -0.1095246896147728 -0.46254196763038635 -0.031397752463817596 -0.9703679084777832 -0.23958319425582886 -3.6691386699676514
-0.12020362168550491 -0.23422446846961975 0.9647226929664612 0.15369319915771484 -0.9922493100166321 0.059180278331041336 -0.10926517099142075 -0.46246057748794556 -0.03149990737438202 -0.9703795313835144 -0.23952268064022064 -3.6689887046813965
-0.12035790830850601 -0.234263613820076 0.9646939039230347 0.1537386178970337 -0.9922313094139099 0.059201210737228394 -0.1094173789024353 -0.4625456631183624 -0.03147846832871437 -0.9703688025474548 -0.23956896364688873 -3.669111728668213
-0.1203637346625328 -0.23430566489696503 0.9646829962730408 0.15374992787837982 -0.9922296404838562 0.059236783534288406 -0.10941318422555923 -0.4625498056411743 -0.031508516520261765 -0.9703564643859863 -0.23961491882801056 -3.6690948009490967
-0.12052588164806366 -0.23429572582244873 0.9646651744842529 0.15379174053668976 -0.9922125935554504 0.05919361487030983 -0.10959095507860184 -0.46256816387176514 -0.03142525628209114 -0.9703615307807922 -0.23960545659065247 -3.6691830158233643
-0.12053877860307693 -0.2343319207429886 0.9646547436714172 0.15379683673381805 -0.9922102093696594 0.059225596487522125 -0.10959511250257492 -0.46259650588035583 -0.0314505510032177 -0.9703508615493774 -0.23964543640613556 -3.669156789779663
-0.12038774788379669 -0.2343178540468216 0.9646770358085632 0.15379612147808075 -0.9922279715538025 0.05920512601733208 -0.10944529622793198 -0.46253502368927 -0.031468771398067474 -0.9703554511070251 -0.2396242320537567 -3.6690280437469482
-0.12050721049308777 -0.2342439591884613 0.9646800756454468 0.15380772948265076 -0.9922151565551758 0.059174079447984695 -0.10957829654216766 -0.462601900100708 -0.03141593188047409 -0.9703752398490906 -0.23955124616622925 -3.669050693511963
-0.12054499983787537 -0.23423585295677185 0.9646773338317871 0.15381988883018494 -0.9922096133232117 0.05921205133199692 -0.10960806161165237 -0.4625917971134186 -0.031446315348148346 -0.9703748822212219 -0.2395487129688263 -3.6690895557403564
-0.12065340578556061 -0.23430021107196808 0.9646481275558472 0.15380728244781494 -0.9921990036964417 0.059165988117456436 -0.10972879827022552 -0.46262070536613464 -0.0313648097217083 -0.97036212682724 -0.2396109402179718 -3.6691088676452637
-0.1206415668129921 -0.23431576788425446 0.9646458029747009 0.15382139384746552 -0.9921993613243103 0.059197429567575455 -0.10970833897590637 -0.4626142978668213 -0.031398091465234756 -0.9703564643859863 -0.2396295666694641 -3.6691250801086426
-0.12056828290224075 -0.23433837294578552 0.964649498462677 0.15378111600875854 -0.992207944393158 0.05919316038489342 -0.10963326692581177 -0.46257585287094116 -0.03140930086374283 -0.9703512787818909 -0.23964914679527283 -3.668989896774292
-0.1206081360578537 -0.23434294760227203 0.9646434187889099 0.15381276607513428 -0.992203414440155 0.05919237062335014 -0.10967428982257843 -0.4625333249568939 -0.03139806166291237 -0.9703502058982849 -0.23965489864349365 -3.6690173149108887
-0.12074019014835358 -0.23441529273986816 0.9646093249320984 0.15379521250724792 -0.9921904802322388 0.05913713574409485 -0.10982135683298111 -0.4625875949859619 -0.03130035474896431 -0.9703360795974731 -0.239724799990654 -3.6691019535064697
-0.12068922072649002 -0.23441845178604126 0.9646149277687073 0.153755322098732 -0.9921960830688477 0.05914299935102463 -0.109767384827137 -0.46258848905563354 -0.031318649649620056 -0.9703349471092224 -0.2397269457578659 -3.6691501140594482
-0.12083587795495987 -0.2343713790178299 0.9646080136299133 0.15379095077514648 -0.992179274559021 0.05914202332496643 -0.10992003232240677 -0.46259281039237976 -0.03128668665885925 -0.9703463912010193 -0.2396848350763321 -3.6692168712615967
-0.12056630104780197 -0.2343330681324005 0.9646510481834412 0.1537448912858963 -0.9922106266021729 0.05911595746874809 -0.10965046286582947 -0.46246275305747986 -0.03133147209882736 -0.9703572392463684 -0.23963509500026703 -3.668983221054077
-0.12059766054153442 -0.2343594878911972 0.9646406769752502 0.15377433598041534 -0.9922053813934326 0.05917110666632652 -0.10966822504997253 -0.46246424317359924 -0.031376998871564865 -0.97034752368927 -0.2396685779094696 -3.668909788131714
-0.12046712636947632 -0.23427550494670868 0.9646773934364319 0.15377068519592285 -0.9922221899032593 0.05910127982497215 -0.1095540001988411 -0.46240097284317017 -0.03134778141975403 -0.9703720211982727 -0.23957304656505585 -3.668804883956909
-0.12047301977872849 -0.23430462181568146 0.9646695852279663 0.1537848562002182 -0.9922183156013489 0.05920357257127762 -0.10953383147716522 -0.46245795488357544 -0.03144753351807594 -0.9703587889671326 -0.23961369693279266 -3.6686339378356934
-0.12053963541984558 -0.23429696261882782 0.9646631479263306 0.15381622314453125 -0.9922134280204773 0.05911926552653313 -0.10962341725826263 -0.4625890851020813 -0.0313456729054451 -0.9703657627105713 -0.23959875106811523 -3.668856143951416
-0.12052370607852936 -0.23432596027851105 0.9646580815315247 0.15379276871681213 -0.9922138452529907 0.05916518718004227 -0.10959473252296448 -0.46260395646095276 -0.03139321506023407 -0.9703559875488281 -0.23963220417499542 -3.6688387393951416
-0.12064976245164871 -0.23429808020591736 0.9646490812301636 0.15382306277751923 -0.9921996593475342 0.059157636016607285 -0.10972718149423599 -0.46264854073524475 -0.031357426196336746 -0.9703631401062012 -0.2396077662706375 -3.668935537338257
-0.12073329091072083 -0.23436662554740906 0.9646220207214355 0.15381237864494324 -0.9921900629997253 0.05916876345872879 -0.1098080724477768 -0.46261611580848694 -0.03134007379412651 -0.9703459143638611 -0.23967981338500977 -3.669011116027832
-0.12061183899641037 -0.23435571789741516 0.9646398425102234 0.1538109928369522 -0.9922032952308655 0.05918627604842186 -0.10967917740345001 -0.46256688237190247 -0.031389426440000534 -0.9703474640846252 -0.23966701328754425 -3.6688690185546875
-0.12060234695672989 -0.2343895584344864 0.9646328091621399 0.15377789735794067 -0.9922047853469849 0.05917629972100258 -0.10967075824737549 -0.46256619691848755 -0.0313776470720768 -0.9703398942947388 -0.23969918489456177 -3.6688966751098633
-0.12067505717277527 -0.23431456089019775 0.9646419286727905 0.153775155544281 -0.9921965599060059 0.059166014194488525 -0.10975058376789093 -0.46259936690330505 -0.031357791274785995 -0.970358669757843 -0.23962591588497162 -3.6689491271972656
-0.12066343426704407 -0.23430944979190826 0.9646446108818054 0.15376810729503632 -0.9921976327896118 0.05917416885495186 -0.10973677784204483 -0.46259620785713196 -0.031369611620903015 -0.9703593850135803 -0.2396213710308075 -3.6689648628234863
-0.12062592059373856 -0.23440568149089813 0.9646259546279907 0.15376053750514984 -0.9922008514404297 0.05921673774719238 -0.10968447476625443 -0.46249979734420776 -0.031411267817020416 -0.9703335762023926 -0.23972053825855255 -3.668782949447632
-0.12060227990150452 -0.2343868613243103 0.9646334648132324 0.15375970304012299 -0.9922029376029968 0.05923368036746979 -0.10965660214424133 -0.4624989926815033 -0.031436655670404434 -0.9703370928764343 -0.2397029846906662 -3.668750286102295
-0.12068323791027069 -0.2343451827764511 0.9646334648132324 0.15377704799175262 -0.992194414138794 0.059208355844020844 -0.1097475215792656 -0.4625997543334961 -0.03139549121260643 -0.9703486561775208 -0.23966136574745178 -3.6689178943634033
-0.12059830129146576 -0.2343849539756775 0.9646344184875488 0.15377669036388397 -0.9922018647193909 0.05928116664290428 -0.10964084416627884 -0.4624987542629242 -0.03148642182350159 -0.9703346490859985 -0.23970632255077362 -3.6688504219055176
-0.12061109393835068 -0.23439350724220276 0.9646307229995728 0.15380297601222992 -0.9922010898590088 0.05926051363348961 -0.10965881496667862 -0.46245238184928894 -0.03146112710237503 -0.9703338146209717 -0.2397129088640213 -3.6688854694366455
-0.12071117013692856 -0.2343624383211136 0.9646257758140564 0.15381251275539398 -0.9921911954879761 0.05921100452542305 -0.10977502167224884 -0.46247079968452454 -0.031389251351356506 -0.9703443646430969 -0.2396797239780426 -3.6689558029174805
-0.12066332250833511 -0.23438279330730438 0.9646268486976624 0.15377497673034668 -0.9921971559524536 0.05919690430164337 -0.1097286120057106 -0.46245813369750977 -0.03138435259461403 -0.9703403115272522 -0.23969677090644836 -3.6689741611480713
-0.12057757377624512 -0.2344803810119629 0.9646138548851013 0.15374545753002167 -0.9922047257423401 0.05927502363920212 -0.10961785912513733 -0.4623866379261017 -0.03147420287132263 -0.9703119397163391 -0.23979972302913666 -3.668839931488037
-0.12058757990598679 -0.23443958163261414 0.9646224975585938 0.15376406908035278 -0.992201566696167 0.05933251604437828 -0.10961530357599258 -0.46246346831321716 -0.03153524547815323 -0.9703183174133301 -0.23976603150367737 -3.6686582565307617
-0.12057214230298996 -0.23449674248695374 0.9646105170249939 0.1537407785654068 -0.9922008514404297 0.05941484495997429 -0.10957716405391693 -0.4624183177947998 -0.03161662817001343 -0.9702994227409363 -0.2398315966129303 -3.668550729751587
-0.12053855508565903 -0.23453287780284882 0.9646059274673462 0.15374524891376495 -0.9922033548355103 0.05946013331413269 -0.10953021794557571 -0.46240946650505066 -0.03166709095239639 -0.9702879190444946 -0.23987148702144623 -3.6684958934783936
-0.12060230225324631 -0.23444139957427979 0.9646202325820923 0.15376952290534973 -0.992199718952179 0.05933856964111328 -0.10962888598442078 -0.46250879764556885 -0.03153756260871887 -0.9703174829483032 -0.23976899683475494 -3.668694257736206
-0.12064854055643082 -0.23445482552051544 0.9646111726760864 0.15377020835876465 -0.9921929240226746 0.05938703566789627 -0.10966403037309647 -0.46252676844596863 -0.0315740667283535 -0.9703112840652466 -0.23978932201862335 -3.6686408519744873
-0.12072592973709106 -0.23446521162986755 0.9645989537239075 0.15380090475082397 -0.9921877980232239 0.05927490070462227 -0.1097709983587265 -0.46257472038269043 -0.031438957899808884 -0.9703156352043152 -0.23978948593139648 -3.668853521347046
-0.12063800543546677 -0.23446965217590332 0.9646088480949402 0.15379299223423004 -0.9921982884407043 0.0592612624168396 -0.10968378186225891 -0.4625663757324219 -0.03144635260105133 -0.9703153967857361 -0.23978948593139648 -3.668794870376587
-0.12065133452415466 -0.23445193469524384 0.9646115303039551 0.15378296375274658 -0.9921967387199402 0.05925961211323738 -0.10969848185777664 -0.4625733196735382 -0.031443413347005844 -0.9703197479248047 -0.23977214097976685 -3.6687862873077393
-0.1207711398601532 -0.23439721763134003 0.9646098017692566 0.15376102924346924 -0.9921848177909851 0.05920042470097542 -0.10983816534280777 -0.46263688802719116 -0.0313594825565815 -0.9703366160392761 -0.23971499502658844 -3.6688666343688965
-0.12073497474193573 -0.23437950015068054 0.9646186828613281 0.15374518930912018 -0.9921891689300537 0.0591910146176815 -0.10980387777090073 -0.4626181721687317 -0.03136090934276581 -0.9703414440155029 -0.23969517648220062 -3.668931007385254
-0.12088906764984131 -0.23436561226844788 0.9646027088165283 0.15376468002796173 -0.9921726584434509 0.05915817618370056 -0.10997094213962555 -0.462645560503006 -0.03129066526889801 -0.9703468084335327 -0.2396826595067978 -3.6690151691436768
-0.12089361995458603 -0.23439863324165344 0.9645941257476807 0.1537511944770813 -0.992171049118042 0.05919604003429413 -0.10996518284082413 -0.46267277002334595 -0.031324394047260284 -0.9703364968299866 -0.23971989750862122 -3.668996810913086
-0.12065283954143524 -0.23435890674591064 0.9646339416503906 0.15373685956001282 -0.9921968579292297 0.05924074724316597 -0.1097077950835228 -0.46256861090660095 -0.031434565782547 -0.9703434109687805 -0.23967766761779785 -3.668764114379883
-0.12069681286811829 -0.23440733551979065 0.9646166563034058 0.15375377237796783 -0.9921906590461731 0.05928299203515053 -0.1097409725189209 -0.4625319242477417 -0.0314612053334713 -0.9703291058540344 -0.23973198235034943 -3.6688075065612793
-0.1207684576511383 -0.23444297909736633 0.9645990133285522 0.1538068950176239 -0.9921839833259583 0.059241004288196564 -0.10982385277748108 -0.4625261723995209 -0.03139631450176239 -0.9703230857849121 -0.2397649586200714 -3.668931245803833
-0.12072045356035233 -0.2344294935464859 0.9646083116531372 0.15377262234687805 -0.9921899437904358 0.059225331991910934 -0.10977879911661148 -0.46251627802848816 -0.03139378875494003 -0.9703272581100464 -0.23974822461605072 -3.6689813137054443
-0.1206437274813652 -0.2344389259815216 0.9646156430244446 0.15373264253139496 -0.9921967387199402 0.05928623676300049 -0.10968451201915741 -0.4624249041080475 -0.0314740426838398 -0.9703212976455688 -0.23976197838783264 -3.668761968612671
-0.12066199630498886 -0.23441633582115173 0.9646188616752625 0.15374864637851715 -0.9921939373016357 0.059305332601070404 -0.10969934612512589 -0.46243375539779663 -0.03149165213108063 -0.9703255891799927 -0.23974230885505676 -3.6687047481536865
-0.12047266215085983 -0.23436138033866882 0.964655876159668 0.15374867618083954 -0.992218017578125 0.05921972543001175 -0.1095275804400444 -0.46241095662117004 -0.03145755082368851 -0.970344066619873 -0.23967187106609344 -3.668693780899048
-0.12044639140367508 -0.23432902991771698 0.964667022228241 0.1537342220544815 -0.9922201037406921 0.059243544936180115 -0.10949575155973434 -0.46242403984069824 -0.031492188572883606 -0.970350444316864 -0.23964157700538635 -3.6686503887176514
-0.1205281913280487 -0.23436477780342102 0.9646480679512024 0.15376536548137665 -0.992210328578949 0.059262391179800034 -0.10957404226064682 -0.462495356798172 -0.03148698806762695 -0.9703406691551208 -0.2396818846464157 -3.6687910556793213
-0.12052517384290695 -0.23443728685379028 0.9646308422088623 0.15372230112552643 -0.9922075271606445 0.05936787277460098 -0.10954245924949646 -0.46242332458496094 -0.03158717602491379 -0.9703167080879211 -0.2397657036781311 -3.66872239112854
-0.12052755057811737 -0.23443326354026794 0.9646315574645996 0.15371309220790863 -0.9922068119049072 0.05938176438212395 -0.10954160243272781 -0.46241387724876404 -0.031601257622241974 -0.9703168272972107 -0.23976334929466248 -3.6687192916870117
-0.12046752870082855 -0.2344786822795868 0.9646279811859131 0.1537516862154007 -0.9922112226486206 0.059460557997226715 -0.10945887118577957 -0.46240493655204773 -0.031691476702690125 -0.9703010320663452 -0.2398153841495514 -3.6686267852783203
-0.12042880058288574 -0.23447006940841675 0.964634895324707 0.15373073518276215 -0.9922152161598206 0.059471115469932556 -0.10941671580076218 -0.46241962909698486 -0.03171289712190628 -0.9703024625778198 -0.23980674147605896 -3.668616533279419
-0.12035395950078964 -0.2343994677066803 0.9646614193916321 0.15372973680496216 -0.9922264814376831 0.059378620237112045 -0.10936496406793594 -0.4624549150466919 -0.03164510801434517 -0.9703251719474792 -0.23972374200820923 -3.6685330867767334
-0.12037808448076248 -0.23441541194915771 0.9646545052528381 0.15370799601078033 -0.9922226667404175 0.059413496404886246 -0.10938062518835068 -0.4624563455581665 -0.031672924757003784 -0.9703191518783569 -0.23974430561065674 -3.6685492992401123
-0.12024125456809998 -0.2344064712524414 0.9646737575531006 0.1536996215581894 -0.9922407269477844 0.059333883225917816 -0.10925985127687454 -0.46245506405830383 -0.03162655234336853 -0.9703261852264404 -0.23972196877002716 -3.668555736541748
-0.12028814107179642 -0.23439249396324158 0.9646713137626648 0.153716042637825 -0.9922337532043457 0.059382762759923935 -0.10929647088050842 -0.46249786019325256 -0.031666506081819534 -0.9703266024589539 -0.239715114235878 -3.6684348583221436
-0.12014710158109665 -0.2343151718378067 0.9647076725959778 0.1537611484527588 -0.9922481179237366 0.0594237856566906 -0.10914386808872223 -0.46253761649131775 -0.03175244852900505 -0.970342755317688 -0.2396383285522461 -3.668248176574707
-0.12011954933404922 -0.23435036838054657 0.9647025465965271 0.15381376445293427 -0.9922498464584351 0.05946904793381691 -0.10910316556692123 -0.4625038802623749 -0.031801506876945496 -0.9703314900398254 -0.23967745900154114 -3.6682164669036865
-0.12013370543718338 -0.23436379432678223 0.964697539806366 0.15381790697574615 -0.9922473430633545 0.059499483555555344 -0.10910975933074951 -0.46251973509788513 -0.03182756155729294 -0.9703263640403748 -0.23969466984272003 -3.6681721210479736
-0.12007702142000198 -0.23440328240394592 0.9646949768066406 0.1538318693637848 -0.99225252866745 0.05954070761799812 -0.10903993993997574 -0.46254563331604004 -0.031879231333732605 -0.9703143239021301 -0.2397366464138031 -3.668168306350708
-0.12008661776781082 -0.23443083465099335 0.9646871089935303 0.15379998087882996 -0.9922515749931335 0.05953932926058769 -0.10904921591281891 -0.46249285340309143 -0.031872257590293884 -0.9703077673912048 -0.23976418375968933 -3.6682770252227783
-0.11988227069377899 -0.23446284234523773 0.9647047519683838 0.153744637966156 -0.9922778606414795 0.05944608896970749 -0.10886099189519882 -0.4625028669834137 -0.03182399645447731 -0.9703057408332825 -0.23977875709533691 -3.668222427368164
-0.11988922208547592 -0.23445558547973633 0.9647056460380554 0.1537158489227295 -0.9922767281532288 0.05945505201816559 -0.10886617004871368 -0.46248018741607666 -0.03183227404952049 -0.970306932926178 -0.23977278172969818 -3.6682677268981934
-0.11988426744937897 -0.23441439867019653 0.9647162556648254 0.15376190841197968 -0.9922780394554138 0.059428341686725616 -0.10886906087398529 -0.46250662207603455 -0.0318109467625618 -0.9703184962272644 -0.23972871899604797 -3.668336868286133
-0.11986178904771805 -0.23445236682891846 0.9647098183631897 0.15378093719482422 -0.9922806024551392 0.05943085625767708 -0.10884404182434082 -0.4624791443347931 -0.03181472048163414 -0.9703091979026794 -0.2397659718990326 -3.6683554649353027
-0.11976360529661179 -0.23449639976024628 0.9647113084793091 0.1538102775812149 -0.9922943115234375 0.059355542063713074 -0.10876017063856125 -0.46247339248657227 -0.03175702691078186 -0.9703031778335571 -0.23979802429676056 -3.6683504581451416
-0.11982390284538269 -0.2344488650560379 0.9647154211997986 0.15378330647945404 -0.9922865033149719 0.059380386024713516 -0.10881765931844711 -0.4626004099845886 -0.031772930175065994 -0.9703131318092346 -0.23975558578968048 -3.6684470176696777
-0.11984046548604965 -0.23447197675704956 0.9647077322006226 0.15377818048000336 -0.9922847151756287 0.05938076972961426 -0.10883381962776184 -0.46261799335479736 -0.031766537576913834 -0.9703075289726257 -0.23977911472320557 -3.668454647064209
-0.11988405883312225 -0.23455895483493805 0.9646811485290527 0.15372267365455627 -0.9922793507575989 0.05940480902791023 -0.10886979103088379 -0.4625284969806671 -0.0317702442407608 -0.9702849984169006 -0.239869624376297 -3.668576955795288
-0.11987332254648209 -0.23455682396888733 0.9646829962730408 0.15370672941207886 -0.9922801852226257 0.059416137635707855 -0.10885601490736008 -0.462533563375473 -0.031784750521183014 -0.9702848196029663 -0.2398684322834015 -3.6685924530029297
-0.12005923688411713 -0.23454159498214722 0.9646636247634888 0.15372103452682495 -0.9922622442245483 0.05932097136974335 -0.1090712919831276 -0.46259161829948425 -0.03164295852184296 -0.9702943563461304 -0.23984873294830322 -3.668837308883667
-0.12006460875272751 -0.2345300018787384 0.9646657705307007 0.15371021628379822 -0.9922624230384827 0.05929558351635933 -0.10908348113298416 -0.46260109543800354 -0.031616996973752975 -0.970298707485199 -0.23983454704284668 -3.6688711643218994
-0.12018834799528122 -0.23445212841033936 0.9646692872047424 0.15374262630939484 -0.9922473430633545 0.05932014435529709 -0.10920729488134384 -0.46251603960990906 -0.031620368361473083 -0.9703159928321838 -0.2397640198469162 -3.6688876152038574
-0.12019970268011093 -0.2344486266374588 0.9646686911582947 0.15375395119190216 -0.992245078086853 0.05935000255703926 -0.10921172052621841 -0.4625094532966614 -0.031648483127355576 -0.9703150391578674 -0.2397642880678177 -3.668933629989624
-0.12011730670928955 -0.2344181388616562 0.964686393737793 0.15374603867530823 -0.9922555685043335 0.05930910259485245 -0.10913809388875961 -0.4624427556991577 -0.031630661338567734 -0.9703249335289001 -0.2397267073392868 -3.668860912322998
-0.12012957036495209 -0.2344345897436142 0.9646808505058289 0.1537746787071228 -0.9922521114349365 0.059375274926424026 -0.10913380980491638 -0.4624653160572052 -0.03169338032603264 -0.9703168869018555 -0.23975087702274323 -3.6687841415405273
-0.12007734179496765 -0.2344496250152588 0.9646837115287781 0.15378327667713165 -0.9922600984573364 0.05931323394179344 -0.10909490287303925 -0.46245917677879333 -0.03164118155837059 -0.9703170657157898 -0.23975712060928345 -3.668811559677124
-0.12012013047933578 -0.23443691432476044 0.9646814465522766 0.15380588173866272 -0.9922542572021484 0.05934212729334831 -0.10913220793008804 -0.4624618589878082 -0.031661562621593475 -0.9703183770179749 -0.23974916338920593 -3.668790340423584
-0.12008742243051529 -0.2344648838043213 0.9646787643432617 0.15378239750862122 -0.9922560453414917 0.05940417945384979 -0.10908228904008865 -0.4624781310558319 -0.031729910522699356 -0.9703078269958496 -0.23978282511234283 -3.6685688495635986
-0.12009274959564209 -0.23446087539196014 0.9646790623664856 0.15377932786941528 -0.9922553896903992 0.059405773878097534 -0.1090875118970871 -0.46247726678848267 -0.031730685383081436 -0.9703086614608765 -0.23977920413017273 -3.6685659885406494
-0.12006734311580658 -0.23433895409107208 0.9647118449211121 0.15376774966716766 -0.9922557473182678 0.05946846306324005 -0.10904999822378159 -0.46247434616088867 -0.03181520104408264 -0.9703342914581299 -0.23966433107852936 -3.6684954166412354
-0.11995939910411835 -0.234307199716568 0.9647330045700073 0.15374575555324554 -0.992268979549408 0.059433866292238235 -0.10894858837127686 -0.4624286890029907 -0.03181030601263046 -0.970344066619873 -0.23962534964084625 -3.6683895587921143
-0.11999102681875229 -0.23433057963848114 0.9647233486175537 0.15378177165985107 -0.9922642707824707 0.059470586478710175 -0.10897126793861389 -0.4624561071395874 -0.03183729201555252 -0.9703361988067627 -0.23965373635292053 -3.6682796478271484
-0.12000437080860138 -0.23432514071464539 0.9647230505943298 0.15377719700336456 -0.9922623038291931 0.059483662247657776 -0.10898193717002869 -0.46245595812797546 -0.031847983598709106 -0.9703366756439209 -0.23965023458003998 -3.668255090713501
-0.12014520168304443 -0.23440790176391602 0.9646853804588318 0.15380114316940308 -0.9922498464584351 0.05938732251524925 -0.1091478019952774 -0.46253177523612976 -0.03170490637421608 -0.9703226089477539 -0.2397262454032898 -3.668438196182251
-0.11997620016336441 -0.2343328297138214 0.9647246599197388 0.15378740429878235 -0.9922727942466736 0.059261854737997055 -0.10900749266147614 -0.46254003047943115 -0.031627267599105835 -0.9703484177589417 -0.2396320402622223 -3.668426513671875
-0.1200503557920456 -0.2343796193599701 0.9647040963172913 0.15376271307468414 -0.9922638535499573 0.05928363651037216 -0.10907681286334991 -0.4624885022640228 -0.031625717878341675 -0.9703357815742493 -0.2396833747625351 -3.6685681343078613
-0.12025053054094315 -0.2344777137041092 0.9646552801132202 0.15379823744297028 -0.9922423958778381 0.05925709009170532 -0.10928598791360855 -0.4625237286090851 -0.03153746947646141 -0.9703136682510376 -0.2397843599319458 -3.668710947036743
-0.12027078866958618 -0.23444245755672455 0.9646613597869873 0.15374331176280975 -0.9922401905059814 0.05925127863883972 -0.10930943489074707 -0.4625092148780823 -0.03153057396411896 -0.9703225493431091 -0.23974935710430145 -3.6688005924224854
-0.12011753767728806 -0.23446938395500183 0.9646738767623901 0.15374040603637695 -0.9922583103179932 0.05923161283135414 -0.10915576666593552 -0.46240928769111633 -0.03154543414711952 -0.9703172445297241 -0.2397688925266266 -3.668635606765747
-0.12011530250310898 -0.23446808755397797 0.9646744728088379 0.1537291258573532 -0.992257297039032 0.05927036702632904 -0.109143927693367 -0.46241968870162964 -0.031585775315761566 -0.9703152179718018 -0.23977188766002655 -3.668627977371216
-0.12007927149534225 -0.23447129130363464 0.964678168296814 0.15370555222034454 -0.9922598600387573 0.05931609496474266 -0.10909546166658401 -0.46238359808921814 -0.031641121953725815 -0.9703116416931152 -0.2397790104150772 -3.6685638427734375
