# 3x4 first row second row third row Freq: 100 current Time: 2021-04-07-14:58:11
0.24925938248634338 -0.7190279364585876 0.648743748664856 0.4401228427886963 -0.2315858155488968 -0.6947072148323059 -0.6809916496276855 -0.5604847073554993 0.9403391480445862 0.019503651186823845 -0.33967888355255127 -3.618934392929077
0.24929307401180267 -0.7190040946006775 0.64875727891922 0.4401167333126068 -0.23154565691947937 -0.6947307586669922 -0.6809812784194946 -0.5604989528656006 0.9403401017189026 0.01954694464802742 -0.3396737575531006 -3.618948459625244
0.24928279221057892 -0.7190603017807007 0.6486988663673401 0.4401242733001709 -0.2315242886543274 -0.6946715116500854 -0.6810490489006042 -0.5604968070983887 0.9403480887413025 0.019584201276302338 -0.339649498462677 -3.618912935256958
0.2492114156484604 -0.7190686464309692 0.6487171053886414 0.44013434648513794 -0.2314750850200653 -0.6946632862091064 -0.6810741424560547 -0.5605248808860779 0.9403790831565857 0.019569559022784233 -0.33956441283226013 -3.6188466548919678
0.2493506520986557 -0.7190307974815369 0.6487054824829102 0.4401542544364929 -0.2315104603767395 -0.6947006583213806 -0.6810239553451538 -0.5604887008666992 0.9403334856033325 0.019631611183285713 -0.33968713879585266 -3.618858575820923
0.2493382692337036 -0.7190296053886414 0.6487115621566772 0.44015902280807495 -0.2315150648355484 -0.6947023272514343 -0.6810207366943359 -0.560471773147583 0.9403356313705444 0.019617976620793343 -0.3396819829940796 -3.6188430786132812
0.24935418367385864 -0.7189973592758179 0.6487412452697754 0.440154492855072 -0.2315700203180313 -0.6947369575500488 -0.6809666752815247 -0.5604963898658752 0.9403178691864014 0.019572822377085686 -0.33973371982574463 -3.6188747882843018
0.24937021732330322 -0.7189940214157104 0.6487387418746948 0.4401545524597168 -0.23155932128429413 -0.6947398781776428 -0.6809673309326172 -0.5604891777038574 0.9403162598609924 0.019591428339481354 -0.3397371172904968 -3.6188600063323975
0.2494046539068222 -0.7189868092536926 0.6487335562705994 0.4401021897792816 -0.23159107565879822 -0.6947473883628845 -0.6809489130973816 -0.5604477524757385 0.9402993321418762 0.01959088072180748 -0.33978408575057983 -3.618804454803467
0.2492654025554657 -0.7189933657646179 0.6487797498703003 0.4401024878025055 -0.2316167652606964 -0.6947440505027771 -0.6809435486793518 -0.5604907870292664 0.940329909324646 0.019467361271381378 -0.3397064805030823 -3.6186726093292236
0.2493569701910019 -0.7190253734588623 0.6487091183662415 0.4401622712612152 -0.2315741330385208 -0.6947075724601746 -0.6809952855110168 -0.5605401992797852 0.9403161406517029 0.01958662085235119 -0.33973777294158936 -3.618868827819824
0.24921633303165436 -0.7190318703651428 0.6487559080123901 0.4400962293148041 -0.23155760765075684 -0.6947034597396851 -0.68100506067276 -0.5604961514472961 0.940357506275177 0.01949317567050457 -0.339628666639328 -3.6189095973968506
0.24931296706199646 -0.7190864682197571 0.648658275604248 0.4400777816772461 -0.23157575726509094 -0.6946444511413574 -0.6810591220855713 -0.5604873895645142 0.9403274059295654 0.019583290442824364 -0.33970677852630615 -3.618922472000122
0.24920473992824554 -0.7190737724304199 0.6487139463424683 0.4400359094142914 -0.2315196543931961 -0.6946589350700378 -0.6810634136199951 -0.5604891777038574 0.9403699040412903 0.019534144550561905 -0.33959195017814636 -3.6189124584198
0.2492883801460266 -0.7190194725990295 0.6487420201301575 0.44006073474884033 -0.2315620630979538 -0.6947150230407715 -0.6809917688369751 -0.5604490041732788 0.9403373003005981 0.019539255648851395 -0.3396819233894348 -3.6189470291137695
0.2492688000202179 -0.7190277576446533 0.6487403512001038 0.44004303216934204 -0.23162499070167542 -0.6947080492973328 -0.6809775233268738 -0.5604713559150696 0.940326988697052 0.019481925293803215 -0.3397137522697449 -3.6188766956329346
0.2493782788515091 -0.7190597057342529 0.6486628651618958 0.4400578439235687 -0.23156258463859558 -0.6946708559989929 -0.681036651134491 -0.560482382774353 0.9403133392333984 0.019629647955298424 -0.339743047952652 -3.618945837020874
0.24933095276355743 -0.7190976142883301 0.6486390233039856 0.4401211440563202 -0.2315659523010254 -0.6946321129798889 -0.6810750365257263 -0.5604932308197021 0.9403250217437744 0.01961032673716545 -0.3397117257118225 -3.618851661682129
0.2493639439344406 -0.7190399169921875 0.6486902832984924 0.44008979201316833 -0.23154908418655396 -0.6946915984153748 -0.6810200810432434 -0.5605457425117493 0.9403204321861267 0.019618166610598564 -0.33972400426864624 -3.6189467906951904
0.2494811713695526 -0.719004213809967 0.6486847996711731 0.44011756777763367 -0.2316013127565384 -0.6947275996208191 -0.6809656023979187 -0.560543417930603 0.9402765035629272 0.01965179853141308 -0.3398436903953552 -3.6190295219421387
0.24947422742843628 -0.719015896320343 0.648674488067627 0.44012072682380676 -0.23161357641220093 -0.6947157382965088 -0.6809735298156738 -0.5605370998382568 0.9402753114700317 0.01964346505701542 -0.3398474454879761 -3.6190381050109863
0.24936863780021667 -0.719025194644928 0.6487048268318176 0.44010764360427856 -0.2314809262752533 -0.6947055459022522 -0.6810290217399597 -0.5605374574661255 0.9403359889984131 0.019664432853460312 -0.3396783173084259 -3.6191930770874023
0.24935048818588257 -0.7190393209457397 0.6486961245536804 0.44010910391807556 -0.23149700462818146 -0.6946914792060852 -0.6810379028320312 -0.5605279207229614 0.9403368234634399 0.01964588090777397 -0.33967703580856323 -3.6192150115966797
0.24940644204616547 -0.7189908027648926 0.6487284302711487 0.44009366631507874 -0.23145882785320282 -0.6947404146194458 -0.6810010075569153 -0.5605087280273438 0.9403313994407654 0.019692063331604004 -0.3396894037723541 -3.619206666946411
0.2494184672832489 -0.7189900279045105 0.6487246751785278 0.4400882124900818 -0.2314513772726059 -0.6947407722473145 -0.6810030937194824 -0.5604963898658752 0.9403300285339355 0.019706493243575096 -0.3396923243999481 -3.619218587875366
0.24938379228115082 -0.7189584970474243 0.6487729549407959 0.4400749206542969 -0.23156747221946716 -0.6947770714759827 -0.6809266209602356 -0.5605102777481079 0.9403106570243835 0.01957731693983078 -0.3397534489631653 -3.619107961654663
0.24929480254650116 -0.718956708908081 0.6488090753555298 0.4400564730167389 -0.23151983320713043 -0.6947798728942871 -0.6809399724006653 -0.5604990720748901 0.9403460025787354 0.01954258233308792 -0.33965766429901123 -3.6190857887268066
0.24939633905887604 -0.7189314365386963 0.6487981081008911 0.44006866216659546 -0.23159176111221313 -0.6948056817054749 -0.6808891296386719 -0.5604579448699951 0.9403013586997986 0.019554920494556427 -0.3397805094718933 -3.619081974029541
0.24918070435523987 -0.7189779877662659 0.6488293409347534 0.44009068608283997 -0.23161523044109344 -0.6947619915008545 -0.680925726890564 -0.5604445934295654 0.940352737903595 0.01939474605023861 -0.33964747190475464 -3.619013547897339
0.24929030239582062 -0.7189517021179199 0.6488163471221924 0.44008129835128784 -0.23167401552200317 -0.6947884559631348 -0.6808788180351257 -0.560468852519989 0.9403091669082642 0.019422538578510284 -0.33976638317108154 -3.6190714836120605
0.24918872117996216 -0.7189485430717468 0.648858904838562 0.4400723874568939 -0.23165611922740936 -0.6947935819625854 -0.6808796525001526 -0.5605012774467468 0.940340518951416 0.019355347380042076 -0.339683473110199 -3.619011878967285
0.24932746589183807 -0.7189178466796875 0.6488395929336548 0.4400770962238312 -0.2316991686820984 -0.694823682308197 -0.6808342933654785 -0.5605001449584961 0.9402931332588196 0.01941503770649433 -0.33981120586395264 -3.6190531253814697
0.2491864114999771 -0.7189327478408813 0.6488772630691528 0.4400838017463684 -0.23168712854385376 -0.6948108077049255 -0.6808514595031738 -0.5604900121688843 0.9403334856033325 0.019322367385029793 -0.33970481157302856 -3.6189985275268555
0.2492990344762802 -0.7189154028892517 0.6488532423973083 0.4400724470615387 -0.2317339926958084 -0.6948275566101074 -0.6808184385299683 -0.560478687286377 0.9402921199798584 0.01936597190797329 -0.3398168981075287 -3.619006633758545
0.24914418160915375 -0.7189223170280457 0.6489050388336182 0.4401082396507263 -0.2317214161157608 -0.6948233842849731 -0.6808270215988159 -0.5604951977729797 0.9403362274169922 0.019258853048086166 -0.3397008180618286 -3.618891716003418
0.24904702603816986 -0.7189431190490723 0.6489192843437195 0.440094918012619 -0.2318660020828247 -0.6948065757751465 -0.6807949542999268 -0.5605120658874512 0.9403263330459595 0.019087595865130424 -0.3397378921508789 -3.6188793182373047
0.24909932911396027 -0.7189125418663025 0.6489330530166626 0.4400983452796936 -0.23190659284591675 -0.6948383450508118 -0.6807486414909363 -0.5604628324508667 0.9403024911880493 0.019082127138972282 -0.3398042619228363 -3.618839979171753
0.24897883832454681 -0.7189083099365234 0.6489840149879456 0.4400842785835266 -0.23188406229019165 -0.6948449611663818 -0.6807495951652527 -0.560458779335022 0.9403399229049683 0.019003143534064293 -0.3397049903869629 -3.6187853813171387
0.24910381436347961 -0.7188986539840698 0.6489467620849609 0.440095990896225 -0.23191975057125092 -0.6948530673980713 -0.6807291507720947 -0.5604930520057678 0.9402980208396912 0.019068608060479164 -0.3398172855377197 -3.618881940841675
0.24897649884223938 -0.718906581401825 0.6489868760108948 0.4400978684425354 -0.23186419904232025 -0.6948463916778564 -0.6807548999786377 -0.5604612231254578 0.9403454661369324 0.019015105441212654 -0.3396890461444855 -3.6188552379608154
0.24906235933303833 -0.7189300656318665 0.6489278674125671 0.4401032328605652 -0.2318156659603119 -0.694818913936615 -0.6807994842529297 -0.5604605078697205 0.940334677696228 0.01912982575595379 -0.3397124111652374 -3.6188693046569824
0.2490234375 -0.718906819820404 0.648968517780304 0.4400968551635742 -0.23175548017024994 -0.6948429346084595 -0.6807954907417297 -0.5604539513587952 0.9403598308563232 0.019131965935230255 -0.3396426737308502 -3.6188457012176514
0.24915622174739838 -0.71889728307724 0.648928165435791 0.440128892660141 -0.23174463212490082 -0.6948499083518982 -0.6807920336723328 -0.5604802966117859 0.9403273463249207 0.019237905740737915 -0.33972665667533875 -3.6189210414886475
0.24907207489013672 -0.718890368938446 0.6489681005477905 0.44007304310798645 -0.23164737224578857 -0.6948569416999817 -0.6808179616928101 -0.5604678988456726 0.9403735995292664 0.01924091950058937 -0.3395984470844269 -3.6189417839050293
0.24916130304336548 -0.7188670635223389 0.6489596366882324 0.4400497078895569 -0.23170845210552216 -0.6948807239532471 -0.6807729005813599 -0.5604830980300903 0.9403349161148071 0.019252775236964226 -0.33970487117767334 -3.6189796924591064
0.2490864396095276 -0.7188763618469238 0.6489781737327576 0.4400596618652344 -0.23168961703777313 -0.6948722004890442 -0.680787980556488 -0.5604797601699829 0.940359354019165 0.01921350322663784 -0.3396393358707428 -3.6189537048339844
0.2492147833108902 -0.718888521194458 0.6489154100418091 0.44007930159568787 -0.23175741732120514 -0.6948580741882324 -0.6807793378829956 -0.5604648590087891 0.940308690071106 0.019269268959760666 -0.33977657556533813 -3.619023084640503
0.24907970428466797 -0.7189119458198547 0.6489412784576416 0.44010674953460693 -0.23179399967193604 -0.6948370933532715 -0.6807882785797119 -0.5604913234710693 0.9403354525566101 0.019149795174598694 -0.33970922231674194 -3.6189332008361816
0.24918009340763092 -0.7189036011695862 0.6489120125770569 0.4400874674320221 -0.231861874461174 -0.6948451399803162 -0.6807569265365601 -0.5604615211486816 0.9402921199798584 0.019173074513673782 -0.33982783555984497 -3.6189064979553223
0.24907247722148895 -0.7189056277275085 0.6489510536193848 0.4401095509529114 -0.23180444538593292 -0.694844126701355 -0.6807775497436523 -0.5604600310325623 0.9403347969055176 0.019133159890770912 -0.339711993932724 -3.618852138519287
0.24917620420455933 -0.7189146280288696 0.6489012837409973 0.4401024878025055 -0.23184049129486084 -0.6948332190513611 -0.6807764172554016 -0.5604653358459473 0.9402983784675598 0.01919165626168251 -0.3398093283176422 -3.618861198425293
0.24918176233768463 -0.7188901901245117 0.6489262580871582 0.44011855125427246 -0.231901615858078 -0.6948599815368652 -0.6807282567024231 -0.5604833364486694 0.940281867980957 0.019137969240546227 -0.33985814452171326 -3.618870258331299
0.2491651326417923 -0.7189096212387085 0.6489111185073853 0.4401363730430603 -0.23192238807678223 -0.6948403716087341 -0.6807411909103394 -0.5605234503746033 0.9402811527252197 0.01911991462111473 -0.3398611545562744 -3.618786096572876
0.2492755949497223 -0.7188864350318909 0.6488943099975586 0.4401411712169647 -0.2319907695055008 -0.6948637366294861 -0.6806941032409668 -0.5605055689811707 0.9402350187301636 0.019142867997288704 -0.33998751640319824 -3.618792772293091
0.24919146299362183 -0.7188529968261719 0.6489636898040771 0.44013431668281555 -0.23193329572677612 -0.6948994398117065 -0.6806772351264954 -0.5605068206787109 0.9402714967727661 0.01910261996090412 -0.33988887071609497 -3.6187691688537598
0.24927188456058502 -0.7188796997070312 0.6489032506942749 0.4401122033596039 -0.23195812106132507 -0.6948702335357666 -0.680698573589325 -0.5605089068412781 0.9402440190315247 0.019160600379109383 -0.3399614989757538 -3.61875319480896
0.24914757907390594 -0.718903660774231 0.6489244699478149 0.4401392936706543 -0.23193153738975525 -0.6948472261428833 -0.6807311177253723 -0.5604680180549622 0.9402835369110107 0.01909642107784748 -0.3398558497428894 -3.618715286254883
0.2492210566997528 -0.7188977599143982 0.6489027738571167 0.44015976786613464 -0.23200172185897827 -0.6948532462120056 -0.6807010173797607 -0.560474693775177 0.9402467608451843 0.019098423421382904 -0.33995750546455383 -3.6187477111816406
0.24925123155117035 -0.7188954949378967 0.6488936543464661 0.44015341997146606 -0.23200489580631256 -0.6948550343513489 -0.6806981563568115 -0.5604904294013977 0.9402379393577576 0.01911829225718975 -0.3399806618690491 -3.6187334060668945
0.24919158220291138 -0.7189190983772278 0.6488903760910034 0.44011572003364563 -0.23196682333946228 -0.6948307156562805 -0.6807358860969543 -0.5605250000953674 0.9402631521224976 0.019112566486001015 -0.3399112820625305 -3.61877703666687
0.24903519451618195 -0.7189380526542664 0.6489294767379761 0.44010019302368164 -0.23196594417095184 -0.6948142051696777 -0.6807531118392944 -0.5604852437973022 0.9403048157691956 0.019001901149749756 -0.33980223536491394 -3.618760585784912
0.24912942945957184 -0.7189454436302185 0.6488851308822632 0.44009166955947876 -0.23194637894630432 -0.6948040723800659 -0.6807700991630554 -0.5604456067085266 0.9402846693992615 0.019093260169029236 -0.33985283970832825 -3.6187076568603516
0.24904228746891022 -0.7189601063728333 0.6489022970199585 0.4400344491004944 -0.23193635046482086 -0.6947903037071228 -0.6807875633239746 -0.5604251623153687 0.9403102397918701 0.019040821120142937 -0.33978506922721863 -3.6187026500701904
0.24913401901721954 -0.719014048576355 0.6488073468208313 0.4400513470172882 -0.23191630840301514 -0.6947313547134399 -0.6808545589447021 -0.5603992938995361 0.9402908682823181 0.019154971465468407 -0.33983221650123596 -3.618748426437378
0.24904678761959076 -0.7190032601356506 0.6488527655601501 0.4400303065776825 -0.23186346888542175 -0.6947434544563293 -0.6808602213859558 -0.5604118704795837 0.9403270483016968 0.019120758399367332 -0.33973413705825806 -3.618695020675659
0.24914442002773285 -0.719038188457489 0.6487765312194824 0.4400564730167389 -0.23182594776153564 -0.6947039365768433 -0.6809133291244507 -0.5604326128959656 0.9403104186058044 0.019242463633418083 -0.3397732377052307 -3.6188127994537354
0.24906183779239655 -0.7190379500389099 0.6488085389137268 0.4401298463344574 -0.23175731301307678 -0.6947045922279358 -0.6809360384941101 -0.5604416728019714 0.9403492212295532 0.01922900415956974 -0.3396666347980499 -3.618732213973999
0.24922733008861542 -0.718996524810791 0.6487908959388733 0.44014519453048706 -0.23176348209381104 -0.6947446465492249 -0.680893063545227 -0.5604743957519531 0.9403038620948792 0.019331064075231552 -0.3397864103317261 -3.6187896728515625
0.24904562532901764 -0.7190381288528442 0.6488145589828491 0.44015830755233765 -0.2318127155303955 -0.6947058439254761 -0.6809158325195312 -0.5604463219642639 0.9403398633003235 0.01917559839785099 -0.339695543050766 -3.618762254714966
0.24912934005260468 -0.7190555930137634 0.6487630605697632 0.4401623606681824 -0.2318030744791031 -0.6946855187416077 -0.6809399127960205 -0.5604486465454102 0.9403200745582581 0.019256778061389923 -0.33974575996398926 -3.6187920570373535
0.24920247495174408 -0.7190061807632446 0.6487897038459778 0.4401051104068756 -0.23179028928279877 -0.6947355270385742 -0.6808931827545166 -0.5604835748672485 0.9403038024902344 0.01929706707596779 -0.33978837728500366 -3.6187937259674072
0.24921883642673492 -0.7190142869949341 0.6487745046615601 0.4401034116744995 -0.23180052638053894 -0.6947268843650818 -0.6808984875679016 -0.5604851841926575 0.9402969479560852 0.019306421279907227 -0.33980682492256165 -3.61879301071167
0.24930384755134583 -0.7189855575561523 0.6487736105918884 0.44008299708366394 -0.23190583288669586 -0.694757342338562 -0.6808315515518188 -0.5605300068855286 0.9402484893798828 0.019279489293694496 -0.3399425446987152 -3.6187498569488525
0.2491704225540161 -0.7189974784851074 0.6488116979598999 0.4400688707828522 -0.2318042665719986 -0.694745659828186 -0.6808781027793884 -0.5605040192604065 0.9403088688850403 0.0192573145031929 -0.3397766649723053 -3.618727207183838
0.2492426037788391 -0.7190320491790771 0.6487456560134888 0.4400789439678192 -0.23182977735996246 -0.6947083473205566 -0.6809075474739075 -0.5604768991470337 0.940283477306366 0.019312560558319092 -0.33984386920928955 -3.6187548637390137
0.24911366403102875 -0.7190239429473877 0.6488041877746582 0.4400796592235565 -0.23177273571491241 -0.6947184801101685 -0.6809166073799133 -0.5604755282402039 0.9403316974639893 0.01925045996904373 -0.3397139310836792 -3.618701219558716
0.24920327961444855 -0.7190651297569275 0.6487241387367249 0.44010844826698303 -0.23176400363445282 -0.6946731209754944 -0.680965781211853 -0.5604509711265564 0.9403100609779358 0.019347967579960823 -0.3397681415081024 -3.6187520027160645
0.24912507832050323 -0.7190579175949097 0.6487621665000916 0.4400964081287384 -0.23172907531261444 -0.694681704044342 -0.6809689998626709 -0.5604429244995117 0.9403394460678101 0.01930934749543667 -0.339689165353775 -3.6187312602996826
0.24927791953086853 -0.7190178036689758 0.6487478613853455 0.44009461998939514 -0.23180052638053894 -0.6947218775749207 -0.6809036135673523 -0.5604981780052185 0.9402812719345093 0.01935409940779209 -0.33984747529029846 -3.6188032627105713
0.24911801517009735 -0.7190474271774292 0.6487764716148376 0.4400504231452942 -0.2317640334367752 -0.6946935057640076 -0.6809449791908264 -0.5605065226554871 0.9403326511383057 0.01927257515490055 -0.33970993757247925 -3.6188037395477295
0.24925440549850464 -0.7190215587615967 0.648752748966217 0.4400830566883087 -0.23181267082691193 -0.6947187185287476 -0.6809027194976807 -0.5604817271232605 0.9402845501899719 0.019328847527503967 -0.3398399353027344 -3.61887264251709
0.24911819398403168 -0.7190427184104919 0.6487815976142883 0.44006773829460144 -0.23181654512882233 -0.6946995258331299 -0.6809210181236267 -0.5604822635650635 0.9403196573257446 0.019231459125876427 -0.33974820375442505 -3.618833303451538
0.24908941984176636 -0.7190536260604858 0.6487805247306824 0.44007980823516846 -0.231809601187706 -0.6946885585784912 -0.6809345483779907 -0.5603986382484436 0.9403290152549744 0.01921999268233776 -0.33972302079200745 -3.618701219558716
0.24908553063869476 -0.7190414667129517 0.6487955451011658 0.4400802552700043 -0.2317812293767929 -0.6947008967399597 -0.6809316277503967 -0.5603830218315125 0.940337061882019 0.019231539219617844 -0.3397001624107361 -3.61869215965271
0.24920006096363068 -0.7190647125244141 0.6487257480621338 0.44010746479034424 -0.23181255161762238 -0.6946746110916138 -0.6809477806091309 -0.5604220628738403 0.9402989745140076 0.01930941268801689 -0.3398011028766632 -3.6187992095947266
0.2491694539785385 -0.7190461158752441 0.6487581729888916 0.4400983452796936 -0.2317684292793274 -0.6946938633918762 -0.6809431314468384 -0.5604470372200012 0.9403179883956909 0.01930852048099041 -0.3397486209869385 -3.618870973587036
0.24915017187595367 -0.7190582156181335 0.6487521529197693 0.44008883833885193 -0.2318013608455658 -0.6946823000907898 -0.6809437870979309 -0.5604730248451233 0.9403149485588074 0.019275585189461708 -0.33975881338119507 -3.618830442428589
0.249232217669487 -0.7190597653388977 0.6487189531326294 0.44004401564598083 -0.23181214928627014 -0.6946791410446167 -0.6809433102607727 -0.5604376792907715 0.9402905702590942 0.019332028925418854 -0.3398231267929077 -3.6187455654144287
0.2492065131664276 -0.7191017866134644 0.648682177066803 0.4400639832019806 -0.2318745255470276 -0.6946368217468262 -0.68096524477005 -0.5604631900787354 0.9402819871902466 0.019288048148155212 -0.3398493230342865 -3.618652820587158
0.24934738874435425 -0.7190539836883545 0.648681104183197 0.440090537071228 -0.23190505802631378 -0.694684624671936 -0.6809060573577881 -0.560472309589386 0.9402371048927307 0.019349664449691772 -0.3399699628353119 -3.6186795234680176
0.24921052157878876 -0.7190303802490234 0.6487598419189453 0.4400459825992584 -0.23177264630794525 -0.6947096586227417 -0.6809256076812744 -0.5604572892189026 0.9403060674667358 0.019329002127051353 -0.33978044986724854 -3.6186881065368652
0.24920259416103363 -0.7189967632293701 0.6488001346588135 0.4400383234024048 -0.23170608282089233 -0.6947436928749084 -0.6809135675430298 -0.5604615211486816 0.9403245449066162 0.0193544439971447 -0.3397277891635895 -3.618769407272339
0.2492382675409317 -0.7189965844154358 0.6487866044044495 0.4400358498096466 -0.2317253053188324 -0.6947435140609741 -0.6809071898460388 -0.5604521632194519 0.9403103590011597 0.019367804750800133 -0.3397662937641144 -3.618774175643921
0.2492648810148239 -0.7189997434616089 0.6487728953361511 0.4400571286678314 -0.23176847398281097 -0.6947405338287354 -0.6808955073356628 -0.5604673027992249 0.9402926564216614 0.019358178600668907 -0.33981579542160034 -3.6187548637390137
0.24925097823143005 -0.7189880609512329 0.6487911939620972 0.44005411863327026 -0.23174528777599335 -0.69475257396698 -0.6808910965919495 -0.5604588985443115 0.9403020739555359 0.019358424469828606 -0.3397897779941559 -3.618753671646118
0.24937182664871216 -0.7189599275588989 0.6487759351730347 0.44002413749694824 -0.23178745806217194 -0.6947804093360901 -0.6808483600616455 -0.5604498386383057 0.9402596354484558 0.01940622180700302 -0.33990445733070374 -3.6186869144439697
0.24934591352939606 -0.7189689874649048 0.6487758755683899 0.4400324821472168 -0.23168396949768066 -0.6947693228721619 -0.6808949112892151 -0.560421884059906 0.9402920007705688 0.019467338919639587 -0.33981138467788696 -3.6186563968658447
0.24929043650627136 -0.7189954519271851 0.6487678289413452 0.4400841295719147 -0.2316848188638687 -0.694742739200592 -0.680921733379364 -0.5604314804077148 0.9403064846992493 0.019437571987509727 -0.3397729694843292 -3.6185529232025146
0.2493835687637329 -0.7190139889717102 0.6487115025520325 0.4400879144668579 -0.23166793584823608 -0.6947209239006042 -0.6809497475624084 -0.5604366660118103 0.9402859807014465 0.0195319764316082 -0.339824378490448 -3.618607997894287
0.24928221106529236 -0.7190212607383728 0.6487423777580261 0.44011473655700684 -0.2316330373287201 -0.6947147250175476 -0.6809679269790649 -0.5604051947593689 0.9403214454650879 0.019482972100377083 -0.3397290110588074 -3.618563413619995
0.24937711656093597 -0.7190287113189697 0.6486976742744446 0.44012343883514404 -0.23165318369865417 -0.6947053074836731 -0.6809707283973694 -0.5604617595672607 0.9402912855148315 0.019545575603842735 -0.3398088216781616 -3.618638277053833
0.2493700385093689 -0.71902996301651 0.6486989855766296 0.4401307702064514 -0.23164349794387817 -0.6947038769721985 -0.6809754371643066 -0.5604948401451111 0.9402955770492554 0.019547918811440468 -0.33979687094688416 -3.6185874938964844
0.24949334561824799 -0.7190094590187073 0.6486743092536926 0.44011735916137695 -0.23169614374637604 -0.6947238445281982 -0.6809371709823608 -0.5605286955833435 0.9402498602867126 0.01959391124546528 -0.33992061018943787 -3.6185860633850098
0.24935080111026764 -0.7190375328063965 0.6486980319023132 0.44010937213897705 -0.231727734208107 -0.6946981549263 -0.6809526085853577 -0.5605352520942688 0.9402799010276794 0.019474711269140244 -0.33984440565109253 -3.6185524463653564
0.24946309626102448 -0.7190676331520081 0.6486214399337769 0.4401054382324219 -0.23172980546951294 -0.6946641206741333 -0.6809866428375244 -0.5605224967002869 0.9402496218681335 0.0195760577917099 -0.33992239832878113 -3.6185343265533447
0.24926522374153137 -0.7190463542938232 0.6487210988998413 0.44006791710853577 -0.23165909945964813 -0.6946893334388733 -0.6809849739074707 -0.5605001449584961 0.9403195381164551 0.019463682547211647 -0.3397354483604431 -3.618547201156616
0.2493417114019394 -0.7191128730773926 0.6486179828643799 0.4400775730609894 -0.2316780835390091 -0.6946182250976562 -0.6810510754585266 -0.5604548454284668 0.9402945637702942 0.019543828442692757 -0.3397999107837677 -3.6185567378997803
0.24923080205917358 -0.71913743019104 0.6486334204673767 0.4400140643119812 -0.23164325952529907 -0.694594144821167 -0.6810874342918396 -0.5604279041290283 0.9403325319290161 0.019496368244290352 -0.3396975100040436 -3.6185758113861084
0.24920780956745148 -0.7191963195800781 0.6485769152641296 0.4400266706943512 -0.2316778302192688 -0.6945334672927856 -0.6811375617980957 -0.5604291558265686 0.9403301477432251 0.01948385313153267 -0.3397049307823181 -3.618542432785034
0.24931979179382324 -0.7191439270973206 0.6485919952392578 0.4400283992290497 -0.2317504584789276 -0.6945875883102417 -0.6810576319694519 -0.5604693293571472 0.9402825236320496 0.019489608705043793 -0.3398362994194031 -3.618617296218872
0.24920354783535004 -0.7191662788391113 0.6486119031906128 0.4400205612182617 -0.2317289113998413 -0.6945662498474121 -0.6810867786407471 -0.560471773147583 0.9403186440467834 0.019427070394158363 -0.3397398889064789 -3.618567943572998
0.249332994222641 -0.7191579341888428 0.6485713720321655 0.4400467872619629 -0.23181578516960144 -0.6945739388465881 -0.6810493469238281 -0.5604705214500427 0.9402629137039185 0.019458957016468048 -0.33989226818084717 -3.6186423301696777
0.24922575056552887 -0.7191566228866577 0.6486140489578247 0.440011203289032 -0.23178201913833618 -0.6945769190788269 -0.6810578107833862 -0.5604739785194397 0.9402996897697449 0.01940002851188183 -0.33979395031929016 -3.618623733520508
0.24932298064231873 -0.7190906405448914 0.6486498117446899 0.4400179386138916 -0.2318301945924759 -0.69464510679245 -0.6809718608856201 -0.560451328754425 0.9402620196342468 0.01940528117120266 -0.33989784121513367 -3.618624210357666
0.24919474124908447 -0.7191032767295837 0.648685097694397 0.4400136172771454 -0.2318446785211563 -0.6946349143981934 -0.6809773445129395 -0.5604390501976013 0.940292477607727 0.019301744177937508 -0.3398195505142212 -3.618594169616699
0.24929450452327728 -0.7191066741943359 0.6486430168151855 0.44002434611320496 -0.2318701595067978 -0.6946297287940979 -0.6809739470481873 -0.5604560971260071 0.9402597546577454 0.019362064078450203 -0.3399066627025604 -3.6186587810516357
0.2492121458053589 -0.7190779447555542 0.6487064957618713 0.44002580642700195 -0.23178091645240784 -0.6946598291397095 -0.6809736490249634 -0.5604426860809326 0.9403035640716553 0.019349070265889168 -0.3397861421108246 -3.6186363697052
0.24931947886943817 -0.7190455198287964 0.6487011909484863 0.44001102447509766 -0.2318420112133026 -0.6946927905082703 -0.6809191703796387 -0.5604560971260071 0.9402600526809692 0.0193701833486557 -0.339905321598053 -3.6186509132385254
0.2492256611585617 -0.7190535664558411 0.6487283110618591 0.4400329291820526 -0.2318529337644577 -0.6946865916252136 -0.6809217929840088 -0.5604657530784607 0.9402822256088257 0.019293569028377533 -0.3398483395576477 -3.6185710430145264
0.24922356009483337 -0.7190170288085938 0.6487696170806885 0.4400123357772827 -0.23184041678905487 -0.6947247385978699 -0.6808871626853943 -0.5604534149169922 0.940285861492157 0.01928204484283924 -0.3398388922214508 -3.6185853481292725
0.24928921461105347 -0.7190049886703491 0.6487576961517334 0.44000858068466187 -0.2318105846643448 -0.6947353482246399 -0.6808865070343018 -0.5604045987129211 0.9402758479118347 0.019348708912730217 -0.3398629128932953 -3.6185412406921387
0.24919629096984863 -0.719042956829071 0.6487513184547424 0.4400317370891571 -0.23184533417224884 -0.6946982145309448 -0.6809125542640686 -0.5603658556938171 0.9402918815612793 0.01927085965871811 -0.3398228883743286 -3.618516206741333
0.24933502078056335 -0.7190238237380981 0.6487192511558533 0.4400556683540344 -0.2318122833967209 -0.6947146058082581 -0.6809070706367493 -0.5604045391082764 0.9402632713317871 0.019392836838960648 -0.3398951590061188 -3.6186158657073975
0.24923989176750183 -0.7190205454826355 0.6487594246864319 0.4400670528411865 -0.23176215589046478 -0.6947190761566162 -0.6809195876121521 -0.5603877305984497 0.9403008222579956 0.019354380667209625 -0.3397933840751648 -3.6185827255249023
0.24938203394412994 -0.7189708948135376 0.6487598419189453 0.4400632381439209 -0.23183687031269073 -0.6947696208953857 -0.6808425188064575 -0.5604232549667358 0.940244734287262 0.01938340626657009 -0.3399469554424286 -3.6186587810516357
0.24930839240550995 -0.719014048576355 0.648740291595459 0.44011327624320984 -0.23184813559055328 -0.6947261691093445 -0.6808830499649048 -0.5604185461997986 0.9402614831924438 0.019340574741363525 -0.3399030566215515 -3.618594169616699
0.24942193925380707 -0.7189467549324036 0.6487712860107422 0.4400888979434967 -0.23189131915569305 -0.6947953104972839 -0.680797815322876 -0.5604013800621033 0.9402207136154175 0.019361434504389763 -0.34001460671424866 -3.6185295581817627
0.24927642941474915 -0.7189379334449768 0.6488369703292847 0.4400559663772583 -0.23180270195007324 -0.6948058009147644 -0.6808172464370728 -0.5604060292243958 0.9402811527252197 0.01930948719382286 -0.33985039591789246 -3.6184895038604736
0.24937844276428223 -0.7189552783966064 0.6487785577774048 0.4400999844074249 -0.23186112940311432 -0.6947866082191467 -0.6808169484138489 -0.5603845119476318 0.9402397274971008 0.019354496151208878 -0.33996251225471497 -3.6185617446899414
0.2493550032377243 -0.7189520597457886 0.6487911343574524 0.4400535225868225 -0.23186862468719482 -0.6947906613349915 -0.680810272693634 -0.5603968501091003 0.9402440786361694 0.019329093396663666 -0.33995187282562256 -3.6185247898101807
0.24928414821624756 -0.7189843058586121 0.6487826108932495 0.4400571286678314 -0.2319413274526596 -0.6947598457336426 -0.6808169484138489 -0.5604183077812195 0.9402449131011963 0.019237319007515907 -0.3399547040462494 -3.6184306144714355
0.24938037991523743 -0.7190305590629578 0.6486943364143372 0.440065860748291 -0.23191237449645996 -0.6947085857391357 -0.6808791160583496 -0.5604145526885986 0.9402265548706055 0.01935759000480175 -0.339998722076416 -3.6184632778167725
0.24932792782783508 -0.7190280556678772 0.6487172842025757 0.44003885984420776 -0.23184505105018616 -0.6947109699249268 -0.6808995604515076 -0.5603922009468079 0.9402570724487305 0.0193653367459774 -0.33991387486457825 -3.618455410003662
0.249304860830307 -0.7190374135971069 0.6487157940864563 0.44002652168273926 -0.23184546828269958 -0.6947016716003418 -0.6809089779853821 -0.5604324340820312 0.9402630925178528 0.019352056086063385 -0.3398979902267456 -3.6185688972473145
0.24941982328891754 -0.7190105319023132 0.6487014293670654 0.4400298297405243 -0.23191994428634644 -0.6947289705276489 -0.6808557510375977 -0.5604166388511658 0.940214216709137 0.019372081384062767 -0.3400319814682007 -3.6186063289642334
0.24932712316513062 -0.7190098762512207 0.6487377285957336 0.43999189138412476 -0.23182165622711182 -0.6947296261787415 -0.6808885335922241 -0.5603786110877991 0.940263032913208 0.019372472539544106 -0.33989691734313965 -3.618656635284424
0.2494322806596756 -0.7190403938293457 0.6486635208129883 0.43997496366500854 -0.23179025948047638 -0.6946946978569031 -0.6809349060058594 -0.5603683590888977 0.9402428865432739 0.019493212923407555 -0.3399457633495331 -3.618690013885498
0.24931654334068298 -0.7190438508987427 0.6487041115760803 0.43996942043304443 -0.23173323273658752 -0.6946923136711121 -0.6809566617012024 -0.5603662729263306 0.9402876496315002 0.019447408616542816 -0.3398245573043823 -3.6186423301696777
0.2494034320116043 -0.719125509262085 0.6485801935195923 0.4399796426296234 -0.23169106245040894 -0.6946038603782654 -0.681061327457428 -0.5603682398796082 0.9402750134468079 0.019588731229305267 -0.3398514688014984 -3.618725061416626
0.24929453432559967 -0.7191349267959595 0.6486116647720337 0.44001147150993347 -0.23167385160923004 -0.694595992565155 -0.6810751557350159 -0.5603909492492676 0.9403080940246582 0.019521912559866905 -0.3397636413574219 -3.618638753890991
0.2493884563446045 -0.7191135287284851 0.6485992670059204 0.4400123953819275 -0.23171769082546234 -0.6946173310279846 -0.681038498878479 -0.5604142546653748 0.9402723908424377 0.019551172852516174 -0.33986079692840576 -3.618691921234131
0.24927879869937897 -0.7191371917724609 0.6486151814460754 0.44008421897888184 -0.23171982169151306 -0.6945949196815491 -0.6810606122016907 -0.5604339838027954 0.9403009414672852 0.019476942718029022 -0.3397860527038574 -3.6185457706451416
0.24934925138950348 -0.7191545367240906 0.648568868637085 0.44009172916412354 -0.2317284792661667 -0.694575309753418 -0.6810776591300964 -0.5604225397109985 0.9402801394462585 0.0195342767983675 -0.3398403525352478 -3.6185624599456787
0.24925486743450165 -0.7191502451896667 0.6486099362373352 0.4400743246078491 -0.23162412643432617 -0.6945797801017761 -0.6811086535453796 -0.5603908896446228 0.9403308629989624 0.019535889849066734 -0.3396998345851898 -3.6185812950134277
0.24934442341327667 -0.7191823720932007 0.6485398411750793 0.4400665760040283 -0.23162536323070526 -0.6945440769195557 -0.6811445951461792 -0.5603922605514526 0.9403068423271179 0.019621282815933228 -0.33976149559020996 -3.6186211109161377
0.24939870834350586 -0.7191587686538696 0.6485451459884644 0.4400680661201477 -0.23160290718078613 -0.6945672035217285 -0.6811286807060242 -0.5604813098907471 0.9402979612350464 0.019667617976665497 -0.33978334069252014 -3.6186506748199463
0.24939800798892975 -0.7191565632820129 0.648547887802124 0.4400748312473297 -0.2315901666879654 -0.6945692896842957 -0.6811308860778809 -0.5604820251464844 0.9403012990951538 0.019675320014357567 -0.33977368474006653 -3.618649959564209
0.24934425950050354 -0.7191289663314819 0.6485991477966309 0.4400550127029419 -0.23167431354522705 -0.6946011781692505 -0.6810696721076965 -0.5605072975158691 0.9402948021888733 0.019557006657123566 -0.3397984504699707 -3.6185803413391113
0.249150812625885 -0.719166100025177 0.6486323475837708 0.4400614798069 -0.23171867430210114 -0.6945673227310181 -0.6810891628265381 -0.5605310797691345 0.9403351545333862 0.019393639639019966 -0.33969613909721375 -3.6185007095336914
0.2492285966873169 -0.7191261649131775 0.6486467123031616 0.44004884362220764 -0.23178307712078094 -0.6946088671684265 -0.6810248494148254 -0.5605373382568359 0.9402986764907837 0.019385486841201782 -0.33979758620262146 -3.6184639930725098
0.24920208752155304 -0.7191355228424072 0.6486465334892273 0.44004467129707336 -0.23178631067276 -0.6945997476577759 -0.6810330748558044 -0.560539722442627 0.9403049349784851 0.01936742663383484 -0.33978137373924255 -3.6184370517730713
0.2492479383945465 -0.7191334962844849 0.6486311554908752 0.44001421332359314 -0.23168212175369263 -0.6945986747741699 -0.6810696125030518 -0.5604707598686218 0.9403184056282043 0.01947891339659691 -0.33973756432533264 -3.618440628051758
0.24914374947547913 -0.7191104888916016 0.6486966609954834 0.4400412440299988 -0.2316443920135498 -0.6946243047714233 -0.6810563206672668 -0.5604286789894104 0.9403553605079651 0.01941392756998539 -0.3396391272544861 -3.6183719635009766
0.24918794631958008 -0.7191957831382751 0.6485851407051086 0.4400733709335327 -0.23161137104034424 -0.694533109664917 -0.681160569190979 -0.560434103012085 0.9403517842292786 0.01951725408434868 -0.33964312076568604 -3.6184442043304443
0.2491302341222763 -0.7191916704177856 0.648611843585968 0.44010838866233826 -0.23158691823482513 -0.6945381760597229 -0.6811636686325073 -0.5604076981544495 0.9403730630874634 0.01948840357363224 -0.3395857512950897 -3.618384838104248
0.24927447736263275 -0.7191424369812012 0.6486110687255859 0.4401043951511383 -0.2316431850194931 -0.6945878863334656 -0.6810938119888306 -0.5604684948921204 0.9403209686279297 0.019532930105924606 -0.33972740173339844 -3.618438959121704
0.2491321861743927 -0.7191488742828369 0.6486585736274719 0.44009071588516235 -0.23161405324935913 -0.6945836544036865 -0.6811080574989319 -0.5604442954063416 0.9403658509254456 0.01944745145738125 -0.3396080434322357 -3.618420124053955
0.24929635226726532 -0.719117283821106 0.6486304998397827 0.44011375308036804 -0.23165546357631683 -0.6946141123771667 -0.6810629367828369 -0.5604552626609802 0.9403121471405029 0.019527669996023178 -0.3397521376609802 -3.6184659004211426
0.2491745948791504 -0.7191069722175598 0.6486887335777283 0.4400698244571686 -0.23156224191188812 -0.6946256756782532 -0.6810828447341919 -0.5604349970817566 0.9403674006462097 0.019496668130159378 -0.3396010100841522 -3.6184775829315186
0.24918381869792938 -0.719224214553833 0.6485551595687866 0.4400513172149658 -0.23160375654697418 -0.6945031881332397 -0.6811936497688293 -0.5604739785194397 0.9403547048568726 0.019534580409526825 -0.33963391184806824 -3.6184942722320557
0.2491876184940338 -0.7192130088806152 0.6485661864280701 0.44005081057548523 -0.23161616921424866 -0.6945151686668396 -0.6811771988868713 -0.5604665875434875 0.9403506517410278 0.01952245831489563 -0.3396458625793457 -3.6184942722320557
0.24925339221954346 -0.7191622853279114 0.6485971212387085 0.4400023818016052 -0.23160505294799805 -0.6945667266845703 -0.6811283826828003 -0.5604771971702576 0.9403359889984131 0.019555136561393738 -0.3396846652030945 -3.618530511856079
0.24936935305595398 -0.7190806269645691 0.6486431360244751 0.44000735878944397 -0.23164205253124237 -0.6946507096290588 -0.6810301542282104 -0.560439944267273 0.9402961134910583 0.019574971869587898 -0.3397938311100006 -3.61853289604187
0.24921897053718567 -0.7191389799118042 0.6486362218856812 0.44001293182373047 -0.23172904551029205 -0.6945945620536804 -0.681057870388031 -0.5604270100593567 0.940314531326294 0.019424641504883766 -0.3397514522075653 -3.61849045753479
0.24933746457099915 -0.7191905975341797 0.6485334038734436 0.44000759720802307 -0.23169495165348053 -0.6945370435714722 -0.6811281442642212 -0.5604204535484314 0.9402915239334106 0.01956878788769245 -0.33980685472488403 -3.6185097694396973
0.24920181930065155 -0.7191803455352783 0.6485968828201294 0.43999233841896057 -0.23166315257549286 -0.694550096988678 -0.6811256408691406 -0.5604238510131836 0.9403353333473206 0.01948169246315956 -0.3396906554698944 -3.618473529815674
0.24926964938640594 -0.7192021012306213 0.6485467553138733 0.4399875998497009 -0.2316540628671646 -0.6945255994796753 -0.6811536550521851 -0.5604392886161804 0.9403195977210999 0.019552385434508324 -0.3397301733493805 -3.618513584136963
0.2491750866174698 -0.7192844748497009 0.6484917402267456 0.44001737236976624 -0.23174060881137848 -0.6944429278373718 -0.6812085509300232 -0.5604284405708313 0.9403233528137207 0.01945827528834343 -0.33972519636154175 -3.618412733078003
