# 3x4 first row second row third row Freq: 100 current Time: 2021-04-07-14:46:41
-0.020993445068597794 -0.46997523307800293 0.882429838180542 0.19389952719211578 -0.994961142539978 -0.07672858238220215 -0.06453578919172287 -0.5891512036323547 0.09803788363933563 -0.8793383240699768 -0.46599623560905457 -3.608121395111084
-0.021177297458052635 -0.47007057070732117 0.88237464427948 0.19394084811210632 -0.99494868516922 -0.07671239972114563 -0.06474650651216507 -0.5891289114952087 0.09812457114458084 -0.8792887330055237 -0.4660715162754059 -3.608139991760254
-0.021025702357292175 -0.4698658883571625 0.8824872970581055 0.1940283179283142 -0.9949730038642883 -0.07660925388336182 -0.06449519097805023 -0.5889707207679749 0.09791085869073868 -0.8794071078300476 -0.46589305996894836 -3.6078245639801025
-0.021083766594529152 -0.47002407908439636 0.8824016451835632 0.19390958547592163 -0.9949713945388794 -0.07657354325056076 -0.06456159800291061 -0.5890190005302429 0.0979142040014267 -0.8793256878852844 -0.466046005487442 -3.6077661514282227
-0.02111254632472992 -0.46999257802963257 0.8824177384376526 0.19389420747756958 -0.9949679970741272 -0.07658744603395462 -0.0645974650979042 -0.5890002250671387 0.0979425236582756 -0.8793413043022156 -0.46601060032844543 -3.607677698135376
-0.020967470481991768 -0.4700380563735962 0.8823969960212708 0.19393976032733917 -0.9949661493301392 -0.07669642567634583 -0.06449735164642334 -0.589061439037323 0.09799297153949738 -0.8793075084686279 -0.4660637676715851 -3.6078667640686035
-0.020992476493120193 -0.47010964155197144 0.8823582530021667 0.19391311705112457 -0.9949579238891602 -0.07674834132194519 -0.06456206738948822 -0.5890659093856812 0.09807085990905762 -0.8792647123336792 -0.4661281108856201 -3.6077380180358887
-0.02082776464521885 -0.4701475203037262 0.8823419809341431 0.19388794898986816 -0.9949662685394287 -0.0767788290977478 -0.06439726054668427 -0.5891584157943726 0.09802147001028061 -0.8792418241500854 -0.4661817252635956 -3.6078450679779053
-0.021013371646404266 -0.4701716899871826 0.8823246955871582 0.19389557838439941 -0.9949512481689453 -0.07678991556167603 -0.06461548060178757 -0.5892084836959839 0.09813407808542252 -0.8792279362678528 -0.46618425846099854 -3.607814073562622
-0.02102958969771862 -0.47005948424339294 0.8823840618133545 0.19393306970596313 -0.9949557185173035 -0.07674732059240341 -0.06459707021713257 -0.5891396403312683 0.09808515012264252 -0.8792916536331177 -0.4660743772983551 -3.6075944900512695
-0.02081572450697422 -0.4699796438217163 0.88243168592453 0.19393037259578705 -0.994962751865387 -0.07683060318231583 -0.06439002603292465 -0.5891959071159363 0.09805983304977417 -0.8793270587921143 -0.4660128951072693 -3.607722043991089
-0.02080831490457058 -0.46997418999671936 0.8824347853660583 0.1939164102077484 -0.994961142539978 -0.07685013860464096 -0.06439133733510971 -0.5892083644866943 0.09807757288217545 -0.8793282508850098 -0.46600690484046936 -3.6076600551605225
-0.02053108625113964 -0.4700077772140503 0.8824234008789062 0.1938321590423584 -0.9949578642845154 -0.07705788314342499 -0.06419308483600616 -0.5891850590705872 0.0981689989566803 -0.8792921304702759 -0.46605581045150757 -3.607895851135254
-0.020526355132460594 -0.47001707553863525 0.8824185132980347 0.1938038319349289 -0.9949591159820557 -0.07704930752515793 -0.06418437510728836 -0.589195966720581 0.09815756231546402 -0.8792878985404968 -0.4660661816596985 -3.6078507900238037
-0.020429551601409912 -0.46993595361709595 0.8824639916419983 0.19390998780727386 -0.9949595332145691 -0.07711461186408997 -0.06409963220357895 -0.5890892744064331 0.09817366302013397 -0.8793255090713501 -0.4659917950630188 -3.6079084873199463
-0.020453082397580147 -0.46993327140808105 0.8824648857116699 0.1939036101102829 -0.9949584007263184 -0.0771092101931572 -0.06412295997142792 -0.5890836715698242 0.09817975014448166 -0.8793274164199829 -0.4659869074821472 -3.607851505279541
-0.020412543788552284 -0.46994563937187195 0.8824592232704163 0.19387364387512207 -0.9949870109558105 -0.07687807828187943 -0.06395631283521652 -0.589008092880249 0.09789782762527466 -0.8793410658836365 -0.46602049469947815 -3.6077632904052734
-0.020414115861058235 -0.4699271321296692 0.8824690580368042 0.19386927783489227 -0.994983971118927 -0.07690593600273132 -0.06397052854299545 -0.5889766812324524 0.09792867302894592 -0.8793485164642334 -0.46599993109703064 -3.607701539993286
-0.020242728292942047 -0.4698244631290436 0.8825276494026184 0.19391047954559326 -0.9949954748153687 -0.07692112773656845 -0.06377246230840683 -0.589047908782959 0.09784695506095886 -0.8794020414352417 -0.46591609716415405 -3.6078314781188965
-0.020242955535650253 -0.4698915481567383 0.882491946220398 0.19386698305606842 -0.9949937462806702 -0.07693217694759369 -0.06378699094057083 -0.5890609622001648 0.09786506742238998 -0.8793652057647705 -0.46598175168037415 -3.607724666595459
-0.02031508833169937 -0.469746470451355 0.8825675249099731 0.19387491047382355 -0.9949983954429626 -0.07685389369726181 -0.06380864232778549 -0.5890012979507446 0.09780270606279373 -0.8794496059417725 -0.46583566069602966 -3.6075809001922607
-0.02034611627459526 -0.4697774052619934 0.8825502991676331 0.1938822716474533 -0.9949920773506165 -0.07688836753368378 -0.06386575847864151 -0.5889706611633301 0.09786061942577362 -0.8794300556182861 -0.4658603370189667 -3.607516050338745
-0.02033798024058342 -0.469827264547348 0.8825239539146423 0.1938399374485016 -0.9950088858604431 -0.0767383947968483 -0.06378339231014252 -0.5889728665351868 0.09769072383642197 -0.8794165253639221 -0.465921550989151 -3.607630968093872
-0.020293543115258217 -0.46996667981147766 0.8824507594108582 0.19376981258392334 -0.9950062036514282 -0.07678183168172836 -0.06377377361059189 -0.5891113877296448 0.09772780537605286 -0.8793382048606873 -0.466061532497406 -3.6077027320861816
-0.020315898582339287 -0.46997159719467163 0.8824476003646851 0.19373618066310883 -0.9950070381164551 -0.07675911486148834 -0.0637875497341156 -0.5891255736351013 0.09771430492401123 -0.8793376088142395 -0.46606555581092834 -3.607659101486206
-0.02034894749522209 -0.4698837399482727 0.8824936747550964 0.1938708871603012 -0.9949995279312134 -0.07681158930063248 -0.06384161114692688 -0.5891381502151489 0.09778394550085068 -0.87937992811203 -0.4659710228443146 -3.6078357696533203
-0.020384574308991432 -0.46987384557724 0.8824980854988098 0.19383254647254944 -0.9950006008148193 -0.07677946984767914 -0.06386351585388184 -0.5891770124435425 0.09776560217142105 -0.8793880343437195 -0.4659595787525177 -3.607776403427124
-0.020247887820005417 -0.46982306241989136 0.8825282454490662 0.19385935366153717 -0.995018482208252 -0.07671135663986206 -0.06366696208715439 -0.5892050266265869 0.09761222451925278 -0.8794211149215698 -0.4659293293952942 -3.6079113483428955
-0.020221978425979614 -0.46985217928886414 0.8825134038925171 0.19385971128940582 -0.9950144290924072 -0.07676258683204651 -0.06366854161024094 -0.589206874370575 0.09765888750553131 -0.8794010877609253 -0.4659573435783386 -3.607882499694824
-0.02028396539390087 -0.4699782729148865 0.8824447989463806 0.19380615651607513 -0.995023787021637 -0.0766286700963974 -0.06368324160575867 -0.5891515612602234 0.09755038470029831 -0.8793454170227051 -0.46608516573905945 -3.6077396869659424
-0.02027338556945324 -0.4700574576854706 0.8824028968811035 0.19379842281341553 -0.9950158596038818 -0.07670143246650696 -0.06371979415416718 -0.5891256928443909 0.09763360023498535 -0.8792967200279236 -0.46615955233573914 -3.6076648235321045
-0.02024519070982933 -0.4699758291244507 0.8824470043182373 0.1938028633594513 -0.9950093030929565 -0.07678468525409698 -0.0637219101190567 -0.58924400806427 0.09770624339580536 -0.8793330788612366 -0.46607574820518494 -3.607750177383423
-0.020268090069293976 -0.46995809674263 0.8824558854103088 0.1937759518623352 -0.9950095415115356 -0.0767689049243927 -0.06373714655637741 -0.5892660617828369 0.09769903123378754 -0.8793439269065857 -0.466056764125824 -3.6076958179473877
-0.020303305238485336 -0.4700789153575897 0.8823907375335693 0.19379669427871704 -0.9949952960014343 -0.07686498761177063 -0.06384292989969254 -0.5892073512077332 0.09783624112606049 -0.8792709708213806 -0.4661656618118286 -3.6079916954040527
-0.020511500537395477 -0.4703695476055145 0.8822310566902161 0.19375218451023102 -0.9949676394462585 -0.07695658504962921 -0.06416281312704086 -0.5892734527587891 0.0980737954378128 -0.8791075348854065 -0.4664239287376404 -3.6080198287963867
-0.020501118153333664 -0.47037139534950256 0.882230281829834 0.19370640814304352 -0.9949685335159302 -0.07695570588111877 -0.0641508623957634 -0.5892959237098694 0.09806746244430542 -0.8791065812110901 -0.4664269983768463 -3.6079771518707275
-0.020853163674473763 -0.47039949893951416 0.8822070360183716 0.193821981549263 -0.9949548840522766 -0.07684562355279922 -0.06449303030967712 -0.5892215371131897 0.09813131392002106 -0.8791012167930603 -0.46642374992370605 -3.6079587936401367
-0.020815687254071236 -0.4703975319862366 0.8822090029716492 0.19380570948123932 -0.9949581623077393 -0.07684117555618286 -0.06444815546274185 -0.5892276167869568 0.09810630232095718 -0.8791026473045349 -0.4664263129234314 -3.6079132556915283
-0.02078762836754322 -0.47043919563293457 0.8821874260902405 0.19385191798210144 -0.994956374168396 -0.07687243074178696 -0.0644383430480957 -0.5892110466957092 0.09813028573989868 -0.8790776133537292 -0.4664684236049652 -3.6079537868499756
-0.020788734778761864 -0.4704557955265045 0.882178544998169 0.19385811686515808 -0.9949531555175781 -0.07689927518367767 -0.06445592641830444 -0.5891956090927124 0.09816262871026993 -0.8790663480758667 -0.4664827883243561 -3.60791015625
-0.020727545022964478 -0.47043678164482117 0.8821901679039001 0.1938769668340683 -0.9949573874473572 -0.07690262794494629 -0.0643862932920456 -0.589185357093811 0.09813249111175537 -0.8790762424468994 -0.46647050976753235 -3.6079351902008057
-0.020865755155682564 -0.4705221951007843 0.8821413516998291 0.19389866292476654 -0.9949468374252319 -0.07690070569515228 -0.06455191969871521 -0.5891358852386475 0.09821047633886337 -0.879030704498291 -0.4665399193763733 -3.6079025268554688
-0.02077462524175644 -0.470333456993103 0.8822441101074219 0.19400353729724884 -0.9949543476104736 -0.07690669596195221 -0.06442854553461075 -0.5890902876853943 0.09815345704555511 -0.8791311979293823 -0.4663625657558441 -3.6079001426696777
-0.020823119208216667 -0.47044190764427185 0.882185161113739 0.19394861161708832 -0.9949511885643005 -0.07689544558525085 -0.0644909217953682 -0.5890436768531799 0.09817532449960709 -0.8790741562843323 -0.46646547317504883 -3.607893943786621
-0.020541664212942123 -0.4703470468521118 0.8822423219680786 0.1939646452665329 -0.9949678778648376 -0.07693647593259811 -0.0641833245754242 -0.5889957547187805 0.09806512296199799 -0.8791213035583496 -0.46639975905418396 -3.607827663421631
-0.020518191158771515 -0.4704880714416504 0.8821676969528198 0.193807914853096 -0.9949818253517151 -0.0768166333436966 -0.06411099433898926 -0.5890207290649414 0.09792868047952652 -0.8790563344955444 -0.46655091643333435 -3.6077663898468018
-0.020494185388088226 -0.4704844057559967 0.8821702003479004 0.19376987218856812 -0.9949834942817688 -0.07681770622730255 -0.0640840232372284 -0.5890071392059326 0.09791690111160278 -0.8790581822395325 -0.4665498435497284 -3.6077070236206055
-0.020663071423768997 -0.47056907415390015 0.8821210861206055 0.19374872744083405 -0.9949688911437988 -0.07683215290307999 -0.06429282575845718 -0.5889831185340881 0.09802955389022827 -0.8790116310119629 -0.4666139483451843 -3.607572078704834
-0.020953161641955376 -0.47079187631607056 0.8819953799247742 0.19372813403606415 -0.9949461221694946 -0.07682982087135315 -0.06464686244726181 -0.5891371965408325 0.09819883108139038 -0.8788924813270569 -0.4668026864528656 -3.6076648235321045
-0.020979927852749825 -0.4707976281642914 0.8819916844367981 0.19368386268615723 -0.9949438571929932 -0.07683241367340088 -0.06467915326356888 -0.5891435146331787 0.09821641445159912 -0.8788892030715942 -0.46680518984794617 -3.607602119445801
-0.02118416130542755 -0.47078531980514526 0.8819933533668518 0.1937018632888794 -0.994942843914032 -0.07670795917510986 -0.06484189629554749 -0.5891344547271729 0.09818259626626968 -0.8789066672325134 -0.4667794406414032 -3.6075167655944824
-0.021093053743243217 -0.4706840515136719 0.882049560546875 0.19381897151470184 -0.9949582815170288 -0.07663726806640625 -0.06468883156776428 -0.5889573097229004 0.09804593771696091 -0.8789670467376709 -0.4666944146156311 -3.6074469089508057
-0.021250059828162193 -0.47069990634918213 0.882037341594696 0.19381369650363922 -0.9949549436569214 -0.07656252384185791 -0.06482824683189392 -0.5889875888824463 0.0980457291007042 -0.8789650797843933 -0.46669819951057434 -3.607316493988037
-0.02124873735010624 -0.47086775302886963 0.8819478154182434 0.1937430053949356 -0.9949267506599426 -0.07680333405733109 -0.0649757906794548 -0.5892507433891296 0.09833160787820816 -0.8788541555404663 -0.46684688329696655 -3.6077709197998047
-0.021364567801356316 -0.4708841145038605 0.881936252117157 0.193715438246727 -0.9949222207069397 -0.07676619291305542 -0.06508880108594894 -0.5892608761787415 0.09835224598646164 -0.878848671913147 -0.46685293316841125 -3.607731580734253
-0.021228723227977753 -0.47082364559173584 0.8819718360900879 0.1938309222459793 -0.9949115514755249 -0.07695532590150833 -0.06502837687730789 -0.5893008708953857 0.09848939627408981 -0.8788645267486572 -0.4667941629886627 -3.6081154346466064
-0.021391121670603752 -0.4708400070667267 0.8819591403007507 0.19386735558509827 -0.9949053525924683 -0.07690265029668808 -0.06518566608428955 -0.5892435908317566 0.09851709008216858 -0.878860354423523 -0.4667961597442627 -3.608149766921997
-0.021132754161953926 -0.47066178917884827 0.8820605278015137 0.19395844638347626 -0.994921863079071 -0.07693850994110107 -0.06489074975252151 -0.5892134308815002 0.09840609133243561 -0.87895268201828 -0.466645747423172 -3.608250379562378
-0.021310973912477493 -0.4707384407520294 0.8820152878761292 0.19396205246448517 -0.9949089884757996 -0.07693034410476685 -0.06509712338447571 -0.5891977548599243 0.09849752485752106 -0.8789123296737671 -0.466702401638031 -3.6082217693328857
-0.02132086083292961 -0.47094711661338806 0.8819036483764648 0.19380459189414978 -0.9949019551277161 -0.0769713893532753 -0.0651564672589302 -0.5892654061317444 0.09856667369604111 -0.8787969350814819 -0.46690505743026733 -3.6081669330596924
-0.021382944658398628 -0.4710163474082947 0.8818652033805847 0.19392357766628265 -0.9948949217796326 -0.07698783278465271 -0.06524401158094406 -0.5892752408981323 0.09862396121025085 -0.8787583708763123 -0.4669654965400696 -3.608257293701172
-0.021555466577410698 -0.4710683226585388 0.8818332552909851 0.19389264285564423 -0.9948828816413879 -0.07697761803865433 -0.06543979793787003 -0.5892535448074341 0.09870810806751251 -0.8787314295768738 -0.46699845790863037 -3.6082706451416016
-0.021215863525867462 -0.47093579173088074 0.8819122314453125 0.19397488236427307 -0.9949102997779846 -0.07696658372879028 -0.06503403186798096 -0.5891395807266235 0.0985046997666359 -0.8788034319877625 -0.4669059216976166 -3.6081724166870117
-0.02131631411612034 -0.47090238332748413 0.8819276690483093 0.19393494725227356 -0.9949141144752502 -0.07686936855316162 -0.06509148329496384 -0.589188277721405 0.09844503551721573 -0.878829836845398 -0.4668687880039215 -3.6080801486968994
-0.0210504662245512 -0.4709487557411194 0.8819093108177185 0.19385045766830444 -0.9949242472648621 -0.07695016264915466 -0.06484035402536392 -0.5891545414924622 0.09839961677789688 -0.8787978887557983 -0.46693846583366394 -3.6079671382904053
-0.021137414500117302 -0.47098344564437866 0.8818886876106262 0.1938256025314331 -0.9949262738227844 -0.07687216252088547 -0.06490138173103333 -0.5891608595848083 0.09836024045944214 -0.8787861466407776 -0.4669688940048218 -3.6078953742980957
-0.020846085622906685 -0.4708033502101898 0.8819917440414429 0.1939360797405243 -0.994939923286438 -0.07695484161376953 -0.06459392607212067 -0.5891426801681519 0.09828463941812515 -0.8788754343986511 -0.466816782951355 -3.6080145835876465
-0.02102229930460453 -0.47089463472366333 0.8819388747215271 0.19387872517108917 -0.9949305057525635 -0.07691644877195358 -0.06478383392095566 -0.5890668630599976 0.09834203869104385 -0.878829836845398 -0.46689045429229736 -3.608041763305664
-0.020719431340694427 -0.4707835614681244 0.8820053339004517 0.19391469657421112 -0.9949532151222229 -0.07692001014947891 -0.06443005055189133 -0.589038074016571 0.09817653894424438 -0.8788890838623047 -0.4668138325214386 -3.6080517768859863
-0.020888803526759148 -0.47081899642944336 0.8819823861122131 0.19388337433338165 -0.9949432611465454 -0.07689547538757324 -0.06461255252361298 -0.5890219211578369 0.09824135154485703 -0.8788722157478333 -0.46683192253112793 -3.607996940612793
-0.020511571317911148 -0.47076451778411865 0.8820203542709351 0.19384834170341492 -0.9949429631233215 -0.07714901864528656 -0.0643148124217987 -0.5890905261039734 0.09832420945167542 -0.878879189491272 -0.46680131554603577 -3.6081314086914062
-0.020476218312978745 -0.47065213322639465 0.882081151008606 0.19380901753902435 -0.994943380355835 -0.07717660069465637 -0.06427539885044098 -0.5891764760017395 0.09832745045423508 -0.8789369463920593 -0.46669188141822815 -3.6082165241241455
-0.02045760303735733 -0.47067326307296753 0.8820703029632568 0.1937883049249649 -0.9949443340301514 -0.07717844843864441 -0.06425805389881134 -0.5891820192337036 0.09832143783569336 -0.8789255023002625 -0.4667147696018219 -3.6082093715667725
-0.020561762154102325 -0.47060656547546387 0.882103443145752 0.19376429915428162 -0.9949458837509155 -0.07710136473178864 -0.0643261969089508 -0.5892124176025391 0.0982837900519371 -0.8789679408073425 -0.46664270758628845 -3.608149290084839
-0.020643778145313263 -0.4705182611942291 0.8821486234664917 0.1938539296388626 -0.9949427247047424 -0.07708250731229782 -0.06439755856990814 -0.5891455411911011 0.09829853475093842 -0.8790168762207031 -0.466547429561615 -3.608020305633545
-0.020754056051373482 -0.4705870747566223 0.8821093440055847 0.19378113746643066 -0.9949465394020081 -0.0769713819026947 -0.06447162479162216 -0.5890699028968811 0.09823676943778992 -0.8789898157119751 -0.46661147475242615 -3.607800006866455
-0.020953528583049774 -0.47071373462677 0.8820370435714722 0.19381055235862732 -0.9949401021003723 -0.0768890231847763 -0.06466886401176453 -0.589038610458374 0.09825956076383591 -0.8789291977882385 -0.466720849275589 -3.6077003479003906
-0.020938288420438766 -0.4707191288471222 0.8820345401763916 0.19379684329032898 -0.9949410557746887 -0.07689037919044495 -0.06465307623147964 -0.5890257358551025 0.09825348109006882 -0.878926157951355 -0.4667277932167053 -3.6076433658599854
-0.021169045940041542 -0.4706227481365204 0.8820804357528687 0.19391147792339325 -0.9949264526367188 -0.07687639445066452 -0.06489377468824387 -0.589087724685669 0.09835173189640045 -0.8789790272712708 -0.46660760045051575 -3.607755184173584
-0.021173151209950447 -0.4705940783023834 0.8820956945419312 0.19391953945159912 -0.9949252605438232 -0.07688676565885544 -0.06490029394626617 -0.5890823602676392 0.0983632504940033 -0.8789934515953064 -0.4665779173374176 -3.6077146530151367
-0.021319597959518433 -0.47064724564552307 0.8820637464523315 0.19394154846668243 -0.9949228763580322 -0.07680757343769073 -0.06503015011548996 -0.5890251398086548 0.09835551679134369 -0.8789719343185425 -0.46662014722824097 -3.607679605484009
-0.021378589794039726 -0.4709166884422302 0.8819185495376587 0.19373780488967896 -0.994901180267334 -0.07694260030984879 -0.06520244479179382 -0.5892471075057983 0.0985620990395546 -0.878815770149231 -0.46687057614326477 -3.6077346801757812
-0.021311238408088684 -0.47046926617622375 0.8821589350700378 0.19401460886001587 -0.9949103593826294 -0.07693784683942795 -0.06506738811731339 -0.589066207408905 0.09848368912935257 -0.8790557980537415 -0.4664350748062134 -3.6076457500457764
-0.021310564130544662 -0.47045445442199707 0.8821668028831482 0.1940353661775589 -0.9949126839637756 -0.076918825507164 -0.06505466252565384 -0.589057207107544 0.09846056252717972 -0.8790653944015503 -0.46642187237739563 -3.607614755630493
-0.02129000425338745 -0.4706336259841919 0.8820717334747314 0.19388189911842346 -0.9948986172676086 -0.07704456895589828 -0.06512086093425751 -0.5890817046165466 0.09860698133707047 -0.8789584636688232 -0.4665924310684204 -3.6075961589813232
-0.02148091234266758 -0.4706081748008728 0.8820806741714478 0.19388653337955475 -0.9948909878730774 -0.07698879390954971 -0.06530335545539856 -0.5890390872955322 0.09864269196987152 -0.8789769411087036 -0.46654999256134033 -3.6075685024261475
-0.021453989669680595 -0.47052261233329773 0.8821269869804382 0.19392327964305878 -0.9948859810829163 -0.077057383954525 -0.06529856473207474 -0.589044988155365 0.0986989215016365 -0.8790167570114136 -0.4664631187915802 -3.6076927185058594
-0.02159307524561882 -0.4705413579940796 0.8821136355400085 0.19392088055610657 -0.9948737025260925 -0.07707338035106659 -0.06546629220247269 -0.5890092253684998 0.09879215061664581 -0.8790053129196167 -0.46646490693092346 -3.607658863067627
-0.021209709346294403 -0.47037988901138306 0.8822090029716492 0.19395799934864044 -0.9948840737342834 -0.07724538445472717 -0.06510473787784576 -0.5890701413154602 0.0987706109881401 -0.8790766596794128 -0.4663350582122803 -3.6078243255615234
-0.021369870752096176 -0.47043731808662415 0.882174551486969 0.19392947852611542 -0.9948800802230835 -0.07717137783765793 -0.0652533769607544 -0.589070737361908 0.09877631813287735 -0.8790524005889893 -0.4663795530796051 -3.6077728271484375
-0.021113242954015732 -0.4704737663269043 0.8821612596511841 0.19383318722248077 -0.9948919415473938 -0.07723171263933182 -0.06500058621168137 -0.5891236662864685 0.09871197491884232 -0.8790276050567627 -0.4664399027824402 -3.6077537536621094
-0.02128368429839611 -0.4704890251159668 0.8821490406990051 0.19381554424762726 -0.9948882460594177 -0.07715161144733429 -0.06515223532915115 -0.5891125202178955 0.09871270507574081 -0.879026472568512 -0.46644189953804016 -3.6077158451080322
-0.02106115221977234 -0.47038888931274414 0.8822078108787537 0.1939118653535843 -0.9948974251747131 -0.07722339034080505 -0.06492667645215988 -0.5891106128692627 0.0986679345369339 -0.8790737390518188 -0.46636223793029785 -3.6078593730926514
-0.021265236660838127 -0.47039759159088135 0.8821982741355896 0.1939142346382141 -0.9948858618736267 -0.07719210535287857 -0.06514133512973785 -0.5890991687774658 0.09874113649129868 -0.879071831703186 -0.46635034680366516 -3.6078524589538574
-0.020894469693303108 -0.470237135887146 0.882292628288269 0.19394631683826447 -0.9949072003364563 -0.07725676149129868 -0.06473720818758011 -0.58907151222229 0.09860498458147049 -0.8791519999504089 -0.46622803807258606 -3.607844352722168
-0.020848805084824562 -0.4702186584472656 0.8823035359382629 0.19392108917236328 -0.9949088096618652 -0.07727352529764175 -0.06469227373600006 -0.5889632105827332 0.09859829396009445 -0.8791604042053223 -0.466213583946228 -3.6075809001922607
-0.02082418091595173 -0.47020676732063293 0.8823105096817017 0.19391661882400513 -0.9949091672897339 -0.07728751748800278 -0.06467042118310928 -0.5889513492584229 0.0986001268029213 -0.8791655898094177 -0.466203510761261 -3.6075563430786133
-0.020957816392183304 -0.4702746570110321 0.8822711706161499 0.19393226504325867 -0.9948917627334595 -0.07734992355108261 -0.06486279517412186 -0.5889599919319153 0.09874700754880905 -0.8791237473487854 -0.4662512540817261 -3.607454538345337
-0.020835453644394875 -0.47027188539505005 0.8822755217552185 0.19388039410114288 -0.9948906898498535 -0.0774395614862442 -0.06477200239896774 -0.5891057848930359 0.09878355264663696 -0.8791173696517944 -0.4662556052207947 -3.6076414585113525
-0.020732775330543518 -0.4702043831348419 0.8823139071464539 0.1939220279455185 -0.9948927760124207 -0.0774933397769928 -0.0646761953830719 -0.5890275835990906 0.09878455102443695 -0.8791487216949463 -0.4661962389945984 -3.6076087951660156
-0.020750299096107483 -0.47020789980888367 0.8823116421699524 0.19391292333602905 -0.9948926568031311 -0.07748273760080338 -0.06469077616930008 -0.5890287756919861 0.09878210723400116 -0.8791477680206299 -0.46619853377342224 -3.6075878143310547
-0.020735112950205803 -0.4701370596885681 0.8823497295379639 0.19389265775680542 -0.9949021339416504 -0.07741348445415497 -0.06462796032428741 -0.5890524387359619 0.09868983924388885 -0.8791917562484741 -0.4661351442337036 -3.6074862480163574
-0.02081100270152092 -0.47015058994293213 0.8823407292366028 0.193881094455719 -0.9948992729187012 -0.07738809287548065 -0.06470178067684174 -0.5890272259712219 0.0987023189663887 -0.879186749458313 -0.4661419093608856 -3.607481002807617
-0.020645158365368843 -0.47011467814445496 0.8823637366294861 0.19382454454898834 -0.9948973059654236 -0.07751662284135818 -0.06457838416099548 -0.5891156792640686 0.09875717759132385 -0.8791946172714233 -0.46611544489860535 -3.607588768005371
-0.020647624507546425 -0.47009968757629395 0.882371723651886 0.19379854202270508 -0.994897723197937 -0.07751252502202988 -0.06457708775997162 -0.5891282558441162 0.09875260293483734 -0.8792030215263367 -0.4661006033420563 -3.607567310333252
-0.02050422877073288 -0.47002872824668884 0.882412850856781 0.19389031827449799 -0.9949223399162292 -0.07739131897687912 -0.0643421858549118 -0.5890870094299316 0.09853383898735046 -0.8792515993118286 -0.4660551846027374 -3.6076526641845703
-0.020581403747200966 -0.4700791537761688 0.882384181022644 0.19383235275745392 -0.994920551776886 -0.07735345512628555 -0.06441549956798553 -0.5890260934829712 0.0985359251499176 -0.8792279958724976 -0.466099351644516 -3.607687473297119
-0.02049422636628151 -0.4702094793319702 0.8823167681694031 0.19377018511295319 -0.994934618473053 -0.07727497071027756 -0.0642920434474945 -0.5889427065849304 0.09841179847717285 -0.8791652321815491 -0.4662439525127411 -3.60762095451355
-0.020738890394568443 -0.47031137347221375 0.8822567462921143 0.19381220638751984 -0.9949261546134949 -0.07718360424041748 -0.06453234702348709 -0.5889862775802612 0.09844612330198288 -0.8791187405586243 -0.4663243293762207 -3.607442617416382
-0.020866762846708298 -0.47034916281700134 0.8822335600852966 0.19377723336219788 -0.9949236512184143 -0.07711991667747498 -0.06464754045009613 -0.5890200734138489 0.09844476729631424 -0.8791041374206543 -0.4663521945476532 -3.607462167739868
-0.020877940580248833 -0.4704758822917938 0.8821657299995422 0.1938227117061615 -0.9949100613594055 -0.07722476124763489 -0.06473179161548615 -0.5891116857528687 0.09857986122369766 -0.8790270686149597 -0.46646881103515625 -3.607569932937622
-0.02087116800248623 -0.47029542922973633 0.882262110710144 0.19402028620243073 -0.9949146509170532 -0.0772012397646904 -0.06468886137008667 -0.5890253186225891 0.09853468090295792 -0.879125714302063 -0.46629250049591064 -3.607503652572632
-0.020871413871645927 -0.4703126847743988 0.8822529315948486 0.194044291973114 -0.9949139356613159 -0.0772060975432396 -0.0646938905119896 -0.5890240669250488 0.0985417366027832 -0.8791160583496094 -0.46630921959877014 -3.607484817504883
-0.020756637677550316 -0.4702896177768707 0.882267951965332 0.19393031299114227 -0.9949231147766113 -0.07720102369785309 -0.06455885618925095 -0.5889711380004883 0.09847341477870941 -0.8791288137435913 -0.46629953384399414 -3.6072769165039062
-0.020768387243151665 -0.4702337384223938 0.8822973966598511 0.19391530752182007 -0.9949257373809814 -0.07717405259609222 -0.0645507425069809 -0.5889237523078918 0.09844448417425156 -0.8791611194610596 -0.46624481678009033 -3.607025146484375
-0.020935753360390663 -0.4703119695186615 0.8822517991065979 0.19387629628181458 -0.9949197769165039 -0.07711198180913925 -0.06471643596887589 -0.5888592600822449 0.09846916794776917 -0.8791247010231018 -0.46630823612213135 -3.607053279876709
-0.020647553727030754 -0.4702184498310089 0.8823084235191345 0.19388698041439056 -0.9949252009391785 -0.07725870609283447 -0.06445744633674622 -0.5889648199081421 0.09847515821456909 -0.8791618347167969 -0.4662369191646576 -3.607264518737793
-0.020765572786331177 -0.4702591896057129 0.8822839260101318 0.19385114312171936 -0.994922399520874 -0.07720355689525604 -0.06456643342971802 -0.5889502167701721 0.09847848862409592 -0.8791449069976807 -0.4662681818008423 -3.6072592735290527
-0.0205780491232872 -0.47035300731658936 0.8822383284568787 0.193752259016037 -0.9949325919151306 -0.07722839713096619 -0.06437998265028 -0.5890287160873413 0.09841524064540863 -0.8790925145149231 -0.4663802683353424 -3.607295274734497
-0.020798787474632263 -0.4704054594039917 0.8822051882743835 0.19381342828273773 -0.9949254393577576 -0.07714425772428513 -0.06459090858697891 -0.5889948010444641 0.09844104945659637 -0.879071831703186 -0.46641379594802856 -3.607238292694092
-0.020735271275043488 -0.4702158570289612 0.8823077082633972 0.19391626119613647 -0.9949281215667725 -0.07717559486627579 -0.06451196223497391 -0.5890184640884399 0.09842724353075027 -0.8791705369949341 -0.46623069047927856 -3.607311964035034
-0.020875079557299614 -0.47026121616363525 0.8822802901268005 0.19394542276859283 -0.9949195384979248 -0.07715758681297302 -0.0646657943725586 -0.5890516638755798 0.09848450869321823 -0.8791478276252747 -0.4662613570690155 -3.607391357421875
-0.02089102938771248 -0.47024041414260864 0.8822909593582153 0.1939268261194229 -0.9949217438697815 -0.07712895423173904 -0.06466596573591232 -0.589120090007782 0.09845880419015884 -0.8791614770889282 -0.4662410616874695 -3.6075239181518555
-0.02078751102089882 -0.47040855884552 0.8822037577629089 0.19380104541778564 -0.9949323534965515 -0.07708966732025146 -0.06454961746931076 -0.5890188813209534 0.09837356209754944 -0.8790749907493591 -0.4664221405982971 -3.6072428226470947
-0.021024413406848907 -0.47047773003578186 0.8821612596511841 0.1937977820634842 -0.9949183464050293 -0.07705450057983398 -0.06480687111616135 -0.5890133380889893 0.09846475720405579 -0.8790410161018372 -0.46646684408187866 -3.6071693897247314
-0.021060679107904434 -0.47048458456993103 0.8821567893028259 0.1937805414199829 -0.9949182271957397 -0.0770314559340477 -0.06483640521764755 -0.5890234112739563 0.0984584242105484 -0.8790394067764282 -0.46647128462791443 -3.607227087020874
-0.02111925184726715 -0.47051185369491577 0.8821408152580261 0.19374418258666992 -0.9949172139167786 -0.07700001448392868 -0.06488922238349915 -0.5890365839004517 0.09845607727766037 -0.8790275454521179 -0.4664941132068634 -3.607168674468994
-0.021002542227506638 -0.4703892469406128 0.8822090029716492 0.1938169300556183 -0.9949319958686829 -0.07695318758487701 -0.06471727788448334 -0.5889886617660522 0.09833117574453354 -0.8790972828865051 -0.4663890600204468 -3.6072137355804443
-0.02119440585374832 -0.47042781114578247 0.882183849811554 0.19382447004318237 -0.9949166774749756 -0.07696125656366348 -0.06494279950857162 -0.5889501571655273 0.09844494611024857 -0.8790759444236755 -0.4664052724838257 -3.607152223587036
-0.021146252751350403 -0.4703446328639984 0.8822293281555176 0.19391827285289764 -0.9949297904968262 -0.07688229531049728 -0.06483611464500427 -0.5888388752937317 0.09832320362329483 -0.8791273236274719 -0.4663340449333191 -3.607079267501831
-0.02128678373992443 -0.47035524249076843 0.8822203278541565 0.19388702511787415 -0.9949228167533875 -0.07685094326734543 -0.06497929990291595 -0.5888773798942566 0.09836288541555405 -0.8791244029998779 -0.46633121371269226 -3.606942653656006
-0.021241234615445137 -0.47031369805336 0.8822435736656189 0.1938708871603012 -0.9949196577072144 -0.07691224664449692 -0.0649552047252655 -0.5889497399330139 0.09840472787618637 -0.8791412711143494 -0.46629059314727783 -3.6071016788482666
-0.02109639160335064 -0.47007811069488525 0.8823725581169128 0.19397132098674774 -0.9949237108230591 -0.07698872685432434 -0.06480269879102707 -0.5889339447021484 0.09839514642953873 -0.8792605400085449 -0.4660676419734955 -3.6069393157958984
-0.02121608890593052 -0.4700663387775421 0.882375955581665 0.1939324140548706 -0.9949142932891846 -0.07699503749608994 -0.06493952125310898 -0.5889484286308289 0.09846452623605728 -0.8792663216590881 -0.4660421311855316 -3.606889486312866
-0.021173113957047462 -0.4698593318462372 0.8824872374534607 0.1939907968044281 -0.994926393032074 -0.07693038880825043 -0.06483069062232971 -0.5888530611991882 0.09835147112607956 -0.8793826103210449 -0.46584653854370117 -3.6067235469818115
-0.021252300590276718 -0.4699617624282837 0.8824307918548584 0.19391396641731262 -0.9949278831481934 -0.07685732841491699 -0.0648941770195961 -0.5888342261314392 0.09831912815570831 -0.8793342709541321 -0.4659446179866791 -3.6066813468933105
-0.02091575227677822 -0.4697585105895996 0.8825470805168152 0.1939420849084854 -0.9949509501457214 -0.07688666135072708 -0.06450468301773071 -0.5888229608535767 0.09815779328346252 -0.8794403076171875 -0.46577849984169006 -3.6065526008605957
-0.021066438406705856 -0.4698413014411926 0.8824993968009949 0.19389942288398743 -0.9949376583099365 -0.07690099626779556 -0.06469257920980453 -0.5888184309005737 0.09826040267944336 -0.8793948292732239 -0.46584272384643555 -3.6064720153808594
-0.020676730200648308 -0.4699026942253113 0.8824759125709534 0.1937851905822754 -0.9949444532394409 -0.07709049433469772 -0.06436134874820709 -0.5890011787414551 0.09827414900064468 -0.8793454170227051 -0.46593305468559265 -3.606649160385132
-0.02089702896773815 -0.46993914246559143 0.8824513554573059 0.19377924501895905 -0.9949376583099365 -0.07700474560260773 -0.06456887722015381 -0.589005172252655 0.09829645603895187 -0.8793334364891052 -0.46595093607902527 -3.6066055297851562
-0.02090577781200409 -0.4699881374835968 0.88242506980896 0.19369426369667053 -0.994938313961029 -0.07698964327573776 -0.06457691639661789 -0.5890835523605347 0.09828804433345795 -0.8793085813522339 -0.46599963307380676 -3.606654167175293
-0.021053675562143326 -0.4700426459312439 0.8823924660682678 0.19371569156646729 -0.9949326515197754 -0.076939657330513 -0.06472405791282654 -0.5890563130378723 0.09831412136554718 -0.8792838454246521 -0.46604084968566895 -3.6066505908966064
-0.02088872715830803 -0.4701285660266876 0.8823506236076355 0.19366641342639923 -0.9949346780776978 -0.07702305912971497 -0.064593106508255 -0.5890902876853943 0.09832848608493805 -0.8792305588722229 -0.4661382734775543 -3.606687545776367
-0.02109595574438572 -0.47022753953933716 0.8822929859161377 0.19371604919433594 -0.9949173331260681 -0.07703510671854019 -0.06484565883874893 -0.5890384316444397 0.09845982491970062 -0.8791766166687012 -0.46621236205101013 -3.6066877841949463
-0.02105414867401123 -0.4702482223510742 0.8822829127311707 0.19375964999198914 -0.9949321150779724 -0.07692880928516388 -0.06474475562572479 -0.588929295539856 0.0983191579580307 -0.8791748285293579 -0.4662453234195709 -3.6065049171447754
-0.021198678761720657 -0.47033944725990295 0.882230818271637 0.19376061856746674 -0.9949231743812561 -0.07690729200839996 -0.06490784138441086 -0.5888762474060059 0.09837877005338669 -0.8791279196739197 -0.4663212299346924 -3.6064774990081787
-0.021145733073353767 -0.4703059792518616 0.8822499513626099 0.19376938045024872 -0.9949139356613159 -0.07702662795782089 -0.06490720063447952 -0.5890217423439026 0.09848305583000183 -0.8791353702545166 -0.4662851393222809 -3.6067490577697754
-0.021274810656905174 -0.4704109728336334 0.8821908831596375 0.19374532997608185 -0.9949121475219727 -0.07695016264915466 -0.06502547115087509 -0.5890060067176819 0.09847349673509598 -0.879085898399353 -0.46638044714927673 -3.606715202331543
-0.021219074726104736 -0.4703449308872223 0.8822274208068848 0.19376406073570251 -0.994905948638916 -0.07704688608646393 -0.0650055781006813 -0.5891399383544922 0.09854799509048462 -0.8791127800941467 -0.46631407737731934 -3.606962203979492
-0.021322093904018402 -0.4704352915287018 0.8821767568588257 0.19371148943901062 -0.9948967695236206 -0.07705465704202652 -0.06513730436563492 -0.5890402793884277 0.09861879050731659 -0.8790637254714966 -0.46639153361320496 -3.6070380210876465
-0.02111154794692993 -0.47033780813217163 0.8822337985038757 0.1937837302684784 -0.9949079751968384 -0.0771002545952797 -0.06491173058748245 -0.5890539288520813 0.0985509604215622 -0.8791118860244751 -0.4663150906562805 -3.607151746749878
-0.021212927997112274 -0.47038522362709045 0.8822060823440552 0.19378133118152618 -0.994901180267334 -0.07709070295095444 -0.06502698361873627 -0.5890342593193054 0.0985976979136467 -0.8790873885154724 -0.4663514494895935 -3.6071691513061523
-0.021186228841543198 -0.4704897403717041 0.8821510076522827 0.19376617670059204 -0.9949003458023071 -0.07710817456245422 -0.06501936912536621 -0.5890414118766785 0.09861207008361816 -0.8790299296379089 -0.46645671129226685 -3.607022523880005
-0.021184010431170464 -0.4704963266849518 0.8821475505828857 0.19374707341194153 -0.994902491569519 -0.07708980143070221 -0.06500794738531113 -0.5890520811080933 0.09859064966440201 -0.8790280222892761 -0.4664648473262787 -3.607008695602417
-0.021436451002955437 -0.47049206495285034 0.8821437358856201 0.19377899169921875 -0.9949114322662354 -0.07684389501810074 -0.06516163051128387 -0.5888141393661499 0.09844546765089035 -0.8790518045425415 -0.46645066142082214 -3.6066017150878906
-0.02136855758726597 -0.47039443254470825 0.8821974396705627 0.19384580850601196 -0.9949247241020203 -0.07677748799324036 -0.06503750383853912 -0.5887424945831299 0.09832625836133957 -0.8791098594665527 -0.46636638045310974 -3.606686592102051
-0.021513156592845917 -0.47038766741752625 0.8821974992752075 0.1938779503107071 -0.9949172735214233 -0.07674900442361832 -0.06518461555242538 -0.5887451171875 0.09836988896131516 -0.8791159391403198 -0.4663456678390503 -3.6065704822540283
-0.02118019573390484 -0.47041699290275574 0.882189929485321 0.19381296634674072 -0.9949188232421875 -0.0769522562623024 -0.06492063403129578 -0.5889375805854797 0.09842634946107864 -0.8790825009346008 -0.4663968086242676 -3.606795072555542
-0.02134670503437519 -0.47043609619140625 0.8821757435798645 0.19382859766483307 -0.9949139356613159 -0.0768851563334465 -0.06507524102926254 -0.5889195799827576 0.09844003617763519 -0.8790781497955322 -0.466402143239975 -3.6067583560943604
-0.02145477943122387 -0.47052255272865295 0.882127046585083 0.193780317902565 -0.9949067234992981 -0.0768716037273407 -0.06520085781812668 -0.5889634490013123 0.09848906099796295 -0.879033088684082 -0.4664767384529114 -3.606766700744629
-0.02136477269232273 -0.47046664357185364 0.8821589946746826 0.1938575655221939 -0.9949091672897339 -0.0769134983420372 -0.06511451303958893 -0.5890178084373474 0.09848421812057495 -0.8790593147277832 -0.46642830967903137 -3.606937885284424
-0.02141813188791275 -0.47051867842674255 0.882129967212677 0.1938590407371521 -0.9949005246162415 -0.07695162296295166 -0.06520149856805801 -0.5890266299247742 0.09855993092060089 -0.8790281414985657 -0.4664710760116577 -3.6068954467773438
-0.021203018724918365 -0.47040265798568726 0.8821970224380493 0.19386054575443268 -0.9949197769165039 -0.0769299641251564 -0.06493274122476578 -0.5889871716499329 0.09841199219226837 -0.8790920972824097 -0.466381698846817 -3.606949806213379
-0.021360104903578758 -0.47044864296913147 0.882168710231781 0.19382740557193756 -0.9949086308479309 -0.0769224539399147 -0.06511172652244568 -0.5889803767204285 0.09849037975072861 -0.87906813621521 -0.4664103090763092 -3.6069228649139404
-0.02115556411445141 -0.4704693853855133 0.8821625709533691 0.1937723308801651 -0.9949235320091248 -0.07692243158817291 -0.06488364934921265 -0.5889638066291809 0.09838393330574036 -0.8790570497512817 -0.4664537012577057 -3.6068975925445557
