# 3x4 first row second row third row Freq: 100 current Time: 2021-04-07-14:50:02
-0.17890411615371704 -0.502490222454071 0.8458703756332397 0.25862494111061096 -0.9832669496536255 0.06130832061171532 -0.17154376208782196 -0.5030615925788879 0.03434024006128311 -0.8624063730239868 -0.5050503015518188 -3.5950875282287598
-0.17886847257614136 -0.5023928880691528 0.8459357619285583 0.2585867643356323 -0.9832739233970642 0.06128211319446564 -0.171513170003891 -0.5030714273452759 0.034326326102018356 -0.862464964389801 -0.5049511790275574 -3.5951287746429443
-0.1787978559732437 -0.5024140477180481 0.8459380865097046 0.25854262709617615 -0.9832863211631775 0.061238501220941544 -0.17145758867263794 -0.5031235218048096 0.03433878347277641 -0.8624557256698608 -0.504966139793396 -3.5951294898986816
-0.1787509322166443 -0.5024721026420593 0.8459135293960571 0.2585453391075134 -0.9832937121391296 0.061197467148303986 -0.17142976820468903 -0.5031043887138367 0.03437097370624542 -0.8624247908592224 -0.5050167441368103 -3.595062494277954
-0.17880970239639282 -0.5024193525314331 0.8459324836730957 0.258554607629776 -0.9832870364189148 0.06131796911358833 -0.17142507433891296 -0.5031335353851318 0.0342564731836319 -0.8624469637870789 -0.5049866437911987 -3.5950186252593994
-0.17873643338680267 -0.5024785995483398 0.845912754535675 0.25854769349098206 -0.9832994341850281 0.06126782298088074 -0.17137202620506287 -0.5031301975250244 0.03428361192345619 -0.8624159693717957 -0.5050376653671265 -3.5950090885162354
-0.1787581443786621 -0.5024430155754089 0.8459293246269226 0.2585458755493164 -0.9832952618598938 0.06126689538359642 -0.1713961511850357 -0.5031026601791382 0.03428940102458 -0.862436830997467 -0.5050017237663269 -3.5950727462768555
-0.17867393791675568 -0.5024034380912781 0.8459705710411072 0.25857165455818176 -0.9833101034164429 0.06120235472917557 -0.17133423686027527 -0.5030980110168457 0.03430357575416565 -0.862464427947998 -0.5049535632133484 -3.595069169998169
-0.1787361204624176 -0.5023919343948364 0.845964252948761 0.2585279643535614 -0.9833002686500549 0.06127054989337921 -0.17136605083942413 -0.5031521320343018 0.03426029160618782 -0.8624662756919861 -0.5049533843994141 -3.595060348510742
-0.1786520928144455 -0.5025539994239807 0.8458857536315918 0.2584536671638489 -0.9833148717880249 0.06124186888337135 -0.17129266262054443 -0.5031174421310425 0.03428024426102638 -0.862373948097229 -0.5051097273826599 -3.594935894012451
-0.17876285314559937 -0.5025428533554077 0.8458690047264099 0.25847482681274414 -0.9832955598831177 0.06131776049733162 -0.17137645184993744 -0.503130316734314 0.03425728157162666 -0.862375020980835 -0.505109429359436 -3.594879150390625
-0.17863737046718597 -0.5026301145553589 0.8458436727523804 0.2584760785102844 -0.9833122491836548 0.061117056757211685 -0.17135217785835266 -0.5032051801681519 0.03443135693669319 -0.8623384237289429 -0.5051600933074951 -3.5950489044189453
-0.17870226502418518 -0.5026143789291382 0.845839262008667 0.2584873139858246 -0.9833017587661743 0.061180491000413895 -0.17138972878456116 -0.5032095909118652 0.034394145011901855 -0.8623430728912354 -0.5051546692848206 -3.595039129257202
-0.17869456112384796 -0.5027072429656982 0.8457857370376587 0.2584713101387024 -0.9833003282546997 0.061124689877033234 -0.17141778767108917 -0.5031797885894775 0.03447464108467102 -0.8622928857803345 -0.5052348375320435 -3.5949885845184326
-0.17867411673069 -0.5028502345085144 0.8457050919532776 0.25851693749427795 -0.9833054542541504 0.061178337782621384 -0.17136922478675842 -0.5031155943870544 0.034434281289577484 -0.8622057437896729 -0.5053862929344177 -3.5949079990386963
-0.1786832958459854 -0.5028637647628784 0.8456950783729553 0.25851061940193176 -0.9833038449287415 0.061186205595731735 -0.17137590050697327 -0.5031025409698486 0.03443391993641853 -0.8621972799301147 -0.5054007768630981 -3.5948925018310547
-0.17875389754772186 -0.5028713941574097 0.8456755876541138 0.25847098231315613 -0.983291745185852 0.06124342978000641 -0.17142480611801147 -0.5031181573867798 0.03441262245178223 -0.8621887564659119 -0.505416750907898 -3.594888210296631
-0.1787797063589096 -0.5028601884841919 0.845676839351654 0.2584938108921051 -0.9832879304885864 0.06127685680985451 -0.1714347004890442 -0.5030951499938965 0.03438733518123627 -0.8621929287910461 -0.5054113864898682 -3.594881296157837
-0.17869612574577332 -0.5028969645500183 0.845672607421875 0.2585698962211609 -0.9832981824874878 0.06111662834882736 -0.17143313586711884 -0.503168523311615 0.03452860936522484 -0.8621828556060791 -0.5054188966751099 -3.5951337814331055
-0.17875781655311584 -0.5028794407844543 0.8456699848175049 0.2585904002189636 -0.9832870960235596 0.061148449778556824 -0.17148540914058685 -0.5031445026397705 0.03452514484524727 -0.8621907830238342 -0.505405604839325 -3.595181941986084
-0.17872411012649536 -0.5029354095458984 0.8456438183784485 0.2586278021335602 -0.9832927584648132 0.061131663620471954 -0.1714586764574051 -0.5031257271766663 0.03453708440065384 -0.8621593713760376 -0.505458414554596 -3.5951902866363525
-0.17881183326244354 -0.5028772950172424 0.8456598520278931 0.2586388885974884 -0.9832790493965149 0.06122084707021713 -0.17150568962097168 -0.503125786781311 0.03447436913847923 -0.8621869087219238 -0.505415678024292 -3.5952110290527344
-0.17876183986663818 -0.5029633045196533 0.845619261264801 0.2585916817188263 -0.983289897441864 0.061256326735019684 -0.17143073678016663 -0.5030913949012756 0.034423910081386566 -0.8621342182159424 -0.5055090188980103 -3.5950419902801514
-0.17882612347602844 -0.5029067993164062 0.8456392884254456 0.25858867168426514 -0.9832795262336731 0.061311181634664536 -0.17147071659564972 -0.503105640411377 0.034386709332466125 -0.8621633052825928 -0.5054619312286377 -3.5950446128845215
-0.1788041591644287 -0.5029188990592957 0.8456367254257202 0.25857308506965637 -0.9832818508148193 0.06126001104712486 -0.17147573828697205 -0.5031223297119141 0.034434735774993896 -0.8621599078178406 -0.505464494228363 -3.595043420791626
-0.17880353331565857 -0.5028882026672363 0.8456551432609558 0.25852662324905396 -0.9832823872566223 0.061264146119356155 -0.17147116363048553 -0.5031507611274719 0.03442255035042763 -0.8621774911880493 -0.5054352879524231 -3.595060348510742
-0.17876918613910675 -0.5029181241989136 0.8456445932388306 0.2585338056087494 -0.9832859039306641 0.061183858662843704 -0.17147967219352722 -0.5031731724739075 0.03450050204992294 -0.8621657490730286 -0.5054500699043274 -3.5951027870178223
-0.17882919311523438 -0.5028976798057556 0.8456440567970276 0.25856727361679077 -0.9832751154899597 0.06121562048792839 -0.1715298742055893 -0.5031800270080566 0.03449542075395584 -0.8621754050254822 -0.5054339170455933 -3.5950841903686523
-0.17880643904209137 -0.5029144287109375 0.8456389307975769 0.25858786702156067 -0.9832797646522522 0.06121884658932686 -0.17150230705738068 -0.5031768083572388 0.03448200970888138 -0.8621653914451599 -0.5054518580436707 -3.5950841903686523
-0.1788424253463745 -0.5029051899909973 0.845636785030365 0.2585698366165161 -0.9832722544670105 0.06121155619621277 -0.171547994017601 -0.5031374096870422 0.034509699791669846 -0.8621712923049927 -0.5054399371147156 -3.5951926708221436
-0.1788042187690735 -0.50295090675354 0.8456177115440369 0.2585388720035553 -0.9832776188850403 0.06116127967834473 -0.1715351641178131 -0.5031383037567139 0.03455476835370064 -0.8621482253074646 -0.505476176738739 -3.595144510269165
-0.17885538935661316 -0.5028570294380188 0.8456627130508423 0.25850340723991394 -0.9832690954208374 0.061188388615846634 -0.1715743988752365 -0.5032011866569519 0.03453271836042404 -0.8622010350227356 -0.5053876042366028 -3.595125675201416
-0.17886772751808167 -0.5029800534248352 0.845586895942688 0.2584807276725769 -0.9832678437232971 0.06124524399638176 -0.171561136841774 -0.5031960606575012 0.034503720700740814 -0.8621252775192261 -0.5055188536643982 -3.595076084136963
-0.17884325981140137 -0.5030444860458374 0.8455537557601929 0.2584798336029053 -0.9832664728164673 0.061099663376808167 -0.17162106931209564 -0.5032353401184082 0.03467004746198654 -0.862097978591919 -0.5055539608001709 -3.5951602458953857
-0.17891007661819458 -0.5030516386032104 0.845535397529602 0.2585386633872986 -0.9832544922828674 0.06114106625318527 -0.17167481780052185 -0.5032206773757935 0.03466442972421646 -0.8620908856391907 -0.5055664777755737 -3.595165729522705
-0.178859144449234 -0.5031337738037109 0.8454972505569458 0.2585531175136566 -0.9832589626312256 0.06101181358098984 -0.17169524729251862 -0.5032396912574768 0.034800417721271515 -0.8620520830154419 -0.5056232810020447 -3.5952110290527344
-0.1788833737373352 -0.50315260887146 0.8454809188842773 0.25857409834861755 -0.9832542538642883 0.06102189049124718 -0.17171840369701385 -0.5032514929771423 0.034807782620191574 -0.8620404005050659 -0.5056427121162415 -3.5952258110046387
-0.1787973791360855 -0.5032522082328796 0.8454398512840271 0.2586041986942291 -0.9832717776298523 0.06104298308491707 -0.17161068320274353 -0.5031993985176086 0.03475534915924072 -0.8619807362556458 -0.5057479739189148 -3.595195770263672
-0.1788398176431656 -0.5032116770744324 0.8454549908638 0.25863608717918396 -0.9832659363746643 0.06110305339097977 -0.17162290215492249 -0.503204882144928 0.03470283001661301 -0.8620001673698425 -0.5057185292243958 -3.5951764583587646
-0.1788480430841446 -0.5032312273979187 0.8454416394233704 0.2586851418018341 -0.9832645654678345 0.061114829033613205 -0.171626478433609 -0.5031973719596863 0.03469885140657425 -0.8619878888130188 -0.505739688873291 -3.5951831340789795
-0.17886562645435333 -0.5031179189682007 0.8455053567886353 0.2586172819137573 -0.9832631945610046 0.06114635244011879 -0.1716231256723404 -0.5032016038894653 0.03464715927839279 -0.8620518445968628 -0.5056342482566833 -3.5952765941619873
-0.17888259887695312 -0.503136396408081 0.8454907536506653 0.25860175490379333 -0.9832631349563599 0.06123547628521919 -0.17159144580364227 -0.5031111240386963 0.0345599390566349 -0.8620347380638123 -0.5056694149971008 -3.595097064971924
-0.17891539633274078 -0.5030447244644165 0.8455383777618408 0.258547306060791 -0.983259916305542 0.06130221113562584 -0.17158618569374084 -0.5031379461288452 0.034482214599847794 -0.8620834946632385 -0.5055915713310242 -3.5951125621795654
-0.17890620231628418 -0.5030615925788879 0.8455302715301514 0.2585611045360565 -0.9832605123519897 0.06127327308058739 -0.17159324884414673 -0.5031431317329407 0.03451363369822502 -0.862075686454773 -0.5056027173995972 -3.5951433181762695
-0.17897090315818787 -0.5029703974723816 0.8455708026885986 0.25852644443511963 -0.9832503795623779 0.061330266296863556 -0.1716308295726776 -0.5031585097312927 0.034466203302145004 -0.8621248602867126 -0.5055221319198608 -3.595170497894287
-0.1789548546075821 -0.5029956102371216 0.8455592393875122 0.2585335969924927 -0.9832540154457092 0.061344489455223083 -0.1716049760580063 -0.5031498074531555 0.03444622457027435 -0.8621091246604919 -0.5055503249168396 -3.595154047012329
-0.17895835638046265 -0.5029096603393555 0.8456096053123474 0.2585078179836273 -0.9832506775856018 0.061261363327503204 -0.17165379226207733 -0.5032649040222168 0.03452322632074356 -0.8621651530265808 -0.5054494738578796 -3.595222234725952
-0.17898176610469818 -0.5028769373893738 0.8456240892410278 0.2585235834121704 -0.9832473397254944 0.061290353536605835 -0.17166250944137573 -0.5032728314399719 0.03449658676981926 -0.8621821999549866 -0.5054222345352173 -3.595219135284424
-0.17894938588142395 -0.5029522776603699 0.8455861806869507 0.2585003674030304 -0.9832494854927063 0.06119571253657341 -0.17168383300304413 -0.50328528881073 0.03460259363055229 -0.862144947052002 -0.5054785013198853 -3.595222234725952
-0.17899616062641144 -0.5029359459877014 0.8455859422683716 0.25856590270996094 -0.9832414388656616 0.06122748181223869 -0.17171883583068848 -0.5032338500022888 0.034590546041727066 -0.8621522188186646 -0.505466878414154 -3.595259428024292
-0.17889627814292908 -0.5029910802841187 0.8455743193626404 0.2585640251636505 -0.9832562208175659 0.06110209971666336 -0.1716787964105606 -0.5032897591590881 0.03468659892678261 -0.8621289730072021 -0.5054999589920044 -3.5953352451324463
-0.1789591908454895 -0.5029262900352478 0.8455995321273804 0.25857216119766235 -0.9832472801208496 0.06118469685316086 -0.17170047760009766 -0.503278374671936 0.03461499512195587 -0.8621609210968018 -0.505450427532196 -3.595358371734619
-0.17899689078330994 -0.5029566884040833 0.8455734848976135 0.25852441787719727 -0.9832421541213989 0.06125409156084061 -0.17170506715774536 -0.503228485584259 0.03456544131040573 -0.8621382713317871 -0.5054924488067627 -3.5952019691467285
-0.1790449470281601 -0.5029461979866028 0.8455695509910583 0.25858384370803833 -0.9832339882850647 0.06129192188382149 -0.17173826694488525 -0.5032169222831726 0.03454859182238579 -0.8621416687965393 -0.5054877400398254 -3.5951550006866455
-0.17900659143924713 -0.5030210018157959 0.8455331325531006 0.2585936188697815 -0.98323655128479 0.061175815761089325 -0.17176523804664612 -0.5032387971878052 0.03467540815472603 -0.8621062636375427 -0.5055394768714905 -3.595217227935791
-0.17905353009700775 -0.5029981732368469 0.8455368280410767 0.2585855722427368 -0.9832273721694946 0.061179812997579575 -0.17181642353534698 -0.5032406449317932 0.034693628549575806 -0.8621193170547485 -0.505515992641449 -3.595226287841797
-0.17903342843055725 -0.503121018409729 0.8454679846763611 0.25855928659439087 -0.9832283854484558 0.06112994998693466 -0.171828031539917 -0.5032165050506592 0.03476694971323013 -0.8620511889457703 -0.5056271553039551 -3.595139980316162
-0.17909888923168182 -0.5030642747879028 0.8454878926277161 0.25858354568481445 -0.9832169413566589 0.061163172125816345 -0.1718820184469223 -0.5031852126121521 0.03475504741072655 -0.8620819449424744 -0.5055755376815796 -3.595158815383911
-0.1790122240781784 -0.5030569434165955 0.8455106019973755 0.25861629843711853 -0.9832313656806946 0.061082907021045685 -0.17182795703411102 -0.503272294998169 0.03479306772351265 -0.8620918989181519 -0.5055558681488037 -3.5953400135040283
-0.1790599524974823 -0.5028929710388184 0.845598042011261 0.2586478888988495 -0.9832240343093872 0.061108846217393875 -0.17186056077480316 -0.5032471418380737 0.03475401923060417 -0.8621857166290283 -0.5053985714912415 -3.5953850746154785
-0.17906107008457184 -0.5029032826423645 0.84559166431427 0.25866857171058655 -0.9832225441932678 0.06107882782816887 -0.17187994718551636 -0.5032489895820618 0.03479130193591118 -0.8621818423271179 -0.5054026246070862 -3.595400810241699
-0.1790255755186081 -0.5029698014259338 0.8455595970153809 0.2585853934288025 -0.9832283854484558 0.06105830520391464 -0.17185382544994354 -0.5032533407211304 0.034808918833732605 -0.8621444702148438 -0.5054651498794556 -3.5954127311706543
-0.17901961505413055 -0.5029240250587463 0.8455880880355835 0.25859305262565613 -0.9832294583320618 0.061046671122312546 -0.17185156047344208 -0.5032522082328796 0.03480800241231918 -0.86217200756073 -0.5054182410240173 -3.5954225063323975
-0.17899756133556366 -0.5029439330101013 0.8455809354782104 0.25861454010009766 -0.9832331538200378 0.06103133037686348 -0.17183583974838257 -0.5031856894493103 0.0348169282078743 -0.8621615171432495 -0.505435585975647 -3.595428228378296
-0.17898252606391907 -0.5028824210166931 0.8456206917762756 0.25866448879241943 -0.9832351803779602 0.060992296785116196 -0.17183835804462433 -0.5031918287277222 0.034838199615478516 -0.862200140953064 -0.505368173122406 -3.5954644680023193
-0.17897632718086243 -0.5029046535491943 0.8456087708473206 0.2585952579975128 -0.9832361936569214 0.06099178269505501 -0.17183248698711395 -0.503171443939209 0.03484024479985237 -0.8621872067451477 -0.5053901076316833 -3.5954701900482178
-0.1790732890367508 -0.5028617978096008 0.8456137776374817 0.2586311995983124 -0.9832209944725037 0.061094656586647034 -0.17188292741775513 -0.5031509399414062 0.03477093204855919 -0.862204909324646 -0.5053646564483643 -3.595550537109375
-0.1790798306465149 -0.5028587579727173 0.8456141352653503 0.25864696502685547 -0.9832195043563843 0.06108885258436203 -0.17189379036426544 -0.5031389594078064 0.03478075936436653 -0.8622071146965027 -0.5053602457046509 -3.5955677032470703
-0.17908483743667603 -0.5026845335960388 0.845716655254364 0.2585911452770233 -0.9832227826118469 0.06116124615073204 -0.17184904217720032 -0.5031858682632446 0.034660838544368744 -0.8623035550117493 -0.505203902721405 -3.595475912094116
-0.1791626363992691 -0.5026747584342957 0.8457059860229492 0.25859156250953674 -0.9832086563110352 0.061201371252536774 -0.17191553115844727 -0.5031863451004028 0.03465929999947548 -0.8623064160346985 -0.505199134349823 -3.595517635345459
-0.17911995947360992 -0.5026706457138062 0.8457174897193909 0.2585800290107727 -0.9832191467285156 0.06124502420425415 -0.1718401312828064 -0.5031206011772156 0.034583065658807755 -0.8623057007789612 -0.5052055716514587 -3.5953638553619385
-0.17910116910934448 -0.502642810344696 0.8457379937171936 0.2585892975330353 -0.983223021030426 0.061240777373313904 -0.17181947827339172 -0.5031454563140869 0.03457023948431015 -0.862322211265564 -0.5051782727241516 -3.5952999591827393
-0.1790989339351654 -0.5026413202285767 0.8457394242286682 0.2585926353931427 -0.9832228422164917 0.061225198209285736 -0.17182593047618866 -0.503135085105896 0.034586310386657715 -0.8623242378234863 -0.5051737427711487 -3.5953049659729004
-0.1790868043899536 -0.5026331543922424 0.8457468152046204 0.2585892677307129 -0.9832260012626648 0.06124063581228256 -0.17180241644382477 -0.5031117796897888 0.03455958515405655 -0.8623278737068176 -0.5051693320274353 -3.595231056213379
-0.179124653339386 -0.5025806427001953 0.845770001411438 0.25855135917663574 -0.9832206964492798 0.06128989905118942 -0.17181509733200073 -0.5031470060348511 0.034513846039772034 -0.8623549938201904 -0.5051261782646179 -3.5952203273773193
-0.1790917068719864 -0.5026118159294128 0.8457584381103516 0.25854313373565674 -0.9832257032394409 0.06125433370471001 -0.17179909348487854 -0.5031387209892273 0.03454194962978363 -0.8623393177986145 -0.5051509737968445 -3.59517765045166
-0.17915992438793182 -0.5025314092636108 0.845791757106781 0.25853243470191956 -0.9832156896591187 0.06133388355374336 -0.17182806134223938 -0.5031580328941345 0.034473370760679245 -0.8623805046081543 -0.505085289478302 -3.595158338546753
-0.17914718389511108 -0.5025178790092468 0.8458024859428406 0.2585304379463196 -0.9832175374031067 0.06131138280034065 -0.17182579636573792 -0.5031551122665405 0.03448827937245369 -0.8623900413513184 -0.5050681233406067 -3.595154047012329
-0.17912566661834717 -0.5025528073310852 0.8457863330841064 0.2585888206958771 -0.9832202792167664 0.06127910688519478 -0.17182131111621857 -0.5031861066818237 0.03452031686902046 -0.8623719811439514 -0.5050967335700989 -3.5951995849609375
-0.17909985780715942 -0.5025421977043152 0.8457980751991272 0.25858306884765625 -0.9832268357276917 0.06130925938487053 -0.17177316546440125 -0.5031424164772034 0.03446807339787483 -0.8623760342597961 -0.5050933957099915 -3.5950653553009033
-0.17915450036525726 -0.5025361776351929 0.8457900881767273 0.2586093544960022 -0.9832168817520142 0.06133602187037468 -0.1718207150697708 -0.5031210780143738 0.034468792378902435 -0.8623776435852051 -0.505090594291687 -3.595078706741333
-0.17911413311958313 -0.5024994611740112 0.8458204865455627 0.25862807035446167 -0.9832234978675842 0.061289530247449875 -0.17179931700229645 -0.5031247735023499 0.034489188343286514 -0.8624023199081421 -0.5050470232963562 -3.5950894355773926
-0.17913369834423065 -0.5024732947349548 0.8458318710327148 0.25857484340667725 -0.9832201600074768 0.061300523579120636 -0.17181441187858582 -0.5031757950782776 0.03448227792978287 -0.8624168038368225 -0.5050228238105774 -3.595080852508545
-0.17911945283412933 -0.5024821162223816 0.8458296060562134 0.25857943296432495 -0.9832252264022827 0.06135588139295578 -0.17176584899425507 -0.5031343102455139 0.03441270813345909 -0.8624076843261719 -0.505043089389801 -3.594971179962158
-0.17917107045650482 -0.5024232864379883 0.8458536267280579 0.25856730341911316 -0.9832178950309753 0.061422668397426605 -0.17178401350975037 -0.5031387209892273 0.03435376286506653 -0.8624372482299805 -0.504996657371521 -3.5949790477752686
-0.17915970087051392 -0.5024096369743347 0.8458641767501831 0.2585645914077759 -0.9832201600074768 0.061419300734996796 -0.17177213728427887 -0.503135621547699 0.03434765711426735 -0.8624454140663147 -0.504983127117157 -3.594970941543579
-0.1791694462299347 -0.5024234056472778 0.8458539247512817 0.25854310393333435 -0.9832194447517395 0.061453744769096375 -0.17176392674446106 -0.5031569004058838 0.034317389130592346 -0.8624349236488342 -0.505003035068512 -3.5949594974517822
-0.17907705903053284 -0.5025465488433838 0.8458003401756287 0.25846558809280396 -0.9832327961921692 0.061343394219875336 -0.17172686755657196 -0.5031954050064087 0.03441654518246651 -0.862371027469635 -0.5051053762435913 -3.5949063301086426
-0.17913027107715607 -0.502510666847229 0.8458104133605957 0.2585209906101227 -0.9832233786582947 0.06137049198150635 -0.17177118360996246 -0.503227174282074 0.03440910950303078 -0.8623900413513184 -0.5050734877586365 -3.595026969909668
-0.17912058532238007 -0.5025246143341064 0.8458041548728943 0.2585130035877228 -0.9832260012626648 0.06138975918292999 -0.1717492789030075 -0.5032303333282471 0.0343845970928669 -0.8623805046081543 -0.5050914287567139 -3.595017671585083
-0.17911724746227264 -0.5026003122329712 0.8457598686218262 0.25851497054100037 -0.9832273721694946 0.061423029750585556 -0.1717294305562973 -0.5031507611274719 0.03436220437288284 -0.8623340129852295 -0.5051723122596741 -3.5949442386627197
-0.17913320660591125 -0.5025838017463684 0.8457663059234619 0.2585119903087616 -0.9832248091697693 0.061436522752046585 -0.17173931002616882 -0.5031448602676392 0.03435251861810684 -0.8623427152633667 -0.5051581263542175 -3.5949294567108154
-0.17918197810649872 -0.5025559663772583 0.8457725048065186 0.25855547189712524 -0.9832190275192261 0.06153379753232002 -0.17173773050308228 -0.5031692385673523 0.03426428511738777 -0.8623520135879517 -0.5051482319831848 -3.5948548316955566
-0.17916107177734375 -0.5024766325950623 0.8458240628242493 0.2586311399936676 -0.9832201600074768 0.0614401139318943 -0.17176464200019836 -0.5031570792198181 0.034340254962444305 -0.8624048829078674 -0.5050528049468994 -3.595113515853882
-0.17917472124099731 -0.5024603605270386 0.8458308577537537 0.25864842534065247 -0.9832185506820679 0.06146612390875816 -0.1717645227909088 -0.5031460523605347 0.03431498631834984 -0.8624125123023987 -0.5050414800643921 -3.5951154232025146
-0.17904579639434814 -0.5026021599769592 0.8457738757133484 0.25856536626815796 -0.983238160610199 0.06132940575480461 -0.17170129716396332 -0.5031832456588745 0.034426700323820114 -0.8623396158218384 -0.5051583647727966 -3.595060110092163
-0.17898878455162048 -0.5026749968528748 0.8457427024841309 0.25853079557418823 -0.983245313167572 0.06123395636677742 -0.1716943085193634 -0.5031936168670654 0.03451832756400108 -0.8623039722442627 -0.5052129626274109 -3.5951590538024902
-0.1790536493062973 -0.5026496052742004 0.8457440137863159 0.2585270404815674 -0.9832350015640259 0.061299923807382584 -0.1717299073934555 -0.5032169818878174 0.034475989639759064 -0.8623140454292297 -0.50519859790802 -3.5951457023620605
-0.1790638267993927 -0.5026143789291382 0.8457627892494202 0.25857657194137573 -0.9832333922386169 0.06130432337522507 -0.17173750698566437 -0.5031773447990417 0.034468889236450195 -0.8623342514038086 -0.5051645636558533 -3.5951650142669678
-0.1791405975818634 -0.5026316046714783 0.8457363247871399 0.2585618793964386 -0.983219563961029 0.06135204806923866 -0.17179961502552032 -0.5032064318656921 0.03446432948112488 -0.8623208403587341 -0.5051878094673157 -3.5951592922210693
-0.1790701001882553 -0.5025520324707031 0.8457985520362854 0.2585931420326233 -0.9832327961921692 0.06130896136164665 -0.17173919081687927 -0.5031959414482117 0.03445291146636009 -0.8623703122138977 -0.5051041841506958 -3.595141887664795
-0.17911088466644287 -0.5025047659873962 0.8458179831504822 0.2586304247379303 -0.9832262396812439 0.061343058943748474 -0.17176443338394165 -0.5031812787055969 0.034427445381879807 -0.8623954057693481 -0.505062997341156 -3.5951762199401855
-0.17909091711044312 -0.5025460124015808 0.8457977175712585 0.25855740904808044 -0.983229398727417 0.06132914870977402 -0.17175130546092987 -0.5031636357307434 0.03444094583392143 -0.8623723387718201 -0.5051015019416809 -3.5950512886047363
-0.1790352165699005 -0.5026070475578308 0.8457732200622559 0.2585749924182892 -0.9832379817962646 0.06127280369400978 -0.17172236740589142 -0.5031360983848572 0.034486040472984314 -0.8623408079147339 -0.5051522850990295 -3.595168352127075
-0.17910116910934448 -0.5026068687438965 0.845759391784668 0.2585349977016449 -0.9832268357276917 0.061329230666160583 -0.1717659831047058 -0.5031377673149109 0.03446105122566223 -0.8623368740081787 -0.5051606297492981 -3.5951967239379883
-0.1790967732667923 -0.5026834607124329 0.845714807510376 0.2585015296936035 -0.9832296371459961 0.06139272078871727 -0.1717272400856018 -0.5031031966209412 0.03440376743674278 -0.8622877597808838 -0.505248486995697 -3.5951313972473145
-0.1791103631258011 -0.502580463886261 0.8457731008529663 0.2585354149341583 -0.9832262396812439 0.061354655772447586 -0.17176054418087006 -0.5031660795211792 0.034431442618370056 -0.8623504638671875 -0.5051394701004028 -3.5952951908111572
-0.17918476462364197 -0.5025310516357422 0.8457866907119751 0.2585296332836151 -0.9832149744033813 0.06144120544195175 -0.1717940717935562 -0.5032091736793518 0.03436576575040817 -0.8623731136322021 -0.5051053166389465 -3.595278739929199
-0.17916785180568695 -0.5025515556335449 0.8457781076431274 0.2585315406322479 -0.9832194447517395 0.06147196516394615 -0.17175732553005219 -0.5032181143760681 0.034325338900089264 -0.8623589277267456 -0.505132257938385 -3.5953447818756104
-0.17910856008529663 -0.5025458931922913 0.8457940220832825 0.2585373520851135 -0.9832263588905334 0.06134197488427162 -0.1717642843723297 -0.5032483339309692 0.03443683311343193 -0.8623715043067932 -0.5051032304763794 -3.595398187637329
-0.1791878342628479 -0.5025036931037903 0.8458023071289062 0.25854289531707764 -0.9832136034965515 0.0614168606698513 -0.17181062698364258 -0.5033066272735596 0.03438901528716087 -0.8623907566070557 -0.5050735473632812 -3.595370292663574
-0.17912401258945465 -0.502410888671875 0.8458709716796875 0.2585172653198242 -0.9832251071929932 0.06136271730065346 -0.1717638373374939 -0.5033330321311951 0.03439114987850189 -0.8624486923217773 -0.5049745440483093 -3.5953400135040283
-0.179074227809906 -0.5023210644721985 0.8459348678588867 0.25856852531433105 -0.9832326173782349 0.06127843260765076 -0.17175114154815674 -0.5032747983932495 0.034436728805303574 -0.8625069856643677 -0.5048717856407166 -3.5952887535095215
-0.17910121381282806 -0.502329409122467 0.8459241986274719 0.2585753798484802 -0.9832272529602051 0.061283886432647705 -0.17177970707416534 -0.5032601356506348 0.0344485379755497 -0.8625018000602722 -0.5048799514770508 -3.5953314304351807
-0.179085373878479 -0.5023808479309082 0.8458970189094543 0.25854799151420593 -0.9832303524017334 0.06129106134176254 -0.1717594861984253 -0.5031737685203552 0.03444282338023186 -0.8624712824821472 -0.5049324035644531 -3.595184803009033
-0.1790742576122284 -0.5023953914642334 0.8458907008171082 0.25853943824768066 -0.9832324385643005 0.06128997355699539 -0.1717478632926941 -0.5031647086143494 0.034440778195858 -0.8624629378318787 -0.5049468278884888 -3.59517765045166
-0.1790546178817749 -0.5022776126861572 0.845964789390564 0.25856906175613403 -0.9832379817962646 0.06130499392747879 -0.1717107892036438 -0.5032072067260742 0.03438468649983406 -0.8625304102897644 -0.5048353672027588 -3.5952672958374023
-0.17910254001617432 -0.502236008644104 0.8459793329238892 0.25856661796569824 -0.9832296967506409 0.06133279576897621 -0.1717482954263687 -0.5031853318214417 0.03437196835875511 -0.8625526428222656 -0.5047982335090637 -3.5953242778778076
-0.17903003096580505 -0.5023172497749329 0.8459464907646179 0.2585432827472687 -0.983241856098175 0.06128484383225441 -0.17169585824012756 -0.503159761428833 0.034402161836624146 -0.8625087738037109 -0.504871129989624 -3.5952746868133545
-0.1791231632232666 -0.502284824848175 0.8459460139274597 0.25851956009864807 -0.9832247495651245 0.061322540044784546 -0.171780526638031 -0.5031731724739075 0.03440725803375244 -0.8625249862670898 -0.5048431158065796 -3.5952694416046143
-0.1790871024131775 -0.5022391676902771 0.8459807634353638 0.25856488943099976 -0.9832324981689453 0.06132451072335243 -0.17173534631729126 -0.5031887888908386 0.034372929483652115 -0.8625514507293701 -0.5048002600669861 -3.5953528881073
-0.17916741967201233 -0.502195417881012 0.8459897041320801 0.25859102606773376 -0.9832189083099365 0.0613841637969017 -0.17179176211357117 -0.5032080411911011 0.034342728555202484 -0.8625726699829102 -0.504766047000885 -3.5953285694122314
-0.1791246235370636 -0.5022726058959961 0.8459529876708984 0.25857144594192505 -0.9832257628440857 0.061353523284196854 -0.17176352441310883 -0.5031904578208923 0.03436998277902603 -0.8625299334526062 -0.5048372149467468 -3.595273971557617
-0.17916856706142426 -0.502261757850647 0.8459500670433044 0.258618026971817 -0.9832196235656738 0.06142069026827812 -0.17177478969097137 -0.503173291683197 0.03431713581085205 -0.8625314235687256 -0.504838228225708 -3.595276117324829
-0.17916297912597656 -0.5023614764213562 0.845892071723938 0.2585989534854889 -0.9832229018211365 0.06149512901902199 -0.17172932624816895 -0.5030857920646667 0.034252017736434937 -0.8624680638313293 -0.5049508810043335 -3.595128297805786
-0.17917531728744507 -0.5023252964019775 0.8459109663963318 0.2585493326187134 -0.9832220077514648 0.06152806431055069 -0.17172269523143768 -0.5031362771987915 0.03421345725655556 -0.8624867796897888 -0.504921555519104 -3.5950865745544434
-0.17909586429595947 -0.5022915005683899 0.845947802066803 0.258542001247406 -0.9832354187965393 0.06145356595516205 -0.17167241871356964 -0.5032351016998291 0.0342431515455246 -0.8625117540359497 -0.5048768520355225 -3.5952024459838867
-0.17915776371955872 -0.5022810697555542 0.8459409475326538 0.2585511803627014 -0.9832251071929932 0.061507999897003174 -0.1717119961977005 -0.5032036304473877 0.034215617924928665 -0.8625139594078064 -0.5048749446868896 -3.5951993465423584
-0.17923305928707123 -0.502232551574707 0.8459537625312805 0.2585417628288269 -0.9832125306129456 0.06156645715236664 -0.17176306247711182 -0.5032123923301697 0.03418269008398056 -0.8625380396842957 -0.5048360228538513 -3.595207691192627
-0.17922651767730713 -0.5022529363632202 0.845943033695221 0.25853607058525085 -0.9832134246826172 0.06155893951654434 -0.17176081240177155 -0.5032112002372742 0.03419208154082298 -0.8625267148017883 -0.5048547983169556 -3.595196485519409
-0.17919009923934937 -0.5022528767585754 0.8459508419036865 0.25854912400245667 -0.9832168221473694 0.06145903840661049 -0.17177695035934448 -0.5032674074172974 0.034284207969903946 -0.8625338673591614 -0.5048362612724304 -3.595277786254883
-0.17919154465198517 -0.5022580623626709 0.8459474444389343 0.2585484981536865 -0.9832166433334351 0.0614631250500679 -0.17177647352218628 -0.503274142742157 0.03428161144256592 -0.8625305891036987 -0.5048421025276184 -3.5952723026275635
-0.1792607307434082 -0.5022305846214294 0.845949113368988 0.2585497796535492 -0.9832035899162292 0.06148211658000946 -0.1718445122241974 -0.5032580494880676 0.034294888377189636 -0.8625452518463135 -0.5048161745071411 -3.5953123569488525
-0.1791607290506363 -0.5022916793823242 0.8459340333938599 0.2585395276546478 -0.9832199811935425 0.06139630451798439 -0.17178133130073547 -0.5032352805137634 0.03434717282652855 -0.8625157475471497 -0.5048629641532898 -3.595250368118286
-0.1791682094335556 -0.5023775100708008 0.8458814024925232 0.25852736830711365 -0.9832161664962769 0.061355773359537125 -0.17181771993637085 -0.5032390356063843 0.03441771864891052 -0.8624686002731323 -0.5049386620521545 -3.5952165126800537
-0.1792234629392624 -0.5024406909942627 0.8458322286605835 0.2585127651691437 -0.9832059144973755 0.0613928884267807 -0.1718631535768509 -0.5032514333724976 0.03442302346229553 -0.8624292016029358 -0.5050055980682373 -3.5951895713806152
-0.1791582554578781 -0.5023757219314575 0.8458846211433411 0.25858715176582336 -0.9832183718681335 0.06135996803641319 -0.17180360853672028 -0.5032240748405457 0.03440657630562782 -0.8624693751335144 -0.5049381256103516 -3.595240831375122
-0.17925412952899933 -0.5023472905158997 0.8458811640739441 0.2585708796977997 -0.9832016229629517 0.0614224411547184 -0.1718771606683731 -0.5031977295875549 0.034386005252599716 -0.8624814748764038 -0.5049188733100891 -3.5952847003936768
-0.1792323738336563 -0.5024003982543945 0.8458542823791504 0.2585456967353821 -0.9832051396369934 0.06141120567917824 -0.17186091840267181 -0.5031832456588745 0.03439812734723091 -0.8624513745307922 -0.5049694776535034 -3.5952255725860596
-0.17926758527755737 -0.5023822784423828 0.845857560634613 0.25858256220817566 -0.983199417591095 0.06144310534000397 -0.17188233137130737 -0.503178060054779 0.03437858819961548 -0.862459659576416 -0.5049566626548767 -3.5951852798461914
-0.179229274392128 -0.5023180842399597 0.8459038138389587 0.25864177942276 -0.9832055568695068 0.06138899177312851 -0.1718665063381195 -0.5031914114952087 0.03440254181623459 -0.8625009059906006 -0.5048846006393433 -3.5952227115631104
-0.17922702431678772 -0.5023143291473389 0.8459064960479736 0.25863832235336304 -0.9832041263580322 0.061341702938079834 -0.17189139127731323 -0.5031411647796631 0.03445423021912575 -0.8625064492225647 -0.5048716068267822 -3.5953028202056885
-0.1791391670703888 -0.5024665594100952 0.8458347320556641 0.2585885524749756 -0.9832196831703186 0.06131425127387047 -0.17181241512298584 -0.5031157732009888 0.034468334168195724 -0.8624197244644165 -0.5050187110900879 -3.5952632427215576
-0.1791580468416214 -0.5024754405021667 0.8458254337310791 0.2585933804512024 -0.9832163453102112 0.06132868677377701 -0.1718263179063797 -0.5030946731567383 0.034465208649635315 -0.8624135255813599 -0.505029559135437 -3.5953099727630615
-0.17905369400978088 -0.5024492740631104 0.8458630442619324 0.25860676169395447 -0.9832323789596558 0.061194583773612976 -0.17178232967853546 -0.5031632781028748 0.034549739211797714 -0.8624382615089417 -0.5049814581871033 -3.595419406890869
-0.17901703715324402 -0.502574622631073 0.8457963466644287 0.2585650384426117 -0.9832378029823303 0.06116963177919388 -0.1717601716518402 -0.5031916499137878 0.03458530828356743 -0.8623670339584351 -0.5051007270812988 -3.595362424850464
-0.17909975349903107 -0.5025182962417603 0.8458123207092285 0.2585821747779846 -0.9832261800765991 0.06128746643662453 -0.1717846840620041 -0.5032060146331787 0.034487318247556686 -0.862391471862793 -0.5050656795501709 -3.5953259468078613
-0.17908932268619537 -0.5026227831840515 0.8457524180412292 0.2585803270339966 -0.9832234382629395 0.061187975108623505 -0.17183569073677063 -0.5032172799110413 0.034618716686964035 -0.8623376488685608 -0.5051485896110535 -3.595362901687622
-0.17911973595619202 -0.5026056170463562 0.8457561731338501 0.2585912346839905 -0.9832179546356201 0.06120084971189499 -0.17186272144317627 -0.5031878352165222 0.034618232399225235 -0.8623467683792114 -0.5051330924034119 -3.5954227447509766
-0.1791241616010666 -0.502500593662262 0.8458176255226135 0.25864899158477783 -0.9832186698913574 0.06122037023305893 -0.1718515306711197 -0.5031819939613342 0.03457429260015488 -0.8624065518379211 -0.5050339698791504 -3.5954809188842773
-0.1791508048772812 -0.5024876594543457 0.8458197116851807 0.2586287260055542 -0.9832155704498291 0.06127512454986572 -0.1718498319387436 -0.5031883716583252 0.03452477604150772 -0.8624102473258972 -0.5050311088562012 -3.5955331325531006
-0.17906121909618378 -0.5025291442871094 0.845814049243927 0.2585608661174774 -0.9832281470298767 0.061143603175878525 -0.171824648976326 -0.5031766295433044 0.03463083878159523 -0.8623954057693481 -0.5050491690635681 -3.5955796241760254
-0.17910656332969666 -0.5025507807731628 0.8457915782928467 0.2586112916469574 -0.9832194447517395 0.061159972101449966 -0.17186878621578217 -0.5031320452690125 0.03464427590370178 -0.8623815774917603 -0.5050718188285828 -3.5956220626831055
-0.17917709052562714 -0.5024969577789307 0.8458085656166077 0.2586115896701813 -0.9832093715667725 0.06125576049089432 -0.1718921661376953 -0.5031822919845581 0.034564707428216934 -0.8624061346054077 -0.5050353407859802 -3.595578908920288
-0.17905612289905548 -0.5024717450141907 0.8458492159843445 0.2586019039154053 -0.9832310080528259 0.06117686256766319 -0.17179657518863678 -0.5032457113265991 0.034576594829559326 -0.8624264597892761 -0.5049998760223389 -3.5956053733825684
-0.17913079261779785 -0.5024923086166382 0.8458212018013 0.25866732001304626 -0.9832174181938171 0.06122082844376564 -0.17185857892036438 -0.5032328367233276 0.03457580879330635 -0.862411379814148 -0.5050256848335266 -3.5956249237060547
-0.17918914556503296 -0.5024147033691406 0.8458549380302429 0.2586318254470825 -0.9832118153572083 0.06136128306388855 -0.17184056341648102 -0.503236711025238 0.0344325490295887 -0.8624466061592102 -0.5049753189086914 -3.5954997539520264
-0.1792125254869461 -0.5024223923683167 0.8458454012870789 0.2586407959461212 -0.9832078814506531 0.06138334050774574 -0.17185518145561218 -0.5032430291175842 0.034423135221004486 -0.8624405264854431 -0.5049862265586853 -3.59550404548645
-0.17915591597557068 -0.5025694966316223 0.845770001411438 0.258561909198761 -0.9832184910774231 0.061391063034534454 -0.171791672706604 -0.5032114386558533 0.03441460058093071 -0.8623542785644531 -0.5051341652870178 -3.595369577407837
-0.17921242117881775 -0.5025478005409241 0.8457708954811096 0.2585579752922058 -0.9832092523574829 0.06144260615110397 -0.17182615399360657 -0.503233015537262 0.034384552389383316 -0.8623632788658142 -0.5051208734512329 -3.595369577407837
-0.17918425798416138 -0.5026286840438843 0.8457288146018982 0.2585506737232208 -0.9832108020782471 0.06135458126664162 -0.17184874415397644 -0.503264844417572 0.03448683023452759 -0.8623223900794983 -0.5051836371421814 -3.595431327819824
-0.1792706549167633 -0.5025689601898193 0.8457459807395935 0.25856533646583557 -0.9831955432891846 0.06140020862221718 -0.17191968858242035 -0.5032911896705627 0.03447258099913597 -0.8623539209365845 -0.5051307678222656 -3.5953962802886963
-0.17922356724739075 -0.5026640295982361 0.8456994891166687 0.25862210988998413 -0.9832013845443726 0.061325978487730026 -0.17191284894943237 -0.5033000111579895 0.03455112501978874 -0.8623037934303284 -0.5052109956741333 -3.595479965209961
-0.17923934757709503 -0.5026499032974243 0.8457045555114746 0.2586914300918579 -0.983198344707489 0.06132669374346733 -0.17193011939525604 -0.5032656788825989 0.03455646336078644 -0.8623120188713074 -0.5051966309547424 -3.5955183506011963
-0.17917583882808685 -0.502560019493103 0.8457714319229126 0.2586488425731659 -0.9832109212875366 0.06130153685808182 -0.17186683416366577 -0.5033563375473022 0.03452637791633606 -0.8623661398887634 -0.5051062107086182 -3.5955328941345215
-0.1792164146900177 -0.5025849938392639 0.8457479476928711 0.25860628485679626 -0.9832028746604919 0.06131134554743767 -0.1719094216823578 -0.5033116936683655 0.03454521298408508 -0.8623509407043457 -0.5051309466362 -3.5956244468688965
-0.17922177910804749 -0.5025936961174011 0.8457416296005249 0.2585984170436859 -0.983201265335083 0.061300087720155716 -0.17192266881465912 -0.5031914114952087 0.034563273191452026 -0.8623466491699219 -0.505137026309967 -3.595587968826294
