# 3x4 first row second row third row Freq: 100 current Time: 2021-04-07-14:56:07
0.0702161192893982 -0.47466662526130676 0.8773603439331055 0.2666802406311035 -0.987273633480072 -0.1588786542415619 -0.0069435336627066135 -0.7340747714042664 0.1426897644996643 -0.8657072186470032 -0.4797816276550293 -3.649350166320801
0.07005686312913895 -0.4745855927467346 0.8774169087409973 0.26670771837234497 -0.9872877597808838 -0.15878558158874512 -0.007056131958961487 -0.7340731620788574 0.14266996085643768 -0.8657687306404114 -0.4796765148639679 -3.649351119995117
0.07014423608779907 -0.47460612654685974 0.8773987889289856 0.26676905155181885 -0.9872928261756897 -0.1587589979171753 -0.006946892011910677 -0.7339790463447571 0.14259205758571625 -0.8657623529434204 -0.4797112047672272 -3.6492578983306885
0.06998429447412491 -0.4745319187641144 0.8774517178535461 0.26678624749183655 -0.987302303314209 -0.15869447588920593 -0.007077373564243317 -0.7339662313461304 0.142605260014534 -0.8658148646354675 -0.4796124994754791 -3.6492629051208496
0.07001163065433502 -0.4745393693447113 0.8774455189704895 0.2667331397533417 -0.98729008436203 -0.15876969695091248 -0.007089659105986357 -0.7341169118881226 0.14267614483833313 -0.8657969832420349 -0.4796237051486969 -3.649456739425659
0.06994717568159103 -0.4745023846626282 0.8774706721305847 0.2667207717895508 -0.9872811436653137 -0.15882128477096558 -0.007183893118053675 -0.7341498732566833 0.14276985824108124 -0.8658077716827393 -0.4795762896537781 -3.6494646072387695
0.06996841728687286 -0.47451314330101013 0.877463161945343 0.2667624056339264 -0.98729008436203 -0.15876807272434235 -0.007132513914257288 -0.7340595722198486 0.14269767701625824 -0.8658116459846497 -0.4795908033847809 -3.64933443069458
0.06985311210155487 -0.4745291471481323 0.877463698387146 0.26674285531044006 -0.9872846007347107 -0.15879538655281067 -0.007280359975993633 -0.7340520620346069 0.1427920013666153 -0.8657978773117065 -0.4795876145362854 -3.6493377685546875
0.0700133740901947 -0.4744756519794464 0.8774798512458801 0.2667049169540405 -0.9872608184814453 -0.15894770622253418 -0.007174484897404909 -0.7339586615562439 0.14287760853767395 -0.8657992482185364 -0.47955965995788574 -3.649341344833374
0.06999250501394272 -0.47453585267066956 0.8774489164352417 0.26661965250968933 -0.987257719039917 -0.15896496176719666 -0.007218691520392895 -0.7340629696846008 0.1429092288017273 -0.8657630681991577 -0.4796155095100403 -3.6494741439819336
0.0699329823255539 -0.47445741295814514 0.8774961233139038 0.26664549112319946 -0.9872552752494812 -0.15897749364376068 -0.00727804284542799 -0.7340414524078369 0.14295533299446106 -0.8658037781715393 -0.4795283079147339 -3.649468183517456
0.06985749304294586 -0.474455326795578 0.8775032162666321 0.26665088534355164 -0.9872478246688843 -0.15901903808116913 -0.007385591045022011 -0.7340860366821289 0.14304393529891968 -0.8657972812652588 -0.47951361536979675 -3.6495656967163086
0.06976047903299332 -0.47440820932388306 0.877536416053772 0.26670876145362854 -0.987254798412323 -0.15897229313850403 -0.0074600945226848125 -0.7340571284294128 0.14304319024085999 -0.8658316731452942 -0.4794516861438751 -3.649570941925049
0.06991543620824814 -0.47428181767463684 0.8775924444198608 0.26676592230796814 -0.987253725528717 -0.1589875966310501 -0.007270753849297762 -0.7340034246444702 0.14297476410865784 -0.8658981323242188 -0.4793521463871002 -3.649554967880249
0.06999829411506653 -0.47420942783355713 0.8776249289512634 0.26678746938705444 -0.9872457385063171 -0.15904049575328827 -0.00719338096678257 -0.73401939868927 0.1429891586303711 -0.865928053855896 -0.4792937636375427 -3.649604320526123
0.07004722207784653 -0.47422102093696594 0.8776147365570068 0.26679727435112 -0.9872457385063171 -0.1590431034564972 -0.007141941227018833 -0.7340194582939148 0.14296551048755646 -0.8659211993217468 -0.4793131649494171 -3.6496200561523438
0.0701732188463211 -0.4742129147052765 0.8776090741157532 0.2667335271835327 -0.9872355461120605 -0.15911103785037994 -0.007036304101347923 -0.7340473532676697 0.14297407865524292 -0.8659131526947021 -0.4793251156806946 -3.6496918201446533
0.07018347084522247 -0.4742090106010437 0.8776103854179382 0.2667320966720581 -0.9872373938560486 -0.15910032391548157 -0.007018121890723705 -0.7340481877326965 0.1429562270641327 -0.8659172654151917 -0.47932302951812744 -3.6497108936309814
0.07029274106025696 -0.4742632508277893 0.8775722980499268 0.2666805386543274 -0.987236738204956 -0.1591092199087143 -0.006910191848874092 -0.7339159250259399 0.14290717244148254 -0.8658859133720398 -0.47939425706863403 -3.6495304107666016
0.07027319073677063 -0.4742578864097595 0.8775767683982849 0.26667138934135437 -0.987237274646759 -0.15910503268241882 -0.006928866729140282 -0.7338954210281372 0.14291302859783173 -0.8658896684646606 -0.4793858230113983 -3.6495394706726074
0.07017743587493896 -0.474348247051239 0.8775355815887451 0.26663073897361755 -0.987238347530365 -0.159092977643013 -0.007046698126941919 -0.7340692281723022 0.14295241236686707 -0.865842342376709 -0.4794594943523407 -3.6496129035949707
0.07006748765707016 -0.4743242859840393 0.8775573372840881 0.26665768027305603 -0.9872394800186157 -0.1590808779001236 -0.007159239146858454 -0.7340726256370544 0.14299847185611725 -0.865857720375061 -0.479418009519577 -3.6495985984802246
0.07013469934463501 -0.4742567837238312 0.8775884509086609 0.2667081356048584 -0.9872477650642395 -0.15903475880622864 -0.007045551668852568 -0.7339574098587036 0.14290854334831238 -0.8659031391143799 -0.47936275601387024 -3.6494925022125244
0.07001647353172302 -0.4742785394191742 0.8775861263275146 0.2667907178401947 -0.9872609376907349 -0.15894880890846252 -0.007135012652724981 -0.7339639067649841 0.1428753286600113 -0.8659070134162903 -0.47936567664146423 -3.649440050125122
0.07016251236200333 -0.4741811156272888 0.8776271343231201 0.2668275535106659 -0.9872684478759766 -0.1589111089706421 -0.006931781303137541 -0.7338602542877197 0.14275169372558594 -0.8659672737121582 -0.4792936146259308 -3.6492927074432373
0.07009801268577576 -0.4742143750190735 0.8776143193244934 0.2667923867702484 -0.987278163433075 -0.1588491052389145 -0.00697619142010808 -0.7338933944702148 0.14271654188632965 -0.8659604787826538 -0.47931644320487976 -3.6492760181427
0.07013745605945587 -0.4743179976940155 0.8775551319122314 0.26670682430267334 -0.9872670769691467 -0.1589171290397644 -0.006988693960011005 -0.7339635491371155 0.14277347922325134 -0.8658912181854248 -0.4794245660305023 -3.649263620376587
0.07011058926582336 -0.4742637574672699 0.8775866031646729 0.2666340172290802 -0.987259566783905 -0.15896177291870117 -0.007033567409962416 -0.7339740991592407 0.14283856749534607 -0.8659127354621887 -0.47936633229255676 -3.649277448654175
0.07013650238513947 -0.4741416573524475 0.8776504993438721 0.2667276859283447 -0.9872744083404541 -0.15887421369552612 -0.006933301221579313 -0.7338718771934509 0.1427234709262848 -0.8659956455230713 -0.4792507588863373 -3.6491940021514893
0.07014529407024384 -0.4740920066833496 0.8776766061782837 0.26666921377182007 -0.9872534275054932 -0.15900206565856934 -0.0069849551655352116 -0.7338741421699524 0.14286398887634277 -0.8659994006156921 -0.47920218110084534 -3.649202823638916
0.07014422118663788 -0.47423380613327026 0.8776000738143921 0.26665982604026794 -0.9872496724128723 -0.15902391076087952 -0.007024575024843216 -0.7339662313461304 0.14289076626300812 -0.8659177422523499 -0.4793417453765869 -3.649383306503296
0.07005110383033752 -0.47419852018356323 0.8776265978813171 0.26667895913124084 -0.9872467517852783 -0.15903709828853607 -0.007130063138902187 -0.7340035438537598 0.14295633137226105 -0.8659346699714661 -0.4792916178703308 -3.6493170261383057
0.07024173438549042 -0.4740196168422699 0.8777080178260803 0.2667515277862549 -0.9872503876686096 -0.15902571380138397 -0.006876130122691393 -0.7339662909507751 0.14283764362335205 -0.8660346865653992 -0.47914624214172363 -3.649317979812622
0.07009459286928177 -0.47407829761505127 0.8776881098747253 0.2667142450809479 -0.987260639667511 -0.15895605087280273 -0.007013984955847263 -0.7340085506439209 0.14283908903598785 -0.8660153150558472 -0.47918078303337097 -3.6492583751678467
0.07010403275489807 -0.47407329082489014 0.8776900172233582 0.26671016216278076 -0.9872623085975647 -0.1589467078447342 -0.006997265852987766 -0.734009325504303 0.1428232342004776 -0.8660197854042053 -0.47917741537094116 -3.6492538452148438
0.07004360854625702 -0.47403377294540405 0.8777161836624146 0.26668787002563477 -0.9872592687606812 -0.15896250307559967 -0.007066636811941862 -0.7340098023414612 0.1428738683462143 -0.8660385608673096 -0.47912847995758057 -3.6492600440979004
0.0700988620519638 -0.4739435017108917 0.8777605295181274 0.2667509913444519 -0.987252950668335 -0.15900418162345886 -0.007010794710367918 -0.7339203953742981 0.14289039373397827 -0.8660802841186523 -0.47904810309410095 -3.649343252182007
0.07015029340982437 -0.4738544225692749 0.8778045177459717 0.26673346757888794 -0.9872671961784363 -0.15892088413238525 -0.006890363525599241 -0.733823299407959 0.1427665799856186 -0.8661442995071411 -0.4789692163467407 -3.6491596698760986
0.06999977678060532 -0.47403812408447266 0.8777173757553101 0.26657310128211975 -0.9872564077377319 -0.15897737443447113 -0.007124979980289936 -0.734048068523407 0.1429147869348526 -0.8660334348678589 -0.4791254997253418 -3.6492297649383545
0.07000906765460968 -0.47402289509773254 0.877724826335907 0.2665513753890991 -0.9872561097145081 -0.1589798480272293 -0.007113069295883179 -0.7340561747550964 0.1429123878479004 -0.8660413026809692 -0.47911199927330017 -3.649228572845459
0.06998514384031296 -0.474128395318985 0.8776697516441345 0.2666334807872772 -0.9872651696205139 -0.15892304480075836 -0.007128129247575998 -0.7340708374977112 0.14286166429519653 -0.8659939765930176 -0.4792126715183258 -3.649181842803955
0.07008172571659088 -0.4741363227367401 0.8776577711105347 0.2666831612586975 -0.9872607588768005 -0.15895430743694305 -0.007038258481770754 -0.7340158820152283 0.14284466207027435 -0.8659839034080505 -0.4792359173297882 -3.649087905883789
0.06993956118822098 -0.4742656350135803 0.8775992393493652 0.2665947675704956 -0.9872623682022095 -0.15893666446208954 -0.007212419528514147 -0.7341180443763733 0.1429033726453781 -0.8659163117408752 -0.47934049367904663 -3.6491832733154297
0.06999765336513519 -0.4742877781391144 0.8775826096534729 0.2666098177433014 -0.9872549176216125 -0.15898437798023224 -0.007177588064223528 -0.7340803146362305 0.14292624592781067 -0.8658954501152039 -0.47937142848968506 -3.649242401123047
0.0700531005859375 -0.4742390811443329 0.8776045441627502 0.266696035861969 -0.9872487783432007 -0.15902462601661682 -0.007128458470106125 -0.7340700626373291 0.1429414004087448 -0.8659147024154663 -0.4793320894241333 -3.649324655532837
0.07007598131895065 -0.4742351770401001 0.8776048421859741 0.26670336723327637 -0.9872444272041321 -0.15905234217643738 -0.007117323577404022 -0.7340771555900574 0.14296045899391174 -0.8659117817878723 -0.47933173179626465 -3.649341106414795
0.06995611637830734 -0.47429463267326355 0.8775822520256042 0.26677101850509644 -0.987252950668335 -0.15899412333965302 -0.0072309840470552444 -0.733924925327301 0.14296011626720428 -0.8658899068832397 -0.4793713390827179 -3.649279832839966
0.06993281096220016 -0.47426679730415344 0.8775991797447205 0.2667495906352997 -0.987261176109314 -0.15894341468811035 -0.00722395908087492 -0.7339533567428589 0.1429147720336914 -0.8659144639968872 -0.47934049367904663 -3.6492760181427
0.07002568989992142 -0.4742640256881714 0.8775932788848877 0.26673948764801025 -0.9872599840164185 -0.15895512700080872 -0.007125445641577244 -0.7339169979095459 0.14287737011909485 -0.8659138083457947 -0.47935280203819275 -3.649184465408325
0.06984163075685501 -0.4741918742656708 0.8776468634605408 0.2667580246925354 -0.9872623085975647 -0.15893258154392242 -0.007306625135242939 -0.7338985204696655 0.14295150339603424 -0.8659574389457703 -0.47925183176994324 -3.6491785049438477
0.06999073922634125 -0.4742218852043152 0.8776187896728516 0.26675376296043396 -0.987252950668335 -0.15899665653705597 -0.007179924286901951 -0.7338600158691406 0.1429433971643448 -0.8659292459487915 -0.4793052077293396 -3.6491005420684814
0.07002323120832443 -0.4742344319820404 0.8776094317436218 0.26671990752220154 -0.9872390031814575 -0.15908250212669373 -0.007193229626864195 -0.733895480632782 0.14302365481853485 -0.8659065961837769 -0.4793221652507782 -3.6490375995635986
0.07004495710134506 -0.4742344319820404 0.8776077032089233 0.26672226190567017 -0.9872404336929321 -0.1590748280286789 -0.007164531387388706 -0.7338894009590149 0.14300303161144257 -0.8659080266952515 -0.4793257415294647 -3.649030923843384
0.06995808333158493 -0.4743597209453583 0.8775469064712524 0.26667436957359314 -0.9872294068336487 -0.15913617610931396 -0.007319517899304628 -0.7341305017471313 0.1431216150522232 -0.8658281564712524 -0.47943469882011414 -3.6492953300476074
0.06986497342586517 -0.47433653473854065 0.8775668740272522 0.26671934127807617 -0.9872358441352844 -0.15909281373023987 -0.007395951077342033 -0.7341452240943909 0.1431228220462799 -0.8658487796783447 -0.4793969988822937 -3.649322509765625
0.07004288583993912 -0.4743262827396393 0.8775582313537598 0.266789048910141 -0.9872272610664368 -0.15915389358997345 -0.007227716501802206 -0.7341066598892212 0.14309518039226532 -0.8658431768417358 -0.4794153869152069 -3.649305582046509
0.06990309059619904 -0.4742823541164398 0.8775931000709534 0.26681727170944214 -0.9872334003448486 -0.1591099351644516 -0.007352473214268684 -0.7341102361679077 0.14312100410461426 -0.8658753633499146 -0.47934961318969727 -3.64935302734375
0.07008560746908188 -0.47424742579460144 0.877597451210022 0.2667870819568634 -0.9872168302536011 -0.15921974182128906 -0.007201449945569038 -0.7341324687004089 0.14314617216587067 -0.8658742904663086 -0.4793440103530884 -3.6493489742279053
0.07015511393547058 -0.4743116796016693 0.8775571584701538 0.26674824953079224 -0.9872159957885742 -0.15922760963439941 -0.007139565888792276 -0.7339938282966614 0.1431177854537964 -0.8658376336097717 -0.47941866517066956 -3.6492702960968018
0.07017435133457184 -0.4743272364139557 0.8775472044944763 0.2667509913444519 -0.9872114658355713 -0.1592560112476349 -0.007136534433811903 -0.7339857220649719 0.1431397944688797 -0.8658239245414734 -0.4794369041919708 -3.6492769718170166
0.07020726054906845 -0.47437939047813416 0.8775163888931274 0.26668593287467957 -0.9872106313705444 -0.15926221013069153 -0.007112649269402027 -0.733943521976471 0.143129363656044 -0.8657941818237305 -0.4794936776161194 -3.6493349075317383
0.07014045119285583 -0.4743709862232208 0.8775262832641602 0.26671504974365234 -0.9872297048568726 -0.15914331376552582 -0.007120405789464712 -0.7339270114898682 0.14303022623062134 -0.8658206462860107 -0.4794754981994629 -3.649324893951416
0.0701223686337471 -0.47430944442749023 0.8775609731674194 0.26688051223754883 -0.9872333407402039 -0.1591210961341858 -0.007117008790373802 -0.7338069677352905 0.14301419258117676 -0.8658584356307983 -0.4794120192527771 -3.649385452270508
0.07017490267753601 -0.47435736656188965 0.8775308728218079 0.26679956912994385 -0.9872294664382935 -0.15914678573608398 -0.0070810383185744286 -0.7338732481002808 0.14301523566246033 -0.8658275008201599 -0.47946763038635254 -3.649385690689087
0.07038974016904831 -0.47435909509658813 0.8775127530097961 0.26669666171073914 -0.9872187376022339 -0.15922193229198456 -0.006881281267851591 -0.7340387105941772 0.1429835557937622 -0.8658127188682556 -0.4795037508010864 -3.6495184898376465
0.07036414742469788 -0.4743797481060028 0.8775036334991455 0.2666640877723694 -0.9872263669967651 -0.15917430818080902 -0.006887528114020824 -0.7340822219848633 0.14294341206550598 -0.8658101558685303 -0.479520320892334 -3.6495113372802734
0.07038876414299011 -0.474417120218277 0.8774814605712891 0.26655563712120056 -0.9872156381607056 -0.15924020111560822 -0.006903280038386583 -0.7342507839202881 0.14300543069839478 -0.8657775521278381 -0.4795606732368469 -3.649691104888916
0.07030043005943298 -0.47432634234428406 0.8775376081466675 0.2667118012905121 -0.9872398376464844 -0.15909002721309662 -0.006902622524648905 -0.734150767326355 0.14288164675235748 -0.8658549189567566 -0.47945791482925415 -3.6496646404266357
0.07025162130594254 -0.4742896556854248 0.8775613307952881 0.2667239010334015 -0.9872335195541382 -0.15912634134292603 -0.006970833521336317 -0.7341526746749878 0.1429494023323059 -0.865868330001831 -0.4794134795665741 -3.649696111679077
0.07033581286668777 -0.474344402551651 0.8775250315666199 0.2666882872581482 -0.9872450828552246 -0.1590600162744522 -0.006849552504718304 -0.734054446220398 0.14282827079296112 -0.8658505082130432 -0.4794817268848419 -3.6495168209075928
0.07010537385940552 -0.4743611812591553 0.8775343894958496 0.2666424810886383 -0.987250566482544 -0.15901564061641693 -0.0070873405784368515 -0.73408043384552 0.14290373027324677 -0.865849494934082 -0.479461133480072 -3.6493992805480957
0.07023913413286209 -0.47429561614990234 0.8775591254234314 0.26674678921699524 -0.9872506856918335 -0.15902182459831238 -0.006928110960870981 -0.7339282035827637 0.14283709228038788 -0.8658842444419861 -0.47941818833351135 -3.649296760559082
0.07027249783277512 -0.47436854243278503 0.87751704454422 0.2667068839073181 -0.9872326254844666 -0.1591322422027588 -0.006965265609323978 -0.733901858329773 0.14294542372226715 -0.8658240437507629 -0.47949469089508057 -3.6492021083831787
0.0702706053853035 -0.474358469247818 0.8775225877761841 0.26671329140663147 -0.9872293472290039 -0.15915195643901825 -0.006976437754929066 -0.733878493309021 0.14296884834766388 -0.865825891494751 -0.4794842600822449 -3.6491878032684326
0.07033167034387589 -0.474455863237381 0.8774650692939758 0.26666995882987976 -0.9872371554374695 -0.15910698473453522 -0.006900915410369635 -0.7339495420455933 0.14288507401943207 -0.8657808303833008 -0.47959068417549133 -3.649111270904541
0.07032778859138489 -0.4744645059108734 0.8774607181549072 0.2666652798652649 -0.987220048904419 -0.15921026468276978 -0.006964098662137985 -0.733924388885498 0.14300504326820374 -0.8657571077346802 -0.4795977473258972 -3.6490976810455322
0.07033295929431915 -0.474569708108902 0.8774033784866333 0.26658129692077637 -0.9872192144393921 -0.1592145413160324 -0.006980211474001408 -0.7340767979621887 0.1430080533027649 -0.8656986355781555 -0.47970232367515564 -3.6492531299591064
0.07028468698263168 -0.4745669960975647 0.8774087429046631 0.2666342258453369 -0.9872205853462219 -0.15920424461364746 -0.007028312422335148 -0.7340709567070007 0.14302267134189606 -0.8657020330429077 -0.47969189286231995 -3.6492397785186768
0.07035151869058609 -0.47451335191726685 0.8774324059486389 0.26673173904418945 -0.9872015118598938 -0.15932302176952362 -0.007008953019976616 -0.7340509295463562 0.14312109351158142 -0.8657096028327942 -0.4796488881111145 -3.6492931842803955
0.0704093873500824 -0.47452449798583984 0.8774217367172241 0.26670217514038086 -0.9871976971626282 -0.1593489944934845 -0.006960312370210886 -0.7340173125267029 0.1431191861629486 -0.8656986951828003 -0.47966909408569336 -3.6493775844573975
0.07042698562145233 -0.47460582852363586 0.8773763179779053 0.26670923829078674 -0.9871942400932312 -0.15936990082263947 -0.0069672237150371075 -0.7340502738952637 0.14313413202762604 -0.8656502366065979 -0.4797520637512207 -3.6494812965393066
0.07029417902231216 -0.4745545983314514 0.8774147033691406 0.2667357921600342 -0.9872034788131714 -0.1593083292245865 -0.007073003798723221 -0.7340431213378906 0.14313606917858124 -0.8656896948814392 -0.4796803593635559 -3.649489641189575
0.07031447440385818 -0.47455933690071106 0.8774104714393616 0.2667429745197296 -0.9872017502784729 -0.15931947529315948 -0.007057220675051212 -0.7339906096458435 0.14313772320747375 -0.8656850457191467 -0.47968822717666626 -3.649416923522949
0.07043351233005524 -0.47464656829833984 0.8773537874221802 0.2667296826839447 -0.9871903657913208 -0.15939365327358246 -0.0069806226529181 -0.7339740991592407 0.14315803349018097 -0.8656235337257385 -0.47979310154914856 -3.6494293212890625
0.07044579833745956 -0.4746251404285431 0.8773643374443054 0.26672980189323425 -0.987189531326294 -0.15939942002296448 -0.006966007873415947 -0.7339659929275513 0.1431576907634735 -0.8656342029571533 -0.47977393865585327 -3.649435043334961
0.07036291807889938 -0.47477811574935913 0.8772882223129272 0.2666759490966797 -0.987189531326294 -0.15939398109912872 -0.007084725424647331 -0.7340788841247559 0.14319820702075958 -0.8655513525009155 -0.4799113869667053 -3.649400234222412
0.07037163525819778 -0.47477445006370544 0.8772895336151123 0.2666652202606201 -0.9871878623962402 -0.15940457582473755 -0.007080113515257835 -0.7340803146362305 0.14320550858974457 -0.8655514121055603 -0.47990909218788147 -3.6493985652923584
0.07044285535812378 -0.4746864438056946 0.8773314356803894 0.26671290397644043 -0.9871878027915955 -0.15940894186496735 -0.006986005697399378 -0.7339960932731628 0.14317071437835693 -0.8655988574028015 -0.47983384132385254 -3.649341106414795
0.07045624405145645 -0.47467413544654846 0.8773370385169983 0.26671820878982544 -0.9871857762336731 -0.15942195057868958 -0.006975861731916666 -0.7339893579483032 0.14317812025547028 -0.8656032085418701 -0.4798237979412079 -3.6493427753448486
0.07050112634897232 -0.47478562593460083 0.8772730827331543 0.266586035490036 -0.9871667623519897 -0.15953832864761353 -0.007010637782514095 -0.7340797781944275 0.1432873010635376 -0.8655205965042114 -0.47994017601013184 -3.649583339691162
0.07037992030382156 -0.47475042939186096 0.8773018717765808 0.2666449546813965 -0.9871866106987 -0.15941277146339417 -0.007070857100188732 -0.7340664863586426 0.14321009814739227 -0.8655630946159363 -0.4798866808414459 -3.649592638015747
0.0703691840171814 -0.4747244119644165 0.8773168325424194 0.26663029193878174 -0.987186074256897 -0.1594158113002777 -0.007079771254211664 -0.7340704798698425 0.14321917295455933 -0.8655768036842346 -0.47985923290252686 -3.649601459503174
0.07026994973421097 -0.47474363446235657 0.8773143291473389 0.26666396856307983 -0.9871989488601685 -0.15933288633823395 -0.007149051409214735 -0.734042763710022 0.14317907392978668 -0.8655815124511719 -0.47986268997192383 -3.649663209915161
0.07031548023223877 -0.4747975170612335 0.8772815465927124 0.26668432354927063 -0.9872158765792847 -0.15923219919204712 -0.007052011787891388 -0.7341002821922302 0.14303982257843018 -0.8655704855918884 -0.4799240827560425 -3.649630546569824
0.07033680379390717 -0.4748171865940094 0.8772692084312439 0.26668357849121094 -0.9872116446495056 -0.1592589169740677 -0.0070464881137013435 -0.7341050505638123 0.14305880665779114 -0.8655547499656677 -0.4799467623233795 -3.64963960647583
0.07029063999652863 -0.4747839570045471 0.8772909045219421 0.2666705548763275 -0.9872124791145325 -0.15925166010856628 -0.007088238373398781 -0.7340928316116333 0.14307549595832825 -0.8655743598937988 -0.47990649938583374 -3.6496639251708984
0.07032134383916855 -0.47478410601615906 0.8772883415222168 0.2666700482368469 -0.9872140884399414 -0.15924355387687683 -0.007049222942441702 -0.7340955138206482 0.1430494487285614 -0.8655757308006287 -0.4799117147922516 -3.6496775150299072
0.07031483203172684 -0.4747334420681 0.8773162961006165 0.266674667596817 -0.9872099757194519 -0.15926839411258698 -0.00706089474260807 -0.7340718507766724 0.14308087527751923 -0.8655989766120911 -0.47986048460006714 -3.6496987342834473
0.07038940489292145 -0.4747524857521057 0.8773000240325928 0.2666721045970917 -0.9872015118598938 -0.15932303667068481 -0.007010813802480698 -0.7340676188468933 0.14310257136821747 -0.8655784726142883 -0.47989097237586975 -3.649717330932617
0.07027816772460938 -0.4747253358364105 0.877323567867279 0.2666916847229004 -0.9872120022773743 -0.15925443172454834 -0.007092900108546019 -0.7340942621231079 0.14308492839336395 -0.8656059503555298 -0.47984662652015686 -3.6497223377227783
0.0701514333486557 -0.4746759533882141 0.877360463142395 0.2667449414730072 -0.9872170686721802 -0.15921805799007416 -0.007206161972135305 -0.7340767979621887 0.14311228692531586 -0.8656397461891174 -0.4797775447368622 -3.6497461795806885
0.0703434944152832 -0.4745851755142212 0.8773941993713379 0.26675349473953247 -0.9872111678123474 -0.15926393866539001 -0.0069986009038984776 -0.7340104579925537 0.14305876195430756 -0.8656811118125916 -0.4797188937664032 -3.6495869159698486
0.07032102346420288 -0.4745960235595703 0.8773901462554932 0.2667461931705475 -0.987217366695404 -0.1592249572277069 -0.007004293147474527 -0.7340297102928162 0.1430266946554184 -0.8656823039054871 -0.47972625494003296 -3.6495795249938965
0.0702969953417778 -0.4746285080909729 0.8773744702339172 0.2667545974254608 -0.987232506275177 -0.1591319590806961 -0.006985828280448914 -0.7339054942131042 0.14293406903743744 -0.8656815886497498 -0.479755163192749 -3.6493256092071533
0.07041722536087036 -0.4747287929058075 0.877310574054718 0.2667095363140106 -0.9872415661811829 -0.15908204019069672 -0.00684150867164135 -0.7339071035385132 0.14281229674816132 -0.8656357526779175 -0.4798740744590759 -3.6493067741394043
0.0703551396727562 -0.47484642267227173 0.877251923084259 0.26659688353538513 -0.9872250556945801 -0.15917836129665375 -0.006986626423895359 -0.7340613007545471 0.1429571658372879 -0.8655535578727722 -0.4799792468547821 -3.6494672298431396
0.07034973800182343 -0.47487321496009827 0.877237856388092 0.2665543556213379 -0.987235963344574 -0.15911169350147247 -0.00696070771664381 -0.7340520620346069 0.14288432896137238 -0.8655511140823364 -0.48000532388687134 -3.649482011795044
0.07040660083293915 -0.4747840166091919 0.8772815465927124 0.26663848757743835 -0.9872280359268188 -0.15916302800178528 -0.006908605806529522 -0.7339942455291748 0.14291095733642578 -0.8655906319618225 -0.4799261689186096 -3.6494953632354736
0.07035831362009048 -0.47475361824035645 0.8773018717765808 0.26666539907455444 -0.9872213006019592 -0.1592016965150833 -0.006978742778301239 -0.7340133190155029 0.14298120141029358 -0.8656001687049866 -0.47988802194595337 -3.649446487426758
0.07036452740430832 -0.4748022258281708 0.8772750496864319 0.2666874825954437 -0.9872181415557861 -0.15922078490257263 -0.006991366855800152 -0.7339336276054382 0.14300000667572021 -0.8655700087547302 -0.4799368381500244 -3.6493561267852783
0.07041603326797485 -0.4748348891735077 0.8772532343864441 0.26671290397644043 -0.9872179627418518 -0.15922409296035767 -0.006941315717995167 -0.7339507937431335 0.14297591149806976 -0.8655514717102051 -0.47997739911079407 -3.6493093967437744
0.07031413167715073 -0.474865585565567 0.8772448301315308 0.2666647136211395 -0.9872134327888489 -0.15924639999866486 -0.007074072957038879 -0.7340848445892334 0.14305739104747772 -0.8655305504798889 -0.4799908995628357 -3.6494312286376953
0.07051322609186172 -0.4747627079486847 0.8772845268249512 0.26667648553848267 -0.9872211813926697 -0.1592099964618683 -0.006810707971453667 -0.73402339220047 0.14290601015090942 -0.865593671798706 -0.4799221456050873 -3.6493144035339355
0.07048041373491287 -0.47469618916511536 0.8773231506347656 0.26667341589927673 -0.9872266054153442 -0.15917609632015228 -0.006816480774432421 -0.7339875102043152 0.14288470149040222 -0.8656363487243652 -0.47985145449638367 -3.649333953857422
0.07056216895580292 -0.47458338737487793 0.8773775696754456 0.26668351888656616 -0.987232506275177 -0.15914489328861237 -0.006686248816549778 -0.7339827418327332 0.14280341565608978 -0.8657039403915405 -0.479753702878952 -3.649306058883667
0.07037591934204102 -0.4745045006275177 0.8774352073669434 0.2667360007762909 -0.9872573614120483 -0.15898627042770386 -0.0067932796664536 -0.7339907884597778 0.1427236646413803 -0.8657763600349426 -0.47964680194854736 -3.64925479888916
0.07030913233757019 -0.47462528944015503 0.8773752450942993 0.26667529344558716 -0.9872483015060425 -0.15903691947460175 -0.006918908562511206 -0.7340919971466064 0.14281901717185974 -0.8657008409500122 -0.4797547161579132 -3.649324417114258
0.07020743936300278 -0.47459104657173157 0.8774018883705139 0.26667872071266174 -0.9872574806213379 -0.15897677838802338 -0.006993657909333706 -0.734103798866272 0.14280574023723602 -0.8657306432723999 -0.4797048568725586 -3.649332284927368
0.07016220688819885 -0.47457289695739746 0.8774153590202332 0.2666814625263214 -0.9872518181800842 -0.15900889039039612 -0.007058975752443075 -0.7340485453605652 0.14286690950393677 -0.8657346963882446 -0.4796793460845947 -3.6493704319000244
0.07027333974838257 -0.4745868742465973 0.8773989081382751 0.2667374610900879 -0.9872411489486694 -0.15907876193523407 -0.006975241005420685 -0.7341090440750122 0.1428859531879425 -0.8657141923904419 -0.4797106385231018 -3.6495888233184814
0.07023043185472488 -0.47460654377937317 0.8773916959762573 0.26675689220428467 -0.9872466921806335 -0.15904320776462555 -0.007007461506873369 -0.7341043949127197 0.14286905527114868 -0.8657099604606628 -0.47972333431243896 -3.6496222019195557
0.07030089199542999 -0.4745907485485077 0.8773946166038513 0.266745001077652 -0.9872502684593201 -0.15902502834796906 -0.006915182340890169 -0.734091579914093 0.14280965924263 -0.8657219409942627 -0.4797194004058838 -3.6495938301086426
0.070295549929142 -0.4745979607105255 0.8773910999298096 0.2667284309864044 -0.9872463345527649 -0.15904828906059265 -0.006935418583452702 -0.734117329120636 0.14283916354179382 -0.8657137155532837 -0.4797254502773285 -3.6496083736419678
0.07032378017902374 -0.474585622549057 0.877395510673523 0.26674434542655945 -0.987250566482544 -0.15902431309223175 -0.006888079922646284 -0.7340261340141296 0.14279627799987793 -0.8657248616218567 -0.47971805930137634 -3.6494662761688232
0.0704052597284317 -0.4746549129486084 0.8773515224456787 0.266702800989151 -0.9872455596923828 -0.15905795991420746 -0.0068279048427939415 -0.7339774370193481 0.14279071986675262 -0.8656806945800781 -0.47979941964149475 -3.649573802947998
0.07042878121137619 -0.47475746273994446 0.87729412317276 0.26671651005744934 -0.9872536659240723 -0.15900918841362 -0.006793429143726826 -0.7340621948242188 0.14272312819957733 -0.8656334280967712 -0.47990480065345764 -3.649552822113037
0.07022877782583237 -0.47476568818092346 0.8773057460784912 0.2666587233543396 -0.9872549176216125 -0.15899187326431274 -0.00701042590662837 -0.7341734766960144 0.14281286299228668 -0.8656321167945862 -0.47988051176071167 -3.649587631225586
0.07020494341850281 -0.4748515486717224 0.8772611618041992 0.26667407155036926 -0.9872495532035828 -0.15902245044708252 -0.00707014836370945 -0.7341495752334595 0.14286155998706818 -0.8655794262886047 -0.479961097240448 -3.64961576461792
0.07015855610370636 -0.4748278558254242 0.877277672290802 0.26671627163887024 -0.9872609972953796 -0.1589510440826416 -0.007078357506543398 -0.7341309785842896 0.142805278301239 -0.8656055331230164 -0.4799307584762573 -3.649571418762207
0.07015711069107056 -0.47483035922050476 0.8772764801979065 0.26671475172042847 -0.9872608780860901 -0.1589515656232834 -0.007080732844769955 -0.7341317534446716 0.14280667901039124 -0.865604043006897 -0.4799329936504364 -3.6495697498321533
0.07015913724899292 -0.4748191833496094 0.8772823214530945 0.2667059004306793 -0.9872605204582214 -0.15895400941371918 -0.007077736780047417 -0.7341367602348328 0.14280825853347778 -0.8656097054481506 -0.47992226481437683 -3.64955735206604
0.0702391192317009 -0.4747770130634308 0.8772987723350525 0.2667822539806366 -0.9872457981109619 -0.15904752910137177 -0.007031739689409733 -0.7341895699501038 0.14287078380584717 -0.8656156659126282 -0.47989290952682495 -3.6497082710266113
0.07028337568044662 -0.47476011514663696 0.8773043751716614 0.2667263150215149 -0.9872334599494934 -0.15912465751171112 -0.007021566852927208 -0.7341616153717041 0.1429343968629837 -0.8656107783317566 -0.4798828363418579 -3.6498072147369385
0.07022722065448761 -0.47473013401031494 0.8773251175880432 0.2666619122028351 -0.9872318506240845 -0.1591319590806961 -0.007083229720592499 -0.7341617941856384 0.1429731547832489 -0.8656258583068848 -0.47984403371810913 -3.649848222732544
0.07023032754659653 -0.47472164034843445 0.877329409122467 0.2666449546813965 -0.9872289299964905 -0.15914972126483917 -0.00708800321444869 -0.7341633439064026 0.14299164712429047 -0.8656272888183594 -0.47983601689338684 -3.6498658657073975
0.070272296667099 -0.4747277796268463 0.8773227334022522 0.2666240334510803 -0.9872399568557739 -0.15908503532409668 -0.007006056606769562 -0.7340139150619507 0.14289496839046478 -0.8656358122825623 -0.4798494279384613 -3.6496477127075195
0.07034803926944733 -0.4747364819049835 0.8773119449615479 0.2666676938533783 -0.9872230887413025 -0.15919052064418793 -0.006980917416512966 -0.7340710759162903 0.1429739147424698 -0.8656116127967834 -0.4798695147037506 -3.6498782634735107
0.07036623358726501 -0.4747198522090912 0.8773195147514343 0.2666698396205902 -0.9872196912765503 -0.15921208262443542 -0.006969313137233257 -0.7340644001960754 0.1429884135723114 -0.8656167984008789 -0.4798559248447418 -3.6498775482177734
0.07037805765867233 -0.4747409224510193 0.8773071765899658 0.26666346192359924 -0.9872201681137085 -0.15920966863632202 -0.006958588492125273 -0.7340518236160278 0.14297938346862793 -0.8656056523323059 -0.47987863421440125 -3.649895191192627
0.07030583918094635 -0.4747759699821472 0.8772940039634705 0.26671409606933594 -0.9872260093688965 -0.1591707020998001 -0.007024763152003288 -0.734048068523407 0.14297476410865784 -0.8655936121940613 -0.4799017608165741 -3.649850845336914
0.0703088641166687 -0.4748132526874542 0.8772735595703125 0.26676857471466064 -0.9872227907180786 -0.15918980538845062 -0.007038879208266735 -0.7340165972709656 0.14299523830413818 -0.8655696511268616 -0.47993889451026917 -3.6498634815216064
0.0702679306268692 -0.47483357787132263 0.8772658109664917 0.2668098211288452 -0.9872284531593323 -0.1591535210609436 -0.007068604696542025 -0.7340706586837769 0.14297643303871155 -0.8655651807785034 -0.4799525737762451 -3.649785280227661
0.07043610513210297 -0.47471192479133606 0.8773182034492493 0.2668079435825348 -0.9872255921363831 -0.15917988121509552 -0.006871358957141638 -0.7340884804725647 0.14291340112686157 -0.8656270503997803 -0.47985973954200745 -3.6497678756713867
0.07034763693809509 -0.47467195987701416 0.877346932888031 0.2668150067329407 -0.9872262477874756 -0.15917211771011353 -0.006959172897040844 -0.7341118454933167 0.142952561378479 -0.8656504154205322 -0.47980594635009766 -3.649778366088867
0.0704028457403183 -0.4747332036495209 0.8773093223571777 0.266766220331192 -0.9872270822525024 -0.1591690182685852 -0.006906717550009489 -0.7340320944786072 0.1429193913936615 -0.8656173944473267 -0.479875385761261 -3.649573564529419
0.07040635496377945 -0.4747937023639679 0.8772763013839722 0.2667014002799988 -0.9872303605079651 -0.15914885699748993 -0.006902836263179779 -0.7339762449264526 0.14289502799510956 -0.8655878901481628 -0.47993582487106323 -3.6496784687042236
0.07050293684005737 -0.4748132526874542 0.8772580027580261 0.2666751742362976 -0.9872153997421265 -0.15924398601055145 -0.006850521545857191 -0.7340769171714783 0.1429508477449417 -0.8655596971511841 -0.4799700677394867 -3.6498730182647705
0.07046793401241302 -0.4747624695301056 0.877288281917572 0.266652911901474 -0.9872138500213623 -0.1592521071434021 -0.006884976755827665 -0.7340483069419861 0.14297880232334137 -0.8655860424041748 -0.47991421818733215 -3.6499056816101074
0.07031372934579849 -0.47478097677230835 0.8772906064987183 0.26664113998413086 -0.9872264862060547 -0.15916810929775238 -0.007015377748757601 -0.7341427803039551 0.14296753704547882 -0.8655913472175598 -0.4799080193042755 -3.6498475074768066
0.07020501047372818 -0.4748656153678894 0.877253532409668 0.2665872871875763 -0.9872208833694458 -0.15919597446918488 -0.007168909534811974 -0.7342473268508911 0.14305958151817322 -0.8655397891998291 -0.47997355461120605 -3.649993658065796
0.0701279267668724 -0.4748774766921997 0.8772532939910889 0.26664289832115173 -0.9872273802757263 -0.15915271639823914 -0.007233869284391403 -0.7342873811721802 0.14305251836776733 -0.8655412197113037 -0.47997307777404785 -3.6499414443969727
0.07022815942764282 -0.47480863332748413 0.8772825002670288 0.26672694087028503 -0.9872207045555115 -0.15919862687587738 -0.0071337344124913216 -0.7342788577079773 0.14304940402507782 -0.8655705451965332 -0.4799211025238037 -3.650036334991455
0.0700865387916565 -0.4748290777206421 0.8772827982902527 0.2668028175830841 -0.987220823764801 -0.15919090807437897 -0.007292620837688446 -0.734274685382843 0.14311827719211578 -0.86556077003479 -0.4799182415008545 -3.650061845779419
0.07030504941940308 -0.47469741106033325 0.8773365616798401 0.26680880784988403 -0.9872207045555115 -0.15920346975326538 -0.007029208354651928 -0.7342599034309387 0.14301185309886932 -0.8656306862831116 -0.47982385754585266 -3.650041341781616
0.07026545703411102 -0.4746261537075043 0.8773782849311829 0.26680299639701843 -0.9872233867645264 -0.15918587148189545 -0.007050756830722094 -0.7341874837875366 0.14301277697086334 -0.8656730055809021 -0.4797472357749939 -3.6502325534820557
0.07037422060966492 -0.474572092294693 0.8773987889289856 0.26677024364471436 -0.9872373342514038 -0.15910704433918 -0.006874658167362213 -0.7341969013214111 0.14286291599273682 -0.8657171130180359 -0.47971227765083313 -3.650272846221924
0.07048849016427994 -0.47452157735824585 0.8774169683456421 0.26673126220703125 -0.9872328042984009 -0.15914006531238556 -0.00675499951466918 -0.7340728640556335 0.14283765852451324 -0.8657387495040894 -0.47968077659606934 -3.65024471282959
0.0704311653971672 -0.4744994640350342 0.8774335384368896 0.26677045226097107 -0.9872519969940186 -0.15902137756347656 -0.006749640218913555 -0.7340371012687683 0.14273345470428467 -0.8657726645469666 -0.4796505570411682 -3.650089740753174
0.0704631432890892 -0.47454240918159485 0.8774077296257019 0.2667667269706726 -0.9872525334358215 -0.159019336104393 -0.006720494478940964 -0.733995795249939 0.14271403849124908 -0.8657494783401489 -0.479698121547699 -3.650012731552124
0.0704626515507698 -0.4745062291622162 0.877427339553833 0.2667674720287323 -0.9872533679008484 -0.15901440382003784 -0.006711597088724375 -0.7339791655540466 0.14270834624767303 -0.8657702207565308 -0.47966238856315613 -3.650002956390381
0.07039247453212738 -0.47444450855255127 0.8774663209915161 0.2668091952800751 -0.9872574806213379 -0.1589866429567337 -0.006763738114386797 -0.7341054081916809 0.1427145153284073 -0.8658091425895691 -0.4795903265476227 -3.6500637531280518
0.07038728147745132 -0.47445574402809143 0.8774606585502625 0.26680973172187805 -0.987257719039917 -0.15898501873016357 -0.006770765408873558 -0.7341075539588928 0.14271560311317444 -0.8658033013343811 -0.47960057854652405 -3.650059223175049
0.07041241973638535 -0.4744205176830292 0.8774777054786682 0.26687151193618774 -0.987259030342102 -0.15897837281227112 -0.006732264067977667 -0.7340533137321472 0.14269398152828217 -0.8658238053321838 -0.4795699417591095 -3.6500084400177
0.07046963274478912 -0.47441431879997253 0.8774764537811279 0.2668139934539795 -0.987261176109314 -0.158967986702919 -0.006660997401922941 -0.7340682744979858 0.1426508128643036 -0.8658291101455688 -0.47957322001457214 -3.6500375270843506
0.07062339782714844 -0.47445493936538696 0.8774421215057373 0.26677486300468445 -0.9872649908065796 -0.158951535820961 -0.00648640189319849 -0.7339959144592285 0.1425483524799347 -0.8658098578453064 -0.47963839769363403 -3.649854898452759
0.07064734399318695 -0.47453930974006653 0.8773945569992065 0.26677557826042175 -0.9872665405273438 -0.15894269943237305 -0.006470189895480871 -0.7341515421867371 0.14252589643001556 -0.8657652735710144 -0.47972559928894043 -3.649846076965332
