# 3x4 first row second row third row Freq: 100 current Time: 2021-04-07-14:56:55
-0.12489590793848038 -0.3575359880924225 0.925510048866272 0.1781308799982071 -0.9868447184562683 -0.051749203354120255 -0.15316437184810638 -0.562129557132721 0.10265626013278961 -0.9324644207954407 -0.3463691771030426 -3.6567575931549072
-0.12486859411001205 -0.357546865940094 0.925509512424469 0.17813438177108765 -0.9868467450141907 -0.05177049711346626 -0.15314443409442902 -0.5621306896209717 0.10267047584056854 -0.9324590563774109 -0.3463793694972992 -3.6567654609680176
-0.12482470273971558 -0.35756412148475647 0.9255087971687317 0.17813989520072937 -0.9868537187576294 -0.05177006870508194 -0.15309950709342957 -0.5620977878570557 0.10265661776065826 -0.9324524402618408 -0.34640124440193176 -3.656731128692627
-0.12485503405332565 -0.3575894236564636 0.925494909286499 0.1781349629163742 -0.9868488311767578 -0.05176457762718201 -0.15313278138637543 -0.5620564222335815 0.10266659408807755 -0.9324430823326111 -0.34642356634140015 -3.6567788124084473
-0.12484832108020782 -0.357538104057312 0.9255156517028809 0.1781168431043625 -0.9868474006652832 -0.05179639160633087 -0.1531314104795456 -0.5621098875999451 0.1026887595653534 -0.9324609637260437 -0.34636878967285156 -3.6569085121154785
-0.12482887506484985 -0.3574793338775635 0.9255409836769104 0.1781073361635208 -0.9868490099906921 -0.05182041600346565 -0.15311269462108612 -0.562134325504303 0.10269661992788315 -0.9324821829795837 -0.3463093638420105 -3.657003164291382
-0.1248176321387291 -0.3574919104576111 0.925537645816803 0.17813877761363983 -0.9868546724319458 -0.051783669739961624 -0.1530885398387909 -0.5621591806411743 0.10265572369098663 -0.9324793815612793 -0.3463289737701416 -3.656928300857544
-0.1248156726360321 -0.3574255406856537 0.9255635142326355 0.17815303802490234 -0.986847996711731 -0.051858481019735336 -0.1531064361333847 -0.5621334910392761 0.10272254794836044 -0.9325006604194641 -0.34625187516212463 -3.6569058895111084
-0.12478553503751755 -0.35750558972358704 0.9255366921424866 0.1781483292579651 -0.9868475198745728 -0.05189463496208191 -0.15309713780879974 -0.5621321797370911 0.10276354849338531 -0.9324679970741272 -0.3463277518749237 -3.656916856765747
-0.12470245361328125 -0.3574240803718567 0.9255793690681458 0.17816261947155 -0.9868624806404114 -0.05189700797200203 -0.1529998630285263 -0.562120258808136 0.102720707654953 -0.9324991106987 -0.34625667333602905 -3.656935691833496
-0.1246914193034172 -0.3574771583080292 0.9255603551864624 0.17813104391098022 -0.9868680238723755 -0.051854588091373444 -0.1529785841703415 -0.5620915293693542 0.10268097370862961 -0.9324811100959778 -0.3463168740272522 -3.656999111175537
-0.12479344755411148 -0.3574129343032837 0.9255713820457458 0.17817284166812897 -0.986858069896698 -0.05180221050977707 -0.15306037664413452 -0.5620641112327576 0.10265247523784637 -0.932508647441864 -0.3462512195110321 -3.6570136547088623
-0.12476431578397751 -0.35745975375175476 0.9255572557449341 0.1780976504087448 -0.9868614673614502 -0.05180772393941879 -0.15303686261177063 -0.5620717406272888 0.10265561193227768 -0.9324904084205627 -0.3462994396686554 -3.6570374965667725
-0.12477162480354309 -0.3574460446834564 0.9255615472793579 0.17804089188575745 -0.9868561625480652 -0.05184692516922951 -0.15305759012699127 -0.5621353983879089 0.10269742459058762 -0.9324934482574463 -0.34627872705459595 -3.6569693088531494
-0.124768927693367 -0.3574567139148712 0.9255577921867371 0.17802764475345612 -0.9868559241294861 -0.0518512986600399 -0.15305760502815247 -0.5621362328529358 0.10270291566848755 -0.9324891567230225 -0.346288800239563 -3.6569809913635254
-0.12476035952568054 -0.35745367407798767 0.9255601167678833 0.17807051539421082 -0.9868503212928772 -0.051915910094976425 -0.15307210385799408 -0.5621729493141174 0.10276755690574646 -0.9324867129325867 -0.3462761640548706 -3.656852960586548
-0.12481223791837692 -0.35748523473739624 0.9255409240722656 0.17807835340499878 -0.9868420362472534 -0.051907993853092194 -0.15312817692756653 -0.5621946454048157 0.10278411954641342 -0.9324750304222107 -0.34630265831947327 -3.656867504119873
-0.124820277094841 -0.3575611412525177 0.9255105257034302 0.17811746895313263 -0.9868402481079102 -0.051899254322052 -0.15314242243766785 -0.562199056148529 0.10279116034507751 -0.9324464201927185 -0.34637758135795593 -3.656923294067383
-0.12487821280956268 -0.3575569689273834 0.9255043268203735 0.17812713980674744 -0.9868285655975342 -0.05191892758011818 -0.15321101248264313 -0.5621963739395142 0.10283293575048447 -0.9324469566345215 -0.3463638126850128 -3.6569182872772217
-0.12490813434123993 -0.3576093018054962 0.92548006772995 0.17813096940517426 -0.9868264198303223 -0.05188512057065964 -0.1532365083694458 -0.5621863007545471 0.10281752049922943 -0.932428777217865 -0.3464173376560211 -3.656935691833496
-0.12499132752418518 -0.3575997054576874 0.9254725575447083 0.1781274378299713 -0.9868191480636597 -0.05182761326432228 -0.15330272912979126 -0.5621848106384277 0.102786123752594 -0.9324356317520142 -0.3464081883430481 -3.6569342613220215
-0.12500229477882385 -0.35763511061668396 0.9254574179649353 0.17812591791152954 -0.9868192672729492 -0.051804203540086746 -0.1533098965883255 -0.5621950626373291 0.10277166217565536 -0.9324233531951904 -0.3464455306529999 -3.6569318771362305
-0.1249125748872757 -0.3576241731643677 0.9254737496376038 0.1781051903963089 -0.9868372678756714 -0.05177728831768036 -0.15320293605327606 -0.5621575117111206 0.10270766913890839 -0.9324290156364441 -0.3464491665363312 -3.6568288803100586
-0.12494731694459915 -0.35764360427856445 0.9254615306854248 0.17811740934848785 -0.9868285655975342 -0.05180085077881813 -0.1532510221004486 -0.562157392501831 0.10274901986122131 -0.9324202537536621 -0.3464604914188385 -3.656822919845581
-0.12497958540916443 -0.35762736201286316 0.9254634380340576 0.17809097468852997 -0.9868202805519104 -0.051830168813467026 -0.1532944142818451 -0.5621170401573181 0.10278928279876709 -0.9324248433113098 -0.34643617272377014 -3.6567277908325195
-0.1249479129910469 -0.3576207756996155 0.9254702925682068 0.17811885476112366 -0.9868271946907043 -0.05181630700826645 -0.15325471758842468 -0.5621371269226074 0.10276159644126892 -0.9324281811714172 -0.3464354872703552 -3.656639337539673
-0.12500597536563873 -0.35757699608802795 0.9254793524742126 0.17814704775810242 -0.9868150353431702 -0.05184666067361832 -0.15332277119159698 -0.5621955990791321 0.10280779004096985 -0.9324432611465454 -0.34638115763664246 -3.656766891479492
-0.12496908009052277 -0.35754379630088806 0.9254971742630005 0.17816227674484253 -0.9868244528770447 -0.05182218924164772 -0.153270423412323 -0.5622120499610901 0.10276225209236145 -0.9324573874473572 -0.34635671973228455 -3.656719923019409
-0.12485464662313461 -0.3574736714363098 0.9255396723747253 0.17814822494983673 -0.9868425726890564 -0.051841381937265396 -0.15314729511737823 -0.5622090101242065 0.10272745788097382 -0.9324831962585449 -0.3462975323200226 -3.6566665172576904
-0.12487903982400894 -0.35748007893562317 0.9255339503288269 0.17811526358127594 -0.9868420362472534 -0.051808346062898636 -0.15316179394721985 -0.5621867775917053 0.10270275175571442 -0.9324825406074524 -0.34630653262138367 -3.6567180156707764
-0.1249290257692337 -0.3574424982070923 0.9255416989326477 0.17811958491802216 -0.9868226051330566 -0.05191553384065628 -0.15325047075748444 -0.5621896982192993 0.10282830148935318 -0.9324910044670105 -0.34624651074409485 -3.656731367111206
-0.12488579005002975 -0.3575223386287689 0.9255167245864868 0.1781105101108551 -0.9868279099464417 -0.051919467747211456 -0.153215229511261 -0.562152624130249 0.10283027589321136 -0.9324601888656616 -0.3463289439678192 -3.6567747592926025
-0.12492074817419052 -0.35755279660224915 0.925500214099884 0.17811575531959534 -0.9868314266204834 -0.05182969942688942 -0.15322273969650269 -0.562130868434906 0.10275369137525558 -0.9324535131454468 -0.3463696837425232 -3.656820058822632
-0.12494312226772308 -0.357556015253067 0.9254959225654602 0.1781051754951477 -0.9868300557136536 -0.051808420568704605 -0.15323907136917114 -0.5621234774589539 0.10274010896682739 -0.932453453540802 -0.34637385606765747 -3.656815528869629
-0.12495593726634979 -0.3575441837310791 0.9254987835884094 0.17811211943626404 -0.9868221282958984 -0.05186264216899872 -0.15327148139476776 -0.5621099472045898 0.10280022025108337 -0.9324549436569214 -0.3463519215583801 -3.656816244125366
-0.12495842576026917 -0.3575878441333771 0.9254815578460693 0.1780846267938614 -0.986832320690155 -0.051759328693151474 -0.1532408893108368 -0.5620908141136169 0.10269945859909058 -0.9324439764022827 -0.34641143679618835 -3.656832456588745
-0.12494848668575287 -0.35757559537887573 0.9254876375198364 0.17810632288455963 -0.9868263602256775 -0.051830362528562546 -0.15325523912906647 -0.5621483325958252 0.10276877135038376 -0.93244469165802 -0.3463888466358185 -3.6567680835723877
-0.12495686113834381 -0.3575737178325653 0.9254872798919678 0.17809908092021942 -0.9868261218070984 -0.05182035639882088 -0.1532602310180664 -0.5621504783630371 0.10276098549365997 -0.9324460029602051 -0.34638771414756775 -3.6567604541778564
-0.12496676295995712 -0.35754677653312683 0.9254963397979736 0.17813290655612946 -0.9868353009223938 -0.05172639340162277 -0.15323272347450256 -0.5621845126152039 0.10266052931547165 -0.9324615597724915 -0.34637564420700073 -3.656752347946167
-0.12495965510606766 -0.3575507402420044 0.9254957437515259 0.17813093960285187 -0.9868374466896057 -0.05171716585755348 -0.15322217345237732 -0.562192976474762 0.1026487946510315 -0.9324605464935303 -0.346381813287735 -3.6567437648773193
-0.12491105496883392 -0.3575316071510315 0.9255096912384033 0.17810723185539246 -0.9868380427360535 -0.05178821086883545 -0.15319450199604034 -0.5621352791786194 0.10270243883132935 -0.9324639439582825 -0.3463568091392517 -3.6566834449768066
-0.12488780915737152 -0.35753297805786133 0.9255123138427734 0.17810052633285522 -0.9868408441543579 -0.05179697275161743 -0.15317313373088837 -0.5621305108070374 0.10270325839519501 -0.9324629306793213 -0.3463592827320099 -3.6566646099090576
-0.12487635016441345 -0.35756516456604004 0.9255014061927795 0.17809763550758362 -0.9868422150611877 -0.051796458661556244 -0.15316450595855713 -0.562116801738739 0.10270405560731888 -0.9324505925178528 -0.3463921844959259 -3.6566596031188965
-0.12487292289733887 -0.357558935880661 0.9255042672157288 0.1781076341867447 -0.9868318438529968 -0.051896944642066956 -0.15319743752479553 -0.5621247887611389 0.10280803591012955 -0.9324474334716797 -0.3463699519634247 -3.656687021255493
-0.12487586587667465 -0.35760894417762756 0.9254845976829529 0.1780882179737091 -0.9868343472480774 -0.05186156928539276 -0.15319330990314484 -0.5620917081832886 0.10278046131134033 -0.9324302077293396 -0.34642449021339417 -3.656726360321045
-0.12487366050481796 -0.3576914966106415 0.9254529476165771 0.17807506024837494 -0.986828625202179 -0.051903143525123596 -0.15321612358093262 -0.5620883703231812 0.10283809900283813 -0.9323962330818176 -0.3464988172054291 -3.656736373901367
-0.12490683794021606 -0.35771602392196655 0.9254390001296997 0.17807960510253906 -0.9868301749229431 -0.05183524265885353 -0.15322914719581604 -0.5620837807655334 0.1027829572558403 -0.932390570640564 -0.34653034806251526 -3.656696319580078
-0.12486554682254791 -0.3576565980911255 0.9254675507545471 0.17810367047786713 -0.9868254661560059 -0.05194989964365959 -0.1532207429409027 -0.5621074438095093 0.10287843644618988 -0.932407021522522 -0.346457839012146 -3.656799793243408
-0.12489808350801468 -0.35762643814086914 0.9254748225212097 0.17808276414871216 -0.9868154525756836 -0.05199642479419708 -0.15326917171478271 -0.5621155500411987 0.10293456166982651 -0.9324159622192383 -0.34641698002815247 -3.6568267345428467
-0.12487759441137314 -0.3576388657093048 0.9254727959632874 0.17808304727077484 -0.9868136644363403 -0.052041683346033096 -0.1532655954360962 -0.5621042847633362 0.1029769703745842 -0.9324086904525757 -0.34642401337623596 -3.6568374633789062
-0.12484586238861084 -0.3576008677482605 0.9254917502403259 0.1781000941991806 -0.9868165254592896 -0.052069343626499176 -0.15323756635189056 -0.5621514320373535 0.10298771411180496 -0.9324216842651367 -0.34638574719429016 -3.6567819118499756
-0.1248488798737526 -0.35769861936569214 0.9254535436630249 0.17813333868980408 -0.9868152141571045 -0.05206078290939331 -0.1532491147518158 -0.5621433258056641 0.10299690812826157 -0.9323846697807312 -0.34648263454437256 -3.6567749977111816
-0.12487785518169403 -0.3576469421386719 0.9254696369171143 0.17814600467681885 -0.9868150949478149 -0.052026595920324326 -0.1532612293958664 -0.5621766448020935 0.10296251624822617 -0.9324064254760742 -0.3464343845844269 -3.656824827194214
-0.12488861382007599 -0.3577152490615845 0.9254418015480042 0.1781376749277115 -0.9868131875991821 -0.052016813308000565 -0.15327709913253784 -0.5621450543403625 0.10296816378831863 -0.9323807954788208 -0.34650173783302307 -3.6568896770477295
-0.12486323714256287 -0.3576195538043976 0.9254821538925171 0.1781362146139145 -0.9868106245994568 -0.05209384486079216 -0.15326739847660065 -0.5621071457862854 0.10302341729402542 -0.9324131608009338 -0.34639808535575867 -3.6568291187286377
-0.12488251179456711 -0.35764530301094055 0.9254696369171143 0.17809227108955383 -0.9868123531341553 -0.05204514041543007 -0.15327288210391998 -0.5620811581611633 0.10298360139131546 -0.9324060082435608 -0.3464291989803314 -3.6568961143493652
-0.12488996982574463 -0.3576180040836334 0.9254791736602783 0.17805935442447662 -0.9868023991584778 -0.05212849751114845 -0.15330858528614044 -0.5620957612991333 0.10306982696056366 -0.9324118494987488 -0.34638792276382446 -3.6569244861602783
-0.1248934343457222 -0.3575904667377472 0.9254893660545349 0.17810744047164917 -0.9868152737617493 -0.05201132595539093 -0.15326552093029022 -0.5621325969696045 0.10294228792190552 -0.9324289560317993 -0.3463797867298126 -3.656848430633545
-0.12492376565933228 -0.357577383518219 0.9254903197288513 0.1781056821346283 -0.9868115782737732 -0.05200107395648956 -0.15329250693321228 -0.562130331993103 0.10294049978256226 -0.9324345588684082 -0.3463652729988098 -3.6568570137023926
-0.12488001585006714 -0.35757121443748474 0.9254986047744751 0.1780938357114792 -0.9868183732032776 -0.05200646445155144 -0.15324713289737701 -0.562100350856781 0.1029287576675415 -0.9324365854263306 -0.34636321663856506 -3.6567752361297607
-0.12488047778606415 -0.3575778007507324 0.925495982170105 0.17808586359024048 -0.9868196845054626 -0.05199276655912399 -0.1532433182001114 -0.5620927214622498 0.10291557759046555 -0.9324348568916321 -0.3463718593120575 -3.6567769050598145
-0.1249048113822937 -0.3575970232486725 0.9254852533340454 0.1780819296836853 -0.9868218898773193 -0.051933299750089645 -0.15324942767620087 -0.562114953994751 0.10286512225866318 -0.9324307441711426 -0.3463977873325348 -3.6567223072052
-0.1248694658279419 -0.35765978693962097 0.9254657626152039 0.178083598613739 -0.9868230819702148 -0.05196486413478851 -0.15323086082935333 -0.5621636509895325 0.1028962954878807 -0.9324049353599548 -0.3464580476284027 -3.6568241119384766
-0.1248449981212616 -0.3576684296131134 0.9254657626152039 0.17807690799236298 -0.9868258833885193 -0.0519745796918869 -0.153209388256073 -0.562164306640625 0.10289893299341202 -0.9324010610580444 -0.34646764397621155 -3.656832695007324
-0.1248524859547615 -0.3576407730579376 0.9254754185676575 0.17814664542675018 -0.9868193864822388 -0.05202726274728775 -0.15323369204998016 -0.5621723532676697 0.10295264422893524 -0.9324087500572205 -0.34643104672431946 -3.6568198204040527
-0.12481144815683365 -0.357688307762146 0.9254626035690308 0.17812056839466095 -0.9868264198303223 -0.05201708525419235 -0.15319176018238068 -0.562148928642273 0.1029348373413086 -0.9323911070823669 -0.34648385643959045 -3.6568896770477295
-0.12487688660621643 -0.3576076626777649 0.9254849553108215 0.17814908921718597 -0.9868186712265015 -0.05200249329209328 -0.15324661135673523 -0.5621472597122192 0.10292976349592209 -0.9324228167533875 -0.3463999330997467 -3.6569337844848633
-0.12484731525182724 -0.3576512932777405 0.92547208070755 0.178145170211792 -0.9868267178535461 -0.051966484636068344 -0.15320684015750885 -0.5621666312217712 0.10288822650909424 -0.9324080944061279 -0.34645193815231323 -3.6568901538848877
-0.12489080429077148 -0.3575460612773895 0.9255068302154541 0.1781354397535324 -0.986824631690979 -0.05193791538476944 -0.153230220079422 -0.5621618628501892 0.10285583138465881 -0.9324500560760498 -0.3463486135005951 -3.6568663120269775
-0.12487931549549103 -0.3575706481933594 0.925498902797699 0.1781248152256012 -0.9868237972259521 -0.0519585944712162 -0.1532285362482071 -0.562164306640625 0.10287772864103317 -0.9324394464492798 -0.3463706076145172 -3.6568853855133057
-0.12495383620262146 -0.35763734579086304 0.925463080406189 0.17811614274978638 -0.9868170619010925 -0.05189649015665054 -0.15329277515411377 -0.5622203946113586 0.10285158455371857 -0.9324173331260681 -0.34643790125846863 -3.6569924354553223
-0.12495988607406616 -0.35764428973197937 0.9254595637321472 0.17815037071704865 -0.9868176579475403 -0.05188062787055969 -0.1532941460609436 -0.5622112154960632 0.10283827781677246 -0.9324155449867249 -0.3464466631412506 -3.657015562057495
-0.12499673664569855 -0.35765284299850464 0.9254512786865234 0.17812499403953552 -0.9868194460868835 -0.05180772766470909 -0.15330736339092255 -0.5621745586395264 0.1027764156460762 -0.9324163198471069 -0.3464629352092743 -3.6569507122039795
-0.12497632950544357 -0.3577101230621338 0.9254319071769714 0.17811888456344604 -0.986826479434967 -0.051765453070402145 -0.15327662229537964 -0.562148928642273 0.10273408144712448 -0.9323967099189758 -0.3465282917022705 -3.6569886207580566
-0.1249796450138092 -0.35769596695899963 0.9254369139671326 0.1781132072210312 -0.9868225455284119 -0.05179807171225548 -0.15329061448574066 -0.5621452331542969 0.10276736319065094 -0.9324003458023071 -0.3465087115764618 -3.6569979190826416
-0.1249944195151329 -0.35772889852523804 0.925422191619873 0.17809250950813293 -0.9868191480636597 -0.05180142819881439 -0.15331149101257324 -0.5621265769004822 0.1027822196483612 -0.9323875308036804 -0.346538782119751 -3.6570346355438232
-0.12498403340578079 -0.35771551728248596 0.9254288077354431 0.17808446288108826 -0.9868194460868835 -0.05181657895445824 -0.15330447256565094 -0.5621223449707031 0.10279202461242676 -0.9323918223381042 -0.34652432799339294 -3.6570472717285156
-0.1249806359410286 -0.35772064328193665 0.925427258014679 0.17804765701293945 -0.9868277907371521 -0.051745347678661346 -0.15327496826648712 -0.5621395707130432 0.10271625220775604 -0.9323937892913818 -0.3465414345264435 -3.6570444107055664
-0.12496954947710037 -0.3577384948730469 0.9254218339920044 0.1780392974615097 -0.9868285059928894 -0.051752377301454544 -0.15326786041259766 -0.5621336698532104 0.10272266715765 -0.932386577129364 -0.34655898809432983 -3.657058000564575
-0.1249530240893364 -0.35775211453437805 0.9254187941551208 0.17809313535690308 -0.9868257641792297 -0.051799874752759933 -0.15326949954032898 -0.5621334910392761 0.1027691438794136 -0.9323787093162537 -0.34656640887260437 -3.6570281982421875
-0.1250273883342743 -0.3577480614185333 0.9254103302955627 0.1781255453824997 -0.9868199229240417 -0.05174179747700691 -0.15332673490047455 -0.5621210336685181 0.10273481160402298 -0.9323834776878357 -0.3465636968612671 -3.6570353507995605
-0.12499360740184784 -0.35776352882385254 0.9254088997840881 0.1781274378299713 -0.986828625202179 -0.0517108254134655 -0.15328101813793182 -0.5621158480644226 0.10269209742546082 -0.9323792457580566 -0.3465877175331116 -3.657045602798462
-0.1250099390745163 -0.35777056217193604 0.9254040122032166 0.1781359612941742 -0.9868239760398865 -0.051727499812841415 -0.15330545604228973 -0.562139093875885 0.1027170866727829 -0.9323756098747253 -0.3465900719165802 -3.657001495361328
-0.12501214444637299 -0.357730507850647 0.9254192113876343 0.17813721299171448 -0.9868281483650208 -0.05169302225112915 -0.1532902866601944 -0.5621302723884583 0.10267440229654312 -0.9323928952217102 -0.3465562164783478 -3.65704345703125
-0.12498468905687332 -0.3577611446380615 0.9254110455513 0.17812477052211761 -0.9868365526199341 -0.05165283754467964 -0.15324966609477997 -0.5621480941772461 0.10262695699930191 -0.9323834180831909 -0.3465958833694458 -3.6570098400115967
-0.1248948723077774 -0.35768839716911316 0.9254512786865234 0.17808979749679565 -0.9868473410606384 -0.05170191824436188 -0.1531635969877243 -0.5621507167816162 0.10263252258300781 -0.9324085712432861 -0.34652647376060486 -3.656980276107788
-0.12486208975315094 -0.3577413558959961 0.9254352450370789 0.17807158827781677 -0.9868440628051758 -0.05177205428481102 -0.1531609296798706 -0.5621346831321716 0.102703757584095 -0.9323843717575073 -0.3465704917907715 -3.6570067405700684
-0.12486730515956879 -0.35765960812568665 0.9254661202430725 0.1780589073896408 -0.9868372082710266 -0.05184029042720795 -0.1531822383403778 -0.5621009469032288 0.10276360809803009 -0.9324119687080383 -0.34647858142852783 -3.6569623947143555
-0.12484321743249893 -0.35763511061668396 0.9254788756370544 0.17807169258594513 -0.9868329763412476 -0.05191855505108833 -0.1531827598810196 -0.5621126890182495 0.10283313691616058 -0.9324169754981995 -0.34644439816474915 -3.656895399093628
-0.12487073987722397 -0.3576631546020508 0.9254643321037292 0.17809762060642242 -0.986831545829773 -0.05188583582639694 -0.15320324897766113 -0.5621230006217957 0.102813720703125 -0.9324080348014832 -0.34647420048713684 -3.6568260192871094
-0.12488404661417007 -0.35761669278144836 0.9254804849624634 0.1781313270330429 -0.9868332743644714 -0.051857929676771164 -0.1532016098499298 -0.5621278285980225 0.1027810350060463 -0.9324274063110352 -0.34643176198005676 -3.6568875312805176
-0.12488839030265808 -0.357522577047348 0.9255162477493286 0.17815566062927246 -0.9868212938308716 -0.05197538807988167 -0.15323880314826965 -0.5621318221092224 0.10289046913385391 -0.9324569702148438 -0.34631970524787903 -3.656902551651001
-0.12486759573221207 -0.35752207040786743 0.9255192279815674 0.1781400591135025 -0.9868234992027283 -0.05198678374290466 -0.15322080254554749 -0.5621364712715149 0.10289466381072998 -0.9324565529823303 -0.34631967544555664 -3.6569125652313232
-0.12486988306045532 -0.3574872612953186 0.9255324006080627 0.17812791466712952 -0.9868236184120178 -0.051988232880830765 -0.15321968495845795 -0.5621122121810913 0.10289095342159271 -0.9324697852134705 -0.34628504514694214 -3.656863212585449
-0.1248684674501419 -0.3575025498867035 0.9255266785621643 0.17811070382595062 -0.9868291020393372 -0.051938027143478394 -0.15320132672786713 -0.5621214509010315 0.10283996909856796 -0.9324667453765869 -0.3463084399700165 -3.656850814819336
-0.12484273314476013 -0.3574989438056946 0.9255315661430359 0.1780967116355896 -0.9868202805519104 -0.05205706134438515 -0.15321767330169678 -0.5621389150619507 0.10295568406581879 -0.9324615001678467 -0.34628820419311523 -3.656872510910034
-0.12483769655227661 -0.3575446307659149 0.9255145788192749 0.17811192572116852 -0.9868288040161133 -0.05197959020733833 -0.15318889915943146 -0.5621646046638489 0.10287981480360031 -0.9324482679367065 -0.34634625911712646 -3.6568119525909424
-0.12488023191690445 -0.35753849148750305 0.9255111813545227 0.17816773056983948 -0.9868268966674805 -0.051934219896793365 -0.1532166749238968 -0.562190055847168 0.10284663736820221 -0.9324531555175781 -0.3463429808616638 -3.6568942070007324
-0.12484152615070343 -0.35757625102996826 0.925501823425293 0.1781398206949234 -0.9868310689926147 -0.05194799602031708 -0.15318496525287628 -0.5621658563613892 0.10285335034132004 -0.9324378967285156 -0.3463820517063141 -3.6568074226379395
-0.12480989098548889 -0.35763072967529297 0.9254850745201111 0.17817048728466034 -0.9868389368057251 -0.05191531404852867 -0.15314550697803497 -0.5621684789657593 0.10281646251678467 -0.9324188232421875 -0.34644433856010437 -3.6567599773406982
-0.12484396994113922 -0.3575795292854309 0.9255002737045288 0.1781829297542572 -0.986835241317749 -0.05190647393465042 -0.1531725376844406 -0.5621960759162903 0.10281089693307877 -0.9324389696121216 -0.34639179706573486 -3.656796932220459
-0.12483365833759308 -0.357633501291275 0.9254807829856873 0.17816296219825745 -0.9868373870849609 -0.05189329385757446 -0.15316298604011536 -0.5621716380119324 0.10280253738164902 -0.9324190020561218 -0.34644800424575806 -3.656853675842285
-0.1248631477355957 -0.3576062023639679 0.9254873394966125 0.1781741827726364 -0.9868425726890564 -0.05180627480149269 -0.15315888822078705 -0.5621734857559204 0.10271669179201126 -0.9324343204498291 -0.34643226861953735 -3.6568360328674316
-0.12488362938165665 -0.357644259929657 0.9254698753356934 0.17814286053180695 -0.9868410229682922 -0.05178339406847954 -0.1531767100095749 -0.5621453523635864 0.10270681977272034 -0.9324209690093994 -0.34647107124328613 -3.656881809234619
-0.12490737438201904 -0.3576466143131256 0.9254657626152039 0.17816422879695892 -0.9868468046188354 -0.051694948226213455 -0.1531694233417511 -0.5621647834777832 0.10262250900268555 -0.9324250221252441 -0.3464852571487427 -3.6569347381591797
-0.12494567036628723 -0.3576752245426178 0.925449550151825 0.17815978825092316 -0.9868415594100952 -0.05168003588914871 -0.15320809185504913 -0.5621351599693298 0.10262607783079147 -0.9324148297309875 -0.3465115427970886 -3.656980276107788
-0.124890998005867 -0.3575998544692993 0.9254860281944275 0.17815683782100677 -0.9868652820587158 -0.05155915766954422 -0.1530960202217102 -0.5621403455734253 0.1024644672870636 -0.9324504733085632 -0.34646353125572205 -3.656977891921997
-0.12493003904819489 -0.357584685087204 0.9254866242408752 0.17816074192523956 -0.9868585467338562 -0.05156427249312401 -0.15313778817653656 -0.5621396899223328 0.10248184949159622 -0.9324559569358826 -0.3464435040950775 -3.65696120262146
-0.12491326779127121 -0.35767289996147156 0.9254547953605652 0.17813564836978912 -0.9868577122688293 -0.051582470536231995 -0.1531369984149933 -0.5621803402900696 0.10251028090715408 -0.9324211478233337 -0.3465288579463959 -3.657032012939453
-0.12487601488828659 -0.35768797993659973 0.9254540205001831 0.17815062403678894 -0.9868650436401367 -0.05156923457980156 -0.1530941277742386 -0.56219482421875 0.10248495638370514 -0.9324160814285278 -0.34654995799064636 -3.656994104385376
-0.12485712766647339 -0.3575960695743561 0.9254920482635498 0.17814917862415314 -0.9868676066398621 -0.05158943310379982 -0.15307071805000305 -0.5622000694274902 0.10248317569494247 -0.9324502348899841 -0.3464586138725281 -3.6569929122924805
-0.12491721659898758 -0.35760825872421265 0.9254792332649231 0.17811840772628784 -0.9868651628494263 -0.05151941254734993 -0.15311020612716675 -0.5621689558029175 0.1024336963891983 -0.9324494004249573 -0.34647539258003235 -3.6570701599121094
-0.12490558624267578 -0.3576298952102661 0.9254724383354187 0.178122878074646 -0.9868646860122681 -0.051537904888391495 -0.15310721099376678 -0.5621336698532104 0.10245270282030106 -0.9324401021003723 -0.3464948832988739 -3.6570582389831543
-0.124922014772892 -0.3576216399669647 0.9254734516143799 0.1781211644411087 -0.9868621230125427 -0.051537495106458664 -0.15312360227108002 -0.5621352195739746 0.1024569720029831 -0.9324433207511902 -0.3464850187301636 -3.6570727825164795
-0.12503743171691895 -0.3576540946960449 0.9254453182220459 0.17811013758182526 -0.9868502020835876 -0.05146704986691475 -0.15322430431842804 -0.5621439814567566 0.10243131965398788 -0.9324347376823425 -0.3465156555175781 -3.657097339630127
-0.12503212690353394 -0.35767287015914917 0.9254387617111206 0.17810457944869995 -0.9868571162223816 -0.051409147679805756 -0.15319932997226715 -0.562166690826416 0.10237133502960205 -0.9324307441711426 -0.34654414653778076 -3.6570775508880615
-0.12497636675834656 -0.35763320326805115 0.9254616498947144 0.17805688083171844 -0.986861526966095 -0.05145923048257828 -0.15315383672714233 -0.5621283054351807 0.10239651799201965 -0.9324432015419006 -0.34650319814682007 -3.6569459438323975
-0.1250007003545761 -0.35766661167144775 0.9254454374313354 0.17809231579303741 -0.9868601560592651 -0.051429592072963715 -0.15317267179489136 -0.5621523857116699 0.10238011181354523 -0.9324319958686829 -0.34653812646865845 -3.6568968296051025
-0.12496490776538849 -0.35759860277175903 0.9254765510559082 0.17813077569007874 -0.9868607521057129 -0.05148952081799507 -0.1531488299369812 -0.5621644258499146 0.10241822898387909 -0.9324547648429871 -0.3464655578136444 -3.656965732574463
-0.12495660036802292 -0.35759401321411133 0.9254794716835022 0.17813636362552643 -0.986861526966095 -0.05149584263563156 -0.15314176678657532 -0.5621674656867981 0.10242100059986115 -0.9324561953544617 -0.3464609682559967 -3.656967878341675
-0.1249052956700325 -0.3576015830039978 0.9254834651947021 0.1781420111656189 -0.9868632555007935 -0.05155596509575844 -0.1531102955341339 -0.5621857643127441 0.10246675461530685 -0.932449996471405 -0.3464641869068146 -3.656886100769043
-0.12490171939134598 -0.3575894236564636 0.9254886507987976 0.17814373970031738 -0.9868643879890442 -0.05155297741293907 -0.15310394763946533 -0.5621888041496277 0.10246012359857559 -0.9324547648429871 -0.34645316004753113 -3.6568830013275146
-0.12499916553497314 -0.3576384484767914 0.9254565238952637 0.17815181612968445 -0.9868355393409729 -0.05166037380695343 -0.1532534956932068 -0.5621535778045654 0.10261885076761246 -0.9324300289154053 -0.34647276997566223 -3.6568655967712402
-0.1249869242310524 -0.3576089143753052 0.9254695773124695 0.1781536042690277 -0.9868395924568176 -0.05164676904678345 -0.1532319337129593 -0.5621581673622131 0.10259469598531723 -0.9324421286582947 -0.3464474081993103 -3.6569161415100098
-0.1250135600566864 -0.357666552066803 0.925443708896637 0.17815887928009033 -0.9868329167366028 -0.05165807902812958 -0.15327128767967224 -0.5621299147605896 0.102626733481884 -0.9324194192886353 -0.34649911522865295 -3.656949281692505
-0.12498331815004349 -0.3576669991016388 0.9254476428031921 0.17812882363796234 -0.9868409037590027 -0.05163107439875603 -0.15322907269001007 -0.5620837211608887 0.10258691012859344 -0.9324207305908203 -0.34650734066963196 -3.6568703651428223
-0.12499036639928818 -0.35758671164512634 0.9254776835441589 0.17812462151050568 -0.9868299961090088 -0.05173278972506523 -0.15326495468616486 -0.5621067881584167 0.10268312692642212 -0.9324458837509155 -0.3464111089706421 -3.656853437423706
-0.12499124556779861 -0.357644259929657 0.9254553318023682 0.1781325787305832 -0.9868335723876953 -0.051689255982637405 -0.15325647592544556 -0.5621023178100586 0.10264746844768524 -0.9324262142181396 -0.3464745879173279 -3.6568305492401123
-0.12494026869535446 -0.3575678765773773 0.9254917502403259 0.17814749479293823 -0.986839771270752 -0.05172229930758476 -0.15320543944835663 -0.562123715877533 0.1026499792933464 -0.9324536919593811 -0.3463999629020691 -3.6568071842193604
-0.12493067234754562 -0.3575000762939453 0.9255192279815674 0.17817305028438568 -0.9868432283401489 -0.05171651393175125 -0.15318508446216583 -0.5621554255485535 0.10262838751077652 -0.932479977607727 -0.3463355004787445 -3.656872034072876
-0.12489764392375946 -0.35756915807724 0.9254969954490662 0.17814454436302185 -0.986845076084137 -0.0517379529774189 -0.15316593647003174 -0.5621444582939148 0.10265081375837326 -0.9324523210525513 -0.3464033305644989 -3.6569080352783203
-0.12484847009181976 -0.3575662076473236 0.9255048036575317 0.17811916768550873 -0.9868479371070862 -0.05178661271929741 -0.15313124656677246 -0.5621512532234192 0.10268339514732361 -0.9324507713317871 -0.34639790654182434 -3.6569249629974365
-0.12482433021068573 -0.3576655387878418 0.9254696369171143 0.17808681726455688 -0.986848771572113 -0.05179876089096069 -0.153121680021286 -0.5621510744094849 0.10270460695028305 -0.9324119687080383 -0.34649598598480225 -3.6569364070892334
-0.124789297580719 -0.3576095402240753 0.9254960417747498 0.178080216050148 -0.9868465662002563 -0.051880523562431335 -0.1531081348657608 -0.5621597766876221 0.10276822000741959 -0.9324288964271545 -0.34643155336380005 -3.6569623947143555
-0.12482443451881409 -0.3576517105102539 0.925475001335144 0.17810463905334473 -0.9868454337120056 -0.051831115037202835 -0.15313218533992767 -0.5621514320373535 0.1027364656329155 -0.9324154853820801 -0.34647712111473083 -3.656963348388672
-0.12480968236923218 -0.35757705569267273 0.9255058169364929 0.17809182405471802 -0.9868377447128296 -0.05193533003330231 -0.1531464010477066 -0.5621768832206726 0.10282816737890244 -0.932438313961029 -0.34638842940330505 -3.6569972038269043
-0.12477903068065643 -0.35758981108665466 0.9255050420761108 0.17811274528503418 -0.9868422150611877 -0.0519389770925045 -0.15311658382415771 -0.5622146129608154 0.10282278805971146 -0.9324331879615784 -0.3464037775993347 -3.6569409370422363
-0.12479306012392044 -0.3575942814350128 0.9255014061927795 0.17811349034309387 -0.9868422746658325 -0.05191631615161896 -0.1531236320734024 -0.5621777176856995 0.10280483961105347 -0.9324327707290649 -0.3464103043079376 -3.6569225788116455
-0.12478303164243698 -0.35761913657188416 0.9254931807518005 0.1780821830034256 -0.9868450164794922 -0.05190238356590271 -0.15311069786548615 -0.5621702671051025 0.10279069095849991 -0.932424008846283 -0.34643805027008057 -3.65696382522583
-0.12476567924022675 -0.357631117105484 0.9254908561706543 0.17809011042118073 -0.9868479371070862 -0.05189996957778931 -0.15309269726276398 -0.5621581077575684 0.10278373956680298 -0.9324195384979248 -0.34645214676856995 -3.6569738388061523
-0.12476827204227448 -0.35764995217323303 0.925483226776123 0.17812348902225494 -0.9868508577346802 -0.05186675116419792 -0.15308533608913422 -0.562166690826416 0.10275285691022873 -0.932414174079895 -0.3464757800102234 -3.6569690704345703
-0.12481922656297684 -0.35763174295425415 0.9254834055900574 0.17813372611999512 -0.9868388772010803 -0.0519019290804863 -0.15315060317516327 -0.5621572732925415 0.1028059646487236 -0.9324191808700562 -0.3464464843273163 -3.6569809913635254
-0.124801866710186 -0.35764947533607483 0.9254788756370544 0.17812994122505188 -0.9868412613868713 -0.05190305411815643 -0.15313458442687988 -0.5621559023857117 0.10280375927686691 -0.932412326335907 -0.3464655876159668 -3.656991720199585
-0.12478119134902954 -0.3576555550098419 0.9254793524742126 0.17809602618217468 -0.9868350625038147 -0.051989197731018066 -0.15314526855945587 -0.5621466040611267 0.10288826376199722 -0.9324052333831787 -0.3464597165584564 -3.6569793224334717
-0.12476740777492523 -0.3576301634311676 0.9254909753799438 0.17808827757835388 -0.9868345260620117 -0.05201933532953262 -0.15313878655433655 -0.5621048212051392 0.10291054844856262 -0.9324132800102234 -0.3464314043521881 -3.6569502353668213
-0.12478584796190262 -0.3576740622520447 0.9254715442657471 0.1780916154384613 -0.9868347644805908 -0.051981907337903976 -0.15314970910549164 -0.5621118545532227 0.10288552939891815 -0.9323984980583191 -0.34647855162620544 -3.656926393508911
-0.1247817724943161 -0.3576444089412689 0.9254835844039917 0.17812174558639526 -0.9868367314338684 -0.05197522044181824 -0.1531393826007843 -0.5621329545974731 0.10287173092365265 -0.9324102401733398 -0.3464510440826416 -3.65700364112854
-0.124793641269207 -0.3576505780220032 0.9254795908927917 0.17812424898147583 -0.9868355393409729 -0.05196741595864296 -0.15314987301826477 -0.5621388554573059 0.10286899656057358 -0.932408332824707 -0.34645703434944153 -3.657005548477173
-0.12481971085071564 -0.35765549540519714 0.9254741668701172 0.17818261682987213 -0.9868432283401489 -0.05185765027999878 -0.1531374603509903 -0.5621746182441711 0.10276344418525696 -0.9324125647544861 -0.3464769721031189 -3.656956672668457
-0.12481360882520676 -0.3576584458351135 0.9254738092422485 0.17819659411907196 -0.9868453741073608 -0.05184676870703697 -0.1531272530555725 -0.5621777176856995 0.10275015980005264 -0.9324120283126831 -0.3464823365211487 -3.656963586807251
-0.12477302551269531 -0.357673704624176 0.9254733920097351 0.17816314101219177 -0.9868393540382385 -0.05195985734462738 -0.1531277894973755 -0.5621612668037415 0.1028573289513588 -0.9323998689651489 -0.3464832305908203 -3.656968832015991
-0.12476867437362671 -0.3576667308807373 0.9254766702651978 0.17816951870918274 -0.9868387579917908 -0.051972705870866776 -0.15312711894512177 -0.5621598958969116 0.10286808013916016 -0.9324018359184265 -0.3464747667312622 -3.6569719314575195
-0.12475449591875076 -0.3576439619064331 0.9254873991012573 0.17817124724388123 -0.9868339896202087 -0.052040934562683105 -0.15313467383384705 -0.5621607303619385 0.10293099284172058 -0.9324067831039429 -0.3464428186416626 -3.6568539142608643
-0.12472502887248993 -0.3576110899448395 0.9255040884017944 0.17816369235515594 -0.9868402481079102 -0.052034180611371994 -0.15309686958789825 -0.5621510744094849 0.10290706157684326 -0.9324197769165039 -0.3464149832725525 -3.656825542449951
-0.12473363429307938 -0.35763901472091675 0.9254921674728394 0.17818515002727509 -0.9868448972702026 -0.05197453126311302 -0.15308716893196106 -0.5621644854545593 0.10285203903913498 -0.9324123859405518 -0.34645119309425354 -3.656771183013916
-0.12477024644613266 -0.35765019059181213 0.9254828691482544 0.17816591262817383 -0.9868360757827759 -0.051997408270835876 -0.15313602983951569 -0.5622372031211853 0.10289191454648972 -0.9324067831039429 -0.34645432233810425 -3.6568455696105957
-0.1247507631778717 -0.3576542139053345 0.9254839420318604 0.1781466156244278 -0.9868393540382385 -0.051996588706970215 -0.1531154215335846 -0.5622438788414001 0.1028844565153122 -0.9324052929878235 -0.3464605510234833 -3.656846046447754
-0.12480082362890244 -0.3576686382293701 0.9254716038703918 0.17817792296409607 -0.9868354797363281 -0.0519539974629879 -0.1531546711921692 -0.5622279047966003 0.10286065191030502 -0.9324021339416504 -0.34647616744041443 -3.6568706035614014
-0.12479246407747269 -0.3576972186565399 0.9254617094993591 0.17814849317073822 -0.9868412613868713 -0.051909465342760086 -0.1531325727701187 -0.5621994137763977 0.10281538963317871 -0.9323936700820923 -0.34651240706443787 -3.656935214996338
-0.12471415847539902 -0.35765573382377625 0.925488293170929 0.17813655734062195 -0.9868472218513489 -0.05197944492101669 -0.15307019650936127 -0.5621488094329834 0.10285288095474243 -0.9324056506156921 -0.3464689552783966 -3.656994581222534
-0.12472344189882278 -0.35766538977622986 0.9254832863807678 0.17812837660312653 -0.9868466258049011 -0.05196938291192055 -0.15307748317718506 -0.5621411204338074 0.1028473898768425 -0.9324025511741638 -0.34647902846336365 -3.6570053100585938
-0.12474672496318817 -0.35764479637145996 0.9254881143569946 0.17808371782302856 -0.9868338108062744 -0.05205446109175682 -0.15313149988651276 -0.5621359348297119 0.10294254869222641 -0.9324057102203369 -0.3464422821998596 -3.656982660293579
-0.12478730827569962 -0.3575702905654907 0.9255114793777466 0.17811764776706696 -0.9868431687355042 -0.05192098021507263 -0.15311641991138458 -0.5621041655540466 0.10280341655015945 -0.9324417114257812 -0.3463866412639618 -3.657071113586426
-0.12480759620666504 -0.3575659394264221 0.9255104064941406 0.17811931669712067 -0.9868435859680176 -0.05188722535967827 -0.15312500298023224 -0.562142550945282 0.10277452319860458 -0.932445228099823 -0.3463856875896454 -3.6569933891296387
-0.12487296760082245 -0.3575712740421295 0.9254994988441467 0.17814412713050842 -0.9868444800376892 -0.051780425012111664 -0.15315565466880798 -0.5621291995048523 0.10268689692020416 -0.9324491620063782 -0.346401184797287 -3.6570329666137695
