# 3x4 first row second row third row Freq: 100 current Time: 2021-04-07-14:44:51
-0.16324488818645477 -0.5976914763450623 0.7849304676055908 0.20717120170593262 -0.918468177318573 -0.19843000173568726 -0.3421134352684021 -0.45350971817970276 0.3602321147918701 -0.7767819762229919 -0.5165678262710571 -3.5018749237060547
-0.1631949245929718 -0.5977258682250977 0.7849146723747253 0.20710939168930054 -0.9184582829475403 -0.19848322868347168 -0.3421090543270111 -0.45356497168540955 0.36027991771698 -0.7767419219017029 -0.5165947675704956 -3.5019354820251465
-0.1631859540939331 -0.5976826548576355 0.7849494218826294 0.20708997547626495 -0.9184321761131287 -0.19856679439544678 -0.3421306610107422 -0.45356807112693787 0.3603505492210388 -0.776753842830658 -0.5165275931358337 -3.501924753189087
-0.16319280862808228 -0.5976758599281311 0.7849531769752502 0.2070726752281189 -0.9184341430664062 -0.19855910539627075 -0.3421298563480377 -0.45357203483581543 0.36034244298934937 -0.7767610549926758 -0.5165224075317383 -3.501939296722412
-0.1631118506193161 -0.5976693034172058 0.784974992275238 0.20716381072998047 -0.9184186458587646 -0.19867143034934998 -0.34210631251335144 -0.453560471534729 0.3604186475276947 -0.7767373323440552 -0.5165048837661743 -3.5018017292022705
-0.16309808194637299 -0.5976794362068176 0.7849701046943665 0.2071673572063446 -0.9184221625328064 -0.1986723691225052 -0.3420962989330292 -0.4535672962665558 0.36041590571403503 -0.7767292857170105 -0.5165188908576965 -3.5018131732940674
-0.16309964656829834 -0.5977668762207031 0.7849032282829285 0.20718567073345184 -0.918424665927887 -0.19862733781337738 -0.3421156704425812 -0.4535999894142151 0.3604087233543396 -0.7766735553741455 -0.5166077613830566 -3.501843214035034
-0.16313974559307098 -0.5978215932846069 0.7848532199859619 0.20713965594768524 -0.9184415340423584 -0.19852948188781738 -0.3421272039413452 -0.45354172587394714 0.36034759879112244 -0.776656448841095 -0.5166760683059692 -3.501734495162964
-0.16307881474494934 -0.5978294014930725 0.7848599553108215 0.2071542888879776 -0.9184523224830627 -0.19856004416942596 -0.3420804440975189 -0.45358359813690186 0.3603476583957672 -0.7766426205635071 -0.5166968107223511 -3.5016939640045166
-0.1631258726119995 -0.5978901386260986 0.7848038673400879 0.20717430114746094 -0.9184432625770569 -0.19850894808769226 -0.3421345353126526 -0.4536131024360657 0.36034953594207764 -0.7766088843345642 -0.5167461633682251 -3.501737594604492
-0.16308070719242096 -0.5979165434837341 0.7847931385040283 0.20718863606452942 -0.9184358716011047 -0.19855569303035736 -0.34212711453437805 -0.45352619886398315 0.36038869619369507 -0.7765766382217407 -0.5167673230171204 -3.501816511154175
-0.1629658192396164 -0.5978747606277466 0.7848488688468933 0.20714929699897766 -0.9184696078300476 -0.19860923290252686 -0.34200558066368103 -0.45359423756599426 0.36035481095314026 -0.7765951156616211 -0.5167632102966309 -3.5018041133880615
-0.1629488170146942 -0.5978664755821228 0.7848587036132812 0.20714397728443146 -0.9184657335281372 -0.19863706827163696 -0.34199973940849304 -0.45360037684440613 0.36037230491638184 -0.7765944004058838 -0.5167521238327026 -3.5018093585968018
-0.1630224734544754 -0.5978485941886902 0.7848570346832275 0.2071869671344757 -0.9184539914131165 -0.19860100746154785 -0.3420522212982178 -0.45357969403266907 0.36036890745162964 -0.7766173481941223 -0.5167199373245239 -3.5017147064208984
-0.16302461922168732 -0.5978606939315796 0.7848473191261292 0.2071862816810608 -0.9184544682502747 -0.19859269261360168 -0.3420557677745819 -0.4535854756832123 0.36036673188209534 -0.7766101360321045 -0.5167322754859924 -3.5017213821411133
-0.1630450189113617 -0.597862720489502 0.7848415970802307 0.20719657838344574 -0.9184333086013794 -0.19861821830272675 -0.3420977294445038 -0.45356035232543945 0.3604114055633545 -0.7766020894050598 -0.5167132616043091 -3.501546859741211
-0.16302382946014404 -0.5978213548660278 0.7848774790763855 0.20720432698726654 -0.9184294939041138 -0.19866445660591125 -0.342081218957901 -0.4535754919052124 0.3604308068752289 -0.7766221165657043 -0.5166696310043335 -3.5015718936920166
-0.16303308308124542 -0.5977717041969299 0.7849134206771851 0.20717571675777435 -0.9184483289718628 -0.1986367553472519 -0.3420466482639313 -0.4535798728466034 0.36037853360176086 -0.7766674160957336 -0.5166379809379578 -3.5014548301696777
-0.16303841769695282 -0.5977340340614319 0.7849409580230713 0.20714706182479858 -0.9184492230415344 -0.19864623248577118 -0.34203875064849854 -0.45362144708633423 0.360373854637146 -0.7766939997673035 -0.5166013240814209 -3.501466751098633
-0.1630779206752777 -0.5977008938789368 0.784958004951477 0.2070341408252716 -0.9184163212776184 -0.19869452714920044 -0.3420991003513336 -0.45355886220932007 0.36043986678123474 -0.776707112789154 -0.5165354609489441 -3.501676082611084
-0.16301500797271729 -0.5977475643157959 0.7849355340003967 0.20704159140586853 -0.9184349775314331 -0.19869302213191986 -0.34204983711242676 -0.4535526633262634 0.36042073369026184 -0.7766715884208679 -0.5166022777557373 -3.5016403198242188
-0.16302239894866943 -0.5977465510368347 0.7849347591400146 0.20701950788497925 -0.9184402227401733 -0.1986752152442932 -0.3420460820198059 -0.4535483419895172 0.36040401458740234 -0.7766769528388977 -0.5166059136390686 -3.5016493797302246
-0.1630074828863144 -0.5977776050567627 0.7849141955375671 0.20712026953697205 -0.9184543490409851 -0.19864524900913239 -0.3420255780220032 -0.45347073674201965 0.36037477850914 -0.776660680770874 -0.5166507363319397 -3.501556158065796
-0.16305217146873474 -0.5978279709815979 0.7848665714263916 0.2071472853422165 -0.9184380173683167 -0.19861654937267303 -0.3420861065387726 -0.45348766446113586 0.36039620637893677 -0.7766292691230774 -0.5166829824447632 -3.5016276836395264
-0.16300447285175323 -0.5978046655654907 0.7848942279815674 0.20710495114326477 -0.9184106588363647 -0.19873039424419403 -0.3420933783054352 -0.4535391628742218 0.3604874610900879 -0.7766180634498596 -0.5166361927986145 -3.501694917678833
-0.16306154429912567 -0.597896158695221 0.7848126888275146 0.20709210634231567 -0.9184091091156006 -0.19864033162593842 -0.342149943113327 -0.4535282552242279 0.3604656755924225 -0.7765706777572632 -0.5167226195335388 -3.5016798973083496
-0.16310200095176697 -0.5979049205780029 0.7847976088523865 0.20708681643009186 -0.9183703064918518 -0.19868211448192596 -0.34222984313964844 -0.4534996449947357 0.3605462312698364 -0.7765532732009888 -0.516692578792572 -3.5017447471618652
-0.16312414407730103 -0.5979307293891907 0.7847732901573181 0.2070532739162445 -0.9183505773544312 -0.19869253039360046 -0.3422767221927643 -0.4535066783428192 0.3605864644050598 -0.7765306830406189 -0.51669842004776 -3.501739740371704
-0.16308891773223877 -0.5978896617889404 0.7848119735717773 0.20705141127109528 -0.9183650612831116 -0.19871234893798828 -0.3422263562679291 -0.45354771614074707 0.3605654835700989 -0.7765572667121887 -0.5166730880737305 -3.501704216003418
-0.16313812136650085 -0.5979956984519958 0.7847209572792053 0.20709006488323212 -0.918329119682312 -0.19869722425937653 -0.3423314690589905 -0.45349881052970886 0.3606347143650055 -0.7764794826507568 -0.5167416930198669 -3.5017569065093994
-0.16320933401584625 -0.5980489253997803 0.7846655249595642 0.20708921551704407 -0.9183213710784912 -0.19862385094165802 -0.34239494800567627 -0.4534972608089447 0.3606223165988922 -0.7764572501182556 -0.5167837738990784 -3.501783847808838
-0.16320575773715973 -0.5980516672134399 0.7846642136573792 0.20708291232585907 -0.9183331727981567 -0.1986006200313568 -0.3423767685890198 -0.4535219073295593 0.36059388518333435 -0.7764610648155212 -0.5167978405952454 -3.5017640590667725
-0.16318076848983765 -0.5980728268623352 0.7846532464027405 0.207070991396904 -0.9183347821235657 -0.19861136376857758 -0.34236618876457214 -0.453514963388443 0.3606010675430298 -0.7764420509338379 -0.5168214440345764 -3.5017690658569336
-0.163282111287117 -0.5980503559112549 0.7846493124961853 0.20713591575622559 -0.9183220267295837 -0.19855332374572754 -0.34243395924568176 -0.4534723460674286 0.36058756709098816 -0.7764741778373718 -0.5167825818061829 -3.501495361328125
-0.1633465737104416 -0.5981022119522095 0.7845963835716248 0.20714087784290314 -0.9183058142662048 -0.19850501418113708 -0.34250542521476746 -0.45347580313682556 0.36059966683387756 -0.7764465808868408 -0.5168156027793884 -3.5014965534210205
-0.16340787708759308 -0.598065972328186 0.7846112251281738 0.20715118944644928 -0.9182849526405334 -0.19850823283195496 -0.3425596058368683 -0.4534322917461395 0.36062511801719666 -0.7764737010002136 -0.5167571306228638 -3.5014514923095703
-0.16346289217472076 -0.5981128215789795 0.7845640182495117 0.20716223120689392 -0.9182627201080322 -0.19848386943340302 -0.34263327717781067 -0.45343565940856934 0.36065673828125 -0.7764438390731812 -0.516779899597168 -3.5014734268188477
-0.16337674856185913 -0.5980888605117798 0.7846002578735352 0.20711663365364075 -0.9182758331298828 -0.1985471248626709 -0.3425615131855011 -0.45344993472099304 0.36066243052482605 -0.7764461040496826 -0.5167725086212158 -3.501474618911743
-0.16344349086284637 -0.5981314182281494 0.7845538854598999 0.20713137090206146 -0.9182608723640442 -0.1984979510307312 -0.3426300585269928 -0.45357728004455566 0.3606702387332916 -0.7764258980751038 -0.5167974233627319 -3.5015032291412354
-0.16342422366142273 -0.5981253385543823 0.7845625877380371 0.20712822675704956 -0.9182541966438293 -0.1985330879688263 -0.34262755513191223 -0.453587144613266 0.3606959283351898 -0.7764216065406799 -0.5167859196662903 -3.5015079975128174
-0.16334909200668335 -0.5981528759002686 0.7845572233200073 0.2071036696434021 -0.9182629585266113 -0.1985727995634079 -0.3425810635089874 -0.45360299944877625 0.36070767045021057 -0.7763902544975281 -0.5168249011039734 -3.5015547275543213
-0.16335850954055786 -0.5981695652008057 0.7845425009727478 0.20709462463855743 -0.9182753562927246 -0.19853003323078156 -0.3425726592540741 -0.45361655950546265 0.36067187786102295 -0.7763882875442505 -0.5168527364730835 -3.5015597343444824
-0.16345146298408508 -0.598128080368042 0.7845548391342163 0.20710554718971252 -0.9182316660881042 -0.19855482876300812 -0.34267541766166687 -0.4535040557384491 0.3607410192489624 -0.7764139175415039 -0.5167660117149353 -3.501540422439575
-0.16353583335876465 -0.5982084274291992 0.7844759821891785 0.20713695883750916 -0.9182069897651672 -0.19849352538585663 -0.3427770435810089 -0.4535520672798157 0.36076560616493225 -0.776367723941803 -0.5168182849884033 -3.501661539077759
-0.16352441906929016 -0.5982228517532349 0.784467339515686 0.20704440772533417 -0.9182009100914001 -0.19851097464561462 -0.3427831530570984 -0.4535978436470032 0.36078616976737976 -0.7763521075248718 -0.5168272852897644 -3.501906156539917
-0.16356617212295532 -0.5982486009597778 0.7844390273094177 0.20701974630355835 -0.9182078242301941 -0.1984456181526184 -0.3428025245666504 -0.4535888433456421 0.3607496917247772 -0.7763490080833435 -0.5168574452400208 -3.5019009113311768
-0.16356393694877625 -0.5982268452644348 0.7844560742378235 0.20712792873382568 -0.9182053208351135 -0.19846266508102417 -0.3427993953227997 -0.4535427689552307 0.36075711250305176 -0.7763614058494568 -0.5168336629867554 -3.5017430782318115
-0.1636219620704651 -0.5982692241668701 0.784411609172821 0.20712734758853912 -0.9181922078132629 -0.19841766357421875 -0.3428604304790497 -0.45353561639785767 0.3607640564441681 -0.7763402462005615 -0.5168606042861938 -3.501736640930176
-0.1635664403438568 -0.5982511043548584 0.7844370603561401 0.2071538120508194 -0.9182465672492981 -0.1983608454465866 -0.3427477478981018 -0.4535088837146759 0.360650897026062 -0.7763687372207642 -0.5168967843055725 -3.501692533493042
-0.16364461183547974 -0.5983262658119202 0.7843633890151978 0.20714865624904633 -0.9182294607162476 -0.19829131662845612 -0.34283381700515747 -0.45348188281059265 0.36065900325775146 -0.7763285636901855 -0.5169514417648315 -3.5016655921936035
-0.16363836824893951 -0.5983434915542603 0.7843515872955322 0.20718488097190857 -0.9182277321815491 -0.19829338788986206 -0.34283727407455444 -0.453468918800354 0.36066627502441406 -0.7763147950172424 -0.5169671177864075 -3.5015709400177
-0.16362343728542328 -0.5982627272605896 0.7844162583351135 0.20711970329284668 -0.9181827306747437 -0.1984395831823349 -0.342873215675354 -0.4534918963909149 0.36078760027885437 -0.7763396501541138 -0.5168451070785522 -3.501668930053711
-0.16362394392490387 -0.5982734560966492 0.7844080328941345 0.20712001621723175 -0.9181821346282959 -0.19843575358390808 -0.3428770899772644 -0.45348039269447327 0.3607889413833618 -0.7763323783874512 -0.5168550610542297 -3.5016872882843018
-0.16357657313346863 -0.5982415676116943 0.7844421863555908 0.20708133280277252 -0.9181933999061584 -0.19846998155117035 -0.34282708168029785 -0.4534982740879059 0.360781729221344 -0.7763481736183167 -0.5168363451957703 -3.5017144680023193
-0.16360126435756683 -0.5982966423034668 0.7843950390815735 0.2070666402578354 -0.9181985259056091 -0.19841161370277405 -0.3428470492362976 -0.45346537232398987 0.36075741052627563 -0.7763206958770752 -0.5168946385383606 -3.501666307449341
-0.1637023687362671 -0.5981876850128174 0.7844570279121399 0.2071361094713211 -0.9181681275367737 -0.19842958450317383 -0.3429180979728699 -0.45350226759910583 0.3607889413833618 -0.7764000296592712 -0.5167533755302429 -3.501608371734619
-0.16359515488147736 -0.5982342958450317 0.7844438552856445 0.20715205371379852 -0.9181994795799255 -0.19844260811805725 -0.34282663464546204 -0.45359334349632263 0.36075782775878906 -0.776360809803009 -0.5168340802192688 -3.5014703273773193
-0.16358068585395813 -0.5981056094169617 0.7845450043678284 0.207101970911026 -0.9182093143463135 -0.19849127531051636 -0.34277212619781494 -0.4535917043685913 0.3607393503189087 -0.7764474749565125 -0.516716718673706 -3.5015342235565186
-0.16357289254665375 -0.5981010794639587 0.7845500707626343 0.20710527896881104 -0.9182130694389343 -0.1984924077987671 -0.3427613079547882 -0.4535950720310211 0.3607332408428192 -0.7764506936073303 -0.5167161822319031 -3.5015437602996826
-0.16355034708976746 -0.5980421900749207 0.7845996618270874 0.2071358561515808 -0.9181953072547913 -0.19857759773731232 -0.3427595794200897 -0.45353758335113525 0.3607887029647827 -0.7764742970466614 -0.5166420340538025 -3.5015978813171387
-0.16353802382946014 -0.5980390310287476 0.7846046686172485 0.20714692771434784 -0.9181942343711853 -0.1985929161310196 -0.3427536189556122 -0.4535336196422577 0.36079704761505127 -0.776472806930542 -0.5166383981704712 -3.501614570617676
-0.16348138451576233 -0.5979824662208557 0.7846595644950867 0.2070554792881012 -0.9181866645812988 -0.19868704676628113 -0.3427192270755768 -0.4536392390727997 0.36084187030792236 -0.7764922380447388 -0.5165778398513794 -3.5017364025115967
-0.1634649932384491 -0.5979940891265869 0.7846541404724121 0.20704732835292816 -0.9181846976280212 -0.1987016350030899 -0.3427160382270813 -0.4536508619785309 0.36085429787635803 -0.7764796018600464 -0.5165882110595703 -3.501760244369507
-0.16356350481510162 -0.5980088114738464 0.7846223711967468 0.2071298211812973 -0.9182025194168091 -0.1985643208026886 -0.3427480161190033 -0.4535680413246155 0.36076441407203674 -0.7765033841133118 -0.5166152715682983 -3.5015311241149902
-0.16349585354328156 -0.5980409979820251 0.7846119403839111 0.20712536573410034 -0.918202817440033 -0.19861318171024323 -0.34271883964538574 -0.4535759389400482 0.3607942759990692 -0.7764660716056824 -0.5166504383087158 -3.5015487670898438
-0.16354350745677948 -0.5980229377746582 0.7846157550811768 0.20711393654346466 -0.9181875586509705 -0.1986090987920761 -0.3427620530128479 -0.45355910062789917 0.3608114719390869 -0.776481032371521 -0.5166159272193909 -3.50156307220459
-0.16346703469753265 -0.598079264163971 0.7845887541770935 0.2071463018655777 -0.9182026982307434 -0.19862380623817444 -0.34271299839019775 -0.4535357654094696 0.3608076274394989 -0.7764338850975037 -0.5166894793510437 -3.5016019344329834
-0.16344018280506134 -0.5980900526046753 0.7845861315727234 0.2071620374917984 -0.9182035326957703 -0.1986425668001175 -0.34269991517066956 -0.4535177946090698 0.36081770062446594 -0.7764207720756531 -0.5167021751403809 -3.5016305446624756
-0.16350264847278595 -0.5980591773986816 0.7845966815948486 0.20719221234321594 -0.9181830286979675 -0.19864150881767273 -0.342755526304245 -0.45354345440864563 0.36084163188934326 -0.7764448523521423 -0.5166492462158203 -3.5016188621520996
-0.16345584392547607 -0.5980885028839111 0.784584105014801 0.20716114342212677 -0.9181883931159973 -0.19866108894348145 -0.34272971749305725 -0.4535270631313324 0.3608491122722626 -0.7764172554016113 -0.5166855454444885 -3.5016467571258545
-0.16346918046474457 -0.5980923771858215 0.7845783233642578 0.2071659415960312 -0.9181819558143616 -0.19866065680980682 -0.34274718165397644 -0.45352110266685486 0.36085939407348633 -0.7764143347740173 -0.5166826844215393 -3.501662492752075
-0.16355927288532257 -0.5980987548828125 0.7845547199249268 0.20715829730033875 -0.9182087182998657 -0.1985156536102295 -0.3427595794200897 -0.45347079634666443 0.3607505261898041 -0.776446521282196 -0.5167103409767151 -3.5012638568878174
-0.1635565161705017 -0.5981007814407349 0.7845537066459656 0.20716241002082825 -0.9182076454162598 -0.19851960241794586 -0.3427600562572479 -0.45346084237098694 0.36075443029403687 -0.7764439582824707 -0.5167114734649658 -3.501253843307495
-0.1635340005159378 -0.5981569290161133 0.7845156192779541 0.20713025331497192 -0.9182075262069702 -0.1985165923833847 -0.3427622318267822 -0.4535070061683655 0.3607650399208069 -0.7764015197753906 -0.5167678594589233 -3.50130295753479
-0.1635155975818634 -0.5981481075286865 0.7845261693000793 0.20712924003601074 -0.9182137250900269 -0.19852440059185028 -0.34274110198020935 -0.45349806547164917 0.36075761914253235 -0.7764062881469727 -0.5167658925056458 -3.501291513442993
-0.16358181834220886 -0.5982178449630737 0.7844591736793518 0.20710261166095734 -0.918204128742218 -0.19845233857631683 -0.3428085744380951 -0.45354917645454407 0.36075204610824585 -0.7763710021972656 -0.5168228149414062 -3.5012807846069336
-0.16358865797519684 -0.5982096791267395 0.7844640016555786 0.20710133016109467 -0.9182059168815613 -0.19844551384449005 -0.3428075909614563 -0.45355114340782166 0.36074426770210266 -0.7763790488243103 -0.5168161988258362 -3.5012645721435547
-0.16353370249271393 -0.5980665683746338 0.7845845818519592 0.20710305869579315 -0.9182318449020386 -0.19850394129753113 -0.34270432591438293 -0.45363160967826843 0.3607032001018524 -0.7764743566513062 -0.5167016386985779 -3.501293182373047
-0.16351555287837982 -0.5980413556098938 0.7846075892448425 0.20709851384162903 -0.9182385206222534 -0.19851766526699066 -0.3426785171031952 -0.45364242792129517 0.3606944680213928 -0.7764902710914612 -0.51668381690979 -3.501279354095459
-0.16350117325782776 -0.598007082939148 0.7846366763114929 0.20714379847049713 -0.9182375073432922 -0.1985483020544052 -0.342663437128067 -0.45358678698539734 0.3607035279273987 -0.7765088081359863 -0.516649603843689 -3.5012600421905518
-0.16351544857025146 -0.597998857498169 0.7846400141716003 0.20715096592903137 -0.9182341694831848 -0.19854573905467987 -0.34267398715019226 -0.45358970761299133 0.3607056438922882 -0.776515781879425 -0.5166376233100891 -3.5012500286102295
-0.1634666919708252 -0.5980938076972961 0.7845777869224548 0.20717543363571167 -0.918247640132904 -0.19852107763290405 -0.3426521122455597 -0.4535669982433319 0.36069342494010925 -0.7764489650726318 -0.5167465806007385 -3.5012624263763428
-0.16346269845962524 -0.5981048941612244 0.7845701575279236 0.2071761041879654 -0.9182327389717102 -0.19855207204818726 -0.3426741063594818 -0.4535432457923889 0.36073318123817444 -0.7764325141906738 -0.5167436003684998 -3.5012807846069336
-0.16346405446529388 -0.5980975031852722 0.7845754623413086 0.2071824073791504 -0.9182267785072327 -0.19856685400009155 -0.34268152713775635 -0.45353564620018005 0.36074772477149963 -0.7764344215393066 -0.516730546951294 -3.5012741088867188
-0.16350452601909637 -0.5981433987617493 0.7845320701599121 0.20714372396469116 -0.918201744556427 -0.19856257736682892 -0.34275102615356445 -0.45355361700057983 0.3607930541038513 -0.7764001488685608 -0.5167503952980042 -3.501438856124878
-0.16350002586841583 -0.5981566309928894 0.7845229506492615 0.20714396238327026 -0.9181972146034241 -0.19857077300548553 -0.3427583873271942 -0.45355135202407837 0.3608066141605377 -0.7763878703117371 -0.5167593359947205 -3.5014407634735107
-0.16348040103912354 -0.5981832146644592 0.7845067381858826 0.2071830779314041 -0.9181731343269348 -0.1986294388771057 -0.3427889049053192 -0.453523725271225 0.36087679862976074 -0.7763524055480957 -0.5167636871337891 -3.501364231109619
-0.16350039839744568 -0.5981714129447937 0.7845115661621094 0.20718853175640106 -0.9181786179542542 -0.1986040621995926 -0.34278902411460876 -0.45351895689964294 0.3608538508415222 -0.7763679623603821 -0.5167562961578369 -3.501364231109619
-0.1634722352027893 -0.5982546210289001 0.7844539880752563 0.207164004445076 -0.9181722402572632 -0.19860781729221344 -0.34280383586883545 -0.45348408818244934 0.3608827590942383 -0.7763028740882874 -0.5168339014053345 -3.501272201538086
-0.16347205638885498 -0.5982400178909302 0.7844651937484741 0.20716184377670288 -0.9181663990020752 -0.19862695038318634 -0.34280839562416077 -0.45347437262535095 0.3608977198600769 -0.7763092517852783 -0.5168138742446899 -3.5012707710266113
-0.16349922120571136 -0.5982649326324463 0.7844405174255371 0.20710517466068268 -0.9181810021400452 -0.19855906069278717 -0.3428085744380951 -0.4535555839538574 0.36084818840026855 -0.7763074040412903 -0.5168512463569641 -3.5013606548309326
-0.1634964644908905 -0.5982492566108704 0.7844530344009399 0.20709075033664703 -0.91818767786026 -0.19855421781539917 -0.3427935838699341 -0.4535560607910156 0.360832542181015 -0.7763206958770752 -0.5168421268463135 -3.5013601779937744
-0.16353169083595276 -0.5983352661132812 0.7843800783157349 0.2071528285741806 -0.9181634783744812 -0.19853554666042328 -0.34286919236183167 -0.4534907639026642 0.3608781397342682 -0.7762592434883118 -0.5169026851654053 -3.5013375282287598
-0.16355830430984497 -0.5983276963233948 0.784380316734314 0.20714601874351501 -0.9181594252586365 -0.19852252304553986 -0.3428875505924225 -0.4534817934036255 0.3608763515949249 -0.7762683629989624 -0.5168901681900024 -3.5013363361358643
-0.16359005868434906 -0.5983304977416992 0.784371554851532 0.20716094970703125 -0.9181278347969055 -0.1985594630241394 -0.34295082092285156 -0.4534907937049866 0.36094239354133606 -0.776256799697876 -0.5168614387512207 -3.501314401626587
-0.16355696320533752 -0.5983314514160156 0.7843777537345886 0.2071606069803238 -0.9181383848190308 -0.19856740534305573 -0.34291788935661316 -0.4534822106361389 0.36093050241470337 -0.7762539982795715 -0.5168739557266235 -3.5013139247894287
-0.16350236535072327 -0.5982945561408997 0.7844172716140747 0.20713137090206146 -0.9181765913963318 -0.19855272769927979 -0.34282416105270386 -0.4535073935985565 0.36085808277130127 -0.7762861847877502 -0.5168761610984802 -3.5013606548309326
-0.16357888281345367 -0.5982940793037415 0.7844016551971436 0.20712469518184662 -0.918170690536499 -0.19849367439746857 -0.34287410974502563 -0.4535364508628845 0.3608384132385254 -0.7763016819953918 -0.5168666839599609 -3.5014030933380127
-0.16361701488494873 -0.5982347130775452 0.784438967704773 0.20711223781108856 -0.918130099773407 -0.1985710859298706 -0.34293800592422485 -0.45343488454818726 0.3609244227409363 -0.7763276100158691 -0.5167676210403442 -3.5014772415161133
-0.16365638375282288 -0.5982475876808167 0.7844209671020508 0.2071518450975418 -0.9181421995162964 -0.19850239157676697 -0.3429453372955322 -0.4534522294998169 0.3608757555484772 -0.7763352990150452 -0.5167900919914246 -3.5013318061828613
-0.16363906860351562 -0.5982624292373657 0.7844132781028748 0.20716343820095062 -0.9181432723999023 -0.19850990176200867 -0.3429381549358368 -0.45344600081443787 0.36088088154792786 -0.7763219475746155 -0.5168065428733826 -3.5013415813446045
-0.1635088324546814 -0.5983640551567078 0.7843629121780396 0.2071407288312912 -0.9181684851646423 -0.19853372871875763 -0.34285688400268555 -0.45349547266960144 0.36087578535079956 -0.7762374877929688 -0.5169368982315063 -3.501340389251709
-0.1635061502456665 -0.5983586311340332 0.784367561340332 0.20714320242404938 -0.9181787371635437 -0.19851647317409515 -0.3428393006324768 -0.45349588990211487 0.36085084080696106 -0.7762460708618164 -0.516941487789154 -3.50134015083313
-0.1634252816438675 -0.598355770111084 0.7843866348266602 0.20707616209983826 -0.9182079434394836 -0.19853097200393677 -0.34275272488594055 -0.45350611209869385 0.3608132004737854 -0.776244580745697 -0.5169699788093567 -3.5013251304626465
-0.163412943482399 -0.5983516573905945 0.7843923568725586 0.20706883072853088 -0.9182066321372986 -0.19854724407196045 -0.34274688363075256 -0.45351114869117737 0.3608221709728241 -0.7762436270713806 -0.5169651508331299 -3.5013208389282227
-0.16343580186367035 -0.598383367061615 0.784363329410553 0.20710815489292145 -0.9182024598121643 -0.19852079451084137 -0.34277331829071045 -0.4535071551799774 0.3608223795890808 -0.7762258648872375 -0.5169916152954102 -3.501321792602539
-0.1634698361158371 -0.5984072089195251 0.784338116645813 0.20711171627044678 -0.9181759357452393 -0.1985355019569397 -0.3428358733654022 -0.45350968837738037 0.3608745038509369 -0.7762038111686707 -0.5169884562492371 -3.5013248920440674
-0.16353386640548706 -0.5984717607498169 0.784275472164154 0.20703692734241486 -0.9181534647941589 -0.19849540293216705 -0.3429192900657654 -0.45358702540397644 0.36090266704559326 -0.7761642336845398 -0.5170281529426575 -3.5015058517456055
-0.16352277994155884 -0.5984795093536377 0.7842718958854675 0.20702484250068665 -0.9181473851203918 -0.19851544499397278 -0.3429238796234131 -0.4535963237285614 0.36092308163642883 -0.7761531472206116 -0.5170305967330933 -3.501511573791504
-0.16346952319145203 -0.5983465909957886 0.7843844294548035 0.2070574313402176 -0.9181859493255615 -0.19854074716567993 -0.34280601143836975 -0.45355919003486633 0.36084914207458496 -0.7762491703033447 -0.5169379711151123 -3.5014209747314453
-0.1634652018547058 -0.5983682870864868 0.7843687534332275 0.20704786479473114 -0.9181948900222778 -0.1985160857439041 -0.34279635548591614 -0.4535614252090454 0.36082836985588074 -0.776238739490509 -0.5169681310653687 -3.5014231204986572
-0.16352111101150513 -0.5982770323753357 0.7844266891479492 0.20709986984729767 -0.9182071089744568 -0.19847708940505981 -0.3427862226963043 -0.45352834463119507 0.36077195405960083 -0.7763190269470215 -0.5168870091438293 -3.501218557357788
-0.16353636980056763 -0.5982697010040283 0.784429132938385 0.20709970593452454 -0.9182097315788269 -0.19846032559871674 -0.3427889049053192 -0.45353084802627563 0.36075836420059204 -0.776328980922699 -0.51688152551651 -3.501211166381836
-0.16355043649673462 -0.5981926321983337 0.7844849824905396 0.2071288675069809 -0.9182190299034119 -0.19846072793006897 -0.3427636921405792 -0.4534754753112793 0.36072826385498047 -0.7763882875442505 -0.5168134570121765 -3.501124858856201
-0.16352348029613495 -0.5981871485710144 0.7844947576522827 0.20713193714618683 -0.9182196855545044 -0.1984870284795761 -0.34274670481681824 -0.4534705579280853 0.3607387840747833 -0.7763857245445251 -0.51680988073349 -3.5011179447174072
-0.16341723501682281 -0.5980378985404968 0.7846306562423706 0.20708751678466797 -0.9182385206222534 -0.1986115723848343 -0.34262406826019287 -0.4535485506057739 0.36073899269104004 -0.7764688730239868 -0.5166848301887512 -3.50117826461792
-0.1634434163570404 -0.598098874092102 0.7845787405967712 0.20711755752563477 -0.9182425737380981 -0.19855163991451263 -0.3426479995250702 -0.4535866677761078 0.360716849565506 -0.7764372229576111 -0.5167478322982788 -3.5011658668518066
-0.16341324150562286 -0.5980974435806274 0.7845861315727234 0.2071174532175064 -0.9182469844818115 -0.19857116043567657 -0.34262487292289734 -0.45359665155410767 0.36071932315826416 -0.7764333486557007 -0.5167519450187683 -3.5011608600616455
-0.1634274572134018 -0.5980969667434692 0.7845835089683533 0.20712213218212128 -0.9182523488998413 -0.1985463798046112 -0.3426247835159302 -0.4536111056804657 0.3606991469860077 -0.7764400839805603 -0.5167559385299683 -3.5011565685272217
-0.16340534389019012 -0.5981329083442688 0.7845607399940491 0.20712856948375702 -0.9182350039482117 -0.19858881831169128 -0.34264665842056274 -0.45359230041503906 0.36075329780578613 -0.7764015197753906 -0.5167760252952576 -3.5012311935424805
-0.1633300930261612 -0.598215639591217 0.7845133543014526 0.2071152627468109 -0.9182353615760803 -0.19862274825572968 -0.3426261842250824 -0.4535781145095825 0.3607866168022156 -0.7763291001319885 -0.516861617565155 -3.501267194747925
-0.16332224011421204 -0.5982089042663574 0.7845200896263123 0.20711594820022583 -0.9182450175285339 -0.1986122578382492 -0.3426063358783722 -0.45357832312583923 0.3607655465602875 -0.7763369679450989 -0.5168644785881042 -3.5012710094451904
-0.16335462033748627 -0.598243772983551 0.7844867706298828 0.20710358023643494 -0.9182288646697998 -0.19860130548477173 -0.3426559269428253 -0.4534876048564911 0.360791951417923 -0.7763128876686096 -0.5168821811676025 -3.501286506652832
-0.16338898241519928 -0.5982313752174377 0.784489095211029 0.2071039229631424 -0.9182272553443909 -0.198577880859375 -0.34267380833625793 -0.4534796178340912 0.3607804775238037 -0.776328444480896 -0.5168668627738953 -3.5012929439544678
-0.16342578828334808 -0.598240077495575 0.7844747304916382 0.2070463001728058 -0.9182222485542297 -0.19855022430419922 -0.3427032232284546 -0.4534555673599243 0.36077651381492615 -0.7763288021087646 -0.516869068145752 -3.5012855529785156
-0.16340234875679016 -0.5982498526573181 0.7844721674919128 0.2070358246564865 -0.9182245135307312 -0.19856314361095428 -0.3426896929740906 -0.45344069600105286 0.36078140139579773 -0.7763179540634155 -0.5168819427490234 -3.501295566558838
-0.1634356826543808 -0.5981481671333313 0.7845427989959717 0.2070455253124237 -0.9182234406471252 -0.19857852160930634 -0.3426836133003235 -0.45348021388053894 0.36076900362968445 -0.77639240026474 -0.516778826713562 -3.501243829727173
-0.16343127191066742 -0.5981407761573792 0.784549355506897 0.20704030990600586 -0.9182117581367493 -0.19861114025115967 -0.3426961302757263 -0.4534774422645569 0.3608008623123169 -0.7763897776603699 -0.516760528087616 -3.501251220703125
-0.1634395718574524 -0.5981601476669312 0.7845328450202942 0.20704612135887146 -0.9182136058807373 -0.19859090447425842 -0.3427029252052307 -0.4534556567668915 0.3607923984527588 -0.7763800024986267 -0.5167810916900635 -3.5011801719665527
-0.16345657408237457 -0.5981565713882446 0.7845320105552673 0.20704442262649536 -0.9182030558586121 -0.19859914481639862 -0.34272637963294983 -0.4534531533718109 0.3608115017414093 -0.7763806581497192 -0.5167667865753174 -3.501190662384033
-0.16340455412864685 -0.5981357097625732 0.7845587134361267 0.20706242322921753 -0.9182478785514832 -0.1985606849193573 -0.3426285684108734 -0.45347046852111816 0.36072099208831787 -0.7764065265655518 -0.5167911052703857 -3.501103162765503
-0.1633935570716858 -0.5981298089027405 0.7845655679702759 0.20705774426460266 -0.918250560760498 -0.19856786727905273 -0.3426172435283661 -0.4534725546836853 0.3607191741466522 -0.7764092683792114 -0.5167882442474365 -3.5011117458343506
-0.16336658596992493 -0.5982030630111694 0.7845153212547302 0.20708763599395752 -0.918241560459137 -0.1985805332660675 -0.3426339626312256 -0.4535122513771057 0.36075425148010254 -0.7763495445251465 -0.5168534517288208 -3.5011327266693115
-0.16336888074874878 -0.5982071161270142 0.7845117449760437 0.20708444714546204 -0.9182471632957458 -0.19856449961662292 -0.3426281809806824 -0.4535180628299713 0.3607389032840729 -0.7763505578041077 -0.516862690448761 -3.5011379718780518
-0.16330231726169586 -0.5981825590133667 0.7845443487167358 0.2070961743593216 -0.9182285070419312 -0.1986779272556305 -0.3426124155521393 -0.4535670280456543 0.36081650853157043 -0.7763404846191406 -0.5168236494064331 -3.501187324523926
-0.16331051290035248 -0.5982054471969604 0.7845251560211182 0.2070910483598709 -0.9182254672050476 -0.1986667662858963 -0.34262701869010925 -0.4535773992538452 0.3608205318450928 -0.7763257026672363 -0.5168430805206299 -3.50119686126709
-0.16335847973823547 -0.5981965065002441 0.7845219969749451 0.20711097121238708 -0.9182195663452148 -0.19863837957382202 -0.3426594138145447 -0.45355096459388733 0.3608139157295227 -0.7763398289680481 -0.5168263912200928 -3.501182794570923
-0.1633894145488739 -0.5982075333595276 0.784507155418396 0.20709018409252167 -0.9182120561599731 -0.19862064719200134 -0.3426898121833801 -0.4535374641418457 0.360819011926651 -0.7763358950614929 -0.5168287754058838 -3.5011441707611084
-0.16343097388744354 -0.5981342792510986 0.7845543026924133 0.20706897974014282 -0.9181779623031616 -0.1986868679523468 -0.3427427113056183 -0.45350542664527893 0.36088690161705017 -0.7763753533363342 -0.5167220830917358 -3.5013113021850586
-0.16349412500858307 -0.5980280041694641 0.7846221923828125 0.20708903670310974 -0.9181408286094666 -0.19875381886959076 -0.34280335903167725 -0.4535045027732849 0.360952764749527 -0.7764400839805603 -0.5165787935256958 -3.5013160705566406
-0.16348470747470856 -0.598036527633667 0.7846176624298096 0.20708610117435455 -0.9181385040283203 -0.19876402616500854 -0.3428037166595459 -0.4535031318664551 0.36096301674842834 -0.7764309644699097 -0.5165854096412659 -3.501331090927124
-0.1634632647037506 -0.5979564785957336 0.7846831679344177 0.20709937810897827 -0.9181495308876038 -0.19879533350467682 -0.34275591373443604 -0.45352497696876526 0.36094456911087036 -0.7764845490455627 -0.516517698764801 -3.5013411045074463
-0.16349485516548157 -0.597966194152832 0.7846691608428955 0.20709820091724396 -0.9181618690490723 -0.19873493909835815 -0.3427579700946808 -0.45349740982055664 0.3608989417552948 -0.7764925360679626 -0.5165375471115112 -3.501307725906372
-0.1634169965982437 -0.5980028510093689 0.7846574783325195 0.2071082890033722 -0.9181919097900391 -0.19872751832008362 -0.342681884765625 -0.4534934163093567 0.36085784435272217 -0.7764662504196167 -0.5166058540344238 -3.501337766647339
-0.1634693294763565 -0.5980684161186218 0.7845965623855591 0.2070983499288559 -0.9181848764419556 -0.19866472482681274 -0.34273698925971985 -0.45349475741386414 0.360851913690567 -0.7764317989349365 -0.5166617035865784 -3.5013482570648193
-0.1635042130947113 -0.5980303287506104 0.7846183180809021 0.20712848007678986 -0.9181952476501465 -0.1986263394355774 -0.3427315652370453 -0.45346444845199585 0.3608098328113556 -0.776470959186554 -0.5166323184967041 -3.5012929439544678
-0.16348713636398315 -0.5979583859443665 0.784676730632782 0.20712783932685852 -0.9181890487670898 -0.1986871212720871 -0.3427129089832306 -0.453500360250473 0.3608333170413971 -0.7765107750892639 -0.5165559649467468 -3.50131893157959
-0.16352659463882446 -0.5979537963867188 0.7846720218658447 0.20714342594146729 -0.9181848764419556 -0.1986609697341919 -0.34273916482925415 -0.4535093307495117 0.3608259856700897 -0.7765210270881653 -0.5165457129478455 -3.5013420581817627
-0.16346442699432373 -0.5979976654052734 0.784651517868042 0.20716829597949982 -0.9182015061378479 -0.19866448640823364 -0.34269264340400696 -0.4535260796546936 0.36081185936927795 -0.776486337184906 -0.5166077017784119 -3.501298427581787
-0.16345109045505524 -0.5979998111724854 0.7846526503562927 0.2071843296289444 -0.9181999564170837 -0.19867940247058868 -0.34268811345100403 -0.4535350799560547 0.36082184314727783 -0.7764808535575867 -0.5166089534759521 -3.5013139247894287
-0.16341617703437805 -0.597957968711853 0.7846918106079102 0.2071600705385208 -0.9181718826293945 -0.19879092276096344 -0.34269869327545166 -0.4535118639469147 0.360909104347229 -0.7764845490455627 -0.5165424346923828 -3.5013675689697266
-0.163435697555542 -0.597961962223053 0.7846847176551819 0.20717526972293854 -0.9181647300720215 -0.1987861841917038 -0.34272056818008423 -0.45352137088775635 0.36091843247413635 -0.7764827013015747 -0.5165387988090515 -3.5013890266418457
-0.1632833033800125 -0.5978736877441406 0.7847837209701538 0.20715747773647308 -0.9182174801826477 -0.1988544464111328 -0.3425396680831909 -0.4535921812057495 0.36085325479507446 -0.7765331864356995 -0.5165084004402161 -3.5013370513916016
-0.16326619684696198 -0.597873330116272 0.7847875356674194 0.2071683406829834 -0.9182143807411194 -0.1988772749900818 -0.3425346314907074 -0.45361045002937317 0.36086881160736084 -0.7765276432037354 -0.5165058970451355 -3.5013537406921387
-0.16327570378780365 -0.5979646444320679 0.7847159504890442 0.20715834200382233 -0.9182460308074951 -0.19876043498516083 -0.3425176739692688 -0.4535597264766693 0.36078402400016785 -0.7764872312545776 -0.5166258811950684 -3.5013298988342285
-0.1632988005876541 -0.5979675650596619 0.7847089767456055 0.20716634392738342 -0.9182352423667908 -0.19876070320606232 -0.3425464630126953 -0.45357003808021545 0.3608010411262512 -0.7764849066734314 -0.5166174173355103 -3.501339912414551
-0.16325420141220093 -0.5979934930801392 0.784698486328125 0.20717862248420715 -0.9182077050209045 -0.19885045289993286 -0.3425680994987488 -0.453561007976532 0.3608912229537964 -0.7764419317245483 -0.5166189670562744 -3.501375198364258
-0.16323810815811157 -0.5978918671607971 0.7847792506217957 0.20716139674186707 -0.9181981086730957 -0.19893062114715576 -0.34254732728004456 -0.45350268483161926 0.3609229624271393 -0.7764996886253357 -0.5165100693702698 -3.5013620853424072
-0.16323037445545197 -0.5978881120681763 0.7847837209701538 0.20716622471809387 -0.9181937575340271 -0.19894884526729584 -0.34254834055900574 -0.4534989297389984 0.3609374761581421 -0.7764979004859924 -0.5165025591850281 -3.5013809204101562
-0.1632664054632187 -0.5979522466659546 0.7847273945808411 0.2071046680212021 -0.9182112812995911 -0.1988493949174881 -0.34255924820899963 -0.45355960726737976 0.3608767092227936 -0.7764739990234375 -0.5165809988975525 -3.501365900039673
-0.16327466070652008 -0.5979627966880798 0.7847175598144531 0.20709086954593658 -0.9182006120681763 -0.19885991513729095 -0.3425816595554352 -0.4535644054412842 0.36090004444122314 -0.7764631509780884 -0.5165809988975525 -3.501377820968628
-0.1632853001356125 -0.5979739427566528 0.7847068905830383 0.20709462463855743 -0.9181721210479736 -0.19890640676021576 -0.34263110160827637 -0.4534416198730469 0.3609677851200104 -0.7764426469802856 -0.5165644288063049 -3.501344680786133
-0.16328950226306915 -0.5979753136634827 0.7847049236297607 0.2070794403553009 -0.9181740283966064 -0.19889770448207855 -0.34263095259666443 -0.45342907309532166 0.3609609603881836 -0.7764438390731812 -0.5165674686431885 -3.501350164413452
-0.1633886843919754 -0.5980497598648071 0.7846276164054871 0.20709946751594543 -0.9181637763977051 -0.19879408180713654 -0.34271854162216187 -0.4534544348716736 0.36094215512275696 -0.776413083076477 -0.5166268348693848 -3.5012242794036865
-0.1633080691099167 -0.5980010032653809 0.784681499004364 0.2071211338043213 -0.9182290434837341 -0.19875071942806244 -0.34256884455680847 -0.4534214735031128 0.36081263422966003 -0.7764617204666138 -0.5166442394256592 -3.501107692718506
-0.16329261660575867 -0.5980116724967957 0.7846766114234924 0.20711778104305267 -0.9182325005531311 -0.19875311851501465 -0.3425581753253937 -0.453410804271698 0.3608108162879944 -0.7764528393745422 -0.5166587829589844 -3.5011026859283447
