# 3x4 first row second row third row Freq: 100 current Time: 2021-04-07-14:53:23
-0.05884043499827385 -0.4470715820789337 0.8925607204437256 0.4418659806251526 -0.9869230389595032 -0.10835843533277512 -0.11933648586273193 -0.5012150406837463 0.1500685065984726 -0.8879106640815735 -0.4348493218421936 -3.6201562881469727
-0.05878673866391182 -0.4470196068286896 0.8925902843475342 0.44190531969070435 -0.9869430661201477 -0.1082892045378685 -0.11923350393772125 -0.5011594891548157 0.14995768666267395 -0.8879452347755432 -0.4348168671131134 -3.6199393272399902
-0.05880666524171829 -0.4470370411872864 0.8925802707672119 0.44193804264068604 -0.9869433641433716 -0.10826932638883591 -0.11924905329942703 -0.5011279582977295 0.1499478816986084 -0.887938916683197 -0.43483322858810425 -3.619920253753662
-0.058800291270017624 -0.44702062010765076 0.8925889134407043 0.441879004240036 -0.9869346022605896 -0.10832853615283966 -0.11926794052124023 -0.5011260509490967 0.1500081568956375 -0.8879399299621582 -0.4348103106021881 -3.6198997497558594
-0.05875122919678688 -0.44697457551956177 0.8926151990890503 0.4419199824333191 -0.9869387745857239 -0.10834900289773941 -0.11921510845422745 -0.5011559128761292 0.1500001698732376 -0.8879606127738953 -0.4347708225250244 -3.6199421882629395
-0.058736298233270645 -0.44698667526245117 0.8926101326942444 0.44190430641174316 -0.9869449734687805 -0.10832235962152481 -0.11918781697750092 -0.5011833310127258 0.1499650776386261 -0.887957751750946 -0.4347887337207794 -3.619922161102295
-0.058800578117370605 -0.4469594657421112 0.8926194906234741 0.4419262409210205 -0.9869357347488403 -0.1083296611905098 -0.1192573830485344 -0.5011719465255737 0.1500004529953003 -0.8879705667495728 -0.43475037813186646 -3.6199002265930176
-0.058800458908081055 -0.4469248056411743 0.8926368951797485 0.4419291019439697 -0.9869393110275269 -0.10831321775913239 -0.11924272775650024 -0.5011730194091797 0.14997698366641998 -0.8879900574684143 -0.4347187280654907 -3.6198840141296387
-0.05880522355437279 -0.44688689708709717 0.8926555514335632 0.44193753600120544 -0.9869301915168762 -0.10836874693632126 -0.11926809698343277 -0.5011376142501831 0.15003538131713867 -0.888002336025238 -0.4346734583377838 -3.619880437850952
-0.058780230581760406 -0.44689691066741943 0.892652153968811 0.4419381022453308 -0.9869290590286255 -0.10839381814002991 -0.11925460398197174 -0.5011292695999146 0.15005256235599518 -0.8879942297935486 -0.43468406796455383 -3.6198720932006836
-0.05876195803284645 -0.44698137044906616 0.8926110863685608 0.4419296085834503 -0.9869255423545837 -0.10841786861419678 -0.1192619651556015 -0.5011054277420044 0.15008294582366943 -0.8879488110542297 -0.43476641178131104 -3.6199333667755127
-0.05875081941485405 -0.44694676995277405 0.8926291465759277 0.44192859530448914 -0.9869297742843628 -0.10840598493814468 -0.11923737078905106 -0.5011081695556641 0.15005917847156525 -0.8879676461219788 -0.43473610281944275 -3.6199402809143066
-0.05874671787023544 -0.44697293639183044 0.8926162719726562 0.4419214427471161 -0.9869235157966614 -0.10844302177429199 -0.11925585567951202 -0.5011003017425537 0.15010222792625427 -0.8879499435424805 -0.43475738167762756 -3.619974374771118
-0.05874161794781685 -0.44687339663505554 0.8926664590835571 0.4419316351413727 -0.9869260191917419 -0.10844544321298599 -0.11923279613256454 -0.5011196732521057 0.1500876545906067 -0.8879997730255127 -0.4346606731414795 -3.6200168132781982
-0.05873338133096695 -0.44685739278793335 0.8926750421524048 0.44193705916404724 -0.9869301319122314 -0.10842975229024887 -0.11921302229166031 -0.5011231899261475 0.15006382763385773 -0.8880097270011902 -0.4346485137939453 -3.620022773742676
-0.05882095545530319 -0.4469355344772339 0.8926301598548889 0.44189029932022095 -0.9869320392608643 -0.10833869874477386 -0.11927986890077591 -0.50113445520401 0.1500168740749359 -0.8879815340042114 -0.434722363948822 -3.620089292526245
-0.05882176384329796 -0.44689875841140747 0.8926485180854797 0.4418834447860718 -0.9869396686553955 -0.10829801857471466 -0.1192539781332016 -0.5011522769927979 0.14996659755706787 -0.8880050182342529 -0.43469175696372986 -3.6201303005218506
-0.058854248374700546 -0.4469483196735382 0.8926215171813965 0.44194748997688293 -0.9869306683540344 -0.10831887274980545 -0.11930936574935913 -0.5011835098266602 0.15001295506954193 -0.8879774808883667 -0.43473193049430847 -3.6200478076934814
-0.0588546097278595 -0.4469098746776581 0.8926407694816589 0.441972553730011 -0.9869347214698792 -0.1082998588681221 -0.11929327249526978 -0.5011816620826721 0.14998628199100494 -0.8879991769790649 -0.43469685316085815 -3.6200618743896484
-0.05881843715906143 -0.44695383310317993 0.8926211595535278 0.44192183017730713 -0.9869265556335449 -0.10837092995643616 -0.11929628252983093 -0.5011451840400696 0.1500541865825653 -0.8879683613777161 -0.43473634123802185 -3.6200878620147705
-0.05879785493016243 -0.44695913791656494 0.8926198482513428 0.4419325590133667 -0.9869239926338196 -0.10840166360139847 -0.1192895695567131 -0.5011311769485474 0.15007911622524261 -0.8879619836807251 -0.4347408413887024 -3.620093822479248
-0.058797482401132584 -0.44700491428375244 0.892596960067749 0.44190070033073425 -0.986915111541748 -0.1084483191370964 -0.11932054907083511 -0.5011195540428162 0.15013758838176727 -0.8879331946372986 -0.4347793757915497 -3.6201279163360596
-0.05876284837722778 -0.44695988297462463 0.8926217555999756 0.44188281893730164 -0.9869200587272644 -0.108452208340168 -0.11927574127912521 -0.5011328458786011 0.15011835098266602 -0.8879554271697998 -0.43474066257476807 -3.6201558113098145
-0.05876089632511139 -0.44694456458091736 0.8926295638084412 0.4418467879295349 -0.9869193434715271 -0.10846006870269775 -0.1192745715379715 -0.5011000633239746 0.15012386441230774 -0.8879621624946594 -0.43472495675086975 -3.6201095581054688
-0.05873403698205948 -0.44687607884407043 0.8926656246185303 0.44181913137435913 -0.9869166016578674 -0.10850675404071808 -0.11925492435693741 -0.5011516213417053 0.15015250444412231 -0.8879909515380859 -0.4346563220024109 -3.620089530944824
-0.058692265301942825 -0.44687873125076294 0.8926670551300049 0.4418168067932129 -0.9869173169136047 -0.1085352897644043 -0.1192232072353363 -0.5011330842971802 0.15016427636146545 -0.8879861235618591 -0.4346621036529541 -3.6200897693634033
-0.05871376395225525 -0.446939617395401 0.89263516664505 0.4418469965457916 -0.9869240522384644 -0.10847007483243942 -0.11922643333673477 -0.5011610984802246 0.15011128783226013 -0.8879634141921997 -0.4347267150878906 -3.6200149059295654
-0.05872761085629463 -0.44695475697517395 0.8926266431808472 0.44183865189552307 -0.9869199991226196 -0.10848136991262436 -0.1192501038312912 -0.5011667609214783 0.15013284981250763 -0.8879544138908386 -0.4347376823425293 -3.620021104812622
-0.058792632073163986 -0.44705742597579956 0.892570972442627 0.441900372505188 -0.9869159460067749 -0.10844024270772934 -0.11932104825973511 -0.5011565685272217 0.15013404190540314 -0.8879078030586243 -0.43483254313468933 -3.620048761367798
-0.05875426158308983 -0.4470004439353943 0.8926020264625549 0.4419142007827759 -0.9869198799133301 -0.10845485329627991 -0.11927512288093567 -0.5011448264122009 0.15012313425540924 -0.887934684753418 -0.43478137254714966 -3.6200594902038574
-0.05877422168850899 -0.44706764817237854 0.8925670385360718 0.44189274311065674 -0.9869218468666077 -0.10841846466064453 -0.11929193884134293 -0.5011394023895264 0.1501023918390274 -0.8879052996635437 -0.4348485469818115 -3.620026111602783
-0.05873483791947365 -0.4470617473125458 0.8925725817680359 0.4418840706348419 -0.9869248270988464 -0.10843271762132645 -0.11925427615642548 -0.5011435151100159 0.15009817481040955 -0.8879064917564392 -0.43484750390052795 -3.620042324066162
-0.058711349964141846 -0.4471012353897095 0.8925543427467346 0.4418618679046631 -0.9869239330291748 -0.10845115780830383 -0.11924471706151962 -0.5011376142501831 0.1501130908727646 -0.8878843784332275 -0.434887558221817 -3.6200430393218994
-0.0587470605969429 -0.44713255763053894 0.8925363421440125 0.4418388307094574 -0.986911952495575 -0.10848972946405411 -0.1193089559674263 -0.5011737942695618 0.15017801523208618 -0.8878638744354248 -0.4349069595336914 -3.6200644969940186
-0.05875812843441963 -0.4471019506454468 0.8925509452819824 0.44183996319770813 -0.9869164228439331 -0.10845876485109329 -0.11930029839277267 -0.5011677742004395 0.15014444291591644 -0.8878830671310425 -0.4348793625831604 -3.62007737159729
-0.05874406546354294 -0.4471655488014221 0.892520010471344 0.4418034255504608 -0.9869146943092346 -0.10847126692533493 -0.11930276453495026 -0.5011457800865173 0.15016093850135803 -0.8878495097160339 -0.43494218587875366 -3.620136022567749
-0.058737512677907944 -0.44713613390922546 0.8925351500511169 0.4418315589427948 -0.9869217872619629 -0.1084386333823204 -0.11927402764558792 -0.5011054277420044 0.15011709928512573 -0.887868344783783 -0.43491891026496887 -3.6201374530792236
-0.05877993628382683 -0.4472191333770752 0.892490804195404 0.44189339876174927 -0.9869188666343689 -0.10841108113527298 -0.11932296305894852 -0.5011453032493591 0.15011948347091675 -0.8878298997879028 -0.4349965453147888 -3.620004415512085
-0.058761611580848694 -0.4471935033798218 0.8925048112869263 0.4419216513633728 -0.9869292378425598 -0.10836769640445709 -0.11927665770053864 -0.5011157989501953 0.15005852282047272 -0.8878480792045593 -0.43498045206069946 -3.620004415512085
-0.05881362408399582 -0.4472165107727051 0.8924899101257324 0.44191986322402954 -0.986926794052124 -0.10833819210529327 -0.11932401359081268 -0.5010927319526672 0.15005448460578918 -0.8878400921821594 -0.43499812483787537 -3.619978904724121
-0.058819208294153214 -0.4472089111804962 0.8924933075904846 0.4419260621070862 -0.9869244694709778 -0.10834848135709763 -0.11933381110429764 -0.5010817646980286 0.1500675082206726 -0.8878427147865295 -0.4349883794784546 -3.6199660301208496
-0.05875777080655098 -0.4471852481365204 0.8925092220306396 0.44191500544548035 -0.9869276881217957 -0.10838115960359573 -0.1192774623632431 -0.5010923147201538 0.15007038414478302 -0.8878505825996399 -0.4349712133407593 -3.619990348815918
-0.058700330555438995 -0.44715264439582825 0.8925293684005737 0.4419114291667938 -0.9869334101676941 -0.10839711874723434 -0.11921566724777222 -0.5010901093482971 0.15005528926849365 -0.8878650665283203 -0.43494686484336853 -3.6199886798858643
-0.05873694270849228 -0.4471683204174042 0.8925190567970276 0.4419349730014801 -0.986926257610321 -0.10840820521116257 -0.11926451325416565 -0.5010999441146851 0.15008778870105743 -0.8878558278083801 -0.43495452404022217 -3.620094060897827
-0.05869968235492706 -0.4470839202404022 0.8925638198852539 0.4418845772743225 -0.9869379997253418 -0.1083795502781868 -0.11919350177049637 -0.5011489987373352 0.15002523362636566 -0.8879018425941467 -0.43488219380378723 -3.6201231479644775
-0.05876077711582184 -0.4471580684185028 0.8925226330757141 0.44186145067214966 -0.9869276285171509 -0.10838255286216736 -0.11927638202905655 -0.5011425018310547 0.15006935596466064 -0.8878641128540039 -0.4349439740180969 -3.620147943496704
-0.058785244822502136 -0.4471075236797333 0.8925463557243347 0.4418579041957855 -0.9869385957717896 -0.10830508917570114 -0.11925604939460754 -0.5011367201805115 0.14998766779899597 -0.8878990411758423 -0.4349008798599243 -3.62016224861145
-0.05883296579122543 -0.44708871841430664 0.8925526142120361 0.44186529517173767 -0.9869338870048523 -0.10829785466194153 -0.11930175870656967 -0.5011517405509949 0.15000008046627045 -0.8879094123840332 -0.4348754584789276 -3.6200156211853027
-0.05879461392760277 -0.4470652937889099 0.8925669193267822 0.441872775554657 -0.9869367480278015 -0.10831442475318909 -0.11926309764385223 -0.5011295676231384 0.1499963402748108 -0.8879191875457764 -0.4348568022251129 -3.620014190673828
-0.05882950872182846 -0.4470553994178772 0.8925695419311523 0.44186902046203613 -0.986939013004303 -0.10827469825744629 -0.1192803755402565 -0.50111985206604 0.1499677151441574 -0.8879289627075195 -0.4348466098308563 -3.6198787689208984
-0.05884778872132301 -0.44702985882759094 0.8925811052322388 0.44190898537635803 -0.9869397878646851 -0.10825920104980469 -0.11928823590278625 -0.5010694265365601 0.1499556005001068 -0.8879437446594238 -0.43482068181037903 -3.619856595993042
-0.058810703456401825 -0.44698968529701233 0.8926036953926086 0.44187891483306885 -0.9869511127471924 -0.10822676122188568 -0.11922384053468704 -0.5011712312698364 0.14989551901817322 -0.8879679441452026 -0.43479201197624207 -3.6198365688323975
-0.05881227180361748 -0.4470488131046295 0.8925739526748657 0.4418775737285614 -0.9869433641433716 -0.10826361179351807 -0.11925466358661652 -0.5011265277862549 0.14994601905345917 -0.8879336714744568 -0.43484458327293396 -3.6198890209198
-0.058808159083127975 -0.44696927070617676 0.8926140666007996 0.44185250997543335 -0.9869523048400879 -0.1082243099808693 -0.11921601742506027 -0.5011395215988159 0.1498885154724121 -0.8879784941673279 -0.4347728192806244 -3.6198792457580566
-0.0588538721203804 -0.4470656216144562 0.8925628066062927 0.4418669044971466 -0.9869447350502014 -0.10822012275457382 -0.11928249895572662 -0.5011395812034607 0.14992043375968933 -0.8879305124282837 -0.43485984206199646 -3.6199514865875244
-0.05881268158555031 -0.44705310463905334 0.8925718069076538 0.4418855309486389 -0.9869518876075745 -0.10821198672056198 -0.11923063546419144 -0.5011190176010132 0.14988946914672852 -0.8879377841949463 -0.4348556399345398 -3.619952440261841
-0.0587550587952137 -0.44708487391471863 0.8925597071647644 0.44189488887786865 -0.9869522452354431 -0.10825134813785553 -0.11919212341308594 -0.5011495351791382 0.1499098688364029 -0.8879169821739197 -0.4348910450935364 -3.619955539703369
-0.05879759043455124 -0.447018027305603 0.892590343952179 0.44191843271255493 -0.9869591593742371 -0.10818558186292648 -0.11919446289539337 -0.5011301636695862 0.14984755218029022 -0.8879586458206177 -0.43482744693756104 -3.6199569702148438
-0.058827340602874756 -0.44713547825813293 0.8925295472145081 0.44196146726608276 -0.9869563579559326 -0.10816293954849243 -0.11923819035291672 -0.5011624693870544 0.14985431730747223 -0.8879022598266602 -0.4349402189254761 -3.6199395656585693
-0.05872415378689766 -0.44720521569252014 0.8925014138221741 0.44194838404655457 -0.9869462251663208 -0.1082952618598938 -0.11920193582773209 -0.5011661648750305 0.14996148645877838 -0.8878510594367981 -0.43500789999961853 -3.6200172901153564
-0.05866709351539612 -0.4472275674343109 0.8924939632415771 0.4419057071208954 -0.9869484901428223 -0.10832390189170837 -0.11915703862905502 -0.5011207461357117 0.14996881783008575 -0.8878362774848938 -0.43503546714782715 -3.6200711727142334
-0.05852965638041496 -0.44731611013412476 0.8924586176872253 0.44188711047172546 -0.9869591593742371 -0.10835780203342438 -0.11903820186853409 -0.5011242628097534 0.14995263516902924 -0.8877875208854675 -0.4351405203342438 -3.620088577270508
-0.05853930488228798 -0.447329044342041 0.8924515247344971 0.4418695569038391 -0.9869510531425476 -0.10839611291885376 -0.11907006800174713 -0.50110924243927 0.15000185370445251 -0.8877763748168945 -0.43514639139175415 -3.620053291320801
-0.05854121223092079 -0.44741323590278625 0.8924092054367065 0.4418641924858093 -0.9869443774223328 -0.10842300951480865 -0.11910109966993332 -0.5011172294616699 0.15004517138004303 -0.8877306580543518 -0.435224711894989 -3.620121955871582
-0.058508872985839844 -0.44740140438079834 0.8924172520637512 0.44186943769454956 -0.9869433641433716 -0.10845611244440079 -0.1190793514251709 -0.5011225342750549 0.15006445348262787 -0.8877325654029846 -0.4352141320705414 -3.620095729827881
-0.058495428413152695 -0.4473784863948822 0.8924295902252197 0.44189080595970154 -0.9869361519813538 -0.10851241648197174 -0.11908780038356781 -0.5011352300643921 0.15011708438396454 -0.8877372145652771 -0.4351864755153656 -3.6201534271240234
-0.05854633450508118 -0.4473978877067566 0.8924165368080139 0.4418768882751465 -0.9869194030761719 -0.10856866091489792 -0.11917530000209808 -0.5011211633682251 0.15020732581615448 -0.8877205848693848 -0.43518930673599243 -3.620103597640991
-0.05847601220011711 -0.44732460379600525 0.892457902431488 0.441869854927063 -0.9869296550750732 -0.1085735559463501 -0.11908621340990067 -0.5011110901832581 0.15016759932041168 -0.887756884098053 -0.4351288974285126 -3.620129346847534
-0.058522727340459824 -0.44736385345458984 0.8924351334571838 0.4418625235557556 -0.9869164228439331 -0.10860960930585861 -0.1191629022359848 -0.5011216402053833 0.15023629367351532 -0.8877326846122742 -0.4351545572280884 -3.620133876800537
-0.058524809777736664 -0.4473561644554138 0.8924388885498047 0.4418855905532837 -0.9869205951690674 -0.10858428478240967 -0.11915134638547897 -0.5011310577392578 0.1502079963684082 -0.8877397179603577 -0.4351500868797302 -3.6201040744781494
-0.0586269348859787 -0.4474327564239502 0.8923937678337097 0.44186902046203613 -0.9869076013565063 -0.10857009142637253 -0.1192716658115387 -0.5011345148086548 0.15025340020656586 -0.8877028226852417 -0.43520960211753845 -3.620076894760132
-0.05863068997859955 -0.44741523265838623 0.8924022912979126 0.44190746545791626 -0.9869118332862854 -0.1085447147488594 -0.11926009505987167 -0.5011038184165955 0.15022441744804382 -0.8877147436141968 -0.43519526720046997 -3.6200523376464844
-0.05874384939670563 -0.4475133419036865 0.892345666885376 0.44189926981925964 -0.986895740032196 -0.1085372120141983 -0.11939992755651474 -0.5011024475097656 0.15028585493564606 -0.8876662254333496 -0.43527305126190186 -3.620018482208252
-0.05883774906396866 -0.4475814998149872 0.892305314540863 0.44190508127212524 -0.9868887662887573 -0.10849504172801971 -0.11949586123228073 -0.5011006593704224 0.15029491484165192 -0.8876370191574097 -0.43532946705818176 -3.620061159133911
-0.05877057462930679 -0.4474790692329407 0.8923611044883728 0.4419023394584656 -0.9869034290313721 -0.1084749773144722 -0.11939255148172379 -0.5011466145515442 0.15022459626197815 -0.887691080570221 -0.4352434575557709 -3.620030641555786
-0.05878236144781113 -0.44750770926475525 0.8923459649085999 0.44189637899398804 -0.9869058728218079 -0.10844753682613373 -0.11939749121665955 -0.5011495351791382 0.15020409226417542 -0.8876800537109375 -0.43527311086654663 -3.6200060844421387
-0.05872004106640816 -0.4474497139453888 0.8923791646957397 0.4419058859348297 -0.9869136810302734 -0.10845831781625748 -0.1193230077624321 -0.5011709928512573 0.15017706155776978 -0.8877079486846924 -0.4352255165576935 -3.6199960708618164
-0.058728404343128204 -0.44745439291000366 0.8923762440681458 0.4418882131576538 -0.9869059324264526 -0.10849714279174805 -0.11935216188430786 -0.5011652112007141 0.15022499859333038 -0.8877008557319641 -0.43522346019744873 -3.61993670463562
-0.058670055121183395 -0.4474148750305176 0.8923999071121216 0.4419132471084595 -0.9869182109832764 -0.1084759458899498 -0.11926984786987305 -0.5011621117591858 0.15016710758209229 -0.8877233266830444 -0.43519753217697144 -3.6199114322662354
-0.05876605957746506 -0.4474962651729584 0.8923527598381042 0.4419592320919037 -0.986900269985199 -0.1084950789809227 -0.11940063536167145 -0.5011879801750183 0.15024730563163757 -0.8876799941062927 -0.43525829911231995 -3.619999647140503
-0.058782197535037994 -0.4474860429763794 0.892356812953949 0.4419761002063751 -0.986900806427002 -0.10848066210746765 -0.11940950155258179 -0.5011951327323914 0.15023761987686157 -0.8876869082450867 -0.435247540473938 -3.620004653930664
-0.0587712787091732 -0.44755464792251587 0.8923231363296509 0.4419333040714264 -0.9869064092636108 -0.1084468737244606 -0.11939369887113571 -0.501147985458374 0.15020494163036346 -0.8876564502716064 -0.4353209435939789 -3.6200389862060547
-0.05877213552594185 -0.4475392699241638 0.8923308253288269 0.4419398009777069 -0.9869084358215332 -0.10843618214130402 -0.11938652396202087 -0.5011488795280457 0.15019118785858154 -0.8876655101776123 -0.43530720472335815 -3.620046615600586
-0.05879027396440506 -0.44748160243034363 0.8923585414886475 0.44187986850738525 -0.9869000315666199 -0.10847925394773483 -0.11941691488027573 -0.5011317133903503 0.15023933351039886 -0.8876892924308777 -0.43524202704429626 -3.6200714111328125
-0.058749422430992126 -0.44744789600372314 0.8923781514167786 0.4418748915195465 -0.9869043231010437 -0.10849086940288544 -0.11937111616134644 -0.5011142492294312 0.15022730827331543 -0.8877049088478088 -0.43521440029144287 -3.620093822479248
-0.058761510998010635 -0.44744303822517395 0.8923797607421875 0.4418763816356659 -0.9869043827056885 -0.10848161578178406 -0.11937904357910156 -0.5011042952537537 0.15022219717502594 -0.8877084851264954 -0.43520888686180115 -3.620089530944824
-0.0587783008813858 -0.4473767876625061 0.8924118876457214 0.4418849050998688 -0.986911952495575 -0.10843232274055481 -0.11936105042695999 -0.5011586546897888 0.15016573667526245 -0.8877478837966919 -0.4351480007171631 -3.6200437545776367
-0.05872928723692894 -0.4473322331905365 0.8924374580383301 0.4419355094432831 -0.986923098564148 -0.10841118544340134 -0.11928815394639969 -0.5011555552482605 0.15011171996593475 -0.8877729177474976 -0.4351155459880829 -3.6199657917022705
-0.05879189446568489 -0.44729337096214294 0.8924527764320374 0.4419328272342682 -0.9869186282157898 -0.10839319974184036 -0.11934130638837814 -0.5011338591575623 0.1501164734363556 -0.8877946734428406 -0.4350694715976715 -3.6198978424072266
-0.05871003493666649 -0.4471765160560608 0.8925167322158813 0.4419199824333191 -0.9869279861450195 -0.10841831564903259 -0.11924124509096146 -0.5011531710624695 0.1500871181488037 -0.8878504633903503 -0.43496569991111755 -3.6199111938476562
-0.05870350822806358 -0.4472719132900238 0.8924693465232849 0.4419243633747101 -0.9869273900985718 -0.10841408371925354 -0.11924978345632553 -0.5011351108551025 0.15009340643882751 -0.8878029584884644 -0.4350605607032776 -3.619868755340576
-0.058722808957099915 -0.44733092188835144 0.892438530921936 0.4419041872024536 -0.986918568611145 -0.10844313353300095 -0.11929640173912048 -0.501121461391449 0.15014387667179108 -0.8877696394920349 -0.43511107563972473 -3.6198949813842773
-0.058762021362781525 -0.4472993016242981 0.892451822757721 0.4418875277042389 -0.9869212508201599 -0.10840051621198654 -0.11931296437978745 -0.501128077507019 0.15011091530323029 -0.8877907991409302 -0.43507930636405945 -3.6198761463165283
-0.058808185160160065 -0.4472750127315521 0.8924609422683716 0.44188326597213745 -0.9869164228439331 -0.10839585959911346 -0.11935719102621078 -0.5010914206504822 0.15012463927268982 -0.8878036141395569 -0.4350484311580658 -3.6198973655700684
-0.05883774906396866 -0.44725483655929565 0.8924691081047058 0.44189563393592834 -0.9869149327278137 -0.1083839163184166 -0.11938025802373886 -0.5010921955108643 0.1501227766275406 -0.8878152370452881 -0.4350253641605377 -3.619854688644409
-0.058841247111558914 -0.4472176134586334 0.8924875259399414 0.44188952445983887 -0.9869192838668823 -0.10836062580347061 -0.11936575919389725 -0.5010913610458374 0.15009304881095886 -0.8878368139266968 -0.4349915385246277 -3.6198372840881348
-0.0588572658598423 -0.4471298158168793 0.8925304412841797 0.4418846368789673 -0.9869149923324585 -0.10838505625724792 -0.11937902122735977 -0.5011362433433533 0.15011495351791382 -0.8878780603408813 -0.43489980697631836 -3.6198511123657227
-0.05886854976415634 -0.44713088870048523 0.8925291299819946 0.44188350439071655 -0.9869129657745361 -0.10838770866394043 -0.1193930059671402 -0.5011398196220398 0.15012356638908386 -0.8878771662712097 -0.43489861488342285 -3.6198456287384033
-0.05880867317318916 -0.4470554292201996 0.8925709128379822 0.4418507516384125 -0.9869316816329956 -0.1083347499370575 -0.11928675323724747 -0.5011345744132996 0.15002430975437164 -0.8879216313362122 -0.4348420798778534 -3.61979341506958
-0.05883369967341423 -0.44707736372947693 0.8925582766532898 0.441862553358078 -0.9869297742843628 -0.10832323879003525 -0.11931288242340088 -0.5011126399040222 0.15002697706222534 -0.8879120349884033 -0.43486085534095764 -3.619788646697998
-0.05886484682559967 -0.44705161452293396 0.8925691246986389 0.441891610622406 -0.9869188666343689 -0.10836664587259293 -0.11936376988887787 -0.5011067986488342 0.15008656680583954 -0.8879196643829346 -0.4348246455192566 -3.6198031902313232
-0.05884559080004692 -0.4470529854297638 0.8925697207450867 0.4418928027153015 -0.986922562122345 -0.10835951566696167 -0.11933925002813339 -0.5010847449302673 0.1500694751739502 -0.8879198431968689 -0.4348301589488983 -3.619807481765747
-0.05871856212615967 -0.44706490635871887 0.8925721049308777 0.4418823719024658 -0.98692786693573 -0.10842707008123398 -0.119234099984169 -0.5011115670204163 0.15008443593978882 -0.8879055976867676 -0.43485409021377563 -3.6198372840881348
-0.058749329298734665 -0.44702059030532837 0.8925922513008118 0.44188955426216125 -0.9869281649589539 -0.10840688645839691 -0.11924995481967926 -0.5011314153671265 0.1500704139471054 -0.8879303932189941 -0.43480831384658813 -3.6197993755340576
-0.05874403566122055 -0.4470329284667969 0.8925864100456238 0.4418889582157135 -0.9869306087493896 -0.10839487612247467 -0.11924052238464355 -0.5011330246925354 0.15005631744861603 -0.8879256248474121 -0.4348228871822357 -3.6197903156280518
-0.058663103729486465 -0.4469652771949768 0.892625629901886 0.4418218433856964 -0.9869444370269775 -0.10838602483272552 -0.11913406103849411 -0.5011613368988037 0.14999701082706451 -0.8879607915878296 -0.4347715675830841 -3.6197803020477295
-0.05864313244819641 -0.44696044921875 0.8926293849945068 0.44181016087532043 -0.9869454503059387 -0.10839653760194778 -0.11911622434854507 -0.5011665225028992 0.1499982476234436 -0.8879619240760803 -0.43476882576942444 -3.6197714805603027
-0.058618299663066864 -0.44688981771469116 0.8926663398742676 0.4418197274208069 -0.9869600534439087 -0.10833904892206192 -0.11904744058847427 -0.5011780261993408 0.1499117910861969 -0.88800448179245 -0.4347117245197296 -3.6197519302368164
-0.058631204068660736 -0.44689351320266724 0.8926636576652527 0.441810667514801 -0.9869562387466431 -0.10835117846727371 -0.11906833946704865 -0.5011845827102661 0.1499321162700653 -0.8880011439323425 -0.4347115159034729 -3.6197400093078613
-0.05874975025653839 -0.44695648550987244 0.8926243185997009 0.4419066309928894 -0.986935555934906 -0.1083715632557869 -0.11922114342451096 -0.5011938214302063 0.15002183616161346 -0.8879669904708862 -0.43475037813186646 -3.6199071407318115
-0.058699578046798706 -0.44691991806030273 0.8926459550857544 0.4418916702270508 -0.9869413375854492 -0.10838188230991364 -0.1191638931632042 -0.501169741153717 0.15000344812870026 -0.8879840970039368 -0.4347217082977295 -3.6199676990509033
-0.058762166649103165 -0.447060763835907 0.8925712704658508 0.4418882727622986 -0.9869365692138672 -0.1083417534828186 -0.11923975497484207 -0.5011530518531799 0.15001022815704346 -0.8879181146621704 -0.4348541796207428 -3.6199207305908203
-0.058703240007162094 -0.4469549357891083 0.8926281929016113 0.44185420870780945 -0.9869487881660461 -0.10833006352186203 -0.1191491112112999 -0.5011581778526306 0.14995282888412476 -0.8879728317260742 -0.43476226925849915 -3.6199593544006348
-0.058682747185230255 -0.4470241665840149 0.8925948739051819 0.44182777404785156 -0.9869562387466431 -0.10829277336597443 -0.11912111937999725 -0.5011011958122253 0.14991167187690735 -0.8879424929618835 -0.43483832478523254 -3.6198556423187256
-0.058630283921957016 -0.4470129609107971 0.8926039338111877 0.4419004023075104 -0.9869646430015564 -0.10828617215156555 -0.1190577894449234 -0.501084566116333 0.14987711608409882 -0.8879489898681641 -0.43483707308769226 -3.6197969913482666
-0.05862245336174965 -0.4469687342643738 0.8926265835762024 0.44192224740982056 -0.986971378326416 -0.10825840383768082 -0.1190272718667984 -0.5010755658149719 0.14983586966991425 -0.8879746198654175 -0.4347988963127136 -3.6198008060455322
-0.0585792139172554 -0.4470402002334595 0.8925936222076416 0.44190651178359985 -0.9869862198829651 -0.10819489508867264 -0.11896169930696487 -0.5010826587677002 0.1497548222541809 -0.887946367263794 -0.4348844885826111 -3.619826078414917
-0.058526623994112015 -0.44697460532188416 0.8926299214363098 0.44187045097351074 -0.9869928359985352 -0.10820596665143967 -0.1188967376947403 -0.5010984539985657 0.14973178505897522 -0.8879780173301697 -0.4348277449607849 -3.619873046875
-0.058606959879398346 -0.4470767378807068 0.8925734758377075 0.44189244508743286 -0.9869860410690308 -0.10816933214664459 -0.11898667365312576 -0.5010981559753418 0.14974533021450043 -0.8879311084747314 -0.43491896986961365 -3.619935989379883
-0.05861219763755798 -0.4470609724521637 0.892581045627594 0.4419117867946625 -0.986984133720398 -0.1081785038113594 -0.11899401247501373 -0.5010520219802856 0.14975573122501373 -0.8879379034042358 -0.4349014461040497 -3.6199452877044678
-0.05860483646392822 -0.447100967168808 0.8925614953041077 0.4419013559818268 -0.9869813919067383 -0.10819528251886368 -0.11900155246257782 -0.5010466575622559 0.14977672696113586 -0.8879157304763794 -0.43493950366973877 -3.6199262142181396
-0.05863199755549431 -0.4471001625061035 0.8925601243972778 0.44191133975982666 -0.986983060836792 -0.10816381871700287 -0.11901602149009705 -0.5010213851928711 0.1497548669576645 -0.8879199624061584 -0.43493837118148804 -3.6199162006378174
-0.05866291746497154 -0.4470639228820801 0.8925762176513672 0.4419006109237671 -0.9869821667671204 -0.10814976692199707 -0.11903657019138336 -0.5010297894477844 0.14974895119667053 -0.8879399299621582 -0.4348996877670288 -3.61991024017334
-0.05865698680281639 -0.44698652625083923 0.8926153779029846 0.4418802261352539 -0.986990749835968 -0.1081136018037796 -0.11899787187576294 -0.5010648965835571 0.14969438314437866 -0.8879833221435547 -0.4348298907279968 -3.619901180267334
-0.05864037945866585 -0.4469815194606781 0.8926190137863159 0.4418755769729614 -0.9869815111160278 -0.10818237066268921 -0.119012251496315 -0.5010728240013123 0.14976198971271515 -0.8879774212837219 -0.4348185956478119 -3.6199023723602295
-0.05868513882160187 -0.44700494408607483 0.8926043510437012 0.44184112548828125 -0.986966609954834 -0.10823222249746323 -0.11909051984548569 -0.5010889172554016 0.14984267950057983 -0.8879595994949341 -0.4348272681236267 -3.619870901107788
-0.05862417072057724 -0.4469434916973114 0.8926391005516052 0.4418398439884186 -0.9869776368141174 -0.10822320729494095 -0.11900722980499268 -0.5010951161384583 0.1497938483953476 -0.8879916071891785 -0.4347786605358124 -3.619839668273926
-0.05872573330998421 -0.4469650387763977 0.892621636390686 0.44185301661491394 -0.986962616443634 -0.10822901129722595 -0.11912639439105988 -0.501090407371521 0.1498529613018036 -0.887980043888092 -0.43478190898895264 -3.6198527812957764
-0.05866735801100731 -0.44691258668899536 0.8926517367362976 0.4418374300003052 -0.986975908279419 -0.10820328444242477 -0.11903946846723557 -0.5011135935783386 0.14978817105293274 -0.8880096077919006 -0.4347439110279083 -3.6198363304138184
-0.05873972922563553 -0.4469856917858124 0.8926103711128235 0.44184306263923645 -0.9869605898857117 -0.10822724550962448 -0.11914484947919846 -0.501106321811676 0.14986087381839752 -0.8879698514938354 -0.4347999691963196 -3.6198601722717285
-0.05868490785360336 -0.446900337934494 0.8926567435264587 0.44186294078826904 -0.9869694113731384 -0.10822971910238266 -0.11906953155994415 -0.5011142492294312 0.14982427656650543 -0.8880125284194946 -0.43472546339035034 -3.6198418140411377
-0.05877833813428879 -0.4468814432621002 0.8926600217819214 0.4418865740299225 -0.9869623780250549 -0.10820011049509048 -0.11915481090545654 -0.5011060833930969 0.1498340666294098 -0.8880256414413452 -0.4346952736377716 -3.6198513507843018
-0.058722123503685 -0.44691479206085205 0.8926470279693604 0.44190117716789246 -0.9869635105133057 -0.10823342204093933 -0.1191151887178421 -0.5010932087898254 0.14984865486621857 -0.8880047798156738 -0.4347328543663025 -3.619847297668457
-0.058695580810308456 -0.44690409302711487 0.8926541209220886 0.4419008195400238 -0.9869500994682312 -0.10833528637886047 -0.11913371086120605 -0.5011088848114014 0.1499473601579666 -0.8879977464675903 -0.4347131848335266 -3.619872570037842
-0.05862828344106674 -0.44688624143600464 0.8926674723625183 0.4418570399284363 -0.9869630932807922 -0.10831383615732193 -0.11904546618461609 -0.5011438727378845 0.14988809823989868 -0.8880093693733215 -0.43470990657806396 -3.6199283599853516
-0.05866048485040665 -0.4468774199485779 0.8926697969436646 0.44185152649879456 -0.9869590997695923 -0.10831329226493835 -0.11907915771007538 -0.5011491775512695 0.1499018669128418 -0.8880138993263245 -0.4346959590911865 -3.619934320449829
-0.05866305157542229 -0.44685623049736023 0.8926802277565002 0.4418603777885437 -0.9869614839553833 -0.10830000042915344 -0.11907154321670532 -0.5011507868766785 0.14988520741462708 -0.8880261778831482 -0.4346766173839569 -3.6198904514312744
-0.058659665286540985 -0.44683754444122314 0.8926898241043091 0.441852867603302 -0.9869620203971863 -0.10830185562372208 -0.11906521767377853 -0.5011560320854187 0.14988285303115845 -0.8880353569984436 -0.4346586763858795 -3.6198978424072266
-0.05859692394733429 -0.44682595133781433 0.8926997184753418 0.4418337941169739 -0.9869638681411743 -0.10834195464849472 -0.11901331692934036 -0.5011687874794006 0.14989514648914337 -0.8880362510681152 -0.43465253710746765 -3.619903326034546
-0.05857735127210617 -0.44678038358688354 0.892723798751831 0.44180116057395935 -0.9869672060012817 -0.10834372043609619 -0.11898403614759445 -0.5011947154998779 0.14988082647323608 -0.8880589604377747 -0.434611052274704 -3.619917392730713
-0.05867764726281166 -0.4469011127948761 0.8926568031311035 0.4418315887451172 -0.9869492650032043 -0.10835468769073486 -0.11912281811237335 -0.5011643767356873 0.1499597430229187 -0.8879969120025635 -0.43471068143844604 -3.620012044906616
-0.058671433478593826 -0.4468732178211212 0.8926711678504944 0.4418700933456421 -0.9869531989097595 -0.10833998024463654 -0.11910354346036911 -0.501200795173645 0.149936243891716 -0.888012707233429 -0.43468645215034485 -3.6199676990509033
-0.05872857943177223 -0.4468754529953003 0.8926662802696228 0.4418773055076599 -0.9869483113288879 -0.10832345485687256 -0.11915905028581619 -0.5011715888977051 0.14994603395462036 -0.8880136013031006 -0.434681236743927 -3.619924545288086
-0.05872238427400589 -0.4468487501144409 0.8926800489425659 0.4419064521789551 -0.9869489669799805 -0.10832806676626205 -0.11914947628974915 -0.5011394619941711 0.14994417130947113 -0.8880264759063721 -0.4346555769443512 -3.619950532913208
-0.05868029594421387 -0.4468444883823395 0.8926849961280823 0.4419136941432953 -0.9869502186775208 -0.10835444927215576 -0.11911506205797195 -0.5011402368545532 0.14995238184928894 -0.8880254030227661 -0.43465495109558105 -3.6199588775634766
-0.0586886927485466 -0.4468417465686798 0.8926858305931091 0.4418974816799164 -0.9869436621665955 -0.10838715732097626 -0.11913984268903732 -0.5010800957679749 0.14999240636825562 -0.8880228400230408 -0.43464645743370056 -3.6199135780334473
-0.058622121810913086 -0.4467511773109436 0.892735481262207 0.4418833553791046 -0.9869606494903564 -0.1083509773015976 -0.1190316304564476 -0.5010867714881897 0.14990636706352234 -0.8880727887153625 -0.43457403779029846 -3.619926929473877
-0.05866996943950653 -0.4468226730823517 0.8926965594291687 0.4418981373310089 -0.9869540333747864 -0.10834294557571411 -0.11909393966197968 -0.5010846853256226 0.14993132650852203 -0.8880378007888794 -0.4346369206905365 -3.619946241378784
-0.05861750990152359 -0.44678056240081787 0.8927211165428162 0.4418860375881195 -0.9869589805603027 -0.1083606481552124 -0.11903674900531769 -0.5011134147644043 0.14991922676563263 -0.8880568146705627 -0.4346022307872772 -3.619950771331787
-0.058687373995780945 -0.44688376784324646 0.8926648497581482 0.4418642222881317 -0.986932098865509 -0.10845089703798294 -0.1191774383187294 -0.5011427998542786 0.15006884932518005 -0.8879938721656799 -0.43467918038368225 -3.6199822425842285
-0.05864464491605759 -0.44682595133781433 0.8926966190338135 0.44184255599975586 -0.9869381189346313 -0.10845685005187988 -0.11912230402231216 -0.5011467337608337 0.15004608035087585 -0.888022243976593 -0.43462908267974854 -3.6200125217437744
-0.058680448681116104 -0.4469048082828522 0.8926547765731812 0.4418328106403351 -0.9869404435157776 -0.10840422660112381 -0.11915085464715958 -0.5011399388313293 0.15001671016216278 -0.8879889845848083 -0.4347071647644043 -3.619985818862915
-0.05868133530020714 -0.44686880707740784 0.8926727175712585 0.4418337941169739 -0.9869579076766968 -0.1083049550652504 -0.11909651756286621 -0.5011552572250366 0.14990147948265076 -0.8880192041397095 -0.4346851408481598 -3.6199569702148438
-0.05870988219976425 -0.4468995928764343 0.8926554322242737 0.4418274164199829 -0.9869568347930908 -0.10828465968370438 -0.11912389099597931 -0.5011107325553894 0.14989738166332245 -0.8880062103271484 -0.4347131550312042 -3.619927167892456
-0.058717045933008194 -0.4468364119529724 0.8926866054534912 0.44191160798072815 -0.9869627356529236 -0.10825251787900925 -0.1191042959690094 -0.5010828375816345 0.14985579252243042 -0.8880419135093689 -0.43465456366539 -3.619840383529663
-0.058789368718862534 -0.44693949818611145 0.8926302194595337 0.44191405177116394 -0.9869549870491028 -0.10822734981775284 -0.11919117718935013 -0.501084566116333 0.14987832307815552 -0.8879930973052979 -0.43474647402763367 -3.6198015213012695
-0.05876161530613899 -0.44685664772987366 0.8926735520362854 0.4418914020061493 -0.9869570732116699 -0.10824784636497498 -0.11915505677461624 -0.5010944604873657 0.14987529814243317 -0.8880323171615601 -0.4346674680709839 -3.619809150695801
-0.05874716117978096 -0.44678157567977905 0.8927120566368103 0.4418379068374634 -0.9869644045829773 -0.10822592675685883 -0.11911434680223465 -0.5011123418807983 0.14983277022838593 -0.8880727291107178 -0.43459948897361755 -3.61985445022583
-0.05874974653124809 -0.4468197226524353 0.8926928043365479 0.4418683648109436 -0.986964762210846 -0.10821665823459625 -0.11911977827548981 -0.5011395215988159 0.14982937276363373 -0.8880546689033508 -0.43463754653930664 -3.6199285984039307
-0.058740634471178055 -0.4468539357185364 0.8926762938499451 0.44190189242362976 -0.9869713187217712 -0.1081804484128952 -0.11909836530685425 -0.5011181235313416 0.14978976547718048 -0.8880419135093689 -0.434677392244339 -3.619929075241089
-0.05878046900033951 -0.4469726085662842 0.8926142454147339 0.44187894463539124 -0.986962080001831 -0.10818779468536377 -0.11916813999414444 -0.5011346340179443 0.14983494579792023 -0.8879812359809875 -0.4347856342792511 -3.619917392730713
-0.05875386670231819 -0.44691404700279236 0.8926452994346619 0.44194525480270386 -0.9869682192802429 -0.10818043351173401 -0.11912419646978378 -0.5011473894119263 0.14980511367321014 -0.888011634349823 -0.43473386764526367 -3.619852304458618
-0.058796294033527374 -0.4469216763973236 0.8926386833190918 0.4419490396976471 -0.9869680404663086 -0.1081470400094986 -0.11915618926286697 -0.5011299848556519 0.14978979527950287 -0.8880118727684021 -0.4347386956214905 -3.619813919067383
-0.058815401047468185 -0.4469358026981354 0.8926303386688232 0.4419552981853485 -0.9869675636291504 -0.1081327348947525 -0.11917294561862946 -0.5010741353034973 0.14978529512882233 -0.8880065083503723 -0.4347512125968933 -3.619795560836792
-0.05871462821960449 -0.44696328043937683 0.892623245716095 0.4419679641723633 -0.9869612455368042 -0.10824611037969589 -0.11912215501070023 -0.5011027455329895 0.14986629784107208 -0.8879788517951965 -0.4347797632217407 -3.6197597980499268
