# 3x4 first row second row third row Freq: 100 current Time: 2021-04-07-14:42:25
0.1221722736954689 -0.571694016456604 0.8113197684288025 0.22765982151031494 -0.9666479229927063 -0.2539258301258087 -0.03336590901017189 -0.6129315495491028 0.22509022057056427 -0.7801842093467712 -0.5836494565010071 -3.497798442840576
0.12228081375360489 -0.5717272162437439 0.8112800121307373 0.22764457762241364 -0.9666399955749512 -0.25396743416786194 -0.03327910229563713 -0.6129136681556702 0.22506535053253174 -0.7801463603973389 -0.5837096571922302 -3.497753143310547
0.12229370325803757 -0.5717149376869202 0.8112866878509521 0.22763532400131226 -0.9666382670402527 -0.2539757192134857 -0.03326573595404625 -0.612903356552124 0.2250657081604004 -0.7801526784896851 -0.5837011337280273 -3.4977149963378906
0.12229542434215546 -0.571732759475708 0.8112739324569702 0.22764231264591217 -0.9666448831558228 -0.2539522647857666 -0.03325225040316582 -0.6128976941108704 0.22503630816936493 -0.7801472544670105 -0.5837196707725525 -3.4976677894592285
0.12236016243696213 -0.5717653036117554 0.8112412095069885 0.22764864563941956 -0.9666364789009094 -0.25398939847946167 -0.033214084804058075 -0.6128880977630615 0.22503739595413208 -0.7801113128662109 -0.583767294883728 -3.4976043701171875
0.12236054986715317 -0.571759819984436 0.8112450242042542 0.22764521837234497 -0.9666370749473572 -0.2539876103401184 -0.03321040794253349 -0.6128766536712646 0.22503463923931122 -0.7801159024238586 -0.5837622284889221 -3.497558116912842
0.1224692314863205 -0.5718128085136414 0.8111912608146667 0.22765526175498962 -0.9666357636451721 -0.25400522351264954 -0.033112313598394394 -0.6128599643707275 0.22498095035552979 -0.7800713181495667 -0.5838425159454346 -3.4975037574768066
0.12246417999267578 -0.5717571973800659 0.811231255531311 0.22770200669765472 -0.9665897488594055 -0.25416630506515503 -0.03321975842118263 -0.6129915714263916 0.22518137097358704 -0.7800596356391907 -0.583780825138092 -3.498056173324585
0.1225457489490509 -0.5718012452125549 0.8111878633499146 0.22768543660640717 -0.9665882587432861 -0.25418123602867126 -0.03314889222383499 -0.6129835247993469 0.22514338791370392 -0.7800224423408508 -0.5838451385498047 -3.4980661869049072
0.12257450819015503 -0.5718072652816772 0.8111792802810669 0.2276761680841446 -0.9665886163711548 -0.25418373942375183 -0.03311855345964432 -0.6129706501960754 0.22512608766555786 -0.7800172567367554 -0.5838587880134583 -3.498014211654663
0.12270209193229675 -0.571802020072937 0.8111637234687805 0.22764983773231506 -0.9665740132331848 -0.25425276160240173 -0.0330163948237896 -0.6129724383354187 0.22511953115463257 -0.7799986004829407 -0.5838862061500549 -3.4979898929595947
0.1227588877081871 -0.5717954039573669 0.8111597895622253 0.22765085101127625 -0.9665554761886597 -0.2543252110481262 -0.03300068899989128 -0.6129899621009827 0.2251681089401245 -0.7799798250198364 -0.5838925838470459 -3.498037338256836
0.12273651361465454 -0.5718230605125427 0.8111436367034912 0.22765730321407318 -0.9665629863739014 -0.25429487228393555 -0.03301413729786873 -0.6129997968673706 0.22514799237251282 -0.7799694538116455 -0.5839142203330994 -3.498011589050293
0.12276659160852432 -0.5718368291854858 0.8111293911933899 0.22769080102443695 -0.9665568470954895 -0.25431984663009644 -0.03300173580646515 -0.6129948496818542 0.2251579910516739 -0.7799512147903442 -0.5839347243309021 -3.4980645179748535
0.12271024286746979 -0.5718461275100708 0.8111313581466675 0.22768518328666687 -0.9665430188179016 -0.25435930490493774 -0.0331016443669796 -0.6130114793777466 0.22524793446063995 -0.7799314856529236 -0.5839263796806335 -3.498098134994507
0.12271632999181747 -0.5717803835868835 0.8111767768859863 0.2276986837387085 -0.9665476083755493 -0.2543470561504364 -0.033062584698200226 -0.6129642128944397 0.225225031375885 -0.7799836993217468 -0.5838654637336731 -3.498142957687378
0.12267567962408066 -0.5718501210212708 0.8111337423324585 0.22766248881816864 -0.9665502309799194 -0.25432929396629333 -0.033121734857559204 -0.6129581928253174 0.22523581981658936 -0.7799383401870728 -0.5839219093322754 -3.4981186389923096
0.1227310299873352 -0.5718068480491638 0.8111559152603149 0.22768649458885193 -0.9665561318397522 -0.25431856513023376 -0.03303283080458641 -0.6129297018051147 0.2251804769039154 -0.7799736261367798 -0.5838961005210876 -3.4981272220611572
0.12267173081636429 -0.5718292593955994 0.8111490607261658 0.22767038643360138 -0.9665527939796448 -0.25432083010673523 -0.03311290591955185 -0.6129510998725891 0.22522710263729095 -0.7799564003944397 -0.5839011073112488 -3.4981441497802734
0.12261413037776947 -0.5717970728874207 0.8111804723739624 0.22769714891910553 -0.9665743112564087 -0.25423941016197205 -0.03310953825712204 -0.6129426956176758 0.22516606748104095 -0.7800065279006958 -0.5838576555252075 -3.4981205463409424
0.12258423864841461 -0.5718209147453308 0.8111681938171387 0.22765643894672394 -0.9665812253952026 -0.25421029329299927 -0.033131539821624756 -0.6129263639450073 0.22515268623828888 -0.7799986004829407 -0.5838735103607178 -3.498056411743164
0.12247207760810852 -0.5718209147453308 0.8111851215362549 0.22766855359077454 -0.966611921787262 -0.2540881037712097 -0.03317372873425484 -0.6129578351974487 0.22508199512958527 -0.7800384163856506 -0.5838475823402405 -3.4979705810546875
0.12238232046365738 -0.5718145370483398 0.8112031817436218 0.22766822576522827 -0.9666080474853516 -0.25408902764320374 -0.0332791805267334 -0.6129685640335083 0.22514742612838745 -0.7800427675247192 -0.5838164687156677 -3.4979896545410156
0.12243323028087616 -0.5718547701835632 0.8111671209335327 0.22770154476165771 -0.9666157960891724 -0.25406765937805176 -0.03321635350584984 -0.6129578351974487 0.22508633136749268 -0.7800202369689941 -0.5838701128959656 -3.4979310035705566
0.1224227175116539 -0.5718309283256531 0.8111855387687683 0.22771064937114716 -0.9666110277175903 -0.25408369302749634 -0.03323269262909889 -0.6129797697067261 0.22511257231235504 -0.7800325155258179 -0.5838436484336853 -3.497962236404419
0.12243788689374924 -0.571851909160614 0.8111684322357178 0.22767950594425201 -0.9666076898574829 -0.2540965974330902 -0.03323149308562279 -0.6129637360572815 0.2251187115907669 -0.7800129055976868 -0.5838674306869507 -3.497954845428467
0.12243570387363434 -0.5718472599983215 0.8111720085144043 0.22770634293556213 -0.9665952324867249 -0.25413957238197327 -0.03326467424631119 -0.6129520535469055 0.22517330944538116 -0.7800022959709167 -0.5838605761528015 -3.4979751110076904
0.12238099426031113 -0.5718536972999573 0.8111757636070251 0.22768525779247284 -0.9666072726249695 -0.2540898621082306 -0.033294860273599625 -0.6129499673843384 0.2251514047384262 -0.7800137996673584 -0.5838536620140076 -3.4979703426361084
0.12233438342809677 -0.5717832446098328 0.8112324476242065 0.2277323454618454 -0.9666164517402649 -0.25405439734458923 -0.03329962119460106 -0.6129705309867859 0.22513742744922638 -0.7800769805908203 -0.5837745666503906 -3.498079776763916
0.12230022996664047 -0.5717357397079468 0.811271071434021 0.2277417927980423 -0.9666051268577576 -0.25409072637557983 -0.033351171761751175 -0.6129797101020813 0.22520458698272705 -0.7800999283790588 -0.5837180018424988 -3.4980945587158203
0.1221947968006134 -0.5717048645019531 0.811308741569519 0.22771553695201874 -0.9666226506233215 -0.25401610136032104 -0.03341032937169075 -0.6129847764968872 0.22518640756607056 -0.7801468968391418 -0.5836622714996338 -3.4981064796447754
0.12221817672252655 -0.5716821551322937 0.8113211989402771 0.227741077542305 -0.9666056036949158 -0.25407958030700684 -0.03342216834425926 -0.6130207180976868 0.2252470850944519 -0.7801428437232971 -0.5836442708969116 -3.4981956481933594
0.12228062003850937 -0.5717647075653076 0.8112536072731018 0.22773852944374084 -0.9666101932525635 -0.25406908988952637 -0.03336828574538231 -0.6130111217498779 0.2251933515071869 -0.7800858020782471 -0.5837412476539612 -3.4982311725616455
0.12227775156497955 -0.5717334151268005 0.8112760782241821 0.2277391105890274 -0.9666046500205994 -0.2540891170501709 -0.033375952392816544 -0.6130027770996094 0.22521865367889404 -0.7801021933555603 -0.5837095975875854 -3.4981932640075684
0.12238287180662155 -0.5718180537223816 0.8112006187438965 0.22772850096225739 -0.9666150808334351 -0.2540644407272339 -0.033261336386203766 -0.6129886507987976 0.22511674463748932 -0.7800481915473938 -0.5838210582733154 -3.498249053955078
0.12239786982536316 -0.5717674493789673 0.8112339973449707 0.22771434485912323 -0.9666004180908203 -0.2541196346282959 -0.03326736390590668 -0.6130020618438721 0.225171759724617 -0.7800673246383667 -0.5837742686271667 -3.498260736465454
0.12240611761808395 -0.5717759132385254 0.8112267851829529 0.22773504257202148 -0.9666141271591187 -0.2540728747844696 -0.03322547674179077 -0.6130065321922302 0.225108340382576 -0.7800763249397278 -0.5837867259979248 -3.498260974884033
0.12243151664733887 -0.5717340707778931 0.8112524747848511 0.22773262858390808 -0.9666061401367188 -0.25410589575767517 -0.033205512911081314 -0.612995982170105 0.22512882947921753 -0.7800962328910828 -0.5837521553039551 -3.498220443725586
0.12245816737413406 -0.5716770887374878 0.811288595199585 0.22775430977344513 -0.9666047096252441 -0.25411689281463623 -0.03316240385174751 -0.6129817366600037 0.22512038052082062 -0.7801344394683838 -0.58370441198349 -3.4981846809387207
0.12245099246501923 -0.571652889251709 0.8113067150115967 0.22775696218013763 -0.9666043519973755 -0.2541181743144989 -0.03316359594464302 -0.612985372543335 0.22512592375278473 -0.7801517248153687 -0.5836791396141052 -3.498188018798828
0.12244448810815811 -0.5716710686683655 0.8112949132919312 0.22777463495731354 -0.9666113257408142 -0.2540923058986664 -0.03315824270248413 -0.6129704117774963 0.22509948909282684 -0.7801468372344971 -0.5836958885192871 -3.4981937408447266
0.12244068831205368 -0.5716395974159241 0.8113176226615906 0.22777807712554932 -0.9666084051132202 -0.2541031539440155 -0.03316006436944008 -0.6129454970359802 0.22511404752731323 -0.7801663279533386 -0.5836641788482666 -3.4981443881988525
0.12243186682462692 -0.5715967416763306 0.8113491535186768 0.22770601511001587 -0.9666288495063782 -0.2540327310562134 -0.033103156834840775 -0.6129583120346069 0.22503098845481873 -0.7802206873893738 -0.5836235880851746 -3.498157262802124
0.12244054675102234 -0.5715634226799011 0.8113713264465332 0.2276897132396698 -0.9666270017623901 -0.2540417015552521 -0.0330880805850029 -0.6129899621009827 0.22503416240215302 -0.7802421450614929 -0.5835936665534973 -3.4981634616851807
0.12242460250854492 -0.5715001225471497 0.8114182949066162 0.22770395874977112 -0.966618001461029 -0.25407323241233826 -0.033108897507190704 -0.6129818558692932 0.22508148849010468 -0.7802782654762268 -0.5835270881652832 -3.4981555938720703
0.12244180589914322 -0.5715052485466003 0.8114120960235596 0.22770939767360687 -0.9666298031806946 -0.25403472781181335 -0.03306137025356293 -0.6129826903343201 0.22502167522907257 -0.7802870869636536 -0.5835384130477905 -3.4981448650360107
0.12246313691139221 -0.5714901685714722 0.8114194869995117 0.2276843786239624 -0.9666253924369812 -0.2540534436702728 -0.033044781535863876 -0.6129767894744873 0.22502876818180084 -0.7802920341491699 -0.5835290551185608 -3.4980885982513428
0.12260045856237411 -0.5715672969818115 0.8113444447517395 0.2276793122291565 -0.9666182994842529 -0.2540943920612335 -0.03293829411268234 -0.6129692196846008 0.22498460114002228 -0.7802222371101379 -0.5836394429206848 -3.498084545135498
0.12256935238838196 -0.5715935230255127 0.8113306760787964 0.22766172885894775 -0.9666223526000977 -0.25407490134239197 -0.03296978771686554 -0.6129781603813171 0.22498415410518646 -0.7802093625068665 -0.5836568474769592 -3.4980621337890625
0.12253633141517639 -0.5715920329093933 0.8113366961479187 0.22766250371932983 -0.9666428565979004 -0.2539992332458496 -0.032952021807432175 -0.6130008697509766 0.22491410374641418 -0.7802350521087646 -0.5836493968963623 -3.4980151653289795
0.12250112742185593 -0.571593165397644 0.8113412261009216 0.2276730239391327 -0.9666418433189392 -0.2539976239204407 -0.03299315273761749 -0.613028883934021 0.22493746876716614 -0.7802347540855408 -0.5836408734321594 -3.4980740547180176
0.12256202101707458 -0.571610152721405 0.8113200664520264 0.22770147025585175 -0.9666244387626648 -0.25406596064567566 -0.03297755867242813 -0.612956166267395 0.2249792069196701 -0.7802000641822815 -0.5836710929870605 -3.498020887374878
0.12267635762691498 -0.5716277956962585 0.8112903237342834 0.2276657372713089 -0.9666173458099365 -0.25410598516464233 -0.03287733346223831 -0.6129294633865356 0.22494739294052124 -0.7801740765571594 -0.5837181210517883 -3.497962236404419
0.1227087527513504 -0.5716520547866821 0.8112683296203613 0.2276691496372223 -0.9666244387626648 -0.2540847957134247 -0.03283122926950455 -0.6129434704780579 0.2248990833759308 -0.7801632285118103 -0.5837512612342834 -3.4978957176208496
0.12268775701522827 -0.5716543197631836 0.8112699389457703 0.22767110168933868 -0.9666269421577454 -0.2540731132030487 -0.03284826874732971 -0.6129322648048401 0.22489981353282928 -0.7801653742790222 -0.5837481021881104 -3.4978606700897217
0.1227058693766594 -0.5717289447784424 0.8112146258354187 0.22766868770122528 -0.966632604598999 -0.25405290722846985 -0.03283720463514328 -0.6129509210586548 0.22486549615859985 -0.7801172733306885 -0.5838255882263184 -3.497788906097412
0.1226789727807045 -0.5717148780822754 0.8112286329269409 0.2277180552482605 -0.9666157960891724 -0.25410813093185425 -0.03290574997663498 -0.6129791140556335 0.2249525785446167 -0.7801095843315125 -0.5838022828102112 -3.4978890419006348
0.1226142942905426 -0.5716508626937866 0.8112834692001343 0.22771668434143066 -0.9666303992271423 -0.25405097007751465 -0.0329180508852005 -0.6129733920097351 0.22492507100105286 -0.7801750898361206 -0.5837253332138062 -3.497868061065674
0.12261185795068741 -0.5717332363128662 0.8112258315086365 0.22771786153316498 -0.9666023254394531 -0.25414466857910156 -0.03301936015486717 -0.6129521727561951 0.2250470668077469 -0.7800842523574829 -0.5837997794151306 -3.4978692531585693
0.12262161821126938 -0.5717502236366272 0.8112123608589172 0.22771726548671722 -0.9666025638580322 -0.25414443016052246 -0.03301338851451874 -0.6129518151283264 0.22504058480262756 -0.7800718545913696 -0.583818793296814 -3.497852087020874
0.12251119315624237 -0.571760356426239 0.8112218976020813 0.22768576443195343 -0.9666016697883606 -0.25413158535957336 -0.03313884884119034 -0.6129417419433594 0.2251046746969223 -0.7800686359405518 -0.5837984681129456 -3.497966766357422
0.12249495834112167 -0.5717180371284485 0.8112542033195496 0.2276669293642044 -0.9666120409965515 -0.2540949583053589 -0.033116213977336884 -0.6129729747772217 0.2250688076019287 -0.78011155128479 -0.58375483751297 -3.497934103012085
0.12244850397109985 -0.5717315077781677 0.811251699924469 0.2276601493358612 -0.966612696647644 -0.2540857195854187 -0.03316931426525116 -0.6129841804504395 0.22509148716926575 -0.7801046967506409 -0.5837553143501282 -3.497952461242676
0.1225200966000557 -0.5717230439186096 0.8112468123435974 0.22765547037124634 -0.966618001461029 -0.2540777623653412 -0.033075131475925446 -0.6129568219184875 0.22502966225147247 -0.7801134586334229 -0.5837674140930176 -3.4979331493377686
0.122482530772686 -0.5717437863349915 0.8112378716468811 0.2276485711336136 -0.9666023850440979 -0.2541256844997406 -0.03316289931535721 -0.6129611134529114 0.22511714696884155 -0.780082643032074 -0.5837748646736145 -3.4979593753814697
0.12247928231954575 -0.5717983841896057 0.8111999034881592 0.22765685617923737 -0.9666024446487427 -0.2541227638721466 -0.03318334370851517 -0.6129904389381409 0.22511862218379974 -0.7800436019897461 -0.5838264226913452 -3.497880220413208
0.12247063219547272 -0.5718022584915161 0.8111984729766846 0.22766144573688507 -0.9665875434875488 -0.2541730999946594 -0.033232659101486206 -0.6129317879676819 0.22518743574619293 -0.7800244092941284 -0.5838255882263184 -3.4978315830230713
0.12237109988927841 -0.5717886686325073 0.8112230896949768 0.22766976058483124 -0.9665924906730652 -0.2541423738002777 -0.03332357108592987 -0.6129486560821533 0.22522027790546417 -0.7800443768501282 -0.5837862491607666 -3.4978737831115723
0.12234950065612793 -0.5718434453010559 0.811187744140625 0.2276853621006012 -0.9665919542312622 -0.25413888692855835 -0.03336556255817413 -0.6128804683685303 0.22523431479930878 -0.7800053358078003 -0.5838329792022705 -3.497925281524658
0.12231902778148651 -0.5718241333961487 0.8112059831619263 0.22770288586616516 -0.9665799736976624 -0.2541767656803131 -0.033423569053411484 -0.6129226684570312 0.22530218958854675 -0.7800071835517883 -0.5838043689727783 -3.4980266094207764
0.12238305062055588 -0.5718647241592407 0.8111676573753357 0.22771480679512024 -0.9665850400924683 -0.2541666328907013 -0.03335367515683174 -0.6129400134086609 0.2252456098794937 -0.7799806594848633 -0.5838615894317627 -3.497992753982544
0.12239526957273483 -0.5718153715133667 0.8112006187438965 0.2277425080537796 -0.9665802717208862 -0.25418704748153687 -0.03333740681409836 -0.612926721572876 0.22525961697101593 -0.7800102233886719 -0.583816647529602 -3.497997760772705
0.12245109677314758 -0.5718132257461548 0.8111937046051025 0.22772540152072906 -0.9665794968605042 -0.2541976273059845 -0.033278077840805054 -0.6128959655761719 0.22523245215415955 -0.7800083756446838 -0.5838297009468079 -3.498053789138794
0.12244171649217606 -0.5717692971229553 0.8112260699272156 0.22772252559661865 -0.9665793180465698 -0.2541988492012024 -0.033275049179792404 -0.6128929257392883 0.22523847222328186 -0.7800401449203491 -0.5837848782539368 -3.4980552196502686
0.12240907549858093 -0.5717847347259521 0.8112201690673828 0.22776131331920624 -0.96657794713974 -0.25419819355010986 -0.03331874683499336 -0.6128941178321838 0.22526191174983978 -0.7800290584564209 -0.58379065990448 -3.4980340003967285
0.12237649410963058 -0.5718094706535339 0.8112075924873352 0.2277330458164215 -0.9665763974189758 -0.25419795513153076 -0.03336592763662338 -0.6129212975502014 0.2252863496541977 -0.780010998249054 -0.5838053822517395 -3.498023748397827
0.12233015894889832 -0.5717319250106812 0.811269223690033 0.22773787379264832 -0.9666046500205994 -0.254096657037735 -0.03331863507628441 -0.6129434108734131 0.225190207362175 -0.7801008224487305 -0.5837224125862122 -3.4980075359344482
0.12235651165246964 -0.5717186331748962 0.8112746477127075 0.22767724096775055 -0.9666036367416382 -0.25410446524620056 -0.03328851982951164 -0.6129844188690186 0.2251802533864975 -0.7801080346107483 -0.583716630935669 -3.4979300498962402
0.1223461925983429 -0.5717272758483887 0.8112701177597046 0.22766856849193573 -0.9666051864624023 -0.2540972828865051 -0.033298391848802567 -0.6129918098449707 0.22517919540405273 -0.7801040410995483 -0.5837223529815674 -3.4979183673858643
0.1224755272269249 -0.5717540383338928 0.8112317323684692 0.22766026854515076 -0.9665929079055786 -0.25415709614753723 -0.03319825232028961 -0.6130066514015198 0.225161612033844 -0.7800649404525757 -0.583781361579895 -3.4979052543640137
0.12246151268482208 -0.571744441986084 0.8112406134605408 0.2276531308889389 -0.9665997624397278 -0.2541317343711853 -0.03319269418716431 -0.6130139827728271 0.2251398116350174 -0.7800801992416382 -0.5837693810462952 -3.4978952407836914
0.12252601236104965 -0.5717673301696777 0.8112147450447083 0.22769403457641602 -0.9665674567222595 -0.2542518973350525 -0.033213648945093155 -0.6129798293113708 0.2252434492111206 -0.7800242900848389 -0.5838041305541992 -3.497889518737793
0.1224837601184845 -0.5717843174934387 0.8112091422080994 0.2276829183101654 -0.9665812849998474 -0.25419721007347107 -0.033228885382413864 -0.6129701137542725 0.22520694136619568 -0.7800296545028687 -0.5838109850883484 -3.4979028701782227
0.122554711997509 -0.5717945098876953 0.8111912608146667 0.2276683747768402 -0.9665701985359192 -0.25424543023109436 -0.033183932304382324 -0.6129657030105591 0.2252161204814911 -0.780006468296051 -0.5838384628295898 -3.4979403018951416
0.122535340487957 -0.5717951059341431 0.8111937642097473 0.22769127786159515 -0.9665713310241699 -0.25423869490623474 -0.03320218622684479 -0.6129654049873352 0.22522178292274475 -0.7800082564353943 -0.5838339328765869 -3.4979653358459473
0.12247781455516815 -0.5717743635177612 0.8112170696258545 0.227683424949646 -0.9665901064872742 -0.2541663646697998 -0.03320947289466858 -0.6129611730575562 0.2251724898815155 -0.7800469994544983 -0.5838011503219604 -3.4979636669158936
0.12245431542396545 -0.5718086957931519 0.8111963868141174 0.22767600417137146 -0.9665794968605042 -0.2541983127593994 -0.033273179084062576 -0.6129536032676697 0.22523072361946106 -0.7800114154815674 -0.5838261842727661 -3.4979586601257324
0.12252815812826157 -0.571821391582489 0.8111763000488281 0.22771626710891724 -0.9665784239768982 -0.25421202182769775 -0.033199816942214966 -0.6129542589187622 0.22519519925117493 -0.7799976468086243 -0.5838583111763 -3.497945785522461
0.12251396477222443 -0.5718057751655579 0.8111894726753235 0.2276991307735443 -0.9665778279304504 -0.2542126774787903 -0.03321187198162079 -0.6129451394081116 0.2252054661512375 -0.780008852481842 -0.5838393568992615 -3.4978959560394287
0.12250036746263504 -0.5717837810516357 0.8112070560455322 0.22773335874080658 -0.9665937423706055 -0.25415658950805664 -0.033178508281707764 -0.6129183173179626 0.225144624710083 -0.7800433039665222 -0.5838168263435364 -3.4979100227355957
0.12244949489831924 -0.5717600584030151 0.8112314343452454 0.22772705554962158 -0.9665837287902832 -0.25418490171432495 -0.03325216472148895 -0.6129406094551086 0.2252151370048523 -0.7800514698028564 -0.5837787389755249 -3.4979279041290283
0.12245295941829681 -0.5717442631721497 0.8112420439720154 0.22772082686424255 -0.9665824174880981 -0.25419074296951294 -0.0332469642162323 -0.6129078269004822 0.22521905601024628 -0.7800611257553101 -0.5837643146514893 -3.4979569911956787
0.12255551666021347 -0.5717312693595886 0.8112357258796692 0.2276962250471115 -0.9665857553482056 -0.25419408082962036 -0.03312278911471367 -0.612893283367157 0.22514872252941132 -0.7800695896148682 -0.5837801694869995 -3.4979333877563477
0.12255068123340607 -0.5717288255691528 0.811238169670105 0.2276938110589981 -0.9665822982788086 -0.2542055547237396 -0.03313630819320679 -0.6128824353218079 0.22516630589962006 -0.7800676226615906 -0.5837759971618652 -3.4979264736175537
0.12261009961366653 -0.571739137172699 0.8112219572067261 0.2277112901210785 -0.966584324836731 -0.25420644879341125 -0.03306972607970238 -0.612878143787384 0.22512517869472504 -0.780059814453125 -0.5838022828102112 -3.497960329055786
0.1225479319691658 -0.5717321634292603 0.8112362623214722 0.22770622372627258 -0.96658855676651 -0.2541833519935608 -0.03312410041689873 -0.6128934621810913 0.22514092922210693 -0.7800724506378174 -0.5837793350219727 -3.497953414916992
0.1225425973534584 -0.5717532634735107 0.8112221360206604 0.22770419716835022 -0.9665849208831787 -0.2541942894458771 -0.03314591571688652 -0.6128849387168884 0.2251593917608261 -0.7800533771514893 -0.5837976932525635 -3.497947931289673
0.12249541282653809 -0.5717203617095947 0.8112524747848511 0.22769507765769958 -0.9666100740432739 -0.25410178303718567 -0.033121585845947266 -0.6129060387611389 0.2250770479440689 -0.7801076173782349 -0.5837569236755371 -3.4978668689727783
0.12249328941106796 -0.5717199444770813 0.8112530708312988 0.2276904135942459 -0.9666071534156799 -0.25411173701286316 -0.0331314317882061 -0.6128997802734375 0.2250909060239792 -0.7801046967506409 -0.5837555527687073 -3.4978513717651367
0.12249821424484253 -0.5716896653175354 0.8112736940383911 0.22769051790237427 -0.9666116833686829 -0.25409799814224243 -0.033104877918958664 -0.6129387617111206 0.2250688076019287 -0.7801313400268555 -0.5837284326553345 -3.4978508949279785
0.12250865995883942 -0.571678102016449 0.8112802505493164 0.22770310938358307 -0.9666049480438232 -0.2541232407093048 -0.03310732915997505 -0.6129482984542847 0.22509196400642395 -0.7801316380500793 -0.5837191343307495 -3.497866630554199
0.12248023599386215 -0.5715913772583008 0.811345636844635 0.22769084572792053 -0.9666191935539246 -0.2540733218193054 -0.0330740325152874 -0.6129382848739624 0.22504618763923645 -0.7802114486694336 -0.5836300849914551 -3.4978835582733154
0.12246645987033844 -0.5715929865837097 0.8113465905189514 0.22769181430339813 -0.9666244387626648 -0.2540530860424042 -0.033075880259275436 -0.6129368543624878 0.22503113746643066 -0.7802168130874634 -0.5836287140846252 -3.4978744983673096
0.12247823178768158 -0.5715700387954712 0.8113609552383423 0.22772464156150818 -0.9666313529014587 -0.25403183698654175 -0.03303806856274605 -0.6129280924797058 0.22499515116214752 -0.780240535736084 -0.5836108326911926 -3.49788498878479
0.1224440410733223 -0.5715365409851074 0.8113897442817688 0.22768963873386383 -0.9666229486465454 -0.2540574073791504 -0.03308640420436859 -0.6129498481750488 0.22504973411560059 -0.7802568078041077 -0.5835680961608887 -3.497847080230713
0.12244094163179398 -0.5715629458427429 0.8113716244697571 0.22765842080116272 -0.9666293263435364 -0.2540338337421417 -0.033081553876399994 -0.6129692792892456 0.22502411901950836 -0.7802451252937317 -0.5835936069488525 -3.497844934463501
0.1224658191204071 -0.5716107487678528 0.8113341927528381 0.2276768833398819 -0.9666266441345215 -0.254044771194458 -0.03307651728391647 -0.6129845976829529 0.22502218186855316 -0.780206561088562 -0.5836458802223206 -3.497856378555298
0.12246187031269073 -0.5716007947921753 0.8113417625427246 0.22768467664718628 -0.9666281938552856 -0.2540391981601715 -0.033073652535676956 -0.6129898428916931 0.22501762211322784 -0.7802156209945679 -0.5836355090141296 -3.497856378555298
0.12240724265575409 -0.5716693997383118 0.8113017082214355 0.22770485281944275 -0.9666195511817932 -0.2540585696697235 -0.03317679464817047 -0.6130000948905945 0.22508437931537628 -0.780159056186676 -0.5836853981018066 -3.4978418350219727
0.12235433608293533 -0.5716602802276611 0.8113161325454712 0.2277040034532547 -0.9666196703910828 -0.2540510892868042 -0.03323110193014145 -0.6129957437515259 0.22511272132396698 -0.7801681756973267 -0.5836622714996338 -3.497797966003418
0.12240036576986313 -0.5716965794563293 0.8112835884094238 0.22769145667552948 -0.9666092395782471 -0.2540922164916992 -0.03321952000260353 -0.6129674911499023 0.22513242065906525 -0.7801281809806824 -0.5837081074714661 -3.4978387355804443
0.12236817926168442 -0.5716670155525208 0.811309278011322 0.22769027948379517 -0.9666028618812561 -0.2541109025478363 -0.03326166793704033 -0.6129508018493652 0.22517721354961395 -0.7801437377929688 -0.5836700201034546 -3.4978067874908447
0.12248382717370987 -0.5717296600341797 0.8112476468086243 0.22770372033119202 -0.9665877819061279 -0.25417715311050415 -0.033194996416568756 -0.6129246354103088 0.2251792550086975 -0.780076265335083 -0.5837594270706177 -3.4978504180908203
0.1224064975976944 -0.5717280507087708 0.811260461807251 0.22770613431930542 -0.9665891528129578 -0.25416141748428345 -0.03327479958534241 -0.6129143238067627 0.22521533071994781 -0.7800825834274292 -0.5837370753288269 -3.4978251457214355
0.1224798858165741 -0.5717440843582153 0.8112381100654602 0.22773657739162445 -0.966589093208313 -0.25417137145996094 -0.03320033475756645 -0.6129290461540222 0.2251756638288498 -0.7800675630569458 -0.5837724804878235 -3.4978063106536865
0.12256304174661636 -0.5717257857322693 0.8112384080886841 0.22773151099681854 -0.9665664434432983 -0.25426244735717773 -0.03316311165690422 -0.6129422187805176 0.2252277433872223 -0.7800512909889221 -0.5837740898132324 -3.4978554248809814
0.12252300977706909 -0.571742057800293 0.8112329840660095 0.22774310410022736 -0.9665704369544983 -0.2542421221733093 -0.03320121392607689 -0.612945556640625 0.22523221373558044 -0.7800459861755371 -0.5837794542312622 -3.4978582859039307
0.12250871956348419 -0.5717148780822754 0.8112543225288391 0.2277277708053589 -0.9665775895118713 -0.25421658158302307 -0.03318975493311882 -0.612950325012207 0.22520944476127625 -0.7800742387771606 -0.5837504863739014 -3.4978396892547607
0.12249802052974701 -0.5717052221298218 0.8112627863883972 0.22773683071136475 -0.966580331325531 -0.2542057931423187 -0.03319111466407776 -0.6129538416862488 0.22520330548286438 -0.7800848484039307 -0.5837386846542358 -3.4978408813476562
0.12252923101186752 -0.5716961622238159 0.8112644553184509 0.22774387896060944 -0.9665839076042175 -0.254198282957077 -0.03314518555998802 -0.6129164695739746 0.22517108917236328 -0.7800939679145813 -0.5837389826774597 -3.4978585243225098
0.12254699319601059 -0.5716690421104431 0.8112808465957642 0.22775621712207794 -0.9665854573249817 -0.2541964650154114 -0.03311333805322647 -0.6129172444343567 0.22515465319156647 -0.7801144123077393 -0.5837180018424988 -3.497865676879883
0.12257891148328781 -0.5716598629951477 0.8112825155258179 0.2277505248785019 -0.9666036367416382 -0.25413838028907776 -0.033028699457645416 -0.612936794757843 0.22505928575992584 -0.7801400423049927 -0.5837204456329346 -3.497860908508301
0.1225614994764328 -0.5716391205787659 0.811299741268158 0.22775091230869293 -0.9666010737419128 -0.2541457414627075 -0.03304781764745712 -0.6129403114318848 0.22507987916469574 -0.7801528573036194 -0.5836954116821289 -3.4978573322296143
0.12262238562107086 -0.5716947317123413 0.8112513422966003 0.22776877880096436 -0.9666118621826172 -0.25411468744277954 -0.03297113999724388 -0.6129226088523865 0.22500038146972656 -0.7801222205162048 -0.5837669968605042 -3.4978384971618652
0.12271532416343689 -0.571786642074585 0.8111724853515625 0.2277330756187439 -0.9665895700454712 -0.2542012929916382 -0.032956842333078384 -0.612923264503479 0.22504547238349915 -0.7800266146659851 -0.5838773846626282 -3.4978878498077393
0.12269605696201324 -0.5717849135398865 0.8111766576766968 0.22773168981075287 -0.9665959477424622 -0.254176527261734 -0.03296063095331192 -0.6129249334335327 0.22502852976322174 -0.7800359725952148 -0.5838713645935059 -3.4978833198547363
0.12276406586170197 -0.5718404650688171 0.8111271858215332 0.22763989865779877 -0.9665867686271667 -0.25421562790870667 -0.032927971333265305 -0.6129105687141418 0.2250308394432068 -0.7799825072288513 -0.5839419364929199 -3.4978232383728027
0.1227680966258049 -0.5718337893486023 0.8111312985420227 0.22762693464756012 -0.9665903449058533 -0.25420403480529785 -0.03291221335530281 -0.6129128932952881 0.22501325607299805 -0.7799911499023438 -0.5839371085166931 -3.497811794281006
0.12284301221370697 -0.5719178318977356 0.8110606670379639 0.22766557335853577 -0.9665774703025818 -0.2542558014392853 -0.03289059177041054 -0.6129018068313599 0.22502769529819489 -0.7799126505851746 -0.5840364098548889 -3.497774124145508
0.12278489023447037 -0.5719291567802429 0.8110615015029907 0.22767536342144012 -0.9665647745132446 -0.25429123640060425 -0.03299027308821678 -0.6129291653633118 0.22511400282382965 -0.7798928022384644 -0.5840296745300293 -3.4978244304656982
0.12287671118974686 -0.5719457268714905 0.8110359311103821 0.2276819497346878 -0.9665690660476685 -0.25428852438926697 -0.03288451209664345 -0.6129065752029419 0.2250453531742096 -0.7798815369606018 -0.584071159362793 -3.497816801071167
0.1228359043598175 -0.571955680847168 0.8110350966453552 0.22769199311733246 -0.966566264629364 -0.25429201126098633 -0.03293917328119278 -0.6129180192947388 0.22507956624031067 -0.7798731327056885 -0.5840691924095154 -3.497828483581543
0.12286344170570374 -0.5720247030258179 0.8109822273254395 0.22766385972499847 -0.9665722846984863 -0.2542724311351776 -0.03291543573141098 -0.6129831671714783 0.22503893077373505 -0.7798288464546204 -0.5841439366340637 -3.4978199005126953
0.12288636714220047 -0.572007417678833 0.8109909296035767 0.22770453989505768 -0.9665740728378296 -0.2542700469493866 -0.03288037329912186 -0.6129934787750244 0.22501859068870544 -0.7798423171043396 -0.5841338038444519 -3.4978182315826416
0.12284956127405167 -0.5719874501228333 0.8110105991363525 0.2276926189661026 -0.966576337814331 -0.2542579174041748 -0.03290829434990883 -0.6129840612411499 0.2250290811061859 -0.7798609733581543 -0.5841049551963806 -3.4977545738220215
0.12289796769618988 -0.5720703601837158 0.8109447956085205 0.22771096229553223 -0.9665704965591431 -0.25428152084350586 -0.03289680555462837 -0.6129507422447205 0.2250276356935501 -0.7797924280166626 -0.5841969847679138 -3.4977991580963135
0.1229156032204628 -0.5720503926277161 0.8109561800956726 0.2276945561170578 -0.9665775895118713 -0.2542601227760315 -0.032852884382009506 -0.6129381656646729 0.22498740255832672 -0.7798140645027161 -0.5841836333274841 -3.49773907661438
0.12289943546056747 -0.5720529556274414 0.8109568357467651 0.2276771068572998 -0.9665755033493042 -0.254265159368515 -0.032876819372177124 -0.6129366159439087 0.22500543296337128 -0.7798104882240295 -0.5841813683509827 -3.497739315032959
0.1228286549448967 -0.5720399618148804 0.8109767436981201 0.22767703235149384 -0.9665713906288147 -0.25426989793777466 -0.032960258424282074 -0.6129507422447205 0.22506164014339447 -0.7798184752464294 -0.5841490626335144 -3.4977355003356934
0.12282225489616394 -0.5720655918121338 0.8109596371650696 0.22767479717731476 -0.9665830731391907 -0.2542273700237274 -0.03294483199715614 -0.6129568219184875 0.2250148355960846 -0.7798135876655579 -0.5841736197471619 -3.4977316856384277
0.1227947250008583 -0.5720493793487549 0.810975193977356 0.22769980132579803 -0.966571033000946 -0.25426599383354187 -0.03300100192427635 -0.6130080223083496 0.2250816971063614 -0.7798128724098206 -0.5841488838195801 -3.497821569442749
0.12284226715564728 -0.5720367431640625 0.8109769821166992 0.2276640683412552 -0.9665651321411133 -0.25429362058639526 -0.032960664480924606 -0.6129893660545349 0.22508104145526886 -0.7798131704330444 -0.5841487050056458 -3.497833251953125
0.12281609326601028 -0.5720101594924927 0.8109996914863586 0.2276671677827835 -0.9665581583976746 -0.25431525707244873 -0.032998934388160706 -0.6130073070526123 0.22512538731098175 -0.7798255681991577 -0.5841150283813477 -3.4978439807891846
0.12280116230249405 -0.5719289183616638 0.8110592365264893 0.22764036059379578 -0.9665771722793579 -0.25425049662590027 -0.03294028341770172 -0.6129714250564575 0.22505179047584534 -0.7799062728881836 -0.5840356349945068 -3.4978787899017334
0.12274511158466339 -0.5719314813613892 0.8110659122467041 0.22764073312282562 -0.966566264629364 -0.25428035855293274 -0.03303031623363495 -0.6129274368286133 0.22512927651405334 -0.7798947095870972 -0.584021270275116 -3.497931718826294
0.1227395236492157 -0.5719313025474548 0.8110668659210205 0.22763217985630035 -0.9665636420249939 -0.2542886734008789 -0.03304314985871315 -0.6129329204559326 0.22514361143112183 -0.779892086982727 -0.5840191841125488 -3.4979324340820312
0.12273546308279037 -0.5720050930976868 0.8110154271125793 0.22767537832260132 -0.9665688872337341 -0.2542668581008911 -0.033057067543268204 -0.6129629611968994 0.22512324154376984 -0.7798450589179993 -0.5840898752212524 -3.4979236125946045
0.12273479253053665 -0.5720070600509644 0.8110141158103943 0.22767002880573273 -0.9665675163269043 -0.254271537065506 -0.03306202590465546 -0.6129706501960754 0.22512958943843842 -0.7798420786857605 -0.5840913653373718 -3.497915744781494
0.12279811501502991 -0.5720685124397278 0.8109612464904785 0.22766515612602234 -0.9665654301643372 -0.25428515672683716 -0.03301789239048958 -0.6129816174507141 0.2251039743423462 -0.7797926068305969 -0.5841673016548157 -3.4979031085968018
0.12275046110153198 -0.5720525979995728 0.8109796643257141 0.22764477133750916 -0.9665659070014954 -0.25427740812301636 -0.03306342661380768 -0.6129699945449829 0.2251279056072235 -0.7798067927360535 -0.5841391682624817 -3.4978115558624268
0.12276313453912735 -0.572050929069519 0.8109789490699768 0.22767910361289978 -0.966552197933197 -0.25432679057121277 -0.03308471292257309 -0.6129100322723389 0.22517988085746765 -0.7797919511795044 -0.5841389894485474 -3.497706174850464
0.12278498709201813 -0.5720623731613159 0.8109675645828247 0.22768984735012054 -0.9665489196777344 -0.2543407082557678 -0.03307304531335831 -0.6129199862480164 0.22518198192119598 -0.7797790169715881 -0.5841554403305054 -3.4977023601531982
0.12275131046772003 -0.5720531940460205 0.8109791278839111 0.22768957912921906 -0.9665513038635254 -0.2543279826641083 -0.03310048580169678 -0.6129110455513 0.22518999874591827 -0.7797898650169373 -0.5841377973556519 -3.4976675510406494
0.12263042479753494 -0.5720729827880859 0.8109834790229797 0.22768999636173248 -0.9665571451187134 -0.25428998470306396 -0.03322290629148483 -0.6129088997840881 0.22523096203804016 -0.7797877192497253 -0.5841248631477356 -3.497683048248291
0.12252750247716904 -0.57198566198349 0.8110606074333191 0.22764891386032104 -0.9665601253509521 -0.254268616437912 -0.033299509435892105 -0.6129472255706787 0.22527416050434113 -0.7798587679862976 -0.5840134024620056 -3.4977126121520996
0.12249752134084702 -0.5719679594039917 0.8110775947570801 0.2276470810174942 -0.9665722846984863 -0.2542228400707245 -0.033294856548309326 -0.6129197478294373 0.2252381145954132 -0.7798866629600525 -0.5839899778366089 -3.4976966381073
0.12248824536800385 -0.5719799399375916 0.8110705614089966 0.22766326367855072 -0.9665604829788208 -0.25426194071769714 -0.033339325338602066 -0.612939178943634 0.2252938598394394 -0.7798651456832886 -0.5839973092079163 -3.497736692428589
0.12260118871927261 -0.5720338225364685 0.8110154867172241 0.22766652703285217 -0.9665540456771851 -0.2542980909347534 -0.033250369131565094 -0.612918496131897 0.22526010870933533 -0.779813826084137 -0.584078848361969 -3.497758150100708
0.12262911349534988 -0.5720295310020447 0.8110142946243286 0.22766615450382233 -0.9665476083755493 -0.25432440638542175 -0.03323529660701752 -0.6129177212715149 0.22527237236499786 -0.7798084020614624 -0.5840812921524048 -3.497739315032959
0.12262886017560959 -0.5719465017318726 0.8110728859901428 0.22765681147575378 -0.9665620923042297 -0.254277765750885 -0.033172108232975006 -0.6128409504890442 0.22521056234836578 -0.7798845171928406 -0.5840035676956177 -3.497765302658081
0.12262721359729767 -0.5719090700149536 0.8110995292663574 0.2276802510023117 -0.9665495753288269 -0.2543222904205322 -0.03319452330470085 -0.6128698587417603 0.2252650111913681 -0.7798973917961121 -0.5839653015136719 -3.497850179672241
0.12266945093870163 -0.5718616247177124 0.8111265897750854 0.22766830027103424 -0.9665493965148926 -0.2543307840824127 -0.03313422575592995 -0.6128602623939514 0.2252427339553833 -0.7799294590950012 -0.5839311480522156 -3.4978487491607666
0.12264923006296158 -0.571949303150177 0.8110678195953369 0.22770605981349945 -0.9665684103965759 -0.25425854325294495 -0.03313438594341278 -0.6128944754600525 0.22517217695713043 -0.7798886895179749 -0.5840126872062683 -3.497791290283203
0.12265493720769882 -0.5719471573829651 0.8110684752464294 0.22771404683589935 -0.9665665626525879 -0.25426584482192993 -0.033132296055555344 -0.6128946542739868 0.22517700493335724 -0.7798879146575928 -0.5840119123458862 -3.4977798461914062
0.12258464097976685 -0.5719326138496399 0.8110893368721008 0.2277117520570755 -0.9665696620941162 -0.2542457580566406 -0.033196039497852325 -0.6128801703453064 0.22520199418067932 -0.7799051403999329 -0.5839793086051941 -3.497716188430786
0.12254442274570465 -0.5719410181045532 0.8110895156860352 0.22769643366336823 -0.9665544033050537 -0.2542925775051117 -0.03328193351626396 -0.6129248738288879 0.22528941929340363 -0.7798836827278137 -0.5839742422103882 -3.4977340698242188
0.12260128557682037 -0.5719656944274902 0.8110635280609131 0.22769473493099213 -0.9665533900260925 -0.25430306792259216 -0.03323052078485489 -0.6128992438316345 0.22526274621486664 -0.7798621654510498 -0.5840132832527161 -3.4977757930755615
