# 3x4 first row second row third row Freq: 100 current Time: 2021-04-07-14:45:49
-0.3767188787460327 -0.49935436248779297 0.7802101373672485 0.1732001006603241 -0.8552019596099854 -0.13617734611034393 -0.5000852346420288 -0.3534093201160431 0.3559667766094208 -0.8556289076805115 -0.3757481575012207 -3.613272190093994
-0.37672528624534607 -0.4993714690208435 0.7801961302757263 0.17320609092712402 -0.8551977872848511 -0.13616648316383362 -0.5000952482223511 -0.3534015119075775 0.35596993565559387 -0.8556206226348877 -0.3757639229297638 -3.6132681369781494
-0.37673401832580566 -0.4993545114994049 0.7802027463912964 0.17324568331241608 -0.8552298545837402 -0.13608676195144653 -0.500062108039856 -0.35340234637260437 0.3558835983276367 -0.8556432127952576 -0.37579429149627686 -3.6132001876831055
-0.37671390175819397 -0.4993833005428314 0.7801940441131592 0.17325201630592346 -0.8552412986755371 -0.13607175648212433 -0.5000466108322144 -0.3533998429775238 0.3558773696422577 -0.8556287884712219 -0.37583300471305847 -3.6131913661956787
-0.3767603933811188 -0.4993135333061218 0.7802162766456604 0.17320947349071503 -0.8552044630050659 -0.13613347709178925 -0.5000928640365601 -0.35338425636291504 0.3559167683124542 -0.8556597232818604 -0.3757253587245941 -3.6131725311279297
-0.37664860486984253 -0.4993996024131775 0.7802151441574097 0.17314839363098145 -0.8552023768424988 -0.13625559210777283 -0.5000631809234619 -0.353341668844223 0.3560401201248169 -0.8555900454521179 -0.37576714158058167 -3.613252639770508
-0.3766734004020691 -0.4993899166584015 0.7802093625068665 0.1731443554162979 -0.8552011251449585 -0.1362265795469284 -0.5000731945037842 -0.35333648324012756 0.3560168445110321 -0.8556002974510193 -0.3757658004760742 -3.613250255584717
-0.37666237354278564 -0.4993831217288971 0.7802190184593201 0.17314988374710083 -0.8551992774009705 -0.136252298951149 -0.5000693202018738 -0.353388249874115 0.3560328781604767 -0.8556001782417297 -0.37575089931488037 -3.61330246925354
-0.3766806125640869 -0.49937596917152405 0.780214786529541 0.1731448918581009 -0.8551918268203735 -0.13624674081802368 -0.5000836253166199 -0.3533913493156433 0.35603153705596924 -0.8556052446365356 -0.375740647315979 -3.6133017539978027
-0.37675410509109497 -0.49928781390190125 0.780235767364502 0.17317567765712738 -0.8551929593086243 -0.13618730008602142 -0.5000978112220764 -0.35333630442619324 0.3559510409832001 -0.8556661605834961 -0.3756782114505768 -3.613283634185791
-0.37675797939300537 -0.49929752945899963 0.7802276611328125 0.17317193746566772 -0.8551888465881348 -0.13618502020835876 -0.5001055002212524 -0.35333117842674255 0.3559568524360657 -0.8556608557701111 -0.37568479776382446 -3.613278865814209
-0.37679463624954224 -0.4992540180683136 0.7802377939224243 0.1731729507446289 -0.8551929593086243 -0.13614654541015625 -0.5001089572906494 -0.35332444310188293 0.35590818524360657 -0.8556923270225525 -0.37565913796424866 -3.6133482456207275
-0.37680310010910034 -0.4992640018463135 0.7802273035049438 0.17316624522209167 -0.855185866355896 -0.13614414632320404 -0.5001217722892761 -0.3533197343349457 0.35591626167297363 -0.8556869029998779 -0.3756638765335083 -3.613345146179199
-0.3768695294857025 -0.4991633892059326 0.7802596092224121 0.17315220832824707 -0.855219304561615 -0.1360258013010025 -0.5000967383384705 -0.35328343510627747 0.3557654917240143 -0.8557643890380859 -0.37563008069992065 -3.613217830657959
-0.3768649399280548 -0.49917325377464294 0.7802554965019226 0.17314577102661133 -0.8552238345146179 -0.13601566851139069 -0.5000917911529541 -0.3532734811306 0.35575950145721436 -0.8557602763175964 -0.375645250082016 -3.613203763961792
-0.3768755793571472 -0.49915599822998047 0.7802614569664001 0.17314854264259338 -0.8552268743515015 -0.1360030472278595 -0.5000900030136108 -0.3532976508140564 0.3557409346103668 -0.8557723164558411 -0.3756352961063385 -3.6132311820983887
-0.37681370973587036 -0.49917832016944885 0.7802770137786865 0.17314982414245605 -0.8552649021148682 -0.1359926015138626 -0.5000277757644653 -0.3533196747303009 0.3557150363922119 -0.8557609915733337 -0.37568575143814087 -3.6132826805114746
-0.376818984746933 -0.4991646409034729 0.7802832126617432 0.17314250767230988 -0.8552706241607666 -0.13597939908504486 -0.5000215172767639 -0.3533186614513397 0.35569560527801514 -0.8557710647583008 -0.37568116188049316 -3.613274574279785
-0.3769184947013855 -0.49915483593940735 0.7802414298057556 0.1731540560722351 -0.8552313446998596 -0.135926753282547 -0.5001030564308167 -0.35331296920776367 0.3556846082210541 -0.8557851314544678 -0.3756594657897949 -3.6133320331573486
-0.3769136667251587 -0.49916496872901917 0.7802373170852661 0.17315219342708588 -0.8552300930023193 -0.13593076169490814 -0.5001041293144226 -0.3533068597316742 0.3556928038597107 -0.8557785749435425 -0.37566664814949036 -3.613325357437134
-0.3768713176250458 -0.4991459846496582 0.7802698612213135 0.17314200103282928 -0.8552436828613281 -0.13597550988197327 -0.500068724155426 -0.3533187508583069 0.3557049632072449 -0.8557825684547424 -0.37564611434936523 -3.6133697032928467
-0.37686264514923096 -0.49916577339172363 0.7802613973617554 0.1731373816728592 -0.8552427291870117 -0.13597851991653442 -0.5000695586204529 -0.3533129394054413 0.3557164669036865 -0.8557705283164978 -0.37566256523132324 -3.6133639812469482
-0.37686577439308167 -0.4991920292377472 0.7802430987358093 0.17318212985992432 -0.855226457118988 -0.1359960436820984 -0.500092625617981 -0.35331106185913086 0.3557523190975189 -0.8557524681091309 -0.3756698668003082 -3.6133992671966553
-0.3768773376941681 -0.49918943643569946 0.7802391648292542 0.17318372428417206 -0.8552250266075134 -0.13598321378231049 -0.500098466873169 -0.3533053994178772 0.355743408203125 -0.8557559847831726 -0.37567025423049927 -3.6133899688720703
-0.37677866220474243 -0.49930474162101746 0.7802130579948425 0.17317532002925873 -0.8552066683769226 -0.13610561192035675 -0.5000966191291809 -0.353312224149704 0.3558920621871948 -0.8556692600250244 -0.37572696805000305 -3.613417387008667
-0.37677210569381714 -0.4992944002151489 0.7802228331565857 0.17317727208137512 -0.8552150130271912 -0.13610227406024933 -0.5000832676887512 -0.3533114194869995 0.3558789789676666 -0.8556758165359497 -0.3757244646549225 -3.613410234451294
-0.3766542971134186 -0.49941447377204895 0.7802028656005859 0.1731707751750946 -0.8551772832870483 -0.13629749417304993 -0.5000945925712585 -0.35331210494041443 0.35609427094459534 -0.8555746674537659 -0.3757507801055908 -3.61337947845459
-0.3766288459300995 -0.49942314624786377 0.7802096009254456 0.17317159473896027 -0.8552024960517883 -0.1362706422805786 -0.5000588893890381 -0.3533157706260681 0.3560607135295868 -0.8555738925933838 -0.37578436732292175 -3.61340069770813
-0.3766632080078125 -0.4993950426578522 0.7802110314369202 0.17313538491725922 -0.855185329914093 -0.1362769454717636 -0.5000864863395691 -0.35339948534965515 0.356065571308136 -0.8555892705917358 -0.37574470043182373 -3.613344192504883
-0.3766566216945648 -0.4993751645088196 0.7802268862724304 0.17311888933181763 -0.8551976680755615 -0.13627022504806519 -0.5000672340393066 -0.3534024953842163 0.3560429513454437 -0.855601966381073 -0.3757372796535492 -3.6133158206939697
-0.3767056465148926 -0.49930405616760254 0.780248761177063 0.17314179241657257 -0.8552054762840271 -0.13622145354747772 -0.5000671148300171 -0.3533882796764374 0.3559722304344177 -0.8556511998176575 -0.37569209933280945 -3.613243341445923
-0.376682847738266 -0.4993475675582886 0.7802318930625916 0.17312635481357574 -0.8552371859550476 -0.1361524611711502 -0.5000317096710205 -0.35338589549064636 0.3559201955795288 -0.8556368350982666 -0.37577423453330994 -3.6132380962371826
-0.3766835033893585 -0.49937576055526733 0.7802135348320007 0.17313548922538757 -0.8552167415618896 -0.13618256151676178 -0.5000584721565247 -0.35333582758903503 0.3559686541557312 -0.8556155562400818 -0.3757767081260681 -3.613152503967285
-0.37667426466941833 -0.49940618872642517 0.7801985144615173 0.17313915491104126 -0.855215847492218 -0.13617944717407227 -0.5000608563423157 -0.35333776473999023 0.3559805750846863 -0.8555983304977417 -0.37580469250679016 -3.6131439208984375
-0.376682311296463 -0.49940359592437744 0.7801963090896606 0.17313723266124725 -0.8552192449569702 -0.1361604928970337 -0.5000601410865784 -0.35332703590393066 0.3559638559818268 -0.8556028008460999 -0.3758102357387543 -3.6131229400634766
-0.3766690790653229 -0.49937891960144043 0.7802184820175171 0.17312012612819672 -0.8552366495132446 -0.13615481555461884 -0.5000319480895996 -0.35330677032470703 0.3559359908103943 -0.8556181192398071 -0.37580177187919617 -3.613152265548706
-0.37669500708580017 -0.4993579685688019 0.7802193760871887 0.17310941219329834 -0.8552306890487671 -0.13614273071289062 -0.5000454783439636 -0.3532911539077759 0.35592299699783325 -0.8556323051452637 -0.3757818937301636 -3.613131523132324
-0.37667208909988403 -0.4993230104446411 0.7802528142929077 0.1731124073266983 -0.8552614450454712 -0.13612641394138336 -0.49999725818634033 -0.35329657793045044 0.3558732271194458 -0.855655312538147 -0.37577661871910095 -3.6131534576416016
-0.37667813897132874 -0.49934089183807373 0.7802384495735168 0.17312128841876984 -0.8552656769752502 -0.13609544932842255 -0.49999845027923584 -0.35330504179000854 0.35585665702819824 -0.8556497693061829 -0.3758048713207245 -3.6132125854492188
-0.37668576836586 -0.49934491515159607 0.7802321910858154 0.17312481999397278 -0.8552538752555847 -0.13610947132110596 -0.5000147819519043 -0.35330429673194885 0.3558769226074219 -0.8556451797485352 -0.3757961094379425 -3.613187074661255
-0.37665092945098877 -0.4993695616722107 0.7802332639694214 0.17313888669013977 -0.8552699685096741 -0.13610877096652985 -0.49998754262924194 -0.3533197045326233 0.3558752238750458 -0.8556309342384338 -0.37583020329475403 -3.613229274749756
-0.37671247124671936 -0.4993011951446533 0.7802472710609436 0.17314760386943817 -0.8552778363227844 -0.13603883981704712 -0.49999314546585083 -0.35328590869903564 0.3557911813259125 -0.8556819558143616 -0.3757936358451843 -3.613245725631714
-0.3767470717430115 -0.49920496344566345 0.7802921533584595 0.17312167584896088 -0.8553040027618408 -0.13598418235778809 -0.4999631941318512 -0.35330742597579956 0.3556915819644928 -0.8557467460632324 -0.37574028968811035 -3.613314390182495
-0.37675872445106506 -0.4991881549358368 0.7802972793579102 0.17311669886112213 -0.8553066849708557 -0.13597048819065094 -0.49996230006217957 -0.35330837965011597 0.3556727468967438 -0.8557587265968323 -0.37573081254959106 -3.6133041381835938
-0.37676700949668884 -0.49911192059516907 0.7803420424461365 0.1731359362602234 -0.8553276062011719 -0.13595621287822723 -0.49993038177490234 -0.35335567593574524 0.355613648891449 -0.855805516242981 -0.3756802976131439 -3.613226890563965
-0.3767615258693695 -0.49910151958465576 0.7803513407707214 0.17313608527183533 -0.8553377389907837 -0.13594700396060944 -0.49991559982299805 -0.35336145758628845 0.3555951416492462 -0.8558130264282227 -0.37568068504333496 -3.6132118701934814
-0.3768044412136078 -0.4991793930530548 0.7802808284759521 0.17315833270549774 -0.8552948236465454 -0.13593415915966034 -0.4999924600124359 -0.3533768057823181 0.3556528389453888 -0.8557696342468262 -0.3757248818874359 -3.613196849822998
-0.37680792808532715 -0.49916398525238037 0.7802889943122864 0.17316359281539917 -0.8552907109260559 -0.1359485387802124 -0.4999955892562866 -0.3533805310726166 0.35565900802612305 -0.855776309967041 -0.3757037818431854 -3.613177537918091
-0.3767595589160919 -0.49918317794799805 0.7803000807762146 0.17321720719337463 -0.8553043007850647 -0.13597817718982697 -0.49996432662010193 -0.3533473610877991 0.35567763447761536 -0.8557604551315308 -0.37572234869003296 -3.613222122192383
-0.3767061233520508 -0.49919384717941284 0.7803190350532532 0.1732364296913147 -0.855334460735321 -0.13598117232322693 -0.49991193413734436 -0.3533547520637512 0.3556617498397827 -0.8557537198066711 -0.37575265765190125 -3.61322021484375
-0.3767353892326355 -0.49919113516807556 0.7803066372871399 0.1732436567544937 -0.8552947044372559 -0.13603344559669495 -0.49996572732925415 -0.3533205986022949 0.35572633147239685 -0.8557469844818115 -0.37570682168006897 -3.6132919788360596
-0.3766915202140808 -0.49922049045562744 0.7803090214729309 0.17323698103427887 -0.8553310632705688 -0.1359948068857193 -0.4999140202999115 -0.35329410433769226 0.35568538308143616 -0.8557360172271729 -0.375770628452301 -3.6132495403289795
-0.3766137361526489 -0.49933773279190063 0.780271589756012 0.17321063578128815 -0.8553302884101868 -0.13604135811328888 -0.4999026656150818 -0.3533587157726288 0.355769544839859 -0.8556602001190186 -0.37586358189582825 -3.6130149364471436
-0.3766382932662964 -0.4993281364440918 0.7802658677101135 0.1731710433959961 -0.8553644418716431 -0.13592751324176788 -0.49987518787384033 -0.3533843159675598 0.35566142201423645 -0.8556839227676392 -0.3759119212627411 -3.612908124923706
-0.37661632895469666 -0.49935176968574524 0.7802613377571106 0.17316094040870667 -0.8553947806358337 -0.13587318360805511 -0.4998380243778229 -0.35337457060813904 0.3556116819381714 -0.8556787371635437 -0.3759707808494568 -3.6128618717193604
-0.3766508400440216 -0.49932050704956055 0.780264675617218 0.17316493391990662 -0.8554021120071411 -0.1358223706483841 -0.49983927607536316 -0.3533386290073395 0.35555747151374817 -0.8557050824165344 -0.37596210837364197 -3.6128149032592773
-0.37660232186317444 -0.4993398189544678 0.7802757620811462 0.1731669306755066 -0.8554327487945557 -0.13581113517284393 -0.4997899532318115 -0.35335028171539307 0.35553523898124695 -0.8556956052780151 -0.37600475549697876 -3.6128346920013428
-0.3765770494937897 -0.49932003021240234 0.7803006172180176 0.17314906418323517 -0.8554618954658508 -0.135792538523674 -0.49974507093429565 -0.35333240032196045 0.3554918169975281 -0.8557100892066956 -0.3760128319263458 -3.6128077507019043
-0.376543790102005 -0.4993428587913513 0.7803020477294922 0.1731444150209427 -0.8554975390434265 -0.1357434093952179 -0.49969738721847534 -0.3533293306827545 0.35544127225875854 -0.8557045459747314 -0.3760731816291809 -3.6127829551696777
-0.3765590190887451 -0.49933987855911255 0.7802966237068176 0.17311261594295502 -0.8554790616035461 -0.13576635718345642 -0.49972283840179443 -0.3533352017402649 0.35546964406967163 -0.8557026386260986 -0.3760506808757782 -3.6126999855041504
-0.37646692991256714 -0.4994215667247772 0.7802887558937073 0.1731526255607605 -0.8554624319076538 -0.13589593768119812 -0.49971601366996765 -0.3533262610435486 0.35560712218284607 -0.8556343913078308 -0.37607598304748535 -3.612797975540161
-0.37655892968177795 -0.4993117153644562 0.7803146839141846 0.17313091456890106 -0.8554694652557373 -0.13580766320228577 -0.4997280538082123 -0.3532715439796448 0.35549286007881165 -0.8557125329971313 -0.37600624561309814 -3.6128294467926025
-0.37659236788749695 -0.49930447340011597 0.7803031802177429 0.1731131374835968 -0.855415403842926 -0.13589085638523102 -0.4997979402542114 -0.3533039093017578 0.3555874824523926 -0.8557035326957703 -0.37593719363212585 -3.6130447387695312
-0.37657561898231506 -0.4992793798446655 0.780327320098877 0.1731429249048233 -0.8554192781448364 -0.1359233856201172 -0.4997824430465698 -0.3533368408679962 0.3555958867073059 -0.8557130098342896 -0.37590768933296204 -3.613145351409912
-0.3766041696071625 -0.49928879737854004 0.7803074717521667 0.17314770817756653 -0.8553858995437622 -0.1359536349773407 -0.49983134865760803 -0.35331612825393677 0.35564592480659485 -0.8557026982307434 -0.3758838176727295 -3.613081932067871
-0.3766060173511505 -0.4992940425872803 0.7803032398223877 0.17316484451293945 -0.8553869128227234 -0.13594508171081543 -0.49983200430870056 -0.3533304035663605 0.35564160346984863 -0.8557010293006897 -0.375891774892807 -3.6131317615509033
-0.3766411244869232 -0.49930959939956665 0.780276358127594 0.17314022779464722 -0.8553786277770996 -0.13590088486671448 -0.49985814094543457 -0.35336849093437195 0.3556242883205414 -0.8556989431381226 -0.3759128153324127 -3.613102674484253
-0.37672507762908936 -0.4992946684360504 0.7802453637123108 0.17315252125263214 -0.8553357124328613 -0.1358843296766281 -0.4999361038208008 -0.35333094000816345 0.35563862323760986 -0.8557102680206299 -0.3758734464645386 -3.613093852996826
-0.37670615315437317 -0.4992818832397461 0.7802627086639404 0.173154816031456 -0.8553497791290283 -0.1358877718448639 -0.49991104006767273 -0.35332992672920227 0.3556247651576996 -0.8557172417640686 -0.37587082386016846 -3.613083600997925
-0.3767281472682953 -0.49923086166381836 0.7802847027778625 0.1731613129377365 -0.8553401231765747 -0.13590990006923676 -0.49992164969444275 -0.3533492386341095 0.355624794960022 -0.8557434678077698 -0.37581098079681396 -3.6131019592285156
-0.3767186999320984 -0.49923473596572876 0.7802867889404297 0.17316840589046478 -0.8553503751754761 -0.13589724898338318 -0.4999074935913086 -0.3533550202846527 0.35561010241508484 -0.8557432293891907 -0.3758254945278168 -3.6130926609039307
-0.3767993450164795 -0.49921128153800964 0.7802628874778748 0.17314870655536652 -0.8553193211555481 -0.13586273789405823 -0.49997004866600037 -0.3534005284309387 0.35559940338134766 -0.8557623624801636 -0.3757919669151306 -3.6130244731903076
-0.3768065273761749 -0.49922361969947815 0.7802515029907227 0.1731511503458023 -0.8553065061569214 -0.13587450981140137 -0.49998870491981506 -0.3534122109413147 0.3556225299835205 -0.8557533025741577 -0.3757907450199127 -3.613008737564087
-0.3767492175102234 -0.4992140829563141 0.7802852988243103 0.17314526438713074 -0.8553140163421631 -0.13595089316368103 -0.49995508790016174 -0.3534086048603058 0.3556651771068573 -0.8557467460632324 -0.375765323638916 -3.6129913330078125
-0.3767699897289276 -0.4991968274116516 0.7802863121032715 0.17314185202121735 -0.8553126454353333 -0.1359332948923111 -0.4999622702598572 -0.3534165024757385 0.355646550655365 -0.8557596206665039 -0.3757537007331848 -3.6129720211029053
-0.3767249882221222 -0.4992586374282837 0.7802684903144836 0.17312458157539368 -0.8552694916725159 -0.13606688380241394 -0.4999997615814209 -0.353384405374527 0.35579800605773926 -0.85570228099823 -0.37574079632759094 -3.613147497177124
-0.37673550844192505 -0.4992506206035614 0.7802685499191284 0.17312048375606537 -0.8552654385566711 -0.1360655277967453 -0.5000070333480835 -0.35338521003723145 0.35579654574394226 -0.8557072281837463 -0.3757309913635254 -3.6131393909454346
-0.37674403190612793 -0.49921098351478577 0.7802897691726685 0.17316055297851562 -0.8552647233009338 -0.13607953488826752 -0.5000044703483582 -0.3533530831336975 0.35578927397727966 -0.8557280898094177 -0.3756902813911438 -3.6131303310394287
-0.37675103545188904 -0.4992028772830963 0.7802915573120117 0.1731608659029007 -0.8552624583244324 -0.13607929646968842 -0.5000083446502686 -0.35334885120391846 0.3557872176170349 -0.8557328581809998 -0.37568140029907227 -3.613121509552002
-0.3766542077064514 -0.49925386905670166 0.7803056836128235 0.17312327027320862 -0.8552733063697815 -0.13616973161697388 -0.4999651610851288 -0.3533306419849396 0.35586366057395935 -0.855688750743866 -0.37570953369140625 -3.6132302284240723
-0.3766718804836273 -0.49923235177993774 0.7803109288215637 0.17313548922538757 -0.855272114276886 -0.13615915179252625 -0.49997007846832275 -0.3533300757408142 0.3558478057384491 -0.8557029962539673 -0.37569209933280945 -3.6133131980895996
-0.3766539394855499 -0.4992411732673645 0.7803139686584473 0.17313252389431 -0.8552871942520142 -0.13614490628242493 -0.4999482035636902 -0.3533269464969635 0.355830579996109 -0.8557000756263733 -0.3757149875164032 -3.613316059112549
-0.3766777217388153 -0.4992286264896393 0.7803105115890503 0.17312408983707428 -0.8552770018577576 -0.1361408829689026 -0.4999667704105377 -0.3533211946487427 0.35582995414733887 -0.8557080626487732 -0.37569743394851685 -3.613314628601074
-0.376682847738266 -0.49919354915618896 0.78033047914505 0.1731247454881668 -0.8552820682525635 -0.1361432820558548 -0.49995744228363037 -0.35331329703330994 0.3558123707771301 -0.8557281494140625 -0.37566837668418884 -3.6133644580841064
-0.37665268778800964 -0.4992867112159729 0.7802854180335999 0.1731042116880417 -0.8552511930465698 -0.13620421290397644 -0.49999362230300903 -0.35331669449806213 0.35591840744018555 -0.855664074420929 -0.3757137954235077 -3.6133782863616943
-0.376646488904953 -0.4992946684360504 0.7802833318710327 0.17309586703777313 -0.8552557826042175 -0.13619770109653473 -0.4999876022338867 -0.35330888628959656 0.35591402649879456 -0.8556604981422424 -0.3757261633872986 -3.6133804321289062
-0.37662091851234436 -0.4992510676383972 0.7803235650062561 0.17308805882930756 -0.8553130030632019 -0.13612747192382812 -0.4999088644981384 -0.35331663489341736 0.35580357909202576 -0.8556970953941345 -0.3757473826408386 -3.6132497787475586
-0.3766167163848877 -0.4992501437664032 0.7803261876106262 0.1730789691209793 -0.8553257584571838 -0.1361037790775299 -0.4998933970928192 -0.3533099591732025 0.3557772636413574 -0.8557013869285583 -0.3757624924182892 -3.6132395267486572
-0.3766157627105713 -0.49926987290382385 0.780314028263092 0.1731119453907013 -0.8552966713905334 -0.1361626535654068 -0.49992722272872925 -0.35329195857048035 0.3558483123779297 -0.855680525302887 -0.37574276328086853 -3.6132493019104004
-0.37662434577941895 -0.49928009510040283 0.7803032994270325 0.17310836911201477 -0.8552970290184021 -0.13614192605018616 -0.499932199716568 -0.3532779812812805 0.35583826899528503 -0.8556778430938721 -0.3757583498954773 -3.6132402420043945
-0.37661415338516235 -0.4993588924407959 0.7802578210830688 0.17312583327293396 -0.8552601337432861 -0.13619589805603027 -0.499980628490448 -0.3533388674259186 0.35593777894973755 -0.8556233048439026 -0.3757883310317993 -3.613283634185791
-0.37659528851509094 -0.4993710517883301 0.7802591323852539 0.17312586307525635 -0.8552646040916443 -0.1362064629793167 -0.49997013807296753 -0.3533352017402649 0.3559470474720001 -0.8556144833564758 -0.3757995665073395 -3.6132760047912598
-0.3766199052333832 -0.4993308484554291 0.7802730202674866 0.17313732206821442 -0.855272114276886 -0.13617616891860962 -0.49996548891067505 -0.3532814383506775 0.35590285062789917 -0.8556427955627441 -0.375777006149292 -3.6133337020874023
-0.3766232132911682 -0.4993323087692261 0.7802704572677612 0.1731368899345398 -0.8552736043930054 -0.13616648316383362 -0.49996551871299744 -0.3532724678516388 0.3558956980705261 -0.8556435108184814 -0.37578222155570984 -3.61332368850708
-0.37665677070617676 -0.49930649995803833 0.7802707552909851 0.17314903438091278 -0.8552744388580322 -0.13612933456897736 -0.49997422099113464 -0.3532804250717163 0.3558582067489624 -0.8556644320487976 -0.3757699728012085 -3.6134181022644043
-0.3766312301158905 -0.4993298649787903 0.780268132686615 0.17314966022968292 -0.8552936911582947 -0.13610747456550598 -0.49994727969169617 -0.3532732129096985 0.3558390140533447 -0.8556542992591858 -0.37581124901771545 -3.6134135723114014
-0.37673279643058777 -0.4992673397064209 0.7802591323852539 0.1731845885515213 -0.8553091287612915 -0.1359539031982422 -0.4999626576900482 -0.35328784584999084 0.35569438338279724 -0.8557152152061462 -0.37580952048301697 -3.613337755203247
-0.3766863942146301 -0.49928975105285645 0.7802671790122986 0.17315486073493958 -0.8553158044815063 -0.13599498569965363 -0.49994006752967834 -0.3533322513103485 0.3557274639606476 -0.8556956052780151 -0.37582287192344666 -3.613186836242676
-0.376691609621048 -0.49928751587867737 0.7802661061286926 0.1731530725955963 -0.8553116321563721 -0.1359984278678894 -0.499946266412735 -0.3533353805541992 0.3557319939136505 -0.8556963205337524 -0.37581688165664673 -3.6131606101989746
-0.3766630291938782 -0.49929800629615784 0.7802731990814209 0.17314958572387695 -0.8553308844566345 -0.13598939776420593 -0.49991574883461 -0.35333332419395447 0.35571590065956116 -0.85569167137146 -0.37584275007247925 -3.6131327152252197
-0.37674427032470703 -0.4992389976978302 0.7802717089653015 0.17318351566791534 -0.8553322553634644 -0.13589870929718018 -0.49993810057640076 -0.35333624482154846 0.3556266129016876 -0.855740487575531 -0.37581607699394226 -3.613081216812134
-0.3767719566822052 -0.4992913603782654 0.7802248597145081 0.17317570745944977 -0.8552873134613037 -0.13593065738677979 -0.5000063180923462 -0.35334447026252747 0.3557054102420807 -0.8557049036026001 -0.37582260370254517 -3.613069772720337
-0.3767492175102234 -0.49928784370422363 0.7802380919456482 0.17317715287208557 -0.8552941083908081 -0.13595162332057953 -0.49998900294303894 -0.3533436954021454 0.3557131588459015 -0.855703592300415 -0.3758181631565094 -3.6130504608154297
-0.3766576647758484 -0.4993251860141754 0.7802584171295166 0.17315220832824707 -0.8552892208099365 -0.1360805481672287 -0.49996230006217957 -0.35331571102142334 0.3558218479156494 -0.8556613326072693 -0.3758115768432617 -3.6131057739257812
-0.3766425848007202 -0.4993027150630951 0.7802800536155701 0.17315247654914856 -0.8553038835525513 -0.13608293235301971 -0.499936580657959 -0.3533097505569458 0.3558025658130646 -0.8556740283966064 -0.37580081820487976 -3.6130900382995605
-0.37658971548080444 -0.4993278682231903 0.7802894711494446 0.1731342226266861 -0.8553223013877869 -0.13610388338565826 -0.4998992681503296 -0.353312224149704 0.355814129114151 -0.8556560277938843 -0.37583085894584656 -3.613025665283203
-0.3765934705734253 -0.49931150674819946 0.780298113822937 0.1731305569410324 -0.855340838432312 -0.1360640823841095 -0.499878466129303 -0.3533081114292145 0.355765700340271 -0.8556718826293945 -0.37584060430526733 -3.613004207611084
-0.3766104280948639 -0.49928224086761475 0.7803086638450623 0.17311115562915802 -0.8553031086921692 -0.13614732027053833 -0.4999202787876129 -0.35331061482429504 0.3558383285999298 -0.8556757569313049 -0.37576308846473694 -3.6132044792175293
-0.376600444316864 -0.4992806911468506 0.7803145051002502 0.1731065958738327 -0.8553175330162048 -0.13612902164459229 -0.49990057945251465 -0.35330578684806824 0.35581424832344055 -0.8556795716285706 -0.3757772147655487 -3.6132004261016846
-0.37664899230003357 -0.4992634356021881 0.780302107334137 0.1731175035238266 -0.8553220629692078 -0.1360543817281723 -0.49991315603256226 -0.35330691933631897 0.35575196146965027 -0.8557015061378479 -0.3757862150669098 -3.6131820678710938
-0.3766346871852875 -0.4992494285106659 0.7803179621696472 0.17311201989650726 -0.8553382158279419 -0.1360466480255127 -0.4998876750469208 -0.3533022999763489 0.3557283580303192 -0.8557109236717224 -0.3757871389389038 -3.613173007965088
-0.37672191858291626 -0.49928832054138184 0.7802509665489197 0.17315320670604706 -0.8552998304367065 -0.1359795778989792 -0.4999715983867645 -0.3533235490322113 0.35572826862335205 -0.8556988835334778 -0.37581464648246765 -3.613247871398926
-0.3766970932483673 -0.4992932975292206 0.7802597284317017 0.1731863021850586 -0.8553259968757629 -0.13595165312290192 -0.4999343752861023 -0.35333216190338135 0.3556915819644928 -0.8557003736495972 -0.37584587931632996 -3.6131699085235596
-0.3767212927341461 -0.499290406703949 0.7802499532699585 0.1731926053762436 -0.8553163409233093 -0.13593946397304535 -0.4999542236328125 -0.3533300757408142 0.3556891679763794 -0.8557040095329285 -0.37583988904953003 -3.6131536960601807
-0.3767315745353699 -0.49930423498153687 0.7802361249923706 0.1731576770544052 -0.855294406414032 -0.13596759736537933 -0.49998414516448975 -0.3533326983451843 0.35573112964630127 -0.8556914925575256 -0.37582874298095703 -3.613131284713745
-0.3767416775226593 -0.4993059039115906 0.7802301645278931 0.1731533408164978 -0.8552913069725037 -0.13595843315124512 -0.4999919533729553 -0.3533276915550232 0.355727881193161 -0.8556919693946838 -0.37583068013191223 -3.613116979598999
-0.37666764855384827 -0.4994046092033386 0.7802027463912964 0.17317594587802887 -0.8552661538124084 -0.136069655418396 -0.5000046491622925 -0.3533709943294525 0.3558666408061981 -0.8556166887283325 -0.3758707344532013 -3.6130716800689697
-0.3766844868659973 -0.4993642270565033 0.7802204489707947 0.17318400740623474 -0.8552652597427368 -0.13607174158096313 -0.5000056028366089 -0.3533748686313629 0.3558509647846222 -0.8556399345397949 -0.3758326768875122 -3.613055467605591
-0.37663254141807556 -0.49934062361717224 0.7802606225013733 0.1731351763010025 -0.855313241481781 -0.13605163991451263 -0.4999291002750397 -0.35333898663520813 0.35579073429107666 -0.8556569218635559 -0.3758510649204254 -3.6130661964416504
-0.3766331076622009 -0.49936428666114807 0.7802452445030212 0.17313586175441742 -0.8553118109703064 -0.13603892922401428 -0.4999349117279053 -0.3533373475074768 0.35579344630241394 -0.8556451201438904 -0.3758753538131714 -3.6130547523498535
-0.3767227828502655 -0.49932441115379333 0.7802274823188782 0.17316153645515442 -0.855293869972229 -0.13596946001052856 -0.4999845325946808 -0.35335278511047363 0.3557416796684265 -0.855679452419281 -0.3758462369441986 -3.612992525100708
-0.37653279304504395 -0.49947574734687805 0.7802222967147827 0.1731753796339035 -0.855293869972229 -0.13616521656513214 -0.4999312460422516 -0.3533497750759125 0.3559427559375763 -0.8555599451065063 -0.37592780590057373 -3.6130306720733643
-0.37655961513519287 -0.49948957562446594 0.7802004814147949 0.17314712703227997 -0.8552680611610413 -0.1361771523952484 -0.4999721944332123 -0.35330677032470703 0.3559764623641968 -0.8555499911308289 -0.37591856718063354 -3.613081216812134
-0.3765673041343689 -0.49949121475219727 0.7801957130432129 0.17315125465393066 -0.8552626371383667 -0.13617725670337677 -0.49998146295547485 -0.35329777002334595 0.35598134994506836 -0.8555490374565125 -0.37591618299484253 -3.613077163696289
-0.3766781985759735 -0.4993850588798523 0.7802101969718933 0.17311647534370422 -0.8552688360214233 -0.13605955243110657 -0.5000028610229492 -0.3532995581626892 0.35584908723831177 -0.8556297421455383 -0.37585771083831787 -3.613008737564087
-0.3766559660434723 -0.49931031465530396 0.7802687287330627 0.17311809957027435 -0.8553105592727661 -0.13604134321212769 -0.49993643164634705 -0.3532712757587433 0.35577231645584106 -0.8556762337684631 -0.375824511051178 -3.6130919456481934
-0.3766595423221588 -0.4993212819099426 0.7802599668502808 0.1731141060590744 -0.8552980422973633 -0.13605885207653046 -0.4999530613422394 -0.35325726866722107 0.3557985723018646 -0.8556670546531677 -0.3758205771446228 -3.6130874156951904
-0.3766366243362427 -0.4993401765823364 0.7802589535713196 0.17311739921569824 -0.8552786111831665 -0.13612884283065796 -0.4999672770500183 -0.3533321022987366 0.3558695912361145 -0.8556448817253113 -0.37580376863479614 -3.613093376159668
-0.37665215134620667 -0.4993397891521454 0.780251681804657 0.1731138676404953 -0.855266809463501 -0.13613353669643402 -0.4999861717224121 -0.3533315658569336 0.3558815121650696 -0.8556443452835083 -0.3757936656475067 -3.613086700439453
-0.3766849637031555 -0.49940064549446106 0.7801969051361084 0.17313963174819946 -0.855217456817627 -0.1361626386642456 -0.5000627040863037 -0.3533194065093994 0.35596540570259094 -0.8556042313575745 -0.37580564618110657 -3.6131081581115723
-0.37666794657707214 -0.49940595030784607 0.7802017331123352 0.17314571142196655 -0.855223536491394 -0.136170893907547 -0.5000500679016113 -0.3533165752887726 0.3559688329696655 -0.8555998206138611 -0.3758124113082886 -3.6131033897399902
-0.37673676013946533 -0.4993675947189331 0.780193030834198 0.17319725453853607 -0.8552272319793701 -0.1360805630683899 -0.5000683069229126 -0.3532971143722534 0.35588711500167847 -0.8556365370750427 -0.37580612301826477 -3.6131415367126465
-0.37674129009246826 -0.49936822056770325 0.7801904678344727 0.17320889234542847 -0.8552238941192627 -0.13608118891716003 -0.5000738501548767 -0.35329148173332214 0.35589033365249634 -0.8556360602378845 -0.3758041560649872 -3.6131367683410645
-0.37673214077949524 -0.499286025762558 0.7802475094795227 0.17320525646209717 -0.8552635312080383 -0.13605256378650665 -0.5000138282775879 -0.3532834053039551 0.3558046519756317 -0.8556886315345764 -0.37576568126678467 -3.6132102012634277
-0.3766416013240814 -0.49935203790664673 0.7802489995956421 0.17317375540733337 -0.8552554249763489 -0.13616931438446045 -0.4999958872795105 -0.3532838225364685 0.3559200167655945 -0.8556315302848816 -0.3757864236831665 -3.6132702827453613
-0.3766396939754486 -0.4993525743484497 0.7802495360374451 0.17317013442516327 -0.8552517890930176 -0.13618065416812897 -0.4999990463256836 -0.35327598452568054 0.35593080520629883 -0.8556293845176697 -0.3757810592651367 -3.6132709980010986
-0.3766254782676697 -0.49935775995254517 0.7802530527114868 0.17316502332687378 -0.8552641272544861 -0.13616959750652313 -0.49998098611831665 -0.35326552391052246 0.35591620206832886 -0.8556281328201294 -0.37579774856567383 -3.6132709980010986
-0.3766612708568573 -0.49929574131965637 0.7802755236625671 0.17311011254787445 -0.8552882075309753 -0.13609623908996582 -0.49995970726013184 -0.3533332049846649 0.3558203876018524 -0.855675995349884 -0.37577947974205017 -3.6131951808929443
-0.3766767084598541 -0.499294251203537 0.7802689671516418 0.1730956882238388 -0.8552886843681335 -0.1360723376274109 -0.49996545910835266 -0.3533324599266052 0.3558030128479004 -0.8556806445121765 -0.37578535079956055 -3.6131906509399414
-0.37665310502052307 -0.4992412030696869 0.7803143262863159 0.17307870090007782 -0.8553208708763123 -0.13606518507003784 -0.499912291765213 -0.35333529114723206 0.35575050115585327 -0.8557127714157104 -0.3757619559764862 -3.613152503967285
-0.3765825629234314 -0.4993232786655426 0.7802958488464355 0.1731090396642685 -0.8553308844566345 -0.136097252368927 -0.4998864531517029 -0.35329049825668335 0.35580116510391235 -0.8556597828865051 -0.3758346736431122 -3.613006591796875
-0.3766060173511505 -0.4993128478527069 0.7802911996841431 0.1731041520833969 -0.8553218245506287 -0.13608957827091217 -0.4999040365219116 -0.35328149795532227 0.3557980954647064 -0.8556670546531677 -0.37582096457481384 -3.612989664077759
-0.37657561898231506 -0.4992791712284088 0.7803274393081665 0.17310769855976105 -0.855335533618927 -0.13612499833106995 -0.4998709261417389 -0.3533053398132324 0.35579729080200195 -0.8556811213493347 -0.3757897615432739 -3.6129322052001953
-0.3765704035758972 -0.49927836656570435 0.78033047914505 0.17310069501399994 -0.8553337454795837 -0.13613790273666382 -0.49987050890922546 -0.3533007800579071 0.3558071553707123 -0.8556795120239258 -0.3757840394973755 -3.6129150390625
-0.3766094744205475 -0.4993206560611725 0.780284583568573 0.17311853170394897 -0.8553053736686707 -0.13611888885498047 -0.4999242424964905 -0.3533325791358948 0.35583406686782837 -0.8556578755378723 -0.37580788135528564 -3.6130495071411133
-0.3766167163848877 -0.49934154748916626 0.7802677154541016 0.17311924695968628 -0.8552960753440857 -0.13611659407615662 -0.4999407231807709 -0.3533342480659485 0.35584864020347595 -0.855646014213562 -0.37582099437713623 -3.613044500350952
-0.37666648626327515 -0.4993252754211426 0.780254065990448 0.17317204177379608 -0.8552975654602051 -0.13604670763015747 -0.4999571442604065 -0.35335180163383484 0.3557923138141632 -0.8556666374206543 -0.3758273720741272 -3.6129984855651855
-0.3766913414001465 -0.49932053685188293 0.7802451252937317 0.17317771911621094 -0.8552873134613037 -0.13603609800338745 -0.49997758865356445 -0.35335463285446167 0.3557906448841095 -0.8556711077690125 -0.37581881880760193 -3.6129860877990723
-0.376584529876709 -0.49936792254447937 0.7802663445472717 0.17315232753753662 -0.8552539348602295 -0.1362505555152893 -0.4999762773513794 -0.35332173109054565 0.3559839129447937 -0.8556092977523804 -0.375776469707489 -3.6131253242492676
-0.37660035490989685 -0.4993668496608734 0.7802594304084778 0.17315156757831573 -0.8552408814430237 -0.1362583041191101 -0.499996542930603 -0.35332077741622925 0.35599860548973083 -0.8556087017059326 -0.3757639229297638 -3.613128662109375
-0.3765440285205841 -0.49931809306144714 0.7803177833557129 0.17312252521514893 -0.855305016040802 -0.13622219860553741 -0.49989670515060425 -0.35332947969436646 0.35590416193008423 -0.8556429147720337 -0.3757755160331726 -3.6130871772766113
-0.37651368975639343 -0.4993322491645813 0.7803233861923218 0.17312492430210114 -0.8553271293640137 -0.13620661199092865 -0.49986305832862854 -0.35332190990448 0.35588303208351135 -0.8556371331214905 -0.3758086860179901 -3.613107204437256
-0.376601904630661 -0.4992096722126007 0.7803592085838318 0.17313875257968903 -0.8553602695465088 -0.13606959581375122 -0.4998437166213989 -0.35329291224479675 0.35571008920669556 -0.855730414390564 -0.37575995922088623 -3.6130876541137695
-0.37668314576148987 -0.49916067719459534 0.7803513407707214 0.17313289642333984 -0.8553531765937805 -0.13599279522895813 -0.4998767375946045 -0.3533185124397278 0.35564106702804565 -0.8557712435722351 -0.3757323920726776 -3.6129932403564453
-0.3766893148422241 -0.49915724992752075 0.7803505659103394 0.173130065202713 -0.8553522229194641 -0.13598772883415222 -0.49987971782684326 -0.3533181846141815 0.3556367754936218 -0.8557740449905396 -0.37573006749153137 -3.612985849380493
-0.3767409920692444 -0.49915507435798645 0.7803270220756531 0.1731174886226654 -0.8553599119186401 -0.13589103519916534 -0.4998928904533386 -0.3533310294151306 0.35556361079216003 -0.8557906746864319 -0.3757614195346832 -3.6130521297454834
-0.3767583966255188 -0.49915841221809387 0.7803164720535278 0.17311255633831024 -0.8553497791290283 -0.1358863115310669 -0.49991142749786377 -0.35333430767059326 0.35556942224502563 -0.8557894825935364 -0.37575864791870117 -3.613046169281006
-0.37677446007728577 -0.4991583228111267 0.7803087830543518 0.17312771081924438 -0.8553311824798584 -0.1359063684940338 -0.4999378025531769 -0.3533388674259186 0.3555971384048462 -0.8557863235473633 -0.37573954463005066 -3.6131677627563477
-0.37676799297332764 -0.49914318323135376 0.7803215980529785 0.17313328385353088 -0.8553382158279419 -0.13590914011001587 -0.49992501735687256 -0.35334575176239014 0.35558709502220154 -0.8557947278022766 -0.3757299482822418 -3.613171339035034
-0.37678858637809753 -0.499167799949646 0.7802959084510803 0.17314015328884125 -0.8553262948989868 -0.1358904242515564 -0.4999505877494812 -0.353360116481781 0.35559403896331787 -0.8557833433151245 -0.37574928998947144 -3.613199234008789
-0.37672898173332214 -0.49922478199005127 0.7802882194519043 0.1731441766023636 -0.8553099632263184 -0.13598507642745972 -0.4999527931213379 -0.35336634516716003 0.3556964695453644 -0.8557350635528564 -0.37576231360435486 -3.6132302284240723
-0.3767462372779846 -0.4991958737373352 0.7802983522415161 0.1731509566307068 -0.8553088307380676 -0.13597968220710754 -0.4999561607837677 -0.35331371426582336 0.3556808531284332 -0.8557527661323547 -0.3757367432117462 -3.6132140159606934
-0.3767191767692566 -0.4992554485797882 0.7802733182907104 0.17313772439956665 -0.8552865982055664 -0.136036679148674 -0.4999786615371704 -0.35333511233329773 0.35576295852661133 -0.8557089567184448 -0.3757587671279907 -3.6132302284240723
-0.37681636214256287 -0.4991961419582367 0.7802643775939941 0.1731247752904892 -0.8552910685539246 -0.135914146900177 -0.5000043511390686 -0.35336533188819885 0.35564929246902466 -0.8557630777359009 -0.37574324011802673 -3.613158941268921
-0.37678107619285583 -0.4992550015449524 0.7802436947822571 0.17308387160301208 -0.855279803276062 -0.13595785200595856 -0.5000117421150208 -0.35341301560401917 0.35571369528770447 -0.8557217717170715 -0.3757762908935547 -3.613156795501709
-0.37685298919677734 -0.4991653859615326 0.7802663445472717 0.17309941351413727 -0.8553100228309631 -0.1358317732810974 -0.4999943673610687 -0.3534187376499176 0.3555649220943451 -0.8557940721511841 -0.37575244903564453 -3.6130964756011963
