# 3x4 first row second row third row Freq: 100 current Time: 2021-07-30-18:58:44
-0.014315457083284855 0.18509823083877563 -0.9826156497001648 -0.06933017820119858 0.07750484347343445 -0.9795542359352112 -0.18565072119235992 -0.5837959051132202 -0.9968891143798828 -0.07881516963243484 -0.00032310516689904034 -2.3606669902801514
-0.014161933213472366 0.18512193858623505 -0.9826134443283081 -0.06933081895112991 0.07756386697292328 -0.979547381401062 -0.18566220998764038 -0.5837625861167908 -0.9968867301940918 -0.07884465157985687 -0.0004863500071223825 -2.3605809211730957
-0.014234410598874092 0.18502433598041534 -0.9826307892799377 -0.06930875033140182 0.0775483176112175 -0.9795659780502319 -0.1855706423521042 -0.5837718844413757 -0.9968869090080261 -0.07884287089109421 -0.00040464362245984375 -2.360551118850708
-0.014150096103549004 0.18510156869888306 -0.9826174378395081 -0.06932786852121353 0.07762979716062546 -0.9795461893081665 -0.18564094603061676 -0.5837852954864502 -0.9968817830085754 -0.07890724390745163 -0.0005085848970338702 -2.3605384826660156
-0.014261936768889427 0.18500827252864838 -0.9826334118843079 -0.06930552423000336 0.07758139818906784 -0.9795659780502319 -0.1855567842721939 -0.5837487578392029 -0.9968839287757874 -0.07888048887252808 -0.00038255384424701333 -2.3605282306671143
-0.0141243701800704 0.18509596586227417 -0.9826188683509827 -0.06935388594865799 0.07760356366634369 -0.9795497059822083 -0.1856333464384079 -0.5837369561195374 -0.9968841671943665 -0.07887669652700424 -0.0005284450598992407 -2.360548257827759
-0.014192535541951656 0.1850741058588028 -0.9826220273971558 -0.06934578716754913 0.07758232951164246 -0.9795545339584351 -0.18561692535877228 -0.5836907029151917 -0.9968848824501038 -0.07886850088834763 -0.000455979083199054 -2.3605523109436035
-0.014074455946683884 0.18515703082084656 -0.9826080799102783 -0.06939029693603516 0.07762061059474945 -0.9795376062393188 -0.1856902688741684 -0.583687424659729 -0.9968835711479187 -0.07888414710760117 -0.0005854034679941833 -2.3605642318725586
-0.014139051549136639 0.18501625955104828 -0.982633650302887 -0.0693712905049324 0.07756585627794266 -0.9795675277709961 -0.18555507063865662 -0.5836691856384277 -0.9968869090080261 -0.0788424164056778 -0.0005006513674743474 -2.3605546951293945
-0.014006977900862694 0.18505536019802094 -0.9826282262802124 -0.06941288709640503 0.07757370918989182 -0.9795615077018738 -0.18558362126350403 -0.5836675763130188 -0.9968881607055664 -0.07882560044527054 -0.0006345963338389993 -2.3605709075927734
-0.0141864363104105 0.18506677448749542 -0.9826234579086304 -0.06939633190631866 0.07751540839672089 -0.9795612692832947 -0.18560917675495148 -0.5836573839187622 -0.996890127658844 -0.07880160957574844 -0.00044890487333759665 -2.3605575561523438
-0.014154327102005482 0.18500907719135284 -0.9826347827911377 -0.0693582147359848 0.07754522562026978 -0.9795703291893005 -0.18554912507534027 -0.5837228894233704 -0.996888279914856 -0.0788249745965004 -0.00048127342597581446 -2.360541582107544
-0.01412008237093687 0.18506699800491333 -0.9826244115829468 -0.06939931958913803 0.07758985459804535 -0.9795563817024231 -0.18560412526130676 -0.5837235450744629 -0.9968852996826172 -0.07886244356632233 -0.0005277657182887197 -2.360544443130493
-0.014199476689100266 0.18505388498306274 -0.9826257228851318 -0.06939778476953506 0.07753399014472961 -0.9795620441436768 -0.18559736013412476 -0.583697497844696 -0.9968885183334351 -0.0788222923874855 -0.0004385588981676847 -2.360537528991699
-0.014083899557590485 0.1851283311843872 -0.9826133847236633 -0.06951223313808441 0.07761092483997345 -0.9795436263084412 -0.1856624037027359 -0.5836468935012817 -0.9968841671943665 -0.07887640595436096 -0.0005720484186895192 -2.360546827316284
-0.014091180637478828 0.1850634664297104 -0.9826254844665527 -0.06944967806339264 0.07764565199613571 -0.9795530438423157 -0.18559829890727997 -0.5836928486824036 -0.996881365776062 -0.0789119154214859 -0.0005661760224029422 -2.360551357269287
-0.014173262752592564 0.1848946511745453 -0.9826560616493225 -0.06939360499382019 0.07761595398187637 -0.9795860052108765 -0.18543650209903717 -0.5837047696113586 -0.9968824982643127 -0.07889804989099503 -0.00046670681331306696 -2.3605542182922363
-0.01413156557828188 0.18501810729503632 -0.9826334118843079 -0.06942199915647507 0.07754766941070557 -0.9795687198638916 -0.1855563223361969 -0.5836992859840393 -0.9968883991241455 -0.07882315665483475 -0.0005047451704740524 -2.360530138015747
-0.014249501749873161 0.1849764883518219 -0.9826395511627197 -0.06937117129564285 0.07751946896314621 -0.9795770645141602 -0.1855241358280182 -0.583690345287323 -0.9968889355659485 -0.07881733775138855 -0.00038065522676333785 -2.3605358600616455
-0.013978413306176662 0.18501430749893188 -0.9826363325119019 -0.06939581036567688 0.07758451998233795 -0.9795688390731812 -0.18554043769836426 -0.5836836099624634 -0.9968876838684082 -0.07883094996213913 -0.0006612902507185936 -2.3605377674102783
-0.0140969417989254 0.18497295677661896 -0.982642412185669 -0.06929300725460052 0.07755567878484726 -0.9795771837234497 -0.1855085790157318 -0.5837119221687317 -0.996888279914856 -0.07882462441921234 -0.0005365231772884727 -2.360537052154541
-0.013975278474390507 0.18500757217407227 -0.9826376438140869 -0.0693536177277565 0.07758231461048126 -0.9795703291893005 -0.18553347885608673 -0.5837306380271912 -0.9968879222869873 -0.07882820814847946 -0.0006634089513681829 -2.3605682849884033
-0.014080020599067211 0.18501916527748108 -0.9826339483261108 -0.06930257380008698 0.07764364033937454 -0.9795617461204529 -0.18555325269699097 -0.5837674140930176 -0.9968816637992859 -0.07890789210796356 -0.0005731736309826374 -2.3605663776397705
-0.014131092466413975 0.1849924921989441 -0.9826382398605347 -0.06929924339056015 0.07756038010120392 -0.979572594165802 -0.18553075194358826 -0.5837838649749756 -0.9968874454498291 -0.07883556932210922 -0.000505519041325897 -2.3605377674102783
-0.014029787853360176 0.18511925637722015 -0.9826158285140991 -0.06934631615877151 0.07748373597860336 -0.9795562028884888 -0.18564917147159576 -0.5837893486022949 -0.9968948364257812 -0.07874138653278351 -0.0006006268667988479 -2.3605844974517822
-0.014147614128887653 0.185104638338089 -0.9826169013977051 -0.06924581527709961 0.07748867571353912 -0.9795568585395813 -0.18564386665821075 -0.5838149785995483 -0.9968927502632141 -0.07876811921596527 -0.00048498291289433837 -2.360610008239746
-0.014043106697499752 0.18518631160259247 -0.9826030135154724 -0.06926668435335159 0.07752674072980881 -0.9795399308204651 -0.18571704626083374 -0.5838120579719543 -0.9968913197517395 -0.07878606766462326 -0.0006009680218994617 -2.3605852127075195
-0.014140660874545574 0.18517720699310303 -0.9826033115386963 -0.06927724182605743 0.07752079516649246 -0.9795407056808472 -0.18571564555168152 -0.5838139653205872 -0.9968903660774231 -0.07879834622144699 -0.0005035930080339313 -2.3605542182922363
-0.014071580022573471 0.185237318277359 -0.9825929999351501 -0.06931866705417633 0.07754714041948318 -0.9795282483100891 -0.18577012419700623 -0.583854079246521 -0.9968892931938171 -0.07881137728691101 -0.0005809756694361567 -2.3605568408966064
-0.014198752120137215 0.18520207703113556 -0.982597827911377 -0.06931443512439728 0.07751293480396271 -0.9795357584953308 -0.1857450306415558 -0.5838297605514526 -0.9968901872634888 -0.07880140841007233 -0.0004472335276659578 -2.3605539798736572
-0.014101299457252026 0.18532684445381165 -0.9825756549835205 -0.06937584280967712 0.07754476368427277 -0.9795110821723938 -0.1858617216348648 -0.5838500261306763 -0.996889054775238 -0.07881450653076172 -0.000558608619030565 -2.3605878353118896
-0.01423724740743637 0.18530549108982086 -0.9825777411460876 -0.06938181817531586 0.07749217003583908 -0.9795172214508057 -0.18585115671157837 -0.5838136076927185 -0.99689120054245 -0.07878810912370682 -0.0004139572265557945 -2.360604763031006
-0.014251740649342537 0.18536023795604706 -0.9825671911239624 -0.0694117322564125 0.07751459628343582 -0.9795048832893372 -0.18590687215328217 -0.5837699174880981 -0.9968892931938171 -0.07881281524896622 -0.00040833427920006216 -2.36051869392395
-0.014351358637213707 0.1853596717119217 -0.9825658798217773 -0.06934382766485214 0.0774749144911766 -0.9795066714286804 -0.18591417372226715 -0.5838503241539001 -0.9968909621238708 -0.07879234105348587 -0.0003033342945855111 -2.360518455505371
-0.01446158904582262 0.18527516722679138 -0.9825801849365234 -0.06928259134292603 0.07741376757621765 -0.9795258045196533 -0.18583862483501434 -0.5838245749473572 -0.996894121170044 -0.0787527784705162 -0.00017721015319693834 -2.3605499267578125
-0.014449539594352245 0.18529090285301208 -0.982577383518219 -0.06931482255458832 0.07743915915489197 -0.9795210361480713 -0.18585336208343506 -0.5837863087654114 -0.9968922734260559 -0.07877548784017563 -0.0001950063742697239 -2.360525369644165
-0.014512407593429089 0.18532826006412506 -0.9825694561004639 -0.06929334253072739 0.07742414623498917 -0.9795141816139221 -0.18589556217193604 -0.5837560892105103 -0.9968925714492798 -0.0787724107503891 -0.0001336349087068811 -2.3605291843414307
-0.01443016529083252 0.18538399040699005 -0.9825601577758789 -0.06932462751865387 0.07739094644784927 -0.9795075058937073 -0.18594463169574738 -0.5837531089782715 -0.9968963265419006 -0.07872448861598969 -0.00021244838717393577 -2.3605453968048096
-0.014499400742352009 0.18529963493347168 -0.982574999332428 -0.06932096928358078 0.07738000899553299 -0.9795233011245728 -0.18586601316928864 -0.5837299823760986 -0.9968961477279663 -0.078726626932621 -0.00013584864791482687 -2.360521078109741
-0.014421793632209301 0.1853448748588562 -0.9825676083564758 -0.06934918463230133 0.07736166566610336 -0.9795173406600952 -0.18590500950813293 -0.5837540030479431 -0.9968987107276917 -0.0786941722035408 -0.00021205378288868815 -2.360555648803711
-0.014506696723401546 0.18532794713974 -0.9825695753097534 -0.06933867931365967 0.07731663435697556 -0.9795228242874146 -0.18589480221271515 -0.5837358236312866 -0.9969009757041931 -0.07866570353507996 -0.00011915260256500915 -2.3605504035949707
-0.01447047758847475 0.18532975018024445 -0.9825697541236877 -0.06928635388612747 0.07737869769334793 -0.9795181155204773 -0.18589374423027039 -0.5837502479553223 -0.9968966841697693 -0.07871995866298676 -0.0001663414586801082 -2.3604791164398193
-0.014311394654214382 0.18539391458034515 -0.9825599789619446 -0.06929823011159897 0.07744397968053818 -0.9795032143592834 -0.18594516813755035 -0.5837799310684204 -0.9968939423561096 -0.07875450700521469 -0.0003394465602468699 -2.360499143600464
-0.014395320788025856 0.1853405386209488 -0.9825688600540161 -0.06930189579725266 0.07741813361644745 -0.9795141220092773 -0.1858985871076584 -0.58377605676651 -0.9968947172164917 -0.07874473184347153 -0.0002481602714397013 -2.3604724407196045
-0.014368324540555477 0.18533000349998474 -0.9825712442398071 -0.06932757794857025 0.07741180807352066 -0.9795169830322266 -0.185885950922966 -0.5837472677230835 -0.9968956112861633 -0.07873350381851196 -0.0002725737576838583 -2.3604514598846436
-0.01435166411101818 0.1853446662425995 -0.9825686812400818 -0.06931321322917938 0.07746557146310806 -0.9795102477073669 -0.18589922785758972 -0.5837568640708923 -0.9968916773796082 -0.07878322899341583 -0.00030008997418917716 -2.3604986667633057
-0.014270106330513954 0.18540245294570923 -0.9825589656829834 -0.06935801357030869 0.07753517478704453 -0.9794949889183044 -0.1859503835439682 -0.5837719440460205 -0.9968874454498291 -0.07883643358945847 -0.00039757462218403816 -2.3605270385742188
-0.014280896633863449 0.18549515306949615 -0.9825413227081299 -0.0693163350224495 0.07750334590673447 -0.9794797897338867 -0.1860436648130417 -0.5838565826416016 -0.9968897104263306 -0.07880713045597076 -0.000388506829040125 -2.360495090484619
-0.014354929327964783 0.18543772399425507 -0.982551097869873 -0.06925371289253235 0.07743368297815323 -0.979495108127594 -0.1859922707080841 -0.5837880373001099 -0.9968940615653992 -0.07875247299671173 -0.0002984032907988876 -2.360551357269287
-0.014398986473679543 0.18552173674106598 -0.9825345873832703 -0.06929117441177368 0.07737414538860321 -0.9794832468032837 -0.1860795021057129 -0.58382248878479 -0.9968980550765991 -0.07870215177536011 -0.0002508817706257105 -2.360612392425537
-0.014469900168478489 0.18544429540634155 -0.982548177242279 -0.06927888840436935 0.07735898345708847 -0.979498028755188 -0.18600788712501526 -0.5838091969490051 -0.9968982338905334 -0.0787004604935646 -0.0001724049507174641 -2.360616683959961
-0.01437108963727951 0.18540115654468536 -0.9825577735900879 -0.06927105784416199 0.07745245844125748 -0.9795002937316895 -0.18595708906650543 -0.583743691444397 -0.9968923926353455 -0.07877393811941147 -0.00028315134113654494 -2.3605809211730957
-0.014323323033750057 0.1853933185338974 -0.9825599193572998 -0.06925474852323532 0.07749820500612259 -0.9794988632202148 -0.18594549596309662 -0.5837734341621399 -0.9968895316123962 -0.07881000638008118 -0.00033783219987526536 -2.3605730533599854
-0.014286560006439686 0.18545135855674744 -0.9825494885444641 -0.06926515698432922 0.07741837203502655 -0.9794947504997253 -0.18600048124790192 -0.5837720632553101 -0.9968962669372559 -0.078724704682827 -0.0003635921748355031 -2.3605546951293945
-0.01419382356107235 0.18549540638923645 -0.9825425148010254 -0.06930897384881973 0.07745452970266342 -0.9794849157333374 -0.1860370934009552 -0.5837604403495789 -0.9968947768211365 -0.07874296605587006 -0.0004646851448342204 -2.3605802059173584
-0.01413673721253872 0.18554256856441498 -0.9825344681739807 -0.06931623816490173 0.07746472954750061 -0.9794760346412659 -0.18607959151268005 -0.583717942237854 -0.9968947768211365 -0.07874234020709991 -0.0005262699560262263 -2.3605642318725586
-0.014218425378203392 0.18543121218681335 -0.9825543165206909 -0.06928817927837372 0.07743339240550995 -0.9794983863830566 -0.18597503006458282 -0.5837346911430359 -0.9968960881233215 -0.07872679829597473 -0.00043150450801476836 -2.360541343688965
-0.014057322405278683 0.18549956381320953 -0.9825437068939209 -0.06930520385503769 0.07742834091186523 -0.9794882535934448 -0.18603049218654633 -0.5837409496307373 -0.9968987703323364 -0.07869183272123337 -0.0005938024260103703 -2.360537528991699
-0.014153856784105301 0.18537281453609467 -0.982566237449646 -0.06927744299173355 0.07739075273275375 -0.9795137643814087 -0.18591175973415375 -0.5837252140045166 -0.9969003200531006 -0.07867293059825897 -0.00048210611566901207 -2.3605287075042725
-0.014089878648519516 0.18545445799827576 -0.9825517535209656 -0.06930463016033173 0.07743456214666367 -0.9794958233833313 -0.18598808348178864 -0.5836990475654602 -0.99689781665802 -0.07870403677225113 -0.0005594693939201534 -2.3605175018310547
-0.01424009632319212 0.18538124859333038 -0.9825634360313416 -0.06927264481782913 0.07742224633693695 -0.9795083999633789 -0.18592692911624908 -0.5837132930755615 -0.9968966245651245 -0.07871989905834198 -0.00040419946890324354 -2.3604817390441895
-0.014154058881103992 0.18537260591983795 -0.9825662970542908 -0.06922838091850281 0.07743257284164429 -0.979510486125946 -0.18591155111789703 -0.5837423801422119 -0.9968970417976379 -0.07871405780315399 -0.0004896895843558013 -2.3604824542999268
-0.014053304679691792 0.18541963398456573 -0.9825588464736938 -0.06926093995571136 0.07752794027328491 -0.9794955849647522 -0.18595044314861298 -0.583756685256958 -0.9968910813331604 -0.07878900319337845 -0.0006099150632508099 -2.3605237007141113
-0.01415642723441124 0.18532028794288635 -0.9825761318206787 -0.06925611943006516 0.07753530144691467 -0.9795122742652893 -0.18585951626300812 -0.5837575793266296 -0.996889054775238 -0.07881546020507812 -0.00050233124056831 -2.3604934215545654
-0.013996693305671215 0.18537653982639313 -0.9825677871704102 -0.06927359104156494 0.07754606753587723 -0.9795031547546387 -0.18590301275253296 -0.5837715268135071 -0.9968904256820679 -0.07879631221294403 -0.0006652774754911661 -2.3605079650878906
-0.014139530248939991 0.18535558879375458 -0.982569694519043 -0.0692581906914711 0.07755245268344879 -0.9795044660568237 -0.18589338660240173 -0.5837306380271912 -0.9968879222869873 -0.07882915437221527 -0.0005249091773293912 -2.360508680343628
-0.014039060100913048 0.18540044128894806 -0.9825627207756042 -0.06929175555706024 0.07754835486412048 -0.9794977903366089 -0.18593016266822815 -0.5837386846542358 -0.9968896508216858 -0.07880642265081406 -0.0006261320668272674 -2.3605332374572754
-0.014145949855446815 0.18533876538276672 -0.9825727939605713 -0.06927613914012909 0.07754822820425034 -0.9795078635215759 -0.18587711453437805 -0.583760142326355 -0.9968881607055664 -0.07882621139287949 -0.0005164853646419942 -2.3605077266693115
-0.014081815257668495 0.1853896528482437 -0.9825640916824341 -0.06931354105472565 0.07743047922849655 -0.9795085191726685 -0.18592284619808197 -0.5837286114692688 -0.9968982338905334 -0.07869856059551239 -0.0005614127148874104 -2.3605833053588867
-0.01407934445887804 0.18543140590190887 -0.9825562834739685 -0.0692659318447113 0.07761674374341965 -0.9794859290122986 -0.1859641671180725 -0.5838059782981873 -0.9968838095664978 -0.07888108491897583 -0.0006019228603690863 -2.3605403900146484
-0.014149965718388557 0.18541467189788818 -0.9825584292411804 -0.06927558779716492 0.07761278003454208 -0.9794883728027344 -0.1859530657529831 -0.5837591886520386 -0.9968830943107605 -0.07889033854007721 -0.0005306833190843463 -2.360541582107544
-0.014154541306197643 0.18549729883670807 -0.9825427532196045 -0.06927479058504105 0.07758589088916779 -0.9794747829437256 -0.18603581190109253 -0.5837675333023071 -0.9968851208686829 -0.07886472344398499 -0.0005278197349980474 -2.36055326461792
-0.014192660339176655 0.18540257215499878 -0.9825600981712341 -0.0693117082118988 0.07751934230327606 -0.9794973731040955 -0.18594442307949066 -0.5837237238883972 -0.9968897700309753 -0.07880647480487823 -0.0004704735183622688 -2.3605339527130127
-0.014150276780128479 0.18543729186058044 -0.9825541377067566 -0.06930190324783325 0.07752097398042679 -0.9794913530349731 -0.18597568571567535 -0.5837873816490173 -0.9968902468681335 -0.07880017906427383 -0.0005150680080987513 -2.3605427742004395
-0.014219793491065502 0.18528932332992554 -0.9825810790061951 -0.06925241649150848 0.07749133557081223 -0.9795206189155579 -0.1858336627483368 -0.5837886929512024 -0.9968915581703186 -0.07878405600786209 -0.000429597741458565 -2.36055064201355
-0.014190432615578175 0.1853412389755249 -0.9825716614723206 -0.0692397952079773 0.07760488986968994 -0.979502260684967 -0.1858830600976944 -0.5837594270706177 -0.9968831539154053 -0.07889015227556229 -0.00048368715215474367 -2.3604676723480225
-0.014217065647244453 0.18530531227588654 -0.9825780987739563 -0.06926117092370987 0.07764651626348495 -0.9795053601264954 -0.18584932386875153 -0.5837935209274292 -0.996879518032074 -0.07893601059913635 -0.00046248032595030963 -2.3604443073272705
-0.014229174703359604 0.18526652455329895 -0.9825851917266846 -0.06929796934127808 0.07757936418056488 -0.9795178174972534 -0.18581163883209229 -0.583755612373352 -0.9968845844268799 -0.07887230068445206 -0.00043498960440047085 -2.360414981842041
-0.014244898222386837 0.1852637678384781 -0.9825854897499084 -0.06932099163532257 0.07777345925569534 -0.9795027375221252 -0.18581004440784454 -0.5837647318840027 -0.9968692064285278 -0.07906593382358551 -0.00045554820098914206 -2.3604116439819336
-0.014274479821324348 0.18525981903076172 -0.9825858473777771 -0.06935843080282211 0.07779162377119064 -0.9795016050338745 -0.1858084499835968 -0.5837401151657104 -0.9968673586845398 -0.07908928394317627 -0.00042964736348949373 -2.3603837490081787
-0.01427470613270998 0.18527314066886902 -0.9825832843780518 -0.06933506578207016 0.07782984524965286 -0.9794960618019104 -0.18582172691822052 -0.5837225914001465 -0.996864378452301 -0.07912687212228775 -0.00043762216228060424 -2.3603532314300537
-0.01435057446360588 0.18523229658603668 -0.9825899004936218 -0.06935208290815353 0.07774323225021362 -0.9795095324516296 -0.18578705191612244 -0.5836603045463562 -0.9968700408935547 -0.07905588299036026 -0.00034389481879770756 -2.3603429794311523
-0.014379936270415783 0.18522845208644867 -0.9825901985168457 -0.06934358179569244 0.07773526012897491 -0.9795104265213013 -0.18578553199768066 -0.5836879014968872 -0.9968702793121338 -0.07905351370573044 -0.000313346681650728 -2.360295295715332
-0.014425219967961311 0.18517795205116272 -0.9825990796089172 -0.06937019526958466 0.07773895561695099 -0.9795190095901489 -0.18573877215385437 -0.5836367607116699 -0.9968693256378174 -0.07906556874513626 -0.00026562550920061767 -2.3602631092071533
-0.014317028224468231 0.18526691198349 -0.9825838804244995 -0.06939574331045151 0.07778757065534592 -0.9794999361038208 -0.1858188807964325 -0.5837482213973999 -0.9968670606613159 -0.07909320294857025 -0.000387795822462067 -2.3603763580322266
-0.014378422871232033 0.18525663018226624 -0.9825848937034607 -0.06932573765516281 0.07773315906524658 -0.9795053005218506 -0.18581350147724152 -0.5837646722793579 -0.9968704581260681 -0.07905115187168121 -0.00031670238240621984 -2.360394239425659
-0.014273048378527164 0.18527621030807495 -0.9825827479362488 -0.0693618655204773 0.07780797779560089 -0.9794972538948059 -0.1858246624469757 -0.5837434530258179 -0.9968661069869995 -0.07910507917404175 -0.0004354165866971016 -2.3603899478912354
-0.014256049878895283 0.18523801863193512 -0.9825901985168457 -0.0692833885550499 0.07779830694198608 -0.9795054793357849 -0.18578526377677917 -0.5837643146514893 -0.9968671202659607 -0.07909243553876877 -0.000447186321252957 -2.360410451889038
-0.01428481936454773 0.18525049090385437 -0.982587456703186 -0.06930966675281525 0.07779345661401749 -0.9795030951499939 -0.1857999712228775 -0.5837361812591553 -0.9968670606613159 -0.07909300923347473 -0.000419112533563748 -2.360386848449707
-0.014272618107497692 0.18533548712730408 -0.9825716018676758 -0.06927020102739334 0.0777304545044899 -0.9794921875 -0.1858837604522705 -0.5837896466255188 -0.9968721866607666 -0.07902880012989044 -0.00042615525308065116 -2.360417127609253
-0.01426994800567627 0.1853238195180893 -0.9825738072395325 -0.0692935436964035 0.07772069424390793 -0.9794952273368835 -0.1858719140291214 -0.5837655067443848 -0.9968729615211487 -0.0790187194943428 -0.00042601212044246495 -2.3604001998901367
-0.014325771480798721 0.18528087437152863 -0.9825810790061951 -0.06924992054700851 0.07772361487150192 -0.979502260684967 -0.18583351373672485 -0.5837613940238953 -0.9968719482421875 -0.07903198152780533 -0.0003684348484966904 -2.3604185581207275
-0.014328226447105408 0.18528543412685394 -0.9825801849365234 -0.06927517056465149 0.07772514969110489 -0.9795012474060059 -0.1858382523059845 -0.5837239027023315 -0.9968717694282532 -0.07903394103050232 -0.0003666831471491605 -2.360400915145874
-0.014355435967445374 0.18529023230075836 -0.9825789332389832 -0.06926460564136505 0.07771149277687073 -0.9795010089874268 -0.18584519624710083 -0.5837460160255432 -0.9968724846839905 -0.07902558147907257 -0.00033787780557759106 -2.3603954315185547
-0.014424923807382584 0.1852516382932663 -0.9825851917266846 -0.06931185722351074 0.07761721312999725 -0.9795147180557251 -0.18581223487854004 -0.5836927890777588 -0.9968788027763367 -0.07894586771726608 -0.0002491525956429541 -2.360369920730591
-0.014399281702935696 0.18529413640499115 -0.9825775027275085 -0.06933769583702087 0.07756238430738449 -0.9795114398002625 -0.18585260212421417 -0.5836936831474304 -0.9968834519386292 -0.0788872167468071 -0.0002674558782018721 -2.3604862689971924
-0.01437525637447834 0.18540549278259277 -0.9825568795204163 -0.06936648488044739 0.07754305005073547 -0.9794922471046448 -0.18596170842647552 -0.5837174654006958 -0.9968852996826172 -0.078863725066185 -0.0002963173610623926 -2.3605425357818604
-0.014283753000199795 0.1853218674659729 -0.9825739860534668 -0.06932303309440613 0.07756786793470383 -0.9795074462890625 -0.18587112426757812 -0.5837433934211731 -0.9968847036361694 -0.07887112349271774 -0.0003838409611489624 -2.3605051040649414
-0.01435033231973648 0.18523909151554108 -0.9825886487960815 -0.06937067955732346 0.07754826545715332 -0.9795236587524414 -0.18579386174678802 -0.5837258696556091 -0.9968852400779724 -0.07886426150798798 -0.0003083403571508825 -2.3604671955108643
-0.014228512533009052 0.1853073239326477 -0.9825775027275085 -0.06934647262096405 0.07759597152471542 -0.9795088171958923 -0.1858522593975067 -0.5837483406066895 -0.9968832731246948 -0.07888847589492798 -0.0004420092445798218 -2.360405683517456
-0.01429215632379055 0.18521487712860107 -0.9825940132141113 -0.06935134530067444 0.07753248512744904 -0.979530394077301 -0.18576514720916748 -0.5836961269378662 -0.9968873262405396 -0.07883796095848083 -0.0003604295488912612 -2.3603920936584473
