# 3x4 first row second row third row Freq: 100 current Time: 2021-07-30-19:00:44
-0.08851759135723114 0.10461877286434174 -0.9905651807785034 0.1594141721725464 0.06820082664489746 -0.9914984107017517 -0.11081182211637497 -0.47634705901145935 -0.993736982345581 -0.0773661732673645 0.0806301161646843 -2.289564371109009
-0.08844336867332458 0.1045881062746048 -0.9905750751495361 0.15944068133831024 0.06808143854141235 -0.9915117621421814 -0.11076566576957703 -0.4763844311237335 -0.9937517642974854 -0.07723627984523773 0.08057228475809097 -2.2896618843078613
-0.08844529837369919 0.10455717146396637 -0.9905781745910645 0.15942595899105072 0.06809975951910019 -0.9915137887001038 -0.11073633283376694 -0.4763823449611664 -0.9937503337860107 -0.07725225389003754 0.08057456463575363 -2.289658308029175
-0.08847920596599579 0.10459798574447632 -0.9905708432197571 0.15945333242416382 0.06802225857973099 -0.9915149807929993 -0.11077354103326797 -0.47636184096336365 -0.9937525987625122 -0.07718203216791153 0.08061361312866211 -2.2896533012390137
-0.08846758306026459 0.10464444756507874 -0.9905669689178467 0.15944233536720276 0.06798972934484482 -0.9915124177932739 -0.11081650108098984 -0.4763547480106354 -0.9937558770179749 -0.0771520584821701 0.08060210943222046 -2.289653778076172
-0.08857002854347229 0.10456337779760361 -0.9905663728713989 0.15945172309875488 0.0680159404873848 -0.9915185570716858 -0.11074544489383698 -0.4763692319393158 -0.993744969367981 -0.07718303799629211 0.08070699870586395 -2.2896387577056885
-0.08855628967285156 0.10455652326345444 -0.9905682802200317 0.15944570302963257 0.06801240146160126 -0.9915196895599365 -0.11073723435401917 -0.4763610064983368 -0.9937463998794556 -0.07717742025852203 0.08069431781768799 -2.2896358966827393
-0.08863220363855362 0.10456712543964386 -0.9905604124069214 0.15947070717811584 0.06797802448272705 -0.9915205240249634 -0.1107509508728981 -0.47638121247291565 -0.9937419891357422 -0.07715244591236115 0.0807725340127945 -2.289557456970215
-0.08861428499221802 0.10455716401338577 -0.9905630350112915 0.1594744622707367 0.06800584495067596 -0.9915196299552917 -0.11074184626340866 -0.4763721525669098 -0.9937416911125183 -0.07717739790678024 0.08075244724750519 -2.2895450592041016
-0.08858747780323029 0.10447979718446732 -0.9905735850334167 0.15949055552482605 0.06807442009449005 -0.9915232062339783 -0.1106678918004036 -0.4763745963573456 -0.9937393665313721 -0.07723652571439743 0.08072428405284882 -2.2895781993865967
-0.08857383579015732 0.10445765405893326 -0.9905771613121033 0.15949104726314545 0.06809714436531067 -0.9915239810943604 -0.11064650863409042 -0.4763636291027069 -0.9937390685081482 -0.07725587487220764 0.08070997148752213 -2.2895686626434326
-0.08850637823343277 0.10452959686517715 -0.9905756115913391 0.15945442020893097 0.06796090304851532 -0.9915271401405334 -0.11070221662521362 -0.4763147532939911 -0.9937543869018555 -0.07711827754974365 0.08065269887447357 -2.289578914642334
-0.08849073946475983 0.1045156717300415 -0.9905784726142883 0.15944500267505646 0.06796937435865402 -0.9915281534194946 -0.110687755048275 -0.47629567980766296 -0.9937552213668823 -0.07712385058403015 0.08063735067844391 -2.2895700931549072
-0.08849591761827469 0.1044415533542633 -0.9905858039855957 0.15946917235851288 0.06812629848718643 -0.9915242195129395 -0.1106267049908638 -0.47632983326911926 -0.9937440156936646 -0.07727497071027756 0.08063077926635742 -2.2895472049713135
-0.0885055735707283 0.10443586856126785 -0.9905855655670166 0.15946581959724426 0.06808724254369736 -0.991527795791626 -0.11061859130859375 -0.4763188064098358 -0.9937458038330078 -0.0772366151213646 0.0806451365351677 -2.289538621902466
-0.0884411558508873 0.10438617318868637 -0.9905965328216553 0.15945211052894592 0.0681159719824791 -0.9915316700935364 -0.1105661690235138 -0.47631922364234924 -0.9937495589256287 -0.07725405693054199 0.08058198541402817 -2.289496660232544
-0.08836957812309265 0.10440746694803238 -0.9906007051467896 0.1594284325838089 0.06802069395780563 -0.99153733253479 -0.11057419329881668 -0.4763260781764984 -0.9937624931335449 -0.07715275883674622 0.08052001148462296 -2.289604902267456
-0.08844367414712906 0.10439905524253845 -0.9905949831008911 0.15945029258728027 0.06808274239301682 -0.9915328025817871 -0.1105765625834465 -0.4763506352901459 -0.9937516450881958 -0.07722223550081253 0.08058717846870422 -2.2895896434783936
-0.08841615915298462 0.10434452444314957 -0.9906031489372253 0.15944363176822662 0.06810823827981949 -0.9915371537208557 -0.11052190512418747 -0.4763459265232086 -0.9937523603439331 -0.07724016904830933 0.0805613324046135 -2.289586067199707
-0.08834511041641235 0.10437687486410141 -0.9906061291694641 0.15947137773036957 0.06803406774997711 -0.9915398955345154 -0.11054275929927826 -0.476397305727005 -0.9937637448310852 -0.07716088742017746 0.08049666881561279 -2.289564847946167
-0.08834854513406754 0.1043945699930191 -0.9906039237976074 0.15946906805038452 0.0680370032787323 -0.9915376901626587 -0.11056096851825714 -0.4763956367969513 -0.9937632083892822 -0.0771656334400177 0.08049836754798889 -2.289562463760376
-0.08838396519422531 0.10438282042741776 -0.9906020164489746 0.15944252908229828 0.06800128519535065 -0.9915414452552795 -0.11054906249046326 -0.47638973593711853 -0.9937624931335449 -0.07713298499584198 0.08053834736347198 -2.2895891666412354
-0.08846469223499298 0.10445233434438705 -0.9905874729156494 0.15943937003612518 0.0680401399731636 -0.9915300011634827 -0.11062806844711304 -0.4763481914997101 -0.993752658367157 -0.07718639820814133 0.08060859143733978 -2.289573907852173
-0.08847626298666 0.10446485877037048 -0.9905851483345032 0.1594323217868805 0.06800879538059235 -0.9915308952331543 -0.11063896119594574 -0.47633877396583557 -0.9937537908554077 -0.07715743780136108 0.08062257617712021 -2.289576292037964
-0.08846713602542877 0.10441552102565765 -0.9905911684036255 0.15942572057247162 0.06807458400726318 -0.9915313720703125 -0.11059420555830002 -0.47632667422294617 -0.9937500953674316 -0.07721804082393646 0.08061005175113678 -2.2895736694335938
-0.0885092243552208 0.10441980510950089 -0.9905869364738464 0.1594260334968567 0.06812918186187744 -0.9915263056755066 -0.11060620099306107 -0.47635331749916077 -0.9937425851821899 -0.07727755606174469 0.08064533770084381 -2.2896173000335693
-0.08838977664709091 0.10443013906478882 -0.9905965328216553 0.15945900976657867 0.06815263628959656 -0.991524338722229 -0.11060915142297745 -0.47633329033851624 -0.9937516450881958 -0.07728849351406097 0.08052358031272888 -2.2896013259887695
-0.08844012022018433 0.10444098711013794 -0.9905908703804016 0.15945306420326233 0.06815718859434128 -0.9915223717689514 -0.110624298453331 -0.47631946206092834 -0.993746817111969 -0.07729952782392502 0.08057210594415665 -2.2896018028259277
-0.08832551538944244 0.10444195568561554 -0.9906010031700134 0.15949256718158722 0.06801819801330566 -0.9915340542793274 -0.11060509085655212 -0.476369172334671 -0.9937665462493896 -0.07714816182851791 0.08047395199537277 -2.2896218299865723
-0.08831028640270233 0.10446339845657349 -0.9906001091003418 0.1594935804605484 0.06802106648683548 -0.9915315508842468 -0.11062560230493546 -0.4763582646846771 -0.9937677383422852 -0.07715106755495071 0.08045687526464462 -2.2896244525909424
-0.08837389200925827 0.10446526110172272 -0.990594208240509 0.15943051874637604 0.0680636391043663 -0.9915274977684021 -0.11063585430383682 -0.4763096272945404 -0.9937591552734375 -0.07720077782869339 0.08051500469446182 -2.289572238922119
-0.08837433904409409 0.10446875542402267 -0.9905937910079956 0.1594206541776657 0.068056620657444 -0.9915276169776917 -0.1106388196349144 -0.4762890636920929 -0.9937595725059509 -0.07719410955905914 0.08051595836877823 -2.289565086364746
-0.08844079077243805 0.10450347512960434 -0.9905841946601868 0.15942512452602386 0.06805171072483063 -0.9915235638618469 -0.11067834496498108 -0.47632303833961487 -0.9937540292739868 -0.07719944417476654 0.08057963848114014 -2.2895443439483643
-0.08843301981687546 0.10449697822332382 -0.9905856251716614 0.15941601991653442 0.06806676089763641 -0.9915232062339783 -0.11067245155572891 -0.4763093888759613 -0.9937536716461182 -0.07721306383609772 0.0805707648396492 -2.2895348072052
-0.0885394886136055 0.10454348474740982 -0.9905712008476257 0.15941733121871948 0.06810761243104935 -0.9915139079093933 -0.1107306033372879 -0.4763202965259552 -0.9937413930892944 -0.07726947963237762 0.08066807687282562 -2.2895350456237793
-0.08857113867998123 0.10448378324508667 -0.9905746579170227 0.15943263471126556 0.06815323233604431 -0.9915167689323425 -0.11067701131105423 -0.47633811831474304 -0.9937354326248169 -0.07731366157531738 0.08069900423288345 -2.2895255088806152
-0.0885465145111084 0.10449796915054321 -0.99057537317276 0.1594482809305191 0.06815730035305023 -0.991515040397644 -0.11068962514400482 -0.476342111825943 -0.9937373399734497 -0.07731613516807556 0.08067305386066437 -2.2894809246063232
-0.08846482634544373 0.10447300970554352 -0.9905852675437927 0.15945200622081757 0.06809617578983307 -0.9915233254432678 -0.11065331846475601 -0.47633036971092224 -0.9937488436698914 -0.07724400609731674 0.08060087263584137 -2.2894716262817383
-0.08851349353790283 0.10450133681297302 -0.9905779361724854 0.15944476425647736 0.06818139553070068 -0.9915130734443665 -0.11069237440824509 -0.4763292968273163 -0.9937386512756348 -0.07733676582574844 0.08063739538192749 -2.2895026206970215
-0.08851221203804016 0.10451054573059082 -0.9905771017074585 0.15945316851139069 0.06806261837482452 -0.9915212988853455 -0.1106918528676033 -0.47635987401008606 -0.9937469363212585 -0.07721886783838272 0.08064863085746765 -2.2895185947418213
-0.08851765841245651 0.10451236367225647 -0.990576446056366 0.15945246815681458 0.06806783378124237 -0.9915206432342529 -0.1106945276260376 -0.4763430058956146 -0.9937460422515869 -0.07722482085227966 0.08065330982208252 -2.289508104324341
-0.08853008598089218 0.10449277609586716 -0.9905773997306824 0.15946000814437866 0.06798842549324036 -0.9915289282798767 -0.11066943407058716 -0.47636911273002625 -0.9937503933906555 -0.07714538276195526 0.08067598938941956 -2.289613723754883
-0.08849527686834335 0.10446614027023315 -0.9905833005905151 0.1594592034816742 0.0679963156580925 -0.9915315508842468 -0.11064071208238602 -0.47635766863822937 -0.9937529563903809 -0.07714720815420151 0.0806427001953125 -2.28961181640625
-0.0884917750954628 0.10449822247028351 -0.9905802011489868 0.15947145223617554 0.06793706119060516 -0.9915326237678528 -0.11066774278879166 -0.4763001501560211 -0.9937573075294495 -0.0770903080701828 0.08064333349466324 -2.2896227836608887
-0.08842628449201584 0.10444902628660202 -0.990591287612915 0.15947900712490082 0.06795699894428253 -0.9915371537208557 -0.11061503738164902 -0.47628942131996155 -0.9937617778778076 -0.07709889858961105 0.08058004826307297 -2.289619207382202
-0.0885096937417984 0.10444694012403488 -0.9905840158462524 0.1594437062740326 0.06799354404211044 -0.9915338158607483 -0.11062239110469818 -0.4763202965259552 -0.9937518835067749 -0.07714448869228363 0.08065878599882126 -2.2895593643188477
-0.08849270641803741 0.10453775525093079 -0.9905759692192078 0.15946558117866516 0.06792668998241425 -0.9915289878845215 -0.11070654541254044 -0.47632506489753723 -0.993757963180542 -0.0770832821726799 0.08064233511686325 -2.289551019668579
-0.08848472684621811 0.10450271517038345 -0.9905803799629211 0.15946316719055176 0.06793771684169769 -0.9915321469306946 -0.1106717437505722 -0.4763127863407135 -0.9937579035758972 -0.0770905390381813 0.0806359201669693 -2.2895424365997314
-0.08836883306503296 0.10452788323163986 -0.9905880689620972 0.15945503115653992 0.06800317019224167 -0.9915252327919006 -0.11069323867559433 -0.47634467482566833 -0.9937637448310852 -0.07714497298002243 0.08051185309886932 -2.289550542831421
-0.08836691081523895 0.10456228256225586 -0.9905846118927002 0.15940788388252258 0.0679846853017807 -0.9915228486061096 -0.11072602868080139 -0.4763476550579071 -0.9937651753425598 -0.07712911069393158 0.08050932735204697 -2.289581060409546
-0.08844178915023804 0.10458632558584213 -0.99057537317276 0.1594870388507843 0.06792002171278 -0.9915245175361633 -0.11075066775083542 -0.47634831070899963 -0.9937629103660583 -0.07707490026950836 0.08058884739875793 -2.289719820022583
-0.08848140388727188 0.1045801043510437 -0.9905725121498108 0.15948699414730072 0.06799586862325668 -0.9915189743041992 -0.11075367033481598 -0.47635629773139954 -0.9937542080879211 -0.0771544948220253 0.08062013238668442 -2.289679527282715
-0.0884571522474289 0.10451687127351761 -0.9905813336372375 0.15947070717811584 0.06803350150585175 -0.9915233254432678 -0.11069154739379883 -0.4763440191745758 -0.9937537908554077 -0.07718419283628464 0.08059683442115784 -2.2896745204925537
-0.08850180357694626 0.10445204377174377 -0.9905841946601868 0.159495547413826 0.06806538999080658 -0.9915277361869812 -0.11063271015882492 -0.47634944319725037 -0.9937476515769958 -0.07721570879220963 0.08064257353544235 -2.289668560028076
-0.08846897631883621 0.10451243817806244 -0.9905807375907898 0.1594875007867813 0.06811225414276123 -0.9915176033973694 -0.11069441586732864 -0.4763442575931549 -0.993747353553772 -0.0772637203335762 0.08060012012720108 -2.2896158695220947
-0.08844631165266037 0.10449405759572983 -0.9905847311019897 0.15946625173091888 0.0681535080075264 -0.991516649723053 -0.11067759990692139 -0.47633710503578186 -0.9937465190887451 -0.07730086147785187 0.08057450503110886 -2.289618968963623
-0.08848563581705093 0.10453497618436813 -0.9905768632888794 0.1594688594341278 0.06815797835588455 -0.9915114045143127 -0.11072198301553726 -0.47632524371147156 -0.9937427639961243 -0.07731303572654724 0.0806097760796547 -2.289612293243408
-0.0884299948811531 0.10442140698432922 -0.9905938506126404 0.15951953828334808 0.06810839474201202 -0.9915284514427185 -0.11059994995594025 -0.47637370228767395 -0.9937511086463928 -0.07724812626838684 0.08056902885437012 -2.28960919380188
-0.0884314477443695 0.10448729246854782 -0.9905867576599121 0.15950845181941986 0.0680876076221466 -0.9915226697921753 -0.11066433042287827 -0.4763980805873871 -0.9937523603439331 -0.07723290473222733 0.08056764304637909 -2.2895655632019043
-0.08835729956626892 0.10455337166786194 -0.9905864000320435 0.15945108234882355 0.06806328147649765 -0.9915178418159485 -0.11072272807359695 -0.47637447714805603 -0.9937606453895569 -0.07720573991537094 0.08049174398183823 -2.289628744125366
-0.08840436488389969 0.10455041378736496 -0.9905825257301331 0.1594429761171341 0.06806547939777374 -0.9915175437927246 -0.11072361469268799 -0.47636929154396057 -0.9937562942504883 -0.07721294462680817 0.08053835481405258 -2.289628028869629
-0.0883917286992073 0.10450702905654907 -0.9905882477760315 0.15946756303310394 0.06806324422359467 -0.9915227293968201 -0.1106790229678154 -0.47639021277427673 -0.9937576055526733 -0.07720576971769333 0.08052947372198105 -2.289658546447754
-0.08840881288051605 0.10449923574924469 -0.9905875325202942 0.15946391224861145 0.06804715842008591 -0.9915246963500977 -0.11067123711109161 -0.47638198733329773 -0.9937571883201599 -0.07719099521636963 0.08054879307746887 -2.2896642684936523
-0.08855032920837402 0.10452428460121155 -0.9905722141265869 0.159485325217247 0.06802530586719513 -0.9915223717689514 -0.11070553958415985 -0.4763624370098114 -0.9937460422515869 -0.07718700915575027 0.08068948239088058 -2.2896804809570312
-0.08848729729652405 0.10449321568012238 -0.9905811548233032 0.15948088467121124 0.06804027408361435 -0.9915251731872559 -0.11067076027393341 -0.47635355591773987 -0.9937506318092346 -0.07719238847494125 0.08062779158353806 -2.2896883487701416
-0.08852773159742355 0.1044829711318016 -0.9905785918235779 0.15949679911136627 0.06802738457918167 -0.9915270209312439 -0.11066260188817978 -0.4763312041759491 -0.9937479496002197 -0.07718319445848465 0.08067008852958679 -2.2896995544433594
-0.08848906308412552 0.10448935627937317 -0.9905813932418823 0.15949346125125885 0.06799732148647308 -0.9915289282798767 -0.11066354811191559 -0.4763154089450836 -0.9937534332275391 -0.0771494060754776 0.08063462376594543 -2.289706230163574
-0.08853179961442947 0.10448655486106873 -0.9905778765678406 0.1594918668270111 0.06814006716012955 -0.9915177822113037 -0.11067565530538559 -0.4763288199901581 -0.9937398433685303 -0.07729636877775192 0.08066128194332123 -2.289625644683838
-0.08851013332605362 0.10450269281864166 -0.9905781149864197 0.1594889760017395 0.0681784451007843 -0.991513192653656 -0.11069323122501373 -0.47636517882347107 -0.993739128112793 -0.07733356207609177 0.08063428103923798 -2.2896111011505127
-0.08846220374107361 0.1045096144080162 -0.9905816316604614 0.1594868004322052 0.06819040328264236 -0.9915119409561157 -0.11069739609956741 -0.4763544499874115 -0.9937425851821899 -0.07734071463346481 0.08058492839336395 -2.2896032333374023
-0.08844593167304993 0.10445398837327957 -0.9905889630317688 0.15949884057044983 0.06810599565505981 -0.9915248155593872 -0.11063360422849655 -0.47635331749916077 -0.9937498569488525 -0.0772501602768898 0.08058254420757294 -2.289585828781128
-0.08847188204526901 0.10448411852121353 -0.9905834794044495 0.15949106216430664 0.06818448007106781 -0.9915151596069336 -0.11067215353250504 -0.47635313868522644 -0.9937421679496765 -0.07733380794525146 0.0805971622467041 -2.289583921432495
-0.08837093412876129 0.10452196002006531 -0.9905884861946106 0.1594841182231903 0.06814640760421753 -0.9915147423744202 -0.11069908738136292 -0.47634217143058777 -0.9937537312507629 -0.07728764414787292 0.08049844205379486 -2.2895729541778564
-0.08843319863080978 0.10457310080528259 -0.9905775785446167 0.15945015847682953 0.06820191442966461 -0.9915041923522949 -0.11075961589813232 -0.47635766863822937 -0.9937443733215332 -0.07735412567853928 0.0805499479174614 -2.289536952972412
-0.0884752944111824 0.10453829914331436 -0.9905774593353271 0.15949803590774536 0.0682431235909462 -0.9915044903755188 -0.11073140799999237 -0.4763825833797455 -0.9937378168106079 -0.07739710807800293 0.08058977872133255 -2.2895994186401367
-0.08844650536775589 0.10453259944915771 -0.9905806183815002 0.15950119495391846 0.06822088360786438 -0.9915071129798889 -0.110721655189991 -0.47637560963630676 -0.9937419295310974 -0.07737123966217041 0.08056417852640152 -2.2895944118499756
-0.08840945363044739 0.10447890311479568 -0.9905896186828613 0.15944431722164154 0.06818142533302307 -0.9915165305137634 -0.1106618270277977 -0.4762929379940033 -0.993747889995575 -0.07732337713241577 0.08053606748580933 -2.289588212966919
-0.08839321881532669 0.10444749146699905 -0.9905943870544434 0.15947550535202026 0.06821475923061371 -0.9915175437927246 -0.11063182353973389 -0.47636744379997253 -0.9937470555305481 -0.07735227048397064 0.08051872253417969 -2.2895970344543457
-0.08841293305158615 0.10443930327892303 -0.9905934929847717 0.15947626531124115 0.06819857656955719 -0.991519570350647 -0.11062385141849518 -0.4763568937778473 -0.9937463998794556 -0.07733765989542007 0.08054069429636002 -2.2896180152893066
-0.08841267973184586 0.10441998392343521 -0.9905955195426941 0.15947465598583221 0.068211629986763 -0.9915207028388977 -0.11060554534196854 -0.4763545095920563 -0.9937455654144287 -0.07734908163547516 0.0805405005812645 -2.2896223068237305
-0.0883466824889183 0.10448189079761505 -0.9905949234962463 0.15945279598236084 0.06819932907819748 -0.9915153384208679 -0.11066137254238129 -0.4763627350330353 -0.9937522411346436 -0.07733448594808578 0.08047164231538773 -2.289672613143921
-0.08832220733165741 0.10450141131877899 -0.9905950427055359 0.15949100255966187 0.06822916865348816 -0.9915110468864441 -0.11068142205476761 -0.4763791263103485 -0.9937524199485779 -0.07736311852931976 0.08044254779815674 -2.2896370887756348
-0.08831524848937988 0.104526087641716 -0.9905930161476135 0.15949533879756927 0.06819076091051102 -0.991511344909668 -0.11070246994495392 -0.4763811528682709 -0.9937556385993958 -0.07732602208852768 0.08043800294399261 -2.2896440029144287
-0.08823632448911667 0.10450494289398193 -0.9906023144721985 0.15950384736061096 0.0682663694024086 -0.9915084838867188 -0.11068127304315567 -0.4763909876346588 -0.9937574863433838 -0.07739094644784927 0.08035304397344589 -2.289590835571289
-0.08823784440755844 0.10450431704521179 -0.9906022548675537 0.15951180458068848 0.06825446337461472 -0.9915094971656799 -0.11067979782819748 -0.4763900339603424 -0.9937581419944763 -0.07737918198108673 0.0803559273481369 -2.2895922660827637
-0.08824962377548218 0.10455524921417236 -0.990595817565918 0.15947486460208893 0.0682518258690834 -0.991503894329071 -0.11073148995637894 -0.47635093331336975 -0.9937573075294495 -0.07738199830055237 0.08036390691995621 -2.289555549621582
-0.08819930255413055 0.10458606481552124 -0.9905970096588135 0.1594766229391098 0.06823145598173141 -0.9915024638175964 -0.1107567623257637 -0.4763416349887848 -0.9937631487846375 -0.07735855877399445 0.08031391352415085 -2.289552688598633
-0.08809075504541397 0.10462015867233276 -0.9906030893325806 0.15950356423854828 0.0682019367814064 -0.9915018677711487 -0.11078004539012909 -0.4763517677783966 -0.9937748312950134 -0.07731975615024567 0.08020700514316559 -2.2896411418914795
-0.08812165260314941 0.10458758473396301 -0.9906038045883179 0.15950001776218414 0.06823032349348068 -0.9915030598640442 -0.11075214296579361 -0.47633096575737 -0.9937701225280762 -0.07734888792037964 0.0802369937300682 -2.2896487712860107
-0.08817774802446365 0.10462991893291473 -0.9905943274497986 0.15948893129825592 0.06816396862268448 -0.9915030002593994 -0.11079352349042892 -0.4763176143169403 -0.9937697052955627 -0.07729237526655197 0.08029665797948837 -2.289616346359253
-0.08819029480218887 0.10460414737462997 -0.9905959367752075 0.15952624380588531 0.06816990673542023 -0.9915053248405457 -0.11076918244361877 -0.4763399064540863 -0.9937681555747986 -0.07729761302471161 0.08031044155359268 -2.289616823196411
-0.08817944675683975 0.10465513914823532 -0.9905915260314941 0.15953589975833893 0.06817615777254105 -0.9914991855621338 -0.11081988364458084 -0.47633203864097595 -0.9937686920166016 -0.07730677723884583 0.08029501140117645 -2.2896065711975098
-0.0881941169500351 0.10460538417100906 -0.9905954599380493 0.15957243740558624 0.06822296231985092 -0.9915010333061218 -0.11077500879764557 -0.4763467609882355 -0.9937642216682434 -0.07735107094049454 0.0803082212805748 -2.289607048034668
-0.08816324174404144 0.10458041727542877 -0.9906008243560791 0.15953819453716278 0.06823829561471939 -0.9915028810501099 -0.11074884980916977 -0.4763765037059784 -0.9937658905982971 -0.07736089825630188 0.08027786761522293 -2.2896013259887695
-0.08815797418355942 0.10462763160467148 -0.990596354007721 0.15945422649383545 0.0682094618678093 -0.9914999008178711 -0.11079337447881699 -0.4763559401035309 -0.9937683343887329 -0.07733537256717682 0.08027217537164688 -2.2895779609680176
-0.08818298578262329 0.10465805977582932 -0.9905908703804016 0.15944865345954895 0.06823170930147171 -0.9914945363998413 -0.11082756519317627 -0.47634586691856384 -0.9937645792961121 -0.07736282795667648 0.08029209822416306 -2.2895712852478027
-0.08827231824398041 0.10472211241722107 -0.9905761480331421 0.15944251418113708 0.06827645003795624 -0.9914830923080444 -0.11090225726366043 -0.4763065278530121 -0.9937535524368286 -0.07742263376712799 0.08037060499191284 -2.28949236869812
-0.08816781640052795 0.10459186881780624 -0.9905992150306702 0.1594839245080948 0.06820134818553925 -0.991504430770874 -0.11075768619775772 -0.4763531982898712 -0.993768036365509 -0.0773254781961441 0.08028562366962433 -2.2894670963287354
-0.08821194618940353 0.10463433712720871 -0.9905908107757568 0.15948417782783508 0.06815218180418015 -0.991503119468689 -0.11079965531826019 -0.47637060284614563 -0.9937674403190613 -0.0772847905755043 0.08033151179552078 -2.2894976139068604
-0.08823054283857346 0.10459210723638535 -0.9905936121940613 0.15945065021514893 0.06814970821142197 -0.991507887840271 -0.11075863242149353 -0.4763583838939667 -0.9937660098075867 -0.07728097587823868 0.0803535059094429 -2.2895216941833496
-0.08826366066932678 0.10458964854478836 -0.9905909299850464 0.1594570428133011 0.06819529831409454 -0.9915043115615845 -0.11076243966817856 -0.4763597548007965 -0.9937599301338196 -0.07732995599508286 0.08038143068552017 -2.2895140647888184
