# 3x4 first row second row third row Freq: 100 current Time: 2021-07-30-18:59:17
-0.5289099812507629 0.5029061436653137 -0.6836223006248474 0.44142717123031616 -0.031366534531116486 -0.8165478110313416 -0.5764248371124268 -0.6736664175987244 -0.8480979800224304 -0.28343403339385986 0.4476549029350281 -1.9375296831130981
-0.5289013385772705 0.5028972029685974 -0.6836355328559875 0.4414580464363098 -0.0313914492726326 -0.8165661096572876 -0.5763975977897644 -0.6736491322517395 -0.8481024503707886 -0.28339719772338867 0.44766977429389954 -1.9376392364501953
-0.528964638710022 0.5028375387191772 -0.6836304664611816 0.4413231909275055 -0.031293291598558426 -0.816565752029419 -0.5764033794403076 -0.6738393902778625 -0.8480665683746338 -0.28350400924682617 0.44767001271247864 -1.9371947050094604
-0.5289539098739624 0.5028254985809326 -0.683647632598877 0.44134557247161865 -0.03129854053258896 -0.8165807127952576 -0.5763819217681885 -0.6738284230232239 -0.8480730652809143 -0.2834823429584503 0.44767144322395325 -1.9372594356536865
-0.5289787650108337 0.50281822681427 -0.6836336851119995 0.44137224555015564 -0.03129953518509865 -0.8165801167488098 -0.5763826966285706 -0.6738265156745911 -0.8480575084686279 -0.2834968566894531 0.44769173860549927 -1.9373412132263184
-0.5289554595947266 0.502846896648407 -0.683630645275116 0.4413565993309021 -0.03133227303624153 -0.8165735006332397 -0.5763903260231018 -0.6738685965538025 -0.8480708599090576 -0.283465176820755 0.4476865530014038 -1.937217116355896
-0.5289742946624756 0.5028182864189148 -0.6836370825767517 0.4413841664791107 -0.031318552792072296 -0.8165876865386963 -0.5763709545135498 -0.6738708019256592 -0.8480595946311951 -0.28347495198249817 0.44770166277885437 -1.937290906906128
-0.5288739800453186 0.5028688907623291 -0.6836775541305542 0.44134873151779175 -0.03138310834765434 -0.8165948987007141 -0.5763571858406067 -0.6738669872283936 -0.8481197953224182 -0.2833644449710846 0.4476575553417206 -1.9372361898422241
-0.5288359522819519 0.5029076933860779 -0.683678388595581 0.44131749868392944 -0.03133183345198631 -0.8165557384490967 -0.576415479183197 -0.6739078164100647 -0.8481454253196716 -0.28340837359428406 0.4475812613964081 -1.9372446537017822
-0.5289236903190613 0.5028547644615173 -0.683649480342865 0.4413415193557739 -0.03138020634651184 -0.8165917992591858 -0.5763617157936096 -0.6738506555557251 -0.8480889201164246 -0.2833983898162842 0.4476946294307709 -1.9372289180755615
-0.5289129614830017 0.5029271841049194 -0.6836045384407043 0.44127926230430603 -0.0313529334962368 -0.8165246844291687 -0.5764582753181458 -0.6737916469573975 -0.8480966091156006 -0.28346332907676697 0.44763892889022827 -1.9371997117996216
-0.5289464592933655 0.5029259324073792 -0.6835795044898987 0.4412928521633148 -0.031375251710414886 -0.8165237307548523 -0.5764584541320801 -0.673778772354126 -0.8480749130249023 -0.28346821665763855 0.44767695665359497 -1.9372650384902954
-0.5289503335952759 0.5029021501541138 -0.6835939884185791 0.441314697265625 -0.031354811042547226 -0.8165358304977417 -0.5764423608779907 -0.6737622618675232 -0.8480732440948486 -0.28347548842430115 0.44767552614212036 -1.9373440742492676
-0.5288883447647095 0.5029305815696716 -0.6836210489273071 0.441351056098938 -0.03139258921146393 -0.8165419697761536 -0.5764316320419312 -0.6738337874412537 -0.8481104969978333 -0.28340739011764526 0.4476480185985565 -1.9372369050979614
-0.5289262533187866 0.5029265284538269 -0.6835947036743164 0.441382497549057 -0.03140383958816528 -0.8165384531021118 -0.5764359831809998 -0.6738313436508179 -0.848086416721344 -0.2834247052669525 0.4476826786994934 -1.9373093843460083
-0.5288907885551453 0.5028777122497559 -0.6836580634117126 0.44142821431159973 -0.03138270229101181 -0.8165825605392456 -0.5763747096061707 -0.6738503575325012 -0.8481093645095825 -0.2833842933177948 0.4476648271083832 -1.9372878074645996
-0.5288783311843872 0.5028911232948303 -0.6836578249931335 0.44146645069122314 -0.03136124461889267 -0.816567599773407 -0.5763970613479614 -0.6738414764404297 -0.8481178879737854 -0.2834036350250244 0.4476363956928253 -1.937355875968933
-0.5289650559425354 0.5028464794158936 -0.6836235523223877 0.4414219260215759 -0.03131752088665962 -0.8165662288665771 -0.57640141248703 -0.6738909482955933 -0.8480654358863831 -0.28348687291145325 0.44768309593200684 -1.9372342824935913
-0.5289571285247803 0.5028619766235352 -0.6836183071136475 0.44145840406417847 -0.03127729147672653 -0.8165419101715088 -0.5764380097389221 -0.6738850474357605 -0.8480718731880188 -0.2835293114185333 0.44764405488967896 -1.937294602394104
-0.5290073156356812 0.5029367804527283 -0.6835244297981262 0.4413606822490692 -0.03139837831258774 -0.8165051937103271 -0.5764834880828857 -0.6738882660865784 -0.8480360507965088 -0.283502459526062 0.44772881269454956 -1.937315821647644
-0.528887927532196 0.5029929876327515 -0.683575451374054 0.4413001835346222 -0.03141763433814049 -0.8164978623390198 -0.5764927864074707 -0.6738656163215637 -0.8481098413467407 -0.28342384099960327 0.4476388990879059 -1.937244176864624
-0.5288870334625244 0.5030110478401184 -0.6835628747940063 0.4413144290447235 -0.03145093470811844 -0.8164939880371094 -0.576496422290802 -0.6738569140434265 -0.8481091260910034 -0.28340286016464233 0.44765347242355347 -1.937304139137268
-0.528828501701355 0.5030052065849304 -0.6836124658584595 0.44131729006767273 -0.03135228902101517 -0.8164824843406677 -0.5765181183815002 -0.6739305257797241 -0.848149299621582 -0.28344643115997314 0.4475497603416443 -1.9372050762176514
-0.5288522243499756 0.5030169486999512 -0.6835854649543762 0.44134315848350525 -0.03138074278831482 -0.8164753913879395 -0.5765266418457031 -0.6739358901977539 -0.8481334447860718 -0.2834460139274597 0.4475800395011902 -1.9372637271881104
-0.5287856459617615 0.5030418634414673 -0.6836186051368713 0.4412808418273926 -0.03140512853860855 -0.8164812922477722 -0.5765169262886047 -0.6738962531089783 -0.8481740355491638 -0.2833847999572754 0.44754189252853394 -1.9371871948242188
-0.5287635922431946 0.5030422806739807 -0.6836353540420532 0.4413014054298401 -0.03139553591609001 -0.8164839148521423 -0.5765137076377869 -0.6738901138305664 -0.8481881618499756 -0.28337642550468445 0.4475204646587372 -1.9372416734695435
-0.5288090705871582 0.5029733777046204 -0.6836509108543396 0.4413193166255951 -0.031392648816108704 -0.8165282607078552 -0.5764510631561279 -0.6739071011543274 -0.848159909248352 -0.2833709716796875 0.44757741689682007 -1.9372154474258423
-0.5287768244743347 0.5029929280281067 -0.6836614012718201 0.44133204221725464 -0.031366076320409775 -0.8165119886398315 -0.5764756202697754 -0.6738955974578857 -0.8481810092926025 -0.28338322043418884 0.44752973318099976 -1.937257170677185
-0.5287051796913147 0.5030474066734314 -0.6836767792701721 0.44134461879730225 -0.03143100440502167 -0.816507875919342 -0.5764778256416321 -0.6738585233688354 -0.8482232689857483 -0.28329822421073914 0.4475034177303314 -1.9372175931930542
-0.5286916494369507 0.5030500292778015 -0.683685302734375 0.44137704372406006 -0.031431227922439575 -0.8165096044540405 -0.5764754414558411 -0.6738373637199402 -0.8482316732406616 -0.28328874707221985 0.4474934935569763 -1.9372735023498535
-0.5286918878555298 0.5030868649482727 -0.6836580038070679 0.4413853585720062 -0.031431470066308975 -0.8164785504341125 -0.5765193700790405 -0.673841118812561 -0.8482314944267273 -0.2833128273487091 0.4474785625934601 -1.9372813701629639
-0.5287138223648071 0.5030854344367981 -0.6836421489715576 0.4414229691028595 -0.031470030546188354 -0.8164864778518677 -0.5765060782432556 -0.6738235354423523 -0.8482164740562439 -0.2832925319671631 0.4475199580192566 -1.9373472929000854
-0.5286642909049988 0.5031266808509827 -0.6836500763893127 0.44142839312553406 -0.03152265027165413 -0.816483199596405 -0.5765078067779541 -0.6738854646682739 -0.84824538230896 -0.28322869539260864 0.44750556349754333 -1.9373693466186523
-0.5286324620246887 0.5031495094299316 -0.6836578845977783 0.4413703382015228 -0.031503211706876755 -0.8164663910865784 -0.5765326619148254 -0.6739110350608826 -0.8482659459114075 -0.2832365334033966 0.44746163487434387 -1.9372565746307373
-0.5286411046981812 0.5031139850616455 -0.6836773753166199 0.44140544533729553 -0.03147651627659798 -0.8164850473403931 -0.5765077471733093 -0.6739118099212646 -0.8482615351676941 -0.2832459509372711 0.4474639892578125 -1.9373258352279663
-0.5286405682563782 0.5031349062919617 -0.6836623549461365 0.44140130281448364 -0.03160737454891205 -0.8165112137794495 -0.5764634609222412 -0.6739237904548645 -0.8482570052146912 -0.28313326835632324 0.4475439488887787 -1.9373183250427246
-0.5286595225334167 0.5031595826148987 -0.6836295127868652 0.44143539667129517 -0.031600579619407654 -0.8164827823638916 -0.576504111289978 -0.6739205121994019 -0.84824538230896 -0.2831713855266571 0.447541743516922 -1.9373841285705566
-0.528594970703125 0.50320965051651 -0.683642566204071 0.44144299626350403 -0.031631164252758026 -0.8164689540863037 -0.5765220522880554 -0.6739678978919983 -0.8482844829559326 -0.28312230110168457 0.4474986791610718 -1.9374107122421265
-0.5285753011703491 0.5032163262367249 -0.6836528778076172 0.44147852063179016 -0.03162376955151558 -0.8164663910865784 -0.5765260457992554 -0.673965334892273 -0.8482970595359802 -0.28311780095100403 0.4474777579307556 -1.9374864101409912
-0.5285502076148987 0.5032474398612976 -0.6836493611335754 0.4414035677909851 -0.03171367198228836 -0.8164772391319275 -0.5765057802200317 -0.673921525478363 -0.848309338092804 -0.28303128480911255 0.44750919938087463 -1.9374504089355469
-0.5284959077835083 0.5032366514205933 -0.6836993098258972 0.4413861036300659 -0.031669534742832184 -0.8164868354797363 -0.576494574546814 -0.6739108562469482 -0.8483448028564453 -0.2830226421356201 0.44744741916656494 -1.9374035596847534
-0.5284687876701355 0.5032392144203186 -0.6837183833122253 0.4414159059524536 -0.031659964472055435 -0.8164891600608826 -0.5764918923377991 -0.6739018559455872 -0.8483620882034302 -0.2830114960670471 0.44742172956466675 -1.9374829530715942
-0.5284503102302551 0.5032218098640442 -0.6837454438209534 0.4413953721523285 -0.031564969569444656 -0.816477358341217 -0.5765138268470764 -0.6739280819892883 -0.8483771085739136 -0.28307658433914185 0.4473520815372467 -1.937378168106079
-0.5284343361854553 0.503218948841095 -0.6837599277496338 0.4414237141609192 -0.031571101397275925 -0.8164862990379333 -0.5765008330345154 -0.6739216446876526 -0.848386824131012 -0.2830558121204376 0.4473467469215393 -1.937453269958496
-0.5284827947616577 0.5031885504722595 -0.6837448477745056 0.44139403104782104 -0.03157642483711243 -0.8165000677108765 -0.5764809846878052 -0.6739286780357361 -0.8483564257621765 -0.2830701172351837 0.44739529490470886 -1.937414288520813
-0.5284879207611084 0.5032023191452026 -0.6837307214736938 0.44141772389411926 -0.03155207261443138 -0.8164788484573364 -0.576512336730957 -0.6739241480827332 -0.848354160785675 -0.2831067442893982 0.4473764896392822 -1.9374818801879883
-0.5285391807556152 0.5030912756919861 -0.6837728023529053 0.44141799211502075 -0.03151944279670715 -0.8165472149848938 -0.5764173269271851 -0.6738882660865784 -0.848323404788971 -0.28310710191726685 0.44743454456329346 -1.9373977184295654
-0.528495192527771 0.5032058954238892 -0.6837224364280701 0.44138166308403015 -0.03158106282353401 -0.8164834380149841 -0.5765042304992676 -0.6739543676376343 -0.8483485579490662 -0.2830871045589447 0.4473995864391327 -1.9373961687088013
-0.5285491943359375 0.5030921101570129 -0.6837644577026367 0.44141820073127747 -0.03151863440871239 -0.8165433406829834 -0.5764228105545044 -0.6738889813423157 -0.8483172059059143 -0.28311654925346375 0.44744032621383667 -1.9373832941055298
-0.5285552144050598 0.5031058192253113 -0.6837497353553772 0.4414421319961548 -0.031534161418676376 -0.8165352940559387 -0.5764334201812744 -0.6738757491111755 -0.8483129143714905 -0.2831154763698578 0.4474492073059082 -1.9374409914016724
-0.5286416411399841 0.5030728578567505 -0.6837071776390076 0.44144394993782043 -0.031487129628658295 -0.8165230751037598 -0.5764532685279846 -0.6739107370376587 -0.848260760307312 -0.28320929408073425 0.4474886357784271 -1.937441349029541
-0.528705894947052 0.5031221508979797 -0.6836212277412415 0.4413665235042572 -0.03152170777320862 -0.816474974155426 -0.5765194892883301 -0.6739019155502319 -0.8482194542884827 -0.28326037526130676 0.44753459095954895 -1.9374538660049438
-0.5287156701087952 0.5031084418296814 -0.683623731136322 0.44138434529304504 -0.03150970861315727 -0.8164797425270081 -0.576513409614563 -0.673889696598053 -0.848213791847229 -0.283270925283432 0.4475386142730713 -1.9375221729278564
-0.5286599397659302 0.5031620860099792 -0.6836274266242981 0.4413551390171051 -0.03149908408522606 -0.8164467215538025 -0.5765607357025146 -0.6739135384559631 -0.8482489585876465 -0.2832709848880768 0.4474719762802124 -1.9375534057617188
-0.5286895632743835 0.5030435919761658 -0.6836916208267212 0.4414082169532776 -0.03144751489162445 -0.8165210485458374 -0.5764583349227905 -0.673901379108429 -0.8482323884963989 -0.28326717019081116 0.4475058317184448 -1.937524437904358
-0.5287584066390991 0.5030486583709717 -0.6836346387863159 0.4414008855819702 -0.031522467732429504 -0.8165224194526672 -0.5764523148536682 -0.6739427447319031 -0.8481866717338562 -0.2832542061805725 0.4476006329059601 -1.9374746084213257
-0.5287519693374634 0.503052830696106 -0.6836366057395935 0.44143053889274597 -0.03150054067373276 -0.8165134191513062 -0.5764662027359009 -0.6739344000816345 -0.848191499710083 -0.28327280282974243 0.4475797116756439 -1.937540054321289
-0.5287296772003174 0.5030322074890137 -0.6836690306663513 0.4414106011390686 -0.03149829059839249 -0.8165363073348999 -0.5764338970184326 -0.6739330887794495 -0.8482055068016052 -0.283243328332901 0.4475718140602112 -1.9374592304229736
-0.5287237167358398 0.5030341148376465 -0.6836721897125244 0.4414355754852295 -0.0314704105257988 -0.8165270686149597 -0.5764485597610474 -0.6739212274551392 -0.8482102751731873 -0.2832666337490082 0.44754812121391296 -1.9375207424163818
-0.5287101864814758 0.5030210018157959 -0.6836923360824585 0.4414095878601074 -0.03153127431869507 -0.816562294960022 -0.5763953328132629 -0.6739665269851685 -0.8482164144515991 -0.28318843245506287 0.4475858509540558 -1.93748939037323
-0.5286612510681152 0.50303715467453 -0.6837182641029358 0.4414283037185669 -0.03152572363615036 -0.8165605068206787 -0.5763981342315674 -0.6739625930786133 -0.8482471108436584 -0.2831646800041199 0.4475426971912384 -1.9375545978546143
-0.5286478996276855 0.503073513507843 -0.6837018728256226 0.4414207637310028 -0.03154531866312027 -0.8165401816368103 -0.5764258503913879 -0.6739386320114136 -0.8482547402381897 -0.2831587791442871 0.4475320875644684 -1.937481164932251
-0.5286345481872559 0.5030911564826965 -0.6836991906166077 0.44143903255462646 -0.031563643366098404 -0.8165351748466492 -0.576431930065155 -0.6739310026168823 -0.848262369632721 -0.2831418514251709 0.44752830266952515 -1.937537670135498
-0.5286838412284851 0.5030908584594727 -0.6836612820625305 0.4414191246032715 -0.0315784327685833 -0.8165265321731567 -0.5764433741569519 -0.6739416718482971 -0.8482310771942139 -0.28316742181777954 0.44757139682769775 -1.9375052452087402
-0.528720498085022 0.5031114816665649 -0.6836177706718445 0.44140538573265076 -0.0314980074763298 -0.8164719343185425 -0.576525092124939 -0.6739670038223267 -0.8482112288475037 -0.2832880914211273 0.44753268361091614 -1.9374699592590332
-0.5287469029426575 0.5031153559684753 -0.6835944652557373 0.44144144654273987 -0.031519416719675064 -0.816468358039856 -0.5765289664268494 -0.6739296913146973 -0.8481939435005188 -0.2832914888858795 0.4475632309913635 -1.9374972581863403
-0.5286818742752075 0.5031468868255615 -0.6836216449737549 0.44138219952583313 -0.03159765526652336 -0.8164862394332886 -0.576499342918396 -0.6739598512649536 -0.8482316136360168 -0.2831839621067047 0.4475599229335785 -1.9374494552612305
-0.5287006497383118 0.5031554698944092 -0.6836007237434387 0.4414033591747284 -0.03160621598362923 -0.8164765238761902 -0.5765126347541809 -0.6739422082901001 -0.8482195734977722 -0.28319665789604187 0.4475747346878052 -1.9375206232070923
-0.5287133455276489 0.5031139254570007 -0.6836214661598206 0.441423237323761 -0.03151220455765724 -0.8164766430854797 -0.5765177011489868 -0.6739678382873535 -0.8482151627540588 -0.2832702398300171 0.44753652811050415 -1.9374244213104248
-0.5287284851074219 0.5031110644340515 -0.6836118698120117 0.44145458936691284 -0.0315277986228466 -0.8164799809455872 -0.5765120983123779 -0.6739509105682373 -0.8482051491737366 -0.2832656502723694 0.4475584030151367 -1.937485933303833
-0.5287144780158997 0.5031837224960327 -0.6835692524909973 0.4414115846157074 -0.03155980259180069 -0.8164333701133728 -0.5765763521194458 -0.6739392280578613 -0.8482126593589783 -0.28327101469039917 0.4475407004356384 -1.9375020265579224
-0.5286835432052612 0.5032039284706116 -0.6835783123970032 0.4414047598838806 -0.03166282922029495 -0.8164594173431396 -0.5765337944030762 -0.6739621758460999 -0.8482280969619751 -0.2831599712371826 0.4475817382335663 -1.937484622001648
-0.5286784172058105 0.5032076835632324 -0.6835795044898987 0.44143494963645935 -0.0316447950899601 -0.8164516687393188 -0.5765457153320312 -0.6739502549171448 -0.8482319712638855 -0.28317561745643616 0.4475645124912262 -1.9375513792037964
-0.5287878513336182 0.5031671524047852 -0.6835246682167053 0.4414311349391937 -0.03158355504274368 -0.8164345622062683 -0.5765733122825623 -0.6739314794540405 -0.8481660485267639 -0.2832969129085541 0.4476127028465271 -1.9375416040420532
-0.5287977457046509 0.5031771659851074 -0.6835097074508667 0.44146063923835754 -0.031625691801309586 -0.8164374232292175 -0.5765669941902161 -0.6739056706428528 -0.8481583595275879 -0.2832708954811096 0.44764378666877747 -1.9376115798950195
-0.528800904750824 0.5032125115394592 -0.6834812164306641 0.4414628744125366 -0.0317169651389122 -0.8164371848106384 -0.5765622854232788 -0.6739200949668884 -0.8481529355049133 -0.2832087576389313 0.4476933181285858 -1.9376232624053955
-0.5287907123565674 0.5032057762145996 -0.6834940314292908 0.4414914548397064 -0.031694624572992325 -0.8164383172988892 -0.5765619874000549 -0.6738995909690857 -0.8481601476669312 -0.28321757912635803 0.44767409563064575 -1.937696933746338
-0.5287683606147766 0.503257691860199 -0.6834731698036194 0.44144532084465027 -0.031740810722112656 -0.8164162635803223 -0.5765906572341919 -0.6739629507064819 -0.8481723666191101 -0.28318896889686584 0.44766905903816223 -1.9376552104949951
-0.5287749767303467 0.5032253861427307 -0.6834918260574341 0.4414668381214142 -0.03169605880975723 -0.816426694393158 -0.5765783786773682 -0.6739497184753418 -0.8481699228286743 -0.283216267824173 0.44765642285346985 -1.937725305557251
-0.5288109183311462 0.5032100677490234 -0.6834752559661865 0.4414696991443634 -0.03172103688120842 -0.816437840461731 -0.5765612125396729 -0.6739592552185059 -0.8481465578079224 -0.2832113802433014 0.4477038085460663 -1.9376975297927856
-0.5287815928459167 0.5032354593276978 -0.6834792494773865 0.441498726606369 -0.03173597902059555 -0.816429615020752 -0.5765719413757324 -0.6739426851272583 -0.8481642603874207 -0.2831898331642151 0.44768384099006653 -1.937778115272522
-0.5287781953811646 0.5031880140304565 -0.683516800403595 0.4414689540863037 -0.03160207346081734 -0.8164259195327759 -0.5765845775604248 -0.6739556193351746 -0.8481714129447937 -0.28328487277030945 0.44761019945144653 -1.9376857280731201
-0.5287421941757202 0.5031915903091431 -0.683542013168335 0.4414348900318146 -0.031593549996614456 -0.8164301514625549 -0.5765790343284607 -0.6739625930786133 -0.8481941223144531 -0.28326621651649475 0.44757887721061707 -1.9376167058944702
-0.5287429690361023 0.5032148957252502 -0.6835242509841919 0.44146305322647095 -0.03157030791044235 -0.8164025545120239 -0.5766194462776184 -0.6739503741264343 -0.8481945395469666 -0.28330445289611816 0.44755393266677856 -1.9376814365386963
-0.5287225842475891 0.50318443775177 -0.6835623979568481 0.4414614140987396 -0.031545985490083694 -0.8164258003234863 -0.5765877962112427 -0.673991322517395 -0.8482081294059753 -0.28329139947891235 0.447536438703537 -1.9376667737960815
-0.5286998748779297 0.5032016038894653 -0.6835674047470093 0.44148582220077515 -0.031567566096782684 -0.8164249658584595 -0.5765877962112427 -0.6739827394485474 -0.8482215404510498 -0.2832633852958679 0.44752880930900574 -1.9377334117889404
-0.5286792516708374 0.503201425075531 -0.6835834980010986 0.44144731760025024 -0.03154819458723068 -0.8164244890213013 -0.5765895843505859 -0.6739732027053833 -0.8482350707054138 -0.2832651734352112 0.4475019574165344 -1.9376885890960693
-0.528661847114563 0.5032297968864441 -0.6835760474205017 0.4414563775062561 -0.031604867428541183 -0.8164243698120117 -0.5765866637229919 -0.6740071773529053 -0.8482438325881958 -0.28321510553359985 0.44751712679862976 -1.9376813173294067
-0.5286628007888794 0.5032348036766052 -0.6835716366767883 0.44147929549217224 -0.031626760959625244 -0.8164271712303162 -0.5765814185142517 -0.6739990711212158 -0.8482424020767212 -0.2831980586051941 0.4475305676460266 -1.937745213508606
-0.5286067724227905 0.5032827854156494 -0.6835796236991882 0.44144436717033386 -0.031598690897226334 -0.8163931369781494 -0.5766311883926392 -0.674017071723938 -0.8482784032821655 -0.28321099281311035 0.44745418429374695 -1.9376624822616577
-0.52863609790802 0.5032662749290466 -0.6835691332817078 0.4414665997028351 -0.03160948306322098 -0.8164023756980896 -0.5766174793243408 -0.6740118861198425 -0.848259687423706 -0.28321361541748047 0.4474879801273346 -1.937725305557251
-0.5286523699760437 0.503227949142456 -0.6835847496986389 0.44148537516593933 -0.03163576126098633 -0.8164389133453369 -0.5765643119812012 -0.6740233302116394 -0.8482486009597778 -0.2831764221191406 0.4475325644016266 -1.93770432472229
-0.5286722183227539 0.5032466053962708 -0.6835556626319885 0.4415059983730316 -0.031636107712984085 -0.8164176940917969 -0.576594352722168 -0.6740260720252991 -0.8482362031936646 -0.28320440649986267 0.447538286447525 -1.9377639293670654
-0.5286102294921875 0.5032721757888794 -0.6835847496986389 0.44147777557373047 -0.03160649538040161 -0.8164036870002747 -0.5766158103942871 -0.674066424369812 -0.8482759594917297 -0.28319934010505676 0.4474661946296692 -1.9376791715621948
-0.5286206007003784 0.5032476186752319 -0.683594822883606 0.4414963126182556 -0.0315936803817749 -0.8164172172546387 -0.5765973925590515 -0.6740702390670776 -0.8482699394226074 -0.283204048871994 0.44747456908226013 -1.9377323389053345
-0.5285377502441406 0.503319263458252 -0.6836061477661133 0.4414539337158203 -0.03160284832119942 -0.8163831830024719 -0.576645016670227 -0.6740967631340027 -0.8483211994171143 -0.2831748425960541 0.44739586114883423 -1.9377065896987915
-0.5285426378250122 0.5033068656921387 -0.6836114525794983 0.4414708912372589 -0.031608860939741135 -0.8163942098617554 -0.5766290426254272 -0.6740968227386475 -0.8483179211616516 -0.283164918422699 0.4474083185195923 -1.9377654790878296
-0.528540849685669 0.5033391118049622 -0.6835891604423523 0.44145867228507996 -0.03161207213997841 -0.8163686394691467 -0.5766651630401611 -0.6740895509719849 -0.8483189344406128 -0.28318145871162415 0.4473959505558014 -1.9377350807189941
-0.5285317897796631 0.5033470392227173 -0.6835902333259583 0.4414730668067932 -0.031642865389585495 -0.8163747191429138 -0.5766547918319702 -0.6740821599960327 -0.848323404788971 -0.28314971923828125 0.4474075734615326 -1.9377882480621338
-0.5285370945930481 0.5033292174339294 -0.6835992932319641 0.44146764278411865 -0.03164387866854668 -0.8163886666297913 -0.5766350626945496 -0.6740698218345642 -0.8483200669288635 -0.2831413447856903 0.4474191963672638 -1.9377468824386597
-0.5285256505012512 0.5033555626869202 -0.6835887432098389 0.4414796233177185 -0.031637709587812424 -0.8163675665855408 -0.5766652226448059 -0.6740715503692627 -0.8483274579048157 -0.283155232667923 0.4473964273929596 -1.9377999305725098
