# 3x4 first row second row third row Freq: 100 current Time: 2021-07-31-12:47:30
0.8297909498214722 0.4828585684299469 -0.2798115611076355 0.40455004572868347 0.11296144127845764 -0.636332094669342 -0.7630995512008667 -0.5534910559654236 -0.546522319316864 0.6016051769256592 -0.582567036151886 -1.264121651649475
0.8298834562301636 0.4828219711780548 -0.2796002924442291 0.4047379195690155 0.11308259516954422 -0.63628751039505 -0.7631188035011292 -0.5537293553352356 -0.546356737613678 0.6016817688941956 -0.5826432108879089 -1.2646522521972656
0.8298795819282532 0.48283419013023376 -0.2795908451080322 0.4047236740589142 0.11310271173715591 -0.6362881064414978 -0.7631153464317322 -0.5536996722221375 -0.5463585257530212 0.6016713380813599 -0.5826523303985596 -1.2645972967147827
0.8298622369766235 0.4828505516052246 -0.2796139419078827 0.40471240878105164 0.11310265213251114 -0.6362953782081604 -0.7631092667579651 -0.5536676645278931 -0.546384871006012 0.6016504764556885 -0.5826491713523865 -1.2645360231399536
0.8298715353012085 0.4828241467475891 -0.2796320617198944 0.40469881892204285 0.11307336390018463 -0.6363073587417603 -0.7631036043167114 -0.5536397099494934 -0.5463768243789673 0.6016589999198914 -0.5826479196548462 -1.264477014541626
0.8297802209854126 0.4829502999782562 -0.2796851098537445 0.40458735823631287 0.11314035207033157 -0.6363111138343811 -0.7630905508995056 -0.5537432432174683 -0.546501636505127 0.601553738117218 -0.5826395153999329 -1.2644407749176025
0.8298077583312988 0.48293477296829224 -0.27963021397590637 0.40456148982048035 0.11315789073705673 -0.6362900733947754 -0.7631055116653442 -0.5537283420562744 -0.5464561581611633 0.6015884876251221 -0.5826463103294373 -1.2643842697143555
0.8296751379966736 0.4829532206058502 -0.27999168634414673 0.40457671880722046 0.11289408057928085 -0.6363475322723389 -0.7630966901779175 -0.5537485480308533 -0.5467120409011841 0.6015129089355469 -0.5824843049049377 -1.2644137144088745
0.8296636343002319 0.4829501509666443 -0.2800310552120209 0.4045545756816864 0.11285611987113953 -0.6363486051559448 -0.7631013989448547 -0.5537328720092773 -0.5467373728752136 0.6015142202377319 -0.5824591517448425 -1.2643609046936035
0.829585075378418 0.483140766620636 -0.2799348831176758 0.4046541154384613 0.11296966671943665 -0.6361894607543945 -0.7632172703742981 -0.5536805391311646 -0.5468330979347229 0.6015295386314392 -0.5823535323143005 -1.2645255327224731
0.8297168612480164 0.48307478427886963 -0.27965810894966125 0.4047746956348419 0.11306993663311005 -0.636084258556366 -0.7632901072502136 -0.5538284182548523 -0.5466123819351196 0.6016937494277954 -0.5823910236358643 -1.2649047374725342
0.8297131061553955 0.48307445645332336 -0.27966976165771484 0.40475720167160034 0.1130666509270668 -0.6360927820205688 -0.7632834911346436 -0.5538037419319153 -0.5466187596321106 0.6016849875450134 -0.5823941230773926 -1.2648775577545166
0.8298388123512268 0.4829583168029785 -0.27949732542037964 0.40493044257164 0.11315329372882843 -0.6361273527145386 -0.7632418274879456 -0.5539512038230896 -0.5464099645614624 0.6017416715621948 -0.5825315117835999 -1.2652446031570435
0.8298479318618774 0.48295363783836365 -0.27947837114334106 0.40492674708366394 0.11315864324569702 -0.6361186504364014 -0.7632482647895813 -0.5539228320121765 -0.5463950037956238 0.6017546057701111 -0.5825321078300476 -1.2652217149734497
0.829677939414978 0.4829530417919159 -0.2799836993217468 0.4047604203224182 0.11283354461193085 -0.6362730264663696 -0.7631677389144897 -0.5539592504501343 -0.5467203259468079 0.6015918254852295 -0.5823950171470642 -1.2649608850479126
0.8296943306922913 0.4829278290271759 -0.27997860312461853 0.4047461152076721 0.11284280568361282 -0.6363027691841125 -0.7631415724754333 -0.5539476275444031 -0.5466935038566589 0.6015806198120117 -0.5824317336082458 -1.2649344205856323
0.8296747207641602 0.4828045964241028 -0.28024905920028687 0.4048733711242676 0.11251728981733322 -0.6363390684127808 -0.7631593942642212 -0.5541147589683533 -0.546790361404419 0.6016411781311035 -0.582278311252594 -1.2652416229248047
0.8296788930892944 0.48282182216644287 -0.2802071273326874 0.40486758947372437 0.11256207525730133 -0.6363290548324585 -0.7631611227989197 -0.5541080832481384 -0.5467748641967773 0.6016379594802856 -0.5822961926460266 -1.2652244567871094
0.8296763896942139 0.48284414410591125 -0.280176043510437 0.40484756231307983 0.11268840730190277 -0.6364147067070007 -0.7630710601806641 -0.5540324449539185 -0.5467525720596313 0.6015294194221497 -0.5824291706085205 -1.265045166015625
0.8296700716018677 0.48269644379615784 -0.2804490625858307 0.4049885869026184 0.11238788813352585 -0.6365050077438354 -0.7630400657653809 -0.5543237924575806 -0.5468239784240723 0.601552426815033 -0.5823383927345276 -1.265542984008789
0.8296778798103333 0.4826790392398834 -0.28045591711997986 0.4049907922744751 0.11234867572784424 -0.6364858150482178 -0.7630618214607239 -0.5543328523635864 -0.5468202233314514 0.601586639881134 -0.5823065638542175 -1.2655376195907593
0.8296611309051514 0.4826972186565399 -0.28047412633895874 0.4049946367740631 0.11238185316324234 -0.6365229487419128 -0.7630259990692139 -0.5543361306190491 -0.5468388199806213 0.6015328168869019 -0.5823447704315186 -1.2655268907546997
0.8296495079994202 0.48263460397720337 -0.28061631321907043 0.40500447154045105 0.11211716383695602 -0.636436939239502 -0.763136625289917 -0.5543288588523865 -0.54691082239151 0.6016740202903748 -0.5821312069892883 -1.2656865119934082
0.8296127915382385 0.48256614804267883 -0.28084251284599304 0.40484490990638733 0.1119382232427597 -0.6365360021591187 -0.7630802989006042 -0.5541940331459045 -0.5470031499862671 0.6016241312026978 -0.5820959806442261 -1.2654300928115845
0.8296265602111816 0.4825454354286194 -0.2808375060558319 0.40483397245407104 0.11194119602441788 -0.636554479598999 -0.763064444065094 -0.5541797876358032 -0.546981692314148 0.6016212105751038 -0.5821192264556885 -1.26543128490448
0.8295204043388367 0.4827437996864319 -0.2808101177215576 0.40486568212509155 0.1120322123169899 -0.6364327073097229 -0.7631526589393616 -0.5540362596511841 -0.5471240282058716 0.6015908718109131 -0.5820167660713196 -1.2652851343154907
0.8295249938964844 0.48275941610336304 -0.28076961636543274 0.40486952662467957 0.11208851635456085 -0.6364383697509766 -0.7631396651268005 -0.5540099740028381 -0.5471054911613464 0.6015723943710327 -0.5820533037185669 -1.2652801275253296
0.8294566869735718 0.4828380048274994 -0.2808363735675812 0.40480178594589233 0.11210675537586212 -0.6364490389823914 -0.7631281018257141 -0.5539251565933228 -0.5472053289413452 0.601498007774353 -0.5820362567901611 -1.265052080154419
0.8294658064842224 0.48284706473350525 -0.28079378604888916 0.404804527759552 0.11214582622051239 -0.6364400386810303 -0.7631298303604126 -0.5539005994796753 -0.5471834540367126 0.6015002727508545 -0.5820545554161072 -1.2650388479232788
0.8295365571975708 0.4828169643878937 -0.2806365489959717 0.40487584471702576 0.11214687675237656 -0.6363115906715393 -0.7632368206977844 -0.5538234710693359 -0.5470760464668274 0.6016603112220764 -0.581990122795105 -1.2651088237762451
0.8295446038246155 0.4827979505062103 -0.2806454002857208 0.4048829674720764 0.11213647574186325 -0.6363277435302734 -0.7632248401641846 -0.5537790060043335 -0.5470659136772156 0.6016584634780884 -0.5820015072822571 -1.265095829963684
0.8295038342475891 0.4826618731021881 -0.28099972009658813 0.4047848880290985 0.11182637512683868 -0.6364783644676208 -0.7631447911262512 -0.5540557503700256 -0.5471912026405334 0.6016083359718323 -0.5819355845451355 -1.2651621103286743
0.8294976949691772 0.48259103298187256 -0.28113964200019836 0.4049467444419861 0.11167260259389877 -0.6365201473236084 -0.7631324529647827 -0.5542780160903931 -0.5472319722175598 0.6016209721565247 -0.5818841457366943 -1.2655822038650513
0.8294965624809265 0.4826112687587738 -0.2811080813407898 0.4049478769302368 0.11168942600488663 -0.6364868879318237 -0.7631577253341675 -0.5542864799499512 -0.5472301840782166 0.6016399264335632 -0.5818662643432617 -1.265588402748108
0.8295916318893433 0.48261478543281555 -0.2808213531970978 0.40508347749710083 0.11196659505367279 -0.636498212814331 -0.7631076574325562 -0.554313600063324 -0.5470293760299683 0.6016251444816589 -0.5820702910423279 -1.2657890319824219
0.8295735716819763 0.482623428106308 -0.2808598279953003 0.40509939193725586 0.11195135861635208 -0.6365119218826294 -0.7630984783172607 -0.5543063879013062 -0.5470598936080933 0.6016036868095398 -0.5820637941360474 -1.2657928466796875
0.8296401500701904 0.482677161693573 -0.28057071566581726 0.4051735997200012 0.11208932846784592 -0.6363185048103333 -0.7632395029067993 -0.5544121265411377 -0.5469306707382202 0.6017651557922363 -0.5820183157920837 -1.266121745109558
0.8296499848365784 0.4826669692993164 -0.2805592715740204 0.40518632531166077 0.11210327595472336 -0.6363322734832764 -0.7632259726524353 -0.5544006824493408 -0.5469129681587219 0.6017587780952454 -0.5820415616035461 -1.2661309242248535
0.8297104835510254 0.4826321005821228 -0.2804402709007263 0.40513455867767334 0.11222842335700989 -0.6363836526870728 -0.7631646990776062 -0.554372251033783 -0.5467954277992249 0.6017323732376099 -0.5821792483329773 -1.2660413980484009
0.8297545313835144 0.48272520303726196 -0.28014954924583435 0.4052170217037201 0.11243145167827606 -0.6362215876579285 -0.7632699608802795 -0.5543060898780823 -0.5466868877410889 0.6018290519714355 -0.5821812748908997 -1.2660740613937378
0.8297548890113831 0.48272234201431274 -0.28015342354774475 0.40523579716682434 0.11245601624250412 -0.6362553834915161 -0.7632381916046143 -0.5542787909507751 -0.54668128490448 0.6017956733703613 -0.5822210311889648 -1.2660728693008423
0.8296999335289001 0.48256710171699524 -0.28058329224586487 0.4050655663013458 0.11214561760425568 -0.6365009546279907 -0.7630791068077087 -0.5544408559799194 -0.5468284487724304 0.6016604900360107 -0.582222580909729 -1.2659668922424316
0.8297026753425598 0.4825526773929596 -0.2805999219417572 0.4050639569759369 0.11212052404880524 -0.6365042924880981 -0.7630800008773804 -0.5544410347938538 -0.5468294024467468 0.6016684770584106 -0.5822134017944336 -1.26596200466156
0.8296906352043152 0.48237210512161255 -0.2809458374977112 0.40493661165237427 0.11180686205625534 -0.6366859674453735 -0.7629744410514832 -0.5543820261955261 -0.546911895275116 0.6016210317611694 -0.582184910774231 -1.2656985521316528
0.8297079801559448 0.4823395907878876 -0.2809504568576813 0.4049307405948639 0.11180856078863144 -0.6367243528366089 -0.7629421353340149 -0.5543823838233948 -0.5468852519989014 0.601606547832489 -0.58222496509552 -1.265688419342041
0.829606831073761 0.4822838306427002 -0.28134462237358093 0.4049094319343567 0.11156224459409714 -0.636906623840332 -0.7628260850906372 -0.5543175339698792 -0.5470889806747437 0.6014582514762878 -0.582186758518219 -1.2654863595962524
0.8295862674713135 0.48217350244522095 -0.2815942168235779 0.4050876498222351 0.11129561066627502 -0.6369737386703491 -0.7628089785575867 -0.5544753670692444 -0.5471744537353516 0.6014756560325623 -0.5820884704589844 -1.265854835510254
0.8295924663543701 0.4821555018424988 -0.2816067636013031 0.40510836243629456 0.11129114031791687 -0.6369991302490234 -0.7627884149551392 -0.5544753670692444 -0.5471659302711487 0.6014631986618042 -0.582109272480011 -1.2658411264419556
0.82970130443573 0.4820858836174011 -0.2814052999019623 0.4051723778247833 0.11128033697605133 -0.6368516683578491 -0.7629131078720093 -0.5542529821395874 -0.5470031499862671 0.6016751527786255 -0.5820432901382446 -1.2658965587615967
0.829674482345581 0.48221880197525024 -0.2812564969062805 0.40517458319664 0.11150747537612915 -0.636820912361145 -0.7629055976867676 -0.5543394684791565 -0.5469974875450134 0.6016011238098145 -0.5821250677108765 -1.2659647464752197
0.8297197222709656 0.48223990201950073 -0.281086802482605 0.4050436019897461 0.1116534024477005 -0.6367891430854797 -0.762910783290863 -0.5542754530906677 -0.5468990802764893 0.6016178727149963 -0.5822002291679382 -1.2657349109649658
0.8296676278114319 0.48211783170700073 -0.2814498543739319 0.40483230352401733 0.11139342933893204 -0.6369898319244385 -0.7627812623977661 -0.5542334914207458 -0.5470312237739563 0.6015032529830933 -0.5821945667266846 -1.2653671503067017
0.8296176791191101 0.48202720284461975 -0.28175216913223267 0.4049328863620758 0.111086905002594 -0.6370470523834229 -0.7627781629562378 -0.5543414950370789 -0.5471692681312561 0.6015152335166931 -0.5820524096488953 -1.2656341791152954
0.8295950889587402 0.4821023941040039 -0.28168991208076477 0.4048655033111572 0.1111271008849144 -0.6369547843933105 -0.7628493905067444 -0.5542502999305725 -0.547195315361023 0.6015527248382568 -0.5819891691207886 -1.2654659748077393
0.8295281529426575 0.4822961390018463 -0.2815554738044739 0.40480539202690125 0.11133837699890137 -0.6368616223335266 -0.7628963589668274 -0.5540033578872681 -0.5472539067268372 0.6014960408210754 -0.5819926857948303 -1.265167474746704
0.8295263051986694 0.4822887182235718 -0.2815735936164856 0.4047989845275879 0.11133600026369095 -0.6368845701217651 -0.7628775238990784 -0.5539759397506714 -0.547257125377655 0.6014776825904846 -0.5820086002349854 -1.265136957168579
0.8294224739074707 0.4825619161128998 -0.281411349773407 0.40473711490631104 0.11157938838005066 -0.6367208957672119 -0.7629786133766174 -0.5538032054901123 -0.5473649501800537 0.6014318466186523 -0.5819545388221741 -1.2648316621780396
0.8294359445571899 0.4825611412525177 -0.28137296438217163 0.4047327935695648 0.11161823570728302 -0.6367255449295044 -0.7629690170288086 -0.5537633895874023 -0.5473366379737854 0.6014275550842285 -0.5819856524467468 -1.264785647392273
0.829514741897583 0.48253899812698364 -0.2811785638332367 0.40467768907546997 0.11172357201576233 -0.6366664171218872 -0.7630029320716858 -0.5538385510444641 -0.5471956729888916 0.6015079021453857 -0.5820351839065552 -1.264747142791748
0.8295233845710754 0.48252418637275696 -0.2811785340309143 0.4046618938446045 0.11174081265926361 -0.6366998553276062 -0.7629725337028503 -0.5538032054901123 -0.5471790432929993 0.6014844179153442 -0.5820750594139099 -1.264691948890686
0.8294529914855957 0.4826231300830841 -0.2812163531780243 0.40456289052963257 0.11176756769418716 -0.636670708656311 -0.7629929184913635 -0.5537169575691223 -0.5472803115844727 0.6014358997344971 -0.5820299983024597 -1.2644498348236084
0.8293294310569763 0.48254287242889404 -0.28171801567077637 0.40446192026138306 0.11130514740943909 -0.636748194694519 -0.7629958987236023 -0.5538566708564758 -0.5475617051124573 0.6014182567596436 -0.5817834734916687 -1.2643812894821167
0.8293458223342896 0.4825286865234375 -0.28169408440589905 0.4044382870197296 0.11131493747234344 -0.6367486119270325 -0.762994110584259 -0.5538484454154968 -0.5475348830223083 0.6014291644096375 -0.5817974209785461 -1.264325737953186
0.829306960105896 0.48256489634513855 -0.2817464768886566 0.40439438819885254 0.11133623123168945 -0.6367895007133484 -0.7629568576812744 -0.5536329746246338 -0.5475894212722778 0.6013568043708801 -0.5818209052085876 -1.2640875577926636
0.8293112516403198 0.4825628995895386 -0.2817372679710388 0.4043791890144348 0.11134148389101028 -0.6367879509925842 -0.7629573941230774 -0.5536056756973267 -0.5475818514823914 0.6013600826263428 -0.5818246603012085 -1.2640197277069092
0.8293299674987793 0.48263004422187805 -0.2815670073032379 0.4044478237628937 0.11153220385313034 -0.6367597579956055 -0.7629530429840088 -0.5534029006958008 -0.5475146770477295 0.6013360619544983 -0.5819127559661865 -1.2638814449310303
0.8293309807777405 0.4826206862926483 -0.2815800905227661 0.4044518768787384 0.11153560876846313 -0.6367858648300171 -0.7629308104515076 -0.5533520579338074 -0.5475124716758728 0.6013159155845642 -0.5819355845451355 -1.2638095617294312
0.8292974829673767 0.4825073480606079 -0.2818728983402252 0.4043230712413788 0.11122795194387436 -0.6368545889854431 -0.7629182934761047 -0.5534858107566833 -0.5476257801055908 0.6013340950012207 -0.5818101763725281 -1.2637748718261719
0.829312264919281 0.48249492049217224 -0.2818506360054016 0.4043092727661133 0.11123199760913849 -0.6368486881256104 -0.7629226446151733 -0.5534592866897583 -0.5476025938987732 0.6013503074645996 -0.5818153023719788 -1.2637110948562622
0.8293300867080688 0.4823911488056183 -0.28197574615478516 0.4044542908668518 0.11100905388593674 -0.6368316411972046 -0.7629693150520325 -0.5535570979118347 -0.5476207733154297 0.601451575756073 -0.5816934108734131 -1.264081597328186
0.8293924331665039 0.4823775887489319 -0.2818155586719513 0.40448397397994995 0.11106202751398087 -0.6367412209510803 -0.7630370855331421 -0.5535051226615906 -0.5475156307220459 0.6015582084655762 -0.5816821455955505 -1.264133334159851
0.8293985724449158 0.4823795258998871 -0.2817942500114441 0.40448197722435 0.11108560860157013 -0.6367437243461609 -0.7630316019058228 -0.5534653663635254 -0.5475015640258789 0.6015540361404419 -0.5816997289657593 -1.2640944719314575
0.8293538093566895 0.48262879252433777 -0.2814989686012268 0.40451934933662415 0.11144224554300308 -0.6365934014320374 -0.763105034828186 -0.5534707307815552 -0.5474969148635864 0.601513147354126 -0.5817463397979736 -1.2641712427139282
0.8293536305427551 0.4826132655143738 -0.2815261483192444 0.4045199751853943 0.1114218682050705 -0.6366136074066162 -0.7630910873413086 -0.5534224510192871 -0.5475013256072998 0.6015042066574097 -0.5817514657974243 -1.2641268968582153
0.8293654918670654 0.482665479183197 -0.281401664018631 0.4045647382736206 0.11152175813913345 -0.6365464925765991 -0.7631325125694275 -0.5534517765045166 -0.5474629998207092 0.6015333533287048 -0.5817573666572571 -1.2641116380691528
0.8293595910072327 0.48267030715942383 -0.281410813331604 0.40456876158714294 0.1114964410662651 -0.6365232467651367 -0.7631556391716003 -0.553409993648529 -0.547477126121521 0.6015540957450867 -0.581722617149353 -1.2640619277954102
0.8294598460197449 0.48266172409057617 -0.2811298966407776 0.4046471118927002 0.11161531507968903 -0.6363781690597534 -0.76325923204422 -0.553579568862915 -0.5473009943962097 0.6017144918441772 -0.5817225575447083 -1.264524221420288
0.8294616937637329 0.4826647639274597 -0.28111910820007324 0.40464261174201965 0.11161763221025467 -0.6363667845726013 -0.7632683515548706 -0.5535472631454468 -0.5472976565361023 0.6017240285873413 -0.5817157626152039 -1.2644985914230347
0.8295423984527588 0.4827103316783905 -0.28080257773399353 0.40470510721206665 0.1119333878159523 -0.6363492012023926 -0.7632368206977844 -0.5536647439002991 -0.5471108555793762 0.6017061471939087 -0.5819100141525269 -1.2646639347076416
0.8295568227767944 0.4826056957244873 -0.28093984723091125 0.40463176369667053 0.11175944656133652 -0.6363991498947144 -0.7632206082344055 -0.5539110898971558 -0.5471245646476746 0.6017372012138367 -0.5818650126457214 -1.264692783355713
0.8295429348945618 0.48262837529182434 -0.28094184398651123 0.40462297201156616 0.11177302151918411 -0.6363939046859741 -0.7632229924201965 -0.553907036781311 -0.5471428036689758 0.6017245650291443 -0.5818608999252319 -1.2646607160568237
0.8296598196029663 0.48261451721191406 -0.2806202471256256 0.4048420786857605 0.11200808733701706 -0.6363406181335449 -0.7632330060005188 -0.5539984107017517 -0.5469174385070801 0.60179203748703 -0.5820029377937317 -1.2651100158691406
0.8296507596969604 0.48261404037475586 -0.28064802289009094 0.40484297275543213 0.11198960989713669 -0.6363488435745239 -0.7632288336753845 -0.5539765357971191 -0.5469350814819336 0.6017836928367615 -0.5819950103759766 -1.265089511871338
0.8297194242477417 0.4827113449573517 -0.28027743101119995 0.4049350619316101 0.11223973333835602 -0.6361536383628845 -0.7633548378944397 -0.5539762377738953 -0.5467796325683594 0.6019120216369629 -0.582008421421051 -1.2652435302734375
0.8297136425971985 0.4827192425727844 -0.2802809178829193 0.4049464166164398 0.11225056648254395 -0.6361613273620605 -0.763346791267395 -0.5539517998695374 -0.5467861294746399 0.6018975377082825 -0.5820172429084778 -1.265228509902954
0.8296681046485901 0.4829180836677551 -0.28007301688194275 0.40487170219421387 0.1125098392367363 -0.6360414624214172 -0.7634085416793823 -0.5537676215171814 -0.5468019247055054 0.601864755153656 -0.5820363759994507 -1.2649279832839966
0.8296608328819275 0.4829372763633728 -0.2800614833831787 0.40487831830978394 0.11252613365650177 -0.6360288858413696 -0.763416588306427 -0.5537278652191162 -0.5468095541000366 0.6018626093864441 -0.5820313692092896 -1.2648969888687134
0.8297622203826904 0.4828113615512848 -0.2799782156944275 0.4048193395137787 0.11258533596992493 -0.636133074760437 -0.763321042060852 -0.5538380146026611 -0.5466435551643372 0.6018535494804382 -0.5821966528892517 -1.2649275064468384
0.8295817971229553 0.48288941383361816 -0.2803780734539032 0.4046553373336792 0.11239299923181534 -0.636249840259552 -0.7632520794868469 -0.553869366645813 -0.5469568967819214 0.6016674637794495 -0.5820946097373962 -1.2646936178207397
0.8295830488204956 0.48288169503211975 -0.2803875207901001 0.4046379625797272 0.11239452660083771 -0.6362686157226562 -0.7632362246513367 -0.5538535714149475 -0.5469546318054199 0.6016538143157959 -0.5821109414100647 -1.2646524906158447
0.8296922445297241 0.4827396273612976 -0.28030914068222046 0.40467044711112976 0.11240283399820328 -0.6363375186920166 -0.7631775140762329 -0.5538488030433655 -0.5467873215675354 0.6016949415206909 -0.5822256207466125 -1.2646877765655518
0.8296912908554077 0.4827519953250885 -0.2802906930446625 0.4046574831008911 0.11242926120758057 -0.6363358497619629 -0.7631750702857971 -0.5538312792778015 -0.5467833280563354 0.6016867756843567 -0.582237720489502 -1.2646468877792358
0.8296256065368652 0.4826183617115021 -0.2807149291038513 0.404826283454895 0.1120123490691185 -0.6364373564720154 -0.7631517052650452 -0.5540670156478882 -0.5469685196876526 0.6016866564750671 -0.5820639133453369 -1.2650152444839478
0.8296334147453308 0.48260724544525146 -0.28071102499961853 0.40482935309410095 0.1120314672589302 -0.636465311050415 -0.7631255984306335 -0.5540537238121033 -0.5469527840614319 0.6016659736633301 -0.5821000337600708 -1.2649859189987183
0.829554557800293 0.4828340709209442 -0.2805538475513458 0.40483564138412476 0.11219882220029831 -0.6362683176994324 -0.7632652521133423 -0.5539487600326538 -0.5470380187034607 0.6016923785209656 -0.5819926857948303 -1.2650483846664429
0.8295477032661438 0.48283061385154724 -0.28057998418807983 0.40484073758125305 0.11219914257526398 -0.6362984776496887 -0.7632400393486023 -0.5539233684539795 -0.5470483303070068 0.6016632318496704 -0.5820131301879883 -1.265030026435852
0.8295794129371643 0.48296257853507996 -0.28025904297828674 0.40484553575515747 0.11250154674053192 -0.636177122592926 -0.7632967233657837 -0.5538486838340759 -0.5469381809234619 0.601685643196106 -0.5820934772491455 -1.2650620937347412
0.8295931220054626 0.48294177651405334 -0.2802543640136719 0.40484580397605896 0.11249876767396927 -0.6361896991729736 -0.7632866501808167 -0.5538128614425659 -0.5469180345535278 0.6016890406608582 -0.5821089148521423 -1.265038013458252
0.8295973539352417 0.48306068778038025 -0.2800367474555969 0.4048084020614624 0.11264848709106445 -0.6360176205635071 -0.7634079456329346 -0.5537052750587463 -0.5468807220458984 0.6017754673957825 -0.582054615020752 -1.264862060546875
0.8295871615409851 0.4831791818141937 -0.2798624038696289 0.40472355484962463 0.11283998936414719 -0.6359357237815857 -0.7634478807449341 -0.553529679775238 -0.546856701374054 0.6017668843269348 -0.5820860862731934 -1.26450777053833
0.8295913338661194 0.48318949341773987 -0.27983227372169495 0.40471380949020386 0.11286532878875732 -0.6359230279922485 -0.7634547352790833 -0.5534696578979492 -0.5468451380729675 0.6017720699310303 -0.5820915699005127 -1.264451503753662
