# 3x4 first row second row third row Freq: 100 current Time: 2021-07-31-12:44:07
0.9190105199813843 -0.223197802901268 -0.3249651789665222 0.15678474307060242 -0.37433335185050964 -0.2354617565870285 -0.8969014883041382 -0.1394515186548233 0.1236695721745491 0.9459072351455688 -0.2999422252178192 -1.544867992401123
0.9190093278884888 -0.2231970578432083 -0.3249690532684326 0.15678203105926514 -0.37433478236198425 -0.2354452908039093 -0.896905243396759 -0.13944685459136963 0.123674176633358 0.9459114670753479 -0.29992684721946716 -1.544883370399475
0.9190095067024231 -0.22309857606887817 -0.32503625750541687 0.15685077011585236 -0.37437161803245544 -0.2354586124420166 -0.8968863487243652 -0.1395181268453598 0.12356147170066833 0.9459314346313477 -0.2999104857444763 -1.545326590538025
0.9190164804458618 -0.22308489680290222 -0.32502585649490356 0.15685854852199554 -0.37435752153396606 -0.23546084761619568 -0.8968916535377502 -0.13951943814754486 0.123552106320858 0.9459340572357178 -0.299905925989151 -1.5453628301620483
0.9189779162406921 -0.22319920361042023 -0.3250565230846405 0.15686722099781036 -0.3744260370731354 -0.23548538982868195 -0.8968566060066223 -0.13959427177906036 0.12363161146640778 0.9459010362625122 -0.29997745156288147 -1.5450979471206665
0.9189296364784241 -0.2232150137424469 -0.3251820206642151 0.1568370759487152 -0.37455520033836365 -0.23549920320510864 -0.8967990279197693 -0.13958267867565155 0.12359890341758728 0.9458938241004944 -0.30001354217529297 -1.545048713684082
0.918921709060669 -0.22319531440734863 -0.3252180516719818 0.15684224665164948 -0.3745814859867096 -0.235478013753891 -0.8967936038970947 -0.13959646224975586 0.12357842922210693 0.9459037780761719 -0.2999906837940216 -1.5450729131698608
0.9189515113830566 -0.22332629561424255 -0.3250437378883362 0.1568288803100586 -0.37445971369743347 -0.23553739488124847 -0.8968288898468018 -0.13951852917671204 0.1237255111336708 0.9458580613136292 -0.30007416009902954 -1.5449923276901245
0.9189640879631042 -0.22331829369068146 -0.32501375675201416 0.15683406591415405 -0.37442731857299805 -0.2355324774980545 -0.896843671798706 -0.13951364159584045 0.12373030930757523 0.9458611607551575 -0.300062358379364 -1.5450118780136108
0.9189762473106384 -0.22325526177883148 -0.32502275705337524 0.15683908760547638 -0.3744143545627594 -0.2355152666568756 -0.8968536257743835 -0.13950912654399872 0.12367946654558182 0.9458803534507751 -0.3000229001045227 -1.5452569723129272
0.9189869165420532 -0.22324882447719574 -0.3249969780445099 0.15684331953525543 -0.3743880093097687 -0.23552171885967255 -0.8968629240989685 -0.13949629664421082 0.1236797422170639 0.9458802342414856 -0.30002307891845703 -1.5452864170074463
0.9189561009407043 -0.22329393029212952 -0.32505303621292114 0.156897634267807 -0.3744527995586395 -0.23549190163612366 -0.8968437314033508 -0.1395193636417389 0.12371239811182022 0.9458770155906677 -0.300019770860672 -1.545148491859436
0.9189572334289551 -0.22330740094184875 -0.32504069805145264 0.1569129228591919 -0.37444615364074707 -0.23550115525722504 -0.8968440294265747 -0.13950687646865845 0.12372446060180664 0.9458715319633484 -0.3000320792198181 -1.5451654195785522
0.9189263582229614 -0.223316952586174 -0.32512128353118896 0.15683571994304657 -0.3745228052139282 -0.23546354472637177 -0.896821916103363 -0.1394437700510025 0.12372133135795593 0.9458786249160767 -0.30001094937324524 -1.5447227954864502
0.9188868999481201 -0.22343657910823822 -0.3251507580280304 0.1568414866924286 -0.37458348274230957 -0.23542430996894836 -0.8968068957328796 -0.13941264152526855 0.12383106350898743 0.9458601474761963 -0.30002397298812866 -1.5446913242340088
0.9188504815101624 -0.22343634068965912 -0.3252536952495575 0.15682457387447357 -0.37467625737190247 -0.23536615073680878 -0.8967834115028381 -0.13940031826496124 0.12382028251886368 0.9458746910095215 -0.29998260736465454 -1.5444368124008179
0.918907880783081 -0.22327955067157745 -0.32519930601119995 0.15681719779968262 -0.3745826780796051 -0.23542755842208862 -0.8968063592910767 -0.13947996497154236 0.12367763370275497 0.9458964467048645 -0.29997289180755615 -1.5449141263961792
0.9189066290855408 -0.22325336933135986 -0.3252207338809967 0.15682534873485565 -0.37459248304367065 -0.23540450632572174 -0.8968083262443542 -0.13947319984436035 0.12365705519914627 0.9459083676338196 -0.29994380474090576 -1.5449258089065552
0.9188811182975769 -0.22321480512619019 -0.3253193497657776 0.15683108568191528 -0.374659925699234 -0.23527544736862183 -0.8968139886856079 -0.13943840563297272 0.12364251911640167 0.9459495544433594 -0.29981979727745056 -1.544464349746704
0.9188836812973022 -0.2232283651828766 -0.3253028094768524 0.15684442222118378 -0.37464869022369385 -0.23528090119361877 -0.8968172669410706 -0.13943320512771606 0.12365751713514328 0.9459450244903564 -0.2998279929161072 -1.5444591045379639
0.9189286828041077 -0.2232612669467926 -0.32515308260917664 0.1568041294813156 -0.37453535199165344 -0.23545390367507935 -0.8968192338943481 -0.13946101069450378 0.1236664280295372 0.945894181728363 -0.29998457431793213 -1.5447535514831543
0.9189336895942688 -0.2232266515493393 -0.3251626491546631 0.1568172425031662 -0.3745324909687042 -0.23544248938560486 -0.8968234062194824 -0.1394600123167038 0.12363778054714203 0.9459052085876465 -0.299961656332016 -1.5447583198547363
0.9189617037773132 -0.22313925623893738 -0.3251434564590454 0.15685497224330902 -0.3744903802871704 -0.23547059297561646 -0.896833598613739 -0.13945873081684113 0.12355706095695496 0.9459188580513 -0.29995197057724 -1.5447860956192017
0.9189637303352356 -0.22314980626106262 -0.32513052225112915 0.15687212347984314 -0.37448397278785706 -0.2354929894208908 -0.8968304395675659 -0.13945533335208893 0.12356157600879669 0.9459107518196106 -0.29997554421424866 -1.544789433479309
0.9189440011978149 -0.223125621676445 -0.3252028524875641 0.15686850249767303 -0.3745371103286743 -0.2354169487953186 -0.8968281745910645 -0.13945460319519043 0.12354707717895508 0.9459354281425476 -0.2999038100242615 -1.544515609741211
0.9189245104789734 -0.22315044701099396 -0.3252408802509308 0.15683887898921967 -0.3745744824409485 -0.2353600263595581 -0.8968275189399719 -0.13948483765125275 0.1235787570476532 0.9459437131881714 -0.2998645603656769 -1.544585108757019
0.9189013838768005 -0.22311945259571075 -0.3253275156021118 0.1568315327167511 -0.37464848160743713 -0.2353525012731552 -0.8967986106872559 -0.13949421048164368 0.12352655827999115 0.9459528923034668 -0.29985707998275757 -1.5444132089614868
0.9189348220825195 -0.22319522500038147 -0.32518091797828674 0.15681838989257812 -0.3745257258415222 -0.2353287637233734 -0.8968560695648193 -0.13945555686950684 0.12364957481622696 0.9459409117698669 -0.2998441457748413 -1.544510006904602
0.9189238548278809 -0.22321824729442596 -0.325196236371994 0.1568300873041153 -0.3745441138744354 -0.23530042171478271 -0.8968558311462402 -0.1394454687833786 0.12367577105760574 0.9459425210952759 -0.29982826113700867 -1.5445014238357544
0.9189531207084656 -0.223185196518898 -0.3251362144947052 0.15681692957878113 -0.3744979798793793 -0.23547394573688507 -0.8968295454978943 -0.13944564759731293 0.12359796464443207 0.9459071755409241 -0.29997190833091736 -1.5448298454284668
0.9189391732215881 -0.22319568693637848 -0.32516831159591675 0.15682369470596313 -0.37452757358551025 -0.2354360669851303 -0.8968271613121033 -0.13942886888980865 0.12361159920692444 0.945914089679718 -0.29994437098503113 -1.5448263883590698
0.9189898371696472 -0.22329463064670563 -0.3249571919441223 0.15681307017803192 -0.37434160709381104 -0.23535533249378204 -0.8969259858131409 -0.13946674764156342 0.12379834055900574 0.9459108710289001 -0.2998776137828827 -1.54530668258667
0.9189929962158203 -0.22325558960437775 -0.3249751329421997 0.15680694580078125 -0.37434321641921997 -0.23532626032829285 -0.8969328999519348 -0.13945813477039337 0.1237701028585434 0.9459273219108582 -0.2998374104499817 -1.545328140258789
0.918994128704071 -0.22327303886413574 -0.3249598443508148 0.15685604512691498 -0.3743557631969452 -0.23549477756023407 -0.896883487701416 -0.1395111232995987 0.12372354418039322 0.9458812475204468 -0.300001859664917 -1.5454434156417847
0.9189839363098145 -0.22326309978961945 -0.3249954879283905 0.15685197710990906 -0.3743850886821747 -0.23547659814357758 -0.8968759775161743 -0.1395106315612793 0.12371047586202621 0.945888102054596 -0.2999855875968933 -1.545046329498291
0.9189884662628174 -0.22324524819850922 -0.3249950110912323 0.15686370432376862 -0.37437424063682556 -0.23543941974639893 -0.8968902826309204 -0.13951686024665833 0.12370984256267548 0.9459015727043152 -0.29994338750839233 -1.5450539588928223
0.9190891981124878 -0.2231450080871582 -0.3247790038585663 0.1568794995546341 -0.37415412068367004 -0.23560559749603271 -0.8969385027885437 -0.1394832730293274 0.12362760305404663 0.9458838701248169 -0.30003318190574646 -1.5451947450637817
0.9190931916236877 -0.22314314544200897 -0.32476896047592163 0.15688654780387878 -0.3741403818130493 -0.2355799674987793 -0.8969509601593018 -0.1394835263490677 0.12363940477371216 0.9458906650543213 -0.30000680685043335 -1.5452061891555786
0.919093906879425 -0.22321024537086487 -0.32472074031829834 0.15687419474124908 -0.3741164803504944 -0.23559801280498505 -0.896956205368042 -0.1394868940114975 0.12370624393224716 0.9458703398704529 -0.3000433146953583 -1.545190691947937
0.919093132019043 -0.22320590913295746 -0.32472601532936096 0.15688146650791168 -0.3741188049316406 -0.23558668792247772 -0.8969581723213196 -0.13948364555835724 0.12370523810386658 0.9458742141723633 -0.3000316321849823 -1.5452022552490234
0.9191405177116394 -0.22304444015026093 -0.3247026801109314 0.15690673887729645 -0.3740496039390564 -0.2356138825416565 -0.8969799280166626 -0.13950951397418976 0.12356191873550415 0.9459055066108704 -0.2999919652938843 -1.5451992750167847
0.9191479682922363 -0.22303733229637146 -0.32468658685684204 0.1569191813468933 -0.37402987480163574 -0.2355998009443283 -0.8969918489456177 -0.13951019942760468 0.12356656044721603 0.9459106922149658 -0.2999736964702606 -1.54520845413208
0.9191660284996033 -0.22295096516609192 -0.32469475269317627 0.15689076483249664 -0.3740171492099762 -0.23564612865447998 -0.8969849944114685 -0.13951297104358673 0.12347059696912766 0.9459195137023926 -0.299985408782959 -1.54523503780365
0.9191657900810242 -0.2229337841272354 -0.3247072994709015 0.1569003462791443 -0.37402188777923584 -0.23562957346439362 -0.8969873189926147 -0.13951198756694794 0.123458132147789 0.9459276795387268 -0.2999647557735443 -1.5452474355697632
0.9191714525222778 -0.22281529009342194 -0.32477250695228577 0.1568945348262787 -0.3740498721599579 -0.23563697934150696 -0.896973729133606 -0.13955067098140717 0.12333104014396667 0.9459537863731384 -0.2999348044395447 -1.5454540252685547
0.9191784858703613 -0.22279798984527588 -0.3247644305229187 0.15689945220947266 -0.37403663992881775 -0.23563718795776367 -0.8969792127609253 -0.13954898715019226 0.12331858277320862 0.9459577798843384 -0.2999272644519806 -1.5454680919647217
0.9191917777061462 -0.22290781140327454 -0.32465147972106934 0.15693306922912598 -0.3739585876464844 -0.23562340438365936 -0.8970153331756592 -0.13950581848621368 0.12345623970031738 0.9459353685379028 -0.29994139075279236 -1.5451977252960205
0.9191915392875671 -0.22289468348026276 -0.3246611952781677 0.15693984925746918 -0.3739589750766754 -0.23558473587036133 -0.8970253467559814 -0.13950292766094208 0.12345696240663528 0.94594806432724 -0.29990094900131226 -1.545202374458313
0.9191834330558777 -0.22297175228595734 -0.3246312141418457 0.1569070667028427 -0.37396594882011414 -0.23567961156368256 -0.8969975113868713 -0.139510378241539 0.1234961524605751 0.9459062814712524 -0.3000166416168213 -1.5451630353927612
0.9192087650299072 -0.22293905913829803 -0.32458195090293884 0.15691451728343964 -0.3739057183265686 -0.23566406965255737 -0.8970267176628113 -0.13950876891613007 0.12348999083042145 0.9459178447723389 -0.2999826669692993 -1.5451618432998657
0.9191654324531555 -0.22297441959381104 -0.32468026876449585 0.15687057375907898 -0.37401455640792847 -0.23567895591259003 -0.896977424621582 -0.1395396590232849 0.12348271161317825 0.9459058046340942 -0.3000236451625824 -1.5451183319091797
0.9191147685050964 -0.22297264635562897 -0.32482489943504333 0.15682876110076904 -0.3741386830806732 -0.23555295169353485 -0.8969587683677673 -0.13954174518585205 0.1234837993979454 0.9459376335144043 -0.2999228835105896 -1.544999361038208
0.9191184639930725 -0.22296464443206787 -0.3248199224472046 0.15682491660118103 -0.37413185834884644 -0.23555666208267212 -0.8969606161117554 -0.13954028487205505 0.12347700446844101 0.9459385871887207 -0.2999226450920105 -1.5449949502944946
0.9191147089004517 -0.22296005487442017 -0.3248336911201477 0.15682187676429749 -0.3741548955440521 -0.23564112186431885 -0.8969288468360901 -0.13953235745429993 0.1234351247549057 0.945918619632721 -0.3000028133392334 -1.5452300310134888
0.9191275835037231 -0.22295181453227997 -0.3248029053211212 0.15681952238082886 -0.37412387132644653 -0.23565316200256348 -0.8969386219978333 -0.1395256221294403 0.12343325465917587 0.945917546749115 -0.3000069260597229 -1.5452322959899902
0.9191707968711853 -0.22296428680419922 -0.32467207312583923 0.15684382617473602 -0.37401771545410156 -0.23578843474388123 -0.8969473242759705 -0.1394573599100113 0.12343329936265945 0.9458808898925781 -0.3001224398612976 -1.5452194213867188
0.9191440939903259 -0.22298027575016022 -0.32473674416542053 0.15684455633163452 -0.37408357858657837 -0.23577168583869934 -0.8969242572784424 -0.13943371176719666 0.1234326884150505 0.9458813071250916 -0.3001214265823364 -1.5452145338058472
0.9191605448722839 -0.22282087802886963 -0.3247995376586914 0.15693175792694092 -0.37407901883125305 -0.23564529418945312 -0.8969593644142151 -0.1394178867340088 0.12332380563020706 0.9459503889083862 -0.29994848370552063 -1.5450998544692993
0.9191680550575256 -0.22282260656356812 -0.3247770369052887 0.15695105493068695 -0.3740544617176056 -0.23562119901180267 -0.8969759345054626 -0.13939863443374634 0.12334217131137848 0.9459559917449951 -0.29992327094078064 -1.5450910329818726
0.9191807508468628 -0.22286078333854675 -0.3247149884700775 0.15691697597503662 -0.3740091025829315 -0.23564714193344116 -0.896988034248352 -0.13941645622253418 0.12338530272245407 0.9459404945373535 -0.29995429515838623 -1.5450209379196167
0.9191634654998779 -0.22293461859226227 -0.32471320033073425 0.15692909061908722 -0.37402787804603577 -0.23562917113304138 -0.8969849348068237 -0.1394042819738388 0.12345708906650543 0.945927619934082 -0.299965500831604 -1.5450153350830078
0.9191128015518188 -0.22294865548610687 -0.324847012758255 0.15688270330429077 -0.37415632605552673 -0.23557934165000916 -0.8969444632530212 -0.13949348032474518 0.12344531714916229 0.9459366798400879 -0.29994162917137146 -1.5451016426086426
0.919159471988678 -0.2228381335735321 -0.3247908055782318 0.1569010466337204 -0.3740687668323517 -0.23559102416038513 -0.8969779014587402 -0.13952971994876862 0.12336309254169464 0.9459598064422607 -0.2999024987220764 -1.5453250408172607
0.9191558361053467 -0.22284230589866638 -0.3247981369495392 0.15690462291240692 -0.3740765452384949 -0.23558585345745087 -0.8969760537147522 -0.13953308761119843 0.12336636334657669 0.9459601640701294 -0.29990020394325256 -1.5453262329101562
0.9191762208938599 -0.2228192239999771 -0.324756383895874 0.15688681602478027 -0.3740346431732178 -0.2356317639350891 -0.8969814777374268 -0.139501690864563 0.12334178388118744 0.9459541440010071 -0.2999292314052582 -1.545190453529358
0.9191741347312927 -0.2228064090013504 -0.324770987033844 0.15688322484493256 -0.37404295802116394 -0.23561665415763855 -0.896981954574585 -0.13949979841709137 0.12333187460899353 0.9459609389305115 -0.2999119162559509 -1.5451923608779907
0.9192009568214417 -0.2229084074497223 -0.32462507486343384 0.15682069957256317 -0.3739466071128845 -0.2357274442911148 -0.8969930410385132 -0.13949738442897797 0.1234242394566536 0.9459092617034912 -0.3000367283821106 -1.5450059175491333
0.9192050099372864 -0.2229027897119522 -0.324617475271225 0.15681429207324982 -0.37393918633461 -0.2357407659292221 -0.8969926238059998 -0.13950201869010925 0.12341658771038055 0.9459072947502136 -0.3000461757183075 -1.5449978113174438
0.9191883206367493 -0.22291366755962372 -0.32465726137161255 0.15681739151477814 -0.3739900588989258 -0.235807403922081 -0.8969538807868958 -0.13953861594200134 0.1233866959810257 0.945888102054596 -0.30011889338493347 -1.5450865030288696
0.9192258715629578 -0.2228468507528305 -0.3245967626571655 0.15684521198272705 -0.3739287853240967 -0.23594887554645538 -0.8969421982765198 -0.1394800841808319 0.12329249829053879 0.9458686113357544 -0.3002191483974457 -1.544974446296692
0.9192389249801636 -0.22282688319683075 -0.3245735466480255 0.15684878826141357 -0.3738982379436493 -0.23593579232692719 -0.8969584107398987 -0.139486163854599 0.12328792363405228 0.9458765387535095 -0.30019593238830566 -1.544963002204895
0.9192101955413818 -0.2229406237602234 -0.32457685470581055 0.15688036382198334 -0.37394699454307556 -0.23601482808589935 -0.8969172835350037 -0.1395397037267685 0.12335434556007385 0.9458300471305847 -0.3003152012825012 -1.5451982021331787
0.9192243218421936 -0.22290636599063873 -0.324560284614563 0.1568886637687683 -0.3739164471626282 -0.23598606884479523 -0.8969376087188721 -0.13954511284828186 0.1233413964509964 0.9458453059196472 -0.30027249455451965 -1.5451884269714355
0.9191911816596985 -0.22291786968708038 -0.32464632391929626 0.1568729728460312 -0.37399354577064514 -0.23590600490570068 -0.8969265222549438 -0.1394941359758377 0.12335491925477982 0.9458625316619873 -0.300212562084198 -1.5448874235153198
0.9191990494728088 -0.22300727665424347 -0.32456260919570923 0.15684781968593597 -0.3739434778690338 -0.2359360307455063 -0.8969395160675049 -0.1394876390695572 0.12344801425933838 0.9458339810371399 -0.30026426911354065 -1.5446783304214478
0.9191538691520691 -0.22304892539978027 -0.32466191053390503 0.1568347066640854 -0.3740479648113251 -0.23589539527893066 -0.8969066143035889 -0.13948948681354523 0.12346779555082321 0.9458342790603638 -0.30025514960289 -1.5445244312286377
0.9191956520080566 -0.22305847704410553 -0.3245369493961334 0.15680722892284393 -0.3739418089389801 -0.23599353432655334 -0.8969250321388245 -0.13949188590049744 0.12347810715436935 0.9458075761795044 -0.3003351092338562 -1.5445278882980347
0.9191986322402954 -0.22305415570735931 -0.3245314657688141 0.1568070501089096 -0.3739323616027832 -0.235972598195076 -0.8969345092773438 -0.1394980102777481 0.12348442524671555 0.945813775062561 -0.300312876701355 -1.5445045232772827
0.9191309213638306 -0.22302766144275665 -0.3247414827346802 0.15678972005844116 -0.3741147220134735 -0.23586256802082062 -0.8968873620033264 -0.13952484726905823 0.1234363466501236 0.9458475112915039 -0.30022650957107544 -1.5445855855941772
0.9191288948059082 -0.22302936017513275 -0.3247460722923279 0.1567905992269516 -0.374115526676178 -0.23583021759986877 -0.8968955874443054 -0.1395305097103119 0.12344910204410553 0.9458551406860352 -0.30019712448120117 -1.5445683002471924
0.919157862663269 -0.22293958067893982 -0.3247256278991699 0.15680064260959625 -0.37405508756637573 -0.23573294281959534 -0.8969463109970093 -0.13953766226768494 0.12341631203889847 0.945900559425354 -0.3000674843788147 -1.5447865724563599
0.9191586971282959 -0.22297382354736328 -0.3246998190879822 0.1568065583705902 -0.3740376830101013 -0.23571157455444336 -0.8969591856002808 -0.13953980803489685 0.12346291542053223 0.9458978176116943 -0.30005696415901184 -1.5447793006896973
0.919171154499054 -0.22314295172691345 -0.3245483934879303 0.1568305641412735 -0.3739461898803711 -0.23574136197566986 -0.8969895243644714 -0.13948678970336914 0.12364741414785385 0.9458504915237427 -0.30013009905815125 -1.544745922088623
0.919162929058075 -0.22316762804985046 -0.3245546221733093 0.15683922171592712 -0.3739579916000366 -0.2357267588376999 -0.8969884514808655 -0.13947677612304688 0.12367257475852966 0.9458483457565308 -0.3001266121864319 -1.544736385345459
0.9191867709159851 -0.2231721729040146 -0.3244839608669281 0.15683163702487946 -0.3738960325717926 -0.2357693612575531 -0.8970031142234802 -0.13945089280605316 0.12368273735046387 0.9458366632461548 -0.3001592755317688 -1.544664740562439
0.9191860556602478 -0.22318851947784424 -0.3244748115539551 0.15683676302433014 -0.37388741970062256 -0.23573316633701324 -0.897016167640686 -0.13944226503372192 0.12371423840522766 0.9458417892456055 -0.3001300096511841 -1.544653058052063
0.9191241264343262 -0.22332699596881866 -0.324554979801178 0.15681882202625275 -0.37400445342063904 -0.2357020229101181 -0.896975576877594 -0.13943888247013092 0.12382060289382935 0.9458168745040894 -0.30016469955444336 -1.5445303916931152
0.9190993905067444 -0.22329841554164886 -0.3246445953845978 0.15680746734142303 -0.37408462166786194 -0.2357138693332672 -0.8969390392303467 -0.139424130320549 0.12376183271408081 0.945820689201355 -0.3001769781112671 -1.5442126989364624
0.9191069006919861 -0.223280668258667 -0.3246355354785919 0.15681231021881104 -0.3740709125995636 -0.23571887612342834 -0.8969434499740601 -0.1394113302230835 0.12374740093946457 0.945823609828949 -0.30017367005348206 -1.5441852807998657
0.9190673828125 -0.2233772724866867 -0.32468098402023315 0.1567978411912918 -0.37413138151168823 -0.2356131672859192 -0.8969460129737854 -0.13935697078704834 0.12385822832584381 0.9458271265029907 -0.30011680722236633 -1.543895959854126
0.9190643429756165 -0.22336682677268982 -0.3246968686580658 0.15679705142974854 -0.3741391599178314 -0.23557908833026886 -0.8969516754150391 -0.13934098184108734 0.12385745346546173 0.9458380937576294 -0.30008262395858765 -1.543862223625183
0.9191184639930725 -0.22336217761039734 -0.3245466947555542 0.156781867146492 -0.3739939033985138 -0.2355998456478119 -0.8970068097114563 -0.13932067155838013 0.12389424443244934 0.9458340406417847 -0.300080269575119 -1.5439852476119995
0.9191201329231262 -0.2233583778142929 -0.32454463839530945 0.15678183734416962 -0.37398940324783325 -0.2355898767709732 -0.8970113396644592 -0.13930284976959229 0.1238955557346344 0.9458374381065369 -0.30006906390190125 -1.543954849243164
0.9191855192184448 -0.22324799001216888 -0.3244353234767914 0.15676844120025635 -0.37384921312332153 -0.23559482395648956 -0.897068440914154 -0.13927225768566132 0.12383343279361725 0.9458622336387634 -0.3000164330005646 -1.5439351797103882
0.919242799282074 -0.22309917211532593 -0.3243754208087921 0.1567455232143402 -0.3737545609474182 -0.2356705516576767 -0.8970879912376404 -0.13932880759239197 0.12369385361671448 0.9458785057067871 -0.30002278089523315 -1.5441880226135254
0.9192493557929993 -0.22309601306915283 -0.32435905933380127 0.15673373639583588 -0.37373581528663635 -0.23565663397312164 -0.897099494934082 -0.13931429386138916 0.12370195239782333 0.9458826780319214 -0.3000061810016632 -1.5441685914993286
0.9191963076591492 -0.22312016785144806 -0.32449275255203247 0.1567056030035019 -0.3738726079463959 -0.2356477677822113 -0.8970447778701782 -0.1394425630569458 0.12368278950452805 0.9458792209625244 -0.300025075674057 -1.5439906120300293
0.9192043542861938 -0.22311168909072876 -0.32447582483291626 0.1566949039697647 -0.3738492727279663 -0.23561565577983856 -0.8970629572868347 -0.13945257663726807 0.12369364500045776 0.9458892345428467 -0.29998907446861267 -1.5439655780792236
0.9192096590995789 -0.22317416965961456 -0.3244178295135498 0.15673664212226868 -0.37383154034614563 -0.23576492071151733 -0.8970311284065247 -0.1394158899784088 0.1237078309059143 0.9458372592926025 -0.3001469373703003 -1.5439274311065674
0.9192127585411072 -0.2231362909078598 -0.32443496584892273 0.15673671662807465 -0.37383192777633667 -0.23572972416877747 -0.8970402479171753 -0.13941942155361176 0.12368325144052505 0.9458550214767456 -0.30010125041007996 -1.5438982248306274
0.9191576838493347 -0.22321505844593048 -0.32453688979148865 0.15676821768283844 -0.3739384412765503 -0.23559726774692535 -0.8970306515693665 -0.13939404487609863 0.12377073615789413 0.9458693861961365 -0.3000197112560272 -1.543763279914856
