# 3x4 first row second row third row Freq: 100 current Time: 2021-07-31-12:38:31
0.4573460519313812 0.15994000434875488 -0.8747878670692444 0.4667506515979767 0.43041515350341797 -0.9006103873252869 0.06036326661705971 -0.5990372896194458 -0.7781885266304016 -0.4041288495063782 -0.48073118925094604 -1.5783027410507202
0.4573976695537567 0.15989446640014648 -0.8747691512107849 0.46672874689102173 0.43038585782051086 -0.9006205797195435 0.060419633984565735 -0.5990644693374634 -0.7781744003295898 -0.40412408113479614 -0.48075807094573975 -1.5784095525741577
0.4573966860771179 0.15989461541175842 -0.8747696876525879 0.4667341113090515 0.43040499091148376 -0.9006106853485107 0.06043078005313873 -0.5990704298019409 -0.7781643867492676 -0.40414607524871826 -0.4807557761669159 -1.578424334526062
0.4574706256389618 0.159907266497612 -0.8747286796569824 0.4667823910713196 0.4304060637950897 -0.9006083607673645 0.06045793369412422 -0.5991326570510864 -0.7781203389167786 -0.4041462540626526 -0.4808269143104553 -1.578578233718872
0.4574228823184967 0.1598820984363556 -0.874758243560791 0.46678537130355835 0.43038755655288696 -0.9006179571151733 0.06044691056013107 -0.5991404056549072 -0.7781586050987244 -0.4041348695755005 -0.48077452182769775 -1.5785924196243286
0.45733878016471863 0.1598903089761734 -0.8748007416725159 0.46686112880706787 0.43035006523132324 -0.9006409645080566 0.060370318591594696 -0.5991318225860596 -0.778228759765625 -0.40408024191856384 -0.4807068407535553 -1.5785654783248901
0.4572831690311432 0.15989524126052856 -0.8748288750648499 0.46688351035118103 0.43039438128471375 -0.9006202816963196 0.06036289781332016 -0.5991398096084595 -0.778236985206604 -0.40412437915802 -0.4806565046310425 -1.5785727500915527
0.4572833180427551 0.15987540781497955 -0.8748324513435364 0.46690046787261963 0.43037718534469604 -0.900627851486206 0.06037277355790138 -0.5991506576538086 -0.7782464027404785 -0.40411537885665894 -0.48064881563186646 -1.5785857439041138
0.45733556151390076 0.1598687469959259 -0.8748063445091248 0.4668053388595581 0.4303414821624756 -0.900644063949585 0.060385506600141525 -0.599194347858429 -0.7782354354858398 -0.40408191084861755 -0.4806947112083435 -1.5786488056182861
0.4573312997817993 0.15988203883171082 -0.8748061656951904 0.46680980920791626 0.43036410212516785 -0.9006333947181702 0.06038351356983185 -0.5992090702056885 -0.7782254219055176 -0.4041004478931427 -0.48069533705711365 -1.5786644220352173
0.45740488171577454 0.159926176071167 -0.8747596144676208 0.46686094999313354 0.4304159879684448 -0.9006068706512451 0.06040947139263153 -0.5992578268051147 -0.7781534790992737 -0.4041421115398407 -0.48077675700187683 -1.578814148902893
0.4573889672756195 0.1599414348602295 -0.874765157699585 0.46686747670173645 0.43042704463005066 -0.9006027579307556 0.06039206683635712 -0.5992708206176758 -0.7781566977500916 -0.4041452407836914 -0.4807688593864441 -1.5788347721099854
0.4574788212776184 0.16000185906887054 -0.8747071027755737 0.46686992049217224 0.43044936656951904 -0.9005920886993408 0.060391705483198166 -0.5992918610572815 -0.778091549873352 -0.4041450619697571 -0.48087450861930847 -1.578905701637268
0.4575696289539337 0.15988531708717346 -0.8746809363365173 0.4669322967529297 0.43037861585617065 -0.9006175398826599 0.060516539961099625 -0.5993139743804932 -0.7780773043632507 -0.40413451194763184 -0.4809064567089081 -1.578992247581482
0.4575453996658325 0.15986977517604828 -0.8746964335441589 0.4669438600540161 0.4303832948207855 -0.9006149172782898 0.06052247807383537 -0.5993272066116333 -0.7780889272689819 -0.4041465222835541 -0.48087745904922485 -1.5790148973464966
0.45757830142974854 0.15993313491344452 -0.8746676445007324 0.46693292260169983 0.4304669499397278 -0.9005746245384216 0.06052654981613159 -0.5992987751960754 -0.7780233025550842 -0.404211163520813 -0.48092934489250183 -1.5789681673049927
0.4575853943824768 0.15996816754341125 -0.8746575117111206 0.46694687008857727 0.43047192692756653 -0.9005742073059082 0.060497354716062546 -0.5993148684501648 -0.7780163884162903 -0.40419822931289673 -0.4809514284133911 -1.5789886713027954
0.45765453577041626 0.15985025465488434 -0.8746429085731506 0.4669421911239624 0.4304089844226837 -0.9005962610244751 0.060616835951805115 -0.5993049144744873 -0.7780105471611023 -0.40419575572013855 -0.48096296191215515 -1.5789865255355835
0.4576159119606018 0.1598386913537979 -0.8746652603149414 0.46695637702941895 0.4304206371307373 -0.9005908370018005 0.06061525642871857 -0.599320650100708 -0.778026819229126 -0.40421247482299805 -0.48092254996299744 -1.579006314277649
0.45758989453315735 0.1598494052886963 -0.8746768832206726 0.46696895360946655 0.4303933382034302 -0.9006066918373108 0.060573432594537735 -0.5993317365646362 -0.7780572175979614 -0.4041728973388672 -0.48090660572052 -1.5790284872055054
0.4576667547225952 0.1598997861146927 -0.8746274709701538 0.4669552147388458 0.4304540753364563 -0.9005758762359619 0.06060021370649338 -0.5992753505706787 -0.7779784202575684 -0.40422165393829346 -0.4809931218624115 -1.5790112018585205
0.4575645923614502 0.1599060446023941 -0.8746797442436218 0.46691131591796875 0.43047916889190674 -0.9005669355392456 0.06055465340614319 -0.599237322807312 -0.7780246138572693 -0.40423908829689026 -0.4809037446975708 -1.5788686275482178
0.4575311243534088 0.1598895639181137 -0.8747003078460693 0.4669167697429657 0.43048110604286194 -0.9005659818649292 0.060554903000593185 -0.5992404818534851 -0.7780432105064392 -0.4042477011680603 -0.48086637258529663 -1.5788867473602295
0.45758748054504395 0.15998034179210663 -0.8746541738510132 0.4668993651866913 0.4305345118045807 -0.9005424976348877 0.06052461639046669 -0.5992859601974487 -0.7779805064201355 -0.4042641222476959 -0.48095402121543884 -1.5789679288864136
0.45758044719696045 0.1599845588207245 -0.8746570944786072 0.4668917655944824 0.4305388033390045 -0.9005407691001892 0.06051916256546974 -0.5992929935455322 -0.7779822945594788 -0.40426620841026306 -0.48094943165779114 -1.578985333442688
0.45765894651412964 0.15994127094745636 -0.8746239542961121 0.4668978452682495 0.4305507242679596 -0.9005287885665894 0.060613084584474564 -0.5993415117263794 -0.7779295444488525 -0.40431007742881775 -0.48099786043167114 -1.5790375471115112
0.45758455991744995 0.15995104610919952 -0.8746610879898071 0.46689197421073914 0.4305609166622162 -0.9005268216133118 0.06056954711675644 -0.5993499159812927 -0.777967631816864 -0.40431058406829834 -0.48093584179878235 -1.579058289527893
0.45763665437698364 0.1598229557275772 -0.8746572732925415 0.46700650453567505 0.43046092987060547 -0.9005680084228516 0.0606674924492836 -0.5994248986244202 -0.777992308139801 -0.4042694568634033 -0.48093047738075256 -1.5792275667190552
0.4576408267021179 0.15982681512832642 -0.8746543526649475 0.4670143723487854 0.43046772480010986 -0.9005646109580994 0.06066993996500969 -0.5994413495063782 -0.7779861092567444 -0.4042755365371704 -0.4809354245662689 -1.5792534351348877
0.45760178565979004 0.15991833806037903 -0.8746580481529236 0.46704432368278503 0.43054819107055664 -0.9005305767059326 0.06060456112027168 -0.5994695425033569 -0.7779645323753357 -0.40431520342826843 -0.4809369146823883 -1.5793757438659668
0.4575737714767456 0.15991298854351044 -0.8746736645698547 0.4670502543449402 0.43053531646728516 -0.90053790807724 0.060587119311094284 -0.5994898080825806 -0.7779881358146667 -0.4043009877204895 -0.48091068863868713 -1.579400897026062
0.4574861228466034 0.1598690152168274 -0.8747275471687317 0.46701255440711975 0.430532306432724 -0.9005395770072937 0.060583632439374924 -0.5993797183036804 -0.7780413627624512 -0.40431463718414307 -0.4808131158351898 -1.579211950302124
0.45750346779823303 0.15985827147960663 -0.8747204542160034 0.4670235216617584 0.4305149018764496 -0.900547206401825 0.06059323251247406 -0.5993858575820923 -0.7780407667160034 -0.40430182218551636 -0.48082485795021057 -1.5792386531829834
0.45738470554351807 0.1598759889602661 -0.8747793436050415 0.4670138955116272 0.4305488169193268 -0.9005351066589355 0.06053241342306137 -0.5993359088897705 -0.7780918478965759 -0.4043218195438385 -0.48072540760040283 -1.5791690349578857
0.45740509033203125 0.1598474085330963 -0.8747739195823669 0.4670267105102539 0.4304969310760498 -0.9005593657493591 0.06054067984223366 -0.5993397831916809 -0.7781085968017578 -0.40427911281585693 -0.480734258890152 -1.5791919231414795
0.4574469327926636 0.15977400541305542 -0.8747653961181641 0.46698155999183655 0.4304634630680084 -0.9005701541900635 0.06061795353889465 -0.5992860198020935 -0.778102457523346 -0.4042840600013733 -0.48073992133140564 -1.5789649486541748
0.4574117064476013 0.1597577929496765 -0.8747867941856384 0.4669910669326782 0.4304482936859131 -0.9005782008171082 0.060606423765420914 -0.5992946028709412 -0.7781316041946411 -0.40427258610725403 -0.4807024598121643 -1.5789788961410522
0.4574139416217804 0.15978604555130005 -0.8747804760932922 0.4669550657272339 0.4303673207759857 -0.9006221294403076 0.06052850931882858 -0.5992405414581299 -0.7781750559806824 -0.40416350960731506 -0.4807237982749939 -1.5788183212280273
0.457381010055542 0.1597755402326584 -0.8747996091842651 0.4669647812843323 0.43033573031425476 -0.900638997554779 0.06050219386816025 -0.5992491841316223 -0.7782118916511536 -0.40413007140159607 -0.4806922972202301 -1.57882821559906
0.4573717713356018 0.15983040630817413 -0.8747944235801697 0.46686887741088867 0.4303334951400757 -0.9006443023681641 0.06043938919901848 -0.599183976650238 -0.7782185673713684 -0.4040966331958771 -0.48070964217185974 -1.5786904096603394
0.45744839310646057 0.1598834991455078 -0.8747446537017822 0.4669157862663269 0.4303443133831024 -0.9006395936012268 0.06043238565325737 -0.5992767810821533 -0.7781675457954407 -0.40408608317375183 -0.4808010756969452 -1.578924298286438
0.4574213922023773 0.15987858176231384 -0.8747596740722656 0.46691569685935974 0.4303472936153412 -0.9006386399269104 0.06042484939098358 -0.5992869138717651 -0.778181791305542 -0.40409010648727417 -0.4807746708393097 -1.5789393186569214
0.45744332671165466 0.15981070697307587 -0.874760627746582 0.4669897258281708 0.43033310770988464 -0.9006405472755432 0.0604977011680603 -0.5994057655334473 -0.7781767249107361 -0.40411272644996643 -0.48076385259628296 -1.5791879892349243
0.4574156701564789 0.1597878634929657 -0.874779224395752 0.46699005365371704 0.4303210973739624 -0.9006462097167969 0.06049899756908417 -0.5994206070899963 -0.7781996130943298 -0.4041091501712799 -0.48072975873947144 -1.5792123079299927
0.4574994444847107 0.15983439981937408 -0.8747269511222839 0.46707937121391296 0.43031471967697144 -0.9006497263908386 0.06049192324280739 -0.5994818210601807 -0.7781538963317871 -0.40408289432525635 -0.480825811624527 -1.579443097114563
0.45750218629837036 0.15980097651481628 -0.8747316002845764 0.4670780897140503 0.43032217025756836 -0.9006434679031372 0.06053241342306137 -0.599491536617279 -0.7781481742858887 -0.4041101038455963 -0.4808122217655182 -1.5794740915298462
0.45755264163017273 0.15980969369411469 -0.8747036457061768 0.46708786487579346 0.43035489320755005 -0.9006252288818359 0.060570646077394485 -0.5994892716407776 -0.7781003713607788 -0.4041472375392914 -0.48085832595825195 -1.5795124769210815
0.457546204328537 0.15983803570270538 -0.8747017979621887 0.46708694100379944 0.4303666651248932 -0.9006212949752808 0.06054530665278435 -0.5994979739189148 -0.7780976891517639 -0.4041447937488556 -0.48086482286453247 -1.5795475244522095
0.4575681984424591 0.1599130779504776 -0.8746765851974487 0.4670356214046478 0.43045899271965027 -0.9005777835845947 0.06053686887025833 -0.5994622111320496 -0.7780336737632751 -0.4042121469974518 -0.4809117615222931 -1.5794717073440552
0.4575746953487396 0.15990400314331055 -0.8746748566627502 0.46703603863716125 0.4304499328136444 -0.9005815982818604 0.060544077306985855 -0.5994714498519897 -0.7780348658561707 -0.40420717000961304 -0.48091399669647217 -1.579504132270813
0.4575708210468292 0.15988874435424805 -0.874679684638977 0.46701088547706604 0.4304889440536499 -0.9005604386329651 0.06058182939887047 -0.5993766188621521 -0.7780155539512634 -0.40426042675971985 -0.48090049624443054 -1.579108476638794
0.45752590894699097 0.15988577902317047 -0.8747037053108215 0.46702513098716736 0.4304979741573334 -0.9005571603775024 0.06056644394993782 -0.5993883609771729 -0.7780369520187378 -0.40426889061927795 -0.480858713388443 -1.5791212320327759
0.45748576521873474 0.15997810661792755 -0.874707818031311 0.46697184443473816 0.4305536448955536 -0.900536060333252 0.06048431247472763 -0.5993335843086243 -0.7780297994613647 -0.40427935123443604 -0.4808615744113922 -1.579035758972168
0.45747536420822144 0.15992499887943268 -0.874722957611084 0.4670887887477875 0.43050897121429443 -0.9005559682846069 0.06050579994916916 -0.5994203090667725 -0.7780606150627136 -0.4042559862136841 -0.4808312952518463 -1.5793895721435547
0.4574729800224304 0.15995021164417267 -0.8747196197509766 0.4670950770378113 0.4305385649204254 -0.9005423784255981 0.060496892780065536 -0.5994245409965515 -0.7780455946922302 -0.4042762219905853 -0.4808385372161865 -1.5794135332107544
0.45741453766822815 0.16002045571804047 -0.8747373223304749 0.4671042561531067 0.430558443069458 -0.9005390405654907 0.06040558964014053 -0.5995175838470459 -0.7780689597129822 -0.4042559564113617 -0.4808177649974823 -1.5795543193817139
0.45747292041778564 0.15991994738578796 -0.8747251629829407 0.46711745858192444 0.43050631880760193 -0.9005570411682129 0.06050807237625122 -0.599539041519165 -0.7780635356903076 -0.4042555093765259 -0.4808270037174225 -1.579607605934143
0.45750313997268677 0.15995784103870392 -0.8747024536132812 0.4670567512512207 0.43058347702026367 -0.900518536567688 0.06053291633725166 -0.5995339751243591 -0.7780030369758606 -0.4043264091014862 -0.4808652400970459 -1.579594373703003
0.4574844539165497 0.15999679267406464 -0.8747050762176514 0.46704068779945374 0.430583119392395 -0.9005220532417297 0.06048259139060974 -0.5995439291000366 -0.7780142426490784 -0.40430307388305664 -0.4808667302131653 -1.5796278715133667
0.4576071500778198 0.159919872879982 -0.8746549487113953 0.4670082628726959 0.43049049377441406 -0.9005604386329651 0.06057019159197807 -0.5994225740432739 -0.7779933214187622 -0.4042479991912842 -0.4809468984603882 -1.5793439149856567
0.4575853943824768 0.1599336713552475 -0.8746638298034668 0.46700140833854675 0.430510938167572 -0.9005515575408936 0.06055697053670883 -0.5994278788566589 -0.7779948115348816 -0.40426233410835266 -0.48093244433403015 -1.5793672800064087
0.4576791524887085 0.15987041592597961 -0.8746263384819031 0.466918408870697 0.4304441511631012 -0.900578498840332 0.06063098460435867 -0.5992905497550964 -0.7779766321182251 -0.4042273461818695 -0.48099130392074585 -1.57900071144104
0.45768433809280396 0.15984229743480682 -0.8746287822723389 0.4669167697429657 0.4304620921611786 -0.9005670547485352 0.0606737844645977 -0.5992941856384277 -0.7779636383056641 -0.404263973236084 -0.4809814989566803 -1.5790084600448608
0.45769214630126953 0.15980245172977448 -0.874631941318512 0.4669398069381714 0.430437296628952 -0.9005768895149231 0.060703665018081665 -0.5993569493293762 -0.7779727578163147 -0.40425780415534973 -0.48097190260887146 -1.57916259765625
0.4577063322067261 0.15980811417102814 -0.8746234774589539 0.46695592999458313 0.4303865134716034 -0.900603175163269 0.060674022883176804 -0.5992682576179504 -0.7779925465583801 -0.4041970372200012 -0.480991005897522 -1.578935980796814
0.4576892554759979 0.1598387360572815 -0.8746268153190613 0.4669627249240875 0.43039754033088684 -0.9006001949310303 0.060640182346105576 -0.5992720723152161 -0.7779964804649353 -0.40419161319732666 -0.4809892177581787 -1.5789389610290527
0.45758989453315735 0.15986111760139465 -0.8746747374534607 0.46689626574516296 0.4303373098373413 -0.900636613368988 0.060526758432388306 -0.5991712808609009 -0.7780882120132446 -0.4041016101837158 -0.4809163808822632 -1.5787161588668823
0.45755982398986816 0.1598520427942276 -0.8746921420097351 0.46689996123313904 0.43032771348953247 -0.9006420373916626 0.060514096170663834 -0.5991688370704651 -0.7781112194061279 -0.40409308671951294 -0.4808863699436188 -1.5787158012390137
0.45744070410728455 0.1598168909549713 -0.8747608661651611 0.4668106138706207 0.430313378572464 -0.9006513357162476 0.06047773361206055 -0.5990926623344421 -0.7781891822814941 -0.40408629179000854 -0.4807659089565277 -1.5785225629806519
0.4573989510536194 0.15981364250183105 -0.8747832775115967 0.46680769324302673 0.43033522367477417 -0.9006412625312805 0.06047225743532181 -0.5990933179855347 -0.7782016396522522 -0.40411001443862915 -0.48072579503059387 -1.5785174369812012
0.4574141204357147 0.15981443226337433 -0.874775230884552 0.4668160378932953 0.43028196692466736 -0.9006683826446533 0.060446642339229584 -0.5991142988204956 -0.7782221436500549 -0.4040491580963135 -0.4807437062263489 -1.5784077644348145
0.4574034512042999 0.15983358025550842 -0.8747773170471191 0.466815710067749 0.43028420209884644 -0.9006689786911011 0.060422591865062714 -0.5991218090057373 -0.7782272100448608 -0.4040403366088867 -0.4807429313659668 -1.5783963203430176
0.4574975073337555 0.15982940793037415 -0.8747288584709167 0.4668017625808716 0.4302316904067993 -0.9006925225257874 0.06044475734233856 -0.5991599559783936 -0.7782009243965149 -0.40398940443992615 -0.48082825541496277 -1.5786197185516357
0.45752421021461487 0.1598670333623886 -0.8747079968452454 0.46680042147636414 0.43032190203666687 -0.9006473422050476 0.06047601252794266 -0.5992090702056885 -0.778135359287262 -0.4040752649307251 -0.48086223006248474 -1.5786505937576294
0.4574936032295227 0.1598924845457077 -0.8747193813323975 0.46678948402404785 0.43035876750946045 -0.9006310701370239 0.06045622378587723 -0.5992202162742615 -0.778132975101471 -0.40410149097442627 -0.48084408044815063 -1.5786466598510742
0.4575684666633606 0.15993842482566833 -0.8746718168258667 0.46681588888168335 0.4304118752479553 -0.9006039500236511 0.06048179045319557 -0.5992550849914551 -0.7780596017837524 -0.40414369106292725 -0.48092737793922424 -1.5787769556045532
0.4575457274913788 0.15996819734573364 -0.8746782541275024 0.4667970836162567 0.43041592836380005 -0.9006047248840332 0.06044146046042442 -0.5992620587348938 -0.7780707478523254 -0.4041301906108856 -0.4809207022190094 -1.5787763595581055
0.45753028988838196 0.15985839068889618 -0.8747064471244812 0.4668053388595581 0.43030041456222534 -0.9006577134132385 0.060474880039691925 -0.5991888642311096 -0.7781437039375305 -0.4040556252002716 -0.4808652997016907 -1.5785728693008423
0.45754683017730713 0.15987350046634674 -0.8746950030326843 0.46678754687309265 0.43031045794487 -0.9006529450416565 0.06047437712550163 -0.5991948843002319 -0.7781283855438232 -0.4040602743625641 -0.4808861315250397 -1.5785707235336304
0.4575594365596771 0.15995381772518158 -0.8746737241744995 0.4667648375034332 0.43039456009864807 -0.9006143808364868 0.06045040488243103 -0.5991320013999939 -0.7780744433403015 -0.4041144549846649 -0.48092785477638245 -1.578492283821106
0.45752769708633423 0.1599358320236206 -0.8746936321258545 0.46675536036491394 0.430393785238266 -0.9006146788597107 0.06045146659016609 -0.5991330146789551 -0.7780935764312744 -0.40412092208862305 -0.48089152574539185 -1.578491449356079
0.4575607478618622 0.16001465916633606 -0.874661922454834 0.4667147994041443 0.4303865134716034 -0.9006226658821106 0.06038349121809006 -0.5991106629371643 -0.7780781388282776 -0.4040718078613281 -0.4809577465057373 -1.5785027742385864
0.45758721232414246 0.1600208580493927 -0.8746469020843506 0.46669474244117737 0.43037861585617065 -0.9006262421607971 0.060386378318071365 -0.5991113185882568 -0.7780669331550598 -0.40406137704849243 -0.4809845983982086 -1.5785048007965088
0.457595556974411 0.15994399785995483 -0.874656617641449 0.4667775630950928 0.4302998185157776 -0.9006615877151489 0.06042126938700676 -0.5991607904434204 -0.778105616569519 -0.40401309728622437 -0.4809626042842865 -1.5785281658172607
0.45752090215682983 0.15988756716251373 -0.874705970287323 0.46670591831207275 0.4302753806114197 -0.9006730318069458 0.06042436137795448 -0.5989932417869568 -0.7781630158424377 -0.4040098786354065 -0.48087242245674133 -1.5782397985458374
0.45750918984413147 0.15992967784404755 -0.8747044205665588 0.4667017459869385 0.43026983737945557 -0.9006792902946472 0.06037130951881409 -0.5989930033683777 -0.7781729698181152 -0.4039793610572815 -0.480881929397583 -1.5782321691513062
0.45757976174354553 0.15985791385173798 -0.8746806383132935 0.4666534662246704 0.43032222986221313 -0.9006445407867432 0.060515329241752625 -0.5990493297576904 -0.7781025171279907 -0.4040851294994354 -0.4809071123600006 -1.578255534172058
0.45757684111595154 0.1598525196313858 -0.874683141708374 0.46663743257522583 0.4302928149700165 -0.9006595611572266 0.06050112843513489 -0.5990507006645203 -0.7781205177307129 -0.40405377745628357 -0.48090434074401855 -1.5782499313354492
0.4575808048248291 0.15983524918556213 -0.87468421459198 0.4666937291622162 0.43030133843421936 -0.9006537795066833 0.060526292771101 -0.5991113185882568 -0.7781134843826294 -0.40407344698905945 -0.4808991849422455 -1.5784341096878052
0.45757177472114563 0.15981973707675934 -0.8746917843818665 0.4666765630245209 0.430268794298172 -0.9006699323654175 0.06051734462380409 -0.5991153120994568 -0.7781367301940918 -0.40404361486434937 -0.4808865785598755 -1.578437328338623
0.4575830101966858 0.15979625284671783 -0.8746901750564575 0.4667128324508667 0.4301876425743103 -0.9007100462913513 0.06049735099077225 -0.5990463495254517 -0.7781750559806824 -0.40396347641944885 -0.48089197278022766 -1.5783263444900513
0.45755451917648315 0.15980324149131775 -0.8747038245201111 0.46670153737068176 0.430226594209671 -0.9006913304328918 0.060499005019664764 -0.5990473031997681 -0.7781702280044556 -0.40400245785713196 -0.4808669984340668 -1.5783271789550781
0.45753583312034607 0.15984904766082764 -0.8747051954269409 0.4666703939437866 0.4301883578300476 -0.9007150530815125 0.06041823327541351 -0.5989726185798645 -0.7782023549079895 -0.40393152832984924 -0.48087459802627563 -1.5781629085540771
0.4575250744819641 0.15980522334575653 -0.8747188448905945 0.4666635990142822 0.43019044399261475 -0.9007112979888916 0.060458891093730927 -0.5989662408828735 -0.778207540512085 -0.40395715832710266 -0.4808446764945984 -1.5781563520431519
0.45747503638267517 0.15991000831127167 -0.874725878238678 0.4666336476802826 0.43024834990501404 -0.9006902575492859 0.06036003306508064 -0.598993718624115 -0.7782049179077148 -0.4039625823497772 -0.48084431886672974 -1.5783162117004395
0.45733505487442017 0.15988388657569885 -0.8748038411140442 0.4666731059551239 0.43028658628463745 -0.9006736278533936 0.060335732996463776 -0.5989602208137512 -0.7782660722732544 -0.40400999784469604 -0.48070549964904785 -1.5781751871109009
0.4573270380496979 0.1599021852016449 -0.874804675579071 0.466668963432312 0.43028903007507324 -0.9006739258766174 0.0603141263127327 -0.5989508032798767 -0.7782694101333618 -0.4040021598339081 -0.48070669174194336 -1.578168272972107
0.4573025703430176 0.1599002629518509 -0.8748178482055664 0.46667441725730896 0.43033498525619507 -0.9006507992744446 0.060331400483846664 -0.5989959239959717 -0.7782584428787231 -0.4040544331073761 -0.48068058490753174 -1.5782928466796875
0.4572984278202057 0.1598975509405136 -0.8748205304145813 0.4666755199432373 0.4303157925605774 -0.9006607532501221 0.06032012403011322 -0.5989894866943359 -0.7782714366912842 -0.4040333926677704 -0.48067715764045715 -1.578293800354004
0.45725980401039124 0.1598825603723526 -0.874843418598175 0.4666157364845276 0.4303007423877716 -0.9006689190864563 0.06030561402440071 -0.5989629030227661 -0.7783024907112122 -0.40402111411094666 -0.48063725233078003 -1.5780829191207886
0.45720401406288147 0.1599084436893463 -0.874867856502533 0.4666154682636261 0.43031933903694153 -0.9006630182266235 0.06026064604520798 -0.5989640951156616 -0.7783249616622925 -0.4040239751338959 -0.48059841990470886 -1.5780788660049438
