# 3x4 first row second row third row Freq: 100 current Time: 2021-07-31-12:39:48
0.6137968897819519 0.5998736619949341 -0.5132299661636353 0.3457048237323761 0.1455877423286438 -0.7249583601951599 -0.6732306480407715 -0.4056228697299957 -0.7759236693382263 0.33850690722465515 -0.5323114395141602 -1.481597900390625
0.6138124465942383 0.5998552441596985 -0.5132328867912292 0.34569063782691956 0.14557728171348572 -0.7249690890312195 -0.6732214093208313 -0.4055900573730469 -0.7759133577346802 0.33851662278175354 -0.5323203206062317 -1.481545090675354
0.6137916445732117 0.5998802185058594 -0.5132285356521606 0.3457378149032593 0.14559175074100494 -0.7249544858932495 -0.6732339262962341 -0.4056149125099182 -0.7759270668029785 0.33850353956222534 -0.5323086380958557 -1.481650948524475
0.6137811541557312 0.5998782515525818 -0.5132433772087097 0.34572210907936096 0.14559035003185272 -0.7249624729156494 -0.6732257008552551 -0.4055800437927246 -0.7759356498718262 0.33848991990089417 -0.5323047637939453 -1.481593132019043
0.613746702671051 0.5999134182929993 -0.5132434368133545 0.34572160243988037 0.14552061259746552 -0.7249056100845337 -0.6733019948005676 -0.40559127926826477 -0.7759759426116943 0.3385493755340576 -0.5322082042694092 -1.4815386533737183
0.6137412190437317 0.5999404788017273 -0.5132184028625488 0.345706969499588 0.14557352662086487 -0.7248963713645935 -0.6733005046844482 -0.40555378794670105 -0.7759703993797302 0.338521271944046 -0.5322341918945312 -1.4814785718917847
0.6137874126434326 0.5999472737312317 -0.5131551623344421 0.34580671787261963 0.14561454951763153 -0.7248789072036743 -0.6733104586601257 -0.40564584732055664 -0.7759261727333069 0.33854663372039795 -0.5322825908660889 -1.4818824529647827
0.6138071417808533 0.5998860597610474 -0.5132031440734863 0.34574899077415466 0.1456039845943451 -0.7249432802200317 -0.6732434034347534 -0.40558382868766785 -0.7759125232696533 0.3385171890258789 -0.5323211550712585 -1.4817070960998535
0.6137613654136658 0.5999664664268494 -0.5131639242172241 0.3457876741886139 0.1456964612007141 -0.7249043583869934 -0.673265278339386 -0.405608206987381 -0.7759313583374023 0.33845803141593933 -0.5323312878608704 -1.4817728996276855
0.6137551665306091 0.5999079346656799 -0.5132398009300232 0.3457835018634796 0.14559325575828552 -0.7249397039413452 -0.6732495427131653 -0.4056662917137146 -0.7759556770324707 0.3384861648082733 -0.5322780609130859 -1.4817416667938232
0.6137503385543823 0.5999194979667664 -0.5132319927215576 0.3457772433757782 0.1456085443496704 -0.724933922290802 -0.673252522945404 -0.40563368797302246 -0.7759566307067871 0.3384779691696167 -0.5322818160057068 -1.4816923141479492
0.6137484908103943 0.5998525619506836 -0.5133125185966492 0.3458169996738434 0.14562609791755676 -0.7250304818153381 -0.6731446981430054 -0.4056292474269867 -0.7759547829627991 0.3383898437023163 -0.5323405265808105 -1.4817196130752563
0.6137481331825256 0.5998862981796265 -0.5132734775543213 0.34581923484802246 0.14565791189670563 -0.7250003218650818 -0.6731703281402588 -0.4055848717689514 -0.7759491205215454 0.3383946716785431 -0.5323457717895508 -1.4816606044769287
0.6137233376502991 0.5998939275741577 -0.5132942199707031 0.3458904027938843 0.14566177129745483 -0.7250061631202698 -0.6731631755828857 -0.4057528078556061 -0.7759679555892944 0.33836859464645386 -0.5323348045349121 -1.482086181640625
0.613719642162323 0.5998901128768921 -0.5133031010627747 0.3458930253982544 0.145673930644989 -0.7250185608863831 -0.6731472015380859 -0.4057092070579529 -0.775968611240387 0.33834877610206604 -0.5323464870452881 -1.4820376634597778
0.6137880682945251 0.5998343229293823 -0.5132864713668823 0.3459150791168213 0.14568762481212616 -0.7250585556030273 -0.6731011271476746 -0.40577206015586853 -0.7759119272232056 0.3383619487285614 -0.5324207544326782 -1.4821150302886963
0.6137865781784058 0.5998555421829224 -0.5132634043693542 0.3459184467792511 0.14569446444511414 -0.7250345945358276 -0.6731255054473877 -0.40573185682296753 -0.775911808013916 0.3383757770061493 -0.5324121117591858 -1.4820729494094849
0.6137921214103699 0.5998857617378235 -0.5132215023040771 0.3459184169769287 0.1457650065422058 -0.725022554397583 -0.6731231808662415 -0.4057804048061371 -0.7758941650390625 0.3383479714393616 -0.5324555039405823 -1.4821670055389404
0.6137946248054504 0.5998858213424683 -0.5132184624671936 0.3459205627441406 0.14575468003749847 -0.7250165343284607 -0.6731318831443787 -0.4057353138923645 -0.7758941650390625 0.3383607268333435 -0.5324473977088928 -1.482120394706726
0.6138626337051392 0.5998067259788513 -0.5132295489311218 0.34592634439468384 0.14576059579849243 -0.7250839471817017 -0.673058032989502 -0.40563884377479553 -0.7758392095565796 0.33835652470588684 -0.5325301289558411 -1.4820071458816528
0.6138609051704407 0.5998032689094543 -0.5132356286048889 0.3459313213825226 0.1457412838935852 -0.7250810265541077 -0.6730653047561646 -0.4055904746055603 -0.7758442163467407 0.33836883306503296 -0.5325149893760681 -1.4819601774215698
0.6138608455657959 0.5998260378837585 -0.5132091045379639 0.3459223210811615 0.14580848813056946 -0.7250805497169495 -0.6730512976646423 -0.4055646061897278 -0.7758316397666931 0.33832958340644836 -0.532558262348175 -1.4820613861083984
0.6138601899147034 0.5997968912124634 -0.5132439136505127 0.34592345356941223 0.14578287303447723 -0.7251079082489014 -0.6730273365974426 -0.40550440549850464 -0.7758369445800781 0.3383225202560425 -0.5325549840927124 -1.4820237159729004
0.6138797998428345 0.5998371243476868 -0.513173520565033 0.34581315517425537 0.1457386016845703 -0.7250247001647949 -0.6731265783309937 -0.4056227207183838 -0.7758297920227051 0.33842962980270386 -0.5324974060058594 -1.4820209741592407
0.6138341426849365 0.5998747944831848 -0.5131840705871582 0.3458234667778015 0.14572608470916748 -0.7249959111213684 -0.6731603145599365 -0.40568438172340393 -0.7758682370185852 0.3384244740009308 -0.5324446558952332 -1.482104778289795
0.6138448119163513 0.5998780131340027 -0.5131675004959106 0.34580206871032715 0.1457567662000656 -0.724998950958252 -0.673150360584259 -0.4056474268436432 -0.7758540511131287 0.33841222524642944 -0.5324731469154358 -1.4820759296417236
0.613829493522644 0.5999141335487366 -0.5131436586380005 0.3457583487033844 0.1458076536655426 -0.7249825596809387 -0.6731570363044739 -0.4056963324546814 -0.775856614112854 0.33838337659835815 -0.5324877500534058 -1.4819459915161133
0.6138316988945007 0.5999068021774292 -0.513149619102478 0.3457408547401428 0.1458297222852707 -0.7250005602836609 -0.6731328964233398 -0.4056638181209564 -0.7758507132530212 0.3383578062057495 -0.5325125455856323 -1.481911301612854
0.6138162016868591 0.5998958349227905 -0.5131809115409851 0.34572550654411316 0.14587877690792084 -0.7250451445579529 -0.6730741858482361 -0.40561795234680176 -0.7758537530899048 0.33828163146972656 -0.5325565338134766 -1.481658697128296
0.6137903332710266 0.5998678803443909 -0.5132445693016052 0.3457152247428894 0.14585842192173004 -0.7250877618789673 -0.6730327010154724 -0.40558409690856934 -0.7758780717849731 0.3382399082183838 -0.532547652721405 -1.4816142320632935
0.6137146949768066 0.5999476313591003 -0.513241708278656 0.3457562029361725 0.1458781212568283 -0.7250349521636963 -0.6730853319168091 -0.40568122267723083 -0.7759341597557068 0.33821165561676025 -0.5324838161468506 -1.4819014072418213
0.6136987805366516 0.5999643206596375 -0.5132412314414978 0.34573909640312195 0.14588870108127594 -0.7250267863273621 -0.6730918288230896 -0.4056530296802521 -0.7759447693824768 0.33819952607154846 -0.5324760675430298 -1.4818652868270874
0.6137577891349792 0.5998954772949219 -0.5132511854171753 0.34570276737213135 0.14575965702533722 -0.7250270843505859 -0.6731194853782654 -0.4055730104446411 -0.7759223580360413 0.3383210003376007 -0.5324315428733826 -1.4816560745239258
0.6137634515762329 0.5999017357826233 -0.5132371187210083 0.3456915318965912 0.14579874277114868 -0.7250326871871948 -0.6731049418449402 -0.40552741289138794 -0.7759105563163757 0.33829787373542786 -0.5324634909629822 -1.4816066026687622
0.6136809587478638 0.5999311804771423 -0.5133013129234314 0.34574005007743835 0.14576543867588043 -0.7250267267227173 -0.6731185913085938 -0.4055628180503845 -0.7759820222854614 0.3382584750652313 -0.5323843359947205 -1.4815428256988525
0.6136996746063232 0.5999495983123779 -0.5132573843002319 0.3457391560077667 0.14579898118972778 -0.7250064611434937 -0.6731331944465637 -0.4055192768573761 -0.7759609222412109 0.3382692039012909 -0.5324082374572754 -1.4814870357513428
0.6136560440063477 0.5999388694763184 -0.513322114944458 0.3457491099834442 0.14573934674263 -0.7250195145606995 -0.6731320023536682 -0.40557149052619934 -0.7760066390037537 0.338260293006897 -0.5323472619056702 -1.4815038442611694
0.613619863986969 0.5999975204467773 -0.5132967829704285 0.3457164466381073 0.14582277834415436 -0.7249996066093445 -0.6731353998184204 -0.40555575489997864 -0.7760195732116699 0.33819887042045593 -0.532367467880249 -1.4814881086349487
0.6136049032211304 0.6000069975852966 -0.5133036375045776 0.34570401906967163 0.14584074914455414 -0.7250036001205444 -0.6731271743774414 -0.4055154025554657 -0.776028037071228 0.3381735682487488 -0.5323712229728699 -1.481433391571045
0.6136124730110168 0.5999728441238403 -0.5133345127105713 0.34569478034973145 0.14583466947078705 -0.7250414490699768 -0.6730877757072449 -0.4054328501224518 -0.7760232090950012 0.33815306425094604 -0.5323913097381592 -1.4813097715377808
0.613637387752533 0.5999529361724854 -0.513327956199646 0.3457527160644531 0.14584819972515106 -0.7250591516494751 -0.673065721988678 -0.4054543972015381 -0.7760009169578552 0.33815035223960876 -0.5324254631996155 -1.4814939498901367
0.6136201024055481 0.5999848246574402 -0.5133113265037537 0.34572741389274597 0.14580553770065308 -0.7250086069107056 -0.6731294393539429 -0.40557318925857544 -0.7760226130485535 0.3382021486759186 -0.5323609709739685 -1.4816460609436035
0.6136214137077332 0.6000106334686279 -0.5132796764373779 0.3457135856151581 0.14583152532577515 -0.7249853610992432 -0.6731488108634949 -0.4055265486240387 -0.7760167121887207 0.3382061719894409 -0.5323669910430908 -1.4815917015075684
0.6135969758033752 0.600060760974884 -0.5132502317428589 0.3457685112953186 0.14587107300758362 -0.7249507904052734 -0.6731774806976318 -0.4056013226509094 -0.776028573513031 0.33819133043289185 -0.5323591232299805 -1.4817317724227905
0.6136049032211304 0.6000667810440063 -0.5132337212562561 0.34575510025024414 0.14589756727218628 -0.7249499559402466 -0.673172652721405 -0.4055609405040741 -0.7760173678398132 0.3381824791431427 -0.5323811173439026 -1.4816814661026
0.6135936379432678 0.6001261472702026 -0.5131778120994568 0.3457847237586975 0.145823135972023 -0.7248460650444031 -0.6733006834983826 -0.4057008624076843 -0.776040256023407 0.33829978108406067 -0.5322731733322144 -1.4819079637527466
0.6135698556900024 0.6001491546630859 -0.513179361820221 0.3457689583301544 0.14584554731845856 -0.7248392701148987 -0.6733031272888184 -0.4056667685508728 -0.776054859161377 0.3382735550403595 -0.5322685837745667 -1.4818617105484009
0.6136209964752197 0.6001260876655579 -0.5131451487541199 0.3458314538002014 0.14588212966918945 -0.7248561978340149 -0.673276960849762 -0.4056985378265381 -0.7760075330734253 0.3382781445980072 -0.5323346257209778 -1.4820802211761475
0.6136835217475891 0.6000810265541077 -0.5131230354309082 0.3458390235900879 0.1459590047597885 -0.7249130606651306 -0.6731990575790405 -0.4057208001613617 -0.7759435772895813 0.3382362723350525 -0.5324544310569763 -1.4820730686187744
0.6136616468429565 0.6000915765762329 -0.5131369233131409 0.3458244800567627 0.14595982432365417 -0.7249121069908142 -0.6731998920440674 -0.4056779444217682 -0.7759607434272766 0.3382195830345154 -0.5324400067329407 -1.4820250272750854
0.613709568977356 0.6000853180885315 -0.5130868554115295 0.3458850681781769 0.1460409313440323 -0.7249282598495483 -0.673164963722229 -0.4056835174560547 -0.775907576084137 0.3381960988044739 -0.5325324535369873 -1.4821593761444092
0.6136959791183472 0.6001067161560059 -0.5130781531333923 0.3458782136440277 0.14606723189353943 -0.7249194383621216 -0.6731687188148499 -0.40563276410102844 -0.775913417339325 0.33817702531814575 -0.5325360298156738 -1.482113242149353
0.6137765049934387 0.6000834107398987 -0.5130090713500977 0.34582239389419556 0.1460917592048645 -0.7249146103858948 -0.6731685400009155 -0.40554091334342957 -0.7758451104164124 0.33822864294052124 -0.5326027870178223 -1.4818862676620483
0.6137721538543701 0.6001183986663818 -0.5129733085632324 0.34580928087234497 0.14614489674568176 -0.7248943448066711 -0.6731789112091064 -0.4054837226867676 -0.7758384943008423 0.3382100462913513 -0.5326241850852966 -1.4818230867385864
0.6137495636940002 0.6001060605049133 -0.5130148530006409 0.345863938331604 0.1461184173822403 -0.7249119877815247 -0.6731656193733215 -0.4056279957294464 -0.775861382484436 0.33819419145584106 -0.5326009392738342 -1.4819997549057007
0.6137402653694153 0.6000991463661194 -0.5130339860916138 0.3458518981933594 0.1461239904165268 -0.7249287366867065 -0.6731463670730591 -0.405575692653656 -0.7758676409721375 0.33817046880722046 -0.532606840133667 -1.4819358587265015
0.6137180328369141 0.6001726388931274 -0.5129746198654175 0.3458813428878784 0.14618580043315887 -0.7248719930648804 -0.6731940507888794 -0.40571439266204834 -0.775873601436615 0.33816173672676086 -0.5326037406921387 -1.4821434020996094
0.6136686205863953 0.6002597212791443 -0.5129318237304688 0.3458608388900757 0.14616675674915314 -0.7247776389122009 -0.6732997894287109 -0.4057784974575043 -0.7759162783622742 0.3382093608379364 -0.532511293888092 -1.4821754693984985
0.6136788725852966 0.6002861857414246 -0.5128886699676514 0.34584322571754456 0.1462153047323227 -0.7247582674026489 -0.6733101010322571 -0.40573954582214355 -0.7758990526199341 0.3382039964199066 -0.5325398445129395 -1.4821175336837769
0.6136807799339294 0.6002471446990967 -0.5129319429397583 0.3458332419395447 0.14616353809833527 -0.7247857451438904 -0.6732917428016663 -0.4057006239891052 -0.7759072780609131 0.338214248418808 -0.5325213670730591 -1.481964349746704
0.6137014031410217 0.6002344489097595 -0.5129221677780151 0.34581872820854187 0.146174356341362 -0.724795401096344 -0.6732790470123291 -0.4056544303894043 -0.7758889198303223 0.33821621537208557 -0.5325468182563782 -1.48190176486969
0.6137309074401855 0.6002324223518372 -0.5128892660140991 0.3458845615386963 0.14620152115821838 -0.724793016910553 -0.6732756495475769 -0.40573370456695557 -0.7758604884147644 0.3382248878479004 -0.5325827598571777 -1.4821875095367432
0.61374831199646 0.6002159714698792 -0.512887716293335 0.3458619713783264 0.14618803560733795 -0.7247987389564514 -0.673272430896759 -0.40569737553596497 -0.7758492231369019 0.3382417857646942 -0.5325884222984314 -1.4821436405181885
0.6138150095939636 0.6001472473144531 -0.5128883123397827 0.3458211123943329 0.14621411263942719 -0.7248622179031372 -0.6731984615325928 -0.40566083788871765 -0.775791585445404 0.3382278084754944 -0.5326812863349915 -1.4820208549499512
0.6138100028038025 0.6001503467559814 -0.512890636920929 0.34579724073410034 0.1461881399154663 -0.7248496413230896 -0.6732176542282104 -0.40561869740486145 -0.7758004665374756 0.33824917674064636 -0.5326548218727112 -1.4819663763046265
0.6138372421264648 0.6000277996063232 -0.5130014419555664 0.3457300364971161 0.1461024284362793 -0.7249575257301331 -0.6731200814247131 -0.4055338203907013 -0.775795042514801 0.33823540806770325 -0.5326714515686035 -1.4818142652511597
0.6138643622398376 0.5999186635017395 -0.5130966305732727 0.3457595705986023 0.1459743231534958 -0.7250293493270874 -0.67307049036026 -0.40561047196388245 -0.7757976651191711 0.3382750451564789 -0.5326423645019531 -1.4817819595336914
0.6138489246368408 0.5999475121498108 -0.5130813121795654 0.3457411527633667 0.1459871530532837 -0.7250059247016907 -0.6730929613113403 -0.40556371212005615 -0.7758074998855591 0.33827412128448486 -0.5326287150382996 -1.4817135334014893
0.6138561964035034 0.5999698042869568 -0.5130466222763062 0.3457847237586975 0.1460743546485901 -0.7250105142593384 -0.6730690598487854 -0.40559622645378113 -0.7757853269577026 0.3382246494293213 -0.5326923727989197 -1.4818187952041626
0.6138743162155151 0.5998640060424805 -0.5131486058235168 0.3458009660243988 0.14606140553951263 -0.7251332998275757 -0.6729395985603333 -0.4055600166320801 -0.7757734060287476 0.3381491005420685 -0.5327576994895935 -1.4816668033599854
0.6138613224029541 0.5998627543449402 -0.5131655931472778 0.3457912802696228 0.14603786170482635 -0.7251321077346802 -0.672946035861969 -0.4055195152759552 -0.7757881283760071 0.3381539285182953 -0.5327332019805908 -1.4816017150878906
0.6140186190605164 0.5998562574386597 -0.5129849910736084 0.34577587246894836 0.14610423147678375 -0.7250795960426331 -0.6729881763458252 -0.40554821491241455 -0.7756511569023132 0.3382779657840729 -0.532853901386261 -1.4816474914550781
0.6140326261520386 0.5998603701591492 -0.5129634141921997 0.3457590639591217 0.1461140215396881 -0.7250704765319824 -0.6729958653450012 -0.40550658106803894 -0.7756381630897522 0.3382903039455414 -0.5328649282455444 -1.481580138206482
0.613980233669281 0.5998420119285583 -0.5130475759506226 0.345755010843277 0.14608372747898102 -0.7251113057136536 -0.6729584336280823 -0.4055093824863434 -0.7756853699684143 0.3382352888584137 -0.5328311920166016 -1.4815036058425903
0.6139988303184509 0.5998229384422302 -0.5130476355552673 0.34573742747306824 0.14610426127910614 -0.7251346111297607 -0.6729288697242737 -0.40547117590904236 -0.7756667733192444 0.3382191061973572 -0.532868504524231 -1.4814401865005493
0.6140114665031433 0.5998331308364868 -0.5130205750465393 0.34579309821128845 0.14614811539649963 -0.7251331210136414 -0.6729209423065186 -0.4054786264896393 -0.7756485342979431 0.33820417523384094 -0.5329045653343201 -1.4815930128097534
0.6139947175979614 0.599839448928833 -0.5130332112312317 0.34577614068984985 0.1461440771818161 -0.7251326441764832 -0.6729223728179932 -0.4054306149482727 -0.7756625413894653 0.33819398283958435 -0.5328906178474426 -1.4815260171890259
0.6140866875648499 0.5997496843338013 -0.513028085231781 0.34568724036216736 0.146046444773674 -0.725155234336853 -0.6729192137718201 -0.40543603897094727 -0.7756081223487854 0.3383047878742218 -0.5328994989395142 -1.4813928604125977
0.6140363216400146 0.599754810333252 -0.5130823850631714 0.3457026481628418 0.14600670337677002 -0.7251600027084351 -0.6729227304458618 -0.4055286943912506 -0.7756554484367371 0.33828553557395935 -0.5328428149223328 -1.481451153755188
0.6140480041503906 0.5997545123100281 -0.5130687952041626 0.3456815481185913 0.14601722359657288 -0.7251583337783813 -0.6729222536087036 -0.40549105405807495 -0.7756442427635193 0.33828967809677124 -0.5328565239906311 -1.4813827276229858
0.613964319229126 0.5998034477233887 -0.5131117105484009 0.34570392966270447 0.14596517384052277 -0.7251192927360535 -0.6729755997657776 -0.40556153655052185 -0.7757202982902527 0.3382865786552429 -0.532747745513916 -1.481518030166626
0.6139705181121826 0.5998087525367737 -0.5130980610847473 0.3456830680370331 0.14597788453102112 -0.7251143455505371 -0.6729781627655029 -0.4055255651473999 -0.7757129669189453 0.3382877707481384 -0.5327576398849487 -1.481450080871582
0.6138724088668823 0.5998485684394836 -0.5131689310073853 0.34568268060684204 0.1459144949913025 -0.7250905632972717 -0.6730175018310547 -0.40556997060775757 -0.7758025527000427 0.33826813101768494 -0.5326396822929382 -1.4814244508743286
0.6138915419578552 0.5998380184173584 -0.5131583213806152 0.3456648290157318 0.14591671526432037 -0.7250943779945374 -0.673012912273407 -0.40553268790245056 -0.7757869958877563 0.33827856183052063 -0.5326557159423828 -1.4813501834869385
0.6139296293258667 0.5998860597610474 -0.5130566358566284 0.34565040469169617 0.14605101943016052 -0.725068211555481 -0.6730120182037354 -0.4055381119251251 -0.7757315635681152 0.3382495641708374 -0.5327548384666443 -1.4813575744628906
0.6139342784881592 0.5998789072036743 -0.5130594372749329 0.3456263244152069 0.14604578912258148 -0.7250726819038391 -0.6730083227157593 -0.40549227595329285 -0.7757288813591003 0.3382526934146881 -0.5327567458152771 -1.4812840223312378
0.6139115691184998 0.5999160408973694 -0.5130431652069092 0.34568068385124207 0.1460832953453064 -0.7250532507896423 -0.673021137714386 -0.4055704176425934 -0.7757397890090942 0.3382284343242645 -0.5327562689781189 -1.48153817653656
0.6138182878494263 0.5999495387077332 -0.5131155848503113 0.34571778774261475 0.1460755318403244 -0.7250592708587646 -0.6730163097381592 -0.40559232234954834 -0.7758150696754456 0.3381560742855072 -0.5326926112174988 -1.4816573858261108
0.6138206124305725 0.5999445915222168 -0.5131186842918396 0.345705509185791 0.14605402946472168 -0.7250551581382751 -0.6730254292488098 -0.4055391848087311 -0.7758172750473022 0.33817383646965027 -0.5326780676841736 -1.4815943241119385
0.613865077495575 0.5998634099960327 -0.5131603479385376 0.34574949741363525 0.14595165848731995 -0.7250914573669434 -0.6730085015296936 -0.4055260121822357 -0.7758013606071472 0.33823978900909424 -0.5326594114303589 -1.4815568923950195
0.6138641238212585 0.5998666882514954 -0.5131576061248779 0.3457433581352234 0.14593535661697388 -0.7250806093215942 -0.6730237007141113 -0.40546947717666626 -0.7758051753044128 0.3382572829723358 -0.5326427221298218 -1.4814921617507935
0.6138433814048767 0.5998992919921875 -0.513144314289093 0.34577760100364685 0.1460494101047516 -0.7250994443893433 -0.6729786992073059 -0.4054938852787018 -0.7758001685142517 0.33815908432006836 -0.5327123999595642 -1.4815856218338013
0.6138283014297485 0.5998890399932861 -0.5131743550300598 0.34577423334121704 0.1460624635219574 -0.7251272201538086 -0.6729459166526794 -0.4054301679134369 -0.775809645652771 0.3381177484989166 -0.5327248573303223 -1.4815174341201782
0.6137799620628357 0.5999794602394104 -0.5131264925003052 0.345795214176178 0.14607378840446472 -0.7250412106513977 -0.6730360984802246 -0.4055158793926239 -0.7758457064628601 0.3381417393684387 -0.5326570272445679 -1.4816322326660156
0.613764226436615 0.6000048518180847 -0.5131155848503113 0.34579211473464966 0.14609475433826447 -0.72502601146698 -0.6730479598045349 -0.40545642375946045 -0.775854229927063 0.33812928199768066 -0.5326526165008545 -1.4815645217895508
0.6138035655021667 0.600010097026825 -0.5130624175071716 0.3457338511943817 0.14623090624809265 -0.725055992603302 -0.6729861497879028 -0.40536558628082275 -0.775797426700592 0.33805570006370544 -0.5327819585800171 -1.481215000152588
0.6137706637382507 0.6000611186027527 -0.513042151927948 0.34574949741363525 0.14627832174301147 -0.7250285744667053 -0.6730053424835205 -0.4054459035396576 -0.7758145332336426 0.33802399039268494 -0.5327771902084351 -1.481379508972168
0.6137959957122803 0.6000508666038513 -0.5130237936973572 0.3457426428794861 0.14629481732845306 -0.7250347137451172 -0.6729951500892639 -0.4053746461868286 -0.7757914066314697 0.33802902698516846 -0.5328077077865601 -1.481289029121399
0.613742470741272 0.6000973582267761 -0.5130334496498108 0.345786988735199 0.1463237702846527 -0.7250168919563293 -0.6730080246925354 -0.4055238366127014 -0.7758283019065857 0.3379845917224884 -0.5327821373939514 -1.4816700220108032
0.613752543926239 0.6000902652740479 -0.5130296945571899 0.3457763195037842 0.14632359147071838 -0.7250203490257263 -0.6730043292045593 -0.4054630696773529 -0.7758203148841858 0.33798977732658386 -0.53279048204422 -1.4815924167633057
0.6138256788253784 0.60004723072052 -0.5129925608634949 0.34576964378356934 0.1463204324245453 -0.7250336408615112 -0.6729906797409058 -0.4055076539516449 -0.7757630944252014 0.3380376696586609 -0.5328434109687805 -1.481623649597168
