# 3x4 first row second row third row Freq: 100 current Time: 2021-07-30-20:15:10
0.12110911309719086 -0.7504660487174988 0.6497179269790649 -0.1729813665151596 0.07446080446243286 -0.6458233594894409 -0.7598472237586975 -0.5091820359230042 0.9898425340652466 0.14040294289588928 -0.022334806621074677 -1.7016175985336304
0.12114106118679047 -0.7505155205726624 0.6496548056602478 -0.1729530543088913 0.0745067149400711 -0.6457536816596985 -0.7599019408226013 -0.509222686290741 0.9898351430892944 0.14045898616313934 -0.02230885438621044 -1.701633334159851
0.1211564838886261 -0.7505163550376892 0.6496509313583374 -0.17297255992889404 0.07448239624500275 -0.6457535624504089 -0.7599044442176819 -0.5092127919197083 0.9898350834846497 0.14045490324497223 -0.022336993366479874 -1.701662540435791
0.12113627046346664 -0.7505239248275757 0.649645984172821 -0.17291559278964996 0.07442669570446014 -0.6457560062408447 -0.7599078416824341 -0.5092772245407104 0.9898417592048645 0.1404034048318863 -0.022365476936101913 -1.7016017436981201
0.12113280594348907 -0.7505150437355042 0.6496568322181702 -0.17292523384094238 0.07443824410438538 -0.6457652449607849 -0.7598987817764282 -0.5092769861221313 0.9898412823677063 0.140407994389534 -0.022356349974870682 -1.7016315460205078
0.12107358872890472 -0.7505431175231934 0.6496354937553406 -0.17282965779304504 0.07459802180528641 -0.645719587802887 -0.7599219679832458 -0.509212851524353 0.9898365139961243 0.14046800136566162 -0.022190576419234276 -1.701500415802002
0.12107915431261063 -0.7505298256874084 0.6496497988700867 -0.17288416624069214 0.0746174156665802 -0.645731508731842 -0.7599099278450012 -0.509314775466919 0.9898343682289124 0.14048445224761963 -0.02218204364180565 -1.7015982866287231
0.12109225243330002 -0.7505122423171997 0.6496676802635193 -0.17288611829280853 0.07460227608680725 -0.6457520723342896 -0.7598939538002014 -0.5093120336532593 0.9898338913917542 0.14048396050930023 -0.022205665707588196 -1.7016212940216064
0.12109390646219254 -0.7504964470863342 0.6496856212615967 -0.1728910356760025 0.07465068995952606 -0.6457633376121521 -0.7598795890808105 -0.5093085765838623 0.9898300766944885 0.1405162662267685 -0.022172950208187103 -1.7016452550888062
0.12097539007663727 -0.7504682540893555 0.6497402191162109 -0.17286492884159088 0.07470192015171051 -0.6458086967468262 -0.7598360180854797 -0.5092298984527588 0.9898406863212585 0.14045830070972443 -0.022065557539463043 -1.7012819051742554
0.12094205617904663 -0.7505081295967102 0.649700403213501 -0.17281799018383026 0.07479611039161682 -0.6457542777061462 -0.7598730325698853 -0.5092295408248901 0.989837646484375 0.1404956728219986 -0.021963778883218765 -1.7013381719589233
0.12093142420053482 -0.7505067586898804 0.6497039198875427 -0.17283092439174652 0.07480165362358093 -0.6457568407058716 -0.7598702907562256 -0.5092229247093201 0.9898385405540466 0.14049112796783447 -0.021953163668513298 -1.7013556957244873
0.12085714191198349 -0.7504458427429199 0.6497881412506104 -0.1728644222021103 0.07485827058553696 -0.645832359790802 -0.7598005533218384 -0.5090481638908386 0.9898433089256287 0.14046934247016907 -0.021876387298107147 -1.7008699178695679
0.12084434181451797 -0.7504574656486511 0.6497771143913269 -0.17289714515209198 0.07486076653003693 -0.6458205580711365 -0.7598103284835815 -0.5090252161026001 0.9898446798324585 0.14046159386634827 -0.02186395414173603 -1.7008756399154663
0.12093687802553177 -0.750361979007721 0.6498700976371765 -0.17294861376285553 0.07468323409557343 -0.6459420323371887 -0.7597245573997498 -0.5090243220329285 0.9898468255996704 0.14041312038898468 -0.02207876555621624 -1.7008156776428223
0.12091954052448273 -0.7503154277801514 0.6499270796775818 -0.17298400402069092 0.07468262314796448 -0.6459993720054626 -0.7596758008003235 -0.5089981555938721 0.9898489713668823 0.14039792120456696 -0.022078439593315125 -1.7008172273635864
0.12082748860120773 -0.7504196763038635 0.6498238444328308 -0.17289316654205322 0.0746820792555809 -0.645892858505249 -0.7597664594650269 -0.5090759992599487 0.9898602366447449 0.14033088088035583 -0.021998725831508636 -1.7009555101394653
0.12087003886699677 -0.7504472732543945 0.6497840881347656 -0.1728988140821457 0.07478620111942291 -0.6458387970924377 -0.7598021626472473 -0.509170651435852 0.9898471832275391 0.140432208776474 -0.021939480677247047 -1.7011852264404297
0.1208546832203865 -0.7504094839096069 0.6498305797576904 -0.17291824519634247 0.07479486614465714 -0.6458842754364014 -0.7597626447677612 -0.5091504454612732 0.9898484349250793 0.14042487740516663 -0.02193138375878334 -1.7012016773223877
0.12085013836622238 -0.7504907250404358 0.6497375965118408 -0.17286476492881775 0.0746869146823883 -0.6458053588867188 -0.7598403692245483 -0.5092149376869202 0.9898571372032166 0.140353724360466 -0.021993843838572502 -1.7014483213424683
0.12084545195102692 -0.7504766583442688 0.6497547030448914 -0.17287907004356384 0.0747247189283371 -0.645817220211029 -0.7598265409469604 -0.5091907978057861 0.9898548722267151 0.1403743326663971 -0.02196492999792099 -1.701472520828247
0.12092149257659912 -0.7505102753639221 0.649701714515686 -0.1728961020708084 0.07458953559398651 -0.6457844376564026 -0.7598676681518555 -0.5092180371284485 0.9898557662963867 0.14034529030323029 -0.022109026089310646 -1.7016067504882812
0.12093673646450043 -0.7504920363426208 0.6497199535369873 -0.1729077696800232 0.07464258372783661 -0.6457957625389099 -0.7598528861999512 -0.509196937084198 0.989849865436554 0.14039090275764465 -0.022081784904003143 -1.7016335725784302
0.12097085267305374 -0.7504922747612 0.6497133374214172 -0.17288601398468018 0.07473500072956085 -0.6457766890525818 -0.7598599791526794 -0.5092374682426453 0.9898387789726257 0.1404772400856018 -0.022032130509614944 -1.7016233205795288
0.12096051871776581 -0.7505089044570923 0.6496959924697876 -0.17289896309375763 0.07475399971008301 -0.6457562446594238 -0.759875476360321 -0.5092191696166992 0.9898386001586914 0.1404823213815689 -0.02200748212635517 -1.7016409635543823
0.120934396982193 -0.7505052089691162 0.6497052311897278 -0.1728624850511551 0.07478056848049164 -0.6457611918449402 -0.7598686814308167 -0.5092047452926636 0.9898397922515869 0.14047959446907043 -0.021971553564071655 -1.701438307762146
0.1208968460559845 -0.7504870891571045 0.6497330665588379 -0.1728733777999878 0.07479500025510788 -0.6457865238189697 -0.7598457336425781 -0.5091819763183594 0.9898432493209839 0.14045974612236023 -0.021940885111689568 -1.7014557123184204
0.12089860439300537 -0.7504053115844727 0.649827241897583 -0.1728682816028595 0.07480476796627045 -0.6458805203437805 -0.7597648501396179 -0.5091109871864319 0.9898422956466675 0.1404646933078766 -0.02195216901600361 -1.7009997367858887
0.12092708051204681 -0.7504093647003174 0.6498172283172607 -0.1728828400373459 0.07480213791131973 -0.6458713412284851 -0.7597728967666626 -0.5090895295143127 0.9898390173912048 0.14048483967781067 -0.021971125155687332 -1.701004147529602
0.12097398936748505 -0.750493049621582 0.6497118473052979 -0.1728087216615677 0.07476432621479034 -0.6457710862159729 -0.7598618268966675 -0.5090751647949219 0.9898361563682556 0.1404988020658493 -0.02201141230762005 -1.7006498575210571
0.12089291960000992 -0.7504517436027527 0.6497746706008911 -0.17279201745986938 0.07488511502742767 -0.6458157300949097 -0.7598119974136353 -0.5089514255523682 0.9898369312286377 0.14051435887813568 -0.021876899525523186 -1.70025634765625
0.12088298052549362 -0.7504515051841736 0.6497767567634583 -0.17281241714954376 0.07488546520471573 -0.6458175778388977 -0.7598103880882263 -0.5089278221130371 0.9898381233215332 0.14050698280334473 -0.021870452910661697 -1.7002404928207397
0.12096215039491653 -0.7505578398704529 0.6496391892433167 -0.1727810800075531 0.07488563656806946 -0.6456800103187561 -0.7599272727966309 -0.5090510249137878 0.9898284077644348 0.14057108759880066 -0.021896855905652046 -1.7006255388259888
0.12094024568796158 -0.7505946159362793 0.6496007442474365 -0.17279276251792908 0.07487494498491287 -0.6456421613693237 -0.7599605321884155 -0.5090266466140747 0.9898319244384766 0.14054864645004272 -0.0218834076076746 -1.7006163597106934
0.12105041742324829 -0.7505554556846619 0.6496255397796631 -0.17281901836395264 0.0748927965760231 -0.6456671953201294 -0.7599374651908875 -0.509035587310791 0.9898170828819275 0.14064303040504456 -0.0219471026211977 -1.7006845474243164
0.12101668864488602 -0.7505519986152649 0.6496357917785645 -0.17283375561237335 0.0748627707362175 -0.6456810235977173 -0.7599287033081055 -0.5090072751045227 0.9898235201835632 0.14059759676456451 -0.02194979228079319 -1.7006796598434448
0.12094449251890182 -0.7505887746810913 0.6496067643165588 -0.17280036211013794 0.07497505843639374 -0.645634114742279 -0.759957492351532 -0.508914053440094 0.9898238182067871 0.1406169831752777 -0.021810464560985565 -1.7005598545074463
0.12091850489377975 -0.7505723237991333 0.649630606174469 -0.17281891405582428 0.07499520480632782 -0.6456548571586609 -0.7599378824234009 -0.5088724493980408 0.9898254871368408 0.1406097412109375 -0.02178231254220009 -1.7005534172058105
0.12077300995588303 -0.7504779696464539 0.6497666239738464 -0.17286604642868042 0.07507505267858505 -0.6457779407501221 -0.7598253488540649 -0.5088176131248474 0.9898371696472168 0.14054766297340393 -0.021650388836860657 -1.7003145217895508
0.1208156868815422 -0.7504723072052002 0.6497652530670166 -0.17290008068084717 0.0750846117734909 -0.6457761526107788 -0.7598260045051575 -0.5087727904319763 0.989831268787384 0.1405862718820572 -0.021670982241630554 -1.700308918952942
0.12075092643499374 -0.7504311800003052 0.6498247981071472 -0.17286209762096405 0.07517805695533752 -0.645821750164032 -0.7597779631614685 -0.5087763071060181 0.9898320436477661 0.14059646427631378 -0.021567635238170624 -1.6999667882919312
0.12070479243993759 -0.750396192073822 0.6498737931251526 -0.17289181053638458 0.07516702264547348 -0.6458718776702881 -0.7597364783287048 -0.5087394714355469 0.9898385405540466 0.14055290818214417 -0.021554794162511826 -1.699948787689209
0.12085403501987457 -0.7505005598068237 0.6497254967689514 -0.172809436917305 0.0751994252204895 -0.6457204818725586 -0.759861946105957 -0.5087849497795105 0.9898178577423096 0.1406913697719574 -0.02160073257982731 -1.7002382278442383
0.1207883283495903 -0.7504402995109558 0.649807333946228 -0.17275522649288177 0.07528411597013474 -0.6457898020744324 -0.7597946524620056 -0.5088218450546265 0.9898194074630737 0.1406944990158081 -0.02150765247642994 -1.7002043724060059
0.12079686671495438 -0.7504362463951111 0.6498104333877563 -0.17276550829410553 0.07531514763832092 -0.6457887291908264 -0.7597925066947937 -0.5087946653366089 0.9898160099983215 0.1407211273908615 -0.021490052342414856 -1.7002017498016357
0.12080959975719452 -0.7504162788391113 0.6498310565948486 -0.1727672517299652 0.07543406635522842 -0.6457929611206055 -0.7597770690917969 -0.5088726282119751 0.9898054003715515 0.14080777764320374 -0.02141105756163597 -1.7004609107971191
0.12081830948591232 -0.7503982186317444 0.6498503684997559 -0.1727798879146576 0.07542169839143753 -0.6458144783973694 -0.7597600221633911 -0.5088432431221008 0.989805281162262 0.14080573618412018 -0.021429920569062233 -1.7004647254943848
0.12078282237052917 -0.7503173351287842 0.6499503254890442 -0.17276068031787872 0.0754925087094307 -0.6459048390388489 -0.7596761584281921 -0.508802592754364 0.989804208278656 0.14082221686840057 -0.021370889618992805 -1.6999763250350952
0.12084200978279114 -0.7502383589744568 0.6500304937362671 -0.17271670699119568 0.07557828724384308 -0.6459751129150391 -0.7596079111099243 -0.5087144374847412 0.9897904396057129 0.1409207433462143 -0.021359216421842575 -1.6997090578079224
0.12083212286233902 -0.7502410411834717 0.650029182434082 -0.17273513972759247 0.07555487006902695 -0.6459769010543823 -0.7596086859703064 -0.5086837410926819 0.9897934794425964 0.14089800417423248 -0.021370409056544304 -1.6996970176696777
0.12077592313289642 -0.7503435015678406 0.6499214172363281 -0.17269310355186462 0.07558569312095642 -0.6458621025085449 -0.7597032189369202 -0.508711040019989 0.9897979497909546 0.1408786177635193 -0.021289382129907608 -1.6998859643936157
0.12078336626291275 -0.7503255605697632 0.6499406695365906 -0.17270620167255402 0.07562265545129776 -0.6458765864372253 -0.7596872448921204 -0.5086724162101746 0.9897942543029785 0.14090782403945923 -0.021269546821713448 -1.699883222579956
0.12079688161611557 -0.7504251003265381 0.6498233079910278 -0.1726851463317871 0.07549992948770523 -0.6457754373550415 -0.7597854137420654 -0.5087808966636658 0.9898019433021545 0.14084133505821228 -0.02135063149034977 -1.699940800666809
0.12076985836029053 -0.7504245042800903 0.6498289704322815 -0.17269086837768555 0.0754837617278099 -0.6457829475402832 -0.7597806453704834 -0.5087487697601318 0.9898064732551575 0.14081014692783356 -0.021346265450119972 -1.6999380588531494
0.12071741372346878 -0.750349760055542 0.6499249935150146 -0.1727115511894226 0.07558620721101761 -0.6458644270896912 -0.7597011923789978 -0.5087628364562988 0.9898050427436829 0.14083454012870789 -0.021251006051898003 -1.699916958808899
0.12071375548839569 -0.7503318786621094 0.649946391582489 -0.17272524535655975 0.07558148354291916 -0.6458866596221924 -0.7596827745437622 -0.5087289214134216 0.9898058772087097 0.14082807302474976 -0.021256223320961 -1.6999120712280273
0.12085391581058502 -0.7503509521484375 0.6498982906341553 -0.17277705669403076 0.07539276778697968 -0.6458678841590881 -0.7597174644470215 -0.5086938738822937 0.98980313539505 0.1408124715089798 -0.021484648808836937 -1.6998651027679443
0.12086983770132065 -0.7503281235694885 0.649921715259552 -0.17279697954654694 0.07535670697689056 -0.6458970904350281 -0.7596962451934814 -0.5086573362350464 0.9898039698600769 0.1408003270626068 -0.021527238190174103 -1.6998599767684937
0.120728999376297 -0.7503254413604736 0.6499509811401367 -0.1728038489818573 0.07544048875570297 -0.645911693572998 -0.7596755027770996 -0.508679986000061 0.9898147583007812 0.14074748754501343 -0.021375373005867004 -1.699902892112732
0.1207088977098465 -0.7503069043159485 0.6499760746955872 -0.17283229529857635 0.07540694624185562 -0.6459414958953857 -0.7596535086631775 -0.5086371302604675 0.9898197650909424 0.14070965349674225 -0.021392544731497765 -1.6998944282531738
0.12070311605930328 -0.750335693359375 0.6499439477920532 -0.17276600003242493 0.07543531060218811 -0.6459047794342041 -0.7596818804740906 -0.5085962414741516 0.9898183345794678 0.14072470366954803 -0.021360933780670166 -1.6995264291763306
0.12072855234146118 -0.7503714561462402 0.6498979330062866 -0.17274883389472961 0.07542385905981064 -0.6458603739738464 -0.7597208023071289 -0.5087202787399292 0.9898160696029663 0.14073781669139862 -0.021377893164753914 -1.699769139289856
0.12068942934274673 -0.7503653764724731 0.6499122381210327 -0.1727702021598816 0.07542204111814499 -0.6458742022514343 -0.7597091794013977 -0.5086849927902222 0.9898210167884827 0.14070658385753632 -0.021356116980314255 -1.6997642517089844
0.12073181569576263 -0.7504068613052368 0.6498563885688782 -0.17274264991283417 0.0753670260310173 -0.6458264589309692 -0.7597552537918091 -0.5087329149246216 0.9898200035095215 0.14070437848567963 -0.02141587994992733 -1.6996933221817017
0.12075507640838623 -0.7503765225410461 0.6498871445655823 -0.1727898120880127 0.07539257407188416 -0.6458544731140137 -0.7597289085388184 -0.5086607933044434 0.9898152351379395 0.14073780179023743 -0.02141740545630455 -1.699678897857666
0.12097788602113724 -0.7504028677940369 0.6498152613639832 -0.1727297008037567 0.07514926791191101 -0.645821213722229 -0.7597812414169312 -0.5086268782615662 0.9898065328598022 0.14074988663196564 -0.021737877279520035 -1.6997967958450317
0.12076865136623383 -0.7504022121429443 0.6498549580574036 -0.1727779358625412 0.07519639283418655 -0.6458500027656555 -0.759752094745636 -0.5087220072746277 0.9898285269737244 0.14062099158763885 -0.02157091163098812 -1.7001168727874756
0.12081260979175568 -0.7503792643547058 0.6498733162879944 -0.17279277741909027 0.07517344504594803 -0.6458728313446045 -0.7597349882125854 -0.5086901783943176 0.9898248910903931 0.1406387835741043 -0.021621007472276688 -1.7001298666000366
0.12074367702007294 -0.7504786849021912 0.6497713327407837 -0.1727742850780487 0.07514705508947372 -0.6457718014717102 -0.7598234415054321 -0.5087865591049194 0.989835262298584 0.14057227969169617 -0.021576620638370514 -1.700250267982483
0.12071537971496582 -0.7504562139511108 0.6498025059700012 -0.17278318107128143 0.07517803460359573 -0.64579838514328 -0.7597978711128235 -0.508752703666687 0.9898363947868347 0.14057016372680664 -0.02153998799622059 -1.7002668380737305
0.12089085578918457 -0.7504448890686035 0.6497829556465149 -0.17275823652744293 0.07505562156438828 -0.6457998156547546 -0.7598087191581726 -0.5088058710098267 0.9898242354393005 0.1406237930059433 -0.021746201440691948 -1.7002911567687988
0.1209237277507782 -0.750408947467804 0.6498183012008667 -0.17276574671268463 0.07506726682186127 -0.645834743976593 -0.7597779035568237 -0.5087724924087524 0.989819347858429 0.1406552642583847 -0.021765612065792084 -1.7003062963485718
0.12079257518053055 -0.7503538131713867 0.6499063968658447 -0.17281772196292877 0.07502863556146622 -0.6459265351295471 -0.7597036957740784 -0.5088737607002258 0.9898383021354675 0.14052815735340118 -0.0217251218855381 -1.7004531621932983
0.12078665941953659 -0.7503584027290344 0.6499021649360657 -0.17283669114112854 0.07504333555698395 -0.6459199786186218 -0.7597078084945679 -0.5088444352149963 0.9898379445075989 0.14053340256214142 -0.0217091366648674 -1.700467824935913
0.12094137072563171 -0.7503049969673157 0.6499350666999817 -0.17282003164291382 0.0748506411910057 -0.6459841132164001 -0.759672224521637 -0.5088480114936829 0.9898335933685303 0.14052386581897736 -0.02196541242301464 -1.700365424156189
0.12089959532022476 -0.7503474950790405 0.6498937606811523 -0.17288468778133392 0.07479522377252579 -0.6459492444992065 -0.7597073912620544 -0.5089194774627686 0.9898428916931152 0.14045727252960205 -0.02197260782122612 -1.7006874084472656
0.12098031491041183 -0.7502506375312805 0.6499905586242676 -0.17280714213848114 0.0746520534157753 -0.646069347858429 -0.7596192955970764 -0.5088461637496948 0.9898438453674316 0.14042212069034576 -0.02215394377708435 -1.7003103494644165
0.12115783244371414 -0.7502946257591248 0.6499066948890686 -0.17275814712047577 0.07468730211257935 -0.6459835171699524 -0.7596888542175293 -0.5088131427764893 0.9898194670677185 0.14058203995227814 -0.02222849242389202 -1.7003432512283325
0.1211632788181305 -0.7502771615982056 0.6499258875846863 -0.17276693880558014 0.07468897849321365 -0.6460027694702148 -0.7596722841262817 -0.5087812542915344 0.9898186922073364 0.14058668911457062 -0.022234398871660233 -1.700350284576416
0.12108192592859268 -0.7503531575202942 0.6498533487319946 -0.17274411022663116 0.07473412156105042 -0.6459210515022278 -0.7597373127937317 -0.5089163184165955 0.9898252487182617 0.1405566781759262 -0.022132398560643196 -1.700473666191101
0.12107627838850021 -0.7503407001495361 0.6498687863349915 -0.1727469265460968 0.07473278790712357 -0.6459367275238037 -0.7597241401672363 -0.5088925957679749 0.9898260235786438 0.14055109024047852 -0.02213258668780327 -1.7004823684692383
0.1212063878774643 -0.7504299283027649 0.6497414708137512 -0.17272871732711792 0.074787937104702 -0.6458029747009277 -0.7598324418067932 -0.5090236663818359 0.9898059368133545 0.14068937301635742 -0.022152360528707504 -1.7007718086242676
0.12118762731552124 -0.7504388689994812 0.649734616279602 -0.17272834479808807 0.07477439939975739 -0.6457975506782532 -0.7598384022712708 -0.509006917476654 0.9898092746734619 0.14066652953624725 -0.02214907296001911 -1.7007856369018555
0.1211896762251854 -0.7505152225494385 0.649645984172821 -0.17277346551418304 0.07476312667131424 -0.6457094550132751 -0.7599143385887146 -0.5091406106948853 0.9898098707199097 0.14066334068775177 -0.022142473608255386 -1.7009576559066772
0.12121288478374481 -0.7505024075508118 0.6496565341949463 -0.17278076708316803 0.07476848363876343 -0.6457198858261108 -0.7599049806594849 -0.5091304779052734 0.989806592464447 0.140684112906456 -0.022155655547976494 -1.700973629951477
0.12112204730510712 -0.7505167126655579 0.6496569514274597 -0.172799214720726 0.07488980889320374 -0.645700991153717 -0.7599090933799744 -0.5090973973274231 0.9898085594177246 0.14069442451000214 -0.02200258895754814 -1.7009446620941162
0.12113109230995178 -0.7504988312721252 0.6496759057044983 -0.17281131446361542 0.07490856945514679 -0.6457177400588989 -0.7598929405212402 -0.509079098701477 0.989806056022644 0.14071296155452728 -0.0219977255910635 -1.70096755027771
0.12102211266756058 -0.7505298852920532 0.6496603488922119 -0.1728588193655014 0.0749058648943901 -0.6456999182701111 -0.7599083781242371 -0.5090770721435547 0.9898195862770081 0.1406290978193283 -0.02192489616572857 -1.7008914947509766
0.12101864069700241 -0.7505015730857849 0.6496936678886414 -0.17288042604923248 0.07493855059146881 -0.6457289457321167 -0.7598804831504822 -0.5090530514717102 0.9898175001144409 0.1406468152999878 -0.02190375328063965 -1.700911283493042
0.12097503244876862 -0.7505686283111572 0.6496243476867676 -0.17284852266311646 0.07482365518808365 -0.6456740498542786 -0.7599384188652039 -0.509112536907196 0.9898315668106079 0.14054085314273834 -0.021950168535113335 -1.701064109802246
0.12095360457897186 -0.7505960464477539 0.6495966911315918 -0.17286115884780884 0.07482333481311798 -0.6456456780433655 -0.7599626183509827 -0.5090895891189575 0.989834189414978 0.140525221824646 -0.02193109132349491 -1.7010856866836548
0.12104632705450058 -0.7505369782447815 0.64964759349823 -0.1729014813899994 0.074723020195961 -0.6457135081291199 -0.7599148154258728 -0.5090288519859314 0.9898304343223572 0.14052852988243103 -0.022078881040215492 -1.7009700536727905
0.12105631828308105 -0.750493049621582 0.6496965289115906 -0.17296656966209412 0.07473960518836975 -0.6457609534263611 -0.7598729133605957 -0.5090624690055847 0.9898279309272766 0.14054548740386963 -0.022081907838582993 -1.7011327743530273
0.12105104327201843 -0.7504863142967224 0.6497052311897278 -0.17299865186214447 0.07472040504217148 -0.645772397518158 -0.7598650455474854 -0.509031355381012 0.9898300766944885 0.14052870869636536 -0.02209479548037052 -1.7011479139328003
0.12102362513542175 -0.7505291700363159 0.6496608853340149 -0.17288486659526825 0.07473598420619965 -0.6457245945930481 -0.759904146194458 -0.5091018080711365 0.9898322224617004 0.1405194103717804 -0.02205641381442547 -1.7010434865951538
0.12099074572324753 -0.750531792640686 0.6496639847755432 -0.17289945483207703 0.07475120574235916 -0.6457248330116272 -0.7599024176597595 -0.5090723633766174 0.9898350834846497 0.14050433039665222 -0.02202358841896057 -1.7010533809661865
0.1208701878786087 -0.750430703163147 0.6498032212257385 -0.17287765443325043 0.07484615594148636 -0.6458496451377869 -0.7597870230674744 -0.5090336203575134 0.9898426532745361 0.14047087728977203 -0.021897127851843834 -1.7009241580963135
0.12086810916662216 -0.7504250407218933 0.6498101353645325 -0.17289455235004425 0.07484175264835358 -0.6458572149276733 -0.759781002998352 -0.509000837802887 0.9898432493209839 0.14046622812747955 -0.02190043218433857 -1.7009315490722656
0.12092677503824234 -0.7505319714546204 0.6496756672859192 -0.17277498543262482 0.07489804923534393 -0.6457144021987915 -0.7598968744277954 -0.509087085723877 0.989831805229187 0.14055132865905762 -0.021870793774724007 -1.7008705139160156
0.12088412791490555 -0.7505297660827637 0.6496861577033997 -0.17277009785175323 0.07491555064916611 -0.6457216143608093 -0.7598890066146851 -0.5090577602386475 0.9898356795310974 0.14053012430667877 -0.02183115854859352 -1.7008732557296753
0.12100838124752045 -0.7504536509513855 0.6497509479522705 -0.17278362810611725 0.07479745894670486 -0.6458067297935486 -0.7598282694816589 -0.5090054869651794 0.989829421043396 0.1405453085899353 -0.022016018629074097 -1.7009150981903076
