# 3x4 first row second row third row Freq: 100 current Time: 2021-07-30-20:14:45
0.46562594175338745 -0.6025052666664124 0.6482128500938416 0.29856136441230774 0.0761641412973404 -0.7024592161178589 -0.7076369524002075 -0.508540689945221 0.8816980719566345 0.37886470556259155 -0.28119397163391113 -1.666894555091858
0.46576857566833496 -0.6024671792984009 0.6481457948684692 0.2982608377933502 0.0763598084449768 -0.7023497819900513 -0.7077245116233826 -0.5084483623504639 0.8816058039665222 0.3791281580924988 -0.2811281979084015 -1.6658730506896973
0.4657765328884125 -0.6024839878082275 0.6481243968009949 0.2982528805732727 0.07633789628744125 -0.7023370862007141 -0.7077394723892212 -0.5084858536720276 0.8816035389900208 0.3791249096393585 -0.2811397910118103 -1.665913701057434
0.4657098948955536 -0.6025378108024597 0.6481223106384277 0.29847419261932373 0.0763445571064949 -0.7023067474365234 -0.7077688574790955 -0.5086949467658997 0.8816381096839905 0.37909558415412903 -0.281070739030838 -1.6668329238891602
0.4657121002674103 -0.6025390625 0.6481195092201233 0.2984832525253296 0.07635892927646637 -0.702298104763031 -0.707775890827179 -0.5087327361106873 0.8816357254981995 0.3791095018386841 -0.28105950355529785 -1.666903018951416
0.4655691385269165 -0.6026902198791504 0.6480816602706909 0.2986319065093994 0.07631275057792664 -0.7022200226783752 -0.7078583240509033 -0.5086733102798462 0.8817152380943298 0.37901389598846436 -0.2809390425682068 -1.6671253442764282
0.4655363857746124 -0.6026844382286072 0.6481106281280518 0.2986593544483185 0.07633325457572937 -0.7022329568862915 -0.7078433036804199 -0.5086992383003235 0.8817307353019714 0.3789992034435272 -0.2809101343154907 -1.6672067642211914
0.46541929244995117 -0.6027095913887024 0.6481713056564331 0.2987231910228729 0.0763527899980545 -0.7022520303726196 -0.707822322845459 -0.5088041424751282 0.8817908763885498 0.37892383337020874 -0.28082308173179626 -1.6674805879592896
0.4653940200805664 -0.6027340888977051 0.6481666564941406 0.29875296354293823 0.07634389400482178 -0.7022409439086914 -0.7078342437744141 -0.5088348388671875 0.8818050026893616 0.37890538573265076 -0.2808036804199219 -1.6675812005996704
0.4653426706790924 -0.6025814414024353 0.6483454704284668 0.29864054918289185 0.0762508288025856 -0.7024716734886169 -0.707615315914154 -0.5086886882781982 0.8818401098251343 0.3787204921245575 -0.28094273805618286 -1.6671992540359497
0.4653310775756836 -0.6026025414466858 0.6483341455459595 0.29865729808807373 0.0762544795870781 -0.7024524807929993 -0.7076339721679688 -0.5087116360664368 0.8818459510803223 0.3787224590778351 -0.2809218466281891 -1.6672793626785278
0.465328186750412 -0.6024664640426636 0.64846271276474 0.2985337972640991 0.07626593112945557 -0.702597439289093 -0.7074887752532959 -0.5086134672164917 0.8818464875221252 0.3786700665950775 -0.28099074959754944 -1.6670968532562256
0.4653171896934509 -0.6024595499038696 0.6484770178794861 0.2985244691371918 0.07626814395189285 -0.7026091814041138 -0.7074769139289856 -0.5086241364479065 0.8818520903587341 0.37865927815437317 -0.2809876501560211 -1.667171597480774
0.4656123220920563 -0.6023739576339722 0.6483446359634399 0.2982948124408722 0.07660170644521713 -0.7024208307266235 -0.7076278924942017 -0.5086625814437866 0.8816673755645752 0.379144549369812 -0.28091293573379517 -1.6665934324264526
0.46560201048851013 -0.6023841500282288 0.6483425498008728 0.2982719838619232 0.07657499611377716 -0.702426016330719 -0.7076255679130554 -0.5086921453475952 0.881675124168396 0.37911874055862427 -0.28092342615127563 -1.666656494140625
0.4660026431083679 -0.6023478507995605 0.6480884552001953 0.2982865273952484 0.07683546096086502 -0.7021653652191162 -0.7078560590744019 -0.5087679028511047 0.8814407587051392 0.379658967256546 -0.28092923760414124 -1.6666275262832642
0.4660177230834961 -0.6024206876754761 0.6480098366737366 0.29847630858421326 0.0767020434141159 -0.7021361589431763 -0.7078995108604431 -0.5087751746177673 0.8814444541931152 0.37959739565849304 -0.2810010015964508 -1.6671955585479736
0.4658474326133728 -0.6025363802909851 0.6480247378349304 0.29850277304649353 0.07652810215950012 -0.7021647095680237 -0.707889974117279 -0.5085950493812561 0.8815495371818542 0.3793608248233795 -0.2809906601905823 -1.6669942140579224
0.4659346342086792 -0.6024109125137329 0.6480786800384521 0.2984696626663208 0.07648992538452148 -0.7022771835327148 -0.707782506942749 -0.5085470676422119 0.8815068006515503 0.3793518841266632 -0.2811369299888611 -1.6668630838394165
0.46587318181991577 -0.602450966835022 0.6480856537818909 0.298491507768631 0.07632842659950256 -0.7023318409919739 -0.7077456712722778 -0.5085093975067139 0.8815532922744751 0.37918710708618164 -0.2812134623527527 -1.6666746139526367
0.4658852517604828 -0.6024523377418518 0.6480756998062134 0.2985037565231323 0.07631285488605499 -0.7023313641548157 -0.7077478766441345 -0.5085158944129944 0.8815482258796692 0.3791857957839966 -0.28123098611831665 -1.6667300462722778
0.4657500386238098 -0.6023789644241333 0.6482411026954651 0.29846224188804626 0.07623845338821411 -0.702506959438324 -0.7075815796852112 -0.5083944201469421 0.8816261291503906 0.37897706031799316 -0.2812682092189789 -1.6663457155227661
0.4657589793205261 -0.6023939251899719 0.6482207179069519 0.29847514629364014 0.07622188329696655 -0.7024934887886047 -0.7075967192649841 -0.5083972215652466 0.881622850894928 0.3789781332015991 -0.281277060508728 -1.666387677192688
0.4658615291118622 -0.602461576461792 0.6480842232704163 0.29842960834503174 0.07639326900243759 -0.7022978663444519 -0.707772433757782 -0.5084737539291382 0.8815538287162781 0.3792332112789154 -0.2811495363712311 -1.6663130521774292
0.4658582806587219 -0.602478563785553 0.648070752620697 0.29843953251838684 0.07642319798469543 -0.7022679448127747 -0.7077988982200623 -0.5084902048110962 0.8815529346466064 0.3792616128921509 -0.28111401200294495 -1.6663569211959839
0.4657883644104004 -0.6023834347724915 0.6482093930244446 0.29847660660743713 0.07641900330781937 -0.7024064660072327 -0.7076618671417236 -0.5083757042884827 0.8815902471542358 0.3791562020778656 -0.28113922476768494 -1.666293740272522
0.4657696485519409 -0.6023858189582825 0.6482206583023071 0.2984912097454071 0.07642919570207596 -0.7024082541465759 -0.7076590061187744 -0.5083850026130676 0.8815992474555969 0.37914907932281494 -0.2811205983161926 -1.6663389205932617
0.46577778458595276 -0.6022738814353943 0.6483187675476074 0.29852813482284546 0.07637591660022736 -0.7025495171546936 -0.7075244784355164 -0.5083978772163391 0.8815995454788208 0.3790651559829712 -0.2812327444553375 -1.6664514541625977
0.46573254466056824 -0.6022171378135681 0.6484040021896362 0.2985893189907074 0.07632199674844742 -0.7026558518409729 -0.7074247002601624 -0.5085035562515259 0.881628155708313 0.37895819544792175 -0.281287282705307 -1.6668213605880737
0.4657613933086395 -0.6022152900695801 0.6483849883079529 0.29860246181488037 0.07631639391183853 -0.7026467323303223 -0.707434356212616 -0.5085161924362183 0.8816133737564087 0.37897801399230957 -0.2813068628311157 -1.6668797731399536
0.46568945050239563 -0.6021006107330322 0.6485431790351868 0.29851651191711426 0.07623149454593658 -0.7028420567512512 -0.7072494626045227 -0.5084397792816162 0.8816587328910828 0.3787980377674103 -0.28140711784362793 -1.666550874710083
0.4656636118888855 -0.6021407842636108 0.6485244035720825 0.2985151410102844 0.07622537016868591 -0.7028129696846008 -0.7072790861129761 -0.5084497928619385 0.8816729187965393 0.37878814339637756 -0.28137603402137756 -1.6665936708450317
0.46566858887672424 -0.6020430326461792 0.6486115455627441 0.29853811860084534 0.0761711448431015 -0.7029405236244202 -0.7071581482887268 -0.5085344910621643 0.8816749453544617 0.37870681285858154 -0.28147903084754944 -1.6668510437011719
0.4656708538532257 -0.6020368933677673 0.6486156582832336 0.2985288202762604 0.0761663019657135 -0.7029482126235962 -0.7071509957313538 -0.5085477232933044 0.8816741704940796 0.3787022531032562 -0.2814875841140747 -1.6669070720672607
0.4656437933444977 -0.6019667387008667 0.6487001776695251 0.29852569103240967 0.07615869492292404 -0.7030406594276428 -0.707059919834137 -0.5085657238960266 0.8816891312599182 0.3786422312259674 -0.2815215289592743 -1.667108416557312
0.4656459093093872 -0.6019733548164368 0.6486924886703491 0.298510879278183 0.07615897804498672 -0.7030323147773743 -0.7070682048797607 -0.5085824131965637 0.8816879987716675 0.37864717841148376 -0.28151845932006836 -1.6671690940856934
0.4655940532684326 -0.6019781231880188 0.6487253308296204 0.2984335422515869 0.07593260705471039 -0.703148603439331 -0.7069768905639648 -0.5085110664367676 0.8817349076271057 0.37842366099357605 -0.28167203068733215 -1.6668500900268555
0.4656136631965637 -0.6019435524940491 0.6487432718276978 0.298409640789032 0.07597669214010239 -0.7031581401824951 -0.7069627046585083 -0.5085245966911316 0.8817207217216492 0.3784608542919159 -0.2816663682460785 -1.6668983697891235
0.46553337574005127 -0.6019895672798157 0.6487582325935364 0.29843375086784363 0.07593175023794174 -0.70316481590271 -0.7069608569145203 -0.5085122585296631 0.8817670345306396 0.37837523221969604 -0.2816365659236908 -1.6667561531066895
0.46543940901756287 -0.6019683480262756 0.6488453149795532 0.2984504699707031 0.07581906020641327 -0.7032802104949951 -0.7068581581115723 -0.508505642414093 0.8818262815475464 0.3781944811344147 -0.2816936671733856 -1.6667451858520508
0.4654432535171509 -0.6019834280014038 0.6488285660743713 0.29843375086784363 0.07580433785915375 -0.70326828956604 -0.7068715691566467 -0.5085186958312988 0.8818255662918091 0.37819263339042664 -0.2816985547542572 -1.6667853593826294
0.4654381573200226 -0.6019670963287354 0.6488474011421204 0.29840943217277527 0.07559213042259216 -0.7033795118331909 -0.706783652305603 -0.5084586143493652 0.8818464279174805 0.3780118525028229 -0.28187569975852966 -1.666636347770691
0.4654199182987213 -0.6019781231880188 0.6488502621650696 0.298391193151474 0.07557573169469833 -0.7033829689025879 -0.7067819237709045 -0.5084655284881592 0.8818575143814087 0.37798771262168884 -0.28187352418899536 -1.6666626930236816
0.4653571844100952 -0.6020345687866211 0.6488428711891174 0.2983649671077728 0.07536208629608154 -0.7034423351287842 -0.7067456841468811 -0.5083801746368408 0.8819088935852051 0.377787321805954 -0.28198137879371643 -1.6663976907730103
0.46534574031829834 -0.602036714553833 0.6488491296768188 0.2983480989933014 0.07535894960165024 -0.7034467458724976 -0.7067416310310364 -0.5083847641944885 0.8819152116775513 0.37777578830718994 -0.2819770872592926 -1.6664094924926758
0.46539732813835144 -0.6020335555076599 0.6488150358200073 0.2983597218990326 0.0752047672867775 -0.7034921050071716 -0.7067129015922546 -0.508385956287384 0.8819011449813843 0.37769627571105957 -0.2821275591850281 -1.6663587093353271
0.46541813015937805 -0.6020123958587646 0.6488197445869446 0.2983458340167999 0.07521028071641922 -0.7035031318664551 -0.706701397895813 -0.5083970427513123 0.8818896412849426 0.3777095675468445 -0.28214558959007263 -1.6663672924041748
0.46535274386405945 -0.6020458340644836 0.6488355994224548 0.29838815331459045 0.07516254484653473 -0.7035176157951355 -0.7066920399665833 -0.5083898305892944 0.8819282650947571 0.37762919068336487 -0.2821325659751892 -1.6663073301315308
0.4653755724430084 -0.6020421981811523 0.6488226652145386 0.2983771562576294 0.07515336573123932 -0.7035148739814758 -0.7066956758499146 -0.5084009170532227 0.8819169998168945 0.37764012813568115 -0.2821531593799591 -1.666312336921692
0.46540796756744385 -0.6020466089248657 0.6487952470779419 0.29837071895599365 0.07497373968362808 -0.7035717964172363 -0.706658124923706 -0.5082796812057495 0.8819151520729065 0.3775269389152527 -0.28231024742126465 -1.666000247001648
0.46540701389312744 -0.6020361185073853 0.6488057374954224 0.29836505651474 0.07497993856668472 -0.7035810947418213 -0.7066482305526733 -0.5082862973213196 0.8819151520729065 0.3775264620780945 -0.28231096267700195 -1.665987253189087
0.4653853476047516 -0.6021100878715515 0.6487526297569275 0.29836317896842957 0.0749765932559967 -0.7035120725631714 -0.706717312335968 -0.508245050907135 0.8819268941879272 0.3775371313095093 -0.28226006031036377 -1.6659106016159058
0.46544820070266724 -0.6021061539649963 0.6487111449241638 0.2984468936920166 0.07490517944097519 -0.7035176157951355 -0.7067193388938904 -0.5082969069480896 0.8818997740745544 0.37753307819366455 -0.2823501527309418 -1.6661303043365479
0.4654417037963867 -0.6021193265914917 0.6487035751342773 0.29844990372657776 0.07487992197275162 -0.7035170197486877 -0.7067225575447083 -0.5083021521568298 0.8819053173065186 0.37751302123069763 -0.2823595106601715 -1.6661134958267212
0.4654322862625122 -0.6021392345428467 0.6486918926239014 0.29845789074897766 0.07487519830465317 -0.70350182056427 -0.7067382335662842 -0.5083104372024536 0.8819106817245483 0.377509742975235 -0.282347172498703 -1.6661016941070557
0.46544745564460754 -0.6021292209625244 0.6486902832984924 0.29846176505088806 0.07490354776382446 -0.7034934759140015 -0.7067435383796692 -0.5083144903182983 0.8819003105163574 0.377541184425354 -0.28233763575553894 -1.6660889387130737
0.46547505259513855 -0.602156937122345 0.648644745349884 0.29805126786231995 0.07502151280641556 -0.7033998966217041 -0.7068241238594055 -0.5080901384353638 0.8818756937980652 0.3776713013648987 -0.2822403907775879 -1.6646090745925903
0.46548035740852356 -0.6021894812583923 0.6486107707023621 0.2980324923992157 0.07500658184289932 -0.7033683657646179 -0.7068570852279663 -0.5081069469451904 0.881874144077301 0.37767818570137024 -0.2822360098361969 -1.6645534038543701
0.46554890275001526 -0.6022257804870605 0.6485278010368347 0.2978629767894745 0.07523836940526962 -0.7031974196434021 -0.7070025205612183 -0.5078489780426025 0.8818182349205017 0.377938449382782 -0.2820623219013214 -1.6636205911636353
0.465555876493454 -0.6022347807884216 0.648514449596405 0.29784268140792847 0.07522328197956085 -0.7031909227371216 -0.7070106267929077 -0.5078604221343994 0.8818158507347107 0.37793633341789246 -0.2820725739002228 -1.663541316986084
0.4657423496246338 -0.6023954749107361 0.6482312679290771 0.2979341745376587 0.07557383179664612 -0.7027779817581177 -0.7073836922645569 -0.5078818202018738 0.8816874027252197 0.37844786047935486 -0.2817881405353546 -1.6637918949127197
0.4657479524612427 -0.6023859977722168 0.6482360363006592 0.29792407155036926 0.07556507736444473 -0.7027894854545593 -0.7073732018470764 -0.5078845620155334 0.881685197353363 0.37844163179397583 -0.2818034291267395 -1.6637367010116577
0.46570584177970886 -0.6023299694061279 0.648318350315094 0.29807910323143005 0.07571832090616226 -0.7028045654296875 -0.7073418498039246 -0.5078055262565613 0.8816943168640137 0.37850281596183777 -0.281692773103714 -1.6641457080841064
0.46570348739624023 -0.6023182272911072 0.6483309268951416 0.29808586835861206 0.0757218450307846 -0.7028169631958008 -0.7073292136192322 -0.5077917575836182 0.8816952109336853 0.37849849462509155 -0.2816956639289856 -1.664108157157898
0.46563053131103516 -0.6022208333015442 0.6484737992286682 0.2981413006782532 0.07577809691429138 -0.7029331922531128 -0.7072076201438904 -0.5077235102653503 0.8817289471626282 0.3784375786781311 -0.28167203068733215 -1.6642299890518188
0.46563130617141724 -0.6021920442581177 0.6485000252723694 0.29815396666526794 0.07583484053611755 -0.7029399275779724 -0.7071948647499084 -0.5077018141746521 0.8817236423492432 0.3784709870815277 -0.28164368867874146 -1.6642019748687744
0.4656532406806946 -0.6021590828895569 0.6485148668289185 0.29827964305877686 0.07571769505739212 -0.7030158638954163 -0.7071319222450256 -0.5079473853111267 0.8817221522331238 0.3783823251724243 -0.28176751732826233 -1.6650091409683228
0.46558406949043274 -0.6022005081176758 0.6485260128974915 0.2982490360736847 0.07555874437093735 -0.7030712366104126 -0.7070938944816589 -0.5078735947608948 0.8817722797393799 0.37821346521377563 -0.28183725476264954 -1.6649075746536255
0.46559688448905945 -0.6021614074707031 0.648553192615509 0.298257976770401 0.0755934864282608 -0.7030929923057556 -0.7070685625076294 -0.5078480839729309 0.8817625641822815 0.3782353103160858 -0.28183844685554504 -1.6648931503295898
0.46558138728141785 -0.6021064519882202 0.648615300655365 0.29834678769111633 0.07549495995044708 -0.7032023668289185 -0.7069702744483948 -0.5080327391624451 0.881779134273529 0.3781193792819977 -0.2819419503211975 -1.665444016456604
0.4655623137950897 -0.6021125316619873 0.6486233472824097 0.2983534038066864 0.07548937946557999 -0.7032070755958557 -0.70696622133255 -0.5080147981643677 0.8817897439002991 0.3781009912490845 -0.28193360567092896 -1.6654393672943115
0.4655095040798187 -0.6020997166633606 0.6486731767654419 0.2982656955718994 0.07542446255683899 -0.7032735347747803 -0.7069069743156433 -0.5078991055488586 0.8818231225013733 0.3779977560043335 -0.28196749091148376 -1.6652942895889282
0.46547403931617737 -0.6020475029945374 0.6487470865249634 0.2982199490070343 0.07532652467489243 -0.7033889889717102 -0.7068025469779968 -0.5078457593917847 0.8818502426147461 0.37786611914634705 -0.2820591926574707 -1.665015697479248
0.46547555923461914 -0.6020442247390747 0.6487489938735962 0.2982144057750702 0.07532800734043121 -0.7033911943435669 -0.7068002223968506 -0.5078258514404297 0.8818492889404297 0.3778672218322754 -0.2820606231689453 -1.664995789527893
0.4653698801994324 -0.6020580530166626 0.6488119959831238 0.2981887757778168 0.0752984881401062 -0.7034381031990051 -0.7067567110061646 -0.5078145265579224 0.88190758228302 0.37775784730911255 -0.2820248603820801 -1.6647711992263794
0.4653000831604004 -0.6020225882530212 0.6488949656486511 0.29819372296333313 0.07537605613470078 -0.703476071357727 -0.7067106366157532 -0.507786214351654 0.8819378018379211 0.377743661403656 -0.28194940090179443 -1.6646367311477661
0.4653504490852356 -0.6019526124000549 0.6489237546920776 0.29818132519721985 0.07535991817712784 -0.7035356760025024 -0.7066529989242554 -0.5077903866767883 0.8819125890731812 0.3777441382408142 -0.28202754259109497 -1.664725661277771
0.46536147594451904 -0.6019400954246521 0.6489274501800537 0.2981722950935364 0.07540129870176315 -0.7035264372825623 -0.7066577672958374 -0.5077774524688721 0.8819032311439514 0.3777812719345093 -0.28200703859329224 -1.664693832397461
0.46517467498779297 -0.6019748449325562 0.6490291357040405 0.29817381501197815 0.07532045990228653 -0.7036103010177612 -0.7065829038619995 -0.5078726410865784 0.8820087313652039 0.37756964564323425 -0.28196069598197937 -1.6644563674926758
0.4651835858821869 -0.6019748449325562 0.6490227580070496 0.29816892743110657 0.07532192766666412 -0.703605592250824 -0.7065874338150024 -0.5078767538070679 0.882003903388977 0.3775785267353058 -0.28196385502815247 -1.6644108295440674
0.46514400839805603 -0.6018727421760559 0.649145781993866 0.2981819212436676 0.07535531371831894 -0.7037208676338196 -0.7064691185951233 -0.5078945755958557 0.8820219039916992 0.3775264620780945 -0.28197723627090454 -1.6645565032958984
0.4651199281215668 -0.6018900871276855 0.6491469740867615 0.29817089438438416 0.07532794773578644 -0.7037249207496643 -0.7064679861068726 -0.5078928470611572 0.8820369243621826 0.3774912357330322 -0.2819773554801941 -1.6645113229751587
0.465240478515625 -0.6019208431243896 0.6490320563316345 0.29788824915885925 0.07569064199924469 -0.7034798860549927 -0.7066732048988342 -0.5076926350593567 0.8819423317909241 0.377898633480072 -0.28172755241394043 -1.6633559465408325
0.4652480185031891 -0.6018895506858826 0.6490556597709656 0.2978580892086029 0.07570440322160721 -0.7035045027732849 -0.7066472172737122 -0.5077003836631775 0.8819371461868286 0.3779025971889496 -0.28173843026161194 -1.6632843017578125
0.4654662311077118 -0.6019604802131653 0.6488333940505981 0.29782330989837646 0.07594764977693558 -0.7032211422920227 -0.7069031596183777 -0.5076500177383423 0.8818010687828064 0.3783169090747833 -0.2816082239151001 -1.6632108688354492
0.46545886993408203 -0.6019803881645203 0.6488202214241028 0.2977856397628784 0.07590833306312561 -0.7032197117805481 -0.7069087624549866 -0.507649838924408 0.881808340549469 0.37828782200813293 -0.28162455558776855 -1.6631346940994263
0.4654155373573303 -0.6020703911781311 0.6487677693367004 0.29808279871940613 0.0758914202451706 -0.703149139881134 -0.7069807648658752 -0.5077505707740784 0.8818326592445374 0.37827572226524353 -0.2815645635128021 -1.6640387773513794
0.46540969610214233 -0.6020869612693787 0.6487565636634827 0.29808372259140015 0.07586536556482315 -0.7031450271606445 -0.7069876790046692 -0.5077452063560486 0.8818380236625671 0.3782570958137512 -0.28157296776771545 -1.6639991998672485
0.46538442373275757 -0.6021395921707153 0.6487258672714233 0.2982800006866455 0.07592566311359406 -0.7030736207962036 -0.7070522308349609 -0.507929801940918 0.8818461298942566 0.3783060312271118 -0.28148165345191956 -1.6648144721984863
0.46542006731033325 -0.6020945310592651 0.6487420797348022 0.29832836985588074 0.07578858733177185 -0.70316481590271 -0.7069762349128723 -0.5081084370613098 0.8818391561508179 0.3782081604003906 -0.2816351354122162 -1.6654301881790161
0.4654252827167511 -0.6020886898040771 0.6487438082695007 0.2983313500881195 0.0758032277226448 -0.7031624913215637 -0.7069769501686096 -0.5081100463867188 0.8818351030349731 0.3782218098640442 -0.281629353761673 -1.6654348373413086
0.46539196372032166 -0.6020607948303223 0.6487935781478882 0.29834917187690735 0.07578212022781372 -0.7032175064086914 -0.7069244980812073 -0.508106529712677 0.8818545341491699 0.3781639635562897 -0.28164634108543396 -1.665454626083374
0.4653603732585907 -0.6020854115486145 0.6487933993339539 0.29835599660873413 0.07579214125871658 -0.703201174736023 -0.706939697265625 -0.5081124305725098 0.8818703293800354 0.3781551718711853 -0.28160861134529114 -1.665454626083374
0.46531665325164795 -0.6020755767822266 0.6488339304924011 0.298281729221344 0.07573333382606506 -0.7032575607299805 -0.7068899273872375 -0.508041262626648 0.8818984627723694 0.3780660033226013 -0.28164026141166687 -1.6652635335922241
0.46532556414604187 -0.6020806431770325 0.6488228440284729 0.2982785701751709 0.07574274390935898 -0.7032438516616821 -0.7069025635719299 -0.5080406665802002 0.8818929195404053 0.3780834376811981 -0.281634122133255 -1.665257453918457
0.46534350514411926 -0.6020320653915405 0.6488550305366516 0.29829680919647217 0.07574941962957382 -0.7032855153083801 -0.706860363483429 -0.5080123543739319 0.881882905960083 0.3780832588672638 -0.28166577219963074 -1.6654369831085205
0.46531403064727783 -0.6020210981369019 0.6488863229751587 0.2982918322086334 0.07574886083602905 -0.7033113837242126 -0.7068346738815308 -0.5080077052116394 0.8818985223770142 0.3780525028705597 -0.28165826201438904 -1.6654372215270996
0.4655785858631134 -0.6020581126213074 0.6486621499061584 0.2981497049331665 0.07592985779047012 -0.703069806098938 -0.7070555686950684 -0.5081365704536438 0.881743311882019 0.37844276428222656 -0.281620055437088 -1.6651098728179932
0.46542906761169434 -0.6020089983940125 0.6488150358200073 0.2981932461261749 0.07581418007612228 -0.703242838382721 -0.7068958878517151 -0.5079918503761292 0.8818321824073792 0.3781992793083191 -0.28166884183883667 -1.6648319959640503
0.46543288230895996 -0.6020174622535706 0.6488044261932373 0.2981870472431183 0.07583290338516235 -0.7032238245010376 -0.7069127559661865 -0.5079889297485352 0.8818285465240479 0.37822118401527405 -0.28165075182914734 -1.6648056507110596
0.4654429852962494 -0.6019742488861084 0.6488372683525085 0.2983704209327698 0.07578088343143463 -0.7032884955406189 -0.7068540453910828 -0.5082120895385742 0.881827712059021 0.3781697154045105 -0.2817225754261017 -1.6656584739685059
