# 3x4 first row second row third row Freq: 100 current Time: 2021-07-30-20:11:05
0.5299980640411377 0.2477656900882721 0.8109957575798035 0.0581258162856102 0.3906133472919464 -0.9201915860176086 0.025854172185063362 -0.6693628430366516 0.752677321434021 0.3030831217765808 -0.5844802856445312 -1.5140297412872314
0.5300275087356567 0.24776282906532288 0.8109773993492126 0.058139294385910034 0.39058566093444824 -0.9202031493186951 0.025858968496322632 -0.6693472266197205 0.7526710033416748 0.3030502200126648 -0.5845054984092712 -1.5140392780303955
0.5299486517906189 0.2478434294462204 0.8110043406486511 0.05814002454280853 0.39060473442077637 -0.9201918840408325 0.0259716659784317 -0.6693508625030518 0.7527166604995728 0.3030184805393219 -0.5844631791114807 -1.5140835046768188
0.5299689173698425 0.2478334903717041 0.8109940886497498 0.05815337970852852 0.39059773087501526 -0.9201952815055847 0.025956550613045692 -0.6693406105041504 0.752705991268158 0.30301633477211 -0.5844780206680298 -1.5140963792800903
0.5298810601234436 0.24763257801532745 0.8111128807067871 0.058109331876039505 0.39048755168914795 -0.9202449321746826 0.02585424669086933 -0.6693992614746094 0.7528249621391296 0.3030298352241516 -0.5843177437782288 -1.5140451192855835
0.5299063920974731 0.24762380123138428 0.8110989928245544 0.058109935373067856 0.39048758149147034 -0.9202455282211304 0.025832708925008774 -0.6693962812423706 0.7528071403503418 0.3030351996421814 -0.5843379497528076 -1.5140562057495117
0.5298542380332947 0.24776694178581238 0.8110893964767456 0.05811214819550514 0.3904753029346466 -0.9202452301979065 0.026028450578451157 -0.6693429946899414 0.7528502345085144 0.3029191195964813 -0.5843426585197449 -1.513961672782898
0.5299018025398254 0.24779614806175232 0.8110493421554565 0.05812203139066696 0.3904556930065155 -0.920252799987793 0.02605508267879486 -0.6693441271781921 0.7528269290924072 0.3028722405433655 -0.5843969583511353 -1.5139544010162354
0.5299162268638611 0.24778518080711365 0.8110433220863342 0.05813257768750191 0.39044812321662903 -0.9202563762664795 0.026041949167847633 -0.6693320870399475 0.7528206706047058 0.3028703033924103 -0.5844059586524963 -1.5139594078063965
0.5298004150390625 0.24776329100131989 0.811125636100769 0.05805701017379761 0.3904707729816437 -0.9202464818954468 0.02605241909623146 -0.6694252490997314 0.7528904676437378 0.30291828513145447 -0.5842912197113037 -1.5140061378479004
0.5298227071762085 0.24776695668697357 0.8111099600791931 0.05805017054080963 0.3904649317264557 -0.9202489852905273 0.026050930842757225 -0.669419527053833 0.7528778314590454 0.30290764570236206 -0.5843130350112915 -1.514007806777954
0.529795229434967 0.24769319593906403 0.8111504316329956 0.058017171919345856 0.39045214653015137 -0.9202561378479004 0.025989703834056854 -0.6694762110710144 0.7529037594795227 0.3029462397098541 -0.584259569644928 -1.5140117406845093
0.5297753214836121 0.2477017343044281 0.8111608624458313 0.05800317972898483 0.39045068621635437 -0.9202561974525452 0.026009615510702133 -0.6694729328155518 0.752918541431427 0.3029390573501587 -0.5842442512512207 -1.5140087604522705
0.5297642350196838 0.24760006368160248 0.8111991286277771 0.058012090623378754 0.3905048072338104 -0.9202375411987305 0.025857334956526756 -0.6694824695587158 0.7528982758522034 0.30307888984680176 -0.5841978788375854 -1.513993740081787
0.5297423601150513 0.24762484431266785 0.8112058043479919 0.05808023735880852 0.39049583673477173 -0.920240044593811 0.025902369990944862 -0.6693564653396606 0.7529183030128479 0.3030509352684021 -0.5841865539550781 -1.5138320922851562
0.5297280550003052 0.24760738015174866 0.8112204670906067 0.05807389318943024 0.3904804587364197 -0.9202466011047363 0.02590102143585682 -0.6693519949913025 0.7529363036155701 0.30304527282714844 -0.5841662883758545 -1.513826847076416
0.5296924710273743 0.24757571518421173 0.8112534284591675 0.058063484728336334 0.3904728293418884 -0.9202502369880676 0.02588729001581669 -0.6693273186683655 0.7529653310775757 0.3030601441860199 -0.5841211676597595 -1.5136100053787231
0.5297062993049622 0.24760153889656067 0.8112365007400513 0.058064598590135574 0.39048370718955994 -0.9202452301979065 0.02590182237327099 -0.6693259477615356 0.7529499530792236 0.3030543029308319 -0.5841439962387085 -1.513594150543213
0.5297290682792664 0.24774228036403656 0.8111786246299744 0.05807671323418617 0.3905316889286041 -0.9202216863632202 0.02601383998990059 -0.6692557334899902 0.7529090642929077 0.3030107021331787 -0.5842193365097046 -1.5136547088623047
0.5297604203224182 0.24770833551883698 0.8111685514450073 0.058078739792108536 0.3905182480812073 -0.9202286005020142 0.025971459224820137 -0.669242799282074 0.7528939843177795 0.3030174970626831 -0.5842352509498596 -1.5136479139328003
0.5297180414199829 0.24777103960514069 0.8111770749092102 0.05802306905388832 0.3905788064002991 -0.9202016592025757 0.026014957576990128 -0.6692302227020264 0.7528923749923706 0.3030480146408081 -0.5842214822769165 -1.5134016275405884
0.5296655297279358 0.24781227111816406 0.8111987709999084 0.05801665037870407 0.39061281085014343 -0.9201859831809998 0.02605929970741272 -0.669224202632904 0.7529116272926331 0.30306193232536316 -0.5841894149780273 -1.5133837461471558
0.5297482013702393 0.24776166677474976 0.8111602067947388 0.05807540565729141 0.39054813981056213 -0.9202147126197815 0.02601434476673603 -0.6691822409629822 0.7528870701789856 0.3030160963535309 -0.5842449069023132 -1.5135093927383423
0.5297704935073853 0.24775183200836182 0.8111486434936523 0.058075323700904846 0.3905290961265564 -0.9202229976654053 0.026007765904068947 -0.6691692471504211 0.7528812289237976 0.3029990494251251 -0.5842612385749817 -1.5134931802749634
0.5297154784202576 0.24782375991344452 0.8111626505851746 0.058060456067323685 0.39064261317253113 -0.920174241065979 0.026026412844657898 -0.6692516803741455 0.7528610825538635 0.30308815836906433 -0.5842409729957581 -1.5136234760284424
0.5297232866287231 0.24780745804309845 0.811162531375885 0.05805641785264015 0.3905985355377197 -0.9201926589012146 0.02603856660425663 -0.6692438125610352 0.7528784275054932 0.30304569005966187 -0.5842406153678894 -1.5136126279830933
0.5297895669937134 0.24789103865623474 0.8110936880111694 0.05804114416241646 0.3905671238899231 -0.920203447341919 0.026127491146326065 -0.6691583395004272 0.7528480887413025 0.30294448137283325 -0.5843322277069092 -1.5134916305541992
0.5298107862472534 0.24784986674785614 0.8110924363136292 0.058037277311086655 0.3905635178089142 -0.9202064871788025 0.026073919609189034 -0.6691450476646423 0.7528350949287415 0.3029688894748688 -0.5843363404273987 -1.513476014137268
0.5297887325286865 0.24795833230018616 0.8110736608505249 0.058054130524396896 0.39066410064697266 -0.9201622605323792 0.026128945872187614 -0.669276773929596 0.7527983784675598 0.3030145466327667 -0.5843599438667297 -1.5135999917984009
0.5297898650169373 0.24792103469371796 0.8110843300819397 0.05805480480194092 0.39066606760025024 -0.9201626777648926 0.02608458697795868 -0.669273853302002 0.7527965307235718 0.30304378271102905 -0.584347128868103 -1.5135912895202637
0.5298231840133667 0.24802681803703308 0.8110302090644836 0.05811186507344246 0.3907339870929718 -0.9201323390007019 0.026136653497815132 -0.6692667007446289 0.752737820148468 0.3030492961406708 -0.5844199061393738 -1.513685703277588
0.5298469662666321 0.24797683954238892 0.8110299706459045 0.058122437447309494 0.3907075822353363 -0.9201449155807495 0.026089604943990707 -0.6692611575126648 0.7527348399162292 0.30305206775665283 -0.5844223499298096 -1.5136771202087402
0.5298513770103455 0.2479577213525772 0.8110329508781433 0.058135900646448135 0.39080068469047546 -0.9201080799102783 0.02599361538887024 -0.6693150997161865 0.7526834011077881 0.3031795024871826 -0.5844225287437439 -1.5139087438583374
0.5298485159873962 0.2479434609413147 0.8110391497612 0.05814439430832863 0.39079520106315613 -0.9201107025146484 0.025982992723584175 -0.6693130731582642 0.7526882290840149 0.3031831979751587 -0.5844143033027649 -1.5139137506484985
0.5298900604248047 0.24794046580791473 0.8110129237174988 0.0581374429166317 0.3907628357410431 -0.920124351978302 0.0259857214987278 -0.6692823171615601 0.7526757717132568 0.3031441569328308 -0.5844506621360779 -1.5138726234436035
0.529887855052948 0.24798855185508728 0.8109996318817139 0.058143649250268936 0.39081206917762756 -0.9201029539108276 0.026003068313002586 -0.6692778468132019 0.7526517510414124 0.30316975712776184 -0.5844682455062866 -1.5138747692108154
0.5298159122467041 0.24787528812885284 0.8110812902450562 0.058089375495910645 0.3907500207424164 -0.9201306700706482 0.025955623015761375 -0.6694061756134033 0.7527346611022949 0.3031783699989319 -0.5843570828437805 -1.513878345489502
0.5298165678977966 0.24779576063156128 0.8111051321029663 0.058057788759469986 0.3907536566257477 -0.9201317429542542 0.025862278416752815 -0.6694503426551819 0.7527322769165039 0.3032400608062744 -0.5843281149864197 -1.5138088464736938
0.529829204082489 0.24782460927963257 0.8110880851745605 0.058051276952028275 0.3907703161239624 -0.9201242923736572 0.025876300409436226 -0.6694661974906921 0.7527147531509399 0.3032391667366028 -0.5843511819839478 -1.5138068199157715
0.5298641324043274 0.2479056864976883 0.8110405206680298 0.058092858642339706 0.39078399538993835 -0.920116662979126 0.025941690430045128 -0.6694255471229553 0.7526830434799194 0.30319610238075256 -0.5844143033027649 -1.5139845609664917
0.5298707485198975 0.24789537489414215 0.8110393285751343 0.05809910222887993 0.3908084034919739 -0.9201071858406067 0.02590802311897278 -0.6694290041923523 0.7526657581329346 0.3032331168651581 -0.5844174027442932 -1.5139943361282349
0.5298927426338196 0.24793456494808197 0.8110129833221436 0.058114804327487946 0.3907969295978546 -0.9201108813285828 0.025951357558369637 -0.6693465113639832 0.7526562213897705 0.3031899631023407 -0.5844520926475525 -1.5139434337615967
0.529906690120697 0.24792347848415375 0.8110072612762451 0.058122411370277405 0.3908068835735321 -0.920107364654541 0.02592466026544571 -0.6693440675735474 0.7526412010192871 0.3032096028327942 -0.5844612121582031 -1.5139529705047607
0.5299500823020935 0.24802063405513763 0.8109492063522339 0.058074407279491425 0.39081650972366333 -0.92010098695755 0.026007581502199173 -0.6693456172943115 0.752605676651001 0.30314967036247253 -0.5845380425453186 -1.5139144659042358
0.5299414396286011 0.24802178144454956 0.8109545111656189 0.058073632419109344 0.3908282518386841 -0.9200960993766785 0.026003718376159668 -0.6693459153175354 0.752605676651001 0.3031634986400604 -0.5845308899879456 -1.5139188766479492
0.5299809575080872 0.24807050824165344 0.8109137415885925 0.058097973465919495 0.3908748924732208 -0.9200762510299683 0.026004714891314507 -0.6693889498710632 0.7525536417961121 0.3031838536262512 -0.5845873355865479 -1.5140410661697388
0.5299708247184753 0.2480853945016861 0.8109158277511597 0.05809247866272926 0.39084845781326294 -0.9200862646102905 0.02604675106704235 -0.6693615317344666 0.7525744438171387 0.30314120650291443 -0.5845826268196106 -1.513905644416809
0.529937744140625 0.24810974299907684 0.8109300136566162 0.058095160871744156 0.3908741772174835 -0.9200747013092041 0.026069534942507744 -0.669363260269165 0.7525843977928162 0.30315640568733215 -0.5845619440078735 -1.5139092206954956
0.5298556685447693 0.2479960322380066 0.8110184073448181 0.05805770680308342 0.39079025387763977 -0.9201111197471619 0.026043228805065155 -0.6694749593734741 0.7526857852935791 0.30313897132873535 -0.5844404697418213 -1.5139249563217163
0.5298163294792175 0.24798496067523956 0.8110474944114685 0.058057527989149094 0.39078032970428467 -0.9201149344444275 0.026056326925754547 -0.669482946395874 0.7527186274528503 0.30313634872436523 -0.5843995213508606 -1.5139296054840088
0.5299065113067627 0.24799033999443054 0.8109869360923767 0.058109112083911896 0.39076119661331177 -0.9201236367225647 0.026036085560917854 -0.6692981719970703 0.7526650428771973 0.30310553312301636 -0.5844844579696655 -1.5138051509857178
0.5298755168914795 0.24798662960529327 0.8110083341598511 0.058111317455768585 0.3907892107963562 -0.9201120734214783 0.02602427452802658 -0.6692917346954346 0.7526723146438599 0.303143709897995 -0.5844553112983704 -1.513808012008667
0.5299498438835144 0.2479446530342102 0.8109725713729858 0.058056823909282684 0.39075660705566406 -0.9201275110244751 0.02596799097955227 -0.6694623827934265 0.7526369094848633 0.30313119292259216 -0.584507405757904 -1.5139870643615723
0.5299593210220337 0.247931107878685 0.8109705448150635 0.058049172163009644 0.3907484710216522 -0.9201313257217407 0.025954637676477432 -0.6694703102111816 0.7526344656944275 0.3031306266784668 -0.584510862827301 -1.5139892101287842
0.529957115650177 0.24793274700641632 0.8109714984893799 0.058145325630903244 0.390726238489151 -0.9201402068138123 0.025974754244089127 -0.6693710088729858 0.7526475787162781 0.3031023442745209 -0.5845086574554443 -1.5139564275741577
0.5299437642097473 0.24788232147693634 0.8109955787658691 0.05815606564283371 0.39072126150131226 -0.9201436638832092 0.025927500799298286 -0.6693747043609619 0.7526595592498779 0.30313313007354736 -0.5844772458076477 -1.513964056968689
0.5298713445663452 0.2480088174343109 0.8110042810440063 0.058071259409189224 0.39077404141426086 -0.9201174378395081 0.02606314793229103 -0.6694154739379883 0.752683162689209 0.3031093180179596 -0.5844591856002808 -1.5137701034545898
0.5298537611961365 0.24801716208457947 0.8110132217407227 0.05810531601309776 0.3908112645149231 -0.9201019406318665 0.026051729917526245 -0.669317364692688 0.7526761889457703 0.3031495213508606 -0.5844473242759705 -1.5136891603469849
0.5298531651496887 0.2480175495147705 0.8110134601593018 0.0581059604883194 0.39079222083091736 -0.9201095700263977 0.026067225262522697 -0.6693136096000671 0.7526865005493164 0.3031259775161743 -0.5844462513923645 -1.5136855840682983
0.5298616290092468 0.24796782433986664 0.8110231161117554 0.058137863874435425 0.39081794023513794 -0.9201009273529053 0.025986986234784126 -0.6692631244659424 0.7526671886444092 0.3031929135322571 -0.5844364166259766 -1.5136367082595825
0.5298720598220825 0.24798506498336792 0.8110110759735107 0.05813302844762802 0.3908407986164093 -0.9200913310050964 0.025984033942222595 -0.6692305207252502 0.7526479959487915 0.30320802330970764 -0.584453284740448 -1.5136040449142456
0.5298079252243042 0.24805031716823578 0.8110330104827881 0.05812479928135872 0.39085569977760315 -0.9200823903083801 0.026075782254338264 -0.6691998243331909 0.7526853680610657 0.3031817376613617 -0.584418773651123 -1.5135866403579712
0.529812216758728 0.2480761706829071 0.8110222816467285 0.05812223628163338 0.39085960388183594 -0.9200800657272339 0.02610013075172901 -0.6691920757293701 0.7526803612709045 0.3031677007675171 -0.5844325423240662 -1.5135782957077026
0.5298710465431213 0.24803714454174042 0.8109958171844482 0.05810846760869026 0.3908224105834961 -0.9200970530509949 0.026057876646518707 -0.6691511869430542 0.7526582479476929 0.3031480312347412 -0.5844711661338806 -1.5135995149612427
0.5298805832862854 0.2480648010969162 0.8109810948371887 0.05809895321726799 0.39083626866340637 -0.9200906753540039 0.026074107736349106 -0.6691458225250244 0.7526443600654602 0.3031446933746338 -0.5844908356666565 -1.5135918855667114
0.5300127863883972 0.2480768859386444 0.8108910322189331 0.058075908571481705 0.3908175230026245 -0.9200995564460754 0.026041967794299126 -0.6692788004875183 0.7525609731674194 0.3031078577041626 -0.5846172571182251 -1.513765811920166
0.5300213694572449 0.24807313084602356 0.810886561870575 0.05808260664343834 0.3908366858959198 -0.9200920462608337 0.026018895208835602 -0.6692618131637573 0.7525449991226196 0.30313366651535034 -0.5846244692802429 -1.5137028694152832
0.5300461053848267 0.24807153642177582 0.810870885848999 0.05808570608496666 0.3908140957355499 -0.920101523399353 0.026023326441645622 -0.6693153381347656 0.7525392770767212 0.3031062185764313 -0.5846460461616516 -1.5138179063796997
0.5300120115280151 0.2480039745569229 0.8109138607978821 0.05809427797794342 0.3908408284187317 -0.9200925230979919 0.02594148740172386 -0.6693898439407349 0.7525494694709778 0.3031889796257019 -0.5845900774002075 -1.5140488147735596
0.5300076603889465 0.24800851941108704 0.8109152913093567 0.058089520782232285 0.3908628523349762 -0.9200834035873413 0.025931518524885178 -0.6693910956382751 0.7525410652160645 0.3032127916812897 -0.5845885276794434 -1.5140509605407715
0.5300374031066895 0.248063325881958 0.8108790516853333 0.05807467922568321 0.3908526301383972 -0.920086145401001 0.025988034904003143 -0.66937655210495 0.7525253891944885 0.30315962433815 -0.5846362709999084 -1.5140066146850586
0.5300397872924805 0.2480163872241974 0.81089186668396 0.058065831661224365 0.3908443748950958 -0.9200910329818726 0.025940125808119774 -0.6693775057792664 0.7525280117988586 0.30318325757980347 -0.5846205949783325 -1.514009952545166
0.5300533771514893 0.24802865087985992 0.8108792304992676 0.05807268247008324 0.3907442092895508 -0.9201311469078064 0.02602565288543701 -0.669326663017273 0.7525704503059387 0.3030513823032379 -0.5846343040466309 -1.5138907432556152
0.5300363898277283 0.24804817140102386 0.8108843564987183 0.05805980786681175 0.3907575011253357 -0.9201249480247498 0.026045216247439384 -0.6693288087844849 0.7525755167007446 0.3030542731285095 -0.584626317024231 -1.5138858556747437
0.5300557613372803 0.24807915091514587 0.8108622431755066 0.058071281760931015 0.3907364308834076 -0.9201326966285706 0.02608790621161461 -0.669319748878479 0.7525728344917297 0.3030053973197937 -0.5846551060676575 -1.5138791799545288
0.5300663113594055 0.24808019399642944 0.8108550310134888 0.05806133896112442 0.39074215292930603 -0.9201304912567139 0.026079820469021797 -0.669317364692688 0.7525624632835388 0.3030112385749817 -0.5846654772758484 -1.5138776302337646
0.5300790667533875 0.24813145399093628 0.8108310103416443 0.05805357173085213 0.3907664716243744 -0.9201192259788513 0.026113253086805344 -0.6693816184997559 0.7525408267974854 0.3030035197734833 -0.5846973061561584 -1.513932704925537
0.5300632119178772 0.2481541931629181 0.8108344078063965 0.05804174765944481 0.39077261090278625 -0.9201158285140991 0.026141542941331863 -0.6693854928016663 0.7525488138198853 0.3029952347278595 -0.5846913456916809 -1.513929009437561
0.5300815105438232 0.24809464812278748 0.8108406662940979 0.058021023869514465 0.39072465896606445 -0.9201372861862183 0.026102866977453232 -0.6693436503410339 0.7525607943534851 0.3029788136482239 -0.5846843719482422 -1.5135635137557983
0.530057966709137 0.24809128046035767 0.8108570575714111 0.05800915136933327 0.39073681831359863 -0.9201321601867676 0.026100335642695427 -0.669352650642395 0.7525710463523865 0.30299705266952515 -0.5846617817878723 -1.5135470628738403
0.5300052165985107 0.2479981631040573 0.810920000076294 0.058024417608976364 0.39079463481903076 -0.9201111793518066 0.025973867624998093 -0.6694040894508362 0.7525781989097595 0.303136944770813 -0.5845800638198853 -1.5137280225753784
0.529938817024231 0.24788245558738708 0.810998797416687 0.05807989463210106 0.3908368647098541 -0.9200970530509949 0.02584018185734749 -0.669467031955719 0.7526030540466309 0.303274542093277 -0.5844766497612 -1.5140708684921265
0.5299804210662842 0.24785968661308289 0.8109785914421082 0.05808121711015701 0.39081043004989624 -0.92010897397995 0.025815816596150398 -0.6694709062576294 0.7525874376296997 0.303257018327713 -0.5845058560371399 -1.514085054397583
0.5299617648124695 0.24787037074565887 0.8109874725341797 0.05807863920927048 0.39081117510795593 -0.9201080799102783 0.025835886597633362 -0.6694784760475159 0.7526001930236816 0.3032509684562683 -0.584492564201355 -1.514098048210144
0.5299594402313232 0.24776656925678253 0.8110207319259644 0.05811052396893501 0.3908371031284332 -0.9201008677482605 0.02569904737174511 -0.6694828271865845 0.7525883913040161 0.3033575713634491 -0.5844525098800659 -1.5142961740493774
0.5298612713813782 0.24754947423934937 0.8111511468887329 0.05808877944946289 0.3907516598701477 -0.9201409220695496 0.025563998147845268 -0.6695333123207092 0.7527018785476685 0.3034133017063141 -0.5842773914337158 -1.5142589807510376
0.5298586487770081 0.2475612610578537 0.8111492991447449 0.058088187128305435 0.3907444477081299 -0.9201434254646301 0.025584174320101738 -0.6695411205291748 0.7527074217796326 0.3033961057662964 -0.5842791199684143 -1.5142855644226074
0.529874324798584 0.2475154846906662 0.8111530542373657 0.0581296905875206 0.3906686305999756 -0.9201756119728088 0.02558395080268383 -0.6693540811538696 0.7527357935905457 0.3033357858657837 -0.5842738747596741 -1.514095664024353
0.5298851728439331 0.24751436710357666 0.8111462593078613 0.05812857300043106 0.39070844650268555 -0.9201597571372986 0.025546815246343613 -0.6693512201309204 0.7527074813842773 0.30338484048843384 -0.5842849016189575 -1.5141218900680542
0.5299004912376404 0.24756094813346863 0.8111220598220825 0.05804704502224922 0.390644371509552 -0.920184314250946 0.025642385706305504 -0.6694660782814026 0.7527299523353577 0.3032723665237427 -0.5843143463134766 -1.5140972137451172
0.5298683643341064 0.2476131170988083 0.8111271262168884 0.0580354668200016 0.3906835615634918 -0.9201664328575134 0.02568582445383072 -0.6694737672805786 0.7527322173118591 0.3032839298248291 -0.5843054056167603 -1.5141167640686035
0.5298905968666077 0.2475939840078354 0.8111184239387512 0.058081962168216705 0.3906882405281067 -0.920165479183197 0.025650333613157272 -0.6693572402000427 0.7527141571044922 0.3033025860786438 -0.584318995475769 -1.513954758644104
0.529877245426178 0.24764186143875122 0.8111125826835632 0.05807895585894585 0.3907175064086914 -0.9201520085334778 0.025688035413622856 -0.6693601012229919 0.752708375453949 0.30330440402030945 -0.5843255519866943 -1.5139715671539307
0.5298619866371155 0.24764981865882874 0.8111200928688049 0.05804829299449921 0.39068669080734253 -0.9201639294624329 0.025727959349751472 -0.6695103049278259 0.7527350783348083 0.30326157808303833 -0.5843133330345154 -1.5140372514724731
0.5298422574996948 0.2476700246334076 0.8111267685890198 0.05804433673620224 0.390691876411438 -0.9201609492301941 0.02575584501028061 -0.6695253849029541 0.7527462840080261 0.3032541275024414 -0.5843027830123901 -1.5140528678894043
0.5299196243286133 0.24760909378528595 0.8110948801040649 0.058090053498744965 0.39068472385406494 -0.9201667904853821 0.025656944140791893 -0.6694268584251404 0.7526955604553223 0.30328625440597534 -0.5843514800071716 -1.5140161514282227
0.5299195647239685 0.2476440966129303 0.8110842108726501 0.05804182216525078 0.39074477553367615 -0.9201414585113525 0.02565004862844944 -0.6695035099983215 0.7526643872261047 0.30333447456359863 -0.5843665599822998 -1.5140748023986816
0.5298888087272644 0.24762898683547974 0.8111088871955872 0.05802985653281212 0.39072734117507935 -0.9201485514640808 0.025660503655672073 -0.6695149540901184 0.7526950836181641 0.30332523584365845 -0.5843318104743958 -1.5140949487686157
0.5298377275466919 0.2476445585489273 0.8111374974250793 0.05802642181515694 0.3907749652862549 -0.9201282262802124 0.025664543733000755 -0.6694547533988953 0.7527063488960266 0.3033742308616638 -0.5842918753623962 -1.5139204263687134
0.5298603177070618 0.24762874841690063 0.8111276030540466 0.058013610541820526 0.3907468318939209 -0.9201403856277466 0.025658123195171356 -0.6694645285606384 0.7527050375938416 0.3033503293991089 -0.5843059420585632 -1.5139302015304565
0.5297771096229553 0.24768750369548798 0.8111640214920044 0.05802563577890396 0.3908584713935852 -0.9200924634933472 0.02567615546286106 -0.6695021390914917 0.7527056336402893 0.3034476935863495 -0.5842546224594116 -1.5140799283981323
