# 3x4 first row second row third row Freq: 100 current Time: 2021-07-27-17:02:29
0.06575173139572144 -0.9817057847976685 -0.17869041860103607 -0.12794990837574005 0.044963616877794266 -0.17598100006580353 0.9833660125732422 -0.6995462775230408 -0.9968223571777344 -0.07269251346588135 0.03257007896900177 -2.424960136413574
0.06579159945249557 -0.9816988110542297 -0.17871423065662384 -0.12796129286289215 0.0449863038957119 -0.1760019063949585 0.9833612442016602 -0.6995126605033875 -0.9968187212944031 -0.07273653149604797 0.03258364275097847 -2.4249160289764404
0.06579773128032684 -0.9816986322402954 -0.178712859749794 -0.12794867157936096 0.044977691024541855 -0.1760009527206421 0.9833618402481079 -0.6995087265968323 -0.9968187212944031 -0.07274099439382553 0.03257416561245918 -2.424924850463867
0.0658007562160492 -0.9816997647285461 -0.17870551347732544 -0.12799610197544098 0.04494425654411316 -0.17599594593048096 0.9833642840385437 -0.6995148658752441 -0.9968200325965881 -0.07273782789707184 0.032541193068027496 -2.4249353408813477
0.06579390913248062 -0.9816988706588745 -0.1787128895521164 -0.12795814871788025 0.04496726766228676 -0.17600186169147491 0.9833621382713318 -0.6995056867599487 -0.9968194365501404 -0.07273539900779724 0.03256455808877945 -2.4249770641326904
0.0658039003610611 -0.9816919565200806 -0.1787472367286682 -0.1279592365026474 0.04499279707670212 -0.1760340929031372 0.9833552241325378 -0.6994856595993042 -0.9968175888061523 -0.07275087386369705 0.03258542716503143 -2.4249839782714844
0.06574421375989914 -0.9817118048667908 -0.1786603182554245 -0.1279592514038086 0.04497852548956871 -0.17595000565052032 0.9833709001541138 -0.699484646320343 -0.9968221783638 -0.07268675416707993 0.03258834406733513 -2.4249448776245117
0.06577973812818527 -0.9817056655883789 -0.17868104577064514 -0.12795770168304443 0.04496101289987564 -0.1759708970785141 0.9833679795265198 -0.6994727253913879 -0.9968206286430359 -0.07271929830312729 0.03256325051188469 -2.4249472618103027
0.06581498682498932 -0.9816952347755432 -0.17872528731822968 -0.1279522329568863 0.0449565090239048 -0.17601439356803894 0.9833604097366333 -0.6995234489440918 -0.9968185424804688 -0.0727546438574791 0.03254929557442665 -2.424966812133789
0.06581272184848785 -0.9816962480545044 -0.17872045934200287 -0.12795142829418182 0.044927988201379776 -0.17601169645786285 0.9833621978759766 -0.6995134353637695 -0.9968199729919434 -0.07274721562862396 0.032521918416023254 -2.4249727725982666
0.06580927968025208 -0.9816973209381104 -0.17871598899364471 -0.12796007096767426 0.0449170358479023 -0.17600814998149872 0.9833633303642273 -0.6995343565940857 -0.9968206882476807 -0.07274175435304642 0.03251205384731293 -2.424992322921753
0.0658150389790535 -0.9816907644271851 -0.17874981462955475 -0.12798243761062622 0.04494493827223778 -0.17603978514671326 0.9833563566207886 -0.6994941830635071 -0.996819019317627 -0.07275345921516418 0.03253605589270592 -2.424982786178589
0.0657445639371872 -0.9816962480545044 -0.17874553799629211 -0.1279841661453247 0.04499436542391777 -0.17603421211242676 0.9833551049232483 -0.6995239853858948 -0.9968214631080627 -0.07269272208213806 0.03259759768843651 -2.42496657371521
0.0657820999622345 -0.9816912412643433 -0.17875920236110687 -0.12797731161117554 0.04497484117746353 -0.17604809999465942 0.9833534955978394 -0.6995404958724976 -0.9968198537826538 -0.07272665202617645 0.03257068619132042 -2.4249813556671143
0.06570842862129211 -0.9816933274269104 -0.17877483367919922 -0.1279710829257965 0.044928815215826035 -0.17606951296329498 0.9833517670631409 -0.6995615363121033 -0.9968267679214478 -0.07264657318592072 0.032537154853343964 -2.4250104427337646
0.06569608300924301 -0.9816997647285461 -0.1787441521883011 -0.12795795500278473 0.04496508836746216 -0.176036536693573 0.9833560585975647 -0.699600100517273 -0.9968259930610657 -0.0726398155093193 0.03257739543914795 -2.4250409603118896
0.06573799252510071 -0.9816887378692627 -0.17878936231136322 -0.1279960572719574 0.044932879507541656 -0.1760828047990799 0.9833492040634155 -0.6995953917503357 -0.9968246817588806 -0.07267685234546661 0.03253486007452011 -2.4250593185424805
0.06570838391780853 -0.9816931486129761 -0.17877599596977234 -0.12797999382019043 0.04493509232997894 -0.1760702282190323 0.9833513498306274 -0.6996472477912903 -0.9968265295028687 -0.07264767587184906 0.03254327178001404 -2.425083637237549
0.06569407880306244 -0.9816991686820984 -0.17874811589717865 -0.12797527015209198 0.04494583606719971 -0.17604199051856995 0.9833559393882751 -0.6996191740036011 -0.9968269467353821 -0.07263457030057907 0.032558463513851166 -2.424985408782959
0.06570924073457718 -0.9817070364952087 -0.17869938910007477 -0.12797380983829498 0.0449335053563118 -0.17599357664585114 0.9833651781082153 -0.6995852589607239 -0.9968265295028687 -0.07264569401741028 0.032547224313020706 -2.424933910369873
0.06567271798849106 -0.9817044138908386 -0.17872723937034607 -0.12797628343105316 0.044961731880903244 -0.17602060735225677 0.9833590388298035 -0.6995957493782043 -0.9968276619911194 -0.07261567562818527 0.032579466700553894 -2.424933671951294
0.0657230019569397 -0.9816998839378357 -0.17873349785804749 -0.12797613441944122 0.044972602277994156 -0.1760244518518448 0.983357846736908 -0.6996204853057861 -0.9968238472938538 -0.07266727089881897 0.03258083388209343 -2.4249634742736816
0.06573591381311417 -0.9816941022872925 -0.17876046895980835 -0.12797902524471283 0.04495343565940857 -0.17605243623256683 0.9833537340164185 -0.6996347308158875 -0.9968238472938538 -0.07267748564481735 0.032557643949985504 -2.42496395111084
0.06579377502202988 -0.9816974401473999 -0.17872078716754913 -0.1279827356338501 0.044886019080877304 -0.1760157197713852 0.9833633899688721 -0.6996175646781921 -0.9968230724334717 -0.07272118330001831 0.032483842223882675 -2.425074338912964
0.06578511744737625 -0.9816938638687134 -0.17874367535114288 -0.12798632681369781 0.04490932822227478 -0.17603722214698792 0.9833584427833557 -0.6996261477470398 -0.9968225955963135 -0.07271753996610641 0.03250667452812195 -2.4250872135162354
0.06572095304727554 -0.9816970229148865 -0.1787499338388443 -0.12799887359142303 0.04493185132741928 -0.17604394257068634 0.983356237411499 -0.6996423602104187 -0.9968258142471313 -0.07265859842300415 0.03253977745771408 -2.4251012802124023
0.06571047008037567 -0.9816989898681641 -0.17874319851398468 -0.1280091553926468 0.0448930598795414 -0.17604036629199982 0.98335862159729 -0.6996411085128784 -0.9968282580375671 -0.07264121621847153 0.03250386565923691 -2.425107002258301
0.06569970399141312 -0.9816898107528687 -0.1787973940372467 -0.12797212600708008 0.04489709064364433 -0.17609472572803497 0.9833487272262573 -0.6996212601661682 -0.9968287944793701 -0.07263313233852386 0.032505735754966736 -2.4250683784484863
0.06572592258453369 -0.9816963076591492 -0.17875225841999054 -0.1279660165309906 0.04491029679775238 -0.1760476976633072 0.9833565354347229 -0.6996367573738098 -0.9968264698982239 -0.07265976071357727 0.032517462968826294 -2.4250805377960205
0.06573300063610077 -0.9816977381706238 -0.17874163389205933 -0.12790054082870483 0.04489454627037048 -0.1760379523038864 0.9833589792251587 -0.6995663642883301 -0.996826708316803 -0.07266359031200409 0.0325014628469944 -2.424968719482422
0.06564206629991531 -0.9817052483558655 -0.17873375117778778 -0.1279289573431015 0.044888149946928024 -0.17603351175785065 0.9833601117134094 -0.6994991302490234 -0.9968330264091492 -0.0725727453827858 0.032511819154024124 -2.424910068511963
0.0656450092792511 -0.9817092418670654 -0.17871083319187164 -0.12792867422103882 0.04488088935613632 -0.17601098120212555 0.983364462852478 -0.6994771957397461 -0.9968331456184387 -0.07257359474897385 0.032505832612514496 -2.4248874187469482
0.0656668096780777 -0.9817136526107788 -0.17867866158485413 -0.12793639302253723 0.04481995478272438 -0.17598247528076172 0.9833723306655884 -0.6994934678077698 -0.9968344569206238 -0.07258322089910507 0.032444242388010025 -2.424875497817993
0.06558723002672195 -0.9817184805870056 -0.1786811649799347 -0.12793704867362976 0.04488856717944145 -0.17598257958889008 0.9833691716194153 -0.6994723081588745 -0.9968366026878357 -0.07251712679862976 0.032525818794965744 -2.4248580932617188
0.06560990959405899 -0.9817181825637817 -0.17867447435855865 -0.12794151902198792 0.04491902515292168 -0.17597292363643646 0.9833695292472839 -0.6994876265525818 -0.9968337416648865 -0.07254458963871002 0.03255234658718109 -2.4247939586639404
0.06561402231454849 -0.9817246794700623 -0.17863744497299194 -0.1279272735118866 0.044879667460918427 -0.17593856155872345 0.9833774566650391 -0.6994931101799011 -0.9968352317810059 -0.07254046201705933 0.03251552954316139 -2.4247992038726807
0.06569281965494156 -0.9817092418670654 -0.17869329452514648 -0.12797318398952484 0.04486282914876938 -0.1759931743144989 0.983368456363678 -0.6995142102241516 -0.9968308210372925 -0.07261686772108078 0.03248085826635361 -2.424862861633301
0.06569311767816544 -0.9817150235176086 -0.17866136133670807 -0.12797942757606506 0.04487995058298111 -0.17595992982387543 0.9833736419677734 -0.6994913220405579 -0.9968299865722656 -0.07261912524700165 0.03250005841255188 -2.424858570098877
0.06568261981010437 -0.9817124605178833 -0.17867934703826904 -0.12800724804401398 0.044855400919914246 -0.17598006129264832 0.9833711385726929 -0.6994838714599609 -0.9968317747116089 -0.07260505110025406 0.032476361840963364 -2.424821138381958
0.06565466523170471 -0.9817047119140625 -0.17873218655586243 -0.12799887359142303 0.04483933374285698 -0.176035076379776 0.9833620190620422 -0.6994964480400085 -0.9968343377113342 -0.07257646322250366 0.03246155381202698 -2.4248251914978027
0.065675288438797 -0.9817079901695251 -0.17870654165744781 -0.12798400223255157 0.04484762251377106 -0.17600810527801514 0.9833664894104004 -0.699492335319519 -0.9968326091766357 -0.07259736955165863 0.032467976212501526 -2.4248604774475098
0.0656920075416565 -0.9817034602165222 -0.17872542142868042 -0.1279662400484085 0.04484865814447403 -0.17602640390396118 0.983363151550293 -0.6995397806167603 -0.996831476688385 -0.0726146250963211 0.0324646420776844 -2.4249069690704346
0.06570148468017578 -0.9817119836807251 -0.17867490649223328 -0.12794242799282074 0.0448836088180542 -0.17597295343875885 0.9833711385726929 -0.699566662311554 -0.9968292713165283 -0.072628453373909 0.032501183450222015 -2.4248931407928467
0.06566666066646576 -0.9817074537277222 -0.17871251702308655 -0.12793409824371338 0.04483950138092041 -0.1760149747133255 0.9833656549453735 -0.6996158957481384 -0.9968335628509521 -0.07258764654397964 0.032461050897836685 -2.424874782562256
0.065739206969738 -0.9817079901695251 -0.1786831170320511 -0.12794899940490723 0.044835738837718964 -0.17598342895507812 0.9833714365959167 -0.6996862292289734 -0.9968289732933044 -0.07265737652778625 0.03244668245315552 -2.4249279499053955
0.06567750126123428 -0.9817017912864685 -0.17873984575271606 -0.127954363822937 0.04478207603096962 -0.17604616284370422 0.9833626747131348 -0.6996995210647583 -0.9968354105949402 -0.07258906960487366 0.0324004627764225 -2.4249556064605713
0.06571556627750397 -0.9816968441009521 -0.17875303328037262 -0.12795963883399963 0.04487859830260277 -0.17605111002922058 0.9833573698997498 -0.6996930837631226 -0.996828556060791 -0.07264400273561478 0.03248796984553337 -2.4249324798583984
0.06571882963180542 -0.9817042350769043 -0.17871132493019104 -0.1279679536819458 0.04484182596206665 -0.17601190507411957 0.983366072177887 -0.6996943950653076 -0.9968300461769104 -0.0726393386721611 0.03245420381426811 -2.424970865249634
0.06570176780223846 -0.9817042350769043 -0.17871734499931335 -0.12796920537948608 0.04485538229346275 -0.17601750791072845 0.983364462852478 -0.6997244954109192 -0.9968305230140686 -0.07262514531612396 0.03247014805674553 -2.4249770641326904
0.06567449867725372 -0.9817046523094177 -0.17872512340545654 -0.12795835733413696 0.04477989673614502 -0.1760316789150238 0.9833653569221497 -0.6997113823890686 -0.9968357086181641 -0.07258524745702744 0.03239993005990982 -2.425022602081299
0.06571295857429504 -0.9817067980766296 -0.17869935929775238 -0.1279456466436386 0.04480455443263054 -0.17600281536579132 0.9833694100379944 -0.6996805667877197 -0.9968320727348328 -0.07262658327817917 0.0324193611741066 -2.4249093532562256
0.06568131595849991 -0.9817051887512207 -0.17871960997581482 -0.12795695662498474 0.04480498284101486 -0.17602410912513733 0.9833655953407288 -0.6996483206748962 -0.9968341588973999 -0.07259619981050491 0.03242387995123863 -2.424929141998291
0.06572611629962921 -0.9817163944244385 -0.17864178121089935 -0.12797650694847107 0.04485398530960083 -0.1759411245584488 0.9833781719207764 -0.6996245384216309 -0.9968289732933044 -0.07264634966850281 0.032470058649778366 -2.42488956451416
0.06569743901491165 -0.9817115664482117 -0.17867887020111084 -0.1279292106628418 0.04472734034061432 -0.17598843574523926 0.9833754897117615 -0.6996230483055115 -0.9968366026878357 -0.07259701192378998 0.03234744817018509 -2.4249589443206787
0.06566005200147629 -0.981709361076355 -0.1787046194076538 -0.12793971598148346 0.04478369653224945 -0.1760113388299942 0.9833688139915466 -0.6996231079101562 -0.9968364834785461 -0.07257102429866791 0.03240775316953659 -2.424929141998291
0.06565564125776291 -0.9817091822624207 -0.17870716750621796 -0.12794210016727448 0.04480217397212982 -0.17601267993450165 0.9833677411079407 -0.6995940208435059 -0.9968359470367432 -0.07257004082202911 0.03242656961083412 -2.4249446392059326
0.06567889451980591 -0.9817011952400208 -0.1787424385547638 -0.1279923915863037 0.044788893312215805 -0.17604823410511017 0.9833619594573975 -0.6995953321456909 -0.9968350529670715 -0.07259173691272736 0.032406747341156006 -2.424931287765503
0.06570371240377426 -0.9817094206809998 -0.17868812382221222 -0.12797817587852478 0.044796157628297806 -0.1759924739599228 0.9833716154098511 -0.6996167302131653 -0.996833086013794 -0.07261563837528229 0.0324135422706604 -2.424933433532715
0.06567198038101196 -0.9817149043083191 -0.17866988480091095 -0.12797178328037262 0.044797442853450775 -0.17597514390945435 0.9833746552467346 -0.6995883584022522 -0.9968351125717163 -0.07258404046297073 0.0324217714369297 -2.4249699115753174
0.06563723832368851 -0.9817213416099548 -0.17864713072776794 -0.12794876098632812 0.04481750726699829 -0.1759520322084427 0.9833778738975525 -0.6995616555213928 -0.9968364834785461 -0.07255265861749649 0.0324493907392025 -2.4249215126037598
0.0655653104186058 -0.9817267656326294 -0.17864371836185455 -0.1279568076133728 0.04481235519051552 -0.17595134675502777 0.9833782315254211 -0.6995372176170349 -0.9968414306640625 -0.07248087227344513 0.03245727717876434 -2.4249017238616943
0.06562051922082901 -0.9817197322845459 -0.1786622554063797 -0.12796877324581146 0.04482412338256836 -0.1759672462940216 0.9833748936653137 -0.699540376663208 -0.996837317943573 -0.0725378766655922 0.032457754015922546 -2.424881935119629
0.06560038030147552 -0.981719434261322 -0.17867127060890198 -0.12796364724636078 0.044816795736551285 -0.17597746849060059 0.9833734035491943 -0.6995479464530945 -0.9968389272689819 -0.07251706719398499 0.032453421503305435 -2.4248762130737305
0.0655074417591095 -0.9817237257957458 -0.17868183553218842 -0.1279715895652771 0.04484434425830841 -0.1759890764951706 0.9833700656890869 -0.6995621919631958 -0.9968438148498535 -0.07243084907531738 0.03249625116586685 -2.42486310005188
0.06554300338029861 -0.9817084074020386 -0.17875270545482635 -0.1280013769865036 0.04483134299516678 -0.17605984210968018 0.9833579659461975 -0.6995857954025269 -0.996842086315155 -0.07246588915586472 0.0324719063937664 -2.4249119758605957
0.0655173510313034 -0.9817160367965698 -0.178720161318779 -0.1279710829257965 0.044825535267591476 -0.1760285198688507 0.9833638668060303 -0.6995832920074463 -0.9968439936637878 -0.0724385529756546 0.0324731171131134 -2.424938201904297
0.06554452329874039 -0.9817127585411072 -0.178728386759758 -0.1279519498348236 0.04479541257023811 -0.17603805661201477 0.9833635091781616 -0.6996188163757324 -0.9968435764312744 -0.07246023416519165 0.03243798762559891 -2.424970865249634
0.06553173810243607 -0.9817075729370117 -0.17876169085502625 -0.12792742252349854 0.04474707320332527 -0.17607533931732178 0.9833590388298035 -0.6996351480484009 -0.996846616268158 -0.07244021445512772 0.032390110194683075 -2.424999952316284
0.06556665897369385 -0.9817092418670654 -0.17873941361904144 -0.127913698554039 0.044773440808057785 -0.17604997754096985 0.9833623766899109 -0.6996307373046875 -0.9968430995941162 -0.07247848808765411 0.03241158276796341 -2.4249863624572754
0.06549368053674698 -0.9817122220993042 -0.17874987423419952 -0.12792837619781494 0.04471784457564354 -0.17606686055660248 0.9833618998527527 -0.699639081954956 -0.9968504309654236 -0.07239722460508347 0.03236887976527214 -2.424994707107544
0.0655546709895134 -0.9817202091217041 -0.1786838322877884 -0.12791708111763 0.0447968915104866 -0.17599299550056458 0.9833714962005615 -0.6996172070503235 -0.9968428611755371 -0.07246900349855423 0.03244094178080559 -2.4249534606933594
0.06558071821928024 -0.9817159175872803 -0.17869766056537628 -0.1279488056898117 0.04477761313319206 -0.17600740492343903 0.9833698272705078 -0.6996282339096069 -0.9968420267105103 -0.07249167561531067 0.032416295260190964 -2.4249472618103027
0.0656508356332779 -0.9817129373550415 -0.1786881983280182 -0.12798339128494263 0.044764772057533264 -0.1759965717792511 0.9833723306655884 -0.6995723247528076 -0.9968379735946655 -0.07255808264017105 0.032391924411058426 -2.424926519393921
0.06565387547016144 -0.9817095398902893 -0.17870594561100006 -0.12798504531383514 0.044781699776649475 -0.1760130226612091 0.9833686351776123 -0.6995803713798523 -0.9968370199203491 -0.07256464660167694 0.032406773418188095 -2.424928903579712
0.0656345784664154 -0.9817048907279968 -0.1787385195493698 -0.12799172103405 0.04474884644150734 -0.1760486513376236 0.9833637475967407 -0.6995787620544434 -0.9968397617340088 -0.07254093140363693 0.03237537294626236 -2.424943685531616
0.06568806618452072 -0.9817009568214417 -0.17874042689800262 -0.12799882888793945 0.044750239700078964 -0.17604872584342957 0.9833636283874512 -0.6995865106582642 -0.9968361854553223 -0.07259386032819748 0.03236714377999306 -2.4249563217163086
0.06569980084896088 -0.9816949367523193 -0.17876923084259033 -0.1280074119567871 0.04478532075881958 -0.17607465386390686 0.9833574295043945 -0.6995673775672913 -0.9968338012695312 -0.07261254638433456 0.032397545874118805 -2.424978017807007
0.06572064757347107 -0.9817014932632446 -0.1787254810333252 -0.12800437211990356 0.04477062448859215 -0.1760312169790268 0.9833658337593079 -0.6995242834091187 -0.996833086013794 -0.07262902706861496 0.03238259628415108 -2.424941301345825
0.0657469779253006 -0.9816874265670776 -0.17879325151443481 -0.1280265599489212 0.04476289078593254 -0.1760988086462021 0.9833540916442871 -0.6995614171028137 -0.9968317151069641 -0.07265578955411911 0.03236529231071472 -2.424933671951294
0.06577720493078232 -0.981696367263794 -0.178732767701149 -0.12796710431575775 0.04475506767630577 -0.17603780329227448 0.9833654165267944 -0.6995624303817749 -0.9968300461769104 -0.07268214970827103 0.03235670551657677 -2.4248640537261963
0.06584206968545914 -0.9816893935203552 -0.17874731123447418 -0.12796880304813385 0.044786643236875534 -0.17604796588420868 0.9833621382713318 -0.6995802521705627 -0.9968243837356567 -0.07275201380252838 0.03237529844045639 -2.4248621463775635
0.06582805514335632 -0.9816848635673523 -0.17877742648124695 -0.12792636454105377 0.044781528413295746 -0.17607896029949188 0.9833568334579468 -0.6995832920074463 -0.9968255162239075 -0.07273831963539124 0.03237050399184227 -2.424884557723999
0.06585508584976196 -0.9816821217536926 -0.17878232896327972 -0.12792044878005981 0.04477497190237045 -0.17608346045017242 0.9833562970161438 -0.6995882391929626 -0.9968240261077881 -0.07276391237974167 0.032358888536691666 -2.4248716831207275
0.06585296243429184 -0.9816716313362122 -0.17884092032909393 -0.12794530391693115 0.04470847174525261 -0.17614707350730896 0.9833479523658752 -0.6995683312416077 -0.9968271851539612 -0.07275200635194778 0.03228932246565819 -2.424868583679199
0.06581855565309525 -0.9816696643829346 -0.17886433005332947 -0.12796750664710999 0.04468787834048271 -0.1761731505393982 0.9833441972732544 -0.699582040309906 -0.9968303442001343 -0.07271528989076614 0.03227336332201958 -2.4248931407928467
0.06581046432256699 -0.9816625714302063 -0.1789061576128006 -0.12797416746616364 0.04466594383120537 -0.17621691524982452 0.9833373427391052 -0.6995907425880432 -0.9968318939208984 -0.07270482927560806 0.0322500579059124 -2.4248743057250977
0.06581298261880875 -0.9816548824310303 -0.1789473295211792 -0.1280137300491333 0.04465164244174957 -0.1762591153383255 0.9833304286003113 -0.6996043920516968 -0.9968323707580566 -0.07270613312721252 0.03223245590925217 -2.424921989440918
0.06576509028673172 -0.9816557168960571 -0.17896051704883575 -0.12799790501594543 0.04465189576148987 -0.17627385258674622 0.9833278059959412 -0.6995905041694641 -0.996835470199585 -0.07265949249267578 0.032240211963653564 -2.4249489307403564
0.0657830536365509 -0.9816569089889526 -0.17894719541072845 -0.1279895156621933 0.04462570324540138 -0.17626184225082397 0.9833311438560486 -0.6995909214019775 -0.996835470199585 -0.07267209887504578 0.03221217915415764 -2.4250094890594482
0.0657617598772049 -0.9816601276397705 -0.1789376586675644 -0.12799514830112457 0.04462340846657753 -0.17625313997268677 0.9833328127861023 -0.6995843052864075 -0.9968370199203491 -0.07265043258666992 0.03221439570188522 -2.425010919570923
0.06574780493974686 -0.9816630482673645 -0.17892667651176453 -0.12798652052879333 0.044630467891693115 -0.17624208331108093 0.983334481716156 -0.6995080709457397 -0.9968376159667969 -0.07263758778572083 0.032224640250205994 -2.4249207973480225
0.06575328856706619 -0.9816625714302063 -0.1789272576570511 -0.12799207866191864 0.04460553452372551 -0.17624430358409882 0.9833351969718933 -0.699499785900116 -0.9968383312225342 -0.07263859361410141 0.032199032604694366 -2.424914598464966
0.06572763621807098 -0.9816754460334778 -0.1788659542798996 -0.12798836827278137 0.044569045305252075 -0.17618638277053833 0.9833472371101379 -0.6995329260826111 -0.9968416690826416 -0.07260490208864212 0.03217211365699768 -2.424867630004883
0.06569836288690567 -0.9816799759864807 -0.17885178327560425 -0.1279788613319397 0.044569969177246094 -0.17617306113243103 0.9833495616912842 -0.6995344161987305 -0.9968435764312744 -0.07257580012083054 0.03217925876379013 -2.424854040145874
0.06567687541246414 -0.9816768169403076 -0.17887726426124573 -0.12797428667545319 0.044534869492053986 -0.17620183527469635 0.9833459854125977 -0.6995508074760437 -0.9968465566635132 -0.07254929840564728 0.032146550714969635 -2.4248406887054443
0.0656847357749939 -0.9816884994506836 -0.17881010472774506 -0.12796266376972198 0.04453665763139725 -0.17613418400287628 0.9833580255508423 -0.6995622515678406 -0.9968459606170654 -0.07255514711141586 0.03215188905596733 -2.4248242378234863
0.06567772477865219 -0.9816923141479492 -0.17879176139831543 -0.1279851645231247 0.04458010941743851 -0.17611286044120789 0.9833598732948303 -0.6995775699615479 -0.996844470500946 -0.07255532592535019 0.03219734877347946 -2.4248006343841553
0.06564278155565262 -0.9816951751708984 -0.17878900468349457 -0.1279955357313156 0.044567570090293884 -0.17611216008663177 0.9833605885505676 -0.6995803117752075 -0.9968473315238953 -0.07251864671707153 0.03219136595726013 -2.4247889518737793
0.06563206762075424 -0.9816896915435791 -0.17882297933101654 -0.12800340354442596 0.044579457491636276 -0.17614567279815674 0.9833540320396423 -0.6995754837989807 -0.9968475103378296 -0.07251131534576416 0.032202478498220444 -2.4247963428497314
0.0656353235244751 -0.9816839098930359 -0.1788535863161087 -0.1280328631401062 0.04459448158740997 -0.17617511749267578 0.9833480715751648 -0.6996356248855591 -0.996846616268158 -0.07251818478107452 0.032214462757110596 -2.424861431121826
0.0656147375702858 -0.9816751480102539 -0.17890918254852295 -0.12803351879119873 0.04457433521747589 -0.1762329488992691 0.9833386540412903 -0.6996363401412964 -0.9968488812446594 -0.072496198117733 0.03219412639737129 -2.4248905181884766
0.06560826301574707 -0.9816817045211792 -0.1788754165172577 -0.12800860404968262 0.04462946578860283 -0.17619532346725464 0.9833428859710693 -0.699573814868927 -0.9968468546867371 -0.07249846309423447 0.032252151519060135 -2.4248597621917725
0.0655963122844696 -0.9816865921020508 -0.1788530945777893 -0.12801411747932434 0.04462381824851036 -0.17617376148700714 0.9833469986915588 -0.6995784640312195 -0.9968478679656982 -0.07248497009277344 0.03225034475326538 -2.4248573780059814
0.0657133087515831 -0.9816775321960449 -0.17885981500148773 -0.12799061834812164 0.04465971142053604 -0.1761740893125534 0.9833453297615051 -0.6996021866798401 -0.9968385696411133 -0.0726066306233406 0.03226454555988312 -2.424907922744751
0.06571341305971146 -0.9816762804985046 -0.17886680364608765 -0.12799659371376038 0.04463935270905495 -0.1761825680732727 0.9833447337150574 -0.6996079683303833 -0.9968394637107849 -0.07260336726903915 0.03224392607808113 -2.424910306930542
0.0657239705324173 -0.9816877841949463 -0.17879962921142578 -0.1279931217432022 0.04467366263270378 -0.17611244320869446 0.983355700969696 -0.6995456218719482 -0.9968372583389282 -0.07261760532855988 0.03228086978197098 -2.4249227046966553
0.06574279069900513 -0.9816800951957703 -0.1788349598646164 -0.12798398733139038 0.0446927584707737 -0.17614583671092987 0.9833489060401917 -0.6995285749435425 -0.9968351125717163 -0.07264065742492676 0.032293759286403656 -2.4248952865600586
0.06571414321660995 -0.9816792011260986 -0.17885050177574158 -0.12798035144805908 0.044681616127491 -0.17616313695907593 0.9833462834358215 -0.6995253562927246 -0.9968375563621521 -0.0726110190153122 0.032286692410707474 -2.424879550933838
0.06573890894651413 -0.9816892743110657 -0.17878587543964386 -0.12797528505325317 0.04469660669565201 -0.17609651386737823 0.9833575487136841 -0.6995083093643188 -0.9968352317810059 -0.07263590395450592 0.032301876693964005 -2.424865961074829
0.06574675440788269 -0.9816896915435791 -0.1787806898355484 -0.12801337242126465 0.044682830572128296 -0.17609205842018127 0.9833589792251587 -0.6994812488555908 -0.9968353509902954 -0.07264101505279541 0.03228728473186493 -2.424848794937134
0.0657188892364502 -0.9816949963569641 -0.1787618100643158 -0.12801627814769745 0.04472485929727554 -0.17607100307941437 0.9833608269691467 -0.6995126008987427 -0.9968352913856506 -0.07262040674686432 0.0323350690305233 -2.4248781204223633
0.06572981178760529 -0.981674075126648 -0.17887264490127563 -0.12800344824790955 0.044687092304229736 -0.17618441581726074 0.9833422303199768 -0.6995714902877808 -0.996836245059967 -0.07262812554836273 0.032287683337926865 -2.424995183944702
0.06571981310844421 -0.9816784858703613 -0.17885221540927887 -0.127981498837471 0.04471840709447861 -0.1761620044708252 0.9833447933197021 -0.6996013522148132 -0.9968355298042297 -0.07262315601110458 0.032321855425834656 -2.425004243850708
0.06574650853872299 -0.9816749095916748 -0.178862065076828 -0.12797240912914276 0.04472225904464722 -0.1761707067489624 0.9833430647850037 -0.6996049880981445 -0.9968335628509521 -0.07265041768550873 0.03232020139694214 -2.425004243850708
0.06578632444143295 -0.9816749691963196 -0.17884714901447296 -0.12798430025577545 0.044712428003549576 -0.1761551946401596 0.9833462834358215 -0.6995981335639954 -0.9968313574790955 -0.07268735766410828 0.0323045589029789 -2.424947500228882
0.06578465551137924 -0.981665313243866 -0.17890074849128723 -0.12797628343105316 0.04467387497425079 -0.17621175944805145 0.983337938785553 -0.6995981335639954 -0.9968332052230835 -0.07268065959215164 0.032262854278087616 -2.424960136413574
0.06577819585800171 -0.9816713929176331 -0.1788695603609085 -0.12795715034008026 0.04469449073076248 -0.1761792153120041 0.9833428263664246 -0.6995669007301331 -0.9968327283859253 -0.07267692685127258 0.032286643981933594 -2.4249250888824463
0.06573514640331268 -0.9816755056381226 -0.1788627952337265 -0.12794017791748047 0.0446174181997776 -0.1761794537305832 0.9833462834358215 -0.6995751261711121 -0.9968390464782715 -0.07262073457241058 0.03221873566508293 -2.4249346256256104
0.06574244052171707 -0.9816707372665405 -0.17888647317886353 -0.1279558688402176 0.04464861378073692 -0.17620067298412323 0.9833410382270813 -0.6995521187782288 -0.9968371391296387 -0.07263420522212982 0.032246463000774384 -2.4249165058135986
0.06575824320316315 -0.9816738367080688 -0.17886371910572052 -0.12795622646808624 0.044618334621191025 -0.17617955803871155 0.9833462238311768 -0.6995535492897034 -0.9968374371528625 -0.07264364510774612 0.032215483486652374 -2.4249136447906494
0.06572772562503815 -0.981676459312439 -0.17886050045490265 -0.1279478222131729 0.04458509758114815 -0.17617975175380707 0.9833477139472961 -0.6995466947555542 -0.9968409538269043 -0.07260765135288239 0.03218833729624748 -2.4248971939086914
0.06577829271554947 -0.9816820621490479 -0.17881116271018982 -0.12796182930469513 0.04462040960788727 -0.1761261224746704 0.983355700969696 -0.699552595615387 -0.9968360662460327 -0.07266201078891754 0.03221786767244339 -2.42490553855896
0.06571389734745026 -0.9816840887069702 -0.1788235902786255 -0.12798406183719635 0.04458954557776451 -0.17614290118217468 0.9833540916442871 -0.6995442509651184 -0.9968416690826416 -0.07259361445903778 0.032197900116443634 -2.4248929023742676
0.06573022156953812 -0.9816891551017761 -0.17878982424736023 -0.1279866248369217 0.044607847929000854 -0.17610721290111542 0.9833596348762512 -0.6995322108268738 -0.9968397617340088 -0.07261180877685547 0.03221556544303894 -2.4248745441436768
0.0656646117568016 -0.9816853404045105 -0.17883478105068207 -0.12801621854305267 0.044601839035749435 -0.17615480720996857 0.9833514094352722 -0.6994950175285339 -0.9968443512916565 -0.07254768162965775 0.032217927277088165 -2.4248883724212646
0.06562703847885132 -0.9816957712173462 -0.17879147827625275 -0.12801402807235718 0.044650834053754807 -0.17610909044742584 0.9833573698997498 -0.6995145678520203 -0.9968446493148804 -0.07251794636249542 0.032276105135679245 -2.424818754196167
0.06564133614301682 -0.9817022085189819 -0.17875081300735474 -0.12799234688282013 0.04467139393091202 -0.17606638371944427 0.9833641052246094 -0.699590265750885 -0.9968428015708923 -0.07253430783748627 0.032296862453222275 -2.42484712600708
0.06565988808870316 -0.9817062020301819 -0.17872214317321777 -0.12798546254634857 0.04467131197452545 -0.17603707313537598 0.9833693504333496 -0.6995856761932373 -0.996841549873352 -0.07255160063505173 0.03229562193155289 -2.4248664379119873
0.06568528711795807 -0.9817022681236267 -0.17873428761959076 -0.12797361612319946 0.04466833919286728 -0.1760486364364624 0.983367383480072 -0.6995709538459778 -0.9968400001525879 -0.07257646322250366 0.032287292182445526 -2.424955129623413
0.06569507718086243 -0.9817031025886536 -0.17872610688209534 -0.1279754787683487 0.04467068612575531 -0.1760399490594864 0.9833688139915466 -0.6995753645896912 -0.9968392848968506 -0.07258623838424683 0.032288484275341034 -2.4249701499938965
0.06571047008037567 -0.9817082285881042 -0.17869220674037933 -0.12793989479541779 0.04467008262872696 -0.1760055273771286 0.9833750128746033 -0.699554443359375 -0.9968382716178894 -0.07260015606880188 0.03228767588734627 -2.4249417781829834
0.06573297083377838 -0.9817016124725342 -0.1787203699350357 -0.1279723048210144 0.044656381011009216 -0.17603401839733124 0.9833705425262451 -0.6995674967765808 -0.9968374371528625 -0.07262080162763596 0.03226809203624725 -2.424931287765503
0.06569523364305496 -0.9817113876342773 -0.1786806583404541 -0.12796589732170105 0.044779833406209946 -0.17598646879196167 0.9833734631538391 -0.6995333433151245 -0.9968343377113342 -0.07260417193174362 0.0323994904756546 -2.4248924255371094
0.0656609907746315 -0.9817075133323669 -0.17871448397636414 -0.12800924479961395 0.04471554607152939 -0.1760261505842209 0.9833692908287048 -0.6995254755020142 -0.9968395233154297 -0.07256024330854416 0.03233962506055832 -2.424870252609253
0.06570392847061157 -0.9817038178443909 -0.17871902883052826 -0.12798704206943512 0.04470047354698181 -0.17603039741516113 0.9833691716194153 -0.6995505094528198 -0.9968373775482178 -0.07259996980428696 0.03231682628393173 -2.424872875213623
0.06569786369800568 -0.9817072153091431 -0.17870253324508667 -0.127987802028656 0.04469546675682068 -0.17601443827152252 0.9833722710609436 -0.6995445489883423 -0.9968379735946655 -0.07259257882833481 0.032314181327819824 -2.424875020980835
0.06575734913349152 -0.9817022085189819 -0.17870813608169556 -0.12797653675079346 0.04468049108982086 -0.17601922154426575 0.9833720922470093 -0.6995219588279724 -0.9968347549438477 -0.07264864444732666 0.03228847309947014 -2.4249427318573
0.06576354801654816 -0.9816980361938477 -0.1787288933992386 -0.12797823548316956 0.04470469057559967 -0.17603804171085358 0.9833676218986511 -0.6995170712471008 -0.9968332052230835 -0.0726596936583519 0.03230971097946167 -2.424954652786255
0.06577880680561066 -0.9816970825195312 -0.17872828245162964 -0.1279628723859787 0.04468037933111191 -0.1760387122631073 0.9833686351776123 -0.6995077729225159 -0.996833324432373 -0.07267039269208908 0.03228307142853737 -2.424964427947998
0.06581693142652512 -0.9816966652870178 -0.1787165403366089 -0.12796755135059357 0.044693779200315475 -0.17602472007274628 0.9833705425262451 -0.6995033621788025 -0.9968302249908447 -0.07270988076925278 0.032290417701005936 -2.424984931945801
0.065792016685009 -0.9816955327987671 -0.17873218655586243 -0.1279793232679367 0.04472767934203148 -0.1760387420654297 0.9833664894104004 -0.6995381116867065 -0.9968303442001343 -0.07269186526536942 0.03232710808515549 -2.424952983856201
0.06583508849143982 -0.981695830821991 -0.17871439456939697 -0.12798403203487396 0.04474082589149475 -0.17601855099201202 0.9833694696426392 -0.6995333433151245 -0.9968268871307373 -0.0727359727025032 0.03233378008008003 -2.424959421157837
0.06577245146036148 -0.9816928505897522 -0.1787540763616562 -0.12796908617019653 0.04462844133377075 -0.1760685294866562 0.9833656549453735 -0.6995445489883423 -0.9968360662460327 -0.0726558119058609 0.032231055200099945 -2.425035238265991
0.0657825917005539 -0.9816931486129761 -0.17874859273433685 -0.12795783579349518 0.04466080293059349 -0.17606034874916077 0.9833656549453735 -0.6995264291763306 -0.9968339204788208 -0.0726713240146637 0.03226158767938614 -2.4250035285949707
0.06572139263153076 -0.9816961884498596 -0.17875437438488007 -0.12794412672519684 0.04469119384884834 -0.17606592178344727 0.9833632707595825 -0.6995488405227661 -0.9968366026878357 -0.07261668145656586 0.03230196610093117 -2.4249866008758545
0.06575838476419449 -0.9816977381706238 -0.17873243987560272 -0.12794923782348633 0.044663798063993454 -0.1760447472333908 0.9833682775497437 -0.6995527148246765 -0.9968354105949402 -0.07264750450849533 0.03227002173662186 -2.4250059127807617
0.06574885547161102 -0.9816944599151611 -0.17875388264656067 -0.12795880436897278 0.044628024101257324 -0.17606914043426514 0.983365535736084 -0.6995826363563538 -0.9968376159667969 -0.07263252139091492 0.032234832644462585 -2.424989938735962
0.06582577526569366 -0.9816855788230896 -0.1787743717432022 -0.12795300781726837 0.04467904567718506 -0.17608344554901123 0.9833606481552124 -0.6995868682861328 -0.9968302845954895 -0.07271787524223328 0.03227003663778305 -2.4249956607818604
0.06584381312131882 -0.9816868305206299 -0.17876087129116058 -0.1279774159193039 0.044644419103860855 -0.1760718673467636 0.9833643436431885 -0.6996001601219177 -0.9968306422233582 -0.07272905856370926 0.03223368525505066 -2.4249703884124756
0.06583414226770401 -0.9816867113113403 -0.17876511812210083 -0.12796442210674286 0.04468601942062378 -0.17607340216636658 0.9833621382713318 -0.6995717287063599 -0.9968293905258179 -0.0727270320057869 0.03227612003684044 -2.4249377250671387
0.0658506527543068 -0.9816879034042358 -0.1787523329257965 -0.1279655247926712 0.04467451572418213 -0.17606090009212494 0.9833649396896362 -0.699577271938324 -0.9968288540840149 -0.0727408230304718 0.03226279839873314 -2.4249281883239746
0.06582144647836685 -0.981691837310791 -0.17874136567115784 -0.12794341146945953 0.04469965025782585 -0.17604902386665344 0.9833658933639526 -0.6995240449905396 -0.996829628944397 -0.07271616905927658 0.03229357302188873 -2.424900770187378
0.06577397882938385 -0.981695294380188 -0.1787400096654892 -0.12793762981891632 0.044740255922079086 -0.1760462373495102 0.9833645820617676 -0.6995156407356262 -0.996830940246582 -0.07267659902572632 0.032342128455638885 -2.4248833656311035
0.06582893431186676 -0.9816959500312805 -0.17871607840061188 -0.12797075510025024 0.04474005103111267 -0.17602050304412842 0.9833691716194153 -0.6994919180870056 -0.9968273043632507 -0.07272983342409134 0.03233397752046585 -2.4249186515808105
0.06589286029338837 -0.9816839694976807 -0.17875854671001434 -0.12798181176185608 0.04471662640571594 -0.176062673330307 0.9833626747131348 -0.6994983553886414 -0.9968241453170776 -0.0727899894118309 0.03229641169309616 -2.42496919631958
0.06586585938930511 -0.9816853404045105 -0.17876073718070984 -0.12800024449825287 0.04472774639725685 -0.17606493830680847 0.9833617806434631 -0.6994936466217041 -0.9968254566192627 -0.07276546210050583 0.03231199458241463 -2.4249463081359863
0.06584308296442032 -0.9816895127296448 -0.17874620854854584 -0.1279865801334381 0.04473850876092911 -0.1760503351688385 0.983363926410675 -0.6994897127151489 -0.9968264698982239 -0.07274448126554489 0.032327719032764435 -2.4249184131622314
0.06583516299724579 -0.9816884398460388 -0.17875517904758453 -0.1279849410057068 0.04475986585021019 -0.17605802416801453 0.983361542224884 -0.6995052695274353 -0.9968260526657104 -0.07274075597524643 0.03234952688217163 -2.424884080886841
0.06585012376308441 -0.981688380241394 -0.17874982953071594 -0.12798836827278137 0.04477404057979584 -0.17605113983154297 0.9833621382713318 -0.6995531916618347 -0.9968243837356567 -0.07275780290365219 0.03236125782132149 -2.4249393939971924
0.06585267186164856 -0.9816863536834717 -0.1787601262331009 -0.127997025847435 0.04474719986319542 -0.17606332898139954 0.9833611845970154 -0.6995610594749451 -0.9968254566192627 -0.07275590300559998 0.03233356401324272 -2.424929141998291
0.06582169234752655 -0.9816797971725464 -0.17880737781524658 -0.12801705300807953 0.04473608359694481 -0.17611248791217804 0.9833528995513916 -0.6995696425437927 -0.9968279600143433 -0.07272502034902573 0.03232458233833313 -2.4248926639556885
0.06587924808263779 -0.9816729426383972 -0.17882391810417175 -0.12800313532352448 0.044677987694740295 -0.17613142728805542 0.9833521246910095 -0.6995980143547058 -0.9968267679214478 -0.07277192175388336 0.032255858182907104 -2.424893617630005
0.06589663773775101 -0.981671929359436 -0.17882323265075684 -0.12797726690769196 0.04465613141655922 -0.17613177001476288 0.9833530783653259 -0.6995543837547302 -0.9968266487121582 -0.0727851390838623 0.03223126754164696 -2.4248220920562744
0.06590179353952408 -0.9816737174987793 -0.17881150543689728 -0.12797358632087708 0.044644471257925034 -0.17612069845199585 0.9833555817604065 -0.6995449066162109 -0.9968268275260925 -0.07278776913881302 0.032219722867012024 -2.4248077869415283
0.0658729150891304 -0.9816717505455017 -0.17883288860321045 -0.12794096767902374 0.0446125790476799 -0.17614538967609406 0.9833526015281677 -0.6995456218719482 -0.9968301653862 -0.07275442034006119 0.032191790640354156 -2.4248123168945312
