# 3x4 first row second row third row Freq: 100 current Time: 2021-07-27-16:47:10
-0.2960427701473236 0.6420172452926636 -0.7072286009788513 0.38638657331466675 0.36171647906303406 -0.6099202632904053 -0.7050944566726685 -0.7131842374801636 -0.8840360045433044 -0.46455445885658264 -0.05166555196046829 -3.2583882808685303
-0.29605063796043396 0.6420234441757202 -0.7072197198867798 0.38647112250328064 0.36170580983161926 -0.609915554523468 -0.7051039338111877 -0.7131961584091187 -0.8840377330780029 -0.4645520746707916 -0.0516575388610363 -3.258460521697998
-0.29605957865715027 0.6419952511787415 -0.7072415351867676 0.3863975703716278 0.36159005761146545 -0.6099997758865356 -0.7050904631614685 -0.7132256627082825 -0.8840820789337158 -0.4644804000854492 -0.05154264718294144 -3.2583577632904053
-0.2960183918476105 0.6420328617095947 -0.7072246074676514 0.38648471236228943 0.36167776584625244 -0.6099377870559692 -0.7050991654396057 -0.7131498456001282 -0.8840599656105042 -0.46450984477996826 -0.05165605992078781 -3.2584426403045654
-0.2960457503795624 0.6420274376869202 -0.7072181105613708 0.3863886296749115 0.36173781752586365 -0.6098973155021667 -0.70510333776474 -0.7131722569465637 -0.884026288986206 -0.46457046270370483 -0.05168792977929115 -3.258409023284912
-0.2960597574710846 0.6420081257820129 -0.707229733467102 0.3864782452583313 0.36173611879348755 -0.6099101305007935 -0.7050931453704834 -0.7131855487823486 -0.8840222358703613 -0.46458035707473755 -0.05166751518845558 -3.2584948539733887
-0.2960873246192932 0.6419727206230164 -0.7072503566741943 0.38642629981040955 0.3617136478424072 -0.6099427342414856 -0.7050763964653015 -0.7132071256637573 -0.8840222358703613 -0.46458640694618225 -0.05161382257938385 -3.258497476577759
-0.29601070284843445 0.6419423222541809 -0.7073100209236145 0.3864225745201111 0.36170151829719543 -0.6100196242332458 -0.7050161957740784 -0.7131616473197937 -0.8840528726577759 -0.46452754735946655 -0.05161900073289871 -3.2584850788116455
-0.29609373211860657 0.6419457793235779 -0.7072721719741821 0.3864639401435852 0.3616703152656555 -0.6099890470504761 -0.7050585746765137 -0.7131707668304443 -0.8840377926826477 -0.46456286311149597 -0.05155862495303154 -3.258476734161377
-0.29611703753471375 0.641925036907196 -0.7072811722755432 0.3866007626056671 0.3616584241390228 -0.6100037693977356 -0.7050519585609436 -0.7131956815719604 -0.8840348720550537 -0.4645722210407257 -0.05152493342757225 -3.258589744567871
-0.2961295545101166 0.6418910622596741 -0.7073068022727966 0.3866361379623413 0.3616921007633209 -0.6100134253501892 -0.7050263285636902 -0.7132123112678528 -0.8840168714523315 -0.46460655331611633 -0.05152374878525734 -3.258732795715332
-0.2960686683654785 0.6418312191963196 -0.7073865532875061 0.38661259412765503 0.36170849204063416 -0.610096275806427 -0.7049462199211121 -0.7131486535072327 -0.8840305805206299 -0.46458032727241516 -0.05152524262666702 -3.25869083404541
-0.29617226123809814 0.6418863534927368 -0.7072932124137878 0.3865799605846405 0.3617086410522461 -0.6099870204925537 -0.705040693283081 -0.7132185697555542 -0.8839958310127258 -0.46464765071868896 -0.05151443928480148 -3.2586722373962402
-0.2961520850658417 0.6420526504516602 -0.7071506977081299 0.38643375039100647 0.3616907298564911 -0.6098412275314331 -0.7051759958267212 -0.7131505012512207 -0.8840098977088928 -0.464609295129776 -0.051618561148643494 -3.2585368156433105
-0.29614150524139404 0.6420677304267883 -0.7071414589881897 0.3865327835083008 0.36167895793914795 -0.6098378896713257 -0.7051849365234375 -0.713147759437561 -0.8840182423591614 -0.4645928144454956 -0.05162389948964119 -3.2586305141448975
-0.29615259170532227 0.6420750617980957 -0.7071301341056824 0.38645029067993164 0.3615752160549164 -0.6098792552947998 -0.7052023410797119 -0.7131202220916748 -0.8840569853782654 -0.46452832221984863 -0.05154094099998474 -3.258524179458618
-0.29608452320098877 0.6419275999069214 -0.7072924971580505 0.3864334225654602 0.361660361289978 -0.6100172400474548 -0.7050393223762512 -0.7130700945854187 -0.8840449452400208 -0.46455100178718567 -0.05154295265674591 -3.2585182189941406
-0.29608455300331116 0.641989529132843 -0.7072362899780273 0.38645246624946594 0.3616478145122528 -0.6099621057510376 -0.7050934433937073 -0.7131123542785645 -0.8840500712394714 -0.4645378589630127 -0.05157356709241867 -3.258490800857544
-0.2959842085838318 0.641994833946228 -0.7072734236717224 0.3864285349845886 0.36163708567619324 -0.6100149750709534 -0.7050532102584839 -0.7130873203277588 -0.8840880990028381 -0.4644610285758972 -0.05161416903138161 -3.2585082054138184
-0.29619619250297546 0.6419942378997803 -0.7071852684020996 0.38646072149276733 0.36158987879753113 -0.6099293828010559 -0.7051514983177185 -0.7131451368331909 -0.8840363621711731 -0.46457433700561523 -0.051479700952768326 -3.2584798336029053
-0.29615768790245056 0.641942024230957 -0.7072488069534302 0.3864206373691559 0.3615410625934601 -0.6100272536277771 -0.7050918340682983 -0.7130492925643921 -0.8840692639350891 -0.4645179510116577 -0.051423974335193634 -3.258427858352661
-0.29624658823013306 0.6419314742088318 -0.7072211503982544 0.3864319622516632 0.3615252375602722 -0.6099994778633118 -0.7051239609718323 -0.713113009929657 -0.8840459585189819 -0.46456897258758545 -0.0513639934360981 -3.258399248123169
-0.29634353518486023 0.6419246792793274 -0.7071866393089294 0.3864154815673828 0.36156022548675537 -0.6099370718002319 -0.7051600217819214 -0.7132222056388855 -0.8839991092681885 -0.46466028690338135 -0.05134337395429611 -3.258518934249878
-0.29631784558296204 0.6419208645820618 -0.7072008848190308 0.3864966928958893 0.36156338453292847 -0.6099526882171631 -0.7051448822021484 -0.7132418751716614 -0.8840064406394958 -0.4646450877189636 -0.051355041563510895 -3.2586185932159424
-0.29631298780441284 0.6418420672416687 -0.7072744369506836 0.38647937774658203 0.36153703927993774 -0.6100475788116455 -0.705076277256012 -0.7131503224372864 -0.8840188384056091 -0.46462926268577576 -0.05128448083996773 -3.2585766315460205
-0.2961748540401459 0.6418910622596741 -0.7072878479957581 0.38634175062179565 0.3615906536579132 -0.6100429892539978 -0.7050527930259705 -0.7132254838943481 -0.8840432167053223 -0.4645676910877228 -0.05142222344875336 -3.2584712505340576
-0.296265184879303 0.6418936252593994 -0.7072476744651794 0.38635146617889404 0.3616252839565277 -0.6099748611450195 -0.7050939798355103 -0.7133287191390991 -0.8839988112449646 -0.46465355157852173 -0.05141047015786171 -3.2584280967712402
-0.2962632477283478 0.6419077515602112 -0.7072356939315796 0.38640496134757996 0.36173638701438904 -0.6099034547805786 -0.7050988078117371 -0.7132912278175354 -0.8839539885520935 -0.46472784876823425 -0.05150925740599632 -3.258439779281616
-0.2963106036186218 0.6419306993484497 -0.707194983959198 0.38644441962242126 0.3617152273654938 -0.6098667979240417 -0.7051413059234619 -0.7133055329322815 -0.8839467763900757 -0.4647441506385803 -0.051485948264598846 -3.258495807647705
-0.2961767315864563 0.6419382691383362 -0.7072442173957825 0.3863902688026428 0.361691951751709 -0.6099417209625244 -0.7050884962081909 -0.7132731676101685 -0.8840011358261108 -0.46463543176651 -0.051533184945583344 -3.2584915161132812
-0.29631510376930237 0.6419206261634827 -0.7072022557258606 0.38642075657844543 0.36162760853767395 -0.6099206209182739 -0.7051397562026978 -0.7133276462554932 -0.8839811086654663 -0.4646875262260437 -0.051407359540462494 -3.258517026901245
-0.2961721122264862 0.6418139338493347 -0.7073589563369751 0.38639211654663086 0.36175408959388733 -0.6100354194641113 -0.7049755454063416 -0.7132169008255005 -0.8839772939682007 -0.46468421816825867 -0.05150315538048744 -3.258378267288208
-0.29626235365867615 0.6418556571006775 -0.7072833776473999 0.38641950488090515 0.3616698980331421 -0.6099907755851746 -0.7050573229789734 -0.7132567167282104 -0.883981466293335 -0.4646851420402527 -0.05142238363623619 -3.258376121520996
-0.29632410407066345 0.6420222520828247 -0.7071062326431274 0.38639897108078003 0.36161503195762634 -0.6098211407661438 -0.7052322030067444 -0.7133192420005798 -0.8839832544326782 -0.4646776616573334 -0.05146003141999245 -3.258188247680664
-0.2961748540401459 0.6420673727989197 -0.7071278095245361 0.3862922191619873 0.3615361750125885 -0.6098958253860474 -0.7052080631256104 -0.7131870985031128 -0.8840655088424683 -0.4645172655582428 -0.05149460956454277 -3.2581288814544678
-0.296214759349823 0.6421300768852234 -0.7070541381835938 0.3862876296043396 0.36145615577697754 -0.6098544001579285 -0.705284833908081 -0.7132101655006409 -0.8840848803520203 -0.46448495984077454 -0.05145380273461342 -3.2581169605255127
-0.2961617708206177 0.6420443654060364 -0.7071541547775269 0.3862963318824768 0.36140647530555725 -0.6099937558174133 -0.7051898241043091 -0.7131955623626709 -0.884122908115387 -0.46442046761512756 -0.05138201266527176 -3.258143424987793
-0.296278715133667 0.6420154571533203 -0.7071313858032227 0.3863266408443451 0.3614180386066437 -0.6099551916122437 -0.7052172422409058 -0.7132245898246765 -0.8840789794921875 -0.4645110070705414 -0.05131904408335686 -3.2581515312194824
-0.29620233178138733 0.6420629620552063 -0.7071202993392944 0.3863336741924286 0.36135485768318176 -0.6099810600280762 -0.705227255821228 -0.7131907939910889 -0.8841304183006287 -0.4644114077091217 -0.05133459344506264 -3.258143186569214
-0.2963184714317322 0.642094612121582 -0.7070428729057312 0.38630980253219604 0.36137065291404724 -0.6098803877830505 -0.7053062319755554 -0.7132434844970703 -0.8840850591659546 -0.46449992060661316 -0.051315147429704666 -3.2580769062042236
-0.2962287664413452 0.6420546770095825 -0.7071167230606079 0.3862600326538086 0.36134687066078186 -0.6099796891212463 -0.7052325010299683 -0.7132163643836975 -0.8841248154640198 -0.4644246995449066 -0.05131074786186218 -3.2580766677856445
-0.296339750289917 0.6420724391937256 -0.707054078578949 0.3863072693347931 0.36130407452583313 -0.6099262833595276 -0.7053006291389465 -0.713233470916748 -0.8841051459312439 -0.464470237493515 -0.05123783275485039 -3.258126735687256
-0.2963326573371887 0.6420913934707642 -0.7070398926734924 0.3863506019115448 0.36138761043548584 -0.6098672151565552 -0.7053089141845703 -0.7132590413093567 -0.8840733766555786 -0.4645216166973114 -0.05132013559341431 -3.258201837539673
-0.29642730951309204 0.6420997977256775 -0.706992506980896 0.38639211654663086 0.36134979128837585 -0.6098290681838989 -0.7053613066673279 -0.7132537961006165 -0.8840571045875549 -0.4645600914955139 -0.05125248432159424 -3.2582733631134033
-0.2962229251861572 0.6420102119445801 -0.7071595788002014 0.3863694369792938 0.3614479601383209 -0.6099740266799927 -0.7051856517791748 -0.7132604718208313 -0.884085476398468 -0.46449366211891174 -0.051364824175834656 -3.2582967281341553
-0.2963029742240906 0.6419566869735718 -0.7071745991706848 0.3862810730934143 0.36138734221458435 -0.6100172400474548 -0.7051792740821838 -0.7131924033164978 -0.8840833902359009 -0.46451079845428467 -0.05124492570757866 -3.258181571960449
-0.296347051858902 0.6419532299041748 -0.7071592807769775 0.3862799108028412 0.3614252805709839 -0.609977662563324 -0.7051941156387329 -0.713270366191864 -0.8840531706809998 -0.46456754207611084 -0.05125287547707558 -3.258098840713501
-0.29638585448265076 0.6419216990470886 -0.707171618938446 0.38636255264282227 0.3614945411682129 -0.6099523305892944 -0.7051805257797241 -0.7132853269577026 -0.8840118050575256 -0.46464431285858154 -0.0512697733938694 -3.2581722736358643
-0.296417236328125 0.641932487487793 -0.7071486711502075 0.3863714933395386 0.36150479316711426 -0.6099197864532471 -0.7052034139633179 -0.7133273482322693 -0.8839970827102661 -0.4646722078323364 -0.05127076804637909 -3.2581558227539062
-0.29632434248924255 0.6418769359588623 -0.7072380185127258 0.3863385021686554 0.3615502119064331 -0.60999995470047 -0.7051107287406921 -0.7132866382598877 -0.8840096592903137 -0.464643657207489 -0.051312725991010666 -3.2581615447998047
-0.2963460385799408 0.641970694065094 -0.7071438431739807 0.38634541630744934 0.3615093231201172 -0.609916627407074 -0.7052038311958313 -0.7133351564407349 -0.884019136428833 -0.4646235406398773 -0.051331859081983566 -3.2581608295440674
-0.29627367854118347 0.6419982314109802 -0.7071491479873657 0.38635534048080444 0.36160367727279663 -0.6098774671554565 -0.7051892876625061 -0.7132822871208191 -0.8840047717094421 -0.4646368622779846 -0.05145809426903725 -3.2581310272216797
-0.2963113486766815 0.6420598030090332 -0.7070775032043457 0.3863626718521118 0.3615444600582123 -0.6098275184631348 -0.7052628993988037 -0.7132970690727234 -0.8840163946151733 -0.46461746096611023 -0.05143418163061142 -3.2581562995910645
-0.29640015959739685 0.6420411467552185 -0.7070571780204773 0.3863774836063385 0.36170172691345215 -0.6097168326377869 -0.7052779197692871 -0.7133505940437317 -0.883922278881073 -0.46478840708732605 -0.051507048308849335 -3.258175849914551
-0.2964547574520111 0.6420660018920898 -0.7070116996765137 0.38643893599510193 0.36171770095825195 -0.60965496301651 -0.7053232192993164 -0.713334321975708 -0.8838974237442017 -0.46483519673347473 -0.051511358469724655 -3.258202075958252
-0.2965218424797058 0.6420896649360657 -0.7069621086120605 0.386408269405365 0.3617122769355774 -0.6095990538597107 -0.7053743004798889 -0.7133627533912659 -0.883877158164978 -0.46487587690353394 -0.05149209871888161 -3.2581846714019775
-0.2964627742767334 0.6419858336448669 -0.707081139087677 0.3863008916378021 0.36172202229499817 -0.6097284555435181 -0.7052574753761292 -0.7132918238639832 -0.8838929533958435 -0.4648495316505432 -0.05145847052335739 -3.2581279277801514
-0.2965310215950012 0.6419934630393982 -0.7070456147193909 0.38629359006881714 0.36171743273735046 -0.6096875071525574 -0.7052952647209167 -0.7133426070213318 -0.8838719129562378 -0.46489274501800537 -0.05142880231142044 -3.2581167221069336
-0.2964395582675934 0.6419835090637207 -0.7070930004119873 0.38621053099632263 0.3617655336856842 -0.6097201108932495 -0.705242395401001 -0.713301420211792 -0.8838829398155212 -0.46486371755599976 -0.05150219425559044 -3.258117437362671
-0.2964741885662079 0.6420044898986816 -0.7070594429969788 0.386238157749176 0.3617015779018402 -0.6097146272659302 -0.7052799463272095 -0.7133319973945618 -0.8838974833488464 -0.46484190225601196 -0.0514492392539978 -3.2581582069396973
-0.29634398221969604 0.6419965028762817 -0.7071212530136108 0.38618022203445435 0.36172690987586975 -0.609777569770813 -0.7052124738693237 -0.7132928967475891 -0.8839308023452759 -0.4647703766822815 -0.05152333900332451 -3.258101224899292
-0.2963307201862335 0.6420109868049622 -0.7071136832237244 0.38622957468032837 0.361726313829422 -0.6097703576087952 -0.705219030380249 -0.7133045196533203 -0.8839354515075684 -0.46475979685783386 -0.05153840780258179 -3.258164405822754
-0.2963518798351288 0.6420459151268005 -0.7070730924606323 0.38628092408180237 0.3616674542427063 -0.6097553968429565 -0.7052621245384216 -0.7133523225784302 -0.8839524984359741 -0.46473121643066406 -0.05150477960705757 -3.258193016052246
-0.29639020562171936 0.6420475840568542 -0.7070555090904236 0.38634994626045227 0.36165833473205566 -0.6097384095191956 -0.7052814960479736 -0.7133744955062866 -0.8839433789253235 -0.46475115418434143 -0.05148118734359741 -3.2582621574401855
-0.29628902673721313 0.6421658396720886 -0.7069905400276184 0.3862258493900299 0.3615720868110657 -0.6097188591957092 -0.7053426504135132 -0.7132900357246399 -0.8840125799179077 -0.4646134376525879 -0.05153607949614525 -3.257997512817383
-0.29606151580810547 0.6421760320663452 -0.7070766091346741 0.3861633539199829 0.3615473508834839 -0.609840989112854 -0.7052497267723083 -0.7132412195205688 -0.8840988874435425 -0.4644390940666199 -0.05162642523646355 -3.257977247238159
-0.296151727437973 0.6421670913696289 -0.7070469260215759 0.38619840145111084 0.3615194857120514 -0.6098172068595886 -0.7052845358848572 -0.7132832407951355 -0.8840800523757935 -0.4644826054573059 -0.051557328552007675 -3.257967710494995
-0.29617050290107727 0.6421739459037781 -0.7070328593254089 0.386262983083725 0.36152341961860657 -0.6097984910011292 -0.7052987217903137 -0.7132929563522339 -0.8840721845626831 -0.46449771523475647 -0.051556412130594254 -3.2580156326293945
-0.2960299253463745 0.6421868801116943 -0.7070799469947815 0.38621923327445984 0.3614698350429535 -0.6098873615264893 -0.7052493691444397 -0.7132766246795654 -0.8841411471366882 -0.46436309814453125 -0.05158610641956329 -3.257962465286255
-0.2960282266139984 0.6420856714248657 -0.7071725726127625 0.38624486327171326 0.3614063858985901 -0.6100226044654846 -0.705164909362793 -0.7132675051689148 -0.8841676712036133 -0.46432551741600037 -0.05146978050470352 -3.2579731941223145
-0.29607754945755005 0.6421402096748352 -0.7071024179458618 0.386245459318161 0.3614121675491333 -0.6099392771720886 -0.7052339911460876 -0.7133175730705261 -0.8841487765312195 -0.46435949206352234 -0.051487769931554794 -3.2579522132873535
-0.2959943115711212 0.6421088576316833 -0.7071657180786133 0.3862394690513611 0.3613467514514923 -0.6100484728813171 -0.7051730751991272 -0.7132821083068848 -0.8842033743858337 -0.4642593562602997 -0.05145289748907089 -3.257897138595581
-0.2960291802883148 0.6421156525611877 -0.7071449756622314 0.38625138998031616 0.3613820970058441 -0.6100049614906311 -0.7051926255226135 -0.713333785533905 -0.8841772675514221 -0.4643072485923767 -0.05146964639425278 -3.2578670978546143
-0.2959188222885132 0.6420965790748596 -0.7072084546089172 0.3862329125404358 0.3612627387046814 -0.6101443767547607 -0.7051331400871277 -0.7133049964904785 -0.8842629790306091 -0.4641503691673279 -0.051412198692560196 -3.2578206062316895
-0.2960238456726074 0.6421157717704773 -0.7071470618247986 0.3862511217594147 0.3612619638442993 -0.6100706458091736 -0.7051973938941956 -0.7133495211601257 -0.8842281699180603 -0.46422067284584045 -0.051376376301050186 -3.2577965259552
-0.29588648676872253 0.6420777440071106 -0.7072390913963318 0.3862485885620117 0.36128711700439453 -0.6101672649383545 -0.7051008939743042 -0.7133607268333435 -0.8842638731002808 -0.46414628624916077 -0.05143401399254799 -3.257826089859009
-0.2960469424724579 0.6420692205429077 -0.7071796655654907 0.3862650990486145 0.3611884117126465 -0.6101435422897339 -0.7051719427108765 -0.7133418917655945 -0.8842504620552063 -0.46418920159339905 -0.051276665180921555 -3.2579240798950195
-0.2959810495376587 0.6420236825942993 -0.7072485685348511 0.3862420618534088 0.361132949590683 -0.6102526187896729 -0.7051060199737549 -0.713337779045105 -0.8842951655387878 -0.4641089141368866 -0.05123252421617508 -3.257939577102661
-0.2961147129535675 0.6419974565505981 -0.7072164416313171 0.38622501492500305 0.3610802888870239 -0.610236406326294 -0.7051469683647156 -0.7133463025093079 -0.8842719197273254 -0.46416640281677246 -0.05111248791217804 -3.2579615116119385
-0.2959747612476349 0.6420437097549438 -0.7072330713272095 0.38608452677726746 0.3611477315425873 -0.6102281808853149 -0.7051195502281189 -0.7133209705352783 -0.8842912316322327 -0.4641133248806 -0.0512603223323822 -3.2577807903289795
-0.2958848178386688 0.6420665383338928 -0.7072499394416809 0.3861210346221924 0.3611912131309509 -0.6102296710014343 -0.7050960063934326 -0.7132600545883179 -0.8843035697937012 -0.4640797972679138 -0.0513509139418602 -3.2577409744262695
-0.29599231481552124 0.6420650482177734 -0.7072063684463501 0.3861744701862335 0.3611436188220978 -0.6101998686790466 -0.7051461338996887 -0.7132554650306702 -0.8842870593070984 -0.464121013879776 -0.05126304179430008 -3.2577905654907227
-0.2958444356918335 0.6420876979827881 -0.7072476744651794 0.386212557554245 0.36102330684661865 -0.6103177666664124 -0.705105721950531 -0.7132556438446045 -0.8843856453895569 -0.46393460035324097 -0.051249321550130844 -3.257824182510376
-0.2959651052951813 0.6420797109603882 -0.7072044014930725 0.38625168800354004 0.3610461950302124 -0.6102505922317505 -0.705152153968811 -0.7133169174194336 -0.8843359351158142 -0.46403399109840393 -0.05120737850666046 -3.2578094005584717
-0.2958253026008606 0.6421231627464294 -0.7072234153747559 0.38625797629356384 0.3609251379966736 -0.6103439331054688 -0.7051333785057068 -0.7133097648620605 -0.8844321370124817 -0.46385112404823303 -0.051203034818172455 -3.2578506469726562
-0.2959746718406677 0.6421465873718262 -0.7071396708488464 0.3863106369972229 0.36086684465408325 -0.610273003578186 -0.7052245736122131 -0.7133192420005798 -0.8844059705734253 -0.4639119803905487 -0.051103897392749786 -3.257934808731079
-0.29598212242126465 0.6420953273773193 -0.7071831226348877 0.38626059889793396 0.36075085401535034 -0.6103810667991638 -0.7051904201507568 -0.7133123278617859 -0.8844507932662964 -0.4638407826423645 -0.05097438022494316 -3.2579667568206787
-0.29590290784835815 0.6419944167137146 -0.7073078751564026 0.3862708508968353 0.36078694462776184 -0.610504150390625 -0.7050653696060181 -0.7132945656776428 -0.8844625353813171 -0.46381843090057373 -0.050973087549209595 -3.257998466491699
-0.29591867327690125 0.642053484916687 -0.7072476148605347 0.38626828789711 0.36077815294265747 -0.6104416251182556 -0.7051239609718323 -0.7133774161338806 -0.8844608664512634 -0.4638189673423767 -0.05099761113524437 -3.2579381465911865
-0.2958519160747528 0.6419988870620728 -0.7073251008987427 0.3862738013267517 0.36088499426841736 -0.6104749441146851 -0.705040454864502 -0.7133524417877197 -0.8844395875930786 -0.4638507068157196 -0.05107739940285683 -3.258042335510254
-0.295943021774292 0.6420362591743469 -0.707253098487854 0.386298805475235 0.36083194613456726 -0.6104178428649902 -0.7051170468330383 -0.7133894562721252 -0.8844307661056519 -0.46387407183647156 -0.051018126308918 -3.2580862045288086
-0.2958745062351227 0.6419677734375 -0.7073438763618469 0.3862992823123932 0.3608725666999817 -0.6105006337165833 -0.7050246000289917 -0.7133375406265259 -0.8844371438026428 -0.4638599157333374 -0.05103682354092598 -3.2580618858337402
-0.29596078395843506 0.6419285535812378 -0.7073434591293335 0.38631343841552734 0.36082959175109863 -0.6105172038078308 -0.705032229423523 -0.7133700251579285 -0.8844257593154907 -0.46389245986938477 -0.05093749612569809 -3.258110761642456
-0.29600444436073303 0.641907274723053 -0.7073444128036499 0.3863936960697174 0.3610408306121826 -0.6104047298431396 -0.7050215005874634 -0.7133823037147522 -0.8843249678611755 -0.46406984329223633 -0.05107206478714943 -3.2582082748413086
-0.2959965765476227 0.6419327855110168 -0.7073246240615845 0.3862346410751343 0.3610732853412628 -0.6103664040565491 -0.7050380706787109 -0.7133587002754211 -0.8843143582344055 -0.4640849828720093 -0.051118262112140656 -3.258042573928833
-0.2959732115268707 0.6419740915298462 -0.7072968482971191 0.38623708486557007 0.36103132367134094 -0.6103594303131104 -0.7050655484199524 -0.7133957743644714 -0.8843392729759216 -0.4640369415283203 -0.05112254619598389 -3.2580413818359375
-0.2959984838962555 0.6419584155082703 -0.7073005437850952 0.3863071799278259 0.36101147532463074 -0.6103723049163818 -0.705064594745636 -0.7134101986885071 -0.8843389749526978 -0.4640417695045471 -0.05108491703867912 -3.25811767578125
-0.29608601331710815 0.6420337557792664 -0.707195520401001 0.3862856328487396 0.36095717549324036 -0.6102798581123352 -0.7051724195480347 -0.7134609222412109 -0.8843318223953247 -0.46405908465385437 -0.05105118453502655 -3.258150577545166
-0.29602164030075073 0.6419826149940491 -0.7072688341140747 0.3862341046333313 0.36099258065223694 -0.6103459596633911 -0.7050970792770386 -0.7133262157440186 -0.884338915348053 -0.46404290199279785 -0.05107518285512924 -3.257964611053467
-0.29601943492889404 0.6420706510543823 -0.7071899175643921 0.3862554728984833 0.36095699667930603 -0.6102780103683472 -0.7051740884780884 -0.7133809924125671 -0.8843541741371155 -0.46401047706604004 -0.05110558867454529 -3.257948160171509
-0.2960318624973297 0.6420516967773438 -0.7072018980979919 0.3863058388233185 0.3610582947731018 -0.6102372407913208 -0.705157458782196 -0.7133677005767822 -0.8843086361885071 -0.4640903174877167 -0.051168251782655716 -3.258021831512451
-0.29613274335861206 0.6420900821685791 -0.7071248292922974 0.38628876209259033 0.3610600531101227 -0.6101452708244324 -0.7052361965179443 -0.7134225964546204 -0.8842741250991821 -0.46415817737579346 -0.051148921251297 -3.2579963207244873
-0.29596641659736633 0.6422485709190369 -0.7070505023002625 0.38618627190589905 0.3609701991081238 -0.6101213693618774 -0.7053028345108032 -0.713404655456543 -0.884366512298584 -0.46397021412849426 -0.05125697702169418 -3.2578818798065186
-0.2958947420120239 0.6422417759895325 -0.7070866823196411 0.3861684799194336 0.3610757887363434 -0.6101102232933044 -0.7052584290504456 -0.7133609056472778 -0.8843473792076111 -0.46399426460266113 -0.051369376480579376 -3.2578580379486084
-0.2959212064743042 0.6421329975128174 -0.7071744203567505 0.38612720370292664 0.3612447679042816 -0.6101162433624268 -0.7051666975021362 -0.7133681178092957 -0.8842695355415344 -0.46413692831993103 -0.051420681178569794 -3.2577857971191406
-0.29602015018463135 0.6420736312866211 -0.7071868777275085 0.38612186908721924 0.3613297641277313 -0.6100790500640869 -0.7051553726196289 -0.7133405208587646 -0.88420170545578 -0.4642679691314697 -0.0514044389128685 -3.2577712535858154
-0.2959328591823578 0.6420223712921143 -0.7072699666023254 0.38614511489868164 0.36141684651374817 -0.6101300716400146 -0.7050665616989136 -0.7133232355117798 -0.8841953277587891 -0.46427175402641296 -0.0514799989759922 -3.257783889770508
-0.2960856258869171 0.6419901251792908 -0.7072352766990662 0.3861399292945862 0.361352801322937 -0.6101158857345581 -0.7051116228103638 -0.7133520841598511 -0.8841703534126282 -0.46433496475219727 -0.05133821442723274 -3.257772445678711
-0.29614296555519104 0.642024576663971 -0.7071800231933594 0.3862278461456299 0.3613736927509308 -0.610040545463562 -0.7051661610603333 -0.7133675813674927 -0.8841426372528076 -0.46438634395599365 -0.051351387053728104 -3.2578611373901367
-0.29618799686431885 0.6420100927352905 -0.7071743011474609 0.38620176911354065 0.3614323139190674 -0.6100006103515625 -0.7051706314086914 -0.7134495377540588 -0.884103536605835 -0.4644588232040405 -0.05136818066239357 -3.257798671722412
-0.2961624264717102 0.6420354843139648 -0.7071619629859924 0.3862643539905548 0.3614114224910736 -0.6099996566772461 -0.7051821351051331 -0.7134649157524109 -0.8841206431388855 -0.4644249975681305 -0.05137980729341507 -3.2578558921813965
-0.29632848501205444 0.64198899269104 -0.7071345448493958 0.386250376701355 0.36148765683174133 -0.6099189519882202 -0.7052129507064819 -0.7134928107261658 -0.8840338587760925 -0.4645951986312866 -0.051334574818611145 -3.2578423023223877
-0.2963700592517853 0.6419956088066101 -0.707111120223999 0.3862485885620117 0.36165183782577515 -0.6098042130470276 -0.7052279114723206 -0.7134816646575928 -0.8839527368545532 -0.46473661065101624 -0.051451001316308975 -3.257871150970459
-0.29643356800079346 0.6420166492462158 -0.7070654630661011 0.3862334191799164 0.3616187572479248 -0.6097673773765564 -0.7052767872810364 -0.713481068611145 -0.8839449882507324 -0.46475595235824585 -0.05140957236289978 -3.2579352855682373
-0.29640835523605347 0.6420723795890808 -0.7070253491401672 0.38612160086631775 0.3615451455116272 -0.6097636818885803 -0.7053177356719971 -0.713404655456543 -0.8839835524559021 -0.46468377113342285 -0.05139894038438797 -3.257830858230591
-0.29641321301460266 0.6420828104019165 -0.7070138454437256 0.3861592411994934 0.3615417778491974 -0.6097524762153625 -0.7053291201591492 -0.7134154438972473 -0.883983314037323 -0.46468403935432434 -0.05140090361237526 -3.2578835487365723
-0.2964196503162384 0.6419960260391235 -0.7070899605751038 0.38612034916877747 0.3615638017654419 -0.6098241209983826 -0.7052558660507202 -0.713333249092102 -0.88397216796875 -0.46470996737480164 -0.051358502358198166 -3.2577342987060547
-0.2964419722557068 0.6419715881347656 -0.7071027755737305 0.38616451621055603 0.361587792634964 -0.6098241806030273 -0.7052435278892517 -0.7133298516273499 -0.8839548230171204 -0.46474364399909973 -0.05135146155953407 -3.2577738761901855
-0.29642733931541443 0.6419149041175842 -0.7071604132652283 0.38608577847480774 0.3616693913936615 -0.6098454594612122 -0.7051832675933838 -0.7133449912071228 -0.8839263916015625 -0.46479398012161255 -0.05138591304421425 -3.2576615810394287
-0.2962999641895294 0.6418540477752686 -0.707269012928009 0.38607853651046753 0.3617076575756073 -0.6099528074264526 -0.7050707936286926 -0.7133670449256897 -0.8839534521102905 -0.4647371768951416 -0.051434364169836044 -3.257716655731201
-0.2963322699069977 0.6418570280075073 -0.7072527408599854 0.38609030842781067 0.36168259382247925 -0.609946072101593 -0.7050895094871521 -0.7134093642234802 -0.8839528560638428 -0.46474191546440125 -0.051401641219854355 -3.257718086242676
-0.29628637433052063 0.641761839389801 -0.7073584198951721 0.3860604763031006 0.36178362369537354 -0.6100119352340698 -0.7049806714057922 -0.7133674025535583 -0.8839268684387207 -0.46478694677352905 -0.0514405332505703 -3.2576544284820557
-0.29632407426834106 0.6417891979217529 -0.7073177695274353 0.3861088156700134 0.3617846965789795 -0.6099643111228943 -0.705021321773529 -0.713402509689331 -0.8839138150215149 -0.46481165289878845 -0.051442258059978485 -3.2576801776885986
-0.2963066101074219 0.6417210102081299 -0.7073869705200195 0.38605955243110657 0.361802339553833 -0.6100321412086487 -0.7049536108970642 -0.7133884429931641 -0.8839124441146851 -0.46481677889823914 -0.05141943320631981 -3.257652759552002
-0.2962944209575653 0.6417115330696106 -0.7074006795883179 0.3861130475997925 0.3617980480194092 -0.6100502610206604 -0.7049400806427002 -0.7133927941322327 -0.883918285369873 -0.46480610966682434 -0.05141531303524971 -3.257706642150879
-0.2961401045322418 0.6416918635368347 -0.7074831128120422 0.38613566756248474 0.36186763644218445 -0.6101140975952148 -0.704849123954773 -0.7133991718292236 -0.8839415311813354 -0.46474945545196533 -0.05152808502316475 -3.2577056884765625
-0.29620876908302307 0.6417447328567505 -0.7074064016342163 0.38617539405822754 0.36180004477500916 -0.61006098985672 -0.704929769039154 -0.7133858799934387 -0.8839461803436279 -0.4647461771965027 -0.051477689296007156 -3.257770299911499
-0.29634925723075867 0.6417301893234253 -0.7073608040809631 0.38618776202201843 0.3618669807910919 -0.6099666953086853 -0.7049770355224609 -0.7134497761726379 -0.8838716745376587 -0.4648900330066681 -0.05145762488245964 -3.2578439712524414
-0.29618915915489197 0.6417978405952454 -0.707366406917572 0.3861888349056244 0.36186033487319946 -0.6099866032600403 -0.704963207244873 -0.7133861780166626 -0.8839280605316162 -0.46477043628692627 -0.05156960338354111 -3.257777214050293
-0.2962435185909271 0.6418617963790894 -0.7072856426239014 0.38617730140686035 0.3617892861366272 -0.6099317669868469 -0.7050471305847168 -0.7134125232696533 -0.8839389681816101 -0.4647541046142578 -0.05153021961450577 -3.257770538330078
-0.2960799038410187 0.641871452331543 -0.7073453664779663 0.38615426421165466 0.3617480397224426 -0.6100295186042786 -0.7049837112426758 -0.7133814692497253 -0.8840106129646301 -0.4646124243736267 -0.051578082144260406 -3.2577297687530518
-0.2962000370025635 0.6418098211288452 -0.70735102891922 0.38615894317626953 0.36172112822532654 -0.610042154788971 -0.704986572265625 -0.7133991718292236 -0.8839814066886902 -0.4646809697151184 -0.051461488008499146 -3.257720947265625
-0.2962137758731842 0.6418114900588989 -0.7073437571525574 0.38621318340301514 0.3616940379142761 -0.6100475788116455 -0.7049958109855652 -0.7134106755256653 -0.8839879035949707 -0.4646715819835663 -0.051434725522994995 -3.257772445678711
-0.29628026485443115 0.6418713331222534 -0.7072616219520569 0.38618019223213196 0.36163485050201416 -0.6099841594696045 -0.7050809860229492 -0.7134395837783813 -0.8839898109436035 -0.46467214822769165 -0.05139660835266113 -3.2578036785125732
-0.29615283012390137 0.6418311595916748 -0.7073513865470886 0.3861473500728607 0.361709862947464 -0.6100515723228455 -0.7049842476844788 -0.7134163975715637 -0.8840018510818481 -0.46463915705680847 -0.0514879934489727 -3.2577831745147705
-0.296296626329422 0.6417903304100037 -0.7073282599449158 0.38616204261779785 0.36163952946662903 -0.6100538969039917 -0.7050182819366455 -0.7134416699409485 -0.8839824199676514 -0.46469250321388245 -0.051339659839868546 -3.257805824279785
-0.29607996344566345 0.6417425274848938 -0.7074623107910156 0.3861062824726105 0.361653596162796 -0.6102076172828674 -0.704878032207489 -0.7133337259292603 -0.8840492367744446 -0.46455666422843933 -0.05141806975007057 -3.2576498985290527
-0.29605382680892944 0.6417776942253113 -0.7074413299560547 0.38602858781814575 0.36155298352241516 -0.6102390885353088 -0.7049024105072021 -0.7133657932281494 -0.8840991854667664 -0.4644666910171509 -0.05137285962700844 -3.257535219192505
-0.29612165689468384 0.6417788863182068 -0.7074118852615356 0.38604941964149475 0.361542284488678 -0.6102080345153809 -0.7049347758293152 -0.7134118676185608 -0.8840808272361755 -0.4645058810710907 -0.05133422091603279 -3.25750470161438
-0.2961094379425049 0.641810953617096 -0.7073878645896912 0.38613906502723694 0.3615116477012634 -0.6101985573768616 -0.7049586772918701 -0.7134552597999573 -0.8840974569320679 -0.46447399258613586 -0.05133641138672829 -3.2575769424438477
-0.29624295234680176 0.6418154835700989 -0.7073279023170471 0.3861062526702881 0.3614017963409424 -0.6101818680763245 -0.7050294280052185 -0.7134497761726379 -0.8840976357460022 -0.4644896984100342 -0.05119102820754051 -3.257633924484253
-0.2961135506629944 0.6418004631996155 -0.7073957324028015 0.38607051968574524 0.3614901006221771 -0.6102182269096375 -0.7049527168273926 -0.7134091258049011 -0.88410484790802 -0.4644627273082733 -0.051310449838638306 -3.2575883865356445
-0.2961530387401581 0.641852617263794 -0.7073318362236023 0.38606467843055725 0.3614659607410431 -0.6101582050323486 -0.7050170302391052 -0.7134525775909424 -0.8841015100479126 -0.46446943283081055 -0.051307473331689835 -3.2575762271881104
-0.29598140716552734 0.6418097019195557 -0.707442581653595 0.38607004284858704 0.36149293184280396 -0.6102766394615173 -0.7049006819725037 -0.7134237885475159 -0.8841479420661926 -0.4643731117248535 -0.051378969103097916 -3.257516860961914
-0.29604822397232056 0.6418455243110657 -0.7073822021484375 0.38608217239379883 0.36143913865089417 -0.610234260559082 -0.7049649357795715 -0.71343994140625 -0.884147584438324 -0.46437934041023254 -0.05132915824651718 -3.2575321197509766
-0.295966237783432 0.6418125629425049 -0.7074463963508606 0.3860127031803131 0.3614116311073303 -0.610324501991272 -0.7049009799957275 -0.7133808732032776 -0.8841862678527832 -0.4643063545227051 -0.051322903484106064 -3.257453441619873
-0.29606741666793823 0.6418062448501587 -0.7074097990989685 0.3860403299331665 0.3613780736923218 -0.6102954745292664 -0.7049432992935181 -0.7134346961975098 -0.8841661214828491 -0.4643532335758209 -0.05124592036008835 -3.2574241161346436
-0.29600366950035095 0.6418024897575378 -0.7074398398399353 0.3860531449317932 0.36143064498901367 -0.6103049516677856 -0.7049081325531006 -0.7133975028991699 -0.8841660022735596 -0.4643459618091583 -0.05131442844867706 -3.257438898086548
-0.2960229516029358 0.6417821049690247 -0.707450270652771 0.3861040771007538 0.3614066243171692 -0.6103277802467346 -0.7049006819725037 -0.7133957743644714 -0.884169340133667 -0.4643441140651703 -0.051273077726364136 -3.257477045059204
-0.29606151580810547 0.6417749524116516 -0.7074406147003174 0.38602256774902344 0.3613528609275818 -0.6103429198265076 -0.7049151062965393 -0.7134287357330322 -0.8841784000396729 -0.46433404088020325 -0.0512080043554306 -3.2574830055236816
-0.2959827780723572 0.641703724861145 -0.7075381875038147 0.3859584331512451 0.3613296151161194 -0.6104673147201538 -0.7048193216323853 -0.7133638858795166 -0.8842142820358276 -0.4642689824104309 -0.05117858946323395 -3.2574305534362793
-0.296093612909317 0.6416953802108765 -0.7074993848800659 0.3859831392765045 0.36135604977607727 -0.6104037761688232 -0.7048608064651489 -0.7134171724319458 -0.8841663599014282 -0.46436405181884766 -0.05114367976784706 -3.2574074268341064
-0.2959655821323395 0.64173823595047 -0.7075140476226807 0.3860592842102051 0.3613210916519165 -0.6104463934898376 -0.7048417925834656 -0.7134485244750977 -0.8842235207557678 -0.46424877643585205 -0.05120227485895157 -3.257564067840576
-0.2961171269416809 0.6416889429092407 -0.707495391368866 0.38609492778778076 0.36129266023635864 -0.6104311943054199 -0.7048695683479309 -0.7134525179862976 -0.8841844201087952 -0.46433693170547485 -0.051078200340270996 -3.2576067447662354
-0.2960411608219147 0.6416934728622437 -0.7075230479240417 0.38606080412864685 0.3612115681171417 -0.6105089783668518 -0.7048437595367432 -0.7133879065513611 -0.8842429518699646 -0.4642283618450165 -0.05105115845799446 -3.257549285888672
-0.295901894569397 0.6416878700256348 -0.707586407661438 0.3860437572002411 0.36114126443862915 -0.6106243133544922 -0.704779863357544 -0.713302731513977 -0.8843182921409607 -0.4640844464302063 -0.05105491355061531 -3.257535219192505
-0.29604631662368774 0.6417150497436523 -0.7075013518333435 0.38603121042251587 0.3611651360988617 -0.6105091571807861 -0.7048673629760742 -0.7134556770324707 -0.8842601776123047 -0.4641983211040497 -0.05102592334151268 -3.2574729919433594
-0.29589179158210754 0.6417607665061951 -0.7075245380401611 0.3860207200050354 0.3610367476940155 -0.6106117963790894 -0.7048442363739014 -0.7134490609169006 -0.8843643069267273 -0.4640001058578491 -0.05102403089404106 -3.2574734687805176
-0.29601791501045227 0.64178067445755 -0.7074536681175232 0.38606154918670654 0.36101698875427246 -0.6105363368988037 -0.704919695854187 -0.7134984731674194 -0.884330153465271 -0.46407178044319153 -0.0509638637304306 -3.2574985027313232
-0.29607459902763367 0.6417481303215027 -0.7074594497680664 0.38606560230255127 0.3609737455844879 -0.6105618476867676 -0.7049197554588318 -0.7134639620780945 -0.8843288421630859 -0.4640832543373108 -0.050882212817668915 -3.257441282272339
-0.2960391640663147 0.6417553424835205 -0.7074677348136902 0.3861210346221924 0.3609919846057892 -0.6105635762214661 -0.7049089074134827 -0.7134754061698914 -0.8843332529067993 -0.4640709459781647 -0.050917644053697586 -3.257492780685425
-0.29617515206336975 0.6416797041893005 -0.7074794769287109 0.38625258207321167 0.36108750104904175 -0.6105177402496338 -0.7048997282981873 -0.7134985327720642 -0.8842487335205078 -0.4642358720302582 -0.05088217183947563 -3.2575583457946777
-0.29629772901535034 0.6417259573936462 -0.7073861956596375 0.38623157143592834 0.3610301911830902 -0.6104375720024109 -0.7049984931945801 -0.713493287563324 -0.8842310905456543 -0.46427732706069946 -0.05081101506948471 -3.257587432861328
-0.2961541712284088 0.641753613948822 -0.7074212431907654 0.3861115574836731 0.3610418438911438 -0.6104790568351746 -0.704956591129303 -0.7134393453598022 -0.884274423122406 -0.46418461203575134 -0.05090383067727089 -3.257509231567383
-0.29624977707862854 0.6416901350021362 -0.7074387669563293 0.38620123267173767 0.36110419034957886 -0.6104595065116882 -0.7049415707588196 -0.7134754657745361 -0.8842169642448425 -0.46429798007011414 -0.050868336111307144 -3.2576191425323486
-0.29628226161003113 0.6417180895805359 -0.7073997855186462 0.3861023783683777 0.36116987466812134 -0.6103801727294922 -0.7049766778945923 -0.713575541973114 -0.8841792345046997 -0.4643636643886566 -0.05092427507042885 -3.25749135017395
-0.29621636867523193 0.6416471004486084 -0.7074917554855347 0.3860023021697998 0.361179381608963 -0.6104803681373596 -0.7048850059509277 -0.7135251760482788 -0.8841974139213562 -0.4643300175666809 -0.050915271043777466 -3.2572968006134033
