# 3x4 first row second row third row Freq: 100 current Time: 2021-07-27-16:53:34
-0.19374343752861023 -0.06885684281587601 -0.9786326885223389 0.691443920135498 0.07692094892263412 -0.9955289363861084 0.05481734499335289 -0.4492921531200409 -0.9780319333076477 -0.06465686112642288 0.19817395508289337 -2.9053642749786377
-0.19372864067554474 -0.0688859224319458 -0.9786335825920105 0.6914364099502563 0.07695822417736053 -0.9955247640609741 0.05484037473797798 -0.4493115544319153 -0.9780319333076477 -0.0646897554397583 0.1981632262468338 -2.905315637588501
-0.1937481313943863 -0.06893893331289291 -0.978626012802124 0.6913946866989136 0.076978400349617 -0.9955205321311951 0.05488889664411545 -0.44926515221595764 -0.9780264496803284 -0.06469844281673431 0.19818727672100067 -2.905226230621338
-0.19373810291290283 -0.06893809884786606 -0.9786280393600464 0.6914084553718567 0.07702096551656723 -0.9955177307128906 0.05488009750843048 -0.4493040144443512 -0.9780250787734985 -0.06474251300096512 0.19817961752414703 -2.905073642730713
-0.193796306848526 -0.06884831935167313 -0.9786228537559509 0.6914260983467102 0.07699573040008545 -0.9955246448516846 0.054789960384368896 -0.44932645559310913 -0.9780155420303345 -0.06473168730735779 0.19823023676872253 -2.9050393104553223
-0.19388648867607117 -0.06875573098659515 -0.9786114692687988 0.6914705038070679 0.07700473815202713 -0.9955295920372009 0.054687872529029846 -0.44932854175567627 -0.9779969453811646 -0.06475448608398438 0.19831445813179016 -2.9050755500793457
-0.1938529759645462 -0.0687723383307457 -0.9786169528961182 0.6914530992507935 0.07703723758459091 -0.9955263733863831 0.05470044165849686 -0.4493520259857178 -0.978001058101654 -0.06478610634803772 0.19828400015830994 -2.905095100402832
-0.1938708871603012 -0.0687159076333046 -0.9786173701286316 0.6914428472518921 0.07703831046819687 -0.9955295324325562 0.05464160442352295 -0.44932711124420166 -0.9779974222183228 -0.06479761749505997 0.19829817116260529 -2.905071258544922
-0.19380998611450195 -0.06872326880693436 -0.978628933429718 0.6914149522781372 0.0770934522151947 -0.9955252408981323 0.05464202165603638 -0.44937944412231445 -0.9780051708221436 -0.06485570967197418 0.19824105501174927 -2.9050114154815674
-0.1938433051109314 -0.06865310668945312 -0.9786272644996643 0.6914076805114746 0.07710512727499008 -0.995528519153595 0.05456603318452835 -0.449360191822052 -0.9779976010322571 -0.06487991660833359 0.1982702612876892 -2.9049906730651855
-0.19392627477645874 -0.06862713396549225 -0.9786126613616943 0.691413938999176 0.07707957178354263 -0.9955319166183472 0.05453919991850853 -0.44936615228652954 -0.9779831767082214 -0.0648544579744339 0.19834977388381958 -2.904881715774536
-0.19397075474262238 -0.06857572495937347 -0.9786074161529541 0.6914542317390442 0.07713138312101364 -0.9955315589904785 0.0544733852148056 -0.44936907291412354 -0.97797030210495 -0.06491509824991226 0.1983935683965683 -2.9049322605133057
-0.19406847655773163 -0.068534255027771 -0.9785909652709961 0.6914258599281311 0.07703845947980881 -0.9955403804779053 0.05444345995783806 -0.44941142201423645 -0.9779582023620605 -0.06482338160276413 0.19848299026489258 -2.9048969745635986
-0.19411955773830414 -0.06851711124181747 -0.9785820245742798 0.6913785934448242 0.07720348984003067 -0.9955305457115173 0.054389070719480515 -0.4494541883468628 -0.9779350757598877 -0.06499196588993073 0.19854192435741425 -2.904839277267456
-0.19410888850688934 -0.06850402057170868 -0.9785850644111633 0.6913925409317017 0.07720474898815155 -0.9955311417579651 0.05437622219324112 -0.4494627118110657 -0.9779371023178101 -0.06499651074409485 0.19853049516677856 -2.904855728149414
-0.19422276318073273 -0.06849870085716248 -0.9785628318786621 0.6913654208183289 0.07732061296701431 -0.9955241680145264 0.05433957278728485 -0.4494669437408447 -0.9779053330421448 -0.06510909646749496 0.1986500322818756 -2.9047694206237793
-0.19427022337913513 -0.06848642975091934 -0.9785542488098145 0.6913747787475586 0.0773736983537674 -0.9955214858055115 0.054313089698553085 -0.449505478143692 -0.9778916835784912 -0.06516294926404953 0.1986994445323944 -2.904792547225952
-0.1942634880542755 -0.06845831125974655 -0.9785575866699219 0.6913130879402161 0.07727061212062836 -0.9955298900604248 0.05430588498711586 -0.4494369626045227 -0.9779011607170105 -0.06506408751010895 0.19868513941764832 -2.9046506881713867
-0.19426476955413818 -0.06845085322856903 -0.978557825088501 0.6913091540336609 0.07725889980792999 -0.9955310821533203 0.05430058762431145 -0.4494302272796631 -0.9779018759727478 -0.06505361199378967 0.19868527352809906 -2.9046528339385986
-0.1942615509033203 -0.06844892352819443 -0.9785585999488831 0.6913317441940308 0.07727661728858948 -0.9955300092697144 0.054295241832733154 -0.44941309094429016 -0.9779011011123657 -0.06507222354412079 0.19868291914463043 -2.9045603275299072
-0.1942993849515915 -0.06833086907863617 -0.9785593748092651 0.6912728548049927 0.07711799442768097 -0.9955472350120544 0.05420481413602829 -0.4493882954120636 -0.9779061079025269 -0.06493256986141205 0.19870397448539734 -2.90445613861084
-0.19426701962947845 -0.06832730025053024 -0.97856605052948 0.6912798285484314 0.07713057100772858 -0.9955464601516724 0.05420081689953804 -0.44934824109077454 -0.9779115319252014 -0.06494792550802231 0.19867219030857086 -2.9044082164764404
-0.19427339732646942 -0.0683201253414154 -0.9785652756690979 0.6913039684295654 0.07725002616643906 -0.9955389499664307 0.054168812930583954 -0.4494572579860687 -0.9779008626937866 -0.06507063657045364 0.1986846923828125 -2.9044790267944336
-0.19430723786354065 -0.0683375895023346 -0.9785573482513428 0.6913126111030579 0.07727664709091187 -0.9955363273620605 0.0541788786649704 -0.44945085048675537 -0.9778920412063599 -0.06509228050708771 0.1987210363149643 -2.904484510421753
-0.1941482573747635 -0.0684313029050827 -0.9785823225975037 0.6913177371025085 0.07730577886104584 -0.9955286383628845 0.05427906662225723 -0.44942915439605713 -0.9779213070869446 -0.06511188298463821 0.19857050478458405 -2.9043946266174316
-0.19414100050926208 -0.06845061480998993 -0.9785824418067932 0.6913406252861023 0.07729217410087585 -0.9955283999443054 0.05430196598172188 -0.4494265019893646 -0.9779238104820251 -0.06509453058242798 0.19856379926204681 -2.90439772605896
-0.19412091374397278 -0.06846128404140472 -0.9785856604576111 0.6913645267486572 0.07717796415090561 -0.9955353736877441 0.05433736741542816 -0.44944730401039124 -0.9779368042945862 -0.06497722864151001 0.1985381543636322 -2.9043827056884766
-0.1942114531993866 -0.06842498481273651 -0.9785702228546143 0.6913460493087769 0.07719525694847107 -0.9955365657806396 0.054290808737277985 -0.4494793713092804 -0.977917492389679 -0.06499708443880081 0.19862690567970276 -2.904340982437134
-0.1941293329000473 -0.06842043995857239 -0.9785868525505066 0.691342294216156 0.07720483839511871 -0.9955358505249023 0.054289791733026505 -0.44947385787963867 -0.9779330492019653 -0.06501240283250809 0.19854532182216644 -2.9043128490448
-0.19425363838672638 -0.0683896541595459 -0.9785643219947815 0.6913167238235474 0.07707010209560394 -0.9955469965934753 0.054277438670396805 -0.4494851231575012 -0.9779189825057983 -0.06487446278333664 0.19865962862968445 -2.9042811393737793
-0.19423115253448486 -0.06842895597219467 -0.97856605052948 0.6913081407546997 0.07712056487798691 -0.9955413937568665 0.0543086901307106 -0.4494619369506836 -0.9779194593429565 -0.0649191290140152 0.19864265620708466 -2.904299736022949
-0.19423606991767883 -0.06841620802879333 -0.9785659909248352 0.6913144588470459 0.07710521668195724 -0.9955431222915649 0.05429850518703461 -0.44947171211242676 -0.9779196977615356 -0.0649058148264885 0.19864584505558014 -2.9043402671813965
-0.19423383474349976 -0.06843715906143188 -0.9785649180412292 0.6913336515426636 0.07712055742740631 -0.9955409169197083 0.05431685969233513 -0.4494727551937103 -0.9779189229011536 -0.06491730362176895 0.19864585995674133 -2.904284954071045
-0.19425439834594727 -0.06858508288860321 -0.9785504937171936 0.6913580298423767 0.07700233161449432 -0.9955406188964844 0.05448997765779495 -0.4494969844818115 -0.9779241681098938 -0.06476575881242752 0.19866958260536194 -2.9043080806732178
-0.19423185288906097 -0.06861326843500137 -0.9785529971122742 0.6913896799087524 0.07696051895618439 -0.9955417513847351 0.05452866107225418 -0.44946959614753723 -0.9779319167137146 -0.06471874564886093 0.1986466497182846 -2.904306173324585
-0.1943473517894745 -0.06849837303161621 -0.9785380959510803 0.691321849822998 0.07691659033298492 -0.9955514669418335 0.054412923753261566 -0.44947296380996704 -0.977912425994873 -0.06469081342220306 0.19875165820121765 -2.904218912124634
-0.1942853331565857 -0.06854794919490814 -0.9785469770431519 0.6912984848022461 0.07701686769723892 -0.9955418109893799 0.05444715917110443 -0.4495481848716736 -0.9779168367385864 -0.06478634476661682 0.1986987441778183 -2.9041340351104736
-0.1943597048521042 -0.06862163543701172 -0.9785270094871521 0.6913027763366699 0.0771123617887497 -0.9955316781997681 0.05449770763516426 -0.4495488405227661 -0.9778945446014404 -0.0648643746972084 0.1987830400466919 -2.9041566848754883
-0.1943526715040207 -0.06866031885147095 -0.978525698184967 0.6913169026374817 0.07712873071432114 -0.9955283999443054 0.05453420802950859 -0.449550062417984 -0.97789466381073 -0.0648735761642456 0.19877950847148895 -2.9041802883148193
-0.19426210224628448 -0.06877012550830841 -0.9785360097885132 0.6913391351699829 0.07714568823575974 -0.995520830154419 0.05464858561754227 -0.44960275292396545 -0.9779113531112671 -0.06487368792295456 0.1986975073814392 -2.904207706451416
-0.19433633983135223 -0.06871931999921799 -0.9785248041152954 0.6913086175918579 0.07702938467264175 -0.9955316185951233 0.054615527391433716 -0.4495466351509094 -0.9779057502746582 -0.06476138532161713 0.19876159727573395 -2.9041192531585693
-0.19426792860031128 -0.06869924813508987 -0.9785398244857788 0.69130539894104 0.07704389840364456 -0.9955315589904785 0.05459676682949066 -0.449537068605423 -0.9779182076454163 -0.06478412449359894 0.1986929327249527 -2.9040892124176025
-0.19422383606433868 -0.06888649612665176 -0.9785354137420654 0.6913295984268188 0.07704900205135345 -0.9955205917358398 0.05478919669985771 -0.44955143332481384 -0.9779265522956848 -0.06475380808115005 0.198661670088768 -2.9040606021881104
-0.1942274123430252 -0.06885179877281189 -0.9785371422767639 0.6913501024246216 0.07703474909067154 -0.9955234527587891 0.05475655570626259 -0.4495658278465271 -0.9779269695281982 -0.06474614143371582 0.1986621469259262 -2.9040215015411377
-0.19425201416015625 -0.06877294182777405 -0.9785377979278564 0.6913561224937439 0.07714653015136719 -0.9955205917358398 0.05465196445584297 -0.4496516287326813 -0.9779132604598999 -0.0648745447397232 0.19868768751621246 -2.904042959213257
-0.19429419934749603 -0.06873769313097 -0.9785318970680237 0.6912986636161804 0.07701294869184494 -0.9955315589904785 0.05464039370417595 -0.44962048530578613 -0.9779154062271118 -0.06474331766366959 0.19871991872787476 -2.9039127826690674
-0.1942676603794098 -0.06876007467508316 -0.9785355925559998 0.6913276314735413 0.07707066833972931 -0.9955263733863831 0.05465323105454445 -0.4496495723724365 -0.9779161214828491 -0.06479904055595398 0.19869817793369293 -2.9038808345794678
-0.19434621930122375 -0.06863235682249069 -0.9785289764404297 0.6913111209869385 0.07703769952058792 -0.9955359697341919 0.05452469736337662 -0.44962289929389954 -0.9779031276702881 -0.06478695571422577 0.19876615703105927 -2.903750419616699
-0.1943383663892746 -0.0686773881316185 -0.9785273671150208 0.6913323998451233 0.07703550904989243 -0.9955335855484009 0.0545714795589447 -0.4496198892593384 -0.9779048562049866 -0.06477601826190948 0.1987611949443817 -2.9037697315216064
-0.19427478313446045 -0.06879930198192596 -0.9785314202308655 0.691368579864502 0.07705952972173691 -0.9955249428749084 0.054694924503564835 -0.44965043663978577 -0.9779155850410461 -0.06477932631969452 0.19870725274085999 -2.9038422107696533
-0.1943175196647644 -0.0687851831316948 -0.9785239100456238 0.6913850903511047 0.07704717665910721 -0.9955267310142517 0.05468018725514412 -0.44964364171028137 -0.9779080748558044 -0.06476718932390213 0.19874820113182068 -2.90386962890625
-0.1943282186985016 -0.06870680302381516 -0.978527307510376 0.6912635564804077 0.07705733180046082 -0.9955304861068726 0.054597657173871994 -0.4496355950832367 -0.9779051542282104 -0.06479284167289734 0.1987542361021042 -2.9036762714385986
-0.19434598088264465 -0.06867232918739319 -0.9785261750221252 0.6912328600883484 0.0770522728562355 -0.9955328106880188 0.05456241965293884 -0.4496139585971832 -0.9779019951820374 -0.06479368358850479 0.19876937568187714 -2.903616428375244
-0.19430850446224213 -0.06865563988685608 -0.9785348176956177 0.6912136077880859 0.07711488008499146 -0.9955294132232666 0.054535239934921265 -0.44962960481643677 -0.9779045581817627 -0.0648629292845726 0.19873441755771637 -2.903583288192749
-0.1943640410900116 -0.06876245141029358 -0.9785162806510925 0.6912310123443604 0.07704216986894608 -0.995528519153595 0.05465494096279144 -0.4496416449546814 -0.9778992533683777 -0.06476406008005142 0.19879277050495148 -2.9036126136779785
-0.19429291784763336 -0.06878136098384857 -0.9785290956497192 0.6912265419960022 0.07707437872886658 -0.995525062084198 0.05467242747545242 -0.4496745765209198 -0.9779108166694641 -0.0647970587015152 0.19872497022151947 -2.903571844100952
-0.19428150355815887 -0.06889621913433075 -0.9785232543945312 0.6912437081336975 0.07705517113208771 -0.9955198168754578 0.05479395389556885 -0.44969433546066284 -0.9779146313667297 -0.06475482881069183 0.19872011244297028 -2.9036056995391846
-0.19427257776260376 -0.0689280778169632 -0.978522777557373 0.6912588477134705 0.0771263986825943 -0.9955133199691772 0.054812487214803696 -0.4497152864933014 -0.9779107570648193 -0.06482137739658356 0.19871734082698822 -2.903571605682373
-0.19422893226146698 -0.06897708773612976 -0.9785280227661133 0.6912583112716675 0.07705944031476974 -0.9955148100852966 0.054878897964954376 -0.4496840834617615 -0.9779247045516968 -0.06474574655294418 0.1986733376979828 -2.903526544570923
-0.19420050084590912 -0.06894928216934204 -0.9785355925559998 0.6912899613380432 0.07706838101148605 -0.9955157041549683 0.05485071241855621 -0.44965463876724243 -0.9779296517372131 -0.06476212292909622 0.19864366948604584 -2.9035274982452393
-0.19421060383319855 -0.06891853362321854 -0.9785357713699341 0.691241443157196 0.07694293558597565 -0.9955257773399353 0.05484422668814659 -0.449663370847702 -0.9779375195503235 -0.06464008241891861 0.19864468276500702 -2.9033918380737305
-0.19419309496879578 -0.06890774518251419 -0.9785400032997131 0.6912558674812317 0.0769687369465828 -0.9955245852470398 0.054829191416502 -0.4496537744998932 -0.9779389500617981 -0.06466954201459885 0.19862796366214752 -2.9034178256988525
-0.19423049688339233 -0.06894323229789734 -0.9785301089286804 0.6912738680839539 0.07693138718605042 -0.9955251812934875 0.0548703633248806 -0.44969239830970764 -0.9779344797134399 -0.0646221786737442 0.19866546988487244 -2.9034011363983154
-0.19426296651363373 -0.06898247450590134 -0.9785208702087402 0.691316545009613 0.07685023546218872 -0.9955284595489502 0.05492459237575531 -0.4497159421443939 -0.9779344201087952 -0.06452974677085876 0.1986958533525467 -2.903491258621216
-0.19429008662700653 -0.06897509098052979 -0.9785159826278687 0.6913338899612427 0.0769079402089119 -0.9955251812934875 0.0549035370349884 -0.44973522424697876 -0.9779244661331177 -0.06458844244480133 0.1987256407737732 -2.9034852981567383
-0.19435416162014008 -0.06881768256425858 -0.9785143733024597 0.6912628412246704 0.07690536230802536 -0.9955344200134277 0.054739609360694885 -0.44972729682922363 -0.9779119491577148 -0.06461413204669952 0.1987789273262024 -2.9033992290496826
-0.19435948133468628 -0.06886455416679382 -0.9785100221633911 0.6913085579872131 0.07689063251018524 -0.9955328106880188 0.05478993058204651 -0.4497087895870209 -0.9779120683670044 -0.06458931416273117 0.19878649711608887 -2.903397798538208
-0.19444504380226135 -0.06864078342914581 -0.978508710861206 0.6912308931350708 0.07706721872091293 -0.9955339431762695 0.05452060326933861 -0.44974997639656067 -0.977881133556366 -0.06480968743562698 0.1988668143749237 -2.9032812118530273
-0.19439025223255157 -0.0686759501695633 -0.9785171747207642 0.6912549734115601 0.07704121619462967 -0.9955334663391113 0.05456536263227463 -0.4497717618942261 -0.9778940677642822 -0.06477917730808258 0.19881309568881989 -2.9032351970672607
-0.19436927139759064 -0.0686734989285469 -0.978521466255188 0.6912555694580078 0.07709148526191711 -0.9955301880836487 0.05455406382679939 -0.449805349111557 -0.9778943061828613 -0.06483204662799835 0.19879484176635742 -2.9032135009765625
-0.19437222182750702 -0.068586066365242 -0.9785270690917969 0.6912044286727905 0.07704263925552368 -0.9955383539199829 0.0544748455286026 -0.44975849986076355 -0.977897584438324 -0.06479991227388382 0.19878926873207092 -2.9031033515930176
-0.19446876645088196 -0.06850223243236542 -0.9785137176513672 0.6911532282829285 0.0770319402217865 -0.9955440759658813 0.0543852224946022 -0.4497748017311096 -0.9778792262077332 -0.06480058282613754 0.19887930154800415 -2.9030120372772217
-0.19440928101539612 -0.06864173710346222 -0.9785158038139343 0.6912158727645874 0.07706805318593979 -0.9955337047576904 0.05452381446957588 -0.4498099982738495 -0.9778882265090942 -0.06481237709522247 0.19883129000663757 -2.90309739112854
-0.19437098503112793 -0.0685691311955452 -0.9785284996032715 0.6912093162536621 0.07710224390029907 -0.9955353140830994 0.05444557964801788 -0.4498380720615387 -0.9778931140899658 -0.06486409902572632 0.19879022240638733 -2.903090000152588
-0.19426178932189941 -0.06872954219579697 -0.9785389304161072 0.6912363171577454 0.07704225182533264 -0.9955299496650696 0.054628338664770126 -0.44979679584503174 -0.9779195189476013 -0.06477664411067963 0.19868871569633484 -2.9030542373657227
-0.1943073719739914 -0.06876242905855179 -0.9785275459289551 0.6912742853164673 0.07710698992013931 -0.995523989200592 0.054645560681819916 -0.44973304867744446 -0.9779053926467896 -0.06483327597379684 0.1987399309873581 -2.903064727783203
-0.1942889541387558 -0.06883915513753891 -0.9785258173942566 0.6912167072296143 0.07702198624610901 -0.9955252408981323 0.05474213883280754 -0.44974184036254883 -0.9779157638549805 -0.06473220884799957 0.19872191548347473 -2.903026819229126
-0.19422759115695953 -0.06884001940488815 -0.978537917137146 0.6911962628364563 0.0771002322435379 -0.9955198168754578 0.054731253534555435 -0.44977977871894836 -0.9779217839241028 -0.06481517851352692 0.19866520166397095 -2.903010606765747
-0.19433695077896118 -0.06880056858062744 -0.9785189628601074 0.6912136077880859 0.07713784277439117 -0.9955199360847473 0.05467610061168671 -0.4497866928577423 -0.977897047996521 -0.06485526263713837 0.19877365231513977 -2.9029862880706787
-0.1943678855895996 -0.06885569542646408 -0.9785089492797852 0.6911144852638245 0.07721666246652603 -0.9955117106437683 0.05471406877040863 -0.4497937858104706 -0.9778847098350525 -0.06492254137992859 0.1988125443458557 -2.9028942584991455
-0.19434037804603577 -0.06886592507362366 -0.9785137176513672 0.6911084651947021 0.07723364979028702 -0.995509922504425 0.05472288280725479 -0.44976603984832764 -0.977888822555542 -0.06493932008743286 0.19878676533699036 -2.9028425216674805
-0.1943906992673874 -0.06878423690795898 -0.9785094857215881 0.6911653280258179 0.07717598229646683 -0.9955185055732727 0.054648105055093765 -0.44973960518836975 -0.9778833985328674 -0.06489434838294983 0.19882825016975403 -2.9028546810150146
-0.19439606368541718 -0.06877171248197556 -0.978509247303009 0.6911754012107849 0.07717335224151611 -0.9955193996429443 0.054635532200336456 -0.44972503185272217 -0.9778825044631958 -0.06489390879869461 0.19883261620998383 -2.902806043624878
-0.19434323906898499 -0.06892669200897217 -0.9785088896751404 0.691204309463501 0.07707376033067703 -0.9955171346664429 0.054817020893096924 -0.44974571466445923 -0.9779008626937866 -0.06476403772830963 0.19878467917442322 -2.9028427600860596
-0.19432611763477325 -0.068903848528862 -0.9785138964653015 0.691219687461853 0.07704479247331619 -0.995520293712616 0.054800815880298615 -0.449729323387146 -0.9779065847396851 -0.06474016606807709 0.19876448810100555 -2.9028732776641846
-0.19433367252349854 -0.06882348656654358 -0.978518009185791 0.6911249756813049 0.07705800980329514 -0.9955239295959473 0.05471586436033249 -0.4497687518596649 -0.9779040217399597 -0.06476951390504837 0.19876743853092194 -2.902906656265259
-0.1943221092224121 -0.06888188421726227 -0.9785162210464478 0.6911534667015076 0.07708042860031128 -0.9955191016197205 0.05477150157094002 -0.44980305433273315 -0.9779045581817627 -0.06478113681077957 0.19876104593276978 -2.9027183055877686
-0.1943012923002243 -0.06892543286085129 -0.9785172939300537 0.6911295652389526 0.0771637037396431 -0.9955111145973206 0.054800283163785934 -0.4498443305492401 -0.9779021143913269 -0.06485825031995773 0.19874785840511322 -2.90272855758667
-0.19433917105197906 -0.06890113651752472 -0.9785114526748657 0.6911161541938782 0.07722578197717667 -0.9955084919929504 0.054760389029979706 -0.4498741924762726 -0.9778897166252136 -0.0649242252111435 0.19878745079040527 -2.9027068614959717
-0.19432833790779114 -0.06877367198467255 -0.9785225987434387 0.6910811066627502 0.07721108198165894 -0.9955165386199951 0.05463442951440811 -0.4498843252658844 -0.9778929948806763 -0.06493577361106873 0.19876737892627716 -2.90269136428833
-0.19424933195114136 -0.06879349052906036 -0.9785369038581848 0.6910629272460938 0.07728714495897293 -0.9955101013183594 0.05464448034763336 -0.4499257504940033 -0.9779027104377747 -0.06501366943120956 0.19869422912597656 -2.9026589393615723
-0.19422145187854767 -0.06886813789606094 -0.9785371422767639 0.6911335587501526 0.07729654014110565 -0.995505154132843 0.05472039431333542 -0.44992193579673767 -0.9779074788093567 -0.06500966846942902 0.19867195188999176 -2.902690887451172
-0.19421349465847015 -0.06888921558856964 -0.9785372614860535 0.6911407113075256 0.07731491327285767 -0.995502769947052 0.054738644510507584 -0.44992026686668396 -0.9779075980186462 -0.06502453982830048 0.19866645336151123 -2.902712821960449
-0.19432149827480316 -0.0688197985291481 -0.9785206913948059 0.6910869479179382 0.07728777080774307 -0.9955088496208191 0.05466623604297638 -0.4498792588710785 -0.977888286113739 -0.065004862844944 0.19876791536808014 -2.9025230407714844
-0.1942700445652008 -0.06893148273229599 -0.9785230755805969 0.6911382675170898 0.07724028825759888 -0.9955055713653564 0.05479298532009125 -0.4498918056488037 -0.9779022932052612 -0.06493676453828812 0.19872140884399414 -2.902592897415161
-0.1942506581544876 -0.0688583254814148 -0.978532075881958 0.6911406517028809 0.07722114771604538 -0.9955108165740967 0.05472375452518463 -0.4498922824859619 -0.977907657623291 -0.06493324786424637 0.19869618117809296 -2.9025630950927734
-0.19424015283584595 -0.06883957237005234 -0.9785354733467102 0.6911579966545105 0.07723341137170792 -0.9955110549926758 0.05470289662480354 -0.4498897194862366 -0.9779087901115417 -0.064950130879879 0.1986851543188095 -2.9025890827178955
-0.19428196549415588 -0.06878429651260376 -0.9785310626029968 0.6911413669586182 0.07721762359142303 -0.9955153465270996 0.054647043347358704 -0.44986850023269653 -0.9779016971588135 -0.06494290381669998 0.1987222582101822 -2.9024930000305176
-0.19428777694702148 -0.06877249479293823 -0.9785307049751282 0.6911683678627014 0.07723429799079895 -0.9955149292945862 0.05463125929236412 -0.4498647153377533 -0.9778992533683777 -0.06496194750070572 0.19872818887233734 -2.902512311935425
-0.1942191869020462 -0.06891137361526489 -0.9785345792770386 0.6912046074867249 0.0773153081536293 -0.9955015182495117 0.05476072430610657 -0.44991758465766907 -0.9779064655303955 -0.0650201216340065 0.19867360591888428 -2.902587890625
-0.19413505494594574 -0.0689190924167633 -0.9785507321357727 0.6912415623664856 0.07720959186553955 -0.9955077767372131 0.05479573458433151 -0.4499344527721405 -0.9779314994812012 -0.064915731549263 0.1985843926668167 -2.9025943279266357
-0.19413162767887115 -0.06892629712820053 -0.978550910949707 0.6912752389907837 0.07720324397087097 -0.9955077767372131 0.05480458214879036 -0.44993093609809875 -0.9779326915740967 -0.0649079978466034 0.19858109951019287 -2.902627468109131
-0.1942538172006607 -0.06888020783662796 -0.9785298705101013 0.6911754608154297 0.07716746628284454 -0.9955132007598877 0.05475671589374542 -0.4498600661754608 -0.9779112339019775 -0.06487397104501724 0.1986977607011795 -2.902576208114624
-0.19427946209907532 -0.06888382881879807 -0.9785245656967163 0.6911923885345459 0.07716512680053711 -0.9955132603645325 0.05475914105772972 -0.4498459994792938 -0.977906346321106 -0.06486939638853073 0.1987234205007553 -2.9025990962982178
-0.19424977898597717 -0.06875362992286682 -0.9785395860671997 0.6910820603370667 0.0772346779704094 -0.995515763759613 0.054614558815956116 -0.44990721344947815 -0.9779067635536194 -0.06496833264827728 0.19868911802768707 -2.9024336338043213
-0.19425667822360992 -0.0687575489282608 -0.9785379767417908 0.6910822987556458 0.07725758105516434 -0.9955140948295593 0.054613418877124786 -0.44989874958992004 -0.9779035449028015 -0.06499045342206955 0.1986975222826004 -2.9024441242218018
-0.19428639113903046 -0.06868772953748703 -0.9785369634628296 0.6910721659660339 0.07725070416927338 -0.9955185651779175 0.054541781544685364 -0.44987908005714417 -0.9778981804847717 -0.06499594449996948 0.19872209429740906 -2.9023873805999756
-0.19429431855678558 -0.0686035230755806 -0.9785413146018982 0.6910647749900818 0.0772697925567627 -0.9955219626426697 0.05445169657468796 -0.449859082698822 -0.9778951406478882 -0.06503202766180038 0.19872547686100006 -2.902373790740967
-0.1943429708480835 -0.06858646124601364 -0.9785328507423401 0.6910697221755981 0.0772024393081665 -0.9955275654792786 0.05444473773241043 -0.44986745715141296 -0.9778907895088196 -0.0649641677737236 0.19876904785633087 -2.902327299118042
-0.19447413086891174 -0.0685146227478981 -0.9785118103027344 0.6910992860794067 0.07714084535837173 -0.9955361485481262 0.054375313222408295 -0.4498564898967743 -0.9778695702552795 -0.06490863114595413 0.1988915354013443 -2.902308225631714
-0.1944819539785385 -0.06856285035610199 -0.978506863117218 0.6911104917526245 0.07715509086847305 -0.9955325722694397 0.05442095920443535 -0.44983264803886414 -0.9778668880462646 -0.06491289287805557 0.19890330731868744 -2.9023239612579346
-0.19461335241794586 -0.06853245943784714 -0.9784828424453735 0.6911059617996216 0.07723481208086014 -0.9955294132232666 0.05436492711305618 -0.44988852739334106 -0.9778344631195068 -0.06499280035495758 0.19903664290905 -2.902280569076538
-0.19458360970020294 -0.068538598716259 -0.9784883260726929 0.6911142468452454 0.07725077122449875 -0.9955279231071472 0.054369937628507614 -0.4498755931854248 -0.9778391122817993 -0.06500948220491409 0.1990082859992981 -2.902291774749756
-0.1946277618408203 -0.06851071864366531 -0.9784815311431885 0.6910938620567322 0.07727784663438797 -0.9955278635025024 0.05433307960629463 -0.44992685317993164 -0.9778282046318054 -0.0650402158498764 0.19905194640159607 -2.902214765548706
-0.1946263313293457 -0.06847656518220901 -0.9784842133522034 0.6911061406135559 0.07725466787815094 -0.9955312609672546 0.05430314317345619 -0.44992175698280334 -0.9778302907943726 -0.06502365320920944 0.19904693961143494 -2.9022209644317627
-0.1947164088487625 -0.06860082596540451 -0.9784575700759888 0.6910839676856995 0.07724730670452118 -0.9955251812934875 0.05442497879266739 -0.4499317705631256 -0.9778129458427429 -0.06498577445745468 0.19914454221725464 -2.9020864963531494
-0.1947622150182724 -0.06853654235601425 -0.9784529805183411 0.6910595297813416 0.07709983736276627 -0.9955387115478516 0.05438651144504547 -0.44989457726478577 -0.9778154492378235 -0.06484612822532654 0.19917771220207214 -2.902005910873413
-0.19475498795509338 -0.0685226321220398 -0.9784553647041321 0.6910730600357056 0.0770736038684845 -0.9955412149429321 0.054378192871809006 -0.44988736510276794 -0.9778189659118652 -0.06482265144586563 0.1991681158542633 -2.902003049850464
-0.19478614628314972 -0.06862279027700424 -0.9784421324729919 0.6910314559936523 0.07714458554983139 -0.9955310225486755 0.05446353554725647 -0.4499131441116333 -0.9778071641921997 -0.06487277895212173 0.19920974969863892 -2.901848554611206
-0.19477231800556183 -0.0686296597123146 -0.9784443974494934 0.6910397410392761 0.07714471220970154 -0.9955306053161621 0.05447143316268921 -0.4499097168445587 -0.9778099060058594 -0.06487228721380234 0.1991964429616928 -2.901841402053833
-0.19485652446746826 -0.06856241077184677 -0.9784323573112488 0.6910741925239563 0.07709155976772308 -0.9955381751060486 0.054408155381679535 -0.4499604403972626 -0.9777973294258118 -0.0648270919919014 0.19927291572093964 -2.9018714427948
-0.194876566529274 -0.06853871047496796 -0.9784300327301025 0.6910810470581055 0.07707707583904266 -0.9955405592918396 0.05438563972711563 -0.44996097683906555 -0.9777944684028625 -0.06481603533029556 0.19929051399230957 -2.901872396469116
-0.19486582279205322 -0.06868083029985428 -0.978422224521637 0.6910974979400635 0.07709445059299469 -0.995531439781189 0.05452743172645569 -0.44993695616722107 -0.9777952432632446 -0.06480538845062256 0.1992901861667633 -2.902148962020874
-0.194886714220047 -0.06865231692790985 -0.978420078754425 0.6910642385482788 0.07697004824876785 -0.9955413341522217 0.05452236533164978 -0.44989749789237976 -0.9778009057044983 -0.06468335539102554 0.19930218160152435 -2.9020802974700928
-0.19483481347560883 -0.06867089122533798 -0.9784290790557861 0.6910675764083862 0.07701714336872101 -0.9955369830131531 0.054535165429115295 -0.44991064071655273 -0.9778075218200684 -0.06473046541213989 0.19925431907176971 -2.9020023345947266
-0.19491568207740784 -0.0686684101819992 -0.9784131646156311 0.6910268068313599 0.0768589973449707 -0.995547890663147 0.05455942824482918 -0.44991326332092285 -0.9778038263320923 -0.06456536799669266 0.19932590425014496 -2.901965618133545
-0.1948366016149521 -0.0686812624335289 -0.9784280061721802 0.6910264492034912 0.07685476541519165 -0.9955471754074097 0.05457868427038193 -0.449942409992218 -0.9778199195861816 -0.06456293165683746 0.19924773275852203 -2.9018795490264893
-0.1948845088481903 -0.06857731193304062 -0.9784257411956787 0.6909703016281128 0.0767417699098587 -0.9955605864524841 0.05449272319674492 -0.4499512016773224 -0.9778192639350891 -0.06446634232997894 0.19928230345249176 -2.901824951171875
-0.19481518864631653 -0.06860224902629852 -0.9784378409385681 0.6909792423248291 0.07680478692054749 -0.9955548048019409 0.054509907960891724 -0.44996923208236694 -0.9778281450271606 -0.06452935189008713 0.19921839237213135 -2.9017560482025146
-0.19487355649471283 -0.0685548260807991 -0.9784294962882996 0.6910237669944763 0.07689093053340912 -0.9955519437789917 0.05444018170237541 -0.4500419497489929 -0.977809727191925 -0.0646234080195427 0.19927820563316345 -2.9018256664276123
-0.1948786973953247 -0.06856647878885269 -0.9784276485443115 0.691035807132721 0.07686609774827957 -0.9955529570579529 0.05445675551891327 -0.45005133748054504 -0.9778106808662415 -0.06459545344114304 0.1992827206850052 -2.9018394947052
-0.19482043385505676 -0.06849700957536697 -0.9784441590309143 0.691058337688446 0.07688900083303452 -0.9955551028251648 0.05438532307744026 -0.45006048679351807 -0.9778204560279846 -0.0646362230181694 0.19922137260437012 -2.9018821716308594
-0.19487713277339935 -0.06851030886173248 -0.9784319400787354 0.6910707354545593 0.0768817812204361 -0.99555504322052 0.05439651384949684 -0.45006662607192993 -0.977809727191925 -0.06462295353412628 0.1992783397436142 -2.901904821395874
-0.19483263790607452 -0.06850259751081467 -0.9784412980079651 0.6910155415534973 0.0768633484840393 -0.9955565333366394 0.0543954074382782 -0.45007309317588806 -0.9778200387954712 -0.06460828334093094 0.19923245906829834 -2.9017369747161865
-0.19485798478126526 -0.06841003894805908 -0.9784427285194397 0.6909796595573425 0.07690341770648956 -0.9955590963363647 0.054291363805532455 -0.4500560164451599 -0.977811872959137 -0.06466648727655411 0.19925382733345032 -2.9016971588134766
-0.1948433220386505 -0.06844967603683472 -0.978442907333374 0.6909748315811157 0.07693221420049667 -0.9955549240112305 0.05432681366801262 -0.45007190108299255 -0.9778125286102295 -0.06468856334686279 0.1992434412240982 -2.901672124862671
-0.19476814568042755 -0.06855762749910355 -0.9784502983093262 0.6910306215286255 0.07697806507349014 -0.9955456256866455 0.05443236976861954 -0.45011234283447266 -0.9778238534927368 -0.06471752375364304 0.19917823374271393 -2.9017462730407715
-0.19479264318943024 -0.06854397803544998 -0.978446364402771 0.6910443902015686 0.07697814702987671 -0.9955464601516724 0.05441681668162346 -0.4500611424446106 -0.9778189659118652 -0.06471899896860123 0.19920174777507782 -2.9018046855926514
-0.19473901391029358 -0.06857498735189438 -0.9784548878669739 0.6909859776496887 0.07696912437677383 -0.9955451488494873 0.05445381626486778 -0.44997966289520264 -0.9778303503990173 -0.06470653414726257 0.19914986193180084 -2.9016520977020264
-0.1947288066148758 -0.06846662610769272 -0.9784644842147827 0.690991222858429 0.07681404799222946 -0.995561420917511 0.05437582731246948 -0.449954628944397 -0.9778445959091187 -0.06457127630710602 0.19912390410900116 -2.901639223098755
-0.19479407370090485 -0.06836601346731186 -0.9784585237503052 0.6909838318824768 0.0769500881433487 -0.9955582022666931 0.0542413629591465 -0.4500522315502167 -0.9778209328651428 -0.0647265762090683 0.19918982684612274 -2.9016778469085693
-0.19481299817562103 -0.06839174032211304 -0.9784529805183411 0.6909831762313843 0.07695683091878891 -0.9955564141273499 0.05426488816738129 -0.4500528872013092 -0.9778165817260742 -0.06472713500261307 0.1992107629776001 -2.901702404022217
-0.19487860798835754 -0.06846386194229126 -0.9784348607063293 0.6910369396209717 0.07695350050926208 -0.9955528974533081 0.05433453246951103 -0.45007988810539246 -0.9778038263320923 -0.06470535695552826 0.19928070902824402 -2.901674509048462
-0.19487135112285614 -0.06849578022956848 -0.9784340858459473 0.6910441517829895 0.07693802565336227 -0.995552122592926 0.05437065660953522 -0.45005443692207336 -0.9778064489364624 -0.06468350440263748 0.19927473366260529 -2.9017086029052734
-0.19481618702411652 -0.06856366246938705 -0.9784403443336487 0.6910243034362793 0.07686157524585724 -0.995553195476532 0.05445901304483414 -0.45003342628479004 -0.9778234362602234 -0.06459496915340424 0.19922001659870148 -2.901679277420044
-0.19475309550762177 -0.06860173493623734 -0.9784502387046814 0.6910240054130554 0.07689883559942245 -0.9955483675003052 0.054494403302669525 -0.45006170868873596 -0.977833092212677 -0.0646287277340889 0.19916173815727234 -2.9016225337982178
-0.19476215541362762 -0.06858672946691513 -0.9784494638442993 0.6909552216529846 0.07687276601791382 -0.9955509901046753 0.05448383092880249 -0.45004281401634216 -0.9778333306312561 -0.0646047294139862 0.19916832447052002 -2.901512622833252
-0.19471119344234467 -0.0685763955116272 -0.9784603118896484 0.690959095954895 0.07692275941371918 -0.9955480694770813 0.05446656793355942 -0.4500657916069031 -0.9778395891189575 -0.06466062366962433 0.19911964237689972 -2.9014840126037598
-0.19478480517864227 -0.06867199391126633 -0.9784389734268188 0.6910144090652466 0.07688383758068085 -0.9955455660820007 0.05456681177020073 -0.45009395480155945 -0.9778279662132263 -0.06459736078977585 0.19919712841510773 -2.9015536308288574
-0.19475212693214417 -0.0686519667506218 -0.978446900844574 0.6910203099250793 0.0769638791680336 -0.9955412745475769 0.05453232675790787 -0.45010825991630554 -0.9778282046318054 -0.06468477845191956 0.19916771352291107 -2.901547908782959
-0.1947437822818756 -0.06872442364692688 -0.978443443775177 0.6910709738731384 0.07694609463214874 -0.9955383539199829 0.0546102374792099 -0.45011740922927856 -0.977831244468689 -0.06465239822864532 0.19916321337223053 -2.901556968688965
-0.19470922648906708 -0.0686357393860817 -0.9784565567970276 0.6909916996955872 0.07703555375337601 -0.995537281036377 0.05450411140918732 -0.45008090138435364 -0.9778310656547546 -0.06476349383592606 0.1991279125213623 -2.9014785289764404
-0.19471654295921326 -0.06865750253200531 -0.9784535765647888 0.6910098195075989 0.07709299027919769 -0.9955322742462158 0.05451406165957451 -0.4500703811645508 -0.9778251051902771 -0.06481712311506271 0.19913983345031738 -2.901453733444214
-0.1947106420993805 -0.06866120547056198 -0.9784544706344604 0.6909539103507996 0.07703330367803574 -0.9955360293388367 0.05453038215637207 -0.4500448703765869 -0.9778309464454651 -0.06475593894720078 0.19913087785243988 -2.9013853073120117
-0.19466806948184967 -0.06862114369869232 -0.9784657955169678 0.6909484267234802 0.07708986103534698 -0.995534360408783 0.05448097735643387 -0.4500500559806824 -0.9778349995613098 -0.06482408940792084 0.1990889608860016 -2.9013285636901855
-0.19467708468437195 -0.06856446713209152 -0.9784679412841797 0.6909353137016296 0.07705412060022354 -0.9955399036407471 0.054429974406957626 -0.45006322860717773 -0.977836012840271 -0.06479872018098831 0.19909219443798065 -2.9013681411743164
-0.1946352869272232 -0.06867074221372604 -0.9784688353538513 0.6909866333007812 0.07713185250759125 -0.9955286383628845 0.05452509969472885 -0.4501338005065918 -0.9778382182121277 -0.06485860049724579 0.19906193017959595 -2.9014174938201904
-0.19461436569690704 -0.06871563196182251 -0.9784698486328125 0.6909916996955872 0.07712504267692566 -0.9955265522003174 0.05457356944680214 -0.45013079047203064 -0.9778429269790649 -0.06484372913837433 0.19904369115829468 -2.9014103412628174
-0.19462890923023224 -0.06869448721408844 -0.9784684181213379 0.6909857988357544 0.07717154175043106 -0.9955247044563293 0.054541606456041336 -0.4501325786113739 -0.9778363704681396 -0.06489454209804535 0.1990593671798706 -2.901407480239868
-0.19460982084274292 -0.06871514022350311 -0.9784707427024841 0.6909909248352051 0.07720427960157394 -0.9955213069915771 0.054557252675294876 -0.45012301206588745 -0.9778375625610352 -0.06492475420236588 0.19904354214668274 -2.9014275074005127
-0.19454286992549896 -0.06877923011779785 -0.9784795641899109 0.6909982562065125 0.0770786702632904 -0.9955257773399353 0.054652538150548935 -0.450101375579834 -0.9778608083724976 -0.06478764116764069 0.19897407293319702 -2.901395559310913
-0.19469226896762848 -0.06875934451818466 -0.9784512519836426 0.6909786462783813 0.0771612673997879 -0.9955219626426697 0.05460541322827339 -0.45011812448501587 -0.9778245687484741 -0.0648672878742218 0.1991262137889862 -2.90132999420166
-0.19465944170951843 -0.06875062733888626 -0.9784584045410156 0.6909894347190857 0.07717914879322052 -0.9955211877822876 0.05459511652588844 -0.4501153230667114 -0.9778296947479248 -0.06488913297653198 0.19909393787384033 -2.9013559818267822
-0.19467362761497498 -0.06875105947256088 -0.9784555435180664 0.6909793019294739 0.07720369845628738 -0.9955195784568787 0.05458960309624672 -0.4501875638961792 -0.9778249263763428 -0.06491322815418243 0.19910946488380432 -2.90128755569458
-0.19466833770275116 -0.06876087188720703 -0.9784559011459351 0.690989077091217 0.07720698416233063 -0.9955188035964966 0.054599277675151825 -0.45019468665122986 -0.9778257012367249 -0.06491488218307495 0.19910502433776855 -2.90130615234375
-0.19467990100383759 -0.06871228665113449 -0.9784570336341858 0.6909517049789429 0.0771050751209259 -0.9955282807350159 0.05456981435418129 -0.4501168727874756 -0.9778314232826233 -0.06482035666704178 0.19910763204097748 -2.901212215423584
