# 3x4 first row second row third row Freq: 100 current Time: 2021-07-27-16:53:12
-0.19096924364566803 -0.06785628944635391 -0.9792476892471313 0.6787126064300537 0.08122703433036804 -0.995278537273407 0.053126540035009384 -0.9933942556381226 -0.9782293438911438 -0.06939584761857986 0.19557957351207733 -2.8107736110687256
-0.190965473651886 -0.06782525032758713 -0.9792506098747253 0.6787037253379822 0.08121653646230698 -0.9952809810638428 0.05309736356139183 -0.9934009313583374 -0.9782309532165527 -0.06939157843589783 0.19557304680347443 -2.8107666969299316
-0.19095294177532196 -0.06791952252388 -0.9792464971542358 0.6787484884262085 0.08122071623802185 -0.9952754974365234 0.05319324508309364 -0.9933856725692749 -0.9782330989837646 -0.06937769800424576 0.19556747376918793 -2.8107781410217285
-0.19090598821640015 -0.06792039424180984 -0.9792556166648865 0.6787905097007751 0.08118892461061478 -0.9952775239944458 0.053203877061605453 -0.9933913946151733 -0.9782449007034302 -0.06934776902198792 0.19551904499530792 -2.8107781410217285
-0.1909186840057373 -0.06788747012615204 -0.9792553782463074 0.6787970662117004 0.08116807788610458 -0.9952808618545532 0.05317365750670433 -0.9934006929397583 -0.9782441258430481 -0.06933243572711945 0.19552822411060333 -2.8107738494873047
-0.19090361893177032 -0.06784658879041672 -0.9792611598968506 0.678819477558136 0.08117084950208664 -0.995282769203186 0.05313264578580856 -0.9933938980102539 -0.9782468676567078 -0.06934425234794617 0.19551047682762146 -2.81081223487854
-0.1909158080816269 -0.06786313652992249 -0.9792576432228088 0.6788321137428284 0.08114510774612427 -0.9952837824821472 0.05315372720360756 -0.9933983087539673 -0.9782465696334839 -0.06931408494710922 0.19552238285541534 -2.810816764831543
-0.1908741444349289 -0.06793209910392761 -0.9792609810829163 0.6788070201873779 0.08114299923181534 -0.9952800273895264 0.05322724208235741 -0.9933723211288452 -0.9782549142837524 -0.06930047273635864 0.1954856514930725 -2.810889482498169
-0.19089074432849884 -0.06795258820056915 -0.9792563319206238 0.6788133978843689 0.08112521469593048 -0.9952802062034607 0.053250424563884735 -0.9933711290359497 -0.9782531261444092 -0.06927736848592758 0.19550266861915588 -2.810901641845703
-0.19092966616153717 -0.0679430291056633 -0.9792494177818298 0.6788002848625183 0.08115942776203156 -0.9952784776687622 0.05323106423020363 -0.9933618307113647 -0.9782426953315735 -0.06931193172931671 0.1955426186323166 -2.810922384262085
-0.19096027314662933 -0.06797505915164948 -0.9792411923408508 0.6788198351860046 0.0811459869146347 -0.9952778220176697 0.053264107555150986 -0.993375301361084 -0.9782378673553467 -0.0692901611328125 0.19557464122772217 -2.8109586238861084
-0.19094835221767426 -0.06789004802703857 -0.9792494177818298 0.6788173317909241 0.08117559552192688 -0.9952802658081055 0.05317264050245285 -0.9933849573135376 -0.9782376885414124 -0.06933792680501938 0.1955583691596985 -2.810936450958252
-0.19089703261852264 -0.06784536689519882 -0.9792625308036804 0.6787562966346741 0.08119703084230423 -0.9952809810638428 0.05312664061784744 -0.9933421611785889 -0.9782459735870361 -0.06937149912118912 0.19550524652004242 -2.810844898223877
-0.19090236723423004 -0.06786775588989258 -0.9792599678039551 0.6787598133087158 0.08120491355657578 -0.9952792525291443 0.05314743518829346 -0.9933452606201172 -0.9782442450523376 -0.06937475502490997 0.1955125778913498 -2.8108396530151367
-0.19098980724811554 -0.06783009320497513 -0.9792454838752747 0.6788115501403809 0.08125483989715576 -0.9952780604362488 0.053092874586582184 -0.9934022426605225 -0.9782230257987976 -0.06942823529243469 0.1955997198820114 -2.8107879161834717
-0.19099171459674835 -0.06785622984170914 -0.9792433381080627 0.6788207292556763 0.08127304166555405 -0.9952753782272339 0.05311565846204758 -0.9934066534042358 -0.9782211780548096 -0.06944143027067184 0.19560445845127106 -2.8107831478118896
-0.19095560908317566 -0.06779202818870544 -0.9792547821998596 0.6788187026977539 0.08128681778907776 -0.9952777028083801 0.05305025726556778 -0.9933836460113525 -0.9782270789146423 -0.06947026401758194 0.19556468725204468 -2.810776710510254
-0.19097596406936646 -0.06780669093132019 -0.9792498350143433 0.678825855255127 0.08125985413789749 -0.9952789545059204 0.05306908115744591 -0.9933805465698242 -0.9782253503799438 -0.06943877786397934 0.19558453559875488 -2.810772657394409
-0.1909160614013672 -0.06780490279197693 -0.9792616367340088 0.6788222193717957 0.08126673847436905 -0.9952782988548279 0.05307020992040634 -0.9933677911758423 -0.9782364368438721 -0.06944943964481354 0.19552510976791382 -2.8108997344970703
-0.19089347124099731 -0.0677759125828743 -0.9792680144309998 0.6788278222084045 0.08125442266464233 -0.9952806830406189 0.053044840693473816 -0.9933652877807617 -0.9782418608665466 -0.06944394111633301 0.19549989700317383 -2.8109073638916016
-0.19087082147598267 -0.06777972728013992 -0.979272186756134 0.6788097620010376 0.0812755823135376 -0.9952788949012756 0.05304612219333649 -0.9933899641036987 -0.9782445430755615 -0.06946596503257751 0.19547875225543976 -2.810941219329834
-0.19087272882461548 -0.06766663491725922 -0.979279637336731 0.6787511110305786 0.08125896751880646 -0.9952861666679382 0.05293435975909233 -0.993383526802063 -0.9782455563545227 -0.06947153061628342 0.19547171890735626 -2.810903787612915
-0.19086454808712006 -0.06766469776630402 -0.9792813658714294 0.678747296333313 0.08124211430549622 -0.9952874183654785 0.05293635278940201 -0.9933851957321167 -0.9782485365867615 -0.06945522129535675 0.19546252489089966 -2.810908555984497
-0.19086165726184845 -0.0676361620426178 -0.9792839288711548 0.6787806749343872 0.08131541311740875 -0.9952837824821472 0.052892908453941345 -0.9934018850326538 -0.9782430529594421 -0.06953565031290054 0.19546158611774445 -2.8108294010162354
-0.19086359441280365 -0.06766226142644882 -0.9792817234992981 0.6787865161895752 0.08136170357465744 -0.99527907371521 0.05291004851460457 -0.9934048652648926 -0.9782388210296631 -0.0695774257183075 0.19546787440776825 -2.810823917388916
-0.19085070490837097 -0.06755901128053665 -0.9792913794517517 0.6787702441215515 0.08129402250051498 -0.9952893853187561 0.052819568663835526 -0.9933825731277466 -0.9782469272613525 -0.06952988356351852 0.1954440474510193 -2.8108530044555664
-0.1908542662858963 -0.06761042028665543 -0.9792871475219727 0.6787640452384949 0.08129492402076721 -0.9952865839004517 0.052871376276016235 -0.9933778047561646 -0.9782461524009705 -0.06952034682035446 0.1954512894153595 -2.810847520828247
-0.19080235064029694 -0.0676104724407196 -0.9792972207069397 0.6787799000740051 0.08125068247318268 -0.9952895045280457 0.05288401618599892 -0.9933584928512573 -0.9782599806785583 -0.06947817653417587 0.19539719820022583 -2.810828447341919
-0.19079934060573578 -0.06759322434663773 -0.979299008846283 0.6787789463996887 0.0813010036945343 -0.9952868819236755 0.05285665765404701 -0.9933578968048096 -0.9782564043998718 -0.06953297555446625 0.19539569318294525 -2.810831308364868
-0.19085049629211426 -0.0675978884100914 -0.9792886972427368 0.6787996292114258 0.0812573954463005 -0.9952899217605591 0.052866410464048386 -0.9933474063873291 -0.9782500267028809 -0.06948487460613251 0.19544461369514465 -2.8107917308807373
-0.19088727235794067 -0.06762940436601639 -0.9792793989181519 0.6787959337234497 0.0812990814447403 -0.9952853918075562 0.052887458354234695 -0.993340253829956 -0.9782393574714661 -0.06951897591352463 0.19548574090003967 -2.810777187347412
-0.19084841012954712 -0.06760597974061966 -0.9792885780334473 0.6787684559822083 0.08122647553682327 -0.9952916502952576 0.052880965173244476 -0.9933243989944458 -0.9782530069351196 -0.06945191323757172 0.19544143974781036 -2.8107972145080566
-0.19087907671928406 -0.06765367090702057 -0.9792792797088623 0.6787709593772888 0.08127514272928238 -0.9952857494354248 0.05291749909520149 -0.9933220148086548 -0.9782429933547974 -0.0694902241230011 0.19547800719738007 -2.8107943534851074
-0.1908518224954605 -0.06766092032194138 -0.9792841076850891 0.6787567138671875 0.08126863092184067 -0.99528568983078 0.0529281347990036 -0.9933410882949829 -0.9782488346099854 -0.06948365271091461 0.195451021194458 -2.810760259628296
-0.1908755898475647 -0.06763460487127304 -0.9792813062667847 0.6787701845169067 0.08115845918655396 -0.9952950477600098 0.052921686321496964 -0.9933301210403442 -0.9782533645629883 -0.06937550008296967 0.19546687602996826 -2.8107824325561523
-0.19085104763507843 -0.06763595342636108 -0.9792859554290771 0.6787648797035217 0.0811813473701477 -0.9952932596206665 0.05292024835944176 -0.9933230876922607 -0.9782562255859375 -0.0693998709321022 0.1954437494277954 -2.8107728958129883
-0.1908678114414215 -0.06766664236783981 -0.9792805910110474 0.6787811517715454 0.0811900720000267 -0.9952910542488098 0.052948493510484695 -0.9933309555053711 -0.9782522320747375 -0.06940169632434845 0.19546309113502502 -2.8107879161834717
-0.1908663809299469 -0.06756696850061417 -0.9792877435684204 0.6787533760070801 0.08113432675600052 -0.9953003525733948 0.05285842716693878 -0.9933505058288574 -0.9782571196556091 -0.06936495751142502 0.19545160233974457 -2.8108155727386475
-0.19093698263168335 -0.067594513297081 -0.9792720675468445 0.6787319183349609 0.0811021700501442 -0.9953014254570007 0.05288776010274887 -0.9933245182037354 -0.9782460331916809 -0.0693228617310524 0.19552214443683624 -2.8107669353485107
-0.19091831147670746 -0.0676250010728836 -0.9792736172676086 0.6787192821502686 0.08112667500972748 -0.9952979683876038 0.05291519686579704 -0.9933148622512817 -0.9782476425170898 -0.0693427324295044 0.1955070197582245 -2.8107616901397705
-0.19094526767730713 -0.06759554892778397 -0.9792703986167908 0.6787675023078918 0.08117504417896271 -0.9952962398529053 0.052873656153678894 -0.9933524131774902 -0.9782383441925049 -0.06939634680747986 0.19553439319133759 -2.8107964992523193
-0.1909646987915039 -0.06762799620628357 -0.9792643785476685 0.6787645816802979 0.08116362243890762 -0.9952954053878784 0.05290751904249191 -0.9933520555496216 -0.9782355427742004 -0.06937717646360397 0.1955554336309433 -2.8107941150665283
-0.1909639537334442 -0.06764734536409378 -0.979263186454773 0.6787426471710205 0.08118653297424316 -0.9952927231788635 0.052922654896974564 -0.9933663606643677 -0.9782337546348572 -0.06939666718244553 0.19555731117725372 -2.810811996459961
-0.19092904031276703 -0.06764351576566696 -0.9792702794075012 0.6787376999855042 0.08115046471357346 -0.9952953457832336 0.05292849242687225 -0.993367075920105 -0.9782435894012451 -0.06936265528202057 0.1955203115940094 -2.8108184337615967
-0.1910037398338318 -0.06766299158334732 -0.9792543649673462 0.6787198185920715 0.08117297291755676 -0.9952929615974426 0.052938397973775864 -0.9933921098709106 -0.9782271385192871 -0.06937755644321442 0.195597305893898 -2.8107776641845703
-0.19100485742092133 -0.06770706921815872 -0.9792510867118835 0.6787149310112 0.08116782456636429 -0.9952909350395203 0.052984144538640976 -0.993356466293335 -0.9782273173332214 -0.06936345249414444 0.19560126960277557 -2.8107593059539795
-0.19102637469768524 -0.06771688908338547 -0.979246199131012 0.6787156462669373 0.08117523789405823 -0.9952899813652039 0.052991099655628204 -0.9933791160583496 -0.9782224893569946 -0.06936784833669662 0.19562380015850067 -2.810725688934326
-0.1910475641489029 -0.06774076074361801 -0.9792404174804688 0.6787375807762146 0.08119083195924759 -0.9952876567840576 0.05301070958375931 -0.9934089183807373 -0.9782170653343201 -0.06937777251005173 0.1956474334001541 -2.8107693195343018
-0.19104203581809998 -0.0677238404750824 -0.9792426824569702 0.6787306070327759 0.08118142187595367 -0.9952892065048218 0.052995797246694565 -0.9934157133102417 -0.9782189130783081 -0.06937188655138016 0.1956402212381363 -2.810772180557251
-0.1909472793340683 -0.06779705733060837 -0.9792560935020447 0.6787816882133484 0.08118601143360138 -0.9952845573425293 0.05307612195611 -0.9933924674987793 -0.9782370328903198 -0.06936715543270111 0.19555127620697021 -2.8108298778533936
-0.19094373285770416 -0.0677967369556427 -0.979256808757782 0.6787800788879395 0.08120797574520111 -0.9952830076217651 0.05307166278362274 -0.9934021234512329 -0.9782359004020691 -0.06938976049423218 0.1955489069223404 -2.810842514038086
-0.19090808928012848 -0.06780032068490982 -0.9792634844779968 0.6787927150726318 0.08120834827423096 -0.9952826499938965 0.05307780206203461 -0.9934203624725342 -0.9782428741455078 -0.0693913921713829 0.19551369547843933 -2.8108901977539062
-0.1909400224685669 -0.06782209128141403 -0.979255735874176 0.67878258228302 0.08123708516359329 -0.9952795505523682 0.053091876208782196 -0.9934322834014893 -0.9782342314720154 -0.06941452622413635 0.19554859399795532 -2.810889482498169
-0.19092349708080292 -0.06778554618358612 -0.9792615175247192 0.6788057088851929 0.08126720786094666 -0.9952793717384338 0.05304991081357002 -0.993424654006958 -0.9782349467277527 -0.06945337355136871 0.19553117454051971 -2.8108713626861572
-0.19093407690525055 -0.06778987497091293 -0.9792591333389282 0.6788070797920227 0.08127949386835098 -0.9952782988548279 0.05305108428001404 -0.9934029579162598 -0.9782318472862244 -0.06946443021297455 0.19554269313812256 -2.810840606689453
-0.19095969200134277 -0.06781674921512604 -0.979252278804779 0.6788173317909241 0.08127081394195557 -0.9952775239944458 0.053078293800354004 -0.9934109449386597 -0.9782276153564453 -0.0694488137960434 0.19556963443756104 -2.8108417987823486
-0.19094723463058472 -0.06785058230161667 -0.9792523980140686 0.6787481904029846 0.08140280842781067 -0.9952662587165833 0.05308718606829643 -0.9934073686599731 -0.9782190322875977 -0.06957704573869705 0.195566788315773 -2.8107717037200928
-0.19093522429466248 -0.06783026456832886 -0.9792561531066895 0.6787428855895996 0.08138653635978699 -0.9952684640884399 0.053070660680532455 -0.993410587310791 -0.9782227277755737 -0.06956520676612854 0.1955524981021881 -2.8107688426971436
-0.1910189539194107 -0.0678589791059494 -0.9792377948760986 0.6787539720535278 0.08130396902561188 -0.9952731132507324 0.05311030149459839 -0.993427038192749 -0.9782132506370544 -0.0694708526134491 0.19563345611095428 -2.810776948928833
-0.19100578129291534 -0.06787116825580597 -0.9792395234107971 0.6787567734718323 0.08128121495246887 -0.995274007320404 0.0531281940639019 -0.993432879447937 -0.9782177209854126 -0.06944598257541656 0.19561995565891266 -2.8107807636260986
-0.19100907444953918 -0.06788191944360733 -0.9792381525039673 0.6787977814674377 0.08133260905742645 -0.9952698349952698 0.05312860757112503 -0.9934178590774536 -0.978212833404541 -0.06949595361948013 0.19562679529190063 -2.810802459716797
-0.1909969598054886 -0.06790609657764435 -0.9792388677597046 0.6788122653961182 0.08132811635732651 -0.9952687621116638 0.053154949098825455 -0.993422269821167 -0.9782155752182007 -0.06948721408843994 0.1956162005662918 -2.810804843902588
-0.19097347557544708 -0.06782019883394241 -0.9792493581771851 0.6787983179092407 0.08125708997249603 -0.9952783584594727 0.05308354273438454 -0.9933682680130005 -0.9782260656356812 -0.06943340599536896 0.19558285176753998 -2.810798168182373
-0.19099874794483185 -0.06786198168992996 -0.9792415499687195 0.6788169741630554 0.08128497749567032 -0.9952742457389832 0.05311860889196396 -0.993356466293335 -0.9782187938690186 -0.06945203989744186 0.19561251997947693 -2.810788631439209
-0.19094178080558777 -0.06782075017690659 -0.9792554974555969 0.6788055300712585 0.08120100945234299 -0.9952822327613831 0.05309760197997093 -0.99336838722229 -0.9782369136810303 -0.06937798857688904 0.19554828107357025 -2.810821294784546
-0.19096705317497253 -0.06779307872056961 -0.9792525172233582 0.6787815690040588 0.08120213449001312 -0.9952837228775024 0.05306742712855339 -0.9933875799179077 -0.9782318472862244 -0.06938327103853226 0.19557155668735504 -2.8107962608337402
-0.19095470011234283 -0.0677703469991684 -0.9792565107345581 0.6787851452827454 0.08120602369308472 -0.9952846169471741 0.05304443836212158 -0.9933910369873047 -0.9782339334487915 -0.06939244270324707 0.1955578625202179 -2.810796022415161
-0.1909492164850235 -0.06779113411903381 -0.9792560935020447 0.6787863373756409 0.08123580366373062 -0.9952813982963562 0.053060006350278854 -0.993396520614624 -0.9782325625419617 -0.06941889226436615 0.19555547833442688 -2.810814380645752
-0.19095763564109802 -0.06779695302248001 -0.9792540669441223 0.6787886619567871 0.08121169358491898 -0.9952828288078308 0.05307013913989067 -0.9933980703353882 -0.9782329201698303 -0.06939273327589035 0.19556297361850739 -2.810819625854492
-0.1908966451883316 -0.06778891384601593 -0.9792665243148804 0.6787999272346497 0.0812053233385086 -0.9952834248542786 0.0530676394701004 -0.9934364557266235 -0.9782453179359436 -0.06939122080802917 0.19550131261348724 -2.8108036518096924
-0.19092024862766266 -0.06782597303390503 -0.9792593717575073 0.678808867931366 0.08120979368686676 -0.9952812194824219 0.05310270935297012 -0.9934459924697876 -0.9782403707504272 -0.06938707083463669 0.19552768766880035 -2.810804843902588
-0.19083476066589355 -0.06771442294120789 -0.9792837500572205 0.6787964701652527 0.08123946189880371 -0.9952848553657532 0.052989572286605835 -0.99342942237854 -0.9782545566558838 -0.06944423168897629 0.1954362541437149 -2.8108019828796387
-0.19077423214912415 -0.06770104169845581 -0.9792964458465576 0.6788250207901001 0.08127325773239136 -0.9952829480171204 0.05297359079122543 -0.9934478998184204 -0.9782635569572449 -0.06948462128639221 0.19537684321403503 -2.810847759246826
-0.19079531729221344 -0.06771120429039001 -0.9792916178703308 0.6788371801376343 0.08128006011247635 -0.995281994342804 0.05298103764653206 -0.9934484958648682 -0.9782589077949524 -0.06948835402727127 0.19539892673492432 -2.8108506202697754
-0.19079682230949402 -0.06767178326845169 -0.9792940616607666 0.6788394451141357 0.08135506510734558 -0.9952787756919861 0.05292588099837303 -0.9934303760528564 -0.9782523512840271 -0.06957244127988815 0.19540169835090637 -2.810816526412964
-0.1907772421836853 -0.06765049695968628 -0.9792993664741516 0.6788437366485596 0.08135178685188293 -0.9952800869941711 0.05290631577372551 -0.9934296607971191 -0.9782564640045166 -0.06957443058490753 0.19538049399852753 -2.8108110427856445
-0.19075962901115417 -0.06765855103731155 -0.9793022274971008 0.6788010597229004 0.08123719692230225 -0.9952877163887024 0.052938662469387054 -0.9934031963348389 -0.9782693982124329 -0.06945721060037613 0.1953573375940323 -2.810838460922241
-0.19075565040111542 -0.06766967475414276 -0.9793022274971008 0.6787938475608826 0.08123976737260818 -0.9952869415283203 0.05294974148273468 -0.9933924674987793 -0.9782699942588806 -0.06945782899856567 0.19535428285598755 -2.8108367919921875
-0.1907528042793274 -0.06767456233501434 -0.9793024659156799 0.678766667842865 0.08124110102653503 -0.9952865242958069 0.052954643964767456 -0.9933931827545166 -0.978270411491394 -0.06945836544036865 0.19535186886787415 -2.8108224868774414
-0.19076979160308838 -0.06769638508558273 -0.9792976379394531 0.6787620186805725 0.08122897893190384 -0.9952862858772278 0.052978020161390305 -0.9933820962905884 -0.9782681465148926 -0.06944074481725693 0.195369690656662 -2.8108158111572266
-0.19080078601837158 -0.06768088042736053 -0.9792926907539368 0.6787580251693726 0.08123119920492172 -0.9952871203422546 0.05295958369970322 -0.9933713674545288 -0.9782618880271912 -0.06944438815116882 0.19539956748485565 -2.810760498046875
-0.19086654484272003 -0.0676826611161232 -0.9792797565460205 0.6787373423576355 0.08125945180654526 -0.9952852725982666 0.05295100063085556 -0.9933539628982544 -0.9782467484474182 -0.0694691613316536 0.19546672701835632 -2.8107237815856934
-0.1908673793077469 -0.06766530126333237 -0.9792807698249817 0.6787270307540894 0.08126051723957062 -0.9952861070632935 0.05293308570981026 -0.9933428764343262 -0.9782464504241943 -0.06947366148233414 0.19546638429164886 -2.810704231262207
-0.1908632069826126 -0.06760765612125397 -0.9792855978012085 0.6786936521530151 0.08125928044319153 -0.9952893257141113 0.05287504196166992 -0.9933652877807617 -0.9782474040985107 -0.06948413699865341 0.1954580694437027 -2.8106906414031982
-0.19088788330554962 -0.0676242932677269 -0.9792795777320862 0.6786801218986511 0.0812801867723465 -0.9952870011329651 0.0528859980404377 -0.9933604001998901 -0.9782408475875854 -0.06950073689222336 0.1954849660396576 -2.810669183731079
-0.19091972708702087 -0.06764336675405502 -0.9792720675468445 0.6786693334579468 0.08119288086891174 -0.9952923059463501 0.05292052775621414 -0.9933592081069946 -0.9782418608665466 -0.06940635293722153 0.1955133080482483 -2.8106677532196045
-0.1908997744321823 -0.0676162913441658 -0.9792778491973877 0.6786460280418396 0.08120407909154892 -0.9952929019927979 0.05289221554994583 -0.9933491945266724 -0.9782448410987854 -0.06942424178123474 0.19549213349819183 -2.810641050338745
-0.1908346712589264 -0.06762741506099701 -0.9792897701263428 0.678738534450531 0.08123165369033813 -0.9952901005744934 0.052902702242136 -0.9933662414550781 -0.9782552719116211 -0.069453664124012 0.19542956352233887 -2.810676097869873
-0.1908431351184845 -0.06762412190437317 -0.9792883396148682 0.6787330508232117 0.0812496766448021 -0.9952890276908875 0.05289514735341072 -0.9933587312698364 -0.978252112865448 -0.06947218626737595 0.19543874263763428 -2.810656785964966
-0.1908276379108429 -0.06770811229944229 -0.9792855381965637 0.6787365674972534 0.0811278447508812 -0.9952930808067322 0.05300596356391907 -0.9933561086654663 -0.9782652258872986 -0.06933232396841049 0.19542264938354492 -2.810746669769287
-0.19086743891239166 -0.06774269044399261 -0.9792754054069519 0.6787443161010742 0.08116795122623444 -0.9952884912490845 0.05303023010492325 -0.9933544397354126 -0.9782541394233704 -0.069364033639431 0.19546692073345184 -2.8107476234436035
-0.19086869060993195 -0.06777458637952805 -0.9792729616165161 0.6787324547767639 0.08116418123245239 -0.9952870607376099 0.05306331068277359 -0.9933764934539795 -0.9782541990280151 -0.06935376673936844 0.19547022879123688 -2.81071400642395
-0.19090214371681213 -0.06783121824264526 -0.9792625308036804 0.6787576675415039 0.0811455249786377 -0.9952853918075562 0.05312218517065048 -0.9933903217315674 -0.9782492518424988 -0.0693216323852539 0.19550654292106628 -2.8107266426086426
-0.1908196210861206 -0.06790316104888916 -0.9792736172676086 0.6787510514259338 0.08118907362222672 -0.9952781200408936 0.05319254845380783 -0.9933511018753052 -0.9782617092132568 -0.06935613602399826 0.19543181359767914 -2.810728073120117
-0.19083867967128754 -0.06790895015001297 -0.9792695045471191 0.6787729859352112 0.08122864365577698 -0.99527508020401 0.05318915471434593 -0.9933745861053467 -0.9782547354698181 -0.06939418613910675 0.19545334577560425 -2.8107848167419434
-0.19082707166671753 -0.06791049242019653 -0.979271650314331 0.6787691116333008 0.08122611790895462 -0.9952751398086548 0.05319206416606903 -0.9933680295944214 -0.9782571792602539 -0.06939195096492767 0.19544176757335663 -2.8107802867889404
-0.19086027145385742 -0.06788580119609833 -0.979266881942749 0.6787681579589844 0.08121120184659958 -0.9952776432037354 0.05316755548119545 -0.9934002161026001 -0.9782519340515137 -0.06937986612319946 0.19547227025032043 -2.810784339904785
-0.19086097180843353 -0.06787259876728058 -0.9792676568031311 0.6787685751914978 0.08123905956745148 -0.9952763915061951 0.05314851924777031 -0.9933985471725464 -0.9782494902610779 -0.06941080838441849 0.1954735368490219 -2.8107757568359375
-0.19088169932365417 -0.06784948706626892 -0.9792652130126953 0.6787640452384949 0.08124049752950668 -0.9952776432037354 0.053123246878385544 -0.9934043884277344 -0.9782453179359436 -0.06941574066877365 0.19549262523651123 -2.810778856277466
-0.1908949315547943 -0.06787793338298798 -0.9792606830596924 0.678764283657074 0.08122264593839645 -0.9952774047851562 0.05315477028489113 -0.9934029579162598 -0.9782442450523376 -0.069391168653965 0.19550685584545135 -2.810777187347412
-0.19088420271873474 -0.06788188219070435 -0.9792625308036804 0.6787594556808472 0.08115822821855545 -0.9952816963195801 0.053172435611486435 -0.9933505058288574 -0.9782516956329346 -0.06932543218135834 0.1954929381608963 -2.8107593059539795
-0.19077980518341064 -0.06780750304460526 -0.9792879819869995 0.6787832379341125 0.08115771412849426 -0.9952853918075562 0.0531044639647007 -0.9933929443359375 -0.9782720804214478 -0.06934551894664764 0.19538366794586182 -2.8107597827911377
-0.19085858762264252 -0.06783126294612885 -0.9792709946632385 0.6787964105606079 0.08124056458473206 -0.995278537273407 0.05310637876391411 -0.9934041500091553 -0.9782498478889465 -0.0694207176566124 0.19546832144260406 -2.8108038902282715
-0.19078117609024048 -0.06781366467475891 -0.979287326335907 0.6788014769554138 0.08122473955154419 -0.9952802658081055 0.05309723690152168 -0.9933900833129883 -0.9782662391662598 -0.06941241025924683 0.19538910686969757 -2.8108136653900146
-0.19079500436782837 -0.06781049072742462 -0.9792848229408264 0.6787981390953064 0.08124146610498428 -0.9952793121337891 0.05308967083692551 -0.9934245347976685 -0.978262186050415 -0.06942929327487946 0.1954035609960556 -2.8108322620391846
-0.1908378154039383 -0.06786259263753891 -0.9792729020118713 0.678737461566925 0.0812319666147232 -0.9952773451805115 0.053141433745622635 -0.9934182167053223 -0.9782546162605286 -0.06940686702728271 0.19544938206672668 -2.8107454776763916
-0.19085189700126648 -0.0678691640496254 -0.9792696833610535 0.6787336468696594 0.08119003474712372 -0.9952800273895264 0.053155478090047836 -0.9934248924255371 -0.9782553315162659 -0.06936211884021759 0.19546158611774445 -2.810739040374756
-0.1908104568719864 -0.0678502768278122 -0.9792790412902832 0.6787341237068176 0.08119328320026398 -0.9952806234359741 0.053138617426157 -0.9934192895889282 -0.9782631397247314 -0.06937147676944733 0.19541916251182556 -2.810823917388916
-0.19083726406097412 -0.0678456649184227 -0.9792741537094116 0.6787455081939697 0.08122916519641876 -0.9952784776687622 0.05312483385205269 -0.993435263633728 -0.9782549738883972 -0.06940742582082748 0.19544748961925507 -2.810847043991089
-0.19083307683467865 -0.06777377426624298 -0.9792799353599548 0.6787407994270325 0.08120760321617126 -0.995283842086792 0.05305637791752815 -0.9934498071670532 -0.9782575368881226 -0.06940007209777832 0.19543704390525818 -2.8108785152435303
-0.190876305103302 -0.06780171394348145 -0.9792696237564087 0.6787447333335876 0.08122210949659348 -0.9952815175056458 0.05307875573635101 -0.9934555292129517 -0.9782479405403137 -0.06940686702728271 0.19548286497592926 -2.8108813762664795
-0.19083860516548157 -0.06772926449775696 -0.9792819619178772 0.6787927150726318 0.08119518309831619 -0.9952871799468994 0.05301322042942047 -0.9934592247009277 -0.9782574772834778 -0.069396011531353 0.19543872773647308 -2.8108057975769043
-0.19083893299102783 -0.06768745183944702 -0.9792847633361816 0.6787955164909363 0.08121990412473679 -0.9952877163887024 0.05296576768159866 -0.993465781211853 -0.9782553911209106 -0.06942948698997498 0.19543741643428802 -2.8107995986938477
-0.19084522128105164 -0.06763438135385513 -0.9792872071266174 0.6788026690483093 0.08123894035816193 -0.9952892065048218 0.05290757119655609 -0.9934548139572144 -0.9782525897026062 -0.06945909559726715 0.19544096291065216 -2.810788154602051
-0.19081167876720428 -0.06758109480142593 -0.9792974591255188 0.6788183450698853 0.08124873042106628 -0.9952912926673889 0.05285387858748436 -0.993457555770874 -0.9782583117485046 -0.06948153674602509 0.1954042911529541 -2.8107857704162598
-0.1907724291086197 -0.06750892847776413 -0.9793100357055664 0.678780734539032 0.08119554072618484 -0.9952988028526306 0.05279398709535599 -0.9933797121047974 -0.978270411491394 -0.06944397836923599 0.19535721838474274 -2.8107895851135254
-0.19075731933116913 -0.06754762679338455 -0.9793103337287903 0.6787830591201782 0.0812242329120636 -0.9952946305274963 0.05282868072390556 -0.9933756589889526 -0.978270947933197 -0.06946627050638199 0.19534645974636078 -2.8107924461364746
-0.19074906408786774 -0.06756170094013214 -0.9793109893798828 0.6787956953048706 0.08115361630916595 -0.9952988624572754 0.05285767838358879 -0.9933873414993286 -0.978278398513794 -0.06939207762479782 0.19533541798591614 -2.8108322620391846
-0.19071532785892487 -0.06758241355419159 -0.9793161153793335 0.6787977814674377 0.0811629444360733 -0.9952969551086426 0.052879296243190765 -0.9933855533599854 -0.9782842397689819 -0.06939928978681564 0.1953037828207016 -2.810842275619507
-0.19075125455856323 -0.0675586462020874 -0.9793107509613037 0.6787828207015991 0.08113479614257812 -0.9953003525733948 0.052858173847198486 -0.9933915138244629 -0.9782795310020447 -0.06937341392040253 0.19533635675907135 -2.8107995986938477
-0.1907394826412201 -0.06755806505680084 -0.97931307554245 0.6787828207015991 0.08114171773195267 -0.9952998757362366 0.05285704508423805 -0.9933964014053345 -0.9782812595367432 -0.0693812221288681 0.19532497227191925 -2.8108043670654297
-0.19080349802970886 -0.06761175394058228 -0.9792969226837158 0.67877197265625 0.08113571256399155 -0.9952976107597351 0.05290820449590683 -0.9934290647506714 -0.9782692790031433 -0.0693608820438385 0.19539222121238708 -2.81075382232666
-0.19082455337047577 -0.06758525222539902 -0.9792946577072144 0.6787674427032471 0.0811418890953064 -0.9952986836433411 0.05287851765751839 -0.993441104888916 -0.9782646894454956 -0.069371297955513 0.19541165232658386 -2.8107571601867676
-0.19085176289081573 -0.06760107725858688 -0.9792882800102234 0.6786971092224121 0.08112195134162903 -0.9952993392944336 0.05289662256836891 -0.9934402704238892 -0.9782609939575195 -0.0693463608622551 0.19543878734111786 -2.8107705116271973
-0.19086089730262756 -0.0676036849617958 -0.9792863130569458 0.6786792874336243 0.08111125975847244 -0.9952999949455261 0.05290074646472931 -0.9934506416320801 -0.9782600998878479 -0.06933446228504181 0.19544748961925507 -2.8107728958129883
-0.1908227801322937 -0.06754613667726517 -0.9792976975440979 0.6787148714065552 0.08110073953866959 -0.9953036904335022 0.052847109735012054 -0.9934097528457642 -0.9782684445381165 -0.06933733820915222 0.19540488719940186 -2.810762643814087
-0.19077785313129425 -0.06754986941814423 -0.979306161403656 0.6787076592445374 0.08113044500350952 -0.9953012466430664 0.0528482049703598 -0.9934160709381104 -0.9782747030258179 -0.06936927884817123 0.19536200165748596 -2.810764789581299
-0.19082815945148468 -0.06758124381303787 -0.9792942404747009 0.6787722110748291 0.08109278976917267 -0.9953023791313171 0.05288398638367653 -0.9934307336807251 -0.978268027305603 -0.06932194530963898 0.1954122930765152 -2.8107612133026123
-0.19078105688095093 -0.06757339090108871 -0.9793039560317993 0.6788093447685242 0.0810876339673996 -0.9953030347824097 0.052880432456731796 -0.993432879447937 -0.9782776236534119 -0.06932085752487183 0.1953645497560501 -2.8107709884643555
-0.19077105820178986 -0.0675886794924736 -0.979304850101471 0.6788226366043091 0.08108385652303696 -0.9953024387359619 0.05289744585752487 -0.9934362173080444 -0.9782798886299133 -0.06931450963020325 0.19535546004772186 -2.8107733726501465
-0.19081544876098633 -0.06762554496526718 -0.9792936444282532 0.6787909865379333 0.08102646470069885 -0.9953046441078186 0.05294317379593849 -0.9934215545654297 -0.9782760143280029 -0.0692463293671608 0.1953991800546646 -2.8107776641845703
-0.1908111274242401 -0.06765343248844147 -0.9792925715446472 0.6787983179092407 0.0811045914888382 -0.9952976107597351 0.0529562272131443 -0.9934248924255371 -0.9782703518867493 -0.06932049244642258 0.19540108740329742 -2.8107831478118896
-0.19072403013706207 -0.0676804780960083 -0.9793076515197754 0.6787707805633545 0.0810508131980896 -0.9952996373176575 0.05300072208046913 -0.9933918714523315 -0.9782918095588684 -0.06926517188549042 0.19531331956386566 -2.810793876647949
-0.19073885679244995 -0.0676693320274353 -0.9793055057525635 0.6787747740745544 0.08106477558612823 -0.9952992796897888 0.0529855452477932 -0.9933886528015137 -0.9782877564430237 -0.06928078085184097 0.19532805681228638 -2.810802459716797
-0.19067510962486267 -0.06775927543640137 -0.9793117046356201 0.6788039207458496 0.08098671585321426 -0.9952996969223022 0.05309712514281273 -0.993367075920105 -0.9783066511154175 -0.06918694823980331 0.1952667087316513 -2.810853958129883
-0.19069737195968628 -0.06775394827127457 -0.9793077707290649 0.6788114309310913 0.08099532872438431 -0.9952994585037231 0.053088389337062836 -0.9933599233627319 -0.9783015847206116 -0.06919553875923157 0.19528897106647491 -2.810868978500366
-0.19067594408988953 -0.06782075762748718 -0.9793072938919067 0.6787759065628052 0.0810471847653389 -0.995292067527771 0.05314748361706734 -0.9933551549911499 -0.9783015251159668 -0.0692361518740654 0.19527515769004822 -2.810817003250122
-0.19069266319274902 -0.06778519600629807 -0.9793065190315247 0.6787813901901245 0.08102037757635117 -0.9952960014343262 0.05311548337340355 -0.993351936340332 -0.9783004522323608 -0.06921505182981491 0.19528783857822418 -2.8108267784118652
-0.19069068133831024 -0.06775232404470444 -0.9793092012405396 0.6787366271018982 0.08098209649324417 -0.9953004717826843 0.05308985710144043 -0.9933844804763794 -0.9783040285110474 -0.06918277591466904 0.19528146088123322 -2.8108255863189697
-0.1907222419977188 -0.06771795451641083 -0.9793053865432739 0.6787337064743042 0.08098137378692627 -0.9953024983406067 0.05305280163884163 -0.9933857917785645 -0.9782979488372803 -0.06918714940547943 0.19531042873859406 -2.8108315467834473
-0.19071097671985626 -0.06767024844884872 -0.979310929775238 0.6787641644477844 0.0809398740530014 -0.995307981967926 0.05301341041922569 -0.9934026002883911 -0.9783035516738892 -0.06915505975484848 0.195293590426445 -2.810826539993286
-0.19075635075569153 -0.06768385320901871 -0.9793010950088501 0.6787818670272827 0.08090965449810028 -0.9953095316886902 0.05303001403808594 -0.9934039115905762 -0.978297233581543 -0.06911910325288773 0.19533811509609222 -2.8108177185058594
-0.19079619646072388 -0.0677102655172348 -0.979291558265686 0.678805947303772 0.08097434043884277 -0.9953036904335022 0.05304107815027237 -0.9934273958206177 -0.9782840609550476 -0.06917744874954224 0.19538317620754242 -2.8107995986938477
-0.19077332317829132 -0.06765050441026688 -0.9793001413345337 0.6787828207015991 0.0809209793806076 -0.9953106045722961 0.05299263820052147 -0.9934794902801514 -0.9782929420471191 -0.06913634389638901 0.19535328447818756 -2.810811996459961
-0.1908508986234665 -0.06768031418323517 -0.9792829751968384 0.6787875294685364 0.08095970749855042 -0.9953065514564514 0.05300963297486305 -0.9934978485107422 -0.9782746434211731 -0.06916552037000656 0.19543473422527313 -2.8108162879943848
-0.19076772034168243 -0.06761917471885681 -0.9793033599853516 0.6787528991699219 0.08094609528779984 -0.9953104853630066 0.05295618623495102 -0.9934362173080444 -0.9782919883728027 -0.06916845589876175 0.19534684717655182 -2.810786485671997
-0.19081099331378937 -0.06764935702085495 -0.9792928695678711 0.6787478923797607 0.08096108585596085 -0.995307981967926 0.052980758249759674 -0.9934364557266235 -0.9782822728157043 -0.06917530298233032 0.1953928917646408 -2.8107903003692627
-0.19074782729148865 -0.0678129717707634 -0.9792938828468323 0.6787315607070923 0.08096648752689362 -0.9952985048294067 0.05315050482749939 -0.9933968782424927 -0.9782941937446594 -0.06915164738893509 0.1953418105840683 -2.8107664585113525
-0.1907409429550171 -0.06779610365629196 -0.9792963862419128 0.6787223219871521 0.08095617592334747 -0.9953001141548157 0.05313592031598091 -0.9933909177780151 -0.9782963395118713 -0.06914488971233368 0.19533321261405945 -2.8107683658599854
-0.1907234787940979 -0.06783077865839005 -0.9792973399162292 0.678756833076477 0.08091235160827637 -0.9953012466430664 0.05318116396665573 -0.993416428565979 -0.9783033728599548 -0.06909435987472534 0.195315882563591 -2.810748338699341
-0.1907733678817749 -0.06781354546546936 -0.9792888164520264 0.6787537932395935 0.08090658485889435 -0.9953027963638306 0.053161218762397766 -0.9934132099151611 -0.9782941341400146 -0.06908916682004929 0.19536404311656952 -2.8107471466064453
-0.19078706204891205 -0.06787043809890747 -0.9792822003364563 0.6787535548210144 0.08090092241764069 -0.9953001737594604 0.05321919173002243 -0.9934036731719971 -0.978291928768158 -0.06907130032777786 0.19538138806819916 -2.810776472091675
-0.19077536463737488 -0.06782476603984833 -0.9792876839637756 0.6787450909614563 0.08087562024593353 -0.9953043460845947 0.053178660571575165 -0.9933933019638062 -0.9782963395118713 -0.06905531883239746 0.19536514580249786 -2.8107781410217285
-0.19081684947013855 -0.067875936627388 -0.9792760610580444 0.6787543296813965 0.08086369186639786 -0.9953026175498962 0.053230077028274536 -0.9933743476867676 -0.9782891869544983 -0.06903067976236343 0.19540943205356598 -2.810708522796631
-0.19081856310367584 -0.06789026409387589 -0.9792746901512146 0.678748607635498 0.08088893443346024 -0.9953000545501709 0.053239475935697556 -0.9933609962463379 -0.9782868027687073 -0.06905341148376465 0.1954135149717331 -2.810698986053467
-0.19078657031059265 -0.06792999058961868 -0.9792782068252563 0.6787850856781006 0.08088254183530807 -0.9952982068061829 0.05328341946005821 -0.993329644203186 -0.9782935380935669 -0.06904075294733047 0.19538410007953644 -2.8106822967529297
-0.1907888501882553 -0.0679948627948761 -0.97927325963974 0.6788018941879272 0.08089417964220047 -0.9952938556671143 0.053346868604421616 -0.9933375120162964 -0.9782921671867371 -0.06903952360153198 0.19539158046245575 -2.810720443725586
-0.19078858196735382 -0.06799584627151489 -0.97927325963974 0.6788037419319153 0.08088698238134384 -0.9952943325042725 0.0533493272960186 -0.9933315515518188 -0.9782928228378296 -0.06903201341629028 0.195390984416008 -2.8107175827026367
-0.19089333713054657 -0.0680113136768341 -0.9792517423629761 0.6787412762641907 0.08085911720991135 -0.9952958226203918 0.053363099694252014 -0.9933782815933228 -0.9782746434211731 -0.06899476796388626 0.1954948902130127 -2.810678720474243
-0.19088488817214966 -0.0679904893040657 -0.9792548418045044 0.67872154712677 0.08083625137805939 -0.9952985644340515 0.053347110748291016 -0.9933708906173706 -0.9782782196998596 -0.06897613406181335 0.19548377394676208 -2.8106701374053955
-0.19085738062858582 -0.06797175854444504 -0.9792615175247192 0.6787087917327881 0.08088856935501099 -0.9952957630157471 0.05331959202885628 -0.9933990240097046 -0.9782792329788208 -0.0690346285700798 0.19545790553092957 -2.8106448650360107
-0.19086061418056488 -0.06798045337200165 -0.979260265827179 0.6787059903144836 0.08092773705720901 -0.9952925443649292 0.053320370614528656 -0.9934371709823608 -0.9782753586769104 -0.06907255947589874 0.1954638808965683 -2.8107142448425293
-0.19088587164878845 -0.06806261837482452 -0.9792496562004089 0.6787139177322388 0.0808919221162796 -0.9952906966209412 0.05340922623872757 -0.9933996200561523 -0.9782733917236328 -0.06901831924915314 0.19549286365509033 -2.8106884956359863
-0.19088535010814667 -0.06801927834749222 -0.9792527556419373 0.6787419319152832 0.08095573633909225 -0.9952885508537292 0.05335246026515961 -0.9933786392211914 -0.9782682061195374 -0.06909193098545074 0.19549277424812317 -2.810669422149658
-0.19087429344654083 -0.06798440963029861 -0.979257345199585 0.6787470579147339 0.0809989795088768 -0.9952873587608337 0.05330917611718178 -0.9934147596359253 -0.9782668352127075 -0.06914349645376205 0.19548165798187256 -2.8107287883758545
-0.19083034992218018 -0.06800364702939987 -0.9792645573616028 0.678713858127594 0.0810210183262825 -0.9952845573425293 0.05332748591899872 -0.9934018850326538 -0.9782735705375671 -0.06916450709104538 0.19544044137001038 -2.810703754425049
