# 3x4 first row second row third row Freq: 100 current Time: 2021-07-27-16:59:17
-0.09061016142368317 0.6980200409889221 -0.7103222012519836 0.20430010557174683 0.11259737610816956 -0.7015021443367004 -0.7037160396575928 -0.7027119994163513 -0.9895005822181702 -0.1437443196773529 -0.015031842514872551 -3.236215829849243
-0.09065771847963333 0.698032557964325 -0.710303783416748 0.20433835685253143 0.11254727840423584 -0.7014901638031006 -0.7037360072135925 -0.7027697563171387 -0.989501953125 -0.1437419354915619 -0.014966005459427834 -3.236187696456909
-0.09067395329475403 0.6980113983154297 -0.7103225588798523 0.20434415340423584 0.1125539094209671 -0.7015078663825989 -0.7037172913551331 -0.7027701139450073 -0.9894996881484985 -0.14375849068164825 -0.014955253340303898 -3.236154317855835
-0.09055561572313309 0.698039174079895 -0.7103103399276733 0.20429188013076782 0.11265110224485397 -0.7014832496643066 -0.7037262916564941 -0.7027597427368164 -0.9894994497299194 -0.14374367892742157 -0.015111472457647324 -3.236264705657959
-0.09054696559906006 0.6980489492416382 -0.7103018164634705 0.20428849756717682 0.11264988780021667 -0.7014749646186829 -0.7037346959114075 -0.7027636766433716 -0.9895004034042358 -0.14373654127120972 -0.015118544921278954 -3.2362523078918457
-0.09057015180587769 0.6980990767478943 -0.7102496027946472 0.20424968004226685 0.11256971955299377 -0.7014336585998535 -0.7037887573242188 -0.7027713060379028 -0.9895073771476746 -0.1436949372291565 -0.015055700205266476 -3.23624324798584
-0.09055647253990173 0.6980838179588318 -0.7102664113044739 0.2042376697063446 0.1125856414437294 -0.7014484405517578 -0.7037714719772339 -0.7027773261070251 -0.9895068407058716 -0.14369693398475647 -0.015073350630700588 -3.2362265586853027
-0.09059394150972366 0.6981062889099121 -0.7102395296096802 0.2043207734823227 0.11260635405778885 -0.7014177441596985 -0.7037987112998962 -0.7027516961097717 -0.9895010590553284 -0.14373746514320374 -0.015066839754581451 -3.236231803894043
-0.09066371619701385 0.6981022953987122 -0.710234522819519 0.20433582365512848 0.11264006793498993 -0.701406717300415 -0.7038043141365051 -0.7027720212936401 -0.989490807056427 -0.1438104510307312 -0.015041991136968136 -3.2362172603607178
-0.09053090214729309 0.6980855464935303 -0.710267961025238 0.20435714721679688 0.11274311691522598 -0.7014275193214417 -0.7037671208381653 -0.702731192111969 -0.9894912838935852 -0.1437905728816986 -0.015203306451439857 -3.2361831665039062
-0.09052276611328125 0.6981391310691833 -0.7102162837982178 0.20432376861572266 0.11273381114006042 -0.7013769149780273 -0.7038189768791199 -0.7027038931846619 -0.9894930720329285 -0.14377711713314056 -0.015213142149150372 -3.2361538410186768
-0.09051458537578583 0.6982084512710571 -0.7101491689682007 0.20428983867168427 0.11264963448047638 -0.7013216018676758 -0.7038875818252563 -0.7027173638343811 -0.9895033836364746 -0.14371022582054138 -0.015172931365668774 -3.2363102436065674
-0.09053640067577362 0.698211669921875 -0.7101432085037231 0.2042919546365738 0.11259975284337997 -0.7013225555419922 -0.7038946747779846 -0.702745258808136 -0.9895070791244507 -0.14369012415409088 -0.015123079530894756 -3.23630690574646
-0.09051288664340973 0.698209822177887 -0.71014803647995 0.2042786329984665 0.11265464127063751 -0.7013198137283325 -0.7038885951042175 -0.7027412056922913 -0.9895029664039612 -0.14371253550052643 -0.015177932567894459 -3.2363035678863525
-0.09055391699075699 0.6982146501541138 -0.7101380825042725 0.20428423583507538 0.11267667263746262 -0.7013058662414551 -0.7038989067077637 -0.7027484774589539 -0.9894967079162598 -0.14375688135623932 -0.015166346915066242 -3.23630428314209
-0.09060302376747131 0.6981359124183655 -0.7102092504501343 0.20432285964488983 0.11269193887710571 -0.7013746500015259 -0.703827977180481 -0.7027036547660828 -0.9894905090332031 -0.14380387961864471 -0.015127459540963173 -3.236198663711548
-0.0907055214047432 0.6980698108673096 -0.7102611064910889 0.204318568110466 0.11272431164979935 -0.7014206647872925 -0.7037768959999084 -0.7026984691619873 -0.9894773960113525 -0.14390023052692413 -0.01506655104458332 -3.236196279525757
-0.09066358953714371 0.6981329321861267 -0.7102044224739075 0.20428593456745148 0.11265705525875092 -0.7013739347457886 -0.7038342356681824 -0.7027474641799927 -0.9894888997077942 -0.14382176101207733 -0.015060360543429852 -3.2362148761749268
-0.09066775441169739 0.6981120109558105 -0.710224449634552 0.20427827537059784 0.11262594163417816 -0.7013985514640808 -0.703814685344696 -0.7027474641799927 -0.9894920587539673 -0.14380307495594025 -0.015031127259135246 -3.236201047897339
-0.09070364385843277 0.6981397271156311 -0.7101926207542419 0.20428800582885742 0.11259777843952179 -0.7013700604438782 -0.7038476467132568 -0.7027322053909302 -0.9894919991493225 -0.14380773901939392 -0.014991997741162777 -3.2363204956054688
-0.09070701897144318 0.6981305480003357 -0.7102012038230896 0.2042800337076187 0.11263435333967209 -0.7013733386993408 -0.7038385272026062 -0.7027314901351929 -0.9894875288009644 -0.14383623003959656 -0.01501383911818266 -3.2363200187683105
-0.09071638435125351 0.6980637907981873 -0.7102656364440918 0.20433925092220306 0.11261428892612457 -0.7014410495758057 -0.7037742137908936 -0.7027116417884827 -0.989488959312439 -0.14382998645305634 -0.014979597181081772 -3.2364606857299805
-0.09071450680494308 0.6980440020561218 -0.7102853655815125 0.20434308052062988 0.11261119693517685 -0.7014614343643188 -0.7037544250488281 -0.7027072906494141 -0.9894894361495972 -0.1438269019126892 -0.01497467327862978 -3.2364675998687744
-0.09066357463598251 0.6980810165405273 -0.7102554440498352 0.20434758067131042 0.1126619353890419 -0.7014246582984924 -0.7037829756736755 -0.702704131603241 -0.9894883632659912 -0.14382630586624146 -0.015053334645926952 -3.2365126609802246
-0.09063322842121124 0.6980761885643005 -0.7102640867233276 0.20434921979904175 0.11267666518688202 -0.7014316916465759 -0.703773558139801 -0.7027006149291992 -0.9894894361495972 -0.1438155323266983 -0.015083719976246357 -3.2365212440490723
-0.09054218232631683 0.6981203556060791 -0.7102322578430176 0.20433907210826874 0.11277659237384796 -0.7013865113258362 -0.7038025856018066 -0.70279860496521 -0.9894863963127136 -0.14382147789001465 -0.015226410701870918 -3.2364275455474854
-0.09051677584648132 0.6981094479560852 -0.710246205329895 0.20433887839317322 0.11275196075439453 -0.7014045715332031 -0.7037885785102844 -0.7028130292892456 -0.9894915223121643 -0.14378640055656433 -0.015224168077111244 -3.2364275455474854
-0.09053723514080048 0.6981422305107117 -0.7102113962173462 0.20433616638183594 0.11270593851804733 -0.7013758420944214 -0.7038245797157288 -0.7027333974838257 -0.9894949197769165 -0.14376744627952576 -0.015183980576694012 -3.236431121826172
-0.09057111293077469 0.6981081962585449 -0.7102405428886414 0.20436660945415497 0.11273115128278732 -0.7014009952545166 -0.7037954330444336 -0.702767014503479 -0.989488959312439 -0.14380985498428345 -0.015171711333096027 -3.236427068710327
-0.090549997985363 0.6981369853019714 -0.7102149128913879 0.20433403551578522 0.11281390488147736 -0.7013634443283081 -0.7038195729255676 -0.7027696371078491 -0.9894814491271973 -0.1438530534505844 -0.015250940807163715 -3.2362592220306396
-0.09060943871736526 0.6980292201042175 -0.7103132605552673 0.20430056750774384 0.11273256689310074 -0.7014734745025635 -0.7037229537963867 -0.7027363777160645 -0.9894852638244629 -0.14383944869041443 -0.015130342915654182 -3.236276149749756
-0.09058144688606262 0.6980344653129578 -0.7103117108345032 0.20429280400276184 0.11274085938930511 -0.7014711499214172 -0.7037239074707031 -0.7027379870414734 -0.9894868731498718 -0.14382556080818176 -0.015156564302742481 -3.2362561225891113
-0.09057089686393738 0.6980574131011963 -0.7102904915809631 0.2042519897222519 0.11279444396495819 -0.7014421820640564 -0.7037442326545715 -0.702752947807312 -0.9894817471504211 -0.14385564625263214 -0.015206585638225079 -3.2362005710601807
-0.09055379778146744 0.6980964541435242 -0.7102543115615845 0.20426538586616516 0.11272688210010529 -0.7014157772064209 -0.7037814259529114 -0.7027655839920044 -0.9894909858703613 -0.14379490911960602 -0.015178211964666843 -3.2361886501312256
-0.09052415937185287 0.6981696486473083 -0.7101861238479614 0.20428377389907837 0.11268097162246704 -0.7013541460037231 -0.7038501501083374 -0.7027618885040283 -0.9894989728927612 -0.1437399834394455 -0.015180774964392185 -3.236266613006592
-0.09054680168628693 0.698127269744873 -0.7102249264717102 0.20428192615509033 0.1127338707447052 -0.7013852596282959 -0.7038106918334961 -0.7027779221534729 -0.9894908666610718 -0.14379428327083588 -0.015194238163530827 -3.2362349033355713
-0.09053914248943329 0.6980758309364319 -0.7102764248847961 0.20429764688014984 0.11281255632638931 -0.7014258503913879 -0.703757643699646 -0.7027718424797058 -0.989482581615448 -0.14384578168392181 -0.015245063230395317 -3.236191987991333
-0.09054504334926605 0.6980808973312378 -0.7102707028388977 0.20430046319961548 0.11279404908418655 -0.7014226317405701 -0.7037637829780579 -0.7027873396873474 -0.9894841313362122 -0.14383670687675476 -0.01522886659950018 -3.2361762523651123
-0.09061242640018463 0.6981056332588196 -0.7102378010749817 0.2043050229549408 0.1127132996916771 -0.7014002203941345 -0.7037990689277649 -0.7027950882911682 -0.9894871711730957 -0.14382626116275787 -0.01513004396110773 -3.2362637519836426
-0.09061942994594574 0.6980573534965515 -0.7102843523025513 0.20431029796600342 0.11272793263196945 -0.7014448642730713 -0.7037522196769714 -0.7028000950813293 -0.9894849061965942 -0.14384259283542633 -0.015125864185392857 -3.236250400543213
-0.09069105982780457 0.6980515122413635 -0.7102809548377991 0.20430997014045715 0.11266037821769714 -0.7014502286911011 -0.7037577033042908 -0.7027578353881836 -0.989486038684845 -0.14384514093399048 -0.01502731442451477 -3.23626971244812
-0.09063886851072311 0.6980639696121216 -0.7102753520011902 0.20429714024066925 0.11264511197805405 -0.701447606086731 -0.7037627696990967 -0.7027521133422852 -0.9894925355911255 -0.1437973827123642 -0.015054915100336075 -3.2362585067749023
-0.09064370393753052 0.6980559229850769 -0.7102826237678528 0.20428001880645752 0.1127045601606369 -0.7014461755752563 -0.7037546634674072 -0.7027985453605652 -0.9894853234291077 -0.14384309947490692 -0.015092236921191216 -3.2362160682678223
-0.09063498675823212 0.6981192827224731 -0.710221529006958 0.20430979132652283 0.11260846257209778 -0.7013986706733704 -0.7038173675537109 -0.7027198672294617 -0.9894970655441284 -0.14376750588417053 -0.015042711980640888 -3.2362709045410156
-0.09066606312990189 0.6981121301651001 -0.7102245092391968 0.20431210100650787 0.1126466691493988 -0.7013956904411316 -0.7038142681121826 -0.7027133107185364 -0.9894898533821106 -0.14381657540798187 -0.01504705660045147 -3.2362701892852783
-0.09048701822757721 0.6980681419372559 -0.7102906107902527 0.20431272685527802 0.11276069283485413 -0.7014485001564026 -0.7037433385848999 -0.7027818560600281 -0.9894932508468628 -0.14377257227897644 -0.015242500230669975 -3.236323118209839
-0.09052050858736038 0.6980739235877991 -0.71028071641922 0.20433497428894043 0.11279767751693726 -0.7014325857162476 -0.7037532925605774 -0.7028116583824158 -0.9894859790802002 -0.14382219314575195 -0.015246917493641376 -3.236325979232788
-0.09045713394880295 0.6981463432312012 -0.7102175951004028 0.2043256163597107 0.11279145628213882 -0.7013708353042603 -0.7038158178329468 -0.7028608322143555 -0.9894924759864807 -0.1437717229127884 -0.015300779603421688 -3.236361265182495
-0.09047619253396988 0.6980773210525513 -0.7102829813957214 0.20429976284503937 0.11281711608171463 -0.7014327645301819 -0.7037500143051147 -0.7028630971908569 -0.9894878268241882 -0.14380477368831635 -0.015291945077478886 -3.236344814300537
-0.09038111567497253 0.6981019377708435 -0.710270881652832 0.20430967211723328 0.11287489533424377 -0.7014136910438538 -0.7037597894668579 -0.7028495073318481 -0.9894899129867554 -0.14377842843532562 -0.015403464436531067 -3.2363510131835938
-0.09036685526371002 0.6980966925621033 -0.7102778553962708 0.20430825650691986 0.11288570612668991 -0.7014193534851074 -0.703752338886261 -0.702865719795227 -0.9894899725914001 -0.14377617835998535 -0.015419911593198776 -3.236356496810913
-0.09047409892082214 0.6980935335159302 -0.7102673053741455 0.2043142169713974 0.11278403550386429 -0.7014217972755432 -0.7037662267684937 -0.7027609944343567 -0.9894917607307434 -0.14377950131893158 -0.015273130498826504 -3.236283302307129
-0.09045074880123138 0.6980950832366943 -0.7102687954902649 0.20424199104309082 0.11275766044855118 -0.7014274597167969 -0.703764796257019 -0.7027531266212463 -0.9894969463348389 -0.14374437928199768 -0.015270762145519257 -3.2362608909606934
-0.09045311063528061 0.6980764865875244 -0.7102867364883423 0.20422717928886414 0.11280333250761032 -0.7014389038085938 -0.7037460803985596 -0.7027580738067627 -0.9894915223121643 -0.14377881586551666 -0.015297860838472843 -3.2362539768218994
-0.09049926698207855 0.6980665922164917 -0.7102905511856079 0.20424909889698029 0.11264122277498245 -0.7014656066894531 -0.703745424747467 -0.7027637362480164 -0.9895057678222656 -0.14369651675224304 -0.015148789621889591 -3.2362208366394043
-0.09054412692785263 0.6980498433113098 -0.7103013396263123 0.20430177450180054 0.11264974623918533 -0.7014745473861694 -0.7037351727485657 -0.7028023600578308 -0.9895007014274597 -0.1437344253063202 -0.015120573341846466 -3.2362310886383057
-0.09042809903621674 0.698115885257721 -0.7102512121200562 0.2042686492204666 0.11274471133947372 -0.7014120221138 -0.7037822604179382 -0.7028253078460693 -0.9895004630088806 -0.14371883869171143 -0.015281354077160358 -3.236233949661255
-0.09045106172561646 0.698088526725769 -0.7102751731872559 0.20427989959716797 0.11276525259017944 -0.7014328241348267 -0.7037582397460938 -0.7028384208679199 -0.9894960522651672 -0.1437501162290573 -0.01527462713420391 -3.2362253665924072
-0.09043819457292557 0.6981765627861023 -0.7101902365684509 0.20427125692367554 0.11279959231615067 -0.7013424038887024 -0.70384281873703 -0.7028189897537231 -0.9894933104515076 -0.14376352727413177 -0.015325729735195637 -3.2361953258514404
-0.09043911099433899 0.6981580257415771 -0.7102083563804626 0.2042810320854187 0.11275755614042282 -0.7013667821884155 -0.7038252949714661 -0.7028306126594543 -0.9894980192184448 -0.14373476803302765 -0.015291446819901466 -3.2361810207366943
-0.09032969176769257 0.6981833577156067 -0.7101974487304688 0.20428596436977386 0.11279651522636414 -0.7013518214225769 -0.7038339972496033 -0.7028651833534241 -0.9895035624504089 -0.143684983253479 -0.01539959292858839 -3.2361843585968018
-0.09046593308448792 0.6981257200241089 -0.7102367281913757 0.20429261028766632 0.11273832619190216 -0.7013977766036987 -0.7037975192070007 -0.7027738094329834 -0.989497721195221 -0.1437406837940216 -0.01525275968015194 -3.2362356185913086
-0.09049549698829651 0.6981567144393921 -0.7102024555206299 0.20423761010169983 0.11279211938381195 -0.7013549208641052 -0.7038315534591675 -0.7027168273925781 -0.9894888997077942 -0.14379891753196716 -0.015276948921382427 -3.236217498779297
-0.09057063609361649 0.6980727314949036 -0.7102754712104797 0.2042616456747055 0.11281489580869675 -0.7014240622520447 -0.7037590146064758 -0.7027401328086853 -0.9894794225692749 -0.14386963844299316 -0.015224413014948368 -3.2361996173858643
-0.09058768302202225 0.6980560421943665 -0.7102896571159363 0.2042575478553772 0.11283071339130402 -0.7014358043670654 -0.7037447690963745 -0.7027310132980347 -0.9894760847091675 -0.14389318227767944 -0.015220553614199162 -3.2361865043640137
-0.09067266434431076 0.6980513334274292 -0.7102834582328796 0.20425912737846375 0.11278475075960159 -0.7014349102973938 -0.7037530541419983 -0.7027477025985718 -0.9894735217094421 -0.1439203917980194 -0.015128407627344131 -3.2360987663269043
-0.09075749665498734 0.6980569362640381 -0.7102671265602112 0.20425260066986084 0.11280199140310287 -0.7014145851135254 -0.7037705183029175 -0.7027432322502136 -0.9894638061523438 -0.14399206638336182 -0.015083418227732182 -3.236081838607788
-0.09079751372337341 0.6980589032173157 -0.7102600932121277 0.2042558342218399 0.11272479593753815 -0.7014181613922119 -0.7037793397903442 -0.7027456164360046 -0.9894689321517944 -0.14396542310714722 -0.015001358464360237 -3.2360448837280273
-0.09081818163394928 0.6980443000793457 -0.7102717757225037 0.20425935089588165 0.11272305250167847 -0.7014299035072327 -0.7037679553031921 -0.7027551531791687 -0.989467203617096 -0.143979012966156 -0.014982936903834343 -3.236022710800171
-0.09086823463439941 0.6980280876159668 -0.7102813124656677 0.20427940785884857 0.11264218389987946 -0.7014504671096802 -0.7037603259086609 -0.7027578949928284 -0.9894718527793884 -0.14395718276500702 -0.014887680299580097 -3.236142635345459
-0.09086138755083084 0.6980308294296265 -0.7102795243263245 0.20428909361362457 0.11259680986404419 -0.7014553546905518 -0.7037627696990967 -0.7027634382247925 -0.9894776344299316 -0.1439201384782791 -0.014860672876238823 -3.236149787902832
-0.09075755625963211 0.6980558633804321 -0.7102681398391724 0.204262837767601 0.11267802864313126 -0.7014337182044983 -0.7037713527679443 -0.7027910351753235 -0.9894779324531555 -0.14390425384044647 -0.014994984492659569 -3.236088991165161
-0.09067431092262268 0.6980817914009094 -0.7102533578872681 0.204222172498703 0.11270783096551895 -0.7014157176017761 -0.7037845253944397 -0.7028276324272156 -0.9894821643829346 -0.1438663750886917 -0.015078733675181866 -3.236173629760742
-0.09065867960453033 0.698074460029602 -0.7102625370025635 0.20422051846981049 0.11270129680633545 -0.7014261484146118 -0.70377516746521 -0.7028408646583557 -0.9894843101501465 -0.1438509076833725 -0.015083365142345428 -3.2361698150634766
-0.09063524007797241 0.6980298757553101 -0.7103093266487122 0.20421937108039856 0.11271990835666656 -0.7014710307121277 -0.7037274837493896 -0.7028301358222961 -0.9894843697547913 -0.14384858310222626 -0.015103703364729881 -3.2361762523651123
-0.09060298651456833 0.6979923844337463 -0.7103502750396729 0.2042773962020874 0.11282150447368622 -0.7014980316162109 -0.7036842703819275 -0.7028502225875854 -0.9894757270812988 -0.14389875531196594 -0.01519057434052229 -3.2361249923706055
-0.09057196229696274 0.6980074644088745 -0.7103394269943237 0.20427654683589935 0.11281708627939224 -0.701488196849823 -0.703694760799408 -0.702854335308075 -0.9894790649414062 -0.14387352764606476 -0.015211845748126507 -3.2361090183258057
-0.0906231552362442 0.6979511976242065 -0.71038818359375 0.20426498353481293 0.11285924911499023 -0.701530396938324 -0.7036458849906921 -0.7028161287307739 -0.989469587802887 -0.14394056797027588 -0.015195184387266636 -3.2360599040985107
-0.09059535712003708 0.6979379653930664 -0.7104047536849976 0.20426331460475922 0.11284597218036652 -0.7015494704246521 -0.7036290168762207 -0.7027890682220459 -0.9894736409187317 -0.1439119130373001 -0.015202196314930916 -3.236069679260254
-0.09055773913860321 0.6979619860649109 -0.7103859186172485 0.20421214401721954 0.11284485459327698 -0.7015312314033508 -0.7036473751068115 -0.7027981281280518 -0.9894772171974182 -0.14388419687747955 -0.01523217000067234 -3.236114978790283
-0.09050380438566208 0.6979873180389404 -0.7103679180145264 0.20422229170799255 0.11283662915229797 -0.7015151381492615 -0.7036647796630859 -0.7027931213378906 -0.9894830584526062 -0.14383994042873383 -0.015268581919372082 -3.2361178398132324
-0.09053704887628555 0.698002815246582 -0.7103484869003296 0.20422489941120148 0.11284182965755463 -0.7014942765235901 -0.7036847472190857 -0.7028036713600159 -0.9894794225692749 -0.1438666433095932 -0.015252525918185711 -3.23610782623291
-0.09061690419912338 0.6980031132698059 -0.7103379964828491 0.20421910285949707 0.11283807456493378 -0.7014830112457275 -0.7036965489387512 -0.7028340101242065 -0.9894725680351257 -0.14392004907131195 -0.015194940380752087 -3.2360594272613525
-0.0905911922454834 0.6980366110801697 -0.7103083729743958 0.20423521101474762 0.1127830445766449 -0.7014614939689636 -0.7037267684936523 -0.7028346657752991 -0.9894812107086182 -0.1438622623682022 -0.015180295333266258 -3.2361538410186768
-0.09059440344572067 0.6980294585227966 -0.710314929485321 0.2042311131954193 0.11279182881116867 -0.7014667987823486 -0.7037200927734375 -0.7028377652168274 -0.9894798994064331 -0.14387090504169464 -0.015182891860604286 -3.2361509799957275
-0.09053853154182434 0.6980114579200745 -0.7103397250175476 0.20422393083572388 0.11273399740457535 -0.7015011310577393 -0.7036951780319214 -0.7028149366378784 -0.9894915819168091 -0.1437910497188568 -0.015176581218838692 -3.236170530319214
-0.09049176424741745 0.6980145573616028 -0.7103426456451416 0.20422497391700745 0.11282254755496979 -0.7014918923377991 -0.7036901712417603 -0.7028345465660095 -0.9894858002662659 -0.14382091164588928 -0.015272377990186214 -3.2361385822296143
-0.0904664397239685 0.6980478763580322 -0.7103131413459778 0.20419804751873016 0.11284145712852478 -0.7014597654342651 -0.7037191390991211 -0.7028331756591797 -0.9894859194755554 -0.143815815448761 -0.015310009941458702 -3.236116886138916
-0.09044554084539413 0.6980530619621277 -0.710310697555542 0.20418210327625275 0.11290502548217773 -0.7014484405517578 -0.7037202715873718 -0.7028466463088989 -0.9894806146621704 -0.1438460797071457 -0.015370652079582214 -3.236110210418701
-0.09044555574655533 0.6980940699577332 -0.7102704048156738 0.20417647063732147 0.11287883669137955 -0.7014116048812866 -0.7037612199783325 -0.702836811542511 -0.9894835948944092 -0.1438266485929489 -0.015360324643552303 -3.23612642288208
-0.09052838385105133 0.6980827450752258 -0.7102710008621216 0.2041471153497696 0.11282400041818619 -0.7014188766479492 -0.7037627696990967 -0.7027878761291504 -0.9894822835922241 -0.14384619891643524 -0.015262008644640446 -3.236072301864624
-0.09054272621870041 0.698067843914032 -0.7102838158607483 0.2041727751493454 0.11282903701066971 -0.7014308571815491 -0.7037500143051147 -0.7027974724769592 -0.9894803762435913 -0.14386016130447388 -0.015252698212862015 -3.236072540283203
-0.09054674208164215 0.6980626583099365 -0.710288405418396 0.20422810316085815 0.11283209174871445 -0.7014349699020386 -0.703745424747467 -0.7028066515922546 -0.989479660987854 -0.14386525750160217 -0.015251055359840393 -3.2360939979553223
-0.09053217619657516 0.6980583071708679 -0.7102944850921631 0.2042277455329895 0.11283556371927261 -0.7014408111572266 -0.7037389874458313 -0.7028104066848755 -0.9894806146621704 -0.14385758340358734 -0.015262678265571594 -3.2360787391662598
-0.09061102569103241 0.6980504989624023 -0.7102921009063721 0.20420169830322266 0.11280032992362976 -0.7014423608779907 -0.7037431597709656 -0.7027537226676941 -0.9894773960113525 -0.14388814568519592 -0.01518175471574068 -3.2360739707946777
-0.09063537418842316 0.6980413198471069 -0.7102980613708496 0.20416812598705292 0.11280152946710587 -0.7014477849006653 -0.7037375569343567 -0.7027899026870728 -0.9894750118255615 -0.14390629529953003 -0.015163981355726719 -3.2361183166503906
-0.09063822776079178 0.6980101466178894 -0.7103283405303955 0.20417550206184387 0.11280503123998642 -0.7014777064323425 -0.7037070989608765 -0.7028024792671204 -0.989474356174469 -0.1439114511013031 -0.015158195979893208 -3.2361130714416504
-0.09066705405712128 0.6980181336402893 -0.7103167772293091 0.20422646403312683 0.1127866804599762 -0.7014683485031128 -0.703719437122345 -0.7028510570526123 -0.989473819732666 -0.14391851425170898 -0.01512692216783762 -3.2360875606536865
-0.09071191400289536 0.6980487704277039 -0.7102809548377991 0.20421220362186432 0.11279743164777756 -0.7014299631118774 -0.7037559747695923 -0.7028303146362305 -0.989468514919281 -0.1439570039510727 -0.015109890140593052 -3.2360987663269043
-0.09076109528541565 0.6980192065238953 -0.710303783416748 0.2042120099067688 0.11279160529375076 -0.7014530301094055 -0.7037339210510254 -0.7028253078460693 -0.9894646406173706 -0.14398804306983948 -0.015065896324813366 -3.2360663414001465
-0.09073834866285324 0.6980448961257935 -0.7102814316749573 0.2042243331670761 0.11277248710393906 -0.7014336585998535 -0.7037562727928162 -0.702801525592804 -0.9894689321517944 -0.1439579576253891 -0.015073162503540516 -3.236105442047119
-0.09067293256521225 0.6980620622634888 -0.7102729082107544 0.20425119996070862 0.11281609535217285 -0.7014197111129761 -0.7037631869316101 -0.7028754949569702 -0.9894699454307556 -0.14394256472587585 -0.01515269000083208 -3.236102342605591
-0.090628482401371 0.6980675458908081 -0.7102732062339783 0.20424990355968475 0.1128203421831131 -0.7014200687408447 -0.7037621140480042 -0.7028883695602417 -0.9894735217094421 -0.14391423761844635 -0.015187418088316917 -3.2360947132110596
-0.09061674028635025 0.6980561017990112 -0.7102859020233154 0.20421120524406433 0.1128019243478775 -0.7014357447624207 -0.7037494778633118 -0.7028903365135193 -0.9894766807556152 -0.14389318227767944 -0.015180087648332119 -3.236043930053711
-0.09064450114965439 0.6980267763137817 -0.710311233997345 0.20420749485492706 0.1127954050898552 -0.7014617919921875 -0.7037245631217957 -0.7028962969779968 -0.989474892616272 -0.14390867948532104 -0.015150392428040504 -3.2360379695892334
-0.09061510115861893 0.6980020403862 -0.7103392481803894 0.20423340797424316 0.11285991966724396 -0.7014811038970947 -0.7036949396133423 -0.7028740048408508 -0.9894702434539795 -0.14393429458141327 -0.01521150954067707 -3.236029624938965
-0.09060695767402649 0.6979769468307495 -0.7103649377822876 0.20421549677848816 0.11290045827627182 -0.7015012502670288 -0.7036683559417725 -0.7028680443763733 -0.9894663691520691 -0.14395785331726074 -0.015240859240293503 -3.2360129356384277
-0.09057584404945374 0.6979525685310364 -0.7103928923606873 0.20421330630779266 0.11295771598815918 -0.7015215754508972 -0.7036389112472534 -0.7028425931930542 -0.989462673664093 -0.1439771205186844 -0.015298057347536087 -3.236009359359741
-0.09048296511173248 0.6979556083679199 -0.710401713848114 0.2042207270860672 0.11297467350959778 -0.7015295028686523 -0.7036283016204834 -0.7028251886367798 -0.9894692301750183 -0.14392386376857758 -0.015374676324427128 -3.236064910888672
-0.09046536684036255 0.6979427337646484 -0.7104166150093079 0.20422789454460144 0.11297734826803207 -0.7015443444252014 -0.7036130428314209 -0.7028165459632874 -0.9894705414772034 -0.14391367137432098 -0.015386085025966167 -3.2360587120056152
-0.09048747271299362 0.6979069709777832 -0.7104489207267761 0.2042553722858429 0.11294032633304596 -0.7015819549560547 -0.7035815119743347 -0.7027861475944519 -0.9894727468490601 -0.1439037173986435 -0.015337296761572361 -3.2360970973968506
-0.09045199304819107 0.6979086399078369 -0.7104517817497253 0.20423223078250885 0.11305808275938034 -0.7015683054924011 -0.7035762071609497 -0.7027978897094727 -0.9894625544548035 -0.14396226406097412 -0.015445804223418236 -3.2361369132995605
-0.09050595760345459 0.6978946924209595 -0.7104586362838745 0.20419563353061676 0.11301510035991669 -0.7015806436538696 -0.7035708427429199 -0.7028343081474304 -0.9894624948501587 -0.14396998286247253 -0.01537525188177824 -3.2360706329345703
-0.09048409014940262 0.6978782415390015 -0.7104775905609131 0.20423294603824615 0.11310424655675888 -0.7015870213508606 -0.7035501003265381 -0.7028265595436096 -0.9894543290138245 -0.14401820302009583 -0.015450364910066128 -3.2360427379608154
-0.09049373120069504 0.6979303956031799 -0.710425078868866 0.2041988968849182 0.11310147494077682 -0.7015343904495239 -0.7036030292510986 -0.7028249502182007 -0.9894537329673767 -0.1440218687057495 -0.015452330000698566 -3.235978364944458
-0.09055425226688385 0.6978999972343445 -0.7104472517967224 0.20423352718353271 0.1130683571100235 -0.7015606164932251 -0.703582227230072 -0.7028419375419617 -0.9894520044326782 -0.1440415382385254 -0.015380948781967163 -3.2359676361083984
-0.09056583046913147 0.6979542374610901 -0.7103924751281738 0.2041706144809723 0.11315587162971497 -0.7014924883842468 -0.703636109828949 -0.7028470635414124 -0.98944091796875 -0.1441105455160141 -0.015446211211383343 -3.2359087467193604
-0.090574249625206 0.6979495882987976 -0.7103959918022156 0.204185351729393 0.11311705410480499 -0.7015015482902527 -0.7036333084106445 -0.702808141708374 -0.9894446134567261 -0.14408904314041138 -0.01541186310350895 -3.2359275817871094
-0.09058008342981339 0.6979653239250183 -0.7103797793388367 0.20421026647090912 0.11313407868146896 -0.7014826536178589 -0.7036494016647339 -0.7027912735939026 -0.9894421100616455 -0.14410486817359924 -0.015423145145177841 -3.235886335372925
-0.09059697389602661 0.697968065738678 -0.7103749513626099 0.2042352557182312 0.11304644495248795 -0.7014902234077454 -0.7036558985710144 -0.7027498483657837 -0.9894505739212036 -0.14405453205108643 -0.015349753201007843 -3.235907554626465
-0.09055417031049728 0.6979036927223206 -0.7104436755180359 0.20424486696720123 0.11305815726518631 -0.7015584707260132 -0.7035859823226929 -0.7028194665908813 -0.9894531965255737 -0.14403417706489563 -0.015374497510492802 -3.235992670059204
-0.09051526337862015 0.6978979706764221 -0.7104542255401611 0.20425352454185486 0.11304712295532227 -0.7015713453292847 -0.7035749554634094 -0.7028123140335083 -0.9894580245018005 -0.1439991444349289 -0.01539227832108736 -3.2359983921051025
-0.09045849740505219 0.6979052424430847 -0.7104543447494507 0.20427961647510529 0.11308601498603821 -0.7015666961669922 -0.7035733461380005 -0.7028242349624634 -0.9894587397575378 -0.14398671686649323 -0.015460493043065071 -3.2359964847564697
-0.09050021320581436 0.6979441046714783 -0.7104108333587646 0.20426788926124573 0.11302324384450912 -0.7015312910079956 -0.7036187052726746 -0.7027962803840637 -0.9894620776176453 -0.14397065341472626 -0.015395009890198708 -3.2359883785247803
-0.09043708443641663 0.6979662775993347 -0.7103970646858215 0.2042706310749054 0.11305426806211472 -0.701513946056366 -0.7036310434341431 -0.7028377652168274 -0.9894643425941467 -0.14394783973693848 -0.0154650267213583 -3.2360057830810547
-0.09043056517839432 0.6979984641075134 -0.7103663086891174 0.20424038171768188 0.11303545534610748 -0.7014856934547424 -0.7036621570587158 -0.7028281688690186 -0.9894670844078064 -0.14392922818660736 -0.015462663024663925 -3.235978841781616
-0.09045778959989548 0.6979597210884094 -0.7104008793830872 0.2042292207479477 0.11308284848928452 -0.7015132904052734 -0.7036271095275879 -0.7028493285179138 -0.9894591569900513 -0.14398278295993805 -0.015469768084585667 -3.2359862327575684
-0.09048880636692047 0.6979761719703674 -0.7103807926177979 0.2041693925857544 0.11306479573249817 -0.7014951705932617 -0.703648030757904 -0.7028382420539856 -0.9894583821296692 -0.1439914107322693 -0.015438907779753208 -3.2360081672668457
-0.09053657203912735 0.6980244517326355 -0.7103272080421448 0.20420272648334503 0.11308448016643524 -0.7014375329017639 -0.7037023305892944 -0.702850878238678 -0.9894517660140991 -0.1440378576517105 -0.015429819002747536 -3.2360329627990723
-0.09053085744380951 0.6980199813842773 -0.7103323936462402 0.20419646799564362 0.11311496049165726 -0.7014383673667908 -0.703696608543396 -0.7028521299362183 -0.9894488453865051 -0.1440555602312088 -0.015454515814781189 -3.236027956008911
-0.09057644009590149 0.6980240941047668 -0.7103224992752075 0.20422610640525818 0.11311604082584381 -0.7014275193214417 -0.703707218170166 -0.7029030323028564 -0.9894445538520813 -0.1440882384777069 -0.015424748882651329 -3.236053228378296
-0.09061986953020096 0.6979805827140808 -0.7103596925735474 0.20422261953353882 0.11310470849275589 -0.7014660239219666 -0.7036706805229187 -0.7029074430465698 -0.9894418716430664 -0.14411164820194244 -0.015377966687083244 -3.236018180847168
-0.09055566787719727 0.6979892253875732 -0.7103593945503235 0.20422472059726715 0.1131463572382927 -0.7014606595039368 -0.7036693096160889 -0.7029041051864624 -0.9894429445266724 -0.14409589767456055 -0.015453537926077843 -3.2360246181488037
-0.0905626192688942 0.6979995369911194 -0.71034836769104 0.20421956479549408 0.11317504942417145 -0.7014452815055847 -0.7036800384521484 -0.7029027342796326 -0.989439070224762 -0.14412090182304382 -0.015471248887479305 -3.2360281944274902
-0.09060026705265045 0.6980880498886108 -0.7102565765380859 0.20414038002490997 0.11313056200742722 -0.7013586163520813 -0.703773558139801 -0.7029434442520142 -0.9894406795501709 -0.14411388337612152 -0.015431656502187252 -3.235889434814453
-0.09060684591531754 0.6980308890342712 -0.7103119492530823 0.20415626466274261 0.11312433332204819 -0.7014152407646179 -0.7037181258201599 -0.7029677033424377 -0.9894407987594604 -0.14411532878875732 -0.015411091037094593 -3.235853433609009
-0.09060245752334595 0.6980172395706177 -0.7103259563446045 0.2041858732700348 0.11307825148105621 -0.7014361023902893 -0.7037047743797302 -0.7029212117195129 -0.9894464612007141 -0.14407987892627716 -0.015378568321466446 -3.2359251976013184
-0.09063713252544403 0.6979957818984985 -0.7103425860404968 0.2041461318731308 0.11311329901218414 -0.7014472484588623 -0.7036880254745483 -0.7029002904891968 -0.9894393086433411 -0.14412952959537506 -0.015375283546745777 -3.2359015941619873
-0.09062414616346359 0.6979944705963135 -0.7103455662727356 0.20414327085018158 0.11306054890155792 -0.7014581561088562 -0.7036856412887573 -0.7028968334197998 -0.9894465208053589 -0.14408305287361145 -0.015346425585448742 -3.235887050628662
-0.09071126580238342 0.6979936361312866 -0.7103352546691895 0.204180508852005 0.11306650936603546 -0.7014455199241638 -0.7036972641944885 -0.7028814554214478 -0.9894378185272217 -0.14414846897125244 -0.01529053132981062 -3.2358131408691406
-0.09085016697645187 0.6979628801345825 -0.7103477120399475 0.20416051149368286 0.11308816820383072 -0.7014527320861816 -0.7036865949630737 -0.7028749585151672 -0.989422619342804 -0.14426204562187195 -0.015204078517854214 -3.235807180404663
-0.09089900553226471 0.6979360580444336 -0.7103678584098816 0.2041616290807724 0.11309021711349487 -0.7014719843864441 -0.7036670446395874 -0.7028736472129822 -0.9894179105758667 -0.14429835975170135 -0.015166465193033218 -3.2357895374298096
-0.0908254086971283 0.6979894042015076 -0.7103248238563538 0.20410259068012238 0.11303823441267014 -0.7014373540878296 -0.7037099599838257 -0.7028230428695679 -0.9894306063652039 -0.14420868456363678 -0.015190990641713142 -3.235924243927002
-0.09083664417266846 0.6979862451553345 -0.7103264927864075 0.20412257313728333 0.11304062604904175 -0.7014385461807251 -0.7037084102630615 -0.7028289437294006 -0.9894292950630188 -0.1442183405160904 -0.015184315852820873 -3.235949754714966
-0.0908629298210144 0.6979686617851257 -0.7103403806686401 0.20411436259746552 0.11303304880857468 -0.7014532089233398 -0.7036949992179871 -0.7028228044509888 -0.9894277453422546 -0.14423179626464844 -0.01515727024525404 -3.2359490394592285
-0.09077439457178116 0.6979942321777344 -0.710326611995697 0.20419073104858398 0.1130126491189003 -0.7014436721801758 -0.703707754611969 -0.7028953433036804 -0.9894381761550903 -0.1441546231508255 -0.015208889730274677 -3.235996961593628
-0.09072939306497574 0.6979532241821289 -0.7103726267814636 0.20418915152549744 0.11313290148973465 -0.7014732360839844 -0.703658938407898 -0.7029018998146057 -0.9894285798072815 -0.1442091464996338 -0.015317068435251713 -3.2359797954559326
-0.0906774178147316 0.6979846954345703 -0.71034836769104 0.20420189201831818 0.11315982788801193 -0.7014456391334534 -0.7036821246147156 -0.7029262185096741 -0.9894302487373352 -0.14419105648994446 -0.015378385782241821 -3.235971450805664
-0.09060019999742508 0.6979886293411255 -0.7103543281555176 0.20419561862945557 0.11319923400878906 -0.7014471888542175 -0.70367431640625 -0.7029216885566711 -0.9894328117370605 -0.14416468143463135 -0.015460358001291752 -3.2359459400177
-0.09060879051685333 0.6980308890342712 -0.7103117108345032 0.20418930053710938 0.11318189650774002 -0.7014065384864807 -0.7037175297737122 -0.7028862237930298 -0.989434003829956 -0.1441574990749359 -0.015450696460902691 -3.235983371734619
-0.09059347212314606 0.6980016231536865 -0.7103424668312073 0.20421679317951202 0.11316608637571335 -0.7014400959014893 -0.7036866545677185 -0.702904224395752 -0.9894372224807739 -0.14413616061210632 -0.015444054268300533 -3.2359535694122314
-0.09060880541801453 0.6980021595954895 -0.7103399634361267 0.20423224568367004 0.11311586201190948 -0.701444685459137 -0.7036901712417603 -0.7028639316558838 -0.9894415736198425 -0.14411132037639618 -0.015397883951663971 -3.2360036373138428
-0.0906178280711174 0.6979841589927673 -0.7103564739227295 0.20419959723949432 0.11312489956617355 -0.7014598846435547 -0.7036735415458679 -0.7028555870056152 -0.9894397258758545 -0.14412444829940796 -0.015394446440041065 -3.236004114151001
-0.09054473787546158 0.6979963779449463 -0.7103537917137146 0.20418782532215118 0.11322128772735596 -0.7014442682266235 -0.7036736607551575 -0.7028689980506897 -0.9894353747367859 -0.14414119720458984 -0.01551580335944891 -3.2359721660614014
-0.09054843336343765 0.6980096101760864 -0.7103402614593506 0.20415973663330078 0.11320442706346512 -0.7014330625534058 -0.7036874890327454 -0.7028460502624512 -0.9894369840621948 -0.14413154125213623 -0.015503953211009502 -3.2359676361083984
-0.09060822427272797 0.6980368494987488 -0.7103058695793152 0.2041512280702591 0.11319625377655029 -0.7013986110687256 -0.703723132610321 -0.7028522491455078 -0.9894324541091919 -0.14416715502738953 -0.015462510287761688 -3.235938310623169
-0.0905633419752121 0.6981194019317627 -0.7102305293083191 0.20415334403514862 0.11328569054603577 -0.7013103365898132 -0.7037967443466187 -0.7029014229774475 -0.98942631483078 -0.1441972255706787 -0.01557376328855753 -3.2359180450439453
-0.09056936204433441 0.6981085538864136 -0.710240364074707 0.20415955781936646 0.11334957182407379 -0.7013108730316162 -0.7037859559059143 -0.7028988003730774 -0.9894184470176697 -0.14424696564674377 -0.015612867660820484 -3.2358927726745605
-0.09055160731077194 0.6981212496757507 -0.7102301716804504 0.20416244864463806 0.11328909546136856 -0.7013096809387207 -0.7037968635559082 -0.7028582692146301 -0.9894269704818726 -0.14419135451316833 -0.015584648586809635 -3.235922336578369
-0.09050757437944412 0.6981024146080017 -0.7102543115615845 0.2041136473417282 0.11334327608346939 -0.7013267874717712 -0.7037711143493652 -0.7029075026512146 -0.9894248247146606 -0.14419923722743988 -0.015649672597646713 -3.2359771728515625
-0.09048978239297867 0.698087215423584 -0.7102715373039246 0.20415860414505005 0.11328469216823578 -0.7013529539108276 -0.7037544250488281 -0.7028823494911194 -0.9894331693649292 -0.14414554834365845 -0.015617156401276588 -3.236042022705078
-0.09055308997631073 0.6981392502784729 -0.7102123498916626 0.20416748523712158 0.11324373632669449 -0.7012982368469238 -0.7038155198097229 -0.7029377818107605 -0.9894320368766785 -0.14415985345840454 -0.01555500365793705 -3.235996961593628
-0.09047628194093704 0.6980995535850525 -0.7102611064910889 0.20421917736530304 0.11327913403511047 -0.7013434767723083 -0.7037647366523743 -0.7029317021369934 -0.9894350171089172 -0.1441318690776825 -0.015624999068677425 -3.2359201908111572
-0.09045226126909256 0.6981184482574463 -0.7102456092834473 0.20419903099536896 0.11327334493398666 -0.7013290524482727 -0.7037800550460815 -0.7029208540916443 -0.9894378781318665 -0.14411047101020813 -0.01564124971628189 -3.235882520675659
-0.09043732285499573 0.6981463432312012 -0.7102200984954834 0.20416465401649475 0.11321450769901276 -0.7013121843338013 -0.7038064002990723 -0.7029101848602295 -0.9894459843635559 -0.14405766129493713 -0.01561533659696579 -3.2358765602111816
