# 3x4 first row second row third row Freq: 100 current Time: 2021-07-27-16:51:17
-0.18891853094100952 -0.06605812907218933 -0.9797682762145996 0.1970367282629013 0.07681801170110703 -0.9956713318824768 0.052318327128887177 -0.9735162258148193 -0.978983461856842 -0.06537995487451553 0.19317543506622314 -2.7665135860443115
-0.18888399004936218 -0.06606023758649826 -0.9797748327255249 0.19704468548297882 0.07679863274097443 -0.9956724047660828 0.05232663452625275 -0.9735270738601685 -0.9789916276931763 -0.06536170095205307 0.19314013421535492 -2.766521692276001
-0.18892352283000946 -0.06605451554059982 -0.9797675609588623 0.19699734449386597 0.07676161825656891 -0.9956753253936768 0.05232544615864754 -0.9735145568847656 -0.978986918926239 -0.06532303988933563 0.19317716360092163 -2.766481876373291
-0.18889646232128143 -0.06602194905281067 -0.9797749519348145 0.1970052868127823 0.076747365295887 -0.9956778883934021 0.05229699984192848 -0.9735236167907715 -0.9789932370185852 -0.06531643122434616 0.19314727187156677 -2.7664852142333984
-0.1889236718416214 -0.06608153134584427 -0.9797657132148743 0.19703559577465057 0.07672130316495895 -0.995676577091217 0.05236084759235382 -0.9734889268875122 -0.9789900183677673 -0.06527670472860336 0.19317694008350372 -2.7664527893066406
-0.18892131745815277 -0.0661129355430603 -0.9797640442848206 0.19704462587833405 0.07671795040369034 -0.9956750869750977 0.05239357799291611 -0.973490834236145 -0.9789907336235046 -0.06526722759008408 0.1931765228509903 -2.7664542198181152
-0.18896180391311646 -0.06607011705636978 -0.979759156703949 0.19703945517539978 0.07677216827869415 -0.9956738948822021 0.05233662575483322 -0.9734698534011841 -0.97897869348526 -0.06532860547304153 0.19321690499782562 -2.7665162086486816
-0.18902471661567688 -0.06603554636240005 -0.979749321937561 0.19706006348133087 0.07675154507160187 -0.9956773519515991 0.05230129510164261 -0.9734747409820557 -0.9789681434631348 -0.06531103700399399 0.19327618181705475 -2.7665324211120605
-0.18897902965545654 -0.06607614457607269 -0.9797554016113281 0.19707085192203522 0.07676175236701965 -0.9956743717193604 0.05234363302588463 -0.9734563827514648 -0.9789761900901794 -0.06531589478254318 0.193233922123909 -2.7665457725524902
-0.189090758562088 -0.06608407199382782 -0.9797332882881165 0.1970725953578949 0.07678782194852829 -0.9956725835800171 0.052338968962430954 -0.9734444618225098 -0.9789525270462036 -0.06533477455377579 0.19334715604782104 -2.7665350437164307
-0.18908356130123138 -0.06607592850923538 -0.979735255241394 0.19708991050720215 0.07676797360181808 -0.9956743121147156 0.05233509838581085 -0.9734443426132202 -0.9789555072784424 -0.0653165876865387 0.19333837926387787 -2.766544818878174
-0.18906837701797485 -0.06613386422395706 -0.9797343015670776 0.1971067488193512 0.07681233435869217 -0.9956682324409485 0.052386246621608734 -0.9734200239181519 -0.9789549708366394 -0.06535109877586365 0.19332948327064514 -2.766545295715332
-0.18909133970737457 -0.06614372879266739 -0.979729175567627 0.19713374972343445 0.07680916786193848 -0.9956679940223694 0.05239533632993698 -0.9734121561050415 -0.9789507389068604 -0.0653446838259697 0.1933528482913971 -2.7665579319000244
-0.18904808163642883 -0.06604498624801636 -0.9797441959381104 0.19711774587631226 0.07675877958536148 -0.9956764578819275 0.05230787768959999 -0.9734946489334106 -0.9789630770683289 -0.06531526148319244 0.19330048561096191 -2.7665817737579346
-0.18910303711891174 -0.0660489946603775 -0.9797332882881165 0.19713757932186127 0.07677476108074188 -0.9956753849983215 0.05230506509542465 -0.9734947681427002 -0.9789512157440186 -0.06532774120569229 0.19335635006427765 -2.766597032546997
-0.18913790583610535 -0.06606339663267136 -0.9797255992889404 0.1970967799425125 0.07691582292318344 -0.9956653118133545 0.05228947103023529 -0.9734865427017212 -0.9789333939552307 -0.0654664859175682 0.193399578332901 -2.7665669918060303
-0.18918465077877045 -0.06603787839412689 -0.9797183275222778 0.197047621011734 0.07695671916007996 -0.995664119720459 0.05225227400660515 -0.9734305143356323 -0.9789211750030518 -0.0655105784535408 0.19344663619995117 -2.7665305137634277
-0.18920570611953735 -0.06602530926465988 -0.97971510887146 0.19705186784267426 0.07694407552480698 -0.9956656694412231 0.05224057659506798 -0.9734406471252441 -0.9789180755615234 -0.06549905985593796 0.19346609711647034 -2.7664875984191895
-0.18925519287586212 -0.06603006273508072 -0.9797052145004272 0.19705206155776978 0.07696365565061569 -0.9956642985343933 0.05223816633224487 -0.973410964012146 -0.9789069890975952 -0.06551534682512283 0.1935167759656906 -2.7664854526519775
-0.1892830729484558 -0.06592357158660889 -0.9797070026397705 0.19706173241138458 0.07697940617799759 -0.9956690073013306 0.052124928683042526 -0.9734419584274292 -0.9789003133773804 -0.06555090099573135 0.19353827834129333 -2.766432285308838
-0.18932029604911804 -0.06594084948301315 -0.979698657989502 0.19707977771759033 0.07699167728424072 -0.9956673979759216 0.05213753134012222 -0.9734439849853516 -0.9788921475410461 -0.06555794924497604 0.19357717037200928 -2.766448974609375
-0.1892719268798828 -0.06597454100847244 -0.9797056913375854 0.19710281491279602 0.07696463912725449 -0.9956672787666321 0.05218040943145752 -0.9734584093093872 -0.9789036512374878 -0.06552641093730927 0.19352978467941284 -2.766443967819214
-0.18925146758556366 -0.06589850783348083 -0.9797147512435913 0.19708189368247986 0.07691983133554459 -0.9956742525100708 0.05211338400840759 -0.9734565019607544 -0.9789111018180847 -0.06549695879220963 0.19350193440914154 -2.766439914703369
-0.1892462819814682 -0.06590072065591812 -0.9797156453132629 0.19708508253097534 0.07689964771270752 -0.9956754446029663 0.05211997404694557 -0.9734492301940918 -0.9789137244224548 -0.06547627598047256 0.19349583983421326 -2.7664365768432617
-0.18924811482429504 -0.06588157266378403 -0.9797165393829346 0.19702258706092834 0.07701808959245682 -0.9956685304641724 0.052076976746320724 -0.9734508991241455 -0.9789040684700012 -0.0656004250049591 0.19350269436836243 -2.766416549682617
-0.18929728865623474 -0.0658491998910904 -0.979709267616272 0.1970188021659851 0.07698635011911392 -0.9956725835800171 0.0520470030605793 -0.9734450578689575 -0.9788970351219177 -0.06557188183069229 0.1935478150844574 -2.7664175033569336
-0.1893211305141449 -0.0658690333366394 -0.9797033071517944 0.19702261686325073 0.07701779901981354 -0.9956694841384888 0.052059318870306015 -0.9734842777252197 -0.9788899421691895 -0.06559866666793823 0.19357457756996155 -2.7664546966552734
-0.18931697309017181 -0.06584242731332779 -0.9797058701515198 0.19701306521892548 0.07703652232885361 -0.9956696033477783 0.05202886089682579 -0.9734809398651123 -0.9788892865180969 -0.06562318652868271 0.19356966018676758 -2.766463279724121
-0.18929074704647064 -0.06585277616977692 -0.9797102808952332 0.19699838757514954 0.07702066749334335 -0.9956700205802917 0.05204429849982262 -0.9735078811645508 -0.9788956046104431 -0.06560643762350082 0.19354337453842163 -2.7664613723754883
-0.18936924636363983 -0.06584462523460388 -0.9796956181526184 0.19697552919387817 0.07705917209386826 -0.9956681728363037 0.05202305316925049 -0.9734809398651123 -0.9788773655891418 -0.06564296782016754 0.19362308084964752 -2.766467809677124
-0.1893739104270935 -0.06581594794988632 -0.9796966910362244 0.19699782133102417 0.0770290195941925 -0.9956717491149902 0.05199955776333809 -0.9734967947006226 -0.9788788557052612 -0.06561771780252457 0.19362419843673706 -2.766444206237793
-0.18938566744327545 -0.06583060324192047 -0.9796934127807617 0.19703395664691925 0.07706774026155472 -0.9956684112548828 0.05200599133968353 -0.9735151529312134 -0.9788735508918762 -0.06565356999635696 0.19363896548748016 -2.766464948654175
-0.1893461048603058 -0.06576832383871078 -0.9797052145004272 0.1970437616109848 0.07704956829547882 -0.9956727623939514 0.05194898694753647 -0.9735013246536255 -0.9788826107978821 -0.06564952433109283 0.19359441101551056 -2.766477584838867
-0.18930141627788544 -0.06577575951814651 -0.9797133803367615 0.1970982551574707 0.07710066437721252 -0.9956688284873962 0.05194948613643646 -0.9735194444656372 -0.9788872599601746 -0.06570243835449219 0.19355307519435883 -2.7664918899536133
-0.18935473263263702 -0.0657983124256134 -0.979701578617096 0.19713038206100464 0.07707550376653671 -0.9956694841384888 0.051973745226860046 -0.9735174179077148 -0.978878915309906 -0.06566951423883438 0.19360637664794922 -2.766493558883667
-0.18930472433567047 -0.06583698838949203 -0.9797086119651794 0.19713366031646729 0.07706910371780396 -0.9956676959991455 0.05201772600412369 -0.9734824895858765 -0.9788891077041626 -0.0656580701470375 0.19355881214141846 -2.7665045261383057
-0.18930667638778687 -0.06580610573291779 -0.9797103404998779 0.19715750217437744 0.07705096900463104 -0.9956705570220947 0.05198979750275612 -0.9734801054000854 -0.9788901209831238 -0.06564562022686005 0.1935577243566513 -2.766503095626831
-0.18921327590942383 -0.06579406559467316 -0.979729175567627 0.19713060557842255 0.07697094231843948 -0.9956762194633484 0.051999740302562714 -0.9734916687011719 -0.9789144992828369 -0.06557163596153259 0.19345960021018982 -2.7664809226989746
-0.18924404680728912 -0.06574244052171707 -0.9797266721725464 0.19710929691791534 0.07701878994703293 -0.9956758618354797 0.051935721188783646 -0.9734542369842529 -0.9789047837257385 -0.06562883406877518 0.19348935782909393 -2.7664666175842285
-0.18923772871494293 -0.06578916311264038 -0.9797247648239136 0.19710110127925873 0.07701397687196732 -0.995673656463623 0.05198458209633827 -0.973481297492981 -0.9789063930511475 -0.06561505794525146 0.19348593056201935 -2.7664685249328613
-0.18930204212665558 -0.06580739468336105 -0.97971111536026 0.19708937406539917 0.07705028355121613 -0.99567049741745 0.051991552114486694 -0.9734545946121216 -0.9788910746574402 -0.06564491242170334 0.193553164601326 -2.7664501667022705
-0.18930190801620483 -0.0657988041639328 -0.9797117114067078 0.19704201817512512 0.07707556337118149 -0.9956692457199097 0.05197783559560776 -0.9734736680984497 -0.9788891077041626 -0.06567233055830002 0.19355379045009613 -2.7664856910705566
-0.1892891377210617 -0.06588722765445709 -0.9797082543373108 0.19705666601657867 0.07707148790359497 -0.9956647753715515 0.05206937715411186 -0.973473310470581 -0.978891909122467 -0.06565140932798386 0.19354677200317383 -2.7665019035339355
-0.18930882215499878 -0.0658533051609993 -0.9797067642211914 0.19701561331748962 0.0770382434129715 -0.995668888092041 0.05204012989997864 -0.9734847545623779 -0.9788907170295715 -0.06562323123216629 0.1935623586177826 -2.766449213027954
-0.18937808275222778 -0.06588471680879593 -0.9796912670135498 0.19701871275901794 0.0770753026008606 -0.9956650137901306 0.05206000804901123 -0.9734760522842407 -0.9788744449615479 -0.06565096974372864 0.19363543391227722 -2.76646089553833
-0.18932931125164032 -0.06594409793615341 -0.9796966910362244 0.1970233917236328 0.07712780684232712 -0.9956581592559814 0.05211329087615013 -0.973479151725769 -0.9788796901702881 -0.06569528579711914 0.1935936063528061 -2.766507625579834
-0.1892649233341217 -0.06598005443811417 -0.9797067046165466 0.1970045417547226 0.0770777240395546 -0.995659351348877 0.05216413363814354 -0.9734915494918823 -0.9788960814476013 -0.06564071774482727 0.19352920353412628 -2.766433000564575
-0.18928582966327667 -0.06598135083913803 -0.9797025918960571 0.19699546694755554 0.07707720994949341 -0.9956594109535217 0.05216412991285324 -0.9734939336776733 -0.9788920879364014 -0.06563881039619446 0.19355009496212006 -2.7664246559143066
-0.18925002217292786 -0.06599953770637512 -0.9797082543373108 0.19699403643608093 0.07711652666330338 -0.9956556558609009 0.05217727646231651 -0.9735351800918579 -0.9788959622383118 -0.06567715108394623 0.19351772964000702 -2.7663519382476807
-0.18925131857395172 -0.06597257405519485 -0.979709804058075 0.1969945728778839 0.0771603137254715 -0.9956541657447815 0.05214112997055054 -0.9735403060913086 -0.9788922071456909 -0.06572693586349487 0.19351954758167267 -2.7663400173187256
-0.18913762271404266 -0.06596341729164124 -0.9797323942184448 0.19703488051891327 0.07701024413108826 -0.9956642985343933 0.05216922610998154 -0.9735527038574219 -0.9789260029792786 -0.0655822679400444 0.193397656083107 -2.7664601802825928
-0.18918442726135254 -0.06596977263689041 -0.9797229170799255 0.19704103469848633 0.07702407985925674 -0.9956632256507874 0.05216977000236511 -0.973556637763977 -0.9789158701896667 -0.06559254974126816 0.19344545900821686 -2.7664601802825928
-0.18907995522022247 -0.06595582515001297 -0.979744017124176 0.19695225358009338 0.07697006314992905 -0.9956672191619873 0.05217337980866432 -0.973502516746521 -0.9789403080940247 -0.06554602086544037 0.1933375597000122 -2.766439199447632
-0.1891361027956009 -0.06591483950614929 -0.9797359704971313 0.19695959985256195 0.07701647281646729 -0.99566650390625 0.052118733525276184 -0.9734915494918823 -0.9789258241653442 -0.06559827923774719 0.19339323043823242 -2.766430377960205
-0.18914036452770233 -0.06591647863388062 -0.9797350168228149 0.1969594657421112 0.07698235660791397 -0.9956687092781067 0.05212685093283653 -0.9734842777252197 -0.9789276719093323 -0.06556301563978195 0.19339576363563538 -2.766430377960205
-0.1891728788614273 -0.06590577960014343 -0.9797294735908508 0.1969735473394394 0.07699614018201828 -0.9956684708595276 0.05211104080080986 -0.9734511375427246 -0.9789203405380249 -0.06557738780975342 0.193428173661232 -2.7664403915405273
-0.18918728828430176 -0.06591904908418655 -0.9797257781028748 0.19697561860084534 0.07706423848867416 -0.9956632256507874 0.052110087126493454 -0.9734400510787964 -0.9789121747016907 -0.06564325839281082 0.1934470534324646 -2.766411304473877
-0.18916060030460358 -0.06595607101917267 -0.9797284603118896 0.19701670110225677 0.07701804488897324 -0.9956642389297485 0.0521586537361145 -0.9734536409378052 -0.9789209961891174 -0.06559040397405624 0.19342048466205597 -2.766390323638916
-0.18917341530323029 -0.06594759970903397 -0.9797265529632568 0.1970301866531372 0.07701250165700912 -0.9956651329994202 0.05215027183294296 -0.9734458923339844 -0.9789189100265503 -0.06558574736118317 0.19343237578868866 -2.766385793685913
-0.18916882574558258 -0.06603105366230011 -0.9797218441963196 0.19704779982566833 0.07705935835838318 -0.9956575036048889 0.05222613736987114 -0.9734432697296143 -0.9789161086082458 -0.06561718136072159 0.1934358924627304 -2.7663676738739014
-0.1892228126525879 -0.06601452082395554 -0.9797124862670898 0.19706568121910095 0.07709204405546188 -0.995656430721283 0.05219919979572296 -0.9734355211257935 -0.9789031147956848 -0.06565076112747192 0.19349031150341034 -2.7663586139678955
-0.1892143338918686 -0.06602775305509567 -0.9797132611274719 0.19704142212867737 0.07710406929254532 -0.9956548810005188 0.05221084877848625 -0.9734442234039307 -0.9789038300514221 -0.06566083431243896 0.1934834122657776 -2.766442060470581
-0.18920865654945374 -0.06597490608692169 -0.9797179102897644 0.1969945728778839 0.07709264755249023 -0.9956584572792053 0.052159782499074936 -0.9735023975372314 -0.9789057970046997 -0.06565997004508972 0.19347359240055084 -2.7664194107055664
-0.1892043948173523 -0.06599152833223343 -0.9797176122665405 0.1969957798719406 0.07705467194318771 -0.9956600666046143 0.05218446999788284 -0.9735020399093628 -0.9789096117019653 -0.06561828404664993 0.19346843659877777 -2.7664237022399902
-0.18924975395202637 -0.06598716229200363 -0.9797091484069824 0.19699963927268982 0.0770784318447113 -0.9956588745117188 0.05217224732041359 -0.9734994173049927 -0.9788990020751953 -0.06564086675643921 0.1935146003961563 -2.7664477825164795
-0.18924592435359955 -0.06602666527032852 -0.9797072410583496 0.19698204100131989 0.07705226540565491 -0.9956585168838501 0.05221782997250557 -0.9734827280044556 -0.9789018034934998 -0.06560664623975754 0.19351203739643097 -2.766387462615967
-0.18921944499015808 -0.06607307493686676 -0.9797092080116272 0.19701918959617615 0.07708488404750824 -0.9956537485122681 0.052260346710681915 -0.9734624624252319 -0.9789043664932251 -0.06563209742307663 0.19349050521850586 -2.766446590423584
-0.18922924995422363 -0.0661073625087738 -0.9797049760818481 0.1970248818397522 0.07712119072675705 -0.995649516582489 0.052287351340055466 -0.9734513759613037 -0.9788995981216431 -0.06566172093153 0.19350451231002808 -2.766447067260742
-0.18914274871349335 -0.06615206599235535 -0.9797186851501465 0.1970529556274414 0.07706618309020996 -0.9956505298614502 0.052349548786878586 -0.9734671115875244 -0.9789206385612488 -0.0656016394495964 0.19341838359832764 -2.7664666175842285
-0.1891319453716278 -0.06617660820484161 -0.9797191023826599 0.19704535603523254 0.07708977907896042 -0.9956476092338562 0.05237055942416191 -0.973434567451477 -0.9789208769798279 -0.06562138348817825 0.19341053068637848 -2.7664661407470703
-0.1891256868839264 -0.06615317612886429 -0.9797219038009644 0.19703350961208344 0.07701163738965988 -0.9956540465354919 0.05236261337995529 -0.9734797477722168 -0.9789282083511353 -0.06554687768220901 0.19339853525161743 -2.7664408683776855
-0.189141184091568 -0.06613852828741074 -0.979719877243042 0.19704070687294006 0.0770612582564354 -0.9956515431404114 0.05233686789870262 -0.9734669923782349 -0.9789212942123413 -0.06559939682483673 0.19341564178466797 -2.766446113586426
-0.18918301165103912 -0.06622090190649033 -0.9797062873840332 0.19706334173679352 0.07706748694181442 -0.9956468939781189 0.05241650715470314 -0.9734600782394409 -0.9789127707481384 -0.06558718532323837 0.19346317648887634 -2.766416072845459
-0.18914923071861267 -0.06624198704957962 -0.9797113537788391 0.1971125304698944 0.07705783098936081 -0.9956462979316711 0.05244214087724686 -0.9734848737716675 -0.978920042514801 -0.06557504087686539 0.19343042373657227 -2.766435384750366
-0.189228817820549 -0.06618472933769226 -0.9796998500823975 0.19705863296985626 0.07707236707210541 -0.9956486821174622 0.05237565562129021 -0.9735149145126343 -0.9789035320281982 -0.0655968114733696 0.19350665807724 -2.7664546966552734
-0.18921822309494019 -0.06617967784404755 -0.9797022342681885 0.19703343510627747 0.07705366611480713 -0.9956501722335815 0.052374936640262604 -0.973499059677124 -0.97890704870224 -0.065579354763031 0.1934947669506073 -2.7664809226989746
-0.18918879330158234 -0.06620096415281296 -0.9797064661979675 0.19703318178653717 0.0770542249083519 -0.9956488609313965 0.05239846557378769 -0.973495364189148 -0.9789126515388489 -0.06557732820510864 0.1934668868780136 -2.7664806842803955
-0.18915167450904846 -0.06611854583024979 -0.9797192215919495 0.19698840379714966 0.07700134068727493 -0.9956566691398621 0.05232768505811691 -0.9735109806060791 -0.978924036026001 -0.0655418261885643 0.19342157244682312 -2.766425609588623
-0.18916946649551392 -0.0661141499876976 -0.9797160625457764 0.1969769150018692 0.07703094929456711 -0.9956550002098083 0.052316151559352875 -0.9735134840011597 -0.9789182543754578 -0.0655718445777893 0.19344057142734528 -2.766415596008301
-0.18918241560459137 -0.0660816952586174 -0.9797157645225525 0.19695249199867249 0.07704989612102509 -0.9956555366516113 0.0522785484790802 -0.9734947681427002 -0.9789142608642578 -0.0655968114733696 0.19345232844352722 -2.766361951828003
-0.1891288310289383 -0.06613931804895401 -0.979722261428833 0.197005957365036 0.07705662399530411 -0.9956517815589905 0.05233943089842796 -0.9735269546508789 -0.9789240956306458 -0.06559519469738007 0.19340315461158752 -2.7663867473602295
-0.18918807804584503 -0.06609423458576202 -0.9797138571739197 0.1969902068376541 0.07710294425487518 -0.9956513047218323 0.05228041857481003 -0.9735144376754761 -0.9789089560508728 -0.06564798951148987 0.19346162676811218 -2.766383171081543
-0.18917317688465118 -0.06613423675298691 -0.979714035987854 0.19697915017604828 0.07711055129766464 -0.9956486225128174 0.052320580929517746 -0.973517656326294 -0.978911280632019 -0.0656486451625824 0.19344986975193024 -2.766375780105591
-0.1892383098602295 -0.06601984798908234 -0.9797091484069824 0.19701017439365387 0.07709641754627228 -0.99565589427948 0.05220268666744232 -0.9735074043273926 -0.9788997769355774 -0.06565332412719727 0.19350634515285492 -2.7664008140563965
-0.18924060463905334 -0.06603258848190308 -0.9797078371047974 0.19698655605316162 0.0771479383111 -0.9956517815589905 0.052205298095941544 -0.9735108613967896 -0.9788953065872192 -0.06570307910442352 0.19351224601268768 -2.766407012939453
-0.189275860786438 -0.06600917875766754 -0.9797025918960571 0.1969739943742752 0.07716517150402069 -0.9956519603729248 0.052175696939229965 -0.9735180139541626 -0.9788870811462402 -0.06572332233190536 0.19354671239852905 -2.766362428665161
-0.1892610788345337 -0.06597013771533966 -0.9797080755233765 0.1969645768404007 0.07727474719285965 -0.9956466555595398 0.05211535841226578 -0.9735308885574341 -0.978881299495697 -0.06584329158067703 0.1935352087020874 -2.766369342803955
-0.1892964392900467 -0.06595368683338165 -0.979702353477478 0.1969582438468933 0.07728344202041626 -0.9956470727920532 0.052094507962465286 -0.9735363721847534 -0.9788737893104553 -0.06585346907377243 0.19356979429721832 -2.7663655281066895
-0.18920855224132538 -0.06593519449234009 -0.9797205924987793 0.19695481657981873 0.07722176611423492 -0.99565190076828 0.05209391564130783 -0.9735954999923706 -0.9788956642150879 -0.06579913944005966 0.19347769021987915 -2.766303539276123
-0.1892341524362564 -0.06591888517141342 -0.9797167778015137 0.19699038565158844 0.07714811712503433 -0.9956578016281128 0.052090149372816086 -0.9735682010650635 -0.9788964986801147 -0.06572607159614563 0.19349819421768188 -2.7663209438323975
-0.18925216794013977 -0.06593245267868042 -0.9797123670578003 0.19699987769126892 0.0771380290389061 -0.9956578016281128 0.052104704082012177 -0.9735735654830933 -0.9788938164710999 -0.06571215391159058 0.19351650774478912 -2.7663116455078125
-0.18923452496528625 -0.06588088721036911 -0.9797192215919495 0.19700755178928375 0.07710777968168259 -0.99566251039505 0.05205947533249855 -0.9735866785049438 -0.9788995981216431 -0.06569252163171768 0.19349387288093567 -2.7662947177886963
-0.18922314047813416 -0.06586052477359772 -0.979722797870636 0.197013720870018 0.07710880041122437 -0.9956634640693665 0.052039362490177155 -0.973589301109314 -0.978901743888855 -0.06569819897413254 0.1934812217950821 -2.7662899494171143
-0.18933990597724915 -0.06574603170156479 -0.9797079563140869 0.19699512422084808 0.07715430110692978 -0.9956669211387634 0.0519060455262661 -0.9735162258148193 -0.9788755774497986 -0.06576079875230789 0.19359228014945984 -2.766352891921997
-0.1893301010131836 -0.06573760509490967 -0.9797104001045227 0.19699516892433167 0.07714513689279556 -0.9956679344177246 0.05189995467662811 -0.9735112190246582 -0.9788782000541687 -0.06575366854667664 0.1935814768075943 -2.766357421875
-0.18935127556324005 -0.06576237082481384 -0.9797046184539795 0.19695724546909332 0.07711318135261536 -0.9956688284873962 0.05192999914288521 -0.9734858274459839 -0.9788765907287598 -0.06571513414382935 0.1936025321483612 -2.7663474082946777
-0.1893644779920578 -0.06570848822593689 -0.9797056913375854 0.1969820111989975 0.0771283209323883 -0.995670735836029 0.051871344447135925 -0.973484992980957 -0.9788728952407837 -0.06574046611785889 0.19361287355422974 -2.7663896083831787
-0.1892785131931305 -0.06583080440759659 -0.9797140955924988 0.1969907283782959 0.07712025195360184 -0.9956644773483276 0.05200311541557312 -0.9734830856323242 -0.9788901209831238 -0.06571272760629654 0.1935350000858307 -2.7664082050323486
-0.1893174648284912 -0.06573139131069183 -0.9797132611274719 0.19697745144367218 0.07712604850530624 -0.9956694841384888 0.051898278295993805 -0.9735426902770996 -0.9788821339607239 -0.06573616713285446 0.1935674548149109 -2.766343116760254
-0.18929432332515717 -0.06567171961069107 -0.97972172498703 0.19693084061145782 0.0771004781126976 -0.9956743121147156 0.051844269037246704 -0.9735407829284668 -0.9788886308670044 -0.06572318822145462 0.19353903830051422 -2.7663800716400146
-0.18932484090328217 -0.06569244712591171 -0.9797144532203674 0.1969081461429596 0.07722514122724533 -0.9956649541854858 0.051838602870702744 -0.9734922647476196 -0.9788728952407837 -0.06584425270557404 0.19357742369174957 -2.766298532485962
-0.18934693932533264 -0.06573198735713959 -0.9797075390815735 0.196956068277359 0.07720230519771576 -0.9956644773483276 0.05188179016113281 -0.973516583442688 -0.9788704514503479 -0.06581202149391174 0.19360089302062988 -2.766347885131836
-0.1893356442451477 -0.06578461080789566 -0.9797061681747437 0.19695688784122467 0.07723826915025711 -0.9956592321395874 0.05192893370985985 -0.9734940528869629 -0.9788697957992554 -0.06583881378173828 0.19359508156776428 -2.766378402709961
-0.18938103318214417 -0.06576111912727356 -0.9796989560127258 0.19695211946964264 0.07723955065011978 -0.9956605434417725 0.05190169811248779 -0.9734861850738525 -0.9788609147071838 -0.06584231555461884 0.19363880157470703 -2.7663841247558594
-0.18935823440551758 -0.06571433693170547 -0.9797065258026123 0.1969398558139801 0.07723970711231232 -0.9956629276275635 0.05185568332672119 -0.9735234975814819 -0.9788652658462524 -0.06585294753313065 0.1936129480600357 -2.7663285732269287
-0.1894075721502304 -0.06569208204746246 -0.9796984791755676 0.1969565749168396 0.0772266685962677 -0.9956651329994202 0.05183227360248566 -0.9735312461853027 -0.9788568019866943 -0.0658414289355278 0.1936599314212799 -2.766354560852051
-0.1894073635339737 -0.0657048374414444 -0.9796976447105408 0.19695232808589935 0.0772307887673378 -0.9956641793251038 0.051844436675310135 -0.9735363721847534 -0.9788565039634705 -0.06584310531616211 0.19366078078746796 -2.7663514614105225
-0.18937525153160095 -0.06571043282747269 -0.9797034859657288 0.19696475565433502 0.07715469598770142 -0.995668888092041 0.051867373287677765 -0.9735215902328491 -0.9788687229156494 -0.06576632708311081 0.19362513720989227 -2.766409397125244
-0.18936991691589355 -0.06582313030958176 -0.9796969294548035 0.19698086380958557 0.07717368006706238 -0.9956616163253784 0.051978517323732376 -0.9735255241394043 -0.9788682460784912 -0.06576365232467651 0.19362838566303253 -2.766421318054199
-0.18937450647354126 -0.06587006151676178 -0.9796929359436035 0.19697976112365723 0.07725654542446136 -0.9956535696983337 0.05200950428843498 -0.9735288619995117 -0.9788607954978943 -0.06583841890096664 0.19364051520824432 -2.766390085220337
-0.18926991522312164 -0.06590022146701813 -0.97971111536026 0.19703805446624756 0.07715880870819092 -0.9956581592559814 0.0520666278898716 -0.9735151529312134 -0.978888750076294 -0.06573869287967682 0.19353313744068146 -2.7663912773132324
-0.18926523625850677 -0.06587338447570801 -0.9797137975692749 0.19705216586589813 0.07712753862142563 -0.9956616759300232 0.052045855671167374 -0.9735152721405029 -0.9788921475410461 -0.06571244448423386 0.1935250163078308 -2.7663917541503906
-0.18925097584724426 -0.06593998521566391 -0.9797120690345764 0.1970401406288147 0.07720556855201721 -0.9956528544425964 0.052099090069532394 -0.9735255241394043 -0.978888750076294 -0.0657794252038002 0.19351942837238312 -2.7664175033569336
-0.1893475353717804 -0.0658605620265007 -0.9796987771987915 0.19701842963695526 0.07720500230789185 -0.9956574440002441 0.0520118847489357 -0.9734934568405151 -0.9788700938224792 -0.06578932702541351 0.1936102658510208 -2.766416549682617
-0.1893220841884613 -0.0658649131655693 -0.9797033667564392 0.19699068367481232 0.07709183543920517 -0.9956647157669067 0.052040427923202515 -0.9735301733016968 -0.9788839221000671 -0.06567472964525223 0.19357918202877045 -2.766380786895752
-0.18928486108779907 -0.06590627133846283 -0.9797077775001526 0.19699333608150482 0.0770411491394043 -0.9956657886505127 0.052095018327236176 -0.9735326766967773 -0.9788951277732849 -0.06561701744794846 0.19354218244552612 -2.766387939453125
-0.18922235071659088 -0.0659182071685791 -0.9797191023826599 0.19701789319515228 0.0769849494099617 -0.9956687092781067 0.05212251469492912 -0.9735516309738159 -0.9789116382598877 -0.06556088477373123 0.19347770512104034 -2.7664220333099365
-0.18923434615135193 -0.0658896192908287 -0.9797186851501465 0.1969916671514511 0.07703307271003723 -0.995667040348053 0.05208313837647438 -0.973527193069458 -0.9789055585861206 -0.06561481952667236 0.19349031150341034 -2.7663841247558594
-0.18927723169326782 -0.06585996598005295 -0.9797123670578003 0.19699816405773163 0.07704820483922958 -0.9956677556037903 0.052047085016965866 -0.9735263586044312 -0.9788960814476013 -0.06563375145196915 0.1935318559408188 -2.7664003372192383
-0.18924963474273682 -0.06590032577514648 -0.9797149896621704 0.19696873426437378 0.07702961564064026 -0.9956668019294739 0.05209365487098694 -0.9735232591629028 -0.9789028763771057 -0.06560836732387543 0.19350607693195343 -2.766345739364624
-0.189238503575325 -0.06589357554912567 -0.9797176122665405 0.19695723056793213 0.07701347023248672 -0.9956681728363037 0.05209074541926384 -0.9735234975814819 -0.9789062738418579 -0.06559387594461441 0.19349366426467896 -2.766343116760254
-0.18923142552375793 -0.06581690162420273 -0.979724109172821 0.19691918790340424 0.07700048387050629 -0.9956731200218201 0.052015870809555054 -0.9734675884246826 -0.9789086580276489 -0.06559619307518005 0.19348078966140747 -2.766275405883789
-0.18921147286891937 -0.06593642383813858 -0.9797199368476868 0.19700829684734344 0.07699083536863327 -0.9956673383712769 0.052140604704618454 -0.9734846353530884 -0.9789133071899414 -0.0655638575553894 0.1934683918952942 -2.7663583755493164
-0.18921016156673431 -0.06602691113948822 -0.9797140955924988 0.1970227062702179 0.07704813033342361 -0.9956586360931396 0.052221331745386124 -0.9734846353530884 -0.9789090156555176 -0.06560433655977249 0.19347620010375977 -2.7663583755493164
-0.18916425108909607 -0.06601112335920334 -0.9797240495681763 0.1970253884792328 0.07700604945421219 -0.9956621527671814 0.052216723561286926 -0.9735487699508667 -0.9789212346076965 -0.06556713581085205 0.1934271603822708 -2.766350507736206
-0.18918654322624207 -0.06598714739084244 -0.9797213673591614 0.19702576100826263 0.07699713855981827 -0.995664119720459 0.052192602306604385 -0.9735536575317383 -0.9789175987243652 -0.06556160002946854 0.1934472918510437 -2.7663445472717285
-0.18916580080986023 -0.0659698024392128 -0.9797265529632568 0.1970512568950653 0.07694005221128464 -0.9956687688827515 0.05218767002224922 -0.9735718965530396 -0.9789261221885681 -0.06550808995962143 0.19342242181301117 -2.7663681507110596
-0.18910621106624603 -0.0660495012998581 -0.9797326326370239 0.19702552258968353 0.07688059657812119 -0.9956682920455933 0.05228446051478386 -0.9735422134399414 -0.9789422750473022 -0.06543511897325516 0.1933652013540268 -2.7664530277252197
-0.18902142345905304 -0.06611013412475586 -0.9797449111938477 0.19702811539173126 0.07678572088479996 -0.9956710934638977 0.05237056687474251 -0.9735194444656372 -0.9789661169052124 -0.06533126533031464 0.1932796984910965 -2.766447067260742
-0.18904557824134827 -0.06614547967910767 -0.9797378778457642 0.19702817499637604 0.07680423557758331 -0.9956680536270142 0.05240119248628616 -0.973518967628479 -0.9789599776268005 -0.06534180790185928 0.19330711662769318 -2.7664566040039062
-0.1890416443347931 -0.06608457118272781 -0.9797427654266357 0.19700148701667786 0.07674053311347961 -0.9956755638122559 0.052352141588926315 -0.9735100269317627 -0.9789657592773438 -0.06528925150632858 0.19329573214054108 -2.7664408683776855
-0.18901127576828003 -0.06611023098230362 -0.9797468781471252 0.1970004439353943 0.07673798501491547 -0.9956742525100708 0.05238078162074089 -0.9735114574432373 -0.9789717793464661 -0.06528324633836746 0.19326704740524292 -2.766444683074951
-0.1889551877975464 -0.06604957580566406 -0.9797617793083191 0.1969974935054779 0.07675467431545258 -0.9956761598587036 0.05231964588165283 -0.9735437631607056 -0.9789813160896301 -0.06531522423028946 0.1932080090045929 -2.7664268016815186
-0.18895934522151947 -0.066038578748703 -0.9797617197036743 0.19700001180171967 0.076774962246418 -0.9956753849983215 0.052304189652204514 -0.9735524654388428 -0.9789789319038391 -0.06533780694007874 0.19321249425411224 -2.7664308547973633
-0.1890084445476532 -0.06610959023237228 -0.979747474193573 0.19698761403560638 0.07680138200521469 -0.9956700205802917 0.05236780643463135 -0.9735317230224609 -0.9789673686027527 -0.06534800678491592 0.1932675689458847 -2.766390800476074
-0.18901580572128296 -0.06608302891254425 -0.9797478318214417 0.1969892531633377 0.07681145519018173 -0.9956707954406738 0.05233832448720932 -0.9735405445098877 -0.978965163230896 -0.0653630867600441 0.19327367842197418 -2.7663891315460205
-0.18908913433551788 -0.06594911217689514 -0.979742705821991 0.1970006227493286 0.07678250968456268 -0.9956801533699036 0.0522029735147953 -0.9735289812088013 -0.9789533019065857 -0.06535609066486359 0.19333624839782715 -2.7663259506225586
-0.1891135424375534 -0.06596000492572784 -0.9797372817993164 0.19700759649276733 0.07679405063390732 -0.9956788420677185 0.05221010744571686 -0.9735349416732788 -0.978947639465332 -0.06536435335874557 0.19336192309856415 -2.7663204669952393
-0.18904882669448853 -0.06604208052158356 -0.9797442555427551 0.19699646532535553 0.07676330953836441 -0.9956763386726379 0.0523039773106575 -0.973554253578186 -0.9789625406265259 -0.06532040983438492 0.1933012753725052 -2.7663731575012207
-0.1890719085931778 -0.0660533756017685 -0.9797390103340149 0.19701407849788666 0.0767713263630867 -0.995675265789032 0.05231230705976486 -0.9735790491104126 -0.97895747423172 -0.06532508134841919 0.1933254450559616 -2.7663917541503906
-0.1890718638896942 -0.06595245748758316 -0.9797458052635193 0.19701522588729858 0.07674290239810944 -0.9956825375556946 0.05221536383032799 -0.9735581874847412 -0.9789597392082214 -0.0653160810470581 0.19331714510917664 -2.7663724422454834
-0.18911315500736237 -0.06594286113977432 -0.9797384738922119 0.19697581231594086 0.07673691213130951 -0.9956836104393005 0.05220399424433708 -0.9735286235809326 -0.9789522290229797 -0.06530965119600296 0.19335734844207764 -2.7663559913635254
-0.18908962607383728 -0.06588847190141678 -0.9797466993331909 0.19695442914962769 0.07673878967761993 -0.9956862926483154 0.052149947732686996 -0.9735207557678223 -0.9789566397666931 -0.06532356142997742 0.19333036243915558 -2.7663259506225586
-0.1890764832496643 -0.06594269722700119 -0.9797455668449402 0.19697609543800354 0.07676038146018982 -0.995681881904602 0.05220167711377144 -0.9735363721847534 -0.97895747423172 -0.06533553451299667 0.19332203269004822 -2.766359329223633
-0.18909111618995667 -0.06592679023742676 -0.9797438383102417 0.1969691812992096 0.07678128778934479 -0.9956814050674438 0.05218039080500603 -0.9734961986541748 -0.9789530038833618 -0.06535914540290833 0.19333666563034058 -2.7663869857788086
-0.18909107148647308 -0.06598878651857376 -0.9797396659851074 0.19693118333816528 0.07677346467971802 -0.9956786036491394 0.052244946360588074 -0.9734964370727539 -0.9789535999298096 -0.06533895432949066 0.19334034621715546 -2.7663650512695312
-0.18909317255020142 -0.06601942330598831 -0.9797372221946716 0.19692125916481018 0.07679598778486252 -0.9956755042076111 0.05227149277925491 -0.973491907119751 -0.9789514541625977 -0.06535570323467255 0.19334568083286285 -2.7663729190826416
-0.18903659284114838 -0.06606356054544449 -0.9797451496124268 0.19690082967281342 0.0767960399389267 -0.9956729412078857 0.052320174872875214 -0.9734905958175659 -0.9789623618125916 -0.06535012274980545 0.1932922601699829 -2.766324758529663
-0.18904662132263184 -0.06607029587030411 -0.9797427654266357 0.1968950480222702 0.07678738981485367 -0.9956731796264648 0.05232805013656616 -0.9734894037246704 -0.9789611101150513 -0.06533945351839066 0.1933022439479828 -2.7663216590881348
-0.18909628689289093 -0.06613579392433167 -0.9797287583351135 0.19693787395954132 0.07685895264148712 -0.9956650733947754 0.05237710848450661 -0.9735057353973389 -0.9789459109306335 -0.06539660692214966 0.19335992634296417 -2.7663204669952393
-0.18910376727581024 -0.06606762111186981 -0.9797319173812866 0.19700312614440918 0.0768471285700798 -0.9956695437431335 0.05230965092778206 -0.9735068082809448 -0.9789453744888306 -0.06539762765169144 0.19336219131946564 -2.766357183456421
-0.18904922902584076 -0.06615713238716125 -0.9797363877296448 0.19701054692268372 0.07683410495519638 -0.995665431022644 0.05240689218044281 -0.9734938144683838 -0.978956937789917 -0.06536968797445297 0.1933131217956543 -2.766374111175537
-0.1890994757413864 -0.06606199592351913 -0.9797331094741821 0.19699494540691376 0.07684629410505295 -0.9956699013710022 0.05230439081788063 -0.9734697341918945 -0.9789462685585022 -0.06539812684059143 0.19335749745368958 -2.766369342803955
-0.18909811973571777 -0.06616321951150894 -0.9797265529632568 0.1970120370388031 0.07680919766426086 -0.9956669807434082 0.05241468548774719 -0.9734628200531006 -0.9789494276046753 -0.06534048914909363 0.19336090981960297 -2.76637864112854
-0.18902848660945892 -0.06607517600059509 -0.9797459244728088 0.19704148173332214 0.07680412381887436 -0.9956717491149902 0.05233093351125717 -0.9734867811203003 -0.978963315486908 -0.06535649299621582 0.19328537583351135 -2.7663941383361816
-0.18908320367336273 -0.06613058596849442 -0.9797316193580627 0.19703488051891327 0.07681765407323837 -0.9956680536270142 0.05238085985183716 -0.9734691381454468 -0.9789516925811768 -0.06535634398460388 0.1933443248271942 -2.766390800476074
-0.1890580803155899 -0.06603934615850449 -0.9797426462173462 0.19698187708854675 0.07677952200174332 -0.9956753849983215 0.05229736864566803 -0.9735530614852905 -0.9789595007896423 -0.0653369352221489 0.1933111697435379 -2.766367197036743
-0.1890571117401123 -0.06605704873800278 -0.979741632938385 0.19696922600269318 0.07683591544628143 -0.9956706762313843 0.052304286509752274 -0.9735461473464966 -0.9789552688598633 -0.06539084762334824 0.19331438839435577 -2.7663588523864746
-0.18903537094593048 -0.0660368800163269 -0.9797471761703491 0.196964830160141 0.07686472684144974 -0.9956697821617126 0.05227958410978317 -0.9735404253005981 -0.9789572358131409 -0.06542530655860901 0.19329293072223663 -2.766345262527466
-0.18906952440738678 -0.06606195867061615 -0.9797388911247253 0.1969851702451706 0.07692059874534607 -0.9956648349761963 0.052291713654994965 -0.973523736000061 -0.9789462089538574 -0.06547532975673676 0.19333162903785706 -2.7663145065307617
-0.189026340842247 -0.06607012450695038 -0.9797466993331909 0.19698312878608704 0.07690316438674927 -0.9956653714179993 0.052306387573480606 -0.97352135181427 -0.9789559245109558 -0.06545833498239517 0.19328820705413818 -2.766305446624756
-0.1890488564968109 -0.06602104753255844 -0.979745626449585 0.19698478281497955 0.07687733322381973 -0.9956698417663574 0.05226008594036102 -0.9735459089279175 -0.9789535999298096 -0.06544052809476852 0.19330598413944244 -2.766284227371216
-0.18902722001075745 -0.06605488061904907 -0.9797475337982178 0.19698770344257355 0.07685422897338867 -0.9956694841384888 0.052300501614809036 -0.9735461473464966 -0.9789596199989319 -0.0654115229845047 0.19328545033931732 -2.7662763595581055
-0.18905392289161682 -0.06615717709064484 -0.9797354936599731 0.19696952402591705 0.0769265815615654 -0.9956592917442322 0.052388355135917664 -0.9735419750213623 -0.9789487719535828 -0.06546347588300705 0.19332276284694672 -2.766340494155884
-0.1891043335199356 -0.06611846387386322 -0.9797284007072449 0.19695420563220978 0.07696713507175446 -0.995658814907074 0.05233757942914963 -0.9735125303268433 -0.9789358377456665 -0.0655096247792244 0.19337256252765656 -2.766345977783203
