# 3x4 first row second row third row Freq: 100 current Time: 2021-07-27-16:46:52
-0.2049131989479065 -0.11527084559202194 -0.9719685912132263 0.4793683886528015 0.3968738317489624 -0.917528510093689 0.025144407525658607 -0.8263267278671265 -0.8947075009346008 -0.3805965185165405 0.23376190662384033 -3.279737710952759
-0.20492716133594513 -0.11524715274572372 -0.9719684720039368 0.4793565571308136 0.39690911769866943 -0.9175142645835876 0.025107217952609062 -0.8263534307479858 -0.8946886658668518 -0.3806380331516266 0.23376646637916565 -3.279716968536377
-0.20493318140506744 -0.1152455061674118 -0.9719673991203308 0.4793083369731903 0.39689552783966064 -0.9175201654434204 0.02510678581893444 -0.8263487219810486 -0.8946933150291443 -0.38062435388565063 0.2337709665298462 -3.279716968536377
-0.2049264907836914 -0.11533445864915848 -0.9719582796096802 0.4793210029602051 0.3968300521373749 -0.9175456166267395 0.025210561230778694 -0.8263505697250366 -0.8947238922119141 -0.38053596019744873 0.2337978035211563 -3.2797296047210693
-0.20490257441997528 -0.11528871208429337 -0.9719687104225159 0.4793328642845154 0.3968018591403961 -0.9175585508346558 0.02518434450030327 -0.8263736963272095 -0.8947418332099915 -0.38051870465278625 0.23375709354877472 -3.2797374725341797
-0.20492570102214813 -0.11527365446090698 -0.9719656705856323 0.47931256890296936 0.396759569644928 -0.9175771474838257 0.02517189271748066 -0.8263691663742065 -0.8947553038597107 -0.3804783225059509 0.23377129435539246 -3.2797303199768066
-0.20494483411312103 -0.11528778076171875 -0.9719599485397339 0.47932446002960205 0.396749347448349 -0.9175813794136047 0.025180218741297722 -0.826335072517395 -0.894755482673645 -0.38046395778656006 0.23379413783550262 -3.2798120975494385
-0.20483456552028656 -0.11533745378255844 -0.9719772934913635 0.47934743762016296 0.3967476487159729 -0.9175795912742615 0.025271816179156303 -0.8263272047042847 -0.8947814702987671 -0.3804531991481781 0.2337120920419693 -3.279845952987671
-0.20483985543251038 -0.11535460501909256 -0.9719741344451904 0.47934645414352417 0.3967692255973816 -0.9175699949264526 0.025280246511101723 -0.8263314366340637 -0.8947706818580627 -0.3804710805416107 0.23372429609298706 -3.2798666954040527
-0.20484225451946259 -0.11533140391111374 -0.9719763994216919 0.4793291985988617 0.39671605825424194 -0.917593240737915 0.025271279737353325 -0.8263270854949951 -0.8947937488555908 -0.38042202591896057 0.23371590673923492 -3.279874324798584
-0.20487534999847412 -0.11532168090343475 -0.9719705581665039 0.47930634021759033 0.3967244327068329 -0.917590320110321 0.025246625766158104 -0.8263652324676514 -0.8947824239730835 -0.3804320991039276 0.23374278843402863 -3.279849052429199
-0.20477983355522156 -0.11533404141664505 -0.9719892144203186 0.4793144166469574 0.39673009514808655 -0.9175865054130554 0.02529514580965042 -0.8263368010520935 -0.8948017954826355 -0.3804374933242798 0.23365992307662964 -3.2798447608947754
-0.2047829031944275 -0.11533655971288681 -0.9719882607460022 0.4793139696121216 0.3967283368110657 -0.9175872206687927 0.02529674954712391 -0.8263416886329651 -0.8948018550872803 -0.3804349899291992 0.2336636781692505 -3.279867649078369
-0.20481999218463898 -0.1152983158826828 -0.9719849824905396 0.4792768061161041 0.39678454399108887 -0.9175647497177124 0.025231080129742622 -0.8263912796974182 -0.8947684168815613 -0.380500853061676 0.23368442058563232 -3.2797961235046387
-0.20478007197380066 -0.11530788242816925 -0.9719922542572021 0.47926944494247437 0.3967816233634949 -0.9175652861595154 0.025256909430027008 -0.8264047503471375 -0.8947789072990417 -0.3804965913295746 0.23365135490894318 -3.279813289642334
-0.20473983883857727 -0.11531463265419006 -0.9719999432563782 0.4793136715888977 0.39679884910583496 -0.9175573587417603 0.025274936109781265 -0.8263787627220154 -0.8947804570198059 -0.3805136978626251 0.23361746966838837 -3.2797937393188477
-0.20479123294353485 -0.11535651236772537 -0.9719841480255127 0.47928914427757263 0.39685121178627014 -0.917534589767456 0.025280166417360306 -0.8263567686080933 -0.8947454690933228 -0.3805559575557709 0.23368261754512787 -3.279776096343994
-0.20482227206230164 -0.11534661799669266 -0.9719787836074829 0.47930192947387695 0.3968815207481384 -0.9175222516059875 0.02525044046342373 -0.826381504535675 -0.8947249054908752 -0.3805885910987854 0.23370815813541412 -3.2797691822052
-0.20477618277072906 -0.11527574807405472 -0.9719969034194946 0.47926366329193115 0.3968524634838104 -0.9175359606742859 0.025209631770849228 -0.826330304145813 -0.894748330116272 -0.38057705760002136 0.23363719880580902 -3.2797114849090576
-0.2047717273235321 -0.11524088680744171 -0.9720019698143005 0.47927337884902954 0.3968735635280609 -0.9175278544425964 0.02517300471663475 -0.8263207077980042 -0.8947399854660034 -0.3806072175502777 0.2336200326681137 -3.2797422409057617
-0.20479105412960052 -0.11531317979097366 -0.9719893336296082 0.4793557822704315 0.3968895971775055 -0.9175193309783936 0.02522929757833481 -0.8263896107673645 -0.8947284817695618 -0.3806057572364807 0.2336665689945221 -3.2797744274139404
-0.20474709570407867 -0.11531085520982742 -0.9719988703727722 0.47936126589775085 0.3969743251800537 -0.9174829125404358 0.02522263489663601 -0.8263776302337646 -0.8947009444236755 -0.38069435954093933 0.23362763226032257 -3.27974796295166
-0.20462854206562042 -0.11529470235109329 -0.9720257520675659 0.47935760021209717 0.3969910144805908 -0.9174749255180359 0.025250645354390144 -0.8263756036758423 -0.8947206735610962 -0.38071849942207336 0.2335127294063568 -3.2797091007232666
-0.20451942086219788 -0.11528152972459793 -0.9720503091812134 0.47935548424720764 0.3969040811061859 -0.917510986328125 0.02530471421778202 -0.8263758420944214 -0.894784152507782 -0.38063547015190125 0.2334047555923462 -3.2797062397003174
-0.20452949404716492 -0.11521043628454208 -0.9720565676689148 0.47933340072631836 0.3969302773475647 -0.9175018072128296 0.02522672899067402 -0.8263805508613586 -0.8947702646255493 -0.3806791305541992 0.23338691890239716 -3.279747247695923
-0.20453156530857086 -0.11524133384227753 -0.9720525145530701 0.4793368875980377 0.3969196677207947 -0.9175055623054504 0.025257833302021027 -0.8263847827911377 -0.8947744965553284 -0.380660742521286 0.2334006130695343 -3.2797634601593018
-0.20451027154922485 -0.11525394022464752 -0.9720554947853088 0.4792976975440979 0.39682281017303467 -0.9175462126731873 0.025303544476628304 -0.826368510723114 -0.8948222994804382 -0.38055896759033203 0.23338323831558228 -3.2797675132751465
-0.2045421451330185 -0.11520662903785706 -0.9720543622970581 0.47929832339286804 0.3968435227870941 -0.9175390005111694 0.025240685790777206 -0.8263802528381348 -0.8948058485984802 -0.3805907368659973 0.23339462280273438 -3.279771089553833
-0.20458506047725677 -0.11521076411008835 -0.9720448851585388 0.4793150722980499 0.39679160714149475 -0.917561411857605 0.025240901857614517 -0.8263286352157593 -0.8948190808296204 -0.380535364151001 0.23343424499034882 -3.2797672748565674
-0.20453625917434692 -0.11527713388204575 -0.9720472693443298 0.4793543219566345 0.3968196213245392 -0.9175472259521484 0.02531583420932293 -0.8263190388679504 -0.8948177695274353 -0.38054946064949036 0.2334161251783371 -3.2797889709472656
-0.20455782115459442 -0.11525971442461014 -0.9720447659492493 0.47935929894447327 0.3967911899089813 -0.9175600409507751 0.02529815584421158 -0.8263119459152222 -0.8948254585266113 -0.3805239200592041 0.23342832922935486 -3.279820203781128
-0.20450490713119507 -0.11533527821302414 -0.972046971321106 0.4793948531150818 0.396842360496521 -0.9175357222557068 0.025377372279763222 -0.8263176083564758 -0.8948148488998413 -0.38055965304374695 0.23341068625450134 -3.2798707485198975
-0.20453719794750214 -0.11526558548212051 -0.9720484614372253 0.47938641905784607 0.39687618613243103 -0.9175235033035278 0.025289809331297874 -0.8263667225837708 -0.8947924971580505 -0.3806101977825165 0.23341406881809235 -3.279827117919922
-0.20454660058021545 -0.11534488946199417 -0.9720370769500732 0.4794153869152069 0.39689871668815613 -0.9175119400024414 0.025355011224746704 -0.8263733983039856 -0.8947803378105164 -0.3806140124797821 0.2334544062614441 -3.2798571586608887
-0.2046121507883072 -0.11527160555124283 -0.9720319509506226 0.479422926902771 0.3969106376171112 -0.9175094962120056 0.025256404653191566 -0.8263570070266724 -0.8947600722312927 -0.3806420862674713 0.2334863394498825 -3.279902219772339
-0.20454391837120056 -0.115301713347435 -0.9720427393913269 0.47937914729118347 0.3969286382198334 -0.9175003170967102 0.02530752308666706 -0.8263179659843445 -0.894767701625824 -0.3806551396846771 0.23343588411808014 -3.2798614501953125
-0.2045760452747345 -0.11521760374307632 -0.9720459580421448 0.47936710715293884 0.39693087339401245 -0.9175019264221191 0.025214655324816704 -0.8263465762138367 -0.8947593569755554 -0.3806767463684082 0.23343254625797272 -3.2798376083374023
-0.2045820951461792 -0.11524159461259842 -0.9720418453216553 0.47933056950569153 0.39695221185684204 -0.9174922704696655 0.02522929199039936 -0.8263118863105774 -0.8947485089302063 -0.380692720413208 0.2334481179714203 -3.2798290252685547
-0.20461921393871307 -0.11519437283277512 -0.9720396399497986 0.47933995723724365 0.3969428539276123 -0.9174978733062744 0.02517225220799446 -0.8263121247291565 -0.8947441577911377 -0.3806934952735901 0.23346349596977234 -3.2798588275909424
-0.2045852094888687 -0.11523160338401794 -0.9720423817634583 0.4793543219566345 0.39697983860969543 -0.9174808263778687 0.025211401283740997 -0.826352059841156 -0.8947355151176453 -0.38072338700294495 0.2334478497505188 -3.2798430919647217
-0.2045781910419464 -0.11520908027887344 -0.9720464944839478 0.47935494780540466 0.39696988463401794 -0.9174855351448059 0.025195563212037086 -0.8263541460037231 -0.8947415351867676 -0.38071876764297485 0.23343229293823242 -3.279860734939575
-0.20451749861240387 -0.11525597423315048 -0.9720537066459656 0.47935575246810913 0.39693233370780945 -0.9174996614456177 0.025273997336626053 -0.8263181447982788 -0.8947721123695374 -0.38067060708999634 0.23339377343654633 -3.2798221111297607
-0.20452997088432312 -0.11523988097906113 -0.9720529913902283 0.4793511629104614 0.39698269963264465 -0.9174787402153015 0.02524065226316452 -0.826323926448822 -0.8947468996047974 -0.38072580099105835 0.233400359749794 -3.2798237800598145
-0.20453660190105438 -0.11523287743330002 -0.9720524549484253 0.47935283184051514 0.3970205783843994 -0.9174628853797913 0.025221500545740128 -0.8262643814086914 -0.8947285413742065 -0.3807661533355713 0.23340478539466858 -3.279768705368042
-0.20453530550003052 -0.1151856780052185 -0.9720582962036133 0.47932666540145874 0.3970351815223694 -0.9174578785896301 0.025173665955662727 -0.8263310790061951 -0.8947224020957947 -0.3807924687862396 0.23338551819324493 -3.2796614170074463
-0.20455144345760345 -0.1152108907699585 -0.9720519185066223 0.4792768061161041 0.3970276713371277 -0.9174606204032898 0.02519294247031212 -0.8263289332389832 -0.894722044467926 -0.3807782828807831 0.2334100306034088 -3.2796688079833984
-0.20461830496788025 -0.1151803508400917 -0.9720414876937866 0.479306161403656 0.39707648754119873 -0.9174413681030273 0.025124525651335716 -0.826320230960846 -0.8946850895881653 -0.3808338940143585 0.2334609180688858 -3.2796897888183594
-0.20455831289291382 -0.11518663913011551 -0.9720533490180969 0.4792938828468323 0.3970298171043396 -0.9174603819847107 0.025166727602481842 -0.8263143301010132 -0.8947194814682007 -0.38078612089157104 0.2334069013595581 -3.279711961746216
-0.2045506089925766 -0.11532708257436752 -0.9720383286476135 0.4793323278427124 0.39708539843559265 -0.9174330234527588 0.02528787963092327 -0.8263236284255981 -0.8946965932846069 -0.38080960512161255 0.23345638811588287 -3.2797691822052
-0.20456966757774353 -0.11524799466133118 -0.9720436930656433 0.47933506965637207 0.39706575870513916 -0.9174436330795288 0.025210704654455185 -0.8262972235679626 -0.8947009444236755 -0.3808079659938812 0.23344238102436066 -3.279810905456543
-0.20444168150424957 -0.1153053417801857 -0.9720638394355774 0.47930699586868286 0.39702966809272766 -0.9174560904502869 0.025325650349259377 -0.8262958526611328 -0.8947462439537048 -0.3807605803012848 0.2333461344242096 -3.2798492908477783
-0.20447513461112976 -0.11531367897987366 -0.9720557928085327 0.47929686307907104 0.3970732092857361 -0.917437732219696 0.025308726355433464 -0.826323926448822 -0.8947192430496216 -0.38080233335494995 0.23338139057159424 -3.2798144817352295
-0.2044626921415329 -0.11527067422866821 -0.9720634818077087 0.4792937636375427 0.3970450162887573 -0.9174507260322571 0.02528049796819687 -0.8263273239135742 -0.8947346210479736 -0.3807840645313263 0.23335230350494385 -3.279827356338501
-0.20451568067073822 -0.11526577919721603 -0.9720529317855835 0.4792397916316986 0.397034227848053 -0.9174560308456421 0.025257406756281853 -0.8262743949890137 -0.8947272896766663 -0.38077276945114136 0.23339881002902985 -3.2797603607177734
-0.20451092720031738 -0.11531359702348709 -0.972048282623291 0.4792836904525757 0.3969629108905792 -0.9174850583076477 0.025323042646050453 -0.826298177242279 -0.894760012626648 -0.38068830966949463 0.23341116309165955 -3.279813766479492
-0.2045288234949112 -0.11528875678777695 -0.9720474481582642 0.47929808497428894 0.3969631791114807 -0.917485773563385 0.025292346253991127 -0.8263295888900757 -0.8947558403015137 -0.38069406151771545 0.23341789841651917 -3.279788017272949
-0.2044287621974945 -0.11537199467420578 -0.9720585942268372 0.4793405532836914 0.39695632457733154 -0.9174854159355164 0.025412878021597862 -0.8263283967971802 -0.8947817087173462 -0.3806697130203247 0.2333582639694214 -3.279811382293701
-0.20445291697978973 -0.11536397784948349 -0.9720544815063477 0.479360967874527 0.39696529507637024 -0.9174820780754089 0.025393275544047356 -0.8263403177261353 -0.8947722315788269 -0.3806802034378052 0.233377605676651 -3.2798104286193848
-0.2045094221830368 -0.1153528094291687 -0.9720439314842224 0.4793490171432495 0.3969641327857971 -0.9174835085868835 0.025360343977808952 -0.8263163566589355 -0.8947598338127136 -0.3806801736354828 0.23342515528202057 -3.27980375289917
-0.20448018610477448 -0.11533669382333755 -0.9720519781112671 0.4793417751789093 0.39696231484413147 -0.9174844026565552 0.02535734884440899 -0.8263030648231506 -0.8947673439979553 -0.38068297505378723 0.2333919256925583 -3.2798190116882324
-0.20458492636680603 -0.11528731882572174 -0.972035825252533 0.479318767786026 0.39690905809402466 -0.9175094962120056 0.025282585993409157 -0.8262723684310913 -0.8947669863700867 -0.38063740730285645 0.23346740007400513 -3.279772996902466
-0.2045893371105194 -0.11525402963161469 -0.9720388054847717 0.47929254174232483 0.39689722657203674 -0.9175153970718384 0.025252465158700943 -0.8262969851493835 -0.8947712182998657 -0.3806331753730774 0.23345808684825897 -3.2797391414642334
-0.20453190803527832 -0.11535204946994781 -0.9720392823219299 0.4793524146080017 0.39693155884742737 -0.9174976348876953 0.02535909228026867 -0.82630455493927 -0.8947691321372986 -0.38064634799957275 0.23344463109970093 -3.2797887325286865
-0.20450279116630554 -0.11542568355798721 -0.9720366597175598 0.479348748922348 0.39692920446395874 -0.917496383190155 0.025440895929932594 -0.8263189792633057 -0.8947768211364746 -0.3806270658969879 0.2334466129541397 -3.279841899871826
-0.20454056560993195 -0.11538105458021164 -0.9720340371131897 0.47934114933013916 0.39690136909484863 -0.9175097942352295 0.025390878319740295 -0.8263501524925232 -0.8947805762290955 -0.3806082010269165 0.2334630936384201 -3.279829740524292
-0.2045314759016037 -0.11540119349956512 -0.9720335602760315 0.47928866744041443 0.39681386947631836 -0.9175463914871216 0.025436358526349068 -0.8263406753540039 -0.8948214650154114 -0.38051387667655945 0.23346012830734253 -3.279827833175659
-0.20459383726119995 -0.11536723375320435 -0.9720244407653809 0.47931554913520813 0.39679279923439026 -0.9175569415092468 0.02538476698100567 -0.8263257741928101 -0.894816517829895 -0.3804987668991089 0.23350359499454498 -3.2798938751220703
-0.2046271711587906 -0.11540567874908447 -0.9720128774642944 0.4792838394641876 0.39674651622772217 -0.9175759553909302 0.025419753044843674 -0.826297402381897 -0.8948293924331665 -0.38044118881225586 0.23354800045490265 -3.2798924446105957
-0.20459768176078796 -0.11537714302539825 -0.9720224738121033 0.4793170988559723 0.3966926336288452 -0.9175993204116821 0.02541871927678585 -0.826319694519043 -0.894860029220581 -0.3803935647010803 0.2335081696510315 -3.279858350753784
-0.2046077400445938 -0.11534176766872406 -0.9720245599746704 0.47931981086730957 0.3966940641403198 -0.9175997376441956 0.02538091503083706 -0.8263333439826965 -0.8948571085929871 -0.3804032802581787 0.23350362479686737 -3.2798614501953125
-0.20447205007076263 -0.11539137363433838 -0.9720472097396851 0.47936540842056274 0.3967037498950958 -0.9175928235054016 0.025479663163423538 -0.8263141512870789 -0.8948838114738464 -0.3804049491882324 0.23339849710464478 -3.279850959777832
-0.20446163415908813 -0.11531855165958405 -0.9720580577850342 0.47936302423477173 0.3967682421207428 -0.9175671935081482 0.025398284196853638 -0.8263454437255859 -0.89485764503479 -0.3804888129234314 0.23336224257946014 -3.2798240184783936
-0.20453983545303345 -0.115384541451931 -0.9720337390899658 0.47932082414627075 0.3967399299144745 -0.9175783395767212 0.025436583906412125 -0.8263152241706848 -0.894852340221405 -0.3804418444633484 0.23345918953418732 -3.279794692993164
-0.20451843738555908 -0.11534282565116882 -0.9720432162284851 0.47934308648109436 0.3967263996601105 -0.9175849556922913 0.02540932223200798 -0.8263014554977417 -0.8948631882667542 -0.38043856620788574 0.23342280089855194 -3.279780149459839
-0.20453955233097076 -0.1153726652264595 -0.9720352292060852 0.47935453057289124 0.39672404527664185 -0.9175854325294495 0.025429625064134598 -0.8263005614280701 -0.8948594331741333 -0.38042840361595154 0.23345384001731873 -3.279797077178955
-0.20457258820533752 -0.1153125986456871 -0.9720354080200195 0.4793570637702942 0.39676153659820557 -0.9175714254379272 0.02534988522529602 -0.8263247013092041 -0.8948352336883545 -0.38048040866851807 0.23346178233623505 -3.2797882556915283
-0.20450907945632935 -0.11535167694091797 -0.9720441102981567 0.47934815287590027 0.39679253101348877 -0.9175565242767334 0.025404172018170357 -0.8263371586799622 -0.8948360085487366 -0.3805045187473297 0.2334195375442505 -3.2798357009887695
-0.2045258730649948 -0.11535481363534927 -0.9720402359962463 0.4792840778827667 0.3967280685901642 -0.9175840020179749 0.025417208671569824 -0.8262990117073059 -0.8948607444763184 -0.3804372251033783 0.23343437910079956 -3.2798023223876953
-0.2045380026102066 -0.11533187329769135 -0.9720404148101807 0.47927454113960266 0.3967357575893402 -0.9175814986228943 0.0253886841237545 -0.8263121247291565 -0.8948546051979065 -0.3804502487182617 0.23343677818775177 -3.2798049449920654
-0.20457537472248077 -0.11537180095911026 -0.9720277786254883 0.47932663559913635 0.3967675268650055 -0.9175673723220825 0.025403082370758057 -0.8263273239135742 -0.8948319554328918 -0.3804722726345062 0.23348768055438995 -3.279848098754883
-0.20459674298763275 -0.11535979807376862 -0.9720247387886047 0.4793025851249695 0.3967738151550293 -0.9175652265548706 0.0253815408796072 -0.8263226747512817 -0.8948242664337158 -0.3804810047149658 0.2335028201341629 -3.2798638343811035
-0.20452465116977692 -0.11542567610740662 -0.9720320701599121 0.47931796312332153 0.3967911899089813 -0.9175553321838379 0.025468122214078903 -0.826312780380249 -0.8948330283164978 -0.380484938621521 0.23346279561519623 -3.279864549636841
-0.20454590022563934 -0.11534744501113892 -0.9720368981361389 0.47932735085487366 0.3968311846256256 -0.9175406098365784 0.025375325232744217 -0.826341986656189 -0.8948104977607727 -0.38054415583610535 0.23345284163951874 -3.2798478603363037
-0.2045290321111679 -0.11537431925535202 -0.9720372557640076 0.47937899827957153 0.3968651294708252 -0.9175252914428711 0.02539859712123871 -0.8262989521026611 -0.8947992324829102 -0.38057297468185425 0.2334488183259964 -3.2798540592193604
-0.20451705157756805 -0.11536921560764313 -0.9720403552055359 0.4793919324874878 0.3968389332294464 -0.9175364375114441 0.025405429303646088 -0.8262951970100403 -0.894813597202301 -0.3805476725101471 0.23343504965305328 -3.2798702716827393
-0.20450147986412048 -0.11534133553504944 -0.972046971321106 0.4793691337108612 0.39682331681251526 -0.9175435900688171 0.025389432907104492 -0.8262733817100525 -0.8948240876197815 -0.3805387616157532 0.23340937495231628 -3.279855251312256
-0.20445816218852997 -0.11531907320022583 -0.9720587134361267 0.4793326258659363 0.39685559272766113 -0.9175300002098083 0.025377390906214714 -0.826278805732727 -0.8948196768760681 -0.3805783689022064 0.23336172103881836 -3.27984619140625
-0.20446331799030304 -0.11531555652618408 -0.9720580577850342 0.4793339669704437 0.3968467116355896 -0.9175339341163635 0.025374319404363632 -0.8262747526168823 -0.8948224782943726 -0.3805699646472931 0.23336483538150787 -3.279858112335205
-0.20456106960773468 -0.11531590670347214 -0.9720374345779419 0.4793076515197754 0.3968161940574646 -0.9175479412078857 0.02534337528049946 -0.8262641429901123 -0.8948136568069458 -0.38053596019744873 0.23345401883125305 -3.2798373699188232
-0.20461469888687134 -0.11532557755708694 -0.9720250368118286 0.47932523488998413 0.39680418372154236 -0.9175534248352051 0.025334099307656288 -0.8262690305709839 -0.8948066830635071 -0.38051989674568176 0.23350679874420166 -3.27984881401062
-0.20464223623275757 -0.11533311754465103 -0.972018301486969 0.47932231426239014 0.39674603939056396 -0.9175782203674316 0.025345345959067345 -0.8262649774551392 -0.8948261737823486 -0.38045772910118103 0.23353344202041626 -3.279862880706787
-0.20470240712165833 -0.11530453711748123 -0.9720090627670288 0.47932809591293335 0.39674487709999084 -0.9175801277160645 0.02529451996088028 -0.8262919783592224 -0.8948129415512085 -0.38046178221702576 0.23357756435871124 -3.2798452377319336
-0.20470751821994781 -0.11528128385543823 -0.9720107316970825 0.479314386844635 0.396768182516098 -0.9175708889961243 0.025264428928494453 -0.8262850642204285 -0.8948014378547668 -0.38049113750457764 0.2335738241672516 -3.279846668243408
-0.2046801894903183 -0.11529315263032913 -0.9720150828361511 0.4792948067188263 0.3967793583869934 -0.9175655245780945 0.025283679366111755 -0.8263256549835205 -0.8948027491569519 -0.3805004954338074 0.23355364799499512 -3.279806137084961
-0.20453675091266632 -0.11526934057474136 -0.9720481038093567 0.47933369874954224 0.39676424860954285 -0.9175710082054138 0.025322727859020233 -0.8263376951217651 -0.894842267036438 -0.38049450516700745 0.233411967754364 -3.2798335552215576
-0.20455600321292877 -0.11531184613704681 -0.972038984298706 0.4793383479118347 0.3966575860977173 -0.9176154732704163 0.02538294903934002 -0.8263107538223267 -0.8948851227760315 -0.3803744316101074 0.23344328999519348 -3.2799017429351807
-0.20457196235656738 -0.11529670655727386 -0.9720374345779419 0.479316771030426 0.3965681791305542 -0.9176540374755859 0.025385575369000435 -0.8262822031974792 -0.8949211239814758 -0.38028597831726074 0.23344950377941132 -3.2798805236816406
-0.20455670356750488 -0.11535259336233139 -0.9720340371131897 0.4793395698070526 0.39655986428260803 -0.9176559448242188 0.02544662170112133 -0.826285719871521 -0.8949282765388489 -0.38026443123817444 0.23345708847045898 -3.2799301147460938
-0.20452158153057098 -0.11542900651693344 -0.9720323085784912 0.47934702038764954 0.39650288224220276 -0.9176777601242065 0.02554772049188614 -0.8262651562690735 -0.8949615359306335 -0.38018858432769775 0.23345305025577545 -3.27994966506958
-0.20456740260124207 -0.11541503667831421 -0.9720243215560913 0.4793318510055542 0.39648962020874023 -0.9176842570304871 0.025519607588648796 -0.826292097568512 -0.8949569463729858 -0.3801771104335785 0.23348936438560486 -3.2799336910247803
-0.20449112355709076 -0.11536981910467148 -0.9720457792282104 0.4793243706226349 0.3965478837490082 -0.9176598191261292 0.025492319837212563 -0.8262816071510315 -0.8949485421180725 -0.3802497684955597 0.23340316116809845 -3.279895067214966
-0.20442181825637817 -0.11535810679197311 -0.9720617532730103 0.4793305993080139 0.396631121635437 -0.9176239967346191 0.02548736147582531 -0.8262708187103271 -0.8949275016784668 -0.3803398013114929 0.2333371937274933 -3.2798573970794678
-0.20431223511695862 -0.11531486362218857 -0.9720898866653442 0.4793318808078766 0.39673498272895813 -0.9175797700881958 0.025463435798883438 -0.8262569308280945 -0.8949065208435059 -0.38045960664749146 0.23322242498397827 -3.2797977924346924
-0.2043401598930359 -0.11528430879116058 -0.9720876812934875 0.47931838035583496 0.3967728316783905 -0.9175647497177124 0.025413524359464645 -0.8262856602668762 -0.8948833346366882 -0.3805049955844879 0.23323723673820496 -3.2797741889953613
-0.2044128030538559 -0.11527802795171738 -0.9720731377601624 0.4793050289154053 0.39677414298057556 -0.9175651669502258 0.02537810057401657 -0.8262685537338257 -0.8948661684989929 -0.38050588965415955 0.23330162465572357 -3.2797627449035645
-0.20447123050689697 -0.11527008563280106 -0.9720617532730103 0.4793078899383545 0.3967498242855072 -0.9175763726234436 0.025353483855724335 -0.8262776136398315 -0.8948636054992676 -0.3804813325405121 0.23335157334804535 -3.279773712158203
-0.20444726943969727 -0.11535044014453888 -0.9720572829246521 0.4793166518211365 0.3967105448246002 -0.9175907373428345 0.025449203327298164 -0.8262572884559631 -0.8948864936828613 -0.3804223835468292 0.23335987329483032 -3.2797629833221436
-0.20443986356258392 -0.11540154367685318 -0.9720527529716492 0.4793631136417389 0.3967227637767792 -0.9175841212272644 0.025497224181890488 -0.8262861371040344 -0.8948827385902405 -0.3804228603839874 0.23337340354919434 -3.2798337936401367
-0.20448505878448486 -0.1154218465089798 -0.9720408916473389 0.47937092185020447 0.3967309296131134 -0.9175806045532227 0.025496121495962143 -0.8262649178504944 -0.894868791103363 -0.3804251551628113 0.2334231585264206 -3.2798783779144287
-0.20454204082489014 -0.1154303029179573 -0.9720278978347778 0.479343444108963 0.39662331342697144 -0.9176267385482788 0.025509322062134743 -0.8262729048728943 -0.8949034810066223 -0.3803112208843231 0.23347581923007965 -3.2799055576324463
-0.2045786827802658 -0.11544527858495712 -0.9720183610916138 0.47932830452919006 0.39670443534851074 -0.9175922870635986 0.025487584993243217 -0.8262757062911987 -0.8948591947555542 -0.3803898096084595 0.23351769149303436 -3.2799293994903564
-0.2045835554599762 -0.11548096686601639 -0.9720131158828735 0.47933298349380493 0.39662814140319824 -0.9176238179206848 0.025539226830005646 -0.8262390494346619 -0.8948918581008911 -0.38030287623405457 0.23353396356105804 -3.2799086570739746
-0.20462489128112793 -0.11550483852624893 -0.9720015525817871 0.4793238043785095 0.39661553502082825 -0.917629063129425 0.025548476725816727 -0.8262632489204407 -0.8948879837989807 -0.38028308749198914 0.23358097672462463 -3.2799103260040283
-0.20464259386062622 -0.1154860407114029 -0.9720000624656677 0.47935914993286133 0.3966258466243744 -0.9176253080368042 0.02552092634141445 -0.8262905478477478 -0.8948794007301331 -0.3802977204322815 0.23359020054340363 -3.2798779010772705
-0.2046383023262024 -0.1154693141579628 -0.9720029830932617 0.47936856746673584 0.39657872915267944 -0.9176457524299622 0.02551916241645813 -0.8262956142425537 -0.8949012756347656 -0.38025355339050293 0.23357835412025452 -3.2799010276794434
-0.20464520156383514 -0.11550536006689072 -0.9719972610473633 0.47943639755249023 0.39669090509414673 -0.917597234249115 0.025521134957671165 -0.8263084888458252 -0.894849956035614 -0.3803597390651703 0.23360201716423035 -3.2799417972564697
-0.20468269288539886 -0.11546270549297333 -0.9719944000244141 0.47944632172584534 0.3966940641403198 -0.9175974130630493 0.02546500414609909 -0.8263124823570251 -0.8948400020599365 -0.38037219643592834 0.23361989855766296 -3.2799642086029053
-0.20471741259098053 -0.11546482145786285 -0.9719868302345276 0.4793282747268677 0.39667102694511414 -0.9176075458526611 0.025459079071879387 -0.8262724280357361 -0.894842267036438 -0.3803471326828003 0.2336520105600357 -3.279921054840088
-0.2047695368528366 -0.1153978481888771 -0.9719838500022888 0.4793262779712677 0.39673882722854614 -0.9175810217857361 0.025357242673635483 -0.8262967467308044 -0.8948002457618713 -0.3804313540458679 0.23367565870285034 -3.2799174785614014
-0.20477426052093506 -0.11539200693368912 -0.9719834923744202 0.47929856181144714 0.39672043919563293 -0.9175890684127808 0.025354627519845963 -0.8263244032859802 -0.8948073387145996 -0.3804137706756592 0.2336772084236145 -3.279897451400757
-0.20467232167720795 -0.11537521332502365 -0.9720069766044617 0.47933632135391235 0.39670559763908386 -0.9175946712493896 0.025383561849594116 -0.8263041973114014 -0.8948372602462769 -0.38040533661842346 0.2335764467716217 -3.279876232147217
-0.2046869397163391 -0.11536093801259995 -0.9720056056976318 0.47934314608573914 0.39673367142677307 -0.9175832867622375 0.025356890633702278 -0.8262867331504822 -0.8948214650154114 -0.3804371654987335 0.23358510434627533 -3.279930591583252
-0.20460054278373718 -0.11540445685386658 -0.9720185995101929 0.4793546199798584 0.39671188592910767 -0.9175904393196106 0.025438327342271805 -0.8262761831283569 -0.8948508501052856 -0.3804066777229309 0.23352204263210297 -3.279954433441162
-0.20461255311965942 -0.11536376923322678 -0.9720209240913391 0.4793383479118347 0.3967214822769165 -0.9175875782966614 0.025392595678567886 -0.8263329863548279 -0.8948438763618469 -0.38042598962783813 0.23351743817329407 -3.2799062728881836
-0.20461171865463257 -0.11530950665473938 -0.9720275402069092 0.47932711243629456 0.39671534299850464 -0.9175915718078613 0.025343317538499832 -0.8263011574745178 -0.8948467969894409 -0.38043272495269775 0.23349526524543762 -3.2799017429351807
-0.20457328855991364 -0.11530236899852753 -0.9720364809036255 0.47932571172714233 0.39668723940849304 -0.9176033139228821 0.02535933628678322 -0.8262977600097656 -0.894868016242981 -0.3804066479206085 0.2334563136100769 -3.279919385910034
-0.204511821269989 -0.11534954607486725 -0.9720438122749329 0.47931912541389465 0.39664313197135925 -0.9176201224327087 0.02544003166258335 -0.8262901902198792 -0.8949016332626343 -0.3803517520427704 0.23341697454452515 -3.2798850536346436
-0.2044203281402588 -0.11536046862602234 -0.9720617532730103 0.4793281853199005 0.39661672711372375 -0.9176300168037415 0.025493942201137543 -0.8262916207313538 -0.8949342370033264 -0.38032448291778564 0.23333632946014404 -3.2799131870269775
-0.2044248729944229 -0.11536572873592377 -0.9720602035522461 0.4793323278427124 0.3966602385044098 -0.9176114797592163 0.02548574097454548 -0.8262867331504822 -0.894913911819458 -0.3803677260875702 0.23334380984306335 -3.2799041271209717
-0.2043422907590866 -0.11540892720222473 -0.972072422504425 0.47937148809432983 0.39660847187042236 -0.9176313877105713 0.025573141872882843 -0.8262755870819092 -0.8949556946754456 -0.38030654191970825 0.23328326642513275 -3.279918909072876
-0.20437180995941162 -0.11535810679197311 -0.9720722436904907 0.47936636209487915 0.39662137627601624 -0.9176275730133057 0.02550995908677578 -0.8262849450111389 -0.8949432373046875 -0.3803311586380005 0.2332909256219864 -3.279911994934082
-0.20437435805797577 -0.11529158800840378 -0.9720795750617981 0.4793318212032318 0.3966071605682373 -0.9176353812217712 0.025449849665164948 -0.826245129108429 -0.8949489593505859 -0.38033246994018555 0.23326683044433594 -3.279862880706787
-0.20436184108257294 -0.11534928530454636 -0.9720754027366638 0.4793386161327362 0.3966515064239502 -0.9176148772239685 0.02549777738749981 -0.8262417912483215 -0.8949321508407593 -0.38036441802978516 0.23327915370464325 -3.2798690795898438
-0.20441964268684387 -0.11524359881877899 -0.9720757603645325 0.4793279767036438 0.3966153860092163 -0.9176336526870728 0.02538423426449299 -0.8262417316436768 -0.8949349522590637 -0.3803512156009674 0.2332899421453476 -3.2798218727111816
-0.2044471800327301 -0.11526419222354889 -0.9720675349235535 0.47933298349380493 0.39662712812423706 -0.9176284074783325 0.025389570742845535 -0.8262373208999634 -0.8949235081672668 -0.380357563495636 0.23332366347312927 -3.279834270477295
-0.20450150966644287 -0.1153041273355484 -0.9720513820648193 0.4793901741504669 0.39655813574790955 -0.9176573157310486 0.025423461571335793 -0.8262778520584106 -0.8949416279792786 -0.38027578592300415 0.2333873212337494 -3.2799203395843506
-0.20449702441692352 -0.11532044410705566 -0.9720503687858582 0.47939783334732056 0.3965533971786499 -0.9176588654518127 0.02544189803302288 -0.826280951499939 -0.8949447870254517 -0.38026711344718933 0.23338943719863892 -3.279942512512207
-0.20444361865520477 -0.11536697298288345 -0.9720560908317566 0.479361355304718 0.39661166071891785 -0.9176322817802429 0.02549205906689167 -0.8263047933578491 -0.8949311375617981 -0.3803171217441559 0.233360156416893 -3.2798545360565186
-0.20444241166114807 -0.11541684716939926 -0.9720504283905029 0.479385107755661 0.3966754376888275 -0.9176038503646851 0.0255229901522398 -0.8263096809387207 -0.8949031829833984 -0.3803705871105194 0.23338039219379425 -3.2798750400543213
-0.20447580516338348 -0.11534960567951202 -0.9720513820648193 0.47937285900115967 0.3966878056526184 -0.9176007509231567 0.02544289082288742 -0.8263118267059326 -0.8948900699615479 -0.3803985118865967 0.2333851456642151 -3.279885768890381
-0.20439159870147705 -0.11536793410778046 -0.9720669388771057 0.4793500006198883 0.3966960906982422 -0.9175958037376404 0.02549181878566742 -0.8263030648231506 -0.8949056267738342 -0.38040485978126526 0.2333150953054428 -3.2798728942871094
-0.20443636178970337 -0.11533750593662262 -0.9720610976219177 0.4793514311313629 0.3967195451259613 -0.9175871014595032 0.02543902024626732 -0.8263100981712341 -0.8948850035667419 -0.3804350197315216 0.23334503173828125 -3.279876470565796
-0.20443715155124664 -0.1153557300567627 -0.9720587730407715 0.47929665446281433 0.3966144919395447 -0.9176312685012817 0.025483297184109688 -0.8262770175933838 -0.8949313759803772 -0.3803229033946991 0.23334988951683044 -3.2798409461975098
-0.20447149872779846 -0.11534608155488968 -0.9720526933670044 0.4792620539665222 0.39660173654556274 -0.9176373481750488 0.025463739410042763 -0.8262724280357361 -0.8949291706085205 -0.38031119108200073 0.2333773672580719 -3.279838800430298
-0.20447656512260437 -0.11541207134723663 -0.9720438122749329 0.4793393313884735 0.39659950137138367 -0.9176366329193115 0.025524582713842392 -0.8262622356414795 -0.8949289917945862 -0.38029295206069946 0.23340778052806854 -3.2799439430236816
-0.20459946990013123 -0.11540514975786209 -0.9720187783241272 0.4792949855327606 0.39656853675842285 -0.917651355266571 0.025476820766925812 -0.8262500166893005 -0.8949146270751953 -0.38025954365730286 0.23351725935935974 -3.279860734939575
-0.20455080270767212 -0.11540370434522629 -0.9720292091369629 0.47932034730911255 0.3966227173805237 -0.9176278114318848 0.0254808496683836 -0.8262360692024231 -0.8949017524719238 -0.38031676411628723 0.23347344994544983 -3.2798829078674316
-0.20459502935409546 -0.11530882120132446 -0.9720311164855957 0.4793233871459961 0.39661386609077454 -0.9176345467567444 0.025375833734869957 -0.8262527585029602 -0.8948955535888672 -0.38032931089401245 0.23347675800323486 -3.2798726558685303
-0.20457914471626282 -0.11541157960891724 -0.972022294998169 0.4793369174003601 0.3965815603733063 -0.9176453948020935 0.02548765204846859 -0.8262278437614441 -0.8949135541915894 -0.38027191162109375 0.23350143432617188 -3.279879093170166
-0.20457780361175537 -0.11543729156255722 -0.9720194935798645 0.4793434739112854 0.3965793251991272 -0.9176456928253174 0.025513041764497757 -0.8262396454811096 -0.8949148058891296 -0.38026347756385803 0.23351019620895386 -3.279872179031372
-0.2045942097902298 -0.11543699353933334 -0.9720160961151123 0.4793570339679718 0.39652732014656067 -0.9176679253578186 0.025519756600260735 -0.826233446598053 -0.8949341177940369 -0.3802097737789154 0.2335236817598343 -3.2799453735351562
-0.20461641252040863 -0.11544717103242874 -0.9720101952552795 0.4793477952480316 0.39650124311447144 -0.9176790118217468 0.025527261197566986 -0.826239287853241 -0.8949406147003174 -0.3801800012588501 0.23354734480381012 -3.279984712600708
-0.20457549393177032 -0.11551272869110107 -0.9720110297203064 0.47935888171195984 0.39650672674179077 -0.9176744818687439 0.025604136288166046 -0.8262341618537903 -0.8949475288391113 -0.3801709711551666 0.233535498380661 -3.2800135612487793
-0.2046423852443695 -0.11539706587791443 -0.9720106720924377 0.47926610708236694 0.3965213894844055 -0.9176720380783081 0.025464283302426338 -0.8262225985527039 -0.8949257135391235 -0.3802120089530945 0.2335522174835205 -3.279895544052124
-0.20463880896568298 -0.11537980288267136 -0.9720134735107422 0.4792640805244446 0.3965386152267456 -0.9176651835441589 0.02544492855668068 -0.8262427449226379 -0.8949189186096191 -0.38023388385772705 0.23354266583919525 -3.2798633575439453
-0.2046934962272644 -0.11545989662408829 -0.9719924926757812 0.4793476462364197 0.39652153849601746 -0.9176709055900574 0.025503061711788177 -0.8262559175491333 -0.8949139714241028 -0.380195677280426 0.23362381756305695 -3.2799201011657715
-0.2047225385904312 -0.11538900434970856 -0.9719947576522827 0.479347825050354 0.3965078592300415 -0.9176788926124573 0.025428051128983498 -0.8262792825698853 -0.894913375377655 -0.3801979124546051 0.23362241685390472 -3.2799108028411865
-0.2045910805463791 -0.11540550738573074 -0.9720205068588257 0.4793935716152191 0.3965509533882141 -0.9176586866378784 0.02548511140048504 -0.8262457847595215 -0.8949243426322937 -0.38024166226387024 0.23350916802883148 -3.2798895835876465
-0.2046041339635849 -0.11538758873939514 -0.9720198512077332 0.47936177253723145 0.3965320885181427 -0.9176673293113708 0.025467880070209503 -0.8262842297554016 -0.8949297070503235 -0.3802262842655182 0.23351363837718964 -3.279834508895874
-0.20461948215961456 -0.11535147577524185 -0.9720209240913391 0.47937875986099243 0.39656704664230347 -0.9176536202430725 0.025418514385819435 -0.8262656927108765 -0.8949107527732849 -0.380270391702652 0.23351460695266724 -3.279815912246704
-0.20461878180503845 -0.11536265164613724 -0.9720197319984436 0.4793722927570343 0.3965637683868408 -0.9176546931266785 0.02543020062148571 -0.8262547850608826 -0.8949123620986938 -0.38026437163352966 0.23351824283599854 -3.2798280715942383
-0.2046218067407608 -0.11535508185625076 -0.9720200300216675 0.4793754816055298 0.3966614305973053 -0.9176133871078491 0.025396358221769333 -0.8262734413146973 -0.8948683738708496 -0.3803662359714508 0.23352083563804626 -3.279876470565796
-0.20467720925807953 -0.11536270380020142 -0.9720074534416199 0.47938135266304016 0.39666879177093506 -0.9176107048988342 0.025379404425621033 -0.8262776732444763 -0.8948524594306946 -0.38037046790122986 0.2335750013589859 -3.2798776626586914
-0.20462079346179962 -0.11541197448968887 -0.9720134735107422 0.47939684987068176 0.3967199921607971 -0.9175870418548584 0.0254351906478405 -0.826278805732727 -0.8948426246643066 -0.38041263818740845 0.23354384303092957 -3.2799081802368164
-0.20457594096660614 -0.11534253507852554 -0.9720311760902405 0.47934019565582275 0.39674410223960876 -0.9175781011581421 0.02538135088980198 -0.8262887597084045 -0.8948422074317932 -0.38045522570610046 0.23347608745098114 -3.2798898220062256
-0.2045775204896927 -0.11532646417617798 -0.9720327258110046 0.4793379008769989 0.3967278301715851 -0.9175854325294495 0.025369791314005852 -0.8262918591499329 -0.8948490619659424 -0.380442351102829 0.23347078263759613 -3.279906988143921
