# 3x4 first row second row third row Freq: 100 current Time: 2021-07-27-16:54:48
-0.0905289351940155 0.698524534702301 -0.7098364233970642 0.4317806661128998 0.10904458910226822 -0.7015249729156494 -0.7042526006698608 -0.6975669264793396 -0.989905834197998 -0.14115914702415466 -0.012661851942539215 -3.0524497032165527
-0.0905296579003334 0.6985008120536804 -0.7098597288131714 0.43173110485076904 0.1089758351445198 -0.7015581727027893 -0.7042301297187805 -0.6976208686828613 -0.9899133443832397 -0.1411113440990448 -0.012607726268470287 -3.0524322986602783
-0.09056184440851212 0.6985018849372864 -0.7098544836044312 0.43183255195617676 0.10897073894739151 -0.7015532851219177 -0.7042357921600342 -0.6976136565208435 -0.9899109601974487 -0.14113034307956696 -0.0125821428373456 -3.0524938106536865
-0.09048652648925781 0.6985427141189575 -0.7098239660263062 0.43172988295555115 0.10888604074716568 -0.7015355229377747 -0.7042666077613831 -0.697638750076294 -0.9899271726608276 -0.1410166323184967 -0.01258187647908926 -3.0525381565093994
-0.09051171690225601 0.6985279321670532 -0.7098352909088135 0.43183594942092896 0.10891367495059967 -0.7015426754951477 -0.7042551636695862 -0.6976339817047119 -0.9899218082427979 -0.1410541981458664 -0.012581244111061096 -3.052617311477661
-0.09052795171737671 0.6985566020011902 -0.7098050117492676 0.4317132234573364 0.10893703997135162 -0.7015085816383362 -0.7042855024337769 -0.6976828575134277 -0.9899177551269531 -0.14108166098594666 -0.012592386454343796 -3.0525732040405273
-0.09052976965904236 0.6985629200935364 -0.7097985744476318 0.4318179190158844 0.10889776051044464 -0.7015076875686646 -0.7042924761772156 -0.6976789832115173 -0.9899219274520874 -0.14105498790740967 -0.012564440257847309 -3.05265736579895
-0.09047053009271622 0.698574423789978 -0.709794819355011 0.43172162771224976 0.10885603725910187 -0.7015106081962585 -0.7042960524559021 -0.6976516246795654 -0.9899319410324097 -0.14098356664180756 -0.012577846646308899 -3.052595853805542
-0.09052273631095886 0.6985849142074585 -0.70977783203125 0.4316825568675995 0.10888273268938065 -0.7014890313148499 -0.7043134570121765 -0.6975520849227905 -0.9899242520332336 -0.14103899896144867 -0.012562965042889118 -3.052551507949829
-0.09048405289649963 0.69858717918396 -0.7097805142402649 0.4317220151424408 0.10876680910587311 -0.7015087008476257 -0.704311728477478 -0.6976070404052734 -0.9899405241012573 -0.14092962443828583 -0.01250758022069931 -3.052567481994629
-0.09048689156770706 0.698573887348175 -0.709793210029602 0.43162399530410767 0.10885142534971237 -0.701509416103363 -0.7042979001998901 -0.6975961327552795 -0.9899309277534485 -0.14099182188510895 -0.012563194148242474 -3.0525035858154297
-0.09050583094358444 0.6985809803009033 -0.7097838521003723 0.4317069947719574 0.10879615694284439 -0.701507568359375 -0.704308271408081 -0.6975786089897156 -0.9899352788925171 -0.14096583425998688 -0.01251223310828209 -3.05257511138916
-0.09050079435110092 0.6985830068588257 -0.7097825407981873 0.43164971470832825 0.10878130048513412 -0.7015084624290466 -0.7043097615242004 -0.6975678205490112 -0.9899373650550842 -0.1409517377614975 -0.01250553410500288 -3.052534341812134
-0.09053199738264084 0.6985605359077454 -0.7098006010055542 0.43174198269844055 0.10879333317279816 -0.7015246152877808 -0.704291820526123 -0.6975481510162354 -0.98993319272995 -0.14098259806632996 -0.012488137930631638 -3.052612066268921
-0.09048987179994583 0.6985597014427185 -0.7098067998886108 0.43167170882225037 0.10867859423160553 -0.7015476822853088 -0.704286515712738 -0.6975790858268738 -0.989949643611908 -0.14087167382240295 -0.012435361742973328 -3.052489757537842
-0.09045230597257614 0.6985663771629333 -0.7098050713539124 0.4317682683467865 0.10869203507900238 -0.7015445232391357 -0.704287588596344 -0.6975558996200562 -0.9899516105651855 -0.14085467159748077 -0.012472111731767654 -3.0525615215301514
-0.09038923680782318 0.6986154317855835 -0.7097647786140442 0.43169286847114563 0.10872869938611984 -0.7014994621276855 -0.7043268084526062 -0.6975396871566772 -0.989953339099884 -0.14083543419837952 -0.01255138497799635 -3.0524845123291016
-0.09042439609766006 0.6985746622085571 -0.7098004817962646 0.4317818582057953 0.10876350104808807 -0.7015300393104553 -0.7042909860610962 -0.697516918182373 -0.9899463057518005 -0.14088554680347443 -0.012543829157948494 -3.0525457859039307
-0.0904100090265274 0.6985825300216675 -0.7097945213317871 0.43164610862731934 0.1087687611579895 -0.70152348279953 -0.7042966485023499 -0.69756019115448 -0.9899470806121826 -0.14087902009487152 -0.012559046968817711 -3.0524191856384277
-0.09044019132852554 0.698573112487793 -0.7097999453544617 0.4317281246185303 0.10877999663352966 -0.7015269994735718 -0.7042914628982544 -0.6975388526916504 -0.9899430871009827 -0.1409083753824234 -0.012544384226202965 -3.052473783493042
-0.09046846628189087 0.6985580325126648 -0.7098112106323242 0.43167322874069214 0.10876038670539856 -0.7015407681465149 -0.7042807936668396 -0.6975862383842468 -0.9899426698684692 -0.14091461896896362 -0.012507958337664604 -3.0524017810821533
-0.09050771594047546 0.6985580325126648 -0.7098062038421631 0.4316633641719818 0.10880663245916367 -0.7015286684036255 -0.704285740852356 -0.6975114941596985 -0.989933967590332 -0.1409749984741211 -0.012513824738562107 -3.052358627319336
-0.09040775150060654 0.6985819339752197 -0.7097954154014587 0.4316597282886505 0.10876975953578949 -0.7015243172645569 -0.7042957544326782 -0.6976120471954346 -0.9899471402168274 -0.14087815582752228 -0.012561189010739326 -3.052412986755371
-0.0904650166630745 0.6985699534416199 -0.7097998857498169 0.4316681921482086 0.10882306843996048 -0.7015204429626465 -0.7042913436889648 -0.6975357532501221 -0.9899360537528992 -0.14095640182495117 -0.01255730539560318 -3.052394390106201
-0.09036557376384735 0.6986100077629089 -0.7097731828689575 0.4316665232181549 0.10887464880943298 -0.7014874815940857 -0.7043161988258362 -0.6976077556610107 -0.9899394512176514 -0.14092232286930084 -0.012670434080064297 -3.052401065826416
-0.0902772843837738 0.698590874671936 -0.7098032236099243 0.43164923787117004 0.10884764790534973 -0.701522707939148 -0.7042852640151978 -0.6976238489151001 -0.9899504780769348 -0.14084145426750183 -0.012708245776593685 -3.052374839782715
-0.09033799916505814 0.6986188888549805 -0.7097679376602173 0.4317430555820465 0.10882546007633209 -0.7014895081520081 -0.7043217420578003 -0.6976045966148376 -0.9899473786354065 -0.1408679187297821 -0.012656196020543575 -3.0524377822875977
-0.09025342017412186 0.6985746026039124 -0.7098222970962524 0.43165791034698486 0.10885569453239441 -0.7015411257743835 -0.7042657136917114 -0.6976065635681152 -0.9899517893791199 -0.14083066582679749 -0.012727171182632446 -3.052361011505127
-0.09025311470031738 0.6985704302787781 -0.7098264098167419 0.43167683482170105 0.1088387742638588 -0.7015476822853088 -0.7042617797851562 -0.6975339651107788 -0.9899536967277527 -0.1408185362815857 -0.01271451823413372 -3.0523509979248047
-0.09019075334072113 0.6985843777656555 -0.7098206281661987 0.4316574037075043 0.10885658860206604 -0.7015401721000671 -0.7042665481567383 -0.6975696682929993 -0.9899573922157288 -0.1407870501279831 -0.01277291588485241 -3.0524115562438965
-0.09011605381965637 0.6985857486724854 -0.709828794002533 0.43165847659111023 0.10875207185745239 -0.7015641927719116 -0.7042587399482727 -0.6974948048591614 -0.9899756908416748 -0.14066044986248016 -0.01275028008967638 -3.0523691177368164
-0.09005432575941086 0.698564350605011 -0.7098576426506042 0.43165329098701477 0.10884616523981094 -0.7015807628631592 -0.7042276859283447 -0.6975639462471008 -0.9899709820747375 -0.140684112906456 -0.012855499982833862 -3.052426815032959
-0.09017326682806015 0.6985615491867065 -0.7098453044891357 0.43163183331489563 0.10890282690525055 -0.7015586495399475 -0.7042409181594849 -0.69746333360672 -0.9899539351463318 -0.14080794155597687 -0.01281332690268755 -3.0523886680603027
-0.09024559706449509 0.6985321640968323 -0.7098649740219116 0.431662380695343 0.10888514667749405 -0.7015801072120667 -0.7042223215103149 -0.6975564360618591 -0.9899492859840393 -0.14084678888320923 -0.012745099142193794 -3.052420139312744
-0.09028652310371399 0.6984898447990417 -0.7099014520645142 0.43169721961021423 0.10890655219554901 -0.7016133069992065 -0.7041859030723572 -0.6975039839744568 -0.9899432063102722 -0.14089149236679077 -0.012723724357783794 -3.0524277687072754
-0.09026197344064713 0.698490560054779 -0.7099038362503052 0.43172624707221985 0.10887745022773743 -0.7016201615333557 -0.7041835784912109 -0.6975855231285095 -0.9899486303329468 -0.14085359871387482 -0.012720090337097645 -3.052398920059204
-0.09038513153791428 0.6984238028526306 -0.7099539041519165 0.43164271116256714 0.10890623927116394 -0.701664924621582 -0.7041345238685608 -0.6975496411323547 -0.9899342060089111 -0.14096178114414215 -0.012642469257116318 -3.052325487136841
-0.0904097706079483 0.6984225511550903 -0.7099519371986389 0.43172377347946167 0.10891348868608475 -0.7016616463661194 -0.7041367292404175 -0.6975315809249878 -0.9899311661720276 -0.14098426699638367 -0.0126304030418396 -3.052370071411133
-0.09047127515077591 0.6983469128608704 -0.7100185751914978 0.4316257834434509 0.10898758471012115 -0.7017174363136292 -0.7040696740150452 -0.6975047588348389 -0.9899173974990845 -0.14108136296272278 -0.012625711970031261 -3.0523202419281006
-0.09049645811319351 0.6983720660209656 -0.7099906206130981 0.43171000480651855 0.10899002104997635 -0.7016885876655579 -0.7040979862213135 -0.6974775791168213 -0.9899148344993591 -0.14110034704208374 -0.012615089304745197 -3.0523698329925537
-0.0905226320028305 0.6983841061592102 -0.7099754214286804 0.4315986633300781 0.10906965285539627 -0.7016615867614746 -0.7041125893592834 -0.6975381374359131 -0.9899036884307861 -0.14117497205734253 -0.012656089849770069 -3.0522782802581787
-0.09056582301855087 0.6983534693717957 -0.7100000381469727 0.4316251575946808 0.10905444622039795 -0.7016879916191101 -0.7040886282920837 -0.6974762082099915 -0.9899013638496399 -0.14119510352611542 -0.012609433382749557 -3.05226469039917
-0.09059829264879227 0.6983303427696228 -0.7100186347961426 0.43165162205696106 0.10901571065187454 -0.701711893081665 -0.7040708065032959 -0.6975277662277222 -0.989902675151825 -0.14119087159633636 -0.012554912827908993 -3.0523011684417725
-0.09053049236536026 0.6983048319816589 -0.7100523710250854 0.4315842092037201 0.10894019901752472 -0.701757550239563 -0.7040370106697083 -0.6975758671760559 -0.9899172186851501 -0.14109013974666595 -0.0125428456813097 -3.052342176437378
-0.09052871912717819 0.6983128190040588 -0.710044801235199 0.4316658675670624 0.10893663018941879 -0.7017503976821899 -0.7040446400642395 -0.6975588202476501 -0.9899177551269531 -0.14108623564243317 -0.012543114833533764 -3.0523972511291504
-0.09053649753332138 0.6982634663581848 -0.710092306137085 0.43163588643074036 0.10897570103406906 -0.7017926573753357 -0.703996479511261 -0.69746333360672 -0.989912748336792 -0.14112025499343872 -0.012555738911032677 -3.052337169647217
-0.09058693796396255 0.6982669234275818 -0.710082471370697 0.4316476285457611 0.10891150683164597 -0.7017912268638611 -0.7040078639984131 -0.6975049376487732 -0.9899151921272278 -0.1411101371049881 -0.01247602328658104 -3.0523219108581543
-0.09052880853414536 0.698249101638794 -0.7101074457168579 0.43169277906417847 0.1088378056883812 -0.7018276453018188 -0.703982949256897 -0.6974573731422424 -0.9899286031723022 -0.141017347574234 -0.012460117228329182 -3.0523133277893066
-0.09048176556825638 0.698276937007904 -0.7100859880447388 0.43167945742607117 0.1088407039642334 -0.7018061876296997 -0.7040038704872131 -0.6975370645523071 -0.9899325966835022 -0.14098584651947021 -0.012500125914812088 -3.052384853363037
-0.09040803462266922 0.6983320116996765 -0.7100412249565125 0.4316265285015106 0.10880905389785767 -0.7017665505409241 -0.7040482759475708 -0.6975734829902649 -0.9899427890777588 -0.14091062545776367 -0.012539351359009743 -3.0524137020111084
-0.09040726721286774 0.6983451843261719 -0.7100284099578857 0.4317117929458618 0.10879341512918472 -0.7017558217048645 -0.7040613889694214 -0.6975521445274353 -0.989944577217102 -0.14089876413345337 -0.012531373649835587 -3.0524725914001465
-0.09038569778203964 0.6983532309532166 -0.7100232243537903 0.4316200017929077 0.10880110412836075 -0.7017498016357422 -0.7040662169456482 -0.6975396275520325 -0.9899457097053528 -0.14088891446590424 -0.012553292326629162 -3.0524051189422607
-0.09041190147399902 0.6983378529548645 -0.7100350260734558 0.4317036271095276 0.10877317190170288 -0.7017652988433838 -0.7040550708770752 -0.6975099444389343 -0.9899464249610901 -0.1408877968788147 -0.012512319721281528 -3.052457571029663
-0.09047241508960724 0.6983689069747925 -0.70999675989151 0.4316207766532898 0.10875694453716278 -0.7017282843589783 -0.7040944695472717 -0.6974997520446777 -0.9899426698684692 -0.1409182846546173 -0.012465255334973335 -3.0524179935455322
-0.09049487113952637 0.6983583569526672 -0.7100042700767517 0.4316995143890381 0.10879359394311905 -0.7017303705215454 -0.7040867209434509 -0.6974747180938721 -0.9899365901947021 -0.140960231423378 -0.012473754584789276 -3.0524637699127197
-0.09038007259368896 0.6983823776245117 -0.7099952697753906 0.43165600299835205 0.1088169664144516 -0.7017194032669067 -0.7040940523147583 -0.6975197792053223 -0.9899445176124573 -0.14089567959308624 -0.012574232183396816 -3.052424192428589
-0.09041453897953033 0.6983908414840698 -0.7099825739860535 0.4317438304424286 0.10880205780267715 -0.7017082571983337 -0.7041074633598328 -0.6974987387657166 -0.9899429678916931 -0.14090918004512787 -0.012541568838059902 -3.052469253540039
-0.09032642096281052 0.6983235478401184 -0.7100599408149719 0.43171536922454834 0.10881340503692627 -0.7017858028411865 -0.7040284276008606 -0.6975172162055969 -0.9899497628211975 -0.14085648953914642 -0.01259700208902359 -3.052528142929077
-0.09029798954725266 0.698341965675354 -0.7100455164909363 0.43180379271507263 0.1088312640786171 -0.7017690539360046 -0.7040423154830933 -0.6974976658821106 -0.98995041847229 -0.14084883034229279 -0.012632938101887703 -3.052586793899536
-0.09038462489843369 0.6983715295791626 -0.7100053429603577 0.43166300654411316 0.10888389497995377 -0.7017199993133545 -0.7040831446647644 -0.6975165605545044 -0.9899367094039917 -0.14094650745391846 -0.012616556137800217 -3.0525145530700684
-0.09033907204866409 0.6983768939971924 -0.7100058794021606 0.43158677220344543 0.10877897590398788 -0.7017360329627991 -0.7040833234786987 -0.6975345015525818 -0.9899524450302124 -0.14084002375602722 -0.012574373744428158 -3.0524466037750244
-0.0903305634856224 0.6983709335327148 -0.7100128531455994 0.4316638112068176 0.10879194736480713 -0.7017413377761841 -0.7040760517120361 -0.6975102424621582 -0.9899517893791199 -0.14084334671497345 -0.012588279321789742 -3.052495002746582
-0.0902709886431694 0.6983885169029236 -0.7100030779838562 0.4316162168979645 0.1088511049747467 -0.7017238736152649 -0.7040843367576599 -0.6975464820861816 -0.9899507164955139 -0.14084307849407196 -0.012674893252551556 -3.0524940490722656
-0.09027638286352158 0.6983898878097534 -0.7100011110305786 0.43170469999313354 0.10885383188724518 -0.7017213702201843 -0.704086422920227 -0.697526216506958 -0.9899498820304871 -0.1408487856388092 -0.012673384509980679 -3.0525567531585693
-0.09025362879037857 0.698362410068512 -0.7100310325622559 0.43163585662841797 0.1088910847902298 -0.7017465233802795 -0.7040555477142334 -0.6975377798080444 -0.9899478554725647 -0.1408596932888031 -0.012710098177194595 -3.052532196044922
-0.09027291089296341 0.6983829140663147 -0.7100083827972412 0.43171441555023193 0.10886422544717789 -0.7017272710800171 -0.7040789127349854 -0.6975148916244507 -0.989949107170105 -0.14085383713245392 -0.01268178503960371 -3.05259108543396
-0.09025398641824722 0.6983658075332642 -0.7100275754928589 0.43164360523223877 0.10890012979507446 -0.7017418146133423 -0.7040588855743408 -0.6975357532501221 -0.9899468421936035 -0.14086629450321198 -0.012716973200440407 -3.0525646209716797
-0.09023892879486084 0.6983860731124878 -0.7100096344947815 0.4317263662815094 0.10890472680330276 -0.7017232179641724 -0.7040767073631287 -0.6975114941596985 -0.9899477362632751 -0.14085860550403595 -0.012734627351164818 -3.0526275634765625
-0.0903150662779808 0.6983771920204163 -0.7100086212158203 0.43160030245780945 0.10899732261896133 -0.7017080187797546 -0.7040774822235107 -0.6975080370903015 -0.9899305701255798 -0.1409779191017151 -0.01274627260863781 -3.0525362491607666
-0.09032079577445984 0.6983796954154968 -0.7100054621696472 0.43167567253112793 0.10900761187076569 -0.7017033100128174 -0.7040806412696838 -0.6974843740463257 -0.9899289608001709 -0.14098919928073883 -0.012750139459967613 -3.052596092224121
-0.09038203954696655 0.6983954310417175 -0.7099822163581848 0.4316234290599823 0.10906552523374557 -0.7016708254814148 -0.7041040062904358 -0.6974958181381226 -0.989916980266571 -0.14107301831245422 -0.012752261012792587 -3.0524959564208984
-0.09037453681230545 0.6983708143234253 -0.71000736951828 0.43159323930740356 0.10912562906742096 -0.7016876935958862 -0.7040778398513794 -0.6975185871124268 -0.9899110198020935 -0.14111079275608063 -0.012795287184417248 -3.0524702072143555
-0.09038008749485016 0.6983568668365479 -0.7100203633308411 0.43167245388031006 0.10913368314504623 -0.7016996145248413 -0.7040647268295288 -0.69749516248703 -0.9899096488952637 -0.14112065732479095 -0.012794414535164833 -3.052522897720337
-0.09030366688966751 0.6983563899993896 -0.7100305557250977 0.43161195516586304 0.10910645127296448 -0.7017147541046143 -0.7040538787841797 -0.6975226998329163 -0.9899196028709412 -0.1410476416349411 -0.012827606871724129 -3.052466869354248
-0.09032685309648514 0.6983689069747925 -0.7100152969360352 0.4316847622394562 0.10911667346954346 -0.7016976475715637 -0.7040693759918213 -0.6975073218345642 -0.9899163842201233 -0.14107096195220947 -0.012821388430893421 -3.052506923675537
-0.09027557820081711 0.6983844041824341 -0.710006594657898 0.4316232204437256 0.10913603752851486 -0.7016867399215698 -0.7040771842002869 -0.6975308656692505 -0.9899188876152039 -0.1410483568906784 -0.012873566709458828 -3.0524611473083496
-0.09028097987174988 0.6983629465103149 -0.7100269794464111 0.4317062199115753 0.10912519693374634 -0.7017087936401367 -0.7040569186210632 -0.6975104808807373 -0.9899196028709412 -0.14104487001895905 -0.012857877649366856 -3.0525074005126953
-0.09028305113315582 0.6984072923660278 -0.7099831104278564 0.4316231906414032 0.10917657613754272 -0.701657235622406 -0.7041003704071045 -0.6975346207618713 -0.9899137616157532 -0.14108192920684814 -0.012901798821985722 -3.0525219440460205
-0.09027267247438431 0.6984093189239502 -0.7099824547767639 0.4316953122615814 0.10917308181524277 -0.7016571164131165 -0.7041009664535522 -0.6975160241127014 -0.9899150729179382 -0.1410721242427826 -0.012906866148114204 -3.052569627761841
-0.0902058482170105 0.698391854763031 -0.7100081443786621 0.4316607713699341 0.10924436897039413 -0.7016738057136536 -0.7040733098983765 -0.6975516676902771 -0.9899133443832397 -0.141075998544693 -0.013000131584703922 -3.052604913711548
-0.09023431688547134 0.6983892917633057 -0.7100070118904114 0.4317340850830078 0.10923034697771072 -0.701674222946167 -0.704075038433075 -0.697538435459137 -0.9899122714996338 -0.14108611643314362 -0.012970044277608395 -3.0526578426361084
-0.09023676812648773 0.6984344720840454 -0.7099623084068298 0.43167349696159363 0.10920332372188568 -0.7016329765319824 -0.7041203379631042 -0.697569727897644 -0.9899150133132935 -0.14106786251068115 -0.012958108447492123 -3.0526602268218994
-0.09028681367635727 0.6984379291534424 -0.7099525332450867 0.43168312311172485 0.10924408584833145 -0.701616644859314 -0.7041302919387817 -0.6975206732749939 -0.9899059534072876 -0.14113186299800873 -0.012953318655490875 -3.052649974822998
-0.09028129279613495 0.6983834505081177 -0.710006833076477 0.43168923258781433 0.10923314839601517 -0.7016730308532715 -0.704075813293457 -0.6975645422935486 -0.9899076819419861 -0.14112122356891632 -0.012938507832586765 -3.0526304244995117
-0.09034492075443268 0.6983481049537659 -0.7100334763526917 0.43168210983276367 0.10926526039838791 -0.7016944885253906 -0.7040494084358215 -0.6975041031837463 -0.9898983240127563 -0.1411893665790558 -0.012910491786897182 -3.052579402923584
-0.09034205228090286 0.698341965675354 -0.7100398540496826 0.4317011535167694 0.10919628292322159 -0.7017108201980591 -0.7040438652038574 -0.6975449919700623 -0.9899061918258667 -0.14113855361938477 -0.012862186878919601 -3.0525896549224854
-0.09035169333219528 0.6983761191368103 -0.7100050449371338 0.4317827522754669 0.10919122397899628 -0.7016763687133789 -0.7040790319442749 -0.6975328922271729 -0.9899058938026428 -0.1411411315202713 -0.012858728878200054 -3.0526375770568848
-0.09036924690008163 0.6983800530433655 -0.7099989652633667 0.43173423409461975 0.10906126350164413 -0.7016884684562683 -0.7040870785713196 -0.6975475549697876 -0.98991858959198 -0.14106127619743347 -0.012754986062645912 -3.052612543106079
-0.09033925086259842 0.6984189748764038 -0.7099645137786865 0.4317389130592346 0.10905761271715164 -0.7016546726226807 -0.7041213512420654 -0.6974785923957825 -0.9899217486381531 -0.14103691279888153 -0.012780782766640186 -3.052572250366211
-0.09037263691425323 0.6984045505523682 -0.7099744081497192 0.4317403733730316 0.10897444933652878 -0.701676070690155 -0.7041128873825073 -0.6975558400154114 -0.9899278283119202 -0.14100168645381927 -0.012695773504674435 -3.052567481994629
-0.09038790315389633 0.698377788066864 -0.7099988460540771 0.4316384494304657 0.10908937454223633 -0.7016841173171997 -0.7040870785713196 -0.6975114345550537 -0.989913821220398 -0.1410943567752838 -0.012761673890054226 -3.052518129348755
-0.09038460999727249 0.6983963847160339 -0.7099809646606445 0.4317186176776886 0.10912465304136276 -0.7016611099243164 -0.7041045427322388 -0.6974945068359375 -0.9899101853370667 -0.14111672341823578 -0.012792735360562801 -3.052561044692993
-0.09029137343168259 0.6984800100326538 -0.70991051197052 0.4316425025463104 0.10909230262041092 -0.7015959024429321 -0.7041745185852051 -0.6975303292274475 -0.989922285079956 -0.14102673530578613 -0.012850571423768997 -3.052558660507202
-0.09027142822742462 0.6984789967536926 -0.7099140286445618 0.431715190410614 0.10913107544183731 -0.7015941739082336 -0.7041702270507812 -0.6975197196006775 -0.9899198412895203 -0.14104020595550537 -0.012891692109405994 -3.0526061058044434
-0.09039580076932907 0.6984795331954956 -0.7098976969718933 0.4316323399543762 0.10913605242967606 -0.7015753984451294 -0.7041881680488586 -0.697482168674469 -0.9899079203605652 -0.14113116264343262 -0.012809661217033863 -3.052462339401245
-0.09042705595493317 0.6984999179840088 -0.7098736763000488 0.43167829513549805 0.10917457938194275 -0.701545238494873 -0.7042121887207031 -0.6974440813064575 -0.9899008274078369 -0.14118008315563202 -0.012819597497582436 -3.052474021911621
-0.09034759551286697 0.6985452771186829 -0.7098391652107239 0.4316604733467102 0.10912853479385376 -0.7015180587768555 -0.704246461391449 -0.6975477933883667 -0.9899131655693054 -0.1410907506942749 -0.012850592844188213 -3.0524847507476807
-0.09037354588508606 0.6985360980033875 -0.7098448276519775 0.4316520690917969 0.10915619134902954 -0.7015195488929749 -0.7042406797409058 -0.6974920630455017 -0.9899077415466309 -0.1411287635564804 -0.012850575149059296 -3.052443504333496
-0.09039130806922913 0.6985376477241516 -0.7098410725593567 0.4316803812980652 0.10904239863157272 -0.701531708240509 -0.7042462229728699 -0.6975180506706238 -0.9899186491966248 -0.14106059074401855 -0.012757689692080021 -3.052525281906128
-0.09052658826112747 0.6985706686973572 -0.7097913026809692 0.43163052201271057 0.10909102857112885 -0.7014728784561157 -0.7042972445487976 -0.6975335478782654 -0.9899009466171265 -0.1411895751953125 -0.012705686502158642 -3.0525383949279785
-0.09052257239818573 0.6985849142074585 -0.7097778916358948 0.4317004382610321 0.1090797707438469 -0.7014609575271606 -0.7043108940124512 -0.6975241899490356 -0.9899025559425354 -0.14117851853370667 -0.01270326878875494 -3.0525848865509033
-0.09050532430410385 0.6985642313957214 -0.7098004221916199 0.43164896965026855 0.10910926759243011 -0.7014796733856201 -0.7042876482009888 -0.6975470185279846 -0.9899008870124817 -0.1411876678466797 -0.012732022441923618 -3.0525546073913574
-0.09051655232906342 0.6985597014427185 -0.7098034024238586 0.43172311782836914 0.1091192439198494 -0.7014811635017395 -0.7042846083641052 -0.6975346207618713 -0.9898987412452698 -0.14120270311832428 -0.012730487622320652 -3.052600860595703
-0.09055270999670029 0.6985467076301575 -0.7098115682601929 0.4317454993724823 0.10909753292798996 -0.7014920115470886 -0.7042772173881531 -0.6975145936012268 -0.9898978471755981 -0.14121297001838684 -0.012687556445598602 -3.0527186393737793
-0.09060604870319366 0.6985626220703125 -0.7097890973091125 0.43161967396736145 0.10929635912179947 -0.7014402747154236 -0.7042979001998901 -0.6975152492523193 -0.9898710250854492 -0.1413910835981369 -0.01279545109719038 -3.0525646209716797
-0.09045067429542542 0.6985480785369873 -0.7098232507705688 0.43164727091789246 0.10929408669471741 -0.7014771103858948 -0.7042616009712219 -0.6975582838058472 -0.9898855090141296 -0.14128050208091736 -0.012897931039333344 -3.0526342391967773
-0.09040794521570206 0.6985081434249878 -0.7098680138587952 0.43161842226982117 0.10920140147209167 -0.7015359401702881 -0.7042173147201538 -0.6975848078727722 -0.9898996353149414 -0.14118550717830658 -0.012853479012846947 -3.052567958831787
-0.09046915173530579 0.6984813213348389 -0.7098866105079651 0.4315805733203888 0.10927111655473709 -0.7015439867973328 -0.7041984796524048 -0.6975278258323669 -0.9898863434791565 -0.1412784308195114 -0.012855579145252705 -3.0525290966033936
-0.09039944410324097 0.6984677910804749 -0.7099087834358215 0.43161287903785706 0.10923954099416733 -0.7015717029571533 -0.7041757702827454 -0.6975181102752686 -0.9898961782455444 -0.1412072777748108 -0.012878448702394962 -3.0524322986602783
-0.09046375751495361 0.6984797716140747 -0.7098888158798218 0.43159982562065125 0.10924731940031052 -0.7015496492385864 -0.704196572303772 -0.697464108467102 -0.9898894429206848 -0.14125779271125793 -0.01284206286072731 -3.0524020195007324
-0.09050659835338593 0.6984742879867554 -0.709888756275177 0.43158936500549316 0.10921522229909897 -0.7015536427497864 -0.7041975855827332 -0.6974842548370361 -0.9898890852928162 -0.14126527309417725 -0.012788629159331322 -3.0523838996887207
-0.0905454233288765 0.6984656453132629 -0.7098922729492188 0.4315420687198639 0.10926958173513412 -0.7015489339828491 -0.7041938304901123 -0.6975098848342896 -0.9898795485496521 -0.1413312405347824 -0.012798837386071682 -3.052454948425293
-0.09054535627365112 0.6984636187553406 -0.7098942399024963 0.43158790469169617 0.10925744473934174 -0.70155268907547 -0.7041919827461243 -0.6974942684173584 -0.9898808598518372 -0.14132262766361237 -0.012789852917194366 -3.0524892807006836
-0.09055888652801514 0.6984584331512451 -0.7098976969718933 0.4315582513809204 0.10933037102222443 -0.7015454769134521 -0.70418781042099 -0.6975334882736206 -0.9898715615272522 -0.14138391613960266 -0.012831377796828747 -3.052410125732422
-0.09055395424365997 0.6984861493110657 -0.7098710536956787 0.43160733580589294 0.10934708267450333 -0.701516330242157 -0.7042142748832703 -0.69752436876297 -0.9898701906204224 -0.141391783952713 -0.01285218633711338 -3.052436351776123
-0.09055739641189575 0.6984474658966064 -0.709908664226532 0.43153318762779236 0.10931381583213806 -0.7015589475631714 -0.7041769623756409 -0.6975367069244385 -0.9898735284805298 -0.14137133955955505 -0.012818440794944763 -3.0524606704711914
-0.09060386568307877 0.6984755396842957 -0.7098751068115234 0.43158233165740967 0.10927177220582962 -0.7015305161476135 -0.7042118310928345 -0.6975280046463013 -0.9898739457130432 -0.14137369394302368 -0.012762113474309444 -3.0524988174438477
-0.09064032882452011 0.6983826756477356 -0.7099618315696716 0.4315238893032074 0.10931750386953354 -0.7016109824180603 -0.7041245698928833 -0.6975199580192566 -0.9898655414581299 -0.14143341779708862 -0.012751039117574692 -3.052375555038452
-0.09063862264156342 0.6983739733695984 -0.7099705934524536 0.4315185546875 0.10932429134845734 -0.7016188502311707 -0.7041156888008118 -0.6974779963493347 -0.9898649454116821 -0.14143718779087067 -0.012755309231579304 -3.0523476600646973
-0.0905902162194252 0.6984421610832214 -0.7099096775054932 0.4315427541732788 0.10932279378175735 -0.7015582919120789 -0.7041762471199036 -0.6975533962249756 -0.9898695349693298 -0.14140087366104126 -0.012801168486475945 -3.0524702072143555
-0.09063123166561127 0.698421835899353 -0.7099244594573975 0.4315647780895233 0.1093578189611435 -0.7015676498413086 -0.7041614651679993 -0.6975283622741699 -0.9898619055747986 -0.14145489037036896 -0.012793777510523796 -3.0524706840515137
-0.09052105993032455 0.6984413266181946 -0.709919273853302 0.43161389231681824 0.10937844216823578 -0.701560914516449 -0.704164981842041 -0.6975118517875671 -0.9898697137832642 -0.14139170944690704 -0.012888225726783276 -3.052396774291992
-0.09057189524173737 0.6984207630157471 -0.7099331021308899 0.43163979053497314 0.10942548513412476 -0.7015674710273743 -0.7041511535644531 -0.6974719166755676 -0.9898598790168762 -0.14146116375923157 -0.012882573530077934 -3.052391290664673
-0.0905035138130188 0.698416531085968 -0.7099459767341614 0.4316372275352478 0.10943098366260529 -0.7015805840492249 -0.7041372656822205 -0.697502076625824 -0.9898655414581299 -0.14141705632209778 -0.012932734563946724 -3.052363157272339
-0.0905224084854126 0.6984313726425171 -0.7099289298057556 0.4317152202129364 0.10943076759576797 -0.7015631794929504 -0.7041546106338501 -0.6974828839302063 -0.9898638129234314 -0.14142991602420807 -0.012922530993819237 -3.0523979663848877
-0.09056071192026138 0.6984332799911499 -0.709922194480896 0.43167170882225037 0.10941513627767563 -0.7015581130981445 -0.704162061214447 -0.6974546313285828 -0.9898620247840881 -0.14144572615623474 -0.01288540568202734 -3.0524210929870605
-0.09057138115167618 0.6984834671020508 -0.7098714113235474 0.4315834641456604 0.10946439206600189 -0.7014997005462646 -0.7042126059532166 -0.69745934009552 -0.9898556470870972 -0.1414872258901596 -0.0129231046885252 -3.052457571029663
-0.09059372544288635 0.6985176205635071 -0.7098349928855896 0.43165144324302673 0.10946370661258698 -0.7014628052711487 -0.7042494416236877 -0.6974332332611084 -0.9898536801338196 -0.14150182902812958 -0.012914033606648445 -3.0525054931640625
-0.09057939052581787 0.6984885334968567 -0.7098654508590698 0.4316059947013855 0.10947360098361969 -0.7014922499656677 -0.7042185664176941 -0.6974942684173584 -0.9898538589477539 -0.14149929583072662 -0.012925146147608757 -3.052461862564087
-0.09057655930519104 0.6985122561454773 -0.7098425030708313 0.43167591094970703 0.10946328192949295 -0.7014706134796143 -0.7042417526245117 -0.6974765658378601 -0.9898552894592285 -0.14148955047130585 -0.012924482114613056 -3.052507162094116
-0.09050726890563965 0.6984848976135254 -0.7098782062530518 0.43168723583221436 0.1094372346997261 -0.7015113234519958 -0.7042052745819092 -0.6975247263908386 -0.9898644685745239 -0.14142288267612457 -0.012948215007781982 -3.0526113510131836
-0.0904998928308487 0.6984281539916992 -0.7099349498748779 0.4316452145576477 0.10935851186513901 -0.7015798687934875 -0.7041491866111755 -0.6975505948066711 -0.9898738861083984 -0.14136293530464172 -0.012886003591120243 -3.0526227951049805
-0.09048611670732498 0.6984385251998901 -0.7099264860153198 0.4317067861557007 0.10937804728746414 -0.7015687227249146 -0.704157292842865 -0.6975402235984802 -0.9898729920387268 -0.14136691391468048 -0.012911451980471611 -3.0526838302612305
-0.09059184789657593 0.6983948349952698 -0.7099560499191284 0.4316365718841553 0.10928168892860413 -0.7016108632087708 -0.704130232334137 -0.6975501179695129 -0.9898739457130432 -0.14137373864650726 -0.0127613740041852 -3.0526278018951416
-0.09058068692684174 0.6983916759490967 -0.7099605798721313 0.4317007064819336 0.109275221824646 -0.7016165256500244 -0.7041255831718445 -0.6975385546684265 -0.9898756742477417 -0.14136135578155518 -0.012763832695782185 -3.052684783935547
-0.09057658165693283 0.6983542442321777 -0.7099979519844055 0.4316190183162689 0.10930640250444412 -0.7016497850418091 -0.7040876150131226 -0.6975029706954956 -0.9898726344108582 -0.14138124883174896 -0.012781384401023388 -3.0525145530700684
-0.09058262407779694 0.6983444094657898 -0.710006833076477 0.4316786825656891 0.10929692536592484 -0.7016599774360657 -0.7040789127349854 -0.6974860429763794 -0.9898731112480164 -0.1413789540529251 -0.012768532149493694 -3.0525505542755127
-0.09042664617300034 0.6983680129051208 -0.7100034952163696 0.4316154718399048 0.10929236561059952 -0.7016593217849731 -0.7040802836418152 -0.6975128054618835 -0.9898878931999207 -0.1412656605243683 -0.012877426110208035 -3.0525505542755127
-0.0904337465763092 0.698378324508667 -0.7099924087524414 0.43168359994888306 0.10926467180252075 -0.7016520500183105 -0.7040918469429016 -0.697494626045227 -0.9898902773857117 -0.1412508338689804 -0.01285488996654749 -3.0526010990142822
-0.09044551849365234 0.6983940601348877 -0.7099754214286804 0.4316449761390686 0.1092638149857521 -0.7016348838806152 -0.7041090726852417 -0.6974716782569885 -0.9898893237113953 -0.14125820994377136 -0.01284930482506752 -3.0525436401367188
-0.09044651687145233 0.698366641998291 -0.7100023031234741 0.4316740334033966 0.10928925126791 -0.701658308506012 -0.7040817737579346 -0.6974369287490845 -0.9898864030838013 -0.14127744734287262 -0.012861255556344986 -3.0525505542755127
-0.0904860645532608 0.6984291672706604 -0.70993572473526 0.4316479563713074 0.10921210795640945 -0.7016017436981201 -0.7041501402854919 -0.6975027322769165 -0.9898912906646729 -0.14124943315982819 -0.012791578657925129 -3.0525245666503906
-0.09034847468137741 0.6984699964523315 -0.7099131345748901 0.4315742552280426 0.10919114202260971 -0.7015836834907532 -0.704171359539032 -0.6975863575935364 -0.9899061918258667 -0.14113710820674896 -0.012879554182291031 -3.0525221824645996
-0.09037086367607117 0.6984529495239258 -0.7099270224571228 0.43161651492118835 0.10921824723482132 -0.7015935778617859 -0.7041573524475098 -0.6975888609886169 -0.9899011254310608 -0.1411723643541336 -0.012880031019449234 -3.0525588989257812
-0.09027134627103806 0.698478102684021 -0.7099149227142334 0.4315430521965027 0.10918861627578735 -0.701586902141571 -0.7041685581207275 -0.6975615620613098 -0.9899135231971741 -0.14108094573020935 -0.01293250173330307 -3.0525400638580322
-0.09028955549001694 0.6984717845916748 -0.7099188566207886 0.43158701062202454 0.10915689915418625 -0.70159512758255 -0.7041652798652649 -0.6975597143173218 -0.9899153113365173 -0.1410713940858841 -0.012896137312054634 -3.052581310272217
-0.09023811668157578 0.6984670162200928 -0.7099300622940063 0.43160510063171387 0.10914917290210724 -0.7016082406044006 -0.7041534185409546 -0.6975346803665161 -0.9899208545684814 -0.14102983474731445 -0.012925130315124989 -3.0525753498077393
-0.09025401622056961 0.6984617710113525 -0.7099332213401794 0.4316357672214508 0.10905028879642487 -0.7016252875328064 -0.7041517496109009 -0.6975974440574646 -0.9899303317070007 -0.14097101986408234 -0.012842793017625809 -3.05259108543396
-0.09033242613077164 0.6984440088272095 -0.7099407315254211 0.43157413601875305 0.10906511545181274 -0.7016296982765198 -0.7041450142860413 -0.6975081562995911 -0.989921510219574 -0.1410369724035263 -0.01279579196125269 -3.0525851249694824
-0.09031333029270172 0.6984416246414185 -0.7099454402923584 0.43162062764167786 0.10906480997800827 -0.7016347646713257 -0.7041400671005249 -0.6974982619285583 -0.9899232983589172 -0.14102338254451752 -0.012808267027139664 -3.0526320934295654
-0.09027601778507233 0.6984798908233643 -0.7099125981330872 0.43160387873649597 0.10906895250082016 -0.7016015648841858 -0.7041724920272827 -0.697543740272522 -0.989926278591156 -0.14099939167499542 -0.012844515033066273 -3.052583932876587
-0.09022632986307144 0.6984205842018127 -0.7099772095680237 0.4316856265068054 0.10894943028688431 -0.7016843557357788 -0.704108476638794 -0.6974796652793884 -0.9899439811706543 -0.14088082313537598 -0.012781955301761627 -3.0525405406951904
-0.09017806500196457 0.6983981728553772 -0.7100054025650024 0.43164122104644775 0.10895028710365295 -0.7017132639884949 -0.7040795087814331 -0.6975465416908264 -0.9899482727050781 -0.14084790647029877 -0.012811373919248581 -3.052584171295166
-0.0903029516339302 0.6983866095542908 -0.7100009322166443 0.4315846860408783 0.10900058597326279 -0.70169997215271 -0.7040849924087524 -0.697484016418457 -0.9899313449859619 -0.14097155630588531 -0.012758801691234112 -3.0525100231170654
-0.09029115736484528 0.6984477639198303 -0.7099422812461853 0.4315754175186157 0.10900502651929855 -0.7016403675079346 -0.7041437029838562 -0.6975148916244507 -0.9899319410324097 -0.1409653127193451 -0.012782230973243713 -3.0525381565093994
-0.09026423841714859 0.6984626650810242 -0.7099310159683228 0.431624174118042 0.10902775079011917 -0.7016261219978333 -0.704154372215271 -0.6975118517875671 -0.9899318814277649 -0.14096221327781677 -0.012819900177419186 -3.0525782108306885
-0.09028627723455429 0.698431134223938 -0.7099592685699463 0.43162745237350464 0.10905206948518753 -0.701650857925415 -0.7041260004043579 -0.6975580453872681 -0.9899271726608276 -0.14099551737308502 -0.012815757654607296 -3.0526010990142822
-0.09032086282968521 0.6983834505081177 -0.7100017070770264 0.43161624670028687 0.10905379056930542 -0.7016929984092712 -0.7040837407112122 -0.6975131630897522 -0.9899238348007202 -0.14102190732955933 -0.012783686630427837 -3.0525729656219482
-0.09033457189798355 0.6983956098556519 -0.7099880576133728 0.43165266513824463 0.10902407020330429 -0.7016832232475281 -0.7040980458259583 -0.6975104808807373 -0.9899258613586426 -0.14101026952266693 -0.012755516916513443 -3.0525524616241455
-0.09043335169553757 0.6984385848045349 -0.7099332213401794 0.43163201212882996 0.10906719416379929 -0.7016205191612244 -0.7041538953781128 -0.6974433064460754 -0.9899120926856995 -0.14110949635505676 -0.012726680375635624 -3.0524985790252686
-0.09034574776887894 0.6984207034111023 -0.7099619507789612 0.4316515624523163 0.10905148088932037 -0.7016528248786926 -0.7041240930557251 -0.6975067853927612 -0.9899218082427979 -0.14103709161281586 -0.012772303074598312 -3.0525965690612793
-0.09040562808513641 0.6984000205993652 -0.7099746465682983 0.4316251873970032 0.10905997455120087 -0.7016636729240417 -0.7041119933128357 -0.6974944472312927 -0.9899154305458069 -0.14108557999134064 -0.012732976116240025 -3.0525355339050293
-0.09039019793272018 0.6983845233917236 -0.7099918723106384 0.43168702721595764 0.10904732346534729 -0.7016830444335938 -0.704094648361206 -0.6974767446517944 -0.9899182319641113 -0.1410660445690155 -0.012731526046991348 -3.052572727203369
-0.09032066911458969 0.6984430551528931 -0.7099431157112122 0.43156135082244873 0.1090211346745491 -0.7016385793685913 -0.7041430473327637 -0.6974904537200928 -0.9899274706840515 -0.14099755883216858 -0.01277242787182331 -3.0525200366973877
-0.09035808593034744 0.6984180212020874 -0.7099629640579224 0.4316096305847168 0.10903587937355042 -0.7016559839248657 -0.7041233777999878 -0.6974765062332153 -0.9899224042892456 -0.14103476703166962 -0.01275217067450285 -3.05255126953125
-0.09032119810581207 0.6984313726425171 -0.709954559803009 0.43155476450920105 0.10908827930688858 -0.7016404867172241 -0.7041307091712952 -0.6975346207618713 -0.9899200201034546 -0.1410457342863083 -0.012817501090466976 -3.0524702072143555
