# 3x4 first row second row third row Freq: 100 current Time: 2021-07-27-16:47:28
-0.1919555962085724 -0.07125278562307358 -0.9788135290145874 0.6544471383094788 0.07753075659275055 -0.9953445792198181 0.057251568883657455 -0.9818289279937744 -0.9783362746238708 -0.06489839404821396 0.196586474776268 -3.3422372341156006
-0.19193221628665924 -0.07126114517450333 -0.9788174629211426 0.654391348361969 0.0775185152888298 -0.9953448176383972 0.05726410821080208 -0.9817792177200317 -0.978341817855835 -0.06488564610481262 0.1965630203485489 -3.3421733379364014
-0.19193612039089203 -0.07142314314842224 -0.978804886341095 0.654470682144165 0.07747077196836472 -0.995338499546051 0.05743817612528801 -0.9818241596221924 -0.9783447980880737 -0.0648043155670166 0.1965748369693756 -3.3423776626586914
-0.19196894764900208 -0.07140906900167465 -0.9787995219230652 0.6545225381851196 0.07745954394340515 -0.9953402280807495 0.0574239082634449 -0.9818379878997803 -0.9783392548561096 -0.06479375064373016 0.19660595059394836 -3.3424623012542725
-0.19184072315692902 -0.07141217589378357 -0.9788243770599365 0.6544617414474487 0.07746966183185577 -0.9953388571739197 0.05743367224931717 -0.9818477630615234 -0.9783636331558228 -0.06481107324361801 0.19647902250289917 -3.3424153327941895
-0.19185121357440948 -0.07139291614294052 -0.9788237810134888 0.6543992757797241 0.07743196934461594 -0.9953425526618958 0.05742094665765762 -0.9818024635314941 -0.9783645272254944 -0.0647759735584259 0.1964859813451767 -3.3423726558685303
-0.1917162388563156 -0.07150642573833466 -0.9788419008255005 0.6544547080993652 0.07748884707689285 -0.9953315854072571 0.05753404647111893 -0.9817956686019897 -0.9783865213394165 -0.06481911987066269 0.19636239111423492 -3.342435359954834
-0.19182580709457397 -0.07146353274583817 -0.9788236021995544 0.6545051336288452 0.0775785818696022 -0.9953285455703735 0.057465024292469025 -0.9817968606948853 -0.9783579111099243 -0.06491246819496155 0.19647395610809326 -3.342454195022583
-0.19180522859096527 -0.0715060755610466 -0.9788244962692261 0.654451310634613 0.07753302156925201 -0.9953290224075317 0.05751882120966911 -0.98173987865448 -0.9783655405044556 -0.0648588091135025 0.19645361602306366 -3.342412233352661
-0.19182999432086945 -0.0716337338089943 -0.9788103103637695 0.6544762849807739 0.07760656625032425 -0.995316743850708 0.057632192969322205 -0.9817430973052979 -0.9783548712730408 -0.0649065300822258 0.1964910626411438 -3.342412233352661
-0.1918373554944992 -0.07161948084831238 -0.9788098931312561 0.6544128656387329 0.07757586240768433 -0.9953196048736572 0.05762337148189545 -0.9816746711730957 -0.978355884552002 -0.0648777037858963 0.1964956521987915 -3.3423657417297363
-0.191755473613739 -0.07158473879098892 -0.978828489780426 0.6544559001922607 0.07757896929979324 -0.9953211545944214 0.05759293586015701 -0.9817156791687012 -0.9783716797828674 -0.06489274650812149 0.19641198217868805 -3.3423523902893066
-0.19174890220165253 -0.071547731757164 -0.978832483291626 0.6545117497444153 0.07748407870531082 -0.9953296184539795 0.0575748048722744 -0.9817246198654175 -0.9783805012702942 -0.06480402499437332 0.19639737904071808 -3.3424277305603027
-0.19162078201770782 -0.07152493298053741 -0.9788592457771301 0.6544287800788879 0.0774959921836853 -0.9953296184539795 0.057557862251996994 -0.9817678928375244 -0.9784046411514282 -0.06482838839292526 0.1962689608335495 -3.3423640727996826
-0.19168420135974884 -0.0714985579252243 -0.9788487553596497 0.6544801592826843 0.07757508009672165 -0.9953262209892273 0.057510893791913986 -0.9817696809768677 -0.9783859252929688 -0.06491034477949142 0.19633503258228302 -3.342405080795288
-0.1916428953409195 -0.07155295461416245 -0.9788528680801392 0.6544278860092163 0.07751191407442093 -0.9953269958496094 0.057581670582294464 -0.981741189956665 -0.9783990383148193 -0.06483764201402664 0.19629378616809845 -3.342350721359253
-0.19171251356601715 -0.07158125936985016 -0.9788371920585632 0.6545292735099792 0.07759562134742737 -0.9953200817108154 0.057588960975408554 -0.981785774230957 -0.9783787727355957 -0.06491295248270035 0.19636991620063782 -3.3424148559570312
-0.19170302152633667 -0.07157129794359207 -0.9788397550582886 0.6544857025146484 0.07758452743291855 -0.9953213930130005 0.05758169665932655 -0.9817404747009277 -0.9783815145492554 -0.06490423530340195 0.19635915756225586 -3.342360258102417
-0.19170518219470978 -0.07167550176382065 -0.9788317084312439 0.6545379757881165 0.0776168555021286 -0.9953131079673767 0.05768102407455444 -0.9817568063735962 -0.9783785343170166 -0.06491608917713165 0.19637012481689453 -3.342287540435791
-0.19170014560222626 -0.07165493071079254 -0.9788342118263245 0.6544883251190186 0.07762769609689713 -0.9953135848045349 0.05765826627612114 -0.9817053079605103 -0.9783786535263062 -0.06493154913187027 0.1963643729686737 -3.3422181606292725
-0.19175110757350922 -0.07150046527385712 -0.9788355231285095 0.654450535774231 0.07763274013996124 -0.9953225255012512 0.057496748864650726 -0.9817956686019897 -0.9783682823181152 -0.06496462225914001 0.19640518724918365 -3.342331647872925
-0.1918470859527588 -0.07157265394926071 -0.9788114428520203 0.6544840931892395 0.07763557136058807 -0.9953184723854065 0.05756310746073723 -0.9818179607391357 -0.9783492088317871 -0.06494726985692978 0.19650574028491974 -3.3424060344696045
-0.19181279838085175 -0.07151268422603607 -0.9788225293159485 0.654426097869873 0.07760055363178253 -0.9953241944313049 0.05751146748661995 -0.9817945957183838 -0.9783587455749512 -0.06492573767900467 0.19646555185317993 -3.342339515686035
-0.1917097270488739 -0.07158061861991882 -0.978837788105011 0.6544986963272095 0.07753527909517288 -0.9953241348266602 0.05760060250759125 -0.9817867279052734 -0.9783840775489807 -0.06485185772180557 0.19636355340480804 -3.342419147491455
-0.19167755544185638 -0.07159524410963058 -0.9788429737091064 0.6544437408447266 0.07753171771764755 -0.9953233599662781 0.05761835724115372 -0.9817405939102173 -0.9783906936645508 -0.06484723091125488 0.19633227586746216 -3.342369318008423
-0.19168709218502045 -0.07165154069662094 -0.9788370132446289 0.6545576453208923 0.07755964994430542 -0.9953182339668274 0.05766936019062996 -0.9817835092544556 -0.9783865809440613 -0.06486378610134125 0.19634714722633362 -3.3424675464630127
-0.1917000412940979 -0.07165426015853882 -0.9788342714309692 0.6545130014419556 0.07757918536663055 -0.9953168034553528 0.0576673299074173 -0.9817396402359009 -0.9783825278282166 -0.06488233804702759 0.19636137783527374 -3.3424201011657715
-0.19165149331092834 -0.07155989855527878 -0.9788506627082825 0.6545401215553284 0.0775827094912529 -0.9953219294548035 0.057573944330215454 -0.9817827939987183 -0.9783917665481567 -0.06490775942802429 0.1963069587945938 -3.3425042629241943
-0.1916353851556778 -0.07156892865896225 -0.978853166103363 0.6544875502586365 0.07757868617773056 -0.9953216314315796 0.05758501961827278 -0.9817334413528442 -0.9783952236175537 -0.06490281224250793 0.19629129767417908 -3.3424606323242188
-0.19162185490131378 -0.07154887169599533 -0.9788572788238525 0.6545163989067078 0.07755919545888901 -0.9953240752220154 0.05756944790482521 -0.9818326234817505 -0.978399395942688 -0.06488782167434692 0.19627533853054047 -3.3424646854400635
-0.1916140913963318 -0.07155700027942657 -0.978858232498169 0.6544599533081055 0.07756100594997406 -0.9953234195709229 0.05757787823677063 -0.9817870855331421 -0.9784007668495178 -0.06488849967718124 0.1962682455778122 -3.3424150943756104
-0.19161641597747803 -0.07157835364341736 -0.9788562059402466 0.6544948220252991 0.07751987129449844 -0.9953249096870422 0.057607680559158325 -0.981823205947876 -0.9784035682678223 -0.06484223157167435 0.19626955687999725 -3.3424158096313477
-0.1916051208972931 -0.0715840756893158 -0.9788579940795898 0.6544342637062073 0.0775405764579773 -0.995323121547699 0.05761010944843292 -0.9817787408828735 -0.97840416431427 -0.06486282497644424 0.19625990092754364 -3.3423619270324707
-0.19171614944934845 -0.07157109677791595 -0.9788371920585632 0.654452383518219 0.07751408219337463 -0.9953261017799377 0.05759474262595177 -0.9817807674407959 -0.9783844947814941 -0.06483183056116104 0.19636808335781097 -3.3423783779144287
-0.19174325466156006 -0.07159706205129623 -0.9788299798965454 0.6545267105102539 0.07756440341472626 -0.9953213334083557 0.05760922282934189 -0.9818319082260132 -0.9783751964569092 -0.06487618386745453 0.1963997632265091 -3.3423774242401123
-0.19172406196594238 -0.07161986082792282 -0.9788320660591125 0.6544772386550903 0.07754987478256226 -0.9953209161758423 0.05763661488890648 -0.9817878007888794 -0.9783801436424255 -0.06485798209905624 0.19638128578662872 -3.342325448989868
-0.19175207614898682 -0.07150480151176453 -0.9788349866867065 0.6544963121414185 0.07752296328544617 -0.9953295588493347 0.057523131370544434 -0.9818482398986816 -0.9783767461776733 -0.06485201418399811 0.1964000016450882 -3.342341184616089
-0.19171246886253357 -0.07154214382171631 -0.9788400530815125 0.6544424295425415 0.07750272005796432 -0.9953285455703735 0.05756783485412598 -0.9817994832992554 -0.9783861637115479 -0.06482629477977753 0.19636182487010956 -3.342280864715576
-0.19172121584415436 -0.07152393460273743 -0.978839635848999 0.6545118093490601 0.0774979218840599 -0.9953299760818481 0.05754969269037247 -0.9818018674850464 -0.978384792804718 -0.06482454389333725 0.19636905193328857 -3.34236741065979
-0.19171996414661407 -0.07151675224304199 -0.9788404107093811 0.6544589400291443 0.07746279984712601 -0.9953327178955078 0.05754951760172844 -0.9817519187927246 -0.9783878326416016 -0.06479033082723618 0.19636525213718414 -3.3423213958740234
-0.19166088104248047 -0.07150112092494965 -0.978853166103363 0.6544598937034607 0.07754416018724442 -0.9953280091285706 0.0575212799012661 -0.9817445278167725 -0.9783929586410522 -0.06487976759672165 0.1963101476430893 -3.3423969745635986
-0.19167296588420868 -0.07145647704601288 -0.9788540601730347 0.6543934345245361 0.07755250483751297 -0.9953300952911377 0.05747339129447937 -0.9816850423812866 -0.9783899188041687 -0.06489648669958115 0.19631972908973694 -3.3423519134521484
-0.19173043966293335 -0.07142750173807144 -0.9788448810577393 0.6545010209083557 0.07761579751968384 -0.9953278303146362 0.05742735043168068 -0.9817689657211304 -0.978373646736145 -0.06496325880289078 0.19637876749038696 -3.3424601554870605
-0.1917232871055603 -0.07142457365989685 -0.9788464903831482 0.6544449329376221 0.07763028144836426 -0.9953270554542542 0.05742195248603821 -0.9817241430282593 -0.9783738851547241 -0.06497900933027267 0.19637230038642883 -3.3424177169799805
-0.19169026613235474 -0.07139966636896133 -0.978854775428772 0.6545233726501465 0.07758128643035889 -0.9953315854072571 0.057408686727285385 -0.9818092584609985 -0.978384256362915 -0.06493612378835678 0.1963348686695099 -3.3425545692443848
-0.19177359342575073 -0.07130592316389084 -0.9788452982902527 0.654545247554779 0.07760293036699295 -0.9953359961509705 0.057303398847579956 -0.9818071126937866 -0.9783661961555481 -0.06497198343276978 0.19641292095184326 -3.34261155128479
-0.1916729211807251 -0.07141473144292831 -0.9788571000099182 0.6545114517211914 0.07765930145978928 -0.99532550573349 0.05740951746702194 -0.9817837476730347 -0.9783814549446106 -0.06501351296901703 0.1963231861591339 -3.3425886631011963
-0.19175495207309723 -0.07138202339410782 -0.9788433909416199 0.6545346975326538 0.07773380726575851 -0.9953227639198303 0.05735576152801514 -0.9817776679992676 -0.9783594608306885 -0.06509097665548325 0.19640709459781647 -3.3426406383514404
-0.19164972007274628 -0.07137464731931686 -0.9788645505905151 0.6545426249504089 0.07770996540784836 -0.9953243732452393 0.05736016109585762 -0.9817425012588501 -0.9783819913864136 -0.06507447361946106 0.19630038738250732 -3.3425605297088623
-0.19161361455917358 -0.07135430723428726 -0.9788731336593628 0.6544880867004395 0.07770492881536484 -0.9953257441520691 0.057342931628227234 -0.981688380241394 -0.9783894419670105 -0.0650755763053894 0.19626277685165405 -3.3425230979919434
-0.19166447222232819 -0.07129647582769394 -0.9788673520088196 0.6545138359069824 0.07778020948171616 -0.9953243136405945 0.05726558715105057 -0.9818392992019653 -0.9783735275268555 -0.06516073644161224 0.1963139772415161 -3.3425118923187256
-0.19173415005207062 -0.07131700962781906 -0.9788522124290466 0.6545284986495972 0.0777638703584671 -0.9953244924545288 0.05728502944111824 -0.9818881750106812 -0.978361189365387 -0.06513584405183792 0.1963837891817093 -3.342514991760254
-0.19174401462078094 -0.07130306959152222 -0.978851318359375 0.6544775366783142 0.07782308012247086 -0.9953213930130005 0.05725829675793648 -0.9818646907806396 -0.9783545136451721 -0.06519828736782074 0.19639617204666138 -3.342461109161377
-0.1917751282453537 -0.07135418057441711 -0.9788414835929871 0.6544657945632935 0.07786905020475388 -0.9953154921531677 0.0572989284992218 -0.9819200038909912 -0.9783447980880737 -0.06523294746875763 0.19643324613571167 -3.342418670654297
-0.19173426926136017 -0.07134973257780075 -0.9788498282432556 0.6544039249420166 0.07789448648691177 -0.9953138828277588 0.05729207023978233 -0.9818950891494751 -0.9783507585525513 -0.06526215374469757 0.19639374315738678 -3.342357635498047
-0.1917790174484253 -0.07129048556089401 -0.9788453578948975 0.6544824838638306 0.07788266241550446 -0.9953182935714722 0.05723116919398308 -0.9818887710571289 -0.9783429503440857 -0.06525935232639313 0.1964336782693863 -3.34232497215271
-0.1919391006231308 -0.07130004465579987 -0.9788132905960083 0.6545336842536926 0.07797551155090332 -0.9953121542930603 0.05721137300133705 -0.9819024801254272 -0.9783041477203369 -0.06534236669540405 0.19659920036792755 -3.342371940612793
-0.19190692901611328 -0.07129092514514923 -0.978820264339447 0.6545106172561646 0.07791160047054291 -0.9953168630599976 0.05721712112426758 -0.9818640947341919 -0.978315532207489 -0.06528109312057495 0.19656281173229218 -3.3423495292663574
-0.1919582486152649 -0.07140316069126129 -0.9788020253181458 0.6545654535293579 0.07790122181177139 -0.9953111410140991 0.05732985585927963 -0.9818791151046753 -0.9783062934875488 -0.06524493545293808 0.19662079215049744 -3.342393159866333
-0.1918545812368393 -0.0713590532541275 -0.978825569152832 0.6545448899269104 0.07786581665277481 -0.9953157305717468 0.05729914829134941 -0.9818027019500732 -0.9783294796943665 -0.06522395461797714 0.19651253521442413 -3.3423140048980713
-0.1919441521167755 -0.07137535512447357 -0.9788067936897278 0.6545048952102661 0.07787209749221802 -0.9953146576881409 0.057308390736579895 -0.9818845987319946 -0.9783113598823547 -0.06522173434495926 0.1966031938791275 -3.342357635498047
-0.19193634390830994 -0.07137614488601685 -0.9788082838058472 0.6544525027275085 0.0778532400727272 -0.9953158497810364 0.05731351673603058 -0.981842041015625 -0.9783143997192383 -0.06520285457372665 0.19659435749053955 -3.3422884941101074
-0.19206054508686066 -0.07139257341623306 -0.9787827134132385 0.6544675230979919 0.07795396447181702 -0.9953086972236633 0.05730154737830162 -0.9818302392959595 -0.9782820343971252 -0.06529462337493896 0.19672507047653198 -3.342308521270752
-0.19207309186458588 -0.071285180747509 -0.9787880778312683 0.6545237302780151 0.07799818366765976 -0.9953120350837708 0.05718259513378143 -0.9818555116653442 -0.9782760143280029 -0.06536045670509338 0.1967329978942871 -3.342395782470703
-0.19202454388141632 -0.07132821530103683 -0.9787944555282593 0.6544663310050964 0.07796262204647064 -0.9953117370605469 0.05723680928349495 -0.9818031787872314 -0.9782884120941162 -0.0653185173869133 0.19668543338775635 -3.342336654663086
-0.19211818277835846 -0.07129708677530289 -0.9787783622741699 0.6545037031173706 0.0780254453420639 -0.9953097105026245 0.05718615651130676 -0.9818062782287598 -0.9782649874687195 -0.06538311392068863 0.19678030908107758 -3.3423514366149902
-0.19208742678165436 -0.07119833678007126 -0.9787915945053101 0.6544686555862427 0.07796035706996918 -0.9953197240829468 0.05710092559456825 -0.9817733764648438 -0.978276252746582 -0.06533857434988022 0.19673927128314972 -3.3423547744750977
-0.19215193390846252 -0.07132606208324432 -0.9787696599960327 0.6545283198356628 0.07796645164489746 -0.9953120946884155 0.057225193828344345 -0.9817790985107422 -0.9782630801200867 -0.06531526893377304 0.19681240618228912 -3.3424150943756104
-0.19207227230072021 -0.07130269706249237 -0.9787870049476624 0.6544816493988037 0.07792102545499802 -0.9953161478042603 0.05721598491072655 -0.9817914962768555 -0.9782823324203491 -0.06527848541736603 0.19672884047031403 -3.3423385620117188
-0.19200226664543152 -0.07136419415473938 -0.9787962436676025 0.6545166969299316 0.07793624699115753 -0.9953112602233887 0.05728020519018173 -0.9818371534347534 -0.978294849395752 -0.06528577953577042 0.19666409492492676 -3.3424699306488037
-0.19193610548973083 -0.07136964052915573 -0.9788088202476501 0.6544673442840576 0.07795337587594986 -0.995309591293335 0.05728679522871971 -0.9817885160446167 -0.9783064723014832 -0.06530604511499405 0.1965995579957962 -3.3424198627471924
-0.19198016822338104 -0.07130195200443268 -0.9788051247596741 0.6545076966285706 0.07798010855913162 -0.9953119158744812 0.057209599763154984 -0.9818282127380371 -0.9782956838607788 -0.06534422188997269 0.1966405063867569 -3.3424293994903564
-0.1919528990983963 -0.07130683213472366 -0.9788100719451904 0.6544587016105652 0.07796705514192581 -0.9953123927116394 0.057219039648771286 -0.9817830324172974 -0.9783021211624146 -0.0653315857052803 0.1966129094362259 -3.342378616333008
-0.1919879913330078 -0.07129484415054321 -0.9788041114807129 0.6545143723487854 0.07800507545471191 -0.9953106641769409 0.05719682201743126 -0.9817994832992554 -0.9782921671867371 -0.0653705820441246 0.19664926826953888 -3.3424158096313477
-0.1920408308506012 -0.07136594504117966 -0.9787885546684265 0.6545186042785645 0.07804819196462631 -0.9953038692474365 0.05725686252117157 -0.9818116426467896 -0.978278398513794 -0.06539701670408249 0.19670917093753815 -3.342420816421509
-0.1919923573732376 -0.07134450972080231 -0.97879958152771 0.6544694304466248 0.07805302739143372 -0.9953045845031738 0.05723738670349121 -0.9817599058151245 -0.9782875180244446 -0.06540913134813309 0.19665975868701935 -3.34237003326416
-0.19196245074272156 -0.07130483537912369 -0.9788083434104919 0.6545079946517944 0.07803367078304291 -0.9953081011772156 0.05720296874642372 -0.9818015098571777 -0.9782949090003967 -0.06539919227361679 0.1966261863708496 -3.3423938751220703
-0.1919274479150772 -0.07128459215164185 -0.9788166880607605 0.6544572114944458 0.07804679870605469 -0.9953082799911499 0.057182129472494125 -0.9817531108856201 -0.9783007502555847 -0.06541869044303894 0.19659073650836945 -3.3423383235931396
-0.19189763069152832 -0.07131575793027878 -0.978820264339447 0.6545383930206299 0.07804106920957565 -0.9953067302703857 0.05721699446439743 -0.9817781448364258 -0.9783070683479309 -0.0654083788394928 0.1965627670288086 -3.3424952030181885
-0.19187740981578827 -0.07124271988868713 -0.978829562664032 0.6544800996780396 0.0780499204993248 -0.9953103065490723 0.05714232474565506 -0.9817218780517578 -0.9783102869987488 -0.06543324887752533 0.1965382695198059 -3.342440366744995
-0.19183413684368134 -0.07126015424728394 -0.9788367748260498 0.6545039415359497 0.07808538526296616 -0.9953067302703857 0.057155873626470566 -0.9817225933074951 -0.9783159494400024 -0.06546840071678162 0.19649839401245117 -3.3424489498138428
-0.19185277819633484 -0.0712515190243721 -0.9788337349891663 0.654453456401825 0.07805696129798889 -0.9953092336654663 0.05715152993798256 -0.9816666841506958 -0.9783145785331726 -0.0654401108622551 0.19651474058628082 -3.3423972129821777
-0.19186002016067505 -0.07120933383703232 -0.97883540391922 0.6544500589370728 0.07810737192630768 -0.9953083395957947 0.057098016142845154 -0.9817513227462769 -0.978309154510498 -0.0654994398355484 0.1965220719575882 -3.342381238937378
-0.19192790985107422 -0.07113270461559296 -0.9788276553153992 0.6544857621192932 0.07814287394285202 -0.9953106641769409 0.05700834468007088 -0.9817700386047363 -0.9782930016517639 -0.065546914935112 0.19658663868904114 -3.342428207397461
-0.1918843686580658 -0.0710865780711174 -0.9788395762443542 0.654421329498291 0.07813592255115509 -0.9953136444091797 0.05696580559015274 -0.9817202091217041 -0.9783020615577698 -0.06555168330669403 0.1965397596359253 -3.342376470565796
-0.19179697334766388 -0.07103395462036133 -0.9788604974746704 0.6544701457023621 0.07813460379838943 -0.9953165054321289 0.056918516755104065 -0.9817538261413574 -0.9783193469047546 -0.06556607782840729 0.19644911587238312 -3.3423376083374023
-0.191759392619133 -0.07104475051164627 -0.9788670539855957 0.6544114947319031 0.07814168930053711 -0.9953152537345886 0.056930627673864365 -0.9817103147506714 -0.978326141834259 -0.06557334214448929 0.1964128166437149 -3.3422725200653076
-0.19189710915088654 -0.07104668766260147 -0.9788399338722229 0.6545068025588989 0.07817661017179489 -0.995313286781311 0.05691619962453842 -0.9817459583282471 -0.9782963395118713 -0.06560033559799194 0.19655215740203857 -3.342385768890381
-0.19184362888336182 -0.07105692476034164 -0.9788497090339661 0.6544721722602844 0.07812204957008362 -0.9953161478042603 0.05694121494889259 -0.9816808700561523 -0.9783111810684204 -0.0655459314584732 0.1964963972568512 -3.342391014099121
-0.1919625699520111 -0.07106192409992218 -0.9788259863853455 0.6544642448425293 0.0781339704990387 -0.9953155517578125 0.05693580210208893 -0.9817520380020142 -0.978286862373352 -0.06555002182722092 0.19661590456962585 -3.3425052165985107
-0.1919606626033783 -0.07107961177825928 -0.9788250923156738 0.6544049382209778 0.0781952366232872 -0.9953104257583618 0.056941598653793335 -0.9817101955413818 -0.9782823920249939 -0.065608911216259 0.19661875069141388 -3.342458486557007
-0.19183635711669922 -0.07114387303590775 -0.9788448214530945 0.6545087099075317 0.07810741662979126 -0.9953120350837708 0.05703305825591087 -0.9818370342254639 -0.9783137440681458 -0.06551402062177658 0.19649411737918854 -3.3424975872039795
-0.19187355041503906 -0.07113990932703018 -0.978837788105011 0.6544594168663025 0.07814732939004898 -0.9953097701072693 0.057018473744392395 -0.9818030595779419 -0.9783033132553101 -0.0655532255768776 0.1965332329273224 -3.342451572418213
-0.19186659157276154 -0.07119876146316528 -0.978834867477417 0.6545335054397583 0.07809362560510635 -0.9953098893165588 0.057089582085609436 -0.9818423986434937 -0.978308916091919 -0.06548718363046646 0.19652710855007172 -3.3425066471099854
-0.1918402463197708 -0.07122182101011276 -0.9788383841514587 0.6544905304908752 0.07811038941144943 -0.9953073263168335 0.05711144953966141 -0.9818103313446045 -0.9783127903938293 -0.06550117582082748 0.1965033859014511 -3.3424601554870605
-0.1919272541999817 -0.07128150761127472 -0.9788169860839844 0.6545101404190063 0.07800888270139694 -0.9953109622001648 0.05718662589788437 -0.9818383455276489 -0.9783037900924683 -0.06538074463605881 0.19658811390399933 -3.3425467014312744
-0.19189243018627167 -0.07127463072538376 -0.9788243174552917 0.6544579863548279 0.07804546505212784 -0.9953088164329529 0.057174645364284515 -0.9818047285079956 -0.9783077239990234 -0.06542141735553741 0.19655510783195496 -3.3425028324127197
-0.19196702539920807 -0.0713418498635292 -0.9788047671318054 0.6544677019119263 0.0780942291021347 -0.9953019022941589 0.057228125631809235 -0.9818085432052612 -0.9782891869544983 -0.06545308977365494 0.19663675129413605 -3.3424510955810547
-0.19212983548641205 -0.07132365554571152 -0.9787741303443909 0.6545377373695374 0.07817153632640839 -0.995298445224762 0.05718299373984337 -0.9818450212478638 -0.978251039981842 -0.06552571803331375 0.19680222868919373 -3.3425326347351074
-0.191957026720047 -0.07135213166475296 -0.9788059592247009 0.6545212864875793 0.07817915827035904 -0.9952955842018127 0.057222187519073486 -0.9817932844161987 -0.9782843589782715 -0.06553802639245987 0.19663245975971222 -3.3424763679504395
-0.19200457632541656 -0.07137125730514526 -0.9787952899932861 0.6545802354812622 0.07820542901754379 -0.9952929019927979 0.05723312124609947 -0.9817852973937988 -0.9782729148864746 -0.06555808335542679 0.1966826170682907 -3.3425145149230957
-0.1919306367635727 -0.07132134586572647 -0.9788134098052979 0.6544909477233887 0.0781463012099266 -0.9952994585037231 0.05719928443431854 -0.9818118810653687 -0.9782921671867371 -0.06551235169172287 0.19660218060016632 -3.3424460887908936
-0.19201630353927612 -0.07124614715576172 -0.9788020849227905 0.6545127630233765 0.07811196148395538 -0.9953064918518066 0.05712388828396797 -0.9818103313446045 -0.9782781004905701 -0.06548742949962616 0.1966804713010788 -3.342451333999634
-0.19196130335330963 -0.07128103077411652 -0.9788103103637695 0.6544775366783142 0.07812781631946564 -0.9953031539916992 0.0571599155664444 -0.9817960262298584 -0.9782876372337341 -0.06549982726573944 0.19662894308567047 -3.3423633575439453
-0.1920240819454193 -0.07121184468269348 -0.9788030385971069 0.6545183658599854 0.07813606411218643 -0.9953069090843201 0.05708363652229309 -0.9818044900894165 -0.9782746434211731 -0.06551838666200638 0.19668734073638916 -3.3423960208892822
-0.19199848175048828 -0.07119765132665634 -0.978809118270874 0.6544710397720337 0.0781412124633789 -0.9953072667121887 0.05706990882754326 -0.9817543029785156 -0.9782792329788208 -0.06552799791097641 0.19666118919849396 -3.342337131500244
-0.19203197956085205 -0.07119051367044449 -0.9788030385971069 0.654521644115448 0.0781659260392189 -0.9953061938285828 0.05705539882183075 -0.9817882776260376 -0.9782707095146179 -0.06555259227752686 0.1966955065727234 -3.3424177169799805
-0.19205068051815033 -0.0713045597076416 -0.9787910580635071 0.6545921564102173 0.07810750603675842 -0.9953035116195679 0.057181842625141144 -0.9817990064620972 -0.9782717227935791 -0.06546912342309952 0.19671835005283356 -3.342479944229126
-0.1920011192560196 -0.07127093523740768 -0.978803277015686 0.6545337438583374 0.07802916318178177 -0.9953105449676514 0.05716677010059357 -0.9818253517150879 -0.9782876968383789 -0.06539911776781082 0.19666217267513275 -3.3424856662750244
-0.19187118113040924 -0.07124689221382141 -0.9788304567337036 0.6545949578285217 0.07797915488481522 -0.9953147768974304 0.05716121196746826 -0.9818018674850464 -0.978317141532898 -0.06536078453063965 0.19652821123600006 -3.342639446258545
-0.19189277291297913 -0.07122166454792023 -0.9788280725479126 0.6545422077178955 0.0779731497168541 -0.995316743850708 0.057135291397571564 -0.9817432165145874 -0.9783133864402771 -0.06535845994949341 0.19654768705368042 -3.3426084518432617
-0.19193075597286224 -0.0712481141090393 -0.9788187146186829 0.6545729041099548 0.07808900624513626 -0.9953075647354126 0.057136327028274536 -0.9817783832550049 -0.97829669713974 -0.06546875834465027 0.19659404456615448 -3.3425631523132324
-0.19190609455108643 -0.07122970372438431 -0.9788249135017395 0.6545311212539673 0.07807708531618118 -0.9953093528747559 0.057121675461530685 -0.9817326068878174 -0.9783024787902832 -0.06546179950237274 0.196567565202713 -3.3425252437591553
-0.1919013261795044 -0.07118070125579834 -0.9788293838500977 0.6545750498771667 0.07808838039636612 -0.995311439037323 0.05706990882754326 -0.9816805124282837 -0.978302538394928 -0.06548340618610382 0.19656018912792206 -3.3426148891448975
-0.1918812394142151 -0.07118336856365204 -0.9788331389427185 0.654568076133728 0.0780632495880127 -0.9953128695487976 0.05707903578877449 -0.981785774230957 -0.9783084988594055 -0.0654585063457489 0.19653889536857605 -3.342637538909912
-0.19187326729297638 -0.07119690626859665 -0.9788337349891663 0.6545236706733704 0.07807520776987076 -0.9953112602233887 0.057090941816568375 -0.9817453622817993 -0.9783090949058533 -0.06546842306852341 0.19653256237506866 -3.342603921890259
-0.1918533891439438 -0.07132051140069962 -0.9788286089897156 0.6545982360839844 0.07813885807991028 -0.9952996969223022 0.0572051964700222 -0.9817478656768799 -0.9783079028129578 -0.06550954282283783 0.1965247541666031 -3.342691659927368
-0.19179239869117737 -0.07124296575784683 -0.9788461923599243 0.6545405387878418 0.07809654623270035 -0.9953068494796753 0.057138990610837936 -0.9817759990692139 -0.9783232808113098 -0.06548568606376648 0.19645632803440094 -3.3426010608673096
-0.19169245660305023 -0.07117386907339096 -0.9788708090782166 0.654570460319519 0.0780835971236229 -0.9953113198280334 0.05707813426852226 -0.981742262840271 -0.9783438444137573 -0.06549230217933655 0.19635140895843506 -3.3426833152770996
-0.19166859984397888 -0.07117310911417007 -0.9788755178451538 0.6545386910438538 0.07810734212398529 -0.9953097105026245 0.057074226438999176 -0.9817041158676147 -0.9783466458320618 -0.06551802903413773 0.19632896780967712 -3.342651128768921
-0.1917515993118286 -0.0711449533700943 -0.9788613319396973 0.6546033620834351 0.0781249925494194 -0.9953104853630066 0.05703640356659889 -0.9817050695419312 -0.9783290028572083 -0.06553670763969421 0.19641080498695374 -3.3427441120147705
-0.1916722059249878 -0.07120685279369354 -0.9788723587989807 0.6545496582984924 0.0780908614397049 -0.9953088760375977 0.05711159110069275 -0.9817460775375366 -0.9783472418785095 -0.06549428403377533 0.1963338702917099 -3.342691421508789
-0.19173862040042877 -0.07116669416427612 -0.9788622856140137 0.6545833349227905 0.07810267060995102 -0.9953106641769409 0.05706386640667915 -0.9818205833435059 -0.9783332943916321 -0.06551040709018707 0.19639801979064941 -3.342689037322998
-0.19173076748847961 -0.07117460668087006 -0.9788632392883301 0.6545450091362 0.07806902378797531 -0.9953124523162842 0.05707920342683792 -0.981788158416748 -0.9783375263214111 -0.06547506153583527 0.19638876616954803 -3.3426527976989746
-0.1917659044265747 -0.07119717448949814 -0.9788547158241272 0.6545770168304443 0.07812995463609695 -0.9953071475028992 0.057087529450654984 -0.9817874431610107 -0.9783257842063904 -0.0655304342508316 0.1964288353919983 -3.3427023887634277
-0.19167554378509521 -0.07114715129137039 -0.9788760542869568 0.654549241065979 0.07807960361242294 -0.9953131079673767 0.05705292150378227 -0.9817707538604736 -0.9783474802970886 -0.065494604408741 0.19633254408836365 -3.342618227005005
-0.19167159497737885 -0.07115708291530609 -0.9788761138916016 0.6545489430427551 0.07801369577646255 -0.9953169226646423 0.05707651749253273 -0.981812596321106 -0.9783535599708557 -0.0654257982969284 0.196325421333313 -3.3425755500793457
-0.19179889559745789 -0.07112531363964081 -0.9788534641265869 0.6545824408531189 0.07809817790985107 -0.9953135848045349 0.057018592953681946 -0.9818204641342163 -0.9783218502998352 -0.0655105710029602 0.19645503163337708 -3.3426337242126465
-0.19169075787067413 -0.07119975239038467 -0.9788692593574524 0.6545427441596985 0.07810128480195999 -0.9953086376190186 0.05710102245211601 -0.9817529916763306 -0.9783427715301514 -0.06550520658493042 0.19635248184204102 -3.3425943851470947
-0.1917829066514969 -0.07110973447561264 -0.9788577556610107 0.6545401215553284 0.07816717773675919 -0.9953098297119141 0.056989990174770355 -0.9817306995391846 -0.9783194661140442 -0.06558483839035034 0.19644208252429962 -3.34261417388916
-0.1917511522769928 -0.07114089280366898 -0.9788616895675659 0.6545072197914124 0.07814014703035355 -0.9953097105026245 0.05702925845980644 -0.9817572832107544 -0.9783278703689575 -0.0655529648065567 0.19641096889972687 -3.3425135612487793
-0.19184739887714386 -0.07119161635637283 -0.9788391590118408 0.6545809507369995 0.07819227874279022 -0.9953036308288574 0.057063810527324677 -0.9817776679992676 -0.9783048033714294 -0.06559012085199356 0.19651326537132263 -3.3425979614257812
-0.19172462821006775 -0.07118267565965652 -0.9788638949394226 0.6545248031616211 0.07823199033737183 -0.9953010082244873 0.057055115699768066 -0.9817460775375366 -0.9783257246017456 -0.06563960015773773 0.1963927000761032 -3.3425326347351074
-0.19166123867034912 -0.07111160457134247 -0.9788814783096313 0.6545454263687134 0.0781727135181427 -0.9953088760375977 0.05699906870722771 -0.9818421602249146 -0.9783428907394409 -0.065597303211689 0.19632133841514587 -3.342561960220337
-0.19167198240756989 -0.07111340016126633 -0.9788792133331299 0.6545095443725586 0.07817714661359787 -0.995308518409729 0.05699927359819412 -0.9818097352981567 -0.9783403873443604 -0.06560081988573074 0.1963324248790741 -3.3425188064575195
-0.19171997904777527 -0.07116149365901947 -0.9788663387298584 0.6545467972755432 0.07829368114471436 -0.9952980875968933 0.05702151358127594 -0.9817694425582886 -0.9783216714859009 -0.06570688635110855 0.19639024138450623 -3.342543840408325
-0.19167257845401764 -0.07115645706653595 -0.978875994682312 0.6545047760009766 0.07825068384408951 -0.9953010678291321 0.05702825263142586 -0.981713056564331 -0.9783344268798828 -0.06566695868968964 0.1963401734828949 -3.342512607574463
-0.1918289214372635 -0.07113681733608246 -0.9788467884063721 0.6545349955558777 0.07827571034431458 -0.9953011274337769 0.05699259042739868 -0.981765866279602 -0.9783017635345459 -0.06568709760904312 0.19649605453014374 -3.342574119567871
-0.19191735982894897 -0.07118739932775497 -0.9788257479667664 0.6545544266700745 0.07833727449178696 -0.9952943921089172 0.05702560767531395 -0.9817560911178589 -0.9782794713973999 -0.06573433429002762 0.19659112393856049 -3.3426177501678467
-0.19190743565559387 -0.07111788541078568 -0.9788327813148499 0.6545259356498718 0.07820533961057663 -0.9953072667121887 0.056982118636369705 -0.981804370880127 -0.9782919883728027 -0.06561465561389923 0.19656889140605927 -3.3425536155700684
-0.19193777441978455 -0.07108964771032333 -0.9788288474082947 0.6545370817184448 0.07827092707157135 -0.9953046441078186 0.056938156485557556 -0.9817976951599121 -0.978280782699585 -0.06568526476621628 0.1966010183095932 -3.3425731658935547
-0.19187894463539124 -0.07113438844680786 -0.9788371324539185 0.6545085310935974 0.07826907932758331 -0.9953019618988037 0.05698803439736366 -0.9817609786987305 -0.9782924652099609 -0.06567787379026413 0.1965453326702118 -3.3425211906433105
-0.19188185036182404 -0.07114598155021667 -0.9788357019424438 0.6545354723930359 0.07827339321374893 -0.9953010082244873 0.056998759508132935 -0.981758713722229 -0.9782915711402893 -0.06567976623773575 0.19654925167560577 -3.342557907104492
-0.1919272541999817 -0.07109169661998749 -0.9788307547569275 0.654505729675293 0.07825867831707001 -0.9953052997589111 0.05694342032074928 -0.9817441701889038 -0.9782838225364685 -0.06567300856113434 0.19658997654914856 -3.3425002098083496
-0.19197677075862885 -0.07121801376342773 -0.9788118600845337 0.6545574069023132 0.0782475695014 -0.9952988624572754 0.057070713490247726 -0.9817565679550171 -0.9782750010490417 -0.06563340127468109 0.19664712250232697 -3.3425488471984863
-0.19193260371685028 -0.07117673754692078 -0.9788235425949097 0.6544506549835205 0.07820233702659607 -0.9953041672706604 0.05704084783792496 -0.9818131923675537 -0.9782872796058655 -0.06559828668832779 0.19659772515296936 -3.342540979385376
-0.19204352796077728 -0.07116914540529251 -0.9788023233413696 0.6545116901397705 0.07822385430335999 -0.9953035712242126 0.057021237909793854 -0.9818376302719116 -0.978263795375824 -0.06561513245105743 0.19670894742012024 -3.342620372772217
-0.1919703334569931 -0.07119427621364594 -0.9788148403167725 0.6544944643974304 0.07819834351539612 -0.9953035712242126 0.05705690756440163 -0.9817973375320435 -0.978280246257782 -0.06558846682310104 0.19663625955581665 -3.342532157897949
-0.19194066524505615 -0.07110387831926346 -0.9788272380828857 0.6544764041900635 0.07821714133024216 -0.995307445526123 0.0569632351398468 -0.9817672967910767 -0.9782845377922058 -0.06562750786542892 0.1966017335653305 -3.3425230979919434
-0.19186270236968994 -0.07114522904157639 -0.9788395166397095 0.6544703841209412 0.07818782329559326 -0.995306670665741 0.057016488164663315 -0.98171067237854 -0.9783021807670593 -0.06559399515390396 0.19652514159679413 -3.3425004482269287
-0.19193078577518463 -0.07118584960699081 -0.9788232445716858 0.6545313000679016 0.07822124660015106 -0.9953023791313171 0.05704643577337265 -0.9817104339599609 -0.9782861471176147 -0.06561581045389175 0.196597620844841 -3.3425726890563965
-0.19194971024990082 -0.07114070653915405 -0.9788228273391724 0.6545904278755188 0.0782218798995018 -0.9953050017356873 0.05699911341071129 -0.9817298650741577 -0.9782823920249939 -0.06562439352273941 0.19661349058151245 -3.3425498008728027
-0.1919073462486267 -0.07103558629751205 -0.9788387417793274 0.6545754075050354 0.07810980081558228 -0.9953184723854065 0.05691763386130333 -0.9817490577697754 -0.9782996773719788 -0.06553399562835693 0.19655771553516388 -3.3424930572509766
-0.1919456571340561 -0.0710020512342453 -0.9788336753845215 0.6545847654342651 0.0781976729631424 -0.9953146576881409 0.056863266974687576 -0.9817216396331787 -0.9782851338386536 -0.06562785804271698 0.19659875333309174 -3.342499256134033
-0.1918579638004303 -0.07098734378814697 -0.9788519144058228 0.6545326709747314 0.07816740870475769 -0.9953172206878662 0.05686036869883537 -0.9817295074462891 -0.9783047437667847 -0.06560520827770233 0.19650864601135254 -3.3424246311187744
-0.19196419417858124 -0.07091360539197922 -0.9788364768028259 0.6545385718345642 0.0782020092010498 -0.9953196048736572 0.05677119642496109 -0.9817454814910889 -0.9782811403274536 -0.06564894318580627 0.19661152362823486 -3.342482566833496
-0.1919422149658203 -0.0709843784570694 -0.9788356423377991 0.6544845700263977 0.07817527651786804 -0.9953172206878662 0.05685003474354744 -0.9817193746566772 -0.9782875776290894 -0.06560882180929184 0.19659283757209778 -3.3423988819122314
-0.19203339517116547 -0.07102489471435547 -0.9788147807121277 0.6545245051383972 0.07810375094413757 -0.9953200221061707 0.05689939111471176 -0.9817625284194946 -0.9782754182815552 -0.06552252173423767 0.19668221473693848 -3.342528820037842
-0.19205504655838013 -0.0710524395108223 -0.978808581829071 0.6544905304908752 0.07806283980607986 -0.9953212141990662 0.05693415179848671 -0.981735110282898 -0.978274405002594 -0.06547408550977707 0.196703240275383 -3.3424530029296875
-0.19195587933063507 -0.0710780918598175 -0.9788261651992798 0.6544989347457886 0.07815828174352646 -0.9953129291534424 0.05694780498743057 -0.9817224740982056 -0.9782862663269043 -0.06557190418243408 0.19661173224449158 -3.3425190448760986
-0.1920161098241806 -0.07104632258415222 -0.9788166284561157 0.6545379161834717 0.07818106561899185 -0.9953135251998901 0.056906815618276596 -0.9817647933959961 -0.9782726168632507 -0.06559790670871735 0.19667091965675354 -3.3425955772399902
-0.19199404120445251 -0.07113771885633469 -0.9788143038749695 0.6545246243476868 0.07809435576200485 -0.9953138828277588 0.057018689811229706 -0.9817979335784912 -0.9782838821411133 -0.06549263000488281 0.19665001332759857 -3.3425400257110596
-0.19195739924907684 -0.07113620638847351 -0.9788216352462769 0.6544849276542664 0.07809272408485413 -0.9953139424324036 0.057019975036382675 -0.9817496538162231 -0.9782912135124207 -0.06549344211816788 0.19661332666873932 -3.3424501419067383
-0.19195087254047394 -0.07127147912979126 -0.9788130521774292 0.6544880867004395 0.07800588756799698 -0.9953118562698364 0.057175420224666595 -0.9817577600479126 -0.9782993793487549 -0.06537830829620361 0.19661079347133636 -3.342597007751465
-0.19187316298484802 -0.07134653627872467 -0.9788228273391724 0.65447598695755 0.07799028605222702 -0.9953082203865051 0.05726015567779541 -0.9816796779632568 -0.9783158898353577 -0.06535198539495468 0.19653749465942383 -3.342588424682617
-0.19195440411567688 -0.0713086873292923 -0.978809654712677 0.6544971466064453 0.07791881263256073 -0.9953154921531677 0.05723051726818085 -0.9817007780075073 -0.9783056378364563 -0.06528203934431076 0.1966117024421692 -3.342660427093506
