# 3x4 first row second row third row Freq: 100 current Time: 2021-07-27-16:48:33
-0.1914503276348114 -0.06958279758691788 -0.979032576084137 0.10429549217224121 0.0776761919260025 -0.9954292178153992 0.05555853620171547 -0.4420194923877716 -0.9784237146377563 -0.06541083008050919 0.19598039984703064 -3.311427354812622
-0.19148436188697815 -0.06957467645406723 -0.9790264964103699 0.10429202020168304 0.07771925628185272 -0.9954268932342529 0.0555393360555172 -0.4419933259487152 -0.9784136414527893 -0.06545429676771164 0.19601620733737946 -3.3113927841186523
-0.19143326580524445 -0.06959502398967743 -0.9790350198745728 0.10428786277770996 0.07764501124620438 -0.9954305291175842 0.05557837337255478 -0.4420185387134552 -0.9784295558929443 -0.06537763774394989 0.19596244394779205 -3.3113346099853516
-0.19140972197055817 -0.0695921778678894 -0.9790398478507996 0.10428758710622787 0.0776800736784935 -0.9954282641410828 0.055570054799318314 -0.4420228898525238 -0.9784313440322876 -0.06541524082422256 0.1959407925605774 -3.311350107192993
-0.1914164423942566 -0.06950348615646362 -0.9790448546409607 0.10426923632621765 0.07772304862737656 -0.9954304099082947 0.05547081306576729 -0.4420185089111328 -0.9784266352653503 -0.06547632068395615 0.19594399631023407 -3.311353921890259
-0.1914171725511551 -0.06952936202287674 -0.9790428280830383 0.10426659882068634 0.07774954289197922 -0.9954271912574768 0.055491771548986435 -0.44202542304992676 -0.9784243702888489 -0.06549805402755737 0.19594796001911163 -3.3113672733306885
-0.19139686226844788 -0.06956277042627335 -0.9790444374084473 0.10430652648210526 0.07772589474916458 -0.9954268336296082 0.05553185194730759 -0.4420124292373657 -0.9784302115440369 -0.06546849012374878 0.19592861831188202 -3.311279058456421
-0.19141991436481476 -0.06957565993070602 -0.9790390133857727 0.10431258380413055 0.07773088663816452 -0.995425820350647 0.05554238706827164 -0.442015677690506 -0.9784253239631653 -0.0654696524143219 0.19595271348953247 -3.3112807273864746
-0.191352978348732 -0.0695752426981926 -0.9790521264076233 0.10427678376436234 0.07774949073791504 -0.9954243302345276 0.05554279685020447 -0.4420650005340576 -0.9784369468688965 -0.06549252569675446 0.19588707387447357 -3.3112106323242188
-0.19138149917125702 -0.06957756727933884 -0.9790464043617249 0.10426905751228333 0.0776975080370903 -0.9954277873039246 0.0555536225438118 -0.4420545697212219 -0.9784354567527771 -0.06543753296136856 0.1959126889705658 -3.3112196922302246
-0.19136923551559448 -0.06954899430274963 -0.9790508151054382 0.10425117611885071 0.0777558907866478 -0.9954254627227783 0.05551372095942497 -0.4420432150363922 -0.9784332513809204 -0.06550335884094238 0.19590187072753906 -3.311182737350464
-0.19135062396526337 -0.06954094022512436 -0.9790550470352173 0.1042448878288269 0.07775439321994781 -0.9954259395599365 0.05550709739327431 -0.44204413890838623 -0.9784370064735413 -0.0655045136809349 0.19588272273540497 -3.311176061630249
-0.1914413571357727 -0.06956809759140015 -0.9790353775024414 0.1042560487985611 0.07768594473600388 -0.9954293370246887 0.055542245507240295 -0.4420159161090851 -0.9784246683120728 -0.06542420387268066 0.1959710270166397 -3.3111727237701416
-0.1914128214120865 -0.0695977658033371 -0.9790388345718384 0.10427287220954895 0.07768075168132782 -0.9954279065132141 0.05557539314031601 -0.44199028611183167 -0.9784306883811951 -0.06541462987661362 0.19594427943229675 -3.311232328414917
-0.19140779972076416 -0.06960362195968628 -0.9790394306182861 0.1042683944106102 0.07766558229923248 -0.9954285621643066 0.05558472126722336 -0.44198164343833923 -0.9784328937530518 -0.06539832055568695 0.1959388256072998 -3.311232805252075
-0.19138135015964508 -0.06962446868419647 -0.9790431261062622 0.10430736839771271 0.07762128859758377 -0.9954302310943604 0.0556165836751461 -0.4419662058353424 -0.9784415364265442 -0.06535061448812485 0.19591133296489716 -3.3112504482269287
-0.19140708446502686 -0.06963042914867401 -0.9790376424789429 0.10430996865034103 0.07762983441352844 -0.9954294562339783 0.05561918392777443 -0.4419601261615753 -0.9784358739852905 -0.06535662710666656 0.1959378719329834 -3.3112497329711914
-0.19144108891487122 -0.06950955837965012 -0.9790396094322205 0.10424704849720001 0.07767626643180847 -0.9954333305358887 0.05548468232154846 -0.44199156761169434 -0.9784255027770996 -0.06542608886957169 0.19596628844738007 -3.311253547668457
-0.1914588212966919 -0.06957074254751205 -0.9790318012237549 0.10423938184976578 0.07769884914159775 -0.9954283833503723 0.05554116144776344 -0.4419912099838257 -0.9784202575683594 -0.06543579697608948 0.19598932564258575 -3.311258554458618
-0.19154329597949982 -0.06962687522172928 -0.9790112376213074 0.10423444956541061 0.07767864316701889 -0.9954268932342529 0.05559653788805008 -0.44196879863739014 -0.9784052968025208 -0.06539911776781082 0.19607609510421753 -3.3112637996673584
-0.19149045646190643 -0.06963972747325897 -0.9790206551551819 0.10422564297914505 0.07768043130636215 -0.995425820350647 0.05561284348368645 -0.4419598877429962 -0.9784155488014221 -0.06540141999721527 0.19602441787719727 -3.311274528503418
-0.19143183529376984 -0.0695933997631073 -0.9790354371070862 0.10423808544874191 0.07764329761266708 -0.9954307079315186 0.05557715892791748 -0.4420008361339569 -0.978429913520813 -0.06537630409002304 0.19596080482006073 -3.3113110065460205
-0.1914353221654892 -0.06960980594158173 -0.9790335893630981 0.10423023998737335 0.07765253633260727 -0.9954292178153992 0.055591754615306854 -0.44199979305267334 -0.9784285426139832 -0.0653822124004364 0.19596590101718903 -3.3113248348236084
-0.191444993019104 -0.06951107084751129 -0.9790387153625488 0.1042473167181015 0.07771313935518265 -0.9954307675361633 0.05547856539487839 -0.4420188367366791 -0.9784218072891235 -0.06546307355165482 0.19597238302230835 -3.311286449432373
-0.19141742587089539 -0.06952036172151566 -0.9790434241294861 0.10425156354904175 0.07770674675703049 -0.995430588722229 0.05549117550253868 -0.44201719760894775 -0.9784277081489563 -0.06545630097389221 0.19594517350196838 -3.311295747756958
-0.19142037630081177 -0.06954976171255112 -0.979040801525116 0.10431092977523804 0.07772539556026459 -0.995427668094635 0.055517129600048065 -0.4419777989387512 -0.9784256815910339 -0.06546922773122787 0.19595114886760712 -3.311250925064087
-0.19139057397842407 -0.06956528127193451 -0.9790455102920532 0.10432349145412445 0.07771099358797073 -0.995427668094635 0.05553781986236572 -0.44196617603302 -0.9784326553344727 -0.0654531866312027 0.19592167437076569 -3.311249256134033
-0.19134289026260376 -0.06953607499599457 -0.9790568947792053 0.10431128740310669 0.07769684493541718 -0.995430052280426 0.055514201521873474 -0.4419594705104828 -0.9784430861473083 -0.06544739007949829 0.19587141275405884 -3.311328649520874
-0.1913636475801468 -0.06954514235258102 -0.9790521860122681 0.10431741178035736 0.07769477367401123 -0.9954297542572021 0.05552241951227188 -0.44195106625556946 -0.978439211845398 -0.0654422715306282 0.1958925873041153 -3.311335563659668
-0.1913420855998993 -0.06950630992650986 -0.9790591597557068 0.10432615876197815 0.07771141827106476 -0.9954307675361633 0.05548107624053955 -0.44198107719421387 -0.9784420728683472 -0.0654682144522667 0.19586946070194244 -3.3113255500793457
-0.19133712351322174 -0.06947701424360275 -0.9790621995925903 0.10432633012533188 0.0777355208992958 -0.9954308271408081 0.0554467998445034 -0.4419739246368408 -0.9784411191940308 -0.06549888104200363 0.19586391746997833 -3.311330795288086
-0.19138097763061523 -0.0695379376411438 -0.9790493249893188 0.10428915917873383 0.07774922996759415 -0.995426595211029 0.05550301447510719 -0.44195908308029175 -0.9784314632415771 -0.06549811363220215 0.1959124505519867 -3.3112454414367676
-0.1913812756538391 -0.069503054022789 -0.9790517687797546 0.10428611934185028 0.07774530351161957 -0.9954288601875305 0.05546831712126732 -0.44195356965065 -0.978431761264801 -0.06550107896327972 0.19591018557548523 -3.3112454414367676
-0.19142033159732819 -0.06951944530010223 -0.9790429472923279 0.10427737236022949 0.07770311087369919 -0.9954308867454529 0.05549076572060585 -0.4419625997543335 -0.9784274697303772 -0.06545262038707733 0.1959478110074997 -3.3112099170684814
-0.19144795835018158 -0.06956826150417328 -0.9790340662002563 0.10428758710622787 0.0777047723531723 -0.9954280853271484 0.05553819239139557 -0.44200411438941956 -0.9784219264984131 -0.06544294953346252 0.19597868621349335 -3.3112072944641113
-0.1914687156677246 -0.06958027184009552 -0.9790291786193848 0.10429071635007858 0.07768797874450684 -0.9954286217689514 0.05555235221982002 -0.4420050084590912 -0.9784191846847534 -0.06542225927114487 0.19599920511245728 -3.311203718185425
-0.19144855439662933 -0.06968562304973602 -0.9790256023406982 0.10428781062364578 0.0777074471116066 -0.995421290397644 0.05565693974494934 -0.4419786334037781 -0.9784215688705444 -0.06542214751243591 0.195987269282341 -3.311230182647705
-0.19148515164852142 -0.06967295706272125 -0.9790193438529968 0.10429397970438004 0.07773379236459732 -0.9954203367233276 0.05563629791140556 -0.4419691860675812 -0.9784123301506042 -0.06544936448335648 0.19602438807487488 -3.3112080097198486
-0.1915113627910614 -0.06972483545541763 -0.9790105223655701 0.10429863631725311 0.07771262526512146 -0.995418906211853 0.05569150298833847 -0.44198617339134216 -0.9784088730812073 -0.06541591882705688 0.19605275988578796 -3.3112688064575195
-0.1915118545293808 -0.0696985125541687 -0.9790123105049133 0.10430032759904861 0.0777139887213707 -0.9954203367233276 0.055664435029029846 -0.44198736548423767 -0.978408694267273 -0.06542254984378815 0.19605155289173126 -3.3112730979919434
-0.19148170948028564 -0.06962818652391434 -0.9790232181549072 0.10429883748292923 0.07762537151575089 -0.9954301118850708 0.05561273172497749 -0.4420163929462433 -0.9784216284751892 -0.06534822285175323 0.19601179659366608 -3.311269521713257
-0.19148576259613037 -0.06963706761598587 -0.9790217876434326 0.10430589318275452 0.07761862874031067 -0.9954301118850708 0.05562283843755722 -0.44202032685279846 -0.9784213304519653 -0.0653393492102623 0.19601604342460632 -3.311272382736206
-0.19144806265830994 -0.06965100020170212 -0.9790281653404236 0.10431264340877533 0.07758072763681412 -0.9954317212104797 0.05564715340733528 -0.44201329350471497 -0.9784317016601562 -0.06530018150806427 0.19597725570201874 -3.311267375946045
-0.19145481288433075 -0.06968018412590027 -0.9790247678756714 0.10431428998708725 0.07755429297685623 -0.9954318404197693 0.05568166449666023 -0.4420147240161896 -0.9784324765205383 -0.06526704877614975 0.19598442316055298 -3.311269760131836
-0.19145670533180237 -0.06969191133975983 -0.9790235757827759 0.10431050509214401 0.07751428335905075 -0.9954338073730469 0.05570147559046745 -0.44198158383369446 -0.9784352779388428 -0.06522388756275177 0.19598481059074402 -3.3113155364990234
-0.19148921966552734 -0.0696953535079956 -0.9790169596672058 0.10429935157299042 0.07745333760976791 -0.9954378008842468 0.05571497604250908 -0.4419707953929901 -0.9784337878227234 -0.06515931338071823 0.19601397216320038 -3.3113787174224854
-0.19149185717105865 -0.06969152390956879 -0.9790167212486267 0.10429344326257706 0.07745932787656784 -0.9954376220703125 0.05570971220731735 -0.441969096660614 -0.9784327745437622 -0.06516602635383606 0.19601668417453766 -3.3113842010498047
-0.19141678512096405 -0.06972816586494446 -0.9790288209915161 0.10430347174406052 0.07737303525209427 -0.9954410195350647 0.05576933175325394 -0.4419630169868469 -0.9784542918205261 -0.06507524847984314 0.19593942165374756 -3.3114137649536133
-0.19137834012508392 -0.06974217295646667 -0.9790353178977966 0.10429602116346359 0.07734432071447372 -0.9954419732093811 0.05579191818833351 -0.441964715719223 -0.9784640669822693 -0.06504545360803604 0.19590041041374207 -3.3114254474639893
-0.1914917379617691 -0.06978727877140045 -0.9790099263191223 0.10431310534477234 0.07742096483707428 -0.9954347610473633 0.05581476539373398 -0.44197264313697815 -0.9784358143806458 -0.06510782241821289 0.19602075219154358 -3.3113763332366943
-0.19141516089439392 -0.06977439671754837 -0.9790258407592773 0.10433071851730347 0.07739768177270889 -0.9954367280006409 0.055811505764722824 -0.4419487714767456 -0.9784526824951172 -0.06509115546941757 0.19594228267669678 -3.3113584518432617
-0.19142521917819977 -0.0697552040219307 -0.9790252447128296 0.10433658957481384 0.07738953828811646 -0.9954383969306946 0.05579294264316559 -0.44194576144218445 -0.9784513711929321 -0.06508613377809525 0.19595055282115936 -3.311363935470581
-0.19140100479125977 -0.06981483101844788 -0.9790257215499878 0.10434180498123169 0.07737229764461517 -0.9954360723495483 0.05585866421461105 -0.44193384051322937 -0.9784574508666992 -0.06505805999040604 0.1959294080734253 -3.3113889694213867
-0.19149631261825562 -0.06977631896734238 -0.9790098071098328 0.10432475805282593 0.07736268639564514 -0.9954392910003662 0.055814988911151886 -0.44195786118507385 -0.9784395694732666 -0.06505046039819717 0.19602125883102417 -3.3113296031951904
-0.19147077202796936 -0.0698147788643837 -0.9790120720863342 0.10434330254793167 0.07744506746530533 -0.9954314827919006 0.05583931505680084 -0.4419652223587036 -0.9784380197525024 -0.06512805819511414 0.19600306451320648 -3.3113057613372803
-0.19145436584949493 -0.0697873905301094 -0.9790171980857849 0.10434672236442566 0.07742931693792343 -0.995434045791626 0.05581573024392128 -0.44196534156799316 -0.9784424901008606 -0.06511847674846649 0.19598400592803955 -3.3113012313842773
-0.19147685170173645 -0.06978212296962738 -0.979013204574585 0.10432203859090805 0.0774511769413948 -0.99543297290802 0.055804479867219925 -0.44194144010543823 -0.9784363508224487 -0.06514046341180801 0.19600729644298553 -3.3113067150115967
-0.19147823750972748 -0.06977752596139908 -0.9790132641792297 0.10432102531194687 0.07744681090116501 -0.995433509349823 0.055800579488277435 -0.44193509221076965 -0.9784364104270935 -0.0651368573307991 0.1960081309080124 -3.311300754547119
-0.19148167967796326 -0.06979893147945404 -0.979011058807373 0.10429716855287552 0.07748601585626602 -0.9954296946525574 0.05581425875425339 -0.4419263005256653 -0.9784326553344727 -0.06517226248979568 0.19601520895957947 -3.3112897872924805
-0.19149243831634521 -0.06973716616630554 -0.9790133833885193 0.10428881645202637 0.07750071585178375 -0.9954323172569275 0.05574778839945793 -0.4419039785861969 -0.97842937707901 -0.06519895792007446 0.1960226595401764 -3.3113040924072266
-0.1915353685617447 -0.0697329193353653 -0.9790052771568298 0.1042628288269043 0.07752585411071777 -0.9954310059547424 0.055735521018505096 -0.44193151593208313 -0.9784190058708191 -0.06522289663553238 0.19606657326221466 -3.311319351196289
-0.19154295325279236 -0.06968999654054642 -0.979006826877594 0.10431797057390213 0.07750582695007324 -0.9954348206520081 0.05569538101553917 -0.4419291019439697 -0.9784190654754639 -0.06521067768335342 0.1960701197385788 -3.311339855194092
-0.19153526425361633 -0.06971850991249084 -0.979006290435791 0.10432463139295578 0.077492855489254 -0.995434045791626 0.055727485567331314 -0.4419221878051758 -0.9784216284751892 -0.06519221514463425 0.19606362283229828 -3.3113389015197754
-0.1915622055530548 -0.06975466758012772 -0.9789984822273254 0.10431183874607086 0.07748842239379883 -0.9954323768615723 0.05576331913471222 -0.4419345259666443 -0.9784166812896729 -0.06517890840768814 0.1960926204919815 -3.3114380836486816
-0.19157758355140686 -0.0697212815284729 -0.9789978265762329 0.10431516915559769 0.07751735299825668 -0.995432436466217 0.05572253465652466 -0.44193631410598755 -0.9784113764762878 -0.0652141347527504 0.19610737264156342 -3.3114514350891113
-0.19149479269981384 -0.06967246532440186 -0.9790174961090088 0.1043078601360321 0.0775095671415329 -0.9954354166984558 0.055680062621831894 -0.4419703781604767 -0.9784282445907593 -0.06522078067064285 0.1960211992263794 -3.3114113807678223
-0.19145601987838745 -0.06974364817142487 -0.9790199995040894 0.10432874411344528 0.0775350034236908 -0.995429515838623 0.05574997514486313 -0.44198545813560486 -0.9784337878227234 -0.06523465365171432 0.1959887593984604 -3.311431646347046
-0.19147035479545593 -0.06968007981777191 -0.9790217280387878 0.10432396084070206 0.07754124701023102 -0.9954327344894409 0.05568311735987663 -0.44194626808166504 -0.9784305095672607 -0.06525290012359619 0.1959991753101349 -3.3113646507263184
-0.19146761298179626 -0.06965812295675278 -0.979023814201355 0.10434038192033768 0.0775126963853836 -0.995435893535614 0.05566669628024101 -0.4419652223587036 -0.9784333109855652 -0.0652284100651741 0.1959933489561081 -3.31143856048584
-0.19143463671207428 -0.06966681778430939 -0.979029655456543 0.10433993488550186 0.07750776410102844 -0.9954355955123901 0.05567876249551773 -0.44196122884750366 -0.9784401655197144 -0.0652235597372055 0.19596078991889954 -3.3114497661590576
-0.19150176644325256 -0.06968163698911667 -0.9790154695510864 0.10434871912002563 0.07758545875549316 -0.9954298138618469 0.055673714727163315 -0.4419565796852112 -0.9784208536148071 -0.0652957484126091 0.1960330754518509 -3.311479091644287
-0.19152092933654785 -0.0696123018860817 -0.9790166616439819 0.10432576388120651 0.07760774344205856 -0.9954323768615723 0.0555974543094635 -0.44195130467414856 -0.978415310382843 -0.06533119827508926 0.1960487961769104 -3.3114798069000244
-0.19150087237358093 -0.0696161538362503 -0.9790202975273132 0.1043953001499176 0.07756038010120392 -0.9954352378845215 0.055612221360206604 -0.44194668531417847 -0.978422999382019 -0.06528340280056 0.19602638483047485 -3.3114609718322754
-0.19149161875247955 -0.06963801383972168 -0.9790205955505371 0.10440947115421295 0.07761802524328232 -0.9954301118850708 0.05562352389097214 -0.44194236397743225 -0.9784202575683594 -0.06533820927143097 0.1960218995809555 -3.311467170715332
-0.19148559868335724 -0.06966637820005417 -0.9790197610855103 0.10439816117286682 0.0775902196764946 -0.9954303503036499 0.05565834045410156 -0.4419197142124176 -0.9784236550331116 -0.06530458480119705 0.19601622223854065 -3.3114914894104004
-0.1915084719657898 -0.06963880360126495 -0.9790171980857849 0.10440744459629059 0.07753660529851913 -0.9954355359077454 0.055639490485191345 -0.44190800189971924 -0.9784234166145325 -0.06525424122810364 0.19603411853313446 -3.3114869594573975
-0.19153723120689392 -0.0696195587515831 -0.9790129661560059 0.10436016321182251 0.07758262753486633 -0.9954336881637573 0.055608753114938736 -0.4419327676296234 -0.9784141182899475 -0.0653032511472702 0.19606411457061768 -3.311455726623535
-0.19154071807861328 -0.06968767195940018 -0.9790074229240417 0.10437045246362686 0.07760407030582428 -0.9954283833503723 0.055673472583293915 -0.44192734360694885 -0.9784117341041565 -0.06531122326850891 0.19607333838939667 -3.3114728927612305
-0.19151604175567627 -0.0696534812450409 -0.9790146946907043 0.10434595495462418 0.07764176279306412 -0.9954277276992798 0.055632829666137695 -0.44192513823509216 -0.9784135818481445 -0.06535784900188446 0.19604863226413727 -3.3114120960235596
-0.19149518013000488 -0.06967960298061371 -0.979016900062561 0.10435719043016434 0.07761285454034805 -0.9954280853271484 0.05566660687327385 -0.44192057847976685 -0.9784199595451355 -0.06532441079616547 0.196027934551239 -3.3114259243011475
-0.1915472000837326 -0.06970061361789703 -0.9790052771568298 0.10433878004550934 0.07761065661907196 -0.9954272508621216 0.055684879422187805 -0.44192633032798767 -0.9784099459648132 -0.06531495600938797 0.1960810273885727 -3.3113934993743896
-0.19157536327838898 -0.06967349350452423 -0.9790016412734985 0.1043175756931305 0.07765047997236252 -0.9954262375831604 0.055647410452365875 -0.4418928325176239 -0.9784013032913208 -0.06535927206277847 0.19610954821109772 -3.311415910720825
-0.19158878922462463 -0.0696478858590126 -0.9790008664131165 0.10431849211454391 0.07767167687416077 -0.99542635679245 0.05561621114611626 -0.4419049024581909 -0.9783969521522522 -0.06538519263267517 0.1961224228143692 -3.311441659927368
-0.19156414270401 -0.06971286237239838 -0.9790010452270508 0.10433253645896912 0.07763413339853287 -0.9954250454902649 0.05569147691130638 -0.44190606474876404 -0.9784047603607178 -0.06533541530370712 0.19610005617141724 -3.3114583492279053
-0.1915523260831833 -0.06965451687574387 -0.9790075421333313 0.10431371629238129 0.07765889912843704 -0.9954266548156738 0.05562799051403999 -0.4419364929199219 -0.9784051179885864 -0.06537297368049622 0.19608581066131592 -3.3114943504333496
-0.19155851006507874 -0.06963719427585602 -0.9790075421333313 0.10432800650596619 0.07770908623933792 -0.9954243302345276 0.055599894374608994 -0.4419182240962982 -0.978399932384491 -0.06542715430259705 0.19609366357326508 -3.3115122318267822
-0.1915452778339386 -0.06964635103940964 -0.9790095090866089 0.10436423122882843 0.07772474735975266 -0.9954227209091187 0.05560696870088577 -0.4419199526309967 -0.9784013032913208 -0.06544201076030731 0.1960819810628891 -3.311452865600586
-0.19152428209781647 -0.06965715438127518 -0.9790128469467163 0.1043873056769371 0.07770267874002457 -0.9954234957695007 0.05562380328774452 -0.4419388771057129 -0.9784071445465088 -0.06541860848665237 0.19606053829193115 -3.3114776611328125
-0.19159436225891113 -0.06961385905742645 -0.9790021777153015 0.10433730483055115 0.07778255641460419 -0.9954208731651306 0.055559009313583374 -0.4419594705104828 -0.9783870577812195 -0.06550449877977371 0.19613198935985565 -3.311483860015869
-0.19151458144187927 -0.06958597898483276 -0.9790197610855103 0.10436121374368668 0.07774026691913605 -0.9954249858856201 0.05554456263780594 -0.4419357478618622 -0.9784060716629028 -0.06547166407108307 0.19604824483394623 -3.311480760574341
-0.1915239691734314 -0.0696103498339653 -0.9790161848068237 0.10435883700847626 0.07775028049945831 -0.9954229593276978 0.0555666945874691 -0.4419383704662323 -0.9784033894538879 -0.0654764324426651 0.19605980813503265 -3.311483383178711
-0.19149437546730042 -0.06962725520133972 -0.9790207743644714 0.1043722853064537 0.07775556296110153 -0.9954215288162231 0.05558484047651291 -0.4419125020503998 -0.9784088134765625 -0.06548013538122177 0.19603174924850464 -3.311368465423584
-0.1915147602558136 -0.06962350010871887 -0.9790170788764954 0.10437394678592682 0.0777389407157898 -0.9954229593276978 0.05558297038078308 -0.4419090151786804 -0.9784061312675476 -0.06546279042959213 0.19605085253715515 -3.311357259750366
-0.19149252772331238 -0.06965658813714981 -0.9790191054344177 0.10434820502996445 0.07773958891630173 -0.9954209327697754 0.05561799183487892 -0.44195035099983215 -0.9784104228019714 -0.06545811146497726 0.19603095948696136 -3.3113656044006348
-0.19145002961158752 -0.06964191049337387 -0.9790284037590027 0.10437081754207611 0.0777200236916542 -0.995422899723053 0.05560987442731857 -0.44197672605514526 -0.9784203171730042 -0.06544359773397446 0.1959865391254425 -3.311349630355835
-0.19147518277168274 -0.06962226331233978 -0.9790248870849609 0.10433873534202576 0.07780270278453827 -0.9954186081886292 0.055571626871824265 -0.44200849533081055 -0.9784088134765625 -0.0655301958322525 0.19601498544216156 -3.311392307281494
-0.19146215915679932 -0.06966512650251389 -0.9790244102478027 0.10436435788869858 0.07780325412750244 -0.9954160451889038 0.05561598017811775 -0.4420316517353058 -0.9784113168716431 -0.0655229315161705 0.19600491225719452 -3.3114027976989746
-0.19147375226020813 -0.06967116892337799 -0.9790217280387878 0.10433852672576904 0.07785266637802124 -0.9954124689102173 0.05561143904924393 -0.442015677690506 -0.9784051179885864 -0.06557132303714752 0.19601966440677643 -3.3113534450531006
-0.19145162403583527 -0.06975380331277847 -0.9790201783180237 0.10433084517717361 0.07785351574420929 -0.9954076409339905 0.05569680035114288 -0.4420146942138672 -0.9784093499183655 -0.06555691361427307 0.19600319862365723 -3.3113644123077393
-0.19151116907596588 -0.06970972567796707 -0.9790116548538208 0.10436189919710159 0.07783868908882141 -0.9954113364219666 0.05565089359879494 -0.4419768154621124 -0.9783989191055298 -0.06554722040891647 0.1960587203502655 -3.311342716217041
-0.19141826033592224 -0.0697711929678917 -0.9790254235267639 0.10438922047615051 0.0778031200170517 -0.9954099059104919 0.05572684481739998 -0.44200244545936584 -0.9784198999404907 -0.06550409644842148 0.19596827030181885 -3.3113272190093994
-0.1914733499288559 -0.06973520666360855 -0.9790172576904297 0.10440262407064438 0.0778169110417366 -0.995411217212677 0.055683739483356476 -0.4420236647129059 -0.9784080386161804 -0.06552214175462723 0.19602152705192566 -3.311382293701172
-0.19153153896331787 -0.06973829865455627 -0.9790056347846985 0.10434970259666443 0.07783886045217514 -0.9954097867012024 0.05567852035164833 -0.4419822096824646 -0.9783948659896851 -0.06554048508405685 0.19608093798160553 -3.311459541320801
-0.19154994189739227 -0.06972040981054306 -0.9790033102035522 0.10434966534376144 0.07785284519195557 -0.9954099655151367 0.05565628036856651 -0.44198334217071533 -0.9783901572227478 -0.06555723398923874 0.19609886407852173 -3.3114707469940186
-0.1915276050567627 -0.06969398260116577 -0.9790095686912537 0.10436587035655975 0.07780925184488297 -0.9954142570495605 0.05563966557383537 -0.4420038163661957 -0.9783980250358582 -0.06551946699619293 0.19607236981391907 -3.311533212661743
-0.1915050446987152 -0.06972336024045944 -0.9790118932723999 0.10436387360095978 0.0778079703450203 -0.9954125881195068 0.0556713305413723 -0.44200560450553894 -0.9784025549888611 -0.06551358103752136 0.19605179131031036 -3.3115525245666504
-0.1915193647146225 -0.06972791999578476 -0.9790087342262268 0.1043708473443985 0.07779097557067871 -0.9954135417938232 0.05567839741706848 -0.441985160112381 -0.9784010648727417 -0.06549455970525742 0.19606539607048035 -3.3115265369415283
-0.19145730137825012 -0.06971180438995361 -0.9790220260620117 0.10439002513885498 0.07779360562562943 -0.9954140186309814 0.05566571280360222 -0.44200342893600464 -0.9784130454063416 -0.0655040517449379 0.19600263237953186 -3.3115642070770264
-0.19146810472011566 -0.0697401687502861 -0.9790179133415222 0.10438652336597443 0.07780859619379044 -0.9954114556312561 0.05569081008434296 -0.4420067369937897 -0.9784097075462341 -0.0655129924416542 0.19601614773273468 -3.3115763664245605
-0.19139449298381805 -0.0697752982378006 -0.9790297746658325 0.10437562316656113 0.07781830430030823 -0.9954085350036621 0.05572959780693054 -0.4419728219509125 -0.9784233570098877 -0.06552010029554367 0.19594572484493256 -3.3116204738616943
-0.19146263599395752 -0.06979406625032425 -0.9790151119232178 0.10438892245292664 0.07784930616617203 -0.9954056739807129 0.055737823247909546 -0.4419315755367279 -0.9784075617790222 -0.06554393470287323 0.19601663947105408 -3.3115620613098145
-0.19143474102020264 -0.06976254284381866 -0.9790228605270386 0.10434313863515854 0.07785344123840332 -0.9954070448875427 0.05570684373378754 -0.44195258617401123 -0.9784126877784729 -0.06555607169866562 0.19598697125911713 -3.311525583267212
-0.19143836200237274 -0.0697764977812767 -0.9790211319923401 0.10433673858642578 0.07785860449075699 -0.995405912399292 0.05571975186467171 -0.44194886088371277 -0.9784115552902222 -0.06555832177400589 0.19599179923534393 -3.3115286827087402
-0.191409170627594 -0.0698111355304718 -0.979024350643158 0.10437735915184021 0.07787372171878815 -0.9954028129577637 0.055753935128450394 -0.4419524073600769 -0.9784160852432251 -0.0655684620141983 0.19596590101718903 -3.311450719833374
-0.19141575694084167 -0.06980837136507034 -0.979023277759552 0.10438137501478195 0.07786358892917633 -0.9954037070274353 0.0557527020573616 -0.4419480860233307 -0.9784156084060669 -0.06555832177400589 0.19597169756889343 -3.311443567276001
-0.19138474762439728 -0.06977775692939758 -0.979031503200531 0.10438456386327744 0.07795818150043488 -0.995398998260498 0.0557047463953495 -0.4419677257537842 -0.9784141182899475 -0.06566248089075089 0.195944145321846 -3.311453342437744
-0.19139030575752258 -0.06976457685232162 -0.9790313839912415 0.10438243299722672 0.0779457613825798 -0.995400607585907 0.055693455040454865 -0.441967636346817 -0.978413999080658 -0.06565216183662415 0.19594809412956238 -3.311450481414795
-0.19141623377799988 -0.06976031512022018 -0.9790266156196594 0.10434083640575409 0.07789698243141174 -0.9954041838645935 0.05569711700081825 -0.44194984436035156 -0.9784128069877625 -0.0656018853187561 0.19597086310386658 -3.311414957046509
-0.19140882790088654 -0.06973930448293686 -0.9790295362472534 0.10430938005447388 0.07790233194828033 -0.9954050183296204 0.055675193667411804 -0.4419088065624237 -0.9784138798713684 -0.06561196595430374 0.19596238434314728 -3.3114407062530518
-0.19141820073127747 -0.06970386952161789 -0.9790302515029907 0.10431224852800369 0.07786605507135391 -0.9954094886779785 0.055645789951086044 -0.44193166494369507 -0.9784148931503296 -0.06558161228895187 0.19596727192401886 -3.3114795684814453
-0.19131357967853546 -0.06972835212945938 -0.9790489673614502 0.1043398380279541 0.07780179381370544 -0.9954119920730591 0.05569067597389221 -0.44195756316185 -0.9784404635429382 -0.06551738828420639 0.19586104154586792 -3.3114728927612305
-0.1913633495569229 -0.06966668367385864 -0.9790436029434204 0.10435208678245544 0.07782502472400665 -0.995414137840271 0.05561993643641472 -0.44195327162742615 -0.9784289002418518 -0.06555047631263733 0.1959078162908554 -3.3114278316497803
-0.19137632846832275 -0.06961056590080261 -0.9790450930595398 0.10435334593057632 0.07780041545629501 -0.9954190254211426 0.055566925555467606 -0.4419437348842621 -0.978428304195404 -0.06553591787815094 0.1959155946969986 -3.3114449977874756
-0.19137391448020935 -0.069582000374794 -0.9790475964546204 0.1043730303645134 0.07784038782119751 -0.9954179525375366 0.055530037730932236 -0.44196954369544983 -0.9784256219863892 -0.06558244675397873 0.19591353833675385 -3.31145977973938
-0.1913313865661621 -0.06962453573942184 -0.9790528416633606 0.1043785959482193 0.0777948871254921 -0.9954184293746948 0.05558529496192932 -0.44194087386131287 -0.9784375429153442 -0.06553009152412415 0.19587144255638123 -3.3114640712738037
-0.19130752980709076 -0.06963769346475601 -0.9790565967559814 0.10438458621501923 0.0777822956442833 -0.9954184293746948 0.055602818727493286 -0.44194215536117554 -0.9784432053565979 -0.06551603227853775 0.19584783911705017 -3.3114616870880127
-0.1912996470928192 -0.06964181363582611 -0.9790578484535217 0.10435786098241806 0.07781389355659485 -0.9954160451889038 0.055601220577955246 -0.4419482350349426 -0.9784422516822815 -0.06554780900478363 0.19584205746650696 -3.3114826679229736
-0.19123691320419312 -0.06964869797229767 -0.9790695905685425 0.10438751429319382 0.07780659198760986 -0.9954159259796143 0.05561395362019539 -0.44197678565979004 -0.9784550666809082 -0.06554263085126877 0.19577962160110474 -3.3114843368530273
-0.1912333369255066 -0.06959410011768341 -0.9790741801261902 0.10436631739139557 0.07777240872383118 -0.995421290397644 0.055565521121025085 -0.4420061409473419 -0.9784585237503052 -0.06551897525787354 0.19577045738697052 -3.311483144760132
-0.19111500680446625 -0.06963999569416046 -0.9790940284729004 0.10435880720615387 0.07771974056959152 -0.9954217672348022 0.055630773305892944 -0.4419757127761841 -0.9784858226776123 -0.06546305865049362 0.19565266370773315 -3.311516761779785
-0.1912742704153061 -0.0695798248052597 -0.9790672063827515 0.10432763397693634 0.0777588039636612 -0.9954231977462769 0.0555509477853775 -0.4419623017311096 -0.9784516096115112 -0.06550562381744385 0.1958094984292984 -3.3114326000213623
-0.19130021333694458 -0.06960946321487427 -0.9790600538253784 0.10437146574258804 0.07783494889736176 -0.9954164624214172 0.05556407570838928 -0.4419659674167633 -0.9784404635429382 -0.06557567417621613 0.19584165513515472 -3.311387062072754
-0.19129513204097748 -0.0696253851056099 -0.9790598750114441 0.1043776348233223 0.0778338611125946 -0.9954156279563904 0.055580828338861465 -0.44195982813835144 -0.9784415364265442 -0.06557167321443558 0.1958375871181488 -3.3113837242126465
-0.191277876496315 -0.06964777410030365 -0.9790616631507874 0.10437089204788208 0.07781634479761124 -0.995415449142456 0.055608272552490234 -0.4419303834438324 -0.9784463047981262 -0.06555037200450897 0.1958209127187729 -3.3113925457000732
-0.19125224649906158 -0.06967427581548691 -0.9790647625923157 0.10435974597930908 0.07784199714660645 -0.9954121708869934 0.05563182756304741 -0.4418922960758209 -0.978449285030365 -0.06557264178991318 0.1957986205816269 -3.3114171028137207
-0.1913057267665863 -0.06965777277946472 -0.9790555238723755 0.10435210168361664 0.0778641626238823 -0.9954118132591248 0.05560697242617607 -0.441889226436615 -0.978437066078186 -0.06559540331363678 0.19585204124450684 -3.311444044113159
-0.19129008054733276 -0.06967872381210327 -0.9790570735931396 0.10438419133424759 0.07779699563980103 -0.9954150319099426 0.05564277991652489 -0.4419267773628235 -0.9784454703330994 -0.06552378833293915 0.19583404064178467 -3.311417579650879
-0.19127224385738373 -0.06967274099588394 -0.9790610074996948 0.10438738018274307 0.07778005301952362 -0.9954164624214172 0.055641304701566696 -0.4419200122356415 -0.9784502983093262 -0.06550877541303635 0.19581490755081177 -3.311417818069458
-0.19126024842262268 -0.06968467682600021 -0.9790624976158142 0.10437864810228348 0.07781853526830673 -0.9954131841659546 0.05564654991030693 -0.44194719195365906 -0.9784495830535889 -0.06554623693227768 0.19580595195293427 -3.3114757537841797
-0.19126100838184357 -0.069681815803051 -0.979062557220459 0.10437551140785217 0.07782668620347977 -0.9954127669334412 0.055641964077949524 -0.44194895029067993 -0.9784488081932068 -0.06555505841970444 0.19580698013305664 -3.311481475830078
-0.19125095009803772 -0.06966070830821991 -0.979066014289856 0.1043834537267685 0.07779979705810547 -0.9954157471656799 0.05562656372785568 -0.44193652272224426 -0.9784528613090515 -0.06553250551223755 0.195794016122818 -3.311427354812622
-0.19128577411174774 -0.0696745291352272 -0.9790582060813904 0.1043868288397789 0.07780656218528748 -0.9954146146774292 0.055636897683143616 -0.44193074107170105 -0.9784455299377441 -0.06553460657596588 0.19583001732826233 -3.311429738998413
-0.1913830041885376 -0.06967608630657196 -0.9790391325950623 0.1043425127863884 0.07782651484012604 -0.995413601398468 0.05562786012887955 -0.44194158911705017 -0.9784249663352966 -0.06554897874593735 0.19592811167240143 -3.311475992202759
-0.19131816923618317 -0.06968829035758972 -0.9790509343147278 0.10435517877340317 0.0778510570526123 -0.9954109787940979 0.05563977360725403 -0.44194382429122925 -0.9784356951713562 -0.0655752494931221 0.19586573541164398 -3.3115055561065674
-0.1913474053144455 -0.06970183551311493 -0.9790442585945129 0.1043471246957779 0.07783637195825577 -0.9954113364219666 0.05565448850393295 -0.44193893671035767 -0.9784311056137085 -0.06555591523647308 0.19589492678642273 -3.3114609718322754
-0.19133740663528442 -0.06965525448322296 -0.9790495038032532 0.10434658080339432 0.07782882452011108 -0.9954144358634949 0.0556093230843544 -0.44193950295448303 -0.9784336686134338 -0.06555812805891037 0.1958814263343811 -3.311466693878174
-0.1913049966096878 -0.06966206431388855 -0.9790553450584412 0.10437101870775223 0.07779849320650101 -0.995415985584259 0.055624525994062424 -0.4419642686843872 -0.9784424304962158 -0.0655277818441391 0.19584786891937256 -3.311532735824585
-0.1913018375635147 -0.0696655735373497 -0.9790557026863098 0.10437405854463577 0.07781250029802322 -0.9954147934913635 0.05562550947070122 -0.4419676661491394 -0.9784419536590576 -0.06554150581359863 0.19584575295448303 -3.311544418334961
-0.19126670062541962 -0.06971576809883118 -0.9790589809417725 0.10437346249818802 0.07781066000461578 -0.9954119324684143 0.05567930266261101 -0.44197750091552734 -0.9784489274024963 -0.06553163379430771 0.19581401348114014 -3.3114826679229736
-0.19130904972553253 -0.0696755051612854 -0.9790536165237427 0.10436787456274033 0.07781974971294403 -0.9954137802124023 0.05563366040587425 -0.44195830821990967 -0.9784399271011353 -0.06554648280143738 0.19585402309894562 -3.311514377593994
-0.19133718311786652 -0.06963624060153961 -0.979050874710083 0.1043570414185524 0.07785443216562271 -0.9954137802124023 0.05558488145470619 -0.4419686794281006 -0.9784317016601562 -0.06558799743652344 0.19588138163089752 -3.3115122318267822
-0.19136042892932892 -0.06965366005897522 -0.9790450930595398 0.10433343052864075 0.07780109345912933 -0.9954164624214172 0.055611684918403625 -0.4419439733028412 -0.9784314036369324 -0.06552890688180923 0.19590267539024353 -3.3114476203918457
-0.19134612381458282 -0.06964068114757538 -0.9790488481521606 0.10432911664247513 0.07779808342456818 -0.9954173564910889 0.05560006573796272 -0.4419326186180115 -0.9784343838691711 -0.06552927196025848 0.19588737189769745 -3.311448335647583
-0.1913701891899109 -0.06973240524530411 -0.9790375828742981 0.10437966883182526 0.07776456326246262 -0.9954144954681396 0.055698394775390625 -0.441965252161026 -0.9784323573112488 -0.06547541916370392 0.1959155946969986 -3.311490297317505
-0.19139215350151062 -0.06971826404333115 -0.9790343046188354 0.1043790951371193 0.07779696583747864 -0.9954131841659546 0.055676039308309555 -0.44195839762687683 -0.9784255027770996 -0.06550993770360947 0.1959383636713028 -3.3114898204803467
-0.19137336313724518 -0.06978961825370789 -0.9790328741073608 0.10433859378099442 0.07774119824171066 -0.9954128265380859 0.055761028081178665 -0.44191718101501465 -0.9784336090087891 -0.06544002145528793 0.19592124223709106 -3.3114774227142334
-0.191365584731102 -0.06978818774223328 -0.9790345430374146 0.10433275252580643 0.07775089144706726 -0.9954122304916382 0.055758167058229446 -0.4419081211090088 -0.9784343838691711 -0.06545060873031616 0.19591395556926727 -3.3114778995513916
-0.19144116342067719 -0.06978628039360046 -0.9790198802947998 0.10434157401323318 0.07774020731449127 -0.9954133033752441 0.055753227323293686 -0.4419025480747223 -0.9784204363822937 -0.0654357448220253 0.1959885060787201 -3.3114070892333984
-0.19140300154685974 -0.06978892534971237 -0.9790271520614624 0.10433825105428696 0.07770299911499023 -0.9954155087471008 0.05576596036553383 -0.441897988319397 -0.9784308671951294 -0.06539957225322723 0.1959485411643982 -3.311401128768921
-0.19142040610313416 -0.0697777196764946 -0.9790245294570923 0.10433833301067352 0.07769221067428589 -0.9954169392585754 0.05575554817914963 -0.4418877363204956 -0.978428304195404 -0.06538983434438705 0.195964515209198 -3.3113961219787598
-0.19148646295070648 -0.06980393826961517 -0.979009747505188 0.10434368997812271 0.07771133631467819 -0.9954144358634949 0.05577388405799866 -0.44187015295028687 -0.9784138798713684 -0.06540021300315857 0.19603316485881805 -3.3114311695098877
-0.19149665534496307 -0.06977613270282745 -0.979009747505188 0.10434671491384506 0.07773753255605698 -0.9954142570495605 0.05573967099189758 -0.441858172416687 -0.9784097671508789 -0.06543184816837311 0.1960429549217224 -3.311427116394043
-0.19146636128425598 -0.06986875832080841 -0.9790090918540955 0.10441773384809494 0.07775618135929108 -0.9954076409339905 0.05583216995000839 -0.44189175963401794 -0.9784142374992371 -0.06543402373790741 0.19602002203464508 -3.3114356994628906
-0.19146759808063507 -0.06984609365463257 -0.9790104627609253 0.10442572087049484 0.07776069641113281 -0.9954086542129517 0.055808138102293015 -0.4418797194957733 -0.9784136414527893 -0.06544308364391327 0.1960200071334839 -3.311427354812622
-0.1914954036474228 -0.06980188935995102 -0.979008138179779 0.10438399761915207 0.0777604952454567 -0.9954112768173218 0.055761341005563736 -0.44192466139793396 -0.9784082174301147 -0.06545012444257736 0.19604472815990448 -3.3114490509033203
