# 3x4 first row second row third row Freq: 100 current Time: 2021-07-27-16:46:38
-0.20552699267864227 -0.1146850660443306 -0.9719083309173584 0.4100617468357086 0.3985111713409424 -0.9168514013290405 0.02391618676483631 -0.9324315786361694 -0.8938385248184204 -0.3824009299278259 0.23414121568202972 -3.360781192779541
-0.20552007853984833 -0.11471394449472427 -0.9719063639640808 0.41002389788627625 0.3985973298549652 -0.9168137311935425 0.023923639208078384 -0.9323822259902954 -0.8938016891479492 -0.38248252868652344 0.2341485321521759 -3.3607354164123535
-0.20550647377967834 -0.11468850076198578 -0.9719122648239136 0.410026490688324 0.3985274136066437 -0.9168441891670227 0.02392345294356346 -0.9323812127113342 -0.8938359618186951 -0.3824172914028168 0.23412413895130157 -3.3607378005981445
-0.205458864569664 -0.11471562087535858 -0.9719191193580627 0.41002708673477173 0.3985694646835327 -0.916824996471405 0.023957233875989914 -0.9323712587356567 -0.8938281536102295 -0.38245508074760437 0.23409217596054077 -3.36067533493042
-0.20544706284999847 -0.11468424648046494 -0.9719253182411194 0.4100264608860016 0.3985556662082672 -0.9168315529823303 0.023936014622449875 -0.9323698282241821 -0.893837034702301 -0.38244879245758057 0.2340686172246933 -3.3606648445129395
-0.20550797879695892 -0.11470646411180496 -0.9719098210334778 0.4100077748298645 0.3985551595687866 -0.9168318510055542 0.023932520300149918 -0.9322981238365173 -0.8938232660293579 -0.38244137167930603 0.23413333296775818 -3.360694408416748
-0.20557400584220886 -0.11464566737413406 -0.9719030261039734 0.40999311208724976 0.398505836725235 -0.9168551564216614 0.023861439898610115 -0.9322909712791443 -0.8938300609588623 -0.38240376114845276 0.23416878283023834 -3.3606691360473633
-0.20558865368366241 -0.11472886800765991 -0.9718900918960571 0.4100393056869507 0.39848795533180237 -0.9168609380722046 0.023938698694109917 -0.9323035478591919 -0.89383465051651 -0.38236501812934875 0.23421449959278107 -3.3607730865478516
-0.20562727749347687 -0.11479858309030533 -0.9718737006187439 0.40999650955200195 0.39847245812416077 -0.9168662428855896 0.02399294450879097 -0.9323227405548096 -0.8938326835632324 -0.38233131170272827 0.23427699506282806 -3.3607122898101807
-0.20562362670898438 -0.11476826667785645 -0.9718780517578125 0.4099876582622528 0.3984702229499817 -0.9168679118156433 0.02396640181541443 -0.9323166608810425 -0.8938345313072205 -0.38233643770217896 0.2342616617679596 -3.360710620880127
-0.20570677518844604 -0.11477164179086685 -0.9718600511550903 0.40996965765953064 0.3985483944416046 -0.9168352484703064 0.023915542289614677 -0.9323527812957764 -0.893780529499054 -0.38241371512413025 0.23434148728847504 -3.3606526851654053
-0.2056930512189865 -0.11481719464063644 -0.9718576073646545 0.4099612832069397 0.3985682427883148 -0.9168254733085632 0.023958846926689148 -0.9323530197143555 -0.8937748670578003 -0.38242343068122864 0.23434734344482422 -3.360650062561035
-0.2057652324438095 -0.11473439633846283 -0.9718520641326904 0.4100140631198883 0.39853906631469727 -0.9168407917022705 0.02385924942791462 -0.9323455691337585 -0.893771231174469 -0.3824116289615631 0.234380304813385 -3.3607571125030518
-0.20580577850341797 -0.11472511291503906 -0.9718446135520935 0.4100499749183655 0.3985150456428528 -0.9168516993522644 0.02384042553603649 -0.9323213696479797 -0.8937726020812988 -0.38238823413848877 0.234413281083107 -3.3608038425445557
-0.20577748119831085 -0.11477214843034744 -0.9718450307846069 0.41002732515335083 0.3984958827495575 -0.916858434677124 0.02390124462544918 -0.932294487953186 -0.893787682056427 -0.38235795497894287 0.2344052642583847 -3.360751152038574
-0.20577800273895264 -0.11478374898433685 -0.9718435406684875 0.4100331664085388 0.3985001742839813 -0.9168563485145569 0.023910855874419212 -0.9322937726974487 -0.8937856554985046 -0.38235950469970703 0.23441043496131897 -3.360748291015625
-0.20568054914474487 -0.11472592502832413 -0.971871018409729 0.41005608439445496 0.39842870831489563 -0.9168872833251953 0.023914368823170662 -0.932296633720398 -0.893839955329895 -0.3823026418685913 0.23429620265960693 -3.360799789428711
-0.20569047331809998 -0.11473429948091507 -0.9718679189682007 0.4100610613822937 0.3984333276748657 -0.9168851971626282 0.023917051032185555 -0.9322965145111084 -0.8938356041908264 -0.3823051154613495 0.23430874943733215 -3.3608036041259766
-0.20575807988643646 -0.11479698866605759 -0.9718462228775024 0.4100686013698578 0.3985010087490082 -0.9168554544448853 0.023931169882416725 -0.9323119521141052 -0.8937898874282837 -0.3823576867580414 0.23439735174179077 -3.360814094543457
-0.20574581623077393 -0.11478233337402344 -0.9718505144119263 0.410073459148407 0.39846616983413696 -0.9168705940246582 0.023931436240673065 -0.9323142766952515 -0.8938082456588745 -0.38232579827308655 0.2343793660402298 -3.3608202934265137
-0.20573876798152924 -0.11481373012065887 -0.9718483090400696 0.4100682735443115 0.3985241949558258 -0.91684490442276 0.023948682472109795 -0.9323217868804932 -0.8937839865684509 -0.3823779225349426 0.23438680171966553 -3.360856771469116
-0.2057545781135559 -0.11478792130947113 -0.9718480110168457 0.4100772440433502 0.3984820544719696 -0.916863739490509 0.023928998038172722 -0.9323214292526245 -0.8937991261482239 -0.38234052062034607 0.2343900501728058 -3.3608689308166504
-0.2057948261499405 -0.11471623182296753 -0.9718479514122009 0.4100717306137085 0.3985072672367096 -0.9168551564216614 0.023838507011532784 -0.9323468804359436 -0.8937786221504211 -0.38238266110420227 0.23439951241016388 -3.3608899116516113
-0.20575925707817078 -0.11463823914527893 -0.9718647003173828 0.4100499451160431 0.3984902501106262 -0.9168639779090881 0.023783745244145393 -0.9323268532752991 -0.8937944173812866 -0.38238492608070374 0.23433569073677063 -3.36091685295105
-0.20576031506061554 -0.11466799676418304 -0.971860945224762 0.41004860401153564 0.39849841594696045 -0.9168597459793091 0.02380925416946411 -0.9323242902755737 -0.8937905430793762 -0.38238605856895447 0.2343485802412033 -3.3609299659729004
-0.2057310938835144 -0.11464832723140717 -0.9718694686889648 0.4100235402584076 0.3985523581504822 -0.9168368577957153 0.023788345977663994 -0.9323323965072632 -0.8937731981277466 -0.38244691491127014 0.234315425157547 -3.3609120845794678
-0.20571991801261902 -0.11465895920991898 -0.9718706011772156 0.41001302003860474 0.3985882103443146 -0.9168211221694946 0.02379349246621132 -0.9323294162750244 -0.8937597870826721 -0.3824813961982727 0.23431028425693512 -3.360919713973999
-0.2057221382856369 -0.11462490260601044 -0.9718741178512573 0.40999382734298706 0.3985864818096161 -0.9168227314949036 0.023760927841067314 -0.9323340058326721 -0.8937600255012512 -0.38248777389526367 0.23429888486862183 -3.3609163761138916
-0.20580220222473145 -0.11465425789356232 -0.9718537330627441 0.4099978506565094 0.39865824580192566 -0.916792094707489 0.023737473413348198 -0.9323577284812927 -0.8937095999717712 -0.38255229592323303 0.2343859225511551 -3.3608322143554688
-0.20575453341007233 -0.11457274854183197 -0.97187340259552 0.4099937975406647 0.3987024128437042 -0.9167746901512146 0.02366825006902218 -0.9324029684066772 -0.893700897693634 -0.3826184570789337 0.23431119322776794 -3.3607635498046875
-0.20572176575660706 -0.11458766460418701 -0.9718785881996155 0.40998411178588867 0.3986954987049103 -0.9167769551277161 0.023697366937994957 -0.932403564453125 -0.893711507320404 -0.3826085925102234 0.23428678512573242 -3.3607592582702637
-0.2056330144405365 -0.11458279937505722 -0.9718979597091675 0.4100097417831421 0.3986891806125641 -0.9167788624763489 0.02373027242720127 -0.9324252605438232 -0.8937347531318665 -0.38260549306869507 0.23420313000679016 -3.360750913619995
-0.20562471449375153 -0.11458460986614227 -0.9718995094299316 0.4100070297718048 0.39870402216911316 -0.9167723655700684 0.023731447756290436 -0.9324308037757874 -0.8937300443649292 -0.3826204836368561 0.23419661819934845 -3.3607449531555176
-0.20567043125629425 -0.11456534266471863 -0.9718921184539795 0.409971684217453 0.39868125319480896 -0.9167830944061279 0.02370077185332775 -0.9323245286941528 -0.8937296867370605 -0.3826006352901459 0.23423044383525848 -3.3607277870178223
-0.20564569532871246 -0.11457192152738571 -0.9718965291976929 0.4099656641483307 0.3987002670764923 -0.9167745113372803 0.02371199056506157 -0.9323149919509888 -0.8937268853187561 -0.382619172334671 0.234210804104805 -3.3607146739959717
-0.20561321079730988 -0.11459727585315704 -0.9719004034996033 0.4100014269351959 0.39880579710006714 -0.9167283773422241 0.02372136525809765 -0.932346761226654 -0.8936872482299805 -0.3827221393585205 0.23419372737407684 -3.3607025146484375
-0.20563238859176636 -0.1146099865436554 -0.9718948602676392 0.4100000858306885 0.398811012506485 -0.9167259931564331 0.02372424304485321 -0.9323429465293884 -0.8936805129051208 -0.38272392749786377 0.23421649634838104 -3.360687494277954
-0.2056386023759842 -0.1146099641919136 -0.9718935489654541 0.40996813774108887 0.39878150820732117 -0.9167386889457703 0.023729443550109863 -0.9323142170906067 -0.8936922550201416 -0.3826935291290283 0.234221413731575 -3.3607144355773926
-0.2056279480457306 -0.11461447924375534 -0.9718952775001526 0.40996813774108887 0.3987952470779419 -0.9167326092720032 0.023734405636787415 -0.9323080778121948 -0.8936885595321655 -0.38270679116249084 0.23421378433704376 -3.3607094287872314
-0.20563200116157532 -0.11468880623579025 -0.9718856811523438 0.41004595160484314 0.3987916111946106 -0.9167323708534241 0.023803824558854103 -0.9323105216026306 -0.8936892747879028 -0.3826850652694702 0.23424667119979858 -3.3607866764068604
-0.20560485124588013 -0.11467131227254868 -0.9718934893608093 0.4100502133369446 0.39877134561538696 -0.9167411923408508 0.023803602904081345 -0.9323015809059143 -0.8937045335769653 -0.3826691806316376 0.23421429097652435 -3.3607912063598633
-0.2055719941854477 -0.11464327573776245 -0.9719037413597107 0.4100377559661865 0.39873743057250977 -0.9167560935020447 0.02379932440817356 -0.9323389530181885 -0.8937272429466248 -0.3826419413089752 0.23417215049266815 -3.360806703567505
-0.20561546087265015 -0.11469312757253647 -0.9718886613845825 0.41000068187713623 0.3986770808696747 -0.9167811274528503 0.023844605311751366 -0.93232661485672 -0.893744170665741 -0.3825669288635254 0.23423011600971222 -3.360746145248413
-0.20562444627285004 -0.1146424189209938 -0.9718927145004272 0.4100034832954407 0.39865174889564514 -0.9167933464050293 0.023799778893589973 -0.9323205947875977 -0.8937534093856812 -0.38255298137664795 0.23421773314476013 -3.360751152038574
-0.20556193590164185 -0.11468564718961716 -0.9719008803367615 0.4099943935871124 0.3986634910106659 -0.9167865514755249 0.023862721398472786 -0.9323363900184631 -0.8937625288963318 -0.38255617022514343 0.2341776192188263 -3.360670804977417
-0.2056047022342682 -0.11471489071846008 -0.9718883633613586 0.4100007116794586 0.3986704647541046 -0.916783332824707 0.02387121319770813 -0.9323355555534363 -0.8937495946884155 -0.38255518674850464 0.23422862589359283 -3.360670566558838
-0.20557691156864166 -0.11471088975667953 -0.9718946814537048 0.410037636756897 0.39859265089035034 -0.9168164730072021 0.023899050429463387 -0.9323357343673706 -0.8937907218933105 -0.3824770152568817 0.2341994345188141 -3.3608267307281494
-0.2055617868900299 -0.11474012583494186 -0.9718944430351257 0.4100435972213745 0.3986332416534424 -0.9167981743812561 0.02392210252583027 -0.932335615158081 -0.8937760591506958 -0.38251200318336487 0.23419810831546783 -3.3608407974243164
-0.20550665259361267 -0.11474581807851791 -0.9719054698944092 0.4100056290626526 0.3986075520515442 -0.9168084859848022 0.023956455290317535 -0.932328999042511 -0.8938001990318298 -0.38248565793037415 0.2341490089893341 -3.360811948776245
-0.2055153101682663 -0.11476930230855942 -0.9719008207321167 0.4100040793418884 0.3986167907714844 -0.9168040156364441 0.02397269196808338 -0.932328462600708 -0.8937941193580627 -0.38248926401138306 0.2341664582490921 -3.360823631286621
-0.20543314516544342 -0.11470343172550201 -0.9719259738922119 0.41003450751304626 0.3986112177371979 -0.9168071746826172 0.02394518069922924 -0.9323866963386536 -0.8938154578208923 -0.3825015127658844 0.23406487703323364 -3.360834836959839
-0.20542514324188232 -0.11462420970201492 -0.9719370007514954 0.41002359986305237 0.3986428380012512 -0.9167954921722412 0.023865409195423126 -0.9324039220809937 -0.8938032388687134 -0.38255321979522705 0.2340271770954132 -3.360809087753296
-0.2053980678319931 -0.11466682702302933 -0.9719377160072327 0.4100266396999359 0.39868369698524475 -0.9167766571044922 0.023905841633677483 -0.9324144124984741 -0.8937911987304688 -0.3825855255126953 0.2340201735496521 -3.3608193397521973
-0.20533688366413116 -0.11467549949884415 -0.9719496369361877 0.4099712371826172 0.39861059188842773 -0.9168071150779724 0.023957861587405205 -0.9323738217353821 -0.8938378691673279 -0.3825100064277649 0.23396539688110352 -3.3607754707336426
-0.2053185999393463 -0.11465620249509811 -0.9719557762145996 0.4099634289741516 0.3986119031906128 -0.9168068170547485 0.023946689441800117 -0.9323755502700806 -0.8938415050506592 -0.382516473531723 0.23394104838371277 -3.360783815383911
-0.20534834265708923 -0.1146244928240776 -0.9719532132148743 0.40996769070625305 0.3985968232154846 -0.916814386844635 0.023908717557787895 -0.9322933554649353 -0.8938413858413696 -0.38250789046287537 0.2339554876089096 -3.36081600189209
-0.20536091923713684 -0.11461067944765091 -0.9719521999359131 0.4099593162536621 0.398570716381073 -0.9168260097503662 0.0238974429666996 -0.9322856664657593 -0.8938501477241516 -0.38248410820961 0.23396091163158417 -3.360825538635254
-0.20538169145584106 -0.11456305533647537 -0.9719533920288086 0.4100070297718048 0.3984820246696472 -0.916865348815918 0.02386735938489437 -0.932309091091156 -0.8938848972320557 -0.38240405917167664 0.2339588850736618 -3.360872507095337
-0.20538678765296936 -0.11461515724658966 -0.9719461798667908 0.4100092053413391 0.3984825313091278 -0.9168639183044434 0.023914314806461334 -0.9322983026504517 -0.8938835263252258 -0.38239192962646484 0.2339840978384018 -3.3608579635620117
-0.2054063379764557 -0.11457712203264236 -0.9719465374946594 0.4100084900856018 0.3984782099723816 -0.9168668985366821 0.02387167327105999 -0.9322917461395264 -0.8938809633255005 -0.3823961615562439 0.2339869737625122 -3.3608665466308594
-0.20538924634456635 -0.11451714485883713 -0.9719572067260742 0.40999308228492737 0.398528128862381 -0.9168468117713928 0.023808935657143593 -0.9323683381080627 -0.8938626050949097 -0.3824622333049774 0.23394900560379028 -3.3608057498931885
-0.20541289448738098 -0.11452840268611908 -0.971950888633728 0.4099913537502289 0.3985224962234497 -0.9168491959571838 0.02381148189306259 -0.932373583316803 -0.8938596844673157 -0.38245314359664917 0.23397500813007355 -3.360806465148926
-0.20543906092643738 -0.11441265791654587 -0.9719589948654175 0.4100227952003479 0.39847201108932495 -0.9168739318847656 0.023704955354332924 -0.9323458075523376 -0.8938761949539185 -0.3824285566806793 0.23395216464996338 -3.3608407974243164
-0.20541954040527344 -0.11442649364471436 -0.971961498260498 0.4100281298160553 0.39846348762512207 -0.916877031326294 0.023728113621473312 -0.932341456413269 -0.8938844799995422 -0.3824169933795929 0.23393945395946503 -3.3608391284942627
-0.2054065465927124 -0.11438598483800888 -0.9719690084457397 0.41006019711494446 0.3984154760837555 -0.9168984293937683 0.02370770089328289 -0.9323251247406006 -0.8939088582992554 -0.38237783312797546 0.23391030728816986 -3.3608720302581787
-0.2054263949394226 -0.11437280476093292 -0.9719663858413696 0.4100704491138458 0.39840632677078247 -0.9169028401374817 0.023689651861786842 -0.932317316532135 -0.8939083814620972 -0.38237112760543823 0.23392310738563538 -3.3608810901641846
-0.20535235106945038 -0.11437169462442398 -0.9719821810722351 0.4100797474384308 0.39849209785461426 -0.9168654084205627 0.023696044459939003 -0.932301938533783 -0.8938871622085571 -0.38246119022369385 0.2338569015264511 -3.3608438968658447
-0.20534105598926544 -0.11428675800561905 -0.9719945192337036 0.4101071357727051 0.39847901463508606 -0.9168729782104492 0.023623906075954437 -0.9323314428329468 -0.8938955664634705 -0.38246849179267883 0.23381276428699493 -3.360877275466919
-0.20529620349407196 -0.11428793519735336 -0.9720038771629333 0.41012075543403625 0.3984813988208771 -0.9168714284896851 0.02364250086247921 -0.9323265552520752 -0.8939048051834106 -0.3824717700481415 0.23377206921577454 -3.360882520675659
-0.20526660978794098 -0.11432050913572311 -0.9720062613487244 0.41002050042152405 0.3985222578048706 -0.9168528318405151 0.023674484342336655 -0.9323583841323853 -0.8938934206962585 -0.3825066089630127 0.23375876247882843 -3.36080002784729
-0.20529375970363617 -0.11431730538606644 -0.9720009565353394 0.4100203514099121 0.3985176086425781 -0.9168552160263062 0.023661715909838676 -0.932357132434845 -0.8938892483711243 -0.3825019299983978 0.2337823361158371 -3.3608007431030273
-0.20525336265563965 -0.11431806534528732 -0.9720093607902527 0.4100276231765747 0.3986022472381592 -0.9168185591697693 0.023656610399484634 -0.9324025511741638 -0.8938607573509216 -0.38258954882621765 0.23374775052070618 -3.3607735633850098
-0.2052336186170578 -0.11433859169483185 -0.972011148929596 0.4100285768508911 0.3986392617225647 -0.9168019890785217 0.023674268275499344 -0.932406485080719 -0.8938487768173218 -0.3826230764389038 0.23373866081237793 -3.3607704639434814
-0.20518210530281067 -0.1143602654337883 -0.9720194339752197 0.4100579619407654 0.3986007869243622 -0.9168174266815186 0.023725565522909164 -0.9324221014976501 -0.8938778042793274 -0.3825796842575073 0.23369884490966797 -3.360809087753296
-0.20524556934833527 -0.11424323171377182 -0.9720197916030884 0.41001009941101074 0.39850524067878723 -0.9168618321418762 0.02361452952027321 -0.9323239326477051 -0.8939058184623718 -0.382508248090744 0.23370857536792755 -3.3607945442199707
-0.2052394300699234 -0.11426012963056564 -0.9720191359519958 0.4100101590156555 0.3985067307949066 -0.9168606996536255 0.023632554337382317 -0.9323173761367798 -0.8939065337181091 -0.382505863904953 0.23370961844921112 -3.360797643661499
-0.20518653094768524 -0.11438094079494476 -0.9720160961151123 0.4100380539894104 0.39851149916648865 -0.9168551564216614 0.023766623809933662 -0.9323627948760986 -0.8939166069030762 -0.38248300552368164 0.23370866477489471 -3.3607637882232666
-0.205196812748909 -0.11440826207399368 -0.9720106720924377 0.41004282236099243 0.39850592613220215 -0.9168570041656494 0.023789701983332634 -0.9323613047599792 -0.8939167261123657 -0.3824704885482788 0.23372872173786163 -3.3607656955718994
-0.2052576094865799 -0.11436095088720322 -0.9720034003257751 0.410008043050766 0.39848384261131287 -0.9168682098388672 0.02372630313038826 -0.9323369264602661 -0.8939126133918762 -0.3824577033519745 0.2337653934955597 -3.360812187194824
-0.20523862540721893 -0.11435659229755402 -0.9720079302787781 0.41000810265541077 0.39846697449684143 -0.9168753623962402 0.02373427152633667 -0.9323276281356812 -0.8939244747161865 -0.382441908121109 0.2337457835674286 -3.360823392868042
-0.2052105963230133 -0.11435690522193909 -0.9720138311386108 0.4100119471549988 0.39848843216896057 -0.916865885257721 0.023740265518426895 -0.9323667287826538 -0.8939213156700134 -0.38246455788612366 0.23372071981430054 -3.360776424407959
-0.20521919429302216 -0.11436492204666138 -0.9720110893249512 0.41001805663108826 0.39849451184272766 -0.9168631434440613 0.02374277077615261 -0.9323639273643494 -0.893916666507721 -0.38246864080429077 0.2337319254875183 -3.3607821464538574
-0.2052774429321289 -0.11438018083572388 -0.9719969630241394 0.4100150763988495 0.39843589067459106 -0.9168884754180908 0.023748986423015594 -0.9322911500930786 -0.8939294219017029 -0.3824033737182617 0.23378992080688477 -3.3607630729675293
-0.20526844263076782 -0.11432154476642609 -0.9720057845115662 0.41002172231674194 0.3983977437019348 -0.9169061183929443 0.023707283660769463 -0.9322765469551086 -0.893948495388031 -0.38237860798835754 0.23375755548477173 -3.3607711791992188
-0.2053242176771164 -0.11430381238460541 -0.9719960689544678 0.41005849838256836 0.3983900249004364 -0.9169104695320129 0.023670073598623276 -0.9323135018348694 -0.8939391374588013 -0.38237351179122925 0.23380163311958313 -3.3608663082122803
-0.20532551407814026 -0.11428187787532806 -0.971998393535614 0.410062313079834 0.3983897566795349 -0.9169111251831055 0.02364891953766346 -0.9323059916496277 -0.8939388990402222 -0.3823785185813904 0.2337941974401474 -3.3608829975128174
-0.2052815556526184 -0.1142297312617302 -0.9720137715339661 0.410095751285553 0.3983343839645386 -0.9169356226921082 0.023631950840353966 -0.9323498606681824 -0.893973708152771 -0.3823353350162506 0.23373182117938995 -3.3609304428100586
-0.20533213019371033 -0.11420541256666183 -0.9720059633255005 0.4101101756095886 0.3983084559440613 -0.9169477820396423 0.023595375940203667 -0.9323483109474182 -0.8939736485481262 -0.3823133409023285 0.2337680459022522 -3.3609585762023926
-0.20539382100105286 -0.11423750966787338 -0.9719891548156738 0.4100826680660248 0.39829641580581665 -0.9169528484344482 0.023603929206728935 -0.9323179721832275 -0.8939648270606995 -0.3822917342185974 0.2338370531797409 -3.3609511852264404
-0.2053726762533188 -0.11423040181398392 -0.9719944596290588 0.41008666157722473 0.39829617738723755 -0.9169528484344482 0.02360580861568451 -0.9323152303695679 -0.8939697742462158 -0.3822937309741974 0.23381482064723969 -3.3609724044799805
-0.20534604787826538 -0.11427919566631317 -0.9719943404197693 0.41002628207206726 0.3983810842037201 -0.9169151186943054 0.023640381172299385 -0.9323753714561462 -0.8939380645751953 -0.3823697566986084 0.23381178081035614 -3.3609509468078613
-0.20537899434566498 -0.114322230219841 -0.9719823598861694 0.40999454259872437 0.398515909910202 -0.9168567061424255 0.02363239973783493 -0.9323416352272034 -0.8938704133033752 -0.3824968636035919 0.23386256396770477 -3.3609259128570557
-0.20540976524353027 -0.11431381851434708 -0.9719768166542053 0.40998315811157227 0.39853811264038086 -0.9168477058410645 0.02360624261200428 -0.932335376739502 -0.8938534259796143 -0.3825208842754364 0.23388810455799103 -3.3609390258789062
-0.20548826456069946 -0.11432468891143799 -0.9719589352607727 0.4099748432636261 0.3986343443393707 -0.9168071150779724 0.02355961874127388 -0.9323107600212097 -0.8937925100326538 -0.38261502981185913 0.23396706581115723 -3.360769033432007
-0.2054740935564041 -0.1143454760313034 -0.9719595313072205 0.40996962785720825 0.3986327350139618 -0.9168071150779724 0.0235853660851717 -0.9322968125343323 -0.893796443939209 -0.38260871171951294 0.23396217823028564 -3.3607635498046875
-0.20548544824123383 -0.11449125409126282 -0.9719399213790894 0.409952312707901 0.39873436093330383 -0.9167602062225342 0.023691678419709206 -0.9323657751083374 -0.8937485218048096 -0.3826775848865509 0.23403269052505493 -3.360656261444092
-0.20548321306705475 -0.11447305977344513 -0.9719425439834595 0.40998560190200806 0.3987056612968445 -0.9167729020118713 0.023682929575443268 -0.932357907295227 -0.8937618136405945 -0.38265261054039 0.23402272164821625 -3.360653877258301
-0.2054295688867569 -0.11461378633975983 -0.9719372987747192 0.4100249409675598 0.3986857831478119 -0.9167774319648743 0.02384253963828087 -0.9323527812957764 -0.8937830328941345 -0.3825996518135071 0.23402829468250275 -3.3606460094451904
-0.20544514060020447 -0.11464103311300278 -0.9719308018684387 0.41002941131591797 0.3986997604370117 -0.9167709350585938 0.023858290165662766 -0.9323480129241943 -0.8937731981277466 -0.38260704278945923 0.23405370116233826 -3.3606314659118652
-0.20557981729507446 -0.11462917923927307 -0.9719037413597107 0.4099811911582947 0.3986666202545166 -0.9167868494987488 0.02380141243338585 -0.9323158264160156 -0.8937570452690125 -0.3825725018978119 0.23417191207408905 -3.3606743812561035
-0.2056204080581665 -0.114655040204525 -0.9718921184539795 0.40996840596199036 0.39864400029182434 -0.9167962670326233 0.023815345019102097 -0.9323245882987976 -0.8937577605247498 -0.38254207372665405 0.2342187911272049 -3.3606960773468018
-0.20556652545928955 -0.11467068642377853 -0.9719016551971436 0.40994930267333984 0.39867496490478516 -0.9167820811271667 0.023843752220273018 -0.9322972297668457 -0.8937563896179199 -0.38257139921188354 0.23417626321315765 -3.3607163429260254
-0.205520361661911 -0.11470980197191238 -0.9719067811965942 0.40999045968055725 0.3986080288887024 -0.9168093204498291 0.02391682378947735 -0.9323077201843262 -0.8937968611717224 -0.3824944794178009 0.23414742946624756 -3.360738754272461
-0.20552070438861847 -0.11472174525260925 -0.9719052910804749 0.4099902808666229 0.39859795570373535 -0.916813313961029 0.023930588737130165 -0.9322989583015442 -0.8938012719154358 -0.38248127698898315 0.2341521829366684 -3.360736846923828
-0.2055528312921524 -0.11473257094621658 -0.9718972444534302 0.4100443124771118 0.3985241651535034 -0.9168449640274048 0.02394717000424862 -0.9322944283485413 -0.8938267827033997 -0.3824021518230438 0.23418398201465607 -3.3607711791992188
-0.2055395394563675 -0.11472898721694946 -0.971900463104248 0.4100476801395416 0.3985356390476227 -0.9168400168418884 0.023946138098835945 -0.932286262512207 -0.8938246965408325 -0.38241514563560486 0.23417067527770996 -3.360769271850586
-0.20560789108276367 -0.11474114656448364 -0.9718846082687378 0.4100680351257324 0.39859554171562195 -0.9168148040771484 0.023914331570267677 -0.9322847723960876 -0.8937822580337524 -0.3824719190597534 0.2342398762702942 -3.360781192779541
-0.20565062761306763 -0.11473171412944794 -0.9718766808509827 0.4100717306137085 0.39858320355415344 -0.916820764541626 0.02389141172170639 -0.9322689771652222 -0.8937779664993286 -0.38246044516563416 0.23427511751651764 -3.360793113708496
-0.20557565987110138 -0.11479024589061737 -0.971885621547699 0.4100320339202881 0.398629754781723 -0.9167985916137695 0.023964690044522285 -0.9322978258132935 -0.8937744498252869 -0.3824959993362427 0.23423050343990326 -3.3607325553894043
-0.2055625021457672 -0.11478893458843231 -0.971888542175293 0.40997833013534546 0.39858296513557434 -0.9168184995651245 0.02398102730512619 -0.9322927594184875 -0.8937983512878418 -0.38244864344596863 0.2342166304588318 -3.3607301712036133
-0.20556260645389557 -0.11477871984243393 -0.9718897342681885 0.40996065735816956 0.39856985211372375 -0.9168243408203125 0.02397477626800537 -0.932285726070404 -0.893804132938385 -0.38243767619132996 0.23421236872673035 -3.3607308864593506
-0.2055254727602005 -0.11469777673482895 -0.9719071388244629 0.4099828004837036 0.3985153138637543 -0.9168493151664734 0.023927701637148857 -0.9322797060012817 -0.893837034702301 -0.3824021518230438 0.234144926071167 -3.3607542514801025
-0.20558956265449524 -0.11474727839231491 -0.9718877077102661 0.4100026488304138 0.3985506296157837 -0.9168336391448975 0.02393927611410618 -0.9322825074195862 -0.893806517124176 -0.38242483139038086 0.23422424495220184 -3.3607804775238037
-0.20559124648571014 -0.1148013100028038 -0.9718809723854065 0.409995436668396 0.3985760509967804 -0.9168214797973633 0.023982912302017212 -0.9323680400848389 -0.8937948346138 -0.3824378252029419 0.23424772918224335 -3.3607232570648193
-0.2055949866771698 -0.11485449224710464 -0.971873939037323 0.40995362401008606 0.3986486494541168 -0.9167891144752502 0.02401253767311573 -0.9323486089706421 -0.8937615752220154 -0.38249942660331726 0.23427404463291168 -3.3607065677642822
-0.2056369185447693 -0.11479514837265015 -0.971872091293335 0.40997204184532166 0.3985865116119385 -0.9168176054954529 0.023955918848514557 -0.9323257207870483 -0.8937796354293823 -0.3824489116668701 0.2342875599861145 -3.360743284225464
-0.2055535614490509 -0.11477397382259369 -0.9718921780586243 0.40994977951049805 0.39855682849884033 -0.9168299436569214 0.02397736720740795 -0.9323859810829163 -0.8938120603561401 -0.3824256658554077 0.2342018336057663 -3.360699415206909
-0.20552033185958862 -0.11477130651473999 -0.9718995690345764 0.40993407368659973 0.39858415722846985 -0.9168179631233215 0.02398110367357731 -0.9323955178260803 -0.8938074707984924 -0.3824551999568939 0.23417097330093384 -3.360692024230957
-0.20552952587604523 -0.11468745023012161 -0.9719074964523315 0.4099515378475189 0.3986698389053345 -0.9167835116386414 0.023875843733549118 -0.9324145317077637 -0.8937671780586243 -0.3825630247592926 0.23414872586727142 -3.3606975078582764
-0.205519437789917 -0.11472941935062408 -0.9719046950340271 0.4099447727203369 0.3986501693725586 -0.916790783405304 0.023924654349684715 -0.9324228167533875 -0.8937782645225525 -0.3825330138206482 0.23415544629096985 -3.3606913089752197
-0.20551306009292603 -0.11475350707769394 -0.9719032049179077 0.4100016951560974 0.3986203074455261 -0.9168028831481934 0.02395777776837349 -0.9323700070381165 -0.8937930464744568 -0.38249674439430237 0.23415826261043549 -3.3605973720550537
-0.20553754270076752 -0.11476253718137741 -0.9718969464302063 0.4100027084350586 0.39861026406288147 -0.916807234287262 0.023959044367074966 -0.9323705434799194 -0.893791913986206 -0.3824836313724518 0.23418405652046204 -3.360579490661621
-0.20560234785079956 -0.11476176232099533 -0.9718832969665527 0.410085529088974 0.3984803557395935 -0.9168635010719299 0.023966200649738312 -0.9323426485061646 -0.8938349485397339 -0.3823489248752594 0.23423981666564941 -3.3606770038604736
-0.20561809837818146 -0.1147138699889183 -0.971885621547699 0.41005608439445496 0.39848440885543823 -0.9168631434440613 0.023913605138659477 -0.9323045015335083 -0.8938294649124146 -0.3823642134666443 0.23423555493354797 -3.360663890838623
-0.20562922954559326 -0.11464672535657883 -0.9718912243843079 0.41003814339637756 0.39849141240119934 -0.916861891746521 0.023843925446271896 -0.9323019981384277 -0.8938238024711609 -0.38238734006881714 0.23421955108642578 -3.360774517059326
-0.20554840564727783 -0.11475574225187302 -0.9718954563140869 0.4099748432636261 0.39842769503593445 -0.9168856143951416 0.023996079340577126 -0.9323235154151917 -0.8938707709312439 -0.3822977542877197 0.23418647050857544 -3.360725164413452
-0.20557740330696106 -0.11473962664604187 -0.9718912243843079 0.4099709391593933 0.3984324038028717 -0.9168843030929565 0.023967942222952843 -0.9323186278343201 -0.8938620090484619 -0.38230571150779724 0.2342069000005722 -3.3607285022735596
-0.20554611086845398 -0.11467989534139633 -0.9719048738479614 0.4099537134170532 0.3984735906124115 -0.9168677926063538 0.0239134319126606 -0.9323867559432983 -0.8938508629798889 -0.3823631703853607 0.23415574431419373 -3.3606908321380615
-0.20553989708423615 -0.11466392874717712 -0.9719080924987793 0.40995100140571594 0.39846178889274597 -0.9168732166290283 0.023903971537947655 -0.932389497756958 -0.8938575387001038 -0.3823550343513489 0.2341434210538864 -3.36069393157959
-0.20561125874519348 -0.11464526504278183 -0.971895158290863 0.41000238060951233 0.3984839618206024 -0.9168649315834045 0.023851756006479263 -0.9323383569717407 -0.8938312530517578 -0.38238048553466797 0.23420226573944092 -3.3607518672943115
-0.20566025376319885 -0.11464028060436249 -0.9718853831291199 0.40999385714530945 0.3985128402709961 -0.9168531894683838 0.023819711059331894 -0.9323509335517883 -0.8938071131706238 -0.38241007924079895 0.23424610495567322 -3.360786199569702
-0.20567011833190918 -0.11472933739423752 -0.9718728065490723 0.41001495718955994 0.3984881341457367 -0.9168617129325867 0.023906223475933075 -0.932319164276123 -0.8938158750534058 -0.3823630213737488 0.23428954184055328 -3.3607916831970215
-0.20552264153957367 -0.11482303589582443 -0.9718929529190063 0.410073846578598 0.3985239565372467 -0.916842520236969 0.024044740945100784 -0.9323944449424744 -0.8938338160514832 -0.3823809027671814 0.23419184982776642 -3.360819101333618
-0.20552897453308105 -0.11484715342521667 -0.9718887805938721 0.41004759073257446 0.3984171152114868 -0.916887640953064 0.024092935025691986 -0.9323953986167908 -0.8938800096511841 -0.3822653591632843 0.2342042624950409 -3.3607869148254395
-0.20552381873130798 -0.11476875841617584 -0.9718990921974182 0.4100520610809326 0.39838293194770813 -0.9169041514396667 0.02403000369668007 -0.9323483109474182 -0.8938964009284973 -0.3822493255138397 0.23416778445243835 -3.360816478729248
-0.20551835000514984 -0.11465510725975037 -0.9719136953353882 0.40998876094818115 0.39832887053489685 -0.9169300198554993 0.02393915504217148 -0.9322988390922546 -0.8939217329025269 -0.38222137093544006 0.2341165989637375 -3.360834836959839
-0.20544938743114471 -0.11468413472175598 -0.9719248414039612 0.4100363254547119 0.3983590602874756 -0.9169156551361084 0.02398645505309105 -0.9323692917823792 -0.8939241766929626 -0.38224709033966064 0.234065443277359 -3.360828399658203
-0.2054402083158493 -0.11469512432813644 -0.9719254970550537 0.4100317656993866 0.398307740688324 -0.9169372320175171 0.02401396445930004 -0.932373046875 -0.8939491510391235 -0.3821920156478882 0.23405995965003967 -3.3608338832855225
-0.20544449985027313 -0.11474394798278809 -0.9719188213348389 0.41002917289733887 0.3983859717845917 -0.9169026613235474 0.024037806317210197 -0.9324177503585815 -0.8939132690429688 -0.38226041197776794 0.23408520221710205 -3.3607985973358154
-0.20542116463184357 -0.11473643779754639 -0.9719246029853821 0.410022109746933 0.39837947487831116 -0.9169053435325623 0.024041829630732536 -0.9324295520782471 -0.8939215540885925 -0.3822561502456665 0.2340606302022934 -3.3607969284057617
-0.20540086925029755 -0.11472583562135696 -0.9719301462173462 0.4100533425807953 0.39836394786834717 -0.9169120192527771 0.024044090881943703 -0.9323963522911072 -0.893933117389679 -0.382243275642395 0.234037384390831 -3.3608288764953613
-0.20539022982120514 -0.11477755755186081 -0.9719263315200806 0.41005438566207886 0.39842504262924194 -0.9168845415115356 0.024081170558929443 -0.9324039220809937 -0.8939083218574524 -0.38229379057884216 0.23404958844184875 -3.360826015472412
-0.2053861767053604 -0.11473218351602554 -0.9719325304031372 0.4100568890571594 0.39838871359825134 -0.916901171207428 0.02404952235519886 -0.9324133992195129 -0.8939254879951477 -0.3822675347328186 0.23402704298496246 -3.36081862449646
-0.20537671446800232 -0.11473390460014343 -0.9719343185424805 0.40999656915664673 0.3983369767665863 -0.9169231057167053 0.024068504571914673 -0.932313859462738 -0.8939507007598877 -0.3822143077850342 0.23401764035224915 -3.360727071762085
-0.20540565252304077 -0.11475386470556259 -0.9719258546829224 0.40999436378479004 0.3983457386493683 -0.9169191718101501 0.024073366075754166 -0.9323039054870605 -0.8939401507377625 -0.38221776485443115 0.23405231535434723 -3.360718011856079
-0.20538310706615448 -0.11475484073162079 -0.9719305038452148 0.4100099802017212 0.39837878942489624 -0.9169048070907593 0.024074725806713104 -0.932353138923645 -0.8939306139945984 -0.3822519779205322 0.23403286933898926 -3.360694169998169
-0.2053717076778412 -0.11475984752178192 -0.9719322919845581 0.41000983119010925 0.3983628451824188 -0.9169113636016846 0.02408822625875473 -0.9323490262031555 -0.8939403295516968 -0.38223472237586975 0.23402392864227295 -3.3606812953948975
-0.2054380476474762 -0.11479417234659195 -0.9719142317771912 0.4099980592727661 0.39845845103263855 -0.9168703556060791 0.024068808183073997 -0.9323458075523376 -0.8938824534416199 -0.3823228180408478 0.23410096764564514 -3.3606743812561035
-0.20545507967472076 -0.11482128500938416 -0.9719074368476868 0.41000303626060486 0.39846426248550415 -0.9168673753738403 0.024085989221930504 -0.9323314428329468 -0.8938759565353394 -0.382321834564209 0.2341274470090866 -3.3606631755828857
-0.20550189912319183 -0.11476711928844452 -0.971903920173645 0.410030722618103 0.39845025539398193 -0.9168751835823059 0.024019675329327583 -0.9323279857635498 -0.8938714265823364 -0.38231930136680603 0.2341487854719162 -3.3607378005981445
-0.20550113916397095 -0.11473690718412399 -0.9719076752662659 0.4100381135940552 0.39837825298309326 -0.9169067144393921 0.02401033602654934 -0.9323258399963379 -0.8939036726951599 -0.3822527527809143 0.2341342717409134 -3.360747814178467
-0.20556436479091644 -0.11469171196222305 -0.9718996286392212 0.4100553095340729 0.3983383774757385 -0.9169255495071411 0.023952633142471313 -0.932302713394165 -0.8939069509506226 -0.38222116231918335 0.23417355120182037 -3.3607735633850098
-0.20543090999126434 -0.11476148664951324 -0.971919596195221 0.41011375188827515 0.39829012751579285 -0.9169430136680603 0.02408493123948574 -0.9323996305465698 -0.893959105014801 -0.38215821981430054 0.23407702147960663 -3.360849618911743
-0.2054297775030136 -0.11475304514169693 -0.9719208478927612 0.41012462973594666 0.39828386902809143 -0.9169459342956543 0.024079063907265663 -0.9324111342430115 -0.8939621448516846 -0.38215386867523193 0.2340724915266037 -3.3608574867248535
-0.20542314648628235 -0.11475587636232376 -0.9719219207763672 0.4100581407546997 0.3982815742492676 -0.9169467687606812 0.02408500760793686 -0.9324142932891846 -0.8939647078514099 -0.3821510076522827 0.23406745493412018 -3.360877513885498
-0.20540978014469147 -0.11475440859794617 -0.971924901008606 0.4100593328475952 0.39829346537590027 -0.9169415831565857 0.02408590167760849 -0.9324222207069397 -0.8939625024795532 -0.3821638822555542 0.23405490815639496 -3.3608853816986084
-0.2054838240146637 -0.11474236845970154 -0.9719106554985046 0.41004571318626404 0.3983796238899231 -0.9169058203697205 0.024022113531827927 -0.9323859810829163 -0.8939070701599121 -0.3822532892227173 0.23412054777145386 -3.360757827758789
-0.20550180971622467 -0.11472992599010468 -0.9719083309173584 0.41002988815307617 0.39841845631599426 -0.9168897271156311 0.02399294823408127 -0.9323744177818298 -0.893885612487793 -0.3822956681251526 0.23413322865962982 -3.360736131668091
-0.20544029772281647 -0.11475906521081924 -0.9719179272651672 0.4100303649902344 0.3983893394470215 -0.9169007539749146 0.024052873253822327 -0.9323923587799072 -0.8939127326011658 -0.38226035237312317 0.23408737778663635 -3.360811233520508
-0.20540815591812134 -0.1147351786494255 -0.9719275236129761 0.40995466709136963 0.398414671421051 -0.9168902039527893 0.024036677554249763 -0.9323446154594421 -0.8939088582992554 -0.38229289650917053 0.23404911160469055 -3.3607254028320312
-0.20541034638881683 -0.11474522203207016 -0.9719258546829224 0.4099713861942291 0.39842337369918823 -0.9168862700462341 0.024042997509241104 -0.9324094653129578 -0.893904447555542 -0.3822993338108063 0.2340553104877472 -3.36069393157959
-0.20533570647239685 -0.11476461589336395 -0.9719393253326416 0.4099734425544739 0.3984769582748413 -0.9168620705604553 0.02407737821340561 -0.9323891401290894 -0.8938977122306824 -0.38235151767730713 0.23399579524993896 -3.3607001304626465
-0.20541317760944366 -0.11476435512304306 -0.9719229936599731 0.4099939167499542 0.3986052870750427 -0.916808009147644 0.024012262001633644 -0.9323402643203735 -0.8938227295875549 -0.38248124718666077 0.23407034575939178 -3.3607864379882812
-0.20536848902702332 -0.11475130170583725 -0.9719340205192566 0.4099879264831543 0.39857247471809387 -0.9168218970298767 0.024026572704315186 -0.9323315620422363 -0.8938475847244263 -0.3824518918991089 0.23402325809001923 -3.3607892990112305
-0.2053268700838089 -0.11478549242019653 -0.9719387292861938 0.4099968373775482 0.39855995774269104 -0.9168259501457214 0.024078911170363426 -0.9323438405990601 -0.893862783908844 -0.38243183493614197 0.2339981198310852 -3.360724925994873
-0.20533883571624756 -0.11482293158769608 -0.9719318151473999 0.4100106656551361 0.3985937237739563 -0.9168106913566589 0.02410055138170719 -0.9323444366455078 -0.8938449621200562 -0.3824571669101715 0.2340247631072998 -3.3607254028320312
