# 3x4 first row second row third row Freq: 100 current Time: 2021-07-27-17:02:47
-0.6505669951438904 -0.53296959400177 -0.5410228967666626 -0.07081233710050583 0.7443754076957703 -0.5887246131896973 -0.3151322901248932 -0.4942459762096405 -0.15055760741233826 -0.6077388525009155 0.7797344923019409 -2.5533769130706787
-0.6505704522132874 -0.5329809188842773 -0.5410075783729553 -0.0708172470331192 0.7443563342094421 -0.5888000726699829 -0.3150363564491272 -0.4944472014904022 -0.1506369709968567 -0.6076558232307434 0.7797838449478149 -2.5533318519592285
-0.6505581736564636 -0.533037006855011 -0.5409671068191528 -0.07078657299280167 0.7443864941596985 -0.5887396931648254 -0.3150777816772461 -0.4941597282886505 -0.15054073929786682 -0.6076651215553284 0.779795229434967 -2.553420066833496
-0.650583803653717 -0.5329688191413879 -0.541003406047821 -0.07080479711294174 0.744318962097168 -0.5889121890068054 -0.3149150013923645 -0.4943980872631073 -0.15076366066932678 -0.6075577735900879 0.7798357605934143 -2.5533604621887207
-0.650537371635437 -0.5330818295478821 -0.5409479141235352 -0.07077004015445709 0.7443823218345642 -0.5888314843177795 -0.31491607427597046 -0.49409809708595276 -0.15065117180347443 -0.607536792755127 0.7798738479614258 -2.553459882736206
-0.6505042314529419 -0.5328060984611511 -0.5412592887878418 -0.07074656337499619 0.7443305850028992 -0.5889571309089661 -0.31480345129966736 -0.49432387948036194 -0.15104937553405762 -0.6076568961143494 0.7797032594680786 -2.5534403324127197
-0.6504611968994141 -0.5329239964485168 -0.5411949753761292 -0.07070783525705338 0.744388222694397 -0.5888944864273071 -0.31478434801101685 -0.49402663111686707 -0.15095067024230957 -0.6076142191886902 0.7797555923461914 -2.553539276123047
-0.6504326462745667 -0.5330222249031067 -0.5411325097084045 -0.0707663744688034 0.7443776726722717 -0.58906090259552 -0.31449785828590393 -0.49433591961860657 -0.1511257141828537 -0.6073667407035828 0.7799144983291626 -2.5535295009613037
-0.6503503322601318 -0.5329074263572693 -0.5413445234298706 -0.07059577852487564 0.7443992495536804 -0.5890997052192688 -0.31437405943870544 -0.4941602647304535 -0.15137366950511932 -0.6074298024177551 0.7798172831535339 -2.553757667541504
-0.6505699753761292 -0.5327811241149902 -0.5412049293518066 -0.07075400650501251 0.7442188262939453 -0.5892383456230164 -0.31454136967658997 -0.49426141381263733 -0.1513170599937439 -0.6074061393737793 0.779846727848053 -2.5535407066345215
-0.6506840586662292 -0.53279709815979 -0.5410519242286682 -0.07078216224908829 0.7441142201423645 -0.589401125907898 -0.3144838213920593 -0.49439743161201477 -0.1513405740261078 -0.6072341203689575 0.7799760699272156 -2.5534863471984863
-0.6506778001785278 -0.5328704118728638 -0.5409872531890869 -0.0707540363073349 0.7441467046737671 -0.5893279314041138 -0.314544141292572 -0.4941042959690094 -0.15120768547058105 -0.6072409152984619 0.7799966335296631 -2.553597927093506
-0.650783121585846 -0.5325984358787537 -0.5411284565925598 -0.07073578238487244 0.7440076470375061 -0.5894821882247925 -0.31458398699760437 -0.4944339692592621 -0.15143868327140808 -0.6073297262191772 0.7798826098442078 -2.5534675121307373
-0.6507357358932495 -0.5327166318893433 -0.5410690903663635 -0.07069845497608185 0.7440741062164307 -0.5893948078155518 -0.3145905137062073 -0.4941594898700714 -0.15131577849388123 -0.6073108911514282 0.7799211740493774 -2.5535693168640137
-0.6506186127662659 -0.5325918197631836 -0.5413327217102051 -0.07055455446243286 0.7441079020500183 -0.5894595980644226 -0.31438910961151123 -0.49398073554039 -0.1516527682542801 -0.6073574423789978 0.7798194289207458 -2.553760528564453
-0.6507678031921387 -0.5326628684997559 -0.5410833954811096 -0.07069681584835052 0.7440160512924194 -0.5895216464996338 -0.3144901692867279 -0.4942133128643036 -0.15146316587924957 -0.6072348952293396 0.7799516916275024 -2.5536463260650635
-0.6508644819259644 -0.5324453711509705 -0.541181206703186 -0.07069464772939682 0.74383944272995 -0.5898774266242981 -0.3142406940460205 -0.49412021040916443 -0.15191465616226196 -0.6070801019668579 0.7799843549728394 -2.554041862487793
-0.650800883769989 -0.5325685739517212 -0.5411364436149597 -0.07065749168395996 0.7439165115356445 -0.589788556098938 -0.3142251968383789 -0.4937628209590912 -0.1518096774816513 -0.6070584654808044 0.7800216674804688 -2.554208517074585
-0.6508000493049622 -0.5326326489448547 -0.5410743355751038 -0.07075883448123932 0.7439656257629395 -0.5896311402320862 -0.3144042491912842 -0.4942639172077179 -0.1515723615884781 -0.6071550846099854 0.7799926400184631 -2.5535390377044678
-0.6507736444473267 -0.5327001810073853 -0.5410396456718445 -0.07073051482439041 0.7440054416656494 -0.5895723104476929 -0.3144203722476959 -0.49396219849586487 -0.1514902412891388 -0.6071529984474182 0.7800101637840271 -2.5536420345306396
-0.6507275104522705 -0.5326662063598633 -0.5411286354064941 -0.07070571929216385 0.743986964225769 -0.5897337794303894 -0.3141610622406006 -0.494280070066452 -0.1517789214849472 -0.6070259809494019 0.780052900314331 -2.5537033081054688
-0.6507039070129395 -0.532736599445343 -0.5410876870155334 -0.07067088782787323 0.7440257668495178 -0.5896743535995483 -0.31418079137802124 -0.493967741727829 -0.15168997645378113 -0.6070219278335571 0.7800734043121338 -2.55383038520813
-0.6506717801094055 -0.5327931642532349 -0.5410705804824829 -0.07073760777711868 0.7440598607063293 -0.5896453261375427 -0.31415456533432007 -0.4941800534725189 -0.15166038274765015 -0.607000470161438 0.7800958156585693 -2.553657054901123
-0.6506552696228027 -0.5328781604766846 -0.5410068035125732 -0.07071160525083542 0.7440991401672363 -0.5895758867263794 -0.3141918480396271 -0.4938744008541107 -0.1515386551618576 -0.6069933176040649 0.7801250219345093 -2.5537707805633545
-0.6506090760231018 -0.5326224565505981 -0.5413140058517456 -0.07070129364728928 0.7440972924232483 -0.5895422101020813 -0.3142593801021576 -0.49421051144599915 -0.15174591541290283 -0.6072503924369812 0.7798846960067749 -2.5535268783569336
-0.6505973935127258 -0.5326998233795166 -0.5412518978118896 -0.07066892832517624 0.7441374063491821 -0.5894536972045898 -0.31433045864105225 -0.4939012825489044 -0.1515992283821106 -0.6072684526443481 0.7798991799354553 -2.5536234378814697
-0.6506297588348389 -0.5325217843055725 -0.5413882732391357 -0.07072099298238754 0.7440422773361206 -0.5896556973457336 -0.31417661905288696 -0.49428829550743103 -0.15192686021327972 -0.6072285175323486 0.7798665165901184 -2.553598642349243
-0.6507214307785034 -0.532619833946228 -0.5411815643310547 -0.07089335471391678 0.7439784407615662 -0.5897549986839294 -0.3141414523124695 -0.49431225657463074 -0.15184663236141205 -0.6070460677146912 0.7800241112709045 -2.55367112159729
-0.6506442427635193 -0.5327486991882324 -0.5411474704742432 -0.07072587311267853 0.7440640926361084 -0.589666485786438 -0.31410476565361023 -0.4941997826099396 -0.15175768733024597 -0.6070189476013184 0.7800625562667847 -2.5536961555480957
-0.6506280899047852 -0.532789409160614 -0.5411268472671509 -0.07070229947566986 0.7440967559814453 -0.5895970463752747 -0.31415778398513794 -0.493939608335495 -0.15166690945625305 -0.6070506572723389 0.7800555229187012 -2.5537993907928467
-0.6507090330123901 -0.5329134464263916 -0.5409073233604431 -0.07075858861207962 0.7440328598022461 -0.5897366404533386 -0.31404703855514526 -0.4942457973957062 -0.15163305401802063 -0.6068061590194702 0.7802523374557495 -2.5538580417633057
-0.6507403254508972 -0.5326512455940247 -0.5411279201507568 -0.07076549530029297 0.7439345717430115 -0.5899046659469604 -0.31396421790122986 -0.49460217356681824 -0.15198048949241638 -0.6068730354309082 0.7801327109336853 -2.553844451904297
-0.6506972312927246 -0.5327309370040894 -0.5411012768745422 -0.07074429094791412 0.7439892292022705 -0.5898324251174927 -0.3139704465866089 -0.49436256289482117 -0.1518973857164383 -0.6068733334541321 0.7801486253738403 -2.553959846496582
-0.6507344245910645 -0.5327187776565552 -0.5410684943199158 -0.07074707746505737 0.7439675331115723 -0.5898258686065674 -0.3140341639518738 -0.4945903718471527 -0.15184436738491058 -0.6068903207778931 0.7801457643508911 -2.5537467002868652
-0.6506947875022888 -0.5328177213668823 -0.5410187244415283 -0.07071644812822342 0.744027853012085 -0.5897343754768372 -0.3140632212162018 -0.4943031966686249 -0.15171894431114197 -0.6068924069404602 0.7801685333251953 -2.553863525390625
-0.6506915092468262 -0.532840371131897 -0.5410003662109375 -0.07067294418811798 0.7440183758735657 -0.589792788028717 -0.31397590041160583 -0.4945162832736969 -0.15177913010120392 -0.606815755367279 0.7802164554595947 -2.5536863803863525
-0.650650143623352 -0.5329532027244568 -0.5409389734268188 -0.0706290528178215 0.744079053401947 -0.5897115468978882 -0.31398463249206543 -0.49424418807029724 -0.15165887773036957 -0.606795608997345 0.7802554965019226 -2.553786277770996
-0.6506716012954712 -0.5329097509384155 -0.5409559607505798 -0.07071114331483841 0.7440401315689087 -0.5897923111915588 -0.313925176858902 -0.4944920837879181 -0.15175795555114746 -0.606755256652832 0.780267596244812 -2.5535671710968018
-0.6506543755531311 -0.5329875946044922 -0.5409000515937805 -0.07067912071943283 0.7440773844718933 -0.5897286534309387 -0.3139565885066986 -0.4942260682582855 -0.1516493707895279 -0.6067488193511963 0.7802937626838684 -2.55364990234375
-0.6505814790725708 -0.5330519080162048 -0.5409243702888489 -0.07067909836769104 0.7441555261611938 -0.589622437953949 -0.31397080421447754 -0.4944436848163605 -0.15157844126224518 -0.6067955493927002 0.7802711725234985 -2.553403615951538
-0.6505317687988281 -0.5330550074577332 -0.5409810543060303 -0.07077610492706299 0.744193434715271 -0.5895879864692688 -0.3139456808567047 -0.4947066605091095 -0.15160565078258514 -0.6068262457847595 0.7802420258522034 -2.553208351135254
-0.6505030393600464 -0.5331400632858276 -0.540931761264801 -0.07074779272079468 0.7442417740821838 -0.5895105004310608 -0.31397655606269836 -0.49445244669914246 -0.15149153769016266 -0.6068267822265625 0.7802637219429016 -2.5532636642456055
-0.6506181359291077 -0.5330434441566467 -0.5408886075019836 -0.07084213942289352 0.7441216111183167 -0.5896682143211365 -0.31396523118019104 -0.4946307837963104 -0.15158776938915253 -0.6067584156990051 0.7802982330322266 -2.5531773567199707
-0.650595486164093 -0.5331085324287415 -0.5408517122268677 -0.07082537561655045 0.7441624402999878 -0.5895950794219971 -0.3140057325363159 -0.4943767488002777 -0.151484414935112 -0.6067723035812378 0.7803075313568115 -2.553234815597534
-0.6506232023239136 -0.5331554412841797 -0.5407721400260925 -0.07079706341028214 0.7441076040267944 -0.5897773504257202 -0.3137933313846588 -0.4945835769176483 -0.1516346037387848 -0.6065539717674255 0.7804480791091919 -2.5533440113067627
-0.6505812406539917 -0.5332304239273071 -0.540748655796051 -0.07076910138130188 0.7441632747650146 -0.5896956920623779 -0.3138148784637451 -0.4942958652973175 -0.1515415608882904 -0.6065673828125 0.7804557085037231 -2.5534300804138184
-0.6506385803222656 -0.5333068370819092 -0.540604293346405 -0.07082771509885788 0.7441394329071045 -0.5897021293640137 -0.31385931372642517 -0.4945202171802521 -0.1514122188091278 -0.6064940094947815 0.7805378437042236 -2.55330491065979
-0.6506093144416809 -0.5333916544914246 -0.5405558347702026 -0.07080569863319397 0.7441918849945068 -0.5896093249320984 -0.31390923261642456 -0.4942391812801361 -0.1512802690267563 -0.6065096259117126 0.7805513143539429 -2.553380250930786
-0.6507786512374878 -0.5329559445381165 -0.5407816767692566 -0.07082764804363251 0.7439423203468323 -0.5899617075920105 -0.3138386607170105 -0.49449774622917175 -0.15177838504314423 -0.6065499782562256 0.7804232239723206 -2.55340838432312
-0.6507267951965332 -0.5330474376678467 -0.5407539010047913 -0.07080697268247604 0.7440041899681091 -0.5898879170417786 -0.31383076310157776 -0.49420133233070374 -0.15169759094715118 -0.6065413355827332 0.7804456353187561 -2.553497791290283
-0.6506068706512451 -0.5330172181129456 -0.5409279465675354 -0.07074527442455292 0.744032621383667 -0.590034544467926 -0.31348755955696106 -0.49435481429100037 -0.1520719826221466 -0.6064252853393555 0.7804629802703857 -2.5535764694213867
-0.6506230235099792 -0.5329944491386414 -0.540930986404419 -0.07085733860731125 0.7440091371536255 -0.5900777578353882 -0.3134620189666748 -0.49456527829170227 -0.15211789309978485 -0.6064032912254333 0.78047114610672 -2.5535080432891846
-0.6505893468856812 -0.533082127571106 -0.5408850908279419 -0.07084229588508606 0.7440629601478577 -0.589991569519043 -0.3134963810443878 -0.49430540204048157 -0.1519983857870102 -0.6064100861549377 0.7804891467094421 -2.553600788116455
-0.6506993770599365 -0.5329447984695435 -0.5408880710601807 -0.0708041563630104 0.7439587116241455 -0.5900734663009644 -0.3135896921157837 -0.4945225417613983 -0.15203772485256195 -0.6064510941505432 0.780449628829956 -2.553591728210449
-0.6506937146186829 -0.5329919457435608 -0.5408483743667603 -0.07078099995851517 0.7439804077148438 -0.5900273323059082 -0.3136250674724579 -0.4942602813243866 -0.1519557386636734 -0.6064545512199402 0.7804628610610962 -2.55369234085083
-0.6506654620170593 -0.5328415036201477 -0.5410306453704834 -0.0708383098244667 0.7439171671867371 -0.5902575850486755 -0.3133417069911957 -0.4945341646671295 -0.15238603949546814 -0.6063627004623413 0.7804503440856934 -2.5536186695098877
-0.6506317257881165 -0.5329113006591797 -0.5410023927688599 -0.0708184763789177 0.7439667582511902 -0.5901781916618347 -0.3133734464645386 -0.4942581355571747 -0.15228760242462158 -0.6063786149024963 0.7804571986198425 -2.5537214279174805
-0.6506299376487732 -0.5329592823982239 -0.5409573316574097 -0.07082577794790268 0.743959367275238 -0.5902397036552429 -0.31327515840530396 -0.494464248418808 -0.1523316502571106 -0.6062765121459961 0.7805278897285461 -2.553565740585327
-0.6505845189094543 -0.5330657362937927 -0.540907084941864 -0.07079955190420151 0.7440202236175537 -0.5901637077331543 -0.31327375769615173 -0.4942074716091156 -0.15222828090190887 -0.606256902217865 0.7805632948875427 -2.553659439086914
-0.6505138278007507 -0.5331548452377319 -0.5409042835235596 -0.0707450732588768 0.7440913915634155 -0.590094804763794 -0.3132344186306 -0.49445417523384094 -0.1521824449300766 -0.6062456369400024 0.780580997467041 -2.553490161895752
-0.6504918932914734 -0.5332517623901367 -0.5408350825309753 -0.07069962471723557 0.7441337704658508 -0.5900328159332275 -0.31325069069862366 -0.4941435158252716 -0.15206901729106903 -0.6062207221984863 0.7806224226951599 -2.553586959838867
-0.6504665613174438 -0.5331037640571594 -0.5410114526748657 -0.07071609050035477 0.7440873384475708 -0.5901903510093689 -0.3130640685558319 -0.4944096505641937 -0.15240415930747986 -0.6061975359916687 0.7805750966072083 -2.5535941123962402
-0.6505215764045715 -0.5329492688179016 -0.5410975217819214 -0.07074294984340668 0.7439777255058289 -0.590410053730011 -0.3129102885723114 -0.4944973289966583 -0.1527041345834732 -0.6061194539070129 0.7805771231651306 -2.5536859035491943
-0.6504758596420288 -0.5330398082733154 -0.5410633087158203 -0.0707131177186966 0.744035005569458 -0.5903400182723999 -0.31290626525878906 -0.4942385256290436 -0.1526198834180832 -0.6061080694198608 0.7806023955345154 -2.553786516189575
-0.6506401896476746 -0.5327501893043518 -0.5411508679389954 -0.07084985077381134 0.7438490986824036 -0.5905331373214722 -0.312983900308609 -0.49442651867866516 -0.15282535552978516 -0.6061745882034302 0.7805106043815613 -2.553701162338257
-0.6504514813423157 -0.5329635143280029 -0.5411677360534668 -0.07066861540079117 0.7440359592437744 -0.5903481841087341 -0.31288859248161316 -0.4942253530025482 -0.15271925926208496 -0.606167197227478 0.7805370688438416 -2.5537657737731934
-0.65062016248703 -0.5329201817512512 -0.5410075783729553 -0.07076211273670197 0.7439245581626892 -0.5903778672218323 -0.31309741735458374 -0.4943326413631439 -0.15254299342632294 -0.6061763763427734 0.7805644273757935 -2.5538132190704346
-0.6505633592605591 -0.5330090522766113 -0.5409883856773376 -0.07074227184057236 0.743986189365387 -0.5903149247169495 -0.31306952238082886 -0.49407491087913513 -0.152484729886055 -0.606159508228302 0.7805888652801514 -2.553914785385132
-0.6505504250526428 -0.5330987572669983 -0.5409154891967773 -0.07078909873962402 0.7440165281295776 -0.5902760028839111 -0.3130708932876587 -0.494297593832016 -0.15239180624485016 -0.6061185598373413 0.7806388139724731 -2.5537517070770264
-0.650411069393158 -0.5331935882568359 -0.5409896373748779 -0.07066681236028671 0.7441375255584717 -0.5901703238487244 -0.3129824697971344 -0.4940519630908966 -0.15239587426185608 -0.6061380505561829 0.7806228995323181 -2.5539398193359375
-0.6505334377288818 -0.5331632494926453 -0.5408723950386047 -0.07076016068458557 0.7440528273582458 -0.5902080535888672 -0.31311270594596863 -0.49419596791267395 -0.152287095785141 -0.6061279773712158 0.7806519269943237 -2.553717613220215
-0.650451123714447 -0.5332532525062561 -0.5408827066421509 -0.070719413459301 0.7441262006759644 -0.5901578664779663 -0.31303295493125916 -0.49432119727134705 -0.15228040516376495 -0.6060976982116699 0.7806767821311951 -2.553680181503296
-0.6502792239189148 -0.5333561301231384 -0.5409879088401794 -0.0705898329615593 0.7442632913589478 -0.5900675058364868 -0.3128773272037506 -0.4940837323665619 -0.15234442055225372 -0.6060951352119446 0.7806662321090698 -2.5538506507873535
-0.6505048274993896 -0.5331915020942688 -0.54087895154953 -0.07073989510536194 0.7441086769104004 -0.5900680422782898 -0.31324389576911926 -0.49420228600502014 -0.1521364450454712 -0.6062394380569458 0.7805947661399841 -2.553638458251953
-0.6503405570983887 -0.5333197116851807 -0.5409501194953918 -0.07060442119836807 0.7442493438720703 -0.5899606347084045 -0.31311193108558655 -0.49399563670158386 -0.15215055644512177 -0.6062312126159668 0.7805984020233154 -2.553811550140381
-0.6505105495452881 -0.5332347750663757 -0.5408294200897217 -0.0707567036151886 0.7440996766090393 -0.5901157259941101 -0.31317541003227234 -0.49421241879463196 -0.15215595066547394 -0.6061549782752991 0.7806565761566162 -2.5535967350006104
-0.6503628492355347 -0.5333312749862671 -0.540911853313446 -0.0706174373626709 0.7442171573638916 -0.5900440812110901 -0.3130311667919159 -0.49402329325675964 -0.15221256017684937 -0.6061397790908813 0.7806572914123535 -2.55376935005188
-0.6503605246543884 -0.5333250164985657 -0.5409208536148071 -0.07074049860239029 0.7442589402198792 -0.5898794531822205 -0.313242107629776 -0.49423298239707947 -0.15201830863952637 -0.6063055396080017 0.7805664539337158 -2.5535011291503906
-0.6502289772033691 -0.533429741859436 -0.5409756898880005 -0.07061253488063812 0.744367778301239 -0.589809775352478 -0.3131147027015686 -0.493974894285202 -0.15204808115959167 -0.6062811613082886 0.7805795669555664 -2.5536422729492188
-0.6503967642784119 -0.5334789752960205 -0.5407254099845886 -0.07075823843479156 0.7442158460617065 -0.5900567173957825 -0.31301045417785645 -0.4941959083080292 -0.15207421779632568 -0.6059975028038025 0.7807947397232056 -2.553685188293457
-0.6502586007118225 -0.5332926511764526 -0.5410752296447754 -0.07059900462627411 0.7442484498023987 -0.5901373028755188 -0.3127810060977936 -0.49404504895210266 -0.15250493586063385 -0.6060829758644104 0.7806443572044373 -2.5539212226867676
-0.6504132151603699 -0.5332109332084656 -0.540969967842102 -0.07076636701822281 0.7441427707672119 -0.5901545882225037 -0.31299975514411926 -0.4942651093006134 -0.15236105024814606 -0.6061381101608276 0.7806296348571777 -2.553645610809326
-0.6503635048866272 -0.5331050157546997 -0.5411341190338135 -0.07061738520860672 0.7441402077674866 -0.5902178883552551 -0.31288647651672363 -0.4940966069698334 -0.1525857299566269 -0.6061696410179138 0.7805612683296204 -2.553852081298828
-0.65047687292099 -0.5330261588096619 -0.5410755276679993 -0.0707797184586525 0.7440550923347473 -0.5902498364448547 -0.3130285441875458 -0.49428239464759827 -0.1525173783302307 -0.6062079071998596 0.7805449366569519 -2.553743600845337
-0.6505981683731079 -0.5328395366668701 -0.5411134958267212 -0.07079032808542252 0.7438810467720032 -0.590554416179657 -0.31286776065826416 -0.4944477379322052 -0.15284870564937592 -0.6060753464698792 0.7805830836296082 -2.5538723468780518
-0.6505717635154724 -0.532934844493866 -0.5410513877868652 -0.07076945155858994 0.7439255714416504 -0.5904934406280518 -0.31287693977355957 -0.4941938817501068 -0.15274430811405182 -0.606050968170166 0.7806224226951599 -2.5539698600769043
-0.6503933668136597 -0.5333009362220764 -0.5409050583839417 -0.07077036052942276 0.7442018985748291 -0.5900170207023621 -0.31311848759651184 -0.4941924512386322 -0.15215687453746796 -0.6061928272247314 0.7806269526481628 -2.553847074508667
-0.6503207087516785 -0.533065676689148 -0.5412243008613586 -0.07075995951890945 0.7441877722740173 -0.5901044011116028 -0.3129872679710388 -0.49440935254096985 -0.15253612399101257 -0.6063146591186523 0.7804583311080933 -2.553791046142578
-0.6501771211624146 -0.5329944491386414 -0.5414668917655945 -0.07060231268405914 0.7442528605461121 -0.5901342630386353 -0.3127761483192444 -0.49409112334251404 -0.15283027291297913 -0.6063482761383057 0.7803747057914734 -2.554013252258301
-0.6502938270568848 -0.5329205989837646 -0.541399359703064 -0.07060113549232483 0.7441275119781494 -0.59032142162323 -0.31272128224372864 -0.49414941668510437 -0.15294408798217773 -0.6062309741973877 0.7804434895515442 -2.5541436672210693
-0.6504576802253723 -0.5329160094261169 -0.5412070751190186 -0.07068326324224472 0.7439976930618286 -0.590458333492279 -0.3127717971801758 -0.4942576587200165 -0.15287914872169495 -0.6061016917228699 0.7805566191673279 -2.5540759563446045
-0.6503015160560608 -0.5328338146209717 -0.5414756536483765 -0.07054568082094193 0.7440680265426636 -0.590489387512207 -0.31254568696022034 -0.4940468370914459 -0.15320077538490295 -0.6061437129974365 0.7804609537124634 -2.554286241531372
-0.650444507598877 -0.5328019261360168 -0.5413351655006409 -0.07068765163421631 0.7439945936203003 -0.5904346108436584 -0.3128237724304199 -0.494233638048172 -0.1529499590396881 -0.6062250137329102 0.7804470062255859 -2.554002523422241
-0.6504063606262207 -0.5327344536781311 -0.5414474606513977 -0.07074073702096939 0.7440038323402405 -0.590446412563324 -0.3127795457839966 -0.4944826066493988 -0.15306732058525085 -0.60627281665802 0.7803868055343628 -2.553891181945801
-0.6503828167915344 -0.5328126549720764 -0.5413987636566162 -0.07070090621709824 0.7440462112426758 -0.5903775691986084 -0.31280866265296936 -0.4941975176334381 -0.1529613584280014 -0.6062711477279663 0.7804089188575745 -2.553987503051758
-0.6503480076789856 -0.5326573252677917 -0.5415933728218079 -0.07071489840745926 0.7440434098243713 -0.5903785228729248 -0.3128136098384857 -0.49442240595817566 -0.153122678399086 -0.6064067482948303 0.7802718877792358 -2.55387544631958
-0.6503235101699829 -0.5327427983283997 -0.5415387153625488 -0.07067625969648361 0.7440908551216125 -0.5902960896492004 -0.3128562867641449 -0.4941338002681732 -0.15299630165100098 -0.606411874294281 0.7802926898002625 -2.553964614868164
-0.6503265500068665 -0.5326521992683411 -0.5416241884231567 -0.07074487209320068 0.7440778017044067 -0.5902886390686035 -0.31290149688720703 -0.4943406879901886 -0.15304696559906006 -0.6064987182617188 0.7802152633666992 -2.5538363456726074
-0.6503185033798218 -0.532719075679779 -0.5415680408477783 -0.07071711868047714 0.7441069483757019 -0.5902299284934998 -0.3129427433013916 -0.49406132102012634 -0.15293915569782257 -0.6064971089363098 0.7802376747131348 -2.553912401199341
-0.650418221950531 -0.5328492522239685 -0.541320264339447 -0.07074308395385742 0.7440152168273926 -0.5904406309127808 -0.312763512134552 -0.4942791759967804 -0.15296171605587006 -0.6061776280403137 0.7804814577102661 -2.553954839706421
-0.6505918502807617 -0.532529890537262 -0.5414258241653442 -0.07090053707361221 0.7438035011291504 -0.5906971096992493 -0.31278273463249207 -0.49440261721611023 -0.15325257182121277 -0.6062083840370178 0.7804005146026611 -2.553947925567627
-0.6504818201065063 -0.5327077507972717 -0.5413830280303955 -0.07079780101776123 0.7439340353012085 -0.5905347466468811 -0.31277886033058167 -0.4942282736301422 -0.1530858278274536 -0.6062102913856506 0.7804318070411682 -2.5539748668670654
-0.6502900719642639 -0.532880425453186 -0.5414434671401978 -0.0706930086016655 0.744091808795929 -0.5904483199119568 -0.3125666379928589 -0.49400070309638977 -0.1531338095664978 -0.6061426997184753 0.780474841594696 -2.5541372299194336
-0.6505258679389954 -0.5327800512313843 -0.5412589907646179 -0.07076949626207352 0.7439290881156921 -0.5904952883720398 -0.31286510825157166 -0.49411532282829285 -0.1529226452112198 -0.6061851978302002 0.7804832458496094 -2.5540332794189453
-0.6504179239273071 -0.5328989624977112 -0.5412716269493103 -0.07086959481239319 0.7440397143363953 -0.5903728008270264 -0.3128332495689392 -0.49411770701408386 -0.15284356474876404 -0.6061999797821045 0.7804872393608093 -2.553987741470337
-0.6502977013587952 -0.533061683177948 -0.5412558317184448 -0.07072063535451889 0.7441715598106384 -0.5902193784713745 -0.3128090798854828 -0.4939420521259308 -0.15271320939064026 -0.6062062978744507 0.7805079221725464 -2.553978204727173
-0.6504058837890625 -0.5330437421798706 -0.541143536567688 -0.07086020708084106 0.7440905570983887 -0.5902823209762573 -0.3128829896450043 -0.49424704909324646 -0.15264718234539032 -0.6061608195304871 0.7805561423301697 -2.5537779331207275
-0.6503737568855286 -0.5330992341041565 -0.5411275029182434 -0.0708455964922905 0.7441285848617554 -0.5902370810508728 -0.3128778636455536 -0.4939211905002594 -0.15259861946105957 -0.606156051158905 0.780569314956665 -2.5538578033447266
-0.650453507900238 -0.5329557657241821 -0.5411729216575623 -0.07081315666437149 0.7440285682678223 -0.5903682112693787 -0.3128683865070343 -0.494197279214859 -0.15274633467197418 -0.6061545014381409 0.7805415987968445 -2.5538928508758545
-0.6504536271095276 -0.5330133438110352 -0.5411160588264465 -0.07079187035560608 0.7440491914749146 -0.5903194546699524 -0.31291133165359497 -0.4938804805278778 -0.1526455134153366 -0.6061513423919678 0.7805638313293457 -2.5539767742156982
None
None
None
None
None
None
None
None
None
None
None
None
None
None
None
None
None
None
None
None
None
None
None
None
None
None
None
None
None
None
None
None
None
None
None
None
None
None
None
None
None
None
None
None
None
None
None
None
None
None
None
None
None
None
None
None
None
None
None
None
None
None
None
None
None
None
None
None
None
None
None
None
None
None
None
None
None
None
None
None
None
None
None
None
None
None
None
None
None
None
None
None
None
None
None
None
None
None
None
None
None
None
None
None
None
None
None
None
None
None
None
-0.6016924977302551 -0.444921612739563 -0.6633332967758179 0.2808758616447449 0.7520988583564758 -0.5952033400535583 -0.28298500180244446 -0.765511691570282 -0.2689119875431061 -0.6691620945930481 0.6927542686462402 -3.329538106918335
-0.6016366481781006 -0.4449540972709656 -0.6633621454238892 0.2810729742050171 0.7521503567695618 -0.5951482653617859 -0.2829638719558716 -0.7652209997177124 -0.26889288425445557 -0.669189453125 0.6927352547645569 -3.330127000808716
-0.600517988204956 -0.44571158289909363 -0.6638670563697815 0.2814311385154724 0.7530288100242615 -0.5944696664810181 -0.2820524573326111 -0.7351597547531128 -0.2689347267150879 -0.6692885160446167 0.6926232576370239 -3.3304214477539062
-0.6008516550064087 -0.44535884261131287 -0.6638018488883972 0.28090810775756836 0.7526536583900452 -0.5949000716209412 -0.28214624524116516 -0.7358222007751465 -0.2692393958568573 -0.6691409349441528 0.6926475167274475 -3.3303444385528564
-0.6021198034286499 -0.44340699911117554 -0.6639594435691833 0.2809402346611023 0.7513691782951355 -0.5959165096282959 -0.2834220230579376 -0.73566734790802 -0.26999300718307495 -0.6695325970649719 0.6919753551483154 -3.330143690109253
-0.6021775603294373 -0.44314882159233093 -0.6640793681144714 0.2811163663864136 0.7512591481208801 -0.5960179567337036 -0.2835003435611725 -0.7355547547340393 -0.27017033100128174 -0.6696131825447083 0.6918281316757202 -3.3307721614837646
-0.6013708710670471 -0.4421428442001343 -0.6654794812202454 0.28071731328964233 0.7516297698020935 -0.5955231189727783 -0.28355783224105835 -0.736422061920166 -0.2709353268146515 -0.6707175374031067 0.6904578804969788 -3.3291518688201904
-0.6013100147247314 -0.4418075382709503 -0.6657571196556091 0.2808700203895569 0.751571774482727 -0.5955878496170044 -0.28357556462287903 -0.7364721894264221 -0.2712309658527374 -0.6708810329437256 0.6901828646659851 -3.329545259475708
-0.5993913412094116 -0.44016432762145996 -0.6685697436332703 0.28013408184051514 0.7520788908004761 -0.5956454873085022 -0.2821062207221985 -0.7368952631950378 -0.27405741810798645 -0.6719091534614563 0.6880629658699036 -3.3279664516448975
-0.5991038084030151 -0.4396894872188568 -0.6691396832466125 0.2801479399204254 0.7521117925643921 -0.5956618189811707 -0.2819840610027313 -0.7370412349700928 -0.2745954990386963 -0.6722055077552795 0.6875587701797485 -3.3280274868011475
-0.5995994210243225 -0.44334614276885986 -0.6662768721580505 0.27803897857666016 0.7533600926399231 -0.5936113595962524 -0.28297391533851624 -0.7388895750045776 -0.27005407214164734 -0.6716173887252808 0.6899282336235046 -3.321725368499756
-0.5989757180213928 -0.44278016686439514 -0.6672135591506958 0.2778720259666443 0.7535185217857361 -0.5936347246170044 -0.282502681016922 -0.7389779686927795 -0.27099451422691345 -0.671970009803772 0.6892157196998596 -3.321350336074829
-0.6001971960067749 -0.44392937421798706 -0.6653496623039246 0.27728673815727234 0.7528856992721558 -0.5944070816040039 -0.2825659215450287 -0.739525556564331 -0.27004915475845337 -0.670527458190918 0.6909894347190857 -3.3196780681610107
-0.601064920425415 -0.4438594579696655 -0.6646125912666321 0.27646008133888245 0.7525460124015808 -0.5943032503128052 -0.28368690609931946 -0.7404503226280212 -0.2690642476081848 -0.6706657409667969 0.6912393569946289 -3.3172314167022705
-0.6010034084320068 -0.4437926411628723 -0.6647128462791443 0.2759934365749359 0.7525829076766968 -0.5942482948303223 -0.2837042510509491 -0.7409526109695435 -0.26909855008125305 -0.6707586646080017 0.6911358833312988 -3.315915584564209
-0.6009358167648315 -0.44423773884773254 -0.6644765734672546 0.27674582600593567 0.7523481845855713 -0.5950932502746582 -0.28255337476730347 -0.740184485912323 -0.26990458369255066 -0.6697141528129578 0.6918341517448425 -3.3179755210876465
-0.6008177995681763 -0.4444945454597473 -0.6644115447998047 0.2766624689102173 0.752310037612915 -0.5954211354255676 -0.2819635272026062 -0.7402752637863159 -0.2702733874320984 -0.6692521572113037 0.6921371817588806 -3.317779779434204
-0.601543664932251 -0.44443994760513306 -0.6637910008430481 0.27660253643989563 0.7520589232444763 -0.5952549576759338 -0.2829824388027191 -0.7403987646102905 -0.2693561613559723 -0.6694361567497253 0.6923167705535889 -3.317507743835449
-0.6015125513076782 -0.4444413483142853 -0.6638182401657104 0.2762882709503174 0.7520788908004761 -0.595238983631134 -0.2829630374908447 -0.7407594919204712 -0.2693699896335602 -0.6694494485855103 0.6922985315322876 -3.316614866256714
-0.601223349571228 -0.44409820437431335 -0.6643096804618835 0.2764992117881775 0.7520755529403687 -0.5954067707061768 -0.2826186418533325 -0.7404577732086182 -0.27002400159835815 -0.6695279479026794 0.6919677257537842 -3.3172240257263184
-0.6011817455291748 -0.4440769851207733 -0.6643615961074829 0.2762059271335602 0.7521020174026489 -0.5953760743141174 -0.28261294960975647 -0.7407901287078857 -0.2700430154800415 -0.6695693731307983 0.691920280456543 -3.3163912296295166
-0.6015418767929077 -0.4445882737636566 -0.6636933088302612 0.2761891484260559 0.7519795894622803 -0.595517098903656 -0.2826415002346039 -0.740869402885437 -0.2695815861225128 -0.6691044569015503 0.6925496459007263 -3.3162200450897217
-0.6018813252449036 -0.44456717371940613 -0.6633995771408081 0.2760625183582306 0.7519003748893738 -0.5953453183174133 -0.28321361541748047 -0.7409424185752869 -0.26904430985450745 -0.6692713499069214 0.6925973296165466 -3.3158998489379883
-0.6018652319908142 -0.4445576071739197 -0.6634206175804138 0.275770902633667 0.7519036531448364 -0.5953500866889954 -0.28319472074508667 -0.7412630319595337 -0.26907113194465637 -0.6692734360694885 0.6925848722457886 -3.3150689601898193
-0.6016494035720825 -0.44511106610298157 -0.6632452607154846 0.27649402618408203 0.7520139813423157 -0.5955406427383423 -0.28250035643577576 -0.7404521107673645 -0.269245445728302 -0.6687358021736145 0.6930363178253174 -3.3171346187591553
-0.601462185382843 -0.44490930438041687 -0.6635503768920898 0.2766779065132141 0.751961886882782 -0.5957816243171692 -0.2821305990219116 -0.7403001189231873 -0.2698085606098175 -0.6686554551124573 0.6928948760032654 -3.3176050186157227
-0.6015269160270691 -0.4453648030757904 -0.6631860136985779 0.2767604887485504 0.7520318031311035 -0.5957337617874146 -0.2820453345775604 -0.7401803731918335 -0.2694692015647888 -0.6683948040008545 0.6932782530784607 -3.3178629875183105
-0.6014032363891602 -0.44538646936416626 -0.66328364610672 0.27664899826049805 0.7520363926887512 -0.5958619117736816 -0.2817622423171997 -0.7403977513313293 -0.2697323262691498 -0.6682661175727844 0.6933000087738037 -3.317392349243164
-0.6014025211334229 -0.4453868567943573 -0.6632840037345886 0.27664265036582947 0.7520368695259094 -0.5958617329597473 -0.28176149725914 -0.740405261516571 -0.26973262429237366 -0.6682660579681396 0.6932999491691589 -3.317373514175415
-0.6017909049987793 -0.4453691840171814 -0.6629435420036316 0.2765415608882904 0.7519346475601196 -0.5956979393959045 -0.2823798656463623 -0.7404870986938477 -0.2691507637500763 -0.6684238314628601 0.69337397813797 -3.3171069622039795
-0.601769745349884 -0.44515588879585266 -0.6631059646606445 0.2765660583972931 0.7518105506896973 -0.5959373712539673 -0.2822049558162689 -0.740421712398529 -0.269544392824173 -0.6683524250984192 0.6932898759841919 -3.317227840423584
-0.6017817258834839 -0.4451558291912079 -0.6630951762199402 0.27641761302948 0.751798689365387 -0.5959542393684387 -0.28220105171203613 -0.7405864596366882 -0.2695508897304535 -0.6683374643325806 0.693301796913147 -3.316797971725464
-0.6018447279930115 -0.44509056210517883 -0.6630817651748657 0.2765235900878906 0.7518612742424011 -0.5957044363021851 -0.28256142139434814 -0.740389883518219 -0.2692352831363678 -0.6686035990715027 0.6931678056716919 -3.3171603679656982
-0.6018238067626953 -0.4450976550579071 -0.6630960702896118 0.27636483311653137 0.7518754005432129 -0.5956946611404419 -0.2825445830821991 -0.7405583262443542 -0.2692427933216095 -0.6686075925827026 0.6931610107421875 -3.316699504852295
-0.6016446948051453 -0.44509315490722656 -0.6632615923881531 0.27642861008644104 0.7518996596336365 -0.595821738243103 -0.2822118103504181 -0.7404400110244751 -0.2695750594139099 -0.6684973239898682 0.6931382417678833 -3.316922664642334
-0.6016128063201904 -0.4450913071632385 -0.6632916927337646 0.2762719392776489 0.7519128918647766 -0.5958217978477478 -0.2821764051914215 -0.7406038641929626 -0.26960936188697815 -0.6684984564781189 0.6931238174438477 -3.316471815109253
-0.6018573641777039 -0.44490742683410645 -0.6631932258605957 0.27613118290901184 0.7518069744110107 -0.5957478284835815 -0.28261443972587585 -0.7407302260398865 -0.2693586051464081 -0.6686868071556091 0.69303959608078 -3.3161509037017822
-0.6019575595855713 -0.4449285864830017 -0.6630880832672119 0.27609336376190186 0.7518324255943298 -0.5955875515937805 -0.2828844487667084 -0.7406959533691406 -0.2690635919570923 -0.668815553188324 0.6930299997329712 -3.316150665283203
-0.6019106507301331 -0.44501230120658875 -0.6630744934082031 0.2760259509086609 0.7517726421356201 -0.5958214998245239 -0.28255051374435425 -0.7407437562942505 -0.26933553814888 -0.6685513854026794 0.6931792497634888 -3.3159828186035156
-0.6014848947525024 -0.4450128972530365 -0.6634603142738342 0.27660107612609863 0.7518641352653503 -0.5960439443588257 -0.28183695673942566 -0.7402610182762146 -0.2700304090976715 -0.6683526635169983 0.6931005120277405 -3.317528009414673
-0.601399302482605 -0.4449584484100342 -0.6635743975639343 0.27657628059387207 0.7518635392189026 -0.5961121320724487 -0.2816942036151886 -0.7402940392494202 -0.2702225148677826 -0.6683281064033508 0.6930493116378784 -3.317466974258423
-0.6014536023139954 -0.44497984647750854 -0.6635108590126038 0.2766932547092438 0.7519190311431885 -0.5959268808364868 -0.28193801641464233 -0.7402075529098511 -0.26994720101356506 -0.6684790253639221 0.6930110454559326 -3.3177316188812256
-0.6005059480667114 -0.4449414610862732 -0.6643943190574646 0.27754008769989014 0.7520899772644043 -0.596479058265686 -0.280309796333313 -0.7392765283584595 -0.27157580852508545 -0.6680119633674622 0.6928250789642334 -3.3200876712799072
-0.6000592112541199 -0.4450603723526001 -0.6647182703018188 0.27817606925964355 0.7522392868995667 -0.5966246128082275 -0.2795983850955963 -0.7386131882667542 -0.27214905619621277 -0.6678027510643005 0.692801833152771 -3.3218576908111572
-0.6001374125480652 -0.44518452882766724 -0.6645644903182983 0.2782694697380066 0.7522922158241272 -0.5964661836624146 -0.27979397773742676 -0.7385010719299316 -0.2718302607536316 -0.6678614616394043 0.6928703784942627 -3.3221518993377686
-0.6000005602836609 -0.44538944959640503 -0.6645507216453552 0.27838876843452454 0.7522121071815491 -0.5968900918960571 -0.2791045010089874 -0.7383556962013245 -0.27235350012779236 -0.6673459410667419 0.6931616067886353 -3.3224902153015137
-0.5999271869659424 -0.44538572430610657 -0.664619505405426 0.2783793807029724 0.7522372007369995 -0.5969024896621704 -0.2790103256702423 -0.7383760213851929 -0.27244576811790466 -0.6673373579978943 0.6931335926055908 -3.3224570751190186
-0.600025475025177 -0.4453433156013489 -0.6645591855049133 0.27830860018730164 0.7522087693214417 -0.5968532562255859 -0.2791922688484192 -0.7383478879928589 -0.2723078727722168 -0.6674096584320068 0.693118155002594 -3.322369337081909
-0.6002446413040161 -0.44536885619163513 -0.664344072341919 0.27825605869293213 0.7521567940711975 -0.5967654585838318 -0.27951979637145996 -0.7384485602378845 -0.27196815609931946 -0.6674711108207703 0.6931923627853394 -3.322153091430664
-0.6001322865486145 -0.44538626074790955 -0.6644338965415955 0.27824950218200684 0.7521321773529053 -0.5969489812850952 -0.2791939675807953 -0.738372266292572 -0.2722839415073395 -0.6672953963279724 0.6932376027107239 -3.3222429752349854
-0.6001543402671814 -0.44533827900886536 -0.6644461750984192 0.27822378277778625 0.7522283792495728 -0.5966700911521912 -0.27953067421913147 -0.7384080290794373 -0.27196940779685974 -0.667576789855957 0.6930900812149048 -3.3221495151519775
-0.6000523567199707 -0.44541794061660767 -0.6644849181175232 0.2782212197780609 0.7522327899932861 -0.5967979431152344 -0.27924564480781555 -0.7383887767791748 -0.2721821665763855 -0.6674093008041382 0.6931678652763367 -3.322162389755249
-0.6001421809196472 -0.44525519013404846 -0.6645128130912781 0.2782500386238098 0.7522793412208557 -0.5965225696563721 -0.2797083258628845 -0.7383953928947449 -0.27185529470443726 -0.6677640080451965 0.6929545402526855 -3.32222056388855
-0.600034773349762 -0.4452593922615051 -0.6646069884300232 0.27830660343170166 0.7522971034049988 -0.5965917706489563 -0.27951303124427795 -0.7383341193199158 -0.27204322814941406 -0.66769939661026 0.6929430365562439 -3.3223507404327393
-0.599997341632843 -0.44511136412620544 -0.6647399663925171 0.27833133935928345 0.7522901892662048 -0.5965849757194519 -0.27954593300819397 -0.7383572459220886 -0.27214476466178894 -0.6678041219711304 0.6928021907806396 -3.3223891258239746
