# 3x4 first row second row third row Freq: 100 current Time: 2021-04-06-17:45:59
0.32392483949661255 -0.6179711818695068 0.7163687944412231 -0.07320220023393631 -0.9460645914077759 -0.21627724170684814 0.24121743440628052 -0.7665004730224609 0.005868870764970779 -0.7558674812316895 -0.6546982526779175 -3.680413246154785
0.3239358067512512 -0.6179541945457458 0.7163785099983215 -0.07322981208562851 -0.9460608959197998 -0.2162676453590393 0.24124038219451904 -0.7665005922317505 0.00585402175784111 -0.7558841109275818 -0.6546791195869446 -3.680406332015991
0.32398220896720886 -0.6179742813110352 0.716340184211731 -0.07321323454380035 -0.9460453391075134 -0.21626532077789307 0.241303488612175 -0.7665236592292786 0.005800209008157253 -0.7558683156967163 -0.654697835445404 -3.6804358959198
0.32390183210372925 -0.6179540753364563 0.7163939476013184 -0.07320188730955124 -0.9460729956626892 -0.21618235111236572 0.24126939475536346 -0.7665008902549744 0.005778367631137371 -0.7559086084365845 -0.6546515226364136 -3.6804332733154297
0.3238782286643982 -0.6179059147834778 0.7164461612701416 -0.0730426013469696 -0.9460815191268921 -0.21609492599964142 0.24131444096565247 -0.7665208578109741 0.005710800644010305 -0.7559729814529419 -0.6545777916908264 -3.680372714996338
0.3237748444080353 -0.6178895831108093 0.7165069580078125 -0.07299484312534332 -0.9461169242858887 -0.21600696444511414 0.24125425517559052 -0.76661217212677 0.0057020410895347595 -0.7560114860534668 -0.6545333862304688 -3.6803035736083984
0.32378828525543213 -0.6178698539733887 0.7165179252624512 -0.07297873497009277 -0.946112334728241 -0.2160094827413559 0.2412700206041336 -0.7666187286376953 0.005701227579265833 -0.7560268640518188 -0.6545156240463257 -3.6803033351898193
0.3237500488758087 -0.617900550365448 0.7165087461471558 -0.07303977012634277 -0.9461256861686707 -0.21595586836338043 0.24126562476158142 -0.7665824294090271 0.005656133405864239 -0.7560170888900757 -0.6545273065567017 -3.6802220344543457
0.3237386643886566 -0.6178919076919556 0.7165213227272034 -0.07303639501333237 -0.9461296200752258 -0.21594171226024628 0.24126292765140533 -0.7665815353393555 0.005652464460581541 -0.7560282349586487 -0.654514491558075 -3.680215358734131
0.32358184456825256 -0.6180042624473572 0.7164952158927917 -0.07307268679141998 -0.9461832642555237 -0.21586960554122925 0.24111714959144592 -0.7666587829589844 0.005658149719238281 -0.7559569478034973 -0.654596745967865 -3.6801931858062744
0.3234920799732208 -0.617996096611023 0.7165428400039673 -0.07305233925580978 -0.9462139010429382 -0.21580877900123596 0.24105137586593628 -0.7666375041007996 0.005667469929903746 -0.7559810280799866 -0.6545689105987549 -3.6801724433898926
0.32358309626579285 -0.6179705262184143 0.7165237665176392 -0.07305555790662766 -0.9461831450462341 -0.21581725776195526 0.24116447567939758 -0.7666202783584595 0.005605683661997318 -0.7559994459152222 -0.6545481085777283 -3.6801929473876953
0.32354316115379333 -0.6179224848747253 0.716583251953125 -0.07307466119527817 -0.9461967349052429 -0.21577751636505127 0.24114660918712616 -0.766633927822113 0.005612671375274658 -0.7560501098632812 -0.6544895768165588 -3.680152654647827
0.3235442042350769 -0.617975652217865 0.7165369391441345 -0.07307426631450653 -0.9461964964866638 -0.21577949821949005 0.2411457747220993 -0.7666139006614685 0.005591810680925846 -0.7560060620307922 -0.6545405983924866 -3.680201530456543
0.32344850897789 -0.6179808378219604 0.7165756821632385 -0.0730687603354454 -0.9462290406227112 -0.21573473513126373 0.2410580813884735 -0.7665982842445374 0.005621027667075396 -0.7560146450996399 -0.6545304656028748 -3.6801915168762207
0.32363322377204895 -0.6179454326629639 0.7165228128433228 -0.07315345108509064 -0.9461658000946045 -0.21586883068084717 0.241186261177063 -0.7665625810623169 0.00563502311706543 -0.7560052871704102 -0.6545411348342896 -3.6802916526794434
0.3235876262187958 -0.617872416973114 0.7166063785552979 -0.07314074039459229 -0.9461805820465088 -0.21592307090759277 0.24107980728149414 -0.7665266990661621 0.005775318015366793 -0.7560494542121887 -0.6544888615608215 -3.6803178787231445
0.3235836625099182 -0.6178727149963379 0.716607928276062 -0.07314838469028473 -0.9461819529533386 -0.21591559052467346 0.24108105897903442 -0.7665130496025085 0.005769448820501566 -0.7560513615608215 -0.6544867157936096 -3.6803200244903564
0.32367557287216187 -0.6178603768348694 0.7165769934654236 -0.07317802309989929 -0.9461496472358704 -0.21609215438365936 0.24104970693588257 -0.7664800882339478 0.005911646876484156 -0.7560110092163086 -0.6545320749282837 -3.6804139614105225
0.32372424006462097 -0.6177908182144165 0.7166149616241455 -0.0732048749923706 -0.9461332559585571 -0.21606943011283875 0.24113431572914124 -0.7664706110954285 0.005868048407137394 -0.7560743093490601 -0.6544593572616577 -3.6804139614105225
0.32365378737449646 -0.6178699731826782 0.7165786027908325 -0.07323560118675232 -0.94615638256073 -0.21617074310779572 0.2409527748823166 -0.7665347456932068 0.006025883834809065 -0.7559806704521179 -0.6545660495758057 -3.680471658706665
0.3235924541950226 -0.6178547739982605 0.7166193723678589 -0.07323725521564484 -0.9461773633956909 -0.21611441671848297 0.240920752286911 -0.7665013074874878 0.006017779931426048 -0.7560092210769653 -0.6545332074165344 -3.6804676055908203
0.32345834374427795 -0.617881178855896 0.7166571617126465 -0.07313207536935806 -0.9462236166000366 -0.21597498655319214 0.2408641129732132 -0.7665335536003113 0.00595465861260891 -0.7560274600982666 -0.6545126438140869 -3.6804072856903076
0.3234471082687378 -0.6179073452949524 0.7166396975517273 -0.07310936599969864 -0.9462276101112366 -0.21595801413059235 0.24086368083953857 -0.7664943933486938 0.005932685453444719 -0.7560109496116638 -0.6545319557189941 -3.6804146766662598
0.3234019875526428 -0.6179466247558594 0.7166261672973633 -0.07305989414453506 -0.9462435245513916 -0.21587514877319336 0.24087543785572052 -0.766528844833374 0.005853641778230667 -0.7560024857521057 -0.6545424461364746 -3.680368661880493
0.3234331011772156 -0.6179330945014954 0.7166237831115723 -0.073075070977211 -0.9462329149246216 -0.21588897705078125 0.24090468883514404 -0.7665327191352844 0.005848224274814129 -0.756009578704834 -0.6545342803001404 -3.6803464889526367
0.32344505190849304 -0.6179389953613281 0.7166132926940918 -0.07309386134147644 -0.9462286233901978 -0.21593116223812103 0.24088388681411743 -0.766484260559082 0.005887629929929972 -0.7559927105903625 -0.6545534133911133 -3.680398941040039
0.32346704602241516 -0.6179763078689575 0.7165712118148804 -0.07314407080411911 -0.9462199211120605 -0.21610890328884125 0.24075862765312195 -0.7665137052536011 0.006074319127947092 -0.7559114098548889 -0.6546456217765808 -3.6804845333099365
0.3234677016735077 -0.617950975894928 0.7165927290916443 -0.07315927743911743 -0.9462196230888367 -0.2161087542772293 0.24075990915298462 -0.7665031552314758 0.006084186490625143 -0.7559322118759155 -0.6546215415000916 -3.6804816722869873
0.3233258128166199 -0.6180253028869629 0.7165926694869995 -0.07309181243181229 -0.9462686777114868 -0.21595674753189087 0.24070340394973755 -0.7665558457374573 0.005992269143462181 -0.7559148669242859 -0.6546424031257629 -3.680424690246582
0.3233624994754791 -0.6179572343826294 0.7166348099708557 -0.07311254739761353 -0.9462563991546631 -0.215928316116333 0.2407771646976471 -0.766565203666687 0.005951802246272564 -0.7559786438941956 -0.6545690894126892 -3.680407762527466
0.3233817517757416 -0.6180481314659119 0.7165477275848389 -0.07313887029886246 -0.9462494254112244 -0.21602392196655273 0.24071882665157318 -0.766623854637146 0.006015664432197809 -0.7558770179748535 -0.6546858549118042 -3.680436372756958
0.3233918845653534 -0.6180394887924194 0.7165506482124329 -0.07311242818832397 -0.9462459087371826 -0.21603628993034363 0.24072161316871643 -0.7665801048278809 0.006025511771440506 -0.7558805346488953 -0.6546817421913147 -3.6804354190826416
0.3233783543109894 -0.6180843114852905 0.7165181040763855 -0.0731787383556366 -0.9462499618530273 -0.21611058712005615 0.24063891172409058 -0.7666493058204651 0.006112050265073776 -0.7558226585388184 -0.654747724533081 -3.680537223815918
0.3234390914440155 -0.6181038618087769 0.7164738178253174 -0.07317269593477249 -0.9462293386459351 -0.21614931523799896 0.240685373544693 -0.7666276693344116 0.00609680125489831 -0.7557955980300903 -0.6547791361808777 -3.6805331707000732
0.32336756587028503 -0.6182457208633423 0.716383695602417 -0.073161780834198 -0.9462534189224243 -0.21618463099002838 0.24055878818035126 -0.7667158246040344 0.006146745290607214 -0.7556694746017456 -0.654924213886261 -3.680574893951416
0.323305606842041 -0.6181930899620056 0.7164570689201355 -0.07313933968544006 -0.94627445936203 -0.21614079177379608 0.24051550030708313 -0.7666953802108765 0.0061706178821623325 -0.7557250261306763 -0.6548598408699036 -3.680572271347046
0.32335445284843445 -0.6181285381317139 0.7164907455444336 -0.07305723428726196 -0.9462581872940063 -0.2161029726266861 0.24061346054077148 -0.7666728496551514 0.006105771288275719 -0.7557886838912964 -0.654787003993988 -3.6805379390716553
0.3232739567756653 -0.6180953979492188 0.716555655002594 -0.07301943004131317 -0.9462855458259583 -0.21604864299297333 0.2405546009540558 -0.7666464447975159 0.006125218700617552 -0.7558313012123108 -0.6547375917434692 -3.6805272102355957
0.3231916129589081 -0.6182128190994263 0.7164914608001709 -0.07305494695901871 -0.9463138580322266 -0.216009259223938 0.24047869443893433 -0.7666992545127869 0.0061018080450594425 -0.7557464838027954 -0.6548357605934143 -3.680518627166748
0.32324159145355225 -0.6181228756904602 0.7165465354919434 -0.07306025177240372 -0.9462965130805969 -0.21604342758655548 0.2405160665512085 -0.7666044235229492 0.006136721931397915 -0.7558103203773499 -0.6547617316246033 -3.680596351623535
0.3232569992542267 -0.6181280612945557 0.7165350914001465 -0.07305321842432022 -0.9462912678718567 -0.21605761349201202 0.2405240833759308 -0.7665974497795105 0.006138215772807598 -0.7558020353317261 -0.6547712683677673 -3.680602788925171
0.32329005002975464 -0.6181790232658386 0.7164762020111084 -0.07301823794841766 -0.9462804794311523 -0.21603384613990784 0.2405877709388733 -0.7665348649024963 0.006056826561689377 -0.7557671070098877 -0.6548123359680176 -3.680536985397339
0.32332536578178406 -0.6181547045707703 0.7164812684059143 -0.07303544133901596 -0.9462684988975525 -0.21604132652282715 0.240628182888031 -0.7665517330169678 0.006044142413884401 -0.7557848691940308 -0.6547920107841492 -3.680518627166748
0.32342803478240967 -0.618122935295105 0.7164623737335205 -0.07305421680212021 -0.9462329745292664 -0.21616315841674805 0.24065855145454407 -0.7665275931358337 0.0061162314377725124 -0.755776047706604 -0.6548014879226685 -3.6806459426879883
0.32332155108451843 -0.6180829405784607 0.7165448665618896 -0.07305313646793365 -0.9462693333625793 -0.2160744071006775 0.24059522151947021 -0.7665287852287292 0.006119235884398222 -0.7558341026306152 -0.6547344326972961 -3.680640935897827
0.3231833279132843 -0.6181827187538147 0.716521143913269 -0.07304444164037704 -0.9463161826133728 -0.21605515480041504 0.24042828381061554 -0.7666171193122864 0.006179500371217728 -0.7557579874992371 -0.6548217535018921 -3.6806111335754395
0.32318565249443054 -0.6181547045707703 0.7165443301200867 -0.07305732369422913 -0.9463155269622803 -0.2160308063030243 0.24045278131961823 -0.7666347622871399 0.006158663425594568 -0.7557879090309143 -0.6547874212265015 -3.680612087249756
0.3233409523963928 -0.6181161403656006 0.7165074944496155 -0.07304301112890244 -0.9462624192237854 -0.21613352000713348 0.24056929349899292 -0.7666175961494446 0.006161568686366081 -0.7557900547981262 -0.6547848582267761 -3.6806604862213135
0.3233940899372101 -0.618116021156311 0.7164835929870605 -0.073046013712883 -0.9462443590164185 -0.2161649465560913 0.2406122386455536 -0.766621470451355 0.006152386777102947 -0.7557811737060547 -0.654795229434967 -3.68066668510437
0.323431134223938 -0.6180787682533264 0.7164990305900574 -0.07305908203125 -0.9462311863899231 -0.2162378579378128 0.2405984103679657 -0.7665241360664368 0.0062254732474684715 -0.7557907700538635 -0.6547834873199463 -3.680732011795044
0.3234696686267853 -0.6180604100227356 0.7164974808692932 -0.07310847193002701 -0.9462181329727173 -0.21624980866909027 0.24063916504383087 -0.7665757536888123 0.00621293717995286 -0.7558023929595947 -0.6547701954841614 -3.680720329284668
0.32355037331581116 -0.6180334687232971 0.7164843082427979 -0.07309821993112564 -0.9461904168128967 -0.21631382405757904 0.24069057404994965 -0.7665417194366455 0.006230659317225218 -0.7558060884475708 -0.6547657251358032 -3.680718183517456
0.32347574830055237 -0.6179901957511902 0.7165552973747253 -0.07310622930526733 -0.9462159276008606 -0.2162427455186844 0.24065406620502472 -0.7665494680404663 0.006228059995919466 -0.7558618187904358 -0.6547014713287354 -3.6807174682617188
0.32338419556617737 -0.6180732250213623 0.7165250182151794 -0.07310605049133301 -0.9462471008300781 -0.21622249484062195 0.24054977297782898 -0.766654372215271 0.006251474376767874 -0.7557997107505798 -0.654772937297821 -3.6806414127349854
0.3233320713043213 -0.6180112361907959 0.7166019678115845 -0.0730532631278038 -0.9462646842002869 -0.2161899358034134 0.24050985276699066 -0.7666678428649902 0.006284377537667751 -0.7558597326278687 -0.6547033190727234 -3.6806044578552246
0.32334500551223755 -0.6180253028869629 0.7165840268135071 -0.07304452359676361 -0.946260392665863 -0.21618954837322235 0.24052707850933075 -0.7666738033294678 0.006266188807785511 -0.7558482885360718 -0.6547166705131531 -3.6806106567382812
0.32330644130706787 -0.6181468367576599 0.7164965867996216 -0.07312053442001343 -0.9462726712226868 -0.2163091003894806 0.2403712272644043 -0.7666770219802856 0.0064000654965639114 -0.7557147145271301 -0.654869556427002 -3.6806650161743164
0.32332900166511536 -0.6181408762931824 0.7164915204048157 -0.07312352955341339 -0.9462651610374451 -0.2162964642047882 0.24041207134723663 -0.7666822671890259 0.006366089452058077 -0.7557231783866882 -0.6548600792884827 -3.6806721687316895
0.3233989477157593 -0.6181181073188782 0.7164795994758606 -0.07305658608675003 -0.9462419152259827 -0.21625906229019165 0.2405371069908142 -0.7666056156158447 0.006264896132051945 -0.7557525038719177 -0.6548272371292114 -3.6807193756103516
0.32333797216415405 -0.6181572079658508 0.7164734601974487 -0.07302955538034439 -0.9462631940841675 -0.21617649495601654 0.2405277043581009 -0.7665492296218872 0.006200818810611963 -0.755744218826294 -0.654837429523468 -3.680664539337158
0.3233269155025482 -0.6181212067604065 0.7165094614028931 -0.07303784787654877 -0.9462670683860779 -0.21614673733711243 0.24053926765918732 -0.7665575742721558 0.006188798695802689 -0.7557821273803711 -0.6547937393188477 -3.680657148361206
0.32334551215171814 -0.6181319952011108 0.7164917588233948 -0.0730559304356575 -0.9462605714797974 -0.21617676317691803 0.24053767323493958 -0.766524076461792 0.006204864475876093 -0.7557647228240967 -0.6548137068748474 -3.680713176727295
0.3233696520328522 -0.6180681586265564 0.7165359258651733 -0.07303520292043686 -0.9462526440620422 -0.21613338589668274 0.2406078428030014 -0.7666289210319519 0.006155327893793583 -0.7558293342590332 -0.6547396183013916 -3.6806483268737793
0.32338523864746094 -0.6180523037910461 0.7165425419807434 -0.0730270966887474 -0.9462472200393677 -0.21615758538246155 0.2406076341867447 -0.7666264176368713 0.006178044714033604 -0.7558353543281555 -0.6547324061393738 -3.6806514263153076
0.3235418498516083 -0.6180542707443237 0.7164701819419861 -0.07308778911828995 -0.9461938738822937 -0.21624207496643066 0.24074125289916992 -0.766584575176239 0.006139877252280712 -0.7558096051216125 -0.6547625064849854 -3.680752754211426
0.3235483467578888 -0.6180427670478821 0.7164771556854248 -0.07309231907129288 -0.9461917281150818 -0.21623635292053223 0.2407548725605011 -0.76657634973526 0.0061316401697695255 -0.755820631980896 -0.654749870300293 -3.6807661056518555
0.3236246109008789 -0.6179370880126953 0.716533899307251 -0.07314363121986389 -0.9461655020713806 -0.21627704799175262 0.2408214658498764 -0.7665940523147583 0.0061573609709739685 -0.7558954358100891 -0.6546633243560791 -3.680737257003784
0.32359743118286133 -0.617957592010498 0.7165284752845764 -0.07313904911279678 -0.9461747407913208 -0.21626678109169006 0.24079425632953644 -0.7665724754333496 0.006160714663565159 -0.7558816075325012 -0.6546792387962341 -3.6807544231414795
0.32353881001472473 -0.6180046796798706 0.7165142893791199 -0.07308994978666306 -0.9461953043937683 -0.21618042886257172 0.24079115688800812 -0.7665915489196777 0.006086329929530621 -0.7558677792549133 -0.6546958684921265 -3.680723190307617
0.32346656918525696 -0.6179930567741394 0.716556966304779 -0.07307381182909012 -0.9462203979492188 -0.2160758078098297 0.24078650772571564 -0.7666453123092651 0.006026268471032381 -0.7559072375297546 -0.6546509265899658 -3.680654764175415
0.32348334789276123 -0.617993950843811 0.7165486216545105 -0.07307088375091553 -0.9462146162986755 -0.21609243750572205 0.24079424142837524 -0.766645073890686 0.0060314005240798 -0.7559017539024353 -0.6546571850776672 -3.680661678314209
0.3235112428665161 -0.61803138256073 0.7165037393569946 -0.07308889180421829 -0.9462050795555115 -0.21612530946731567 0.24080221354961395 -0.7666246294975281 0.006031300872564316 -0.7558616995811462 -0.6547033786773682 -3.680699348449707
0.3235139846801758 -0.6180155873298645 0.7165161371231079 -0.07308730483055115 -0.9462041258811951 -0.2161254733800888 0.24080586433410645 -0.7666195034980774 0.006035644095391035 -0.7558745741844177 -0.6546884775161743 -3.680708646774292
0.3233012557029724 -0.6181198954582214 0.7165221571922302 -0.07316318154335022 -0.9462766051292419 -0.21603424847126007 0.24060283601284027 -0.7667460441589355 0.006071967072784901 -0.7558153867721558 -0.654756486415863 -3.680748701095581
0.3232995271682739 -0.6181110143661499 0.7165306210517883 -0.07316936552524567 -0.9462772011756897 -0.21602877974510193 0.2406053990125656 -0.7667521238327026 0.006070431787520647 -0.7558242082595825 -0.6547463536262512 -3.6807620525360107
0.32329657673835754 -0.6181166172027588 0.7165271639823914 -0.07305209338665009 -0.9462786912918091 -0.2159619927406311 0.24065928161144257 -0.7667211294174194 0.005987164098769426 -0.7558387517929077 -0.6547303199768066 -3.680727481842041
0.32327505946159363 -0.61812424659729 0.7165302634239197 -0.07303866744041443 -0.946286141872406 -0.215939000248909 0.2406506985425949 -0.7667242288589478 0.0059748366475105286 -0.7558390498161316 -0.6547300815582275 -3.680737257003784
0.32339760661125183 -0.6180924773216248 0.7165023684501648 -0.07310658693313599 -0.9462443590164185 -0.2160082310438156 0.24075289070606232 -0.7666485905647278 0.005962892901152372 -0.7558452486991882 -0.654723048210144 -3.6807749271392822
0.3233911693096161 -0.6180918216705322 0.7165058255195618 -0.07310371100902557 -0.9462466835975647 -0.21598348021507263 0.24076582491397858 -0.7666418552398682 0.005938076879829168 -0.7558528780937195 -0.6547144651412964 -3.680786371231079
0.3235320746898651 -0.6180757284164429 0.7164560556411743 -0.07311888039112091 -0.9461982250213623 -0.21612022817134857 0.24083365499973297 -0.7665724158287048 0.005987250246107578 -0.7558268904685974 -0.6547439694404602 -3.680814504623413
0.32354068756103516 -0.6181027293205261 0.7164288759231567 -0.07312209159135818 -0.9461952447891235 -0.21613675355911255 0.2408304214477539 -0.7665556073188782 0.0059887077659368515 -0.7558000683784485 -0.6547749042510986 -3.68082332611084
0.32357966899871826 -0.6181577444076538 0.7163638472557068 -0.07307252287864685 -0.9461826086044312 -0.21609744429588318 0.24091540277004242 -0.7666332125663757 0.005880699027329683 -0.7557663321495056 -0.6548148393630981 -3.680757999420166
0.3234822750091553 -0.6181504726409912 0.7164140939712524 -0.07306083291769028 -0.9462156891822815 -0.21605029702186584 0.24082769453525543 -0.7666221857070923 0.005913753993809223 -0.7557857632637024 -0.6547921299934387 -3.680746555328369
0.3234773874282837 -0.6182034611701965 0.7163705825805664 -0.07304748892784119 -0.9462180733680725 -0.21597160398960114 0.24088889360427856 -0.7666025757789612 0.005797385238111019 -0.7557649612426758 -0.6548172235488892 -3.680691719055176
0.32341495156288147 -0.6181729435920715 0.7164250612258911 -0.07304715365171432 -0.9462395310401917 -0.2159036546945572 0.2408655881881714 -0.7666117548942566 0.005782227031886578 -0.7558093070983887 -0.6547661423683167 -3.680673360824585
0.32345324754714966 -0.618217408657074 0.7163694500923157 -0.073001928627491 -0.946226954460144 -0.21588103473186493 0.2409353107213974 -0.7666595578193665 0.005700224544852972 -0.7557794451713562 -0.6548013687133789 -3.68064546585083
0.32330194115638733 -0.6181796193122864 0.7164703607559204 -0.07298598438501358 -0.9462785124778748 -0.2157808393239975 0.24082264304161072 -0.7666780352592468 0.00572896096855402 -0.755838930606842 -0.6547324061393738 -3.6806602478027344
0.3233201205730438 -0.6181790828704834 0.7164626121520996 -0.0729704275727272 -0.9462722539901733 -0.2157929539680481 0.24083618819713593 -0.76668381690979 0.005727723706513643 -0.7558358907699585 -0.6547359228134155 -3.6806538105010986
0.32330140471458435 -0.6181542277336121 0.7164924740791321 -0.0730413943529129 -0.9462785720825195 -0.2157818078994751 0.24082136154174805 -0.7666792273521423 0.005741319619119167 -0.755859375 -0.6547086834907532 -3.6806371212005615
0.323291540145874 -0.6181444525718689 0.7165053486824036 -0.07303516566753387 -0.9462820291519165 -0.2157634049654007 0.24082434177398682 -0.766684889793396 0.005731433164328337 -0.7558726668357849 -0.6546934843063354 -3.680628776550293
0.32330140471458435 -0.6181467175483704 0.7164989709854126 -0.07301538437604904 -0.9462791085243225 -0.21570800244808197 0.24088534712791443 -0.7667481899261475 0.005652105435729027 -0.7558866143226624 -0.6546780467033386 -3.6805520057678223
0.3233206570148468 -0.6181308031082153 0.7165040373802185 -0.07300861179828644 -0.946272611618042 -0.2157088667154312 0.24091017246246338 -0.7667571902275085 0.005642299074679613 -0.7558993697166443 -0.6546633839607239 -3.680536985397339
0.3231967091560364 -0.6181840300559998 0.7165140509605408 -0.0730752944946289 -0.946313738822937 -0.2157941460609436 0.24067208170890808 -0.7667970657348633 0.005839935969561338 -0.7558315396308899 -0.6547399759292603 -3.6806485652923584
0.32307514548301697 -0.618165135383606 0.7165851593017578 -0.07307279855012894 -0.9463551640510559 -0.2157120704650879 0.24058280885219574 -0.7668054699897766 0.005856198724359274 -0.7558704018592834 -0.6546949744224548 -3.6806225776672363
0.3230594992637634 -0.6182098388671875 0.7165536284446716 -0.07305563241243362 -0.9463608264923096 -0.21567606925964355 0.24059289693832397 -0.7667425274848938 0.005806605797261 -0.7558441162109375 -0.6547257304191589 -3.680696964263916
0.3230447769165039 -0.618216335773468 0.7165546417236328 -0.07305114716291428 -0.9463659524917603 -0.21565093100070953 0.24059517681598663 -0.766746461391449 0.0057858433574438095 -0.7558459639549255 -0.6547237634658813 -3.680694341659546
0.32298925518989563 -0.6183207631111145 0.7164896130561829 -0.07307285070419312 -0.9463850259780884 -0.2156306803226471 0.2405383288860321 -0.7668339014053345 0.0057673281989991665 -0.7557663321495056 -0.6548158526420593 -3.6806609630584717
0.3229098916053772 -0.6182776689529419 0.7165625691413879 -0.07301787286996841 -0.9464121460914612 -0.2155495434999466 0.24050423502922058 -0.7667450904846191 0.00575636699795723 -0.7558247447013855 -0.6547485589981079 -3.680677652359009
0.3228948712348938 -0.6182546019554138 0.7165892124176025 -0.07301018387079239 -0.9464173316955566 -0.2155279517173767 0.24050329625606537 -0.7667449116706848 0.005752755794674158 -0.7558497190475464 -0.6547197699546814 -3.680666923522949
0.32291266322135925 -0.6182575225830078 0.7165786623954773 -0.07302087545394897 -0.9464111924171448 -0.21554651856422424 0.24051068723201752 -0.7667191028594971 0.005758530925959349 -0.7558420896530151 -0.6547285318374634 -3.680708646774292
0.32289838790893555 -0.6182525157928467 0.7165893912315369 -0.07301635295152664 -0.9464161396026611 -0.21552875638008118 0.24050727486610413 -0.7667153477668762 0.005751423537731171 -0.7558512091636658 -0.6547180414199829 -3.6806976795196533
0.3230121433734894 -0.6182543039321899 0.7165365815162659 -0.07305855304002762 -0.9463774561882019 -0.21559566259384155 0.24059957265853882 -0.7666932344436646 0.0057304855436086655 -0.7558306455612183 -0.6547419428825378 -3.680680274963379
0.323042631149292 -0.618213951587677 0.7165576815605164 -0.07307767122983932 -0.946367084980011 -0.21559612452983856 0.2406398355960846 -0.7667007446289062 0.005720191635191441 -0.7558635473251343 -0.6547040343284607 -3.680647850036621
0.323173463344574 -0.618213951587677 0.7164986729621887 -0.07311274111270905 -0.9463224411010742 -0.2156914621591568 0.24073003232479095 -0.7666686177253723 0.005720002576708794 -0.7558363080024719 -0.6547355055809021 -3.6807096004486084
0.32321038842201233 -0.6181736588478088 0.7165167927742004 -0.07312964648008347 -0.9463098645210266 -0.2156994640827179 0.2407722771167755 -0.7666659951210022 0.005713242571800947 -0.7558670043945312 -0.6547001004219055 -3.680697441101074
0.32320669293403625 -0.6181883811950684 0.716505765914917 -0.07321537286043167 -0.9463103413581848 -0.21580000221729279 0.24068014323711395 -0.7667384743690491 0.0058363089337944984 -0.7558262944221497 -0.6547460556030273 -3.6808295249938965
0.3231339752674103 -0.6181744933128357 0.7165505290031433 -0.07318568974733353 -0.9463350772857666 -0.21575956046581268 0.24061930179595947 -0.7666846513748169 0.005857944022864103 -0.7558491826057434 -0.6547194719314575 -3.68082857131958
0.3230985403060913 -0.6181782484054565 0.7165632843971252 -0.07309392094612122 -0.9463475346565247 -0.21568816900253296 0.24063430726528168 -0.7667093873023987 0.005799367092549801 -0.7558664679527283 -0.654699981212616 -3.6807971000671387
0.32309281826019287 -0.6181809902191162 0.7165634632110596 -0.07307568192481995 -0.9463493824005127 -0.21569684147834778 0.24061919748783112 -0.7666879892349243 0.005814289208501577 -0.755861759185791 -0.654705286026001 -3.6808009147644043
0.32315731048583984 -0.6181560754776001 0.7165558934211731 -0.07303467392921448 -0.9463278651237488 -0.21567213535308838 0.240726038813591 -0.766602635383606 0.005734902806580067 -0.7558891773223877 -0.6546743512153625 -3.6808364391326904
0.32309266924858093 -0.6181368827819824 0.7166016101837158 -0.07304452359676361 -0.9463497996330261 -0.2156335562467575 0.24067425727844238 -0.7666081190109253 0.005753760226070881 -0.7559159398078918 -0.6546432971954346 -3.6808173656463623
0.32319197058677673 -0.618169903755188 0.7165283560752869 -0.07312338799238205 -0.9463159441947937 -0.2157086730003357 0.24074001610279083 -0.766593873500824 0.005743182264268398 -0.7558674812316895 -0.6546993255615234 -3.680908203125
0.323140025138855 -0.6181458830833435 0.7165725231170654 -0.07314667105674744 -0.946333646774292 -0.215671569108963 0.2407037615776062 -0.7666040658950806 0.005754317622631788 -0.7558977007865906 -0.6546643376350403 -3.680880308151245
0.3231556713581085 -0.6181740760803223 0.7165411114692688 -0.07309722155332565 -0.9463284611701965 -0.2156725823879242 0.24072328209877014 -0.7666773796081543 0.005729423835873604 -0.7558743357658386 -0.6546915173530579 -3.6809048652648926
0.3231678307056427 -0.6182297468185425 0.7164875864982605 -0.07307024300098419 -0.9463244676589966 -0.2156747281551361 0.2407369166612625 -0.7666822671890259 0.005697569809854031 -0.7558282017707825 -0.6547451019287109 -3.680858850479126
0.3231925964355469 -0.6182124018669128 0.7164914011955261 -0.07308133691549301 -0.9463160037994385 -0.21568891406059265 0.2407575100660324 -0.7667011618614197 0.005700001027435064 -0.7558383345603943 -0.6547333598136902 -3.6808412075042725
0.3232800364494324 -0.6182246804237366 0.7164413928985596 -0.0730988085269928 -0.9462858438491821 -0.21579481661319733 0.24078114330768585 -0.7666687965393066 0.005747526418417692 -0.7557981014251709 -0.6547793745994568 -3.6809539794921875
0.323360800743103 -0.6181925535202026 0.7164325714111328 -0.07311485707759857 -0.9462584257125854 -0.2158176749944687 0.24086835980415344 -0.7666890025138855 0.005715814884752035 -0.7558178305625916 -0.6547569036483765 -3.680955648422241
0.32346367835998535 -0.6181790828704834 0.716397762298584 -0.07318081706762314 -0.9462229609489441 -0.21593494713306427 0.24090276658535004 -0.7666294574737549 0.005774288903921843 -0.7557953596115112 -0.6547823548316956 -3.68103289604187
0.32345929741859436 -0.6181347370147705 0.7164380550384521 -0.07322315126657486 -0.9462243914604187 -0.2159217894077301 0.24090883135795593 -0.7666581273078918 0.005780513398349285 -0.7558354139328003 -0.6547360420227051 -3.681020498275757
0.32356685400009155 -0.6181036233901978 0.7164162993431091 -0.07315555214881897 -0.94618821144104 -0.21591155230998993 0.2410600483417511 -0.7666149735450745 0.0056824940256774426 -0.7558637261390686 -0.654704213142395 -3.680910348892212
0.32346880435943604 -0.6180663704872131 0.716492772102356 -0.07315726578235626 -0.9462215304374695 -0.21585704386234283 0.2409781515598297 -0.7666066884994507 0.005719558335840702 -0.75590980052948 -0.6546506881713867 -3.680894613265991
0.32355332374572754 -0.6180666089057922 0.7164543867111206 -0.07314526289701462 -0.946192741394043 -0.21590179204940796 0.24105100333690643 -0.7666321992874146 0.005698252469301224 -0.755896806716919 -0.6546658277511597 -3.6808066368103027
0.3235945999622345 -0.6179846525192261 0.7165064215660095 -0.07316307723522186 -0.946178138256073 -0.21596570312976837 0.24105100333690643 -0.766615629196167 0.00577502278611064 -0.7559455633163452 -0.6546089053153992 -3.680820941925049
0.3236846625804901 -0.6180510520935059 0.7164084315299988 -0.07317209243774414 -0.9461475610733032 -0.21602556109428406 0.2411174327135086 -0.7665980458259583 0.005739689338952303 -0.7558741569519043 -0.6546916365623474 -3.6807899475097656
0.3236793279647827 -0.6180465221405029 0.716414749622345 -0.07317835092544556 -0.946149468421936 -0.21601232886314392 0.24112187325954437 -0.7665948271751404 0.005729917902499437 -0.7558816075325012 -0.6546831130981445 -3.680785894393921
0.3238125741481781 -0.6180511713027954 0.7163504958152771 -0.07313719391822815 -0.9461040496826172 -0.21608486771583557 0.24123498797416687 -0.7666914463043213 0.0056969644501805305 -0.7558571100234985 -0.6547117233276367 -3.680771589279175
0.3236238658428192 -0.6180124282836914 0.7164692282676697 -0.07309139519929886 -0.9461684823036194 -0.2159551978111267 0.24109844863414764 -0.7667117118835449 0.005723441950976849 -0.7559258341789246 -0.6546321511268616 -3.6807594299316406
0.3236123323440552 -0.6181827187538147 0.7163275480270386 -0.07314042001962662 -0.946172297000885 -0.21602129936218262 0.24102424085140228 -0.7668063640594482 0.005745010916143656 -0.7557677030563354 -0.6548144817352295 -3.6807711124420166
0.32362034916877747 -0.6181156039237976 0.716381847858429 -0.07317366451025009 -0.9461690187454224 -0.21607375144958496 0.2409900724887848 -0.7667409777641296 0.005831624381244183 -0.755807638168335 -0.6547676920890808 -3.680877447128296
0.3237386643886566 -0.6181493401527405 0.7162992358207703 -0.07315956056118011 -0.9461292028427124 -0.21608668565750122 0.24113479256629944 -0.7667336463928223 0.005725444294512272 -0.7557762861251831 -0.6548047661781311 -3.6808948516845703
0.32359564304351807 -0.6180806159973145 0.7164231538772583 -0.07310043275356293 -0.9461781978607178 -0.21594689786434174 0.24106770753860474 -0.7667743563652039 0.005710110999643803 -0.7558724284172058 -0.6546939015388489 -3.6808698177337646
0.32363325357437134 -0.6180886030197144 0.7163992524147034 -0.07309812307357788 -0.9461652636528015 -0.2159833014011383 0.24108575284481049 -0.7667861580848694 0.005717950407415628 -0.7558555006980896 -0.6547133922576904 -3.6808691024780273
0.3234167993068695 -0.6180937886238098 0.7164925336837769 -0.07303687185049057 -0.9462392330169678 -0.21583662927150726 0.24092687666416168 -0.7667662501335144 0.005729962140321732 -0.7558931708335876 -0.6546698212623596 -3.6807940006256104
0.323542982339859 -0.6181121468544006 0.7164197564125061 -0.07302241027355194 -0.9461963772773743 -0.215898334980011 0.2410399168729782 -0.7667629718780518 0.005684159230440855 -0.7558605670928955 -0.6547078490257263 -3.680777072906494
0.32353684306144714 -0.6181330680847168 0.7164044380187988 -0.07302980870008469 -0.9461988210678101 -0.2158503532409668 0.2410731315612793 -0.7667311429977417 0.005620910320430994 -0.7558571100234985 -0.6547123193740845 -3.6807010173797607
0.3234062194824219 -0.6180685758590698 0.7165190577507019 -0.07303489744663239 -0.9462431073188782 -0.21578332781791687 0.24095933139324188 -0.7667498588562012 0.005683515220880508 -0.7559289932250977 -0.6546288132667542 -3.6807057857513428
0.32339245080947876 -0.6180704832077026 0.7165236473083496 -0.07303113490343094 -0.9462476968765259 -0.21578921377658844 0.2409360259771347 -0.7667550444602966 0.005702665075659752 -0.7559257745742798 -0.6546323895454407 -3.680685520172119
0.3234129548072815 -0.6181973218917847 0.7164049744606018 -0.07308565080165863 -0.9462406039237976 -0.21585744619369507 0.24090273678302765 -0.7667997479438782 0.005715962965041399 -0.755802571773529 -0.6547744870185852 -3.680636405944824
0.3233630359172821 -0.6182260513305664 0.7164027094841003 -0.073123037815094 -0.9462575316429138 -0.21584944427013397 0.24084343016147614 -0.7667346596717834 0.005739463493227959 -0.755781352519989 -0.6547988057136536 -3.6807150840759277
0.3234540522098541 -0.6182286143302917 0.7163593769073486 -0.07309262454509735 -0.9462267160415649 -0.21588021516799927 0.24093696475028992 -0.7667145133018494 0.005693736951798201 -0.7557704448699951 -0.6548117399215698 -3.680748701095581
0.3234771490097046 -0.6182002425193787 0.7163734436035156 -0.07311714440584183 -0.9462184309959412 -0.215940922498703 0.2409151792526245 -0.7666692137718201 0.00576054910197854 -0.7557763457298279 -0.6548044085502625 -3.6808838844299316
0.32350149750709534 -0.618198573589325 0.7163639068603516 -0.0731234923005104 -0.9462095499038696 -0.21602673828601837 0.24087297916412354 -0.7666252851486206 0.005846472457051277 -0.755753219127655 -0.6548303365707397 -3.6809253692626953
0.32364508509635925 -0.6181607246398926 0.7163316607475281 -0.07312289625406265 -0.9461609721183777 -0.2160487025976181 0.24104399979114532 -0.7665919065475464 0.0057586245238780975 -0.7557778358459473 -0.654802680015564 -3.680903196334839
0.3235490322113037 -0.6181568503379822 0.7163784503936768 -0.0730767548084259 -0.9461938738822937 -0.2159738540649414 0.24098201096057892 -0.7666128873825073 0.005754375830292702 -0.7558024525642395 -0.6547743082046509 -3.6808841228485107
0.3235648572444916 -0.6182819604873657 0.7162633538246155 -0.07311847805976868 -0.9461885094642639 -0.21602441370487213 0.2409578561782837 -0.7666614651679993 0.0057505108416080475 -0.7556856274604797 -0.6549091339111328 -3.680884599685669
0.32341453433036804 -0.618215024471283 0.716389000415802 -0.07309678941965103 -0.9462397694587708 -0.21590298414230347 0.24086517095565796 -0.7667185664176941 0.005764096509665251 -0.7557750940322876 -0.6548057794570923 -3.6808390617370605
0.32349103689193726 -0.6182096004486084 0.7163590788841248 -0.07305426150560379 -0.94621342420578 -0.215988889336586 0.24089185893535614 -0.766714334487915 0.0058039771392941475 -0.7557549476623535 -0.654828667640686 -3.6809065341949463
0.3234119713306427 -0.6181899905204773 0.7164117693901062 -0.0731133446097374 -0.9462401270866394 -0.2159634232521057 0.24080969393253326 -0.7667004466056824 0.005852632690221071 -0.7557783126831055 -0.6548013091087341 -3.680957317352295
0.32341858744621277 -0.6183052659034729 0.7163092494010925 -0.07315897196531296 -0.9462375044822693 -0.21605563163757324 0.24073733389377594 -0.766761302947998 0.0059135244227945805 -0.7556576132774353 -0.6549400091171265 -3.68098783493042
0.3235451281070709 -0.618299126625061 0.7162574529647827 -0.0731574073433876 -0.9461939334869385 -0.21618302166461945 0.2407941371202469 -0.7666740417480469 0.005959927570074797 -0.7556262016296387 -0.6549758315086365 -3.681086778640747
0.32357484102249146 -0.6182575225830078 0.716279923915863 -0.07318972796201706 -0.9461838006973267 -0.2161857932806015 0.2408314049243927 -0.7666411399841309 0.00595374871045351 -0.7556594610214233 -0.6549375057220459 -3.6811330318450928
0.32353243231773376 -0.6184258460998535 0.7161537408828735 -0.07324535399675369 -0.9461981654167175 -0.21623317897319794 0.2407325655221939 -0.7667027711868286 0.00598098011687398 -0.7555081248283386 -0.6551118493080139 -3.681175947189331
0.3235621154308319 -0.6183384656906128 0.7162157893180847 -0.07318535447120667 -0.9461878538131714 -0.2162472903728485 0.2407604455947876 -0.766694962978363 0.006008308846503496 -0.7555756568908691 -0.6550337076187134 -3.6811416149139404
0.32361117005348206 -0.6183803081512451 0.7161574363708496 -0.07315230369567871 -0.9461714029312134 -0.21625396609306335 0.2408190369606018 -0.7666244506835938 0.005954160820692778 -0.7555394768714905 -0.6550759673118591 -3.6811304092407227
0.3235087990760803 -0.6182926893234253 0.7162793874740601 -0.0731615200638771 -0.9462059140205383 -0.21621203422546387 0.24072106182575226 -0.7666665315628052 0.006032181903719902 -0.7556231617927551 -0.6549786925315857 -3.681086778640747
0.32343336939811707 -0.618431806564331 0.7161933183670044 -0.07320207357406616 -0.9462311863899231 -0.21626363694667816 0.24057522416114807 -0.7667123675346375 0.006107244174927473 -0.7554945349693298 -0.6551263332366943 -3.681091547012329
0.3233129382133484 -0.6184191107749939 0.7162586450576782 -0.07310724258422852 -0.9462724924087524 -0.2161572128534317 0.24050851166248322 -0.7667338848114014 0.006089441478252411 -0.7555354237556458 -0.6550794243812561 -3.681046724319458
0.323421448469162 -0.6184559464454651 0.7161778807640076 -0.07308149337768555 -0.9462356567382812 -0.21621638536453247 0.24060019850730896 -0.7666980028152466 0.006048792507499456 -0.7554883360862732 -0.6551340818405151 -3.6810193061828613
0.32323580980300903 -0.6183927059173584 0.716316282749176 -0.07308538258075714 -0.9462989568710327 -0.2160731852054596 0.2404797375202179 -0.7667598128318787 0.006065852474421263 -0.7555810213088989 -0.6550269722938538 -3.681000232696533
0.32325607538223267 -0.6184315085411072 0.7162736058235168 -0.07314075529575348 -0.946291983127594 -0.21611258387565613 0.2404719442129135 -0.7668378353118896 0.006080355495214462 -0.7555379867553711 -0.6550764441490173 -3.6809709072113037
0.3231375813484192 -0.6183698177337646 0.7163803577423096 -0.07312281429767609 -0.9463324546813965 -0.21600447595119476 0.24040980637073517 -0.7668652534484863 0.006079219747334719 -0.7556194067001343 -0.6549825668334961 -3.6809637546539307
0.32306960225105286 -0.6183896064758301 0.7163939476013184 -0.07303814589977264 -0.9463554620742798 -0.21598204970359802 0.2403392344713211 -0.7667765021324158 0.006104990374296904 -0.7556096315383911 -0.6549935936927795 -3.680999994277954
0.3231218159198761 -0.6184293627738953 0.7163360714912415 -0.07301221787929535 -0.9463377594947815 -0.21602338552474976 0.2403719574213028 -0.7667459845542908 0.00609230250120163 -0.7555652856826782 -0.6550448536872864 -3.6809897422790527
0.3231361508369446 -0.6184162497520447 0.7163408994674683 -0.07299516350030899 -0.9463328123092651 -0.21603350341320038 0.24038226902484894 -0.7667394876480103 0.006097378674894571 -0.7555731534957886 -0.6550357937812805 -3.6809775829315186
