# 3x4 first row second row third row Freq: 100 current Time: 2021-04-06-17:39:39
-0.07579983025789261 -0.8350991010665894 0.544852077960968 -0.18725088238716125 -0.789431631565094 -0.2835491895675659 -0.5444239377975464 -0.5493911504745483 0.6091403961181641 -0.4713907539844513 -0.6377606391906738 -3.5787899494171143
-0.07578711956739426 -0.8351070880889893 0.5448415875434875 -0.18723832070827484 -0.7894319891929626 -0.2835507392883301 -0.5444226264953613 -0.5494083166122437 0.60914146900177 -0.47137564420700073 -0.6377707123756409 -3.578824520111084
-0.07580722868442535 -0.8350775241851807 0.5448840856552124 -0.1872100681066513 -0.7894531488418579 -0.28354835510253906 -0.5443931818008423 -0.5493689179420471 0.6091115474700928 -0.4714294373989105 -0.6377595663070679 -3.5788462162017822
-0.07586011290550232 -0.8350935578346252 0.5448521971702576 -0.1871529519557953 -0.7894811034202576 -0.2834698259830475 -0.5443935394287109 -0.5493525266647339 0.609068751335144 -0.47144830226898193 -0.6377865076065063 -3.578831195831299
-0.07585123181343079 -0.8351014256477356 0.5448412895202637 -0.18716269731521606 -0.7894946336746216 -0.28345832228660583 -0.5443799495697021 -0.5493208765983582 0.609052300453186 -0.47144120931625366 -0.6378074288368225 -3.5787620544433594
-0.07591210305690765 -0.8351192474365234 0.5448055863380432 -0.1871178150177002 -0.7894944548606873 -0.28339362144470215 -0.5444138646125793 -0.5493322014808655 0.6090449690818787 -0.4714486300945282 -0.6378089785575867 -3.5787503719329834
-0.07587698101997375 -0.8351258039474487 0.544800341129303 -0.18711277842521667 -0.7894778251647949 -0.28342705965042114 -0.544420599937439 -0.549353301525116 0.609070897102356 -0.4714168310165405 -0.6378076672554016 -3.5787832736968994
-0.07588377594947815 -0.8351259231567383 0.5447992086410522 -0.18715305626392365 -0.7894642949104309 -0.28343215584754944 -0.5444375276565552 -0.5493897199630737 0.6090875864028931 -0.4714135527610779 -0.6377941370010376 -3.5788044929504395
-0.07587021589279175 -0.8351360559463501 0.5447856187820435 -0.1871906816959381 -0.7894998788833618 -0.28340497612953186 -0.5444000363349915 -0.5494493842124939 0.6090431213378906 -0.47141197323799133 -0.637837827205658 -3.5787718296051025
-0.07584456354379654 -0.835162878036499 0.5447481274604797 -0.18714149296283722 -0.7894874811172485 -0.28340762853622437 -0.5444166660308838 -0.5494171380996704 0.6090623736381531 -0.4713629186153412 -0.6378556489944458 -3.57869029045105
-0.07582271099090576 -0.8351647257804871 0.5447482466697693 -0.18713366985321045 -0.7894735336303711 -0.2834334671497345 -0.5444234609603882 -0.5494378209114075 0.6090832352638245 -0.4713440537452698 -0.6378496885299683 -3.5787007808685303
-0.07586842030286789 -0.8352005481719971 0.544687032699585 -0.18708965182304382 -0.7894611358642578 -0.2833719253540039 -0.5444734692573547 -0.5493865013122559 0.6090935468673706 -0.4713176488876343 -0.6378593444824219 -3.5786609649658203
-0.07582876086235046 -0.8352054357528687 0.5446850061416626 -0.18711674213409424 -0.7894570231437683 -0.28340086340904236 -0.5444643497467041 -0.5493916869163513 0.6091038584709167 -0.47129151225090027 -0.6378688216209412 -3.578716278076172
-0.07579822093248367 -0.8351751565933228 0.5447356700897217 -0.18715590238571167 -0.7894732356071472 -0.2834421992301941 -0.5444192886352539 -0.5493989586830139 0.6090866327285767 -0.4713203012943268 -0.6378639936447144 -3.578660011291504
-0.0758073702454567 -0.8351859450340271 0.5447179079055786 -0.18716061115264893 -0.7894835472106934 -0.28341636061668396 -0.5444177985191345 -0.5494139790534973 0.6090720891952515 -0.47131675481796265 -0.6378805041313171 -3.578664779663086
-0.07583632320165634 -0.8352077603340149 0.5446804165840149 -0.1871497631072998 -0.7894410490989685 -0.283405065536499 -0.544485330581665 -0.5493859052658081 0.6091236472129822 -0.4712848663330078 -0.6378548741340637 -3.578678607940674
-0.07577186077833176 -0.8352264165878296 0.544660747051239 -0.18716208636760712 -0.7894390821456909 -0.2834377884864807 -0.5444712042808533 -0.5493600964546204 0.6091341972351074 -0.4712321162223816 -0.637883722782135 -3.578728199005127
-0.07574295252561569 -0.8352124691009521 0.5446861982345581 -0.1871773898601532 -0.7894479036331177 -0.28346723318099976 -0.5444430112838745 -0.5493791699409485 0.6091263294219971 -0.4712391495704651 -0.637886106967926 -3.578756809234619
-0.07580391317605972 -0.8352202773094177 0.5446657538414001 -0.18716585636138916 -0.7894424200057983 -0.28341659903526306 -0.5444773435592651 -0.5493544340133667 0.6091258525848389 -0.4712558090686798 -0.637874186038971 -3.5787696838378906
-0.07579777389764786 -0.8352463841438293 0.5446265935897827 -0.18719756603240967 -0.789405345916748 -0.28342393040657043 -0.5445272922515869 -0.5493363738059998 0.6091747283935547 -0.4712051451206207 -0.6378650069236755 -3.5788354873657227
-0.07576661556959152 -0.8352178931236267 0.5446745753288269 -0.18719087541103363 -0.7893921732902527 -0.28348663449287415 -0.5445137023925781 -0.5493513345718384 0.6091956496238708 -0.4712178409099579 -0.6378356218338013 -3.5789313316345215
-0.07581806182861328 -0.8352422118186951 0.5446301102638245 -0.18718867003917694 -0.7893868088722229 -0.2834267318248749 -0.544552743434906 -0.5493407249450684 0.6091962456703186 -0.4712108075618744 -0.6378402709960938 -3.5789268016815186
-0.07583513110876083 -0.8352296948432922 0.5446469783782959 -0.18719087541103363 -0.7893780469894409 -0.28343281149864197 -0.5445622205734253 -0.5493428707122803 0.609205424785614 -0.4712293744087219 -0.6378178000450134 -3.5789794921875
-0.0758308470249176 -0.8352509140968323 0.5446149706840515 -0.18717989325523376 -0.7893984913825989 -0.2833990752696991 -0.5445501208305359 -0.5493295192718506 0.6091794371604919 -0.4712119996547699 -0.6378554105758667 -3.579010486602783
-0.07578348368406296 -0.8352385759353638 0.5446404814720154 -0.18719439208507538 -0.7893906831741333 -0.2834540903568268 -0.544532835483551 -0.5493131279945374 0.6091954708099365 -0.47120076417922974 -0.6378483772277832 -3.5789952278137207
-0.07579898834228516 -0.8352564573287964 0.5446109771728516 -0.1872042566537857 -0.7893890738487244 -0.2834254801273346 -0.5445500612258911 -0.5493457317352295 0.6091956496238708 -0.4711863398551941 -0.6378589272499084 -3.5789778232574463
-0.0758138969540596 -0.8352642059326172 0.5445969700813293 -0.18720223009586334 -0.7893621921539307 -0.283426970243454 -0.5445882678031921 -0.5493330359458923 0.6092286109924316 -0.47117164731025696 -0.6378382444381714 -3.5789973735809326
-0.07584411650896072 -0.8352786898612976 0.5445705652236938 -0.1871429979801178 -0.7893942594528198 -0.28336432576179504 -0.5445743799209595 -0.5493236184120178 0.6091832518577576 -0.4711836576461792 -0.6378726363182068 -3.5789809226989746
-0.07582329213619232 -0.8352952003479004 0.5445481538772583 -0.18714967370033264 -0.7893881797790527 -0.28336867690086365 -0.5445809364318848 -0.5493403673171997 0.6091938018798828 -0.47115182876586914 -0.637886106967926 -3.578970193862915
-0.07585550099611282 -0.835296630859375 0.5445414185523987 -0.18714237213134766 -0.7893890142440796 -0.2833416163921356 -0.5445938110351562 -0.5493630766868591 0.6091886758804321 -0.4711654782295227 -0.6378809213638306 -3.578963279724121
-0.07586932182312012 -0.8352818489074707 0.5445621609687805 -0.18714477121829987 -0.7894131541252136 -0.2833270728588104 -0.5445663928985596 -0.549386203289032 0.6091557145118713 -0.47120046615600586 -0.6378865838050842 -3.5789997577667236
-0.07582566887140274 -0.8352665901184082 0.5445916652679443 -0.1871435046195984 -0.7894141674041748 -0.28337526321411133 -0.5445398092269897 -0.549345850944519 0.6091597676277161 -0.47119852900505066 -0.6378841400146484 -3.57891583442688
-0.07586410641670227 -0.8352636098861694 0.544590950012207 -0.18711517751216888 -0.7894173860549927 -0.2833460867404938 -0.544550359249115 -0.5493456721305847 0.6091508865356445 -0.4712214171886444 -0.6378757357597351 -3.5789051055908203
-0.07580773532390594 -0.8352574110031128 0.5446082353591919 -0.1871294379234314 -0.7894347310066223 -0.2833824157714844 -0.544506311416626 -0.5493476390838623 0.6091353893280029 -0.47121044993400574 -0.6378985643386841 -3.578859329223633
-0.07592582702636719 -0.8352769017219543 0.5445619225502014 -0.18711641430854797 -0.789435625076294 -0.2832708954811096 -0.5445629954338074 -0.5493664145469666 0.6091194748878479 -0.4712430536746979 -0.6378897428512573 -3.57881498336792
-0.07589671015739441 -0.8352376222610474 0.5446262359619141 -0.18711520731449127 -0.7894710898399353 -0.28330525755882263 -0.5444936752319336 -0.5493510961532593 0.6090770959854126 -0.47129198908805847 -0.6378939747810364 -3.578784942626953
-0.07593626528978348 -0.8352218866348267 0.544644832611084 -0.18712393939495087 -0.7894467115402222 -0.2833092510700226 -0.5445269346237183 -0.5493355989456177 0.609103798866272 -0.47131749987602234 -0.6378496885299683 -3.5788064002990723
-0.07593093067407608 -0.8352489471435547 0.5446040630340576 -0.1871432363986969 -0.7894102931022644 -0.2833144962787628 -0.5445770621299744 -0.5493936538696289 0.6091516613960266 -0.47126632928848267 -0.6378417611122131 -3.5788931846618652
-0.07585568726062775 -0.8352395296096802 0.5446289777755737 -0.18719694018363953 -0.7894400358200073 -0.2833591401576996 -0.5445107221603394 -0.5494476556777954 0.6091225743293762 -0.47125619649887085 -0.6378770470619202 -3.5789361000061035
-0.07583002001047134 -0.835270345211029 0.5445853471755981 -0.18718639016151428 -0.7894304990768433 -0.28335556387901306 -0.5445263981819153 -0.5494427680969238 0.6091380715370178 -0.4712037742137909 -0.6379009485244751 -3.579002857208252
-0.07581331580877304 -0.835270345211029 0.5445876121520996 -0.18719765543937683 -0.7894541621208191 -0.2833501696586609 -0.5444949269294739 -0.5494436025619507 0.6091095209121704 -0.47120699286460876 -0.637925922870636 -3.5789852142333984
-0.07589200884103775 -0.8352916240692139 0.5445440411567688 -0.18710969388484955 -0.7894527912139893 -0.28326907753944397 -0.5445390939712524 -0.5493873953819275 0.6091014742851257 -0.4712180197238922 -0.637925386428833 -3.5789663791656494
-0.0758967250585556 -0.835282027721405 0.5445581078529358 -0.1871011108160019 -0.7894437909126282 -0.28328195214271545 -0.5445454120635986 -0.5493884086608887 0.6091125011444092 -0.4712272882461548 -0.6379080414772034 -3.5789783000946045
-0.07582505792379379 -0.8352876901626587 0.5445594191551208 -0.18713106215000153 -0.7894644737243652 -0.2833157479763031 -0.5444978475570679 -0.549362301826477 0.6090946793556213 -0.4711969196796417 -0.6379474997520447 -3.5789613723754883
-0.07579386979341507 -0.8352736234664917 0.5445853471755981 -0.18714512884616852 -0.7894909381866455 -0.2833334505558014 -0.5444502234458923 -0.549335777759552 0.6090642213821411 -0.4712112545967102 -0.637965977191925 -3.578889846801758
-0.07581230252981186 -0.8352918028831482 0.5445548295974731 -0.187174454331398 -0.789490282535553 -0.2833015024662018 -0.5444678068161011 -0.5493381023406982 0.6090627908706665 -0.471198171377182 -0.6379770040512085 -3.578888177871704
-0.0757332518696785 -0.8352811932563782 0.5445821285247803 -0.1871870756149292 -0.7894706726074219 -0.2833884656429291 -0.5444510579109192 -0.5493582487106323 0.6090980768203735 -0.4711647033691406 -0.6379680037498474 -3.5789220333099365
-0.0757514238357544 -0.8352857232093811 0.544572651386261 -0.18720704317092896 -0.7894546985626221 -0.28338220715522766 -0.5444774031639099 -0.5493752956390381 0.6091164946556091 -0.4711604416370392 -0.6379535794258118 -3.578948497772217
-0.07573092728853226 -0.8352956771850586 0.5445602536201477 -0.18720659613609314 -0.7894439101219177 -0.28339648246765137 -0.5444856286048889 -0.5493624210357666 0.6091330051422119 -0.4711342453956604 -0.6379571557044983 -3.578944444656372
-0.07573623955249786 -0.835307776927948 0.5445409417152405 -0.1871841549873352 -0.7894271612167358 -0.2833932340145111 -0.544511616230011 -0.5493806004524231 0.6091540455818176 -0.47111475467681885 -0.6379514932632446 -3.57891845703125
-0.07572071999311447 -0.8352922201156616 0.5445669889450073 -0.18718279898166656 -0.7894108295440674 -0.2834334075450897 -0.5445143580436707 -0.5493842363357544 0.6091771125793457 -0.47111815214157104 -0.6379269361495972 -3.578935384750366
-0.07577404379844666 -0.8352892398834229 0.5445641279220581 -0.18715351819992065 -0.7894030213356018 -0.2834011912345886 -0.5445424914360046 -0.5493102073669434 0.6091806292533875 -0.47114279866218567 -0.6379053592681885 -3.57895827293396
-0.07588442414999008 -0.8352903723716736 0.5445470213890076 -0.18715327978134155 -0.7893955707550049 -0.28332042694091797 -0.5445953011512756 -0.5493192076683044 0.6091765761375427 -0.47118934988975525 -0.6378749012947083 -3.5789315700531006
-0.07583198696374893 -0.8352945446968079 0.5445479154586792 -0.18715564906597137 -0.7893797159194946 -0.2833690941333771 -0.5445929765701294 -0.5493366718292236 0.6092036366462708 -0.4711526930332184 -0.6378760933876038 -3.5789644718170166
-0.07591424137353897 -0.8353042006492615 0.5445216298103333 -0.18713387846946716 -0.7894112467765808 -0.2832714319229126 -0.5445981025695801 -0.5493221879005432 0.6091525554656982 -0.4711942672729492 -0.6378941535949707 -3.5789477825164795
-0.07588361948728561 -0.8353239893913269 0.5444955825805664 -0.18715327978134155 -0.78940749168396 -0.2832782566547394 -0.5445999503135681 -0.5493464469909668 0.6091611981391907 -0.47115516662597656 -0.637914776802063 -3.5789670944213867
-0.07590170949697495 -0.8353172540664673 0.5445033311843872 -0.18715423345565796 -0.7894072532653809 -0.28327110409736633 -0.5446040034294128 -0.5493307709693909 0.6091592311859131 -0.4711712896823883 -0.6379047632217407 -3.5789988040924072
-0.07586510479450226 -0.8353020548820496 0.5445318222045898 -0.18716204166412354 -0.7894347906112671 -0.28329336643218994 -0.5445525050163269 -0.5492855906486511 0.6091281175613403 -0.47118493914604187 -0.6379243731498718 -3.578930616378784
-0.07595330476760864 -0.8353208899497986 0.5444905757904053 -0.1871601790189743 -0.7894575595855713 -0.28318867087364197 -0.544573962688446 -0.5493002533912659 0.6090876460075378 -0.4712144434452057 -0.6379412412643433 -3.5788817405700684
-0.07595422863960266 -0.835350513458252 0.5444450378417969 -0.18716709315776825 -0.7894504070281982 -0.2831639051437378 -0.5445972681045532 -0.5493015050888062 0.6090968251228333 -0.4711768627166748 -0.6379602551460266 -3.5788650512695312
-0.07595133781433105 -0.8353533148765564 0.5444411039352417 -0.1871708780527115 -0.7894414067268372 -0.283170223236084 -0.5446069836616516 -0.549326479434967 0.6091088056564331 -0.47116801142692566 -0.6379553079605103 -3.578845262527466
-0.07596101611852646 -0.8353214859962463 0.5444886088371277 -0.18716542422771454 -0.7894393801689148 -0.28319618105888367 -0.5445963740348816 -0.5493481159210205 0.6091102361679077 -0.47120893001556396 -0.6379237771034241 -3.5789072513580322
-0.07597988843917847 -0.8353416323661804 0.5444550514221191 -0.1872057169675827 -0.7894122004508972 -0.28318244218826294 -0.544642984867096 -0.5493666529655457 0.6091431379318237 -0.4711814224720001 -0.6379126906394958 -3.5789287090301514
-0.07594727724790573 -0.8353741765022278 0.5444096326828003 -0.18719196319580078 -0.7894081473350525 -0.2831782400608063 -0.5446510314941406 -0.5493855476379395 0.6091524362564087 -0.4711262285709381 -0.6379445195198059 -3.578948497772217
-0.07596460729837418 -0.8353747129440308 0.5444064140319824 -0.18719950318336487 -0.789408802986145 -0.28316381573677063 -0.5446575880050659 -0.5493974089622498 0.6091494560241699 -0.4711339473724365 -0.6379416584968567 -3.5789570808410645
-0.07596849650144577 -0.8353879451751709 0.5443856120109558 -0.18719442188739777 -0.7894057035446167 -0.28314998745918274 -0.5446692705154419 -0.5494145750999451 0.6091529726982117 -0.47111886739730835 -0.6379494667053223 -3.578979015350342
-0.07597440481185913 -0.8353904485702515 0.5443809628486633 -0.18717741966247559 -0.7894197702407837 -0.28313201665878296 -0.5446582436561584 -0.549370527267456 0.6091340184211731 -0.47112518548965454 -0.6379628777503967 -3.578920364379883
-0.07599525898694992 -0.8354109525680542 0.5443465113639832 -0.18714848160743713 -0.7894055247306824 -0.28310632705688477 -0.5446921586990356 -0.5493687987327576 0.6091498136520386 -0.471104234457016 -0.6379632949829102 -3.5788960456848145
-0.07597832381725311 -0.8354105353355408 0.5443496108055115 -0.1871485412120819 -0.7893935441970825 -0.28312918543815613 -0.5446977019309998 -0.5493746399879456 0.6091674566268921 -0.4710913300514221 -0.6379559636116028 -3.5788981914520264
-0.07594812661409378 -0.8354159593582153 0.5443454384803772 -0.18715287744998932 -0.7894238233566284 -0.2831236720085144 -0.5446566939353943 -0.5493842363357544 0.6091319918632507 -0.47108495235443115 -0.6379945278167725 -3.5788638591766357
-0.0759662464261055 -0.8354031443595886 0.5443626046180725 -0.18715456128120422 -0.7894389033317566 -0.2831107974052429 -0.5446414947509766 -0.5493927001953125 0.6091101765632629 -0.47111544013023376 -0.6379928588867188 -3.5788626670837402
-0.07601001113653183 -0.8354412317276001 0.5442980527877808 -0.18716292083263397 -0.7894367575645447 -0.28304049372673035 -0.5446811318397522 -0.5494233965873718 0.609107494354248 -0.4710901379585266 -0.6380140781402588 -3.578819513320923
-0.0759999230504036 -0.8353859186172485 0.5443843007087708 -0.18716958165168762 -0.7894837856292725 -0.2830672562122345 -0.5445990562438965 -0.5493490099906921 0.6090478301048279 -0.47117212414741516 -0.6380105018615723 -3.57869553565979
-0.07606735825538635 -0.8354129791259766 0.5443333983421326 -0.1871337741613388 -0.7895314693450928 -0.28295111656188965 -0.5445902943611145 -0.5493447184562683 0.6089775562286377 -0.47119393944740295 -0.6380614638328552 -3.578643798828125
-0.07604026794433594 -0.8353742957115173 0.5443965196609497 -0.18710336089134216 -0.7895179986953735 -0.2830211818218231 -0.5445734262466431 -0.5493284463882446 0.6089984178543091 -0.4712204039096832 -0.6380220055580139 -3.5786807537078857
-0.07609628885984421 -0.8353835344314575 0.5443745255470276 -0.18712279200553894 -0.7894850373268127 -0.2829941213130951 -0.5446352958679199 -0.5493256449699402 0.6090341806411743 -0.47122031450271606 -0.6379879117012024 -3.578673839569092
-0.07611419260501862 -0.8353831171989441 0.5443726778030396 -0.18712301552295685 -0.7894760966300964 -0.2829876244068146 -0.5446516275405884 -0.549321711063385 0.609043538570404 -0.47122496366500854 -0.6379755735397339 -3.578660011291504
-0.07610297203063965 -0.8353682160377502 0.5443970561027527 -0.18711824715137482 -0.7894589304924011 -0.2830244302749634 -0.5446574091911316 -0.5493180751800537 0.6090672016143799 -0.4712291955947876 -0.6379498839378357 -3.5786499977111816
-0.07603791356086731 -0.8353446125984192 0.544442355632782 -0.18713970482349396 -0.7894712686538696 -0.2830888330936432 -0.5446059703826904 -0.5493444800376892 0.6090592741966248 -0.4712323546409607 -0.6379550695419312 -3.5786209106445312
-0.07607978582382202 -0.8353480696678162 0.5444312691688538 -0.18711458146572113 -0.7894808650016785 -0.28304558992385864 -0.5446145534515381 -0.5493109822273254 0.6090416312217712 -0.47125229239463806 -0.6379572153091431 -3.5786077976226807
-0.07605671137571335 -0.8353184461593628 0.5444799065589905 -0.18708327412605286 -0.7894731760025024 -0.2830990254878998 -0.5445979237556458 -0.5493208169937134 0.609054446220398 -0.47127267718315125 -0.6379299163818359 -3.578673839569092
-0.07607215642929077 -0.8353741765022278 0.5443922281265259 -0.18708646297454834 -0.789472758769989 -0.2830316126346588 -0.5446335673332214 -0.5493060350418091 0.6090530753135681 -0.47121432423591614 -0.6379743218421936 -3.578678607940674
-0.07606665045022964 -0.8353766798973083 0.5443891286849976 -0.18708524107933044 -0.7894626259803772 -0.28304120898246765 -0.5446432828903198 -0.5492915511131287 0.609066903591156 -0.47120413184165955 -0.6379686594009399 -3.5787079334259033
-0.07610124349594116 -0.8353859186172485 0.5443701148033142 -0.1870926022529602 -0.7894540429115295 -0.2830118238925934 -0.5446709990501404 -0.5492926239967346 0.6090737581253052 -0.47120538353919983 -0.637961208820343 -3.5787267684936523
-0.07615035027265549 -0.8353931307792664 0.5443521738052368 -0.18708260357379913 -0.7894540429115295 -0.28296658396720886 -0.5446944832801819 -0.5493127703666687 0.6090675592422485 -0.4712197780609131 -0.6379565000534058 -3.5786983966827393
-0.07611765712499619 -0.8353517055511475 0.5444204211235046 -0.1870819628238678 -0.789454996585846 -0.28303268551826477 -0.5446587800979614 -0.5493273735046387 0.6090704798698425 -0.4712536036968231 -0.6379287242889404 -3.5786874294281006
-0.07609886676073074 -0.8353333473205566 0.544451117515564 -0.18713968992233276 -0.7894547581672668 -0.2830657362937927 -0.5446419715881348 -0.5493370294570923 0.6090731024742126 -0.4712662100791931 -0.6379168629646301 -3.5787642002105713
-0.07607942819595337 -0.8353328704833984 0.5444546341896057 -0.18712781369686127 -0.7894163727760315 -0.28311097621917725 -0.5446740984916687 -0.5493596792221069 0.6091252565383911 -0.47123992443084717 -0.6378864645957947 -3.5788309574127197
-0.07606450468301773 -0.8353247046470642 0.5444692373275757 -0.18711286783218384 -0.7893955707550049 -0.28314676880836487 -0.5446856021881104 -0.5493795871734619 0.6091541051864624 -0.4712328612804413 -0.6378641724586487 -3.5788333415985107
-0.07602645456790924 -0.8352979421615601 0.5445155501365662 -0.18710967898368835 -0.7894207835197449 -0.2831834554672241 -0.5446299910545349 -0.5493433475494385 0.6091261506080627 -0.4712582230567932 -0.6378720998764038 -3.5787878036499023
-0.07604344934225082 -0.8353241682052612 0.5444729924201965 -0.1871137171983719 -0.7894196510314941 -0.2831449508666992 -0.5446516275405884 -0.5493446588516235 0.6091254949569702 -0.4712349474430084 -0.6378899812698364 -3.5788064002990723
-0.07601962983608246 -0.8353320956230164 0.5444641709327698 -0.18711794912815094 -0.7894188165664673 -0.2831561267375946 -0.5446470975875854 -0.5493537783622742 0.6091296076774597 -0.4712141454219818 -0.6379014253616333 -3.578808546066284
-0.07605531066656113 -0.8353433609008789 0.5444418787956238 -0.1871320903301239 -0.7894048690795898 -0.283128023147583 -0.5446819067001343 -0.5493605732917786 0.6091432571411133 -0.4712110459804535 -0.6378906965255737 -3.5788309574127197
-0.07605605572462082 -0.8353490829467773 0.5444329380989075 -0.18711724877357483 -0.7893807888031006 -0.2831403315067291 -0.5447103977203369 -0.549358069896698 0.6091743111610413 -0.47119349241256714 -0.6378739476203918 -3.5788533687591553
-0.07607761025428772 -0.8353522419929504 0.5444251298904419 -0.1871386021375656 -0.7893614172935486 -0.2831355035305023 -0.5447409749031067 -0.5493624210357666 0.6091967225074768 -0.47119084000587463 -0.6378545165061951 -3.5788938999176025
-0.0761125385761261 -0.8353469371795654 0.5444284081459045 -0.18715684115886688 -0.7893523573875427 -0.2831208109855652 -0.5447617769241333 -0.5493557453155518 0.609204113483429 -0.4712090790271759 -0.6378339529037476 -3.5789148807525635
-0.07608170062303543 -0.8353549838066101 0.5444203615188599 -0.1871674507856369 -0.7893542647361755 -0.2831351161003113 -0.5447515249252319 -0.5493583083152771 0.6092054843902588 -0.47118622064590454 -0.6378495693206787 -3.5789315700531006
-0.07611353695392609 -0.8353588581085205 0.544409990310669 -0.187179297208786 -0.7893653512001038 -0.2830980718135834 -0.5447547435760498 -0.5493285655975342 0.609187126159668 -0.47120165824890137 -0.6378557085990906 -3.57883620262146
-0.0760665014386177 -0.8353643417358398 0.5444081425666809 -0.18718768656253815 -0.7893526554107666 -0.2831387519836426 -0.5447519421577454 -0.549326479434967 0.6092094779014587 -0.4711674451828003 -0.6378596425056458 -3.5788607597351074
-0.07605338841676712 -0.835344672203064 0.5444400906562805 -0.18718339502811432 -0.7893373370170593 -0.2831804156303406 -0.5447525382041931 -0.5493351221084595 0.6092309951782227 -0.47117722034454346 -0.6378318667411804 -3.578826665878296
-0.07607920467853546 -0.835348904132843 0.5444300174713135 -0.18719452619552612 -0.7893232107162476 -0.28316712379455566 -0.5447798371315002 -0.54933100938797 0.609246015548706 -0.47117772698402405 -0.6378171443939209 -3.5788261890411377
-0.07605452090501785 -0.8353697657585144 0.5444015264511108 -0.1871892213821411 -0.7893487215042114 -0.2831456661224365 -0.5447540879249573 -0.5493723750114441 0.609216034412384 -0.47115370631217957 -0.6378635168075562 -3.5788111686706543
-0.07600660622119904 -0.8353419899940491 0.5444508194923401 -0.18719415366649628 -0.7893557548522949 -0.2832051217556 -0.544713020324707 -0.5493872761726379 0.6092129349708557 -0.4711672067642212 -0.6378564834594727 -3.5788168907165527
-0.07599698752164841 -0.8353627324104309 0.5444202423095703 -0.18723103404045105 -0.789332389831543 -0.28320980072021484 -0.5447443723678589 -0.5494115948677063 0.6092443466186523 -0.47112753987312317 -0.6378557682037354 -3.5788357257843018
-0.07603145390748978 -0.8353606462478638 0.5444187521934509 -0.1871698647737503 -0.7893598675727844 -0.28316402435302734 -0.5447283387184143 -0.5493893623352051 0.6092044711112976 -0.47115883231163025 -0.637870728969574 -3.578824520111084
-0.07604122161865234 -0.8353630900382996 0.5444135665893555 -0.1871659755706787 -0.7893553376197815 -0.28315746784210205 -0.5447382926940918 -0.5494014620780945 0.6092091202735901 -0.47115838527679443 -0.6378666758537292 -3.578831195831299
-0.07603290677070618 -0.8353573679924011 0.544423520565033 -0.18715962767601013 -0.7893704175949097 -0.28315800428390503 -0.5447162389755249 -0.5494174957275391 0.6091906428337097 -0.47116824984550476 -0.6378770470619202 -3.578900098800659
-0.0760338082909584 -0.8353425860404968 0.5444460511207581 -0.18715691566467285 -0.7893574833869934 -0.2831820845603943 -0.5447224378585815 -0.5494298338890076 0.609207272529602 -0.4711799621582031 -0.6378524899482727 -3.578906297683716
-0.0760287418961525 -0.8353114724159241 0.5444944500923157 -0.18718300759792328 -0.7894007563591003 -0.28318366408348083 -0.5446589589118958 -0.5493893027305603 0.6091518402099609 -0.47123411297798157 -0.6378653645515442 -3.5788791179656982
-0.07604293525218964 -0.8353098034858704 0.5444950461387634 -0.18718388676643372 -0.7894056439399719 -0.28317058086395264 -0.5446586608886719 -0.5493978261947632 0.6091437935829163 -0.4712449610233307 -0.6378651261329651 -3.5788822174072266
-0.07606547325849533 -0.8353558778762817 0.5444212555885315 -0.1871415078639984 -0.7894176244735718 -0.2830977737903595 -0.5446791052818298 -0.5493937134742737 0.6091253757476807 -0.4712070822715759 -0.6379106640815735 -3.578828811645508
-0.07605946063995361 -0.8353627920150757 0.5444114804267883 -0.1871342808008194 -0.7894203662872314 -0.2830933928489685 -0.5446774363517761 -0.5494008660316467 0.6091225743293762 -0.4711974263191223 -0.6379204392433167 -3.578829288482666
-0.07604372501373291 -0.8353460431098938 0.5444393754005432 -0.18715156614780426 -0.7893951535224915 -0.2831417918205261 -0.5446887612342834 -0.5494012832641602 0.6091572046279907 -0.47119802236557007 -0.6378869414329529 -3.578890800476074
-0.07601207494735718 -0.8353251814842224 0.5444758534431458 -0.18714578449726105 -0.789405107498169 -0.28317949175834656 -0.5446547865867615 -0.5493984818458557 0.6091483235359192 -0.47121238708496094 -0.6378848552703857 -3.578855514526367
-0.07602795958518982 -0.8353743553161621 0.5443981885910034 -0.18713513016700745 -0.7894072532653809 -0.28311634063720703 -0.5446844696998596 -0.5494084358215332 0.6091434955596924 -0.47116318345069885 -0.6379258036613464 -3.578850507736206
-0.07604289054870605 -0.8353011608123779 0.5445083379745483 -0.18713431060314178 -0.7893915772438049 -0.28319013118743896 -0.5446688532829285 -0.5493336319923401 0.6091619729995728 -0.4712485373020172 -0.6378450989723206 -3.578810453414917
-0.07605093717575073 -0.8353138566017151 0.5444877743721008 -0.18713407218456268 -0.7893786430358887 -0.28318122029304504 -0.5446922183036804 -0.5493371486663818 0.6091777086257935 -0.4712314009666443 -0.6378427147865295 -3.5788145065307617
-0.07604700326919556 -0.8352746963500977 0.5445483922958374 -0.1871904730796814 -0.7893778085708618 -0.28322407603263855 -0.5446711182594299 -0.5493440628051758 0.6091792583465576 -0.47127509117126465 -0.6378089189529419 -3.578796863555908
-0.0760437622666359 -0.8352642059326172 0.5445649027824402 -0.18719832599163055 -0.7893621921539307 -0.2832491397857666 -0.5446807742118835 -0.5493503212928772 0.6091999411582947 -0.4712785482406616 -0.6377866268157959 -3.5788025856018066
-0.07609298825263977 -0.8352388739585876 0.5445968508720398 -0.18720251321792603 -0.789325475692749 -0.28326478600502014 -0.5447258353233337 -0.5493590235710144 0.6092413663864136 -0.47131404280662537 -0.6377208232879639 -3.578843593597412
-0.07609536498785019 -0.8352639675140381 0.5445581078529358 -0.18718987703323364 -0.7893247008323669 -0.2832385003566742 -0.544740617275238 -0.549393355846405 0.6092420816421509 -0.47128546237945557 -0.6377412676811218 -3.5788726806640625
-0.07610192149877548 -0.8352392911911011 0.5445950031280518 -0.1871826946735382 -0.7893248200416565 -0.28325799107551575 -0.5447303652763367 -0.549382209777832 0.6092411279678345 -0.4713174104690552 -0.6377186179161072 -3.578871965408325
-0.07611129432916641 -0.8352635502815247 0.5445564389228821 -0.18717622756958008 -0.7893592715263367 -0.2831997871398926 -0.544710636138916 -0.5493986010551453 0.6091952919960022 -0.4713093936443329 -0.6377683281898499 -3.5788967609405518
-0.07600733637809753 -0.8352932333946228 0.5445254445075989 -0.18717779219150543 -0.7893893122673035 -0.2832273244857788 -0.5446528196334839 -0.549391508102417 0.6091693639755249 -0.47124022245407104 -0.6378441452980042 -3.578859567642212
-0.07601290941238403 -0.8353032469749451 0.5445093512535095 -0.18717995285987854 -0.7893783450126648 -0.2832215130329132 -0.5446717739105225 -0.5493941307067871 0.6091828942298889 -0.4712260067462921 -0.6378417611122131 -3.578852891921997
-0.07599925249814987 -0.8353407979011536 0.5444536805152893 -0.18716596066951752 -0.789365828037262 -0.28320416808128357 -0.5446988344192505 -0.5493836998939514 0.6092007756233215 -0.4711698889732361 -0.6378661394119263 -3.578855514526367
-0.07600296288728714 -0.8353444933891296 0.5444474816322327 -0.18716827034950256 -0.7893630862236023 -0.2831997275352478 -0.5447051525115967 -0.5493953824043274 0.6092038750648499 -0.4711659848690033 -0.6378660798072815 -3.578864812850952
-0.07598991692066193 -0.8353956341743469 0.5443707704544067 -0.18716788291931152 -0.7893175482749939 -0.2831938564777374 -0.5447742342948914 -0.5493948459625244 0.6092644929885864 -0.4710787832736969 -0.6378725171089172 -3.578918695449829
-0.07599834352731705 -0.8353946208953857 0.5443711876869202 -0.18716667592525482 -0.7893278002738953 -0.28318044543266296 -0.5447663068771362 -0.5494003891944885 0.6092501878738403 -0.471088707447052 -0.6378788948059082 -3.5789260864257812
-0.07596872746944427 -0.8353756666183472 0.5444043874740601 -0.18720553815364838 -0.7893251180648804 -0.2832243740558624 -0.5447473526000977 -0.5494621396064758 0.6092573404312134 -0.47109588980674744 -0.6378667950630188 -3.5789058208465576
-0.07597042620182037 -0.8353599905967712 0.5444282293319702 -0.18721583485603333 -0.7893382906913757 -0.2832285761833191 -0.5447260737419128 -0.5494641661643982 0.6092400550842285 -0.4711211919784546 -0.6378645896911621 -3.578883647918701
-0.07590897381305695 -0.8353840112686157 0.5443999171257019 -0.18721356987953186 -0.7893316149711609 -0.28325721621513367 -0.5447208285331726 -0.5494458675384521 0.6092563271522522 -0.4710613191127777 -0.6378932595252991 -3.578925371170044
-0.07586383074522018 -0.8353627920150757 0.5444387197494507 -0.18721430003643036 -0.7893537282943726 -0.28329628705978394 -0.5446685552597046 -0.5493975877761841 0.6092333793640137 -0.4710754156112671 -0.6379047632217407 -3.578861713409424
-0.07581409811973572 -0.8353601098060608 0.5444498062133789 -0.1872083991765976 -0.7893589735031128 -0.28333333134651184 -0.5446416139602661 -0.5493761301040649 0.6092327237129211 -0.4710578918457031 -0.6379183530807495 -3.578857660293579
-0.07583598792552948 -0.8353886008262634 0.544403076171875 -0.18722058832645416 -0.7893469929695129 -0.28329724073410034 -0.5446777939796448 -0.5493723154067993 0.6092455387115479 -0.4710291624069214 -0.6379272937774658 -3.5788395404815674
-0.07582985609769821 -0.8353813886642456 0.5444149374961853 -0.1872342824935913 -0.7893506288528442 -0.283306360244751 -0.5446677803993225 -0.5493611693382263 0.6092416048049927 -0.4710364043712616 -0.6379256844520569 -3.5788509845733643
-0.07578485459089279 -0.8353378176689148 0.5444880723953247 -0.18723930418491364 -0.7893491983413696 -0.28338584303855896 -0.5446285009384155 -0.5493699908256531 0.6092490553855896 -0.47106584906578064 -0.6378968954086304 -3.5788755416870117
-0.07585988938808441 -0.8353726863861084 0.5444241762161255 -0.1872028261423111 -0.7893388867378235 -0.2833009362220764 -0.5446876287460327 -0.5493632555007935 0.6092530488967896 -0.47105515003204346 -0.6379009485244751 -3.5788235664367676
-0.07589588314294815 -0.8354030847549438 0.5443724393844604 -0.18716935813426971 -0.7893362641334534 -0.28324466943740845 -0.5447206497192383 -0.549369215965271 0.6092519760131836 -0.4710350036621094 -0.6379168033599854 -3.5788140296936035
-0.07590189576148987 -0.8354003429412842 0.5443758368492126 -0.18716831505298615 -0.7893227934837341 -0.28325319290161133 -0.5447357892990112 -0.5493669509887695 0.6092687249183655 -0.4710347652435303 -0.6379010677337646 -3.5788071155548096
-0.07594316452741623 -0.8353922367095947 0.5443825721740723 -0.18711350858211517 -0.7893074154853821 -0.28324127197265625 -0.5447642207145691 -0.5493593215942383 0.609283447265625 -0.47105637192726135 -0.6378710269927979 -3.578728437423706
-0.07588580250740051 -0.8353549242019653 0.5444477200508118 -0.18711142241954803 -0.7893469333648682 -0.28329241275787354 -0.5446804165840149 -0.5493416786193848 0.6092394590377808 -0.47109168767929077 -0.6378869414329529 -3.5786919593811035
-0.07589705288410187 -0.8353908061981201 0.5443910956382751 -0.1871051788330078 -0.7893357276916504 -0.2832564413547516 -0.5447152853012085 -0.5493339896202087 0.6092525124549866 -0.4710496962070465 -0.637905478477478 -3.5786991119384766
-0.07585511356592178 -0.8353939056396484 0.5443922281265259 -0.18708951771259308 -0.7893334627151489 -0.28328752517700195 -0.544702410697937 -0.5493520498275757 0.6092606782913208 -0.4710255265235901 -0.6379155516624451 -3.578742027282715
-0.0759354755282402 -0.8353867530822754 0.5443920493125916 -0.1871204376220703 -0.7892917990684509 -0.28326481580734253 -0.5447746515274048 -0.5493609309196472 0.609304666519165 -0.4710519313812256 -0.6378539800643921 -3.578758478164673
-0.07589677721261978 -0.8353578448295593 0.5444417595863342 -0.1871182918548584 -0.7892943620681763 -0.28332167863845825 -0.5447413325309753 -0.5493676066398621 0.6093061566352844 -0.47106897830963135 -0.6378399729728699 -3.578768491744995
-0.07597194612026215 -0.8353563547134399 0.54443359375 -0.18712489306926727 -0.7892884016036987 -0.28326961398124695 -0.5447770357131958 -0.5493862628936768 0.6093045473098755 -0.47110292315483093 -0.6378164887428284 -3.5787758827209473
-0.07593890279531479 -0.8353255987167358 0.5444853901863098 -0.18713052570819855 -0.78932785987854 -0.2832954227924347 -0.544706404209137 -0.5493791699409485 0.6092574596405029 -0.4711419641971588 -0.6378325819969177 -3.5787410736083984
-0.07596410065889359 -0.8353241682052612 0.5444840788841248 -0.1871466338634491 -0.7893221974372864 -0.28328177332878113 -0.544721782207489 -0.5494058132171631 0.6092617511749268 -0.47115272283554077 -0.6378206014633179 -3.5787527561187744
-0.07592912763357162 -0.8352802991867065 0.544556200504303 -0.18715828657150269 -0.7893402576446533 -0.2833386957645416 -0.5446659922599792 -0.5493962168693542 0.6092426776885986 -0.47119617462158203 -0.6378067135810852 -3.5787062644958496
-0.07588309794664383 -0.8353042602539062 0.5445258617401123 -0.18716676533222198 -0.78929603099823 -0.2833845317363739 -0.5447062253952026 -0.5493869185447693 0.6093056797981262 -0.47112616896629333 -0.6377982497215271 -3.5787296295166016
-0.0758826732635498 -0.8352855443954468 0.5445547103881836 -0.18716701865196228 -0.7892864942550659 -0.2834109961986542 -0.5447062849998474 -0.549403727054596 0.6093180775642395 -0.4711434841156006 -0.6377735733985901 -3.578765869140625
-0.07595881074666977 -0.8352985382080078 0.544524073600769 -0.18711277842521667 -0.7892802357673645 -0.2833438813686371 -0.5447502136230469 -0.5493439435958862 0.6093167066574097 -0.4711607098579407 -0.637762188911438 -3.5787789821624756
-0.07598764449357986 -0.8353227376937866 0.544482946395874 -0.18710801005363464 -0.7892588973045349 -0.28331393003463745 -0.5447967648506165 -0.5493505001068115 0.6093407869338989 -0.4711358845233917 -0.6377574801445007 -3.5788075923919678
-0.07592834532260895 -0.8353139162063599 0.5445047616958618 -0.18714416027069092 -0.7892476320266724 -0.2833772897720337 -0.5447800755500793 -0.549347460269928 0.6093627214431763 -0.471113383769989 -0.6377531290054321 -3.578800916671753
-0.07592402398586273 -0.8353149890899658 0.5445036888122559 -0.18718507885932922 -0.789247989654541 -0.28337928652763367 -0.5447785258293152 -0.5493695735931396 0.609362781047821 -0.4711102843284607 -0.6377553939819336 -3.5788252353668213
-0.07592976093292236 -0.8353246450424194 0.5444881319999695 -0.1871911585330963 -0.7892289161682129 -0.2833799719810486 -0.5448058247566223 -0.5493806600570679 0.6093868017196655 -0.4710927903652191 -0.6377453207969666 -3.5788662433624268
-0.07592421025037766 -0.8353396058082581 0.544465959072113 -0.1871776133775711 -0.7892212867736816 -0.28337520360946655 -0.5448193550109863 -0.549382746219635 0.6093974113464355 -0.4710691273212433 -0.6377527117729187 -3.5788779258728027
-0.07592238485813141 -0.8353437185287476 0.5444598197937012 -0.18717986345291138 -0.7892272472381592 -0.2833678424358368 -0.5448145270347595 -0.5493917465209961 0.6093898415565491 -0.4710662066936493 -0.6377620697021484 -3.578911066055298
-0.0759846493601799 -0.8353413939476013 0.5444547533988953 -0.18716302514076233 -0.789189338684082 -0.2833513617515564 -0.5448780655860901 -0.5493703484535217 0.609431266784668 -0.47108030319213867 -0.6377121210098267 -3.578913927078247
-0.07595587521791458 -0.835306704044342 0.5445120334625244 -0.18716003000736237 -0.7891933917999268 -0.28340521454811096 -0.5448442101478577 -0.54938805103302 0.6094295978546143 -0.47110944986343384 -0.6376921534538269 -3.578967332839966
-0.07590049505233765 -0.8353152871131897 0.5445065498352051 -0.187188521027565 -0.7891585826873779 -0.2834663391113281 -0.5448628067970276 -0.549401044845581 0.6094815731048584 -0.4710574150085449 -0.6376809477806091 -3.578984022140503
-0.07588902860879898 -0.8353041410446167 0.5445252656936646 -0.1871947944164276 -0.7891892194747925 -0.2834627032279968 -0.5448203086853027 -0.549385666847229 0.6094433069229126 -0.47107940912246704 -0.6377012729644775 -3.5789473056793213
-0.07584324479103088 -0.8353303670883179 0.5444914102554321 -0.18720532953739166 -0.7891674637794495 -0.2834886610507965 -0.5448383092880249 -0.5494149923324585 0.609477162361145 -0.4710172712802887 -0.6377148032188416 -3.5789575576782227
-0.07584671676158905 -0.8353416323661804 0.5444735884666443 -0.18715670704841614 -0.7891870737075806 -0.28345951437950134 -0.5448250770568848 -0.5493788123130798 0.6094513535499573 -0.47101476788520813 -0.6377413272857666 -3.579008102416992
-0.07585722208023071 -0.8353706002235413 0.544427752494812 -0.18712052702903748 -0.7891828417778015 -0.2834257185459137 -0.5448487997055054 -0.5494067072868347 0.6094555258750916 -0.4709837734699249 -0.6377602219581604 -3.579025983810425
