# 3x4 first row second row third row Freq: 100 current Time: 2021-04-06-17:41:11
0.0026377623435109854 -0.6250274181365967 0.7805982828140259 -0.2645860016345978 -0.9930469989776611 -0.09350523352622986 -0.07151436805725098 -0.609050452709198 0.11768850684165955 -0.774982213973999 -0.6209282279014587 -3.6696486473083496
0.0025863845366984606 -0.6251720786094666 0.7804825901985168 -0.26474058628082275 -0.9930230379104614 -0.09361860901117325 -0.07169855386018753 -0.6090352535247803 0.11789166927337646 -0.7748517990112305 -0.6210523843765259 -3.6694347858428955
0.0026996375527232885 -0.6251068711280823 0.7805344462394714 -0.2647302746772766 -0.9930248260498047 -0.09368119388818741 -0.07159201055765152 -0.6090890169143677 0.11787410080432892 -0.7748968005180359 -0.6209995746612549 -3.669440269470215
0.002739228308200836 -0.6250669956207275 0.7805662155151367 -0.2647297978401184 -0.993031919002533 -0.09366229176521301 -0.07151877880096436 -0.609090268611908 0.11781369149684906 -0.7749313116073608 -0.6209679841995239 -3.669506311416626
0.0026572784408926964 -0.6250888109207153 0.7805490493774414 -0.2646615505218506 -0.9930353164672852 -0.09358824789524078 -0.07156792283058167 -0.6090952754020691 0.11778656393289566 -0.7749226689338684 -0.6209839582443237 -3.6693458557128906
0.002695689909160137 -0.6250252723693848 0.7805997729301453 -0.2646408677101135 -0.9930407404899597 -0.09358157217502594 -0.07150141894817352 -0.6090909838676453 0.11773999035358429 -0.7749747037887573 -0.6209278106689453 -3.669405698776245
0.002571823075413704 -0.6250719428062439 0.7805628776550293 -0.2645944356918335 -0.9930430054664612 -0.09348788112401962 -0.07159294933080673 -0.6090492010116577 0.11772394925355911 -0.7749484181404114 -0.6209636926651001 -3.6692938804626465
0.0026116925291717052 -0.6250162720680237 0.7806073427200317 -0.26460862159729004 -0.9930511116981506 -0.0934637039899826 -0.07151209563016891 -0.6090726256370544 0.1176547110080719 -0.7749962210655212 -0.6209171414375305 -3.669318914413452
0.002555184531956911 -0.6248807907104492 0.7807159423828125 -0.2646182179450989 -0.9930205941200256 -0.09364250302314758 -0.07170102000236511 -0.6090813279151917 0.11791282892227173 -0.7750838398933411 -0.6207587718963623 -3.6695027351379395
0.00268093915656209 -0.6248437762260437 0.7807451486587524 -0.2646539509296417 -0.993046760559082 -0.09354983270168304 -0.07145969569683075 -0.6090348362922668 0.11768976598978043 -0.7751248478889465 -0.6207498908042908 -3.6693849563598633
0.0026758029125630856 -0.624855637550354 0.7807356715202332 -0.2646513879299164 -0.9930463433265686 -0.09354841709136963 -0.07146738469600677 -0.6090178489685059 0.11769342422485352 -0.7751154899597168 -0.6207609176635742 -3.6694393157958984
0.00277760811150074 -0.6248112916946411 0.7807707786560059 -0.2646908760070801 -0.9930545091629028 -0.09355976432561874 -0.07133842259645462 -0.6090805530548096 0.11762182414531708 -0.7751498818397522 -0.6207315325737 -3.6694090366363525
0.002781254705041647 -0.6247922778129578 0.7807860374450684 -0.2646903097629547 -0.9930563569068909 -0.09355150163173676 -0.07132349163293839 -0.6090707778930664 0.11760611087083817 -0.7751662135124207 -0.6207141280174255 -3.6694629192352295
0.002768004545941949 -0.6247775554656982 0.7807978391647339 -0.26468509435653687 -0.9930570721626282 -0.09354029595851898 -0.0713285356760025 -0.6090982556343079 0.11760056763887405 -0.775179386138916 -0.6206986904144287 -3.669313430786133
0.0027738974895328283 -0.6247453689575195 0.7808235287666321 -0.26468175649642944 -0.993053674697876 -0.09356905519962311 -0.07133785635232925 -0.6090905070304871 0.11762896180152893 -0.7752018570899963 -0.6206652522087097 -3.669365882873535
0.002820972353219986 -0.6245691776275635 0.7809643149375916 -0.26466724276542664 -0.9930436015129089 -0.09368015825748444 -0.0713329166173935 -0.609056293964386 0.11771324276924133 -0.7753304243087769 -0.6204886436462402 -3.6694183349609375
0.0028133722953498363 -0.6245729327201843 0.7809613347053528 -0.26465898752212524 -0.9930429458618164 -0.0936792716383934 -0.0713426023721695 -0.6090424060821533 0.11771858483552933 -0.7753275036811829 -0.6204913258552551 -3.669487953186035
0.0028414777480065823 -0.6245152950286865 0.7810073494911194 -0.2646482586860657 -0.9930295944213867 -0.09378959983587265 -0.0713840201497078 -0.6091002225875854 0.11783082038164139 -0.7753605842590332 -0.6204286217689514 -3.6693508625030518
0.0029013308230787516 -0.624493420124054 0.7810245752334595 -0.2646329700946808 -0.9930317997932434 -0.09381286054849625 -0.07132230699062347 -0.6090777516365051 0.11781051009893417 -0.7753753662109375 -0.6204140186309814 -3.6694393157958984
0.0029286742210388184 -0.6243942379951477 0.781103789806366 -0.26457852125167847 -0.9930247664451599 -0.09388460218906403 -0.07132577896118164 -0.6090301275253296 0.1178690642118454 -0.7754465937614441 -0.6203139424324036 -3.6692347526550293
0.002925741719081998 -0.6243674755096436 0.7811252474784851 -0.26460373401641846 -0.9930315017700195 -0.09384095668792725 -0.07128942012786865 -0.6090625524520874 0.1178123727440834 -0.775473415851593 -0.6202911138534546 -3.66927170753479
0.0028452533297240734 -0.6243249177932739 0.781159520149231 -0.26452645659446716 -0.9930371046066284 -0.09375976771116257 -0.07131858915090561 -0.6089879274368286 0.11776735633611679 -0.7755175232887268 -0.620244562625885 -3.6691510677337646
0.002895751968026161 -0.6243057250976562 0.7811746597290039 -0.26456987857818604 -0.9930398464202881 -0.09377360343933105 -0.07126174867153168 -0.6090458631515503 0.11774272471666336 -0.7755312919616699 -0.6202319860458374 -3.6691813468933105
0.0028989489655941725 -0.6242806315422058 0.7811947464942932 -0.26458269357681274 -0.9930559992790222 -0.09367138147354126 -0.0711710974574089 -0.6090154051780701 0.11760637164115906 -0.7755638360977173 -0.6202171444892883 -3.669184923171997
0.0029798918403685093 -0.6241815686225891 0.7812735438346863 -0.264595627784729 -0.9930576086044312 -0.0937185287475586 -0.0710868239402771 -0.6090360283851624 0.11759093403816223 -0.7756378650665283 -0.6201274991035461 -3.6690447330474854
0.002971035661175847 -0.6241487264633179 0.7812998294830322 -0.26458972692489624 -0.993060290813446 -0.09369844943284988 -0.0710756927728653 -0.6090226173400879 0.11756842583417892 -0.7756667137145996 -0.6200956702232361 -3.669097900390625
0.0030492846854031086 -0.62398761510849 0.7814282178878784 -0.2646089196205139 -0.9930669069290161 -0.09371639043092728 -0.07095955312252045 -0.6090199947357178 0.11751055717468262 -0.7757942080497742 -0.6199471950531006 -3.669041633605957
0.003054090077057481 -0.623971700668335 0.7814409136772156 -0.2646065950393677 -0.9930632710456848 -0.09374473989009857 -0.07097303867340088 -0.6090074181556702 0.11754118651151657 -0.7758035063743591 -0.6199296712875366 -3.6690995693206787
0.0032346833031624556 -0.623950183391571 0.7814573645591736 -0.2645963132381439 -0.993079662322998 -0.09374673664569855 -0.07074099779129028 -0.6090294122695923 0.1173979714512825 -0.7758206129074097 -0.6199354529380798 -3.6690664291381836
0.003236131276935339 -0.6239316463470459 0.7814721465110779 -0.26459068059921265 -0.9930806159973145 -0.09374270588159561 -0.07073237001895905 -0.6090177893638611 0.11738951504230499 -0.7758359909057617 -0.6199177503585815 -3.6691250801086426
0.0031458153389394283 -0.6237897872924805 0.7815858125686646 -0.2646692097187042 -0.993077278137207 -0.09372352808713913 -0.07080452889204025 -0.6089568138122559 0.11742016673088074 -0.7759523987770081 -0.6197662949562073 -3.6690142154693604
0.0031364639289677143 -0.6237968802452087 0.7815801501274109 -0.2646808326244354 -0.9930757284164429 -0.09372780472040176 -0.07082120329141617 -0.6089411973953247 0.11743387579917908 -0.7759461402893066 -0.6197714805603027 -3.6690752506256104
0.0030876388773322105 -0.6236128807067871 0.7817271947860718 -0.2647038400173187 -0.9930664896965027 -0.09377623349428177 -0.0708865076303482 -0.6089282631874084 0.11751320958137512 -0.7760882377624512 -0.6195785403251648 -3.6690304279327393
0.003156182589009404 -0.6235755085945129 0.7817566990852356 -0.26472368836402893 -0.9930667877197266 -0.09381860494613647 -0.07082608342170715 -0.6089213490486145 0.11750877648591995 -0.7761130928993225 -0.6195482015609741 -3.669111490249634
0.00319337984547019 -0.6234737038612366 0.7818377017974854 -0.26468542218208313 -0.9930669665336609 -0.09384890645742416 -0.07078343629837036 -0.6089098453521729 0.11750626564025879 -0.776191234588623 -0.6194508075714111 -3.6688506603240967
0.003213976277038455 -0.6234372854232788 0.7818666696548462 -0.26468583941459656 -0.9930667281150818 -0.09386595338582993 -0.07076387852430344 -0.6088833212852478 0.11750754714012146 -0.7762184143066406 -0.6194165349006653 -3.6689252853393555
0.0031551094725728035 -0.6235082149505615 0.7818103432655334 -0.2646322548389435 -0.9930844306945801 -0.09370745718479156 -0.07072579115629196 -0.6089120507240295 0.11735961586236954 -0.7761805653572083 -0.6194919347763062 -3.668687582015991
0.0031879835296422243 -0.6234685182571411 0.7818418741226196 -0.2646230459213257 -0.9930912256240845 -0.0936855748295784 -0.07065894454717636 -0.6088783144950867 0.11730097234249115 -0.776215136051178 -0.6194598078727722 -3.668736457824707
0.003092894796282053 -0.6234351396560669 0.7818689346313477 -0.2645690441131592 -0.9930975437164307 -0.09358987957239151 -0.07069694995880127 -0.608879029750824 0.11725002527236938 -0.7762535214424133 -0.6194213628768921 -3.668612003326416
0.003139967331662774 -0.6234052181243896 0.7818925380706787 -0.2645720839500427 -0.9931015968322754 -0.09359411150217056 -0.07063480466604233 -0.6088694930076599 0.11721468716859818 -0.7762770056724548 -0.6193985939025879 -3.6686506271362305
0.0031154495663940907 -0.6233096718788147 0.7819688320159912 -0.2645784318447113 -0.9930949807167053 -0.093631811439991 -0.07067769765853882 -0.6089286804199219 0.117271289229393 -0.7763491868972778 -0.6192973852157593 -3.668635606765747
0.0030256113968789577 -0.6232714056968689 0.7819997072219849 -0.2645011842250824 -0.9931046366691589 -0.0935177281498909 -0.07069344818592072 -0.6089366674423218 0.11719207465648651 -0.7763936519622803 -0.6192566156387329 -3.6684799194335938
0.0030191009864211082 -0.6232545375823975 0.7820131778717041 -0.2644886374473572 -0.9931008815765381 -0.0935400128364563 -0.0707162544131279 -0.6089344024658203 0.11722378432750702 -0.7764045000076294 -0.6192370057106018 -3.6685123443603516
0.0031556584872305393 -0.6232162117958069 0.7820431590080261 -0.2644999623298645 -0.9931163787841797 -0.09352262318134308 -0.07052163034677505 -0.6090447902679443 0.11708898842334747 -0.7764373421669006 -0.6192213296890259 -3.668468952178955
0.0031532389111816883 -0.623207688331604 0.7820499539375305 -0.26448720693588257 -0.9931180477142334 -0.09351073205471039 -0.07051358371973038 -0.609056830406189 0.11707471311092377 -0.7764456272125244 -0.6192136406898499 -3.6685075759887695
0.0031529790721833706 -0.6231042146682739 0.7821323871612549 -0.2645275294780731 -0.9931168556213379 -0.09352775663137436 -0.07050767540931702 -0.6089791059494019 0.11708476394414902 -0.7765266299247742 -0.6191101670265198 -3.6684110164642334
0.003213329706341028 -0.6230809688568115 0.7821506857872009 -0.26454460620880127 -0.9931209683418274 -0.09353870898485184 -0.07043533027172089 -0.60899817943573 0.11704832315444946 -0.776543915271759 -0.6190953254699707 -3.668449878692627
0.003152999561280012 -0.6231060028076172 0.7821309566497803 -0.26455414295196533 -0.9931347370147705 -0.09340906143188477 -0.07041336596012115 -0.6089824438095093 0.11693315207958221 -0.7765394449234009 -0.6191227436065674 -3.668478488922119
0.003166450187563896 -0.623120129108429 0.7821196913719177 -0.2645534574985504 -0.993130624294281 -0.09344317018985748 -0.07042617350816727 -0.6089761257171631 0.11696775257587433 -0.7765240669250488 -0.6191354990005493 -3.66853404045105
0.003136975225061178 -0.6230971813201904 0.7821380496025085 -0.26455244421958923 -0.9931315183639526 -0.09342166781425476 -0.0704420730471611 -0.6089746952056885 0.11696094274520874 -0.7765450477600098 -0.6191105246543884 -3.668593168258667
0.0030999635346233845 -0.6230320334434509 0.7821901440620422 -0.2645590901374817 -0.9931300282478333 -0.09341545403003693 -0.07047164440155029 -0.6088363528251648 0.11697477847337723 -0.7765980958938599 -0.6190413236618042 -3.668445348739624
0.0032124356366693974 -0.6230693459510803 0.7821599245071411 -0.2645622789859772 -0.9931362867355347 -0.09343773126602173 -0.07035373896360397 -0.6088986992835999 0.11691854894161224 -0.776565432548523 -0.6190928816795349 -3.668447971343994
0.003205052576959133 -0.6229985356330872 0.7822163701057434 -0.2645632326602936 -0.9931424856185913 -0.09339834749698639 -0.07031818479299545 -0.6088901162147522 0.11686588078737259 -0.7766270041465759 -0.6190256476402283 -3.6685025691986084
0.003117859363555908 -0.6229260563850403 0.7822744250297546 -0.26455792784690857 -0.9931305050849915 -0.09343252331018448 -0.07044227421283722 -0.6089195013046265 0.1169702485203743 -0.7766810059547424 -0.618938148021698 -3.6684730052948
0.003118990221992135 -0.6229220032691956 0.7822777032852173 -0.26455801725387573 -0.9931315779685974 -0.09342625737190247 -0.0704350620508194 -0.608909547328949 0.11696086823940277 -0.7766849994659424 -0.6189348697662354 -3.668529510498047
0.003148335264995694 -0.6228892207145691 0.7823036313056946 -0.26454776525497437 -0.9931489825248718 -0.09333129227161407 -0.0703158751130104 -0.6089015007019043 0.11681245267391205 -0.7767227292060852 -0.6189156174659729 -3.668433904647827
0.003175958525389433 -0.6228765249252319 0.7823136448860168 -0.26454252004623413 -0.9931485056877136 -0.09335187077522278 -0.07029477506875992 -0.6088866591453552 0.11681544780731201 -0.776730477809906 -0.6189053058624268 -3.6684930324554443
0.003060771618038416 -0.6228130459785461 0.7823646664619446 -0.2645607590675354 -0.9931390881538391 -0.0933513194322586 -0.07042843848466873 -0.6088976263999939 0.1168985590338707 -0.776781439781189 -0.6188256740570068 -3.668325901031494
0.003140447661280632 -0.6228260397911072 0.7823539972305298 -0.264582097530365 -0.9931382536888123 -0.09340337663888931 -0.07037125527858734 -0.6089087128639221 0.11690359562635422 -0.7767646908760071 -0.6188457012176514 -3.6683766841888428
0.0030953679233789444 -0.6228162050247192 0.7823619842529297 -0.26459378004074097 -0.9931422472000122 -0.0933508574962616 -0.07038475573062897 -0.6087878942489624 0.11687096953392029 -0.7767789363861084 -0.6188340187072754 -3.668074369430542
0.00306007731705904 -0.6227625012397766 0.782404899597168 -0.2645277678966522 -0.9931454062461853 -0.09331348538398743 -0.07038953900337219 -0.6087994575500488 0.11684493720531464 -0.7768264412879944 -0.6187792420387268 -3.6679375171661377
0.003070420352742076 -0.6227619051933289 0.7824053168296814 -0.2645248472690582 -0.9931443929672241 -0.09332636743783951 -0.07038655132055283 -0.6087871193885803 0.11685314774513245 -0.7768253684043884 -0.6187790632247925 -3.6679654121398926
0.0031874089036136866 -0.6227209568023682 0.7824374437332153 -0.26447615027427673 -0.9931509494781494 -0.09335646033287048 -0.07025420665740967 -0.6088415384292603 0.1167943999171257 -0.7768545746803284 -0.6187534928321838 -3.668032646179199
0.0031673412304371595 -0.622710645198822 0.7824457287788391 -0.26446211338043213 -0.9931513071060181 -0.09334292262792587 -0.07026692479848862 -0.6088390946388245 0.11679177731275558 -0.7768645286560059 -0.618741512298584 -3.6680736541748047
0.0031885281205177307 -0.6227310299873352 0.7824293971061707 -0.26451027393341064 -0.9931454658508301 -0.09339261800050735 -0.07028351724147797 -0.6087608933448792 0.1168408989906311 -0.7768421769142151 -0.6187602877616882 -3.667903184890747
0.003195827826857567 -0.6227185130119324 0.7824393510818481 -0.26450732350349426 -0.993147075176239 -0.09338757395744324 -0.07026784121990204 -0.6087455153465271 0.11682723462581635 -0.7768527865409851 -0.6187494993209839 -3.6679341793060303
0.0031616759952157736 -0.6227147579193115 0.7824424505233765 -0.26452308893203735 -0.9931396842002869 -0.09341663867235184 -0.07033362239599228 -0.6087889075279236 0.11689097434282303 -0.7768523097038269 -0.618738055229187 -3.6678149700164795
0.003175599966198206 -0.6226847767829895 0.7824662923812866 -0.26446330547332764 -0.9931324124336243 -0.09347572922706604 -0.07035727798938751 -0.6088663935661316 0.11695205420255661 -0.7768692374229431 -0.6187052726745605 -3.6677281856536865
0.0031929032411426306 -0.6226992011070251 0.7824547290802002 -0.26445358991622925 -0.9931322336196899 -0.09348621964454651 -0.07034642994403839 -0.6088684797286987 0.11695344001054764 -0.7768564224243164 -0.6187211275100708 -3.6677613258361816
0.003308148356154561 -0.6226723194122314 0.7824756503105164 -0.26448220014572144 -0.9931280016899109 -0.09358548372983932 -0.07027407735586166 -0.6089481711387634 0.11698612570762634 -0.7768660187721252 -0.6187028884887695 -3.6678621768951416
0.0033300467766821384 -0.622676432132721 0.7824722528457642 -0.2644755244255066 -0.9931251406669617 -0.09361720085144043 -0.07027233392000198 -0.6089597344398499 0.11700983345508575 -0.7768588662147522 -0.6187073588371277 -3.667898178100586
0.0033105758484452963 -0.6227203607559204 0.7824374437332153 -0.2644555866718292 -0.9931256771087646 -0.09359811991453171 -0.07029023766517639 -0.6088218092918396 0.11700586974620819 -0.776826024055481 -0.6187493801116943 -3.6676249504089355
0.00323938624933362 -0.6227461695671082 0.7824171781539917 -0.26450011134147644 -0.993130087852478 -0.09352397918701172 -0.07032647728919983 -0.6087970733642578 0.11697035282850266 -0.7768142223358154 -0.6187708973884583 -3.667433977127075
0.0032440682407468557 -0.6227415800094604 0.782420814037323 -0.2645072042942047 -0.9931311011314392 -0.09352051466703415 -0.07031689584255219 -0.6087826490402222 0.11696169525384903 -0.7768183350563049 -0.6187673807144165 -3.6674420833587646
0.003162245498970151 -0.6228014826774597 0.7823734879493713 -0.2644430994987488 -0.993122398853302 -0.0935240238904953 -0.07043500244617462 -0.6087236404418945 0.11703778058290482 -0.7767699360847473 -0.6188138127326965 -3.6674211025238037
0.003176285419613123 -0.6227726936340332 0.7823963165283203 -0.26446887850761414 -0.9931226968765259 -0.09353288263082504 -0.07041873782873154 -0.6087438464164734 0.11703468859195709 -0.7767918705940247 -0.6187868118286133 -3.667426109313965
0.00318655907176435 -0.6226667165756226 0.7824805974960327 -0.26442089676856995 -0.9931168556213379 -0.09358732402324677 -0.07042879611253738 -0.6088007688522339 0.11708397418260574 -0.7768703103065491 -0.6186790466308594 -3.6673548221588135
0.003165703034028411 -0.6227099299430847 0.7824462652206421 -0.26443052291870117 -0.9931260943412781 -0.09350960701704025 -0.0704016387462616 -0.6087870597839355 0.1170060932636261 -0.7768449783325195 -0.6187255382537842 -3.6673223972320557
0.0031637076754122972 -0.6227174401283264 0.7824403643608093 -0.2644234895706177 -0.993125319480896 -0.09351292252540588 -0.07040823251008987 -0.6087802052497864 0.11701276153326035 -0.7768386006355286 -0.6187322735786438 -3.6673431396484375
0.003170747309923172 -0.6227324604988098 0.7824283838272095 -0.2643924057483673 -0.9931229948997498 -0.09353142976760864 -0.0704169049859047 -0.6087462902069092 0.11703258007764816 -0.7768243551254272 -0.6187463998794556 -3.6673743724823
0.002997979521751404 -0.6227453947067261 0.7824187278747559 -0.2644311785697937 -0.9931303262710571 -0.09337811917066574 -0.07051656395196915 -0.6086994409561157 0.11697469651699066 -0.7768324017524719 -0.6187472343444824 -3.6673166751861572
0.003022560616955161 -0.6226205229759216 0.7825180292129517 -0.2643846869468689 -0.99312824010849 -0.09341777116060257 -0.07049307972192764 -0.6087675094604492 0.1169915720820427 -0.7769277691841125 -0.6186243891716003 -3.667250156402588
0.003009488107636571 -0.6226248741149902 0.7825145721435547 -0.26437416672706604 -0.9931268692016602 -0.09341868758201599 -0.07051123678684235 -0.6087626814842224 0.11700357496738434 -0.7769241333007812 -0.6186266541481018 -3.667274236679077
0.003050729865208268 -0.6225951313972473 0.782538115978241 -0.26440590620040894 -0.9931210875511169 -0.09348434209823608 -0.07050547748804092 -0.6088496446609497 0.11705146729946136 -0.7769400477409363 -0.6185975670814514 -3.6672592163085938
0.0030237436294555664 -0.6225865483283997 0.7825450301170349 -0.2643945515155792 -0.9931216239929199 -0.09346545487642288 -0.07052304595708847 -0.6088572144508362 0.11704766750335693 -0.7769492268562317 -0.6185867786407471 -3.6672940254211426
0.003032522974535823 -0.6225935816764832 0.782539427280426 -0.2644437253475189 -0.9931216835975647 -0.09346987307071686 -0.07051676511764526 -0.6088079214096069 0.11704719066619873 -0.7769430875778198 -0.6185945868492126 -3.667273998260498
0.003119587665423751 -0.6226027011871338 0.7825317978858948 -0.26443609595298767 -0.9931191802024841 -0.09353785216808319 -0.07046215236186981 -0.6087996363639832 0.11706631630659103 -0.7769275903701782 -0.6186104416847229 -3.667330026626587
0.003054655622690916 -0.622540295124054 0.7825816869735718 -0.2644350826740265 -0.9931111931800842 -0.09355755895376205 -0.07054830342531204 -0.6088100671768188 0.11713563650846481 -0.776975154876709 -0.6185375452041626 -3.6673474311828613
0.0030524972826242447 -0.6225310564041138 0.7825890779495239 -0.26442763209342957 -0.9931092262268066 -0.0935700312256813 -0.07055920362472534 -0.608811616897583 0.11715222895145416 -0.7769811153411865 -0.6185269355773926 -3.6674039363861084
0.003063329728320241 -0.6224924325942993 0.7826197743415833 -0.26446008682250977 -0.9931135177612305 -0.09355146437883377 -0.07052329182624817 -0.6087121367454529 0.11711547523736954 -0.7770142555236816 -0.6184922456741333 -3.667269706726074
0.0030448075849562883 -0.6224813461303711 0.7826286554336548 -0.26445865631103516 -0.9931148290634155 -0.09353271126747131 -0.0705297514796257 -0.6087003350257874 0.11710487306118011 -0.7770254015922546 -0.6184802651405334 -3.6673130989074707
0.0029844033997505903 -0.6225615739822388 0.7825650572776794 -0.26444897055625916 -0.9931231141090393 -0.09343425929546356 -0.07054336369037628 -0.6086678504943848 0.11703602224588394 -0.7769730091094971 -0.6185591220855713 -3.667025089263916
0.0030209377873688936 -0.6225691437721252 0.7825589179992676 -0.2644514739513397 -0.9931229948997498 -0.09345633536577225 -0.07051602005958557 -0.6086552143096924 0.11703623086214066 -0.7769643068313599 -0.6185700297355652 -3.6670587062835693
0.0029721478931605816 -0.6225340366363525 0.7825870513916016 -0.2644396722316742 -0.993106484413147 -0.0935397669672966 -0.07063764333724976 -0.6087368130683899 0.11717738956212997 -0.7769823670387268 -0.6185205578804016 -3.667161703109741
0.0029943534173071384 -0.6224963068962097 0.7826169729232788 -0.2644265294075012 -0.9931107759475708 -0.09352809190750122 -0.0705929547548294 -0.6087244153022766 0.11714056879281998 -0.7770140171051025 -0.6184878349304199 -3.667212963104248
0.002923656487837434 -0.622445821762085 0.7826573252677917 -0.2644042670726776 -0.9931000471115112 -0.09356170892715454 -0.07069975882768631 -0.6088141202926636 0.11723357439041138 -0.7770503759384155 -0.6184244751930237 -3.6671929359436035
0.00298459455370903 -0.6225173473358154 0.7826002836227417 -0.2644282579421997 -0.9931126832962036 -0.09350790828466415 -0.07059329748153687 -0.6087659001350403 0.11712490767240524 -0.7769995927810669 -0.6185089349746704 -3.666900396347046
0.002935325028374791 -0.6225439310073853 0.7825793027877808 -0.2644008994102478 -0.9931086897850037 -0.09350232034921646 -0.07065645605325699 -0.6087322235107422 0.11715976893901825 -0.7769789099693298 -0.6185282468795776 -3.6669507026672363
0.002920770086348057 -0.6225866079330444 0.7825453877449036 -0.2644333243370056 -0.9931122660636902 -0.09346596896648407 -0.07065415382385254 -0.6087144613265991 0.11712973564863205 -0.7769491076469421 -0.6185713410377502 -3.6670782566070557
0.002912804950028658 -0.622570276260376 0.7825583815574646 -0.2644323706626892 -0.9931107759475708 -0.09347245842218399 -0.07066631317138672 -0.6087024211883545 0.1171424463391304 -0.7769613862037659 -0.6185535192489624 -3.667116641998291
0.0029954328201711178 -0.622563362121582 0.7825636267662048 -0.2644399106502533 -0.9931126832962036 -0.09351024776697159 -0.07059020549058914 -0.6086958050727844 0.11712463945150375 -0.776962399482727 -0.6185556054115295 -3.6671712398529053
0.0029582842253148556 -0.6225458979606628 0.782577633857727 -0.26441505551338196 -0.9931269884109497 -0.09339442104101181 -0.07054179906845093 -0.6086729764938354 0.11700394004583359 -0.7769903540611267 -0.6185433864593506 -3.6669955253601074
0.002944470150396228 -0.6226202249526978 0.7825185656547546 -0.26442599296569824 -0.9931362271308899 -0.09331800788640976 -0.07051269710063934 -0.6086739301681519 0.11692574620246887 -0.7769399285316467 -0.6186214685440063 -3.666975736618042
0.002955340314656496 -0.6226143836975098 0.7825231552124023 -0.26443129777908325 -0.9931350946426392 -0.09333250671625137 -0.07050933688879013 -0.608662486076355 0.11693502217531204 -0.7769429087638855 -0.6186160445213318 -3.66701078414917
0.003034190507605672 -0.6226291656494141 0.7825111150741577 -0.26442751288414 -0.9931288361549377 -0.09342031925916672 -0.07048200070858002 -0.6086553335189819 0.11698662489652634 -0.77692049741745 -0.6186344027519226 -3.6668055057525635
0.0030212837737053633 -0.6226452589035034 0.7824983596801758 -0.26443344354629517 -0.9931286573410034 -0.09341199696063995 -0.07049483060836792 -0.6086457967758179 0.11698804795742035 -0.7769085764884949 -0.6186490654945374 -3.6668331623077393
0.0029721909668296576 -0.6226332187652588 0.782508134841919 -0.26440271735191345 -0.9931352734565735 -0.09333999454975128 -0.07049749791622162 -0.6086655259132385 0.1169334277510643 -0.7769269347190857 -0.6186363697052002 -3.666635513305664
0.0030286062974482775 -0.6226274967193604 0.7825124263763428 -0.2644074261188507 -0.9931352138519287 -0.09337466955184937 -0.07045242190361023 -0.6086679100990295 0.11693249642848969 -0.7769272923469543 -0.6186360716819763 -3.666656732559204
0.002920228987932205 -0.6225979924201965 0.7825363278388977 -0.26438483595848083 -0.9931173920631409 -0.09343062341213226 -0.07062888145446777 -0.6087092161178589 0.11708629876375198 -0.7769442200660706 -0.6185857057571411 -3.6667497158050537
0.0029603245202451944 -0.6225650310516357 0.7825623750686646 -0.2643704116344452 -0.9931182265281677 -0.09345214813947678 -0.07058883458375931 -0.6087048649787903 0.11707831919193268 -0.7769680619239807 -0.618557333946228 -3.666790246963501
0.002848206087946892 -0.6226664185523987 0.7824821472167969 -0.26435235142707825 -0.9931285381317139 -0.09330745786428452 -0.07063529640436172 -0.6086857318878174 0.11699369549751282 -0.7769042253494263 -0.6186535358428955 -3.666611909866333
0.002869078889489174 -0.6225354075431824 0.7825863361358643 -0.2643184959888458 -0.9931108951568604 -0.09344878047704697 -0.07069627195596695 -0.6087132096290588 0.11714271456003189 -0.7769922018051147 -0.6185147762298584 -3.6666793823242188
0.002850421704351902 -0.6225401163101196 0.7825826406478882 -0.26434406638145447 -0.9931238889694214 -0.09335115551948547 -0.07064314186573029 -0.6087098717689514 0.1170332282781601 -0.7770001292228699 -0.6185255646705627 -3.6667091846466064
0.002826264826580882 -0.6224685311317444 0.7826396822929382 -0.2643403112888336 -0.9931280016899109 -0.0933157354593277 -0.07063192129135132 -0.6086956858634949 0.11699878424406052 -0.7770617604255676 -0.61845463514328 -3.666604995727539
0.0028945396188646555 -0.6224516034126282 0.7826529145240784 -0.2643296420574188 -0.9931259751319885 -0.09337160736322403 -0.07058651000261307 -0.6086880564689636 0.11701428890228271 -0.7770686149597168 -0.6184430718421936 -3.6666438579559326
0.0028867973014712334 -0.6223961710929871 0.7826969623565674 -0.26435720920562744 -0.9931277632713318 -0.09336023032665253 -0.07057669758796692 -0.6087098121643066 0.11699947714805603 -0.7771143913269043 -0.6183884143829346 -3.666775941848755
0.0029456119518727064 -0.6223795413970947 0.7827100157737732 -0.26437294483184814 -0.99312824010849 -0.09339355677366257 -0.0705254077911377 -0.6087341904640198 0.11699368059635162 -0.7771236896514893 -0.6183777451515198 -3.6668288707733154
0.002885844325646758 -0.6222973465919495 0.7827755808830261 -0.26437246799468994 -0.9931206703186035 -0.09341535717248917 -0.0706028938293457 -0.6087184548377991 0.11705929785966873 -0.7771868705749512 -0.6182859539985657 -3.66677188873291
0.0029102088883519173 -0.6223348379135132 0.7827456593513489 -0.264381468296051 -0.9931222796440125 -0.09341594576835632 -0.07057961076498032 -0.608737587928772 0.11704511940479279 -0.7771567702293396 -0.6183264255523682 -3.66682767868042
0.0029145225416868925 -0.6223433017730713 0.7827389240264893 -0.26436367630958557 -0.9931473135948181 -0.09325145184993744 -0.07044486701488495 -0.6086798310279846 0.11683247238397598 -0.7771698236465454 -0.6183503270149231 -3.6664459705352783
0.0029515421483665705 -0.6223557591438293 0.7827288508415222 -0.26435133814811707 -0.9931461811065674 -0.09327992796897888 -0.0704229399561882 -0.6086617112159729 0.11684105545282364 -0.7771563529968262 -0.6183655858039856 -3.666496992111206
0.002939269645139575 -0.6223605275154114 0.7827251553535461 -0.26436203718185425 -0.9931464195251465 -0.09327061474323273 -0.07043200731277466 -0.6085855960845947 0.11683940142393112 -0.7771536707878113 -0.6183692216873169 -3.6664204597473145
0.003020811127498746 -0.6223774552345276 0.782711386680603 -0.2643841803073883 -0.9931514263153076 -0.0932847410440445 -0.0703430026769638 -0.6085457801818848 0.11679497361183167 -0.7771384716033936 -0.6183968186378479 -3.666511297225952
0.003014214104041457 -0.6223666071891785 0.7827199697494507 -0.2643795311450958 -0.9931504726409912 -0.09328817576169968 -0.07035204768180847 -0.6085227131843567 0.11680333316326141 -0.7771466970443726 -0.618384838104248 -3.666550874710083
0.0031115044839680195 -0.6223524808883667 0.7827308773994446 -0.26437920331954956 -0.9931603670120239 -0.09328169375658035 -0.07022074609994888 -0.6085633039474487 0.11671655625104904 -0.777158796787262 -0.6183860301971436 -3.6666126251220703
0.003110157558694482 -0.6223416924476624 0.7827394604682922 -0.2643742561340332 -0.9931590557098389 -0.09329025447368622 -0.07022721320390701 -0.6085473895072937 0.1167273223400116 -0.7771664261817932 -0.6183744668960571 -3.666661024093628
0.0030666489619761705 -0.6222534775733948 0.7828097939491272 -0.2643354535102844 -0.9931569695472717 -0.0932864174246788 -0.07026255130767822 -0.6086453199386597 0.1167466789484024 -0.7772375345230103 -0.6182814240455627 -3.6665127277374268
0.003091285238042474 -0.6222571730613708 0.7828066945075989 -0.2643243670463562 -0.9931542277336121 -0.09331881999969482 -0.0702577754855156 -0.6086403131484985 0.11676904559135437 -0.7772306203842163 -0.6182858347892761 -3.666560649871826
0.003125961637124419 -0.6221864223480225 0.7828627824783325 -0.26433512568473816 -0.9931473135948181 -0.09339185059070587 -0.07025838643312454 -0.6085922718048096 0.1168268695473671 -0.7772785425186157 -0.6182147264480591 -3.6664280891418457
0.0031706728041172028 -0.6221957802772522 0.782855212688446 -0.26436108350753784 -0.9931490421295166 -0.09340617805719376 -0.07021483778953552 -0.6086146235466003 0.11681093275547028 -0.7772693634033203 -0.6182292699813843 -3.6664631366729736
0.0031704637221992016 -0.6222546696662903 0.7828083634376526 -0.2643469274044037 -0.993151843547821 -0.09338224679231644 -0.07020729780197144 -0.6085672378540039 0.11678726971149445 -0.7772250771522522 -0.6182894110679626 -3.6663060188293457
0.0032225907780230045 -0.6222465634346008 0.782814621925354 -0.26436564326286316 -0.9931525588035583 -0.0934092104434967 -0.07016106694936752 -0.6085708737373352 0.1167796179652214 -0.7772282958030701 -0.6182867884635925 -3.666341543197632
0.003170223906636238 -0.6222175359725952 0.7828379273414612 -0.2643694579601288 -0.9931577444076538 -0.09334635734558105 -0.07017197459936142 -0.6085847616195679 0.11673734337091446 -0.777259111404419 -0.6182560324668884 -3.666273355484009
0.0032201034482568502 -0.6222078800201416 0.7828453779220581 -0.2643583416938782 -0.9931605458259583 -0.09335818886756897 -0.07011625915765762 -0.6085585355758667 0.11671195924282074 -0.7772654294967651 -0.6182528734207153 -3.6663267612457275
0.0031067896634340286 -0.6221488118171692 0.7828928232192993 -0.26438790559768677 -0.9931496381759644 -0.09336839616298676 -0.07025688141584396 -0.6085231900215149 0.116807721555233 -0.7773115038871765 -0.6181768774986267 -3.6663694381713867
0.0031194016337394714 -0.6221510767936707 0.7828909158706665 -0.2644004821777344 -0.9931479096412659 -0.09338729083538055 -0.07025634497404099 -0.6085152626037598 0.11682216078042984 -0.777307391166687 -0.6181793212890625 -3.6664130687713623
0.003111692611128092 -0.622236430644989 0.7828231453895569 -0.26434525847435 -0.9931724667549133 -0.09321126341819763 -0.07014236599206924 -0.6085047721862793 0.11661310493946075 -0.7772601842880249 -0.6182780861854553 -3.666201114654541
0.003157425904646516 -0.622234046459198 0.7828248739242554 -0.26438620686531067 -0.9931736588478088 -0.09323091804981232 -0.07009953260421753 -0.6085394620895386 0.1166018396615982 -0.7772597074508667 -0.618280827999115 -3.666224479675293
0.0029729660600423813 -0.6222711205482483 0.7827960848808289 -0.26438015699386597 -0.9931718111038208 -0.09312993288040161 -0.07026028633117676 -0.6085668802261353 0.11662273854017258 -0.7772421836853027 -0.6182989478111267 -3.6661877632141113
0.0030659763142466545 -0.6222938895225525 0.7827776074409485 -0.2644089162349701 -0.9931660890579224 -0.09322137385606766 -0.07021936029195786 -0.608589231967926 0.11666873097419739 -0.777212917804718 -0.6183270215988159 -3.6662240028381348
0.0029446384869515896 -0.6222574710845947 0.7828070521354675 -0.26439139246940613 -0.9931478500366211 -0.09327363967895508 -0.070407934486866 -0.6085706353187561 0.11682716757059097 -0.7772358655929565 -0.6182683110237122 -3.6662216186523438
0.0030223492067307234 -0.6222724318504333 0.7827948331832886 -0.2643824815750122 -0.9931465983390808 -0.0933271273970604 -0.07035475969314575 -0.608543336391449 0.11683586239814758 -0.777217447757721 -0.6182898283004761 -3.6662800312042236
0.002952943556010723 -0.6223036050796509 0.7827703356742859 -0.2643400728702545 -0.9931325316429138 -0.0933762937784195 -0.0704878717660904 -0.6085586547851562 0.11695709079504013 -0.7771865725517273 -0.6183056831359863 -3.6662375926971436
0.00296166748739779 -0.6223143339157104 0.782761812210083 -0.2643415927886963 -0.9931294918060303 -0.09340090304613113 -0.07049842923879623 -0.6085562705993652 0.11698288470506668 -0.7771750688552856 -0.6183152794837952 -3.6662776470184326
0.0029683373868465424 -0.6222484707832336 0.782814085483551 -0.2643943727016449 -0.9931405186653137 -0.0933372974395752 -0.07042679935693741 -0.6085013151168823 0.11688876152038574 -0.7772353887557983 -0.6182572245597839 -3.6661770343780518
0.00299886055290699 -0.622205913066864 0.7828478217124939 -0.264414519071579 -0.9931463003158569 -0.0933210626244545 -0.07036703824996948 -0.6084622740745544 0.11683902144432068 -0.7772714495658875 -0.6182213425636292 -3.6660966873168945
0.003007161431014538 -0.622214138507843 0.7828412652015686 -0.26442185044288635 -0.9931450486183167 -0.09333353489637375 -0.07036799937486649 -0.6084418892860413 0.11684934794902802 -0.777263343334198 -0.6182295083999634 -3.6661388874053955
0.0030622328631579876 -0.6221786737442017 0.7828692197799683 -0.2643701136112213 -0.9931468367576599 -0.09335767477750778 -0.0703105702996254 -0.6084805727005005 0.11683262884616852 -0.7772888541221619 -0.6182006597518921 -3.6659958362579346
0.0030615029390901327 -0.6221391558647156 0.7829006314277649 -0.2643704116344452 -0.9931455850601196 -0.09336919337511063 -0.07031312584877014 -0.6084630489349365 0.11684339493513107 -0.777319073677063 -0.618160605430603 -3.6660308837890625
0.0030711579602211714 -0.6221877336502075 0.7828619480133057 -0.26434916257858276 -0.9931456446647644 -0.09337005019187927 -0.07031082361936569 -0.608465850353241 0.11684244126081467 -0.7772800922393799 -0.6182097792625427 -3.665924549102783
0.0030656284652650356 -0.6222037672996521 0.7828493118286133 -0.26434874534606934 -0.9931462407112122 -0.09336140006780624 -0.07031400501728058 -0.6084510087966919 0.11683758348226547 -0.7772683501243591 -0.6182255148887634 -3.665956974029541
0.003174463054165244 -0.6221562027931213 0.7828866839408875 -0.2643727660179138 -0.9931440353393555 -0.09344541281461716 -0.07023368775844574 -0.608435869216919 0.11685353517532349 -0.7772963047027588 -0.6181873083114624 -3.665907144546509
0.0031935779843479395 -0.622142493724823 0.7828974723815918 -0.264376163482666 -0.9931430220603943 -0.09346482902765274 -0.07022226601839066 -0.6084205508232117 0.11686167120933533 -0.7773049473762512 -0.6181749105453491 -3.6659436225891113
0.003215148113667965 -0.622181236743927 0.7828665375709534 -0.26430511474609375 -0.9931405186653137 -0.0934908539056778 -0.07022300362586975 -0.6084380745887756 0.11688234657049179 -0.7772707343101501 -0.6182140111923218 -3.6658377647399902
0.003213080344721675 -0.6221698522567749 0.7828755974769592 -0.26429876685142517 -0.9931381344795227 -0.09350660443305969 -0.070235975086689 -0.608422040939331 0.11690279096364975 -0.7772780060768127 -0.6182010173797607 -3.6658735275268555
0.0032775471918284893 -0.6221957802772522 0.7828547954559326 -0.2643280625343323 -0.9931467175483704 -0.09348567575216293 -0.07014249265193939 -0.6084029078483582 0.11682810634374619 -0.7772597670555115 -0.6182380318641663 -3.665762424468994
0.0033320181537419558 -0.6222090721130371 0.7828440070152283 -0.2643382251262665 -0.9931474924087524 -0.09351150691509247 -0.0700964629650116 -0.6083976030349731 0.11681961268186569 -0.7772460579872131 -0.6182569265365601 -3.6657941341400146
0.0031523634679615498 -0.6222724914550781 0.7827942967414856 -0.2643064856529236 -0.9931420683860779 -0.09343474358320236 -0.0702754333615303 -0.6084179878234863 0.1168706938624382 -0.7772044539451599 -0.6182995438575745 -3.665790557861328
0.0032217928674072027 -0.6222739219665527 0.782792866230011 -0.26433348655700684 -0.9931409955024719 -0.09348318725824356 -0.07022614777088165 -0.6084250211715698 0.11687791347503662 -0.7771974802017212 -0.6183069348335266 -3.665808916091919
0.003049592487514019 -0.622214138507843 0.7828410863876343 -0.2643074095249176 -0.9931250810623169 -0.09349173307418823 -0.07044000178575516 -0.6085025668144226 0.11701798439025879 -0.7772443294525146 -0.6182215809822083 -3.665947675704956
0.003104835981503129 -0.622205376625061 0.7828478217124939 -0.264308363199234 -0.9931231141090393 -0.09353862702846527 -0.07040554285049438 -0.608505368232727 0.11703325808048248 -0.7772457003593445 -0.6182169318199158 -3.665985584259033
0.003090549958869815 -0.6221542358398438 0.7828885316848755 -0.26433098316192627 -0.9931159019470215 -0.09358233213424683 -0.07044865190982819 -0.6084875464439392 0.1170945018529892 -0.7772814035415649 -0.6181604862213135 -3.665985107421875
0.003031926229596138 -0.6221576929092407 0.7828860282897949 -0.2643325626850128 -0.9931135773658752 -0.09356242418289185 -0.07050784677267075 -0.6085227131843567 0.11711575090885162 -0.7772810459136963 -0.618156909942627 -3.6659069061279297
0.003022564109414816 -0.6221449375152588 0.7828961610794067 -0.26433065533638 -0.9931127429008484 -0.09356357157230377 -0.07051820307970047 -0.6085212826728821 0.11712314933538437 -0.7772910594940186 -0.61814284324646 -3.665950059890747
0.003133611986413598 -0.6220826506614685 0.7829452157020569 -0.26432493329048157 -0.993114173412323 -0.09362614899873734 -0.0704152062535286 -0.6084908843040466 0.11710827052593231 -0.7773333787918091 -0.6180924773216248 -3.6659183502197266
