# 3x4 first row second row third row Freq: 100 current Time: 2021-04-06-17:36:46
-0.16967658698558807 -0.8360995054244995 0.5216774344444275 0.02773214317858219 -0.4357549548149109 -0.4111427068710327 -0.8006742000579834 -0.5050109624862671 0.8839272260665894 -0.3631792664527893 -0.2945731580257416 -3.7580370903015137
-0.1697007566690445 -0.8360959887504578 0.5216752290725708 0.027730217203497887 -0.4357556104660034 -0.4111325442790985 -0.8006790280342102 -0.5050154328346252 0.883922278881073 -0.36319878697395325 -0.29456397891044617 -3.7580387592315674
-0.16970549523830414 -0.8360971212387085 0.5216718912124634 0.027713561430573463 -0.43573734164237976 -0.41113537549972534 -0.8006875514984131 -0.5050209760665894 0.8839303851127625 -0.3631930351257324 -0.2945467531681061 -3.7581071853637695
-0.16970622539520264 -0.83610600233078 0.5216573476791382 0.027710752561688423 -0.43574610352516174 -0.41111764311790466 -0.8006919026374817 -0.50502610206604 0.8839259147644043 -0.363192617893219 -0.29456067085266113 -3.758110523223877
-0.16966313123703003 -0.8361435532569885 0.521611213684082 0.0277133509516716 -0.43570566177368164 -0.4111038148403168 -0.8007209897041321 -0.5050228834152222 0.8839541077613831 -0.3631218373775482 -0.29456326365470886 -3.758122682571411
-0.16960890591144562 -0.8361327052116394 0.5216463208198547 0.027699094265699387 -0.4357491731643677 -0.41113683581352234 -0.8006803393363953 -0.5050350427627563 0.8839430809020996 -0.3631094992160797 -0.2946116030216217 -3.758099317550659
-0.1695350557565689 -0.8361505270004272 0.5216416716575623 0.027731865644454956 -0.43565401434898376 -0.4111950099468231 -0.8007022738456726 -0.5050361752510071 0.8840041160583496 -0.3630024492740631 -0.2945603132247925 -3.758107900619507
-0.16954860091209412 -0.8361588716506958 0.5216238498687744 0.02774755284190178 -0.4356570541858673 -0.41117241978645325 -0.8007121682167053 -0.5050084590911865 0.8840000629425049 -0.3630088269710541 -0.29456475377082825 -3.7581279277801514
-0.1694791316986084 -0.836151123046875 0.5216588973999023 0.027713600546121597 -0.4356369078159332 -0.41123640537261963 -0.8006902933120728 -0.5049992799758911 0.8840233087539673 -0.3629542291164398 -0.2945622503757477 -3.7581605911254883
-0.1695287674665451 -0.8361259698867798 0.5216830968856812 0.027708537876605988 -0.43568986654281616 -0.41122201085090637 -0.8006688952445984 -0.5050550103187561 0.8839876651763916 -0.36302849650382996 -0.29457759857177734 -3.7581980228424072
-0.16954657435417175 -0.8361237645149231 0.5216808915138245 0.02772127278149128 -0.4357278048992157 -0.41119861602783203 -0.800660252571106 -0.5050485134124756 0.8839655518531799 -0.3630601167678833 -0.29460498690605164 -3.7581675052642822
-0.16952864825725555 -0.8361322283744812 0.5216730833053589 0.027722636237740517 -0.4357292652130127 -0.4111962616443634 -0.8006606698036194 -0.5050525069236755 0.8839682936668396 -0.3630431890487671 -0.2946176826953888 -3.758167028427124
-0.1695646196603775 -0.8361210823059082 0.5216792821884155 0.027719007804989815 -0.4357355237007141 -0.41118818521499634 -0.8006613850593567 -0.505051851272583 0.8839582800865173 -0.36307811737060547 -0.294604629278183 -3.7581777572631836
-0.16953492164611816 -0.8361339569091797 0.5216683149337769 0.027694344520568848 -0.43569159507751465 -0.41120514273643494 -0.8006765842437744 -0.5050215125083923 0.8839856386184692 -0.3630291819572449 -0.2945828437805176 -3.758216381072998
-0.1695735603570938 -0.8361351490020752 0.5216537714004517 0.027672968804836273 -0.4357161521911621 -0.4111688435077667 -0.8006818890571594 -0.5050002932548523 0.8839661478996277 -0.36306750774383545 -0.2945941686630249 -3.7581489086151123
-0.1695384383201599 -0.8361360430717468 0.5216638445854187 0.027658723294734955 -0.4356865882873535 -0.4112018346786499 -0.8006810545921326 -0.5049988627433777 0.8839874267578125 -0.3630281984806061 -0.2945786714553833 -3.7581591606140137
-0.16957330703735352 -0.836131751537323 0.5216593742370605 0.02770460769534111 -0.4356522262096405 -0.41120055317878723 -0.8007003664970398 -0.5049512386322021 0.8839976787567139 -0.3630395531654358 -0.29453396797180176 -3.758214235305786
-0.16951337456703186 -0.8361503481864929 0.5216490626335144 0.027751188725233078 -0.4356730878353119 -0.41120120882987976 -0.8006886839866638 -0.5049819946289062 0.8839989304542542 -0.3629959523677826 -0.2945840358734131 -3.758169651031494
-0.16954395174980164 -0.8361324667930603 0.5216677188873291 0.027739038690924644 -0.43573227524757385 -0.41118505597114563 -0.8006647825241089 -0.5050225853919983 0.8839638829231262 -0.36305540800094604 -0.29461589455604553 -3.758148193359375
-0.16945162415504456 -0.8361437916755676 0.5216795802116394 0.027758972719311714 -0.43572166562080383 -0.411230206489563 -0.8006473779678345 -0.5049994587898254 0.8839868307113647 -0.36297813057899475 -0.29464226961135864 -3.7581398487091064
-0.16952016949653625 -0.8361015915870667 0.5217248797416687 0.027756210416555405 -0.4357764720916748 -0.4112292230129242 -0.800618052482605 -0.505010187625885 0.8839466571807861 -0.36307641863822937 -0.2946417033672333 -3.758129119873047
-0.16954456269741058 -0.8361508250236511 0.5216381549835205 0.027751879766583443 -0.43580392003059387 -0.41112709045410156 -0.8006555438041687 -0.5049884915351868 0.8839284181594849 -0.3630788028240204 -0.29469335079193115 -3.758066415786743
-0.16952155530452728 -0.8361750245094299 0.5216068029403687 0.027683718129992485 -0.43578022718429565 -0.4111141562461853 -0.800675094127655 -0.505012571811676 0.8839445114135742 -0.36303767561912537 -0.29469576478004456 -3.7581019401550293
-0.16958658397197723 -0.8361754417419434 0.5215849876403809 0.027714157477021217 -0.43576154112815857 -0.41108018159866333 -0.800702691078186 -0.5049909353256226 0.8839412927627563 -0.3630751669406891 -0.2946593463420868 -3.758174180984497
-0.16953295469284058 -0.8361889719963074 0.5215807557106018 0.027698034420609474 -0.43569374084472656 -0.41112107038497925 -0.8007186055183411 -0.5050167441368103 0.8839849829673767 -0.36299771070480347 -0.2946236729621887 -3.7581822872161865
-0.16959726810455322 -0.8361760377883911 0.5215805768966675 0.02767711505293846 -0.4357409179210663 -0.4110810160636902 -0.8007135391235352 -0.5050578117370605 0.8839493989944458 -0.36307287216186523 -0.2946378290653229 -3.758208990097046
-0.1695910543203354 -0.8361923098564148 0.5215564966201782 0.02772405929863453 -0.4357158839702606 -0.41107022762298584 -0.8007326722145081 -0.5050429105758667 0.8839629292488098 -0.36304759979248047 -0.294628381729126 -3.7581918239593506
-0.16966937482357025 -0.8361325263977051 0.521626889705658 0.027724938467144966 -0.4358136057853699 -0.4110724925994873 -0.8006783127784729 -0.505026638507843 0.8838996887207031 -0.3631827235221863 -0.29465144872665405 -3.7581422328948975
-0.16963374614715576 -0.8361638188362122 0.5215882658958435 0.027738599106669426 -0.4358084499835968 -0.4110489785671234 -0.8006932139396667 -0.5050333738327026 0.8839091062545776 -0.36313721537590027 -0.2946794331073761 -3.758145809173584
-0.1696721464395523 -0.8361508846282959 0.5215965509414673 0.027714159339666367 -0.43586644530296326 -0.41102081537246704 -0.8006761074066162 -0.5050542950630188 0.8838731050491333 -0.3631989061832428 -0.29471126198768616 -3.7581098079681396
-0.16962774097919464 -0.8361698389053345 0.5215805768966675 0.027732379734516144 -0.4358413517475128 -0.41103002429008484 -0.8006850481033325 -0.5050502419471741 0.8838940262794495 -0.3631448447704315 -0.2947152256965637 -3.7581124305725098
-0.16961216926574707 -0.8361952304840088 0.5215449333190918 0.027734706178307533 -0.4358670115470886 -0.41099032759666443 -0.8006914258003235 -0.5050472617149353 0.8838843703269958 -0.3631312847137451 -0.29476091265678406 -3.7581069469451904
-0.16958586871623993 -0.8361957669258118 0.5215526223182678 0.027725445106625557 -0.4358114004135132 -0.4110289216041565 -0.800701916217804 -0.5050245523452759 0.8839167952537537 -0.3630863428115845 -0.2947188913822174 -3.758122682571411
-0.16961908340454102 -0.8361791372299194 0.5215684771537781 0.02777325175702572 -0.4357900619506836 -0.4110422730445862 -0.800706684589386 -0.505001425743103 0.8839209675788879 -0.3631095290184021 -0.29467788338661194 -3.7581799030303955
-0.16968242824077606 -0.8361417651176453 0.5216078162193298 0.027760658413171768 -0.43582966923713684 -0.4110434651374817 -0.8006844520568848 -0.5050227642059326 0.8838892579078674 -0.3631943166255951 -0.2946684658527374 -3.7581264972686768
-0.1696169674396515 -0.8361583352088928 0.5216025710105896 0.027735993266105652 -0.4357909560203552 -0.411075234413147 -0.8006892204284668 -0.5050345659255981 0.8839209675788879 -0.3631201982498169 -0.29466482996940613 -3.758164644241333
-0.16966953873634338 -0.8361040949821472 0.5216723680496216 0.02774343080818653 -0.4358749985694885 -0.41109076142311096 -0.8006355166435242 -0.5050163865089417 0.8838694095611572 -0.3632274568080902 -0.2946872413158417 -3.7581450939178467
-0.169601172208786 -0.8361268639564514 0.5216580629348755 0.027736539021134377 -0.43582209944725037 -0.41112062335014343 -0.8006489872932434 -0.504984974861145 0.8839086294174194 -0.36314117908477783 -0.2946759760379791 -3.7581727504730225
-0.16965189576148987 -0.8361060619354248 0.5216749310493469 0.027732377871870995 -0.4358901381492615 -0.411092609167099 -0.8006263375282288 -0.5050055980682373 0.8838652968406677 -0.36322078108787537 -0.294707715511322 -3.7581753730773926
-0.16963350772857666 -0.836097002029419 0.5216954946517944 0.02777237258851528 -0.43585771322250366 -0.41113153100013733 -0.8006240129470825 -0.505059003829956 0.883884847164154 -0.3631977438926697 -0.29467758536338806 -3.7581207752227783
-0.1697041243314743 -0.8360604047775269 0.5217311382293701 0.027772599831223488 -0.43594178557395935 -0.41110852360725403 -0.8005900382995605 -0.5050442814826965 0.8838298320770264 -0.3633078634738922 -0.294706791639328 -3.758066415786743
-0.16968712210655212 -0.8360884189605713 0.5216917395591736 0.0277651846408844 -0.43595707416534424 -0.41106995940208435 -0.8006014823913574 -0.5050409436225891 0.8838255405426025 -0.3632870316505432 -0.2947453558444977 -3.7580454349517822
-0.1697579324245453 -0.8360602855682373 0.5217138528823853 0.027801018208265305 -0.4359712302684784 -0.41106268763542175 -0.8005975484848022 -0.5050070285797119 0.883804976940155 -0.36336007714271545 -0.294717013835907 -3.7580435276031494
-0.16969649493694305 -0.8360824584960938 0.5216982960700989 0.027791712433099747 -0.43593013286590576 -0.41108429431915283 -0.8006088137626648 -0.5049858689308167 0.8838370442390442 -0.36328455805778503 -0.29471391439437866 -3.7580666542053223
-0.16969111561775208 -0.8360773921012878 0.5217081904411316 0.02778705209493637 -0.4359014630317688 -0.41110727190971375 -0.8006126284599304 -0.5049930810928345 0.8838521838188171 -0.36327025294303894 -0.29468604922294617 -3.7580482959747314
-0.16966046392917633 -0.8361003994941711 0.5216813087463379 0.027755526825785637 -0.43582355976104736 -0.4111233353614807 -0.8006467819213867 -0.5049280524253845 0.88389652967453 -0.3631991744041443 -0.29464080929756165 -3.758103370666504
-0.16971838474273682 -0.8361192345619202 0.521632194519043 0.027752749621868134 -0.4358583390712738 -0.41104355454444885 -0.8006688356399536 -0.5049154162406921 0.8838682174682617 -0.36324602365493774 -0.2946678400039673 -3.7580935955047607
-0.16964159905910492 -0.8361170291900635 0.5216606855392456 0.027687693014740944 -0.4358406364917755 -0.41110262274742126 -0.8006481528282166 -0.5049563050270081 0.8838917016983032 -0.36318421363830566 -0.2946736514568329 -3.758120059967041
-0.16966234147548676 -0.836094081401825 0.5216907858848572 0.027679113671183586 -0.4358862042427063 -0.41110607981681824 -0.8006215691566467 -0.5050048828125 0.883865237236023 -0.36323320865631104 -0.29469260573387146 -3.7581396102905273
-0.1697404831647873 -0.8360741138458252 0.5216974020004272 0.027690211310982704 -0.43587779998779297 -0.4110909104347229 -0.8006339073181152 -0.5050050020217896 0.8838543891906738 -0.36329635977745056 -0.2946472764015198 -3.758171558380127
-0.16974210739135742 -0.836076557636261 0.5216929316520691 0.027680885046720505 -0.43588587641716003 -0.41108280420303345 -0.8006336688995361 -0.5050119161605835 0.88385009765625 -0.3632998764514923 -0.29465582966804504 -3.7581779956817627
-0.16981090605258942 -0.8360381126403809 0.5217321515083313 0.027691476047039032 -0.4359358251094818 -0.4110778570175171 -0.8006090521812439 -0.5049996972084045 0.8838122487068176 -0.3633939325809479 -0.29465341567993164 -3.758153200149536
-0.16975341737270355 -0.8360598087310791 0.5217160582542419 0.027724970132112503 -0.43588268756866455 -0.41110265254974365 -0.800625205039978 -0.505035400390625 0.8838495016098022 -0.3633159399032593 -0.29463785886764526 -3.758129835128784
-0.16979221999645233 -0.8360424041748047 0.5217313170433044 0.027727682143449783 -0.43596890568733215 -0.41106942296028137 -0.8005953431129456 -0.5050221085548401 0.8837995529174805 -0.36339354515075684 -0.2946920394897461 -3.758068799972534
-0.1696963757276535 -0.836051344871521 0.5217481851577759 0.02776448242366314 -0.43592628836631775 -0.41113370656967163 -0.8005855679512024 -0.5050451755523682 0.883838951587677 -0.36330029368400574 -0.2946888208389282 -3.758053779602051
-0.16975341737270355 -0.8360407948493958 0.5217465758323669 0.027771543711423874 -0.4359990954399109 -0.41108402609825134 -0.8005714416503906 -0.5050620436668396 0.8837921023368835 -0.3633808195590973 -0.2947300374507904 -3.7580313682556152
-0.1697307974100113 -0.836052417755127 0.5217353105545044 0.027744131162762642 -0.435940146446228 -0.41110464930534363 -0.8005928993225098 -0.5050686001777649 0.8838254809379578 -0.3633306920528412 -0.29469165205955505 -3.7580642700195312
-0.16977505385875702 -0.8360558152198792 0.5217154622077942 0.0277472622692585 -0.43600189685821533 -0.4110461473464966 -0.8005893230438232 -0.5050645470619202 0.8837865591049194 -0.3633890748023987 -0.29473647475242615 -3.7580227851867676
-0.16967520117759705 -0.836050808429718 0.5217559337615967 0.027775108814239502 -0.435964435338974 -0.41113221645355225 -0.8005655407905579 -0.5050725340843201 0.8838242292404175 -0.36330321431159973 -0.29472941160202026 -3.757997512817383
-0.16976512968540192 -0.8360243439674377 0.521769106388092 0.027715051546692848 -0.4359372854232788 -0.4111272692680359 -0.8005828261375427 -0.5050285458564758 0.8838203549385071 -0.36336973309516907 -0.2946590483188629 -3.75808048248291
-0.16976509988307953 -0.8360178470611572 0.521779477596283 0.02769332192838192 -0.43595078587532043 -0.4111316502094269 -0.8005732297897339 -0.5050366520881653 0.8838136792182922 -0.3633796274662018 -0.2946667969226837 -3.758112668991089
-0.16968339681625366 -0.8360170722007751 0.5218073725700378 0.027670014649629593 -0.4360271096229553 -0.41115307807922363 -0.8005207180976868 -0.5050126910209656 0.8837917447090149 -0.363357275724411 -0.29476016759872437 -3.758119821548462
-0.16961295902729034 -0.8360269069671631 0.5218144655227661 0.02770255133509636 -0.43602070212364197 -0.41118496656417847 -0.8005077838897705 -0.5050293207168579 0.8838083744049072 -0.3632984459400177 -0.2947826683521271 -3.758071184158325
-0.16959169507026672 -0.8360407948493958 0.5217991471290588 0.027688462287187576 -0.4360817074775696 -0.41115206480026245 -0.800491452217102 -0.5050188302993774 0.8837823867797852 -0.3633038401603699 -0.2948540449142456 -3.758059024810791
-0.16960276663303375 -0.8360575437545776 0.5217686891555786 0.027687521651387215 -0.4360962212085724 -0.4111133813858032 -0.8005034327507019 -0.5050444006919861 0.8837730884552002 -0.36330899596214294 -0.29487550258636475 -3.7580838203430176
-0.1696629822254181 -0.8360181450843811 0.5218122005462646 0.02769920788705349 -0.43615931272506714 -0.4111098647117615 -0.8004708886146545 -0.5050327181816101 0.883730411529541 -0.3634035885334015 -0.29488691687583923 -3.7580926418304443
-0.16957710683345795 -0.8360462188720703 0.5217951536178589 0.027686545625329018 -0.43611958622932434 -0.41113731265068054 -0.8004783987998962 -0.505028247833252 0.8837664723396301 -0.3633079528808594 -0.29489660263061523 -3.7581324577331543
-0.16958777606487274 -0.8360947370529175 0.5217139720916748 0.027675975114107132 -0.4360998570919037 -0.4110642671585083 -0.8005266785621643 -0.505047619342804 0.8837741613388062 -0.36327895522117615 -0.29490926861763 -3.7581403255462646
-0.16957244277000427 -0.8361100554466248 0.5216943621635437 0.02765279822051525 -0.43610528111457825 -0.41104820370674133 -0.8005319833755493 -0.5050360560417175 0.88377445936203 -0.363261878490448 -0.29492950439453125 -3.7581584453582764
-0.16958236694335938 -0.836092472076416 0.5217193961143494 0.027664512395858765 -0.4361204206943512 -0.41106274724006653 -0.8005162477493286 -0.505010187625885 0.8837650418281555 -0.36328595876693726 -0.2949279248714447 -3.758147716522217
-0.1696244776248932 -0.8361044526100159 0.5216864943504333 0.02765674702823162 -0.43610239028930664 -0.41102519631385803 -0.800545334815979 -0.5050231218338013 0.8837658762931824 -0.3633008599281311 -0.2949071526527405 -3.758143186569214
-0.16952645778656006 -0.836189866065979 0.5215814113616943 0.027702659368515015 -0.4360327124595642 -0.4109845757484436 -0.8006041646003723 -0.5050374865531921 0.883819043636322 -0.3631502091884613 -0.2949333190917969 -3.7581231594085693
-0.16954739391803741 -0.8361893892288208 0.5215754508972168 0.027722343802452087 -0.43602827191352844 -0.4109739363193512 -0.8006120324134827 -0.5050035715103149 0.8838172554969788 -0.36316338181495667 -0.2949225902557373 -3.758122444152832
-0.16946491599082947 -0.8362194895744324 0.5215539336204529 0.027779962867498398 -0.43605837225914 -0.4109673798084259 -0.8005990386009216 -0.5050119161605835 0.8838182091712952 -0.36310145258903503 -0.29499590396881104 -3.758077383041382
-0.16955924034118652 -0.836201012134552 0.5215529203414917 0.02779293619096279 -0.43609312176704407 -0.41092196106910706 -0.8006033897399902 -0.505006730556488 0.8837829828262329 -0.36319541931152344 -0.294985830783844 -3.7580106258392334
-0.16956846415996552 -0.8362027406692505 0.5215470790863037 0.027817033231258392 -0.43608108162879944 -0.41091838479042053 -0.8006117939949036 -0.5050256252288818 0.8837871551513672 -0.36319538950920105 -0.29497334361076355 -3.7579898834228516
-0.16956137120723724 -0.8361935615539551 0.5215641856193542 0.027820218354463577 -0.4361093044281006 -0.41092541813850403 -0.800592839717865 -0.5050644874572754 0.8837745785713196 -0.3632086515426636 -0.29499465227127075 -3.7579548358917236
-0.16948160529136658 -0.8361998200416565 0.5215799808502197 0.027741607278585434 -0.4360259175300598 -0.4110003113746643 -0.8005998134613037 -0.5050480365753174 0.8838310241699219 -0.36310938000679016 -0.2949477434158325 -3.758037567138672
-0.1694859117269516 -0.8361984491348267 0.5215808749198914 0.027736473828554153 -0.43602290749549866 -0.4110009968280792 -0.800601065158844 -0.5050601363182068 0.8838316798210144 -0.36311185359954834 -0.2949427366256714 -3.7580230236053467
-0.16949017345905304 -0.8361998796463013 0.5215771198272705 0.027699928730726242 -0.43599504232406616 -0.41100752353668213 -0.8006129264831543 -0.5050349831581116 0.8838446140289307 -0.36310112476348877 -0.29491719603538513 -3.7581112384796143
-0.16952283680438995 -0.8361767530441284 0.5216036438941956 0.02769095078110695 -0.4360637366771698 -0.4109942317008972 -0.8005822896957397 -0.5050351023674011 0.883804440498352 -0.36316946148872375 -0.2949533760547638 -3.7580981254577637
-0.16944345831871033 -0.8361735939979553 0.5216345191001892 0.027703803032636642 -0.4360373616218567 -0.41106000542640686 -0.8005629181861877 -0.5050373673439026 0.8838326930999756 -0.36310234665870667 -0.2949514091014862 -3.758087635040283
-0.16951557993888855 -0.8361645340919495 0.5216255784034729 0.027714211493730545 -0.43605294823646545 -0.41102200746536255 -0.8005739450454712 -0.5050041079521179 0.8838111758232117 -0.3631661832332611 -0.2949373126029968 -3.758052110671997
-0.16949625313282013 -0.836179256439209 0.5216082334518433 0.027696430683135986 -0.4360578656196594 -0.4110095500946045 -0.8005776405334473 -0.5050374269485474 0.883812427520752 -0.3631463348865509 -0.2949579060077667 -3.7580435276031494
-0.1694970428943634 -0.8361709117889404 0.5216213464736938 0.027713870629668236 -0.43605726957321167 -0.4110220968723297 -0.8005715608596802 -0.5050220489501953 0.8838126063346863 -0.36315134167671204 -0.29495131969451904 -3.7580647468566895
-0.1695099174976349 -0.8361649513244629 0.5216267108917236 0.027704976499080658 -0.43602532148361206 -0.41103625297546387 -0.800581693649292 -0.5050088167190552 0.8838258981704712 -0.3631490170955658 -0.2949143052101135 -3.7580783367156982
-0.1695600003004074 -0.8361473083496094 0.521638810634613 0.02770933136343956 -0.43607792258262634 -0.41101017594337463 -0.8005663752555847 -0.5050162076950073 0.8837903141975403 -0.3632192611694336 -0.2949344217777252 -3.75805401802063
-0.16953767836093903 -0.836148202419281 0.5216445326805115 0.0276613961905241 -0.436023086309433 -0.4110453724861145 -0.8005781769752502 -0.5050154328346252 0.8838216662406921 -0.36317726969718933 -0.29489219188690186 -3.7580907344818115
-0.16957245767116547 -0.8361434936523438 0.5216408371925354 0.027669766917824745 -0.4359920024871826 -0.4110434651374817 -0.8005961179733276 -0.5050051808357239 0.8838303089141846 -0.36319035291671753 -0.2948501706123352 -3.7581305503845215
-0.1694992631673813 -0.8361409902572632 0.5216686725616455 0.027680430561304092 -0.4360273778438568 -0.41107895970344543 -0.8005586266517639 -0.5050249099731445 0.8838269114494324 -0.36315596103668213 -0.2949027121067047 -3.758113145828247
-0.16957254707813263 -0.8361595869064331 0.5216149687767029 0.027668878436088562 -0.4360295236110687 -0.4110032916069031 -0.800596296787262 -0.5050162076950073 0.8838117718696594 -0.36319875717163086 -0.29489532113075256 -3.7580981254577637
-0.16950950026512146 -0.8361943364143372 0.5215797424316406 0.027743324637413025 -0.4359782338142395 -0.4110107719898224 -0.8006203770637512 -0.5050386190414429 0.8838492035865784 -0.3631102442741394 -0.29489225149154663 -3.758030891418457
-0.16958217322826385 -0.8361796140670776 0.5215798020362854 0.02773454412817955 -0.4360310137271881 -0.4109658896923065 -0.8006146550178528 -0.505025327205658 0.8838092088699341 -0.3631949722766876 -0.29490768909454346 -3.7579550743103027
-0.1695079654455185 -0.8361788392066956 0.5216051340103149 0.027723446488380432 -0.43598172068595886 -0.41103410720825195 -0.8006064891815186 -0.5049797296524048 0.8838477730751038 -0.36311954259872437 -0.2948850691318512 -3.7579824924468994
-0.16957372426986694 -0.8361605405807495 0.5216130614280701 0.027727439999580383 -0.4360261857509613 -0.41100242733955383 -0.8005985617637634 -0.5049905776977539 0.883813202381134 -0.3631974756717682 -0.2948926091194153 -3.7579598426818848
-0.16955140233039856 -0.8361698389053345 0.5216054320335388 0.027696387842297554 -0.43598926067352295 -0.41101741790771484 -0.8006109595298767 -0.5049827098846436 0.8838357329368591 -0.3631591498851776 -0.2948724329471588 -3.7579851150512695
-0.1695709377527237 -0.8361445665359497 0.5216395854949951 0.027650251984596252 -0.4360339343547821 -0.4110255241394043 -0.8005824685096741 -0.5050048232078552 0.8838099241256714 -0.363208144903183 -0.2948893904685974 -3.758091688156128
-0.16960828006267548 -0.8361492156982422 0.5216200351715088 0.027657415717840195 -0.4360591769218445 -0.41098448634147644 -0.8005897998809814 -0.5049849152565002 0.8837903141975403 -0.3632439076900482 -0.29490411281585693 -3.758129596710205
-0.16963578760623932 -0.8361378312110901 0.521629273891449 0.027648886665701866 -0.4360292851924896 -0.41099685430526733 -0.8005996942520142 -0.5049846768379211 0.8837997913360596 -0.3632560670375824 -0.29486075043678284 -3.758146047592163
-0.1696050614118576 -0.8361666202545166 0.5215931534767151 0.027646275237202644 -0.4360805153846741 -0.41095101833343506 -0.8005953431129456 -0.504993736743927 0.8837804198265076 -0.36324167251586914 -0.29493653774261475 -3.7581655979156494
-0.16961172223091125 -0.8361833095550537 0.521564245223999 0.027740851044654846 -0.436039000749588 -0.4109382927417755 -0.8006244897842407 -0.5049694180488586 0.8837996125221252 -0.36321771144866943 -0.2949085235595703 -3.7581288814544678
-0.1696873903274536 -0.8361565470695496 0.5215824842453003 0.027748020365834236 -0.43606826663017273 -0.41091954708099365 -0.8006181716918945 -0.5049963593482971 0.8837706446647644 -0.3633004426956177 -0.29489341378211975 -3.758112668991089
-0.16965554654598236 -0.8361693024635315 0.5215724110603333 0.02773939073085785 -0.4359954297542572 -0.4109500050544739 -0.800642192363739 -0.5049524307250977 0.883812665939331 -0.3632366359233856 -0.2948459982872009 -3.7581558227539062
-0.16973119974136353 -0.8361334204673767 0.5216052532196045 0.02774597704410553 -0.43604499101638794 -0.41093695163726807 -0.8006219267845154 -0.5049717426300049 0.8837737441062927 -0.36333394050598145 -0.2948428988456726 -3.758125066757202
-0.16968752443790436 -0.8361473679542542 0.521597146987915 0.02770717814564705 -0.4360005557537079 -0.4109613597393036 -0.8006336092948914 -0.5049661993980408 0.8838040232658386 -0.3632742166519165 -0.29482564330101013 -3.7581677436828613
-0.16972962021827698 -0.836137592792511 0.5215991735458374 0.02769598923623562 -0.4360182583332062 -0.41094261407852173 -0.8006335496902466 -0.5049808025360107 0.883787214756012 -0.3633180558681488 -0.2948220372200012 -3.7581541538238525
-0.1697128862142563 -0.8361550569534302 0.5215766429901123 0.02773267962038517 -0.43601688742637634 -0.4109269082546234 -0.8006423711776733 -0.5050340890884399 0.8837910890579224 -0.36329561471939087 -0.2948380708694458 -3.7581071853637695
-0.16974085569381714 -0.8361007571220398 0.5216545462608337 0.027727890759706497 -0.4360739290714264 -0.4109691381454468 -0.8005896210670471 -0.5050432682037354 0.8837575912475586 -0.3633727729320526 -0.2948434352874756 -3.7580666542053223
-0.16970817744731903 -0.83613121509552 0.5216163396835327 0.027713369578123093 -0.43607816100120544 -0.4109412729740143 -0.8006016612052917 -0.5050839185714722 0.8837617635726929 -0.36333420872688293 -0.29487839341163635 -3.758066415786743
-0.16978095471858978 -0.8361214399337769 0.5216083526611328 0.027727842330932617 -0.4361221492290497 -0.4108923077583313 -0.8006027936935425 -0.5050593018531799 0.8837260603904724 -0.36341211199760437 -0.29488933086395264 -3.758002996444702
-0.1697264164686203 -0.8361383676528931 0.5215989947319031 0.02776670642197132 -0.436078280210495 -0.4109187424182892 -0.8006131052970886 -0.5050392746925354 0.8837581872940063 -0.3633432388305664 -0.29487794637680054 -3.757983922958374
-0.16960874199867249 -0.8361813426017761 0.5215683579444885 0.027719590812921524 -0.435963898897171 -0.41097405552864075 -0.8006470203399658 -0.5050230026245117 0.8838372230529785 -0.3631817698478699 -0.2948400378227234 -3.7580275535583496
-0.16966798901557922 -0.8361242413520813 0.5216405391693115 0.02772165834903717 -0.4360467195510864 -0.4109902083873749 -0.8005936145782471 -0.505010187625885 0.8837850093841553 -0.3632948398590088 -0.29485729336738586 -3.7579824924468994
-0.16962198913097382 -0.8361318707466125 0.5216432809829712 0.02772846817970276 -0.43599066138267517 -0.4110305607318878 -0.800603449344635 -0.5050304532051086 0.8838214874267578 -0.3632315993309021 -0.29482582211494446 -3.7579574584960938
-0.16964952647686005 -0.83609938621521 0.5216864347457886 0.02772745117545128 -0.4360039532184601 -0.41105762124061584 -0.8005822896957397 -0.5050392746925354 0.8838096261024475 -0.36327582597732544 -0.2948068380355835 -3.7579386234283447
-0.16970671713352203 -0.8361039161682129 0.521660566329956 0.0276693906635046 -0.4359497129917145 -0.411036878824234 -0.8006225228309631 -0.5050520896911621 0.883825421333313 -0.36328884959220886 -0.29474347829818726 -3.7579851150512695
-0.16967536509037018 -0.8360974192619324 0.5216811299324036 0.027670061215758324 -0.43599167466163635 -0.41104936599731445 -0.8005932569503784 -0.5050771832466125 0.8838107585906982 -0.36328965425491333 -0.2947865128517151 -3.7580208778381348
-0.1696814000606537 -0.8361271023750305 0.5216315984725952 0.02772687003016472 -0.43593889474868774 -0.4110216796398163 -0.8006361722946167 -0.5050691962242126 0.8838356137275696 -0.3632526397705078 -0.29475751519203186 -3.758009672164917
-0.1697448492050171 -0.8361258506774902 0.5216130018234253 0.027734939008951187 -0.43600258231163025 -0.4109574258327484 -0.800634503364563 -0.5050494074821472 0.883791983127594 -0.3633282780647278 -0.29479506611824036 -3.757983922958374
-0.16968221962451935 -0.8361341953277588 0.5216200351715088 0.02776295319199562 -0.43596765398979187 -0.41099846363067627 -0.8006324768066406 -0.5049869418144226 0.8838212490081787 -0.3632625937461853 -0.29478827118873596 -3.7579989433288574
-0.16975072026252747 -0.8361093401908875 0.5216375589370728 0.02776474878191948 -0.43598008155822754 -0.4109882712364197 -0.8006309270858765 -0.5050082206726074 0.8838019967079163 -0.36333131790161133 -0.29476141929626465 -3.7579715251922607
-0.1697959303855896 -0.8361099362373352 0.5216218829154968 0.027759822085499763 -0.4359654486179352 -0.41096487641334534 -0.8006508946418762 -0.5049987435340881 0.8838005065917969 -0.36335644125938416 -0.2947348356246948 -3.7579739093780518
-0.16976267099380493 -0.8361217379570007 0.5216138362884521 0.02769484557211399 -0.4359513223171234 -0.41097357869148254 -0.8006541132926941 -0.5049856901168823 0.8838138580322266 -0.3633194863796234 -0.29474034905433655 -3.7579751014709473
-0.16981883347034454 -0.836091160774231 0.5216445326805115 0.027716154232621193 -0.4360170066356659 -0.41095805168151855 -0.8006263375282288 -0.504985511302948 0.8837707042694092 -0.3634074032306671 -0.2947614789009094 -3.758009195327759
-0.1697375476360321 -0.83610999584198 0.5216407775878906 0.027675343677401543 -0.43598228693008423 -0.41099467873573303 -0.8006263971328735 -0.5049818158149719 0.8838034272193909 -0.36332255601882935 -0.2947678864002228 -3.7580623626708984
-0.16981324553489685 -0.8360751867294312 0.5216719508171082 0.027667537331581116 -0.4360693693161011 -0.4109645187854767 -0.8005945086479187 -0.5050102472305298 0.8837459087371826 -0.363436758518219 -0.2947995364665985 -3.7580759525299072
-0.16976994276046753 -0.8360857963562012 0.5216690301895142 0.02770382910966873 -0.43604421615600586 -0.41098591685295105 -0.8005971908569336 -0.5050272345542908 0.8837666511535645 -0.36338815093040466 -0.29479727149009705 -3.7580432891845703
-0.16982577741146088 -0.8360562920570374 0.5216981768608093 0.027726447209715843 -0.4360998272895813 -0.4109731614589691 -0.800573468208313 -0.5050010085105896 0.8837285041809082 -0.36347055435180664 -0.29481011629104614 -3.7580442428588867
-0.169753298163414 -0.8360534906387329 0.5217262506484985 0.027725044637918472 -0.4361364543437958 -0.4110080897808075 -0.8005355596542358 -0.5049922466278076 0.8837243318557739 -0.3634374439716339 -0.29486337304115295 -3.7580549716949463
-0.16979487240314484 -0.8360456228256226 0.5217253565788269 0.027712060138583183 -0.4361764192581177 -0.4109775424003601 -0.8005294799804688 -0.5050166249275208 0.8836966156959534 -0.36349016427993774 -0.2948814332485199 -3.7580206394195557
-0.16981643438339233 -0.8360445499420166 0.5217199921607971 0.02771548368036747 -0.43613067269325256 -0.4109843373298645 -0.8005509376525879 -0.5050362348556519 0.883715033531189 -0.36348485946655273 -0.2948327362537384 -3.7580175399780273
-0.16987432539463043 -0.8360732197761536 0.5216552019119263 0.02772124484181404 -0.4361274242401123 -0.410905122756958 -0.8005933165550232 -0.5050036311149597 0.8837055563926697 -0.3635084629058838 -0.29483217000961304 -3.7579848766326904
-0.16987134516239166 -0.8360867500305176 0.5216345191001892 0.027704494073987007 -0.4360761046409607 -0.41090741753578186 -0.8006201386451721 -0.504993200302124 0.8837314248085022 -0.3634748160839081 -0.2947959899902344 -3.758026599884033
-0.1699000746011734 -0.8360949158668518 0.5216121077537537 0.027705376967787743 -0.43610695004463196 -0.4108640253543854 -0.8006256222724915 -0.504983127117157 0.8837106823921204 -0.3635050654411316 -0.2948209047317505 -3.7580068111419678
-0.16981624066829681 -0.8361047506332397 0.5216236114501953 0.02768036164343357 -0.4360770285129547 -0.41091418266296387 -0.8006161451339722 -0.5049728155136108 0.883741557598114 -0.36342576146125793 -0.29482612013816833 -3.758058547973633
-0.16984356939792633 -0.83610999584198 0.5216063261032104 0.027692077681422234 -0.4361165463924408 -0.41087260842323303 -0.8006159663200378 -0.5049702525138855 0.8837168216705322 -0.3634606599807739 -0.2948572635650635 -3.758068084716797
-0.16979195177555084 -0.8361201286315918 0.5216068625450134 0.02771998569369316 -0.4360945224761963 -0.41089868545532227 -0.800614595413208 -0.5049856305122375 0.8837376236915588 -0.36340785026550293 -0.29486003518104553 -3.7580296993255615
-0.16981783509254456 -0.8361984491348267 0.5214728713035583 0.027766462415456772 -0.4360944628715515 -0.41076210141181946 -0.8006846904754639 -0.505009114742279 0.8837326765060425 -0.3633820116519928 -0.29490673542022705 -3.757927894592285
-0.16982224583625793 -0.8361992239952087 0.5214701890945435 0.027770012617111206 -0.43609189987182617 -0.41075918078422546 -0.8006876111030579 -0.5050127506256104 0.8837330937385559 -0.36338353157043457 -0.29490360617637634 -3.7579057216644287
-0.16984756290912628 -0.8361547589302063 0.5215333104133606 0.0277427826076746 -0.43614840507507324 -0.41078829765319824 -0.8006418943405151 -0.5050702095031738 0.8837003111839294 -0.3634530305862427 -0.2949160933494568 -3.757896661758423
-0.16984300315380096 -0.836164653301239 0.5215188264846802 0.027738509699702263 -0.4361497163772583 -0.41077539324760437 -0.8006477952003479 -0.5050773024559021 0.8837005496025085 -0.3634447753429413 -0.29492560029029846 -3.757878065109253
-0.16985702514648438 -0.836104691028595 0.5216103792190552 0.02772754430770874 -0.4361146092414856 -0.41087302565574646 -0.8006168007850647 -0.5050535798072815 0.8837152123451233 -0.3634723424911499 -0.2948477566242218 -3.757924795150757
-0.16985441744327545 -0.8361351490020752 0.5215624570846558 0.027728460729122162 -0.43608060479164124 -0.4108419418334961 -0.8006513118743896 -0.505058765411377 0.8837324380874634 -0.3634374737739563 -0.29483893513679504 -3.7579426765441895
-0.1698211282491684 -0.8361377716064453 0.5215690732002258 0.027732044458389282 -0.4360364079475403 -0.4108770787715912 -0.800657331943512 -0.5050381422042847 0.8837606906890869 -0.3633916974067688 -0.29481083154678345 -3.7579731941223145
-0.16988691687583923 -0.8361102938652039 0.5215917229652405 0.027745770290493965 -0.43606457114219666 -0.4108661413192749 -0.8006476163864136 -0.5050497651100159 0.8837341070175171 -0.363467276096344 -0.29479724168777466 -3.7579798698425293
-0.16984674334526062 -0.8361154198646545 0.5215964913368225 0.02776006981730461 -0.4360415041446686 -0.4108930826187134 -0.8006463050842285 -0.5050368309020996 0.88375324010849 -0.36342495679855347 -0.294792115688324 -3.7579851150512695
-0.16988050937652588 -0.8361467719078064 0.521535336971283 0.02777361497282982 -0.43609878420829773 -0.41080015897750854 -0.8006628155708313 -0.5050427913665771 0.8837184906005859 -0.36345797777175903 -0.29485559463500977 -3.757991313934326
-0.16986370086669922 -0.8361603021621704 0.5215190649032593 0.027801284566521645 -0.43607035279273987 -0.41080164909362793 -0.8006775379180908 -0.5050578117370605 0.883735716342926 -0.3634251058101654 -0.2948443591594696 -3.757955551147461
-0.1699264496564865 -0.8361456394195557 0.5215222239494324 0.027805829420685768 -0.4360979199409485 -0.41077324748039246 -0.8006771206855774 -0.505058228969574 0.8837100863456726 -0.363491028547287 -0.2948400676250458 -3.757917881011963
-0.16988228261470795 -0.8361502885818481 0.5215290784835815 0.027757825329899788 -0.43601900339126587 -0.4108264148235321 -0.8006927967071533 -0.5050240755081177 0.8837575316429138 -0.36342015862464905 -0.2947852313518524 -3.7579946517944336
-0.16992144286632538 -0.8361355066299438 0.5215400457382202 0.027744343504309654 -0.436093270778656 -0.41079387068748474 -0.8006690740585327 -0.5050255060195923 0.8837133049964905 -0.363491028547287 -0.294830322265625 -3.7579433917999268
-0.16988760232925415 -0.8361390233039856 0.52154541015625 0.0277155339717865 -0.43606504797935486 -0.4108213782310486 -0.800670325756073 -0.5050235986709595 0.8837337493896484 -0.3634517192840576 -0.2948175072669983 -3.7579855918884277
-0.16989414393901825 -0.8361061215400696 0.5215960144996643 0.027706582099199295 -0.43606823682785034 -0.4108664393424988 -0.8006454110145569 -0.5050516128540039 0.883730947971344 -0.3634764850139618 -0.2947954833507538 -3.7579972743988037
-0.1698029488325119 -0.836132287979126 0.5215837955474854 0.02768762968480587 -0.4360221028327942 -0.41090285778045654 -0.8006518483161926 -0.5050244331359863 0.8837712407112122 -0.363375186920166 -0.2947995960712433 -3.758042573928833
-0.16984421014785767 -0.8361884355545044 0.5214803814888 0.027713963761925697 -0.4360370635986328 -0.4107844829559326 -0.8007044792175293 -0.5049912333488464 0.8837559223175049 -0.3633798360824585 -0.2948397099971771 -3.7580766677856445
-0.1698366403579712 -0.8361878991127014 0.5214836597442627 0.027701666578650475 -0.43605002760887146 -0.4107847511768341 -0.8006972670555115 -0.5050022006034851 0.8837509751319885 -0.3633807599544525 -0.2948533892631531 -3.758073091506958
-0.1697680950164795 -0.8361999988555908 0.5214865803718567 0.02767767943441868 -0.43602481484413147 -0.41081979870796204 -0.8006930351257324 -0.5050151944160461 0.8837766051292419 -0.3633132874965668 -0.29485979676246643 -3.758105754852295
-0.1697683185338974 -0.8361519575119019 0.5215635299682617 0.027676453813910484 -0.436053603887558 -0.41088154911994934 -0.800645649433136 -0.505041241645813 0.8837623596191406 -0.363353967666626 -0.2948523461818695 -3.758134126663208
-0.16978958249092102 -0.8361789584159851 0.5215132832527161 0.02772475592792034 -0.436000794172287 -0.41084834933280945 -0.8006914258003235 -0.5050156116485596 0.883784294128418 -0.36332932114601135 -0.29481688141822815 -3.7580926418304443
-0.16979646682739258 -0.8361569046974182 0.5215464234352112 0.027715880423784256 -0.43601375818252563 -0.41087260842323303 -0.8006719350814819 -0.5050575137138367 0.8837766051292419 -0.3633527457714081 -0.2948111295700073 -3.75809645652771
-0.16971704363822937 -0.8361441493034363 0.5215927362442017 0.027745472267270088 -0.4360150992870331 -0.4109417498111725 -0.8006357550621033 -0.5050542950630188 0.8837911486625671 -0.36330389976501465 -0.2948276102542877 -3.758113384246826
-0.1697932481765747 -0.8361430168151855 0.5215697288513184 0.027764441445469856 -0.4360617995262146 -0.41087618470191956 -0.8006439208984375 -0.5050097703933716 0.8837534785270691 -0.36338064074516296 -0.29484596848487854 -3.7581558227539062
-0.1697891652584076 -0.836150586605072 0.521558940410614 0.027770914137363434 -0.43606284260749817 -0.41086670756340027 -0.8006482720375061 -0.5050130486488342 0.883753776550293 -0.36337390542030334 -0.29485341906547546 -3.7581591606140137
-0.16985149681568146 -0.8361641764640808 0.5215167999267578 0.02776728756725788 -0.4360700249671936 -0.41080352663993835 -0.8006767630577087 -0.5050146579742432 0.8837382793426514 -0.36341404914855957 -0.29485049843788147 -3.758150339126587
-0.169795960187912 -0.8361744284629822 0.5215185284614563 0.027725758031010628 -0.4360455274581909 -0.410832941532135 -0.8006749749183655 -0.5050197839736938 0.8837609887123108 -0.3633572459220886 -0.29485228657722473 -3.758195161819458
-0.16976436972618103 -0.8361762762069702 0.5215258598327637 0.02772105671465397 -0.43608739972114563 -0.41083288192749023 -0.800652265548706 -0.5049848556518555 0.8837464451789856 -0.3633531332015991 -0.2949010729789734 -3.7581565380096436
