# 3x4 first row second row third row Freq: 100 current Time: 2021-04-06-17:37:07
-0.18078631162643433 -0.7056203484535217 0.6851394772529602 -0.04938783496618271 -0.3664582371711731 -0.5981292724609375 -0.7127057909965515 -0.5383773446083069 0.9127017855644226 -0.3799225091934204 -0.15044671297073364 -3.755249500274658
-0.18081514537334442 -0.7056430578231812 0.685108482837677 -0.04938357695937157 -0.3664108216762543 -0.598112940788269 -0.712743878364563 -0.5384203195571899 0.9127151370048523 -0.3799061179161072 -0.15040728449821472 -3.7552199363708496
-0.180805966258049 -0.7056379318237305 0.685116171836853 -0.04938462749123573 -0.36639517545700073 -0.5981287360191345 -0.7127386927604675 -0.5384261608123779 0.9127232432365417 -0.37989071011543274 -0.15039701759815216 -3.755211591720581
-0.18082235753536224 -0.7056866884231567 0.6850616335868835 -0.04930029436945915 -0.3663446307182312 -0.5980919003486633 -0.7127955555915833 -0.538374662399292 0.9127402305603027 -0.3798580765724182 -0.1503760814666748 -3.75519061088562
-0.18077871203422546 -0.705705463886261 0.685053825378418 -0.0492834746837616 -0.36639970541000366 -0.5980684161186218 -0.7127869725227356 -0.5383818745613098 0.9127268195152283 -0.3798602819442749 -0.1504521369934082 -3.7551941871643066
-0.18077999353408813 -0.7057096362113953 0.6850491762161255 -0.04929114133119583 -0.36640700697898865 -0.5980604887008667 -0.7127898931503296 -0.5383937954902649 0.9127236008644104 -0.37986502051353455 -0.15045951306819916 -3.7551839351654053
-0.18071477115154266 -0.7057083249092102 0.6850677728652954 -0.049291741102933884 -0.36648088693618774 -0.598059356212616 -0.7127528786659241 -0.5383734107017517 0.9127068519592285 -0.3798692524433136 -0.15055036544799805 -3.755136728286743
-0.180726557970047 -0.7057331800460815 0.6850390434265137 -0.049336012452840805 -0.3664368689060211 -0.5980467200279236 -0.712786078453064 -0.5383697748184204 0.9127222299575806 -0.37984299659729004 -0.15052366256713867 -3.75517201423645
-0.1807202398777008 -0.7057220935821533 0.6850520968437195 -0.0493275448679924 -0.3664429485797882 -0.5980584025382996 -0.7127731442451477 -0.5383901596069336 0.9127210378646851 -0.3798450827598572 -0.1505255401134491 -3.7552151679992676
-0.1807100474834442 -0.7057349681854248 0.6850415468215942 -0.04930899664759636 -0.36643263697624207 -0.5980537533760071 -0.7127823829650879 -0.5384118556976318 0.9127271771430969 -0.3798285722732544 -0.15052993595600128 -3.755180835723877
-0.18076540529727936 -0.7057412266731262 0.6850204467773438 -0.04930044710636139 -0.3664548695087433 -0.5980139970779419 -0.7128043174743652 -0.5383751392364502 0.9127072691917419 -0.3798794746398926 -0.15052199363708496 -3.7551772594451904
-0.1807704120874405 -0.7057241201400757 0.6850367784500122 -0.04929633066058159 -0.3664575517177582 -0.5980284810066223 -0.7127907276153564 -0.5383789539337158 0.9127051830291748 -0.3798884451389313 -0.15051200985908508 -3.755162000656128
-0.18072789907455444 -0.7057231068611145 0.6850490570068359 -0.049299925565719604 -0.3664851784706116 -0.5980364680290222 -0.7127698063850403 -0.5384107828140259 0.9127025604248047 -0.3798777759075165 -0.15055511891841888 -3.7551844120025635
-0.18069735169410706 -0.7057228088378906 0.6850574612617493 -0.04930011183023453 -0.3665001392364502 -0.5980437994003296 -0.7127559781074524 -0.5384173393249512 0.9127025604248047 -0.3798668086528778 -0.1505824774503708 -3.7551679611206055
-0.18067556619644165 -0.7057050466537476 0.6850814819335938 -0.049340810626745224 -0.3664947748184204 -0.5980739593505859 -0.7127334475517273 -0.5384159088134766 0.9127090573310852 -0.3798523545265198 -0.1505797803401947 -3.7552058696746826
-0.18068595230579376 -0.7056301236152649 0.6851558685302734 -0.04934043437242508 -0.36649268865585327 -0.5981482267379761 -0.7126721739768982 -0.5384458899497986 0.9127078056335449 -0.3798745274543762 -0.15053121745586395 -3.755246639251709
-0.18069367110729218 -0.7056517601013184 0.6851316094398499 -0.04936271160840988 -0.3664339482784271 -0.5981468558311462 -0.71270352602005 -0.53842693567276 0.9127299189567566 -0.3798365294933319 -0.1504933089017868 -3.755286931991577
-0.1806412935256958 -0.7056367993354797 0.6851608157157898 -0.04937067627906799 -0.3665015995502472 -0.5981569290161133 -0.7126603126525879 -0.53843754529953 0.9127131104469299 -0.3798484802246094 -0.15056508779525757 -3.7553157806396484
-0.18066154420375824 -0.7056695222854614 0.6851217746734619 -0.0493679903447628 -0.3664743900299072 -0.5981254577636719 -0.7127007246017456 -0.5383914113044739 0.9127200245857239 -0.3798372447490692 -0.1505514681339264 -3.755341053009033
-0.1806630641222 -0.7056505084037781 0.6851409673690796 -0.049335889518260956 -0.366515576839447 -0.5981274247169495 -0.7126778960227966 -0.5383704304695129 0.9127031564712524 -0.3798694610595703 -0.1505722850561142 -3.755319833755493
-0.18065235018730164 -0.705659806728363 0.6851341724395752 -0.049342162907123566 -0.3665456771850586 -0.5981098413467407 -0.7126771807670593 -0.5383654832839966 0.912693202495575 -0.37987983226776123 -0.15060654282569885 -3.7553176879882812
-0.1806057095527649 -0.7056657671928406 0.6851403117179871 -0.049328409135341644 -0.36657458543777466 -0.5981118083000183 -0.7126606702804565 -0.5384058952331543 0.9126908183097839 -0.3798656761646271 -0.15065667033195496 -3.7552714347839355
-0.18060357868671417 -0.7056558132171631 0.6851511597633362 -0.049329403787851334 -0.36657941341400146 -0.5981211066246033 -0.7126503586769104 -0.5384116172790527 0.9126893281936646 -0.37986958026885986 -0.15065599977970123 -3.755258083343506
-0.18066658079624176 -0.7056072950363159 0.6851844787597656 -0.04935925826430321 -0.3665332496166229 -0.5981634855270386 -0.7126385569572449 -0.5383987426757812 0.9126953482627869 -0.3798929452896118 -0.15056031942367554 -3.7553162574768066
-0.18069082498550415 -0.7056095600128174 0.6851757764816284 -0.049365099519491196 -0.3665274977684021 -0.5981530547142029 -0.7126502394676208 -0.5384055972099304 0.9126929044723511 -0.37990519404411316 -0.15054446458816528 -3.755312442779541
-0.1807236671447754 -0.7055842876434326 0.6851931810379028 -0.049368660897016525 -0.36644473671913147 -0.5981995463371277 -0.7126537561416626 -0.5384017825126648 0.9127196073532104 -0.3798788785934448 -0.1504487544298172 -3.7553675174713135
-0.18071752786636353 -0.7055711150169373 0.6852083206176758 -0.049372728914022446 -0.36647385358810425 -0.5982037782669067 -0.7126352190971375 -0.5384068489074707 0.91270911693573 -0.3798966705799103 -0.1504673808813095 -3.7553701400756836
-0.1807010918855667 -0.705589771270752 0.6851934194564819 -0.049394771456718445 -0.36648988723754883 -0.5981848239898682 -0.7126429080963135 -0.5384041666984558 0.9127059578895569 -0.37989187240600586 -0.15049880743026733 -3.755338191986084
-0.18070514500141144 -0.7055967450141907 0.6851851940155029 -0.049399178475141525 -0.3664497435092926 -0.5981925129890442 -0.71265709400177 -0.5384089350700378 0.9127212762832642 -0.3798668086528778 -0.15046921372413635 -3.7553348541259766
-0.18075287342071533 -0.7055562138557434 0.6852143406867981 -0.049381073564291 -0.3664805591106415 -0.5982012152671814 -0.7126339673995972 -0.5383754968643188 0.9126994609832764 -0.37992843985557556 -0.15044598281383514 -3.755357503890991
-0.18070589005947113 -0.7055470943450928 0.6852361559867859 -0.04939795657992363 -0.366465300321579 -0.5982373952865601 -0.7126114368438721 -0.5383701324462891 0.9127148985862732 -0.3798884153366089 -0.15045343339443207 -3.7553110122680664
-0.1807440221309662 -0.705551266670227 0.685221791267395 -0.0494016632437706 -0.3664434552192688 -0.5982255935668945 -0.7126325964927673 -0.5383661985397339 0.9127160906791687 -0.37989914417266846 -0.15041886270046234 -3.755305767059326
-0.18069542944431305 -0.7055696249008179 0.6852156519889832 -0.04938434064388275 -0.3664711117744446 -0.5982159972190857 -0.7126263976097107 -0.5383381843566895 0.9127146005630493 -0.3798801302909851 -0.15047591924667358 -3.755272388458252
-0.18071238696575165 -0.7055806517601013 0.6851998567581177 -0.049384746700525284 -0.3664644956588745 -0.5981999635696411 -0.7126432657241821 -0.5383313298225403 0.9127139449119568 -0.3798849284648895 -0.15046802163124084 -3.7552590370178223
-0.18068549036979675 -0.7056200504302979 0.6851663589477539 -0.04934722185134888 -0.36646947264671326 -0.5981685519218445 -0.7126670479774475 -0.5383694767951965 0.9127172231674194 -0.3798612058162689 -0.15050776302814484 -3.755202531814575
-0.18068650364875793 -0.7056116461753845 0.685174822807312 -0.049338340759277344 -0.3664698898792267 -0.5981767177581787 -0.712660014629364 -0.5383689403533936 0.9127168655395508 -0.37986403703689575 -0.15050287544727325 -3.7551846504211426
-0.18067359924316406 -0.7056351900100708 0.6851539611816406 -0.049301907420158386 -0.3665001690387726 -0.5981452465057373 -0.7126708626747131 -0.5383836627006531 0.9127072691917419 -0.37986990809440613 -0.15054626762866974 -3.7552053928375244
-0.1806737333536148 -0.7056311964988708 0.6851580142974854 -0.049284566193819046 -0.3665201961994171 -0.5981409549713135 -0.7126641273498535 -0.5383841395378113 0.9126992225646973 -0.3798840045928955 -0.15055963397026062 -3.7551894187927246
-0.18063361942768097 -0.705668568611145 0.6851301193237305 -0.049293648451566696 -0.3664500117301941 -0.5981486439704895 -0.7126937508583069 -0.5384265184402466 0.9127353429794312 -0.3798024356365204 -0.15054641664028168 -3.7552568912506104
-0.18062874674797058 -0.7056723237037659 0.6851275563240051 -0.0492747500538826 -0.36645615100860596 -0.5981443524360657 -0.7126942276954651 -0.5384354591369629 0.9127338528633118 -0.37980231642723083 -0.1505558341741562 -3.7552475929260254
-0.18069635331630707 -0.7056149244308472 0.6851688027381897 -0.049315985292196274 -0.3663700520992279 -0.5982105731964111 -0.7126829028129578 -0.5384294390678406 0.912755012512207 -0.3798045814037323 -0.1504216343164444 -3.7552669048309326
-0.18065311014652252 -0.70557701587677 0.6852192282676697 -0.04932563751935959 -0.366468608379364 -0.5982276797294617 -0.7126178741455078 -0.5384109616279602 0.9127240180969238 -0.37984803318977356 -0.15050005912780762 -3.755241632461548
-0.1806640923023224 -0.7055854201316833 0.6852076649665833 -0.049325160682201385 -0.3664594888687134 -0.5982180237770081 -0.7126306891441345 -0.538414478302002 0.9127255082130432 -0.3798476755619049 -0.1504918783903122 -3.755234479904175
-0.18068817257881165 -0.7055808901786804 0.6852060556411743 -0.04935918375849724 -0.3663932979106903 -0.5982398986816406 -0.7126463651657104 -0.5383837223052979 0.912747323513031 -0.3798217177391052 -0.15042515099048615 -3.755244016647339
-0.1806851625442505 -0.7055802941322327 0.6852074265480042 -0.04936770722270012 -0.3664019703865051 -0.5982381701469421 -0.7126433849334717 -0.5383767485618591 0.912744402885437 -0.3798254728317261 -0.15043318271636963 -3.755239963531494
-0.1806994527578354 -0.7055381536483765 0.685247004032135 -0.04937895014882088 -0.36641383171081543 -0.598270833492279 -0.7126098275184631 -0.5383825302124023 0.9127368330955505 -0.3798522353172302 -0.15041165053844452 -3.7552642822265625
-0.1806979924440384 -0.7055848836898804 0.6851993203163147 -0.04934263601899147 -0.36638107895851135 -0.5982365608215332 -0.7126554846763611 -0.5383599996566772 0.912750244140625 -0.37981951236724854 -0.15041272342205048 -3.7552428245544434
-0.18069158494472504 -0.705553412437439 0.6852334141731262 -0.04937463998794556 -0.3663547933101654 -0.5982829928398132 -0.7126299738883972 -0.5383951663970947 0.9127621054649353 -0.3798048198223114 -0.15037807822227478 -3.7552192211151123
-0.1806992143392563 -0.7055622935295105 0.6852222084999084 -0.04938891902565956 -0.3663441836833954 -0.598274827003479 -0.7126423120498657 -0.538391649723053 0.912764847278595 -0.3798011243343353 -0.150370791554451 -3.7552120685577393
-0.18069234490394592 -0.7055830359458923 0.6852026581764221 -0.04934849217534065 -0.36631616950035095 -0.5982678532600403 -0.7126625180244446 -0.5383535027503967 0.9127774238586426 -0.3797735273838043 -0.1503639817237854 -3.7552640438079834
-0.180670365691185 -0.7055843472480774 0.685207188129425 -0.04935682937502861 -0.3663281500339508 -0.5982710719108582 -0.7126536965370178 -0.5383421778678894 0.9127769470214844 -0.3797661066055298 -0.15038546919822693 -3.755261182785034
-0.18064844608306885 -0.7055619359016418 0.6852359771728516 -0.04940658435225487 -0.36637741327285767 -0.5982833504676819 -0.7126180529594421 -0.5383793711662292 0.9127615094184875 -0.3797883987426758 -0.15042293071746826 -3.7553319931030273
-0.18065126240253448 -0.7055666446685791 0.6852304339408875 -0.04942360892891884 -0.36637741327285767 -0.5982772707939148 -0.7126231789588928 -0.5383720993995667 0.9127609729766846 -0.379789263010025 -0.1504240781068802 -3.7553319931030273
-0.18080395460128784 -0.7055768370628357 0.685179591178894 -0.04940183088183403 -0.3662720024585724 -0.5982444286346436 -0.7127048969268799 -0.5383428931236267 0.912773072719574 -0.3798220157623291 -0.15026801824569702 -3.755363702774048
-0.18080633878707886 -0.7055729627609253 0.6851829886436462 -0.049419451504945755 -0.366266667842865 -0.5982496738433838 -0.712703287601471 -0.5383313298225403 0.9127747416496277 -0.3798210024833679 -0.15026043355464935 -3.7553699016571045
-0.18080498278141022 -0.7055433392524719 0.6852138638496399 -0.04941564425826073 -0.3662170171737671 -0.5983016490936279 -0.7126851081848145 -0.5383591651916504 0.9127948880195618 -0.37979406118392944 -0.15020598471164703 -3.7553484439849854
-0.18080192804336548 -0.7055419683456421 0.6852160692214966 -0.049432314932346344 -0.36621859669685364 -0.5983037948608398 -0.7126824855804443 -0.5383514165878296 0.9127948880195618 -0.37979331612586975 -0.15020804107189178 -3.755352020263672
-0.18073876202106476 -0.7055411338806152 0.6852336525917053 -0.049421023577451706 -0.3662271499633789 -0.5983284711837769 -0.7126573920249939 -0.5383278131484985 0.9128039479255676 -0.37975603342056274 -0.15024709701538086 -3.755359172821045
-0.1807289570569992 -0.705536961555481 0.6852405071258545 -0.049419090151786804 -0.36626163125038147 -0.5983226895332336 -0.7126445174217224 -0.5383430123329163 0.9127920866012573 -0.3797728419303894 -0.1502767950296402 -3.7554125785827637
-0.18072521686553955 -0.7055484056472778 0.6852297186851501 -0.049396079033613205 -0.36626648902893066 -0.5983103513717651 -0.7126523852348328 -0.5383485555648804 0.912790834903717 -0.37977099418640137 -0.1502888947725296 -3.7553727626800537
-0.18069200217723846 -0.7055457234382629 0.6852412223815918 -0.04939982667565346 -0.3662671148777008 -0.5983272790908813 -0.7126378417015076 -0.5383482575416565 0.9127971529960632 -0.3797493577003479 -0.15030516684055328 -3.755378007888794
-0.18067988753318787 -0.7055490612983704 0.6852409839630127 -0.04938433691859245 -0.36627528071403503 -0.5983256697654724 -0.7126350402832031 -0.5384012460708618 0.9127963185310364 -0.3797456920146942 -0.1503196805715561 -3.75534725189209
-0.1807146966457367 -0.7054803967475891 0.6853024959564209 -0.04938831180334091 -0.3662694990634918 -0.5983843803405762 -0.7125886678695679 -0.5384070873260498 0.9127917289733887 -0.37978067994117737 -0.15025903284549713 -3.7553420066833496
-0.1807253360748291 -0.7055308222770691 0.6852477788925171 -0.04936346039175987 -0.36623522639274597 -0.5983415842056274 -0.7126421928405762 -0.5384010672569275 0.9128033518791199 -0.3797544240951538 -0.15025468170642853 -3.7553060054779053
-0.18076609075069427 -0.705491304397583 0.6852777004241943 -0.049374308437108994 -0.3662666082382202 -0.5983520150184631 -0.7126173377037048 -0.5383963584899902 0.9127827286720276 -0.37981143593788147 -0.15023605525493622 -3.755291223526001
-0.18080314993858337 -0.7055203318595886 0.6852380633354187 -0.04934603348374367 -0.3662322163581848 -0.5983201265335083 -0.7126618027687073 -0.5383719205856323 0.9127891659736633 -0.37980780005455017 -0.15020602941513062 -3.7552428245544434
-0.1808454394340515 -0.705472469329834 0.6852761507034302 -0.049350555986166 -0.3661775290966034 -0.5983743071556091 -0.7126443982124329 -0.5383786559104919 0.9128027558326721 -0.37981128692626953 -0.15011483430862427 -3.7552525997161865
-0.1808212697505951 -0.7055100202560425 0.6852438449859619 -0.049347613006830215 -0.3661623001098633 -0.5983520746231079 -0.7126709222793579 -0.5384085774421692 0.912813663482666 -0.37977656722068787 -0.1501363068819046 -3.755237579345703
-0.18083758652210236 -0.7055214047431946 0.6852278709411621 -0.049334049224853516 -0.36616215109825134 -0.5983332395553589 -0.7126867771148682 -0.5384037494659424 0.9128104448318481 -0.37978512048721313 -0.15013399720191956 -3.755223274230957
-0.1808416247367859 -0.7055392861366272 0.6852083802223206 -0.04933557286858559 -0.36614182591438293 -0.5983213782310486 -0.7127072215080261 -0.5384112000465393 0.9128178358078003 -0.3797706365585327 -0.15012595057487488 -3.7552149295806885
-0.1808277815580368 -0.7055124640464783 0.6852396726608276 -0.04932142421603203 -0.3661951422691345 -0.5983330607414246 -0.7126699686050415 -0.5384166240692139 0.9127991795539856 -0.37980201840400696 -0.15015989542007446 -3.7552108764648438
-0.18083617091178894 -0.7055188417434692 0.6852308511734009 -0.049323324114084244 -0.3661871552467346 -0.5983260869979858 -0.712679922580719 -0.5384228825569153 0.9128007292747498 -0.3798011243343353 -0.15015286207199097 -3.755199670791626
-0.1808951199054718 -0.7055093050003052 0.6852251291275024 -0.049339547753334045 -0.36613085865974426 -0.5983339548110962 -0.7127022743225098 -0.5384559035301208 0.9128116369247437 -0.3798064887523651 -0.15007296204566956 -3.7551794052124023
-0.18087905645370483 -0.7054940462112427 0.6852450966835022 -0.0493575781583786 -0.36619049310684204 -0.5983319878578186 -0.7126733064651489 -0.5384265184402466 0.9127908945083618 -0.3798379600048065 -0.15011942386627197 -3.7550995349884033
-0.1808573305606842 -0.7055364847183228 0.6852071285247803 -0.049356888979673386 -0.3661542534828186 -0.5983123183250427 -0.7127084136009216 -0.5383857488632202 0.9128097295761108 -0.3797900974750519 -0.15012595057487488 -3.7551310062408447
-0.1808449923992157 -0.7055326700210571 0.6852142810821533 -0.04935350641608238 -0.3661598265171051 -0.5983192920684814 -0.7126997113227844 -0.5384259223937988 0.9128099083900452 -0.3797861635684967 -0.1501346230506897 -3.755201816558838
-0.18084222078323364 -0.7055419683456421 0.6852054595947266 -0.04936244711279869 -0.3661233186721802 -0.5983260273933411 -0.712712824344635 -0.5384232401847839 0.9128251075744629 -0.3797582983970642 -0.15011268854141235 -3.755251169204712
-0.1808367669582367 -0.7055139541625977 0.6852357387542725 -0.04936813935637474 -0.36619043350219727 -0.5983296036720276 -0.7126753330230713 -0.5384271740913391 0.9127992987632751 -0.37980473041534424 -0.15015237033367157 -3.755244731903076
-0.1808011829853058 -0.7055680155754089 0.6851894855499268 -0.04937385395169258 -0.36613982915878296 -0.5983098149299622 -0.7127179503440857 -0.5384306311607361 0.9128265976905823 -0.37973544001579285 -0.15016135573387146 -3.75525164604187
-0.18079450726509094 -0.7055242657661438 0.6852362155914307 -0.04937867075204849 -0.3661589026451111 -0.5983502268791199 -0.7126742005348206 -0.5384402871131897 0.9128202795982361 -0.3797529935836792 -0.15015549957752228 -3.7552623748779297
-0.1808171570301056 -0.7055584192276001 0.6851951479911804 -0.04933464154601097 -0.36615225672721863 -0.598307728767395 -0.7127133011817932 -0.5384091138839722 0.9128184914588928 -0.3797565996646881 -0.15015742182731628 -3.755207061767578
-0.18080700933933258 -0.7055071592330933 0.6852505803108215 -0.0493292473256588 -0.366199791431427 -0.5983456373214722 -0.7126570343971252 -0.5383817553520203 0.9128014445304871 -0.37979206442832947 -0.1501713991165161 -3.7552342414855957
-0.18080474436283112 -0.7055065035820007 0.6852518320083618 -0.049332763999700546 -0.3661952018737793 -0.5983492136001587 -0.7126564383506775 -0.5383808612823486 0.9128037095069885 -0.3797876536846161 -0.15016864240169525 -3.755230665206909
-0.18081502616405487 -0.7054886221885681 0.6852675080299377 -0.049353599548339844 -0.36614128947257996 -0.598385751247406 -0.712653398513794 -0.5383906364440918 0.9128233194351196 -0.3797632157802582 -0.15011131763458252 -3.755221366882324
-0.18081365525722504 -0.705496609210968 0.6852596998214722 -0.049372389912605286 -0.366132527589798 -0.5983816981315613 -0.7126613259315491 -0.5383801460266113 0.9128270745277405 -0.37975481152534485 -0.15010958909988403 -3.7552311420440674
-0.18086664378643036 -0.7055289149284363 0.6852124333381653 -0.04939274117350578 -0.36604270339012146 -0.5983625054359436 -0.7127235531806946 -0.5383930802345276 0.9128525853157043 -0.37972497940063477 -0.15002982318401337 -3.7552292346954346
-0.18086637556552887 -0.7055277228355408 0.6852137446403503 -0.04940829798579216 -0.36603596806526184 -0.5983667373657227 -0.7127234935760498 -0.5383873581886292 0.9128553867340088 -0.37972065806388855 -0.15002402663230896 -3.755228281021118
-0.1808861941099167 -0.7055841088294983 0.6851505041122437 -0.04933914542198181 -0.36597737669944763 -0.5983238816261292 -0.7127895355224609 -0.53839111328125 0.9128749370574951 -0.37968340516090393 -0.1499992161989212 -3.755185127258301
-0.18083377182483673 -0.7055985927581787 0.6851493716239929 -0.04934343695640564 -0.36601850390434265 -0.5983144044876099 -0.7127764225006104 -0.5383869409561157 0.9128687977790833 -0.37967145442962646 -0.15006661415100098 -3.755192279815674
-0.18083696067333221 -0.7056010365486145 0.6851460337638855 -0.049339547753334045 -0.36601945757865906 -0.5983100533485413 -0.7127795219421387 -0.5383527874946594 0.9128677845001221 -0.37967371940612793 -0.1500670611858368 -3.75523042678833
-0.1808546632528305 -0.7055945992469788 0.6851479411125183 -0.04934387281537056 -0.3660190999507904 -0.5983092188835144 -0.7127804160118103 -0.5383445620536804 0.9128644466400146 -0.37968695163726807 -0.15005403757095337 -3.755227565765381
-0.18081332743167877 -0.705597460269928 0.685155987739563 -0.04938538745045662 -0.3660496473312378 -0.5983114242553711 -0.7127628922462463 -0.538349449634552 0.9128603935241699 -0.3796781897544861 -0.1501009315252304 -3.755274534225464
-0.18080924451351166 -0.7055526375770569 0.6852031350135803 -0.049399953335523605 -0.3660741448402405 -0.5983496308326721 -0.7127182483673096 -0.5383399724960327 0.9128513932228088 -0.37970125675201416 -0.15009735524654388 -3.755282163619995
-0.18083816766738892 -0.7055885791778564 0.6851585507392883 -0.049411091953516006 -0.36604323983192444 -0.5983126163482666 -0.7127652168273926 -0.5383323431015015 0.9128580093383789 -0.37969285249710083 -0.15007808804512024 -3.7552664279937744
-0.18079455196857452 -0.7056052088737488 0.6851528882980347 -0.04941922426223755 -0.3660697042942047 -0.5983031392097473 -0.7127595543861389 -0.5383387207984924 0.9128560423851013 -0.37967681884765625 -0.15013065934181213 -3.755300283432007
-0.18079812824726105 -0.7056312561035156 0.6851251721382141 -0.04941580444574356 -0.3661074936389923 -0.5982587933540344 -0.7127773761749268 -0.5383754372596741 0.9128401875495911 -0.3796983063220978 -0.15017274022102356 -3.7552547454833984
-0.18077661097049713 -0.7055855393409729 0.6851779222488403 -0.0494159571826458 -0.36614522337913513 -0.5982999801635742 -0.712723433971405 -0.538394033908844 0.9128293395042419 -0.3797183930873871 -0.15018807351589203 -3.7552883625030518
-0.18082652986049652 -0.7056217789649963 0.6851273775100708 -0.049373455345630646 -0.36612799763679504 -0.5982478260993958 -0.7127760648727417 -0.5383713841438293 0.9128263592720032 -0.37973320484161377 -0.1501687467098236 -3.7552409172058105
-0.18078504502773285 -0.7056483626365662 0.6851109266281128 -0.04933666065335274 -0.3661663830280304 -0.5982221364974976 -0.7127779126167297 -0.5383735299110413 0.9128191471099854 -0.3797242343425751 -0.15023502707481384 -3.7552409172058105
-0.18077372014522552 -0.7056402564048767 0.6851223111152649 -0.04932866990566254 -0.366157591342926 -0.5982391238212585 -0.7127681374549866 -0.5383725762367249 0.9128249287605286 -0.3797125220298767 -0.1502295434474945 -3.7552335262298584
-0.18075667321681976 -0.7056431770324707 0.6851238012313843 -0.04934221878647804 -0.36613789200782776 -0.5982517004013062 -0.7127677202224731 -0.5384085774421692 0.9128361940383911 -0.3796873688697815 -0.15022465586662292 -3.755310535430908
-0.18076319992542267 -0.7056336998939514 0.685131847858429 -0.049339409917593 -0.366125226020813 -0.5982639789581299 -0.7127639055252075 -0.5384109616279602 0.9128400087356567 -0.37968558073043823 -0.15020610392093658 -3.755309820175171
-0.18067094683647156 -0.7056964039802551 0.6850916147232056 -0.04934258386492729 -0.3661336600780487 -0.5982351899147034 -0.7127837538719177 -0.5384196043014526 0.9128549098968506 -0.3796144723892212 -0.1502954065799713 -3.755340576171875
-0.1806517392396927 -0.7057210803031921 0.6850712299346924 -0.04934889078140259 -0.36614280939102173 -0.5982140302658081 -0.7127968072891235 -0.5384108424186707 0.9128550291061401 -0.37960195541381836 -0.150326207280159 -3.755316972732544
-0.1807299256324768 -0.7057414650917053 0.6850296258926392 -0.0493500679731369 -0.3660973608493805 -0.5981778502464294 -0.7128505110740662 -0.5383954644203186 0.9128577709197998 -0.3796209990978241 -0.15026137232780457 -3.7553250789642334
-0.1807342916727066 -0.7057534456253052 0.6850161552429199 -0.04935305938124657 -0.3660973310470581 -0.5981635451316833 -0.7128625512123108 -0.538395881652832 0.912856936454773 -0.37962132692337036 -0.15026570856571198 -3.7553186416625977
-0.18074187636375427 -0.7057552337646484 0.6850122809410095 -0.04933539032936096 -0.36615774035453796 -0.5981332659721375 -0.7128568887710571 -0.5383691787719727 0.91283118724823 -0.37966570258140564 -0.15030993521213531 -3.7552902698516846
-0.1807466745376587 -0.7057535648345947 0.685012698173523 -0.049336668103933334 -0.3661602735519409 -0.5981318354606628 -0.7128568291664124 -0.5383700132369995 0.9128292202949524 -0.37967097759246826 -0.1503085196018219 -3.7552847862243652
-0.18078258633613586 -0.705740213394165 0.6850169897079468 -0.0493210144340992 -0.3662151098251343 -0.5981073379516602 -0.7128491401672363 -0.5383750796318054 0.912800133228302 -0.3797343373298645 -0.1503252536058426 -3.7552990913391113
-0.180711030960083 -0.705711305141449 0.6850656867027283 -0.049323245882987976 -0.36626943945884705 -0.5981458425521851 -0.712788999080658 -0.5383785367012024 0.9127925038337708 -0.37972748279571533 -0.15038885176181793 -3.7553038597106934
-0.18072354793548584 -0.7057074904441833 0.6850663423538208 -0.04933234304189682 -0.36629971861839294 -0.5981318354606628 -0.7127851843833923 -0.5383778214454651 0.912777841091156 -0.37975671887397766 -0.15040387213230133 -3.7552852630615234
-0.18073047697544098 -0.7057150602340698 0.6850566864013672 -0.04933461546897888 -0.36631524562835693 -0.5981144309043884 -0.7127917408943176 -0.5383761525154114 0.9127702713012695 -0.3797699511051178 -0.15041661262512207 -3.755275249481201
-0.18074199557304382 -0.7057356238365173 0.6850324273109436 -0.04937678202986717 -0.3663005530834198 -0.5980941653251648 -0.7128162980079651 -0.5384153723716736 0.912773847579956 -0.379763662815094 -0.15041053295135498 -3.755268096923828
-0.18069098889827728 -0.7057214975357056 0.685060441493988 -0.049381084740161896 -0.36633414030075073 -0.5981169939041138 -0.7127799391746521 -0.5384421348571777 0.9127705097198486 -0.379753977060318 -0.15045545995235443 -3.7553110122680664
-0.1807541698217392 -0.7057397961616516 0.6850249171257019 -0.04933446645736694 -0.3663424253463745 -0.5980671048164368 -0.7128174901008606 -0.5383982062339783 0.9127546548843384 -0.3797984719276428 -0.15043923258781433 -3.755286455154419
-0.18072347342967987 -0.7057349681854248 0.6850379705429077 -0.049334511160850525 -0.3663674592971802 -0.5980750322341919 -0.712797999382019 -0.5383935570716858 0.9127506613731384 -0.37979501485824585 -0.15047205984592438 -3.7552719116210938
-0.18072840571403503 -0.7057450413703918 0.6850263476371765 -0.0493495836853981 -0.36637693643569946 -0.5980584621429443 -0.7128069996833801 -0.538395881652832 0.9127458930015564 -0.3798023760318756 -0.15048246085643768 -3.755282402038574
-0.18071579933166504 -0.7057214379310608 0.6850540041923523 -0.0493740439414978 -0.36634770035743713 -0.5981006622314453 -0.7127866148948669 -0.5383884906768799 0.9127601385116577 -0.3797798156738281 -0.1504531055688858 -3.755385398864746
-0.18073095381259918 -0.7057216763496399 0.6850497126579285 -0.04938013479113579 -0.3663485050201416 -0.5980935096740723 -0.7127922177314758 -0.5383862257003784 0.9127568006515503 -0.37979063391685486 -0.15044601261615753 -3.755387306213379
-0.18078415095806122 -0.705718457698822 0.6850389838218689 -0.04938521981239319 -0.36630281805992126 -0.5980928540229797 -0.7128162980079651 -0.5384011268615723 0.9127646088600159 -0.37979766726493835 -0.15038087964057922 -3.75545072555542
-0.18078981339931488 -0.7057101130485535 0.6850460767745972 -0.04938987269997597 -0.3663106858730316 -0.5980957746505737 -0.7128098011016846 -0.5384032130241394 0.912760317325592 -0.3798084855079651 -0.1503794640302658 -3.7554614543914795
-0.180880606174469 -0.7056607604026794 0.6850729584693909 -0.049414895474910736 -0.3662275969982147 -0.5981424450874329 -0.7128133177757263 -0.53842693567276 0.9127756953239441 -0.37982678413391113 -0.1502399891614914 -3.755437135696411
-0.18089576065540314 -0.7056649923324585 0.6850646138191223 -0.049396950751543045 -0.3662637174129486 -0.598116397857666 -0.712816596031189 -0.5383858680725098 0.9127581715583801 -0.3798598647117615 -0.15026268362998962 -3.7554144859313965
-0.18090768158435822 -0.7056494951248169 0.685077428817749 -0.049402058124542236 -0.36627158522605896 -0.5981241464614868 -0.7128061056137085 -0.5383852124214172 0.9127526879310608 -0.3798765540122986 -0.1502540409564972 -3.755417823791504
-0.18093201518058777 -0.7056384682655334 0.6850823760032654 -0.049355681985616684 -0.36625415086746216 -0.598132312297821 -0.7128081321716309 -0.5383814573287964 0.9127548336982727 -0.37988412380218506 -0.15022166073322296 -3.7553727626800537
-0.18091458082199097 -0.7056469321250916 0.6850782632827759 -0.049354422837495804 -0.36623725295066833 -0.5981380939483643 -0.7128120064735413 -0.538377046585083 0.9127650856971741 -0.3798593282699585 -0.15022222697734833 -3.75537371635437
-0.1808777153491974 -0.7056537866592407 0.6850809454917908 -0.04932132363319397 -0.3662986159324646 -0.5981214046478271 -0.7127944827079773 -0.5383990406990051 0.9127477407455444 -0.3798728883266449 -0.15029309689998627 -3.755305290222168
-0.18089987337589264 -0.7056613564491272 0.6850672960281372 -0.049311354756355286 -0.36630144715309143 -0.5981027483940125 -0.7128086686134338 -0.5383997559547424 0.9127421975135803 -0.3798882067203522 -0.15028798580169678 -3.755298614501953
-0.18090203404426575 -0.7056151032447815 0.685114324092865 -0.04933549836277962 -0.3662235736846924 -0.5981823205947876 -0.7127819061279297 -0.538394033908844 0.912773072719574 -0.37984877824783325 -0.15020041167736053 -3.755345106124878
-0.18092025816440582 -0.7055747509002686 0.6851510405540466 -0.04933629184961319 -0.36623844504356384 -0.5982102155685425 -0.7127509117126465 -0.5383887887001038 0.9127634763717651 -0.37987977266311646 -0.1501801759004593 -3.7553389072418213
-0.18091103434562683 -0.7056037783622742 0.68512362241745 -0.0493212565779686 -0.3662129342556 -0.5981946587562561 -0.7127770185470581 -0.5384142994880676 0.9127755165100098 -0.3798504173755646 -0.1501811444759369 -3.7552995681762695
-0.18090304732322693 -0.7055914402008057 0.685138463973999 -0.049328044056892395 -0.3662421405315399 -0.5981987714767456 -0.7127586007118225 -0.5384083986282349 0.912765383720398 -0.3798668086528778 -0.15020126104354858 -3.7552855014801025
-0.1808885782957077 -0.705623984336853 0.6851087212562561 -0.04934246838092804 -0.36621811985969543 -0.5981811881065369 -0.7127856612205505 -0.5383837223052979 0.9127779006958008 -0.3798340857028961 -0.15020808577537537 -3.75528621673584
-0.18083447217941284 -0.705632746219635 0.6851140260696411 -0.04938947781920433 -0.3662509620189667 -0.5981818437576294 -0.7127682566642761 -0.5383760333061218 0.912775456905365 -0.37981680035591125 -0.15026670694351196 -3.75531268119812
-0.18083488941192627 -0.7056330442428589 0.6851136088371277 -0.04940195381641388 -0.36624065041542053 -0.598185658454895 -0.7127703428268433 -0.53837651014328 0.9127795100212097 -0.37981024384498596 -0.15025858581066132 -3.755305528640747
-0.18087062239646912 -0.7056037187576294 0.6851343512535095 -0.049414969980716705 -0.3662129044532776 -0.5982121825218201 -0.7127623558044434 -0.5383802056312561 0.9127835631370544 -0.37982285022735596 -0.15020212531089783 -3.7553417682647705
-0.18086279928684235 -0.7056086659431458 0.685131311416626 -0.04942594841122627 -0.36623287200927734 -0.598202109336853 -0.7127605080604553 -0.5383835434913635 0.9127771258354187 -0.3798295259475708 -0.150224506855011 -3.7553389072418213
-0.18088160455226898 -0.7056484222412109 0.6850854158401489 -0.049343593418598175 -0.3662928640842438 -0.5981276631355286 -0.7127922177314758 -0.5383946299552917 0.9127492904663086 -0.3798729479312897 -0.15028363466262817 -3.7553184032440186
-0.18086186051368713 -0.7056476473808289 0.6850914359092712 -0.04934251308441162 -0.3663008511066437 -0.5981336832046509 -0.7127830386161804 -0.5383960604667664 0.9127500057220459 -0.3798648715019226 -0.15029969811439514 -3.7553138732910156
-0.18091845512390137 -0.7056053876876831 0.6851199865341187 -0.04937025159597397 -0.3662751317024231 -0.5981638431549072 -0.712770938873291 -0.5384256839752197 0.9127491116523743 -0.3798958659172058 -0.15022675693035126 -3.755371332168579
-0.1808922290802002 -0.7056248784065247 0.6851068139076233 -0.049375515431165695 -0.3662832975387573 -0.5981515049934387 -0.7127770781517029 -0.5384264588356018 0.9127510190010071 -0.37987905740737915 -0.15025757253170013 -3.75537371635437
-0.18084345757961273 -0.7056476473808289 0.685096263885498 -0.04938635230064392 -0.3663685917854309 -0.598113477230072 -0.7127651572227478 -0.5383950471878052 0.9127264618873596 -0.37989673018455505 -0.15036214888095856 -3.755383014678955
-0.1808239221572876 -0.7056565284729004 0.6850923299789429 -0.04939449951052666 -0.3663901090621948 -0.5981037616729736 -0.7127622961997986 -0.5383865237236023 0.9127216935157776 -0.37989556789398193 -0.1503940224647522 -3.7553813457489014
-0.18088369071483612 -0.7056803703308105 0.6850519776344299 -0.04938753321766853 -0.36640986800193787 -0.5980448126792908 -0.7128015756607056 -0.5383549332618713 0.9127019047737122 -0.3799440264701843 -0.1503916084766388 -3.7553811073303223
-0.18091127276420593 -0.7057308554649353 0.6849926710128784 -0.049370113760232925 -0.36639758944511414 -0.5979853868484497 -0.712857723236084 -0.5383689403533936 0.9127013683319092 -0.37994369864463806 -0.1503957211971283 -3.7553632259368896
-0.1809021681547165 -0.7057386040687561 0.6849870681762695 -0.049370065331459045 -0.3664087951183319 -0.5979766249656677 -0.7128592729568481 -0.5383607745170593 0.9126986861228943 -0.3799431324005127 -0.15041348338127136 -3.7553579807281494
-0.18090341985225677 -0.7057464122772217 0.684978723526001 -0.049343936145305634 -0.36643776297569275 -0.5979559421539307 -0.7128617763519287 -0.5383681654930115 0.912686824798584 -0.3799612522125244 -0.1504397988319397 -3.7553584575653076
-0.18089988827705383 -0.7057507634162903 0.6849751472473145 -0.04933649301528931 -0.3664403259754181 -0.5979518294334412 -0.7128638625144958 -0.5383585691452026 0.9126864671707153 -0.3799595534801483 -0.15044604241847992 -3.7553539276123047
-0.18089041113853455 -0.7058157920837402 0.6849107146263123 -0.04930233955383301 -0.3664407730102539 -0.5978881120681763 -0.7129170894622803 -0.5384159088134766 0.9126881957054138 -0.37993910908699036 -0.15048736333847046 -3.7552878856658936
-0.18088310956954956 -0.7058069705963135 0.6849216818809509 -0.04929326847195625 -0.36646348237991333 -0.5978910326957703 -0.7129030227661133 -0.5384172201156616 0.9126805067062378 -0.37995097041130066 -0.15050402283668518 -3.7552731037139893
-0.18092674016952515 -0.7057929635047913 0.6849246025085449 -0.049308519810438156 -0.3663693070411682 -0.5979258418083191 -0.7129221558570862 -0.5384415984153748 0.912709653377533 -0.379922091960907 -0.1504000425338745 -3.7552785873413086
-0.18089868128299713 -0.7057867050170898 0.6849384307861328 -0.049306128174066544 -0.3663785457611084 -0.5979406833648682 -0.7129049897193909 -0.5384449362754822 0.912711501121521 -0.3799103796482086 -0.15041832625865936 -3.755263328552246
-0.1808575838804245 -0.705763578414917 0.6849731206893921 -0.04933857545256615 -0.36643704771995544 -0.5979582071304321 -0.7128602266311646 -0.538417637348175 0.9126961827278137 -0.37992575764656067 -0.15047255158424377 -3.7552523612976074
-0.180856391787529 -0.7057716250419617 0.6849651336669922 -0.04933886229991913 -0.3664308786392212 -0.5979529023170471 -0.7128678560256958 -0.5384198427200317 0.9126988649368286 -0.3799191415309906 -0.15047283470630646 -3.755237340927124
-0.18089532852172852 -0.7057586312294006 0.6849682927131653 -0.04937189817428589 -0.366386353969574 -0.5979681611061096 -0.7128779888153076 -0.5384026169776917 0.9127090573310852 -0.3799193799495697 -0.15041059255599976 -3.7553153038024902
-0.18090367317199707 -0.7057566046714783 0.6849681735038757 -0.04937639832496643 -0.36639612913131714 -0.5979625582695007 -0.712877631187439 -0.5384032130241394 0.9127034544944763 -0.37993189692497253 -0.15041279792785645 -3.7553093433380127
-0.1808416098356247 -0.7057656645774841 0.6849752068519592 -0.04936182126402855 -0.36639079451560974 -0.5979822278022766 -0.7128638625144958 -0.5384308695793152 0.9127179384231567 -0.37988409399986267 -0.15044589340686798 -3.7553460597991943
-0.18085134029388428 -0.7057400941848755 0.6849989891052246 -0.04935748130083084 -0.366434782743454 -0.5979862809181213 -0.712837815284729 -0.5384437441825867 0.9126983284950256 -0.3799251914024353 -0.15046103298664093 -3.755357265472412
-0.1808956265449524 -0.7057399153709412 0.684987485408783 -0.04933149740099907 -0.3664180636405945 -0.5979743003845215 -0.7128565311431885 -0.5384041666984558 0.9126962423324585 -0.37994447350502014 -0.15042483806610107 -3.7553646564483643
-0.18089371919631958 -0.7056825160980225 0.6850471496582031 -0.04935184121131897 -0.3664008378982544 -0.5980420112609863 -0.7128085494041443 -0.5383861064910889 0.9127035737037659 -0.37994447350502014 -0.15038053691387177 -3.7553958892822266
-0.18088753521442413 -0.7056851387023926 0.6850460767745972 -0.04934585466980934 -0.36639466881752014 -0.5980445146560669 -0.7128096222877502 -0.5383800268173218 0.9127072691917419 -0.3799356520175934 -0.15038038790225983 -3.7554025650024414
-0.1809135228395462 -0.7056929469108582 0.6850311160087585 -0.049345798790454865 -0.36644938588142395 -0.5980023741722107 -0.7128168344497681 -0.538360595703125 0.9126801490783691 -0.379987508058548 -0.15041396021842957 -3.755415916442871
-0.18088757991790771 -0.7056954503059387 0.6850353479385376 -0.0493415966629982 -0.3664799630641937 -0.5979982018470764 -0.7128046154975891 -0.5383501052856445 0.9126729965209961 -0.37998929619789124 -0.15045273303985596 -3.7554214000701904
-0.18092972040176392 -0.7056884765625 0.6850314736366272 -0.04932832717895508 -0.3664361834526062 -0.598005473613739 -0.7128210067749023 -0.538384735584259 0.9126822352409363 -0.3799908757209778 -0.15039275586605072 -3.7553582191467285
-0.18098017573356628 -0.7056718468666077 0.685035228729248 -0.04936559870839119 -0.3663727939128876 -0.5980272889137268 -0.7128353118896484 -0.5383877158164978 0.9126976728439331 -0.3799873888492584 -0.1503078043460846 -3.755362033843994
-0.1810011863708496 -0.7056253552436829 0.6850775480270386 -0.04935870319604874 -0.3663489520549774 -0.5980765223503113 -0.7128062844276428 -0.5383944511413574 0.9127030968666077 -0.37999629974365234 -0.15025249123573303 -3.7553884983062744
