# 3x4 first row second row third row Freq: 100 current Time: 2021-04-06-17:45:29
0.011858582496643066 -0.6736826300621033 0.7389255166053772 0.0015765964053571224 -0.9825485348701477 -0.14503490924835205 -0.11646091938018799 -0.6122949123382568 0.185627743601799 -0.72464919090271 -0.6636458039283752 -3.722367286682129
0.011791162192821503 -0.6737595796585083 0.7388564944267273 0.0016097669722512364 -0.982554018497467 -0.14495982229709625 -0.11650799214839935 -0.6123763918876648 0.18560291826725006 -0.7245926856994629 -0.6637144088745117 -3.7223169803619385
0.011773725040256977 -0.6737547516822815 0.7388612031936646 0.0016253698850050569 -0.9825499653816223 -0.14496572315692902 -0.11653494089841843 -0.6123788356781006 0.18562555313110352 -0.7245960235595703 -0.6637044548988342 -3.7223126888275146
0.011835534125566483 -0.6736989617347717 0.7389110326766968 0.0015778447268530726 -0.9825578331947327 -0.1449817568063736 -0.11644843220710754 -0.6123448014259338 0.18557985126972198 -0.724644660949707 -0.6636641025543213 -3.722297191619873
0.011829253286123276 -0.6736883521080017 0.7389208674430847 0.001583872945047915 -0.9825588464736938 -0.1449756920337677 -0.11644762009382248 -0.6123446226119995 0.18557500839233398 -0.7246557474136353 -0.6636533737182617 -3.722290277481079
0.011866631917655468 -0.6737041473388672 0.7389057874679565 0.0015685321995988488 -0.9825546741485596 -0.14501255750656128 -0.11643707007169724 -0.6123900413513184 0.1855948120355606 -0.7246336340904236 -0.6636719703674316 -3.7223315238952637
0.01185734011232853 -0.6737098693847656 0.7389007210731506 0.0015751984901726246 -0.9825547337532043 -0.14500567317008972 -0.11644507199525833 -0.6123901009559631 0.18559503555297852 -0.7246297001838684 -0.6636762022972107 -3.7223308086395264
0.011935509741306305 -0.673666775226593 0.7389387488365173 0.0015877063851803541 -0.9825659394264221 -0.14501671493053436 -0.11633656173944473 -0.6123265624046326 0.18553060293197632 -0.7246676087379456 -0.6636528968811035 -3.7223165035247803
0.011949598789215088 -0.6736522316932678 0.7389518022537231 0.0015966357896104455 -0.9825707674026489 -0.14500892162322998 -0.11630573123693466 -0.6123223304748535 0.1855042725801468 -0.7246826887130737 -0.6636437773704529 -3.722316265106201
0.011954059824347496 -0.6736541986465454 0.7389499545097351 0.00157790700905025 -0.9825580716133118 -0.1450609713792801 -0.11634813249111176 -0.6123518347740173 0.18557125329971313 -0.7246704697608948 -0.6636383533477783 -3.7223753929138184
0.01196518074721098 -0.6736547350883484 0.7389492988586426 0.0015655518509447575 -0.98255854845047 -0.14506584405899048 -0.11633799225091934 -0.6123771667480469 0.18556798994541168 -0.7246689796447754 -0.6636409163475037 -3.722386598587036
0.011963265016674995 -0.6736571788787842 0.7389470934867859 0.0015592799754813313 -0.9825606942176819 -0.14505590498447418 -0.1163322702050209 -0.612364649772644 0.18555675446987152 -0.7246686816215515 -0.6636443734169006 -3.7223691940307617
0.011962812393903732 -0.6736395359039307 0.7389631867408752 0.0015837224200367928 -0.9825589656829834 -0.14506500959396362 -0.1163351908326149 -0.6123456358909607 0.18556572496891022 -0.7246832847595215 -0.6636258959770203 -3.722367763519287
0.012005716562271118 -0.6736507415771484 0.7389522790908813 0.0015262956731021404 -0.9825630784034729 -0.14507362246513367 -0.11628986895084381 -0.6122987270355225 0.1855412870645523 -0.7246711254119873 -0.6636460423469543 -3.7223753929138184
0.012072589248418808 -0.6736854314804077 0.7389195561408997 0.0015119867166504264 -0.9825726747512817 -0.1450718343257904 -0.11621111631393433 -0.6122635006904602 0.18548619747161865 -0.7246392369270325 -0.6636962890625 -3.722378969192505
0.01206928864121437 -0.6736868619918823 0.7389183044433594 0.0015064259059727192 -0.9825729131698608 -0.14506864547729492 -0.11621306836605072 -0.6122570633888245 0.1854851394891739 -0.7246385216712952 -0.6636973023414612 -3.7223918437957764
0.012081174179911613 -0.6736374497413635 0.7389631867408752 0.001542129903100431 -0.9825685024261475 -0.1451009064912796 -0.116209976375103 -0.612301766872406 0.1855076551437378 -0.7246780395507812 -0.6636478900909424 -3.722435474395752
0.012110202573239803 -0.6736417412757874 0.7389587759971619 0.0015347659355029464 -0.9825586080551147 -0.1451566368341446 -0.11622390151023865 -0.612327516078949 0.18555808067321777 -0.7246628403663635 -0.663650393486023 -3.722435474395752
0.012096761725842953 -0.6736354231834412 0.7389647364616394 0.0015372391790151596 -0.9825606942176819 -0.14514127373695374 -0.11622554808855057 -0.6123330593109131 0.18554797768592834 -0.7246717810630798 -0.6636434197425842 -3.7224509716033936
0.012127749621868134 -0.6736254096031189 0.7389733791351318 0.001584388897754252 -0.9825579524040222 -0.14517252147197723 -0.11620953679084778 -0.6122955083847046 0.18556036055088043 -0.7246748805046082 -0.6636365652084351 -3.722482681274414
0.012054638005793095 -0.6736816167831421 0.7389233112335205 0.001578595256432891 -0.982559084892273 -0.14511437714099884 -0.11627265065908432 -0.6123325228691101 0.18555918335914612 -0.7246342301368713 -0.6636812686920166 -3.722454071044922
0.012064056470990181 -0.6736384630203247 0.7389625310897827 0.0015884418971836567 -0.9825690984725952 -0.14508789777755737 -0.11622117459774017 -0.612337589263916 0.18550561368465424 -0.724679708480835 -0.6636466383934021 -3.7224690914154053
0.012086336500942707 -0.673672616481781 0.7389310002326965 0.0016076004831120372 -0.9825567007064819 -0.14514471590518951 -0.11625522375106812 -0.6123767495155334 0.18556992709636688 -0.7246364951133728 -0.6636757850646973 -3.722412586212158
0.012159221805632114 -0.6736960411071777 0.7389084696769714 0.0015658970223739743 -0.9825636744499207 -0.14515838027000427 -0.11617878824472427 -0.6123353838920593 0.1855279952287674 -0.7246120572090149 -0.6637142300605774 -3.7223167419433594
0.01213275920599699 -0.673673689365387 0.738929271697998 0.0015667036641389132 -0.9825587272644043 -0.14516496658325195 -0.11621241271495819 -0.6123419404029846 0.18555593490600586 -0.7246314883232117 -0.6636852025985718 -3.722313642501831
0.012091662734746933 -0.6736868023872375 0.7389180064201355 0.0015030731447041035 -0.9825579524040222 -0.14514081180095673 -0.11624938994646072 -0.6122917532920837 0.1855628788471222 -0.7246241569519043 -0.6636912822723389 -3.7223753929138184
0.012109864503145218 -0.6736770272254944 0.7389265894889832 0.0014640032313764095 -0.9825623631477356 -0.14513632655143738 -0.11621775478124619 -0.6123225092887878 0.1855383664369583 -0.7246341109275818 -0.6636872291564941 -3.7223873138427734
0.012090581469237804 -0.6736488938331604 0.7389525771141052 0.0014579927083104849 -0.982567310333252 -0.14510953426361084 -0.11620926856994629 -0.61232990026474 0.18551334738731384 -0.724665641784668 -0.6636598110198975 -3.7224156856536865
0.01207847148180008 -0.6736796498298645 0.7389247417449951 0.0014304020442068577 -0.9825664758682251 -0.14510047435760498 -0.11622754484415054 -0.6123442649841309 0.18551850318908691 -0.7246388792991638 -0.6636875867843628 -3.722426176071167
0.01199282705783844 -0.6737322807312012 0.7388781309127808 0.0014564431039616466 -0.9825488328933716 -0.14510847628116608 -0.11636669933795929 -0.6123793721199036 0.18561752140522003 -0.7245882749557495 -0.663715124130249 -3.722444534301758
0.01202387921512127 -0.6737419962882996 0.738868772983551 0.0014904745621606708 -0.9825444221496582 -0.14514334499835968 -0.11636065691709518 -0.6123375296592712 0.18563899397850037 -0.7245723009109497 -0.6637265682220459 -3.722456216812134
0.01208254974335432 -0.6737781763076782 0.7388348579406738 0.0014720216859132051 -0.9825611114501953 -0.14510849118232727 -0.1162630170583725 -0.612321674823761 0.18554674088954926 -0.7245456576347351 -0.663781464099884 -3.722405433654785
0.012075192295014858 -0.6737512946128845 0.7388594746589661 0.0015578815946355462 -0.982575535774231 -0.1450517773628235 -0.11621169745922089 -0.6123073697090149 0.18547070026397705 -0.7245820164680481 -0.6637630462646484 -3.722318649291992
0.012082302942872047 -0.673761785030365 0.7388497591018677 0.0015684377867728472 -0.9825736284255981 -0.14506202936172485 -0.11621520668268204 -0.6123014092445374 0.18548044562339783 -0.7245701551437378 -0.663773238658905 -3.7223150730133057
0.012104617431759834 -0.6738413572311401 0.7387768626213074 0.0015735101187601686 -0.9825441241264343 -0.14517831802368164 -0.11631917208433151 -0.6122958660125732 0.18563508987426758 -0.7244728803634644 -0.6638361811637878 -3.722411870956421
0.012128918431699276 -0.6738417148590088 0.7387760877609253 0.0015816454542800784 -0.9825403094291687 -0.1452081948518753 -0.1163143590092659 -0.6122915148735046 0.18565385043621063 -0.7244665622711182 -0.6638378500938416 -3.7224230766296387
0.01206496823579073 -0.6738071441650391 0.7388086915016174 0.0015766933793202043 -0.9825437068939209 -0.14516103267669678 -0.1163444072008133 -0.6122733950614929 0.18563996255397797 -0.7245082259178162 -0.6637963056564331 -3.7223944664001465
0.012064187787473202 -0.6738176941871643 0.7387990355491638 0.0015814272919669747 -0.9825435280799866 -0.14515969157218933 -0.11634781956672668 -0.6122657060623169 0.1856411099433899 -0.7244986295700073 -0.6638064384460449 -3.7223987579345703
0.012037425301969051 -0.6738231778144836 0.7387945652008057 0.0015682813245803118 -0.982548713684082 -0.1451219767332077 -0.11635071039199829 -0.6122639179229736 0.1856151670217514 -0.7245011329650879 -0.6638109683990479 -3.7223758697509766
0.012073781341314316 -0.6738274097442627 0.7387900948524475 0.0015727836871519685 -0.9825529456138611 -0.14512716233730316 -0.1163085475564003 -0.6122522354125977 0.18559043109416962 -0.7244961261749268 -0.6638233065605164 -3.7223689556121826
0.01207570731639862 -0.6738182902336121 0.7387983798980713 0.001571781700477004 -0.9825573563575745 -0.14511261880397797 -0.11628955602645874 -0.6122449040412903 0.18556703627109528 -0.7245075106620789 -0.6638174057006836 -3.7223241329193115
0.01209169439971447 -0.6738179326057434 0.7387983798980713 0.0015266730915755033 -0.9825544953346252 -0.14513377845287323 -0.11628757417201996 -0.6122875213623047 0.1855812966823578 -0.7245035767555237 -0.6638177037239075 -3.7223217487335205
0.012139360420405865 -0.6738376021385193 0.7387796640396118 0.0015226509422063828 -0.9825666546821594 -0.14511248469352722 -0.11621137708425522 -0.612280547618866 0.18551379442214966 -0.7244895696640015 -0.6638519167900085 -3.722294569015503
0.012089220806956291 -0.673831582069397 0.738785982131958 0.001517965691164136 -0.9825690388679504 -0.14507326483726501 -0.11624007672071457 -0.6122797131538391 0.18550437688827515 -0.7245030403137207 -0.6638398766517639 -3.7222979068756104
0.012121287174522877 -0.6738097071647644 0.7388054132461548 0.0015067275380715728 -0.9825670719146729 -0.14510414004325867 -0.11621826142072678 -0.6123195886611938 0.18551276624202728 -0.7245171666145325 -0.6638220548629761 -3.7222847938537598
0.012145482003688812 -0.673797607421875 0.7388160824775696 0.00149824027903378 -0.9825606942176819 -0.1451456993818283 -0.11622002720832825 -0.6123253703117371 0.18554478883743286 -0.7245201468467712 -0.6638098955154419 -3.7222814559936523
0.012110168114304543 -0.6737303733825684 0.7388779520988464 0.0015165931545197964 -0.9825530648231506 -0.1451643407344818 -0.11626116931438446 -0.6123634576797485 0.18558745086193085 -0.7245789170265198 -0.6637337803840637 -3.722355604171753
0.012112965807318687 -0.6737510561943054 0.7388590574264526 0.0014858376234769821 -0.9825523495674133 -0.14516563713550568 -0.1162656769156456 -0.6123886704444885 0.18559110164642334 -0.7245594263076782 -0.6637540459632874 -3.722358465194702
0.012062577530741692 -0.6738733649253845 0.73874831199646 0.0015111996326595545 -0.9825450778007507 -0.1451437622308731 -0.11635433882474899 -0.6124001145362854 0.1856328547000885 -0.7244500517845154 -0.6638617515563965 -3.7223799228668213
0.012057231739163399 -0.6738857626914978 0.7387371063232422 0.0015711833257228136 -0.9825546741485596 -0.14510120451450348 -0.11632666736841202 -0.6123542189598083 0.18558257818222046 -0.7244470715522766 -0.6638790965080261 -3.7223243713378906
0.012048816308379173 -0.673888087272644 0.7387351393699646 0.0015741789247840643 -0.982552707195282 -0.145103320479393 -0.11634059250354767 -0.6123608946800232 0.18559350073337555 -0.7244444489479065 -0.663878858089447 -3.722327709197998
0.012058090418577194 -0.6738796234130859 0.7387427091598511 0.0015863325679674745 -0.9825522303581238 -0.14511209726333618 -0.11633340269327164 -0.6123594641685486 0.18559524416923523 -0.7244505882263184 -0.663871705532074 -3.7223331928253174
0.012051698751747608 -0.6739325523376465 0.7386945486068726 0.0015739910304546356 -0.9825557470321655 -0.14508605003356934 -0.11633607000112534 -0.6123518943786621 0.18557697534561157 -0.7244065403938293 -0.6639248132705688 -3.7223095893859863
0.012073496356606483 -0.673987865447998 0.7386436462402344 0.0015327471774071455 -0.9825564622879028 -0.1450880765914917 -0.11632779240608215 -0.6123108863830566 0.18557195365428925 -0.7243546843528748 -0.6639828681945801 -3.722371816635132
0.012062661349773407 -0.6739940047264099 0.7386382222175598 0.0015250429278239608 -0.9825547337532043 -0.14508716762065887 -0.11634346842765808 -0.6123073101043701 0.185581773519516 -0.7243491411209106 -0.6639861464500427 -3.7223808765411377
0.012051020748913288 -0.6740326881408691 0.7386031746864319 0.0014783507212996483 -0.9825471043586731 -0.14510366320610046 -0.1163872554898262 -0.6122832298278809 0.18562288582324982 -0.7243098616600037 -0.6640174984931946 -3.722416639328003
0.01205059327185154 -0.6740458607673645 0.7385911345481873 0.0014679263113066554 -0.9825453758239746 -0.14510813355445862 -0.11639641970396042 -0.612274706363678 0.1856321543455124 -0.7242966890335083 -0.6640293002128601 -3.722428560256958
0.012100457213819027 -0.673968493938446 0.7386609315872192 0.0014696868602186441 -0.9825628995895386 -0.1450825184583664 -0.11628022789955139 -0.6122175455093384 0.18553604185581207 -0.7243738174438477 -0.6639719605445862 -3.7224104404449463
0.012079978361725807 -0.6739770770072937 0.7386534214019775 0.0014579568523913622 -0.9825612902641296 -0.14507487416267395 -0.11630338430404663 -0.6122044324874878 0.1855459064245224 -0.7243673801422119 -0.66397625207901 -3.7224152088165283
0.012071968987584114 -0.6739107966423035 0.7387140393257141 0.0015056884149089456 -0.9825553297996521 -0.1451035737991333 -0.1163177490234375 -0.6122360229492188 0.1855778694152832 -0.7244232892990112 -0.6639062762260437 -3.7224528789520264
0.012060276232659817 -0.6739156246185303 0.7387098073959351 0.0015016045654192567 -0.982554018497467 -0.145100936293602 -0.11633255332708359 -0.6122273206710815 0.1855858564376831 -0.7244192957878113 -0.6639084219932556 -3.722464084625244
0.012052197009325027 -0.6739122867584229 0.7387130260467529 0.0015307373832911253 -0.9825525879859924 -0.14510205388069153 -0.1163431778550148 -0.6122638583183289 0.18559391796588898 -0.7244222164154053 -0.663902997970581 -3.7223849296569824
0.012054174207150936 -0.6739081740379333 0.7387166619300842 0.0015248525887727737 -0.982551634311676 -0.14510752260684967 -0.11634416878223419 -0.612269401550293 0.185598686337471 -0.7244248986244202 -0.663898766040802 -3.7223808765411377
0.012043527327477932 -0.673850953578949 0.7387691140174866 0.0015503992326557636 -0.9825541973114014 -0.145099937915802 -0.11633186787366867 -0.6122945547103882 0.18558572232723236 -0.7244796752929688 -0.6638425588607788 -3.7222907543182373
0.012039718218147755 -0.6738675236701965 0.7387540340423584 0.0015407679602503777 -0.9825555086135864 -0.14509007334709167 -0.11633353680372238 -0.6122965216636658 0.185579314827919 -0.7244662642478943 -0.6638590097427368 -3.722277879714966
0.01206972636282444 -0.6738094091415405 0.7388065457344055 0.001531583839096129 -0.9825483560562134 -0.14514558017253876 -0.11632468551397324 -0.612316370010376 0.18561521172523499 -0.7245091795921326 -0.6638021469116211 -3.7222375869750977
0.012059584259986877 -0.6737879514694214 0.7388262748718262 0.0015060100704431534 -0.9825462698936462 -0.14515070617198944 -0.11633557081222534 -0.6123306751251221 0.18562671542167664 -0.7245280742645264 -0.6637783050537109 -3.7222325801849365
0.011994391679763794 -0.6737828850746155 0.7388319969177246 0.0015198081964626908 -0.9825416207313538 -0.14512968063354492 -0.11640127003192902 -0.6123396754264832 0.18565566837787628 -0.7245370149612427 -0.6637604236602783 -3.722280740737915
0.011965763755142689 -0.6738370060920715 0.738783061504364 0.0015326490392908454 -0.9825431704521179 -0.145097553730011 -0.11642836034297943 -0.6123156547546387 0.18564940989017487 -0.724493145942688 -0.663810133934021 -3.72222900390625
0.011956204660236835 -0.6738387942314148 0.7387815713882446 0.0015255991602316499 -0.9825447797775269 -0.14508500695228577 -0.11643019318580627 -0.6123204231262207 0.185641348361969 -0.7244939208030701 -0.663811445236206 -3.7222177982330322
0.011959481053054333 -0.673807680606842 0.7388098835945129 0.0015332447364926338 -0.9825459718704224 -0.14508730173110962 -0.11641733348369598 -0.6122989654541016 0.18563488125801086 -0.7245224118232727 -0.6637821793556213 -3.7222158908843994
0.011954179964959621 -0.6737858653068542 0.7388299107551575 0.0015276288613677025 -0.982546865940094 -0.14508405327796936 -0.11641395837068558 -0.6122966408729553 0.18563055992126465 -0.7245433926582336 -0.6637604832649231 -3.7222073078155518
0.011970103718340397 -0.6737703680992126 0.7388437390327454 0.001517618540674448 -0.9825403690338135 -0.14512160420417786 -0.11642191559076309 -0.6122859716415405 0.1856638640165329 -0.7245502471923828 -0.6637436747550964 -3.7222983837127686
0.011976505629718304 -0.6737858653068542 0.738829493522644 0.0015131162945181131 -0.982542097568512 -0.1451161950826645 -0.11641373485326767 -0.6122848391532898 0.18565410375595093 -0.7245369553565979 -0.6637609601020813 -3.7223000526428223
0.011925410479307175 -0.6738237738609314 0.7387957572937012 0.0015169765101745725 -0.9825457334518433 -0.14506462216377258 -0.11644735187292099 -0.612307071685791 0.1856381744146347 -0.7245120406150818 -0.663792610168457 -3.722280263900757
0.011939410120248795 -0.6738201379776001 0.7387989163398743 0.0015137481968849897 -0.9825441837310791 -0.14508002996444702 -0.11644160002470016 -0.6123074293136597 0.1856456995010376 -0.7245123386383057 -0.6637901663780212 -3.7222790718078613
0.011943915858864784 -0.6738585233688354 0.7387638092041016 0.0015177237801253796 -0.9825528860092163 -0.14504262804985046 -0.11641442030668259 -0.6122738718986511 0.18559913337230682 -0.7244841456413269 -0.6638339757919312 -3.7222492694854736
0.011976867914199829 -0.6738598346710205 0.7387620210647583 0.0015117879956960678 -0.9825567007064819 -0.14504790306091309 -0.1163758859038353 -0.6122711896896362 0.18557696044445038 -0.7244818210601807 -0.6638426780700684 -3.722243547439575
0.011997094377875328 -0.6738454699516296 0.738774836063385 0.0014984720619395375 -0.9825621843338013 -0.14504118263721466 -0.11633792519569397 -0.6123156547546387 0.1855466067790985 -0.7244965434074402 -0.6638351082801819 -3.722243070602417
0.01198255829513073 -0.6738340258598328 0.7387855052947998 0.0014916580403223634 -0.9825587272644043 -0.14504756033420563 -0.11635919660329819 -0.6123152375221252 0.18556585907936096 -0.7245059013366699 -0.6638194918632507 -3.722235918045044
0.011996591463685036 -0.6738475561141968 0.7387729287147522 0.001494438387453556 -0.982572078704834 -0.14500196278095245 -0.11630336940288544 -0.6122781038284302 0.1854943186044693 -0.724502444267273 -0.6638432741165161 -3.7222108840942383
0.012052612379193306 -0.6738663911819458 0.7387548685073853 0.001504537183791399 -0.9825698137283325 -0.14504224061965942 -0.11627217382192612 -0.6122424006462097 0.18550261855125427 -0.7244768738746643 -0.6638688445091248 -3.7221994400024414
0.012036499567329884 -0.6738417744636536 0.7387775778770447 0.001538683194667101 -0.9825589656829834 -0.14507845044136047 -0.11631840467453003 -0.6122614741325378 0.185560941696167 -0.7244924902915955 -0.6638355255126953 -3.72221302986145
0.012037191540002823 -0.6738244295120239 0.7387933731079102 0.001506709260866046 -0.9825617074966431 -0.1450709104537964 -0.1163046658039093 -0.6122882962226868 0.1855463981628418 -0.724510133266449 -0.6638203263282776 -3.722203493118286
0.012066513299942017 -0.6738001704216003 0.7388150095939636 0.0015109245432540774 -0.982557475566864 -0.1451094150543213 -0.11629267781972885 -0.6122857928276062 0.18556708097457886 -0.7245250344276428 -0.6637983322143555 -3.722194194793701
0.012037110514938831 -0.6737750172615051 0.7388384342193604 0.0015200021443888545 -0.9825651049613953 -0.1450655609369278 -0.11628303676843643 -0.6122690439224243 0.18552865087985992 -0.7245571613311768 -0.6637739539146423 -3.7221908569335938
0.012058859691023827 -0.6737521290779114 0.7388589382171631 0.0015170120168477297 -0.9825617671012878 -0.145095556974411 -0.11627381294965744 -0.6122608184814453 0.1855449229478836 -0.7245724201202393 -0.6637527346611023 -3.722182035446167
0.01203847024589777 -0.6737183332443237 0.7388901114463806 0.0015130814863368869 -0.9825630784034729 -0.14508314430713654 -0.1162780374288559 -0.6122568249702454 0.18553918600082397 -0.7246063947677612 -0.6637172698974609 -3.7221763134002686
0.012077934108674526 -0.6736738085746765 0.7389300465583801 0.0015243375673890114 -0.982556939125061 -0.14513832330703735 -0.11626094579696655 -0.6122696399688721 0.18556907773017883 -0.7246367335319519 -0.663675844669342 -3.7221546173095703
0.012118510901927948 -0.6736519932746887 0.7389492988586426 0.0015317827928811312 -0.9825564026832581 -0.1451687067747116 -0.11622738838195801 -0.6122839450836182 0.185569167137146 -0.7246509194374084 -0.6636602878570557 -3.722126007080078
0.012119806371629238 -0.6736515760421753 0.7389495968818665 0.0015285862609744072 -0.9825581312179565 -0.14516301453113556 -0.11622031778097153 -0.6122768521308899 0.1855601966381073 -0.7246524095535278 -0.6636611819267273 -3.722113609313965
0.012143563479185104 -0.673645555973053 0.7389547228813171 0.001532621681690216 -0.9825566411018372 -0.14518429338932037 -0.11620616912841797 -0.6122797727584839 0.18556644022464752 -0.7246537208557129 -0.6636579632759094 -3.7220895290374756
0.0121915927156806 -0.6736465692520142 0.7389530539512634 0.0015226838877424598 -0.9825502038002014 -0.14523880183696747 -0.11619256436824799 -0.6122708916664124 0.18559741973876953 -0.7246419191360474 -0.6636621952056885 -3.7220699787139893
0.012183159589767456 -0.6736444234848022 0.7389551401138306 0.0014895022613927722 -0.982533872127533 -0.1452975869178772 -0.11625687777996063 -0.612260639667511 0.1856842339038849 -0.7246321439743042 -0.6636486053466797 -3.7222697734832764
0.01216540951281786 -0.673646867275238 0.738953173160553 0.001481937593780458 -0.9825311303138733 -0.14529705047607422 -0.11628082394599915 -0.6122530698776245 0.18569998443126678 -0.7246299386024475 -0.6636465787887573 -3.722264528274536
0.012084917165338993 -0.673680305480957 0.7389240264892578 0.0014829225838184357 -0.9825313091278076 -0.14524172246456146 -0.11634858697652817 -0.6122778654098511 0.18570439517498016 -0.724609911441803 -0.6636672019958496 -3.7222578525543213
0.012092647142708302 -0.6736889481544495 0.7389159798622131 0.00147646211553365 -0.9825315475463867 -0.14524401724338531 -0.11634335666894913 -0.6122741103172302 0.18570241332054138 -0.7246014475822449 -0.6636770367622375 -3.7222561836242676
0.01218099519610405 -0.6736736297607422 0.738928496837616 0.0015127412043511868 -0.9825488328933716 -0.1452333927154541 -0.1162109300494194 -0.6122797131538391 0.18560537695884705 -0.7246178388595581 -0.6636863350868225 -3.722158432006836
0.012170377187430859 -0.6736798286437988 0.7389230728149414 0.001509853987954557 -0.9825481176376343 -0.14522860944271088 -0.11622276902198792 -0.6122789978981018 0.18560974299907684 -0.7246130108833313 -0.6636903285980225 -3.722149610519409
0.012111750431358814 -0.6736801862716675 0.7389237284660339 0.0015264191897585988 -0.9825484752655029 -0.14519117772579193 -0.11626654863357544 -0.6122561097145081 0.18561170995235443 -0.7246202230453491 -0.6636819243431091 -3.722158432006836
0.012166802771389484 -0.6736951470375061 0.7389091849327087 0.0015362069243565202 -0.9825441241264343 -0.14523953199386597 -0.11624272912740707 -0.6122380495071411 0.18563102185726166 -0.7245966196060181 -0.6637023091316223 -3.722148895263672
0.01211599912494421 -0.6737076044082642 0.7388986349105835 0.0015462624141946435 -0.9825321435928345 -0.14525331556797028 -0.11632716655731201 -0.6122999787330627 0.1856980174779892 -0.7245822548866272 -0.663699209690094 -3.722229242324829
0.012080236338078976 -0.6737048029899597 0.7389017343521118 0.0015673090238124132 -0.9825392961502075 -0.14520370960235596 -0.11632832139730453 -0.6122725009918213 0.18566226959228516 -0.72459477186203 -0.6636955142021179 -3.722228765487671
0.0120674017816782 -0.6736907958984375 0.7389147281646729 0.0015649966662749648 -0.9825406074523926 -0.14519299566745758 -0.11633080989122391 -0.6122675538063049 0.18565627932548523 -0.7246099710464478 -0.6636806130409241 -3.7222204208374023
0.012126612477004528 -0.6736976504325867 0.738907516002655 0.0015513908583670855 -0.9825171828269958 -0.14531965553760529 -0.11637041717767715 -0.6123201847076416 0.18577630817890167 -0.7245782017707825 -0.6636817455291748 -3.7222578525543213
0.012100743129849434 -0.6737053394317627 0.7389009594917297 0.001548481173813343 -0.982521116733551 -0.14528720080852509 -0.11637771129608154 -0.6123204231262207 0.18575717508792877 -0.7245775461196899 -0.6636877655982971 -3.7222533226013184
0.012069073505699635 -0.6736872792243958 0.7389179468154907 0.0015324658015742898 -0.9825236797332764 -0.1452604979276657 -0.1163892075419426 -0.6123320460319519 0.18574555218219757 -0.7245997190475464 -0.663666844367981 -3.722249984741211
0.012076031416654587 -0.6737215518951416 0.7388865947723389 0.0014926395379006863 -0.9825193881988525 -0.1452762931585312 -0.11640610545873642 -0.612285315990448 0.18576805293560028 -0.7245646715164185 -0.6636987924575806 -3.722309112548828
0.012175914831459522 -0.6737016439437866 0.7389030456542969 0.0014191019581630826 -0.9825101494789124 -0.14537665247917175 -0.1163584440946579 -0.612301230430603 0.1858101785182953 -0.7245630025863647 -0.6636888384819031 -3.7223432064056396
0.012177223339676857 -0.6736984848976135 0.7389059066772461 0.0014002487296238542 -0.9825103282928467 -0.1453772485256195 -0.11635616421699524 -0.6122969388961792 0.18580912053585052 -0.724565863609314 -0.6636860370635986 -3.7223546504974365
0.012208771891891956 -0.6736806631088257 0.7389216423034668 0.0014089258620515466 -0.9825201630592346 -0.14536108076572418 -0.11629332602024078 -0.6122678518295288 0.18575505912303925 -0.7245857119560242 -0.6636794805526733 -3.72236704826355
0.012171400710940361 -0.6736261248588562 0.7389719486236572 0.00151698081754148 -0.982540488243103 -0.145267516374588 -0.11623875796794891 -0.6122992634773254 0.18565014004707336 -0.7246551513671875 -0.6636330485343933 -3.722231149673462
0.012187992222607136 -0.6736209988594055 0.7389763593673706 0.0015218149637803435 -0.9825377464294434 -0.14528915286064148 -0.11623475700616837 -0.6122936606407166 0.18566346168518066 -0.7246555685997009 -0.663628876209259 -3.722236394882202
0.012064535170793533 -0.6736616492271423 0.7389413714408875 0.0015681289369240403 -0.9825209379196167 -0.14527256786823273 -0.11639755964279175 -0.6123687028884888 0.1857605278491974 -0.7246211171150208 -0.66363924741745 -3.7222611904144287
0.012067587114870548 -0.6736560463905334 0.7389464378356934 0.001574743539094925 -0.9825218915939331 -0.14527155458927155 -0.1163906678557396 -0.6123723387718201 0.18575520813465118 -0.7246265411376953 -0.6636348366737366 -3.7222700119018555
0.0120670385658741 -0.6736633777618408 0.7389397621154785 0.001572938053868711 -0.9825195670127869 -0.1452791392803192 -0.1164008378982544 -0.612393856048584 0.1857675462961197 -0.7246181964874268 -0.6636404991149902 -3.722282648086548
0.012065565213561058 -0.6736956834793091 0.7389103174209595 0.0015695694601163268 -0.982515811920166 -0.1452878713607788 -0.11642180383205414 -0.6123712062835693 0.1857876181602478 -0.7245864272117615 -0.6636695861816406 -3.7222843170166016
0.012087936513125896 -0.6736792922019958 0.7389249205589294 0.0016002095071598887 -0.982514500617981 -0.1453092247247696 -0.11640603840351105 -0.6123555302619934 0.1857929825782776 -0.7245973348617554 -0.6636561155319214 -3.722297191619873
0.012061137706041336 -0.6737151741981506 0.7388926148414612 0.0015771783655509353 -0.9825177788734436 -0.14527438580989838 -0.11642200499773026 -0.6123186945915222 0.185777485370636 -0.7245709896087646 -0.6636893153190613 -3.7223241329193115
0.012085428461432457 -0.6737360954284668 0.7388731837272644 0.0015183202922344208 -0.9825168251991272 -0.14528979361057281 -0.11641093343496323 -0.6122973561286926 0.18578101694583893 -0.7245484590530396 -0.6637128591537476 -3.7223093509674072
0.012088468298316002 -0.6737368106842041 0.7388724088668823 0.0015161457704380155 -0.9825177192687988 -0.14528797566890717 -0.11640548706054688 -0.6122922301292419 0.1857759952545166 -0.7245481014251709 -0.6637146472930908 -3.722316026687622
0.012081019580364227 -0.673697292804718 0.738908588886261 0.0015165726654231548 -0.982520341873169 -0.1452793926000595 -0.1163940504193306 -0.6123030185699463 0.18576259911060333 -0.7245866060256958 -0.663676381111145 -3.7223360538482666
0.012091795913875103 -0.6736735105514526 0.7389301061630249 0.0015173782594501972 -0.9825179576873779 -0.1452990025281906 -0.11638957262039185 -0.6123012900352478 0.18577441573143005 -0.7246047854423523 -0.6636532545089722 -3.7223427295684814
0.012114605866372585 -0.6736841201782227 0.7389200329780579 0.0014931230107322335 -0.9825260043144226 -0.14528001844882965 -0.11634547263383865 -0.6122977137565613 0.1857304573059082 -0.7245987057685852 -0.663672149181366 -3.7223124504089355
0.012100308202207088 -0.6737015247344971 0.7389044165611267 0.0014899797970429063 -0.9825282096862793 -0.14525987207889557 -0.11635196208953857 -0.6122918725013733 0.18571969866752625 -0.7245866060256958 -0.6636884212493896 -3.7223153114318848
0.012029885314404964 -0.6736931800842285 0.7389131784439087 0.0015014695236459374 -0.9825301170349121 -0.145210400223732 -0.1163974478840828 -0.6122966408729553 0.18571408092975616 -0.7246042490005493 -0.6636707186698914 -3.722343921661377
0.012041520327329636 -0.6737067103385925 0.7389006614685059 0.0015015967655926943 -0.9825340509414673 -0.14520013332366943 -0.11637718230485916 -0.6122903823852539 0.18569260835647583 -0.7245937585830688 -0.6636881828308105 -3.7223453521728516
0.012083800509572029 -0.6737529635429382 0.7388577461242676 0.0015526219503954053 -0.9825639128684998 -0.14510223269462585 -0.11624704301357269 -0.6122614741325378 0.18553175032138824 -0.7245703339576721 -0.6637587547302246 -3.7221829891204834
0.01200119312852621 -0.6737761497497559 0.7388380169868469 0.0015458092093467712 -0.9825536012649536 -0.14508822560310364 -0.11635195463895798 -0.6122632622718811 0.1855919063091278 -0.7245516180992126 -0.6637623310089111 -3.7221810817718506
0.01208849623799324 -0.6737706065177917 0.7388415932655334 0.001521792379207909 -0.9825599193572998 -0.1451178938150406 -0.11626114696264267 -0.6122294664382935 0.18555252254009247 -0.7245507836341858 -0.6637742519378662 -3.7222113609313965
0.012085425667464733 -0.6737749576568604 0.738837718963623 0.0015115580754354596 -0.9825594425201416 -0.1451171487569809 -0.11626603454351425 -0.6122204661369324 0.18555520474910736 -0.7245469093322754 -0.6637777090072632 -3.7222023010253906
0.012109081260859966 -0.6737561225891113 0.7388545274734497 0.0014695782447233796 -0.98256915807724 -0.14509674906730652 -0.1162094697356224 -0.6121882796287537 0.18550227582454681 -0.7245684862136841 -0.6637689471244812 -3.72225284576416
0.012112432159483433 -0.6737570762634277 0.7388535737991333 0.001452011289075017 -0.9825669527053833 -0.14510734379291534 -0.1162150427699089 -0.6121737360954285 0.18551383912563324 -0.7245655059814453 -0.663769006729126 -3.7222506999969482
0.012048057280480862 -0.6738244295120239 0.7387931942939758 0.001465941546484828 -0.9825559854507446 -0.1450999677181244 -0.11631684005260468 -0.612234890460968 0.18557605147361755 -0.7245043516159058 -0.663818359375 -3.7223401069641113
0.012047790922224522 -0.6738026142120361 0.7388131022453308 0.0014532117638736963 -0.982556939125061 -0.14509962499141693 -0.11630944162607193 -0.6122249960899353 0.18557114899158478 -0.7245246767997742 -0.6637974977493286 -3.722349166870117
0.012107191607356071 -0.6737685799598694 0.7388432025909424 0.0014668056974187493 -0.9825524091720581 -0.1451590210199356 -0.11627326905727386 -0.6122683882713318 0.18559107184410095 -0.7245444655418396 -0.6637703776359558 -3.7223289012908936
0.012164643034338951 -0.6738008260726929 0.7388128042221069 0.0014860725495964289 -0.9825546741485596 -0.14518053829669952 -0.11622757464647293 -0.6122288107872009 0.18557551503181458 -0.724510133266449 -0.6638122200965881 -3.722287893295288
0.012151424773037434 -0.6738011240959167 0.7388127446174622 0.0014813928864896297 -0.9825576543807983 -0.1451607495546341 -0.11622712016105652 -0.6122202277183533 0.18556061387062073 -0.724513828754425 -0.6638123393058777 -3.722292423248291
0.012116148136556149 -0.6738454699516296 0.7387729287147522 0.0015203546499833465 -0.9825476408004761 -0.14517104625701904 -0.11629857867956161 -0.6122708320617676 0.18561574816703796 -0.7244705557823181 -0.6638441681861877 -3.722321033477783
0.012101818807423115 -0.6738345623016357 0.738783061504364 0.0015252758748829365 -0.9825484752655029 -0.14516064524650574 -0.11630440503358841 -0.6122720241546631 0.18561220169067383 -0.7244827151298523 -0.6638318300247192 -3.7223308086395264
0.01211046613752842 -0.6738251447677612 0.7387915253639221 0.0015600654296576977 -0.9825510382652283 -0.14515748620033264 -0.11628677695989609 -0.6122347712516785 0.18559812009334564 -0.7244921922683716 -0.663825511932373 -3.722346782684326
0.012075519189238548 -0.6738441586494446 0.7387747168540955 0.0015730797313153744 -0.9825575351715088 -0.14510774612426758 -0.11629416793584824 -0.6122751235961914 0.18556612730026245 -0.7244844436645508 -0.6638429164886475 -3.722261905670166
0.012127886526286602 -0.6738585233688354 0.738760769367218 0.0015681458171457052 -0.982558012008667 -0.1451358199119568 -0.11625513434410095 -0.6123039722442627 0.1855602115392685 -0.7244654297828674 -0.6638652682304382 -3.7222042083740234
0.012128608301281929 -0.6738489270210266 0.73876953125 0.0015724815893918276 -0.9825628399848938 -0.1451188176870346 -0.11623532325029373 -0.612310528755188 0.18553444743156433 -0.7244777679443359 -0.6638590097427368 -3.7221951484680176
0.012145781889557838 -0.6739224791526794 0.738702118396759 0.0015437172260135412 -0.982550323009491 -0.14516663551330566 -0.11628137528896332 -0.6122616529464722 0.18559958040714264 -0.724399745464325 -0.6639259457588196 -3.7222447395324707
0.012135784141719341 -0.673917293548584 0.7387070655822754 0.001542558427900076 -0.9825478196144104 -0.1451711654663086 -0.11629704385995865 -0.6122625470161438 0.18561360239982605 -0.7244037389755249 -0.6639176607131958 -3.7222440242767334
0.012116224505007267 -0.673945426940918 0.7386816740036011 0.0015609762631356716 -0.982555627822876 -0.14512430131435394 -0.11628969758749008 -0.612301230430603 0.18557362258434296 -0.7243868708610535 -0.6639472246170044 -3.7221765518188477
0.012111341580748558 -0.6739581227302551 0.7386701703071594 0.0015647605760022998 -0.9825549125671387 -0.1451219916343689 -0.11629841476678848 -0.6123046875 0.1855776011943817 -0.7243755459785461 -0.6639584898948669 -3.722167730331421
0.012064721435308456 -0.6740216612815857 0.7386130094528198 0.0015237476909533143 -0.9825448393821716 -0.14512263238430023 -0.1163826510310173 -0.6122877597808838 0.18563392758369446 -0.7243162989616394 -0.6640073657035828 -3.722277879714966
0.012067572213709354 -0.6740134954452515 0.738620400428772 0.001527096494100988 -0.9825430512428284 -0.14513269066810608 -0.11638530343770981 -0.612290620803833 0.185643270611763 -0.7243219017982483 -0.6639986634254456 -3.7222836017608643
0.012076053768396378 -0.6740223169326782 0.7386122345924377 0.0015195213491097093 -0.9825498461723328 -0.14511001110076904 -0.1163562461733818 -0.6122528314590454 0.18560677766799927 -0.7243182063102722 -0.6640128493309021 -3.7222177982330322
0.012059736996889114 -0.6740196347236633 0.7386149168014526 0.0015236028702929616 -0.982549250125885 -0.14510267972946167 -0.1163703128695488 -0.6122527122497559 0.18561092019081116 -0.7243221998214722 -0.6640073657035828 -3.7222225666046143
0.012133107520639896 -0.6739717125892639 0.7386574149131775 0.0015485560288652778 -0.9825387597084045 -0.14519642293453217 -0.11634230613708496 -0.612289309501648 0.18566188216209412 -0.7243480086326599 -0.6639649868011475 -3.7222228050231934
0.012121623381972313 -0.6739634871482849 0.7386651635169983 0.0015509526710957289 -0.9825385212898254 -0.1451915204524994 -0.11635027825832367 -0.6122943758964539 0.18566380441188812 -0.7243566513061523 -0.6639549732208252 -3.722224712371826
0.012186127714812756 -0.6738869547843933 0.7387338876724243 0.0015547008952125907 -0.9825400710105896 -0.14523707330226898 -0.11628014594316483 -0.612308144569397 0.1856512725353241 -0.7244186997413635 -0.6638907790184021 -3.7222213745117188
0.012177723459899426 -0.6738870143890381 0.7387340068817139 0.0015443433076143265 -0.9825395941734314 -0.14523375034332275 -0.11628829687833786 -0.6123229265213013 0.18565432727336884 -0.7244192957878113 -0.6638892889022827 -3.722224712371826
0.012216049246490002 -0.6738652586936951 0.7387531995773315 0.0015597734600305557 -0.9825357794761658 -0.1452755630016327 -0.11626822501420975 -0.6122978925704956 0.18567194044589996 -0.7244311571121216 -0.6638714075088501 -3.722261905670166
0.012218435294926167 -0.673846423625946 0.7387703061103821 0.001584520097821951 -0.9825395941734314 -0.14526525139808655 -0.1162491962313652 -0.6122757196426392 0.18565180897712708 -0.7244507074356079 -0.6638556718826294 -3.722275972366333
0.012201852165162563 -0.6738532781600952 0.7387643456459045 0.0015542038017883897 -0.9825412631034851 -0.14524731040000916 -0.11625714600086212 -0.6122422218322754 0.18564383685588837 -0.7244479656219482 -0.6638609170913696 -3.722270965576172
0.012222420424222946 -0.6738598346710205 0.7387580275535583 0.0015525438357144594 -0.9825395941734314 -0.14526556432247162 -0.11624874919652939 -0.6122311949729919 0.1856515109539032 -0.7244381904602051 -0.6638694405555725 -3.722273111343384
0.012197182513773441 -0.6738588809967041 0.7387593388557434 0.0015661254292353988 -0.9825366735458374 -0.14526155591011047 -0.11627831310033798 -0.6122382879257202 0.18566854298114777 -0.7244399189949036 -0.6638628244400024 -3.722344398498535
0.012265151366591454 -0.6738210916519165 0.7387926578521729 0.0015643872320652008 -0.9825435876846313 -0.1452823281288147 -0.11619408428668976 -0.6122853755950928 0.18562757968902588 -0.724470853805542 -0.6638404726982117 -3.7222542762756348
0.012286949902772903 -0.6738258600234985 0.7387880086898804 0.0015658086631447077 -0.9825451970100403 -0.14528857171535492 -0.1161724254488945 -0.6122885346412659 0.18561747670173645 -0.7244652509689331 -0.6638494729995728 -3.722259759902954
0.012282386422157288 -0.6738932132720947 0.7387266159057617 0.0015525107737630606 -0.9825379848480225 -0.14530335366725922 -0.11621499806642532 -0.612296462059021 0.18565599620342255 -0.7243995666503906 -0.6639103293418884 -3.722271680831909
0.012287205085158348 -0.6739104986190796 0.7387107014656067 0.0015537920407950878 -0.9825374484062195 -0.14530563354492188 -0.11621658504009247 -0.612300455570221 0.18565845489501953 -0.7243830561637878 -0.6639277338981628 -3.722280263900757
