# 3x4 first row second row third row Freq: 100 current Time: 2021-04-06-17:37:36
-0.05970897525548935 -0.9527177810668945 0.29793211817741394 -0.022715982049703598 -0.7838144302368164 -0.14006854593753815 -0.6049922704696655 -0.5667887926101685 0.6181178689002991 -0.2696470022201538 -0.7383905649185181 -3.6417036056518555
-0.05970017984509468 -0.9527194499969482 0.2979285717010498 -0.022718951106071472 -0.7838094234466553 -0.14007513225078583 -0.6049971580505371 -0.5667962431907654 0.6181250214576721 -0.26963770389556885 -0.7383880019187927 -3.641711473464966
-0.05966893583536148 -0.9527112245559692 0.29796120524406433 -0.022697240114212036 -0.7838507294654846 -0.14010153710842133 -0.6049375534057617 -0.5667943954467773 0.6180756688117981 -0.2696531414985657 -0.7384236454963684 -3.6416571140289307
-0.05969516187906265 -0.9527220726013184 0.29792124032974243 -0.022690868005156517 -0.7838271260261536 -0.14006654918193817 -0.604976236820221 -0.5668238401412964 0.6181030869483948 -0.2696329355239868 -0.738408088684082 -3.6417176723480225
-0.059592802077531815 -0.9527419209480286 0.2978781461715698 -0.02269921265542507 -0.7838013172149658 -0.14012810587882996 -0.6049954295158386 -0.5668076872825623 0.6181456446647644 -0.269530713558197 -0.7384097576141357 -3.64174747467041
-0.05960493162274361 -0.952753484249115 0.29783886671066284 -0.022702591493725777 -0.7838079929351807 -0.14009104669094086 -0.6049953699111938 -0.5668157935142517 0.6181360483169556 -0.2695092260837555 -0.7384256720542908 -3.6417739391326904
-0.05973362177610397 -0.9527479410171509 0.29783082008361816 -0.02269960753619671 -0.783821702003479 -0.13998235762119293 -0.6050028204917908 -0.5668308138847351 0.6181062459945679 -0.2695853114128113 -0.7384228110313416 -3.641749858856201
-0.059702012687921524 -0.9527409076690674 0.29785963892936707 -0.02268308214843273 -0.7838150262832642 -0.14002752304077148 -0.6050009727478027 -0.5667848587036133 0.6181177496910095 -0.2695866823196411 -0.7384126782417297 -3.6417429447174072
-0.059700723737478256 -0.9527382850646973 0.2978682816028595 -0.02268209494650364 -0.7838283777236938 -0.14002816379070282 -0.6049835085868835 -0.5667857527732849 0.6181009411811829 -0.2695956230163574 -0.7384235262870789 -3.641757011413574
-0.05965081974864006 -0.9527570009231567 0.2978184223175049 -0.022694870829582214 -0.7838192582130432 -0.1400383710861206 -0.6049930453300476 -0.5668073296546936 0.6181173920631409 -0.2695241868495941 -0.7384358048439026 -3.6417949199676514
-0.05967675521969795 -0.9527560472488403 0.29781612753868103 -0.022693373262882233 -0.7838254570960999 -0.14001451432704926 -0.6049904823303223 -0.5668163299560547 0.6181069612503052 -0.2695397734642029 -0.7384388446807861 -3.641812324523926
-0.05963718891143799 -0.9527467489242554 0.29785382747650146 -0.022687239572405815 -0.7838017344474792 -0.1400788277387619 -0.6050063371658325 -0.5667920708656311 0.6181408762931824 -0.2695392668247223 -0.7384106516838074 -3.6417853832244873
-0.059657447040081024 -0.9527442455291748 0.2978578209877014 -0.022683072835206985 -0.7838146686553955 -0.14006033539772034 -0.6049938201904297 -0.5667965412139893 0.6181225180625916 -0.26955777406692505 -0.7384192943572998 -3.641799211502075
-0.0596262589097023 -0.9527571797370911 0.2978227436542511 -0.022692052647471428 -0.7837980389595032 -0.14006897807121277 -0.6050134301185608 -0.5667265057563782 0.6181466579437256 -0.26950761675834656 -0.738417387008667 -3.6417596340179443
-0.059655819088220596 -0.9527499675750732 0.29783985018730164 -0.022693481296300888 -0.783801257610321 -0.14005601406097412 -0.6050121784210205 -0.5667093396186829 0.6181396842002869 -0.26953980326652527 -0.7384114861488342 -3.641740083694458
-0.0596558153629303 -0.9527412056922913 0.2978679835796356 -0.02267325296998024 -0.7838078141212463 -0.14007101953029633 -0.6050001978874207 -0.5667117238044739 0.6181313395500183 -0.26956307888031006 -0.7384099364280701 -3.641718864440918
-0.05966151878237724 -0.9527358412742615 0.29788389801979065 -0.02267015166580677 -0.7837987542152405 -0.14008073508739471 -0.6050097346305847 -0.566709578037262 0.6181422472000122 -0.26957687735557556 -0.7383957505226135 -3.6417248249053955
-0.05974515154957771 -0.9527267813682556 0.297896146774292 -0.022660011425614357 -0.7838445901870728 -0.14000509679317474 -0.6049678325653076 -0.5667691826820374 0.6180760860443115 -0.2696482241153717 -0.738425076007843 -3.641660213470459
-0.0597892627120018 -0.9527333974838257 0.29786601662635803 -0.02266187220811844 -0.7838537693023682 -0.1399485021829605 -0.6049690842628479 -0.5667676329612732 0.6180602312088013 -0.2696540951728821 -0.738436222076416 -3.641636610031128
-0.05978328362107277 -0.9527320861816406 0.29787150025367737 -0.022646376863121986 -0.7838656902313232 -0.13995131850242615 -0.6049529314041138 -0.5667608380317688 0.6180456280708313 -0.2696573734283447 -0.7384472489356995 -3.641611337661743
-0.05984573811292648 -0.9526975750923157 0.29796940088272095 -0.022696666419506073 -0.783822238445282 -0.1399850696325302 -0.6050014495849609 -0.5667834281921387 0.6180947422981262 -0.269761860370636 -0.7383679747581482 -3.64167857170105
-0.059851501137018204 -0.9526967406272888 0.29797086119651794 -0.022696295753121376 -0.7838343381881714 -0.13997633755207062 -0.6049878597259521 -0.5667981505393982 0.6180788278579712 -0.26976925134658813 -0.7383785843849182 -3.6416845321655273
-0.059771548956632614 -0.9527397751808167 0.2978493571281433 -0.022711217403411865 -0.7837905883789062 -0.13997890055179596 -0.605043888092041 -0.5667934417724609 0.6181420087814331 -0.2696159780025482 -0.7383816838264465 -3.6417274475097656
-0.0597495511174202 -0.952745795249939 0.2978343367576599 -0.02272169664502144 -0.7838000059127808 -0.1399819552898407 -0.6050309538841248 -0.5667932629585266 0.6181321740150452 -0.26959294080734253 -0.7383983135223389 -3.6417229175567627
-0.059759944677352905 -0.9527634978294373 0.2977756857872009 -0.02266460657119751 -0.7838377952575684 -0.13992035388946533 -0.6049963235855103 -0.5667872428894043 0.6180832982063293 -0.26956242322921753 -0.7384504079818726 -3.6416842937469482
-0.05975399538874626 -0.952760636806488 0.29778608679771423 -0.02268223464488983 -0.7838571667671204 -0.13992302119731903 -0.6049705743789673 -0.5667430758476257 0.6180593371391296 -0.2695712149143219 -0.7384672164916992 -3.6415975093841553
-0.0597633458673954 -0.9527650475502014 0.2977701425552368 -0.022661561146378517 -0.783898115158081 -0.13988792896270752 -0.6049256324768066 -0.5667791366577148 0.6180064678192139 -0.2695738673210144 -0.7385104894638062 -3.6415491104125977
-0.059743594378232956 -0.9527638554573059 0.29777786135673523 -0.02266743592917919 -0.7838399410247803 -0.13993318378925323 -0.604990541934967 -0.5667064785957336 0.6180821657180786 -0.2695545256137848 -0.7384542226791382 -3.6415812969207764
-0.05974042788147926 -0.952764630317688 0.29777607321739197 -0.022660432383418083 -0.7838406562805176 -0.13993413746356964 -0.6049894094467163 -0.5666956901550293 0.6180815696716309 -0.2695513665676117 -0.7384558916091919 -3.641572952270508
-0.05981097370386124 -0.952771008014679 0.2977413833141327 -0.022647853940725327 -0.783852219581604 -0.1398535668849945 -0.6049930453300476 -0.5667300224304199 0.6180601119995117 -0.2695704996585846 -0.7384668588638306 -3.6415209770202637
-0.05978845804929733 -0.9527762532234192 0.29772913455963135 -0.022637031972408295 -0.7838550209999084 -0.13986165821552277 -0.6049875617027283 -0.5667262673377991 0.6180586814880371 -0.26954779028892517 -0.7384763360023499 -3.6415069103240967
-0.059762123972177505 -0.9527568817138672 0.2977965176105499 -0.022629298269748688 -0.78383469581604 -0.1399332731962204 -0.6049973368644714 -0.5667636394500732 0.6180870532989502 -0.2695792019367218 -0.7384411692619324 -3.6415882110595703
-0.05977170914411545 -0.952753484249115 0.2978053092956543 -0.02261858806014061 -0.7838359475135803 -0.13993102312088013 -0.6049961447715759 -0.5667638182640076 0.6180844902992249 -0.2695922255516052 -0.7384385466575623 -3.6415812969207764
-0.0596967414021492 -0.9527950286865234 0.2976875305175781 -0.022635888308286667 -0.7837983965873718 -0.13992950320243835 -0.6050451993942261 -0.5667771100997925 0.618139386177063 -0.2694462835788727 -0.7384458184242249 -3.641714096069336
-0.05966878682374954 -0.9527975916862488 0.2976848781108856 -0.022626610472798347 -0.7837933301925659 -0.1399512141942978 -0.6050466895103455 -0.566780686378479 0.6181484460830688 -0.2694258689880371 -0.7384456992149353 -3.64172101020813
-0.05969155207276344 -0.9528055787086487 0.29765480756759644 -0.022722840309143066 -0.7838592529296875 -0.13988611102104187 -0.6049763560295105 -0.5667656660079956 0.6180626749992371 -0.2694315016269684 -0.7385154366493225 -3.641726493835449
-0.059683747589588165 -0.9527998566627502 0.29767459630966187 -0.022729068994522095 -0.7838712334632874 -0.1398993730545044 -0.6049577593803406 -0.5667642951011658 0.6180481910705566 -0.2694447636604309 -0.7385227084159851 -3.6417276859283447
-0.05976633355021477 -0.9527717232704163 0.2977481484413147 -0.022726954892277718 -0.7839543223381042 -0.13984717428684235 -0.6048622131347656 -0.5667520761489868 0.6179348826408386 -0.2695713937282562 -0.7385713458061218 -3.6417789459228516
-0.059769514948129654 -0.9527706503868103 0.297750860452652 -0.022729741409420967 -0.783955991268158 -0.13984575867652893 -0.6048603653907776 -0.5667532682418823 0.6179324984550476 -0.2695758044719696 -0.7385717034339905 -3.641784429550171
-0.059863004833459854 -0.9527512788772583 0.2977941036224365 -0.022687014192342758 -0.7839615345001221 -0.13979987800121307 -0.6048638224601746 -0.5667653679847717 0.6179164052009583 -0.2696681320667267 -0.7385514378547668 -3.641770601272583
-0.05985739454627037 -0.9527381062507629 0.2978372871875763 -0.022683143615722656 -0.7839568257331848 -0.13983361423015594 -0.6048621535301208 -0.5667611360549927 0.6179229021072388 -0.2696970999240875 -0.738535463809967 -3.6417689323425293
-0.05983981862664223 -0.9527406096458435 0.2978329658508301 -0.022734878584742546 -0.7839488983154297 -0.13984763622283936 -0.6048691272735596 -0.5668033957481384 0.6179346442222595 -0.2696811258792877 -0.7385314702987671 -3.641833782196045
-0.05984870716929436 -0.9527287483215332 0.2978689670562744 -0.022729119285941124 -0.7838981747627258 -0.13988590240478516 -0.6049259901046753 -0.5667406320571899 0.6179981231689453 -0.2697030305862427 -0.7384703159332275 -3.6418604850769043
-0.05984032154083252 -0.9527294039726257 0.29786863923072815 -0.02273167483508587 -0.7839081883430481 -0.13988766074180603 -0.6049126386642456 -0.5667399168014526 0.6179862022399902 -0.2696998715400696 -0.7384814620018005 -3.641862154006958
-0.05992530286312103 -0.9527243971824646 0.29786765575408936 -0.022717773914337158 -0.7839869260787964 -0.1397882103919983 -0.6048336029052734 -0.5667315721511841 0.6178781390190125 -0.26976922154426575 -0.7385465502738953 -3.641784191131592
-0.05992402508854866 -0.9527288675308228 0.2978535592556 -0.022717565298080444 -0.7839860320091248 -0.13978059589862823 -0.6048364639282227 -0.5667338967323303 0.617879331111908 -0.26975733041763306 -0.7385498881340027 -3.6417808532714844
-0.05995491147041321 -0.9527309536933899 0.2978406548500061 -0.022740138694643974 -0.7840254902839661 -0.139731764793396 -0.6047966480255127 -0.5667350888252258 0.6178263425827026 -0.2697752118110657 -0.7385876774787903 -3.6417739391326904
-0.059951864182949066 -0.9527281522750854 0.2978501319885254 -0.02274308167397976 -0.7840235233306885 -0.1397409439086914 -0.6047970056533813 -0.5667396187782288 0.6178290843963623 -0.2697802782058716 -0.7385835647583008 -3.6417653560638428
-0.0599665641784668 -0.952721357345581 0.2978690266609192 -0.022719668224453926 -0.7840300798416138 -0.13973891735076904 -0.6047890186309814 -0.5667767524719238 0.6178193688392639 -0.2698054313659668 -0.7385824918746948 -3.6417062282562256
-0.059981558471918106 -0.9527201652526855 0.2978697121143341 -0.02271583490073681 -0.7840193510055542 -0.13973265886306763 -0.6048043370246887 -0.5667881965637207 0.6178314685821533 -0.26981276273727417 -0.7385696768760681 -3.6416921615600586
-0.05999915674328804 -0.9527450799942017 0.29778656363487244 -0.022649772465229034 -0.7839481234550476 -0.1396976113319397 -0.60490483045578 -0.5668268203735352 0.6179201602935791 -0.26974302530288696 -0.7385209202766418 -3.641737222671509
-0.05998019501566887 -0.9527492523193359 0.29777705669403076 -0.022631246596574783 -0.7839350700378418 -0.1397116482257843 -0.6049184799194336 -0.5668445825576782 0.6179385781288147 -0.26972103118896484 -0.7385135889053345 -3.641731023788452
-0.05992088466882706 -0.9527429938316345 0.2978089153766632 -0.022659407928586006 -0.7839301824569702 -0.13977904617786407 -0.6049092411994934 -0.5668149590492249 0.6179505586624146 -0.26970812678337097 -0.7385082840919495 -3.641660690307617
-0.059940844774246216 -0.9527420401573181 0.2978079617023468 -0.022648796439170837 -0.7839421629905701 -0.13975806534290314 -0.6048985719680786 -0.5668297410011292 0.617933452129364 -0.2697224020957947 -0.7385174036026001 -3.641648054122925
-0.0600651390850544 -0.9527299404144287 0.2978217303752899 -0.022603051736950874 -0.7839291095733643 -0.1396781951189041 -0.6049339771270752 -0.5667718648910522 0.6179379224777222 -0.2698065936565399 -0.7384828925132751 -3.6416592597961426
-0.060067322105169296 -0.9527292847633362 0.29782333970069885 -0.022580215707421303 -0.7839266657829285 -0.13967859745025635 -0.6049370169639587 -0.5667784214019775 0.6179407835006714 -0.26980865001678467 -0.738479733467102 -3.6416497230529785
-0.06013599783182144 -0.952671468257904 0.29799431562423706 -0.02261742390692234 -0.7839683294296265 -0.13971686363220215 -0.6048741936683655 -0.5667503476142883 0.6178812384605408 -0.269992858171463 -0.7384622097015381 -3.6416046619415283
-0.06013735383749008 -0.9526716470718384 0.29799357056617737 -0.022608039900660515 -0.7839750051498413 -0.13971243798732758 -0.6048665642738342 -0.5667513608932495 0.6178726553916931 -0.2699946165084839 -0.7384687662124634 -3.641589879989624
-0.06014503166079521 -0.9526479840278625 0.29806753993034363 -0.022664548829197884 -0.7840200066566467 -0.1397339105606079 -0.6048032641410828 -0.56676185131073 0.6178147792816162 -0.27006685733795166 -0.7384907603263855 -3.641603469848633
-0.06023570895195007 -0.952635645866394 0.29808881878852844 -0.022672882303595543 -0.7840288281440735 -0.13967473804950714 -0.6048054695129395 -0.5668113231658936 0.6177947521209717 -0.2701411545276642 -0.7384803891181946 -3.6416451930999756
-0.06017356738448143 -0.9526271820068359 0.29812830686569214 -0.022707374766469002 -0.7840059995651245 -0.1397569626569748 -0.6048160791397095 -0.5667954087257385 0.6178297996520996 -0.27012836933135986 -0.7384557127952576 -3.64168643951416
-0.060182686895132065 -0.9526323080062866 0.29811015725135803 -0.022708358243107796 -0.7840208411216736 -0.1397320181131363 -0.6048026084899902 -0.5668030381202698 0.617810070514679 -0.2701232433319092 -0.7384740710258484 -3.6416845321655273
-0.06015454977750778 -0.9526615738868713 0.2980222702026367 -0.022649526596069336 -0.783989429473877 -0.13971130549907684 -0.6048480868339539 -0.566749095916748 0.6178526282310486 -0.2700307071208954 -0.7384722828865051 -3.6416406631469727
-0.06019700691103935 -0.9526580572128296 0.2980249226093292 -0.0226410161703825 -0.7839838266372681 -0.13968323171138763 -0.604861855506897 -0.5667503476142883 0.6178556680679321 -0.27005764842033386 -0.7384599447250366 -3.6416332721710205
-0.06014801934361458 -0.9526491165161133 0.29806339740753174 -0.02259857766330242 -0.7839460968971252 -0.1397613137960434 -0.6048927307128906 -0.5667362213134766 0.6179082989692688 -0.27004876732826233 -0.7384191751480103 -3.641746759414673
-0.06019468605518341 -0.9526221752166748 0.2981400191783905 -0.022619929164648056 -0.7840273976325989 -0.1397390216588974 -0.6047924757003784 -0.5667732357978821 0.6178005933761597 -0.27015528082847595 -0.7384703159332275 -3.6417839527130127
-0.060194168239831924 -0.9526274800300598 0.29812318086624146 -0.022609462961554527 -0.7840266227722168 -0.1397290676832199 -0.6047958135604858 -0.5667824149131775 0.6178016066551208 -0.27014172077178955 -0.7384743690490723 -3.641786575317383
-0.06021391600370407 -0.9526238441467285 0.2981307804584503 -0.02271731197834015 -0.7840075492858887 -0.13972721993923187 -0.6048209071159363 -0.5667741894721985 0.6178238391876221 -0.2701554596424103 -0.7384507656097412 -3.641807794570923
-0.06020207330584526 -0.9526225328445435 0.2981373965740204 -0.022725624963641167 -0.7840023636817932 -0.1397426724433899 -0.6048240661621094 -0.5667794346809387 0.6178315877914429 -0.27015212178230286 -0.738445520401001 -3.641812324523926
-0.0602143332362175 -0.9526272416114807 0.2981199324131012 -0.022806989029049873 -0.7839557528495789 -0.1397426873445511 -0.6048845052719116 -0.5668125748634338 0.6178895831108093 -0.2701355814933777 -0.7384030222892761 -3.6419739723205566
-0.060225147753953934 -0.9526284337043762 0.29811397194862366 -0.02282603271305561 -0.7839757204055786 -0.13972195982933044 -0.6048634052276611 -0.5668227672576904 0.6178631782531738 -0.270142138004303 -0.7384227514266968 -3.6419880390167236
-0.06021155044436455 -0.952610194683075 0.2981748580932617 -0.02281016670167446 -0.7839657664299011 -0.13977527618408203 -0.6048639416694641 -0.5667868852615356 0.6178771257400513 -0.27017873525619507 -0.7383977174758911 -3.6418564319610596
-0.06018715724349022 -0.9526084661483765 0.29818540811538696 -0.02282428927719593 -0.7839819192886353 -0.13979341089725494 -0.6048388481140137 -0.5667885541915894 0.6178590059280396 -0.2701755464076996 -0.7384140491485596 -3.641854763031006
-0.06022341921925545 -0.9526254534721375 0.2981237769126892 -0.022695302963256836 -0.7840368151664734 -0.13970276713371277 -0.604788601398468 -0.5667639970779419 0.6177858114242554 -0.2701624929904938 -0.7384800314903259 -3.6418042182922363
-0.06021907925605774 -0.9526295065879822 0.2981116473674774 -0.022691790014505386 -0.7840441465377808 -0.1396951526403427 -0.604780912399292 -0.5667643547058105 0.6177769303321838 -0.2701520621776581 -0.7384912371635437 -3.6417996883392334
-0.06032517924904823 -0.9526463747024536 0.2980363070964813 -0.022685421630740166 -0.7840026617050171 -0.13958494365215302 -0.6048601269721985 -0.5668027400970459 0.6178192496299744 -0.2701495885848999 -0.7384567856788635 -3.6418404579162598
-0.06039869412779808 -0.9526351094245911 0.2980574369430542 -0.022705424576997757 -0.784040093421936 -0.13952617347240448 -0.6048251390457153 -0.5668137669563293 0.6177645325660706 -0.2702196538448334 -0.7384769320487976 -3.641819715499878
-0.06035681813955307 -0.9526442885398865 0.2980365455150604 -0.022678982466459274 -0.7840786576271057 -0.13952787220478058 -0.6047748327255249 -0.5668376088142395 0.6177197098731995 -0.2701864242553711 -0.7385265827178955 -3.64176607131958
-0.06041489169001579 -0.952652633190155 0.29799821972846985 -0.02265065535902977 -0.7840589880943298 -0.1394680291414261 -0.6048140525817871 -0.5667834877967834 0.6177389621734619 -0.27018800377845764 -0.7385098934173584 -3.641710042953491
-0.06032240018248558 -0.9526592493057251 0.2979956567287445 -0.022637799382209778 -0.7840742468833923 -0.13952995836734772 -0.6047800183296204 -0.5667889714241028 0.6177286505699158 -0.27013254165649414 -0.7385388016700745 -3.641695737838745
-0.06020612642168999 -0.9526415467262268 0.2980758249759674 -0.022677242755889893 -0.7840165495872498 -0.13969431817531586 -0.6048169136047363 -0.5668405890464783 0.617813229560852 -0.2701101005077362 -0.7384762763977051 -3.641747236251831
-0.060193244367837906 -0.952644944190979 0.2980676591396332 -0.0226735882461071 -0.7840091586112976 -0.13970214128494263 -0.6048246622085571 -0.56684809923172 0.6178238987922668 -0.2700941562652588 -0.7384731769561768 -3.6417360305786133
-0.06020638719201088 -0.9526463150978088 0.29806050658226013 -0.02269154228270054 -0.7840525507926941 -0.13966864347457886 -0.6047760844230652 -0.5668434500694275 0.6177674531936646 -0.2701065242290497 -0.7385158538818359 -3.641707420349121
-0.060200586915016174 -0.9526475071907043 0.2980579435825348 -0.022687016054987907 -0.7840434908866882 -0.13967539370059967 -0.6047863364219666 -0.5668532252311707 0.617779552936554 -0.2700989246368408 -0.7385085225105286 -3.641695737838745
-0.060084834694862366 -0.9526869654655457 0.29795506596565247 -0.02266535721719265 -0.7839952111244202 -0.13971900939941406 -0.6048388481140137 -0.5668160915374756 0.6178521513938904 -0.26993700861930847 -0.7385069727897644 -3.6418330669403076
-0.060081519186496735 -0.9526777267456055 0.29798534512519836 -0.02266552858054638 -0.7840069532394409 -0.1397356390953064 -0.6048197746276855 -0.56679767370224 0.6178375482559204 -0.2699611186981201 -0.7385104298591614 -3.6417813301086426
-0.060155127197504044 -0.9526695013046265 0.29799684882164 -0.022716855630278587 -0.7840418815612793 -0.13967181742191315 -0.6047892570495605 -0.5668013095855713 0.6177860498428345 -0.2700232267379761 -0.7385307550430298 -3.6418139934539795
-0.06015338748693466 -0.9526643753051758 0.29801350831985474 -0.022723320871591568 -0.7840195894241333 -0.1396934539079666 -0.6048131585121155 -0.5667874217033386 0.6178144812583923 -0.27003002166748047 -0.7385044693946838 -3.6417853832244873
-0.06012880802154541 -0.9526703953742981 0.29799914360046387 -0.022671544924378395 -0.7840744853019714 -0.13967899978160858 -0.6047453284263611 -0.566797137260437 0.6177472472190857 -0.2700161933898926 -0.7385658025741577 -3.64170503616333
-0.06016701087355614 -0.9526909589767456 0.29792580008506775 -0.022653251886367798 -0.7840316295623779 -0.13962218165397644 -0.6048139929771423 -0.5668301582336426 0.6177979111671448 -0.26997312903404236 -0.7385391592979431 -3.6417582035064697
-0.06013552099466324 -0.9526821970939636 0.2979601323604584 -0.022680070251226425 -0.7840142846107483 -0.13967542350292206 -0.6048241853713989 -0.5667699575424194 0.6178230047225952 -0.2699764370918274 -0.7385169863700867 -3.641859531402588
-0.06024385616183281 -0.9526603817939758 0.2980079650878906 -0.022725356742739677 -0.7840527296066284 -0.1396067887544632 -0.604790210723877 -0.5668045878410339 0.6177636384963989 -0.27008888125419617 -0.7385255098342896 -3.6417949199676514
-0.060145970433950424 -0.9526743292808533 0.2979832589626312 -0.02275896444916725 -0.7840645909309387 -0.13966019451618195 -0.6047624349594116 -0.5667853951454163 0.6177580952644348 -0.2700121998786926 -0.7385581731796265 -3.6418302059173584
-0.060173068195581436 -0.9526581168174744 0.29802951216697693 -0.022739069536328316 -0.7840127944946289 -0.13969163596630096 -0.6048223376274109 -0.5667802095413208 0.617821216583252 -0.27005302906036377 -0.7384904623031616 -3.641875743865967
-0.060156892985105515 -0.9526650309562683 0.2980106770992279 -0.022742317989468575 -0.7840129733085632 -0.13969185948371887 -0.604822039604187 -0.5667811632156372 0.617822527885437 -0.2700285017490387 -0.738498330116272 -3.6418745517730713
-0.06016090512275696 -0.9526820182800293 0.29795554280281067 -0.02268335223197937 -0.7839657068252563 -0.13967449963092804 -0.6048873662948608 -0.5668095350265503 0.6178821325302124 -0.26997753977775574 -0.7384670376777649 -3.641871452331543
-0.060158539563417435 -0.9526909589767456 0.29792746901512146 -0.02267792448401451 -0.7839815616607666 -0.13965150713920593 -0.6048720479011536 -0.566814661026001 0.6178622245788574 -0.26995790004730225 -0.7384909391403198 -3.6418652534484863
-0.060060713440179825 -0.9526784420013428 0.29798728227615356 -0.02268202044069767 -0.783991813659668 -0.13975925743579865 -0.6048339009284973 -0.5667661428451538 0.6178587675094604 -0.2699463963508606 -0.7384980320930481 -3.6419146060943604
-0.06006007269024849 -0.952679455280304 0.29798412322998047 -0.02267845720052719 -0.7839940786361694 -0.13975675404071808 -0.6048315763473511 -0.56676185131073 0.617855966091156 -0.26994407176971436 -0.738501250743866 -3.6419129371643066
-0.06006043404340744 -0.9527168273925781 0.29786452651023865 -0.022707238793373108 -0.7840456962585449 -0.13965801894664764 -0.6047874689102173 -0.5668102502822876 0.6177904009819031 -0.2698632478713989 -0.7385855913162231 -3.6418769359588623
-0.06005742400884628 -0.9527207612991333 0.29785266518592834 -0.022703921422362328 -0.784037172794342 -0.13965646922588348 -0.6047988533973694 -0.5668119788169861 0.6178014874458313 -0.2698502540588379 -0.7385810613632202 -3.6418721675872803
-0.06005695462226868 -0.952757716178894 0.2977343797683716 -0.022676851600408554 -0.7839733958244324 -0.13960959017276764 -0.6048923134803772 -0.5668182969093323 0.617882490158081 -0.2697438895702362 -0.7385522127151489 -3.6418511867523193
-0.0600464828312397 -0.9527258276939392 0.29783862829208374 -0.022673605009913445 -0.7839897274971008 -0.13967660069465637 -0.6048557162284851 -0.5667994022369385 0.6178628206253052 -0.2698219418525696 -0.7385401129722595 -3.641818046569824
-0.05995916947722435 -0.9527429938316345 0.29780134558677673 -0.022675545886158943 -0.7839312553405762 -0.13974469900131226 -0.6049157977104187 -0.5667728185653687 0.6179454326629639 -0.26972606778144836 -0.738506019115448 -3.641812562942505
-0.05998535826802254 -0.952749490737915 0.29777511954307556 -0.02267075888812542 -0.7839087843894958 -0.1397179812192917 -0.6049510836601257 -0.5667640566825867 0.6179714202880859 -0.2697167694568634 -0.7384876608848572 -3.6418004035949707
-0.05989266559481621 -0.9527564644813538 0.2977714538574219 -0.02268894575536251 -0.7838876843452454 -0.1397952139377594 -0.6049606204032898 -0.566775381565094 0.6180071830749512 -0.2696520984172821 -0.738481342792511 -3.6418046951293945
-0.05989520996809006 -0.9527411460876465 0.2978200614452362 -0.022681497037410736 -0.7838764786720276 -0.13982902467250824 -0.6049672961235046 -0.5667716264724731 0.6180211305618286 -0.26968881487846375 -0.7384562492370605 -3.6418046951293945
-0.05990127846598625 -0.9527472853660583 0.29779911041259766 -0.022685078904032707 -0.7838642001152039 -0.13981647789478302 -0.6049861311912537 -0.5667601227760315 0.618036150932312 -0.26967352628707886 -0.7384492754936218 -3.6418159008026123
-0.059799015522003174 -0.9527486562728882 0.29781538248062134 -0.022679300978779793 -0.7838914394378662 -0.13989248871803284 -0.6049332022666931 -0.5667810440063477 0.618011474609375 -0.2696293890476227 -0.7384860515594482 -3.6418161392211914
-0.05979827791452408 -0.9527489542961121 0.2978144884109497 -0.02267039753496647 -0.7839022874832153 -0.1398877650499344 -0.6049202084541321 -0.5667812824249268 0.6179977655410767 -0.26963070034980774 -0.7384970784187317 -3.6418087482452393
-0.059866778552532196 -0.9527427554130554 0.2978205680847168 -0.022683115676045418 -0.7839491963386536 -0.1398191750049591 -0.6048753261566162 -0.5667747259140015 0.617931604385376 -0.2696881592273712 -0.7385314106941223 -3.641771078109741
-0.05987826734781265 -0.9527466297149658 0.2978058159351349 -0.022678524255752563 -0.7839415073394775 -0.13980446755886078 -0.6048887372016907 -0.5667756795883179 0.6179403066635132 -0.26968204975128174 -0.7385263442993164 -3.64176344871521
-0.05993920937180519 -0.9527402520179749 0.2978139817714691 -0.022715140134096146 -0.7839601635932922 -0.1397552490234375 -0.6048758625984192 -0.5667754411697388 0.6179107427597046 -0.2697301208972931 -0.7385335564613342 -3.641749858856201
-0.05994480475783348 -0.9527174234390259 0.297885924577713 -0.022703442722558975 -0.7839311361312866 -0.13980935513973236 -0.6049009561538696 -0.5667985677719116 0.617946982383728 -0.26978278160095215 -0.7384840250015259 -3.6417922973632812
-0.05998977646231651 -0.9527270793914795 0.29784590005874634 -0.02268843539059162 -0.7840068936347961 -0.1397167444229126 -0.6048241853713989 -0.5668110847473145 0.6178465485572815 -0.26979655027389526 -0.7385630011558533 -3.641774892807007
-0.05997690558433533 -0.9527127146720886 0.2978946268558502 -0.02268984168767929 -0.7840099930763245 -0.13975608348846436 -0.6048110723495483 -0.5667920112609863 0.6178438067436218 -0.26982709765434265 -0.7385541200637817 -3.6417365074157715
-0.059952471405267715 -0.95271235704422 0.297900527715683 -0.022714952006936073 -0.7840001583099365 -0.13978266716003418 -0.6048176884651184 -0.5667778253555298 0.6178587079048157 -0.2698144316673279 -0.7385463118553162 -3.6417739391326904
-0.05997687950730324 -0.9527100324630737 0.2979031801223755 -0.02271963097155094 -0.7839975953102112 -0.13976694643497467 -0.6048246026039124 -0.5667663812637329 0.6178595423698425 -0.2698309123516083 -0.7385395765304565 -3.6417617797851562
-0.05989848077297211 -0.952727198600769 0.29786407947540283 -0.02264799363911152 -0.7840511798858643 -0.1397782266139984 -0.6047526001930237 -0.5667639374732971 0.6177991628646851 -0.2697644829750061 -0.7386143207550049 -3.641669273376465
-0.060002509504556656 -0.9527478814125061 0.2977769374847412 -0.022649195045232773 -0.7840373516082764 -0.13965001702308655 -0.6048001646995544 -0.5668013691902161 0.617806613445282 -0.26975780725479126 -0.7386105060577393 -3.641664743423462
-0.059985172003507614 -0.95274418592453 0.2977921664714813 -0.022642401978373528 -0.7840549349784851 -0.1396651417016983 -0.6047738194465637 -0.566803514957428 0.6177859902381897 -0.26976293325424194 -0.7386259436607361 -3.641653537750244
-0.05987212806940079 -0.9527350664138794 0.2978440821170807 -0.022688675671815872 -0.7840132117271423 -0.13980211317539215 -0.604796290397644 -0.5667798519134521 0.6178499460220337 -0.26972419023513794 -0.7385866045951843 -3.6416709423065186
-0.05986848101019859 -0.952739417552948 0.2978309690952301 -0.022688180208206177 -0.783998966217041 -0.13980276882648468 -0.6048145890235901 -0.566781759262085 0.6178683638572693 -0.2697085440158844 -0.7385768890380859 -3.6416609287261963
-0.059880271553993225 -0.952734112739563 0.2978455722332001 -0.022721022367477417 -0.7840367555618286 -0.13978660106658936 -0.6047692894935608 -0.5667615532875061 0.6178191900253296 -0.2697356939315796 -0.7386081218719482 -3.641669511795044
-0.059873584657907486 -0.9527407288551331 0.29782575368881226 -0.022728905081748962 -0.7840198874473572 -0.13978645205497742 -0.6047912240028381 -0.5667610764503479 0.6178413033485413 -0.26971235871315 -0.738598108291626 -3.6416680812835693
-0.05990513414144516 -0.9527343511581421 0.29783985018730164 -0.022708361968398094 -0.7840861082077026 -0.13974253833293915 -0.6047155261039734 -0.5667721629142761 0.6177542209625244 -0.2697576880455017 -0.7386544346809387 -3.641684055328369
-0.05991996079683304 -0.9527304172515869 0.2978493571281433 -0.02270873263478279 -0.7840805053710938 -0.1397397667169571 -0.6047233939170837 -0.5667755603790283 0.6177598237991333 -0.2697729468345642 -0.7386441230773926 -3.6416852474212646
-0.059968650341033936 -0.9527184367179871 0.29787787795066833 -0.022696901112794876 -0.7840732336044312 -0.13972410559654236 -0.6047365069389343 -0.5667851567268372 0.6177643537521362 -0.2698233425617218 -0.7386219501495361 -3.6417276859283447
-0.05999506264925003 -0.9527095556259155 0.2979010343551636 -0.022691404446959496 -0.7840803265571594 -0.13971567153930664 -0.6047292947769165 -0.566788911819458 0.6177528500556946 -0.2698591351509094 -0.7386184930801392 -3.6417324542999268
-0.059953100979328156 -0.9527062177658081 0.2979201674461365 -0.022743279114365578 -0.7840461134910583 -0.13977459073066711 -0.6047599911689758 -0.5667757391929626 0.6178002953529358 -0.26984041929244995 -0.7385856509208679 -3.641787052154541
-0.05998503789305687 -0.9527146220207214 0.29788678884506226 -0.022748583927750587 -0.7840300798416138 -0.13973616063594818 -0.604789674282074 -0.5667805671691895 0.6178175806999207 -0.2698305547237396 -0.7385748028755188 -3.641796588897705
-0.060070138424634933 -0.9527089595794678 0.29788780212402344 -0.022687911987304688 -0.78407883644104 -0.13965092599391937 -0.6047461628913879 -0.5667624473571777 0.61774742603302 -0.2698947489261627 -0.738610029220581 -3.641727924346924
-0.059999000281095505 -0.9527155756950378 0.29788094758987427 -0.022682610899209976 -0.784099817276001 -0.13969141244888306 -0.6047096252441406 -0.566749095916748 0.6177276968955994 -0.26985040307044983 -0.738642692565918 -3.6416423320770264
-0.05999412015080452 -0.9527134299278259 0.29788872599601746 -0.022679490968585014 -0.7841089367866516 -0.13969606161117554 -0.6046966910362244 -0.5667514204978943 0.6177166104316711 -0.2698554992675781 -0.7386501431465149 -3.641638994216919
-0.06006373465061188 -0.9527057409286499 0.29789939522743225 -0.02266562730073929 -0.7841494679450989 -0.13963228464126587 -0.604658842086792 -0.5667521357536316 0.6176583170890808 -0.26991575956344604 -0.7386768460273743 -3.6416544914245605
-0.059952542185783386 -0.9527171850204468 0.29788509011268616 -0.02267512120306492 -0.7841762900352478 -0.1396958827972412 -0.6046093702316284 -0.566760778427124 0.6176351308822632 -0.26984232664108276 -0.73872309923172 -3.641624689102173
-0.05999511107802391 -0.9527073502540588 0.29790809750556946 -0.022713452577590942 -0.7841460108757019 -0.13969141244888306 -0.6046496629714966 -0.5667721033096313 0.617669403553009 -0.2698795199394226 -0.7386808395385742 -3.6416869163513184
-0.060005586594343185 -0.9526995420455933 0.29793086647987366 -0.022715263068675995 -0.7841567397117615 -0.1396932154893875 -0.6046353578567505 -0.566779613494873 0.6176548004150391 -0.26990601420402527 -0.7386833429336548 -3.641686201095581
-0.05996570736169815 -0.9527102708816528 0.2979046106338501 -0.022657712921500206 -0.784171998500824 -0.13970014452934265 -0.6046139597892761 -0.5667672753334045 0.6176392436027527 -0.26986458897590637 -0.7387114763259888 -3.6417160034179688
-0.059967536479234695 -0.952700138092041 0.29793667793273926 -0.022649841383099556 -0.784171462059021 -0.13971935212612152 -0.6046102046966553 -0.5667747855186462 0.6176397800445557 -0.2698904871940613 -0.7387016415596008 -3.641716241836548
-0.05989576876163483 -0.9527277946472168 0.2978626489639282 -0.0226223673671484 -0.784177303314209 -0.13972429931163788 -0.6046015024185181 -0.5667383670806885 0.6176393628120422 -0.2697902321815491 -0.7387385964393616 -3.6416356563568115
-0.059878550469875336 -0.9527280926704407 0.29786521196365356 -0.02261461317539215 -0.7841784954071045 -0.13973847031593323 -0.6045966744422913 -0.5667425394058228 0.6176395416259766 -0.2697818875312805 -0.7387415170669556 -3.6416287422180176
-0.05988584831357002 -0.9527240991592407 0.29787635803222656 -0.022681377828121185 -0.7842382788658142 -0.13971388339996338 -0.6045247912406921 -0.5667734742164612 0.6175628900527954 -0.2698085606098175 -0.738795816898346 -3.641603946685791
-0.059881895780563354 -0.9527252316474915 0.29787367582321167 -0.02268274314701557 -0.7842286825180054 -0.1397193819284439 -0.6045359969139099 -0.5667851567268372 0.617575466632843 -0.26980188488960266 -0.7387877702713013 -3.6415975093841553
-0.059901852160692215 -0.9527283310890198 0.29785972833633423 -0.02268274873495102 -0.7841805219650269 -0.13971640169620514 -0.604599118232727 -0.566768229007721 0.617634654045105 -0.26979243755340576 -0.7387416958808899 -3.6416726112365723
-0.05988237261772156 -0.9527332186698914 0.2978478968143463 -0.022682560607790947 -0.7841840386390686 -0.13972213864326477 -0.6045932173728943 -0.5667747259140015 0.6176320314407349 -0.26977208256721497 -0.7387512922286987 -3.6416735649108887
-0.059943199157714844 -0.952721357345581 0.2978736162185669 -0.022719455882906914 -0.7841633558273315 -0.13970133662223816 -0.60462486743927 -0.5668470859527588 0.617652416229248 -0.2698247730731964 -0.7387150526046753 -3.641789436340332
-0.05995021015405655 -0.9527148604393005 0.2978930175304413 -0.022722119465470314 -0.7841723561286926 -0.1397044062614441 -0.6046125292778015 -0.5668634176254272 0.6176403760910034 -0.2698461413383484 -0.7387173175811768 -3.6418020725250244
-0.059854887425899506 -0.9527283906936646 0.2978689670562744 -0.022708481177687645 -0.7841482758522034 -0.13977202773094177 -0.6046281456947327 -0.5667746067047119 0.6176801919937134 -0.26976343989372253 -0.7387142181396484 -3.641880750656128
-0.05986475944519043 -0.9527179598808289 0.2979002594947815 -0.022706402465701103 -0.7841459512710571 -0.13978539407253265 -0.6046280860900879 -0.566791296005249 0.617682158946991 -0.26979321241378784 -0.7387017011642456 -3.641925811767578
-0.059966426342725754 -0.9526979327201843 0.2979438304901123 -0.0226585753262043 -0.7842088937759399 -0.13970839977264404 -0.6045642495155334 -0.5668092370033264 0.6175923943519592 -0.2699038088321686 -0.7387363314628601 -3.6419148445129395
-0.059959352016448975 -0.9526820778846741 0.2979959547519684 -0.022671720013022423 -0.7842174172401428 -0.13974310457706451 -0.6045451164245605 -0.566759467124939 0.6175822019577026 -0.2699418067932129 -0.7387309670448303 -3.6418259143829346
-0.05991820991039276 -0.9526858925819397 0.29799219965934753 -0.022744575515389442 -0.78425133228302 -0.13975712656974792 -0.6044979095458984 -0.5668395757675171 0.6175431609153748 -0.2699212431907654 -0.7387711405754089 -3.641831636428833
-0.059898894280195236 -0.9526757001876831 0.29802852869033813 -0.0227564238011837 -0.78425532579422 -0.13979309797286987 -0.6044843792915344 -0.566832959651947 0.6175400018692017 -0.2699384391307831 -0.7387675046920776 -3.641803503036499
-0.06002049520611763 -0.9526718854904175 0.298016220331192 -0.022749904543161392 -0.7842811346054077 -0.13968169689178467 -0.6044766306877136 -0.5667866468429565 0.6174953579902649 -0.2700095474720001 -0.738778829574585 -3.6418228149414062
-0.0600435845553875 -0.9526640772819519 0.29803666472435 -0.022760460153222084 -0.7842577695846558 -0.13968735933303833 -0.6045056581497192 -0.5667648315429688 0.6175228357315063 -0.2700343132019043 -0.7387468218803406 -3.641777753829956
-0.059991493821144104 -0.9526872038841248 0.2979731261730194 -0.02272568829357624 -0.7842907309532166 -0.1396721601486206 -0.6044663786888123 -0.5668101906776428 0.6174860000610352 -0.2699604630470276 -0.7388046383857727 -3.6416983604431152
-0.06000133231282234 -0.9526743292808533 0.2980123460292816 -0.022710852324962616 -0.7842869162559509 -0.13969126343727112 -0.6044669151306152 -0.5668306350708008 0.6174898743629456 -0.2699960470199585 -0.7387883067131042 -3.6417181491851807
-0.059975285083055496 -0.9526820778846741 0.2979927659034729 -0.022653469815850258 -0.7843396663665771 -0.1396755576133728 -0.6044021248817444 -0.566784143447876 0.6174254417419434 -0.26997676491737366 -0.7388492226600647 -3.641735076904297
-0.05994124710559845 -0.9526751041412354 0.29802194237709045 -0.022650357335805893 -0.7843778729438782 -0.139703169465065 -0.6043461561203003 -0.5667638778686523 0.6173802018165588 -0.2699871063232422 -0.7388832569122314 -3.641749143600464
-0.059949204325675964 -0.9526783227920532 0.2980101704597473 -0.022636782377958298 -0.784388542175293 -0.1396850049495697 -0.6043365001678467 -0.5667620897293091 0.6173658967018127 -0.26998528838157654 -0.7388958930969238 -3.6417365074157715
-0.06001032143831253 -0.9526891708374023 0.2979631721973419 -0.022662395611405373 -0.7843607664108276 -0.13962092995643616 -0.6043873429298401 -0.566810131072998 0.6173952221870422 -0.26998013257980347 -0.738873302936554 -3.6417694091796875
-0.06000205874443054 -0.9526935815811157 0.29795074462890625 -0.02265687845647335 -0.7843608260154724 -0.13961929082870483 -0.604387640953064 -0.5668160915374756 0.6173959374427795 -0.26996544003486633 -0.738878071308136 -3.6417601108551025
-0.06002255901694298 -0.9526813626289368 0.29798561334609985 -0.02270246110856533 -0.7843593955039978 -0.13962648808956146 -0.6043878793716431 -0.5667883157730103 0.6173957586288452 -0.2700047492980957 -0.7388638257980347 -3.6417691707611084
-0.06001121178269386 -0.9526872634887695 0.2979690730571747 -0.02270618826150894 -0.7843692898750305 -0.13962027430534363 -0.6043764352798462 -0.5667884349822998 0.6173843145370483 -0.26998719573020935 -0.7388797998428345 -3.641753911972046
