# 3x4 first row second row third row Freq: 100 current Time: 2021-04-06-17:38:20
0.25420358777046204 -0.6829034090042114 0.6848528385162354 -0.08484571427106857 -0.9545066952705383 -0.29127320647239685 0.06384945660829544 -0.6725035905838013 0.1558763086795807 -0.6699274182319641 -0.7258785367012024 -3.639631509780884
0.25413942337036133 -0.6829409599304199 0.6848391890525818 -0.08482171595096588 -0.9545215964317322 -0.29123827815055847 0.06378570199012756 -0.6725450754165649 0.15588955581188202 -0.6699042916297913 -0.7258970141410828 -3.6396985054016113
0.2541605234146118 -0.6829545497894287 0.6848178505897522 -0.08482948690652847 -0.9545183777809143 -0.2912449538707733 0.06380348652601242 -0.6725200414657593 0.15587489306926727 -0.6698876023292542 -0.7259156107902527 -3.639707565307617
0.2541012167930603 -0.682974100112915 0.6848203539848328 -0.08477311581373215 -0.9545385241508484 -0.2911840081214905 0.0637805163860321 -0.6725742220878601 0.15584832429885864 -0.6698941588401794 -0.725915253162384 -3.6396372318267822
0.25402310490608215 -0.6829989552497864 0.684824526309967 -0.08469037711620331 -0.9545572400093079 -0.29113703966140747 0.06371449679136276 -0.6725909113883972 0.15586088597774506 -0.6698892116546631 -0.7259171009063721 -3.6395578384399414
0.25410348176956177 -0.6829939484596252 0.6847996711730957 -0.08470125496387482 -0.9545401930809021 -0.29117780923843384 0.06378394365310669 -0.6725983023643494 0.15583446621894836 -0.6698765754699707 -0.7259344458580017 -3.6395463943481445
0.25404009222984314 -0.6830306649208069 0.6847866177558899 -0.08468058705329895 -0.9545580148696899 -0.29112985730171204 0.06373566389083862 -0.6725953221321106 0.15582846105098724 -0.6698600053787231 -0.725951075553894 -3.639503002166748
0.2541159689426422 -0.6830211281776428 0.6847679615020752 -0.08469288051128387 -0.954535186290741 -0.2911968529224396 0.06377189606428146 -0.6726049184799194 0.1558447629213333 -0.6698406338691711 -0.7259654402732849 -3.639504909515381
0.2541171610355377 -0.6829909086227417 0.6847976446151733 -0.08469659835100174 -0.9545344114303589 -0.29119694232940674 0.06378323584794998 -0.6725682616233826 0.15584763884544373 -0.6698713302612305 -0.7259364724159241 -3.639420986175537
0.25412800908088684 -0.6830152869224548 0.684769332408905 -0.08471958339214325 -0.9545247554779053 -0.2912362217903137 0.06374791264533997 -0.6725569367408752 0.1558888703584671 -0.6698294878005981 -0.7259662747383118 -3.6394193172454834
0.25410211086273193 -0.6830220222473145 0.6847721934318542 -0.08470563590526581 -0.9545198082923889 -0.29126855731010437 0.06367456167936325 -0.6725379228591919 0.1559615284204483 -0.6698085069656372 -0.7259699702262878 -3.63944935798645
0.254138320684433 -0.6830657124519348 0.6847151517868042 -0.08472058176994324 -0.9545111060142517 -0.29129558801651 0.06368154287338257 -0.6725084185600281 0.15595586597919464 -0.6697521805763245 -0.7260231375694275 -3.6394598484039307
0.25416526198387146 -0.6830319166183472 0.6847388744354248 -0.08473088592290878 -0.954497218132019 -0.2913411855697632 0.06368065625429153 -0.672486424446106 0.15599676966667175 -0.6697667837142944 -0.7260009050369263 -3.6394259929656982
0.25414806604385376 -0.6830471158027649 0.6847301125526428 -0.08475838601589203 -0.954503059387207 -0.29132455587387085 0.06366980075836182 -0.6725214123725891 0.15598925948143005 -0.6697585582733154 -0.7260101437568665 -3.6393775939941406
0.2541678845882416 -0.6830301284790039 0.6847397089004517 -0.08476554602384567 -0.9544905424118042 -0.2913687527179718 0.06365501880645752 -0.6725082397460938 0.1560334861278534 -0.6697566509246826 -0.7260023355484009 -3.639394998550415
0.2541699707508087 -0.6830048561096191 0.6847641468048096 -0.0847829282283783 -0.9544916152954102 -0.291361004114151 0.06367454677820206 -0.6724982261657715 0.15602359175682068 -0.6697857975959778 -0.7259775996208191 -3.639378547668457
0.25416243076324463 -0.6829769611358643 0.6847947239875793 -0.08479592949151993 -0.9544805288314819 -0.2914089262485504 0.0636211633682251 -0.672527015209198 0.15610353648662567 -0.6697933673858643 -0.7259534001350403 -3.6394760608673096
0.2540871500968933 -0.6829776763916016 0.6848219633102417 -0.08475878834724426 -0.9545085430145264 -0.29131871461868286 0.06361375749111176 -0.6726162433624268 0.15605472028255463 -0.6698318719863892 -0.7259283661842346 -3.6394436359405518
0.2540920078754425 -0.6829723119735718 0.6848255395889282 -0.08476310968399048 -0.9545104503631592 -0.29130804538726807 0.06363384425640106 -0.6726008057594299 0.15603508055210114 -0.669842004776001 -0.7259232401847839 -3.6394546031951904
0.2541063725948334 -0.6829925179481506 0.6848000884056091 -0.08477167785167694 -0.9544892311096191 -0.29139527678489685 0.06355273723602295 -0.6725980043411255 0.1561415046453476 -0.6697834730148315 -0.7259544134140015 -3.639493465423584
0.2540874183177948 -0.6830140352249146 0.6847856044769287 -0.08475198596715927 -0.9544965028762817 -0.2913736402988434 0.06354276835918427 -0.6725785136222839 0.1561279147863388 -0.6697708964347839 -0.7259688973426819 -3.6394994258880615
0.2540963590145111 -0.6830212473869324 0.6847751140594482 -0.08476777374744415 -0.9544973969459534 -0.2913670241832733 0.06356009095907211 -0.6725833415985107 0.1561080366373062 -0.6697664260864258 -0.7259773015975952 -3.639521360397339
0.2541115880012512 -0.683050274848938 0.6847404837608337 -0.08474927395582199 -0.9544963240623474 -0.2913680970668793 0.06357072293758392 -0.6725978851318359 0.15608958899974823 -0.669736385345459 -0.7260090112686157 -3.639512300491333
0.2541467547416687 -0.6830348372459412 0.6847428679466248 -0.0847620889544487 -0.9544874429702759 -0.2913908064365387 0.06360016018152237 -0.6726040840148926 0.15608668327331543 -0.6697422862052917 -0.7260041832923889 -3.63954758644104
0.25420963764190674 -0.6830017566680908 0.6847525238990784 -0.08477935940027237 -0.9544748067855835 -0.29141703248023987 0.06367011368274689 -0.6725783348083496 0.1560617983341217 -0.6697645783424377 -0.7259889245033264 -3.6394765377044678
0.25421538949012756 -0.6830061674118042 0.6847459673881531 -0.08478313684463501 -0.9544729590415955 -0.29142308235168457 0.06367012858390808 -0.6725571155548096 0.1560637354850769 -0.6697574257850647 -0.7259951233863831 -3.639488697052002
0.2542155981063843 -0.6830097436904907 0.6847423315048218 -0.08480484783649445 -0.9544787406921387 -0.29139840602874756 0.0636960119009018 -0.6725741028785706 0.1560278683900833 -0.6697645783424377 -0.7259962558746338 -3.6394941806793213
0.254230260848999 -0.6830039620399475 0.6847426295280457 -0.08476884663105011 -0.9544771313667297 -0.2913990318775177 0.06371765583753586 -0.6725720167160034 0.15601396560668945 -0.6697701215744019 -0.7259941101074219 -3.639486074447632
0.25422269105911255 -0.6830093860626221 0.6847400665283203 -0.0847722738981247 -0.9544833302497864 -0.29137587547302246 0.06373041868209839 -0.6725513935089111 0.15598830580711365 -0.6697747111320496 -0.7259954214096069 -3.639495372772217
0.25423070788383484 -0.6830055713653564 0.6847409009933472 -0.0847783014178276 -0.9544802904129028 -0.29138538241386414 0.0637325718998909 -0.6725258827209473 0.15599381923675537 -0.6697744727134705 -0.7259944081306458 -3.639504909515381
0.2541998028755188 -0.6830101609230042 0.6847477555274963 -0.08472508192062378 -0.9544950127601624 -0.2913348078727722 0.06374279409646988 -0.6724869012832642 0.15595391392707825 -0.6697917580604553 -0.7259870171546936 -3.639514446258545
0.25418779253959656 -0.683002233505249 0.6847600936889648 -0.08475381135940552 -0.9545021057128906 -0.2913084626197815 0.06375720351934433 -0.6725493669509888 0.15593014657497406 -0.6698113083839417 -0.7259741425514221 -3.639498710632324
0.2542189359664917 -0.6829500198364258 0.6848006844520569 -0.08476389944553375 -0.9544865489006042 -0.2913578748703003 0.06376399099826813 -0.6725845336914062 0.15597449243068695 -0.6698430776596069 -0.7259352803230286 -3.639615297317505
0.25426554679870605 -0.6829469799995422 0.6847863793373108 -0.08479154855012894 -0.9544826745986938 -0.2913556694984436 0.06383233517408371 -0.6726019382476807 0.15592235326766968 -0.6698471307754517 -0.7259427309036255 -3.6396372318267822
0.2542785704135895 -0.6829199194908142 0.6848085522651672 -0.08479482680559158 -0.9544711112976074 -0.29139775037765503 0.06381367892026901 -0.6725313663482666 0.15597207844257355 -0.6698564291000366 -0.725923478603363 -3.6395533084869385
0.254159152507782 -0.6829186677932739 0.6848540902137756 -0.08468436449766159 -0.9545124173164368 -0.2912678122520447 0.06378842890262604 -0.6725283265113831 0.15591369569301605 -0.669914186000824 -0.7258827090263367 -3.6394741535186768
0.25413966178894043 -0.6829096674919128 0.6848703026771545 -0.08468775451183319 -0.9545131325721741 -0.29127171635627747 0.06375996768474579 -0.67252117395401 0.15594108402729034 -0.6699216961860657 -0.7258699536323547 -3.6394593715667725
0.25409847497940063 -0.6828898191452026 0.6849054098129272 -0.08465790003538132 -0.9545270800590515 -0.29122650623321533 0.06375794857740402 -0.6724956631660461 0.1559230089187622 -0.6699615716934204 -0.725836992263794 -3.6394519805908203
0.25412073731422424 -0.6828911900520325 0.6848957538604736 -0.08466960489749908 -0.9545164704322815 -0.2912634015083313 0.06374858319759369 -0.6725223064422607 0.15595175325870514 -0.6699441075325012 -0.7258469462394714 -3.639495849609375
0.2541109025478363 -0.6828854084014893 0.6849051713943481 -0.08470650762319565 -0.9545281529426575 -0.2912164628505707 0.06378763914108276 -0.6725177764892578 0.15589605271816254 -0.6699704527854919 -0.7258346080780029 -3.6395082473754883
0.25409606099128723 -0.6828529834747314 0.6849430203437805 -0.08471370488405228 -0.9545243382453918 -0.29123565554618835 0.06375664472579956 -0.6724801063537598 0.15594346821308136 -0.669995129108429 -0.7258016467094421 -3.639491319656372
0.25406771898269653 -0.6828280091285706 0.6849784255027771 -0.08472713828086853 -0.9545290470123291 -0.29122450947761536 0.06373729556798935 -0.6725097894668579 0.15596093237400055 -0.6700254082679749 -0.7257699370384216 -3.639463424682617
0.2540900409221649 -0.6828176379203796 0.6849805116653442 -0.08473589271306992 -0.9545232057571411 -0.2912397086620331 0.0637553259730339 -0.6724783778190613 0.1559602916240692 -0.6700294017791748 -0.7257663607597351 -3.639458417892456
0.2540929913520813 -0.682802677154541 0.6849943399429321 -0.08476672321557999 -0.9545190334320068 -0.29125508666038513 0.06374760717153549 -0.6725008487701416 0.15598109364509583 -0.6700379848480225 -0.7257540225982666 -3.6394190788269043
0.25405579805374146 -0.6828665137290955 0.6849444508552551 -0.084752656519413 -0.9545334577560425 -0.29121387004852295 0.06371975690126419 -0.6725099086761475 0.15595325827598572 -0.6699907779693604 -0.725803554058075 -3.6393308639526367
0.2540748417377472 -0.6828702688217163 0.6849336624145508 -0.08475911617279053 -0.9545245170593262 -0.29124507308006287 0.0637112706899643 -0.672500491142273 0.1559770703315735 -0.6699734330177307 -0.7258144617080688 -3.639328956604004
0.25404220819473267 -0.6829118728637695 0.6849042773246765 -0.08474862575531006 -0.9545292258262634 -0.2912417948246002 0.06365585327148438 -0.672523021697998 0.15600143373012543 -0.6699324250221252 -0.725847065448761 -3.639249324798584
0.25405213236808777 -0.6828911900520325 0.6849212050437927 -0.08475857973098755 -0.9545187950134277 -0.29128068685531616 0.06363426893949509 -0.6725584864616394 0.15604908764362335 -0.6699366569519043 -0.7258329391479492 -3.6393253803253174
0.2540402412414551 -0.6829105615615845 0.6849063038825989 -0.08476395159959793 -0.9545262455940247 -0.2912551164627075 0.06363912671804428 -0.672572910785675 0.15602268278598785 -0.6699280142784119 -0.725846529006958 -3.6392998695373535
0.25404849648475647 -0.6829105019569397 0.6849033236503601 -0.08477917313575745 -0.954522967338562 -0.2912658751010895 0.06363896280527115 -0.6726098656654358 0.15602929890155792 -0.6699233651161194 -0.7258493900299072 -3.6393659114837646
0.25407645106315613 -0.6828959584236145 0.6849074363708496 -0.08477689325809479 -0.9545161724090576 -0.291282594203949 0.06366453319787979 -0.6726018190383911 0.15602539479732513 -0.6699309349060059 -0.7258432507514954 -3.6393654346466064
0.25410395860671997 -0.6828846335411072 0.6849085092544556 -0.08478423953056335 -0.954508900642395 -0.29130178689956665 0.06368573009967804 -0.6726078391075134 0.15602511167526245 -0.669934093952179 -0.7258403897285461 -3.6394009590148926
0.25403401255607605 -0.6829201579093933 0.684899091720581 -0.08473370969295502 -0.9545341730117798 -0.29122447967529297 0.06366050988435745 -0.6725991368293762 0.15598437190055847 -0.6699315309524536 -0.7258515357971191 -3.6393771171569824
0.25407591462135315 -0.6828632950782776 0.6849402189254761 -0.08474624902009964 -0.954517662525177 -0.29127347469329834 0.06368424743413925 -0.672551691532135 0.15601731836795807 -0.6699681878089905 -0.7258106470108032 -3.6393063068389893
0.25403156876564026 -0.6828964352607727 0.6849236488342285 -0.08471895754337311 -0.9545413851737976 -0.29119232296943665 0.06369958817958832 -0.6725357174873352 0.1559443324804306 -0.6699696779251099 -0.7258249521255493 -3.6392855644226074
0.25400489568710327 -0.6828887462615967 0.6849411725997925 -0.0847189724445343 -0.95454341173172 -0.2911936938762665 0.06366343796253204 -0.6725126504898071 0.15597553551197052 -0.6699768900871277 -0.7258115410804749 -3.6392879486083984
0.2539965808391571 -0.682933509349823 0.684899628162384 -0.08474057167768478 -0.9545431137084961 -0.29120227694511414 0.06362804770469666 -0.6725102663040161 0.15599064528942108 -0.6699275970458984 -0.7258538603782654 -3.6392736434936523
0.25399860739707947 -0.682944118976593 0.6848883032798767 -0.0847538635134697 -0.9545362591743469 -0.2912319600582123 0.0635952576994896 -0.6725351810455322 0.15602940320968628 -0.6699038743972778 -0.7258673906326294 -3.6394641399383545
0.2539743483066559 -0.6829531788825989 0.6848882436752319 -0.08475597202777863 -0.9545403122901917 -0.29122495651245117 0.06356611847877502 -0.6725103259086609 0.1560439169406891 -0.6698976755142212 -0.7258700132369995 -3.6394855976104736
0.2539789080619812 -0.6829005479812622 0.6849390268325806 -0.08475667983293533 -0.9545296430587769 -0.291264146566391 0.0635470524430275 -0.672469437122345 0.15610189735889435 -0.6699342131614685 -0.7258237600326538 -3.6394927501678467
0.2540569007396698 -0.6828756332397461 0.6849349737167358 -0.08478375524282455 -0.9545115232467651 -0.2913084924221039 0.0636158213019371 -0.6724796891212463 0.15608571469783783 -0.6699404120445251 -0.7258215546607971 -3.63938570022583
0.25406691431999207 -0.6828697919845581 0.684937059879303 -0.08479762822389603 -0.9545115232467651 -0.2913040220737457 0.06363652646541595 -0.6724543571472168 0.15606948733329773 -0.6699482798576355 -0.7258177995681763 -3.6393892765045166
0.25406724214553833 -0.6828655004501343 0.6849412322044373 -0.08481615781784058 -0.9545193314552307 -0.291269987821579 0.06367523223161697 -0.6725196838378906 0.15602123737335205 -0.6699674725532532 -0.7258104681968689 -3.6394150257110596
0.2540341019630432 -0.6829198002815247 0.6848993897438049 -0.08477891981601715 -0.9545454978942871 -0.2911759316921234 0.06371331959962845 -0.6725380420684814 0.15591517090797424 -0.6699529886245728 -0.7258465886116028 -3.6393632888793945
0.2540365755558014 -0.6829179525375366 0.6849002838134766 -0.08479157835245132 -0.9545363187789917 -0.2912140190601349 0.06367609649896622 -0.672560453414917 0.15596705675125122 -0.669938325881958 -0.7258490324020386 -3.6394147872924805
0.2539365887641907 -0.6829122304916382 0.6849430799484253 -0.08470594882965088 -0.9545708298683167 -0.291105180978775 0.06365654617547989 -0.6725767254829407 0.1559186726808548 -0.6699914336204529 -0.7258103489875793 -3.639355182647705
0.25398021936416626 -0.6828483939170837 0.6849905252456665 -0.08469879627227783 -0.9545568823814392 -0.29114192724227905 0.06369822472333908 -0.672521710395813 0.15593326091766357 -0.6700405478477478 -0.725761890411377 -3.6392853260040283
0.2539924681186676 -0.6828487515449524 0.6849856972694397 -0.08472839742898941 -0.9545533657073975 -0.2911519408226013 0.06370432674884796 -0.6725308895111084 0.15593454241752625 -0.6700358390808105 -0.7257659435272217 -3.6392946243286133
0.25402045249938965 -0.682792067527771 0.6850317716598511 -0.08471770584583282 -0.9545350074768066 -0.29121455550193787 0.06369391083717346 -0.6725075840950012 0.15600156784057617 -0.6700664162635803 -0.7257233262062073 -3.639315605163574
0.25408822298049927 -0.6827912926673889 0.6850074529647827 -0.08472657948732376 -0.9545122385025024 -0.2912851870059967 0.06371209770441055 -0.672537624835968 0.15603049099445343 -0.6700364947319031 -0.7257447242736816 -3.639293670654297
0.2540993094444275 -0.6827900409698486 0.6850045323371887 -0.08472862094640732 -0.9545042514801025 -0.29131484031677246 0.06369581073522568 -0.6725500822067261 0.15606114268302917 -0.6700248122215271 -0.7257488965988159 -3.6393301486968994
0.25410959124565125 -0.6828412413597107 0.6849496960639954 -0.08474305272102356 -0.9545019865036011 -0.291325181722641 0.06368234753608704 -0.6725166440010071 0.156058207154274 -0.6699681878089905 -0.7258018255233765 -3.639343738555908
0.2541263699531555 -0.6828163266181946 0.6849682927131653 -0.0847565233707428 -0.9544973969459534 -0.29133591055870056 0.06370218098163605 -0.6725097298622131 0.15605901181697845 -0.6699889302253723 -0.7257825136184692 -3.6393308639526367
0.2541196644306183 -0.6828697323799133 0.6849175691604614 -0.08476522564888 -0.9545012712478638 -0.2913269102573395 0.06368525326251984 -0.6725391745567322 0.15604621171951294 -0.6699383854866028 -0.725831925868988 -3.6392996311187744
0.2541351914405823 -0.6828383803367615 0.6849430203437805 -0.08476586639881134 -0.9544863104820251 -0.29138219356536865 0.06365713477134705 -0.6725510954856873 0.15611271560192108 -0.6699462532997131 -0.7258103489875793 -3.6393513679504395
0.25407281517982483 -0.6828475594520569 0.6849570870399475 -0.08476058393716812 -0.9545080065727234 -0.2913147211074829 0.06364037841558456 -0.6725028157234192 0.1560814380645752 -0.6699663400650024 -0.7257985472679138 -3.6393887996673584
0.2540581226348877 -0.6828208565711975 0.6849890947341919 -0.08477126806974411 -0.9545053839683533 -0.2913292348384857 0.06361284106969833 -0.6724783778190613 0.15612120926380157 -0.669987142086029 -0.7257707715034485 -3.639373302459717
0.25407928228378296 -0.6828399896621704 0.6849622130393982 -0.08477713167667389 -0.9545040130615234 -0.29132843017578125 0.06363695114850998 -0.6724899411201477 0.15609516203403473 -0.6699680685997009 -0.7257940173149109 -3.639350652694702
0.2541019022464752 -0.682807207107544 0.6849864721298218 -0.08477483689785004 -0.9544878005981445 -0.29138612747192383 0.06361664086580276 -0.6724613308906555 0.1561576873064041 -0.6699763536453247 -0.7257729172706604 -3.6393654346466064
0.25406613945961 -0.6828027367591858 0.6850041747093201 -0.08476367592811584 -0.9545072317123413 -0.29131650924682617 0.0636436939239502 -0.6724793910980225 0.15609696507453918 -0.6700111627578735 -0.7257537841796875 -3.6393625736236572
0.2541212737560272 -0.6828069090843201 0.6849796175956726 -0.08478628098964691 -0.9544914960861206 -0.2913624346256256 0.06366941332817078 -0.6724672317504883 0.15610343217849731 -0.6699869632720947 -0.7257747650146484 -3.639357805252075
0.2539927661418915 -0.6828572750091553 0.6849770545959473 -0.0847148597240448 -0.9545207023620605 -0.2912929654121399 0.06354924291372299 -0.6725171804428101 0.1561339646577835 -0.6699658632278442 -0.7257876992225647 -3.639374256134033
0.2540058195590973 -0.6828781366348267 0.6849514245986938 -0.08473063260316849 -0.9545151591300964 -0.2913134694099426 0.06353843212127686 -0.6725732684135437 0.1561466008424759 -0.6699357032775879 -0.7258127927780151 -3.6393401622772217
0.2540368139743805 -0.68284672498703 0.6849712133407593 -0.08474373817443848 -0.9545003175735474 -0.29136186838150024 0.06353940814733505 -0.6725902557373047 0.15618684887886047 -0.6699466109275818 -0.7257940769195557 -3.6393494606018066
0.2540222406387329 -0.6828719973564148 0.6849514245986938 -0.08474751561880112 -0.9545108079910278 -0.2913251221179962 0.0635506883263588 -0.6725893020629883 0.15614661574363708 -0.6699368357658386 -0.725811779499054 -3.6393332481384277
0.2540386915206909 -0.6828615665435791 0.6849557161331177 -0.08475876599550247 -0.9545071125030518 -0.29133349657058716 0.06356792151927948 -0.6725999712944031 0.15614250302314758 -0.6699438095092773 -0.7258061766624451 -3.639343738555908
0.25406765937805176 -0.6828439831733704 0.6849625110626221 -0.08477512747049332 -0.9545000791549683 -0.2913505434989929 0.06359554827213287 -0.6725993156433105 0.15613840520381927 -0.6699543595314026 -0.7257973551750183 -3.6393301486968994
0.25409209728240967 -0.6827971339225769 0.6850001215934753 -0.08477813005447388 -0.954490065574646 -0.29137924313545227 0.06361370533704758 -0.6725590229034424 0.15615960955619812 -0.6699895858764648 -0.725760281085968 -3.639267683029175
0.25402599573135376 -0.6828163862228394 0.6850054860115051 -0.08473042398691177 -0.9545185565948486 -0.2912851572036743 0.0636172667145729 -0.6725226640701294 0.1560930609703064 -0.6700109243392944 -0.7257548570632935 -3.6392438411712646
0.2540585994720459 -0.6828122138977051 0.68499755859375 -0.08473093062639236 -0.9545128345489502 -0.2912963628768921 0.06365188956260681 -0.672511100769043 0.15607504546642303 -0.6700102686882019 -0.7257593274116516 -3.6392407417297363
0.25403907895088196 -0.682865560054779 0.6849516034126282 -0.08473171293735504 -0.9545214176177979 -0.29127222299575806 0.0636335238814354 -0.6724996566772461 0.1560542732477188 -0.6699663996696472 -0.725804328918457 -3.6392159461975098
0.2540557086467743 -0.6828522682189941 0.6849586963653564 -0.0847201943397522 -0.9545155167579651 -0.2912897765636444 0.06364201009273529 -0.6725322008132935 0.15606342256069183 -0.6699723601341248 -0.7257968783378601 -3.639321804046631
0.25404754281044006 -0.6828301548957825 0.6849837899208069 -0.0847165510058403 -0.9545142650604248 -0.29129618406295776 0.0636308565735817 -0.6725097894668579 0.15608413517475128 -0.6699920892715454 -0.7257741689682007 -3.6393187046051025
0.2540203332901001 -0.6828385591506958 0.6849855184555054 -0.08472267538309097 -0.9545279145240784 -0.29124927520751953 0.06364106386899948 -0.6725057363510132 0.15604498982429504 -0.6700039505958557 -0.7257716655731201 -3.639321804046631
0.254009485244751 -0.6828647255897522 0.6849634647369385 -0.08473795652389526 -0.9545291066169739 -0.291251003742218 0.06361555308103561 -0.6725203990936279 0.1560555100440979 -0.669976532459259 -0.7257947325706482 -3.639343500137329
0.25410711765289307 -0.6828664541244507 0.6849254369735718 -0.08477583527565002 -0.954505205154419 -0.2913147509098053 0.06368197500705719 -0.6725260019302368 0.15604263544082642 -0.6699469685554504 -0.7258247137069702 -3.639334201812744
0.2540891170501709 -0.6828450560569763 0.684953510761261 -0.08478124439716339 -0.9545041918754578 -0.2913243770599365 0.06365343183279037 -0.6725013256072998 0.1560782641172409 -0.6699646711349487 -0.7258008122444153 -3.6393179893493652
0.2541295886039734 -0.6828839182853699 0.6848997473716736 -0.08479349315166473 -0.9544991254806519 -0.2913335859775543 0.06368724256753922 -0.672494113445282 0.15604336559772491 -0.6699210405349731 -0.7258485555648804 -3.6392929553985596
0.2541337013244629 -0.682853102684021 0.6849289536476135 -0.0847950428724289 -0.954490602016449 -0.2913655936717987 0.06366831809282303 -0.6724849343299866 0.15608865022659302 -0.6699385046958923 -0.7258226871490479 -3.639317035675049
0.2540775537490845 -0.682917058467865 0.6848860383033752 -0.08473370969295502 -0.954509437084198 -0.2913130223751068 0.0636262521147728 -0.6724817752838135 0.15606480836868286 -0.6698961853981018 -0.7258668541908264 -3.6392533779144287
0.25411170721054077 -0.6828656792640686 0.6849245429039001 -0.08472933620214462 -0.9544898271560669 -0.29137885570526123 0.06361918151378632 -0.6724636554718018 0.15612922608852386 -0.6699199080467224 -0.7258310914039612 -3.6392393112182617
0.2539748549461365 -0.6828779578208923 0.684963047504425 -0.08466094732284546 -0.9545357823371887 -0.2912372350692749 0.06357793509960175 -0.6724668741226196 0.15607081353664398 -0.6699690222740173 -0.7257983684539795 -3.6391701698303223
0.25402799248695374 -0.6828367710113525 0.6849843859672546 -0.08466248214244843 -0.9545184969902039 -0.29128655791282654 0.06361191719770432 -0.6724437475204468 0.15609022974967957 -0.6699895262718201 -0.7257752418518066 -3.6391232013702393
0.25403690338134766 -0.6828299760818481 0.6849879026412964 -0.084676593542099 -0.9545196890830994 -0.29127731919288635 0.06363654881715775 -0.6724401116371155 0.15606853365898132 -0.6700004935264587 -0.7257698178291321 -3.639094829559326
0.2540549039840698 -0.6827932596206665 0.6850178241729736 -0.08467825502157211 -0.9545084834098816 -0.29131463170051575 0.06363309919834137 -0.6724374890327454 0.15610751509666443 -0.670021653175354 -0.7257418632507324 -3.6390907764434814
0.2540891170501709 -0.6828345060348511 0.6849640011787415 -0.0847117081284523 -0.95450758934021 -0.29130879044532776 0.06367374956607819 -0.6724386811256409 0.1560574322938919 -0.6699821949005127 -0.7257890701293945 -3.6390774250030518
0.2541448473930359 -0.6828176975250244 0.684960126876831 -0.0847347304224968 -0.9544760584831238 -0.29142025113105774 0.06363610178232193 -0.6724480986595154 0.1561594307422638 -0.6699508428573608 -0.7257960438728333 -3.6390767097473145
0.2540900707244873 -0.6828342080116272 0.6849640011787415 -0.08471741527318954 -0.9544954299926758 -0.2913605868816376 0.06361904740333557 -0.6724403500556946 0.15613028407096863 -0.6699599623680115 -0.7257938981056213 -3.6390347480773926
0.2540401816368103 -0.6828168630599976 0.6849997639656067 -0.08470708876848221 -0.9544987082481384 -0.2913646996021271 0.06355070322751999 -0.6724688410758972 0.15619127452373505 -0.6699758172035217 -0.725766122341156 -3.639065980911255
0.2540680170059204 -0.6827607154846191 0.6850453615188599 -0.08470869809389114 -0.9544770121574402 -0.2914414703845978 0.06352458894252777 -0.6724952459335327 0.156278595328331 -0.6699996590614319 -0.7257253527641296 -3.63911509513855
0.2540542185306549 -0.6827861070632935 0.6850252151489258 -0.08469630032777786 -0.9544904828071594 -0.29139164090156555 0.06355110555887222 -0.6724978685379028 0.15621884167194366 -0.6699954867362976 -0.7257420420646667 -3.6390933990478516
0.2540573477745056 -0.6827542185783386 0.6850558519363403 -0.08469214290380478 -0.9544793963432312 -0.29143497347831726 0.06351885944604874 -0.6725437045097351 0.1562814861536026 -0.6700091361999512 -0.7257159948348999 -3.6391794681549072
0.25407618284225464 -0.6827620267868042 0.685041069984436 -0.08472354710102081 -0.9544740915298462 -0.29145094752311707 0.06352527439594269 -0.6725693345069885 0.15628325939178467 -0.6699942350387573 -0.7257293462753296 -3.639176845550537
0.2541246712207794 -0.6827858090400696 0.6849993467330933 -0.08477911353111267 -0.9544587731361389 -0.2914994955062866 0.06353248655796051 -0.6725947856903076 0.15629792213439941 -0.6699488162994385 -0.7257680892944336 -3.639197826385498
0.25411710143089294 -0.6827725172042847 0.6850153803825378 -0.08478282392024994 -0.954460084438324 -0.29149559140205383 0.06353049725294113 -0.6726126074790955 0.15630212426185608 -0.669964075088501 -0.725753128528595 -3.639252185821533
0.25413912534713745 -0.6827812790870667 0.6849985122680664 -0.08478731662034988 -0.954447865486145 -0.2915399372577667 0.06351029127836227 -0.6725883483886719 0.1563408225774765 -0.6699358224868774 -0.725770890712738 -3.6392691135406494
0.2541109025478363 -0.6827909350395203 0.6849993467330933 -0.08478683233261108 -0.9544492959976196 -0.2915460467338562 0.06346123665571213 -0.672579288482666 0.1563781201839447 -0.6699233651161194 -0.725774347782135 -3.6392953395843506
0.254126638174057 -0.6827879548072815 0.684996485710144 -0.08476381003856659 -0.9544490575790405 -0.2915404736995697 0.06349016726016998 -0.6725610494613647 0.1563539057970047 -0.6699288487434387 -0.7257745265960693 -3.6392982006073
0.2541465163230896 -0.6827836632728577 0.6849933862686157 -0.08477157354354858 -0.9544400572776794 -0.29157090187072754 0.06348627805709839 -0.6725871562957764 0.15637679398059845 -0.6699199676513672 -0.7257777452468872 -3.639347791671753
0.25415512919425964 -0.6828096508979797 0.6849642992019653 -0.08476261049509048 -0.9544432759284973 -0.29155609011650085 0.0635058730840683 -0.6725596785545349 0.15634313225746155 -0.6698999404907227 -0.725803554058075 -3.6393821239471436
0.2541448175907135 -0.6828157901763916 0.6849619746208191 -0.08476481586694717 -0.954446017742157 -0.29154887795448303 0.06349731236696243 -0.6725462079048157 0.15634296834468842 -0.6698967814445496 -0.725806474685669 -3.6394095420837402
0.25413721799850464 -0.6828576922416687 0.6849230527877808 -0.08478236198425293 -0.9544479250907898 -0.29154765605926514 0.06347443163394928 -0.6725549101829529 0.1563437432050705 -0.6698546409606934 -0.725845217704773 -3.639406204223633
0.2541513741016388 -0.6828140616416931 0.6849613189697266 -0.08478570729494095 -0.9544382691383362 -0.2915794253349304 0.06347394734621048 -0.6725087761878967 0.15637975931167603 -0.6698852777481079 -0.7258091568946838 -3.6393470764160156
0.254115492105484 -0.6828460693359375 0.6849427223205566 -0.08475497364997864 -0.9544611573219299 -0.29149848222732544 0.06350120902061462 -0.6725308895111084 0.15629824995994568 -0.669887900352478 -0.7258242964744568 -3.639315366744995
0.2540700435638428 -0.6828506588935852 0.6849550008773804 -0.0847582221031189 -0.9544671773910522 -0.29149118065834045 0.06344433128833771 -0.672510027885437 0.15633536875247955 -0.6698864102363586 -0.7258176803588867 -3.639315605163574
0.25403454899787903 -0.6828798651695251 0.6849390268325806 -0.08474068343639374 -0.9544832706451416 -0.291439026594162 0.06344187259674072 -0.6725161671638489 0.1562948226928711 -0.6698793172836304 -0.7258329391479492 -3.6392781734466553
0.2539904713630676 -0.6828860640525818 0.6849492192268372 -0.08473990857601166 -0.9544879794120789 -0.2914367914199829 0.06338084489107132 -0.6725121736526489 0.15633754432201385 -0.6698739528656006 -0.7258287072181702 -3.6393072605133057
0.2540423274040222 -0.6828595399856567 0.6849563717842102 -0.08474406599998474 -0.9544738531112671 -0.29147446155548096 0.06342093646526337 -0.6725132465362549 0.15633973479270935 -0.6698845624923706 -0.725818395614624 -3.639308214187622
0.25404229760169983 -0.6828685402870178 0.6849474310874939 -0.08475469052791595 -0.9544807076454163 -0.29144591093063354 0.06344889104366302 -0.6725748777389526 0.15629790723323822 -0.6698877811431885 -0.7258244156837463 -3.639308214187622
0.25406304001808167 -0.682849109172821 0.6849591135978699 -0.0847679004073143 -0.9544737935066223 -0.2914653420448303 0.06346303969621658 -0.6725443005561829 0.1563062071800232 -0.6698992252349854 -0.7258121371269226 -3.6392462253570557
0.25401076674461365 -0.6828513741493225 0.6849762201309204 -0.0847405418753624 -0.9544965028762817 -0.2913891673088074 0.06347198784351349 -0.6725674867630005 0.15625275671482086 -0.6699299812316895 -0.7257952094078064 -3.6391968727111816
0.2540409564971924 -0.6828489899635315 0.6849674582481384 -0.08473517745733261 -0.9544817209243774 -0.29144033789634705 0.06345941126346588 -0.672592043876648 0.15629398822784424 -0.669910192489624 -0.7258046269416809 -3.639244556427002
0.25402212142944336 -0.682845413684845 0.6849779486656189 -0.08473168313503265 -0.954486608505249 -0.2914264500141144 0.06344936043024063 -0.6725829243659973 0.15629462897777557 -0.6699198484420776 -0.725795567035675 -3.6392393112182617
0.2540768086910248 -0.6828259229660034 0.6849771738052368 -0.08475340157747269 -0.9544721841812134 -0.29146474599838257 0.06349042057991028 -0.6725812554359436 0.1562938243150711 -0.6699231266975403 -0.7257927656173706 -3.639294147491455
0.2540266513824463 -0.6828212738037109 0.6850003600120544 -0.08474722504615784 -0.9544970989227295 -0.2913774847984314 0.06351655721664429 -0.6725425124168396 0.15622326731681824 -0.6699658036231995 -0.7257685661315918 -3.639305591583252
0.2540440261363983 -0.682791531085968 0.6850236058235168 -0.08477070182561874 -0.9544897079467773 -0.29139935970306396 0.06352677941322327 -0.6725492477416992 0.15623992681503296 -0.6699866056442261 -0.7257457375526428 -3.6392767429351807
0.25404244661331177 -0.6828073859214783 0.6850083470344543 -0.08471886813640594 -0.9544987082481384 -0.29136303067207336 0.06355875730514526 -0.6725874543190002 0.1561877578496933 -0.6699862480163574 -0.7257573008537292 -3.6391968727111816
0.2540331482887268 -0.6828373670578003 0.6849818825721741 -0.0847163125872612 -0.9544926881790161 -0.2913951277732849 0.0635012835264206 -0.6725863814353943 0.1562393754720688 -0.6699416637420654 -0.725787341594696 -3.6392109394073486
0.25400155782699585 -0.6828857064247131 0.6849454045295715 -0.08471772074699402 -0.9545016288757324 -0.29137393832206726 0.06346448510885239 -0.6725733280181885 0.15623630583286285 -0.6699016094207764 -0.7258249521255493 -3.6391944885253906
0.25400272011756897 -0.682854413986206 0.6849762201309204 -0.0847187265753746 -0.9545008540153503 -0.2913738191127777 0.06347641348838806 -0.6725327968597412 0.15623903274536133 -0.669933557510376 -0.7257948517799377 -3.6391241550445557
0.2540476620197296 -0.6828117370605469 0.6850020885467529 -0.08470307290554047 -0.9544861912727356 -0.2914150059223175 0.06350831687450409 -0.672545313835144 0.15625572204589844 -0.6699591875076294 -0.7257676124572754 -3.6390933990478516
0.2540434002876282 -0.6827711462974548 0.6850441098213196 -0.08470474183559418 -0.9544747471809387 -0.29146185517311096 0.06346482783555984 -0.6725484132766724 0.15633229911327362 -0.6699801683425903 -0.7257317900657654 -3.63910174369812
0.2540353238582611 -0.6827836632728577 0.6850346326828003 -0.08471639454364777 -0.9544798135757446 -0.29144468903541565 0.0634680688381195 -0.6725258231163025 0.15631477534770966 -0.6699748635292053 -0.7257404327392578 -3.6391029357910156
0.25400251150131226 -0.6827657222747803 0.6850646734237671 -0.08473524451255798 -0.954487144947052 -0.2914245128631592 0.06345007568597794 -0.6725683212280273 0.1563231498003006 -0.6700019836425781 -0.7257136702537537 -3.639146566390991
0.2539863884449005 -0.6828064322471619 0.6850300431251526 -0.08477821201086044 -0.9544817805290222 -0.2914576530456543 0.06337845325469971 -0.6725475788116455 0.15638206899166107 -0.669946014881134 -0.725752592086792 -3.6391541957855225
0.2540070414543152 -0.6827913522720337 0.6850374341011047 -0.08478019386529922 -0.9544739723205566 -0.29148155450820923 0.0633862316608429 -0.6725450158119202 0.15639625489711761 -0.6699509620666504 -0.7257449626922607 -3.639211654663086
0.25398948788642883 -0.682807981967926 0.6850274205207825 -0.08474189043045044 -0.954479992389679 -0.291464239358902 0.06337513029575348 -0.6725364327430725 0.15638798475265503 -0.6699416041374207 -0.7257553935050964 -3.6391515731811523
0.2540213465690613 -0.6827836036682129 0.6850398778915405 -0.0847371369600296 -0.9544708132743835 -0.2914886474609375 0.063400998711586 -0.6725085973739624 0.15639223158359528 -0.6699557900428772 -0.7257413864135742 -3.639157772064209
0.25396016240119934 -0.68283611536026 0.6850101947784424 -0.08471532166004181 -0.9544892907142639 -0.29143860936164856 0.06335286051034927 -0.6725360751152039 0.156378835439682 -0.6699240803718567 -0.7257735729217529 -3.6391444206237793
0.25394707918167114 -0.6828413009643555 0.6850098967552185 -0.08471301943063736 -0.9544967412948608 -0.2914123237133026 0.06336145848035812 -0.6725208163261414 0.15635453164577484 -0.6699302196502686 -0.7257731556892395 -3.6391398906707764
0.2539640963077545 -0.6828965544700623 0.6849485039710999 -0.08470766991376877 -0.9544994831085205 -0.29139891266822815 0.06338169425725937 -0.6725079417228699 0.15631014108657837 -0.669879674911499 -0.7258293032646179 -3.639146089553833
0.2539732754230499 -0.6828855872154236 0.6849560141563416 -0.0847550556063652 -0.9544993042945862 -0.29139500856399536 0.06340231001377106 -0.6724974513053894 0.1562962830066681 -0.6698926091194153 -0.7258203625679016 -3.6391401290893555
0.25397470593452454 -0.6828727126121521 0.6849683523178101 -0.08475356549024582 -0.954487681388855 -0.2914430499076843 0.0633564218878746 -0.6725143194198608 0.15636493265628815 -0.6698848009109497 -0.7258127927780151 -3.6392393112182617
0.2539308965206146 -0.682879626750946 0.6849777102470398 -0.08469617366790771 -0.9545071125030518 -0.2913779318332672 0.0633636936545372 -0.672549843788147 0.15631765127182007 -0.6699061393737793 -0.7258033156394958 -3.6391592025756836
0.2539527416229248 -0.6828588247299194 0.6849903464317322 -0.08470426499843597 -0.9544950127601624 -0.2914191782474518 0.0633561834692955 -0.6725740432739258 0.15635603666305542 -0.6699093580245972 -0.7257920503616333 -3.6391825675964355
0.25392162799835205 -0.6829028725624084 0.6849579811096191 -0.08471405506134033 -0.9545062184333801 -0.29138755798339844 0.06333277374505997 -0.6725577116012573 0.1563381403684616 -0.6698782444000244 -0.7258245944976807 -3.639193058013916
0.2539364695549011 -0.6829100251197815 0.6849453449249268 -0.0847153514623642 -0.9545000791549683 -0.2914087474346161 0.06332820653915405 -0.6725568175315857 0.15635162591934204 -0.6698617339134216 -0.7258369326591492 -3.6392269134521484
0.253909170627594 -0.6829386353492737 0.6849269270896912 -0.08475843071937561 -0.9545145034790039 -0.2913603186607361 0.06333329528570175 -0.6725521683692932 0.15630781650543213 -0.6698536276817322 -0.7258538603782654 -3.6392619609832764
0.25390538573265076 -0.682927131652832 0.6849398016929626 -0.0847720131278038 -0.9545117020606995 -0.29137280583381653 0.06331824511289597 -0.6725859642028809 0.1563311219215393 -0.6698598861694336 -0.725843071937561 -3.6393237113952637
0.25386306643486023 -0.6829319000244141 0.6849507093429565 -0.08476997166872025 -0.9545305371284485 -0.2913093566894531 0.06332644075155258 -0.6725479960441589 0.15628495812416077 -0.6698826551437378 -0.7258320450782776 -3.6393580436706543
0.2539351284503937 -0.6829156279563904 0.6849402785301208 -0.08475964516401291 -0.9545040130615234 -0.29139280319213867 0.06334176659584045 -0.6724818348884583 0.15632961690425873 -0.6698629856109619 -0.7258405685424805 -3.6393160820007324
0.25385820865631104 -0.6829457879066467 0.6849387288093567 -0.08471774309873581 -0.9545319676399231 -0.29130640625953674 0.0633184164762497 -0.6724978089332581 0.15628401935100555 -0.6698697805404663 -0.7258440256118774 -3.639268636703491
0.2538717985153198 -0.6829467415809631 0.6849327087402344 -0.08473886549472809 -0.95452880859375 -0.2913144528865814 0.063328318297863 -0.672522246837616 0.15628096461296082 -0.6698653101921082 -0.7258488535881042 -3.639254331588745
0.2539336085319519 -0.682877779006958 0.6849785447120667 -0.08475026488304138 -0.9545084834098816 -0.291370689868927 0.06337589025497437 -0.6724873781204224 0.1563047170639038 -0.6699111461639404 -0.7258014678955078 -3.6391940116882324
0.2539406716823578 -0.682914674282074 0.6849391460418701 -0.08471881598234177 -0.9545011520385742 -0.2914028763771057 0.06333885341882706 -0.672496497631073 0.15633824467658997 -0.6698595285415649 -0.7258418798446655 -3.6391408443450928
0.25393146276474 -0.6829150319099426 0.6849421858787537 -0.08471324294805527 -0.9545050859451294 -0.2913895547389984 0.06334040313959122 -0.6724668145179749 0.15632891654968262 -0.6698649525642395 -0.725838840007782 -3.6391146183013916
0.25393640995025635 -0.6829622387886047 0.6848932504653931 -0.08466116338968277 -0.9545004963874817 -0.2914116680622101 0.06330796331167221 -0.6724604368209839 0.15634897351264954 -0.6698071956634521 -0.7258878350257874 -3.6390621662139893
