# 3x4 first row second row third row Freq: 100 current Time: 2021-04-06-17:46:41
0.08846811205148697 -0.6001920700073242 0.7949482798576355 -0.09576025605201721 -0.9754060506820679 -0.21395228803157806 -0.05298483371734619 -0.74573814868927 0.20188212394714355 -0.7707099318504333 -0.6043589115142822 -3.772517204284668
0.08858009427785873 -0.6002131700515747 0.7949199080467224 -0.09574832767248154 -0.9754058718681335 -0.21397989988327026 -0.052875880151987076 -0.7457483410835266 0.20183372497558594 -0.7706858515739441 -0.6044057607650757 -3.7725439071655273
0.08844897150993347 -0.6002652645111084 0.7948951721191406 -0.09576372057199478 -0.975414514541626 -0.21391013264656067 -0.05299878865480423 -0.7456985116004944 0.20184950530529022 -0.770664632320404 -0.6044275164604187 -3.772433280944824
0.08846691250801086 -0.6002543568611145 0.7949013710021973 -0.09578515589237213 -0.9754239320755005 -0.21387939155101776 -0.05294916406273842 -0.7456641793251038 0.2017960399389267 -0.770681619644165 -0.6044237017631531 -3.7724764347076416
0.08842196315526962 -0.6002795100212097 0.7948874235153198 -0.0957471951842308 -0.9754279851913452 -0.21385085582733154 -0.05299001932144165 -0.7456635236740112 0.20179621875286102 -0.7706699967384338 -0.6044384837150574 -3.772462844848633
0.08837157487869263 -0.6003585457801819 0.7948333024978638 -0.09576687961816788 -0.9754132628440857 -0.21388885378837585 -0.05310705676674843 -0.7457364797592163 0.201889306306839 -0.7705978751182556 -0.604499340057373 -3.772554874420166
0.08840935677289963 -0.6003042459487915 0.794870138168335 -0.09576479345560074 -0.9754224419593811 -0.21386726200580597 -0.053026292473077774 -0.7456955909729004 0.20182865858078003 -0.7706461548805237 -0.6044580340385437 -3.772599935531616
0.08836536109447479 -0.6003140807151794 0.7948675751686096 -0.09573666006326675 -0.9754213690757751 -0.21385939419269562 -0.05307729169726372 -0.7456699013710022 0.20185299217700958 -0.7706406712532043 -0.604456901550293 -3.7726242542266846
0.08844604343175888 -0.6002640724182129 0.7948964238166809 -0.09576395899057388 -0.9754181504249573 -0.2138954997062683 -0.05299052223563194 -0.745694100856781 0.201833114027977 -0.7706696391105652 -0.6044266223907471 -3.77262806892395
0.08841653168201447 -0.6002771258354187 0.7948898077011108 -0.09577641636133194 -0.9754056334495544 -0.2139350026845932 -0.05306192860007286 -0.7457326650619507 0.20190666615962982 -0.7706484794616699 -0.6044290661811829 -3.772691488265991
0.08846165984869003 -0.6002541780471802 0.7949020862579346 -0.09581978619098663 -0.9754087924957275 -0.2139360010623932 -0.05299995467066765 -0.7457439303398132 0.20187166333198547 -0.7706660628318787 -0.6044183373451233 -3.772718906402588
0.08831541240215302 -0.6002820134162903 0.7948973774909973 -0.09580552577972412 -0.9754216074943542 -0.21384797990322113 -0.05311932787299156 -0.7456618547439575 0.20187382400035858 -0.7706688642501831 -0.6044140458106995 -3.7726621627807617
0.08842312544584274 -0.6002761721611023 0.7948898077011108 -0.0957920253276825 -0.9754171967506409 -0.21389247477054596 -0.053020164370536804 -0.7456603050231934 0.20184773206710815 -0.7706610560417175 -0.6044327020645142 -3.772664785385132
0.08842839300632477 -0.6002536416053772 0.7949061989784241 -0.09579115360975266 -0.9754120111465454 -0.21391519904136658 -0.053024280816316605 -0.7457067966461182 0.20187057554721832 -0.7706722617149353 -0.6044107675552368 -3.7727510929107666
0.0884796679019928 -0.6002256870269775 0.7949216365814209 -0.09580148011445999 -0.9754071831703186 -0.213948592543602 -0.052978575229644775 -0.7457084655761719 0.20187151432037354 -0.7706847786903381 -0.6043945550918579 -3.7727677822113037
0.08836624026298523 -0.6002870202064514 0.794887900352478 -0.09583786129951477 -0.9754208326339722 -0.21386346220970154 -0.05307070165872574 -0.7457172870635986 0.20185518264770508 -0.7706606388092041 -0.6044307351112366 -3.7727012634277344
0.08821534365415573 -0.6003695130348206 0.7948423624038696 -0.09582053869962692 -0.9754290580749512 -0.21378813683986664 -0.05322331190109253 -0.7456498742103577 0.20188157260417938 -0.7706172466278076 -0.6044772267341614 -3.7726428508758545
0.0882887989282608 -0.6003713607788086 0.7948328256607056 -0.09579849243164062 -0.9754353761672974 -0.21378257870674133 -0.0531294010579586 -0.745672881603241 0.2018188238143921 -0.7706173658370972 -0.604498028755188 -3.7725954055786133
0.08822911232709885 -0.6004010438919067 0.7948170304298401 -0.09582005441188812 -0.9754201769828796 -0.2138233631849289 -0.05324418097734451 -0.7457621693611145 0.201918363571167 -0.770582914352417 -0.6045086979866028 -3.77270245552063
0.08822044730186462 -0.6003443598747253 0.79486083984375 -0.09580353647470474 -0.9754366874694824 -0.2137618064880371 -0.05318830534815788 -0.7457760572433472 0.20184223353862762 -0.7706441879272461 -0.6044560670852661 -3.7726991176605225
0.08815073221921921 -0.6003656983375549 0.7948524355888367 -0.09576519578695297 -0.9754289984703064 -0.21377210319042206 -0.05328879505395889 -0.7457754611968994 0.2019100934267044 -0.7706246972084045 -0.604458212852478 -3.7727725505828857
0.08822652697563171 -0.6003709435462952 0.7948400378227234 -0.09577742964029312 -0.9754212498664856 -0.21382053196430206 -0.053235456347465515 -0.7457411885261536 0.20191419124603271 -0.7706071734428406 -0.604479193687439 -3.772794723510742
0.0881325975060463 -0.600387692451477 0.7948378324508667 -0.09578928351402283 -0.9754126667976379 -0.2138281613588333 -0.05336209759116173 -0.7457872033119202 0.20199671387672424 -0.7705920338630676 -0.60447096824646 -3.7728464603424072
0.08823052048683167 -0.6003672480583191 0.7948424220085144 -0.09580697119235992 -0.9754091501235962 -0.21386803686618805 -0.05326664075255394 -0.7457926273345947 0.20197097957134247 -0.7705968618392944 -0.604473352432251 -3.7728724479675293
0.08817179501056671 -0.6004050374031067 0.7948203682899475 -0.09579697996377945 -0.9754034280776978 -0.21387222409248352 -0.05335415527224541 -0.7458152770996094 0.2020241618156433 -0.7705662250518799 -0.6044946312904358 -3.7729408740997314
0.08826348185539246 -0.6003726124763489 0.7948346734046936 -0.0958196222782135 -0.9754037261009216 -0.2138967514038086 -0.053250450640916824 -0.7458306550979614 0.20198272168636322 -0.7705847024917603 -0.6044849753379822 -3.772982120513916
0.08817454427480698 -0.6003793478012085 0.7948395013809204 -0.0957820937037468 -0.975415050983429 -0.2138303816318512 -0.05330967903137207 -0.745777428150177 0.20196689665317535 -0.7705978751182556 -0.6044734120368958 -3.7729568481445312
0.08805830031633377 -0.6004344820976257 0.7948107123374939 -0.09579551964998245 -0.9754176735877991 -0.21378681063652039 -0.05343588814139366 -0.7458062767982483 0.20200484991073608 -0.7705670595169067 -0.6045000553131104 -3.7729556560516357
0.08810047060251236 -0.600420355796814 0.7948167324066162 -0.09578749537467957 -0.975413978099823 -0.21381282806396484 -0.05340001732110977 -0.7458028793334961 0.20200450718402863 -0.7705707550048828 -0.6044954061508179 -3.7729575634002686
0.0881304144859314 -0.6003634333610535 0.7948563694953918 -0.09578269720077515 -0.9754028916358948 -0.2138664722442627 -0.05338703468441963 -0.7458100318908691 0.2020447999238968 -0.7706002593040466 -0.6044443845748901 -3.7729690074920654
0.0881914347410202 -0.6003328561782837 0.7948727607727051 -0.09577392786741257 -0.9754045009613037 -0.21387813985347748 -0.053311459720134735 -0.7457903027534485 0.20201057195663452 -0.7706208825111389 -0.6044295430183411 -3.772986888885498
0.08814467489719391 -0.6003477573394775 0.794866681098938 -0.09577982127666473 -0.9754040241241455 -0.2138669192790985 -0.0533648282289505 -0.7458074688911438 0.2020331770181656 -0.770612359046936 -0.6044328212738037 -3.773007392883301
0.08821422606706619 -0.6003225445747375 0.7948779463768005 -0.09580085426568985 -0.975412130355835 -0.2138555496931076 -0.05326246842741966 -0.7458151578903198 0.20196378231048584 -0.7706351280212402 -0.6044269800186157 -3.773036003112793
0.08805494755506516 -0.6004452109336853 0.7948029637336731 -0.09580742567777634 -0.9754101037979126 -0.2138141542673111 -0.05346490442752838 -0.7458246350288391 0.20204292237758636 -0.7705510854721069 -0.6045076847076416 -3.773063898086548
0.08812320977449417 -0.6004078388214111 0.7948236465454102 -0.09579424560070038 -0.9754230380058289 -0.21378493309020996 -0.05334619805216789 -0.7458168864250183 0.20195084810256958 -0.7705882787704468 -0.6044910550117493 -3.773083209991455
0.0880875438451767 -0.6004365086555481 0.7948059439659119 -0.09576772153377533 -0.9754335880279541 -0.21373359858989716 -0.053358905017375946 -0.7457740902900696 0.2019154131412506 -0.7705802321434021 -0.6045131683349609 -3.7731165885925293
0.08808031678199768 -0.6004204154014587 0.7948188781738281 -0.09575723111629486 -0.9754322171211243 -0.2137380689382553 -0.053366128355264664 -0.745772659778595 0.20192521810531616 -0.7705914974212646 -0.6044955253601074 -3.7731118202209473
0.08807186782360077 -0.6004371047019958 0.7948071956634521 -0.095759816467762 -0.9754395484924316 -0.21370667219161987 -0.05335723236203194 -0.7457478642463684 0.20189331471920013 -0.7705872058868408 -0.6045116782188416 -3.773110866546631
0.08807747811079025 -0.6004396677017212 0.7948046922683716 -0.09574958682060242 -0.9754355549812317 -0.21372319757938385 -0.05336412787437439 -0.7457427978515625 0.20191018283367157 -0.7705806493759155 -0.6045143604278564 -3.773102283477783
0.08815158158540726 -0.6004296541213989 0.794804036617279 -0.09578795731067657 -0.9754353761672974 -0.21374353766441345 -0.05328591540455818 -0.7458066940307617 0.20187871158123016 -0.7705827951431274 -0.6045221090316772 -3.7731270790100098
0.0880323201417923 -0.6004585027694702 0.7947954535484314 -0.09577152878046036 -0.9754238724708557 -0.21375487744808197 -0.053450461477041245 -0.7458252906799316 0.20198623836040497 -0.770557165145874 -0.6045188903808594 -3.7731943130493164
0.08811186999082565 -0.6004537343978882 0.7947902679443359 -0.09580022841691971 -0.9754199385643005 -0.21379072964191437 -0.05337941646575928 -0.7458484768867493 0.20197069644927979 -0.7705509066581726 -0.60453200340271 -3.7732114791870117
0.08806854486465454 -0.6004695892333984 0.7947830557823181 -0.09579721093177795 -0.9754178524017334 -0.21378660202026367 -0.053434450179338455 -0.7458658218383789 0.20199978351593018 -0.7705397009849548 -0.6045365929603577 -3.7732441425323486
0.08810826390981674 -0.6004602909088135 0.7947856783866882 -0.09578271955251694 -0.9754177331924438 -0.2137976586818695 -0.053391385823488235 -0.7458625435829163 0.201982781291008 -0.7705439329147339 -0.6045369505882263 -3.7732601165771484
0.08807225525379181 -0.6003941893577576 0.79483962059021 -0.09575961530208588 -0.9754388332366943 -0.2137124389410019 -0.053347453474998474 -0.7457938194274902 0.20189666748046875 -0.7706190347671509 -0.604469895362854 -3.773253917694092
0.08806806057691574 -0.6003908514976501 0.7948426008224487 -0.09575037658214569 -0.9754393100738525 -0.21370987594127655 -0.053349535912275314 -0.7457868456840515 0.20189633965492249 -0.7706223726272583 -0.6044657826423645 -3.7732510566711426
0.08812893182039261 -0.6003715991973877 0.7948504090309143 -0.09579165279865265 -0.975441038608551 -0.21372005343437195 -0.05327661707997322 -0.7458024621009827 0.20186129212379456 -0.7706345319747925 -0.6044619679450989 -3.773197650909424
0.08813290297985077 -0.6003753542900085 0.7948471307754517 -0.09579157084226608 -0.9754409193992615 -0.21372124552726746 -0.053273897618055344 -0.745796799659729 0.20186010003089905 -0.7706312537193298 -0.6044664978981018 -3.773183584213257
0.08809193223714828 -0.6003783941268921 0.7948493361473083 -0.09576867520809174 -0.9754404425621033 -0.21371236443519592 -0.05331818386912346 -0.7458239197731018 0.20188026130199432 -0.7706313729286194 -0.6044597029685974 -3.7732017040252686
0.08803927898406982 -0.6004108190536499 0.7948307394981384 -0.09576957672834396 -0.9754269123077393 -0.21374830603599548 -0.05342142656445503 -0.7458574175834656 0.20196856558322906 -0.7705961465835571 -0.6044750809669495 -3.773252487182617
0.08802904188632965 -0.600403368473053 0.794837474822998 -0.09576592594385147 -0.9754277467727661 -0.21374301612377167 -0.053427428007125854 -0.7458624243736267 0.20196901261806488 -0.7706034183502197 -0.604465663433075 -3.773240089416504
0.08806046098470688 -0.600430428981781 0.7948135733604431 -0.09574722498655319 -0.9754279255867004 -0.21374869346618652 -0.05340203270316124 -0.7458264231681824 0.20195460319519043 -0.7705807685852051 -0.6044993996620178 -3.7732532024383545
0.08806055784225464 -0.6003744006156921 0.7948558330535889 -0.09578189253807068 -0.9754238724708557 -0.2137679159641266 -0.0533989816904068 -0.7458564043045044 0.20197410881519318 -0.7706190347671509 -0.6044440269470215 -3.7732980251312256
0.0879000648856163 -0.6004273295402527 0.7948336601257324 -0.09577629715204239 -0.9754202365875244 -0.21373693645000458 -0.05358865112066269 -0.7458615899085999 0.20206144452095032 -0.7705864310264587 -0.6044564247131348 -3.773319959640503
0.08794145286083221 -0.6004201769828796 0.7948344945907593 -0.09576542675495148 -0.975427508354187 -0.2137203812599182 -0.05352256819605827 -0.745858907699585 0.20200839638710022 -0.7705966234207153 -0.6044611930847168 -3.773324728012085
0.08787070214748383 -0.6004048585891724 0.7948538661003113 -0.0957331657409668 -0.9754168391227722 -0.21374393999576569 -0.053622957319021225 -0.7458678483963013 0.20209072530269623 -0.7706019878387451 -0.6044268012046814 -3.773353338241577
0.08797318488359451 -0.6003953218460083 0.7948497533798218 -0.09573625028133392 -0.9754181504249573 -0.21376584470272064 -0.05351129546761513 -0.7458752989768982 0.2020397037267685 -0.770603358745575 -0.6044421195983887 -3.7733545303344727
0.08791040629148483 -0.600413978099823 0.7948426008224487 -0.0957365557551384 -0.9754305481910706 -0.21370123326778412 -0.05354366451501846 -0.7458543181419373 0.2020072489976883 -0.7706067562103271 -0.604448676109314 -3.773317575454712
0.08796984702348709 -0.6003834009170532 0.7948591113090515 -0.0957459881901741 -0.9754238128662109 -0.21374432742595673 -0.05349469184875488 -0.745782196521759 0.2020139992237091 -0.7706185579299927 -0.6044312715530396 -3.773362159729004
0.08795138448476791 -0.600382387638092 0.794861912727356 -0.09574664384126663 -0.9754198789596558 -0.21375451982021332 -0.053525011986494064 -0.7457743287086487 0.20204085111618042 -0.7706165313720703 -0.6044248938560486 -3.7733561992645264
0.08795076608657837 -0.6003549098968506 0.7948827147483826 -0.0958179458975792 -0.9754304885864258 -0.21371568739414215 -0.05348647013306618 -0.7458226084709167 0.20198982954025269 -0.770648717880249 -0.6044009327888489 -3.773473024368286
0.08795100450515747 -0.6003631949424744 0.7948764562606812 -0.0958201140165329 -0.9754267334938049 -0.2137296497821808 -0.05349979177117348 -0.7458212375640869 0.20200802385807037 -0.7706384062767029 -0.6044080257415771 -3.7734806537628174
0.08803798258304596 -0.600351870059967 0.7948753833770752 -0.09581182897090912 -0.9754298329353333 -0.21374088525772095 -0.05339823290705681 -0.7458922266960144 0.2019551396369934 -0.7706441283226013 -0.6044183969497681 -3.773463010787964
0.08788520842790604 -0.6004467010498047 0.7948206067085266 -0.09579683840274811 -0.9754243493080139 -0.21371614933013916 -0.053596824407577515 -0.7458933591842651 0.20204809308052063 -0.770577073097229 -0.604472815990448 -3.7735259532928467
0.08795478194952011 -0.6003987789154053 0.794849157333374 -0.09574893116950989 -0.9754253625869751 -0.21373343467712402 -0.05350957065820694 -0.745909571647644 0.20201297104358673 -0.7706096768379211 -0.6044430136680603 -3.7735111713409424
0.08798395842313766 -0.6004018783569336 0.7948436141014099 -0.09576115757226944 -0.9754195809364319 -0.21376271545886993 -0.053497735410928726 -0.7459014654159546 0.20202811062335968 -0.7705991268157959 -0.6044514179229736 -3.773481845855713
0.08794203400611877 -0.6004645824432373 0.7948008179664612 -0.09574916958808899 -0.9754171371459961 -0.21375706791877747 -0.05356493219733238 -0.7459255456924438 0.20205818116664886 -0.7705518007278442 -0.6045016646385193 -3.7735347747802734
0.08799450099468231 -0.6004237532615662 0.7948259115219116 -0.09578166157007217 -0.9754248857498169 -0.21374373137950897 -0.05347694456577301 -0.7459239363670349 0.20199792087078094 -0.7705873250961304 -0.6044765114784241 -3.7736001014709473
0.08792049437761307 -0.6004575490951538 0.7948085069656372 -0.0957992821931839 -0.975421130657196 -0.213736891746521 -0.053573280572891235 -0.7459686994552612 0.2020484358072281 -0.7705628871917725 -0.6044908165931702 -3.7736313343048096
0.08802838623523712 -0.600422203540802 0.7948232889175415 -0.09581425040960312 -0.9754166603088379 -0.21378390491008759 -0.05346637964248657 -0.7459923624992371 0.20202286541461945 -0.7705773711204529 -0.6044808626174927 -3.7736594676971436
0.0879545733332634 -0.6004129648208618 0.7948384881019592 -0.09576882421970367 -0.9754193425178528 -0.21375538408756256 -0.05353160947561264 -0.745965838432312 0.2020421177148819 -0.7705925107002258 -0.6044551134109497 -3.773707866668701
0.08802363276481628 -0.6003569960594177 0.7948731184005737 -0.09578073024749756 -0.9754160642623901 -0.21378947794437408 -0.05345559120178223 -0.7459560632705688 0.20202799141407013 -0.7706266641616821 -0.6044163107872009 -3.773766040802002
0.0879807099699974 -0.6003856062889099 0.7948562502861023 -0.09580434858798981 -0.9754170179367065 -0.21377277374267578 -0.05350436642765999 -0.7459716200828552 0.20204192399978638 -0.7706090211868286 -0.6044341921806335 -3.7737274169921875
0.08796035498380661 -0.6004375219345093 0.7948192358016968 -0.09582259505987167 -0.9754025340080261 -0.21381928026676178 -0.05358254164457321 -0.7459791302680969 0.20212069153785706 -0.7705556154251099 -0.6044759154319763 -3.7737936973571777
0.0880344957113266 -0.6004271507263184 0.7948188781738281 -0.09583540260791779 -0.975403368473053 -0.21383588016033173 -0.05350123345851898 -0.7460196614265442 0.20208443701267242 -0.7705591320991516 -0.6044835448265076 -3.773806571960449
0.08803163468837738 -0.6003953218460083 0.7948432564735413 -0.09582209587097168 -0.9754167199134827 -0.21378643810749054 -0.05345572531223297 -0.7459625005722046 0.20202133059501648 -0.7705976366996765 -0.6044555902481079 -3.7738430500030518
0.08800885081291199 -0.6004326939582825 0.7948175668716431 -0.09581679105758667 -0.9754244089126587 -0.21374860405921936 -0.05346604436635971 -0.7459671497344971 0.2019939422607422 -0.7705789804458618 -0.6044884920120239 -3.7738568782806396
0.0880851298570633 -0.6003662347793579 0.7948592901229858 -0.09581789374351501 -0.9754234552383423 -0.2137763649225235 -0.053372811526060104 -0.7459656596183777 0.20196540653705597 -0.7706230878829956 -0.60444176197052 -3.773869752883911
0.08811961859464645 -0.600368857383728 0.7948535084724426 -0.09581338614225388 -0.9754261374473572 -0.21377480030059814 -0.05333012342453003 -0.7459681034088135 0.20193743705749512 -0.7706214785575867 -0.6044532060623169 -3.7738840579986572
0.08803731203079224 -0.6004026532173157 0.7948370575904846 -0.09582651406526566 -0.9754424691200256 -0.21368901431560516 -0.053374700248241425 -0.7459145784378052 0.20189431309700012 -0.7706189155578613 -0.6044708490371704 -3.773799180984497
0.08797287195920944 -0.6004194617271423 0.7948315143585205 -0.09582198411226273 -0.9754521250724792 -0.21363450586795807 -0.05341643467545509 -0.7458797097206116 0.20187576115131378 -0.7706209421157837 -0.6044744849205017 -3.773747682571411
0.08807223290205002 -0.6004014015197754 0.7948341369628906 -0.0957849770784378 -0.9754512310028076 -0.21366462111473083 -0.05331230163574219 -0.7458855509757996 0.20183676481246948 -0.7706266641616821 -0.6044802069664001 -3.7737252712249756
0.08799361437559128 -0.6004211902618408 0.7948278784751892 -0.0957936942577362 -0.9754514098167419 -0.21364252269268036 -0.053397830575704575 -0.7459081411361694 0.20187027752399445 -0.7706173658370972 -0.6044808626174927 -3.7737224102020264
0.08805287629365921 -0.60041344165802 0.7948272228240967 -0.09575418382883072 -0.9754536151885986 -0.21364980936050415 -0.053328316658735275 -0.7458871006965637 0.20183375477790833 -0.7706213593482971 -0.604487955570221 -3.773715019226074
0.08801552653312683 -0.6004759669303894 0.7947841286659241 -0.09576068818569183 -0.975435733795166 -0.2137041985988617 -0.05343691632151604 -0.7459517121315002 0.20193633437156677 -0.7705575823783875 -0.6045349836349487 -3.773810625076294
0.08805232495069504 -0.6004443764686584 0.7948039174079895 -0.09578952193260193 -0.9754299521446228 -0.21373789012432098 -0.05340804532170296 -0.7459459900856018 0.20194831490516663 -0.77057284116745 -0.604511559009552 -3.773847818374634
0.0880076065659523 -0.6004292368888855 0.794820249080658 -0.09580819308757782 -0.9754364490509033 -0.21370252966880798 -0.053430311381816864 -0.7459188103675842 0.201936274766922 -0.7705944776535034 -0.6044880151748657 -3.7737767696380615
0.08810165524482727 -0.6004238724708557 0.7948139309883118 -0.09584512561559677 -0.9754325151443481 -0.2137421816587448 -0.05334426462650299 -0.7459245324134827 0.2019144892692566 -0.770587682723999 -0.6045039296150208 -3.773799419403076
0.08800235390663147 -0.6004143953323364 0.7948321104049683 -0.09583711624145508 -0.9754263162612915 -0.21374088525772095 -0.05346206575632095 -0.7459241151809692 0.20198756456375122 -0.7705954313278198 -0.6044696569442749 -3.7738254070281982
0.08804512023925781 -0.6003485918045044 0.7948770523071289 -0.09580083191394806 -0.9754316806793213 -0.21373584866523743 -0.053384456783533096 -0.7459735870361328 0.2019430547952652 -0.7706480622291565 -0.6044173836708069 -3.773773670196533
0.08800902217626572 -0.6003618836402893 0.7948710322380066 -0.09578297287225723 -0.9754324555397034 -0.21372278034687042 -0.053422801196575165 -0.7459760308265686 0.20195510983467102 -0.7706413269042969 -0.6044219732284546 -3.773820400238037
0.08802442252635956 -0.6003333330154419 0.7948908805847168 -0.09572355449199677 -0.9754387140274048 -0.2137046456336975 -0.05338049307465553 -0.7459551692008972 0.20191800594329834 -0.7706685662269592 -0.6043996214866638 -3.7738077640533447
0.08803761005401611 -0.6003370881080627 0.7948865294456482 -0.0957341343164444 -0.9754341244697571 -0.2137254774570465 -0.05338186398148537 -0.7459935545921326 0.20193468034267426 -0.770659863948822 -0.6044051647186279 -3.773810863494873
0.08805399388074875 -0.6003177165985107 0.7948994040489197 -0.09574723243713379 -0.9754300713539124 -0.21374645829200745 -0.05337197706103325 -0.7459366321563721 0.20194712281227112 -0.770669162273407 -0.6043891310691833 -3.7738518714904785
0.08796762675046921 -0.6003778576850891 0.7948635220527649 -0.09573711454868317 -0.9754331111907959 -0.2137085497379303 -0.05346756801009178 -0.7459516525268555 0.2019699215888977 -0.770632803440094 -0.6044278740882874 -3.773867130279541
0.08806534111499786 -0.6003376245498657 0.7948830723762512 -0.09576595574617386 -0.9754270911216736 -0.21375928819179535 -0.0533745102584362 -0.7459620237350464 0.20195642113685608 -0.7706500887870789 -0.6044103503227234 -3.7738778591156006
0.0879874974489212 -0.6003903150558472 0.7948518991470337 -0.09575709700584412 -0.9754163026809692 -0.21377699077129364 -0.05350087955594063 -0.7459976077079773 0.20204250514507294 -0.770604133605957 -0.6044402122497559 -3.7739405632019043
0.08805602043867111 -0.6003910303115845 0.7948437929153442 -0.09579896181821823 -0.9754283428192139 -0.21374864876270294 -0.053394775837659836 -0.7460078001022339 0.20195457339286804 -0.7706114649772644 -0.6044602394104004 -3.773984432220459
0.08797513693571091 -0.6004302501678467 0.7948231101036072 -0.09579958021640778 -0.9754382371902466 -0.21368750929832458 -0.053458698093891144 -0.7460033893585205 0.20194204151630402 -0.7705978751182556 -0.6044817566871643 -3.7739734649658203
0.0880473256111145 -0.6003821492195129 0.7948514819145203 -0.09579615294933319 -0.9754235744476318 -0.2137650102376938 -0.05341543257236481 -0.7460014820098877 0.20198114216327667 -0.7706137895584106 -0.6044483780860901 -3.7739815711975098
0.08805134892463684 -0.6004356741905212 0.7948105931282043 -0.09580783545970917 -0.9754225015640259 -0.21376653015613556 -0.05342889204621315 -0.7459744811058044 0.20198456943035126 -0.7705717086791992 -0.6045008897781372 -3.7740590572357178
0.08805130422115326 -0.6004230380058289 0.7948201298713684 -0.09580602496862411 -0.9754222631454468 -0.21376830339431763 -0.05342628434300423 -0.745977520942688 0.20198576152324677 -0.770581066608429 -0.6044885516166687 -3.774057626724243
0.08800885826349258 -0.6005062460899353 0.7947620153427124 -0.09581942856311798 -0.97542804479599 -0.2137298583984375 -0.05347498133778572 -0.7459676861763 0.201976478099823 -0.7705268859863281 -0.6045607328414917 -3.7740390300750732
0.08800254762172699 -0.6005081534385681 0.7947612404823303 -0.09581595659255981 -0.9754247069358826 -0.21374090015888214 -0.053491994738578796 -0.745970606803894 0.20199540257453918 -0.7705223560333252 -0.6045601963996887 -3.774033784866333
0.08807502686977386 -0.6005058288574219 0.7947549223899841 -0.09582970291376114 -0.9754248261451721 -0.21375922858715057 -0.053416695445775986 -0.7459683418273926 0.20196329057216644 -0.7705190181732178 -0.6045751571655273 -3.77404522895813
0.08799327909946442 -0.6004992723464966 0.7947689890861511 -0.0958181619644165 -0.9754167199134827 -0.21376948058605194 -0.053522951900959015 -0.7460012435913086 0.20203788578510284 -0.770521342754364 -0.6045473217964172 -3.7741293907165527
0.08804009854793549 -0.6005166172981262 0.7947506904602051 -0.09580264240503311 -0.9754149913787842 -0.21378695964813232 -0.053484778851270676 -0.746016800403595 0.2020258754491806 -0.7705029249191284 -0.6045747399330139 -3.7741127014160156
0.08797060698270798 -0.6004957556724548 0.7947741150856018 -0.09579584747552872 -0.975418746471405 -0.21375614404678345 -0.053539175540208817 -0.745994508266449 0.20203794538974762 -0.770527720451355 -0.6045390963554382 -3.7740659713745117
0.08807545900344849 -0.6004499793052673 0.7947971224784851 -0.09579092264175415 -0.9754167199134827 -0.21379399299621582 -0.05342544987797737 -0.7460002303123474 0.20200219750404358 -0.770552933216095 -0.6045188903808594 -3.774061679840088
0.08804713189601898 -0.6004940867424011 0.7947669625282288 -0.09578964114189148 -0.9754135608673096 -0.21379566192626953 -0.05347571521997452 -0.7460178136825562 0.20202963054180145 -0.7705181241035461 -0.6045541167259216 -3.774082660675049
0.08811383694410324 -0.6004670262336731 0.7947799563407898 -0.09578260034322739 -0.9754132032394409 -0.2138160616159439 -0.053401149809360504 -0.746016800403595 0.2020023912191391 -0.7705335021018982 -0.6045436263084412 -3.774088144302368
0.08803603798151016 -0.6004660129547119 0.7947893738746643 -0.09577900171279907 -0.9754136204719543 -0.21379463374614716 -0.05347948893904686 -0.7459859251976013 0.2020343691110611 -0.7705402970314026 -0.6045243144035339 -3.774066209793091
0.08805089443922043 -0.6004581451416016 0.7947936654090881 -0.09576880931854248 -0.9754146337509155 -0.2137949913740158 -0.05345902219414711 -0.7459858059883118 0.20202286541461945 -0.7705463171005249 -0.6045204997062683 -3.774049997329712
0.0880972146987915 -0.6005222797393799 0.7947400808334351 -0.09580450505018234 -0.9754152894020081 -0.21380002796649933 -0.053426746279001236 -0.7460275888442993 0.20199944078922272 -0.7704949378967285 -0.604593813419342 -3.7741005420684814
0.08809931576251984 -0.6005192399024963 0.7947421669960022 -0.09579982608556747 -0.9754167795181274 -0.21379505097866058 -0.05341929569840431 -0.7460310459136963 0.20199130475521088 -0.7704986929893494 -0.6045917272567749 -3.774085760116577
0.08811039477586746 -0.6005883812904358 0.7946886420249939 -0.09582921862602234 -0.9754236340522766 -0.21376724541187286 -0.05340612307190895 -0.7460200786590576 0.20195356011390686 -0.7704524993896484 -0.6046631932258606 -3.7740535736083984
0.08810517936944962 -0.6005905270576477 0.7946876287460327 -0.09582590311765671 -0.9754249453544617 -0.21376080811023712 -0.05340816453099251 -0.7460248470306396 0.20194955170154572 -0.770452618598938 -0.6046643853187561 -3.7740371227264404
0.08816517889499664 -0.6005820035934448 0.7946873903274536 -0.09581959992647171 -0.9754266142845154 -0.21377021074295044 -0.053339142352342606 -0.7460209727287292 0.20191507041454315 -0.7704566717147827 -0.6046707034111023 -3.7740285396575928
0.08809363842010498 -0.6006016135215759 0.7946805357933044 -0.09579379856586456 -0.975421130657196 -0.21377158164978027 -0.0534343495965004 -0.7460678219795227 0.20197291672229767 -0.7704409956932068 -0.6046714186668396 -3.774118185043335
0.08809733390808105 -0.6006115078926086 0.7946726083755493 -0.09576540440320969 -0.9754153490066528 -0.21379391849040985 -0.05345052853226662 -0.7460211515426636 0.2019992172718048 -0.7704270482063293 -0.6046803593635559 -3.774165391921997
0.08804432302713394 -0.6006655097007751 0.7946376800537109 -0.09575628489255905 -0.9754230380058289 -0.21374726295471191 -0.053496357053518295 -0.7460164427757263 0.20198509097099304 -0.7703979015350342 -0.6047222018241882 -3.7741401195526123
0.0880657508969307 -0.6006590723991394 0.7946401834487915 -0.09577196091413498 -0.975411057472229 -0.21379885077476501 -0.05350848287343979 -0.746015727519989 0.20203356444835663 -0.7703886032104492 -0.6047178506851196 -3.7741777896881104
0.08803108334541321 -0.6006777286529541 0.7946299314498901 -0.09577268362045288 -0.9754109978675842 -0.21378912031650543 -0.053549397736787796 -0.7460134029388428 0.20204921066761017 -0.7703767418861389 -0.6047276854515076 -3.7741551399230957
0.0880165547132492 -0.6005823016166687 0.7947036623954773 -0.09577320516109467 -0.9754231572151184 -0.2137453556060791 -0.0535021536052227 -0.7460245490074158 0.20199671387672424 -0.7704633474349976 -0.6046349406242371 -3.7741594314575195
0.08806797116994858 -0.6006081104278564 0.7946784496307373 -0.09578581154346466 -0.9754222631454468 -0.21376031637191772 -0.05345909669995308 -0.7460182905197144 0.20197872817516327 -0.7704390287399292 -0.6046718955039978 -3.7742159366607666
0.0880613625049591 -0.6006258726119995 0.7946657538414001 -0.095786914229393 -0.9754167795181274 -0.2137783169746399 -0.053487058728933334 -0.7460243105888367 0.20200805366039276 -0.7704201936721802 -0.6046861410140991 -3.7742080688476562
0.08808622509241104 -0.6005829572677612 0.7946954369544983 -0.09581664949655533 -0.9754341840744019 -0.21372108161449432 -0.053397808223962784 -0.7460020184516907 0.2019130289554596 -0.7704695463180542 -0.6046550273895264 -3.7741661071777344
0.08806522935628891 -0.6005924344062805 0.7946906089782715 -0.09582524746656418 -0.9754392504692078 -0.21369576454162598 -0.05340676009654999 -0.7460069060325623 0.2018977701663971 -0.7704691886901855 -0.6046605706214905 -3.7741475105285645
0.08807829767465591 -0.6005549430847168 0.7947174906730652 -0.09585122764110565 -0.9754408001899719 -0.2136957198381424 -0.0533786378800869 -0.7460117340087891 0.20188458263874054 -0.7704983949661255 -0.6046277284622192 -3.7741470336914062
0.08807957172393799 -0.6005502939224243 0.7947208285331726 -0.0958610251545906 -0.9754416942596436 -0.21369297802448273 -0.05337342247366905 -0.7460179924964905 0.20187973976135254 -0.7705028057098389 -0.6046237349510193 -3.77413010597229
0.08802474290132523 -0.6005972027778625 0.7946915030479431 -0.09582912176847458 -0.9754445552825928 -0.21366481482982635 -0.053433697670698166 -0.7460160851478577 0.2018897831439972 -0.7704740762710571 -0.604656994342804 -3.774160861968994
0.08802088350057602 -0.6006128191947937 0.794680118560791 -0.0958259105682373 -0.975445032119751 -0.2136610448360443 -0.053440507501363754 -0.7460206151008606 0.2018892914056778 -0.7704629302024841 -0.6046713590621948 -3.7741494178771973
0.08811677247285843 -0.600553035736084 0.7947146892547607 -0.09583348035812378 -0.9754461050033569 -0.21368543803691864 -0.05332271754741669 -0.7460329532623291 0.20184211432933807 -0.7705027461051941 -0.6046363711357117 -3.77420711517334
0.08809919655323029 -0.6005703806877136 0.794703483581543 -0.09583063423633575 -0.9754468202590942 -0.21367694437503815 -0.05334322154521942 -0.7460370659828186 0.20184622704982758 -0.7704915404319763 -0.6046492457389832 -3.7742016315460205
0.08793507516384125 -0.6007314920425415 0.7945998907089233 -0.09583599865436554 -0.975465714931488 -0.21355193853378296 -0.05349837988615036 -0.7459831237792969 0.2018265575170517 -0.7704005837440491 -0.6047716736793518 -3.774019956588745
0.08770020306110382 -0.60081946849823 0.7945593595504761 -0.09583493322134018 -0.9754579663276672 -0.2135150134563446 -0.0537860207259655 -0.7459697127342224 0.2019660919904709 -0.7703422904014587 -0.6047993898391724 -3.773937702178955
0.08780238777399063 -0.6007552742958069 0.7945966124534607 -0.09584042429924011 -0.9754561185836792 -0.21355289220809937 -0.05366965010762215 -0.7459220886230469 0.20193077623844147 -0.7703818082809448 -0.6047608256340027 -3.773934841156006
0.08772924542427063 -0.6008020043373108 0.7945693731307983 -0.09579994529485703 -0.9754375219345093 -0.2136017233133316 -0.05381281301379204 -0.7459923028945923 0.2020522654056549 -0.770331859588623 -0.6047838926315308 -3.7740657329559326
0.08781304210424423 -0.6007770895957947 0.7945789694786072 -0.09579981118440628 -0.9754418730735779 -0.2136085331439972 -0.05370726436376572 -0.7460294961929321 0.20199498534202576 -0.770349383354187 -0.6047806739807129 -3.7740700244903564
0.08780837059020996 -0.6007874608039856 0.794571578502655 -0.0957963839173317 -0.9754403233528137 -0.21361251175403595 -0.05371947959065437 -0.746032178401947 0.20200446248054504 -0.7703402042388916 -0.6047892570495605 -3.774064540863037
0.08766203373670578 -0.600835382938385 0.7945514917373657 -0.0957799106836319 -0.9754608273506165 -0.21349315345287323 -0.05382084101438522 -0.745957612991333 0.20196881890296936 -0.7703359127044678 -0.604806661605835 -3.773841619491577
0.08746729791164398 -0.6008768677711487 0.794541597366333 -0.0957670509815216 -0.975445568561554 -0.21349823474884033 -0.054077260196208954 -0.7459456920623779 0.20212705433368683 -0.7703021168708801 -0.6047967672348022 -3.77377986907959
0.08755667507648468 -0.6008214354515076 0.7945737242698669 -0.09579528868198395 -0.9754520654678345 -0.21350044012069702 -0.053951408714056015 -0.7458846569061279 0.20205704867839813 -0.7703447937965393 -0.6047658324241638 -3.773836851119995
0.08750621229410172 -0.6008359789848328 0.7945682406425476 -0.09576064348220825 -0.9754419326782227 -0.21352481842041016 -0.054037198424339294 -0.7459442019462585 0.2021275907754898 -0.7703266143798828 -0.6047653555870056 -3.7739596366882324
0.08758912980556488 -0.6007700562477112 0.7946089506149292 -0.09581069648265839 -0.9754444360733032 -0.21354125440120697 -0.053927063941955566 -0.7459690570831299 0.20207960903644562 -0.770373523235321 -0.6047216653823853 -3.7740113735198975
0.08731004595756531 -0.6008689999580383 0.7945648431777954 -0.0958285853266716 -0.975440502166748 -0.21347719430923462 -0.05425127595663071 -0.7459161877632141 0.20221944153308868 -0.77031409740448 -0.6047506332397461 -3.773822784423828
0.08734522014856339 -0.6008398532867432 0.7945830225944519 -0.09582909941673279 -0.9754339456558228 -0.2135133445262909 -0.0542270690202713 -0.7459304332733154 0.20223590731620789 -0.7703267931938171 -0.6047289371490479 -3.7738289833068848
0.08737194538116455 -0.6007752418518066 0.7946289777755737 -0.09581822901964188 -0.9754257202148438 -0.21355605125427246 -0.05420695245265961 -0.7460076808929443 0.20226407051086426 -0.7703653573989868 -0.6046704053878784 -3.7740371227264404
0.08710598200559616 -0.6008471846580505 0.7946037650108337 -0.0958341509103775 -0.9754122495651245 -0.21353310346603394 -0.05453861132264137 -0.7459308505058289 0.20244361460208893 -0.7703156471252441 -0.6046736836433411 -3.7738046646118164
0.08718577027320862 -0.6008081436157227 0.7946245670318604 -0.0958670899271965 -0.9754222631454468 -0.21351854503154755 -0.05441665276885033 -0.7459762692451477 0.2023610919713974 -0.7703500986099243 -0.6046573519706726 -3.7738234996795654
0.0871453806757927 -0.6008021235466003 0.7946335077285767 -0.09583785384893417 -0.9754077196121216 -0.21356356143951416 -0.05449964478611946 -0.7460373640060425 0.202448308467865 -0.7703422904014587 -0.6046380996704102 -3.7739436626434326
0.08723944425582886 -0.6007599234580994 0.7946550846099854 -0.09583763778209686 -0.9753997921943665 -0.21362118422985077 -0.05441579222679138 -0.7460246682167053 0.20244602859020233 -0.770359218120575 -0.6046172976493835 -3.773987293243408
0.08713160455226898 -0.6007803678512573 0.794651448726654 -0.09587270021438599 -0.9753907322883606 -0.21362611651420593 -0.05455861985683441 -0.745934247970581 0.20253610610961914 -0.7703419327735901 -0.6046091914176941 -3.7737200260162354
0.08717969805002213 -0.6007208824157715 0.7946911454200745 -0.09583514928817749 -0.9753963351249695 -0.213621586561203 -0.054476842284202576 -0.7459192872047424 0.20248861610889435 -0.7703896164894104 -0.604564368724823 -3.7737021446228027
0.08708248287439346 -0.6007373929023743 0.7946893572807312 -0.09579242765903473 -0.9753847122192383 -0.21363915503025055 -0.054615266621112823 -0.7460018992424011 0.20258623361587524 -0.7703718543052673 -0.6045542359352112 -3.7738633155822754
0.0871589407324791 -0.6007035374641418 0.7947065234184265 -0.09575581550598145 -0.9753988981246948 -0.2136075794696808 -0.054485734552145004 -0.7459861636161804 0.20248517394065857 -0.7704070210456848 -0.6045433282852173 -3.7738828659057617
0.0869409590959549 -0.6008250117301941 0.7946385741233826 -0.09577089548110962 -0.9754112362861633 -0.21349531412124634 -0.05470438301563263 -0.7458769679069519 0.20251943171024323 -0.7703433632850647 -0.6046129465103149 -3.773576021194458
0.0870409831404686 -0.6008312702178955 0.7946228981018066 -0.09575134515762329 -0.9754223823547363 -0.21347865462303162 -0.05457053333520889 -0.7459094524383545 0.20242275297641754 -0.7703431248664856 -0.6046456098556519 -3.773533582687378
0.08672074228525162 -0.6009539365768433 0.7945651412010193 -0.09574995189905167 -0.9754166603088379 -0.21340806782245636 -0.05494783818721771 -0.745848536491394 0.2025877833366394 -0.7702670097351074 -0.6046873331069946 -3.7733168601989746
0.08687204122543335 -0.6008269786834717 0.7946446537971497 -0.09575851261615753 -0.9754180908203125 -0.21345113217830658 -0.05475493147969246 -0.7458454370498657 0.2025160938501358 -0.7703540921211243 -0.6046003699302673 -3.773296356201172
0.0868055447936058 -0.6008195877075195 0.7946574687957764 -0.09572398662567139 -0.9754021763801575 -0.213494673371315 -0.05486834794282913 -0.7459287047386169 0.20262116193771362 -0.7703477740287781 -0.6045732498168945 -3.773456573486328
0.0869237557053566 -0.6007262468338013 0.7947151064872742 -0.09575774520635605 -0.9754034876823425 -0.21352703869342804 -0.05471852049231529 -0.7459472417831421 0.2025640606880188 -0.7704116106033325 -0.604511022567749 -3.7734785079956055
0.08658971637487411 -0.6008758544921875 0.7946385145187378 -0.09574642777442932 -0.9754071831703186 -0.2134149968624115 -0.05508890375494957 -0.7458892464637756 0.20268940925598145 -0.7703260183334351 -0.6045781373977661 -3.773257255554199
0.08665318787097931 -0.600803554058075 0.7946862578392029 -0.09578273445367813 -0.9754121899604797 -0.21341755986213684 -0.05498966574668884 -0.7458990812301636 0.20263803005218506 -0.7703816890716553 -0.6045244336128235 -3.773275136947632
0.08676447719335556 -0.6007017493247986 0.7947510480880737 -0.09575178474187851 -0.9753677845001221 -0.21362273395061493 -0.05498117953538895 -0.745959997177124 0.20280423760414124 -0.7704042196273804 -0.6044399738311768 -3.7736196517944336
0.08674297481775284 -0.6006860136985779 0.794765293598175 -0.09573660790920258 -0.9753665328025818 -0.21362291276454926 -0.05500262603163719 -0.7459703087806702 0.20281943678855896 -0.7704163789749146 -0.6044192910194397 -3.7736306190490723
