# 3x4 first row second row third row Freq: 100 current Time: 2021-04-06-17:42:05
-0.1584058403968811 -0.6550598740577698 0.7387855052947998 -0.20106208324432373 -0.9843664765357971 0.04641617462038994 -0.16990602016448975 -0.5232864618301392 0.07700705528259277 -0.754149854183197 -0.6521715521812439 -3.6760094165802
-0.15841130912303925 -0.6551165580749512 0.7387340664863586 -0.2010667473077774 -0.9843640327453613 0.046417273581027985 -0.16992007195949554 -0.5232794880867004 0.07702747732400894 -0.754100501537323 -0.6522262096405029 -3.675999641418457
-0.15840014815330505 -0.6551228165626526 0.7387309074401855 -0.201063871383667 -0.9843664169311523 0.0464172400534153 -0.16990606486797333 -0.5232818722724915 0.07701953500509262 -0.7540951371192932 -0.6522334218025208 -3.676003932952881
-0.15836283564567566 -0.655127763748169 0.7387345433235168 -0.20108641684055328 -0.9843695759773254 0.04636501520872116 -0.16990219056606293 -0.5232908129692078 0.07705623656511307 -0.7540940642356873 -0.6522302627563477 -3.6760404109954834
-0.1583835333585739 -0.6550722122192383 0.7387793660163879 -0.20108377933502197 -0.9843578934669495 0.04628484323620796 -0.16999153792858124 -0.5232938528060913 0.0771624818444252 -0.7541472315788269 -0.6521562337875366 -3.6760313510894775
-0.15840840339660645 -0.6550930738449097 0.7387555241584778 -0.2010551393032074 -0.9843634366989136 0.046399425715208054 -0.1699284315109253 -0.5232509970664978 0.0770411491394043 -0.7541220188140869 -0.6521996855735779 -3.6760663986206055
-0.15840555727481842 -0.6550913453102112 0.7387576699256897 -0.20103606581687927 -0.9843615293502808 0.04637422412633896 -0.16994619369506836 -0.5232702493667603 0.07707101106643677 -0.7541251182556152 -0.6521926522254944 -3.676131010055542
-0.15839800238609314 -0.6551973223686218 0.7386653423309326 -0.2010364979505539 -0.9843661189079285 0.0464261919260025 -0.1699056178331375 -0.5233064293861389 0.07702832669019699 -0.7540298700332642 -0.6523078083992004 -3.6761362552642822
-0.15845398604869843 -0.65509432554245 0.7387446165084839 -0.2010173201560974 -0.9843618273735046 0.04648705944418907 -0.16991356015205383 -0.5232821106910706 0.07696738094091415 -0.7541155815124512 -0.6522158980369568 -3.676036834716797
-0.15846489369869232 -0.6550958156585693 0.7387409806251526 -0.20100994408130646 -0.9843624234199524 0.0465175062417984 -0.16990195214748383 -0.5232831239700317 0.0769377127289772 -0.7541123628616333 -0.6522231101989746 -3.676038980484009
-0.15845468640327454 -0.6551640629768372 0.7386826276779175 -0.20104177296161652 -0.984369158744812 0.04657651111483574 -0.16984659433364868 -0.5233647227287292 0.07687216252088547 -0.7540494203567505 -0.6523035764694214 -3.67598032951355
-0.15845398604869843 -0.6551507115364075 0.7386946082115173 -0.20103761553764343 -0.9843707084655762 0.046587053686380386 -0.16983473300933838 -0.5233774185180664 0.07685377448797226 -0.7540603876113892 -0.6522930860519409 -3.6759727001190186
-0.15843543410301208 -0.6551691293716431 0.7386822700500488 -0.20100103318691254 -0.984374463558197 0.04658599570393562 -0.16981342434883118 -0.5233033299446106 0.07684429734945297 -0.7540444731712341 -0.6523126363754272 -3.6758852005004883
-0.15845218300819397 -0.6551787853240967 0.7386701703071594 -0.20099472999572754 -0.984370768070221 0.046589650213718414 -0.16983389854431152 -0.5233047604560852 0.07685720920562744 -0.7540358901023865 -0.6523210406303406 -3.6758735179901123
-0.15844370424747467 -0.6551758050918579 0.7386745810508728 -0.20098818838596344 -0.9843716025352478 0.04657796397805214 -0.1698322892189026 -0.5233034491539001 0.0768640860915184 -0.7540391683578491 -0.6523163914680481 -3.675860643386841
-0.15843260288238525 -0.6551728844642639 0.7386795878410339 -0.2009809911251068 -0.9843727946281433 0.04656444489955902 -0.16982878744602203 -0.5233024954795837 0.07687105238437653 -0.7540425658226013 -0.6523116827011108 -3.675844192504883
-0.15849344432353973 -0.655089795589447 0.7387402057647705 -0.20102515816688538 -0.9843804836273193 0.04675817862153053 -0.1697310209274292 -0.5232598185539246 0.07664696127176285 -0.7541027069091797 -0.6522684693336487 -3.675863265991211
-0.15850096940994263 -0.6551045179367065 0.738725483417511 -0.20102137327194214 -0.9843786954879761 0.04676077142357826 -0.16974081099033356 -0.5232561826705933 0.07665463536977768 -0.7540897727012634 -0.6522825360298157 -3.6758506298065186
-0.15852144360542297 -0.6550509929656982 0.7387686371803284 -0.20098085701465607 -0.9843888878822327 0.046895042061805725 -0.16964469850063324 -0.5232024192810059 0.07648137211799622 -0.7541279792785645 -0.6522587537765503 -3.6758291721343994
-0.1584891825914383 -0.6549853086471558 0.7388337850570679 -0.20102661848068237 -0.9844006896018982 0.046923309564590454 -0.16956838965415955 -0.5232651233673096 0.07639632374048233 -0.7541832327842712 -0.6522048115730286 -3.6757941246032715
-0.15851199626922607 -0.6550193428993225 0.7387986779212952 -0.20103737711906433 -0.984402060508728 0.0469968244433403 -0.16953980922698975 -0.5232483148574829 0.07633069902658463 -0.7541490793228149 -0.6522519588470459 -3.6757302284240723
-0.15853992104530334 -0.6549805998802185 0.7388270497322083 -0.20105044543743134 -0.9844083786010742 0.047113411128520966 -0.16947096586227417 -0.5232506990432739 0.07619156688451767 -0.7541754841804504 -0.6522377133369446 -3.6756699085235596
-0.1585284024477005 -0.6549786925315857 0.7388311624526978 -0.20105725526809692 -0.9844123125076294 0.04712571203708649 -0.1694447249174118 -0.523250937461853 0.07616477459669113 -0.7541763186454773 -0.6522398591041565 -3.6756415367126465
-0.15845702588558197 -0.6550709009170532 0.738764762878418 -0.2010354846715927 -0.9844214916229248 0.047075774520635605 -0.16940522193908691 -0.5232878923416138 0.07619454711675644 -0.7540993690490723 -0.6523253321647644 -3.675976276397705
-0.15843966603279114 -0.6550635099411011 0.7387750148773193 -0.20103637874126434 -0.9844250679016113 0.04707026109099388 -0.1693858504295349 -0.523292601108551 0.07618419826030731 -0.7541061639785767 -0.6523187160491943 -3.675966739654541
-0.1584387719631195 -0.6549350023269653 0.7388891577720642 -0.2009754627943039 -0.9844186902046204 0.04697554558515549 -0.16944926977157593 -0.5232459902763367 0.07626857608556747 -0.7542237043380737 -0.6521729826927185 -3.6759250164031982
-0.15844731032848358 -0.6549233794212341 0.7388976216316223 -0.20096604526042938 -0.9844183921813965 0.04698958620429039 -0.1694469451904297 -0.5232481360435486 0.07625430822372437 -0.7542328834533691 -0.6521639823913574 -3.675922393798828
-0.15836173295974731 -0.654973030090332 0.7388719320297241 -0.20104093849658966 -0.9844282269477844 0.04690393805503845 -0.16941368579864502 -0.5232625603675842 0.07630543410778046 -0.7541950941085815 -0.6522017121315002 -3.675868272781372
-0.1583898365497589 -0.6549753546714783 0.7388638854026794 -0.20104336738586426 -0.9844236969947815 0.046923309564590454 -0.16943469643592834 -0.523266613483429 0.07630565017461777 -0.7541918754577637 -0.6522054076194763 -3.67586088180542
-0.15836717188358307 -0.6549884080886841 0.7388572096824646 -0.2010139524936676 -0.9844197630882263 0.046836212277412415 -0.1694815754890442 -0.5232749581336975 0.07640323042869568 -0.7541859745979309 -0.6522008180618286 -3.6758148670196533
-0.15832483768463135 -0.6549851894378662 0.7388691306114197 -0.20098920166492462 -0.9844189882278442 0.04673183336853981 -0.169514998793602 -0.5232421159744263 0.07650114595890045 -0.7541952133178711 -0.6521786451339722 -3.6758744716644287
-0.158373162150383 -0.6550278067588806 0.7388209700584412 -0.2009686529636383 -0.9844124913215637 0.04678726941347122 -0.16953718662261963 -0.5232471227645874 0.07648419588804245 -0.7541548013687134 -0.6522274017333984 -3.675827980041504
-0.1583806574344635 -0.6550936698913574 0.7387609481811523 -0.20102889835834503 -0.9844163060188293 0.046856723725795746 -0.16949601471424103 -0.523273229598999 0.0764198824763298 -0.7540932893753052 -0.652306079864502 -3.6759183406829834
-0.15837404131889343 -0.655078649520874 0.7387756705284119 -0.2010294795036316 -0.9844176173210144 0.04685146361589432 -0.16948971152305603 -0.5232744216918945 0.07641641050577164 -0.7541066408157349 -0.6522909998893738 -3.675912380218506
-0.15840815007686615 -0.6549533605575562 0.7388794422149658 -0.20105086266994476 -0.984404444694519 0.04676951840519905 -0.169589102268219 -0.5232921242713928 0.07651595771312714 -0.7542205452919006 -0.652147650718689 -3.6760542392730713
-0.1584061235189438 -0.6549614667892456 0.7388727068901062 -0.20105579495429993 -0.9844029545783997 0.04675217717885971 -0.16960249841213226 -0.5232975482940674 0.07653923332691193 -0.7542145848274231 -0.6521518230438232 -3.676063060760498
-0.1583450436592102 -0.6548843383789062 0.7389541864395142 -0.20107786357402802 -0.9844011068344116 0.04657816141843796 -0.16966113448143005 -0.5233076214790344 0.07668932527303696 -0.7542923092842102 -0.6520442366600037 -3.676137685775757
-0.1583530753850937 -0.6548885703086853 0.7389487028121948 -0.20108284056186676 -0.9843993186950684 0.046580199152231216 -0.16967064142227173 -0.5233093500137329 0.0766950249671936 -0.7542885541915894 -0.6520479321479797 -3.6761584281921387
-0.1583673357963562 -0.6548981070518494 0.7389371395111084 -0.20105352997779846 -0.9843937158584595 0.04655933380126953 -0.1697089672088623 -0.5232715606689453 0.07673770189285278 -0.7542815208435059 -0.6520510315895081 -3.676042079925537
-0.1583791822195053 -0.6549031138420105 0.7389302253723145 -0.2010509967803955 -0.9843912720680237 0.046563249081373215 -0.1697220504283905 -0.5232703685760498 0.07674454152584076 -0.7542769312858582 -0.6520555019378662 -3.6760520935058594
-0.15836726129055023 -0.6549275517463684 0.7389110922813416 -0.20103244483470917 -0.9843888282775879 0.04651753976941109 -0.16974899172782898 -0.5232104659080505 0.07680099457502365 -0.7542585730552673 -0.652070164680481 -3.6760339736938477
-0.15834185481071472 -0.6549133062362671 0.7389291524887085 -0.20102840662002563 -0.9843943119049072 0.04651113972067833 -0.16971875727176666 -0.5232020616531372 0.07678267359733582 -0.7542712688446045 -0.6520575881004333 -3.676039695739746
-0.15843021869659424 -0.6548155546188354 0.7389968633651733 -0.2010452151298523 -0.984379231929779 0.04654010757803917 -0.16979816555976868 -0.5233126878738403 0.07679352164268494 -0.7543543577194214 -0.6519601941108704 -3.6760623455047607
-0.15844890475273132 -0.6547036170959473 0.7390920519828796 -0.20106685161590576 -0.9843813180923462 0.04657670110464096 -0.16977627575397491 -0.5232897996902466 0.0767287090420723 -0.7544492483139038 -0.6518579721450806 -3.6760270595550537
-0.15849032998085022 -0.6547214388847351 0.7390673160552979 -0.20101696252822876 -0.9843774437904358 0.04663645476102829 -0.16978222131729126 -0.52333664894104 0.0766926184296608 -0.7544301152229309 -0.6518844366073608 -3.6759462356567383
-0.15844380855560303 -0.6545989513397217 0.7391858100891113 -0.20101439952850342 -0.9843802452087402 0.04653066769242287 -0.16979506611824036 -0.5232840180397034 0.0767529085278511 -0.754542887210846 -0.6517467498779297 -3.6760172843933105
-0.15845203399658203 -0.6546049118041992 0.7391787767410278 -0.201009601354599 -0.9843782782554626 0.04653112590312958 -0.16980643570423126 -0.5232847929000854 0.07676133513450623 -0.7545377612113953 -0.6517517566680908 -3.676025867462158
-0.1584446281194687 -0.6546580195426941 0.7391332983970642 -0.20104941725730896 -0.9843873977661133 0.04661634936928749 -0.16973012685775757 -0.5233153700828552 0.07665953040122986 -0.7544863820075989 -0.6518231630325317 -3.6759872436523438
-0.15843313932418823 -0.6546556949615479 0.7391378283500671 -0.2010522484779358 -0.984390139579773 0.046617161482572556 -0.1697138100862503 -0.5233162045478821 0.07664764672517776 -0.7544883489608765 -0.6518222689628601 -3.67598295211792
-0.15844827890396118 -0.654680073261261 0.7391129732131958 -0.20105011761188507 -0.9843886494636536 0.046642012894153595 -0.16971582174301147 -0.523245096206665 0.07663588970899582 -0.754465639591217 -0.6518499255180359 -3.6759145259857178
-0.15844358503818512 -0.6546815037727356 0.7391127347946167 -0.2010444551706314 -0.9843910336494446 0.046655379235744476 -0.16969820857048035 -0.5232362747192383 0.07661472260951996 -0.7544636130332947 -0.6518548130989075 -3.6759121417999268
-0.15842239558696747 -0.6546580195426941 0.7391380667686462 -0.20097576081752777 -0.9843961000442505 0.046652160584926605 -0.16966959834098816 -0.5232001543045044 0.07659321278333664 -0.7544841766357422 -0.6518335342407227 -3.675849676132202
-0.15841293334960938 -0.6546646356582642 0.7391342520713806 -0.20096027851104736 -0.9843951463699341 0.04662275314331055 -0.1696833074092865 -0.5231902003288269 0.07662522792816162 -0.754480242729187 -0.6518343091011047 -3.675845146179199
-0.15845292806625366 -0.6545186042785645 0.7392550110816956 -0.2009161114692688 -0.9843856692314148 0.046586163341999054 -0.16974841058254242 -0.5232410430908203 0.07666447013616562 -0.754609227180481 -0.6516804099082947 -3.6758315563201904
-0.1584467887878418 -0.6545230746269226 0.7392523288726807 -0.20089659094810486 -0.9843878746032715 0.0465952567756176 -0.1697329729795456 -0.5232393145561218 0.0766485333442688 -0.7546047568321228 -0.6516874432563782 -3.675830841064453
-0.1583954393863678 -0.6545383930206299 0.7392498254776001 -0.20098324120044708 -0.9843937158584595 0.04654007777571678 -0.1697143316268921 -0.5232798457145691 0.07667984068393707 -0.7545948624610901 -0.651695191860199 -3.675793170928955
-0.15839378535747528 -0.6545260548591614 0.7392610907554626 -0.200980544090271 -0.984393298625946 0.046529460698366165 -0.1697196215391159 -0.5232865810394287 0.07668854296207428 -0.7546061873435974 -0.6516810655593872 -3.6757864952087402
-0.15839038789272308 -0.6545858979225159 0.7392088174819946 -0.2009708136320114 -0.9843958616256714 0.046560756862163544 -0.1696961671113968 -0.5232261419296265 0.07666262984275818 -0.7545523643493652 -0.651746392250061 -3.675764799118042
-0.15838472545146942 -0.6545801162719727 0.7392151355743408 -0.20096997916698456 -0.9843959808349609 0.04654771462082863 -0.16969911754131317 -0.5232207775115967 0.07667292654514313 -0.7545582056045532 -0.6517384648323059 -3.6757543087005615
-0.15839308500289917 -0.6546661257743835 0.7391371726989746 -0.20099082589149475 -0.9843962788581848 0.04658909887075424 -0.16968613862991333 -0.5231974124908447 0.07665207237005234 -0.7544810175895691 -0.65183025598526 -3.67572021484375
-0.15839236974716187 -0.6544747948646545 0.7393068075180054 -0.20099206268787384 -0.9843892455101013 0.046474866569042206 -0.1697579324245453 -0.5232654809951782 0.07674314081668854 -0.754654049873352 -0.6516191959381104 -3.675785779953003
-0.15841536223888397 -0.6545590162277222 0.7392272353172302 -0.2010231465101242 -0.9843871593475342 0.0465252585709095 -0.1697564572095871 -0.5232850313186646 0.07672291994094849 -0.7545778751373291 -0.651709794998169 -3.6757774353027344
-0.1584285944700241 -0.6545253992080688 0.7392542362213135 -0.2009970098733902 -0.9843809604644775 0.04648654907941818 -0.1698029488325119 -0.5232661962509155 0.07677499204874039 -0.7546094655990601 -0.6516671180725098 -3.6757564544677734
-0.15841363370418549 -0.6545170545578003 0.7392647862434387 -0.20099978148937225 -0.9843851923942566 0.04649270698428154 -0.16977658867835999 -0.5232643485069275 0.07675129175186157 -0.7546163201332092 -0.6516619920730591 -3.6757519245147705
-0.1584603488445282 -0.6544597744941711 0.7393054962158203 -0.20102731883525848 -0.9843829274177551 0.04656269773840904 -0.16977058351039886 -0.5232686996459961 0.07668399810791016 -0.7546616792678833 -0.6516173481941223 -3.6757519245147705
-0.15844900906085968 -0.6544547080993652 0.7393124103546143 -0.20103326439857483 -0.9843854308128357 0.04656056687235832 -0.16975665092468262 -0.5232675671577454 0.07667527347803116 -0.7546662092208862 -0.651613175868988 -3.675746440887451
-0.15844127535820007 -0.6544028520584106 0.739359974861145 -0.20100177824497223 -0.9843864440917969 0.046540793031454086 -0.16975641250610352 -0.5232229232788086 0.07667871564626694 -0.7547124028205872 -0.6515592336654663 -3.6757466793060303
-0.15847527980804443 -0.6543412208557129 0.7394072413444519 -0.201001837849617 -0.9843730330467224 0.04647204652428627 -0.16985268890857697 -0.5232263207435608 0.07677988708019257 -0.754770040512085 -0.6514805555343628 -3.675752878189087
-0.15844160318374634 -0.6544463038444519 0.7393214106559753 -0.201046422123909 -0.9843729138374329 0.04641858860850334 -0.16986823081970215 -0.5232521295547485 0.07685142755508423 -0.754682183265686 -0.6515738368034363 -3.6757545471191406
-0.15850141644477844 -0.6544915437698364 0.7392685413360596 -0.20106074213981628 -0.9843605160713196 0.04644232243299484 -0.1699335128068924 -0.5232509970664978 0.07688673585653305 -0.7546415328979492 -0.6516167521476746 -3.675748109817505
-0.15845155715942383 -0.6544567346572876 0.739310085773468 -0.20104214549064636 -0.9843742847442627 0.04645713046193123 -0.16984960436820984 -0.523265540599823 0.07681302726268768 -0.7546707987785339 -0.6515915393829346 -3.675718069076538
-0.15843786299228668 -0.6544426679611206 0.7393254637718201 -0.20101697742938995 -0.9843654632568359 0.04633650183677673 -0.16993363201618195 -0.5232680439949036 0.07695410400629044 -0.754690408706665 -0.6515522003173828 -3.6757962703704834
-0.1585182100534439 -0.6544643044471741 0.7392891049385071 -0.20106755197048187 -0.9843593835830688 0.04646306484937668 -0.16993427276611328 -0.5232690572738647 0.07686631381511688 -0.75466388463974 -0.6515933275222778 -3.6758310794830322
-0.15850193798542023 -0.6543997526168823 0.7393497228622437 -0.2010849118232727 -0.9843536019325256 0.04635459929704666 -0.16999749839305878 -0.5232830047607422 0.07697409391403198 -0.7547265291213989 -0.6515080332756042 -3.675842523574829
-0.15844686329364777 -0.6543635129928589 0.7393935918807983 -0.20112770795822144 -0.9843500852584839 0.046187642961740494 -0.1700633466243744 -0.5233174562454224 0.0771324411034584 -0.7547681927680969 -0.6514410376548767 -3.675888776779175
-0.1584598422050476 -0.6544228792190552 0.7393382787704468 -0.2011127471923828 -0.984355628490448 0.04628477990627289 -0.17000485956668854 -0.5232847929000854 0.07703499495983124 -0.7547107338905334 -0.6515190601348877 -3.6758651733398438
-0.15850526094436646 -0.6544443368911743 0.739309549331665 -0.2010956108570099 -0.9843465685844421 0.046303361654281616 -0.1700521856546402 -0.5232664346694946 0.07705721259117126 -0.7546910047531128 -0.6515393257141113 -3.675814628601074
-0.15850567817687988 -0.6544278860092163 0.7393239736557007 -0.2011082023382187 -0.9843474626541138 0.04630941152572632 -0.17004530131816864 -0.5232612490653992 0.0770447701215744 -0.7547048926353455 -0.6515247225761414 -3.675809383392334
-0.15853706002235413 -0.6543093323707581 0.7394222021102905 -0.20106536149978638 -0.9843425750732422 0.0463050901889801 -0.1700747013092041 -0.5233334898948669 0.07704249024391174 -0.7548079490661621 -0.6514055728912354 -3.6757495403289795
-0.15853476524353027 -0.654327929019928 0.7394062280654907 -0.20107337832450867 -0.984339714050293 0.04627571627497673 -0.17009951174259186 -0.523335874080658 0.07708434015512466 -0.754793643951416 -0.6514171957969666 -3.6757373809814453
-0.15855902433395386 -0.6543036103248596 0.7394225597381592 -0.2010294646024704 -0.9843445420265198 0.04637232795357704 -0.1700451374053955 -0.5233463048934937 0.07697243243455887 -0.754808783531189 -0.6514129042625427 -3.675755262374878
-0.15852342545986176 -0.6543145179748535 0.7394205331802368 -0.20103001594543457 -0.9843487739562988 0.04633595421910286 -0.1700306087732315 -0.5233508944511414 0.07699178904294968 -0.7548015713691711 -0.6514190435409546 -3.67574143409729
-0.1585240364074707 -0.6542350649833679 0.7394906878471375 -0.2010311633348465 -0.9843437671661377 0.04626990482211113 -0.1700776368379593 -0.5232927203178406 0.07705462723970413 -0.7548744678497314 -0.6513270735740662 -3.6757967472076416
-0.15851153433322906 -0.6542431116104126 0.7394862771034241 -0.2010353058576584 -0.9843447208404541 0.04625304788351059 -0.1700766235589981 -0.5232922434806824 0.07706800103187561 -0.7548685669898987 -0.6513323783874512 -3.675797939300537
-0.15843263268470764 -0.6542838215827942 0.739467203617096 -0.20104055106639862 -0.9843608736991882 0.04624295234680176 -0.1699858456850052 -0.5233326554298401 0.07702387124300003 -0.7548338770866394 -0.6513777375221252 -3.6758501529693604
-0.15846310555934906 -0.6542802453041077 0.7394638061523438 -0.20104417204856873 -0.9843548536300659 0.046252019703388214 -0.17001809179782867 -0.5233392715454102 0.07703782618045807 -0.7548364400863647 -0.6513731479644775 -3.6758532524108887
-0.15845738351345062 -0.6542956233024597 0.7394514083862305 -0.200984388589859 -0.9843578934669495 0.046272162348032 -0.16999518871307373 -0.52329021692276 0.07701113820075989 -0.7548218369483948 -0.6513932347297668 -3.6757307052612305
-0.1584373116493225 -0.6543009281158447 0.7394510507583618 -0.20098328590393066 -0.9843605756759644 0.04625431448221207 -0.1699845790863037 -0.523295521736145 0.07701830565929413 -0.7548183798789978 -0.6513963937759399 -3.675738573074341
-0.15842248499393463 -0.6543143391609192 0.7394423484802246 -0.20101818442344666 -0.9843672513961792 0.04628975689411163 -0.16993607580661774 -0.5232899188995361 0.07696304470300674 -0.7548045516014099 -0.651418924331665 -3.6758031845092773
-0.1584327220916748 -0.6542543172836304 0.7394932508468628 -0.20103572309017181 -0.9843592643737793 0.04622067138552666 -0.17000117897987366 -0.5232712030410767 0.07704417407512665 -0.7548608183860779 -0.6513441801071167 -3.6757376194000244
-0.15847516059875488 -0.6542791724205017 0.73946213722229 -0.2010170966386795 -0.9843621850013733 0.04635082185268402 -0.1699487417936325 -0.5232343077659607 0.07691927999258041 -0.7548313140869141 -0.6513931155204773 -3.675724506378174
-0.15856535732746124 -0.654322624206543 0.7394043803215027 -0.20100659132003784 -0.9843504428863525 0.04644894599914551 -0.16999001801013947 -0.5232673287391663 0.07688380032777786 -0.7547876238822937 -0.6514479517936707 -3.675729274749756
-0.15857389569282532 -0.6543363332748413 0.7393903732299805 -0.2010074108839035 -0.9843488931655884 0.04645624756813049 -0.1699969470500946 -0.5232672095298767 0.07688590884208679 -0.7547752261161804 -0.6514619588851929 -3.6757187843322754
-0.1585521697998047 -0.6544263958930969 0.7393153309822083 -0.2009791135787964 -0.984350860118866 0.04644723981618881 -0.1699880212545395 -0.5232458710670471 0.07690553367137909 -0.7546977400779724 -0.6515495181083679 -3.675834894180298
-0.15855544805526733 -0.6544213891029358 0.7393190860748291 -0.2009727507829666 -0.9843494892120361 0.046439871191978455 -0.16999804973602295 -0.5232428312301636 0.07691652327775955 -0.7547025084495544 -0.6515426635742188 -3.6758406162261963
-0.1584860384464264 -0.6545119881629944 0.7392537593841553 -0.20100905001163483 -0.9843594431877136 0.04640199616551399 -0.16995063424110413 -0.523265540599823 0.0769319087266922 -0.7546262741088867 -0.6516290903091431 -3.6759607791900635
-0.15850190818309784 -0.6544713377952576 0.7392863035202026 -0.20101195573806763 -0.9843540191650391 0.04637530446052551 -0.16998930275440216 -0.523245632648468 0.07696853578090668 -0.7546631693840027 -0.6515820622444153 -3.675907611846924
-0.15843716263771057 -0.6546010971069336 0.7391853332519531 -0.2010645568370819 -0.9843628406524658 0.04634568840265274 -0.16994628310203552 -0.5232831239700317 0.07698900997638702 -0.75455242395401 -0.6517078876495361 -3.6759514808654785
-0.15844902396202087 -0.6544796228408813 0.7392903566360474 -0.2010672390460968 -0.9843504428863525 0.04622259363532066 -0.17005185782909393 -0.5232787132263184 0.07712359726428986 -0.7546653747558594 -0.6515612006187439 -3.6759119033813477
-0.15832999348640442 -0.6545532941818237 0.7392506003379822 -0.20110414922237396 -0.9843722581863403 0.04618550091981888 -0.169935405254364 -0.5232813954353333 0.07708916068077087 -0.7546037435531616 -0.6516366600990295 -3.675945281982422
-0.15836651623249054 -0.65455561876297 0.7392407655715942 -0.20111988484859467 -0.9843629598617554 0.04617739096283913 -0.1699913591146469 -0.5232654809951782 0.07713262736797333 -0.7546022534370422 -0.6516332626342773 -3.6759235858917236
-0.15839621424674988 -0.6545824408531189 0.7392106056213379 -0.20106078684329987 -0.9843639731407166 0.04625977203249931 -0.16996341943740845 -0.5232434868812561 0.07705939561128616 -0.7545738816261292 -0.651674747467041 -3.675917625427246
-0.15843604505062103 -0.6546050310134888 0.7391821146011353 -0.20099091529846191 -0.9843621253967285 0.04633667320013046 -0.1699531078338623 -0.5231981873512268 0.07700095325708389 -0.7545496225357056 -0.6517097353935242 -3.6758804321289062
-0.15845008194446564 -0.6545984148979187 0.7391849160194397 -0.20097576081752777 -0.9843590259552002 0.04633685573935509 -0.16997075080871582 -0.5231904983520508 0.0770111232995987 -0.7545552849769592 -0.6517019867897034 -3.6758949756622314
-0.1583578735589981 -0.65467369556427 0.7391380071640015 -0.20101749897003174 -0.9843751192092896 0.046303797513246536 -0.1698867231607437 -0.5232455730438232 0.07699551433324814 -0.7544920444488525 -0.6517770290374756 -3.6759228706359863
-0.15836229920387268 -0.6546669006347656 0.7391431331634521 -0.20100919902324677 -0.9843746423721313 0.04630781710147858 -0.1698882281780243 -0.5232464075088501 0.07699213922023773 -0.7544977068901062 -0.6517708897590637 -3.675929546356201
-0.1583523154258728 -0.6545626521110535 0.7392375469207764 -0.20097218453884125 -0.984375536441803 0.04627010598778725 -0.16989335417747498 -0.5232579708099365 0.07700128108263016 -0.7545904517173767 -0.6516624093055725 -3.6758365631103516
-0.15834452211856842 -0.6545544266700745 0.7392464876174927 -0.2009582221508026 -0.9843780994415283 0.04627566039562225 -0.1698770523071289 -0.5232597589492798 0.0769846960902214 -0.7545972466468811 -0.6516565084457397 -3.675837516784668
-0.15834742784500122 -0.6546452641487122 0.7391654849052429 -0.20097456872463226 -0.9843764305114746 0.04628650099039078 -0.16988390684127808 -0.5232789516448975 0.07700034230947495 -0.7545177936553955 -0.6517466306686401 -3.675818920135498
-0.15836189687252045 -0.654627799987793 0.7391778230667114 -0.20096904039382935 -0.9843700528144836 0.04625274986028671 -0.16992995142936707 -0.5232667326927185 0.07705190032720566 -0.7545349597930908 -0.6517206430435181 -3.675771713256836
-0.15839187800884247 -0.6546351313591003 0.7391648888587952 -0.20089983940124512 -0.9843732118606567 0.04635314643383026 -0.16988416016101837 -0.5232213735580444 0.07694956660270691 -0.754522442817688 -0.6517472863197327 -3.6757419109344482
-0.15839338302612305 -0.6545366644859314 0.7392517924308777 -0.20086386799812317 -0.9843611717224121 0.0462159663438797 -0.16999125480651855 -0.5232245326042175 0.07710030674934387 -0.7546163201332092 -0.6516208052635193 -3.6757309436798096
-0.1583203673362732 -0.6546443700790405 0.7391720414161682 -0.20092502236366272 -0.9843710064888 0.046172644942998886 -0.16994608938694 -0.5232608914375305 0.07712475955486298 -0.7545255422592163 -0.6517229676246643 -3.6757938861846924
-0.15833976864814758 -0.65456622838974 0.7392370700836182 -0.20092979073524475 -0.9843649864196777 0.0461389422416687 -0.1699904054403305 -0.5232445597648621 0.07716239988803864 -0.7545953392982483 -0.6516376733779907 -3.6757471561431885
-0.15826167166233063 -0.6545641422271729 0.7392556071281433 -0.2009938508272171 -0.9843823909759521 0.04613324627280235 -0.16989104449748993 -0.5232792496681213 0.07710036635398865 -0.7545974850654602 -0.6516425609588623 -3.675785779953003
-0.15828116238117218 -0.6545162796974182 0.7392938137054443 -0.20099815726280212 -0.9843730926513672 0.04607536643743515 -0.16996045410633087 -0.523274302482605 0.07717868685722351 -0.7546425461769104 -0.6515811085700989 -3.675766944885254
-0.15826515853405 -0.6546066403388977 0.7392172813415527 -0.20102356374263763 -0.984378457069397 0.04611252248287201 -0.16991937160491943 -0.5232602953910828 0.07714321464300156 -0.7545619010925293 -0.6516786813735962 -3.6758017539978027
-0.15826205909252167 -0.6545007228851318 0.7393117547035217 -0.20100174844264984 -0.9843837022781372 0.04613245278596878 -0.1698836088180542 -0.523242712020874 0.07708271592855453 -0.7546525597572327 -0.651580810546875 -3.6758344173431396
-0.1583261936903 -0.6545897126197815 0.7392191886901855 -0.2009553462266922 -0.9843745231628418 0.04620742052793503 -0.16991637647151947 -0.5232334733009338 0.07706813514232635 -0.7545708417892456 -0.6516772508621216 -3.6757915019989014
-0.15826302766799927 -0.654593288898468 0.7392295598983765 -0.2010156810283661 -0.9843829870223999 0.04614881053566933 -0.1698833703994751 -0.5232716798782349 0.07708998769521713 -0.754571259021759 -0.6516741514205933 -3.6757490634918213
-0.15826740860939026 -0.6545924544334412 0.7392293214797974 -0.2010190784931183 -0.984382688999176 0.046155910938978195 -0.16988295316696167 -0.5232750773429871 0.07708434015512466 -0.7545715570449829 -0.6516744494438171 -3.675758123397827
-0.15817177295684814 -0.6545937061309814 0.7392487525939941 -0.20099814236164093 -0.9844010472297668 0.04612040892243385 -0.16978642344474792 -0.5232725739479065 0.077046699821949 -0.7545726895332336 -0.6516776084899902 -3.675759792327881
-0.15817564725875854 -0.6545581221580505 0.7392793893814087 -0.20100431144237518 -0.9843947291374207 0.046059153974056244 -0.16983965039253235 -0.5232633948326111 0.0771193727850914 -0.7546072602272034 -0.6516289710998535 -3.6757445335388184
-0.1581285148859024 -0.6545559763908386 0.7392913699150085 -0.2010287046432495 -0.9844057559967041 0.046060752123594284 -0.16977521777153015 -0.5232740044593811 0.07707511633634567 -0.7546089887619019 -0.6516321897506714 -3.6757779121398926
-0.15816229581832886 -0.6545025110244751 0.7393314838409424 -0.20102985203266144 -0.9843920469284058 0.04599029943346977 -0.16987375915050507 -0.5232767462730408 0.07718077301979065 -0.7546597123146057 -0.6515609622001648 -3.6757917404174805
-0.1582050621509552 -0.654556155204773 0.739274799823761 -0.20097053050994873 -0.984389066696167 0.04606937617063522 -0.16986972093582153 -0.5232075452804565 0.07713139057159424 -0.7546083331108093 -0.6516263484954834 -3.675811290740967
-0.1582241654396057 -0.6545766592025757 0.7392525672912598 -0.2009766846895218 -0.984387218952179 0.04609893262386322 -0.1698724329471588 -0.5231786370277405 0.07711581140756607 -0.754588782787323 -0.6516508460044861 -3.675797462463379
-0.1581621766090393 -0.6546246409416199 0.7392233610153198 -0.2010050117969513 -0.9844005703926086 0.0461013987660408 -0.16979429125785828 -0.5232333540916443 0.07707233726978302 -0.7545469999313354 -0.6517043113708496 -3.6758077144622803
-0.158209428191185 -0.6545714735984802 0.7392603754997253 -0.2009998857975006 -0.9843854904174805 0.046047747135162354 -0.16989630460739136 -0.523237943649292 0.07716803252696991 -0.7545964121818542 -0.6516358256340027 -3.6758313179016113
-0.15815405547618866 -0.6546314358711243 0.739219069480896 -0.2010047435760498 -0.9843990206718445 0.046069350093603134 -0.16981206834316254 -0.5232911705970764 0.07710901647806168 -0.7545430064201355 -0.6517045497894287 -3.675828456878662
-0.15816926956176758 -0.6546491980552673 0.7392001152038574 -0.20101679861545563 -0.984394907951355 0.04606769233942032 -0.16983617842197418 -0.5232840776443481 0.07712991535663605 -0.754527747631073 -0.6517198085784912 -3.6758201122283936
-0.15807177126407623 -0.6547298431396484 0.7391495704650879 -0.20099271833896637 -0.9844053387641907 0.04596893861889839 -0.16980262100696564 -0.523309051990509 0.07719695568084717 -0.754463791847229 -0.6517859101295471 -3.675854444503784
-0.15809166431427002 -0.6546785831451416 0.7391906976699829 -0.2009967863559723 -0.9843960404396057 0.04591088369488716 -0.16987226903438568 -0.5233095288276672 0.0772748738527298 -0.754511833190918 -0.6517210602760315 -3.675837993621826
-0.15808330476284027 -0.6547269821166992 0.7391496300697327 -0.20101900398731232 -0.984399676322937 0.045938942581415176 -0.16984350979328156 -0.5232913494110107 0.07724541425704956 -0.7544680833816528 -0.6517751812934875 -3.6759016513824463
-0.15811051428318024 -0.6546427011489868 0.7392184138298035 -0.20098060369491577 -0.9843927621841431 0.045912984758615494 -0.16989067196846008 -0.5232603549957275 0.0772780030965805 -0.7545427680015564 -0.6516848206520081 -3.6759612560272217
-0.15816347301006317 -0.6547106504440308 0.7391469478607178 -0.2009928822517395 -0.984385073184967 0.045972879976034164 -0.1699187308549881 -0.5232436060905457 0.07726692408323288 -0.754480242729187 -0.65175861120224 -3.6759862899780273
-0.15823394060134888 -0.654676079750061 0.7391624450683594 -0.20108389854431152 -0.9843800067901611 0.04607358202338219 -0.1699208766222 -0.5232996940612793 0.07718730717897415 -0.7545040249824524 -0.6517404317855835 -3.6759910583496094
-0.15822312235832214 -0.6546712517738342 0.7391690611839294 -0.20109820365905762 -0.9843811392784119 0.04605895280838013 -0.16991844773292542 -0.523306667804718 0.07719540596008301 -0.7545091509819031 -0.6517335772514343 -3.6760141849517822
-0.15822137892246246 -0.6547451615333557 0.7391039729118347 -0.2010871320962906 -0.9843832850456238 0.04609296843409538 -0.16989682614803314 -0.523289144039154 0.07717166095972061 -0.7544429302215576 -0.6518130302429199 -3.676023244857788
-0.15822017192840576 -0.6547443866729736 0.7391049265861511 -0.2010972499847412 -0.9843815565109253 0.04607359692454338 -0.16991183161735535 -0.5232950448989868 0.07719563692808151 -0.7544447779655457 -0.6518080830574036 -3.6760478019714355
-0.15820476412773132 -0.6548361778259277 0.7390268445014954 -0.2010805606842041 -0.9843881130218506 0.04612414911389351 -0.1698601394891739 -0.5233049392700195 0.07714361697435379 -0.7543619871139526 -0.6519100069999695 -3.6760733127593994
-0.1582568734884262 -0.6548153758049011 0.7390341758728027 -0.20109513401985168 -0.9843763113021851 0.04612096771597862 -0.16992945969104767 -0.5232917666435242 0.07718748599290848 -0.7543802857398987 -0.6518836617469788 -3.6760520935058594
-0.15823490917682648 -0.6548600196838379 0.7389993071556091 -0.20102599263191223 -0.9843771457672119 0.04608995094895363 -0.16993309557437897 -0.5232452154159546 0.07722198218107224 -0.7543434500694275 -0.6519222259521484 -3.6760551929473877
-0.15825387835502625 -0.6548568606376648 0.7389980554580688 -0.2010253220796585 -0.9843764305114746 0.04612475633621216 -0.16992785036563873 -0.5232416987419128 0.07719234377145767 -0.7543440461158752 -0.6519250273704529 -3.6760756969451904
-0.15816929936408997 -0.6548516154289246 0.7390207648277283 -0.2010677605867386 -0.9843948483467102 0.04611371457576752 -0.1698240339756012 -0.5232776999473572 0.07713058590888977 -0.7543492317199707 -0.6519263386726379 -3.6761555671691895
-0.15817725658416748 -0.6548570990562439 0.739014208316803 -0.20107510685920715 -0.9843941926956177 0.04612613841891289 -0.16982461512088776 -0.5232765674591064 0.07712302356958389 -0.7543437480926514 -0.6519336104393005 -3.6761786937713623
-0.15822546184062958 -0.6548663377761841 0.7389957308769226 -0.20103155076503754 -0.9843977689743042 0.046272195875644684 -0.16976386308670044 -0.5232688188552856 0.07697772979736328 -0.7543267607688904 -0.651970386505127 -3.6761600971221924
-0.15819202363491058 -0.6548592448234558 0.7390091419219971 -0.20102941989898682 -0.984404981136322 0.04626544937491417 -0.16972419619560242 -0.5232660174369812 0.0769549161195755 -0.7543333172798157 -0.6519654989242554 -3.6761817932128906
-0.1582551747560501 -0.6549308896064758 0.738932192325592 -0.20102770626544952 -0.9844038486480713 0.04641306400299072 -0.16969044506549835 -0.5232959985733032 0.07683944702148438 -0.7542620897293091 -0.6520615220069885 -3.676130771636963
-0.15833473205566406 -0.6548413634300232 0.7389944791793823 -0.20102393627166748 -0.984390139579773 0.04643736407160759 -0.16976326704025269 -0.5232595801353455 0.07685108482837677 -0.7543383240699768 -0.6519719958305359 -3.6760895252227783
-0.1583164632320404 -0.6549474000930786 0.7389044165611267 -0.20101554691791534 -0.9843924641609192 0.04644378274679184 -0.16974776983261108 -0.523242712020874 0.07685837894678116 -0.7542458772659302 -0.6520780920982361 -3.6760799884796143
-0.15837788581848145 -0.6548483967781067 0.7389789819717407 -0.20101387798786163 -0.9843729138374329 0.046367347240448 -0.16988222301006317 -0.5232298970222473 0.07698264718055725 -0.7543364763259888 -0.6519585847854614 -3.676055431365967
-0.15827886760234833 -0.6548527479171753 0.7389963269233704 -0.201039120554924 -0.9843944311141968 0.046356067061424255 -0.16976067423820496 -0.5232383608818054 0.0769113153219223 -0.7543334364891052 -0.6519705057144165 -3.676072597503662
-0.1583220511674881 -0.6549345850944519 0.7389145493507385 -0.20101387798786163 -0.9843840003013611 0.046370286494493484 -0.1698170155286789 -0.5232647657394409 0.0769553929567337 -0.7542614936828613 -0.6520485281944275 -3.676060438156128
-0.15831398963928223 -0.6549268364906311 0.7389231324195862 -0.20101673901081085 -0.9843860268592834 0.04636996239423752 -0.16980551183223724 -0.5232661366462708 0.07694639265537262 -0.754268229007721 -0.6520418524742126 -3.6760647296905518
-0.15832658112049103 -0.6549401879310608 0.738908588886261 -0.20102910697460175 -0.9843850135803223 0.04639187827706337 -0.1698051542043686 -0.5233035683631897 0.07693290710449219 -0.7542552947998047 -0.6520583629608154 -3.6760404109954834
-0.15831434726715088 -0.6549624800682068 0.7388914823532104 -0.20102766156196594 -0.9843859076499939 0.046377796679735184 -0.16980406641960144 -0.5233146548271179 0.0769471749663353 -0.7542368173599243 -0.6520780920982361 -3.6760447025299072
-0.15832467377185822 -0.6550469398498535 0.7388144135475159 -0.20101740956306458 -0.984387218952179 0.04643361642956734 -0.16978102922439575 -0.5233235955238342 0.07690875232219696 -0.7541600465774536 -0.6521714329719543 -3.6761112213134766
-0.15836799144744873 -0.655037522315979 0.7388134598731995 -0.20099583268165588 -0.9843857288360596 0.04651402682065964 -0.16976793110370636 -0.5232886672019958 0.07683921605348587 -0.7541632652282715 -0.6521759033203125 -3.6760902404785156
-0.15835021436214447 -0.6550371050834656 0.7388176321983337 -0.20098714530467987 -0.9843873977661133 0.0464903824031353 -0.16976462304592133 -0.5232926607131958 0.07685425132513046 -0.7541650533676147 -0.6521720290184021 -3.676097869873047
-0.15837547183036804 -0.6549590229988098 0.7388814687728882 -0.2010035216808319 -0.9843841195106506 0.046497102826833725 -0.1697818785905838 -0.5232817530632019 0.07684436440467834 -0.7542324662208557 -0.6520951986312866 -3.6760547161102295
-0.15837541222572327 -0.654963493347168 0.7388774752616882 -0.20099906623363495 -0.9843840003013611 0.046497318893671036 -0.16978220641613007 -0.5232846736907959 0.07684537023305893 -0.7542285323143005 -0.652099609375 -3.6760623455047607
-0.15839138627052307 -0.6549026370048523 0.7389280200004578 -0.20101049542427063 -0.9843848347663879 0.04652736708521843 -0.1697692573070526 -0.523312509059906 0.07680200040340424 -0.7542795538902283 -0.652045726776123 -3.6760330200195312
-0.1583830714225769 -0.6549187898635864 0.7389155030250549 -0.20100456476211548 -0.9843848943710327 0.04651273414492607 -0.16977302730083466 -0.5233179926872253 0.07681860029697418 -0.7542664408683777 -0.6520589590072632 -3.676037073135376
-0.15839968621730804 -0.6549094915390015 0.7389201521873474 -0.20097292959690094 -0.9843791127204895 0.04649151861667633 -0.16981223225593567 -0.5233249068260193 0.07685817033052444 -0.7542757987976074 -0.6520434617996216 -3.6761794090270996
-0.15842284262180328 -0.6549112796783447 0.7389135956764221 -0.20096686482429504 -0.9843736886978149 0.04649098962545395 -0.16984377801418304 -0.5233306884765625 0.0768798291683197 -0.7542742490768433 -0.6520426869392395 -3.676194429397583
