# 3x4 first row second row third row Freq: 100 current Time: 2021-07-30-20:59:44
0.6153854727745056 0.6125911474227905 -0.4960169196128845 0.3664092421531677 0.11504734307527542 -0.6923491954803467 -0.7123317122459412 -0.48028919100761414 -0.7797850966453552 0.3812931180000305 -0.49653857946395874 -1.4549072980880737
0.6153677105903625 0.6126168966293335 -0.49600717425346375 0.3663853406906128 0.11505653709173203 -0.6923292279243469 -0.7123496532440186 -0.4802815616130829 -0.7797977328300476 0.381288081407547 -0.49652257561683655 -1.4548791646957397
0.6153001189231873 0.6126558780670166 -0.49604281783103943 0.3663976788520813 0.11516264826059341 -0.6923725008964539 -0.7122904658317566 -0.4802854359149933 -0.7798354029655457 0.38114675879478455 -0.49657192826271057 -1.4548158645629883
0.6152961254119873 0.612697958946228 -0.4959958791732788 0.3663574755191803 0.1152551993727684 -0.6923601627349854 -0.712287425994873 -0.4802236258983612 -0.7798249125480652 0.3811015486717224 -0.49662309885025024 -1.4546345472335815
0.6153071522712708 0.6126819252967834 -0.4960019290447235 0.36635464429855347 0.11525361239910126 -0.6923746466636658 -0.7122736573219299 -0.48022863268852234 -0.7798163890838623 0.3811010420322418 -0.49663686752319336 -1.454594373703003
0.6153164505958557 0.6126499176025391 -0.4960298538208008 0.3664274215698242 0.11518574506044388 -0.6923808455467224 -0.7122786045074463 -0.480303019285202 -0.7798190712928772 0.38114115595817566 -0.4966018497943878 -1.4548420906066895
0.6153247356414795 0.6126182675361633 -0.49605873227119446 0.36642950773239136 0.11514223366975784 -0.692399263381958 -0.7122676968574524 -0.4803102910518646 -0.7798190116882324 0.38115862011909485 -0.4965886175632477 -1.4548144340515137
0.6152603626251221 0.6126085519790649 -0.49615052342414856 0.36642661690711975 0.11505939811468124 -0.6924178600311279 -0.7122630476951599 -0.48027345538139343 -0.77988201379776 0.38114041090011597 -0.496503621339798 -1.4548437595367432
0.615269660949707 0.6126037240028381 -0.49614500999450684 0.36641281843185425 0.11506383121013641 -0.692420482635498 -0.7122597694396973 -0.48027196526527405 -0.7798740267753601 0.3811434507369995 -0.49651381373405457 -1.4548109769821167
0.6152319312095642 0.6125969886779785 -0.4962000846862793 0.3664776384830475 0.11498136818408966 -0.6924163103103638 -0.7122771739959717 -0.48032793402671814 -0.7799159288406372 0.3811618685722351 -0.4964338541030884 -1.4549614191055298
0.6152097582817078 0.6126288771629333 -0.4961882531642914 0.36645567417144775 0.11499076336622238 -0.6923906803131104 -0.7123005390167236 -0.48032674193382263 -0.7799320816993713 0.38115715980529785 -0.49641215801239014 -1.4549256563186646
0.6151463389396667 0.6126464605331421 -0.4962451159954071 0.3664611279964447 0.11497119069099426 -0.692400336265564 -0.7122942805290222 -0.4803158938884735 -0.7799849510192871 0.3811113238334656 -0.49636420607566833 -1.4549760818481445
0.6151864528656006 0.6126078963279724 -0.49624302983283997 0.3664074242115021 0.11493010818958282 -0.692407488822937 -0.7122939825057983 -0.4803074300289154 -0.7799593806266785 0.38116031885147095 -0.4963667690753937 -1.45494544506073
0.6151940822601318 0.6126360297203064 -0.496198832988739 0.36636629700660706 0.11496979743242264 -0.6923811435699463 -0.712313175201416 -0.48030295968055725 -0.7799475193023682 0.38116294145584106 -0.496383398771286 -1.4549260139465332
0.6150967478752136 0.6127524971961975 -0.49617570638656616 0.36635082960128784 0.1150137186050415 -0.6923037171363831 -0.7123813629150391 -0.48035332560539246 -0.7800178527832031 0.3811163902282715 -0.49630865454673767 -1.4549840688705444
0.6150921583175659 0.6127385497093201 -0.4961986541748047 0.36633968353271484 0.11497736722230911 -0.6923092603683472 -0.7123818397521973 -0.48034223914146423 -0.7800267934799194 0.38112881779670715 -0.49628499150276184 -1.4550029039382935
0.6151216626167297 0.6127416491508484 -0.4961582124233246 0.36635327339172363 0.11497201025485992 -0.6922814249992371 -0.7124097347259521 -0.4802553355693817 -0.7800043225288391 0.38117432594299316 -0.49628540873527527 -1.4549640417099
0.6151342391967773 0.6127303242683411 -0.49615663290023804 0.36635032296180725 0.11495215445756912 -0.6922791600227356 -0.7124151587486267 -0.48026254773139954 -0.7799973487854004 0.38119664788246155 -0.4962792694568634 -1.454957365989685
0.6151998043060303 0.6126568913459778 -0.4961659908294678 0.36636361479759216 0.11491694301366806 -0.6923214197158813 -0.7123797535896301 -0.4802258312702179 -0.7799507975578308 0.38123801350593567 -0.4963206350803375 -1.4549957513809204
0.6151878237724304 0.6126617789268494 -0.49617478251457214 0.3663531243801117 0.11491942405700684 -0.6923239827156067 -0.7123768925666809 -0.48023495078086853 -0.7799598574638367 0.38122546672821045 -0.49631598591804504 -1.4549440145492554
0.6152703762054443 0.6125794053077698 -0.496174156665802 0.3663288354873657 0.11493714153766632 -0.6923929452896118 -0.7123069763183594 -0.48011544346809387 -0.7798921465873718 0.38123250007629395 -0.49641695618629456 -1.4547494649887085
0.6152997016906738 0.6126260757446289 -0.4960801899433136 0.36631298065185547 0.11500868946313858 -0.6923403739929199 -0.7123465538024902 -0.4800923764705658 -0.7798584699630737 0.38125306367874146 -0.496454119682312 -1.4546657800674438
0.6153209805488586 0.6126152873039246 -0.496067076921463 0.3662402033805847 0.11510978639125824 -0.6923903226852417 -0.7122816443443298 -0.4800974428653717 -0.7798267602920532 0.38117966055870056 -0.496560275554657 -1.454503059387207
0.6153101325035095 0.6126419901847839 -0.4960475564002991 0.3662172555923462 0.11517287790775299 -0.6923904418945312 -0.7122713327407837 -0.4800855815410614 -0.7798260450363159 0.38113653659820557 -0.49659454822540283 -1.4544343948364258
0.6152589917182922 0.6125979423522949 -0.49616539478302 0.3662664294242859 0.11513068526983261 -0.6924689412117004 -0.7122018337249756 -0.48003777861595154 -0.7798725962638855 0.3810647130012512 -0.49657654762268066 -1.4543592929840088
0.6151486039161682 0.6126783490180969 -0.4962029755115509 0.36621934175491333 0.11513194441795349 -0.6924315690994263 -0.7122379541397095 -0.4799811542034149 -0.7799594402313232 0.38100337982177734 -0.4964871406555176 -1.454435110092163
0.6151255965232849 0.6127357482910156 -0.496160626411438 0.36622190475463867 0.11513067781925201 -0.6923646926879883 -0.7123032212257385 -0.47996458411216736 -0.7799777984619141 0.3810326159000397 -0.49643588066101074 -1.4544118642807007
0.6151205897331238 0.6126459836959839 -0.4962776303291321 0.36622631549835205 0.11512070894241333 -0.6924921274185181 -0.7121809124946594 -0.48005732893943787 -0.7799832224845886 0.3809452950954437 -0.4964944124221802 -1.4543852806091309
0.6150659918785095 0.6127017736434937 -0.4962764382362366 0.36625176668167114 0.11511822789907455 -0.692449152469635 -0.7122231125831604 -0.4800436198711395 -0.7800266146659851 0.3809337317943573 -0.4964350461959839 -1.4543622732162476
0.6150704622268677 0.612733781337738 -0.49623140692710876 0.36624372005462646 0.11508806049823761 -0.6923853754997253 -0.7122899889945984 -0.48002925515174866 -0.7800275683403015 0.3809982240200043 -0.4963840842247009 -1.4544025659561157
0.6150663495063782 0.6127395629882812 -0.4962293207645416 0.3661700189113617 0.11515176296234131 -0.6924110054969788 -0.7122547626495361 -0.48004022240638733 -0.7800214290618896 0.3809422552585602 -0.49643674492836 -1.4542728662490845
0.615071713924408 0.6127415895462036 -0.496220201253891 0.36614617705345154 0.11518561094999313 -0.6924208998680115 -0.712239682674408 -0.4800625145435333 -0.7800121903419495 0.38092103600502014 -0.4964675009250641 -1.4542009830474854
0.6150242686271667 0.6126993298530579 -0.4963311553001404 0.36615443229675293 0.115158312022686 -0.692501425743103 -0.7121657729148865 -0.4799583852291107 -0.7800536155700684 0.38084256649017334 -0.4964625835418701 -1.4541466236114502
0.6150129437446594 0.6127356886863708 -0.4963003695011139 0.36612990498542786 0.11520478129386902 -0.6924799680709839 -0.7121791839599609 -0.479937881231308 -0.7800557017326355 0.3808232247829437 -0.49647417664527893 -1.4540787935256958
0.6150380373001099 0.6127457618713379 -0.4962567985057831 0.36602357029914856 0.11521361023187637 -0.6924521923065186 -0.7122046947479248 -0.479923814535141 -0.780034601688385 0.3808574378490448 -0.4964810609817505 -1.4539313316345215
0.6150192618370056 0.61277174949646 -0.49624794721603394 0.3659916818141937 0.11521155387163162 -0.6924270391464233 -0.7122295498847961 -0.47991642355918884 -0.780049741268158 0.3808613717556 -0.49645429849624634 -1.4538848400115967
0.6150297522544861 0.6127527356147766 -0.496258407831192 0.3659095764160156 0.11520159244537354 -0.6924421191215515 -0.7122164964675903 -0.47979775071144104 -0.7800428867340088 0.38086456060409546 -0.4964625835418701 -1.453622817993164
0.6150364279747009 0.6127276420593262 -0.49628111720085144 0.36589449644088745 0.11516380310058594 -0.692454993724823 -0.7122100591659546 -0.4797901213169098 -0.7800432443618774 0.38088148832321167 -0.4964490532875061 -1.4535911083221436
0.6150678396224976 0.6126410365104675 -0.4963490962982178 0.3659766614437103 0.11507797241210938 -0.6925153136253357 -0.7121652960777283 -0.47979387640953064 -0.7800310850143433 0.38091111183166504 -0.49644535779953003 -1.4536997079849243
0.6150644421577454 0.6126314401626587 -0.4963652193546295 0.36597371101379395 0.1150612086057663 -0.6925233602523804 -0.7121601700782776 -0.4797966778278351 -0.7800362706184387 0.38091200590133667 -0.49643653631210327 -1.453650951385498
0.61504727602005 0.6126302480697632 -0.49638789892196655 0.36596396565437317 0.11501879245042801 -0.6925163269042969 -0.7121738791465759 -0.47979989647865295 -0.7800560593605042 0.3809266686439514 -0.49639421701431274 -1.4536067247390747
0.6150227189064026 0.6126406788825989 -0.4964054524898529 0.3659520447254181 0.11503731459379196 -0.6925275921821594 -0.7121599316596985 -0.47981372475624084 -0.7800726890563965 0.3808893859386444 -0.4963967204093933 -1.4535382986068726
0.6150433421134949 0.61255943775177 -0.49648022651672363 0.36604881286621094 0.1149313896894455 -0.6925780177116394 -0.7121279835700989 -0.47985681891441345 -0.7800720930099487 0.3809283673763275 -0.49636775255203247 -1.4538317918777466
0.6150583624839783 0.6125198602676392 -0.49651038646698 0.36603835225105286 0.11493891477584839 -0.6926279067993164 -0.7120782732963562 -0.4797970950603485 -0.7800590991973877 0.3809013068675995 -0.4964089095592499 -1.45369553565979
0.6151761412620544 0.6124496459960938 -0.49645113945007324 0.36606884002685547 0.11488033086061478 -0.6926174759864807 -0.7120978236198425 -0.4798533618450165 -0.7799748778343201 0.3810330629348755 -0.4964401423931122 -1.4538331031799316
0.6152421236038208 0.6124579906463623 -0.49635905027389526 0.36606910824775696 0.1148383840918541 -0.6925387978553772 -0.7121811509132385 -0.47991064190864563 -0.779928982257843 0.38116273283958435 -0.4964126646518707 -1.4539768695831299
0.6152486205101013 0.6124590635299683 -0.49634966254234314 0.36605140566825867 0.11484314501285553 -0.6925350427627563 -0.7121840119361877 -0.47990450263023376 -0.779923141002655 0.38116785883903503 -0.49641790986061096 -1.4539514780044556
0.6153042912483215 0.6124904751777649 -0.49624183773994446 0.36606308817863464 0.11484477669000626 -0.6924516558647156 -0.7122648358345032 -0.4799301326274872 -0.7798789739608765 0.38126882910728455 -0.4964097738265991 -1.4540560245513916
0.6152801513671875 0.612486720085144 -0.4962764382362366 0.3660600185394287 0.11479608714580536 -0.692450225353241 -0.7122740745544434 -0.4799216687679291 -0.7799052000045776 0.381277471780777 -0.4963619112968445 -1.4540387392044067
0.6152392625808716 0.6125186085700989 -0.4962877631187439 0.366028368473053 0.11479172855615616 -0.6924310326576233 -0.7122934460639954 -0.479895681142807 -0.7799381017684937 0.3812611401081085 -0.49632278084754944 -1.453967809677124
0.6152369976043701 0.612511157989502 -0.4962998032569885 0.36602479219436646 0.11479160934686661 -0.6924432516098022 -0.7122815847396851 -0.4799082577228546 -0.7799399495124817 0.38125088810920715 -0.49632778763771057 -1.4539265632629395
0.6152640581130981 0.6125230193138123 -0.49625152349472046 0.3660553991794586 0.11483780294656754 -0.6924297213554382 -0.7122872471809387 -0.4799458682537079 -0.7799117565155029 0.3812563121318817 -0.4963679015636444 -1.4539440870285034
0.615267813205719 0.6125268340110779 -0.4962421953678131 0.3660486340522766 0.11487454175949097 -0.692439615726471 -0.7122717499732971 -0.4799605906009674 -0.7799033522605896 0.38123226165771484 -0.49639952182769775 -1.4538785219192505
0.6151817440986633 0.6125776767730713 -0.49628621339797974 0.36611685156822205 0.11484415829181671 -0.692412257194519 -0.7123032212257385 -0.48000088334083557 -0.7799757719039917 0.3812003433704376 -0.496310293674469 -1.4540627002716064
0.6151821613311768 0.6125844717025757 -0.4962773323059082 0.3661061227321625 0.11486540734767914 -0.6924126148223877 -0.7122994661331177 -0.4800080358982086 -0.7799723148345947 0.3811887800693512 -0.4963245689868927 -1.4540058374404907
0.6152110695838928 0.612571120262146 -0.49625787138938904 0.3661048114299774 0.11493461579084396 -0.6924452185630798 -0.7122566103935242 -0.4799821674823761 -0.7799392938613892 0.3811509311199188 -0.49640554189682007 -1.4539285898208618
0.6151991486549377 0.612586498260498 -0.49625369906425476 0.3661874830722809 0.11489994823932648 -0.6924145817756653 -0.712291955947876 -0.4800424873828888 -0.7799537777900696 0.38118186593055725 -0.4963589906692505 -1.4541994333267212
0.6151995658874512 0.6126071810722351 -0.4962276518344879 0.36618882417678833 0.11490759253501892 -0.6923883557319641 -0.7123162150382996 -0.48003509640693665 -0.779952347278595 0.3811962902545929 -0.4963501989841461 -1.4541763067245483
0.6152298450469971 0.6126285791397095 -0.4961636960506439 0.3661595582962036 0.11490318179130554 -0.6923342347145081 -0.7123695611953735 -0.48002156615257263 -0.7799291014671326 0.3812601864337921 -0.4963376224040985 -1.4541444778442383
0.6152130961418152 0.6126389503479004 -0.4961716830730438 0.3661661446094513 0.11489364504814148 -0.6923264265060425 -0.7123786807060242 -0.48002317547798157 -0.7799437642097473 0.38125768303871155 -0.4963165521621704 -1.4541267156600952
0.6151987314224243 0.6125962138175964 -0.4962422251701355 0.366178423166275 0.11473596096038818 -0.6923207640647888 -0.7124095559120178 -0.4800027906894684 -0.7799782752990723 0.38133659958839417 -0.49620163440704346 -1.4541709423065186
0.6151880025863647 0.6125943064689636 -0.4962579011917114 0.3661898076534271 0.11474702507257462 -0.6923364996910095 -0.7123925089836121 -0.4800088107585907 -0.7799851298332214 0.38131117820739746 -0.4962104260921478 -1.4541395902633667
0.6151923537254333 0.6126232743263245 -0.496216744184494 0.3661946654319763 0.11469550430774689 -0.6922666430473328 -0.712468683719635 -0.4800165593624115 -0.7799893021583557 0.3813914358615875 -0.4961422085762024 -1.4542328119277954
0.6151843667030334 0.6126105785369873 -0.4962422847747803 0.3661973476409912 0.11468135565519333 -0.692283570766449 -0.7124545574188232 -0.48002222180366516 -0.7799976468086243 0.38138115406036377 -0.49613699316978455 -1.4541915655136108
0.6151916980743408 0.612567663192749 -0.4962861239910126 0.36622166633605957 0.11455776542425156 -0.6922795176506042 -0.7124783396720886 -0.48004910349845886 -0.7800099849700928 0.3814573287963867 -0.49605897068977356 -1.4543139934539795
0.6151888370513916 0.6125729084014893 -0.4962832033634186 0.3662150204181671 0.11458132416009903 -0.6922855377197266 -0.7124687433242798 -0.48005083203315735 -0.7800087928771973 0.3814380168914795 -0.49607571959495544 -1.4542709589004517
0.6151753664016724 0.6125705242156982 -0.4963029623031616 0.36620792746543884 0.11460413038730621 -0.6923096179962158 -0.712441623210907 -0.4799964129924774 -0.7800161242485046 0.38139811158180237 -0.4960949122905731 -1.4542229175567627
0.6151924133300781 0.6125096082687378 -0.49635693430900574 0.3662203252315521 0.11461144685745239 -0.6923885941505432 -0.7123636603355408 -0.4799732267856598 -0.7800015807151794 0.3813525438308716 -0.49615278840065 -1.4541977643966675
0.6152088046073914 0.6125227808952332 -0.4963204562664032 0.3662325441837311 0.11459845304489136 -0.6923519372940063 -0.7124013900756836 -0.47997036576271057 -0.779990553855896 0.3813980221748352 -0.4961351156234741 -1.454159140586853
0.6152315139770508 0.6125069856643677 -0.4963117241859436 0.36628562211990356 0.11469379812479019 -0.6924052238464355 -0.7123342752456665 -0.48004719614982605 -0.7799586653709412 0.3813265860080719 -0.4962402284145355 -1.4542796611785889
0.6152375936508179 0.6124751567840576 -0.4963435232639313 0.3663262128829956 0.11464221775531769 -0.6924214363098145 -0.7123268246650696 -0.4800235331058502 -0.7799614667892456 0.38134825229644775 -0.4962191581726074 -1.454256296157837
0.6152408719062805 0.6124851703643799 -0.49632707238197327 0.36631569266319275 0.1147012859582901 -0.6924336552619934 -0.7123054265975952 -0.4800153076648712 -0.7799501419067383 0.38131004571914673 -0.49626627564430237 -1.4541596174240112
0.6152336597442627 0.6124687790870667 -0.49635618925094604 0.3663385808467865 0.11466298997402191 -0.6924434900283813 -0.712302029132843 -0.4800209701061249 -0.7799614667892456 0.38131850957870483 -0.4962420165538788 -1.45412278175354
0.6153518557548523 0.6123508214950562 -0.496355265378952 0.3663935661315918 0.11465413123369217 -0.6925255060195923 -0.7122237086296082 -0.4800715744495392 -0.779869556427002 0.3813589811325073 -0.4963553845882416 -1.454203486442566
0.6153824925422668 0.6123098731040955 -0.4963677227497101 0.36639922857284546 0.11464808136224747 -0.6925597786903381 -0.7121914029121399 -0.4800931513309479 -0.7798462510108948 0.3813624978065491 -0.4963892698287964 -1.4541518688201904
0.6154013872146606 0.6121979355812073 -0.49648237228393555 0.36637815833091736 0.11459226906299591 -0.6926798224449158 -0.712083637714386 -0.48002615571022034 -0.7798395156860352 0.3813241720199585 -0.4964292347431183 -1.4539847373962402
0.6153777241706848 0.6122217178344727 -0.4964824318885803 0.36637330055236816 0.11459080874919891 -0.6926616430282593 -0.7121015191078186 -0.48000332713127136 -0.779858410358429 0.3813190758228302 -0.4964034855365753 -1.453937292098999
0.6153903007507324 0.6122103333473206 -0.49648091197013855 0.3663812577724457 0.11463050544261932 -0.6926885843276978 -0.7120689153671265 -0.4800340235233307 -0.7798426747322083 0.38128840923309326 -0.4964517652988434 -1.453948736190796
0.615393340587616 0.6122201085090637 -0.4964650273323059 0.36637526750564575 0.11463867127895355 -0.6926763653755188 -0.7120795249938965 -0.4800225794315338 -0.779839038848877 0.3812948763370514 -0.4964525103569031 -1.453916311264038
0.6153576970100403 0.6121752262115479 -0.49656450748443604 0.3664381504058838 0.11460335552692413 -0.6927484273910522 -0.7120150923728943 -0.4800499379634857 -0.7798723578453064 0.3812359869480133 -0.4964453876018524 -1.4541189670562744
0.6153335571289062 0.6121760606765747 -0.4965933859348297 0.36645445227622986 0.11455066502094269 -0.69273841381073 -0.7120333313941956 -0.4800496995449066 -0.7798991203308105 0.38125288486480713 -0.49639034271240234 -1.454092025756836
0.6153210997581482 0.6121965646743774 -0.49658358097076416 0.3665176331996918 0.11458855122327805 -0.6927362680435181 -0.7120292782783508 -0.48018255829811096 -0.7799034118652344 0.3812238276004791 -0.4964059293270111 -1.4544085264205933
0.6153330206871033 0.6121654510498047 -0.4966071844100952 0.36653321981430054 0.11458174884319305 -0.6927692294120789 -0.7119983434677124 -0.4801999032497406 -0.779895007610321 0.3812139332294464 -0.4964267313480377 -1.454376220703125
0.6153272390365601 0.6121760606765747 -0.49660131335258484 0.3666074573993683 0.114471435546875 -0.6927041411399841 -0.7120793461799622 -0.4803434908390045 -0.7799158096313477 0.381315141916275 -0.4963163733482361 -1.4546968936920166
0.6153260469436646 0.6121541261672974 -0.4966297745704651 0.3666222095489502 0.11445784568786621 -0.6927297711372375 -0.7120566368103027 -0.48037096858024597 -0.7799187302589417 0.3813037872314453 -0.4963204562664032 -1.4546788930892944
0.615330696105957 0.6121519207954407 -0.49662676453590393 0.36655130982398987 0.11454641819000244 -0.6927729845046997 -0.7120003700256348 -0.4803212583065033 -0.7799020409584045 0.38122883439064026 -0.496404230594635 -1.454506278038025
0.6154530048370361 0.6121001839637756 -0.496538907289505 0.36662474274635315 0.11455278098583221 -0.6927645206451416 -0.7120075821876526 -0.48044177889823914 -0.7798045873641968 0.3813272714614868 -0.496481716632843 -1.4546538591384888
0.615449070930481 0.6120976209640503 -0.4965469539165497 0.36661186814308167 0.11453265696763992 -0.6927611231803894 -0.7120141386985779 -0.4804493486881256 -0.7798106670379639 0.38133758306503296 -0.496464341878891 -1.4546451568603516
0.6154125928878784 0.6121708154678345 -0.49650198221206665 0.36661025881767273 0.11469610780477524 -0.6927616596221924 -0.7119872570037842 -0.4802742898464203 -0.7798154354095459 0.3812190592288971 -0.4965478181838989 -1.454432725906372
0.6153905987739563 0.6121712923049927 -0.49652865529060364 0.3665991723537445 0.11465617269277573 -0.6927568912506104 -0.7119983434677124 -0.4802640378475189 -0.7798386216163635 0.3812270164489746 -0.4965052604675293 -1.4544199705123901
0.6154443025588989 0.6121759414672852 -0.4964563250541687 0.3665979504585266 0.11468411982059479 -0.692726194858551 -0.7120237350463867 -0.48036637902259827 -0.7797921895980835 0.3812752366065979 -0.49654120206832886 -1.4544435739517212
0.6154105067253113 0.6122918725013733 -0.49635523557662964 0.36667847633361816 0.11476020514965057 -0.6926208138465881 -0.7121139764785767 -0.48042163252830505 -0.7798076272010803 0.3812805712223053 -0.49651283025741577 -1.4547818899154663
0.6154121160507202 0.612284243106842 -0.4963626563549042 0.3666861653327942 0.11474694311618805 -0.6926241517066956 -0.7121129035949707 -0.4804321825504303 -0.7798083424568176 0.38128677010536194 -0.4965069890022278 -1.4547685384750366
0.6155521869659424 0.6122114062309265 -0.4962788224220276 0.36670270562171936 0.11491920053958893 -0.6927146315574646 -0.7119970321655273 -0.48035338521003723 -0.779672384262085 0.3812393546104431 -0.49675682187080383 -1.4546958208084106
0.6155499815940857 0.6122024059295654 -0.49629271030426025 0.36672013998031616 0.11492229253053665 -0.6927306056022644 -0.7119809985160828 -0.4803633391857147 -0.77967369556427 0.38122475147247314 -0.49676597118377686 -1.4546594619750977
0.6154559850692749 0.612193763256073 -0.4964198172092438 0.36668097972869873 0.1149030476808548 -0.69279944896698 -0.7119171619415283 -0.48033908009529114 -0.7797507047653198 0.3811134994029999 -0.4967304766178131 -1.4547046422958374
0.6154581904411316 0.6121770143508911 -0.49643781781196594 0.3666854202747345 0.11488497257232666 -0.6928130984306335 -0.7119067311286926 -0.4803350865840912 -0.7797516584396362 0.38111555576324463 -0.4967274069786072 -1.4546840190887451
0.6155243515968323 0.6121497750282288 -0.4963892996311188 0.3667892813682556 0.11480236798524857 -0.6927653551101685 -0.7119665145874023 -0.4805060923099518 -0.7797116041183472 0.38124603033065796 -0.49669018387794495 -1.4550931453704834
0.6155086159706116 0.612164318561554 -0.4963909089565277 0.3667815327644348 0.1148013025522232 -0.6927550435066223 -0.7119767665863037 -0.48050495982170105 -0.7797241806983948 0.38124147057533264 -0.49667394161224365 -1.4550944566726685
0.6155312657356262 0.6122193336486816 -0.49629494547843933 0.36686602234840393 0.11478620022535324 -0.6926528215408325 -0.7120786309242249 -0.48057761788368225 -0.7797085046768188 0.38133883476257324 -0.49662378430366516 -1.455398440361023
0.6155176162719727 0.6122334599494934 -0.49629446864128113 0.36685946583747864 0.11479964107275009 -0.6926487684249878 -0.7120804190635681 -0.4805733263492584 -0.7797172665596008 0.38132360577583313 -0.49662163853645325 -1.4554169178009033
