# 3x4 first row second row third row Freq: 100 current Time: 2021-07-30-21:00:48
0.9955376386642456 -0.06984755396842957 -0.06345178931951523 0.08187399804592133 -0.07384664565324783 -0.15803147852420807 -0.9846688508987427 -0.3014339506626129 0.058749325573444366 0.9849606156349182 -0.1624842882156372 -1.5276165008544922
0.9955382943153381 -0.06984018534421921 -0.06344981491565704 0.08186959475278854 -0.07384277880191803 -0.15801960229873657 -0.9846710562705994 -0.301424503326416 0.05874329060316086 0.9849629998207092 -0.16247175633907318 -1.5276167392730713
0.9955379962921143 -0.06989433616399765 -0.06339509040117264 0.08184598386287689 -0.0737956240773201 -0.15798839926719666 -0.9846795797348022 -0.3013959228992462 0.05880783870816231 0.9849641919136047 -0.16244134306907654 -1.5275729894638062
0.9955385327339172 -0.06991072744131088 -0.06336823105812073 0.08183439821004868 -0.07377283275127411 -0.15800684690475464 -0.984678328037262 -0.30138885974884033 0.05882696062326431 0.9849600791931152 -0.16245941817760468 -1.5275729894638062
0.9955354928970337 -0.06995940208435059 -0.0633619874715805 0.08184434473514557 -0.07376722991466522 -0.15788352489471436 -0.9846985340118408 -0.3013865053653717 0.058885108679533005 0.9849763512611389 -0.16233937442302704 -1.5273857116699219
0.9955337643623352 -0.06991283595561981 -0.06344109773635864 0.0818326398730278 -0.07383115589618683 -0.15777094662189484 -0.984711766242981 -0.3014582395553589 0.05883483588695526 0.9849977493286133 -0.1622280478477478 -1.5274826288223267
0.9955331087112427 -0.06992682814598083 -0.06343574076890945 0.08183952420949936 -0.07382779568433762 -0.1577652394771576 -0.9847129583358765 -0.3014609217643738 0.05884990096092224 0.9849976301193237 -0.16222305595874786 -1.52748441696167
0.9955200552940369 -0.07007250934839249 -0.06347934156656265 0.08189335465431213 -0.07390231639146805 -0.15789300203323364 -0.9846868515014648 -0.30148637294769287 0.058976538479328156 0.9849668145179749 -0.1623641699552536 -1.5277161598205566
0.9955196380615234 -0.07006717473268509 -0.06349226832389832 0.08190590888261795 -0.0739133208990097 -0.15787790715694427 -0.9846884608268738 -0.3014875054359436 0.058970313519239426 0.9849696159362793 -0.16234946250915527 -1.5277211666107178
0.9955212473869324 -0.07000427693128586 -0.06353621184825897 0.08188436180353165 -0.07393982261419296 -0.15776576101779938 -0.9847044348716736 -0.3014717996120453 0.05890968069434166 0.9849920272827148 -0.16223527491092682 -1.5276613235473633
0.9955236911773682 -0.06998705118894577 -0.06351684778928757 0.08188363909721375 -0.07391864061355591 -0.15777872502803802 -0.9847039580345154 -0.30147048830986023 0.05889492109417915 0.984991192817688 -0.16224581003189087 -1.5276648998260498
0.9955267310142517 -0.06986454129219055 -0.06360399723052979 0.08185431361198425 -0.07399027794599533 -0.1578691601753235 -0.9846841096878052 -0.30153143405914307 0.05875339359045029 0.9849854111671448 -0.16233226656913757 -1.5277113914489746
0.9955278038978577 -0.06986182183027267 -0.06359032541513443 0.08184433728456497 -0.07397715747356415 -0.15788328647613525 -0.9846827983856201 -0.30153971910476685 0.05875188857316971 0.9849833250045776 -0.16234537959098816 -1.5277186632156372
0.9955300092697144 -0.069783054292202 -0.0636417344212532 0.0818314179778099 -0.07401185482740402 -0.15782774984836578 -0.9846891164779663 -0.30156251788139343 0.05867018550634384 0.9849978089332581 -0.16228704154491425 -1.527699589729309
0.9955325126647949 -0.06975150108337402 -0.06363768875598907 0.0818236768245697 -0.07400202751159668 -0.15781627595424652 -0.9846916794776917 -0.3015786111354828 0.05864065885543823 0.9850019216537476 -0.16227298974990845 -1.5277060270309448
0.9955300688743591 -0.06974101811647415 -0.06368720531463623 0.08182664215564728 -0.07405310869216919 -0.15788032114505768 -0.9846775531768799 -0.30151697993278503 0.05861745774745941 0.9849923849105835 -0.16233915090560913 -1.5275077819824219
0.9955286383628845 -0.0697447806596756 -0.06370566040277481 0.0818304568529129 -0.07406982779502869 -0.15784424543380737 -0.9846820831298828 -0.30152979493141174 0.0586208701133728 0.9849978685379028 -0.16230444610118866 -1.5275118350982666
0.9955345988273621 -0.06957679986953735 -0.06379610300064087 0.08185971528291702 -0.07413432747125626 -0.15788498520851135 -0.9846706986427307 -0.3015616834163666 0.05843779072165489 0.9850032329559326 -0.162337988615036 -1.5278130769729614
0.9955334663391113 -0.06958598643541336 -0.06380337476730347 0.08187337219715118 -0.07414267212152481 -0.15787920355796814 -0.9846709966659546 -0.30157408118247986 0.05844607949256897 0.9850035309791565 -0.16233332455158234 -1.527829647064209
0.9955435991287231 -0.06952361017465591 -0.06371385604143143 0.08187758922576904 -0.07405664026737213 -0.15809299051761627 -0.9846431612968445 -0.30151620507240295 0.058383237570524216 0.9849736094474792 -0.16253715753555298 -1.5279133319854736
0.9955460429191589 -0.06953097879886627 -0.06366769969463348 0.08188162744045258 -0.074008509516716 -0.15803103148937225 -0.9846567511558533 -0.3015158474445343 0.05840267613530159 0.9849830865859985 -0.16247303783893585 -1.5281106233596802
0.9955481290817261 -0.06950803101062775 -0.0636598989367485 0.08188632875680923 -0.07399742305278778 -0.15803714096546173 -0.9846566319465637 -0.3015165328979492 0.05838090926408768 0.9849836826324463 -0.16247698664665222 -1.5281368494033813
0.9955483078956604 -0.06950362026691437 -0.06366129219532013 0.08188784867525101 -0.07399839907884598 -0.1580425351858139 -0.9846556782722473 -0.3015199601650238 0.05837593972682953 0.9849831461906433 -0.1624821424484253 -1.528164267539978
0.995533287525177 -0.06963487714529037 -0.0637534111738205 0.08192165195941925 -0.07410766929388046 -0.15798774361610413 -0.9846562147140503 -0.301485538482666 0.05849416181445122 0.9849826693534851 -0.16244253516197205 -1.5277447700500488
0.9955352544784546 -0.06962258368730545 -0.06373612582683563 0.08192753791809082 -0.0740872174501419 -0.15796497464179993 -0.9846614599227905 -0.30149373412132263 0.05848659947514534 0.984987199306488 -0.16241784393787384 -1.5277560949325562
0.995540976524353 -0.06958618760108948 -0.06368586421012878 0.08189213275909424 -0.07403970509767532 -0.1581020951271057 -0.9846429824829102 -0.3015356957912445 0.05844868719577789 0.9849677681922913 -0.16254925727844238 -1.5278960466384888
0.9955382943153381 -0.06967897713184357 -0.06362617015838623 0.08186537772417068 -0.07398903369903564 -0.15798796713352203 -0.9846651554107666 -0.3015442192554474 0.05855829268693924 0.984979510307312 -0.1624385565519333 -1.528031826019287
0.9955357909202576 -0.06969384849071503 -0.06364908814430237 0.08186854422092438 -0.07401318103075027 -0.15797218680381775 -0.9846658706665039 -0.3015563189983368 0.058570366352796555 0.9849810004234314 -0.162425234913826 -1.5280665159225464
0.9955323338508606 -0.0696885958313942 -0.06370941549539566 0.08188682794570923 -0.07407078891992569 -0.15795187652111053 -0.984664797782898 -0.30163565278053284 0.05855688452720642 0.9849846363067627 -0.16240808367729187 -1.5281345844268799
0.9955329298973083 -0.06967907398939133 -0.06371059268712997 0.08189534395933151 -0.07407017797231674 -0.15794816613197327 -0.9846653938293457 -0.30166009068489075 0.05854760482907295 0.984985888004303 -0.16240373253822327 -1.528167486190796
0.995537281036377 -0.06967850029468536 -0.06364263594150543 0.08187416195869446 -0.07400049269199371 -0.15790815651416779 -0.9846770763397217 -0.30172261595726013 0.05856113135814667 0.9849923253059387 -0.16235971450805664 -1.528308629989624
0.9955360293388367 -0.06968133896589279 -0.06365938484668732 0.08187064528465271 -0.07401760667562485 -0.15790964663028717 -0.9846755266189575 -0.3017502725124359 0.05856108292937279 0.9849919080734253 -0.16236238181591034 -1.5283411741256714
0.9955318570137024 -0.06983928382396698 -0.06355182826519012 0.08185290545225143 -0.0739409402012825 -0.1579761654138565 -0.9846706390380859 -0.3017021417617798 0.05872901529073715 0.9849700331687927 -0.16243427991867065 -1.5282565355300903
0.9955314993858337 -0.06986614316701889 -0.06352777779102325 0.08189024031162262 -0.07391846179962158 -0.15792465209960938 -0.9846805930137634 -0.3016377389431 0.058763232082128525 0.9849764108657837 -0.16238336265087128 -1.5283023118972778
0.9955319762229919 -0.06987223029136658 -0.06351380050182343 0.08188541978597641 -0.07390624284744263 -0.15793493390083313 -0.9846798777580261 -0.30164507031440735 0.05877072364091873 0.9849743247032166 -0.16239327192306519 -1.5283364057540894
0.9955298900604248 -0.06988643854856491 -0.06353025138378143 0.08186355978250504 -0.07391910254955292 -0.15783897042274475 -0.9846943020820618 -0.3016662895679474 0.05878923088312149 0.9849886894226074 -0.16229934990406036 -1.5282777547836304
0.9955282211303711 -0.06990404427051544 -0.06353723257780075 0.08185821026563644 -0.0739293247461319 -0.15784645080566406 -0.9846923351287842 -0.3016761243343353 0.058804843574762344 0.9849862456321716 -0.16230855882167816 -1.5283093452453613
0.9955223202705383 -0.06990756839513779 -0.06362537294626236 0.08187033981084824 -0.07401316612958908 -0.15778076648712158 -0.9846965074539185 -0.3016469478607178 0.05879887938499451 0.984996497631073 -0.16224835813045502 -1.5282944440841675
0.9955212473869324 -0.06992371380329132 -0.063624806702137 0.08187376707792282 -0.07401419430971146 -0.15776340663433075 -0.9846992492675781 -0.3016599118709564 0.05881616473197937 0.9849981665611267 -0.1622321754693985 -1.5283317565917969
0.9955254793167114 -0.06999184191226959 -0.06348343193531036 0.0818336084485054 -0.07389082759618759 -0.15785329043865204 -0.9846941232681274 -0.3016125559806824 0.05889948830008507 0.9849789142608643 -0.16231872141361237 -1.52829110622406
0.9955229759216309 -0.07002008706331253 -0.06349129229784012 0.08183256536722183 -0.07390425354242325 -0.15787068009376526 -0.9846903085708618 -0.30162128806114197 0.05892468988895416 0.9849741458892822 -0.16233867406845093 -1.5283284187316895
0.9955215454101562 -0.06987757980823517 -0.06367126852273941 0.08186253905296326 -0.07405746728181839 -0.15784449875354767 -0.9846829771995544 -0.3016517460346222 0.058757103979587555 0.9849884510040283 -0.1623125523328781 -1.5282001495361328
0.9955286383628845 -0.06983345001935959 -0.06360837072134018 0.0818781927227974 -0.07398366183042526 -0.15777064859867096 -0.9847003817558289 -0.30157947540283203 0.058729492127895355 0.9850034117698669 -0.16223174333572388 -1.5281429290771484
0.9955270886421204 -0.06984205543994904 -0.06362320482730865 0.0818813219666481 -0.07400050759315491 -0.15778356790542603 -0.9846970438957214 -0.3015809953212738 0.05873457342386246 0.985000729560852 -0.16224616765975952 -1.5281684398651123
0.9955300688743591 -0.0697920098900795 -0.06363130360841751 0.08190397918224335 -0.0740104392170906 -0.15795259177684784 -0.9846692085266113 -0.3015325367450714 0.058671314269304276 0.9849771857261658 -0.1624118983745575 -1.5279866456985474
0.9955305457115173 -0.06978622823953629 -0.06363066285848618 0.08190740644931793 -0.07400890439748764 -0.15795335173606873 -0.9846692085266113 -0.3015368580818176 0.058665674179792404 0.9849774837493896 -0.16241219639778137 -1.5280072689056396
0.9955311417579651 -0.06977486610412598 -0.06363330036401749 0.08190957456827164 -0.0740102156996727 -0.1579626202583313 -0.9846675992012024 -0.30153995752334595 0.058653369545936584 0.9849767684936523 -0.16242076456546783 -1.5280269384384155
0.9955253601074219 -0.06974590569734573 -0.06375553458929062 0.08189564198255539 -0.074123814702034 -0.15791937708854675 -0.9846659898757935 -0.30153337121009827 0.05860818549990654 0.9849857687950134 -0.162382572889328 -1.5278123617172241
0.9955150485038757 -0.06975794583559036 -0.06390286237001419 0.08189510554075241 -0.07427172362804413 -0.15792319178581238 -0.9846542477607727 -0.3015071749687195 0.05859570950269699 0.984984278678894 -0.16239596903324127 -1.5275548696517944
0.9955142736434937 -0.0697585940361023 -0.0639142394065857 0.08190605044364929 -0.0742822140455246 -0.15790849924087524 -0.9846557974815369 -0.30151647329330444 0.058595601469278336 0.9849866032600403 -0.16238199174404144 -1.5275613069534302
0.9955173134803772 -0.06984051316976547 -0.06377743184566498 0.08184932917356491 -0.07415425032377243 -0.1578078418970108 -0.9846816062927246 -0.3014768064022064 0.05870608612895012 0.9849969148635864 -0.162279412150383 -1.5275217294692993
0.9955137372016907 -0.06986485421657562 -0.0638071596622467 0.08185373246669769 -0.07418638467788696 -0.15778711438179016 -0.9846825003623962 -0.301479309797287 0.05872675031423569 0.9849985241889954 -0.16226224601268768 -1.5275273323059082
0.9955193400382996 -0.06996014714241028 -0.06361423432826996 0.08184244483709335 -0.07400976866483688 -0.15776501595973969 -0.9846993088722229 -0.3014275133609772 0.05885360389947891 0.9849953055381775 -0.16223587095737457 -1.52738618850708
0.9955164194107056 -0.06994751840829849 -0.06367453187704086 0.08184010535478592 -0.0740668997168541 -0.15775737166404724 -0.9846962690353394 -0.3014277219772339 0.05883193388581276 0.9849974513053894 -0.16223083436489105 -1.5273849964141846
0.9955165386199951 -0.06999992579221725 -0.06361449509859085 0.0818173885345459 -0.07400964945554733 -0.15765032172203064 -0.9847176671028137 -0.3014330565929413 0.05890131741762161 0.9850108623504639 -0.1621241718530655 -1.5273295640945435
0.9955161213874817 -0.07000363618135452 -0.06361701339483261 0.08180738985538483 -0.07401365041732788 -0.15766541659832 -0.9847149848937988 -0.3014374375343323 0.05890342593193054 0.985008180141449 -0.16213969886302948 -1.5273277759552002
0.9955151081085205 -0.06996778398752213 -0.06367204338312149 0.08181539177894592 -0.07406166940927505 -0.15765590965747833 -0.9847128987312317 -0.30147743225097656 0.05885990336537361 0.9850122332572937 -0.16213077306747437 -1.5273456573486328
0.995516836643219 -0.06996235251426697 -0.06365101039409637 0.08180857449769974 -0.0740395337343216 -0.15764841437339783 -0.9847157597541809 -0.30148735642433167 0.05885855108499527 0.9850138425827026 -0.16212163865566254 -1.5273473262786865
0.995530366897583 -0.06986702233552933 -0.06354393810033798 0.08183024823665619 -0.0739215835928917 -0.15770670771598816 -0.9847152829170227 -0.30143144726753235 0.0587778203189373 0.9850112795829773 -0.1621665060520172 -1.5273292064666748
0.9955276250839233 -0.06988710910081863 -0.06356486678123474 0.0818324089050293 -0.07394528388977051 -0.15770220756530762 -0.9847142100334167 -0.30143606662750244 0.05879450961947441 0.98501056432724 -0.16216473281383514 -1.527337908744812
0.9955326914787292 -0.06989887356758118 -0.06347282230854034 0.08185507357120514 -0.07385261356830597 -0.15764278173446655 -0.9847307205200195 -0.3014465570449829 0.05882553383708 0.9850192070007324 -0.16210074722766876 -1.5275520086288452
0.9955291748046875 -0.06992583721876144 -0.06349839270114899 0.08185259252786636 -0.07388395071029663 -0.15767055749893188 -0.9847238659858704 -0.30145829916000366 0.05884581804275513 0.9850128889083862 -0.16213203966617584 -1.5277565717697144
0.9955288767814636 -0.06991562247276306 -0.063514344394207 0.08185328543186188 -0.07389776408672333 -0.1576654464006424 -0.984723687171936 -0.3014684021472931 0.05883355066180229 0.9850144386291504 -0.16212710738182068 -1.5277845859527588
0.9955239295959473 -0.06994596123695374 -0.06355839967727661 0.0818607434630394 -0.07394425570964813 -0.15763157606124878 -0.9847255945205688 -0.30154088139533997 0.05885877087712288 0.9850176572799683 -0.16209810972213745 -1.5280946493148804
0.9955217242240906 -0.06995880603790283 -0.06357857584953308 0.08185825496912003 -0.07396585494279861 -0.1576240360736847 -0.9847251772880554 -0.301552414894104 0.058868683874607086 0.9850179553031921 -0.16209271550178528 -1.5281343460083008
0.9955077171325684 -0.06998301297426224 -0.06377141922712326 0.08185864239931107 -0.07415957003831863 -0.15760764479637146 -0.9847132563591003 -0.30158674716949463 0.058862339705228806 0.9850189089775085 -0.1620895266532898 -1.5279765129089355
0.995506763458252 -0.06999623030424118 -0.06377176195383072 0.08185417950153351 -0.07416176050901413 -0.1576027274131775 -0.9847138524055481 -0.3016010820865631 0.05887565761804581 0.9850187301635742 -0.162085622549057 -1.5280059576034546
0.9955037236213684 -0.06999415904283524 -0.0638214647769928 0.08183971792459488 -0.07420780509710312 -0.1575561910867691 -0.984717845916748 -0.3015623986721039 0.05886903032660484 0.9850262999534607 -0.16204188764095306 -1.5277405977249146
0.9955040216445923 -0.0699954479932785 -0.06381490081548691 0.08183582127094269 -0.07420134544372559 -0.15755315124988556 -0.9847187995910645 -0.30157363414764404 0.05887160077691078 0.9850267171859741 -0.16203854978084564 -1.5277620553970337
0.995503842830658 -0.06990251690149307 -0.06392008066177368 0.08183553069829941 -0.07428949326276779 -0.15754026174545288 -0.9847142100334167 -0.3015995919704437 0.0587640181183815 0.9850353598594666 -0.16202495992183685 -1.527740478515625
0.9955002665519714 -0.06994520127773285 -0.06392864882946014 0.0818607285618782 -0.07430781424045563 -0.15758885443210602 -0.9847050905227661 -0.3015730381011963 0.05880095437169075 0.9850245714187622 -0.16207721829414368 -1.5277179479599
0.9955016374588013 -0.06995216757059097 -0.06390025466680527 0.08184829354286194 -0.07428082078695297 -0.15758804976940155 -0.984707236289978 -0.3015497922897339 0.05881249159574509 0.9850242137908936 -0.16207526624202728 -1.5277243852615356
0.9955017566680908 -0.06994645297527313 -0.06390414386987686 0.08184073120355606 -0.07428327947854996 -0.1575804501771927 -0.9847082495689392 -0.30151233077049255 0.05880681052803993 0.9850258231163025 -0.1620674580335617 -1.5276153087615967
0.9955014586448669 -0.0699310228228569 -0.06392563879489899 0.08184226602315903 -0.07430148124694824 -0.1575712263584137 -0.9847083687782288 -0.3015183210372925 0.05878882110118866 0.9850283861160278 -0.16205835342407227 -1.5276312828063965
0.995506227016449 -0.0698583722114563 -0.06393083184957504 0.08182472735643387 -0.07429740577936172 -0.157615065574646 -0.9847016930580139 -0.30151206254959106 0.058713190257549286 0.9850265383720398 -0.16209706664085388 -1.527584195137024
0.9955056309700012 -0.06987345963716507 -0.06392358988523483 0.08182444423437119 -0.07429289817810059 -0.15761840343475342 -0.9847014546394348 -0.3015225827693939 0.058728959411382675 0.9850249290466309 -0.1621011197566986 -1.5275957584381104
0.9954981207847595 -0.06988537311553955 -0.06402742117643356 0.08183996379375458 -0.07439806312322617 -0.1576271802186966 -0.9846921563148499 -0.3015056848526001 0.05872311070561409 0.9850226640701294 -0.1621169000864029 -1.5273776054382324
0.9954970479011536 -0.06989552825689316 -0.06403317302465439 0.08184072375297546 -0.07440575957298279 -0.15763309597969055 -0.9846906065940857 -0.30151763558387756 0.058731719851493835 0.9850209951400757 -0.1621239185333252 -1.5273833274841309
0.9955196976661682 -0.06982989609241486 -0.06375245004892349 0.08183176815509796 -0.07411563396453857 -0.157603457570076 -0.9847172498703003 -0.3014918267726898 0.0587150976061821 0.9850304126739502 -0.16207283735275269 -1.5275148153305054
0.9955177307128906 -0.06986323744058609 -0.06374622136354446 0.08182832598686218 -0.07411786913871765 -0.15765319764614105 -0.9847090840339661 -0.30149897933006287 0.05874517187476158 0.985020101070404 -0.1621246635913849 -1.5275328159332275
0.9955172538757324 -0.06984762847423553 -0.0637703537940979 0.08183401077985764 -0.07413371652364731 -0.15756134688854218 -0.9847226142883301 -0.3014283776283264 0.05873280018568039 0.9850358963012695 -0.1620331108570099 -1.5274460315704346
0.9955228567123413 -0.06984631717205048 -0.06368496268987656 0.08183269202709198 -0.07404633611440659 -0.1575160026550293 -0.984736442565918 -0.3014015555381775 0.05874880775809288 0.9850432276725769 -0.16198264062404633 -1.527442455291748
0.9955240488052368 -0.06982780247926712 -0.06368646770715714 0.08183488994836807 -0.074044369161129 -0.15750856697559357 -0.984737753868103 -0.30141445994377136 0.05873091146349907 0.9850457310676575 -0.16197390854358673 -1.5274678468704224
0.9955182075500488 -0.06988366693258286 -0.06371671706438065 0.08183758705854416 -0.07407896220684052 -0.1574345827102661 -0.9847469925880432 -0.30146530270576477 0.05878651887178421 0.9850535988807678 -0.161905899643898 -1.5275206565856934
0.9955170750617981 -0.06989452987909317 -0.06372210383415222 0.08184319734573364 -0.07408612221479416 -0.15743568539619446 -0.9847462773323059 -0.301483690738678 0.05879624933004379 0.9850526452064514 -0.1619081348180771 -1.5275437831878662
0.995527982711792 -0.06980963051319122 -0.06364494562149048 0.0818256363272667 -0.07399987429380417 -0.1575007438659668 -0.9847423434257507 -0.30149954557418823 0.05872037261724472 0.9850482940673828 -0.16196230053901672 -1.527550220489502
0.9955254197120667 -0.06983165442943573 -0.06366059184074402 0.08182401210069656 -0.07401959598064423 -0.157511904835701 -0.9847391247749329 -0.3015167713165283 0.05873866006731987 0.9850449562072754 -0.16197602450847626 -1.527572512626648
0.9955332279205322 -0.06979578733444214 -0.06357802450656891 0.08183525502681732 -0.07392825186252594 -0.15744750201702118 -0.9847562313079834 -0.30153125524520874 0.0587216354906559 0.9850577712059021 -0.16190409660339355 -1.5277256965637207
0.9955348968505859 -0.06977204233407974 -0.06357739865779877 0.08183183521032333 -0.07392463088035583 -0.15746194124221802 -0.984754204750061 -0.30154529213905334 0.05869729444384575 0.9850571751594543 -0.16191673278808594 -1.5277554988861084
0.9955331087112427 -0.06978901475667953 -0.06358681619167328 0.08183770626783371 -0.07393664866685867 -0.15746091306209564 -0.9847534894943237 -0.3014940917491913 0.058712538331747055 0.9850561022758484 -0.1619175225496292 -1.5275517702102661
0.9955325126647949 -0.06981714069843292 -0.06356548517942429 0.08183835446834564 -0.07392000406980515 -0.15745893120765686 -0.9847550392150879 -0.30150777101516724 0.058743830770254135 0.9850544333457947 -0.1619163602590561 -1.527557134628296
0.995521605014801 -0.06980576366186142 -0.06374864280223846 0.08184641599655151 -0.07409927248954773 -0.15745797753334045 -0.984741747379303 -0.30150920152664185 0.05870291218161583 0.9850553870201111 -0.16192537546157837 -1.5273289680480957
0.9955229163169861 -0.06983986496925354 -0.06369082629680634 0.08185620605945587 -0.07404118776321411 -0.15735015273094177 -0.9847633242607117 -0.30148229002952576 0.058753978461027145 0.9850702285766602 -0.16181671619415283 -1.5275152921676636
0.9955236315727234 -0.0698304995894432 -0.0636894628405571 0.08186379075050354 -0.07403865456581116 -0.1573556810617447 -0.9847626090049744 -0.30149221420288086 0.05874456837773323 0.985069990158081 -0.16182146966457367 -1.5275386571884155
0.9955306649208069 -0.06994009763002396 -0.06345894187688828 0.0818396583199501 -0.0738319531083107 -0.15741457045078278 -0.9847687482833862 -0.3015011250972748 0.05888545885682106 0.9850528240203857 -0.16187484562397003 -1.527614712715149
0.9955304861068726 -0.06993713229894638 -0.06346533447504044 0.08184313774108887 -0.07383822649717331 -0.15742182731628418 -0.9847671389579773 -0.3015146255493164 0.05888096243143082 0.9850518703460693 -0.16188225150108337 -1.527634859085083
0.9955348372459412 -0.06990804523229599 -0.0634290874004364 0.08183802664279938 -0.07379854470491409 -0.15743698179721832 -0.9847676753997803 -0.3015160858631134 0.05885709822177887 0.9850515127182007 -0.1618930995464325 -1.5277115106582642
0.9955343008041382 -0.0699269250035286 -0.06341700255870819 0.08183939009904861 -0.07378874719142914 -0.15742172300815582 -0.9847708344459534 -0.30153316259384155 0.058878786861896515 0.9850525856018066 -0.1618785411119461 -1.5277326107025146
0.9955353140830994 -0.06990261375904083 -0.06342759728431702 0.08182588219642639 -0.07379258424043655 -0.1573765128850937 -0.9847778081893921 -0.3015410304069519 0.05885652080178261 0.985061526298523 -0.16183216869831085 -1.5277211666107178
0.9955370426177979 -0.06988335400819778 -0.06342165917158127 0.08182059228420258 -0.07378258556127548 -0.15735994279384613 -0.9847812056541443 -0.30155548453330994 0.05883978679776192 0.9850655794143677 -0.16181382536888123 -1.527745008468628
0.9955388903617859 -0.06984759122133255 -0.06343219429254532 0.081845223903656 -0.07378862053155899 -0.15738382935523987 -0.9847769141197205 -0.3015466034412384 0.05880109220743179 0.9850642681121826 -0.1618356853723526 -1.5278126001358032
