# 3x4 first row second row third row Freq: 100 current Time: 2021-07-30-21:01:30
0.12746146321296692 0.818635106086731 -0.5599911212921143 0.13723503053188324 0.699813187122345 -0.47432419657707214 -0.5341142416000366 -0.6382676959037781 -0.702862024307251 -0.3238102197647095 -0.6333497166633606 -1.1876516342163086
0.12763474881649017 0.8184667229652405 -0.5601978302001953 0.13712339103221893 0.7000128030776978 -0.4744688868522644 -0.5337240099906921 -0.6382160186767578 -0.7026318311691284 -0.32402393221855164 -0.6334958672523499 -1.1871153116226196
0.1276208758354187 0.818451464176178 -0.5602232813835144 0.1373087614774704 0.7000391483306885 -0.47446519136428833 -0.5336927175521851 -0.637726902961731 -0.702608048915863 -0.3240679204463959 -0.6334997415542603 -1.1863149404525757
0.1279696822166443 0.8183537721633911 -0.5602864027023315 0.1371438354253769 0.6997736096382141 -0.47483381628990173 -0.533713161945343 -0.6383664608001709 -0.7028090953826904 -0.3237745761871338 -0.6334266662597656 -1.1873763799667358
0.1279679834842682 0.8183415532112122 -0.560304582118988 0.13732944428920746 0.699813723564148 -0.4748261868953705 -0.5336673259735107 -0.6378820538520813 -0.7027694582939148 -0.32381653785705566 -0.6334491968154907 -1.186587929725647
0.12812289595603943 0.8184098601341248 -0.5601693987846375 0.13755697011947632 0.6999561786651611 -0.4747634828090668 -0.5335362553596497 -0.6385648250579834 -0.7025993466377258 -0.3237358629703522 -0.6336791515350342 -1.1883164644241333
0.12812471389770508 0.8183909058570862 -0.5601966977119446 0.13767647743225098 0.6999859809875488 -0.47476860880851746 -0.5334926247596741 -0.6383085250854492 -0.702569305896759 -0.3237762451171875 -0.6336917877197266 -1.1879355907440186
0.1275927573442459 0.8183911442756653 -0.5603178143501282 0.13733801245689392 0.7000536322593689 -0.47450360655784607 -0.5336396098136902 -0.6389588117599487 -0.7025987505912781 -0.3241639733314514 -0.6334608793258667 -1.1887025833129883
0.12759023904800415 0.8183751702308655 -0.5603416562080383 0.13755594193935394 0.7001000642776489 -0.4744962453842163 -0.5335851907730103 -0.6384053826332092 -0.7025529146194458 -0.32421499490737915 -0.6334856152534485 -1.1878515481948853
0.12761299312114716 0.8184729814529419 -0.560193657875061 0.13752450048923492 0.7000199556350708 -0.47445008158683777 -0.5337314009666443 -0.6385840773582458 -0.7026286125183105 -0.3240356743335724 -0.6334933638572693 -1.1881930828094482
0.1280454397201538 0.8183831572532654 -0.5602261424064636 0.13741779327392578 0.700107216835022 -0.47468531131744385 -0.5334076881408691 -0.6389015316963196 -0.7024629712104797 -0.323917955160141 -0.6337372660636902 -1.1888843774795532
0.12803003191947937 0.8183823823928833 -0.5602308511734009 0.13761495053768158 0.7001422643661499 -0.474663108587265 -0.5333814024925232 -0.6383920907974243 -0.7024308443069458 -0.32395246624946594 -0.6337552070617676 -1.1881321668624878
0.12797892093658447 0.8183783888816833 -0.5602483153343201 0.13783343136310577 0.7001838088035583 -0.4746253192424774 -0.5333605408668518 -0.6378949284553528 -0.7023987770080566 -0.3240179121494293 -0.6337573528289795 -1.1873966455459595
0.12784385681152344 0.8184385299682617 -0.56019127368927 0.13760043680667877 0.700161874294281 -0.4745188057422638 -0.5334840416908264 -0.638716459274292 -0.7024452090263367 -0.32402196526527405 -0.6337037682533264 -1.1886340379714966
0.12797652184963226 0.8183906674385071 -0.5602309703826904 0.1374102085828781 0.7004339694976807 -0.47449710965156555 -0.53314608335495 -0.6382973790168762 -0.7021497488021851 -0.3241746127605438 -0.6339530944824219 -1.1879088878631592
0.1279478818178177 0.8183889389038086 -0.5602399706840515 0.13760657608509064 0.7004591822624207 -0.47447454929351807 -0.5331330299377441 -0.6378040313720703 -0.7021298408508301 -0.3242120146751404 -0.6339560747146606 -1.187174916267395
0.12767231464385986 0.8188666701316833 -0.5596044063568115 0.13753359019756317 0.7005665898323059 -0.47384876012802124 -0.5335483551025391 -0.6394082307815552 -0.7020728588104248 -0.3239207863807678 -0.6341679692268372 -1.1897722482681274
0.12762665748596191 0.8188621997833252 -0.5596214532852173 0.13774354755878448 0.7005831599235535 -0.4738253355026245 -0.5335474014282227 -0.638873279094696 -0.702064573764801 -0.32396647334098816 -0.6341537833213806 -1.1889785528182983
0.1274605095386505 0.8189731240272522 -0.5594969391822815 0.13748571276664734 0.7007010579109192 -0.47359198331832886 -0.5335996747016907 -0.6388990879058838 -0.7019770741462708 -0.32402724027633667 -0.6342195868492126 -1.1889231204986572
0.1275510936975479 0.8189924359321594 -0.5594480037689209 0.13743393123149872 0.700656533241272 -0.47363394498825073 -0.5336208939552307 -0.6391021609306335 -0.7020050883293152 -0.3239169716835022 -0.634244978427887 -1.1887553930282593
0.12748359143733978 0.8190363049507141 -0.5593991875648499 0.13765986263751984 0.7006392478942871 -0.47357040643692017 -0.5336999893188477 -0.639205813407898 -0.702034592628479 -0.3238990604877472 -0.6342214345932007 -1.1895785331726074
0.1274547278881073 0.8190256953239441 -0.5594213008880615 0.13785845041275024 0.7006668448448181 -0.4735550582408905 -0.5336773991584778 -0.6387161016464233 -0.702012300491333 -0.3239482641220093 -0.6342209577560425 -1.1888536214828491
0.12735214829444885 0.8188382387161255 -0.5597190260887146 0.1375311017036438 0.7002511024475098 -0.4738805592060089 -0.5339340567588806 -0.6392948627471924 -0.7024456262588501 -0.3239462077617645 -0.6337420344352722 -1.189502477645874
0.12766987085342407 0.818891704082489 -0.5595683455467224 0.1374513804912567 0.7004120945930481 -0.4738950729370117 -0.5337100028991699 -0.6392463445663452 -0.7022274136543274 -0.3237897753715515 -0.6340637803077698 -1.1894028186798096
0.12767565250396729 0.818878710269928 -0.5595861077308655 0.13762138783931732 0.700442910194397 -0.4738958179950714 -0.5336688756942749 -0.6387648582458496 -0.7021955847740173 -0.3238216042518616 -0.6340826749801636 -1.188668966293335
0.12815865874290466 0.8188285827636719 -0.5595490336418152 0.13740885257720947 0.7004090547561646 -0.47417154908180237 -0.5334683656692505 -0.6389765739440918 -0.7021414041519165 -0.32354462146759033 -0.6342840790748596 -1.1887966394424438
0.12794017791748047 0.8191965222358704 -0.559060275554657 0.1374971866607666 0.700572669506073 -0.4736490845680237 -0.5337175726890564 -0.639502763748169 -0.7020179629325867 -0.32337844371795654 -0.6345054507255554 -1.1901201009750366
0.1279219090938568 0.8191973567008972 -0.559063196182251 0.13765202462673187 0.7006008625030518 -0.4736272692680359 -0.5336999893188477 -0.6389994025230408 -0.7019931674003601 -0.32340821623802185 -0.6345176696777344 -1.1893894672393799
0.12791521847248077 0.8191913366317749 -0.5590735673904419 0.13783666491508484 0.7006351947784424 -0.47361424565315247 -0.5336663722991943 -0.6384856104850769 -0.7019600868225098 -0.32344257831573486 -0.6345367431640625 -1.1886444091796875
0.12766984105110168 0.8194471001625061 -0.5587548017501831 0.1377583146095276 0.7009154558181763 -0.4731328785419464 -0.533725380897522 -0.6388339996337891 -0.7017250061035156 -0.32349923253059387 -0.6347678899765015 -1.1894296407699585
0.12753018736839294 0.8194004893302917 -0.5588549971580505 0.13745921850204468 0.7007861137390137 -0.4731754958629608 -0.5338574051856995 -0.6392865777015686 -0.7018795013427734 -0.3235548734664917 -0.6345686316490173 -1.1896586418151855
0.12748335301876068 0.8193923830986023 -0.5588775873184204 0.13760676980018616 0.7008218169212341 -0.4731462001800537 -0.5338365435600281 -0.6387931704521179 -0.7018523812294006 -0.3236183226108551 -0.6345663070678711 -1.1889134645462036
0.127930149435997 0.8193839192390442 -0.5587878823280334 0.13744308054447174 0.7009221315383911 -0.47330474853515625 -0.5335642099380493 -0.6392316818237305 -0.7016708850860596 -0.3234078288078308 -0.6348742246627808 -1.1895614862442017
0.12791970372200012 0.8193670511245728 -0.5588149428367615 0.13759030401706696 0.7009643912315369 -0.47329673171043396 -0.5335158109664917 -0.6387324929237366 -0.7016305923461914 -0.32346218824386597 -0.6348910927772522 -1.1888079643249512
0.1279064118862152 0.8196383118629456 -0.5584201216697693 0.13753709197044373 0.7012746930122375 -0.4728887975215912 -0.5334697365760803 -0.6390584707260132 -0.7013228535652161 -0.32337167859077454 -0.6352770924568176 -1.189535140991211
0.12789547443389893 0.8196260333061218 -0.558440625667572 0.13769620656967163 0.7013173699378967 -0.47287601232528687 -0.533424973487854 -0.6385416984558105 -0.7012821435928345 -0.3234214782714844 -0.635296642780304 -1.188774585723877
0.12808175384998322 0.8198292255401611 -0.5580995082855225 0.13755376636981964 0.7016003727912903 -0.472633421421051 -0.5332677960395813 -0.6384996175765991 -0.7009650468826294 -0.32326096296310425 -0.6357282400131226 -1.1885863542556763
0.12806500494480133 0.8198122978210449 -0.5581281781196594 0.13771599531173706 0.7016308903694153 -0.4726281464099884 -0.5332323908805847 -0.6379658579826355 -0.7009375691413879 -0.32331156730651855 -0.6357327699661255 -1.1877905130386353
0.12800532579421997 0.8195105791091919 -0.5585848689079285 0.13765358924865723 0.7007741928100586 -0.4732849895954132 -0.533776044845581 -0.6397866606712341 -0.7018049359321594 -0.32311567664146423 -0.6348748207092285 -1.190484881401062
0.12799698114395142 0.8195030689239502 -0.5585977435112 0.13780921697616577 0.7008117437362671 -0.4732711613178253 -0.5337389707565308 -0.6392861604690552 -0.7017689347267151 -0.32315489649772644 -0.6348946690559387 -1.1897236108779907
0.1281394362449646 0.8195297122001648 -0.5585260391235352 0.13748586177825928 0.7010763883590698 -0.47318652272224426 -0.5334663987159729 -0.6390233039855957 -0.7014785408973694 -0.32321134209632874 -0.6351867914199829 -1.1892551183700562
0.12827052175998688 0.8196095824241638 -0.5583786964416504 0.13745419681072235 0.701093316078186 -0.473160058259964 -0.5334675908088684 -0.6396319270133972 -0.7014376521110535 -0.323047399520874 -0.6353152990341187 -1.190240740776062
0.12824124097824097 0.8196046352386475 -0.5583927035331726 0.13757899403572083 0.7011308670043945 -0.4731346666812897 -0.5334408283233643 -0.6391454339027405 -0.7014055252075195 -0.32309725880622864 -0.6353254318237305 -1.1894999742507935
0.12822113931179047 0.8195763826370239 -0.558438777923584 0.13773471117019653 0.7011702656745911 -0.4731346070766449 -0.5333890914916992 -0.6386324167251587 -0.7013698220252991 -0.32316890358924866 -0.635328471660614 -1.1887212991714478
0.12806016206741333 0.8194172978401184 -0.5587091445922852 0.137604758143425 0.7008183002471924 -0.47337791323661804 -0.533635675907135 -0.6388653516769409 -0.7017508745193481 -0.32321614027023315 -0.634883463382721 -1.1886616945266724
0.12821215391159058 0.8195894360542297 -0.5584216713905334 0.1373700648546219 0.7009298205375671 -0.47322893142700195 -0.5336213707923889 -0.6393296718597412 -0.7016117572784424 -0.32299765944480896 -0.6351483464241028 -1.1894875764846802
0.12816669046878815 0.8195902109146118 -0.5584309697151184 0.1374914050102234 0.7009662389755249 -0.47319141030311584 -0.533606767654419 -0.6388440728187561 -0.7015836238861084 -0.3230506479740143 -0.6351524591445923 -1.188735842704773
0.1283523589372635 0.8197103142738342 -0.5582119822502136 0.13716065883636475 0.7009679675102234 -0.47315752506256104 -0.533634603023529 -0.6388731002807617 -0.7015479803085327 -0.32279545068740845 -0.6353215575218201 -1.1888314485549927
0.1283673346042633 0.8196830749511719 -0.5582485795021057 0.13724517822265625 0.7009943723678589 -0.4731779992580414 -0.5335817337036133 -0.6383429765701294 -0.7015188336372375 -0.32283464074134827 -0.6353338360786438 -1.1880351305007935
0.12835153937339783 0.8196683526039124 -0.5582738518714905 0.13696348667144775 0.7008289694786072 -0.4732612371444702 -0.5337251424789429 -0.6384003758430481 -0.7016869783401489 -0.3227500915527344 -0.6351911425590515 -1.1879346370697021
0.1283193677663803 0.8196598291397095 -0.5582937598228455 0.13702519237995148 0.7008733153343201 -0.4732348322868347 -0.533690333366394 -0.6378873586654663 -0.7016485929489136 -0.3228103518486023 -0.6352028846740723 -1.187140703201294
0.12834426760673523 0.81950443983078 -0.5585160851478577 0.13691814243793488 0.7008333802223206 -0.4734126627445221 -0.5335850119590759 -0.6381889581680298 -0.7016838788986206 -0.32294416427612305 -0.6350958347320557 -1.1870888471603394
0.12834955751895905 0.8194819688796997 -0.558547854423523 0.13699987530708313 0.7008776664733887 -0.4734160900115967 -0.5335238575935364 -0.6376420259475708 -0.7016386985778809 -0.3229961693286896 -0.6351193189620972 -1.1861647367477417
0.12811072170734406 0.8192693591117859 -0.5589144825935364 0.13672645390033722 0.7006303668022156 -0.4736279547214508 -0.5336605906486511 -0.6383269429206848 -0.7019292712211609 -0.323224812746048 -0.6346818208694458 -1.1874308586120605
0.1282108724117279 0.8190683722496033 -0.5591859817504883 0.13666625320911407 0.7005617618560791 -0.47389543056488037 -0.5335131883621216 -0.6383324265480042 -0.7019794583320618 -0.32334214448928833 -0.6345664858818054 -1.1876171827316284
0.12819646298885345 0.8190595507621765 -0.5592021942138672 0.136709064245224 0.7005881071090698 -0.47388535737991333 -0.5334875583648682 -0.6378082633018494 -0.7019557952880859 -0.32337918877601624 -0.6345738172531128 -1.186797022819519
0.12817424535751343 0.819064199924469 -0.5592004656791687 0.13677625358104706 0.7006185054779053 -0.4738571345806122 -0.5334726572036743 -0.637274980545044 -0.70192950963974 -0.32340875267982483 -0.634587824344635 -1.185966968536377
0.12843546271324158 0.8188237547874451 -0.5594926476478577 0.13664190471172333 0.7006211876869202 -0.47419995069503784 -0.5331644415855408 -0.6369667649269104 -0.70187908411026 -0.3235152065753937 -0.6345893740653992 -1.1853584051132202
0.1281825751066208 0.8185526728630066 -0.5599470734596252 0.13673165440559387 0.7004120945930481 -0.4744435250759125 -0.5332225561141968 -0.6381733417510986 -0.7021340131759644 -0.3238438665866852 -0.6341395974159241 -1.1871600151062012
0.12818889319896698 0.8185499906539917 -0.5599495768547058 0.1368129402399063 0.7004321217536926 -0.4744396209716797 -0.533199667930603 -0.6376698017120361 -0.7021128535270691 -0.323856383562088 -0.6341565847396851 -1.1863408088684082
0.1282711923122406 0.8184014558792114 -0.560147762298584 0.13672582805156708 0.7002531886100769 -0.47469964623451233 -0.5332032442092896 -0.637744128704071 -0.7022762894630432 -0.3238506317138672 -0.633978545665741 -1.186529517173767
0.12824133038520813 0.8183798789978027 -0.5601861476898193 0.1368122547864914 0.7002898454666138 -0.47469019889831543 -0.5331634879112244 -0.6372230648994446 -0.7022451758384705 -0.3239190876483917 -0.633978009223938 -1.1857073307037354
0.12843061983585358 0.8183462619781494 -0.5601918697357178 0.13682454824447632 0.7005549669265747 -0.47468292713165283 -0.5328215956687927 -0.6376602053642273 -0.7019460797309875 -0.3240146040916443 -0.634260356426239 -1.1865895986557007
0.12843428552150726 0.8183327913284302 -0.5602107048034668 0.1369270533323288 0.7005998492240906 -0.47467663884162903 -0.532768189907074 -0.6371311545372009 -0.7019006013870239 -0.32405784726142883 -0.6342885494232178 -1.1857727766036987
0.12847299873828888 0.8182505965232849 -0.5603218674659729 0.13670866191387177 0.7004898190498352 -0.47482261061668396 -0.532782793045044 -0.6373505592346191 -0.7020033597946167 -0.32405155897140503 -0.634178102016449 -1.1858466863632202
0.12847797572612762 0.8182299137115479 -0.5603509545326233 0.13680952787399292 0.7005451917648315 -0.4748188555240631 -0.5327132940292358 -0.6368131041526794 -0.7019471526145935 -0.3241092264652252 -0.6342108249664307 -1.1849887371063232
0.1287577748298645 0.8182116746902466 -0.56031334400177 0.13674436509609222 0.7006567716598511 -0.4749075174331665 -0.5324875116348267 -0.6369380354881287 -0.7017845511436462 -0.3240254521369934 -0.6344335675239563 -1.1851470470428467
0.12853163480758667 0.8181965947151184 -0.5603873133659363 0.13680006563663483 0.7005680799484253 -0.47486355900764465 -0.5326433181762695 -0.6381138563156128 -0.7019144892692566 -0.3241279721260071 -0.6342374086380005 -1.1873303651809692
0.12850885093212128 0.8181742429733276 -0.5604251623153687 0.13688385486602783 0.7006043791770935 -0.47485801577568054 -0.5326005816459656 -0.6376097798347473 -0.7018824815750122 -0.3241924047470093 -0.634239912033081 -1.1865659952163696
0.1285635083913803 0.8181104063987732 -0.5605058073997498 0.13671839237213135 0.7005627751350403 -0.47496187686920166 -0.5325626730918884 -0.6382244229316711 -0.7019139528274536 -0.324201375246048 -0.6342004537582397 -1.187479853630066
0.12853334844112396 0.8180983066558838 -0.560530424118042 0.13679291307926178 0.7005946636199951 -0.47494542598724365 -0.5325353741645813 -0.6377009749412537 -0.7018876671791077 -0.3242560625076294 -0.6342016458511353 -1.1866860389709473
0.12863393127918243 0.8179615139961243 -0.5607069134712219 0.13681921362876892 0.7005282640457153 -0.47515013813972473 -0.5324400663375854 -0.6384916305541992 -0.7019354701042175 -0.32430121302604675 -0.6341255903244019 -1.1879249811172485
0.1286277174949646 0.8179271817207336 -0.5607584118843079 0.13693906366825104 0.7005744576454163 -0.47515869140625 -0.5323716998100281 -0.6379312872886658 -0.7018905878067017 -0.3243752717971802 -0.6341374516487122 -1.187059998512268
0.1286858767271042 0.8178971409797668 -0.5607888698577881 0.13676506280899048 0.7007728219032288 -0.47512102127075195 -0.5321442484855652 -0.6373438239097595 -0.7016818523406982 -0.32450616359710693 -0.6343014240264893 -1.18604576587677
0.12868060171604156 0.8178688287734985 -0.5608314275741577 0.13689415156841278 0.7007927298545837 -0.4751363694667816 -0.5321042537689209 -0.6368252635002136 -0.7016628980636597 -0.3245551288127899 -0.6342973709106445 -1.1852495670318604
0.12891647219657898 0.8178505301475525 -0.5608039498329163 0.13693536818027496 0.7007192969322205 -0.4752911627292633 -0.5320627093315125 -0.6377447247505188 -0.7016929388046265 -0.3243744969367981 -0.6343564987182617 -1.1867785453796387
0.12916015088558197 0.8178170919418335 -0.5607966184616089 0.1367519646883011 0.70069420337677 -0.4754413366317749 -0.5319615602493286 -0.6377797722816467 -0.701673150062561 -0.32423874735832214 -0.6344477534294128 -1.1867220401763916
0.12915384769439697 0.8177933692932129 -0.560832679271698 0.1368531584739685 0.7007323503494263 -0.47544345259666443 -0.5319095253944397 -0.6372556090354919 -0.7016363143920898 -0.32429543137550354 -0.6344596147537231 -1.185917854309082
0.12918686866760254 0.8178945779800415 -0.5606774687767029 0.1369161307811737 0.7007425427436829 -0.47535720467567444 -0.531973123550415 -0.6381636261940002 -0.7016199827194214 -0.32416659593582153 -0.6345434188842773 -1.187555193901062
0.12915565073490143 0.8178956508636475 -0.5606830716133118 0.13701274991035461 0.7007712721824646 -0.4753292202949524 -0.5319603085517883 -0.6377169489860535 -0.7015970349311829 -0.3242049217224121 -0.6345492005348206 -1.1868853569030762
0.12901633977890015 0.8178130388259888 -0.5608356595039368 0.13676318526268005 0.7007031440734863 -0.47537800669670105 -0.5320064425468445 -0.6378116011619568 -0.7016907334327698 -0.3243418037891388 -0.6343756914138794 -1.1869298219680786
0.12898564338684082 0.8178077936172485 -0.5608503222465515 0.13685768842697144 0.7007379531860352 -0.4753534197807312 -0.5319825410842896 -0.6373558044433594 -0.7016616463661194 -0.3243910074234009 -0.6343827247619629 -1.1862434148788452
0.12897181510925293 0.817785918712616 -0.5608854293823242 0.13692191243171692 0.7007767558097839 -0.47535014152526855 -0.5319343209266663 -0.6379970908164978 -0.7016253471374512 -0.32445093989372253 -0.6343921422958374 -1.187317132949829
0.12870745360851288 0.8177199363708496 -0.561042308807373 0.1367453783750534 0.7005658745765686 -0.4753943085670471 -0.5321726202964783 -0.6386191844940186 -0.7018845081329346 -0.3245525360107422 -0.6340534687042236 -1.1880550384521484
0.12867122888565063 0.81771320104599 -0.5610604882240295 0.1368122696876526 0.7005888819694519 -0.4753741919994354 -0.5321602821350098 -0.638239860534668 -0.7018681764602661 -0.324599027633667 -0.6340477466583252 -1.1874606609344482
0.12882550060749054 0.8177999258041382 -0.5608986020088196 0.136867493391037 0.7008360624313354 -0.47524526715278625 -0.5319499969482422 -0.6382899284362793 -0.7015930414199829 -0.3245692253112793 -0.6343673467636108 -1.1875433921813965
0.12879113852977753 0.8177921175956726 -0.5609179139137268 0.13697774708271027 0.7008926868438721 -0.47521138191223145 -0.5319055914878845 -0.6378409266471863 -0.7015427947044373 -0.3246385157108307 -0.6343874931335449 -1.1868457794189453
0.128836527466774 0.8177213668823242 -0.5610106587409973 0.13697950541973114 0.7007990479469299 -0.4753417372703552 -0.5319125056266785 -0.6388931274414062 -0.7016280293464661 -0.32462596893310547 -0.6342996954917908 -1.1886084079742432
0.12882444262504578 0.8177236318588257 -0.5610100626945496 0.13707329332828522 0.7008426189422607 -0.47531408071517944 -0.5318797826766968 -0.6385097503662109 -0.7015866637229919 -0.32466062903404236 -0.6343276500701904 -1.188029408454895
0.12876227498054504 0.8179819583892822 -0.5606476068496704 0.13710391521453857 0.7009787559509277 -0.4749787747859955 -0.5319998860359192 -0.6388194561004639 -0.7014620900154114 -0.32450056076049805 -0.6345473527908325 -1.188655138015747
0.12874747812747955 0.8179764151573181 -0.5606591105461121 0.13722793757915497 0.7010181546211243 -0.4749593138694763 -0.5319653749465942 -0.6383945345878601 -0.7014254331588745 -0.3245430290699005 -0.6345661282539368 -1.1880290508270264
0.12898404896259308 0.8178871273994446 -0.5607349872589111 0.13706938922405243 0.7010722160339355 -0.47512286901474 -0.5317480564117432 -0.6388738751411438 -0.701327919960022 -0.3245287239551544 -0.634681224822998 -1.188730239868164
0.1289876252412796 0.8178806304931641 -0.5607436895370483 0.13716666400432587 0.701108992099762 -0.4751136004924774 -0.5317078232765198 -0.6384940147399902 -0.701290488243103 -0.32455873489379883 -0.6347072124481201 -1.18816339969635
0.12900705635547638 0.8178385496139526 -0.5608005523681641 0.13710935413837433 0.701146125793457 -0.47514480352401733 -0.5316309332847595 -0.6390566229820251 -0.7012497782707214 -0.32461902499198914 -0.6347213983535767 -1.1890836954116821
0.1290106624364853 0.8178192973136902 -0.5608278512954712 0.13721606135368347 0.7011792063713074 -0.47514936327934265 -0.531583309173584 -0.6386496424674988 -0.7012160420417786 -0.32466092705726624 -0.6347371935844421 -1.188484787940979
0.12937940657138824 0.8177253007888794 -0.5608799457550049 0.13707828521728516 0.7011404633522034 -0.4754180908203125 -0.5313940644264221 -0.638926088809967 -0.7011868357658386 -0.32450416684150696 -0.6348496079444885 -1.1887273788452148
0.12935931980609894 0.8177218437194824 -0.5608896017074585 0.13718488812446594 0.7011669278144836 -0.47540029883384705 -0.5313750505447388 -0.6385360956192017 -0.7011640667915344 -0.324538916349411 -0.6348569989204407 -1.1881344318389893
0.12907391786575317 0.8176848888397217 -0.5610092282295227 0.13714958727359772 0.7009720802307129 -0.47540032863616943 -0.5316320657730103 -0.6394182443618774 -0.7014114856719971 -0.3246319591999054 -0.63453608751297 -1.1895473003387451
0.12904761731624603 0.8176807165145874 -0.5610213875770569 0.1372622400522232 0.7010033130645752 -0.4753783345222473 -0.5316105484962463 -0.6390308141708374 -0.7013850808143616 -0.3246747553348541 -0.6345432996749878 -1.1889690160751343
0.1289874017238617 0.817857563495636 -0.5607773065567017 0.13716575503349304 0.7012118101119995 -0.4750877320766449 -0.5315954089164734 -0.6389754414558411 -0.7011877298355103 -0.32465457916259766 -0.6347717046737671 -1.18905770778656
0.12899374961853027 0.8178501129150391 -0.560786783695221 0.13728435337543488 0.7012377381324768 -0.475085586309433 -0.5315630435943604 -0.6385552883148193 -0.7011606097221375 -0.3246765434741974 -0.6347904205322266 -1.1884591579437256
