# 3x4 first row second row third row Freq: 100 current Time: 2021-07-30-21:01:45
0.6360776424407959 0.12938198447227478 -0.7607006430625916 0.3283679485321045 0.08084574341773987 -0.9915908575057983 -0.10105136036872864 -0.4877103269100189 -0.7673780918121338 0.0027770972810685635 -0.6411887407302856 -1.5797827243804932
0.6360476613044739 0.12948353588581085 -0.7607084512710571 0.32835838198661804 0.08086267113685608 -0.9915773868560791 -0.10116943717002869 -0.4877316653728485 -0.7674011588096619 0.0028356665279716253 -0.6411608457565308 -1.5798749923706055
0.6360160708427429 0.12948478758335114 -0.7607346773147583 0.32833683490753174 0.08086372166872025 -0.9915772676467896 -0.10117004811763763 -0.4877186715602875 -0.7674272656440735 0.0028299337718635798 -0.6411296725273132 -1.5798132419586182
0.6359899044036865 0.12950438261032104 -0.7607531547546387 0.328315794467926 0.0808573067188263 -0.9915746450424194 -0.10120081901550293 -0.4876699149608612 -0.7674495577812195 0.0028502424247562885 -0.6411028504371643 -1.579622507095337
0.6359812021255493 0.12948912382125854 -0.7607630491256714 0.3283008337020874 0.08086364716291428 -0.9915767312049866 -0.10117558389902115 -0.4876656234264374 -0.7674561738967896 0.0028276860248297453 -0.6410950422286987 -1.579543948173523
0.6360749006271362 0.12947168946266174 -0.7606876492500305 0.3283401131629944 0.08092691004276276 -0.9915792346000671 -0.10110045224428177 -0.4876507818698883 -0.7673717737197876 0.002747352235019207 -0.6411963701248169 -1.5795842409133911
0.6360563039779663 0.12941941618919373 -0.7607121467590332 0.32832902669906616 0.0809316337108612 -0.9915862083435059 -0.10102827847003937 -0.4876357614994049 -0.7673867344856262 0.0026939932722598314 -0.6411787271499634 -1.5794979333877563
0.6362049579620361 0.12939541041851044 -0.7605918645858765 0.32833045721054077 0.08095909655094147 -0.991589367389679 -0.10097471624612808 -0.4875822961330414 -0.7672606110572815 0.002663776744157076 -0.641329824924469 -1.5794135332107544
0.6361708641052246 0.12939143180847168 -0.7606211304664612 0.32831764221191406 0.08098243176937103 -0.9915900230407715 -0.10094987601041794 -0.4875638782978058 -0.7672864198684692 0.002624414162710309 -0.6412990689277649 -1.5793178081512451
0.6362115144729614 0.12937934696674347 -0.7605891823768616 0.328341543674469 0.08103690296411514 -0.9915918111801147 -0.10088875889778137 -0.48752686381340027 -0.7672469615936279 0.002550789387896657 -0.6413465738296509 -1.5793718099594116
0.6363154649734497 0.12942665815353394 -0.7604941129684448 0.32833337783813477 0.08116604387760162 -0.991585910320282 -0.1008429229259491 -0.48748907446861267 -0.7671470642089844 0.002441609278321266 -0.6414664387702942 -1.5793575048446655
0.6363008618354797 0.12941773235797882 -0.7605078816413879 0.3283194601535797 0.08117032796144485 -0.9915871024131775 -0.10082763433456421 -0.48745980858802795 -0.7671587467193604 0.0024260312784463167 -0.6414525508880615 -1.5792572498321533
0.6363687515258789 0.129373699426651 -0.7604585289955139 0.3282961845397949 0.08114826679229736 -0.9915928244590759 -0.10078895837068558 -0.4874601662158966 -0.7671047449111938 0.0024290478322654963 -0.6415171027183533 -1.5792183876037598
0.6363866329193115 0.12933829426765442 -0.7604495882987976 0.3282814919948578 0.081142358481884 -0.9915974736213684 -0.10074780881404877 -0.48743823170661926 -0.7670905590057373 0.0024098800495266914 -0.6415342092514038 -1.5791165828704834
0.6364414095878601 0.12929026782512665 -0.7604119181632996 0.32830578088760376 0.08110455423593521 -0.9916037321090698 -0.10071702301502228 -0.48749110102653503 -0.7670490741729736 0.0024276101030409336 -0.6415836811065674 -1.5792741775512695
0.6364430785179138 0.12927551567554474 -0.7604130506515503 0.32829251885414124 0.08110779523849487 -0.9916056990623474 -0.10069508105516434 -0.4874725043773651 -0.7670473456382751 0.002411257941275835 -0.6415858268737793 -1.5791752338409424
0.6364177465438843 0.12922480702400208 -0.760442852973938 0.3282202482223511 0.08115378022193909 -0.9916125535964966 -0.10059037804603577 -0.48741862177848816 -0.767063558101654 0.0023046841379255056 -0.6415668725967407 -1.5788849592208862
0.6364161968231201 0.12921468913555145 -0.7604458928108215 0.3282034397125244 0.08118381351232529 -0.9916139841079712 -0.10055206716060638 -0.48740050196647644 -0.7670616507530212 0.0022570614237338305 -0.6415693163871765 -1.5787841081619263
0.6364552974700928 0.12916766107082367 -0.7604211568832397 0.32818230986595154 0.08115704357624054 -0.9916200637817383 -0.1005132868885994 -0.4873903691768646 -0.7670320272445679 0.002258680760860443 -0.6416047215461731 -1.5788178443908691
0.6363956928253174 0.1291847825050354 -0.7604681253433228 0.3281458914279938 0.08106061071157455 -0.9916175603866577 -0.10061603039503098 -0.48740777373313904 -0.767091691493988 0.0023875960614532232 -0.6415328979492188 -1.5788061618804932
0.6363875269889832 0.12915407121181488 -0.7604801654815674 0.3281123638153076 0.08106381446123123 -0.9916216135025024 -0.10057327896356583 -0.4873863756656647 -0.7670981287956238 0.0023561513517051935 -0.6415253281593323 -1.5787032842636108
0.6363181471824646 0.12924785912036896 -0.7605223059654236 0.32822883129119873 0.0809551477432251 -0.9916089177131653 -0.10078614205121994 -0.48754432797431946 -0.7671671509742737 0.002563847927376628 -0.6414419412612915 -1.579282283782959
0.6362892389297485 0.12924213707447052 -0.7605474591255188 0.3282020092010498 0.08098694682121277 -0.9916097521781921 -0.10075196623802185 -0.48752328753471375 -0.767187774181366 0.0025129709392786026 -0.6414175629615784 -1.5792007446289062
0.6362842917442322 0.12928259372711182 -0.7605447173118591 0.32819682359695435 0.08103520423173904 -0.9916045665740967 -0.10076434165239334 -0.487481027841568 -0.7671867609024048 0.0024838654790073633 -0.6414188146591187 -1.5791536569595337
0.6362729072570801 0.1292344182729721 -0.7605624198913574 0.3281709551811218 0.08103872835636139 -0.9916109442710876 -0.1006985530257225 -0.4874562919139862 -0.7671958804130554 0.0024367431178689003 -0.6414081454277039 -1.5790557861328125
0.6362429857254028 0.12930496037006378 -0.7605754733085632 0.3282678723335266 0.08092005550861359 -0.9916012287139893 -0.10088958591222763 -0.4875483214855194 -0.7672331929206848 0.0026444746181368828 -0.6413626670837402 -1.5793440341949463
0.6362482905387878 0.12929216027259827 -0.7605732083320618 0.3282574415206909 0.08094058930873871 -0.9916030168533325 -0.1008557677268982 -0.4875313341617584 -0.7672266364097595 0.002608060371130705 -0.6413706541061401 -1.5792678594589233
0.6362156271934509 0.12936630845069885 -0.7605879306793213 0.3282583951950073 0.08089710772037506 -0.991593062877655 -0.10098862648010254 -0.48755934834480286 -0.7672582864761353 0.00272116856649518 -0.6413323283195496 -1.5792790651321411
0.6361902356147766 0.12934578955173492 -0.7606126666069031 0.3282446265220642 0.08089717477560043 -0.9915957450866699 -0.10096170753240585 -0.4875447452068329 -0.767279326915741 0.002699432196095586 -0.6413072347640991 -1.5792027711868286
0.6363003253936768 0.12934671342372894 -0.7605203986167908 0.3282444179058075 0.08093700557947159 -0.9915957450866699 -0.1009301245212555 -0.48746809363365173 -0.7671838402748108 0.0026676247362047434 -0.6414216160774231 -1.5790334939956665
0.6363611221313477 0.1293805092573166 -0.7604637742042542 0.32824328541755676 0.08105088025331497 -0.9915916323661804 -0.1008792445063591 -0.487445205450058 -0.7671213746070862 0.002559370594099164 -0.6414967179298401 -1.5790945291519165
0.6363382935523987 0.12933574616909027 -0.7604904770851135 0.3282211124897003 0.08106159418821335 -0.991597592830658 -0.10081181675195694 -0.48742201924324036 -0.767139196395874 0.002503839787095785 -0.6414756178855896 -1.5790081024169922
0.6362962126731873 0.12945052981376648 -0.7605062127113342 0.3282361924648285 0.08099383115768433 -0.9915821552276611 -0.10101794451475143 -0.4875199496746063 -0.7671812772750854 0.0026810180861502886 -0.6414245963096619 -1.5792409181594849
0.6363049149513245 0.12942296266555786 -0.7605035901069641 0.32821527123451233 0.08100061863660812 -0.9915858507156372 -0.1009763777256012 -0.4875105321407318 -0.7671733498573303 0.002650496317073703 -0.6414342522621155 -1.5791616439819336
0.6363748908042908 0.12938199937343597 -0.7604520320892334 0.3282671570777893 0.08106490224599838 -0.9915914535522461 -0.10086951404809952 -0.4875185191631317 -0.7671085000038147 0.0025448522064834833 -0.6415122151374817 -1.5792567729949951
0.6363701224327087 0.1293734461069107 -0.760457456111908 0.3282525837421417 0.08106434345245361 -0.9915925860404968 -0.10085881501436234 -0.4875042140483856 -0.7671124935150146 0.0025375490076839924 -0.6415074467658997 -1.5791821479797363
0.6363176703453064 0.12942412495613098 -0.7604926824569702 0.328191876411438 0.08107610791921616 -0.991585910320282 -0.10091482847929001 -0.4873857796192169 -0.7671547532081604 0.0025560937356203794 -0.6414568424224854 -1.5788646936416626
0.6363194584846497 0.12940537929534912 -0.7604944109916687 0.328172504901886 0.08110158145427704 -0.9915884733200073 -0.10086910426616669 -0.48736920952796936 -0.7671505808830261 0.002507666824385524 -0.6414620280265808 -1.5787711143493652
0.6362648010253906 0.1294862926006317 -0.7605263590812683 0.3281550705432892 0.08106313645839691 -0.991577684879303 -0.10100648552179337 -0.4873420298099518 -0.7671999931335449 0.0026162099093198776 -0.6414024829864502 -1.5786726474761963
0.6361716389656067 0.1295332908630371 -0.7605962753295898 0.3282124698162079 0.08100913465023041 -0.9915712475776672 -0.1011124923825264 -0.487375944852829 -0.7672829031944275 0.002709647873416543 -0.6413028836250305 -1.5788097381591797
0.636176347732544 0.12953658401966095 -0.7605918049812317 0.3281627297401428 0.08104737848043442 -0.9915709495544434 -0.10108484327793121 -0.48730161786079407 -0.7672750353813171 0.0026638112030923367 -0.6413125395774841 -1.5786466598510742
0.6360735297203064 0.1296168863773346 -0.7606641054153442 0.32826316356658936 0.0809546709060669 -0.9915599822998047 -0.1012665182352066 -0.4874984323978424 -0.7673699855804443 0.0028336350806057453 -0.6411981582641602 -1.5792886018753052
0.6360788345336914 0.12958915531635284 -0.7606644034385681 0.3282448947429657 0.08094757050275803 -0.9915636777877808 -0.10123632848262787 -0.4874836504459381 -0.7673664093017578 0.0028203418478369713 -0.6412025690078735 -1.5792251825332642
0.6361420154571533 0.12967494130134583 -0.7605969309806824 0.32818207144737244 0.08108828961849213 -0.9915527105331421 -0.10123086720705032 -0.48737284541130066 -0.7672991156578064 0.0027216984890401363 -0.6412834525108337 -1.5789276361465454
0.6361203789710999 0.12965816259384155 -0.7606178522109985 0.32815760374069214 0.08106888085603714 -0.9915549159049988 -0.1012251153588295 -0.48735591769218445 -0.7673191428184509 0.002728912979364395 -0.641259491443634 -1.5788599252700806
0.6361684799194336 0.1294630616903305 -0.7606108784675598 0.3281867206096649 0.08098216354846954 -0.9915804862976074 -0.1010434702038765 -0.48748674988746643 -0.7672884464263916 0.0026847519911825657 -0.6412964463233948 -1.5791008472442627
0.6361609697341919 0.12943263351917267 -0.7606223821640015 0.32815802097320557 0.08097448199987411 -0.9915845394134521 -0.10101017355918884 -0.48747608065605164 -0.7672954797744751 0.0026677194982767105 -0.6412880420684814 -1.5790311098098755
0.6362873315811157 0.12939052283763885 -0.7605238556861877 0.32824069261550903 0.08102915436029434 -0.9915902614593506 -0.10091014951467514 -0.4874676764011383 -0.7671849131584167 0.0025832392275333405 -0.6414206624031067 -1.5791305303573608
0.6362581849098206 0.12940974533557892 -0.7605449557304382 0.3282298445701599 0.08106618374586105 -0.9915878176689148 -0.10090411454439163 -0.4874493181705475 -0.7672051787376404 0.0025465914513915777 -0.6413965821266174 -1.5790483951568604
0.636227548122406 0.12932395935058594 -0.7605851888656616 0.32822245359420776 0.08090443909168243 -0.9915986657142639 -0.10092734545469284 -0.4875045120716095 -0.7672476768493652 0.0026780313346534967 -0.641345202922821 -1.5791627168655396
0.6361867785453796 0.12937913835048676 -0.7606098651885986 0.3282433748245239 0.08085242658853531 -0.9915911555290222 -0.10104257613420486 -0.4875822365283966 -0.7672869563102722 0.002784787444397807 -0.6412977576255798 -1.5793802738189697
0.6361709237098694 0.1293441653251648 -0.7606290578842163 0.32822591066360474 0.08083934336900711 -0.9915958046913147 -0.101007841527462 -0.48757264018058777 -0.7673014402389526 0.002769496524706483 -0.641280472278595 -1.5793190002441406
0.6361124515533447 0.12943723797798157 -0.7606621384620667 0.3282606899738312 0.08082779496908188 -0.9915834069252014 -0.10113854706287384 -0.4875761568546295 -0.7673511505126953 0.0028528415132313967 -0.6412206292152405 -1.5793133974075317
0.6361075639724731 0.12940669059753418 -0.7606714367866516 0.328252911567688 0.08083467930555344 -0.9915875196456909 -0.10109293460845947 -0.4875698983669281 -0.7673544883728027 0.0028173422906547785 -0.6412168145179749 -1.5792418718338013
0.6360770463943481 0.12954272329807281 -0.7606738209724426 0.3282652199268341 0.08086133748292923 -0.9915695190429688 -0.10124785453081131 -0.487520307302475 -0.7673769593238831 0.002892334247007966 -0.6411895751953125 -1.5792425870895386
0.6360723972320557 0.12950941920280457 -0.7606833577156067 0.32825925946235657 0.08085891604423523 -0.9915739297866821 -0.10120644420385361 -0.4875059425830841 -0.7673810720443726 0.002866590628400445 -0.6411848068237305 -1.5791696310043335
0.6361242532730103 0.1294083297252655 -0.7606571912765503 0.3282596170902252 0.08083111047744751 -0.9915872812271118 -0.10109813511371613 -0.4875424802303314 -0.7673410177230835 0.0028262054547667503 -0.6412329077720642 -1.5792198181152344
0.6361103653907776 0.1293889880180359 -0.7606721520423889 0.3282518684864044 0.08084926754236221 -0.9915899038314819 -0.10105769336223602 -0.487533301115036 -0.7673506140708923 0.002784054959192872 -0.6412215828895569 -1.579146146774292
0.6361632347106934 0.1294417828321457 -0.7606189250946045 0.32834747433662415 0.08083654940128326 -0.9915828108787537 -0.10113739967346191 -0.48764416575431824 -0.7673081159591675 0.0028540801722556353 -0.6412721276283264 -1.579580545425415
0.6361585259437561 0.12940087914466858 -0.7606297731399536 0.3283446133136749 0.0807185247540474 -0.9915878176689148 -0.10118269175291061 -0.48771932721138 -0.7673244476318359 0.0029713106341660023 -0.6412520408630371 -1.579796552658081
0.636154055595398 0.12938450276851654 -0.7606363296508789 0.32832953333854675 0.0807308480143547 -0.9915900230407715 -0.1011510118842125 -0.48771223425865173 -0.7673268914222717 0.002940805396065116 -0.6412492990493774 -1.5797488689422607
0.6361446976661682 0.12935951352119446 -0.7606484293937683 0.3283151090145111 0.08073814958333969 -0.9915933609008789 -0.10111229866743088 -0.48770472407341003 -0.7673338651657104 0.0029087045695632696 -0.6412410736083984 -1.5797028541564941
0.636108934879303 0.12936757504940033 -0.760676920413971 0.3284008502960205 0.08061854541301727 -0.9915918707847595 -0.10122256726026535 -0.4877806007862091 -0.7673760652542114 0.0030639031901955605 -0.6411898732185364 -1.5800729990005493
0.6361128687858582 0.12936753034591675 -0.7606736421585083 0.32839104533195496 0.08066293597221375 -0.9915920495986938 -0.10118543356657028 -0.4877702295780182 -0.7673681378364563 0.003007184714078903 -0.6411995887756348 -1.5800451040267944
0.636069655418396 0.12943661212921143 -0.7606980204582214 0.32837724685668945 0.08062049746513367 -0.9915826916694641 -0.10131070762872696 -0.4877631962299347 -0.7674084305763245 0.003112804377451539 -0.6411508917808533 -1.5799458026885986
0.6361680030822754 0.12940844893455505 -0.7606205940246582 0.3283766806125641 0.08075271546840668 -0.9915869235992432 -0.10116402804851532 -0.48768362402915955 -0.7673129439353943 0.0029351357370615005 -0.6412659287452698 -1.5798604488372803
0.6361739635467529 0.12937138974666595 -0.7606219053268433 0.3283623158931732 0.08075552433729172 -0.9915918707847595 -0.10111339390277863 -0.4876684248447418 -0.7673077583312988 0.002901285421103239 -0.6412723660469055 -1.579822301864624
0.6361961960792542 0.12926533818244934 -0.7606213688850403 0.328434020280838 0.0806763544678688 -0.9916056394577026 -0.10104142129421234 -0.48771932721138 -0.7672976851463318 0.002917999867349863 -0.6412843465805054 -1.5800057649612427
0.6361808776855469 0.1291993409395218 -0.7606453895568848 0.328335165977478 0.08064495772123337 -0.9916142821311951 -0.10098154842853546 -0.4876970946788788 -0.7673136591911316 0.002900314051657915 -0.6412652730941772 -1.5798189640045166
0.6361659169197083 0.1291830688714981 -0.7606606483459473 0.32831957936286926 0.08066131174564362 -0.9916165471076965 -0.1009465903043747 -0.48769018054008484 -0.7673243284225464 0.002862890250980854 -0.6412526965141296 -1.5797754526138306
0.6360829472541809 0.12935888767242432 -0.7607001662254333 0.32831135392189026 0.08072789758443832 -0.9915934801101685 -0.10111972689628601 -0.48764660954475403 -0.7673861384391785 0.0029108007438480854 -0.6411784887313843 -1.5796787738800049
0.6360669136047363 0.12931302189826965 -0.7607213258743286 0.32829663157463074 0.08073387295007706 -0.9915996193885803 -0.10105487704277039 -0.4876379668712616 -0.7673987746238708 0.0028616783674806356 -0.6411636471748352 -1.5796347856521606
0.6361251473426819 0.12922893464565277 -0.760686993598938 0.328291654586792 0.08068236708641052 -0.9916105270385742 -0.10098859667778015 -0.4877093732357025 -0.7673559188842773 0.0028673491906374693 -0.6412148475646973 -1.5796781778335571
0.636128842830658 0.12920823693275452 -0.7606874108314514 0.32827624678611755 0.08066525310277939 -0.9916132092475891 -0.10097592324018478 -0.4877093732357025 -0.7673546671867371 0.0028726502787321806 -0.6412163376808167 -1.5796360969543457
0.6359952092170715 0.12935516238212585 -0.7607741355895996 0.3283626437187195 0.08071387559175491 -0.9915939569473267 -0.10112616419792175 -0.48768123984336853 -0.7674603462219238 0.002910714829340577 -0.641089677810669 -1.5798842906951904
0.6359888911247253 0.1293451339006424 -0.7607811093330383 0.3283485770225525 0.08072733134031296 -0.9915953278541565 -0.101101815700531 -0.48767194151878357 -0.7674641609191895 0.002883793553337455 -0.6410852670669556 -1.579851508140564
0.6359304189682007 0.12927569448947906 -0.7608417868614197 0.3283533751964569 0.08060590922832489 -0.9916041493415833 -0.10111243277788162 -0.4876963794231415 -0.767525315284729 0.0029721201863139868 -0.6410115957260132 -1.579809546470642
0.6359172463417053 0.12926504015922546 -0.7608546614646912 0.32840168476104736 0.08052139729261398 -0.9916052222251892 -0.10116906464099884 -0.4877707064151764 -0.7675451636314392 0.0030700652860105038 -0.6409873962402344 -1.5799890756607056
0.6359115242958069 0.12925595045089722 -0.7608609795570374 0.3283972442150116 0.08053842186927795 -0.9916064739227295 -0.1011429876089096 -0.48777154088020325 -0.7675480842590332 0.0030394454952329397 -0.640984058380127 -1.5799641609191895
0.6359066963195801 0.12924867868423462 -0.7608662247657776 0.32838770747184753 0.08055372536182404 -0.9916075468063354 -0.10112068802118301 -0.4877742826938629 -0.7675504684448242 0.003012708155438304 -0.6409813165664673 -1.5799351930618286
0.6359949707984924 0.12938731908798218 -0.7607688903808594 0.32846182584762573 0.08065655082464218 -0.9915894269943237 -0.10121595114469528 -0.4877655804157257 -0.7674665451049805 0.00301183364354074 -0.6410818099975586 -1.5801467895507812
0.6361166834831238 0.12956322729587555 -0.7606371641159058 0.32850152254104614 0.0808471143245697 -0.9915667176246643 -0.10128666460514069 -0.4877972900867462 -0.7673456072807312 0.002934809308499098 -0.6412268877029419 -1.5802414417266846
0.6361052393913269 0.12965667247772217 -0.7606307864189148 0.3284410238265991 0.0809335708618164 -0.9915546178817749 -0.10133617371320724 -0.4877866208553314 -0.7673459649085999 0.002899898448958993 -0.6412266492843628 -1.580078125
0.6361556053161621 0.12940320372581482 -0.7606318593025208 0.32848548889160156 0.08084138482809067 -0.9915879368782043 -0.10108303278684616 -0.48782071471214294 -0.7673139572143555 0.002814000006765127 -0.641265332698822 -1.580162763595581
0.6361628174781799 0.12939652800559998 -0.7606269717216492 0.3284842073917389 0.08086028695106506 -0.9915888905525208 -0.10105856508016586 -0.4878239333629608 -0.7673059701919556 0.0027851772028952837 -0.6412749886512756 -1.580125331878662
0.6362336874008179 0.12940213084220886 -0.760566771030426 0.32853996753692627 0.08093581348657608 -0.9915884137153625 -0.10100306570529938 -0.48783329129219055 -0.7672392725944519 0.002704457612708211 -0.6413551568984985 -1.5802674293518066
0.6363617181777954 0.12943871319293976 -0.7604533433914185 0.32851704955101013 0.0809887945652008 -0.9915836453437805 -0.10100705921649933 -0.4878648817539215 -0.7671274542808533 0.0026888204738497734 -0.6414889693260193 -1.5803053379058838
0.6363487839698792 0.12940731644630432 -0.7604695558547974 0.3285161852836609 0.08098126202821732 -0.9915878176689148 -0.10097236186265945 -0.4878649413585663 -0.7671390175819397 0.002669848967343569 -0.6414752006530762 -1.5802685022354126
0.6364014148712158 0.12930424511432648 -0.7604430317878723 0.3284822106361389 0.08097158372402191 -0.9916014671325684 -0.1008462905883789 -0.4877980053424835 -0.7670963406562805 0.0026044435799121857 -0.6415265202522278 -1.5800890922546387
0.6363850235939026 0.1292775571346283 -0.7604612708091736 0.3284805715084076 0.08096622675657272 -0.9916049838066101 -0.10081588476896286 -0.4878028333187103 -0.7671105265617371 0.0025860299356281757 -0.6415096521377563 -1.5800503492355347
0.6364576816558838 0.12931735813617706 -0.7603937387466431 0.3284677565097809 0.08098149299621582 -0.9915997385978699 -0.10085535049438477 -0.48770758509635925 -0.7670486569404602 0.002612330950796604 -0.6415835022926331 -1.5798897743225098
0.6364415287971497 0.12926539778709412 -0.7604160308837891 0.3284601867198944 0.08096429705619812 -0.9916065335273743 -0.10080190747976303 -0.48770663142204285 -0.7670637965202332 0.0025879687163978815 -0.6415654420852661 -1.579842448234558
0.6365388035774231 0.12928307056427002 -0.7603316903114319 0.328397661447525 0.08109443634748459 -0.9916045665740967 -0.10071650892496109 -0.4876626431941986 -0.7669693827629089 0.0024512922391295433 -0.6416788697242737 -1.5797349214553833
0.6365164518356323 0.129269540309906 -0.7603526711463928 0.32838505506515503 0.08111149817705154 -0.9916064739227295 -0.10068449378013611 -0.4876551330089569 -0.7669861316680908 0.0024139878805726767 -0.6416590213775635 -1.579675316810608
0.6365408301353455 0.1292748749256134 -0.7603313326835632 0.3283410370349884 0.08113423734903336 -0.991605818271637 -0.10067252814769745 -0.48765358328819275 -0.7669634819030762 0.002393270144239068 -0.6416861414909363 -1.5796114206314087
0.6365232467651367 0.12922725081443787 -0.7603541612625122 0.32832103967666626 0.08112116158008575 -0.9916120767593384 -0.1006212905049324 -0.4876461923122406 -0.766979455947876 0.0023669691290706396 -0.6416671872138977 -1.579559087753296
0.636512279510498 0.12917716801166534 -0.7603718042373657 0.3283088505268097 0.08108185976743698 -0.9916185736656189 -0.10058879107236862 -0.48763546347618103 -0.7669926881790161 0.002373636933043599 -0.6416513323783875 -1.5795880556106567
0.6365748047828674 0.12918493151664734 -0.7603182196617126 0.32835474610328674 0.08111443370580673 -0.9916176199913025 -0.10057192295789719 -0.48757562041282654 -0.7669373750686646 0.0023487627040594816 -0.6417174935340881 -1.5795904397964478
0.636556088924408 0.12915703654289246 -0.7603386044502258 0.32834744453430176 0.08111203461885452 -0.9916213154792786 -0.10053747147321701 -0.4875602424144745 -0.76695317029953 0.002325125504285097 -0.6416987180709839 -1.5795292854309082
0.6366463899612427 0.12914125621318817 -0.7602656483650208 0.32832711935043335 0.08114176988601685 -0.9916234612464905 -0.10049236565828323 -0.4875194728374481 -0.7668750286102295 0.002288797637447715 -0.6417922377586365 -1.579361915588379
0.6366408467292786 0.12913811206817627 -0.7602708339691162 0.32831984758377075 0.08112300932407379 -0.9916238188743591 -0.10050395131111145 -0.48750874400138855 -0.7668816447257996 0.002309461822733283 -0.6417843103408813 -1.579301357269287
