# 3x4 first row second row third row Freq: 100 current Time: 2021-07-30-20:59:22
0.37353041768074036 0.7925336360931396 -0.48204293847084045 0.41284456849098206 0.3490888476371765 -0.6015543937683105 -0.7185186743736267 -0.5653107166290283 -0.8594253659248352 0.10011272877454758 -0.5013634562492371 -1.5949329137802124
0.373605340719223 0.7925375699996948 -0.4819784164428711 0.4128723740577698 0.34904399514198303 -0.6015303134918213 -0.7185606360435486 -0.5653806924819946 -0.8594110012054443 0.10022635757923126 -0.5013653635978699 -1.5952961444854736
0.3735927641391754 0.7925351858139038 -0.48199209570884705 0.4129278361797333 0.3490285277366638 -0.6015342473983765 -0.7185648083686829 -0.5654236078262329 -0.8594227433204651 0.10022159665822983 -0.5013461709022522 -1.5953618288040161
0.3735736608505249 0.792504072189331 -0.48205798864364624 0.41293784976005554 0.3489800989627838 -0.6015782356262207 -0.718551516532898 -0.5653300881385803 -0.8594506978988647 0.10020323842763901 -0.5013018846511841 -1.5953646898269653
0.3735654652118683 0.792506992816925 -0.4820595979690552 0.413002073764801 0.34898871183395386 -0.6015763282775879 -0.7185489535331726 -0.5653651356697083 -0.8594507575035095 0.10019166767597198 -0.5013040900230408 -1.5954277515411377
0.3735092878341675 0.7925028800964355 -0.48210981488227844 0.41298437118530273 0.3489626944065094 -0.6015891432762146 -0.7185508608818054 -0.5652802586555481 -0.8594857454299927 0.10014703869819641 -0.501253068447113 -1.5953106880187988
0.3735217750072479 0.7924950122833252 -0.4821131229400635 0.4129215478897095 0.34898144006729126 -0.6016009449958801 -0.7185319066047668 -0.5651980638504028 -0.8594727516174316 0.10013874620199203 -0.5012770295143127 -1.5951443910598755
0.37351977825164795 0.7924861311912537 -0.48212930560112 0.41299670934677124 0.3489654064178467 -0.6016126871109009 -0.7185298204421997 -0.5652336478233337 -0.859480082988739 0.10013861209154129 -0.5012644529342651 -1.5952086448669434
0.3734656274318695 0.7924959659576416 -0.48215511441230774 0.41289475560188293 0.3489789366722107 -0.6016089916229248 -0.718526303768158 -0.5651587843894958 -0.859498143196106 0.1000828668475151 -0.5012446045875549 -1.594994068145752
0.37346115708351135 0.7924933433532715 -0.48216283321380615 0.4129595458507538 0.3489460349082947 -0.6016098260879517 -0.7185416221618652 -0.5651941299438477 -0.8595134615898132 0.10009855031967163 -0.5012152791023254 -1.5950534343719482
0.37348422408103943 0.7925512790679932 -0.4820496737957001 0.4128783345222473 0.34900963306427 -0.6015268564224243 -0.7185802459716797 -0.5652852058410645 -0.8594775795936584 0.100138358771801 -0.5012688040733337 -1.5951308012008667
0.3734721839427948 0.7925520539283752 -0.48205775022506714 0.412933886051178 0.3489905297756195 -0.6015255451202393 -0.7185905575752258 -0.5653340816497803 -0.8594905734062195 0.10013995319604874 -0.5012462139129639 -1.5951988697052002
0.3734988868236542 0.7925184965133667 -0.4820922315120697 0.41283613443374634 0.3490118384361267 -0.6015734076499939 -0.7185401320457458 -0.5651997923851013 -0.8594703078269958 0.10011801868677139 -0.5012853145599365 -1.5949349403381348
0.37347421050071716 0.7925254702568054 -0.48209989070892334 0.4128951132297516 0.34901005029678345 -0.6015671491622925 -0.7185462713241577 -0.565243661403656 -0.8594817519187927 0.10010077059268951 -0.5012691020965576 -1.594995141029358
0.37356188893318176 0.7925503253936768 -0.4819910526275635 0.4127999246120453 0.3491293787956238 -0.6015287041664124 -0.71852046251297 -0.5653045177459717 -0.8593952059745789 0.10013459622859955 -0.5014107823371887 -1.5950093269348145
0.373564213514328 0.7925434708595276 -0.48200052976608276 0.4128583073616028 0.34913474321365356 -0.601539134979248 -0.7185091376304626 -0.5653614401817322 -0.859391987323761 0.10012613236904144 -0.5014179348945618 -1.595069408416748
0.37353137135505676 0.7925787568092346 -0.4819680154323578 0.41288208961486816 0.3491215109825134 -0.6014907956123352 -0.7185560464859009 -0.5653877854347229 -0.8594116568565369 0.10013779997825623 -0.5013819336891174 -1.5952030420303345
0.37354159355163574 0.7925764322280884 -0.4819639325141907 0.41294336318969727 0.34910568594932556 -0.6014906167984009 -0.7185638546943665 -0.5654399991035461 -0.8594136238098145 0.10015711933374405 -0.5013746619224548 -1.5952627658843994
0.3735716938972473 0.7926075458526611 -0.48188939690589905 0.4129682183265686 0.3491545021533966 -0.601444661617279 -0.7185786366462708 -0.5655269026756287 -0.8593807220458984 0.10018675774335861 -0.5014251470565796 -1.595505714416504
0.37357664108276367 0.7925742864608765 -0.48194029927253723 0.41295310854911804 0.34905359148979187 -0.6014816761016846 -0.7185966968536377 -0.5653798580169678 -0.859419584274292 0.10022789984941483 -0.5013503432273865 -1.5953325033187866
0.3735806345939636 0.7925786375999451 -0.4819299876689911 0.41302239894866943 0.34903523325920105 -0.6014723181724548 -0.7186134457588196 -0.5654208660125732 -0.8594253063201904 0.10024946928024292 -0.5013362169265747 -1.5953978300094604
0.3735586702823639 0.7926356792449951 -0.4818532168865204 0.4130220115184784 0.34908488392829895 -0.6013968586921692 -0.7186524868011475 -0.565526008605957 -0.8594146966934204 0.10025114566087723 -0.5013540983200073 -1.5957059860229492
0.37356069684028625 0.7926318645477295 -0.48185789585113525 0.41309064626693726 0.34906870126724243 -0.6014003157615662 -0.7186574339866638 -0.5655769109725952 -0.8594203591346741 0.10026062279939651 -0.5013424754142761 -1.5957881212234497
0.3735586404800415 0.792596697807312 -0.4819173216819763 0.41305434703826904 0.34903189539909363 -0.6014487743377686 -0.7186347246170044 -0.5654417872428894 -0.8594362139701843 0.10024766623973846 -0.5013178586959839 -1.5955551862716675
0.3735371530056 0.7926087379455566 -0.4819141924381256 0.4131275415420532 0.3490276634693146 -0.6014341115951538 -0.7186490893363953 -0.5654883980751038 -0.8594472408294678 0.10024069994688034 -0.5013003349304199 -1.595627784729004
0.3735279440879822 0.7926280498504639 -0.48188963532447815 0.41306695342063904 0.34905916452407837 -0.6014106273651123 -0.7186534404754639 -0.5654183626174927 -0.8594384789466858 0.10022912174463272 -0.5013176798820496 -1.5955078601837158
0.3735271394252777 0.7926182746887207 -0.48190632462501526 0.413138747215271 0.34904542565345764 -0.6014237403869629 -0.71864914894104 -0.5654641389846802 -0.8594444394111633 0.1002277210354805 -0.5013077855110168 -1.595578908920288
0.37364712357521057 0.792589545249939 -0.48186054825782776 0.41308969259262085 0.34898415207862854 -0.6014385223388672 -0.7186664938926697 -0.5655772686004639 -0.8594171404838562 0.10036592185497284 -0.5013269186019897 -1.595903992652893
0.37367990612983704 0.7925765514373779 -0.48185643553733826 0.4131511151790619 0.3489747941493988 -0.60145103931427 -0.7186605930328369 -0.5656226873397827 -0.8594067096710205 0.10039321333169937 -0.5013393759727478 -1.5959863662719727
0.3736627995967865 0.7926383018493652 -0.4817681312561035 0.4130896031856537 0.3490632176399231 -0.6013723015785217 -0.7186835408210754 -0.5656129121780396 -0.8593782186508179 0.10037774592638016 -0.5013912916183472 -1.5959614515304565
0.3737232983112335 0.7926535606384277 -0.48169612884521484 0.41308799386024475 0.34906715154647827 -0.6013394594192505 -0.7187091112136841 -0.56562340259552 -0.859350323677063 0.10045399516820908 -0.5014238357543945 -1.5960707664489746
0.3736979067325592 0.7926641702651978 -0.4816983938217163 0.41314613819122314 0.3490539491176605 -0.6013265252113342 -0.7187263369560242 -0.5656662583351135 -0.8593667149543762 0.10044775158166885 -0.5013969540596008 -1.5961554050445557
0.37370413541793823 0.792680561542511 -0.48166656494140625 0.4131404459476471 0.34909671545028687 -0.6013059616088867 -0.7187227606773376 -0.5656748414039612 -0.8593466281890869 0.10044142603874207 -0.5014326572418213 -1.5962473154067993
0.3736872375011444 0.7926777601242065 -0.48168423771858215 0.41320836544036865 0.34908878803253174 -0.6013121008872986 -0.7187214493751526 -0.5657171607017517 -0.8593571782112122 0.10042644292116165 -0.5014175176620483 -1.596338152885437
0.373719185590744 0.7927128076553345 -0.4816018044948578 0.4131329655647278 0.3491584360599518 -0.6012623906135559 -0.7187291979789734 -0.5656871795654297 -0.859315037727356 0.10044752806425095 -0.5014855861663818 -1.5962260961532593
0.3736770451068878 0.7927384972572327 -0.48159220814704895 0.41319704055786133 0.34915757179260254 -0.6012313365936279 -0.7187556624412537 -0.5657339692115784 -0.8593336939811707 0.10043087601661682 -0.5014569759368896 -1.596301794052124
0.3736482262611389 0.7927159070968628 -0.4816517233848572 0.4131411015987396 0.34912219643592834 -0.6012659072875977 -0.7187439203262329 -0.5655580759048462 -0.8593605756759644 0.10040204972028732 -0.5014166235923767 -1.5959430932998657
0.373645156621933 0.792733907699585 -0.4816245138645172 0.41321298480033875 0.3491555154323578 -0.6012434959411621 -0.7187464833259583 -0.5655993223190308 -0.8593483567237854 0.10039422661066055 -0.501439094543457 -1.5960156917572021
0.37372925877571106 0.7927114367485046 -0.4815962016582489 0.4131373167037964 0.34916791319847107 -0.6012637615203857 -0.718723475933075 -0.5656083822250366 -0.8593067526817322 0.10045000165700912 -0.5014992356300354 -1.5960191488265991
0.3737366795539856 0.7927080392837524 -0.48159608244895935 0.41320496797561646 0.3491648733615875 -0.6012672781944275 -0.7187220454216003 -0.5656583905220032 -0.8593047857284546 0.10045630484819412 -0.5015013813972473 -1.596099853515625
0.3737374544143677 0.7926520109176636 -0.4816876947879791 0.41316336393356323 0.34914466738700867 -0.601348340511322 -0.7186639904975891 -0.5655598044395447 -0.8593126535415649 0.10041294246912003 -0.5014965534210205 -1.5959261655807495
0.373718798160553 0.7926551699638367 -0.4816969633102417 0.4132390022277832 0.34916192293167114 -0.601348876953125 -0.7186551690101624 -0.5656092166900635 -0.8593137264251709 0.1003846675157547 -0.5015003681182861 -1.5960086584091187
0.3736744523048401 0.7927022576332092 -0.4816538691520691 0.41314637660980225 0.34915122389793396 -0.6012850999832153 -0.7187137603759766 -0.5655127763748169 -0.8593373894691467 0.10039487481117249 -0.5014578104019165 -1.5958858728408813
0.3736647963523865 0.7927101254463196 -0.48164841532707214 0.4132130444049835 0.3491640090942383 -0.6012765765190125 -0.7187146544456482 -0.5655468106269836 -0.8593363761901855 0.10038405656814575 -0.5014616847038269 -1.5959558486938477
0.37360644340515137 0.7928124070167542 -0.48152533173561096 0.41317859292030334 0.34916752576828003 -0.6011344790458679 -0.7188317775726318 -0.5656284093856812 -0.8593603372573853 0.10042714327573776 -0.501412034034729 -1.596116304397583
0.37359103560447693 0.7928284406661987 -0.48151087760925293 0.413248211145401 0.3491763174533844 -0.6011142730712891 -0.7188444137573242 -0.5656729340553284 -0.8593634366989136 0.10042159259319305 -0.5014077425003052 -1.596200704574585
0.3735526502132416 0.7928544878959656 -0.48149776458740234 0.41316914558410645 0.34916284680366516 -0.6010804772377014 -0.718879222869873 -0.5655859708786011 -0.85938560962677 0.1004180759191513 -0.5013704895973206 -1.59614098072052
0.3735153377056122 0.7928511500358582 -0.4815322160720825 0.41325464844703674 0.3491537570953369 -0.6010909676551819 -0.7188749313354492 -0.5656266808509827 -0.859405517578125 0.10038198530673981 -0.5013436079025269 -1.596240758895874
0.37347811460494995 0.7928503155708313 -0.48156243562698364 0.41326704621315 0.3492804169654846 -0.6011134386062622 -0.7187945246696472 -0.5655624866485596 -0.859370231628418 0.10025366395711899 -0.5014297962188721 -1.5961397886276245
0.3735675811767578 0.7928792834281921 -0.4814453125 0.41321539878845215 0.349249005317688 -0.6010509133338928 -0.7188621163368225 -0.5656613111495972 -0.8593441247940063 0.10039923340082169 -0.5014454126358032 -1.5962756872177124
0.37364014983177185 0.7928799390792847 -0.4813879430294037 0.4131905138492584 0.3492197096347809 -0.6010338664054871 -0.7188906073570251 -0.5657157301902771 -0.8593244552612305 0.10049620270729065 -0.5014596581459045 -1.5962928533554077
0.37361928820610046 0.7928801774978638 -0.48140376806259155 0.4132511615753174 0.3492297828197479 -0.6010383367538452 -0.7188819646835327 -0.565765380859375 -0.8593294620513916 0.10046759992837906 -0.5014568567276001 -1.5963985919952393
0.3736100494861603 0.7928491234779358 -0.4814620614051819 0.41320353746414185 0.3492109775543213 -0.6010841131210327 -0.7188528180122375 -0.565645158290863 -0.8593411445617676 0.10043876618146896 -0.5014426112174988 -1.5962600708007812
0.373625248670578 0.7928432822227478 -0.48145991563796997 0.4132644534111023 0.34920403361320496 -0.6010894179344177 -0.7188517451286316 -0.5656868815422058 -0.859337329864502 0.10045338422060013 -0.5014461874961853 -1.5963516235351562
0.3736109137535095 0.7928390502929688 -0.4814779758453369 0.4132365584373474 0.3492014706134796 -0.6010978817939758 -0.7188459038734436 -0.5657358169555664 -0.8593446016311646 0.10043582320213318 -0.501437246799469 -1.596451997756958
0.37368616461753845 0.7928374409675598 -0.4814222753047943 0.41317975521087646 0.3492344617843628 -0.6010910272598267 -0.7188355922698975 -0.5657361745834351 -0.8592984676361084 0.10048963129520416 -0.5015054941177368 -1.5963771343231201
0.37366682291030884 0.792849063873291 -0.48141807317733765 0.413235068321228 0.34923020005226135 -0.6010765433311462 -0.7188498377799988 -0.5657879710197449 -0.8593086004257202 0.10048454999923706 -0.5014891624450684 -1.5964789390563965
0.37369856238365173 0.7927564978599548 -0.48154589533805847 0.41321316361427307 0.3491669297218323 -0.6012018322944641 -0.7187758088111877 -0.5656891465187073 -0.8593205213546753 0.10046554356813431 -0.5014725923538208 -1.596323013305664
0.3737120032310486 0.7927504181861877 -0.48154547810554504 0.4132770001888275 0.34916678071022034 -0.601208508014679 -0.7187702655792236 -0.565737783908844 -0.8593147397041321 0.10047335177659988 -0.5014809370040894 -1.5964256525039673
0.3736106753349304 0.7928774356842041 -0.4814149737358093 0.41325128078460693 0.3492118716239929 -0.601041853427887 -0.7188876867294312 -0.5657832026481628 -0.859340488910675 0.10046827048063278 -0.5014378428459167 -1.596541404724121
0.3735952079296112 0.7928892374038696 -0.4814075529575348 0.4133131206035614 0.34918856620788574 -0.6010242104530334 -0.7189137935638428 -0.5658319592475891 -0.8593566417694092 0.10048069059848785 -0.5014075636863708 -1.59664785861969
0.3736019432544708 0.7929215431213379 -0.4813491106033325 0.41327741742134094 0.34920841455459595 -0.6009771227836609 -0.7189435362815857 -0.5658203959465027 -0.8593456745147705 0.10050749033689499 -0.5014210343360901 -1.5966991186141968
0.3735775947570801 0.7929180860519409 -0.48137369751930237 0.4133325219154358 0.34919285774230957 -0.6009846925735474 -0.7189447283744812 -0.5658634901046753 -0.8593626022338867 0.10048936307430267 -0.5013957023620605 -1.596801519393921
0.37360119819641113 0.7929037809371948 -0.4813789129257202 0.41327765583992004 0.34925317764282227 -0.6010090112686157 -0.7188951373100281 -0.5657829642295837 -0.8593277931213379 0.10045693069696426 -0.5014618039131165 -1.5967227220535278
0.3736453652381897 0.7929151058197021 -0.48132601380348206 0.4131620526313782 0.3493383824825287 -0.600994348526001 -0.7188659906387329 -0.5657286643981934 -0.8592739701271057 0.10045523941516876 -0.5015543699264526 -1.596496343612671
0.3736329674720764 0.7929114699363708 -0.48134157061576843 0.41320061683654785 0.3493371605873108 -0.6010017395019531 -0.718860387802124 -0.5657659769058228 -0.8592798709869385 0.1004393994808197 -0.5015474557876587 -1.5965852737426758
0.3737002909183502 0.7928830981254578 -0.4813361167907715 0.4131150543689728 0.34936049580574036 -0.6010351777076721 -0.718821108341217 -0.5657148957252502 -0.8592411279678345 0.10046378523111343 -0.5016089677810669 -1.59642493724823
0.3736829161643982 0.7928833961486816 -0.48134905099868774 0.4131484627723694 0.3493334650993347 -0.6010345220565796 -0.7188347578048706 -0.565750777721405 -0.8592596650123596 0.10046491026878357 -0.5015770196914673 -1.5965080261230469
0.3737310469150543 0.7928631901741028 -0.48134493827819824 0.41311705112457275 0.34935492277145386 -0.6010587811470032 -0.7188040614128113 -0.5657250285148621 -0.8592299818992615 0.1004791259765625 -0.5016250014305115 -1.596467137336731
0.3737196624279022 0.7928774356842041 -0.48133039474487305 0.4131648540496826 0.34934452176094055 -0.6010383367538452 -0.718826174736023 -0.5657780170440674 -0.8592391610145569 0.1004892960190773 -0.5016071796417236 -1.5965731143951416
0.37379351258277893 0.7928208112716675 -0.48136627674102783 0.4131869673728943 0.3493089973926544 -0.601105809211731 -0.7187870740890503 -0.5658463835716248 -0.8592214584350586 0.10053233057260513 -0.5016288757324219 -1.5966557264328003
0.37378695607185364 0.7928142547607422 -0.48138222098350525 0.4132275879383087 0.3492872416973114 -0.6011142730712891 -0.718790590763092 -0.5658937096595764 -0.8592332005500793 0.10053383558988571 -0.5016084909439087 -1.5967309474945068
0.37383830547332764 0.7927734851837158 -0.4814094603061676 0.4132312834262848 0.349295049905777 -0.6011670231819153 -0.7187426090240479 -0.5658903121948242 -0.8592076897621155 0.10053953528404236 -0.5016510486602783 -1.5967153310775757
0.37382009625434875 0.792777955532074 -0.48141616582870483 0.413281112909317 0.3492928743362427 -0.6011632680892944 -0.7187468409538269 -0.565937340259552 -0.8592164516448975 0.10052675753831863 -0.5016385316848755 -1.5967947244644165
0.37381741404533386 0.7927243709564209 -0.4815065562725067 0.41325628757476807 0.34928685426712036 -0.6012430787086487 -0.7186830043792725 -0.5658709406852722 -0.8592200875282288 0.10047228634357452 -0.5016433000564575 -1.5966721773147583
0.37382546067237854 0.7927157878875732 -0.4815143644809723 0.4133085310459137 0.3492693603038788 -0.6012523770332336 -0.7186837196350098 -0.5659157633781433 -0.8592237234115601 0.10048402845859528 -0.5016347169876099 -1.5967531204223633
0.3738531172275543 0.7926680445671082 -0.4815714955329895 0.4133066236972809 0.3492560386657715 -0.6013172268867493 -0.7186359167098999 -0.5658943057060242 -0.8592170476913452 0.10047248750925064 -0.5016484260559082 -1.5967493057250977
0.373839795589447 0.7926790118217468 -0.4815638065338135 0.4133647382259369 0.34928059577941895 -0.6013060808181763 -0.7186333537101746 -0.5659378170967102 -0.8592128753662109 0.10045281052589417 -0.5016595125198364 -1.596832036972046
0.37377119064331055 0.792647659778595 -0.4816686809062958 0.4132702648639679 0.3492850363254547 -0.601365327835083 -0.7185815572738647 -0.5657411813735962 -0.8592409491539001 0.10034539550542831 -0.5016329288482666 -1.596552848815918
0.3737620711326599 0.7926537990570068 -0.48166561126708984 0.4133250117301941 0.34926682710647583 -0.6013556122779846 -0.7185985445976257 -0.5657718777656555 -0.8592522740364075 0.10035502910614014 -0.501611590385437 -1.5966315269470215
0.37380436062812805 0.7926504611968994 -0.4816383123397827 0.41323554515838623 0.3493848443031311 -0.6013670563697815 -0.718531608581543 -0.5658119916915894 -0.8591859340667725 0.10031307488679886 -0.501733660697937 -1.5966229438781738
0.37378358840942383 0.7926561832427979 -0.48164504766464233 0.41328364610671997 0.3493819236755371 -0.6013618111610413 -0.718537449836731 -0.5658540725708008 -0.859196126461029 0.10029938817024231 -0.5017188787460327 -1.5967050790786743
0.3738418519496918 0.7926375865936279 -0.48163041472435 0.4131968915462494 0.34941476583480835 -0.6013832092285156 -0.7185035347938538 -0.5658026933670044 -0.8591574430465698 0.10031787306070328 -0.5017814636230469 -1.596561312675476
0.3738272190093994 0.7926441431045532 -0.48163098096847534 0.41324788331985474 0.3493945896625519 -0.6013736128807068 -0.7185214161872864 -0.5658521056175232 -0.8591720461845398 0.10032357275485992 -0.5017553567886353 -1.596647024154663
0.37376144528388977 0.7926025390625 -0.4817504286766052 0.41316282749176025 0.3493555188179016 -0.6014425754547119 -0.7184826731681824 -0.5656445622444153 -0.8592165112495422 0.10023893415927887 -0.5016961097717285 -1.5962419509887695
0.3737849295139313 0.7925794124603271 -0.4817703068256378 0.41304662823677063 0.34936240315437317 -0.6014738082885742 -0.7184531688690186 -0.5655848979949951 -0.8592035174369812 0.1002345085144043 -0.5017192363739014 -1.5960413217544556
0.37379536032676697 0.7925787568092346 -0.4817632734775543 0.41308677196502686 0.3493700325489044 -0.6014738082885742 -0.7184494733810425 -0.5656312704086304 -0.85919588804245 0.10023940354585648 -0.5017313361167908 -1.5961090326309204
0.37387630343437195 0.7925221920013428 -0.48179352283477783 0.4130486249923706 0.3493807315826416 -0.6015453338623047 -0.7183843851089478 -0.5656531453132629 -0.8591563105583191 0.10025747865438461 -0.5017954707145691 -1.5960544347763062
0.3738519549369812 0.7925177812576294 -0.48181968927383423 0.4130822420120239 0.3493626117706299 -0.6015540361404419 -0.7183858752250671 -0.5656927227973938 -0.8591742515563965 0.10024014115333557 -0.501768171787262 -1.5961064100265503
0.37383490800857544 0.7924526333808899 -0.4819400906562805 0.4129886329174042 0.34932664036750793 -0.6016499996185303 -0.7183230519294739 -0.5654139518737793 -0.8591963052749634 0.10017969459295273 -0.5017425417900085 -1.5956331491470337
0.373814195394516 0.7924655675888062 -0.48193490505218506 0.4130290746688843 0.34933122992515564 -0.6016348600387573 -0.7183334827423096 -0.5654457211494446 -0.8592034578323364 0.10016830265522003 -0.5017325282096863 -1.5956751108169556
0.37387481331825256 0.7924661040306091 -0.4818868935108185 0.41300147771835327 0.34937018156051636 -0.6016279458999634 -0.7183203101158142 -0.5655286908149719 -0.8591611981391907 0.10020490735769272 -0.5017975568771362 -1.595814824104309
0.3738701343536377 0.7924727201461792 -0.48187965154647827 0.41303780674934387 0.34937772154808044 -0.6016198396682739 -0.7183234691619873 -0.5655680894851685 -0.8591601848602295 0.10020163655281067 -0.5017999410629272 -1.5958648920059204
0.3739081621170044 0.7924335598945618 -0.48191460967063904 0.4130043089389801 0.34942108392715454 -0.6016767024993896 -0.7182547450065613 -0.5654610991477966 -0.8591260313987732 0.10017014294862747 -0.5018647909164429 -1.595699429512024
0.37384989857673645 0.7924635410308838 -0.48191043734550476 0.4130716621875763 0.3494488596916199 -0.601645290851593 -0.7182675004005432 -0.5654346346855164 -0.8591400980949402 0.1001211553812027 -0.5018504858016968 -1.5958735942840576
0.3738100230693817 0.7924513220787048 -0.4819614589214325 0.41300907731056213 0.3493907153606415 -0.6016636490821838 -0.7182804346084595 -0.5653274655342102 -0.8591810464859009 0.10010752826929092 -0.501783013343811 -1.595515251159668
0.3737579882144928 0.7925134301185608 -0.4818997383117676 0.4129190444946289 0.3494641184806824 -0.6015886664390564 -0.7183074951171875 -0.5653561353683472 -0.8591738343238831 0.10006646066904068 -0.5018035173416138 -1.5954792499542236
0.37374773621559143 0.7925013303756714 -0.48192763328552246 0.4128446578979492 0.34947872161865234 -0.6016102433204651 -0.7182823419570923 -0.5653716325759888 -0.8591724038124084 0.10003291070461273 -0.501812756061554 -1.5953565835952759
0.373752236366272 0.7924975156784058 -0.48193034529685974 0.41287535429000854 0.349467933177948 -0.6016138792037964 -0.718284547328949 -0.5654051303863525 -0.8591747879981995 0.1000412181019783 -0.5018069744110107 -1.595390796661377
0.37374117970466614 0.7924517393112183 -0.4820142090320587 0.4128871560096741 0.3494243025779724 -0.6016789078712463 -0.7182512879371643 -0.565252959728241 -0.8591973781585693 0.10001257807016373 -0.50177401304245 -1.5952759981155396
0.3737626373767853 0.7924392819404602 -0.4820180833339691 0.41293632984161377 0.34940269589424133 -0.6016912460327148 -0.7182514667510986 -0.5652633905410767 -0.8591968417167664 0.1000370979309082 -0.5017700791358948 -1.5953086614608765
