# 3x4 first row second row third row Freq: 100 current Time: 2021-07-30-21:01:19
0.5148187875747681 0.3569778800010681 -0.7794410586357117 0.0013454491272568703 -0.014879005961120129 -0.9053248167037964 -0.42445918917655945 -0.5610544681549072 -0.8571698665618896 0.23011687397956848 -0.4607667624950409 -1.3418152332305908
0.5149455666542053 0.3570314943790436 -0.7793327569961548 0.0015395592199638486 -0.014738976024091244 -0.9053146839141846 -0.4244856834411621 -0.5615780353546143 -0.8570961356163025 0.23007358610630035 -0.46092548966407776 -1.3420685529708862
0.5148449540138245 0.35709112882614136 -0.7793719172477722 0.0014672278193756938 -0.014609198085963726 -0.9053317308425903 -0.42445382475852966 -0.5614298582077026 -0.8571587800979614 0.22991392016410828 -0.46088865399360657 -1.3422913551330566
0.514855146408081 0.35714107751846313 -0.7793422937393188 0.0014921200927346945 -0.014656782150268555 -0.9052902460098267 -0.42454060912132263 -0.5617765188217163 -0.8571518659591675 0.2299995720386505 -0.4608588218688965 -1.3422775268554688
0.5147466659545898 0.35722482204437256 -0.7793755531311035 0.0014048758894205093 -0.014514476992189884 -0.90529865026474 -0.4245275855064392 -0.5616369843482971 -0.8572194576263428 0.22983640432357788 -0.46081453561782837 -1.3424988985061646
0.5148507356643677 0.3573596775531769 -0.7792450189590454 0.0014835539041087031 -0.014699154533445835 -0.9051603674888611 -0.42481592297554016 -0.5619855523109436 -0.8571537733078003 0.23017103970050812 -0.4607696235179901 -1.3426878452301025
0.5147443413734436 0.35742655396461487 -0.7792845964431763 0.001384215196594596 -0.014557999558746815 -0.9051774144172668 -0.4247846007347107 -0.5618472695350647 -0.8572201132774353 0.23000028729438782 -0.46073150634765625 -1.342926263809204
0.515135645866394 0.35739389061927795 -0.7790409922599792 0.0015030407812446356 -0.014893428422510624 -0.9050477147102356 -0.4250491261482239 -0.5622601509094238 -0.856979250907898 0.2305605411529541 -0.4608995318412781 -1.343377709388733
0.5150495171546936 0.35746318101882935 -0.7790661454200745 0.0014078633394092321 -0.014757942408323288 -0.9050590395927429 -0.42502984404563904 -0.5621252655982971 -0.857033371925354 0.23040883243083954 -0.4608747959136963 -1.3436307907104492
0.5152095556259155 0.35751280188560486 -0.7789375185966492 0.0014749921392649412 -0.015009128488600254 -0.9049408435821533 -0.4252725839614868 -0.5621389746665955 -0.8569328188896179 0.23079568147659302 -0.4608682096004486 -1.3431452512741089
0.5152904987335205 0.35770219564437866 -0.7787970304489136 0.00157040951307863 -0.015096738934516907 -0.9048018455505371 -0.42556509375572205 -0.5622096061706543 -0.856882631778717 0.23104692995548248 -0.46083563566207886 -1.342936396598816
0.5151709318161011 0.35779133439064026 -0.7788351774215698 0.0014824840473011136 -0.014951887540519238 -0.904809832572937 -0.4255532920360565 -0.5620850324630737 -0.8569570183753967 0.23087774217128754 -0.4607820510864258 -1.3431710004806519
0.5154216885566711 0.35778480768203735 -0.7786722779273987 0.001550199813209474 -0.015209626406431198 -0.9047068953514099 -0.42576292157173157 -0.5622290372848511 -0.8568016886711121 0.2312907576560974 -0.46086379885673523 -1.3430615663528442
0.5152931213378906 0.3578435778617859 -0.7787303924560547 0.0014520876575261354 -0.01510365679860115 -0.9047223329544067 -0.42573386430740356 -0.5620930194854736 -0.8568809032440186 0.2311394065618515 -0.4607924222946167 -1.3433189392089844
0.5154004693031311 0.35799989104270935 -0.7785874605178833 0.0015404504956677556 -0.015153869986534119 -0.9046074748039246 -0.4259761571884155 -0.5622458457946777 -0.8568154573440552 0.23134693503379822 -0.4608100354671478 -1.3431451320648193
0.5153238773345947 0.3580712080001831 -0.7786053419113159 0.0014393050223588943 -0.015032178722321987 -0.9046126008033752 -0.42596954107284546 -0.5621100664138794 -0.8568636178970337 0.2312164157629013 -0.4607858955860138 -1.3433879613876343
0.5154224038124084 0.3581846356391907 -0.7784879207611084 0.0015268654096871614 -0.015120274387300014 -0.9045121669769287 -0.4261796176433563 -0.5622605085372925 -0.8568028211593628 0.23143349587917328 -0.4607900083065033 -1.343297004699707
0.5155705809593201 0.3581920862197876 -0.7783864140510559 0.0015695112524554133 -0.015229500830173492 -0.9044566750526428 -0.4262935519218445 -0.5623708963394165 -0.856711745262146 0.2316388487815857 -0.4608561396598816 -1.343153715133667
0.5154539346694946 0.3582904040813446 -0.7784184217453003 0.0014838225906714797 -0.01510061975568533 -0.9044549465179443 -0.4263018071651459 -0.5622661113739014 -0.8567842245101929 0.23149354755878448 -0.4607944190502167 -1.3433574438095093
0.5157090425491333 0.3582760691642761 -0.7782560586929321 0.001565702143125236 -0.015195947140455246 -0.9043992161750793 -0.4264165759086609 -0.56256502866745 -0.8566290140151978 0.23173321783542633 -0.4609625041484833 -1.3437272310256958
0.5155561566352844 0.358370840549469 -0.7783136963844299 0.0014654836850240827 -0.015085210092365742 -0.9043998718261719 -0.42641910910606384 -0.5624390840530396 -0.8567229509353638 0.23158402740955353 -0.4608628451824188 -1.3439710140228271
0.5155870914459229 0.35845819115638733 -0.7782529592514038 0.0015251246513798833 -0.015191700309515 -0.904318630695343 -0.42658761143684387 -0.5624502897262573 -0.8567025065422058 0.23176604509353638 -0.4608094096183777 -1.343656301498413
0.5154610276222229 0.35851824283599854 -0.7783088088035583 0.0014168891357257962 -0.015079718083143234 -0.9043347239494324 -0.4265575408935547 -0.5622976422309875 -0.8567802906036377 0.2316104769706726 -0.4607429504394531 -1.3439091444015503
0.5158125162124634 0.35832518339157104 -0.7781648635864258 0.0015236276667565107 -0.0153660224750638 -0.9043108820915222 -0.4265977442264557 -0.5624743103981018 -0.8565636873245239 0.23200175166130066 -0.4609488248825073 -1.3439476490020752
0.5157076120376587 0.35842278599739075 -0.7781894207000732 0.0014260202879086137 -0.015211951918900013 -0.9043146967887878 -0.4265952408313751 -0.5623231530189514 -0.8566296100616455 0.23183618485927582 -0.4609096348285675 -1.3441882133483887
0.5157060027122498 0.3583895266056061 -0.7782058119773865 0.0015048458008095622 -0.015404376201331615 -0.9042810797691345 -0.42665964365005493 -0.562224268913269 -0.8566271066665649 0.23201870918273926 -0.4608224034309387 -1.3434951305389404
0.5157179236412048 0.3583935499191284 -0.7781960368156433 0.001579083502292633 -0.015446956269443035 -0.9042655229568481 -0.4266909658908844 -0.5621001124382019 -0.8566191792488098 0.23207294940948486 -0.4608098566532135 -1.3428151607513428
0.5155861973762512 0.3579919934272766 -0.778468132019043 0.001480943406932056 -0.0158474612981081 -0.904396653175354 -0.4263983368873596 -0.562035083770752 -0.8566911816596985 0.2321818321943283 -0.4606211483478546 -1.3427504301071167
0.515640377998352 0.357854425907135 -0.7784954905509949 0.0015023252926766872 -0.01597481407225132 -0.9044294357299805 -0.4263240396976471 -0.5620686411857605 -0.8566561937332153 0.23226620256900787 -0.4606436789035797 -1.3425577878952026
0.5154822468757629 0.35796743631362915 -0.7785482406616211 0.0013618064112961292 -0.015792235732078552 -0.9044405221939087 -0.4263073801994324 -0.5618295073509216 -0.856754720211029 0.232048898935318 -0.46056991815567017 -1.3428325653076172
0.5155355334281921 0.35803675651550293 -0.7784810662269592 0.0015259229112416506 -0.015948131680488586 -0.9043523669242859 -0.4264884889125824 -0.5619170665740967 -0.8567197322845459 0.2322853058576584 -0.4605157971382141 -1.3425182104110718
0.5155029296875 0.35808390378952026 -0.7784810066223145 0.0015710655134171247 -0.015970030799508095 -0.9043254256248474 -0.42654475569725037 -0.562075674533844 -0.8567389845848083 0.23231743276119232 -0.4604637920856476 -1.3426027297973633
0.5153981447219849 0.3581482470035553 -0.7785207629203796 0.0014823728706687689 -0.015852373093366623 -0.9043376445770264 -0.4265232980251312 -0.5619162321090698 -0.8568041920661926 0.2321707159280777 -0.46041643619537354 -1.3427835702896118
0.5153716802597046 0.3582060933113098 -0.7785117030143738 0.0014945053262636065 -0.015893902629613876 -0.9042986035346985 -0.4266044497489929 -0.561978280544281 -0.8568193912506104 0.2322334349155426 -0.46035659313201904 -1.3427040576934814
0.5152363777160645 0.3582836389541626 -0.778565526008606 0.0013887359527871013 -0.015767274424433708 -0.9043105244636536 -0.4265839159488678 -0.5617852210998535 -0.856903076171875 0.23206740617752075 -0.4602845013141632 -1.3429012298583984
0.5152531266212463 0.3584412932395935 -0.7784819006919861 0.0014674558769911528 -0.015741022303700447 -0.9042287468910217 -0.42675819993019104 -0.5618444681167603 -0.8568934798240662 0.2321425825357437 -0.4602644443511963 -1.3427188396453857
0.515503466129303 0.35828548669815063 -0.7783878445625305 0.0015418684342876077 -0.016057981178164482 -0.9041910171508789 -0.4268263578414917 -0.5619802474975586 -0.8567370176315308 0.23252981901168823 -0.46036025881767273 -1.3425413370132446
0.5154341459274292 0.3583473861217499 -0.7784053087234497 0.0014636579435318708 -0.0159467626363039 -0.9041975736618042 -0.4268166422843933 -0.56182461977005 -0.8567808270454407 0.23240891098976135 -0.46033981442451477 -1.342706322669983
0.5155344605445862 0.3581651449203491 -0.7784227132797241 0.001553378882817924 -0.01626742072403431 -0.9041955471038818 -0.4268088638782501 -0.5620005130767822 -0.8567144274711609 0.23269760608673096 -0.4603175222873688 -1.3426234722137451
0.5154534578323364 0.35822346806526184 -0.778449535369873 0.0014714853605255485 -0.016133131459355354 -0.9042120575904846 -0.4267789423465729 -0.5618413090705872 -0.8567656874656677 0.23254351317882538 -0.4602999687194824 -1.342795491218567
0.5154741406440735 0.3581787645816803 -0.7784563899040222 0.001550592016428709 -0.016339365392923355 -0.9041774868965149 -0.4268443286418915 -0.5619679689407349 -0.8567492961883545 0.23274670541286469 -0.46022772789001465 -1.34251868724823
0.5153889656066895 0.3582371473312378 -0.7784859538078308 0.0014765108935534954 -0.01623336598277092 -0.9041869640350342 -0.4268283545970917 -0.5618235468864441 -0.8568025827407837 0.23262006044387817 -0.46019256114959717 -1.3426759243011475
0.5153920650482178 0.35842639207839966 -0.7783967852592468 0.0015546978684142232 -0.016144318506121635 -0.904106855392456 -0.42700129747390747 -0.5618726015090942 -0.8568024039268494 0.23263977468013763 -0.46018296480178833 -1.3423112630844116
0.5152839422225952 0.3585038185119629 -0.7784326672554016 0.0014774503652006388 -0.01601063832640648 -0.9041168093681335 -0.42698532342910767 -0.5617208480834961 -0.8568699359893799 0.23248189687728882 -0.4601370096206665 -1.3424577713012695
0.5153965353965759 0.35829123854637146 -0.7784560322761536 0.0015848571201786399 -0.016237668693065643 -0.9041550159454346 -0.4268958568572998 -0.561969518661499 -0.856797993183136 0.2326609343290329 -0.46018052101135254 -1.3422218561172485
0.5152716636657715 0.35838058590888977 -0.778497576713562 0.0015149699756875634 -0.01614798605442047 -0.9041489362716675 -0.4269120991230011 -0.5618399381637573 -0.8568747639656067 0.2325468808412552 -0.46009519696235657 -1.3423678874969482
0.5154205560684204 0.35847604274749756 -0.778355062007904 0.0016321089351549745 -0.016173813492059708 -0.9040673971176147 -0.4270837604999542 -0.5619815587997437 -0.8567847609519958 0.23271670937538147 -0.4601769745349884 -1.342355728149414
0.5153220295906067 0.3585315942764282 -0.7783946990966797 0.0015711268642917275 -0.01606181636452675 -0.9040820002555847 -0.42705708742141724 -0.5618504285812378 -0.8568460941314697 0.23257435858249664 -0.46013468503952026 -1.3424959182739258
0.5152364373207092 0.35860368609428406 -0.7784181237220764 0.0015415385132655501 -0.01620623469352722 -0.9040159583091736 -0.4271913766860962 -0.562014102935791 -0.856894850730896 0.2327197939157486 -0.4599703550338745 -1.3424447774887085
0.5150798559188843 0.3585180640220642 -0.7785611748695374 0.0015003394801169634 -0.016180600970983505 -0.9040932059288025 -0.4270288050174713 -0.5619470477104187 -0.8569894433021545 0.23255153000354767 -0.45987918972969055 -1.3420099020004272
0.5149869918823242 0.35857027769088745 -0.7785986065864563 0.0014109434559941292 -0.01607613079249859 -0.9041067361831665 -0.4270041286945343 -0.5618175864219666 -0.8570472598075867 0.23241841793060303 -0.45983877778053284 -1.3421372175216675
0.5149975419044495 0.3587263822555542 -0.7785196900367737 0.0014595676911994815 -0.016125813126564026 -0.9040060639381409 -0.4272153675556183 -0.5616388916969299 -0.8570399284362793 0.2325691431760788 -0.4597761631011963 -1.3415931463241577
0.5149028301239014 0.35879477858543396 -0.7785508036613464 0.0013615183997899294 -0.016016902402043343 -0.904012143611908 -0.42720654606819153 -0.5614773035049438 -0.8570988774299622 0.2324398308992386 -0.4597316384315491 -1.3417185544967651
0.515021562576294 0.3586725890636444 -0.7785285711288452 0.0015071473317220807 -0.016299495473504066 -0.9039848446846008 -0.4272536635398865 -0.5617234706878662 -0.857022225856781 0.23273447155952454 -0.4597254991531372 -1.3416271209716797
0.5149208903312683 0.35876038670539856 -0.7785547375679016 0.0014314433792605996 -0.016168219968676567 -0.9039872884750366 -0.42725345492362976 -0.5615808963775635 -0.8570852279663086 0.23258955776691437 -0.4596814215183258 -1.3417408466339111
0.5150737166404724 0.35868901014328003 -0.7784864902496338 0.0015597101300954819 -0.01635133847594261 -0.9039539694786072 -0.4273169934749603 -0.5618296265602112 -0.856989860534668 0.23282906413078308 -0.4597378969192505 -1.3418879508972168
0.51496821641922 0.35875481367111206 -0.7785260081291199 0.0014879746595397592 -0.01623629778623581 -0.9039648175239563 -0.4272983968257904 -0.5616776943206787 -0.8570554852485657 0.23268546164035797 -0.45968830585479736 -1.342017412185669
0.515101432800293 0.35868293046951294 -0.7784709930419922 0.0015637390315532684 -0.01625022664666176 -0.9039806723594666 -0.42726442217826843 -0.5619834661483765 -0.8569751977920532 0.2327348291873932 -0.45981302857398987 -1.3423550128936768
0.51515793800354 0.3587300479412079 -0.778411865234375 0.0015426978934556246 -0.016271231696009636 -0.9039406776428223 -0.42734822630882263 -0.562018096446991 -0.8569408059120178 0.23281754553318024 -0.4598352015018463 -1.3423287868499756
0.5150901675224304 0.3587903380393982 -0.7784289121627808 0.0014679962769150734 -0.01618451438844204 -0.9039412140846252 -0.42735034227371216 -0.5618820190429688 -0.8569831848144531 0.2327224612236023 -0.45980438590049744 -1.3424612283706665
0.514712929725647 0.35897165536880493 -0.7785948514938354 0.0014054611092433333 -0.015938907861709595 -0.9039645195007324 -0.4273103177547455 -0.5615097880363464 -0.8572143912315369 0.2323520928621292 -0.4595606029033661 -1.3416725397109985
0.5146082639694214 0.3590172827243805 -0.778643012046814 0.0013037363532930613 -0.015825927257537842 -0.9039856195449829 -0.4272697865962982 -0.5613288283348083 -0.8572793006896973 0.2321993112564087 -0.4595167338848114 -1.3417936563491821
0.5150118470191956 0.35880017280578613 -0.7784762382507324 0.0015130290994420648 -0.016211654990911484 -0.9039401412010193 -0.42735162377357483 -0.5616208910942078 -0.8570297360420227 0.2327115386724472 -0.4597231149673462 -1.3417507410049438
0.5148725509643555 0.35888171195983887 -0.7785307765007019 0.0014290823601186275 -0.016089487820863724 -0.9039492607116699 -0.4273368716239929 -0.5614456534385681 -0.8571157455444336 0.23255017399787903 -0.4596444368362427 -1.341875433921814
0.514948308467865 0.3588760197162628 -0.7784832715988159 0.001522023812867701 -0.01623038947582245 -0.9039028882980347 -0.4274297058582306 -0.561590313911438 -0.8570675253868103 0.23273929953575134 -0.4596385657787323 -1.3414872884750366
0.5148438215255737 0.3589710593223572 -0.7785086035728455 0.0014413193566724658 -0.01610836386680603 -0.9038993716239929 -0.42744165658950806 -0.5614318251609802 -0.8571326732635498 0.2326061874628067 -0.4595845639705658 -1.341597557067871
0.5150316953659058 0.3588670790195465 -0.7784322500228882 0.0014791778521612287 -0.016389215365052223 -0.9038521647453308 -0.42753082513809204 -0.5615746378898621 -0.8570144176483154 0.23294982314109802 -0.45963096618652344 -1.341570258140564
0.514945924282074 0.35892972350120544 -0.7784600853919983 0.0013999148504808545 -0.01626010797917843 -0.9038656949996948 -0.4275072515010834 -0.56141197681427 -0.8570684194564819 0.23280096054077148 -0.45960572361946106 -1.3416852951049805
0.5150018334388733 0.3589414954185486 -0.778417706489563 0.0014931829646229744 -0.016309238970279694 -0.9038375020027161 -0.4275648891925812 -0.561463475227356 -0.857033908367157 0.23289209604263306 -0.45962387323379517 -1.3412911891937256
0.5149065256118774 0.3589906096458435 -0.7784581184387207 0.0014143065782263875 -0.016223538666963577 -0.9038480520248413 -0.4275459051132202 -0.5613014698028564 -0.8570927977561951 0.2327755093574524 -0.4595731496810913 -1.3413963317871094
0.5149720311164856 0.35890668630599976 -0.7784534692764282 0.0015231565339490771 -0.016222095116972923 -0.903884768486023 -0.42746832966804504 -0.5615355968475342 -0.8570534586906433 0.2327623814344406 -0.4596531391143799 -1.3414591550827026
0.5148441195487976 0.3589782416820526 -0.7785050868988037 0.001432872493751347 -0.016104763373732567 -0.9038963913917542 -0.42744818329811096 -0.5613481998443604 -0.8571325540542603 0.23260681331157684 -0.45958444476127625 -1.3415863513946533
0.5150572657585144 0.35881495475769043 -0.7784393429756165 0.0015582058113068342 -0.016083698719739914 -0.9039599895477295 -0.4273144602775574 -0.5620754957199097 -0.8570048213005066 0.23261159658432007 -0.45982009172439575 -1.342602252960205
0.5149706602096558 0.35886505246162415 -0.7784735560417175 0.001478830468840897 -0.01596992462873459 -0.9039762616157532 -0.4272843301296234 -0.5619305372238159 -0.8570590019226074 0.2324710488319397 -0.4597901999950409 -1.3427482843399048
0.5151426792144775 0.3588448464870453 -0.7783690690994263 0.0014995165402069688 -0.01609857752919197 -0.9039267897605896 -0.42738407850265503 -0.5620476007461548 -0.8569532632827759 0.23269441723823547 -0.45987436175346375 -1.3427404165267944
0.5150657296180725 0.35890576243400574 -0.7783918976783752 0.0014064754359424114 -0.016005832701921463 -0.9039300084114075 -0.4273808002471924 -0.5618943572044373 -0.8570012450218201 0.2325880080461502 -0.45983874797821045 -1.3428905010223389
0.5153126120567322 0.35882487893104553 -0.7782657742500305 0.0014801130164414644 -0.01624700240790844 -0.9038720726966858 -0.4274941682815552 -0.5621753334999084 -0.8568482398986816 0.23293761909008026 -0.4599468410015106 -1.3432974815368652
0.5153900384902954 0.3587760031223297 -0.7782370448112488 0.0015215496532619 -0.016543073579669 -0.9038068056106567 -0.4276207685470581 -0.5621018409729004 -0.8567960262298584 0.2332659214735031 -0.45987775921821594 -1.3426440954208374
0.5152746438980103 0.35885757207870483 -0.7782758474349976 0.001418739790096879 -0.01642233319580555 -0.9038121104240417 -0.4276142716407776 -0.5619259476661682 -0.8568677306175232 0.2331199049949646 -0.4598182141780853 -1.3428153991699219
0.51546311378479 0.3586713671684265 -0.7782368659973145 0.001528781489469111 -0.01679995097219944 -0.90378338098526 -0.4276602566242218 -0.5619968771934509 -0.8567470908164978 0.23351742327213287 -0.4598413109779358 -1.3424180746078491
0.5153525471687317 0.3587566316127777 -0.7782707810401917 0.0014202803140506148 -0.016660768538713455 -0.9037910103797913 -0.4276496171951294 -0.5618112087249756 -0.856816291809082 0.23335690796375275 -0.4597938358783722 -1.3425989151000977
0.5156142115592957 0.35868000984191895 -0.7781327962875366 0.0015479248249903321 -0.016922490671277046 -0.9037225842475891 -0.42778393626213074 -0.5619494318962097 -0.8566536903381348 0.23373943567276 -0.45990246534347534 -1.3423577547073364
0.5155137777328491 0.3587457239627838 -0.7781690359115601 0.0014731389237567782 -0.016803009435534477 -0.9037340879440308 -0.42776429653167725 -0.5618036985397339 -0.856716513633728 0.23359397053718567 -0.45985937118530273 -1.3424931764602661
0.5157033205032349 0.3585706353187561 -0.7781241536140442 0.0015335687203332782 -0.01706048659980297 -0.9037317037582397 -0.42775923013687134 -0.5619690418243408 -0.856597363948822 0.23387201130390167 -0.45994001626968384 -1.3423383235931396
0.5156164765357971 0.35864102840423584 -0.7781492471694946 0.001456258469261229 -0.016942385584115982 -0.903738260269165 -0.4277500510215759 -0.5618278384208679 -0.8566519618034363 0.23373867571353912 -0.45990610122680664 -1.3424724340438843
0.5158178210258484 0.3585762083530426 -0.778045654296875 0.0015367979649454355 -0.01711481623351574 -0.903696596622467 -0.42783123254776 -0.562017023563385 -0.8565273284912109 0.2339990884065628 -0.46000584959983826 -1.3425116539001465
0.5157158970832825 0.3586360216140747 -0.7780856490135193 0.0014476442011073232 -0.017004404217004776 -0.9037091732025146 -0.42780905961990356 -0.561865508556366 -0.8565908670425415 0.23385882377624512 -0.4599587917327881 -1.3426672220230103
0.5157755017280579 0.35871660709381104 -0.7780089974403381 0.0015028190100565553 -0.016957005485892296 -0.9036688208580017 -0.427896112203598 -0.561940610408783 -0.8565559387207031 0.23389104008674622 -0.46000751852989197 -1.3425148725509644
0.5156857371330261 0.35878780484199524 -0.7780357003211975 0.0014052734477445483 -0.016822997480630875 -0.9036797285079956 -0.42787837982177734 -0.5617773532867432 -0.8566126227378845 0.2337396740913391 -0.4599788784980774 -1.3426629304885864
0.5158470273017883 0.35854288935661316 -0.778041660785675 0.0015226795803755522 -0.01716257631778717 -0.9036974906921387 -0.4278274178504944 -0.5619446635246277 -0.8565087914466858 0.23404669761657715 -0.4600161015987396 -1.342568039894104
0.5157490968704224 0.3586024343967438 -0.7780791521072388 0.0014302983181551099 -0.017067471519112587 -0.9037054181098938 -0.42781442403793335 -0.5617855191230774 -0.8565696477890015 0.2339247465133667 -0.459964781999588 -1.342721939086914
0.5158250331878662 0.35858818888664246 -0.7780354022979736 0.0014629109064117074 -0.017068402841687202 -0.9037016034126282 -0.4278225004673004 -0.5619145035743713 -0.8565239310264587 0.23396135866641998 -0.4600313603878021 -1.3426378965377808
0.5157142877578735 0.3586398661136627 -0.778084933757782 0.0015277108177542686 -0.017158547416329384 -0.9036651849746704 -0.42789578437805176 -0.5619447827339172 -0.8565887808799744 0.23402278125286102 -0.4598793089389801 -1.342248797416687
0.5156278610229492 0.3586786985397339 -0.7781243324279785 0.0014479466481134295 -0.017052078619599342 -0.9036858677864075 -0.42785629630088806 -0.5617979168891907 -0.8566429615020752 0.23388326168060303 -0.45984938740730286 -1.3423869609832764
0.5158641934394836 0.35853439569473267 -0.7780342102050781 0.0015600749757140875 -0.01724950782954693 -0.9036757946014404 -0.42786967754364014 -0.5621069669723511 -0.8564966917037964 0.23414336144924164 -0.459989458322525 -1.3426533937454224
0.515763521194458 0.35858389735221863 -0.7780781388282776 0.0014918714296072721 -0.017156371846795082 -0.9036891460418701 -0.4278452396392822 -0.561972439289093 -0.856559157371521 0.23401597142219543 -0.4599379301071167 -1.3427932262420654
0.5157866477966309 0.35844242572784424 -0.7781279683113098 0.0015292370226234198 -0.01728714630007744 -0.9037277102470398 -0.42775848507881165 -0.5620916485786438 -0.8565426468849182 0.23408371210098267 -0.4599342346191406 -1.3425928354263306
0.5156991481781006 0.35850369930267334 -0.7781577706336975 0.0014575552195310593 -0.017177749425172806 -0.9037370681762695 -0.427743136882782 -0.5619527101516724 -0.8565975427627563 0.23395375907421112 -0.4598981440067291 -1.3427345752716064
0.5157265067100525 0.3584456443786621 -0.7781663537025452 0.001520607271231711 -0.01730499602854252 -0.9037300944328308 -0.42775270342826843 -0.5620076656341553 -0.8565784692764282 0.2340695858001709 -0.45987468957901 -1.342567801475525
0.5156421065330505 0.3585051894187927 -0.7781949043273926 0.001451727468520403 -0.01719694957137108 -0.9037395715713501 -0.4277370572090149 -0.5618606805801392 -0.8566314578056335 0.23394180834293365 -0.45984095335006714 -1.3427069187164307
0.5157150030136108 0.3585004508495331 -0.7781487703323364 0.001542053185403347 -0.017171891406178474 -0.9037380814552307 -0.42774122953414917 -0.5619086027145386 -0.8565881252288818 0.23395484685897827 -0.4599151313304901 -1.3424674272537231
