# 3x4 first row second row third row Freq: 100 current Time: 2021-07-28-16:59:13
-0.3515867590904236 -0.1625370979309082 -0.9219372272491455 0.16870418190956116 0.4065183997154236 -0.9136224985122681 0.006042754743248224 -0.5875959992408752 -0.8432848453521729 -0.37265992164611816 0.3872920572757721 -2.5466363430023193
-0.3516269326210022 -0.16255979239940643 -0.9219179153442383 0.1687050610780716 0.4065333902835846 -0.9136158227920532 0.006040769163519144 -0.5875648260116577 -0.8432608842849731 -0.3726663589477539 0.3873380720615387 -2.5466461181640625
-0.3516015112400055 -0.1625523567199707 -0.9219289422035217 0.16870670020580292 0.40652185678482056 -0.9136208891868591 0.006049820221960545 -0.5875612497329712 -0.8432770371437073 -0.3726571500301361 0.38731175661087036 -2.546651840209961
-0.3516220152378082 -0.16253073513507843 -0.921924889087677 0.16870100796222687 0.4064728021621704 -0.9136427640914917 0.006041954271495342 -0.5875776410102844 -0.8432921171188354 -0.37261295318603516 0.387321412563324 -2.5466508865356445
-0.35159459710121155 -0.16251425445079803 -0.9219383001327515 0.16870225965976715 0.4064444303512573 -0.9136553406715393 0.006050651427358389 -0.5875788927078247 -0.8433172702789307 -0.3725893199443817 0.38728946447372437 -2.5466551780700684
-0.3517359495162964 -0.1624458134174347 -0.9218963980674744 0.1687011420726776 0.4064968526363373 -0.9136329889297485 0.005896847695112228 -0.5875298380851746 -0.843233048915863 -0.372673898935318 0.38739144802093506 -2.546661853790283
-0.3517129123210907 -0.16244640946388245 -0.9219051003456116 0.16874247789382935 0.4065490663051605 -0.9136098623275757 0.005883537232875824 -0.5875873565673828 -0.8432174921035767 -0.3727303743362427 0.3873709738254547 -2.5466063022613525
-0.35166293382644653 -0.16246065497398376 -0.9219216704368591 0.16877640783786774 0.4065238833427429 -0.9136207699775696 0.005931118968874216 -0.5876242518424988 -0.8432504534721375 -0.3726974427700043 0.3873308598995209 -2.546698570251465
-0.35165223479270935 -0.16248072683811188 -0.9219222068786621 0.168790802359581 0.4065207242965698 -0.9136220216751099 0.005957142449915409 -0.5876300930976868 -0.843256413936615 -0.37268567085266113 0.3873291611671448 -2.546705484390259
-0.3516883850097656 -0.1624840795993805 -0.9219078421592712 0.1687358170747757 0.4065845012664795 -0.9135938882827759 0.0059153432957828045 -0.5875970721244812 -0.8432106375694275 -0.3727531135082245 0.38736405968666077 -2.5466222763061523
-0.3517616391181946 -0.16246114671230316 -0.9218839406967163 0.16872578859329224 0.40654462575912476 -0.913611888885498 0.005878843367099762 -0.5876194834709167 -0.8431993126869202 -0.37271901965141296 0.38742148876190186 -2.546668529510498
-0.3517147898674011 -0.16241560876369476 -0.9219098091125488 0.16870084404945374 0.40654972195625305 -0.9136098027229309 0.005851889494806528 -0.5876260995864868 -0.8432163596153259 -0.37274399399757385 0.38736027479171753 -2.5466597080230713
-0.35170578956604004 -0.16247327625751495 -0.9219030737876892 0.16868460178375244 0.4065786600112915 -0.9135965704917908 0.005899682641029358 -0.5876339077949524 -0.8432061672210693 -0.3727512061595917 0.3873755633831024 -2.546663284301758
-0.35167744755744934 -0.16239970922470093 -0.9219268560409546 0.16867278516292572 0.4065822660923004 -0.9135953783988953 0.005837546195834875 -0.5876212120056152 -0.8432162404060364 -0.37278619408607483 0.3873199224472046 -2.546687602996826
-0.35174140334129333 -0.16245609521865845 -0.921892523765564 0.16866925358772278 0.406666100025177 -0.9135581254959106 0.005826880224049091 -0.5875910520553589 -0.8431491255760193 -0.3728529214859009 0.3874017894268036 -2.5466415882110596
-0.35170695185661316 -0.16245055198669434 -0.9219066500663757 0.16867655515670776 0.40665391087532043 -0.9135634899139404 0.005842095706611872 -0.5875985622406006 -0.8431693911552429 -0.3728422522544861 0.38736796379089355 -2.546631097793579
-0.35170307755470276 -0.1625339537858963 -0.9218934178352356 0.16870887577533722 0.4066566228866577 -0.9135617017745972 0.005925189238041639 -0.5875812768936157 -0.8431696891784668 -0.3728101849555969 0.3873981535434723 -2.5466115474700928
-0.3516959846019745 -0.16244816780090332 -0.9219112396240234 0.16872374713420868 0.4066251814365387 -0.9135761857032776 0.0058577354066073895 -0.5875623226165771 -0.8431878089904785 -0.3728122115135193 0.3873567581176758 -2.546619415283203
-0.3516935110092163 -0.16243860125541687 -0.9219138622283936 0.1687311828136444 0.4065769612789154 -0.9135975241661072 0.005871499888598919 -0.5875341296195984 -0.8432121276855469 -0.372763991355896 0.38735029101371765 -2.5465753078460693
-0.3517210781574249 -0.16242681443691254 -0.9219054579734802 0.16874678432941437 0.4065864384174347 -0.9135934710502625 0.005843374878168106 -0.5875445604324341 -0.8431960344314575 -0.3727790117263794 0.3873707950115204 -2.546530246734619
-0.35164156556129456 -0.16252532601356506 -0.9219183921813965 0.16874873638153076 0.40658876299858093 -0.9135916233062744 0.005974781233817339 -0.5875740647315979 -0.8432281017303467 -0.3727407157421112 0.38733792304992676 -2.546579360961914
-0.35158565640449524 -0.16243770718574524 -0.9219551682472229 0.1687665581703186 0.40660110116004944 -0.9135865569114685 0.005906778387725353 -0.5875998735427856 -0.8432454466819763 -0.37279126048088074 0.38725146651268005 -2.5465571880340576
-0.35162097215652466 -0.16248011589050293 -0.9219342470169067 0.1687449961900711 0.40656033158302307 -0.9136043787002563 0.005952042527496815 -0.5876086950302124 -0.8432503938674927 -0.3727290630340576 0.38730061054229736 -2.546566963195801
-0.35160401463508606 -0.16247113049030304 -0.9219422936439514 0.16871871054172516 0.40656208992004395 -0.913603663444519 0.005949757061898708 -0.5875983834266663 -0.8432565927505493 -0.3727348744869232 0.38728147745132446 -2.546572685241699
-0.3515712320804596 -0.16245175898075104 -0.9219582080841064 0.16868117451667786 0.4065602123737335 -0.9136044979095459 0.005945785436779261 -0.5875623226165771 -0.8432711958885193 -0.372741162776947 0.3872436583042145 -2.546532154083252
-0.3515516221523285 -0.16244494915008545 -0.9219668507575989 0.16867558658123016 0.4065436124801636 -0.9136118292808533 0.005955249536782503 -0.5875544548034668 -0.8432873487472534 -0.3727262020111084 0.38722285628318787 -2.546534538269043
-0.35162049531936646 -0.16240446269512177 -0.921947717666626 0.1686641424894333 0.40649762749671936 -0.9136326313018799 0.005906089674681425 -0.5875625610351562 -0.8432807922363281 -0.37269291281700134 0.38726913928985596 -2.546553134918213
-0.35159027576446533 -0.16238629817962646 -0.9219624400138855 0.16865511238574982 0.40653562545776367 -0.9136158227920532 0.005883877631276846 -0.5875911712646484 -0.8432750701904297 -0.3727419078350067 0.3872344493865967 -2.5464987754821777
-0.35155943036079407 -0.16246816515922546 -0.9219598174095154 0.1686728596687317 0.40657898783683777 -0.9135960340499878 0.005958580877631903 -0.5876079797744751 -0.843267023563385 -0.3727547228336334 0.38723963499069214 -2.5465102195739746
-0.35154083371162415 -0.16240473091602325 -0.9219780564308167 0.16869500279426575 0.4065777659416199 -0.9135969877243042 0.005904438905417919 -0.5875740647315979 -0.8432753682136536 -0.3727801740169525 0.38719695806503296 -2.5465383529663086
-0.3515529930591583 -0.16237595677375793 -0.9219785332679749 0.16869457066059113 0.40654850006103516 -0.9136101007461548 0.005884033627808094 -0.5876134037971497 -0.8432844281196594 -0.37276044487953186 0.38719624280929565 -2.546649217605591
-0.3515239655971527 -0.16243427991867065 -0.9219793081283569 0.16869981586933136 0.4065340757369995 -0.9136160612106323 0.0059611741453409195 -0.587628185749054 -0.8433035016059875 -0.37272053956985474 0.3871931731700897 -2.5466768741607666
-0.3515245318412781 -0.16242459416389465 -0.9219807982444763 0.16869813203811646 0.4065053462982178 -0.9136288166046143 0.005964525509625673 -0.5876330733299255 -0.8433170914649963 -0.3726934492588043 0.3871895670890808 -2.5466926097869873
-0.3515093922615051 -0.1624337136745453 -0.9219849705696106 0.16868141293525696 0.40650269389152527 -0.9136298894882202 0.005981389433145523 -0.587577760219574 -0.8433246612548828 -0.37268689274787903 0.3871794044971466 -2.5466134548187256
-0.35150042176246643 -0.1623970866203308 -0.9219948053359985 0.1686951071023941 0.40648287534713745 -0.9136388301849365 0.005958126857876778 -0.5875527262687683 -0.8433379530906677 -0.3726808428764343 0.38715624809265137 -2.546638011932373
-0.35151973366737366 -0.1624232828617096 -0.9219828248023987 0.16869041323661804 0.4064592719078064 -0.9136491417884827 0.0059864716604352 -0.5875360369682312 -0.8433412909507751 -0.3726441264152527 0.3871843218803406 -2.5466256141662598
-0.3514919877052307 -0.16239818930625916 -0.9219978451728821 0.16870345175266266 0.4064684212207794 -0.9136452078819275 0.005969563499093056 -0.58753502368927 -0.8433484435081482 -0.37266477942466736 0.3871488869190216 -2.546607732772827
-0.3515341281890869 -0.16247020661830902 -0.9219691157341003 0.16871976852416992 0.40645113587379456 -0.9136524796485901 0.0060304030776023865 -0.5875703692436218 -0.843339204788208 -0.3726155161857605 0.38721638917922974 -2.5466833114624023
-0.35154205560684204 -0.16246049106121063 -0.9219678044319153 0.16872432827949524 0.4064868688583374 -0.9136368036270142 0.00600088806822896 -0.5876050591468811 -0.8433187007904053 -0.37265825271606445 0.38721999526023865 -2.5466482639312744
-0.3515421748161316 -0.16246066987514496 -0.9219676852226257 0.16871963441371918 0.40640538930892944 -0.9136728048324585 0.0060384320095181465 -0.5875986218452454 -0.8433579206466675 -0.37256988883018494 0.3872195780277252 -2.5466370582580566
-0.35153043270111084 -0.1624423861503601 -0.9219753742218018 0.16873201727867126 0.40637776255607605 -0.9136850833892822 0.0060381474904716015 -0.5876238942146301 -0.8433761596679688 -0.3725477159023285 0.3872012794017792 -2.5466148853302
-0.3516153395175934 -0.16245000064373016 -0.9219416975975037 0.16874948143959045 0.40634438395500183 -0.9136999845504761 0.006023837719112635 -0.5876360535621643 -0.8433567881584167 -0.372507780790329 0.38728174567222595 -2.5466442108154297
-0.35152962803840637 -0.16243894398212433 -0.9219763278961182 0.16877047717571259 0.40635913610458374 -0.9136933088302612 0.006043620407581329 -0.5876225829124451 -0.8433854579925537 -0.3725290298461914 0.3871989846229553 -2.5466723442077637
-0.35165539383888245 -0.16249771416187286 -0.9219179749488831 0.16874705255031586 0.40635785460472107 -0.9136938452720642 0.006047400645911694 -0.5876101851463318 -0.8433336019515991 -0.37250205874443054 0.3873377740383148 -2.546647310256958
-0.35161784291267395 -0.1624889224767685 -0.9219338893890381 0.16872739791870117 0.40638458728790283 -0.9136819839477539 0.006042856257408857 -0.5875928401947021 -0.8433364033699036 -0.37253496050834656 0.387300044298172 -2.546656847000122
-0.3516198694705963 -0.16244487464427948 -0.9219408631324768 0.16870549321174622 0.40640994906425476 -0.91367107629776 0.0059866709634661674 -0.5876023173332214 -0.8433233499526978 -0.37258094549179077 0.3872842788696289 -2.5466408729553223
-0.3516713082790375 -0.16249820590019226 -0.9219118356704712 0.16870568692684174 0.4064141511917114 -0.9136690497398376 0.006015060003846884 -0.5876059532165527 -0.8432998657226562 -0.3725627064704895 0.38735294342041016 -2.546666145324707
-0.3516286313533783 -0.1625022292137146 -0.9219273924827576 0.1686830222606659 0.40647804737091064 -0.9136406779289246 0.006008403841406107 -0.587632417678833 -0.8432868719100952 -0.3726305365562439 0.3873159885406494 -2.5466301441192627
-0.35165935754776 -0.16251987218856812 -0.9219126105308533 0.16867031157016754 0.4064175486564636 -0.9136673808097839 0.006040212232619524 -0.5876082181930542 -0.8433032035827637 -0.3725573718547821 0.38735076785087585 -2.5465645790100098
-0.35165995359420776 -0.16253843903541565 -0.9219090938568115 0.16867747902870178 0.4064926505088806 -0.9136340618133545 0.006023854482918978 -0.5876293182373047 -0.8432667255401611 -0.3726309537887573 0.3873593807220459 -2.546541452407837
-0.35162293910980225 -0.1625359207391739 -0.9219236373901367 0.16864271461963654 0.40644943714141846 -0.9136530756950378 0.006057422142475843 -0.5876134037971497 -0.8433030247688293 -0.3725854456424713 0.38732415437698364 -2.5464932918548584
-0.35164737701416016 -0.1624753326177597 -0.9219250082969666 0.16865645349025726 0.40645846724510193 -0.9136495590209961 0.005982532631605864 -0.5875923037528992 -0.8432884812355042 -0.37262052297592163 0.3873220980167389 -2.546523094177246
-0.35163065791130066 -0.1625867784023285 -0.9219117164611816 0.16867445409297943 0.40650224685668945 -0.913629412651062 0.006080195307731628 -0.5875808000564575 -0.8432743549346924 -0.37262123823165894 0.3873521685600281 -2.546497106552124
-0.3516254127025604 -0.1625501960515976 -0.9219201803207397 0.16866882145404816 0.40648820996284485 -0.9136358499526978 0.006052666809409857 -0.5875650644302368 -0.8432832956314087 -0.37262144684791565 0.3873324990272522 -2.54648756980896
-0.35167479515075684 -0.1625295877456665 -0.921904981136322 0.16868673264980316 0.40653157234191895 -0.913616955280304 0.005990712903439999 -0.5875660181045532 -0.843241810798645 -0.3726767301559448 0.38736963272094727 -2.5464890003204346
-0.3516206741333008 -0.16253790259361267 -0.9219241738319397 0.16865788400173187 0.4065757691860199 -0.9135972261428833 0.0060023535043001175 -0.5875743627548218 -0.8432430624961853 -0.37272149324417114 0.387323796749115 -2.54644775390625
-0.35151198506355286 -0.16260388493537903 -0.9219539761543274 0.1686677485704422 0.40654751658439636 -0.913608968257904 0.006128306034952402 -0.587588906288147 -0.8433020114898682 -0.3726639449596405 0.3872508704662323 -2.5465219020843506
-0.35148242115974426 -0.16255511343479156 -0.9219738245010376 0.16866816580295563 0.406571626663208 -0.9135985374450684 0.0060818493366241455 -0.587578535079956 -0.8433026671409607 -0.3727107644081116 0.38720428943634033 -2.546506881713867
-0.35147640109062195 -0.16259029507637024 -0.9219699501991272 0.16868390142917633 0.4065028727054596 -0.9136286377906799 0.006150927394628525 -0.5876004099845886 -0.8433383703231812 -0.3726215362548828 0.38721251487731934 -2.546543598175049
-0.3514784574508667 -0.16257865726947784 -0.9219712018966675 0.168707013130188 0.406511515378952 -0.9136249423027039 0.006134534254670143 -0.5875579118728638 -0.84333336353302 -0.37263575196266174 0.3872097432613373 -2.5465664863586426
-0.3515111804008484 -0.16258618235588074 -0.9219573736190796 0.16869279742240906 0.40645459294319153 -0.9136500954627991 0.006153781432658434 -0.5875820517539978 -0.8433471322059631 -0.3725707232952118 0.38724231719970703 -2.546638250350952
-0.351481169462204 -0.16255751252174377 -0.9219738841056824 0.16869904100894928 0.4064553380012512 -0.9136499166488647 0.00613818597048521 -0.5875764489173889 -0.8433592915534973 -0.3725837767124176 0.38720327615737915 -2.546630620956421
-0.35147571563720703 -0.1626453995704651 -0.9219604730606079 0.1687215268611908 0.4064258933067322 -0.913662314414978 0.006241188384592533 -0.5876286029815674 -0.8433757424354553 -0.3725149929523468 0.38723358511924744 -2.5467309951782227
-0.35150352120399475 -0.16257570683956146 -0.9219622015953064 0.1687321811914444 0.4064280688762665 -0.9136618971824646 0.006158952135592699 -0.5876289010047913 -0.8433631062507629 -0.3725464344024658 0.38723087310791016 -2.5467324256896973
-0.35153642296791077 -0.16248741745948792 -0.9219651818275452 0.168701171875 0.4064438045024872 -0.9136556386947632 0.00604981230571866 -0.587569534778595 -0.8433418273925781 -0.3726003170013428 0.3872254192829132 -2.5466222763061523
-0.35160231590270996 -0.16249385476112366 -0.921938955783844 0.168709397315979 0.40649649500846863 -0.9136325120925903 0.006003152579069138 -0.5875641107559204 -0.8432889580726624 -0.3726542294025421 0.3872886300086975 -2.546593427658081
-0.3515702784061432 -0.16248513758182526 -0.9219526648521423 0.16870714724063873 0.40649133920669556 -0.913634717464447 0.0060109104961156845 -0.5875577330589294 -0.8433047533035278 -0.372652530670166 0.38725578784942627 -2.5465917587280273
-0.3516082167625427 -0.16251347959041595 -0.9219332337379456 0.16872276365756989 0.406482070684433 -0.9136387705802917 0.0060266456566751 -0.5875745415687561 -0.8432934284210205 -0.3726303279399872 0.38730186223983765 -2.5466561317443848
-0.351594477891922 -0.16248230636119843 -0.9219439625740051 0.16872164607048035 0.40650248527526855 -0.9136298894882202 0.005992387421429157 -0.5875657200813293 -0.843289315700531 -0.3726656436920166 0.38727685809135437 -2.546647310256958
-0.3515917658805847 -0.16255976259708405 -0.9219313263893127 0.1687208116054535 0.4064862132072449 -0.9136365652084351 0.006077800877392292 -0.5875608325004578 -0.8432983160018921 -0.3726154863834381 0.3873055577278137 -2.5466885566711426
-0.3515673875808716 -0.1625610888004303 -0.9219403862953186 0.1686973124742508 0.40649163722991943 -0.9136340618133545 0.006087294314056635 -0.5875745415687561 -0.8433058261871338 -0.37262099981307983 0.3872838616371155 -2.54665207862854
-0.35158422589302063 -0.1626322716474533 -0.92192143201828 0.16868963837623596 0.40652525424957275 -0.913618803024292 0.006135032046586275 -0.5875429511070251 -0.8432826399803162 -0.3726273775100708 0.38732826709747314 -2.5466294288635254
-0.35165125131607056 -0.162581667304039 -0.9219048023223877 0.1686718612909317 0.4066237807273865 -0.9135757684707642 0.006010271143168211 -0.5875653028488159 -0.8432071805000305 -0.37275493144989014 0.3873698115348816 -2.546523332595825
-0.35164904594421387 -0.1625828593969345 -0.9219053983688354 0.1686682403087616 0.40661606192588806 -0.9135791659355164 0.006015962455421686 -0.5875599384307861 -0.843211829662323 -0.372746080160141 0.38736823201179504 -2.5465128421783447
-0.3516212999820709 -0.16257359087467194 -0.9219176173210144 0.16865646839141846 0.4066424071788788 -0.9135675430297852 0.006006833631545305 -0.5875564813613892 -0.8432106971740723 -0.3727787137031555 0.3873392939567566 -2.5464861392974854
-0.3516221046447754 -0.16265420615673065 -0.9219030737876892 0.16869011521339417 0.40664348006248474 -0.913566529750824 0.006085868459194899 -0.5875818729400635 -0.8432098031044006 -0.37274599075317383 0.38737261295318604 -2.546518564224243
-0.3515958786010742 -0.1626547873020172 -0.9219130277633667 0.1686871200799942 0.40665289759635925 -0.9135622978210449 0.006093611009418964 -0.5875765681266785 -0.8432162404060364 -0.37275615334510803 0.3873489201068878 -2.5465118885040283
-0.3516203761100769 -0.1625937819480896 -0.9219143986701965 0.16869649291038513 0.4066469669342041 -0.9135653972625732 0.006025159265846014 -0.5875582695007324 -0.8432088494300842 -0.3727751672267914 0.38734662532806396 -2.5465176105499268
-0.3515492379665375 -0.16257978975772858 -0.9219440221786499 0.1687183678150177 0.4065302908420563 -0.9136168360710144 0.006096024066209793 -0.5875713229179382 -0.8432947397232056 -0.37265515327453613 0.3872750997543335 -2.5466108322143555
-0.3515551686286926 -0.16260908544063568 -0.921936571598053 0.16871879994869232 0.40654823184013367 -0.913608729839325 0.006114230956882238 -0.5875881910324097 -0.8432836532592773 -0.372662216424942 0.3872925043106079 -2.546631097793579
-0.35161158442497253 -0.1626364141702652 -0.9219102263450623 0.16872650384902954 0.4065525233745575 -0.9136068224906921 0.006114639341831207 -0.5875873565673828 -0.8432580828666687 -0.3726549744606018 0.38735514879226685 -2.5466387271881104
-0.35158658027648926 -0.162645623087883 -0.9219181537628174 0.16869501769542694 0.4065921902656555 -0.9135891199111938 0.006116487551480532 -0.5875858664512634 -0.8432493805885315 -0.3726942837238312 0.38733628392219543 -2.5465660095214844
-0.3515291213989258 -0.16259916126728058 -0.921948254108429 0.1686861664056778 0.40663066506385803 -0.9135722517967224 0.006077952217310667 -0.587588906288147 -0.8432547450065613 -0.37275588512420654 0.38726523518562317 -2.546548843383789
-0.3516341745853424 -0.16263212263584137 -0.9219024181365967 0.16867820918560028 0.40662357211112976 -0.9135755300521851 0.006067852023988962 -0.5876078009605408 -0.8432143926620483 -0.37273359298706055 0.3873745799064636 -2.5465714931488037
-0.35161352157592773 -0.1626518964767456 -0.9219067692756653 0.1686975061893463 0.4066287875175476 -0.9135730266571045 0.0060940939001739025 -0.5875846147537231 -0.8432204723358154 -0.37273108959198 0.3873637318611145 -2.5465893745422363
-0.3517081141471863 -0.1627419888973236 -0.9218547940254211 0.16870281100273132 0.4066014289855957 -0.9135847687721252 0.00615450507029891 -0.5876055955886841 -0.8431942462921143 -0.3726629316806793 0.3874864876270294 -2.5466065406799316
-0.35172900557518005 -0.1627383530139923 -0.9218474626541138 0.1687074452638626 0.4065871834754944 -0.9135911464691162 0.006148312706500292 -0.5876084566116333 -0.8431923985481262 -0.37264883518218994 0.3875040113925934 -2.5466079711914062
-0.3515935242176056 -0.16275131702423096 -0.9218968749046326 0.16872285306453705 0.4066011905670166 -0.9135844707489014 0.006214057095348835 -0.5875823497772217 -0.8432421088218689 -0.3726595640182495 0.38738542795181274 -2.546618700027466
-0.3515900671482086 -0.16272085905075073 -0.9219035506248474 0.1687227040529251 0.4065381586551666 -0.9136125445365906 0.006214345805346966 -0.5875763297080994 -0.843273937702179 -0.372604101896286 0.3873695135116577 -2.5466084480285645
-0.35153505206108093 -0.1626657247543335 -0.9219342470169067 0.16870185732841492 0.4066166579723358 -0.9135780334472656 0.006147738080471754 -0.587614119052887 -0.8432590365409851 -0.3727127015590668 0.38729748129844666 -2.546584129333496
-0.3515555262565613 -0.16263936460018158 -0.9219310879707336 0.16870778799057007 0.40661850571632385 -0.9135774374008179 0.006111804861575365 -0.5875963568687439 -0.8432496190071106 -0.37272563576698303 0.3873055577278137 -2.5466017723083496
-0.35155731439590454 -0.16260655224323273 -0.9219362139701843 0.16869117319583893 0.40663984417915344 -0.9135682582855225 0.006068711169064045 -0.5876322388648987 -0.8432385921478271 -0.372762531042099 0.38729408383369446 -2.546560525894165
-0.3515859842300415 -0.1625775545835495 -0.9219304323196411 0.1686510145664215 0.4066106975078583 -0.9135814309120178 0.006040801759809256 -0.5876121520996094 -0.8432406783103943 -0.3727429211139679 0.38730835914611816 -2.546494483947754
-0.3516097962856293 -0.1625448614358902 -0.9219270944595337 0.1686965823173523 0.40656042098999023 -0.9136039018630981 0.006021056789904833 -0.5875837802886963 -0.8432549834251404 -0.372702032327652 0.3873165547847748 -2.5465385913848877
-0.35163965821266174 -0.16254089772701263 -0.9219163656234741 0.1686958372592926 0.40655240416526794 -0.9136075973510742 0.006007745396345854 -0.5875796675682068 -0.8432464003562927 -0.37269479036331177 0.3873422145843506 -2.546530246734619
-0.35155463218688965 -0.16257816553115845 -0.9219422340393066 0.16871947050094604 0.4065721929073334 -0.913598358631134 0.006072813645005226 -0.5875616073608398 -0.84327232837677 -0.3727011978626251 0.3872796595096588 -2.5465452671051025
-0.3515790104866028 -0.1625155508518219 -0.9219439625740051 0.16871985793113708 0.40654852986335754 -0.9136092662811279 0.006010962650179863 -0.587554931640625 -0.8432735800743103 -0.3727016746997833 0.3872765004634857 -2.546508312225342
-0.35157138109207153 -0.1625002771615982 -0.921949565410614 0.16871799528598785 0.4065120816230774 -0.9136254787445068 0.0060159009881317616 -0.5875694155693054 -0.8432943224906921 -0.37266865372657776 0.38726305961608887 -2.546618700027466
-0.35151275992393494 -0.16244816780090332 -0.9219810962677002 0.16869904100894928 0.4065198302268982 -0.9136222004890442 0.00598637480288744 -0.5875900983810425 -0.8433150053024292 -0.3726993501186371 0.3871884346008301 -2.5465824604034424
-0.3515363931655884 -0.162513867020607 -0.9219605326652527 0.16870124638080597 0.4065118134021759 -0.9136254191398621 0.006044816691428423 -0.5876139402389526 -0.8433090448379517 -0.37266287207603455 0.3872365653514862 -2.5466933250427246
-0.3515535593032837 -0.1625056117773056 -0.9219554662704468 0.16870500147342682 0.4065265357494354 -0.9136189818382263 0.006022347137331963 -0.5876243710517883 -0.8432947993278503 -0.37268221378326416 0.38724902272224426 -2.5467095375061035
-0.3515682816505432 -0.16253182291984558 -0.9219452142715454 0.16872645914554596 0.4064948558807373 -0.913632869720459 0.006056420039385557 -0.5876448154449463 -0.843303918838501 -0.3726367652416229 0.3872728645801544 -2.5467512607574463
-0.3515074849128723 -0.1625470072031021 -0.9219657182693481 0.16871675848960876 0.4065064489841461 -0.9136274456977844 0.00609277468174696 -0.5876540541648865 -0.8433236479759216 -0.372643381357193 0.387223482131958 -2.5467586517333984
-0.3515419363975525 -0.16249670088291168 -0.9219614267349243 0.16871052980422974 0.40655753016471863 -0.9136053323745728 0.006004380062222481 -0.5875633955001831 -0.8432846665382385 -0.3727196156978607 0.38723501563072205 -2.5466151237487793
-0.3515434265136719 -0.16244778037071228 -0.9219695329666138 0.16869914531707764 0.40656524896621704 -0.9136022329330444 0.0059517184272408485 -0.5875548124313354 -0.8432803750038147 -0.3727484941482544 0.38721662759780884 -2.5465946197509766
-0.35142451524734497 -0.16253644227981567 -0.9219992160797119 0.16873256862163544 0.406562477350235 -0.9136025309562683 0.00609293207526207 -0.5875759720802307 -0.8433312773704529 -0.37270909547805786 0.38714370131492615 -2.546675443649292
-0.35142654180526733 -0.1625111997127533 -0.922002911567688 0.16871371865272522 0.4066261053085327 -0.9135745763778687 0.0060378010384738445 -0.5875950455665588 -0.8432997465133667 -0.37278860807418823 0.3871358335018158 -2.546649217605591
-0.3514150381088257 -0.1624695211648941 -0.922014594078064 0.1686919778585434 0.40658801794052124 -0.9135916233062744 0.0060190255753695965 -0.587562084197998 -0.8433228731155396 -0.3727649450302124 0.38710817694664 -2.5465996265411377
-0.3514508306980133 -0.1624525785446167 -0.922003984451294 0.16868245601654053 0.40659138560295105 -0.9135903716087341 0.0059850215911865234 -0.5875519514083862 -0.8433063626289368 -0.37277546525001526 0.3871341049671173 -2.546605348587036
-0.3514419198036194 -0.1625380516052246 -0.921992301940918 0.1686890423297882 0.40655121207237244 -0.9136075377464294 0.006092054769396782 -0.5876131057739258 -0.8433294296264648 -0.3726961016654968 0.38716021180152893 -2.5467071533203125
-0.35151541233062744 -0.16254861652851105 -0.9219623804092407 0.16868259012699127 0.40663784742355347 -0.9135693907737732 0.006030568853020668 -0.5875628590583801 -0.8432570099830627 -0.3727850019931793 0.38723233342170715 -2.5466814041137695
-0.35151049494743347 -0.16251561045646667 -0.9219701290130615 0.1686750203371048 0.40662795305252075 -0.9135739803314209 0.0060045598074793816 -0.5875542759895325 -0.8432638049125671 -0.3727881908416748 0.38721439242362976 -2.5466949939727783
-0.3514857292175293 -0.16251543164253235 -0.9219796061515808 0.16867376863956451 0.4066406488418579 -0.9135683178901672 0.006009396631270647 -0.5875424146652222 -0.8432680368423462 -0.37280216813087463 0.3871917724609375 -2.5466952323913574
-0.3515365719795227 -0.16249404847621918 -0.9219639897346497 0.16870075464248657 0.4066443145275116 -0.9135669469833374 0.005964251700788736 -0.5875446200370789 -0.8432450890541077 -0.37281477451324463 0.38722965121269226 -2.546701431274414
-0.3515061140060425 -0.16244418919086456 -0.9219843745231628 0.1686888337135315 0.40669354796409607 -0.9135454297065735 0.005905597470700741 -0.5875824093818665 -0.8432340621948242 -0.37288928031921387 0.38718196749687195 -2.5466513633728027
-0.35152313113212585 -0.1624375283718109 -0.9219790697097778 0.16869407892227173 0.4067003130912781 -0.9135425090789795 0.005888423882424831 -0.5875762701034546 -0.8432236909866333 -0.37289929389953613 0.3871949017047882 -2.546654462814331
-0.3514895737171173 -0.16248251497745514 -0.9219838976860046 0.16874340176582336 0.4067208170890808 -0.913533091545105 0.005938292481005192 -0.5875771641731262 -0.843227744102478 -0.37290284037590027 0.3871825337409973 -2.5466160774230957
-0.3514818847179413 -0.1624869406223297 -0.9219860434532166 0.16876138746738434 0.4067380726337433 -0.913525402545929 0.0059381211176514626 -0.5875674486160278 -0.8432226777076721 -0.3729197084903717 0.38717740774154663 -2.546598434448242
-0.3515346944332123 -0.16248206794261932 -0.9219667911529541 0.16873492300510406 0.4066520929336548 -0.91356360912323 0.005949630867689848 -0.5875604748725891 -0.8432421088218689 -0.37282824516296387 0.38722315430641174 -2.546649217605591
-0.3514997661113739 -0.16240298748016357 -0.9219940304756165 0.16871660947799683 0.4066771864891052 -0.9135528802871704 0.005875047296285629 -0.5875787138938904 -0.8432445526123047 -0.3728888928890228 0.38715940713882446 -2.5466206073760986
-0.35151806473731995 -0.16239871084690094 -0.9219878315925598 0.1687036007642746 0.4066680371761322 -0.9135570526123047 0.005867006257176399 -0.5875700116157532 -0.8432413339614868 -0.37288063764572144 0.3871743083000183 -2.5466201305389404
-0.3514520823955536 -0.16244226694107056 -0.922005295753479 0.16873624920845032 0.4066639542579651 -0.9135583639144897 0.005940951872617006 -0.5875994563102722 -0.8432708382606506 -0.3728583753108978 0.38713160157203674 -2.546663284301758
-0.3514325022697449 -0.16243776679039001 -0.9220135807991028 0.168741375207901 0.40665167570114136 -0.9135637879371643 0.005950697232037783 -0.5876024961471558 -0.8432849049568176 -0.3728471100330353 0.38711175322532654 -2.54667329788208
-0.3513963222503662 -0.1624092012643814 -0.922032356262207 0.1687006801366806 0.40660330653190613 -0.9135852456092834 0.005960447248071432 -0.5876259803771973 -0.843323290348053 -0.37280696630477905 0.3870667815208435 -2.5466811656951904
-0.351408451795578 -0.16239900887012482 -0.9220295548439026 0.16870447993278503 0.406589150428772 -0.9135915637016296 0.005951542407274246 -0.5876268744468689 -0.8433250784873962 -0.37279582023620605 0.3870736360549927 -2.546691656112671
-0.351474791765213 -0.16243208944797516 -0.9219984412193298 0.16871167719364166 0.4065801799297333 -0.9135954976081848 0.005959366913884878 -0.587552011013031 -0.8433017730712891 -0.3727717697620392 0.3871476352214813 -2.5466628074645996
-0.35146859288215637 -0.16244608163833618 -0.9219983220100403 0.16872155666351318 0.40658724308013916 -0.9135922789573669 0.005972693208605051 -0.5875464081764221 -0.8433009386062622 -0.37277358770370483 0.3871476650238037 -2.546668529510498
-0.35147401690483093 -0.16245600581169128 -0.9219945073127747 0.1687314510345459 0.4065796136856079 -0.9135956168174744 0.005983682814985514 -0.5875926613807678 -0.8433023691177368 -0.372761070728302 0.38715657591819763 -2.5466904640197754
-0.35157299041748047 -0.16240917146205902 -0.9219650030136108 0.16875439882278442 0.40653425455093384 -0.9136162400245667 0.005914738867431879 -0.5875974297523499 -0.84328293800354 -0.37273094058036804 0.387227863073349 -2.546741485595703
-0.3515819311141968 -0.1624288111925125 -0.9219581484794617 0.16876928508281708 0.4065604507923126 -0.9136045575141907 0.005918237846344709 -0.5875992774963379 -0.8432666063308716 -0.37275099754333496 0.38724416494369507 -2.546752452850342
-0.35153260827064514 -0.16245925426483154 -0.9219716191291809 0.16874852776527405 0.406602680683136 -0.9135856032371521 0.005950628314167261 -0.5876169800758362 -0.8432667851448059 -0.3727843165397644 0.3872116506099701 -2.5466933250427246
-0.3515855669975281 -0.16244107484817505 -0.9219546318054199 0.16875296831130981 0.40656158328056335 -0.9136040210723877 0.005928289145231247 -0.5876096487045288 -0.8432645201683044 -0.3727470636367798 0.38725244998931885 -2.546729564666748
-0.3515092730522156 -0.16244201362133026 -0.921983540058136 0.16874289512634277 0.40656039118766785 -0.9136043190956116 0.0059632002376019955 -0.5876027941703796 -0.8432969450950623 -0.3727458715438843 0.3871830403804779 -2.5466761589050293
-0.35151422023773193 -0.16245968639850616 -0.9219785332679749 0.1687542051076889 0.4065663814544678 -0.9136015772819519 0.0059757716953754425 -0.5876007080078125 -0.8432919383049011 -0.37274494767189026 0.38719475269317627 -2.5466790199279785
-0.35151737928390503 -0.16243351995944977 -0.921981930732727 0.1687447726726532 0.4064946174621582 -0.9136334657669067 0.005981408525258303 -0.587622880935669 -0.8433252573013306 -0.37267816066741943 0.38718655705451965 -2.5466411113739014
-0.35151728987693787 -0.16243456304073334 -0.9219818115234375 0.16874516010284424 0.4064948558807373 -0.9136333465576172 0.005982385482639074 -0.5876229405403137 -0.8433251976966858 -0.3726779818534851 0.3871869146823883 -2.5466411113739014
-0.3516000509262085 -0.1624148041009903 -0.9219537377357483 0.1687169224023819 0.4065515995025635 -0.9136086106300354 0.005900513846427202 -0.5875979661941528 -0.8432633280754089 -0.37274715304374695 0.3872550129890442 -2.5466175079345703
-0.35170793533325195 -0.1623723953962326 -0.9219200611114502 0.16870397329330444 0.40653422474861145 -0.9136168956756592 0.005819185636937618 -0.5875639915466309 -0.8432266712188721 -0.37274542450904846 0.387336403131485 -2.5465893745422363
-0.3516964614391327 -0.16237087547779083 -0.9219247102737427 0.16870222985744476 0.4065302610397339 -0.9136186242103577 0.005824534222483635 -0.5875533223152161 -0.8432334065437317 -0.37274181842803955 0.3873252868652344 -2.5465803146362305
-0.3516429662704468 -0.16239823400974274 -0.921940267086029 0.16869159042835236 0.40648534893989563 -0.9136381149291992 0.005895702168345451 -0.5875503420829773 -0.8432773351669312 -0.37268203496932983 0.38728711009025574 -2.546600103378296
-0.35164493322372437 -0.1624598354101181 -0.9219286441802979 0.1686900109052658 0.4064326882362366 -0.913661003112793 0.005980080459266901 -0.5875818729400635 -0.8433018922805786 -0.37259912490844727 0.3873134255409241 -2.5466177463531494
-0.35165974497795105 -0.16243289411067963 -0.9219277501106262 0.16870127618312836 0.40638524293899536 -0.913682222366333 0.005968681536614895 -0.5875594615936279 -0.8433185815811157 -0.37255892157554626 0.3873157501220703 -2.5465831756591797
-0.35168054699897766 -0.16241393983364105 -0.9219231605529785 0.168696328997612 0.4063650667667389 -0.9136912822723389 0.005950055085122585 -0.587554931640625 -0.8433196544647217 -0.37254488468170166 0.3873269855976105 -2.546579599380493
-0.35165002942085266 -0.16242706775665283 -0.9219325184822083 0.16868071258068085 0.4064529538154602 -0.9136523008346558 0.005936067551374435 -0.5875808596611023 -0.8432900309562683 -0.37263476848602295 0.38730499148368835 -2.5465474128723145
-0.3516538143157959 -0.1624053418636322 -0.9219349026679993 0.16866806149482727 0.4064069092273712 -0.9136728048324585 0.0059340293519198895 -0.5875794887542725 -0.8433106541633606 -0.3725939989089966 0.3872993290424347 -2.546541452407837
-0.35160186886787415 -0.16242295503616333 -0.9219515919685364 0.16865532100200653 0.40637433528900146 -0.9136869311332703 0.00598918879404664 -0.5876110196113586 -0.8433480262756348 -0.37255167961120605 0.38725873827934265 -2.5465540885925293
-0.3516094982624054 -0.16239997744560242 -0.9219527244567871 0.16863872110843658 0.4063498079776764 -0.9136978983879089 0.005974341183900833 -0.587607204914093 -0.8433566689491272 -0.37253469228744507 0.3872562348842621 -2.54654860496521
-0.3516102433204651 -0.16249626874923706 -0.921935498714447 0.1686359941959381 0.40630969405174255 -0.9137150049209595 0.006087857764214277 -0.5876182913780212 -0.8433756828308105 -0.3724507689476013 0.38729554414749146 -2.546583652496338
-0.35160526633262634 -0.16247646510601044 -0.9219408631324768 0.16862469911575317 0.4063088297843933 -0.9137154817581177 0.0060708061791956425 -0.5876190662384033 -0.8433781266212463 -0.37245821952819824 0.38728296756744385 -2.5465826988220215
-0.3515367805957794 -0.16253253817558289 -0.9219570755958557 0.1686701476573944 0.4062587022781372 -0.9137370586395264 0.006179364398121834 -0.5876173973083496 -0.8434308171272278 -0.3723808526992798 0.3872426152229309 -2.546614646911621
-0.35149070620536804 -0.1626005321741104 -0.9219626784324646 0.1687331646680832 0.40620261430740356 -0.9137612581253052 0.00629266444593668 -0.5875897407531738 -0.8434770703315735 -0.3722918629646301 0.38722750544548035 -2.546675205230713
-0.3514550030231476 -0.16258536279201508 -0.9219789505004883 0.16875353455543518 0.4061757028102875 -0.9137731194496155 0.0063056121580302715 -0.5875824093818665 -0.8435049057006836 -0.37226933240890503 0.38718852400779724 -2.5466907024383545
-0.35140058398246765 -0.16263845562934875 -0.9219903349876404 0.1687537580728531 0.4062120318412781 -0.9137565493583679 0.0063653504475951195 -0.5875834822654724 -0.843510091304779 -0.3722867965698242 0.38716045022010803 -2.5467052459716797
-0.351374089717865 -0.16260670125484467 -0.9220060110092163 0.1687644124031067 0.40623825788497925 -0.913745105266571 0.00633342145010829 -0.5875869393348694 -0.8435084819793701 -0.3723287582397461 0.38712358474731445 -2.546694278717041
-0.35136768221855164 -0.16254283487796783 -0.9220197200775146 0.1687704175710678 0.40612635016441345 -0.9137949347496033 0.006324293557554483 -0.5875667929649353 -0.843565046787262 -0.37223437428474426 0.38709110021591187 -2.5467031002044678
-0.35148024559020996 -0.16249296069145203 -0.9219856262207031 0.1687462031841278 0.4061450660228729 -0.913787305355072 0.006217047572135925 -0.5876084566116333 -0.8435091376304626 -0.3722747564315796 0.3871740996837616 -2.5467119216918945
-0.35147160291671753 -0.16250213980674744 -0.9219872951507568 0.16875672340393066 0.4061313569545746 -0.9137932658195496 0.006236203480511904 -0.5876059532165527 -0.8435193300247192 -0.3722561299800873 0.3871697783470154 -2.5467288494110107
-0.35146215558052063 -0.16248562932014465 -0.9219938516616821 0.16873987019062042 0.406328022480011 -0.9137065410614014 0.006133717950433493 -0.5875445008277893 -0.8434285521507263 -0.37247616052627563 0.3871558904647827 -2.5465900897979736
-0.35150855779647827 -0.16248819231987 -0.9219756722450256 0.168746218085289 0.40628883242607117 -0.9137239456176758 0.006133936811238527 -0.5875312685966492 -0.8434280753135681 -0.37243232131004333 0.3871991038322449 -2.546592950820923
-0.3514557182788849 -0.16250954568386078 -0.9219920635223389 0.1687692403793335 0.4063223898410797 -0.9137088656425476 0.006162824109196663 -0.5876023769378662 -0.8434339761734009 -0.3724600672721863 0.38715964555740356 -2.546597957611084
-0.351462185382843 -0.1624334305524826 -0.9220030307769775 0.16874749958515167 0.4063330590724945 -0.9137046933174133 0.006079661659896374 -0.587629497051239 -0.8434261083602905 -0.3725035488605499 0.3871348798274994 -2.546613931655884
-0.35149264335632324 -0.1624923050403595 -0.9219810366630554 0.1687392145395279 0.40635406970977783 -0.9136950969696045 0.006115029565989971 -0.5876209139823914 -0.8434032797813416 -0.3725013732910156 0.3871867060661316 -2.5466835498809814
-0.3514412045478821 -0.16249015927314758 -0.9220010042190552 0.16873978078365326 0.4063278138637543 -0.9137065410614014 0.006147461943328381 -0.5876218676567078 -0.8434373736381531 -0.37247419357299805 0.38713857531547546 -2.546689748764038
-0.35152173042297363 -0.16253796219825745 -0.9219619035720825 0.16869616508483887 0.4063815474510193 -0.913682758808136 0.006134945433586836 -0.5876243710517883 -0.843377947807312 -0.37251174449920654 0.3872319161891937 -2.5467467308044434
-0.35148605704307556 -0.1625465303659439 -0.9219740033149719 0.16871747374534607 0.4063940644264221 -0.9136770367622375 0.00615328922867775 -0.5876074433326721 -0.8433867692947388 -0.3725219666957855 0.3872028589248657 -2.5467867851257324
-0.35146552324295044 -0.1625688076019287 -0.9219778776168823 0.1687360554933548 0.40634825825691223 -0.9136970639228821 0.0062053934670984745 -0.5875762104988098 -0.8434174060821533 -0.3724631369113922 0.3871927559375763 -2.5467166900634766
