# 3x4 first row second row third row Freq: 100 current Time: 2021-07-28-17:02:47
-0.49639245867729187 0.2529379725456238 -0.8304316401481628 0.22620953619480133 0.690540611743927 -0.46465569734573364 -0.55430006980896 -0.6016626358032227 -0.5260684490203857 -0.8485972285270691 0.055987805128097534 -2.038353681564331
-0.49639272689819336 0.25293806195259094 -0.8304314017295837 0.226212739944458 0.6905452013015747 -0.46464794874191284 -0.554300844669342 -0.6016415357589722 -0.5260621309280396 -0.8486014604568481 0.055982861667871475 -2.0384480953216553
-0.4963640868663788 0.2530007064342499 -0.8304294347763062 0.22622857987880707 0.6905994415283203 -0.46454939246177673 -0.5543158054351807 -0.6017087697982788 -0.5260179042816162 -0.8486367464065552 0.0558636337518692 -2.038424253463745
-0.496376633644104 0.2530602812767029 -0.8304038047790527 0.22620508074760437 0.6905634999275208 -0.4645541310310364 -0.5543566346168518 -0.6017046570777893 -0.5260533094406128 -0.848616361618042 0.05583979934453964 -2.038468837738037
-0.49630168080329895 0.2530438303947449 -0.830453634262085 0.22622881829738617 0.6905914545059204 -0.46460071206092834 -0.5542827844619751 -0.6016959547996521 -0.5260872840881348 -0.8485957384109497 0.055832378566265106 -2.038464069366455
-0.49637454748153687 0.25299838185310364 -0.8304239511489868 0.2262602001428604 0.6906240582466125 -0.46449998021125793 -0.5543265342712402 -0.6017113327980042 -0.5259757041931152 -0.8486644625663757 0.05583934485912323 -2.0383129119873047
-0.4963814914226532 0.25298482179641724 -0.830423891544342 0.22626590728759766 0.690623939037323 -0.4645017683506012 -0.5543252229690552 -0.6016967296600342 -0.5259693264961243 -0.8486675024032593 0.055852875113487244 -2.0383872985839844
-0.4963488280773163 0.25299689173698425 -0.8304397463798523 0.22624526917934418 0.6906071901321411 -0.464555948972702 -0.5543007254600525 -0.6016782522201538 -0.52602219581604 -0.8486342430114746 0.055860504508018494 -2.0383448600769043
-0.4963381588459015 0.2530009150505066 -0.8304449319839478 0.22624942660331726 0.690600574016571 -0.4645754098892212 -0.554292619228363 -0.6016523241996765 -0.5260409116744995 -0.8486224412918091 0.05586406961083412 -2.0384209156036377
-0.49638664722442627 0.2530217468738556 -0.830409586429596 0.22626329958438873 0.6905518770217896 -0.46458789706230164 -0.5543428659439087 -0.601657509803772 -0.5260591506958008 -0.8486093878746033 0.05589073896408081 -2.0383996963500977
-0.49638864398002625 0.25302231311798096 -0.8304082155227661 0.22626802325248718 0.6905456781387329 -0.46459531784057617 -0.5543443560600281 -0.6016330718994141 -0.5260653495788574 -0.8486051559448242 0.05589653179049492 -2.0384774208068848
-0.49641987681388855 0.2530536949634552 -0.8303799629211426 0.22623585164546967 0.6905587911605835 -0.46451956033706665 -0.5543914437294006 -0.6016705632209778 -0.5260186791419983 -0.8486372232437134 0.05584843456745148 -2.0384416580200195
-0.49641525745391846 0.2530369162559509 -0.8303878307342529 0.2262290120124817 0.6905688643455505 -0.4645194709300995 -0.5543789863586426 -0.6016508340835571 -0.5260097980499268 -0.8486422896385193 0.055855296552181244 -2.0385220050811768
-0.496468186378479 0.25303250551223755 -0.830357551574707 0.22624754905700684 0.6905388832092285 -0.46451374888420105 -0.5544211268424988 -0.6016333699226379 -0.525999128818512 -0.8486467599868774 0.055887673050165176 -2.038562774658203
-0.4964944124221802 0.2530075013637543 -0.8303495049476624 0.22625115513801575 0.6905322074890137 -0.46451300382614136 -0.5544300675392151 -0.6016036868095398 -0.5259832143783569 -0.8486546277999878 0.05591845139861107 -2.038649797439575
-0.4965389370918274 0.2530096769332886 -0.8303222060203552 0.22625242173671722 0.6905055046081543 -0.4645066559314728 -0.5544686317443848 -0.6016916632652283 -0.5259762406349182 -0.8486574292182922 0.055941224098205566 -2.038595199584961
-0.4964788556098938 0.25313302874565125 -0.8303205370903015 0.22627729177474976 0.6905012130737305 -0.46449601650238037 -0.5544829368591309 -0.6016989946365356 -0.526038646697998 -0.8486264944076538 0.055823951959609985 -2.0384886264801025
-0.4964808523654938 0.253128319978714 -0.8303207755088806 0.22628644108772278 0.6904944181442261 -0.46450790762901306 -0.5544814467430115 -0.6016848087310791 -0.5260456204414368 -0.8486213684082031 0.055835746228694916 -2.038562297821045
-0.49649956822395325 0.2530699670314789 -0.8303273916244507 0.22630733251571655 0.6904890537261963 -0.46453535556793213 -0.554465115070343 -0.6016966104507446 -0.5260350108146667 -0.8486237525939941 0.0558997243642807 -2.0385477542877197
-0.4965028464794159 0.25308364629745483 -0.8303212523460388 0.22632324695587158 0.6904812455177307 -0.46453532576560974 -0.5544748902320862 -0.6016793251037598 -0.5260421633720398 -0.8486196994781494 0.05589376762509346 -2.0386343002319336
-0.4964812994003296 0.25310012698173523 -0.8303291201591492 0.2263004630804062 0.6905577778816223 -0.4644240140914917 -0.5544727444648743 -0.601740300655365 -0.5259619951248169 -0.8486756682395935 0.05579773336648941 -2.0385141372680664
-0.4964904487133026 0.2531043589115143 -0.8303223252296448 0.22631143033504486 0.6905607581138611 -0.4644065797328949 -0.5544837117195129 -0.601732611656189 -0.5259494781494141 -0.8486839532852173 0.05578964203596115 -2.0385825634002686
-0.4964566230773926 0.25313758850097656 -0.8303324580192566 0.22628889977931976 0.6905808448791504 -0.464388370513916 -0.554473876953125 -0.6017504930496216 -0.5259550213813782 -0.8486840128898621 0.055736858397722244 -2.038494110107422
-0.49642741680145264 0.2531156837940216 -0.8303565979003906 0.22629517316818237 0.6906006932258606 -0.4644024968147278 -0.5544373989105225 -0.6017450094223022 -0.5259565711021423 -0.8486828207969666 0.055740416049957275 -2.0385639667510986
-0.4964806139469147 0.25307831168174744 -0.8303361535072327 0.22629408538341522 0.6905724406242371 -0.46441563963890076 -0.5544615387916565 -0.6018218994140625 -0.525943398475647 -0.8486867547035217 0.05580461025238037 -2.038457155227661
-0.4964899718761444 0.25307565927505493 -0.8303313851356506 0.22629490494728088 0.6905703544616699 -0.4644106924533844 -0.5544682145118713 -0.6018280982971191 -0.5259373188018799 -0.8486902713775635 0.05580885708332062 -2.038522243499756
-0.49646633863449097 0.2530761957168579 -0.8303453326225281 0.22624066472053528 0.6905547380447388 -0.46446099877357483 -0.5544455647468567 -0.6018168330192566 -0.5259801149368286 -0.8486626148223877 0.055826447904109955 -2.0384490489959717
-0.4964538812637329 0.25307661294937134 -0.8303526639938354 0.22622829675674438 0.6905603408813477 -0.46446511149406433 -0.554435133934021 -0.6018179059028625 -0.525984525680542 -0.8486602306365967 0.055820975452661514 -2.0385167598724365
-0.49651139974594116 0.25310003757476807 -0.830311119556427 0.2262309193611145 0.6905343532562256 -0.46442940831184387 -0.5544974207878113 -0.6017389893531799 -0.5259643197059631 -0.8486727476119995 0.05582037568092346 -2.038444995880127
-0.4964744746685028 0.2531101405620575 -0.8303301334381104 0.22622288763523102 0.6905654668807983 -0.4644123315811157 -0.5544730424880981 -0.6017324328422546 -0.5259584188461304 -0.8486791253089905 0.05577991530299187 -2.038512706756592
-0.4964442849159241 0.25311651825904846 -0.8303462266921997 0.22621507942676544 0.6905472874641418 -0.46446990966796875 -0.5544474124908447 -0.6017467379570007 -0.5260107517242432 -0.8486456871032715 0.05579468980431557 -2.0384507179260254
-0.4964231550693512 0.2531471252441406 -0.8303495049476624 0.22620633244514465 0.6905480027198792 -0.4644710123538971 -0.5544455647468567 -0.601745069026947 -0.5260297060012817 -0.8486359715461731 0.055764090269804 -2.0385208129882812
-0.4964630901813507 0.25312426686286926 -0.8303326368331909 0.22623862326145172 0.69051194190979 -0.46450144052505493 -0.5544649958610535 -0.6017643809318542 -0.5260393619537354 -0.8486261367797852 0.05582263693213463 -2.0384905338287354
-0.4964490234851837 0.25308531522750854 -0.8303529024124146 0.22625263035297394 0.6905105710029602 -0.46454480290412903 -0.554430365562439 -0.6017682552337646 -0.5260544419288635 -0.848613977432251 0.055864881724119186 -2.0384702682495117
-0.4964542090892792 0.2530933916568756 -0.8303473591804504 0.22624926269054413 0.6905205249786377 -0.4645178020000458 -0.5544406175613403 -0.6017574667930603 -0.5260365009307861 -0.8486263751983643 0.05584578588604927 -2.0385425090789795
-0.4964659810066223 0.25303012132644653 -0.8303595781326294 0.22625797986984253 0.6905121803283691 -0.4645608365535736 -0.5544149279594421 -0.6017394065856934 -0.5260363221168518 -0.848621666431427 0.05591841787099838 -2.038485527038574
-0.4964655935764313 0.2530692219734192 -0.8303478956222534 0.22625145316123962 0.6905169486999512 -0.464527428150177 -0.554436981678009 -0.6017233729362488 -0.526030421257019 -0.8486282825469971 0.05587346479296684 -2.0385630130767822
-0.4964735507965088 0.2529824376106262 -0.8303695917129517 0.2262534499168396 0.6904959082603455 -0.464610755443573 -0.5543933510780334 -0.6017552018165588 -0.5260505676269531 -0.8486085534095764 0.0559837780892849 -2.038525342941284
-0.49646279215812683 0.2530084252357483 -0.8303681015968323 0.226251021027565 0.690520703792572 -0.4645649790763855 -0.5544008016586304 -0.601745069026947 -0.5260281562805176 -0.848625898361206 0.05593181774020195 -2.0385944843292236
-0.49653396010398865 0.25302621722221375 -0.8303201198577881 0.22623498737812042 0.690493106842041 -0.46452099084854126 -0.5544720888137817 -0.6017473340034485 -0.5259972214698792 -0.8486446738243103 0.0559377446770668 -2.0384788513183594
-0.49649563431739807 0.2530139684677124 -0.8303467631340027 0.22622695565223694 0.6905103325843811 -0.4645426869392395 -0.5544324517250061 -0.6017360091209412 -0.5260108113288879 -0.8486364483833313 0.05593481659889221 -2.0385489463806152
-0.4965171813964844 0.25307193398475647 -0.8303162455558777 0.2262389063835144 0.6904770731925964 -0.4645344018936157 -0.554480791091919 -0.6017558574676514 -0.5260341167449951 -0.8486236929893494 0.05590909346938133 -2.0385005474090576
-0.49649256467819214 0.253108412027359 -0.8303198218345642 0.22623132169246674 0.6904610395431519 -0.46456238627433777 -0.554477334022522 -0.60174560546875 -0.5260783433914185 -0.8485974669456482 0.055890440940856934 -2.038572311401367
-0.4965674579143524 0.2530711889266968 -0.8302863836288452 0.22623157501220703 0.6904305219650269 -0.4645557999610901 -0.5545207858085632 -0.6017464995384216 -0.5260477066040039 -0.8486121892929077 0.05595537647604942 -2.0385706424713135
-0.49656856060028076 0.2531086206436157 -0.8302743434906006 0.226224884390831 0.6904272437095642 -0.4645349085330963 -0.5545424222946167 -0.6017350554466248 -0.5260509848594666 -0.8486124873161316 0.05592050775885582 -2.0386459827423096
-0.49655601382255554 0.25302359461784363 -0.8303077220916748 0.22625301778316498 0.6904283165931702 -0.4646035432815552 -0.5544835925102234 -0.6017882227897644 -0.526061475276947 -0.8486002683639526 0.05600719898939133 -2.038607597351074
-0.4965437352657318 0.2530222237110138 -0.8303155303001404 0.22625431418418884 0.6904391646385193 -0.46460020542144775 -0.5544729232788086 -0.6017772555351257 -0.5260588526725769 -0.8486024737358093 0.05599803850054741 -2.038682222366333
-0.4965461492538452 0.25297048687934875 -0.8303298354148865 0.22625552117824554 0.6905088424682617 -0.4645196795463562 -0.5544536113739014 -0.6017909646034241 -0.5259650349617004 -0.8486620187759399 0.055977266281843185 -2.0386416912078857
-0.49657708406448364 0.2529847025871277 -0.8303070068359375 0.22624891996383667 0.6904631853103638 -0.4645504653453827 -0.5544846057891846 -0.6017830967903137 -0.5259957313537598 -0.8486408591270447 0.05600865185260773 -2.038710355758667
-0.49651598930358887 0.2529866099357605 -0.8303429484367371 0.22627626359462738 0.69046950340271 -0.4646048843860626 -0.5544312000274658 -0.6017999649047852 -0.5260451436042786 -0.848610520362854 0.05600437521934509 -2.038616895675659
-0.4965135455131531 0.25297585129737854 -0.8303476572036743 0.22627659142017365 0.6904857158660889 -0.4645884931087494 -0.5544247031211853 -0.6017977595329285 -0.5260261297225952 -0.848622739315033 0.055998411029577255 -2.0386836528778076
-0.49648067355155945 0.25294944643974304 -0.8303753733634949 0.2262537032365799 0.6905331015586853 -0.46456509828567505 -0.5543853044509888 -0.6018218398094177 -0.5259950160980225 -0.84864342212677 0.055977776646614075 -2.0385777950286865
-0.49652180075645447 0.2529672682285309 -0.8303453326225281 0.22624771296977997 0.6904869675636292 -0.4645833373069763 -0.5544275045394897 -0.6018224954605103 -0.5260167121887207 -0.8486281037330627 0.05600530654191971 -2.0386364459991455
-0.4964749217033386 0.2528999149799347 -0.83039391040802 0.22620558738708496 0.6905491948127747 -0.46457841992378235 -0.5543541312217712 -0.6017953157424927 -0.5259792804718018 -0.8486508727073669 0.0560118742287159 -2.0385518074035645
-0.49653705954551697 0.25285789370536804 -0.8303695917129517 0.22624225914478302 0.6905472278594971 -0.4645426869392395 -0.5543864965438843 -0.6018099188804626 -0.5259231925010681 -0.8486829400062561 0.05605250597000122 -2.0384349822998047
-0.49651840329170227 0.2528574764728546 -0.8303808569908142 0.22623975574970245 0.6905668377876282 -0.46453142166137695 -0.5543714761734009 -0.6018082499504089 -0.5259150862693787 -0.8486892580986023 0.05603357031941414 -2.0384819507598877
-0.49652060866355896 0.2528522312641144 -0.8303811550140381 0.22622618079185486 0.6905609369277954 -0.46454209089279175 -0.5543699264526367 -0.6017938852310181 -0.5259207487106323 -0.8486849665641785 0.05604499951004982 -2.038501739501953
-0.49655619263648987 0.2528015971183777 -0.8303752541542053 0.22628630697727203 0.690544843673706 -0.4645635485649109 -0.5543720126152039 -0.6017969250679016 -0.5259082913398743 -0.8486883044242859 0.056111231446266174 -2.0384674072265625
-0.4965765178203583 0.2527752220630646 -0.8303711414337158 0.22628599405288696 0.690545380115509 -0.46455833315849304 -0.5543756484985352 -0.6017671227455139 -0.5258883833885193 -0.8486990332603455 0.056136153638362885 -2.038478136062622
-0.49653416872024536 0.2527880072593689 -0.8303925395011902 0.22628939151763916 0.6905601024627686 -0.4645717144012451 -0.5543461441993713 -0.6017616391181946 -0.5259090662002563 -0.8486878871917725 0.05611059442162514 -2.0385265350341797
-0.4965380132198334 0.252836674451828 -0.8303754329681396 0.2262697070837021 0.6905332207679749 -0.46457841992378235 -0.5543739795684814 -0.6017836332321167 -0.5259407162666321 -0.848669707775116 0.056088887155056 -2.038466691970825
-0.49652794003486633 0.25287744402885437 -0.8303690552711487 0.22626887261867523 0.6905325651168823 -0.46456316113471985 -0.554387629032135 -0.6017835140228271 -0.525951087474823 -0.8486658930778503 0.05604863911867142 -2.0385093688964844
-0.49650633335113525 0.25286582112312317 -0.8303855061531067 0.22623507678508759 0.6905467510223389 -0.4645712375640869 -0.5543631315231323 -0.6018247604370117 -0.5259528160095215 -0.8486649394035339 0.05604705214500427 -2.0383830070495605
-0.4965161085128784 0.2528373599052429 -0.8303883671760559 0.22622761130332947 0.6905182600021362 -0.464625746011734 -0.5543529987335205 -0.6018244624137878 -0.5259810090065002 -0.8486436009407043 0.056105513125658035 -2.0384271144866943
-0.4965103566646576 0.2529066205024719 -0.8303706645965576 0.22626785933971405 0.6904431581497192 -0.46470680832862854 -0.5543785691261292 -0.6018143892288208 -0.5260850191116333 -0.8485785722732544 0.05611425265669823 -2.038465976715088
-0.49651283025741577 0.25288793444633484 -0.8303748965263367 0.22626939415931702 0.6904455423355103 -0.46471282839775085 -0.5543705821037292 -0.6018057465553284 -0.5260795950889587 -0.8485808372497559 0.05613069608807564 -2.038515567779541
-0.4964967966079712 0.2529744803905487 -0.8303581476211548 0.22626015543937683 0.6904042363166809 -0.46473896503448486 -0.5544001460075378 -0.6017869710922241 -0.5261489748954773 -0.848540723323822 0.05608692392706871 -2.038515567779541
-0.496433287858963 0.2530231177806854 -0.8303812742233276 0.22628305852413177 0.690410852432251 -0.4647640883922577 -0.5543707609176636 -0.6017927527427673 -0.5262001156806946 -0.8485124707221985 0.05603460595011711 -2.0384581089019775
-0.49645352363586426 0.25300684571266174 -0.8303741216659546 0.2262854278087616 0.6903818845748901 -0.4647999405860901 -0.5543768405914307 -0.6017821431159973 -0.5262190699577332 -0.8484976887702942 0.05608038604259491 -2.0385067462921143
-0.4964763820171356 0.2530675530433655 -0.8303419947624207 0.22625619173049927 0.6903327107429504 -0.46481409668922424 -0.5544261932373047 -0.601805567741394 -0.5262620449066162 -0.8484718203544617 0.05606856569647789 -2.0384864807128906
-0.49649056792259216 0.2530529499053955 -0.8303379416465759 0.22625179588794708 0.6903429627418518 -0.46479207277297974 -0.5544319152832031 -0.6018016934394836 -0.5262352228164673 -0.8484882712364197 0.05607173219323158 -2.038541078567505
-0.4964944124221802 0.2531023621559143 -0.8303205966949463 0.22625461220741272 0.6903107762336731 -0.46480685472488403 -0.5544595718383789 -0.6017565131187439 -0.5262738466262817 -0.8484654426574707 0.05605488643050194 -2.038496732711792
-0.49649640917778015 0.2531096637248993 -0.8303171396255493 0.2262466996908188 0.6903105974197388 -0.46480002999305725 -0.5544654726982117 -0.6017466187477112 -0.5262721180915833 -0.8484669327735901 0.05604742839932442 -2.0385501384735107
-0.4963832199573517 0.2531455457210541 -0.8303738832473755 0.2262425422668457 0.690333902835846 -0.46486034989356995 -0.5543859004974365 -0.6017692685127258 -0.526348352432251 -0.8484232425689697 0.055994078516960144 -2.0385522842407227
-0.4964268207550049 0.2531561851501465 -0.8303446173667908 0.22623461484909058 0.6903133392333984 -0.46483945846557617 -0.5544289946556091 -0.6017603278160095 -0.5263341665267944 -0.8484314680099487 0.05600183829665184 -2.0386030673980713
-0.4963792860507965 0.25313839316368103 -0.8303784132003784 0.22625619173049927 0.6903613805770874 -0.4648250937461853 -0.554381251335144 -0.601793110370636 -0.5263159871101379 -0.8484446406364441 0.05597275123000145 -2.038475751876831
-0.496393084526062 0.25317031145095825 -0.830360472202301 0.22626443207263947 0.6903043985366821 -0.4648807942867279 -0.5544055104255676 -0.6018003821372986 -0.5263777375221252 -0.8484046459197998 0.05599920079112053 -2.038475513458252
-0.4963814318180084 0.25315895676612854 -0.8303708434104919 0.22626252472400665 0.6903465390205383 -0.46483302116394043 -0.5543931126594543 -0.60179603099823 -0.5263334512710571 -0.8484342098236084 0.05596723034977913 -2.0385255813598633
-0.4965068995952606 0.2531963884830475 -0.8302844166755676 0.2262125462293625 0.690264880657196 -0.4648045003414154 -0.5545186400413513 -0.6017939448356628 -0.5263221859931946 -0.8484386205673218 0.05600620061159134 -2.038498640060425
-0.49641841650009155 0.2531668245792389 -0.8303463459014893 0.2262381613254547 0.6903138756752014 -0.46484053134918213 -0.554427444934845 -0.6018354892730713 -0.5263413786888123 -0.8484277129173279 0.05599100515246391 -2.0385398864746094
-0.49642664194107056 0.25310835242271423 -0.8303592801094055 0.2262812852859497 0.6903021931648254 -0.46488961577415466 -0.5544008612632751 -0.601830780506134 -0.5263490080833435 -0.8484182953834534 0.056062497198581696 -2.038512945175171
-0.49643173813819885 0.25308650732040405 -0.830362856388092 0.22628779709339142 0.6903058290481567 -0.46489283442497253 -0.5543936491012573 -0.6018185615539551 -0.5263394117355347 -0.8484230637550354 0.05608063563704491 -2.0385687351226807
-0.49651095271110535 0.2530425488948822 -0.8303288817405701 0.2262870967388153 0.6902960538864136 -0.46485260128974915 -0.5544394850730896 -0.6018396615982056 -0.5262774229049683 -0.8484581708908081 0.056130293756723404 -2.03857684135437
-0.49653464555740356 0.2530590295791626 -0.8303097486495972 0.226294606924057 0.6902820467948914 -0.4648386836051941 -0.55446857213974 -0.6018275022506714 -0.5262734889984131 -0.8484609127044678 0.056126561015844345 -2.0386383533477783
-0.4964570999145508 0.2531387209892273 -0.8303318023681641 0.22635209560394287 0.6903089284896851 -0.46482568979263306 -0.5544461011886597 -0.6018275022506714 -0.5263113975524902 -0.8484442234039307 0.05602225288748741 -2.038609266281128
-0.4964935779571533 0.25313276052474976 -0.8303118348121643 0.226365327835083 0.6902992725372314 -0.46480593085289 -0.5544746518135071 -0.6018086671829224 -0.5262896418571472 -0.848456859588623 0.056035954505205154 -2.0386736392974854
-0.49645692110061646 0.2531779110431671 -0.8303199410438538 0.22634129226207733 0.6902675628662109 -0.46486636996269226 -0.5544634461402893 -0.6017910242080688 -0.5263658165931702 -0.8484102487564087 0.056025780737400055 -2.038672685623169
-0.4964636564254761 0.25317227840423584 -0.8303176760673523 0.22632794082164764 0.6902719140052795 -0.4648558795452118 -0.5544668436050415 -0.6017599701881409 -0.5263537764549255 -0.8484176993370056 0.05602648854255676 -2.0387260913848877
-0.496436208486557 0.2531560957431793 -0.8303390145301819 0.22632107138633728 0.6902861595153809 -0.4648732841014862 -0.5544345378875732 -0.601796567440033 -0.5263609886169434 -0.8484129905700684 0.05602993443608284 -2.0387043952941895
-0.4964016079902649 0.25323086977005005 -0.83033686876297 0.22627712786197662 0.6902607679367065 -0.46490150690078735 -0.5544424653053284 -0.6018245220184326 -0.5264269113540649 -0.8483752012252808 0.055982671678066254 -2.0386199951171875
-0.4964263141155243 0.25324204564094543 -0.8303186893463135 0.22626492381095886 0.6902549862861633 -0.46487677097320557 -0.554470419883728 -0.6018152236938477 -0.5264111757278442 -0.8483854532241821 0.05597563087940216 -2.038682222366333
-0.4964657425880432 0.2532021403312683 -0.8303073048591614 0.22624896466732025 0.6902540326118469 -0.4648624658584595 -0.5544835329055786 -0.6018429398536682 -0.5263752341270447 -0.8484051823616028 0.05601465329527855 -2.038649082183838
-0.49646684527397156 0.25321245193481445 -0.8303034901618958 0.22622832655906677 0.6902395486831665 -0.464877724647522 -0.5544887781143188 -0.6018273234367371 -0.5263931751251221 -0.8483937382698059 0.05601927638053894 -2.0386972427368164
-0.4964412748813629 0.2531608045101166 -0.8303345441818237 0.2262379229068756 0.6902642250061035 -0.4648999869823456 -0.5544394254684448 -0.6018314361572266 -0.5263849496841431 -0.8483969569206238 0.05604784935712814 -2.0386464595794678
-0.4964548945426941 0.25321394205093384 -0.8303101658821106 0.22622603178024292 0.6902226805686951 -0.46491682529449463 -0.5544770359992981 -0.6018236875534058 -0.5264265537261963 -0.8483718633651733 0.056036390364170074 -2.0387086868286133
-0.4964534044265747 0.25315725803375244 -0.8303283452987671 0.2262377142906189 0.6902331113815308 -0.46493950486183167 -0.5544450283050537 -0.6018499732017517 -0.5264143347740173 -0.8483763337135315 0.05608344450592995 -2.038681983947754
-0.4964572489261627 0.25320112705230713 -0.8303126692771912 0.22622215747833252 0.6902077794075012 -0.4649468958377838 -0.554470419883728 -0.6018412113189697 -0.5264438986778259 -0.848359227180481 0.05606502667069435 -2.0387344360351562
-0.4964996576309204 0.25316616892814636 -0.8302980065345764 0.22626371681690216 0.6902318596839905 -0.4648857116699219 -0.5544916391372681 -0.6018500328063965 -0.5263723134994507 -0.8484031558036804 0.05607239156961441 -2.0386569499969482
-0.4964403808116913 0.25320011377334595 -0.8303231000900269 0.22625774145126343 0.6902375221252441 -0.46491777896881104 -0.5544577836990356 -0.6018664836883545 -0.5264208316802979 -0.8483754992485046 0.056035902351140976 -2.0386056900024414
-0.4964389503002167 0.25318044424057007 -0.830329954624176 0.22625133395195007 0.6902379393577576 -0.46493178606033325 -0.5544455051422119 -0.6018644571304321 -0.5264216661453247 -0.8483736515045166 0.05605565384030342 -2.038658380508423
-0.4964272677898407 0.253178209066391 -0.8303375840187073 0.22629132866859436 0.6902334094047546 -0.46495306491851807 -0.5544332265853882 -0.601923942565918 -0.5264385342597961 -0.8483626842498779 0.056063491851091385 -2.038619041442871
-0.49641600251197815 0.2532097399234772 -0.8303347229957581 0.2262689769268036 0.6902283430099487 -0.46495234966278076 -0.5544402003288269 -0.6019099354743958 -0.526455819606781 -0.8483536243438721 0.05603739246726036 -2.0386428833007812
-0.4964072108268738 0.25319451093673706 -0.8303446173667908 0.22632047533988953 0.6902143359184265 -0.46499454975128174 -0.5544221997261047 -0.601854145526886 -0.5264824628829956 -0.8483350872993469 0.05606832355260849 -2.038630962371826
-0.496498167514801 0.25322380661964417 -0.8302813172340393 0.2263123095035553 0.6901630759239197 -0.46495968103408813 -0.5545152425765991 -0.6018309593200684 -0.5264638662338257 -0.8483454585075378 0.05608605593442917 -2.0386674404144287
-0.4964824616909027 0.25316035747528076 -0.830310046672821 0.2263123095035553 0.6901839971542358 -0.4649852514266968 -0.5544677972793579 -0.6018384099006653 -0.5264512896537781 -0.8483503460884094 0.056129954755306244 -2.038672685623169
-0.49647849798202515 0.2531816363334656 -0.8303059339523315 0.22629672288894653 0.6901692152023315 -0.46499913930892944 -0.5544745326042175 -0.6018145680427551 -0.5264744162559509 -0.848336398601532 0.056124068796634674 -2.0387003421783447
-0.49649834632873535 0.25314053893089294 -0.8303065896034241 0.2263169288635254 0.6901677250862122 -0.4650076627731323 -0.5544692873954773 -0.6018549203872681 -0.526457667350769 -0.8483439683914185 0.056166261434555054 -2.038635730743408
-0.49652543663978577 0.2531820237636566 -0.8302777409553528 0.22627829015254974 0.6901402473449707 -0.4649950861930847 -0.5545140504837036 -0.6018511652946472 -0.5264681577682495 -0.8483384847640991 0.056150954216718674 -2.0386130809783936
-0.4965681731700897 0.2532035708427429 -0.8302456140518188 0.22627480328083038 0.6901130080223083 -0.4649786055088043 -0.5545617341995239 -0.601844310760498 -0.5264635682106018 -0.8483411073684692 0.056154657155275345 -2.0386688709259033
-0.4965541362762451 0.25316309928894043 -0.8302663564682007 0.22627465426921844 0.6901206374168396 -0.46500837802886963 -0.554527223110199 -0.6019039154052734 -0.5264667272567749 -0.8483368754386902 0.056188907474279404 -2.038644552230835
-0.4965338706970215 0.2531971037387848 -0.8302680850028992 0.22627076506614685 0.6901233196258545 -0.46500319242477417 -0.5545282959938049 -0.6018985509872437 -0.5264824032783508 -0.8483295440673828 0.05615275725722313 -2.038700580596924
-0.4965190887451172 0.25313425064086914 -0.8302960991859436 0.22630542516708374 0.690178632736206 -0.4649719297885895 -0.5544856190681458 -0.601859986782074 -0.5264238119125366 -0.8483654260635376 0.05615975707769394 -2.038613796234131
-0.49651142954826355 0.2531962990760803 -0.8302817940711975 0.22632665932178497 0.6901299357414246 -0.46501725912094116 -0.5545082688331604 -0.6018617153167725 -0.5264948606491089 -0.8483220934867859 0.05614820867776871 -2.0387051105499268
-0.4964565634727478 0.25322386622428894 -0.8303061723709106 0.22635196149349213 0.6901490688323975 -0.46502700448036194 -0.554476261138916 -0.6018664240837097 -0.5265215039253235 -0.8483085036277771 0.0561036542057991 -2.0387048721313477
-0.4964914917945862 0.2532328963279724 -0.8302825093269348 0.22634482383728027 0.6901335716247559 -0.465008407831192 -0.5545111894607544 -0.6018339991569519 -0.5265089273452759 -0.8483160138130188 0.05610836669802666 -2.038722038269043
-0.4964621663093567 0.2532147765159607 -0.8303055763244629 0.22632108628749847 0.6901373267173767 -0.4650459587574005 -0.554474949836731 -0.6018429398536682 -0.5265315771102905 -0.8483008146286011 0.05612490698695183 -2.038766622543335
-0.49647751450538635 0.2532382309436798 -0.8302892446517944 0.22632063925266266 0.6901101469993591 -0.4650575518608093 -0.5544990301132202 -0.6018677353858948 -0.5265527367591858 -0.8482874631881714 0.05612849444150925 -2.0387425422668457
-0.4964446723461151 0.2532472610473633 -0.8303061127662659 0.2263215035200119 0.6901418566703796 -0.4650357961654663 -0.554477870464325 -0.6018582582473755 -0.5265421867370605 -0.8482967019081116 0.0560881644487381 -2.038801431655884
-0.4964818060398102 0.25322791934013367 -0.8302898406982422 0.226331427693367 0.690090537071228 -0.46509143710136414 -0.5544950366020203 -0.6018301844596863 -0.526574432849884 -0.8482719659805298 0.05615939199924469 -2.038771390914917
-0.49646151065826416 0.2532024085521698 -0.8303097486495972 0.22633035480976105 0.6901316046714783 -0.465064138174057 -0.5544668436050415 -0.6018139719963074 -0.5265397429466248 -0.8482945561408997 0.056143619120121 -2.0388288497924805
-0.49644502997398376 0.25320515036582947 -0.8303187489509583 0.22630776464939117 0.6901252269744873 -0.4650903642177582 -0.5544527769088745 -0.6018862724304199 -0.5265636444091797 -0.8482793569564819 0.056148700416088104 -2.0387895107269287
-0.49649739265441895 0.25311246514320374 -0.8303157091140747 0.22628043591976166 0.6901655793190002 -0.46503087878227234 -0.5544524788856506 -0.6019125580787659 -0.5264613628387451 -0.8483396172523499 0.056197281926870346 -2.038686752319336
-0.49649500846862793 0.25309792160987854 -0.8303215503692627 0.2262715846300125 0.6901786923408508 -0.4650219976902008 -0.5544435977935791 -0.6019107103347778 -0.5264464020729065 -0.84834885597229 0.05619845166802406 -2.038742780685425
-0.4964023530483246 0.25319385528564453 -0.8303477168083191 0.2262745201587677 0.6901924014091492 -0.4650355577468872 -0.5544151663780212 -0.6018591523170471 -0.5265158414840698 -0.8483127951622009 0.05609242618083954 -2.0387210845947266
-0.49641141295433044 0.25317028164863586 -0.8303495049476624 0.22626857459545135 0.6901841163635254 -0.4650549292564392 -0.5544092059135437 -0.6018462777137756 -0.5265181660652161 -0.8483092188835144 0.05612463131546974 -2.0387794971466064
-0.4964107275009155 0.25314196944236755 -0.8303585648536682 0.22630338370800018 0.6902084946632385 -0.4650352895259857 -0.554395318031311 -0.6019085645675659 -0.526486873626709 -0.8483284115791321 0.056127917021512985 -2.0387051105499268
-0.4963936507701874 0.2531505525112152 -0.8303661346435547 0.22633090615272522 0.6901988387107849 -0.4650634229183197 -0.5543836951255798 -0.6019033193588257 -0.526515543460846 -0.8483104109764099 0.05613046884536743 -2.0386979579925537
-0.49645376205444336 0.2531368136405945 -0.8303343653678894 0.226339191198349 0.6901727914810181 -0.4650499224662781 -0.5544275045394897 -0.6018959879875183 -0.5264930725097656 -0.8483219146728516 0.05616779625415802 -2.038747787475586
-0.4964440166950226 0.2531742453575134 -0.8303287625312805 0.22633595764636993 0.6901769042015076 -0.4650287926197052 -0.5544401407241821 -0.6018784642219543 -0.5264968872070312 -0.848322331905365 0.05612591654062271 -2.0387914180755615
-0.496417760848999 0.2531808614730835 -0.8303424715995789 0.22634607553482056 0.6902074217796326 -0.46500346064567566 -0.5544233918190002 -0.6018903255462646 -0.5264816284179688 -0.8483342528343201 0.05608883500099182 -2.038776159286499
-0.49650201201438904 0.25321704149246216 -0.8302810788154602 0.2263716161251068 0.6901669502258301 -0.46495386958122253 -0.5545153617858887 -0.6018872857093811 -0.5264552235603333 -0.8483506441116333 0.056088659912347794 -2.03875994682312
-0.49652010202407837 0.2532031536102295 -0.8302744626998901 0.22637586295604706 0.6901589632034302 -0.46495652198791504 -0.5545230507850647 -0.6018797159194946 -0.5264486074447632 -0.8483533263206482 0.056109990924596786 -2.038820743560791
-0.4964868426322937 0.25324374437332153 -0.8302819728851318 0.22633887827396393 0.6901928782463074 -0.4649105966091156 -0.5545193552970886 -0.6018880605697632 -0.5264355540275574 -0.848366379737854 0.05603513866662979 -2.038710594177246
-0.4964897334575653 0.2532385587692261 -0.8302818536758423 0.2263360321521759 0.6901613473892212 -0.4649616777896881 -0.5545157194137573 -0.6018742322921753 -0.526474118232727 -0.8483399152755737 0.0560733862221241 -2.038757562637329
-0.4964536130428314 0.25325849652290344 -0.8302973508834839 0.22630959749221802 0.6901973485946655 -0.4649293124675751 -0.5544981360435486 -0.6018770337104797 -0.5264610648155212 -0.8483517169952393 0.056017640978097916 -2.038686513900757
-0.49638083577156067 0.2533380687236786 -0.8303166031837463 0.22631078958511353 0.6901614665985107 -0.4650122821331024 -0.5544732213020325 -0.601904571056366 -0.5265766978263855 -0.848282516002655 0.055979177355766296 -2.0387089252471924
-0.49642303586006165 0.25330033898353577 -0.830302894115448 0.22630612552165985 0.6901558637619019 -0.46500110626220703 -0.5544895529747009 -0.6019012331962585 -0.5265442728996277 -0.8482998609542847 0.056020695716142654 -2.038750648498535
-0.4964369237422943 0.2532072961330414 -0.8303229808807373 0.22627194225788116 0.6901626586914062 -0.4650372862815857 -0.5544506907463074 -0.6019017100334167 -0.5265222191810608 -0.8483078479766846 0.05610760673880577 -2.038668632507324
-0.4964248538017273 0.25324371457099915 -0.8303190469741821 0.22625581920146942 0.6901662945747375 -0.4650201201438904 -0.5544605851173401 -0.6019004583358765 -0.5265288352966309 -0.8483063578605652 0.056067418307065964 -2.0387046337127686
-0.4964514374732971 0.253213107585907 -0.8303124904632568 0.22627659142017365 0.6901322603225708 -0.4650667607784271 -0.554463803768158 -0.6019149422645569 -0.5265483260154724 -0.8482899069786072 0.056132666766643524 -2.0386760234832764
-0.4964298903942108 0.2532312572002411 -0.8303198218345642 0.22626200318336487 0.6901390552520752 -0.4650668799877167 -0.5544552803039551 -0.6019138097763062 -0.5265597701072693 -0.8482844233512878 0.056108467280864716 -2.038719892501831
-0.4964383840560913 0.2531720995903015 -0.8303328156471252 0.22628629207611084 0.6901065111160278 -0.46514973044395447 -0.5544263124465942 -0.6019162535667419 -0.5265944600105286 -0.8482566475868225 0.05620262771844864 -2.038689613342285
-0.49643388390541077 0.25315847992897034 -0.8303396701812744 0.22628380358219147 0.690116286277771 -0.46514785289764404 -0.5544156432151794 -0.6019096374511719 -0.5265858769416809 -0.8482617735862732 0.05620652437210083 -2.0387301445007324
-0.4963970482349396 0.25311213731765747 -0.8303757905960083 0.2263159602880478 0.6901149749755859 -0.46522054076194763 -0.5543563365936279 -0.6019333600997925 -0.5266222953796387 -0.8482357263565063 0.05625777319073677 -2.03873348236084
-0.49641573429107666 0.25311264395713806 -0.830364465713501 0.2263132631778717 0.6901181936264038 -0.4651949107646942 -0.5543738007545471 -0.601921021938324 -0.5266004204750061 -0.8482496738433838 0.05625258758664131 -2.038761615753174
-0.4963354468345642 0.253101646900177 -0.8304158449172974 0.22634606063365936 0.6901438236236572 -0.4652472734451294 -0.554297924041748 -0.6019400954246521 -0.5266425609588623 -0.8482242226600647 0.05624232068657875 -2.0387990474700928
-0.4963471293449402 0.2531772553920746 -0.8303858041763306 0.22633308172225952 0.6901031136512756 -0.46524983644485474 -0.55434650182724 -0.6019168496131897 -0.5266848802566528 -0.8482002019882202 0.056207168847322464 -2.038795232772827
-0.4963083565235138 0.2532307505607605 -0.8303926587104797 0.22635209560394287 0.6900977492332458 -0.4652644991874695 -0.5543408989906311 -0.601909875869751 -0.5267285108566284 -0.8481762409210205 0.05616084858775139 -2.0388100147247314
-0.4963550269603729 0.2533336281776428 -0.8303333520889282 0.22628293931484222 0.6900335550308228 -0.4652489721775055 -0.5544338226318359 -0.6018877625465393 -0.5267685651779175 -0.8481540083885193 0.056120116263628006 -2.03873610496521
-0.4963412880897522 0.25335025787353516 -0.8303365111351013 0.22629843652248383 0.690034806728363 -0.4652506113052368 -0.5544309020042419 -0.6018617153167725 -0.5267798900604248 -0.8481481671333313 0.05610275641083717 -2.038806676864624
-0.49631041288375854 0.2533184587955475 -0.8303646445274353 0.2263289988040924 0.6900378465652466 -0.46530014276504517 -0.5543855428695679 -0.6018825769424438 -0.5268049836158752 -0.848130464553833 0.056134145706892014 -2.038766860961914
-0.49625036120414734 0.25336870551109314 -0.8303852677345276 0.22631600499153137 0.690087616443634 -0.46525105834007263 -0.554364800453186 -0.6018476486206055 -0.5267964005470276 -0.8481423854827881 0.056034576147794724 -2.03867769241333
-0.4962640702724457 0.2533540725708008 -0.8303815126419067 0.226327583193779 0.6900683641433716 -0.4652770161628723 -0.554366946220398 -0.6018145680427551 -0.5268086791038513 -0.8481325507164001 0.05606881156563759 -2.0387258529663086
-0.496242493391037 0.25339576601982117 -0.8303816914558411 0.22633296251296997 0.6900383830070496 -0.46532073616981506 -0.5543676018714905 -0.6018264293670654 -0.5268683433532715 -0.8480960726737976 0.05605927109718323 -2.0386765003204346
-0.49624398350715637 0.2533836364746094 -0.8303844928741455 0.22633595764636993 0.6900367736816406 -0.4653298258781433 -0.5543619990348816 -0.6017911434173584 -0.526868999004364 -0.8480947017669678 0.056073252111673355 -2.0387041568756104
-0.496262788772583 0.25335150957107544 -0.8303830623626709 0.22637839615345 0.690031886100769 -0.46533891558647156 -0.5543604493141174 -0.6018160581588745 -0.5268577337265015 -0.8480993509292603 0.05610992759466171 -2.0387206077575684
-0.4962378144264221 0.2533584535121918 -0.8303958773612976 0.22639384865760803 0.6900442242622375 -0.465341180562973 -0.5543431043624878 -0.6017962098121643 -0.5268650054931641 -0.8480960130691528 0.05609150603413582 -2.038768768310547
-0.4961830675601959 0.2533099055290222 -0.8304433822631836 0.22641074657440186 0.6900396347045898 -0.4654398262500763 -0.5542660355567932 -0.6018474102020264 -0.5269226431846619 -0.8480563759803772 0.05614965036511421 -2.0388121604919434
-0.4961739480495453 0.25334376096725464 -0.830438494682312 0.22638528048992157 0.6900340914726257 -0.4654359817504883 -0.554276168346405 -0.6018972992897034 -0.5269384980201721 -0.8480483889579773 0.05612153187394142 -2.038811445236206
-0.4961892366409302 0.253317654132843 -0.8304373621940613 0.22639769315719604 0.6900407075881958 -0.46542635560035706 -0.5542760491371155 -0.6018844842910767 -0.526915431022644 -0.8480615019798279 0.05614021420478821 -2.038862943649292
-0.49621322751045227 0.2534050941467285 -0.8303963541984558 0.22634896636009216 0.6899744868278503 -0.4654487073421478 -0.5543396472930908 -0.6018762588500977 -0.5269795060157776 -0.8480230569839478 0.05611889809370041 -2.038818597793579
-0.49621421098709106 0.25342652201652527 -0.8303892016410828 0.2263486683368683 0.6899747252464294 -0.4654329717159271 -0.5543525815010071 -0.6018657684326172 -0.5269782543182373 -0.8480253219604492 0.05609671771526337 -2.0388731956481934
-0.49629393219947815 0.25338396430015564 -0.8303545713424683 0.22632521390914917 0.6899878978729248 -0.4653545618057251 -0.5544020533561707 -0.6019020080566406 -0.526885986328125 -0.8480810523033142 0.056120917201042175 -2.0387380123138428
-0.4963582456111908 0.25337088108062744 -0.8303201198577881 0.2262742668390274 0.6899247169494629 -0.46539583802223206 -0.5544459819793701 -0.6019283533096313 -0.5269080996513367 -0.8480623364448547 0.056196387857198715 -2.0387520790100098
-0.4963630139827728 0.2533552944660187 -0.8303220272064209 0.2262558937072754 0.6899200677871704 -0.4654086232185364 -0.5544410347938538 -0.6019274592399597 -0.5269097089767456 -0.8480599522590637 0.056216876953840256 -2.0387957096099854
-0.4963192939758301 0.25343433022499084 -0.8303239941596985 0.22625494003295898 0.6899247765541077 -0.4653952121734619 -0.5544463992118835 -0.6019493937492371 -0.5269446969032288 -0.84804368019104 0.05613415688276291 -2.038768768310547
-0.4963538646697998 0.2533639967441559 -0.8303248286247253 0.22627680003643036 0.6899005174636841 -0.4654441177845001 -0.5544356107711792 -0.6019070744514465 -0.5269439220428467 -0.848037838935852 0.05622919276356697 -2.0388550758361816
