# 3x4 first row second row third row Freq: 100 current Time: 2021-07-28-16:58:23
-0.3511430621147156 -0.162364199757576 -0.9221367835998535 0.0892462506890297 0.40667828917503357 -0.9135516285896301 0.005992402322590351 -0.6934076547622681 -0.8433926701545715 -0.3729088306427002 0.38681748509407043 -2.618104934692383
-0.35110172629356384 -0.16234980523586273 -0.9221550822257996 0.08924011141061783 0.40661880373954773 -0.9135779142379761 0.006023517809808254 -0.6934294700622559 -0.8434385061264038 -0.3728507459163666 0.3867734372615814 -2.618143081665039
-0.3511204719543457 -0.16231733560562134 -0.922153651714325 0.08924075216054916 0.40661585330963135 -0.913579523563385 0.005984504707157612 -0.6934093832969666 -0.8434321284294128 -0.37286102771759033 0.38677743077278137 -2.6181769371032715
-0.3510968089103699 -0.162387877702713 -0.922150194644928 0.08924733847379684 0.40666115283966064 -0.9135589599609375 0.006043963134288788 -0.6933915615081787 -0.843420147895813 -0.3728806972503662 0.3867846429347992 -2.6181533336639404
-0.3510609269142151 -0.16239309310913086 -0.9221629500389099 0.08922534435987473 0.4066597819328308 -0.9135593771934509 0.0060654859989881516 -0.6933761835098267 -0.8434357643127441 -0.3728772699832916 0.3867539167404175 -2.618168830871582
-0.3510960638523102 -0.1624174863100052 -0.9221453070640564 0.08923452347517014 0.4066855311393738 -0.9135479927062988 0.006062453147023916 -0.693372368812561 -0.8434087038040161 -0.37289467453956604 0.38679608702659607 -2.6181280612945557
-0.3510790467262268 -0.1624225527048111 -0.9221509099006653 0.08921457827091217 0.40669137239456177 -0.9135453104972839 0.006072251591831446 -0.6933661699295044 -0.8434129953384399 -0.37289899587631226 0.38678261637687683 -2.6181280612945557
-0.35106950998306274 -0.16241176426410675 -0.9221563935279846 0.08919766545295715 0.4067266881465912 -0.9135296940803528 0.0060495296493172646 -0.693376898765564 -0.8433998823165894 -0.37294185161590576 0.3867698013782501 -2.6181154251098633
-0.35105204582214355 -0.16244514286518097 -0.9221571683883667 0.08919117599725723 0.4067414402961731 -0.9135228991508484 0.00608349684625864 -0.693354070186615 -0.8434000611305237 -0.3729439377784729 0.3867674171924591 -2.6180636882781982
-0.35102397203445435 -0.1624222844839096 -0.9221718907356262 0.08920251578092575 0.4067271649837494 -0.9135293364524841 0.006079681683331728 -0.6933581233024597 -0.8434186577796936 -0.37293827533721924 0.38673242926597595 -2.618053674697876
-0.351053386926651 -0.16247153282165527 -0.922152042388916 0.08922634273767471 0.4067177474498749 -0.9135332107543945 0.006119913887232542 -0.6933913826942444 -0.8434109687805176 -0.37290719151496887 0.38677915930747986 -2.618070363998413
-0.351003497838974 -0.16246987879276276 -0.9221712946891785 0.08920948207378387 0.4067229628562927 -0.9135308265686035 0.0061377426609396935 -0.6933761239051819 -0.8434292078018188 -0.3729138970375061 0.38673290610313416 -2.618086576461792
-0.3510129749774933 -0.16250257194042206 -0.9221619367599487 0.08919032663106918 0.40675094723701477 -0.9135182499885559 0.006153135560452938 -0.693371057510376 -0.8434117436408997 -0.3729304373264313 0.38675498962402344 -2.618070125579834
-0.3510071933269501 -0.1624852418899536 -0.922167181968689 0.08919620513916016 0.4067569375038147 -0.9135156869888306 0.006135753355920315 -0.6934117078781128 -0.8434112668037415 -0.3729442059993744 0.3867427408695221 -2.6180179119110107
-0.35104626417160034 -0.16251219809055328 -0.9221475720405579 0.08917240798473358 0.4067760407924652 -0.9135071635246277 0.00613659480586648 -0.6934218406677246 -0.8433858156204224 -0.372953325510025 0.3867895007133484 -2.618028402328491
-0.35105302929878235 -0.1625678539276123 -0.9221351742744446 0.08920300751924515 0.406764417886734 -0.9135119318962097 0.0061940765008330345 -0.6933621764183044 -0.843388557434082 -0.3729173541069031 0.38681814074516296 -2.6180951595306396
-0.35107678174972534 -0.16252146661281586 -0.922134280204773 0.08919556438922882 0.4067061245441437 -0.9135380983352661 0.006164455786347389 -0.6933644413948059 -0.8434067964553833 -0.3728735148906708 0.3868206739425659 -2.618098735809326
-0.35108572244644165 -0.1625223457813263 -0.9221307635307312 0.08918900787830353 0.406726598739624 -0.913529098033905 0.006152036599814892 -0.6933643221855164 -0.8433932065963745 -0.372895210981369 0.38682934641838074 -2.6180989742279053
-0.3510255515575409 -0.16247665882110596 -0.9221616983413696 0.0891943946480751 0.40666165947914124 -0.9135578870773315 0.006162904668599367 -0.6934162974357605 -0.843449592590332 -0.37284448742866516 0.3867553770542145 -2.618117332458496
-0.35104697942733765 -0.16252028942108154 -0.9221458435058594 0.0891890749335289 0.40665820240974426 -0.9135591983795166 0.006198323797434568 -0.6934155821800232 -0.8434423208236694 -0.3728223145008087 0.3867926001548767 -2.6181178092956543
-0.3510136902332306 -0.16256004571914673 -0.922151505947113 0.08922085165977478 0.40666571259498596 -0.9135555028915405 0.00624883733689785 -0.6934106945991516 -0.8434525728225708 -0.37281402945518494 0.3867782652378082 -2.618165969848633
-0.35102394223213196 -0.16257216036319733 -0.9221454858779907 0.08923394232988358 0.406637579202652 -0.9135679006576538 0.006269247271120548 -0.6933866739273071 -0.8434618711471558 -0.37277838587760925 0.3867923319339752 -2.6181955337524414
-0.3510604202747345 -0.1625111848115921 -0.9221423268318176 0.0892423689365387 0.4066351652145386 -0.9135695099830627 0.0061939735896885395 -0.6933861374855042 -0.8434478044509888 -0.3728010952472687 0.3868010342121124 -2.6182029247283936
-0.3510514795780182 -0.1625250279903412 -0.9221433401107788 0.08925410360097885 0.406610906124115 -0.9135801196098328 0.006222739815711975 -0.6933896541595459 -0.8434632420539856 -0.3727690577507019 0.38679826259613037 -2.6182162761688232
-0.3510606586933136 -0.16253121197223663 -0.9221387505531311 0.08926434069871902 0.40661418437957764 -0.9135786294937134 0.0062233335338532925 -0.6933906674385071 -0.843457818031311 -0.37276995182037354 0.38680920004844666 -2.618227005004883
-0.35103148221969604 -0.16258631646633148 -0.9221401214599609 0.08931657671928406 0.4066246449947357 -0.9135735630989075 0.006285904441028833 -0.6933557987213135 -0.8434649705886841 -0.3727583885192871 0.38680484890937805 -2.618201494216919
-0.3510468900203705 -0.16258108615875244 -0.9221351742744446 0.08932122588157654 0.4066515564918518 -0.9135617613792419 0.006261633243411779 -0.6933515667915344 -0.8434455394744873 -0.3727896213531494 0.3868170380592346 -2.618196487426758
-0.35104671120643616 -0.1625518798828125 -0.9221404194831848 0.0892954096198082 0.40664026141166687 -0.9135669469833374 0.006237966474145651 -0.6933422684669495 -0.8434510827064514 -0.3727896213531494 0.3868049681186676 -2.6182219982147217
-0.3510526716709137 -0.16255205869674683 -0.9221380949020386 0.08930767327547073 0.4066586494445801 -0.913558840751648 0.00622708210721612 -0.6933362483978271 -0.8434396982192993 -0.37280943989753723 0.38681063055992126 -2.6182329654693604
-0.35090863704681396 -0.1625092625617981 -0.9222004413604736 0.08927075564861298 0.40657317638397217 -0.9135964512825012 0.006286937743425369 -0.6933805346488953 -0.8435408473014832 -0.372735857963562 0.38666096329689026 -2.6182096004486084
-0.3508845269680023 -0.16246117651462555 -0.9222180843353271 0.08928457647562027 0.40651512145996094 -0.9136223793029785 0.006276479456573725 -0.6933828592300415 -0.8435788750648499 -0.3726933002471924 0.38661906123161316 -2.618220329284668
-0.3508948087692261 -0.16242718696594238 -0.9222201704978943 0.08924729377031326 0.4065174162387848 -0.9136216044425964 0.006237240973860025 -0.6934034824371338 -0.8435735106468201 -0.3727099895477295 0.38661473989486694 -2.618190288543701
-0.3508903384208679 -0.16243091225624084 -0.9222212433815002 0.08922764658927917 0.4064392149448395 -0.9136561155319214 0.006278749089688063 -0.6934037208557129 -0.8436130285263062 -0.3726237416267395 0.38661155104637146 -2.6181960105895996
-0.35087254643440247 -0.16237983107566833 -0.922236979007721 0.08921507000923157 0.40640273690223694 -0.9136725068092346 0.006252622697502375 -0.6934137940406799 -0.843638002872467 -0.3726058006286621 0.386574387550354 -2.6181843280792236
-0.3508828580379486 -0.16241046786308289 -0.922227680683136 0.08918710052967072 0.40643638372421265 -0.9136574864387512 0.0062630558386445045 -0.693389356136322 -0.8436174988746643 -0.372629314661026 0.3865964412689209 -2.6181416511535645
-0.35087308287620544 -0.16239827871322632 -0.922233521938324 0.08922291547060013 0.406410276889801 -0.9136690497398376 0.006267228163778782 -0.6933758854866028 -0.8436341881752014 -0.37260621786117554 0.3865823745727539 -2.618170738220215
-0.3509213924407959 -0.16237974166870117 -0.9222184419631958 0.08919070661067963 0.4063829779624939 -0.9136813879013062 0.006240229122340679 -0.6933929920196533 -0.8436272144317627 -0.3725840747356415 0.38661888241767883 -2.6181979179382324
-0.3509279191493988 -0.16234581172466278 -0.9222218990325928 0.0892321839928627 0.4063105881214142 -0.9137136340141296 0.0062369247898459435 -0.6933971047401428 -0.8436593413352966 -0.372519850730896 0.38661059737205505 -2.618218421936035
-0.350965678691864 -0.16232830286026 -0.9222106337547302 0.08924171328544617 0.4063270092010498 -0.9137066006660461 0.0061955261044204235 -0.6934321522712708 -0.8436357378959656 -0.37254470586776733 0.38663819432258606 -2.6182029247283936
-0.35094550251960754 -0.16233281791210175 -0.9222174882888794 0.0891900286078453 0.4063539505004883 -0.9136946201324463 0.006196490488946438 -0.6933947801589966 -0.8436311483383179 -0.372572124004364 0.38662177324295044 -2.61814284324646
-0.35091811418533325 -0.16234463453292847 -0.922225832939148 0.08918352425098419 0.40634751319885254 -0.9136973023414612 0.006223126780241728 -0.6933943629264832 -0.8436456322669983 -0.37256041169166565 0.38660141825675964 -2.6181507110595703
-0.3508419692516327 -0.16239267587661743 -0.9222463369369507 0.08921471238136292 0.40631425380706787 -0.913711428642273 0.006319281179457903 -0.6934345364570618 -0.8436933159828186 -0.3725048005580902 0.3865509331226349 -2.618213415145874
-0.3508635461330414 -0.16243089735507965 -0.9222314357757568 0.08923729509115219 0.40631064772605896 -0.9137127995491028 0.006349355913698673 -0.6934055685997009 -0.8436861038208008 -0.3724847137928009 0.38658609986305237 -2.618229389190674
-0.35086050629615784 -0.16247007250785828 -0.9222256541252136 0.08920915424823761 0.4063813388347626 -0.9136813282966614 0.006357104051858187 -0.693361222743988 -0.8436533212661743 -0.37254488468170166 0.38659965991973877 -2.6181600093841553
-0.3508654236793518 -0.162439227104187 -0.9222292304039001 0.0891711413860321 0.40640848875045776 -0.9136695265769958 0.006311960984021425 -0.6933950185775757 -0.8436381816864014 -0.3725871741771698 0.38659191131591797 -2.618119478225708
-0.35085248947143555 -0.16246050596237183 -0.9222304224967957 0.08920077234506607 0.40638256072998047 -0.9136807918548584 0.006350573617964983 -0.6933597922325134 -0.843656063079834 -0.37255027890205383 0.3865884840488434 -2.6181468963623047
-0.35083940625190735 -0.16240538656711578 -0.9222450852394104 0.08923301100730896 0.4064011573791504 -0.913672924041748 0.006293174810707569 -0.6933594942092896 -0.8436525464057922 -0.37259361147880554 0.38655439019203186 -2.6181085109710693
-0.35088273882865906 -0.1624496728181839 -0.9222208261489868 0.08925589919090271 0.4064691662788391 -0.9136427044868469 0.006286922842264175 -0.6933314204216003 -0.8436017632484436 -0.37264835834503174 0.3866124451160431 -2.618095636367798
-0.35086220502853394 -0.16246317327022552 -0.9222262501716614 0.08921191096305847 0.40647056698799133 -0.9136419892311096 0.006308657117187977 -0.6933473944664001 -0.843609631061554 -0.3726443648338318 0.3865990936756134 -2.6181063652038574
-0.350799024105072 -0.16249226033687592 -0.9222451448440552 0.08923963457345963 0.4063958525657654 -0.9136745929718018 0.006399334874004126 -0.6933709979057312 -0.8436719179153442 -0.37255173921585083 0.38655248284339905 -2.6181423664093018
-0.35079774260520935 -0.16242128610610962 -0.9222581386566162 0.08923148363828659 0.40635353326797485 -0.9136937260627747 0.006348974071443081 -0.6933842301368713 -0.8436928391456604 -0.37253567576408386 0.3865223228931427 -2.6181185245513916
-0.350808709859848 -0.16237773001194 -0.922261655330658 0.089230015873909 0.40633541345596313 -0.9137020707130432 0.006309316027909517 -0.6933752298355103 -0.8436969518661499 -0.37253424525260925 0.38651466369628906 -2.6181294918060303
-0.3507988750934601 -0.16240178048610687 -0.9222611784934998 0.08919057995080948 0.40633413195610046 -0.9137024283409119 0.006338036153465509 -0.6933587789535522 -0.8437016606330872 -0.37252283096313477 0.386515349149704 -2.6181139945983887
-0.3508261740207672 -0.16242477297782898 -0.9222467541694641 0.08922870457172394 0.40630292892456055 -0.9137161374092102 0.006363182328641415 -0.6933302879333496 -0.8437053561210632 -0.3724792003631592 0.38654935359954834 -2.618147611618042
-0.350807249546051 -0.16246585547924042 -0.9222466945648193 0.08921245485544205 0.4063306748867035 -0.9137035608291626 0.0063994270749390125 -0.6933300495147705 -0.8436998724937439 -0.3724921941757202 0.38654887676239014 -2.6181609630584717
-0.35081201791763306 -0.16249696910381317 -0.922239363193512 0.08921194821596146 0.40635934472084045 -0.9136906862258911 0.006415039766579866 -0.6933584213256836 -0.8436840772628784 -0.3725101351737976 0.38656601309776306 -2.6181235313415527
-0.3508227467536926 -0.16237130761146545 -0.9222574234008789 0.08918573707342148 0.4063417613506317 -0.9136993288993835 0.006293910555541515 -0.6933703422546387 -0.8436880707740784 -0.37254369258880615 0.38652491569519043 -2.618072509765625
-0.35083338618278503 -0.1623426079750061 -0.9222584366798401 0.08922657370567322 0.4062744677066803 -0.9137293100357056 0.006291664205491543 -0.6934068202972412 -0.8437160849571228 -0.3724827468395233 0.3865225613117218 -2.6181271076202393
-0.3508007228374481 -0.16238029301166534 -0.9222642183303833 0.08920808881521225 0.40630754828453064 -0.9137143492698669 0.006328122690320015 -0.6933978199958801 -0.8437137007713318 -0.37250304222106934 0.38650816679000854 -2.618131637573242
-0.3507988452911377 -0.16237285733222961 -0.9222662448883057 0.08923531323671341 0.4062792658805847 -0.9137268662452698 0.006334527861326933 -0.6934067606925964 -0.8437281250953674 -0.3724755346775055 0.3865032196044922 -2.6181271076202393
-0.350814551115036 -0.16235995292663574 -0.9222625494003296 0.08924231678247452 0.40627315640449524 -0.913729727268219 0.006317685358226299 -0.6934033632278442 -0.8437245488166809 -0.37247419357299805 0.3865123391151428 -2.618126153945923
-0.35084375739097595 -0.1624239832162857 -0.922240138053894 0.08924759179353714 0.40629443526268005 -0.9137199521064758 0.006358596496284008 -0.6934149265289307 -0.8437021374702454 -0.3724702000617981 0.38656508922576904 -2.618131637573242
-0.3508170545101166 -0.16243651509284973 -0.922248125076294 0.08927148580551147 0.40630435943603516 -0.9137154221534729 0.006378141697496176 -0.6934005618095398 -0.8437084555625916 -0.37247589230537415 0.3865457773208618 -2.6181585788726807
-0.3509083688259125 -0.16243724524974823 -0.9222132563591003 0.08924079686403275 0.4063096344470978 -0.9137133359909058 0.006336492951959372 -0.6933954358100891 -0.8436679244041443 -0.3724806308746338 0.3866296708583832 -2.618147373199463
-0.3508894443511963 -0.16244269907474518 -0.9222195148468018 0.08923100680112839 0.40633824467658997 -0.9137006402015686 0.006337077356874943 -0.693403422832489 -0.8436620831489563 -0.3725094497203827 0.38661473989486694 -2.6181440353393555
-0.35092705488204956 -0.1624593883752823 -0.9222022294998169 0.08921214938163757 0.4064125120639801 -0.9136677980422974 0.006303122732788324 -0.6933839917182922 -0.8436106443405151 -0.3725826144218445 0.3866564631462097 -2.618090867996216
-0.35093408823013306 -0.1624712496995926 -0.9221974611282349 0.08922028541564941 0.4063849151134491 -0.9136799573898315 0.006324451882392168 -0.6933872103691101 -0.843621015548706 -0.3725476861000061 0.38666749000549316 -2.61812162399292
-0.35092097520828247 -0.16246315836906433 -0.9222038984298706 0.08921825140714645 0.40637049078941345 -0.9136863350868225 0.006328774616122246 -0.6933929324150085 -0.8436334133148193 -0.3725355565547943 0.3866521120071411 -2.618117094039917
-0.35090410709381104 -0.162505105137825 -0.9222029447555542 0.08925475180149078 0.40638723969459534 -0.9136785864830017 0.006370045244693756 -0.6933932304382324 -0.8436323404312134 -0.37253624200820923 0.38665375113487244 -2.618093967437744
-0.35088783502578735 -0.16250500082969666 -0.9222091436386108 0.08926038444042206 0.40636733174324036 -0.9136873483657837 0.006386177614331245 -0.6933954954147339 -0.8436487317085266 -0.37251484394073486 0.38663867115974426 -2.6180901527404785
-0.35089176893234253 -0.16246731579303741 -0.9222142696380615 0.08924943208694458 0.40642836689949036 -0.9136606454849243 0.006319163367152214 -0.6933971047401428 -0.8436176776885986 -0.37259671092033386 0.3866274952888489 -2.618086814880371
-0.3509111702442169 -0.1624753773212433 -0.9222054481506348 0.0892394408583641 0.40643540024757385 -0.913657546043396 0.006315415259450674 -0.6934112906455994 -0.8436062335968018 -0.37260082364082336 0.386648565530777 -2.6180691719055176
-0.350904643535614 -0.162486732006073 -0.922205924987793 0.08925569802522659 0.40644940733909607 -0.9136512875556946 0.006323107983916998 -0.6934323906898499 -0.843602180480957 -0.37261125445365906 0.3866472840309143 -2.618086814880371
-0.3508906662464142 -0.16246134042739868 -0.9222157597541809 0.0892336517572403 0.40647220611572266 -0.9136413335800171 0.006293603219091892 -0.6934199929237366 -0.8435969948768616 -0.3726467192173004 0.38662442564964294 -2.618108034133911
-0.3509272038936615 -0.1623862087726593 -0.9222150444984436 0.08920933306217194 0.40645739436149597 -0.9136484861373901 0.006209974642843008 -0.6934157609939575 -0.8435889482498169 -0.37266191840171814 0.3866273760795593 -2.618093490600586
-0.3509252965450287 -0.16238030791282654 -0.9222168326377869 0.08920872956514359 0.40643319487571716 -0.9136592149734497 0.006216056644916534 -0.69342041015625 -0.843601405620575 -0.37263816595077515 0.3866230547428131 -2.618098258972168
-0.350918173789978 -0.16241881251335144 -0.9222127795219421 0.08924511075019836 0.4063907265663147 -0.9136776924133301 0.006276796571910381 -0.6934276223182678 -0.8436248302459717 -0.3725760877132416 0.3866317868232727 -2.6181817054748535
-0.35094091296195984 -0.16239452362060547 -0.9222083687782288 0.08921836316585541 0.40636593103408813 -0.9136888980865479 0.006254139356315136 -0.693428099155426 -0.8436272740364075 -0.3725592792034149 0.38664260506629944 -2.618189811706543
-0.35096433758735657 -0.16236849129199982 -0.9222040772438049 0.08919495344161987 0.40645599365234375 -0.913649320602417 0.006176830735057592 -0.6934187412261963 -0.8435741662979126 -0.372667521238327 0.38665416836738586 -2.61818790435791
-0.350975900888443 -0.1623721867799759 -0.922199010848999 0.08919808268547058 0.40644606947898865 -0.9136537313461304 0.006179978139698505 -0.6934264898300171 -0.8435741662979126 -0.3726551830768585 0.3866661489009857 -2.6181893348693848
-0.3509453237056732 -0.16237622499465942 -0.9222099184989929 0.08922194689512253 0.4064269959926605 -0.9136620163917542 0.006206100806593895 -0.6934218406677246 -0.8435960412025452 -0.37263303995132446 0.38663968443870544 -2.6181869506835938
-0.3509542644023895 -0.16242699325084686 -0.9221975803375244 0.08922348916530609 0.40646401047706604 -0.9136453866958618 0.00623551057651639 -0.693430483341217 -0.8435745239257812 -0.3726517856121063 0.3866686522960663 -2.618194580078125
-0.3508780002593994 -0.16238656640052795 -0.9222337603569031 0.08924707025289536 0.4064028859138489 -0.9136724472045898 0.006256855092942715 -0.6934540271759033 -0.8436356782913208 -0.37260308861732483 0.38658207654953003 -2.618227005004883
-0.35086891055107117 -0.16233167052268982 -0.9222468733787537 0.08928738534450531 0.406388521194458 -0.9136791229248047 0.006213018205016851 -0.6934574246406555 -0.8436463475227356 -0.37261059880256653 0.38655149936676025 -2.6182548999786377
-0.3508152365684509 -0.16230390965938568 -0.9222721457481384 0.08930633962154388 0.40640223026275635 -0.9136731028556824 0.006202718708664179 -0.6934171915054321 -0.8436620831489563 -0.37263748049736023 0.3864912688732147 -2.61820650100708
-0.3508424162864685 -0.16231100261211395 -0.922260582447052 0.08924955129623413 0.40648123621940613 -0.9136382341384888 0.006161665543913841 -0.6933838725090027 -0.8436127305030823 -0.3727198839187622 0.38651958107948303 -2.618150472640991
-0.35083693265914917 -0.16230525076389313 -0.9222636818885803 0.08925556391477585 0.4064966142177582 -0.9136314392089844 0.006151326932013035 -0.6933829188346863 -0.8436076045036316 -0.37273895740509033 0.3865123689174652 -2.618154525756836
-0.3509068191051483 -0.1622534692287445 -0.9222462177276611 0.08924034237861633 0.40649092197418213 -0.9136344790458679 0.0060720378533005714 -0.6933801770210266 -0.8435812592506409 -0.3727540075778961 0.3865553140640259 -2.6181254386901855
-0.35090774297714233 -0.162223219871521 -0.9222511649131775 0.08924225717782974 0.4064786434173584 -0.9136401414871216 0.006047294475138187 -0.6933764219284058 -0.843586802482605 -0.372753381729126 0.3865438401699066 -2.618124485015869
-0.35090944170951843 -0.16225193440914154 -0.922245442867279 0.08921553194522858 0.40651366114616394 -0.9136244654655457 0.006058955565094948 -0.6933866143226624 -0.8435692191123962 -0.3727792501449585 0.3865572512149811 -2.6180851459503174
-0.35098183155059814 -0.16223624348640442 -0.9222206473350525 0.08919835090637207 0.4065530598163605 -0.9136073589324951 0.005993654951453209 -0.6934112906455994 -0.8435201048851013 -0.3728279769420624 0.38661742210388184 -2.618096351623535
-0.3509581387042999 -0.16225434839725494 -0.9222264885902405 0.08918347954750061 0.4065703749656677 -0.9135995507240295 0.006014038342982531 -0.6934101581573486 -0.8435216546058655 -0.3728393316268921 0.3866031765937805 -2.6180899143218994
-0.35096460580825806 -0.16223497688770294 -0.9222274422645569 0.08922000974416733 0.4065430462360382 -0.9136117696762085 0.006004533264786005 -0.6934061646461487 -0.8435320854187012 -0.3728178143501282 0.386601060628891 -2.6181063652038574
-0.35099804401397705 -0.16229161620140076 -0.9222047924995422 0.0892224833369255 0.4065784215927124 -0.9135958552360535 0.006029777694493532 -0.6934001445770264 -0.8435011506080627 -0.37283214926719666 0.386654794216156 -2.618091344833374
-0.3509836792945862 -0.16230615973472595 -0.9222076535224915 0.08922666311264038 0.40659600496292114 -0.9135879278182983 0.006042413413524628 -0.6933793425559998 -0.8434986472129822 -0.37284520268440247 0.38664767146110535 -2.6181063652038574
-0.3509581387042999 -0.16232168674468994 -0.922214686870575 0.08922458440065384 0.4065643846988678 -0.9136017560958862 0.006083481479436159 -0.6933866739273071 -0.8435245156288147 -0.3728046417236328 0.3866303563117981 -2.6181256771087646
-0.35105255246162415 -0.16227835416793823 -0.9221863746643066 0.08922000974416733 0.406559556722641 -0.9136044383049011 0.0060014380142092705 -0.6933993697166443 -0.843487560749054 -0.37281689047813416 0.3866991400718689 -2.618119716644287
-0.3510096073150635 -0.1622627079486847 -0.9222054481506348 0.08921904861927032 0.4065341055393219 -0.9136156439781189 0.006016395520418882 -0.693396270275116 -0.8435177206993103 -0.3727961778640747 0.3866533637046814 -2.618119478225708
-0.3510010540485382 -0.1622689664363861 -0.9222075939178467 0.08920211344957352 0.4065083861351013 -0.9136269688606262 0.0060381353832781315 -0.6934027671813965 -0.8435336351394653 -0.37276574969291687 0.38664790987968445 -2.6181094646453857
-0.3510276973247528 -0.16223596036434174 -0.9222032427787781 0.08919765800237656 0.40649715065956116 -0.9136322140693665 0.00599891459569335 -0.6934018731117249 -0.8435279726982117 -0.37276723980903625 0.38665884733200073 -2.618112564086914
-0.35095423460006714 -0.16223672032356262 -0.9222310781478882 0.08921343833208084 0.4064880311489105 -0.9136360287666321 0.006036016158759594 -0.6934304237365723 -0.8435629606246948 -0.37275755405426025 0.3865918815135956 -2.6181418895721436
-0.3509331941604614 -0.16222822666168213 -0.9222406148910522 0.08921405673027039 0.40647774934768677 -0.913640558719635 0.006041515152901411 -0.6934369802474976 -0.8435766100883484 -0.3727501332759857 0.38656914234161377 -2.6181483268737793
-0.3509328365325928 -0.1622343361377716 -0.9222396612167358 0.0892006978392601 0.4064854383468628 -0.9136371612548828 0.006044208072125912 -0.6934264898300171 -0.8435730934143066 -0.37275588512420654 0.38657134771347046 -2.61816143989563
-0.3510223627090454 -0.16217753291130066 -0.9222155809402466 0.08923563361167908 0.40650027990341187 -0.9136312007904053 0.005941952113062143 -0.6934135556221008 -0.843528687953949 -0.37279513478279114 0.3866303563117981 -2.6181414127349854
-0.35104838013648987 -0.16210483014583588 -0.9222184419631958 0.08924654126167297 0.4064819812774658 -0.9136398434638977 0.005866900086402893 -0.6934230923652649 -0.8435266613960266 -0.372805655002594 0.38662463426589966 -2.618128538131714
-0.35099777579307556 -0.16208913922309875 -0.9222404956817627 0.08925087749958038 0.4064801037311554 -0.9136406183242798 0.005874384194612503 -0.6934245228767395 -0.8435486555099487 -0.3728105425834656 0.386572003364563 -2.6181249618530273
-0.35104191303253174 -0.16207726299762726 -0.9222257733345032 0.08922459185123444 0.40646687150001526 -0.9136466383934021 0.005849345587193966 -0.6934362053871155 -0.8435366153717041 -0.37280088663101196 0.38660749793052673 -2.6181530952453613
-0.3510938286781311 -0.16208240389823914 -0.9222050905227661 0.08919938653707504 0.40657252073287964 -0.9136000871658325 0.005783297121524811 -0.6934199333190918 -0.8434641361236572 -0.37291279435157776 0.3866577744483948 -2.618140697479248
-0.35112613439559937 -0.16205370426177979 -0.9221978187561035 0.08918391168117523 0.40664979815483093 -0.9135661721229553 0.005705282092094421 -0.6933795809745789 -0.8434134125709534 -0.3730083107948303 0.38667622208595276 -2.6180779933929443
-0.3511519134044647 -0.1621057540178299 -0.9221788644790649 0.08919284492731094 0.4066166579723358 -0.913580596446991 0.005760740488767624 -0.6933779716491699 -0.8434186577796936 -0.3729504346847534 0.3867206573486328 -2.618067741394043
-0.3511192500591278 -0.16199417412281036 -0.9222109317779541 0.08919689059257507 0.4065900146961212 -0.9135929346084595 0.0056767244823277 -0.6933849453926086 -0.8434451222419739 -0.37296855449676514 0.38664546608924866 -2.618088960647583
-0.3510875105857849 -0.16210289299488068 -0.9222038984298706 0.08926152437925339 0.40652918815612793 -0.9136191010475159 0.005826214794069529 -0.6934180855751038 -0.8434876203536987 -0.37285733222961426 0.38665997982025146 -2.618203639984131
-0.35109853744506836 -0.1621532291173935 -0.9221908450126648 0.08925281465053558 0.40659090876579285 -0.9135915040969849 0.0058429609052836895 -0.693418025970459 -0.8434532880783081 -0.3729029893875122 0.38669082522392273 -2.6182029247283936
-0.35110583901405334 -0.1621585190296173 -0.9221871495246887 0.08924707025289536 0.40660360455513 -0.913585901260376 0.005839182995259762 -0.6934192180633545 -0.8434441685676575 -0.37291446328163147 0.38669973611831665 -2.618187189102173
-0.351145476102829 -0.16224564611911774 -0.9221567511558533 0.08921083807945251 0.40664276480674744 -0.9135681390762329 0.005890185944736004 -0.6934135556221008 -0.8434087634086609 -0.37292006611824036 0.3867715001106262 -2.6181650161743164
-0.3511229455471039 -0.16225887835025787 -0.9221629500389099 0.08918870985507965 0.40664100646972656 -0.9135687351226807 0.005913956556469202 -0.693390429019928 -0.8434189558029175 -0.37291279435157776 0.3867562413215637 -2.618173837661743
-0.35118791460990906 -0.16221579909324646 -0.9221458435058594 0.08919571340084076 0.4066029489040375 -0.9135860204696655 0.005860283970832825 -0.6933807134628296 -0.843410313129425 -0.3728891611099243 0.3867979645729065 -2.618161201477051
-0.3511694073677063 -0.16228531301021576 -0.9221406579017639 0.08919046819210052 0.40661120414733887 -0.913581907749176 0.005933456122875214 -0.6933809518814087 -0.8434140086174011 -0.3728691041469574 0.38680922985076904 -2.618156909942627
-0.351214200258255 -0.1621869057416916 -0.922140896320343 0.08919134736061096 0.4065731167793274 -0.9135994911193848 0.005833815783262253 -0.6933786869049072 -0.8434137105941772 -0.3728688061237335 0.3868101239204407 -2.6181704998016357
-0.3512391149997711 -0.1622181385755539 -0.9221259355545044 0.08921564370393753 0.40654292702674866 -0.9136127233505249 0.005867709871381521 -0.6933803558349609 -0.8434178829193115 -0.3728228211402893 0.38684532046318054 -2.618173837661743
-0.3511803150177002 -0.16225576400756836 -0.9221416711807251 0.0892440602183342 0.40652036666870117 -0.913622260093689 0.005941090639680624 -0.6934113502502441 -0.8434532880783081 -0.37278300523757935 0.3868066072463989 -2.618239641189575
-0.3511693477630615 -0.16230739653110504 -0.9221367835998535 0.08926401287317276 0.4064899682998657 -0.9136353135108948 0.006010972894728184 -0.6934092044830322 -0.8434724807739258 -0.37272849678993225 0.38681721687316895 -2.6182966232299805
-0.35118216276168823 -0.1622825711965561 -0.9221362471580505 0.08929481357336044 0.40643587708473206 -0.9136594533920288 0.006005569826811552 -0.6933943629264832 -0.8434932231903076 -0.3726802170276642 0.386818528175354 -2.618273973464966
-0.35116907954216003 -0.16230618953704834 -0.9221370816230774 0.08928868174552917 0.4064381420612335 -0.9136582612991333 0.006033662240952253 -0.6933819651603699 -0.8434975743293762 -0.3726728856563568 0.3868161141872406 -2.6182968616485596
-0.35115811228752136 -0.16235417127609253 -0.9221327900886536 0.08928827941417694 0.4064219295978546 -0.9136650562286377 0.006093435920774937 -0.6934140920639038 -0.8435099124908447 -0.37263524532318115 0.3868253827095032 -2.618350028991699
-0.35116496682167053 -0.16230377554893494 -0.9221391081809998 0.08928435295820236 0.4064130485057831 -0.9136693477630615 0.0060445889830589294 -0.693435549736023 -0.8435114026069641 -0.3726467192173004 0.38681119680404663 -2.6183483600616455
-0.3510921597480774 -0.16236138343811035 -0.9221566319465637 0.08926469832658768 0.4064030647277832 -0.9136731624603271 0.006138100288808346 -0.6934391260147095 -0.8435465097427368 -0.37261226773262024 0.38676783442497253 -2.6183502674102783
-0.35108682513237 -0.1623620241880417 -0.9221585988998413 0.08926007151603699 0.4064619541168213 -0.9136471152305603 0.0061140647158026695 -0.6933660507202148 -0.8435203433036804 -0.3726758360862732 0.38676363229751587 -2.6182899475097656
-0.35112443566322327 -0.16234108805656433 -0.9221479296684265 0.0892200693488121 0.40648719668388367 -0.9136362075805664 0.006065294612199068 -0.6934144496917725 -0.8434925079345703 -0.3727116882801056 0.3867897391319275 -2.6182305812835693
-0.35109373927116394 -0.162227600812912 -0.9221795797348022 0.08920487761497498 0.4064876139163971 -0.9136366844177246 0.005966097116470337 -0.6933796405792236 -0.8435050845146179 -0.37275996804237366 0.3867157995700836 -2.618171215057373
-0.35112279653549194 -0.16225594282150269 -0.9221635460853577 0.08920278400182724 0.40650883316993713 -0.9136272072792053 0.005971722304821014 -0.69340580701828 -0.8434827923774719 -0.37277084589004517 0.38675397634506226 -2.6181387901306152
-0.35116639733314514 -0.16223664581775665 -0.9221503734588623 0.08918711543083191 0.406534343957901 -0.9136161804199219 0.005921813193708658 -0.693390965461731 -0.8434523344039917 -0.37280628085136414 0.38678625226020813 -2.6181139945983887
-0.3511829674243927 -0.16230176389217377 -0.9221325516700745 0.08920913934707642 0.406541645526886 -0.9136126041412354 0.005975739564746618 -0.693383514881134 -0.843441903591156 -0.3727867305278778 0.3868277668952942 -2.6181368827819824
-0.35111841559410095 -0.16228286921977997 -0.9221605062484741 0.08923003822565079 0.40646806359291077 -0.9136450290679932 0.006019022781401873 -0.6934142708778381 -0.8435042500495911 -0.37271541357040405 0.3867605924606323 -2.618182420730591
-0.3511301279067993 -0.1622297763824463 -0.9221653342247009 0.08924216032028198 0.4064019024372101 -0.9136746525764465 0.005991611164063215 -0.6934147477149963 -0.8435312509536743 -0.3726659417152405 0.38674935698509216 -2.6181912422180176
-0.35112661123275757 -0.16230151057243347 -0.9221540689468384 0.08918678760528564 0.40649083256721497 -0.9136348962783813 0.00602345447987318 -0.6934027075767517 -0.8434898257255554 -0.3727322220802307 0.38677576184272766 -2.6181654930114746
-0.35113629698753357 -0.1622677743434906 -0.9221563339233398 0.08918570727109909 0.40651875734329224 -0.9136227965354919 0.005972993094474077 -0.6934234499931335 -0.8434723615646362 -0.3727765381336212 0.38677117228507996 -2.61814546585083
-0.3510553538799286 -0.16226591169834137 -0.9221874475479126 0.08922071754932404 0.40644702315330505 -0.9136542677879333 0.006039464846253395 -0.6934366226196289 -0.843540608882904 -0.37270018458366394 0.38669589161872864 -2.6181418895721436
-0.3511204123497009 -0.16225692629814148 -0.922164261341095 0.08921407163143158 0.4064681828022003 -0.9136451482772827 0.005992389749735594 -0.6934072375297546 -0.8435033559799194 -0.3727264106273651 0.3867518901824951 -2.618169069290161
-0.35108888149261475 -0.16236895322799683 -0.922156572341919 0.0892312154173851 0.4064735174179077 -0.9136419892311096 0.006114745046943426 -0.6933929324150085 -0.8435139060020447 -0.37268543243408203 0.3867683708667755 -2.6182119846343994
-0.3510452210903168 -0.16242699325084686 -0.9221629500389099 0.08923129737377167 0.40646371245384216 -0.9136458039283752 0.006195846479386091 -0.6934058666229248 -0.8435367941856384 -0.37265077233314514 0.38675183057785034 -2.6182310581207275
-0.35105031728744507 -0.16245435178279877 -0.9221562147140503 0.08922871202230453 0.4064529836177826 -0.9136503338813782 0.006225634831935167 -0.6934078335762024 -0.843539834022522 -0.3726276457309723 0.3867674767971039 -2.618229389190674
-0.35103803873062134 -0.16243572533130646 -0.9221641421318054 0.08919240534305573 0.4064688980579376 -0.9136434197425842 0.006205257028341293 -0.6933961510658264 -0.8435372710227966 -0.3726527988910675 0.3867488503456116 -2.6182096004486084
-0.35107147693634033 -0.1624797135591507 -0.9221436977386475 0.08920574933290482 0.40648165345191956 -0.9136375784873962 0.006228357087820768 -0.6933815479278564 -0.8435172438621521 -0.3726479113101959 0.38679730892181396 -2.6182174682617188
-0.3510480225086212 -0.16248741745948792 -0.9221512675285339 0.08918283879756927 0.40648049116134644 -0.9136379957199097 0.006246795412153006 -0.6933594942092896 -0.8435275554656982 -0.3726435899734497 0.38677895069122314 -2.618178367614746
-0.35104483366012573 -0.1624804437160492 -0.9221537113189697 0.08917169272899628 0.4065020680427551 -0.9136284589767456 0.006231383420526981 -0.6933866143226624 -0.8435184955596924 -0.37266990542411804 0.38677334785461426 -2.61814546585083
-0.35108786821365356 -0.16234566271305084 -0.9221610426902771 0.08919133245944977 0.4064749777317047 -0.9136414527893066 0.006091434974223375 -0.6933850646018982 -0.8435136079788208 -0.37269678711891174 0.38675805926322937 -2.618133544921875
-0.3510708212852478 -0.16237758100032806 -0.9221619367599487 0.08921462297439575 0.4064858555793762 -0.9136363863945007 0.006125527434051037 -0.6933982968330383 -0.8435154557228088 -0.37269529700279236 0.38675543665885925 -2.6181163787841797
-0.3510308861732483 -0.1624363362789154 -0.9221667647361755 0.08925634622573853 0.40644392371177673 -0.9136543869972229 0.006220436654984951 -0.6933783888816833 -0.84355229139328 -0.37262555956840515 0.38674235343933105 -2.6180827617645264
-0.351035475730896 -0.1624809354543686 -0.9221571683883667 0.0892716571688652 0.40645796060562134 -0.9136479496955872 0.006256186403334141 -0.6933804154396057 -0.8435436487197876 -0.372622013092041 0.38676467537879944 -2.618077278137207
-0.3510573208332062 -0.1624913066625595 -0.9221470355987549 0.08926784992218018 0.406476765871048 -0.9136396050453186 0.006248281337320805 -0.6933766603469849 -0.8435254693031311 -0.37263786792755127 0.3867889940738678 -2.618067502975464
-0.35102397203445435 -0.16252607107162476 -0.9221535921096802 0.08926854282617569 0.40649572014808655 -0.9136309027671814 0.006288623902946711 -0.6934148669242859 -0.8435302376747131 -0.3726440668106079 0.38677266240119934 -2.6181135177612305
-0.35101646184921265 -0.162517711520195 -0.9221579432487488 0.08925958722829819 0.4064972698688507 -0.9136302471160889 0.006282936781644821 -0.6934071183204651 -0.8435326218605042 -0.37264928221702576 0.38676244020462036 -2.618130922317505
-0.351018488407135 -0.16257047653198242 -0.9221478700637817 0.08926700800657272 0.40651217103004456 -0.9136233329772949 0.006327477283775806 -0.6934314370155334 -0.8435245752334595 -0.37264329195022583 0.38678571581840515 -2.6181557178497314
-0.3510032594203949 -0.16252461075782776 -0.9221617579460144 0.08923471719026566 0.4064880907535553 -0.9136342406272888 0.006299755070358515 -0.6934340000152588 -0.8435425162315369 -0.3726365566253662 0.3867530822753906 -2.6181726455688477
-0.3510441482067108 -0.1625286340713501 -0.9221454858779907 0.08923212438821793 0.4065171778202057 -0.9136214852333069 0.006272506900131702 -0.6934372782707214 -0.8435114622116089 -0.37266606092453003 0.3867923319339752 -2.6181633472442627
-0.35106727480888367 -0.16247877478599548 -0.9221454858779907 0.08923202008008957 0.40653055906295776 -0.9136159420013428 0.006206836085766554 -0.693442702293396 -0.8434954285621643 -0.3727013170719147 0.38679343461990356 -2.6181740760803223
-0.3510689437389374 -0.16248659789562225 -0.9221434593200684 0.08922284841537476 0.40655577182769775 -0.9136047959327698 0.0062023005448281765 -0.6934285163879395 -0.8434825539588928 -0.37272530794143677 0.38679832220077515 -2.618138074874878
-0.3510705232620239 -0.16246744990348816 -0.922146201133728 0.0892246663570404 0.4065210223197937 -0.9136202931404114 0.006198572926223278 -0.6934300661087036 -0.8434986472129822 -0.3726957142353058 0.38679173588752747 -2.6181435585021973
-0.35106194019317627 -0.16244664788246155 -0.9221531748771667 0.08921622484922409 0.40657511353492737 -0.9135964512825012 0.006156928837299347 -0.6934000849723816 -0.8434761762619019 -0.372763067483902 0.3867758810520172 -2.618108034133911
-0.3510156273841858 -0.16248728334903717 -0.9221636056900024 0.08923567086458206 0.4066440761089325 -0.9135655760765076 0.006185820326209068 -0.6933863759040833 -0.8434621691703796 -0.3728210926055908 0.3867504596710205 -2.6180758476257324
-0.3509862720966339 -0.16247528791427612 -0.9221768975257874 0.08920449018478394 0.4066670835018158 -0.913555383682251 0.0061762514524161816 -0.69339519739151 -0.8434633016586304 -0.37285125255584717 0.3867189288139343 -2.6180431842803955
-0.3510189354419708 -0.16246099770069122 -0.9221670031547546 0.08923777937889099 0.40665775537490845 -0.9135597348213196 0.006152076181024313 -0.6933987140655518 -0.8434542417526245 -0.3728468716144562 0.3867429494857788 -2.618056058883667
-0.3510185778141022 -0.16242893040180206 -0.9221727848052979 0.08923152089118958 0.4066263437271118 -0.9135738015174866 0.006134874187409878 -0.6933724284172058 -0.843469500541687 -0.37282630801200867 0.3867294490337372 -2.618058919906616
-0.35101693868637085 -0.16243703663349152 -0.922171950340271 0.08923996984958649 0.40670880675315857 -0.913537323474884 0.006105792708694935 -0.6933804154396057 -0.8434303998947144 -0.3729122579097748 0.3867318332195282 -2.6180691719055176
-0.35102275013923645 -0.16238835453987122 -0.922178328037262 0.0892210528254509 0.4067170321941376 -0.9135339856147766 0.0060512651689350605 -0.6933807134628296 -0.8434240221977234 -0.3729415237903595 0.3867174983024597 -2.618079900741577
