# 3x4 first row second row third row Freq: 100 current Time: 2021-07-28-16:59:52
-0.43050655722618103 0.47831296920776367 -0.765428364276886 0.24161934852600098 0.04840066283941269 -0.8345838189125061 -0.5487504005432129 -0.6542592644691467 -0.9012886881828308 -0.27328792214393616 0.3361433148384094 -2.3063535690307617
-0.430416464805603 0.4783764183521271 -0.7654393911361694 0.24163079261779785 0.04839106276631355 -0.8345608711242676 -0.5487861633300781 -0.6542915105819702 -0.9013321995735168 -0.273247092962265 0.3360597491264343 -2.306407928466797
-0.43040385842323303 0.4784110188484192 -0.7654248476028442 0.24162828922271729 0.048406876623630524 -0.8345339894294739 -0.5488256812095642 -0.6542590856552124 -0.9013373851776123 -0.27326855063438416 0.33602842688560486 -2.306346893310547
-0.4303867518901825 0.47841933369636536 -0.7654292583465576 0.2416403591632843 0.04836788773536682 -0.8345435261726379 -0.5488145351409912 -0.6542767286300659 -0.9013476371765137 -0.27322474122047424 0.3360365331172943 -2.306490659713745
-0.43038058280944824 0.47843441367149353 -0.7654233574867249 0.24162279069423676 0.048344891518354416 -0.8345410823822021 -0.5488203167915344 -0.6542537212371826 -0.901351809501648 -0.27320596575737 0.33604058623313904 -2.306442975997925
-0.43032965064048767 0.47844648361206055 -0.7654443979263306 0.24156495928764343 0.048387832939624786 -0.8345304727554321 -0.5488326549530029 -0.6542645692825317 -0.9013738632202148 -0.27321723103523254 0.3359723687171936 -2.306370735168457
-0.43031030893325806 0.47839298844337463 -0.7654887437820435 0.24156856536865234 0.04840991646051407 -0.8345662951469421 -0.5487762093544006 -0.6541942358016968 -0.9013819098472595 -0.2732013463973999 0.3359636962413788 -2.3063530921936035
-0.43028268218040466 0.4784376919269562 -0.7654762864112854 0.24155135452747345 0.04833495616912842 -0.8345629572868347 -0.5487878918647766 -0.6543158888816833 -0.9013991355895996 -0.273133248090744 0.3359729051589966 -2.306432008743286
-0.43029388785362244 0.4784907400608063 -0.7654368877410889 0.2416210174560547 0.04839387536048889 -0.8345046639442444 -0.5488713383674622 -0.6543237566947937 -0.9013906121253967 -0.2732184827327728 0.3359264135360718 -2.3065524101257324
-0.4303438067436218 0.47843945026397705 -0.7654408812522888 0.2415894716978073 0.0483715757727623 -0.8345373272895813 -0.5488236546516418 -0.6543142795562744 -0.9013679623603821 -0.27320846915245056 0.33599528670310974 -2.306506872177124
-0.4303493797779083 0.47842633724212646 -0.7654459476470947 0.24160218238830566 0.04834999889135361 -0.8345521092414856 -0.5488030910491943 -0.6542525291442871 -0.9013664722442627 -0.27318644523620605 0.3360172212123871 -2.3064827919006348
-0.430188924074173 0.4785444438457489 -0.7654622793197632 0.24154658615589142 0.048356737941503525 -0.8345001935958862 -0.5488814115524292 -0.6543542146682739 -0.9014427065849304 -0.27313801646232605 0.3358520567417145 -2.3065152168273926
-0.4302956163883209 0.47846952080726624 -0.7654491662979126 0.24154719710350037 0.04823707044124603 -0.8345670104026794 -0.5487903356552124 -0.6543124318122864 -0.9013981819152832 -0.27306514978408813 0.3360307514667511 -2.306485176086426
-0.43032631278038025 0.47843170166015625 -0.7654555439949036 0.24150358140468597 0.04837752878665924 -0.8345448970794678 -0.5488116145133972 -0.6543840169906616 -0.9013760089874268 -0.2731989920139313 0.33598145842552185 -2.30643367767334
-0.43037182092666626 0.47837331891059875 -0.7654664516448975 0.24160560965538025 0.04845191538333893 -0.8345543146133423 -0.5487907528877258 -0.654361367225647 -0.9013502597808838 -0.27327245473861694 0.3359907269477844 -2.3065059185028076
-0.430400550365448 0.47840481996536255 -0.7654306292533875 0.24161526560783386 0.04842788353562355 -0.8345327973365784 -0.5488256216049194 -0.6543338894844055 -0.9013378620147705 -0.27328309416770935 0.33601540327072144 -2.3064582347869873
-0.4303032457828522 0.478365033864975 -0.7655102014541626 0.2415570318698883 0.04846697300672531 -0.834570586681366 -0.5487646460533142 -0.6543885469436646 -0.9013822078704834 -0.2732372283935547 0.33593371510505676 -2.306474447250366
-0.43033283948898315 0.47834861278533936 -0.7655038237571716 0.24153541028499603 0.04845552146434784 -0.8345794081687927 -0.5487522482872009 -0.6543804407119751 -0.9013686776161194 -0.27323904633522034 0.3359684646129608 -2.306424617767334
-0.430375874042511 0.47835665941238403 -0.7654745578765869 0.24163469672203064 0.0483909472823143 -0.8345838785171509 -0.548751175403595 -0.6543514728546143 -0.9013516306877136 -0.27321135997772217 0.3360368013381958 -2.306607246398926
-0.4303199350833893 0.47839614748954773 -0.7654813528060913 0.241621196269989 0.04839957505464554 -0.8345651030540466 -0.5487789511680603 -0.6543333530426025 -0.9013778567314148 -0.27319952845573425 0.3359760046005249 -2.306555986404419
-0.43041035532951355 0.4783633053302765 -0.7654510140419006 0.24160292744636536 0.04848182201385498 -0.8345440626144409 -0.5488036870956421 -0.6543576717376709 -0.901330292224884 -0.2733213007450104 0.3360046446323395 -2.3066112995147705
-0.43041741847991943 0.4783538579940796 -0.7654529809951782 0.24158310890197754 0.04851081222295761 -0.8345404863357544 -0.5488065481185913 -0.6543486714363098 -0.9013253450393677 -0.27334871888160706 0.335995614528656 -2.3065569400787354
-0.4303140342235565 0.4783417582511902 -0.7655186653137207 0.24164891242980957 0.04852933809161186 -0.834566056728363 -0.5487660765647888 -0.6543079614639282 -0.9013736844062805 -0.2732919156551361 0.3359120190143585 -2.3065595626831055
-0.4302906095981598 0.4783577620983124 -0.7655218243598938 0.24166415631771088 0.04853736236691475 -0.8345572352409363 -0.548778772354126 -0.6542763113975525 -0.9013844728469849 -0.27329081296920776 0.33588406443595886 -2.306515693664551
-0.4303305149078369 0.47836264967918396 -0.7654963135719299 0.24168337881565094 0.048493027687072754 -0.8345584869384766 -0.5487807989120483 -0.6542946696281433 -0.9013677835464478 -0.2732784152030945 0.3359389007091522 -2.306504726409912
-0.43037354946136475 0.4783834218978882 -0.7654591798782349 0.2417057603597641 0.04859279841184616 -0.8345039486885071 -0.5488548278808594 -0.6543413400650024 -0.9013418555259705 -0.2734084725379944 0.3359026312828064 -2.3065948486328125
-0.43043482303619385 0.4783521592617035 -0.765444278717041 0.24169591069221497 0.04857194796204567 -0.8345193862915039 -0.5488332509994507 -0.6543421745300293 -0.9013137221336365 -0.27341610193252563 0.3359718918800354 -2.3065338134765625
-0.43050163984298706 0.4783098101615906 -0.765433132648468 0.24164293706417084 0.04869847372174263 -0.834496796131134 -0.5488563179969788 -0.654360294342041 -0.9012749791145325 -0.273559033870697 0.33595946431159973 -2.3066012859344482
-0.4304836690425873 0.4782969653606415 -0.7654512524604797 0.2416226863861084 0.04865170642733574 -0.8345241546630859 -0.5488189458847046 -0.6543458104133606 -0.9012860655784607 -0.27349817752838135 0.3359792232513428 -2.3065569400787354
-0.4304111897945404 0.4783504903316498 -0.7654585838317871 0.2416268140077591 0.04865266755223274 -0.8345012068748474 -0.5488536953926086 -0.6543033719062805 -0.9013206958770752 -0.27347442507743835 0.3359057903289795 -2.3066015243530273
-0.4304293990135193 0.47834470868110657 -0.765451967716217 0.24160628020763397 0.04867393895983696 -0.834494948387146 -0.5488613247871399 -0.6542848348617554 -0.9013108015060425 -0.2735036611557007 0.3359084129333496 -2.3065643310546875
-0.430295467376709 0.4784323275089264 -0.7654724717140198 0.24159742891788483 0.048653651028871536 -0.8344674110412598 -0.5489050149917603 -0.6542931795120239 -0.9013758897781372 -0.27343443036079407 0.3357902467250824 -2.3065731525421143
-0.43030890822410583 0.47844481468200684 -0.7654571533203125 0.24167369306087494 0.048654887825250626 -0.8344551920890808 -0.5489234924316406 -0.6542919278144836 -0.9013693928718567 -0.27344995737075806 0.33579498529434204 -2.3066720962524414
-0.43030133843421936 0.478420227766037 -0.7654767632484436 0.24165254831314087 0.048688195645809174 -0.8344643115997314 -0.5489066243171692 -0.6542934775352478 -0.9013711810112 -0.27346500754356384 0.3357778787612915 -2.3066439628601074
-0.4302607774734497 0.4783724546432495 -0.7655293941497803 0.24169579148292542 0.048690855503082275 -0.834506630897522 -0.5488421320915222 -0.6543094515800476 -0.9013904333114624 -0.2734195590019226 0.33576327562332153 -2.3067262172698975
-0.4303090572357178 0.4783346951007843 -0.7655258774757385 0.24167579412460327 0.04868054389953613 -0.8345263004302979 -0.5488131046295166 -0.654299795627594 -0.9013679027557373 -0.27342551946640015 0.3358187973499298 -2.306687831878662
-0.4303363859653473 0.47835078835487366 -0.7655004262924194 0.24167445302009583 0.04864516481757164 -0.8345195651054382 -0.5488264560699463 -0.6542906165122986 -0.9013567566871643 -0.27341794967651367 0.3358548581600189 -2.306687116622925
-0.43032306432724 0.4783475697040558 -0.7655099630355835 0.24164627492427826 0.04867149516940117 -0.8345167636871338 -0.5488283634185791 -0.6542706489562988 -0.9013617038726807 -0.27343207597732544 0.33583009243011475 -2.3066418170928955
-0.4303334355354309 0.4783910810947418 -0.7654769420623779 0.24166548252105713 0.04863885045051575 -0.8344932198524475 -0.5488671064376831 -0.6542795896530151 -0.9013585448265076 -0.2734278440475464 0.3358421325683594 -2.306687116622925
-0.4303256571292877 0.4783921241760254 -0.765480637550354 0.24165146052837372 0.04864592105150223 -0.834492027759552 -0.5488682389259338 -0.6542485356330872 -0.901361882686615 -0.27342966198921204 0.3358316719532013 -2.3066487312316895
-0.4302828907966614 0.47842419147491455 -0.765484631061554 0.2416224181652069 0.048614002764225006 -0.834488034248352 -0.5488771796226501 -0.654334306716919 -0.9013839960098267 -0.27338579297065735 0.3358079791069031 -2.306683301925659
-0.430280864238739 0.478456050157547 -0.7654658555984497 0.24161620438098907 0.04862235113978386 -0.8344630599021912 -0.54891437292099 -0.6543126106262207 -0.9013845324516296 -0.27340614795684814 0.3357900083065033 -2.3066413402557373
-0.43042948842048645 0.4784282445907593 -0.765399694442749 0.24169425666332245 0.04861954227089882 -0.8344515562057495 -0.5489321351051331 -0.6543371677398682 -0.9013137221336365 -0.2734900414943695 0.33591175079345703 -2.3067867755889893
-0.43042176961898804 0.47840380668640137 -0.7654193043708801 0.2416878640651703 0.04862043634057045 -0.8344705104827881 -0.5489032864570618 -0.6543270349502563 -0.9013173580169678 -0.2734749913215637 0.3359142243862152 -2.306741237640381
-0.43046852946281433 0.47836029529571533 -0.7654201984405518 0.2417013943195343 0.048632215708494186 -0.8344879150390625 -0.5488756895065308 -0.65433269739151 -0.9012944102287292 -0.2734978497028351 0.33595722913742065 -2.3067872524261475
-0.4304233193397522 0.4783458411693573 -0.7654546499252319 0.2417052537202835 0.04865860566496849 -0.8345001339912415 -0.5488548278808594 -0.6543134450912476 -0.9013145565986633 -0.27348592877388 0.3359128534793854 -2.3067469596862793
-0.43042606115341187 0.4784081280231476 -0.7654141783714294 0.24165865778923035 0.048707734793424606 -0.8344399929046631 -0.548941969871521 -0.6543682813644409 -0.9013105630874634 -0.2735605537891388 0.3358626961708069 -2.3066763877868652
-0.43049031496047974 0.478455126285553 -0.7653486728668213 0.2417181432247162 0.04868997260928154 -0.8343976736068726 -0.5490078330039978 -0.6543502807617188 -0.9012808799743652 -0.27360740303993225 0.3359043002128601 -2.3067009449005127
-0.4304864704608917 0.47840821743011475 -0.7653801441192627 0.24170100688934326 0.048706695437431335 -0.8344270586967468 -0.5489616990089417 -0.6543889045715332 -0.9012817740440369 -0.273599773645401 0.33590802550315857 -2.3066935539245605
-0.4304361939430237 0.4784533381462097 -0.7653802037239075 0.24175170063972473 0.048642847687006 -0.8344250321388245 -0.5489704012870789 -0.6543325781822205 -0.9013092517852783 -0.2735270857810974 0.33589357137680054 -2.3068268299102783
-0.4304411709308624 0.4784126579761505 -0.7654028534889221 0.24173399806022644 0.04863078519701958 -0.8344568014144897 -0.5489231944084167 -0.6543341875076294 -0.9013075232505798 -0.27350133657455444 0.3359191417694092 -2.306781768798828
-0.4303819239139557 0.47851428389549255 -0.765372633934021 0.2416919320821762 0.04864910617470741 -0.8343912363052368 -0.5490212440490723 -0.6543295979499817 -0.901334822177887 -0.27352356910705566 0.3358277678489685 -2.306762456893921
-0.43042781949043274 0.4784792959690094 -0.7653687000274658 0.24167482554912567 0.048598069697618484 -0.8344218134880066 -0.5489792823791504 -0.6543179154396057 -0.9013156890869141 -0.27349144220352173 0.3359053432941437 -2.3067102432250977
-0.43043237924575806 0.478451669216156 -0.7653834223747253 0.24169333279132843 0.04873483628034592 -0.8343991041183472 -0.5490016341209412 -0.6543698310852051 -0.9013060927391052 -0.2736089825630188 0.3358353078365326 -2.306750774383545
-0.4304307699203491 0.47847679257392883 -0.765368640422821 0.24167057871818542 0.048693057149648666 -0.8343941569328308 -0.5490128993988037 -0.6543554067611694 -0.9013091325759888 -0.27358025312423706 0.3358505666255951 -2.3066983222961426
-0.4304230809211731 0.47840410470962524 -0.7654183506965637 0.24170024693012238 0.04872056469321251 -0.8344395756721497 -0.5489413738250732 -0.6542978286743164 -0.9013113379478455 -0.273568719625473 0.33585411310195923 -2.306729316711426
-0.4304836094379425 0.4783603847026825 -0.7654116749763489 0.24169602990150452 0.048680875450372696 -0.8344697952270508 -0.5488989353179932 -0.6542673110961914 -0.9012845754623413 -0.27355295419692993 0.3359387516975403 -2.306687593460083
-0.43048253655433655 0.47839266061782837 -0.7653921246528625 0.24166350066661835 0.04872051998972893 -0.8344348669052124 -0.5489485263824463 -0.6542823910713196 -0.9012829065322876 -0.2736031115055084 0.33590227365493774 -2.3067257404327393
-0.4303800165653229 0.47838255763053894 -0.7654560804367065 0.24160777032375336 0.04882298409938812 -0.8344333171844482 -0.5489417910575867 -0.6543229222297668 -0.9013263583183289 -0.2736254632472992 0.335767537355423 -2.306699514389038
-0.43045082688331604 0.47834622859954834 -0.765438973903656 0.2415764480829239 0.04882129281759262 -0.8344444632530212 -0.54892498254776 -0.6543002724647522 -0.901292622089386 -0.2736549973487854 0.33583399653434753 -2.306643009185791
-0.43048545718193054 0.47833454608917236 -0.765426754951477 0.2416149526834488 0.048850320279598236 -0.8344365358352661 -0.5489345192909241 -0.6543099880218506 -0.9012745022773743 -0.27369973063468933 0.3358461558818817 -2.3066861629486084
-0.43049347400665283 0.4783635437488556 -0.7654041647911072 0.2415766417980194 0.04884608834981918 -0.8344152569770813 -0.5489672422409058 -0.6543034911155701 -0.9012709259986877 -0.2737138569355011 0.3358443081378937 -2.306622266769409
-0.4305608868598938 0.47832363843917847 -0.7653911709785461 0.24164968729019165 0.04880216345191002 -0.8344424962997437 -0.5489296913146973 -0.6543760895729065 -0.9012410640716553 -0.27370044589042664 0.33593523502349854 -2.30678653717041
-0.43054908514022827 0.4783158302307129 -0.7654026746749878 0.241683229804039 0.048744358122348785 -0.8344682455062866 -0.5488957166671753 -0.6543623805046082 -0.9012498259544373 -0.2736356556415558 0.33596453070640564 -2.306795358657837
-0.4305468797683716 0.4782946705818176 -0.7654171586036682 0.24166549742221832 0.048753418028354645 -0.8344811201095581 -0.5488752722740173 -0.6543517112731934 -0.901250422000885 -0.27363330125808716 0.3359649181365967 -2.3067402839660645
-0.43052324652671814 0.47834160923957825 -0.7654011249542236 0.24169540405273438 0.048826444894075394 -0.834430456161499 -0.5489458441734314 -0.6543985605239868 -0.9012577533721924 -0.2737058103084564 0.335886150598526 -2.306783437728882
-0.4305262267589569 0.4783254861831665 -0.7654094696044922 0.2416759729385376 0.048787038773298264 -0.8344533443450928 -0.5489146113395691 -0.6543832421302795 -0.9012584686279297 -0.2736642360687256 0.335918128490448 -2.3067355155944824
-0.4306130111217499 0.4782596826553345 -0.7654018402099609 0.24170660972595215 0.04884415492415428 -0.8344643115997314 -0.5488928556442261 -0.6543973088264465 -0.9012138843536377 -0.2737458646297455 0.3359711468219757 -2.3068058490753174
-0.4305934011936188 0.4783337116241455 -0.7653665542602539 0.24169768393039703 0.04882330819964409 -0.8344218134880066 -0.5489593148231506 -0.6543560028076172 -0.9012244343757629 -0.2737460434436798 0.3359428346157074 -2.306774377822876
-0.43059206008911133 0.4782832860946655 -0.7653988599777222 0.24166624248027802 0.048832740634679794 -0.8344553709030151 -0.5489073991775513 -0.6543475389480591 -0.9012245535850525 -0.2737317383289337 0.3359541594982147 -2.3067140579223633
-0.4306464195251465 0.47827985882759094 -0.7653703689575195 0.24170956015586853 0.04895186424255371 -0.834409773349762 -0.548966109752655 -0.6543716192245483 -0.9011920690536499 -0.2738766372203827 0.33592307567596436 -2.3067820072174072
-0.4306611120700836 0.4782426059246063 -0.7653853893280029 0.24167051911354065 0.048939820379018784 -0.8344370126724243 -0.5489258170127869 -0.654374897480011 -0.9011857509613037 -0.2738588750362396 0.33595460653305054 -2.306715726852417
-0.4306691884994507 0.478237122297287 -0.765384316444397 0.24170073866844177 0.048908669501543045 -0.8344486355781555 -0.548910915851593 -0.6544075608253479 -0.901183545589447 -0.2738330066204071 0.335981547832489 -2.3068082332611084
-0.43064063787460327 0.47824233770370483 -0.7653970718383789 0.2416607141494751 0.048928435891866684 -0.8344451189041138 -0.5489145517349243 -0.6544123291969299 -0.9011961221694946 -0.2738346457481384 0.3359465003013611 -2.3067386150360107
-0.4305803179740906 0.478280633687973 -0.7654070854187012 0.24168474972248077 0.048980165272951126 -0.834415078163147 -0.5489555597305298 -0.6543941497802734 -0.9012221693992615 -0.27385929226875305 0.3358565866947174 -2.3068289756774902
-0.43060389161109924 0.47818523645401 -0.7654534578323364 0.24164782464504242 0.04897177964448929 -0.834480881690979 -0.548856258392334 -0.6543845534324646 -0.9012113213539124 -0.2738253176212311 0.3359133005142212 -2.306753396987915
-0.4305960237979889 0.47828495502471924 -0.7653955817222595 0.24165107309818268 0.04891909658908844 -0.8344271183013916 -0.5489427447319031 -0.6544172763824463 -0.9012179374694824 -0.2738150656223297 0.3359038829803467 -2.3068082332611084
-0.43063756823539734 0.47827139496803284 -0.7653806805610657 0.2416015863418579 0.04886448755860329 -0.8344443440437317 -0.5489213466644287 -0.6544278264045715 -0.901201069355011 -0.27378615736961365 0.33597278594970703 -2.306739568710327
-0.4305453598499298 0.47825103998184204 -0.7654452323913574 0.24161429703235626 0.04885251820087433 -0.8344826698303223 -0.5488641858100891 -0.654405415058136 -0.9012457728385925 -0.2737049162387848 0.335919052362442 -2.3067331314086914
-0.430454820394516 0.47835299372673035 -0.7654324769973755 0.24168890714645386 0.048786405473947525 -0.8344493508338928 -0.5489206910133362 -0.6543786525726318 -0.901292622089386 -0.2736283242702484 0.3358558118343353 -2.3068134784698486
-0.4304312765598297 0.4783512353897095 -0.7654468417167664 0.24166539311408997 0.04880804196000099 -0.8344491720199585 -0.5489190220832825 -0.6543661952018738 -0.901302695274353 -0.2736319303512573 0.3358258008956909 -2.3067657947540283
-0.43054795265197754 0.47827714681625366 -0.7654274702072144 0.24172484874725342 0.04881323128938675 -0.8344753384590149 -0.5488787889480591 -0.6544037461280823 -0.9012466669082642 -0.2736817002296448 0.3359355628490448 -2.306828022003174
-0.43052077293395996 0.4782780408859253 -0.7654422521591187 0.24173177778720856 0.04883554205298424 -0.8344738483428955 -0.548879086971283 -0.6543875336647034 -0.9012584686279297 -0.27368468046188354 0.33590149879455566 -2.30678653717041
-0.43046480417251587 0.47828420996665955 -0.7654698491096497 0.24172481894493103 0.04887125641107559 -0.8344707489013672 -0.5488806366920471 -0.6544048190116882 -0.9012832045555115 -0.2736833393573761 0.33583611249923706 -2.306832790374756
-0.4304957389831543 0.47825995087623596 -0.7654675841331482 0.24172042310237885 0.04888096824288368 -0.8344784379005432 -0.5488680601119995 -0.6543976068496704 -0.901267945766449 -0.2737022042274475 0.33586177229881287 -2.3067786693573
-0.4304395318031311 0.4783450961112976 -0.7654460072517395 0.24178136885166168 0.04883093014359474 -0.8344448208808899 -0.5489236116409302 -0.6544147729873657 -0.9012975096702576 -0.2736559212207794 0.33582019805908203 -2.306856393814087
-0.4303848445415497 0.47831225395202637 -0.7654972672462463 0.24177837371826172 0.048848479986190796 -0.8344749808311462 -0.5488762259483337 -0.654404878616333 -0.9013226628303528 -0.27362143993377686 0.33578070998191833 -2.30680775642395
-0.43049120903015137 0.4783361554145813 -0.765422523021698 0.2418036162853241 0.04886769875884056 -0.8344287872314453 -0.5489447116851807 -0.6543666124343872 -0.9012708067893982 -0.2737203538417816 0.33583924174308777 -2.306887626647949
-0.4304068386554718 0.47838759422302246 -0.7654378414154053 0.24171562492847443 0.04881691560149193 -0.8344257473945618 -0.5489538908004761 -0.6544186472892761 -0.901313841342926 -0.27363988757133484 0.335789293050766 -2.3068666458129883
-0.43039506673812866 0.478300005197525 -0.7654991745948792 0.24166850745677948 0.04882316291332245 -0.8344891667366028 -0.5488568544387817 -0.6543444991111755 -0.901319146156311 -0.27359944581985474 0.33580806851387024 -2.306790828704834
-0.43045273423194885 0.4782973825931549 -0.765468418598175 0.24162466824054718 0.04878666624426842 -0.8344895839691162 -0.5488594770431519 -0.6543235778808594 -0.9012935757637024 -0.27360278367996216 0.33587396144866943 -2.3067128658294678
-0.43042004108428955 0.47827669978141785 -0.7654997110366821 0.24167999625205994 0.04886915162205696 -0.8344865441322327 -0.5488568544387817 -0.654356837272644 -0.9013047218322754 -0.27364835143089294 0.3358069062232971 -2.306800365447998
-0.43043315410614014 0.4783285856246948 -0.7654598951339722 0.2417338639497757 0.04886157810688019 -0.8344487547874451 -0.548914909362793 -0.6544160842895508 -0.9012988805770874 -0.27367281913757324 0.33580267429351807 -2.306868314743042
-0.43042513728141785 0.4782702624797821 -0.7655008435249329 0.24167409539222717 0.04885850101709366 -0.8344932794570923 -0.5488475561141968 -0.6544470191001892 -0.9013028740882874 -0.273639053106308 0.3358194828033447 -2.3067898750305176
-0.4302809536457062 0.47838783264160156 -0.7655084729194641 0.24169623851776123 0.04887602478265762 -0.8344350457191467 -0.5489345192909241 -0.6544234156608582 -0.9013707637786865 -0.2736111283302307 0.3356599509716034 -2.3068044185638428
-0.43025699257850647 0.47843554615974426 -0.7654920816421509 0.241759791970253 0.0488402396440506 -0.8344168663024902 -0.5489652752876282 -0.6544198989868164 -0.9013841152191162 -0.2735830247402191 0.33564695715904236 -2.30686354637146
-0.43025314807891846 0.4784221351146698 -0.7655026316642761 0.2417726069688797 0.048836998641490936 -0.8344283103942871 -0.5489481687545776 -0.6544082164764404 -0.9013861417770386 -0.27357158064842224 0.33565086126327515 -2.3068246841430664
-0.4302217960357666 0.478413462638855 -0.7655256986618042 0.24177658557891846 0.04874185472726822 -0.8344702124595642 -0.5488929152488708 -0.6543610095977783 -0.9014062881469727 -0.27345889806747437 0.33568868041038513 -2.306854009628296
-0.43018218874931335 0.47841358184814453 -0.7655478715896606 0.2417934387922287 0.048788927495479584 -0.8344644904136658 -0.5488974452018738 -0.654342770576477 -0.9014226198196411 -0.273476243019104 0.3356306552886963 -2.306814432144165
-0.4302814304828644 0.47838684916496277 -0.765508770942688 0.24177928268909454 0.0487380288541317 -0.8344774842262268 -0.5488821864128113 -0.6543614864349365 -0.9013779759407043 -0.2734832763671875 0.335744708776474 -2.306872606277466
-0.4302346706390381 0.47840332984924316 -0.7655248045921326 0.24176211655139923 0.04874333366751671 -0.8344742655754089 -0.5488866567611694 -0.6543481349945068 -0.9014000296592712 -0.2734643518924713 0.3357009291648865 -2.306831121444702
-0.4302283823490143 0.4784381091594696 -0.7655065655708313 0.24168172478675842 0.048717938363552094 -0.8344583511352539 -0.5489130616188049 -0.6543927788734436 -0.9014044404029846 -0.27345192432403564 0.33569931983947754 -2.306878089904785
-0.4302615225315094 0.47843432426452637 -0.7654903531074524 0.24164611101150513 0.04874478280544281 -0.8344457149505615 -0.5489298701286316 -0.6543899774551392 -0.9013871550559998 -0.2734971344470978 0.335708886384964 -2.306823253631592
-0.43018391728401184 0.478513240814209 -0.765484631061554 0.24168628454208374 0.04867742583155632 -0.8344264626502991 -0.5489651560783386 -0.6544058918952942 -0.9014278054237366 -0.2734178602695465 0.33566421270370483 -2.306870460510254
-0.43014606833457947 0.47846323251724243 -0.7655371427536011 0.24165816605091095 0.04869212210178375 -0.8344660997390747 -0.5489035844802856 -0.6544002890586853 -0.9014450907707214 -0.2733844220638275 0.33564507961273193 -2.306813955307007
-0.43012434244155884 0.4785429835319519 -0.765499472618103 0.2417687028646469 0.0487026646733284 -0.8344104290008545 -0.5489872694015503 -0.6543858647346497 -0.9014548659324646 -0.2734147012233734 0.3355940878391266 -2.306903839111328
-0.43015649914741516 0.4785270690917969 -0.7654913663864136 0.24169276654720306 0.04866563156247139 -0.8344261050224304 -0.5489667654037476 -0.6544639468193054 -0.9014415740966797 -0.27339479327201843 0.3356461524963379 -2.3068783283233643
-0.43018847703933716 0.4784793555736542 -0.7655032277107239 0.2417229562997818 0.04866795986890793 -0.8344526290893555 -0.5489262342453003 -0.6544249653816223 -0.9014261364936829 -0.2733972668647766 0.33568546175956726 -2.3068528175354004
-0.43018651008605957 0.47857901453971863 -0.7654420733451843 0.24169650673866272 0.048587165772914886 -0.8344061374664307 -0.549004077911377 -0.6544652581214905 -0.9014314413070679 -0.2733648717403412 0.33569762110710144 -2.306906223297119
-0.4301094114780426 0.478518545627594 -0.7655231356620789 0.24161791801452637 0.048683829605579376 -0.8344368934631348 -0.5489487051963806 -0.6545429825782776 -0.9014630317687988 -0.2733766436576843 0.3356032371520996 -2.3068954944610596
-0.43013817071914673 0.47845715284347534 -0.7655453681945801 0.2416067272424698 0.048628389835357666 -0.834491491317749 -0.5488706827163696 -0.6544897556304932 -0.9014523029327393 -0.27331751585006714 0.335680216550827 -2.3068604469299316
-0.4301651120185852 0.47849541902542114 -0.7655063271522522 0.24162103235721588 0.048711203038692474 -0.8344330787658691 -0.5489521026611328 -0.6544830203056335 -0.9014349579811096 -0.2734288275241852 0.33563607931137085 -2.30683970451355
-0.4301829934120178 0.47847458720207214 -0.765509307384491 0.24163788557052612 0.048664290457963943 -0.8344583511352539 -0.548917829990387 -0.654403030872345 -0.9014289379119873 -0.273388147354126 0.3356853425502777 -2.306868314743042
-0.43019455671310425 0.4784349799156189 -0.7655275464057922 0.24165646731853485 0.04863940179347992 -0.8344917893409729 -0.5488691926002502 -0.6544487476348877 -0.901424765586853 -0.2733553946018219 0.33572322130203247 -2.306946277618408
-0.43021905422210693 0.4784875512123108 -0.7654809355735779 0.24163880944252014 0.04868729040026665 -0.8344342708587646 -0.5489524602890015 -0.6544469594955444 -0.9014105200767517 -0.27343904972076416 0.3356934189796448 -2.3069629669189453
-0.4302195608615875 0.4784579575061798 -0.7654991149902344 0.2416263073682785 0.048684343695640564 -0.8344562649726868 -0.5489192605018616 -0.6544368863105774 -0.9014104604721069 -0.2734236717224121 0.3357061743736267 -2.3068857192993164
-0.4302489161491394 0.4784488379955292 -0.76548832654953 0.24163614213466644 0.04874831438064575 -0.8344370126724243 -0.5489428639411926 -0.6544764637947083 -0.9013929963111877 -0.27349838614463806 0.3356921970844269 -2.3068628311157227
-0.4302465319633484 0.4784574806690216 -0.7654842734336853 0.24164742231369019 0.048763543367385864 -0.8344267010688782 -0.5489571690559387 -0.6545445919036865 -0.9013932943344116 -0.27351468801498413 0.3356780707836151 -2.3069307804107666
-0.43029308319091797 0.47836509346961975 -0.7655158638954163 0.2416176050901413 0.04872260242700577 -0.8344952464103699 -0.5488566160202026 -0.6545336246490479 -0.9013732671737671 -0.27346718311309814 0.33577051758766174 -2.3068795204162598
-0.4301857352256775 0.47843998670578003 -0.7655293941497803 0.2415674924850464 0.04888410121202469 -0.8344159126281738 -0.5489628314971924 -0.6545358896255493 -0.9014157652854919 -0.2735782563686371 0.33556586503982544 -2.306821346282959
-0.43031346797943115 0.47833558917045593 -0.765522837638855 0.2415742576122284 0.04884948581457138 -0.8344734311103821 -0.5488784313201904 -0.6544927954673767 -0.9013566970825195 -0.2735852301120758 0.33571887016296387 -2.306832790374756
-0.4303514361381531 0.4783042371273041 -0.7655210494995117 0.24159647524356842 0.04882199689745903 -0.834496021270752 -0.5488466024398804 -0.6544973254203796 -0.9013400673866272 -0.273571252822876 0.3357749581336975 -2.3068394660949707
-0.4304163455963135 0.47832024097442627 -0.7654745578765869 0.24170005321502686 0.04877441003918648 -0.834484875202179 -0.5488678216934204 -0.654544472694397 -0.9013116359710693 -0.2735773026943207 0.33584630489349365 -2.3068902492523193
-0.43045708537101746 0.47830092906951904 -0.7654637694358826 0.24173332750797272 0.048841316252946854 -0.8344695568084717 -0.5488851070404053 -0.6545488834381104 -0.9012885689735413 -0.27365779876708984 0.33584263920783997 -2.3069889545440674
-0.4304194748401642 0.4783457815647125 -0.7654568552970886 0.24173352122306824 0.0488855354487896 -0.8344321250915527 -0.5489380955696106 -0.6545326709747314 -0.9013041257858276 -0.2736934423446655 0.3357717990875244 -2.3069286346435547
-0.4303986430168152 0.4783632457256317 -0.7654576897621155 0.24175089597702026 0.04881565645337105 -0.8344453573226929 -0.5489241480827332 -0.6544583439826965 -0.901317834854126 -0.2736225724220276 0.3357926905155182 -2.307029962539673
-0.43044912815093994 0.4783334732055664 -0.7654478549957275 0.2417249083518982 0.048798300325870514 -0.834460973739624 -0.5489019751548767 -0.6544381976127625 -0.9012946486473083 -0.27362698316574097 0.3358513116836548 -2.3069522380828857
-0.43056735396385193 0.4783906936645508 -0.7653456330299377 0.24168702960014343 0.04881776124238968 -0.834388256072998 -0.5490107536315918 -0.6544581651687622 -0.9012371301651001 -0.27374860644340515 0.3359065651893616 -2.307021379470825
-0.4305937588214874 0.4782966077327728 -0.7653895616531372 0.24162468314170837 0.048898596316576004 -0.8344254493713379 -0.5489470362663269 -0.6544888019561768 -0.9012201428413391 -0.27379968762397766 0.33591052889823914 -2.306992769241333
-0.43058422207832336 0.4783417880535126 -0.7653666734695435 0.24161438643932343 0.04886193946003914 -0.8344062566757202 -0.5489794611930847 -0.6544724106788635 -0.9012266993522644 -0.2737792432308197 0.3359096348285675 -2.3069491386413574
-0.43057429790496826 0.47832468152046204 -0.7653829455375671 0.2416253536939621 0.048862166702747345 -0.8344206213951111 -0.5489576458930969 -0.6544190645217896 -0.9012314081192017 -0.27376535534858704 0.33590826392173767 -2.306931972503662
-0.430520236492157 0.47836974263191223 -0.7653852105140686 0.24165929853916168 0.0488164909183979 -0.8344139456748962 -0.5489718317985535 -0.6544751524925232 -0.90125972032547 -0.27370694279670715 0.335879921913147 -2.306999444961548
-0.43053171038627625 0.4783775210380554 -0.7653738856315613 0.2416522353887558 0.04867047443985939 -0.8344502449035645 -0.5489296913146973 -0.6545159816741943 -0.901262104511261 -0.27358278632164 0.3359746038913727 -2.3070626258850098
-0.4304963946342468 0.4784122407436371 -0.7653720378875732 0.24166037142276764 0.04869462177157402 -0.834425687789917 -0.5489648580551147 -0.6544927954673767 -0.9012777209281921 -0.27359694242477417 0.3359213173389435 -2.3070316314697266
-0.4305596351623535 0.47841328382492065 -0.7653358578681946 0.24171605706214905 0.048685040324926376 -0.8344140648841858 -0.5489833354949951 -0.654518187046051 -0.901248037815094 -0.2736305296421051 0.3359735906124115 -2.3070900440216064
-0.43055176734924316 0.47832781076431274 -0.7653936743736267 0.24174271523952484 0.04863102734088898 -0.8344934582710266 -0.548867404460907 -0.6544768810272217 -0.9012546539306641 -0.2735377848148346 0.3360312283039093 -2.3070571422576904
-0.4305015802383423 0.47838786244392395 -0.7653843760490417 0.24175548553466797 0.048621438443660736 -0.8344642519950867 -0.5489127039909363 -0.6545016765594482 -0.9012792110443115 -0.27352190017700195 0.3359784483909607 -2.307080030441284
-0.43050265312194824 0.4782857894897461 -0.7654475569725037 0.24177871644496918 0.04861248657107353 -0.8345398902893066 -0.5487984418869019 -0.6544567942619324 -0.9012791514396667 -0.2734695374965668 0.33602115511894226 -2.30704665184021
-0.4303983747959137 0.47837552428245544 -0.765450119972229 0.2417064905166626 0.04855533316731453 -0.8345155715942383 -0.5488404631614685 -0.6545044779777527 -0.9013320207595825 -0.27338677644729614 0.335946649312973 -2.3070356845855713
-0.4305305778980255 0.4783424139022827 -0.7653964757919312 0.24167627096176147 0.048514917492866516 -0.8345228433609009 -0.5488330125808716 -0.6545067429542542 -0.9012710452079773 -0.27342259883880615 0.33608102798461914 -2.307023286819458
-0.43051886558532715 0.4783223271369934 -0.765415608882904 0.24162039160728455 0.048546042293310165 -0.8345303535461426 -0.548818826675415 -0.6544732451438904 -0.9012749791145325 -0.2734348177909851 0.3360605835914612 -2.3069286346435547
-0.43043646216392517 0.4783538281917572 -0.7654422521591187 0.24152116477489471 0.04856429249048233 -0.834520161151886 -0.5488327741622925 -0.6544767618179321 -0.9013133645057678 -0.2734108567237854 0.335977166891098 -2.3068206310272217
-0.4305182695388794 0.4782763719558716 -0.7654446363449097 0.24158932268619537 0.04851660132408142 -0.8345723748207092 -0.5487575531005859 -0.654480516910553 -0.9012768268585205 -0.27338698506355286 0.336094468832016 -2.30696439743042
-0.43046876788139343 0.4783097803592682 -0.7654516696929932 0.2415694296360016 0.048542801290750504 -0.834551215171814 -0.5487874150276184 -0.6544522643089294 -0.9012990593910217 -0.27339306473731995 0.33602991700172424 -2.306907892227173
-0.4304654002189636 0.47825518250465393 -0.7654876112937927 0.2415044605731964 0.04854580760002136 -0.8345901966094971 -0.5487278699874878 -0.654484212398529 -0.9013005495071411 -0.2733696401119232 0.3360450863838196 -2.306802272796631
-0.4305367171764374 0.478227436542511 -0.7654649019241333 0.24164457619190216 0.048495061695575714 -0.8346099853515625 -0.5487022399902344 -0.654525101184845 -0.9012691974639893 -0.2733577787876129 0.3361387252807617 -2.306945562362671
-0.4304506480693817 0.4782595634460449 -0.7654932141304016 0.24171246588230133 0.048478931188583374 -0.8346105217933655 -0.5487028360366821 -0.6544803977012634 -0.9013111591339111 -0.27329984307289124 0.3360733091831207 -2.307002544403076
-0.43047866225242615 0.4782687723636627 -0.7654716968536377 0.24164606630802155 0.04844028875231743 -0.8346095681190491 -0.5487077236175537 -0.6545141339302063 -0.9012998938560486 -0.27328670024871826 0.3361143171787262 -2.306971311569214
-0.4304417371749878 0.4782688021659851 -0.7654924392700195 0.24163168668746948 0.04845373332500458 -0.8346135020256042 -0.5487005710601807 -0.654498815536499 -0.9013168215751648 -0.27327463030815125 0.3360787332057953 -2.3069283962249756
-0.4303363561630249 0.4783610701560974 -0.7654940485954285 0.24165263772010803 0.04844134300947189 -0.8345739841461182 -0.5487617254257202 -0.6544254422187805 -0.9013677835464478 -0.2732337415218353 0.3359752595424652 -2.3071954250335693
-0.4303900897502899 0.4783150851726532 -0.7654925584793091 0.24165450036525726 0.04847490042448044 -0.8345851302146912 -0.5487418174743652 -0.6543960571289062 -0.9013403058052063 -0.2732802927494049 0.33601105213165283 -2.307225227355957
-0.4304472506046295 0.4782353639602661 -0.7655102610588074 0.24167953431606293 0.04854600131511688 -0.8346083164215088 -0.5487003326416016 -0.6543577909469604 -0.9013091921806335 -0.2733490467071533 0.33603858947753906 -2.307192325592041
-0.4303722083568573 0.4783371388912201 -0.765488862991333 0.2417634129524231 0.04849671572446823 -0.834566593170166 -0.5487681031227112 -0.6544008255004883 -0.9013476967811584 -0.2732982933521271 0.33597666025161743 -2.307257652282715
-0.4303939640522003 0.47833409905433655 -0.7654784917831421 0.24180416762828827 0.04850734770298004 -0.8345608115196228 -0.5487759709358215 -0.6543541550636292 -0.9013367295265198 -0.2733212411403656 0.335987389087677 -2.3072123527526855
-0.4303673505783081 0.4784136712551117 -0.765443742275238 0.2418217658996582 0.048516761511564255 -0.8345066905021667 -0.5488573908805847 -0.6543633341789246 -0.9013489484786987 -0.2733471989631653 0.33593350648880005 -2.30729079246521
-0.43032538890838623 0.4784063398838043 -0.7654719352722168 0.24178917706012726 0.048545826226472855 -0.8345122933387756 -0.5488463640213013 -0.654444694519043 -0.9013673663139343 -0.2733430564403534 0.3358873426914215 -2.307307004928589
-0.43032562732696533 0.47842562198638916 -0.7654597163200378 0.2418019026517868 0.04853823035955429 -0.8345006704330444 -0.5488646626472473 -0.6544139385223389 -0.901367723941803 -0.27334463596343994 0.33588525652885437 -2.307292938232422
-0.4303344488143921 0.47840338945388794 -0.7654686570167542 0.2418215125799179 0.048650339245796204 -0.8344807028770447 -0.5488851070404053 -0.6544503569602966 -0.9013574123382568 -0.2734445333480835 0.3358314633369446 -2.3073155879974365
-0.4304828345775604 0.4783543646335602 -0.7654158473014832 0.24176035821437836 0.04862959310412407 -0.8344898819923401 -0.5488730072975159 -0.6544303894042969 -0.9012876749038696 -0.27350232005119324 0.33597156405448914 -2.3072330951690674
-0.4304048418998718 0.47843435406684875 -0.7654097080230713 0.24177221953868866 0.04866879805922508 -0.8344375491142273 -0.5489490628242493 -0.6543846726417542 -0.9013228416442871 -0.27352192997932434 0.33586129546165466 -2.3072187900543213
-0.43040457367897034 0.4783610999584198 -0.7654556632041931 0.24167825281620026 0.048674337565898895 -0.8344885110855103 -0.5488711595535278 -0.6544005870819092 -0.9013226628303528 -0.27349475026130676 0.3358839154243469 -2.307182788848877
-0.43036437034606934 0.4783349335193634 -0.7654946446418762 0.24165453016757965 0.048766423016786575 -0.8344880938529968 -0.5488635897636414 -0.654371976852417 -0.9013369083404541 -0.27354180812835693 0.3358074128627777 -2.3071515560150146
-0.4303830564022064 0.47837477922439575 -0.7654592394828796 0.24165566265583038 0.04870756343007088 -0.8344733119010925 -0.5488913059234619 -0.6544359922409058 -0.9013311266899109 -0.2735172212123871 0.3358428478240967 -2.30714750289917
-0.43035024404525757 0.4783651530742645 -0.7654836773872375 0.24170897901058197 0.04873080179095268 -0.8344802856445312 -0.5488786101341248 -0.6544610857963562 -0.9013455510139465 -0.27351272106170654 0.33580783009529114 -2.3072400093078613
-0.4303644001483917 0.47835859656333923 -0.7654798030853271 0.24167723953723907 0.04869966208934784 -0.8344913721084595 -0.5488645434379578 -0.6544392108917236 -0.9013404846191406 -0.27349042892456055 0.3358396291732788 -2.307203769683838
-0.4302827715873718 0.47836992144584656 -0.7655186057090759 0.24170458316802979 0.04870738834142685 -0.8344986438751221 -0.548852801322937 -0.6544442772865295 -0.9013790488243103 -0.2734483778476715 0.3357703983783722 -2.3072943687438965
-0.43028372526168823 0.47839823365211487 -0.7655004262924194 0.24172624945640564 0.048691414296627045 -0.8344829678535461 -0.548878014087677 -0.6543998718261719 -0.901379406452179 -0.27344661951065063 0.33577072620391846 -2.3072919845581055
