# 3x4 first row second row third row Freq: 100 current Time: 2021-07-28-17:05:20
-0.18554995954036713 0.450569748878479 -0.8732457756996155 0.11043232679367065 0.9380865693092346 -0.1833217442035675 -0.2939162850379944 -0.5799288153648376 -0.2925146818161011 -0.8737162351608276 -0.3886581063270569 -2.1244750022888184
-0.18554143607616425 0.45062562823295593 -0.8732187151908875 0.11050354689359665 0.9380946755409241 -0.18328732252120972 -0.293911874294281 -0.579748809337616 -0.29249411821365356 -0.873694658279419 -0.38872212171554565 -2.1242144107818604
-0.18561823666095734 0.45064815878868103 -0.8731907606124878 0.11057405173778534 0.9380743503570557 -0.1832631528377533 -0.29399174451828003 -0.5797675848007202 -0.2925105094909668 -0.8736881017684937 -0.38872450590133667 -2.1240758895874023
-0.18555352091789246 0.45063698291778564 -0.8732103109359741 0.1105705201625824 0.9381053447723389 -0.18323948979377747 -0.29390767216682434 -0.5797201991081238 -0.29245224595069885 -0.8736988306045532 -0.3887442350387573 -2.1241044998168945
-0.18557608127593994 0.4506210684776306 -0.8732137084007263 0.11050918698310852 0.938098669052124 -0.18324200809001923 -0.29392731189727783 -0.5799369812011719 -0.29245924949645996 -0.8737065196037292 -0.3887217044830322 -2.1245617866516113
-0.18561801314353943 0.45063745975494385 -0.8731963634490967 0.11039838939905167 0.9380945563316345 -0.18320661783218384 -0.2939625084400177 -0.5799592137336731 -0.2924458384513855 -0.8737054467201233 -0.3887341320514679 -2.1244401931762695
-0.185604527592659 0.4506494402885437 -0.8731930255889893 0.11045865714550018 0.9380925297737122 -0.183222234249115 -0.29395928978919983 -0.5799200534820557 -0.29246094822883606 -0.8736960291862488 -0.3887440264225006 -2.1243693828582764
-0.18567410111427307 0.45067697763442993 -0.8731640577316284 0.1104169562458992 0.9380728602409363 -0.18320177495479584 -0.29403480887413025 -0.5799118280410767 -0.29247990250587463 -0.8736861348152161 -0.3887520432472229 -2.1243979930877686
-0.18572105467319489 0.4507332444190979 -0.8731250166893005 0.1104259341955185 0.9380670785903931 -0.18315288424491882 -0.29408374428749084 -0.5799183249473572 -0.2924686670303345 -0.8736673593521118 -0.3888026773929596 -2.1242427825927734
-0.18570123612880707 0.4506995975971222 -0.8731465935707092 0.11043959110975266 0.9380906224250793 -0.1831136792898178 -0.29403290152549744 -0.5798961520195007 -0.2924055755138397 -0.8736928701400757 -0.38879266381263733 -2.1243996620178223
-0.1856779307126999 0.4507329761981964 -0.8731343150138855 0.11036524921655655 0.938094973564148 -0.18311303853988647 -0.29401957988739014 -0.5799814462661743 -0.2924065887928009 -0.8736758232116699 -0.3888302743434906 -2.12451434135437
-0.18570712208747864 0.45072466135025024 -0.8731324076652527 0.11042430996894836 0.9380804300308228 -0.18312977254390717 -0.29405540227890015 -0.5799422264099121 -0.29243454337120056 -0.873676598072052 -0.3888075053691864 -2.1244447231292725
-0.18571022152900696 0.4506900906562805 -0.873149573802948 0.11043104529380798 0.9380897283554077 -0.1831105798482895 -0.29403775930404663 -0.5800235271453857 -0.29240280389785767 -0.8736984729766846 -0.388782262802124 -2.1244680881500244
-0.18574172258377075 0.4507390260696411 -0.8731176257133484 0.11045388877391815 0.9380948543548584 -0.18304701149463654 -0.29406091570854187 -0.5800375938415527 -0.29236629605293274 -0.8736865520477295 -0.388836532831192 -2.124309539794922
-0.18573901057243347 0.45073553919792175 -0.8731200098991394 0.11043515801429749 0.938080370426178 -0.183094322681427 -0.2940778136253357 -0.5800120234489441 -0.2924146056175232 -0.87367844581604 -0.3888184130191803 -2.124441146850586
-0.18576304614543915 0.4507467448711395 -0.8731091022491455 0.11049387603998184 0.9380742311477661 -0.18308474123477936 -0.29410338401794434 -0.5799838304519653 -0.29241907596588135 -0.8736746311187744 -0.388823539018631 -2.1243834495544434
-0.18570654094219208 0.4507289230823517 -0.8731303215026855 0.11042268574237823 0.9381092190742493 -0.18304291367530823 -0.2940176725387573 -0.5799810290336609 -0.29234257340431213 -0.8736926317214966 -0.3888407051563263 -2.1244072914123535
-0.18570613861083984 0.4507125914096832 -0.8731388449668884 0.11048173904418945 0.9381008148193359 -0.18307408690452576 -0.2940252423286438 -0.5799461007118225 -0.29236993193626404 -0.8736944794654846 -0.38881587982177734 -2.1243467330932617
-0.18567585945129395 0.4507499933242798 -0.8731259703636169 0.11042331159114838 0.9380980134010315 -0.18310017883777618 -0.2940177619457245 -0.5799633860588074 -0.29239800572395325 -0.8736697435379028 -0.3888503909111023 -2.1243507862091064
-0.18569611012935638 0.4507763385772705 -0.8731080293655396 0.11045104265213013 0.938092052936554 -0.18308879435062408 -0.2940439283847809 -0.5799582600593567 -0.29240432381629944 -0.8736585378646851 -0.38887086510658264 -2.124215841293335
-0.18574129045009613 0.45073553919792175 -0.8731195330619812 0.11043773591518402 0.9380813241004944 -0.18308912217617035 -0.29407793283462524 -0.580009937286377 -0.2924100458621979 -0.873679518699646 -0.3888193964958191 -2.124363422393799
-0.18570859730243683 0.4507014751434326 -0.8731440305709839 0.11043909192085266 0.9380708336830139 -0.1831648349761963 -0.2940642535686493 -0.5799292922019958 -0.2924644649028778 -0.8736812472343445 -0.3887746334075928 -2.124328136444092
-0.18571776151657104 0.4507081210613251 -0.8731386661529541 0.11050070822238922 0.938072144985199 -0.18314942717552185 -0.29406964778900146 -0.579893171787262 -0.29245442152023315 -0.8736810088157654 -0.38878265023231506 -2.124257802963257
-0.1857934147119522 0.45069003105163574 -0.8731319308280945 0.11035877466201782 0.9380725622177124 -0.1830780953168869 -0.2941126823425293 -0.5799755454063416 -0.2924049496650696 -0.873705267906189 -0.38876527547836304 -2.1242666244506836
-0.18580412864685059 0.45070880651474 -0.8731199502944946 0.11040681600570679 0.9380762577056885 -0.18304996192455292 -0.2941184341907501 -0.5799494385719299 -0.29238632321357727 -0.8737015128135681 -0.38878780603408813 -2.124199867248535
-0.1858379989862442 0.4506090581417084 -0.8731642365455627 0.1103631928563118 0.9380642175674438 -0.18308542668819427 -0.2941347360610962 -0.5800639390945435 -0.2924033999443054 -0.8737455010414124 -0.3886760473251343 -2.1243696212768555
-0.18582093715667725 0.450623095035553 -0.8731606006622314 0.11041627824306488 0.9380568265914917 -0.18312011659145355 -0.2941368520259857 -0.5800409317016602 -0.2924381196498871 -0.8737310171127319 -0.3886825144290924 -2.1243083477020264
-0.185780331492424 0.4506172239780426 -0.8731722831726074 0.11039593815803528 0.9380594491958618 -0.18315497040748596 -0.2941066324710846 -0.5799885392189026 -0.2924553453922272 -0.8737267255783081 -0.388679176568985 -2.1243767738342285
-0.18577726185321808 0.4506080448627472 -0.8731776475906372 0.11046125739812851 0.938065767288208 -0.18314236402511597 -0.294094443321228 -0.5799505710601807 -0.2924371063709259 -0.8737341165542603 -0.38867631554603577 -2.1243133544921875
-0.1857716292142868 0.45067599415779114 -0.8731437921524048 0.1104283407330513 0.9380587935447693 -0.18314598500728607 -0.29411444067955017 -0.5799761414527893 -0.2924630641937256 -0.8736982941627502 -0.3887372612953186 -2.124385118484497
-0.18575847148895264 0.4506703019142151 -0.8731495141983032 0.11049262434244156 0.9380561709403992 -0.1831689327955246 -0.29410845041275024 -0.5799403190612793 -0.2924797832965851 -0.8736964464187622 -0.38872888684272766 -2.124330759048462
-0.1856684386730194 0.45065534114837646 -0.8731763958930969 0.11041552573442459 0.9380825161933899 -0.18318594992160797 -0.2940139174461365 -0.5800025463104248 -0.2924525737762451 -0.8737005591392517 -0.38874006271362305 -2.124462127685547
-0.18567517399787903 0.45069122314453125 -0.8731564879417419 0.11047720909118652 0.9380709528923035 -0.1832016259431839 -0.2940410375595093 -0.5799705386161804 -0.2924853563308716 -0.8736788034439087 -0.388764351606369 -2.1244137287139893
-0.18565993010997772 0.4506133198738098 -0.8731998801231384 0.11053553968667984 0.938072919845581 -0.18323732912540436 -0.29401254653930664 -0.579944372177124 -0.2924887537956238 -0.8737114667892456 -0.388688325881958 -2.124338388442993
-0.18567657470703125 0.45058566331863403 -0.873210608959198 0.11054778844118118 0.9380574226379395 -0.1832761913537979 -0.29403772950172424 -0.5800053477287292 -0.2925278842449188 -0.8737176060676575 -0.38864511251449585 -2.124418020248413
-0.18563959002494812 0.45071813464164734 -0.873150110244751 0.11049442738294601 0.9380801320075989 -0.1832009255886078 -0.2940121591091156 -0.5799891948699951 -0.2924785017967224 -0.8736650347709656 -0.38880038261413574 -2.1242692470550537
-0.18561288714408875 0.45063453912734985 -0.873198926448822 0.11038194596767426 0.9380879402160645 -0.18323251605033875 -0.29396745562553406 -0.5800560116767883 -0.2924703061580658 -0.8737015724182129 -0.38872453570365906 -2.1245357990264893
-0.18560568988323212 0.45064815878868103 -0.8731934428215027 0.11042941361665726 0.9380943179130554 -0.1832161843776703 -0.29395735263824463 -0.5800260305404663 -0.2924545109272003 -0.8736979365348816 -0.3887445330619812 -2.124490737915039
-0.18554392457008362 0.4506247341632843 -0.8732186555862427 0.11043867468833923 0.9381024241447449 -0.18326187133789062 -0.2939029037952423 -0.5800883173942566 -0.2924675941467285 -0.8737004399299622 -0.388729065656662 -2.1245205402374268
-0.1855500340461731 0.45063477754592896 -0.8732121586799622 0.11050647497177124 0.9380987286567688 -0.18326354026794434 -0.2939138412475586 -0.5800607800483704 -0.29247573018074036 -0.873694896697998 -0.3887353539466858 -2.124469041824341
-0.18554851412773132 0.4506392776966095 -0.8732101917266846 0.1104518324136734 0.9380978345870972 -0.1832660734653473 -0.29391494393348694 -0.5800978541374207 -0.29247939586639404 -0.8736920356750488 -0.3887390196323395 -2.124539613723755
-0.18556897342205048 0.45064055919647217 -0.8732051849365234 0.11050808429718018 0.9380801916122437 -0.1832977682352066 -0.29395151138305664 -0.5800728797912598 -0.29252302646636963 -0.8736847639083862 -0.38872262835502625 -2.1244957447052
-0.18560460209846497 0.45060327649116516 -0.8732168674468994 0.11040560901165009 0.9381217360496521 -0.18315038084983826 -0.29391077160835266 -0.5800262689590454 -0.2923671305179596 -0.8737348914146423 -0.38872718811035156 -2.1244399547576904
-0.18545645475387573 0.45053303241729736 -0.8732845783233643 0.11040177941322327 0.9381517171859741 -0.18323349952697754 -0.2937633693218231 -0.5800219774246216 -0.29236507415771484 -0.8737536668777466 -0.38868650794029236 -2.124525547027588
-0.18548180162906647 0.45058414340019226 -0.873252809047699 0.11044307053089142 0.9381390810012817 -0.18322856724262238 -0.2938067615032196 -0.5799722075462341 -0.29238951206207275 -0.873728334903717 -0.38872504234313965 -2.124309539794922
-0.18554697930812836 0.45051804184913635 -0.8732730746269226 0.11040257662534714 0.9381450414657593 -0.18316735327243805 -0.29382580518722534 -0.5800203084945679 -0.29232892394065857 -0.8737753033638 -0.3886651396751404 -2.124375820159912
-0.18553902208805084 0.4506325423717499 -0.8732156753540039 0.11048568785190582 0.9381465911865234 -0.18313226103782654 -0.29384279251098633 -0.5799827575683594 -0.2923290729522705 -0.873723566532135 -0.38878121972084045 -2.124138116836548
-0.18555116653442383 0.45059698820114136 -0.8732314109802246 0.11047358065843582 0.9381474256515503 -0.18312953412532806 -0.2938418388366699 -0.5799278616905212 -0.2923187017440796 -0.8737425208091736 -0.3887465298175812 -2.1242165565490723
-0.18550245463848114 0.45057815313339233 -0.8732514977455139 0.11051521450281143 0.9381527900695801 -0.18316879868507385 -0.2938002049922943 -0.5798300504684448 -0.29233235120773315 -0.873744010925293 -0.38873291015625 -2.1242129802703857
-0.18551334738731384 0.4506554901599884 -0.8732092976570129 0.11050465703010559 0.9381822943687439 -0.1830436736345291 -0.2937840521335602 -0.5798473954200745 -0.2922308146953583 -0.8737303018569946 -0.388839989900589 -2.12404465675354
-0.18554586172103882 0.45067113637924194 -0.8731943368911743 0.11057426780462265 0.938162624835968 -0.18306446075439453 -0.29383385181427 -0.5797970294952393 -0.29227325320243835 -0.8737179040908813 -0.38883596658706665 -2.123955249786377
-0.1855853646993637 0.45064812898635864 -0.8731977939605713 0.11064708977937698 0.9381508827209473 -0.18306763470172882 -0.2938694357872009 -0.5797446966171265 -0.2922859489917755 -0.8737291097640991 -0.3888012766838074 -2.1238651275634766
-0.1856018453836441 0.4506426453590393 -0.8731971383094788 0.1104813814163208 0.9381901621818542 -0.1829354166984558 -0.2938263416290283 -0.5797594785690308 -0.2921493351459503 -0.8737596273422241 -0.3888353705406189 -2.123709201812744
-0.18556375801563263 0.4506298005580902 -0.8732118606567383 0.11034614592790604 0.9382119178771973 -0.1829129308462143 -0.29377076029777527 -0.5797513127326965 -0.2921035885810852 -0.8737709522247314 -0.38884425163269043 -2.123599052429199
-0.1855863779783249 0.450633704662323 -0.8732050061225891 0.11039785295724869 0.9382015466690063 -0.18291983008384705 -0.29379957914352417 -0.5796947479248047 -0.292122483253479 -0.8737674951553345 -0.3888378441333771 -2.12347674369812
-0.18554279208183289 0.4506337344646454 -0.8732142448425293 0.11037974059581757 0.9381595253944397 -0.18308934569358826 -0.29382815957069397 -0.5798481106758118 -0.29228508472442627 -0.8737319707870483 -0.3887954354286194 -2.123990535736084
-0.1855495274066925 0.45065081119537354 -0.8732039928436279 0.11043249815702438 0.9381600618362427 -0.18307535350322723 -0.293835312128067 -0.5797993540763855 -0.2922792434692383 -0.8737260699272156 -0.3888130784034729 -2.123908758163452
-0.1854710876941681 0.4506443440914154 -0.8732240200042725 0.11037412285804749 0.9381824135780334 -0.18308956921100616 -0.29375505447387695 -0.579986572265625 -0.29225724935531616 -0.8737264275550842 -0.3888288140296936 -2.1242434978485107
-0.18547768890857697 0.4506518542766571 -0.8732187747955322 0.1104281097650528 0.938180148601532 -0.18308712542057037 -0.29376375675201416 -0.5799513459205627 -0.2922602593898773 -0.8737230896949768 -0.38883405923843384 -2.1241745948791504
-0.1855335682630539 0.450716495513916 -0.8731734752655029 0.11042671650648117 0.9381635785102844 -0.18305863440036774 -0.2938343584537506 -0.5800321102142334 -0.2922779321670532 -0.8736957311630249 -0.3888823091983795 -2.124270439147949
-0.18543604016304016 0.450709730386734 -0.8731977343559265 0.11038543283939362 0.9381686449050903 -0.18314394354820251 -0.2937650978565216 -0.5800747871398926 -0.29232364892959595 -0.8736813068389893 -0.38888025283813477 -2.124437093734741
-0.1854478269815445 0.45071011781692505 -0.8731949925422668 0.11043339967727661 0.9381600022315979 -0.1831578016281128 -0.29378408193588257 -0.5800520181655884 -0.2923439145088196 -0.8736782073974609 -0.38887202739715576 -2.1243929862976074
-0.18545383214950562 0.4506765305995941 -0.8732110857963562 0.11034934222698212 0.9381596446037292 -0.1831640750169754 -0.29378125071525574 -0.579990029335022 -0.2923412024974823 -0.8736942410469055 -0.3888380825519562 -2.1244442462921143
-0.18544435501098633 0.45066630840301514 -0.8732183575630188 0.11039640009403229 0.9381695985794067 -0.1831473410129547 -0.29375991225242615 -0.5799534916877747 -0.2923153042793274 -0.8737030029296875 -0.3888378143310547 -2.1243984699249268
-0.18534374237060547 0.4507213532924652 -0.8732113242149353 0.11031367629766464 0.9382065534591675 -0.18311958014965057 -0.2936592698097229 -0.5799583792686462 -0.2922605574131012 -0.8736804723739624 -0.38892966508865356 -2.1243793964385986
-0.18538065254688263 0.4506966471672058 -0.8732162117958069 0.1103556826710701 0.9381912350654602 -0.1831364780664444 -0.2936975657939911 -0.579920768737793 -0.2922862470149994 -0.8736896514892578 -0.38888970017433167 -2.124333620071411
-0.18526041507720947 0.45068785548210144 -0.8732463121414185 0.11036237329244614 0.9381929636001587 -0.183255136013031 -0.2936180531978607 -0.5799073576927185 -0.292356938123703 -0.8736693263053894 -0.38888227939605713 -2.124356508255005
-0.1852123886346817 0.4506857097148895 -0.873257577419281 0.11033689230680466 0.9382206201553345 -0.1832214593887329 -0.29355067014694214 -0.5799142718315125 -0.2922985851764679 -0.8736774921417236 -0.3889077603816986 -2.124354839324951
-0.18517470359802246 0.45070722699165344 -0.8732544779777527 0.11039712280035019 0.9382210373878479 -0.18325082957744598 -0.29353100061416626 -0.5798682570457458 -0.2923211455345154 -0.8736602067947388 -0.3889296054840088 -2.124300003051758
-0.18513721227645874 0.4507327675819397 -0.8732492327690125 0.11037399619817734 0.9382262229919434 -0.18326446413993835 -0.2935059666633606 -0.5799438953399658 -0.29232826828956604 -0.8736441731452942 -0.38896024227142334 -2.1243317127227783
-0.1851493865251541 0.45070940256118774 -0.8732587099075317 0.11042732745409012 0.9382264018058777 -0.1832594871520996 -0.2935084402561188 -0.5799090266227722 -0.2923199236392975 -0.8736572861671448 -0.3889370858669281 -2.124281644821167
-0.18515855073928833 0.4507267475128174 -0.8732478022575378 0.11038073897361755 0.9382133483886719 -0.18328340351581573 -0.29353517293930054 -0.579943835735321 -0.2923559546470642 -0.8736433386802673 -0.38894137740135193 -2.1243553161621094
-0.1851886808872223 0.45073291659355164 -0.8732382655143738 0.11043327301740646 0.938206136226654 -0.18327274918556213 -0.2935650050640106 -0.5799062252044678 -0.2923601567745209 -0.8736423850059509 -0.38894036412239075 -2.1243062019348145
-0.1851501166820526 0.45073431730270386 -0.8732457160949707 0.11042192578315735 0.9381794333457947 -0.1833907812833786 -0.2935766279697418 -0.5799490809440613 -0.292470246553421 -0.8736168742179871 -0.3889148533344269 -2.124380111694336
-0.18514156341552734 0.45076000690460205 -0.8732342720031738 0.11036110669374466 0.938168466091156 -0.1834235042333603 -0.2935912311077118 -0.5800164937973022 -0.29251086711883545 -0.873596727848053 -0.3889295160770416 -2.1244161128997803
-0.18514475226402283 0.4507540464401245 -0.8732366561889648 0.11040518432855606 0.9381694197654724 -0.18341942131519318 -0.2935907244682312 -0.5799928307533264 -0.29250574111938477 -0.8736006617546082 -0.3889245390892029 -2.1243715286254883
-0.18518376350402832 0.4507693946361542 -0.8732204437255859 0.11033647507429123 0.9381892085075378 -0.1833159625530243 -0.29359209537506104 -0.5800102949142456 -0.2924175560474396 -0.873614490032196 -0.3889598548412323 -2.1243371963500977
-0.1852240264415741 0.4507927894592285 -0.8731998205184937 0.11037513613700867 0.9381856322288513 -0.18327827751636505 -0.29362696409225464 -0.5799888968467712 -0.2924034893512726 -0.8736103177070618 -0.38897982239723206 -2.1242928504943848
-0.18510469794273376 0.4508092701435089 -0.8732166290283203 0.11054098606109619 0.9381557106971741 -0.18348203599452972 -0.29359543323516846 -0.57991623878479 -0.29257509112358093 -0.8735590577125549 -0.3889659345149994 -2.1243162155151367
-0.18514737486839294 0.45075443387031555 -0.8732358813285828 0.11045977473258972 0.9381151795387268 -0.1835785061120987 -0.29366448521614075 -0.5800119638442993 -0.2926779091358185 -0.8735670447349548 -0.3888705372810364 -2.124598979949951
-0.18506845831871033 0.450725793838501 -0.873267412185669 0.11036842316389084 0.938168466091156 -0.18350835144519806 -0.2935381829738617 -0.5799665451049805 -0.2925570607185364 -0.8735965490341187 -0.3888951539993286 -2.124387264251709
-0.18511033058166504 0.45071420073509216 -0.873264491558075 0.11042920500040054 0.9381576776504517 -0.18350248038768768 -0.2935763895511627 -0.5799311399459839 -0.2925652265548706 -0.8736038208007812 -0.38887280225753784 -2.12433123588562
-0.18504469096660614 0.45061805844306946 -0.8733280301094055 0.11041025072336197 0.9381645917892456 -0.18357989192008972 -0.2935057282447815 -0.5799781680107117 -0.2925844192504883 -0.8736371397972107 -0.38878345489501953 -2.1245975494384766
-0.18506383895874023 0.45062708854675293 -0.8733193278312683 0.110467329621315 0.9381521940231323 -0.18359476327896118 -0.29353615641593933 -0.5799441337585449 -0.2926121652126312 -0.8736293315887451 -0.38878002762794495 -2.1245639324188232
-0.1850096434354782 0.45067596435546875 -0.8733055591583252 0.11040135473012924 0.9381644129753113 -0.1835961937904358 -0.29349616169929504 -0.5799379348754883 -0.29260721802711487 -0.8736038208007812 -0.3888411223888397 -2.1244475841522217
-0.1850777268409729 0.4507196247577667 -0.8732686042785645 0.11037050932645798 0.9381484389305115 -0.18356096744537354 -0.29356932640075684 -0.5800182819366455 -0.29261547327041626 -0.8735887408256531 -0.38886886835098267 -2.1244311332702637
-0.1849973499774933 0.4507225751876831 -0.8732841610908508 0.11040458083152771 0.9381810426712036 -0.18354330956935883 -0.2934761643409729 -0.5799395442008972 -0.29256176948547363 -0.873590886592865 -0.388904333114624 -2.1244659423828125
-0.18501903116703033 0.45073461532592773 -0.8732733130455017 0.11036470532417297 0.9381920099258423 -0.18348471820354462 -0.29347771406173706 -0.5799863934516907 -0.2925128638744354 -0.8735969662666321 -0.3889274597167969 -2.124521255493164
-0.18501520156860352 0.4507484436035156 -0.8732669949531555 0.11041414737701416 0.9381775856018066 -0.18352703750133514 -0.2934974133968353 -0.5799521207809448 -0.2925615906715393 -0.8735809922218323 -0.38892680406570435 -2.124476909637451
-0.18490031361579895 0.4507426619529724 -0.8732942938804626 0.11043164879083633 0.9382032155990601 -0.18356771767139435 -0.29339003562927246 -0.5799490213394165 -0.29255202412605286 -0.8735753893852234 -0.3889465034008026 -2.124567747116089
-0.1848817765712738 0.45075932145118713 -0.8732896447181702 0.11049523204565048 0.9381940960884094 -0.18360784649848938 -0.29339396953582764 -0.5799033641815186 -0.2925928831100464 -0.8735584020614624 -0.3889540135860443 -2.1245267391204834
-0.18499238789081573 0.4508342444896698 -0.8732275366783142 0.11042985320091248 0.9381763339042664 -0.18352483212947845 -0.2935028076171875 -0.5800211429595947 -0.2925800383090973 -0.8735371828079224 -0.38901132345199585 -2.1244804859161377
-0.18503312766551971 0.4507927894592285 -0.8732402920722961 0.11041039228439331 0.9381797909736633 -0.1834874004125595 -0.29351499676704407 -0.5799258351325989 -0.2925430238246918 -0.8735663890838623 -0.3889734745025635 -2.1243410110473633
-0.18507221341133118 0.4507791996002197 -0.8732390403747559 0.11040665209293365 0.9381778836250305 -0.18345855176448822 -0.29353925585746765 -0.5799733400344849 -0.2925245463848114 -0.8735795021057129 -0.38895800709724426 -2.124340295791626
-0.18505465984344482 0.4507026970386505 -0.873282253742218 0.11046114563941956 0.9381905794143677 -0.1834639310836792 -0.2934952676296234 -0.5799319744110107 -0.29249486327171326 -0.8736178278923035 -0.3888941705226898 -2.1242763996124268
-0.1851334273815155 0.4507465064525604 -0.873242974281311 0.11039803922176361 0.9381905794143677 -0.18337014317512512 -0.29355388879776 -0.579991340637207 -0.2924450635910034 -0.8736149072647095 -0.38893818855285645 -2.1243813037872314
-0.18514026701450348 0.4507516324520111 -0.8732388615608215 0.11036843806505203 0.9382161498069763 -0.18328502774238586 -0.29352518916130066 -0.5799830555915833 -0.29235854744911194 -0.8736301064491272 -0.3889690637588501 -2.124347686767578
-0.18515270948410034 0.4507445693016052 -0.8732398748397827 0.11042620986700058 0.9382193684577942 -0.1832653433084488 -0.2935272455215454 -0.5799437761306763 -0.29234039783477783 -0.8736379146575928 -0.3889652192592621 -2.124302864074707
-0.18512369692325592 0.45078736543655396 -0.8732239007949829 0.11048142611980438 0.9382160305976868 -0.18329012393951416 -0.29352250695228577 -0.579907238483429 -0.292369544506073 -0.8736106157302856 -0.3890046179294586 -2.124260663986206
-0.1852273941040039 0.4506761431694031 -0.8732593655586243 0.1104656308889389 0.9382072687149048 -0.18324944376945496 -0.29357579350471497 -0.5799739360809326 -0.29233187437057495 -0.8736765384674072 -0.38888484239578247 -2.1242949962615967
-0.18525320291519165 0.4507046639919281 -0.8732391595840454 0.11040623486042023 0.9381940364837646 -0.18325360119342804 -0.2936156392097473 -0.5799468159675598 -0.2923581302165985 -0.8736609816551208 -0.38890010118484497 -2.124177932739258
-0.18525291979312897 0.4506976008415222 -0.8732428550720215 0.11046367138624191 0.9381899237632751 -0.1832685023546219 -0.29361942410469055 -0.5799064636230469 -0.2923714518547058 -0.873661458492279 -0.388888955116272 -2.124122381210327
-0.18536411225795746 0.4506889283657074 -0.8732237219810486 0.11039388179779053 0.9381614327430725 -0.18324482440948486 -0.29372525215148926 -0.5800225734710693 -0.29239243268966675 -0.8736709356307983 -0.38885197043418884 -2.124358654022217
-0.18537475168704987 0.4506978690624237 -0.8732168674468994 0.11044851690530777 0.9381714463233948 -0.1832011491060257 -0.29372045397758484 -0.5799932479858398 -0.29235348105430603 -0.8736754655838013 -0.3888710141181946 -2.1243181228637695
-0.18539510667324066 0.45069777965545654 -0.8732125759124756 0.11036249995231628 0.9381859302520752 -0.18313740193843842 -0.29371392726898193 -0.5800536870956421 -0.29229405522346497 -0.8736888766288757 -0.3888855576515198 -2.124345064163208
-0.1853441447019577 0.4506591558456421 -0.8732433319091797 0.1104501336812973 0.9381917119026184 -0.18318447470664978 -0.2936662435531616 -0.580051064491272 -0.29230797290802 -0.8736989498138428 -0.3888525366783142 -2.124311923980713
-0.18529538810253143 0.4507018029689789 -0.8732316493988037 0.11041239649057388 0.9381929636001587 -0.18321530520915985 -0.29364290833473206 -0.5801106691360474 -0.29233476519584656 -0.8736704587936401 -0.3888963460922241 -2.124382495880127
-0.18530811369419098 0.45072177052497864 -0.8732186555862427 0.11049051582813263 0.9381825923919678 -0.18322685360908508 -0.29366886615753174 -0.5801084041595459 -0.2923600375652313 -0.873657763004303 -0.38890591263771057 -2.124356746673584
-0.1853477507829666 0.4507006108760834 -0.8732211589813232 0.11043836921453476 0.9381923079490662 -0.18316513299942017 -0.29367637634277344 -0.5801258683204651 -0.29230377078056335 -0.8736816048622131 -0.38889461755752563 -2.1244571208953857
-0.18532665073871613 0.4507014751434326 -0.873225212097168 0.11049530655145645 0.9381973743438721 -0.183170884847641 -0.293656587600708 -0.5801070332527161 -0.29230087995529175 -0.8736799359321594 -0.388900488615036 -2.124420166015625
-0.18526799976825714 0.4506588876247406 -0.8732596039772034 0.11043073236942291 0.938216507434845 -0.18318690359592438 -0.2935854196548462 -0.5800847411155701 -0.2922765910625458 -0.8736985325813293 -0.3888769745826721 -2.124452829360962
-0.18524903059005737 0.4507169723510742 -0.8732336759567261 0.11048460751771927 0.9382081031799316 -0.18321163952350616 -0.29359689354896545 -0.5800586938858032 -0.29231566190719604 -0.8736634254455566 -0.38892653584480286 -2.1244122982025146
-0.18515001237392426 0.4506852328777313 -0.8732710480690002 0.11048869788646698 0.9382408261299133 -0.18322394788265228 -0.2934845983982086 -0.5799716114997864 -0.29227331280708313 -0.8736771941184998 -0.3889274001121521 -2.124420166015625
-0.1851324737071991 0.45071181654930115 -0.873261034488678 0.11054252833127975 0.9382545948028564 -0.1831914782524109 -0.2934608459472656 -0.5799385905265808 -0.2922402322292328 -0.8736702799797058 -0.38896775245666504 -2.124385356903076
-0.18525129556655884 0.45074424147605896 -0.8732191324234009 0.11047419160604477 0.9382421970367432 -0.1830981969833374 -0.29355862736701965 -0.5800167918205261 -0.29220470786094666 -0.873673141002655 -0.38898810744285583 -2.124232053756714
-0.18529386818408966 0.45072585344314575 -0.8732195496559143 0.11046062409877777 0.9382365942001343 -0.18307830393314362 -0.29358890652656555 -0.5799161791801453 -0.2921956479549408 -0.8736867904663086 -0.3889642357826233 -2.1240532398223877
-0.18535634875297546 0.45076534152030945 -0.873185932636261 0.11036994308233261 0.9382026195526123 -0.1831037700176239 -0.2936815917491913 -0.5799808502197266 -0.2922650873661041 -0.8736610412597656 -0.3889698088169098 -2.1242427825927734
-0.1852949857711792 0.45071080327033997 -0.8732271194458008 0.11037919670343399 0.9382028579711914 -0.18318317830562592 -0.2936314046382904 -0.5800635814666748 -0.2923033535480499 -0.8736725449562073 -0.3889152407646179 -2.124469518661499
-0.1853005588054657 0.45072367787361145 -0.8732192516326904 0.11042821407318115 0.9382008910179138 -0.18317915499210358 -0.29364022612571716 -0.5800305008888245 -0.29230615496635437 -0.8736667633056641 -0.3889261484146118 -2.124432325363159
-0.18529202044010162 0.45070770382881165 -0.8732293248176575 0.11039808392524719 0.9382080435752869 -0.1831715852022171 -0.2936219573020935 -0.5800394415855408 -0.2922884523868561 -0.873676598072052 -0.38891738653182983 -2.124361753463745
-0.1852918267250061 0.4507089853286743 -0.8732287287712097 0.11044836789369583 0.9382187128067017 -0.18313951790332794 -0.2936079204082489 -0.5800049901008606 -0.29225438833236694 -0.8736826181411743 -0.3889293670654297 -2.1243202686309814
-0.1853257119655609 0.45071595907211304 -0.8732179403305054 0.11038654297590256 0.9382241368293762 -0.18308685719966888 -0.2936233878135681 -0.5800982713699341 -0.2922154366970062 -0.8736900687217712 -0.3889419138431549 -2.124271869659424
-0.18534205853939056 0.4507102966308594 -0.8732174038887024 0.11042897403240204 0.9382179379463196 -0.1830909550189972 -0.29364073276519775 -0.5800764560699463 -0.29222506284713745 -0.8736921548843384 -0.3889300227165222 -2.12422513961792
-0.18530862033367157 0.4507227838039398 -0.8732180595397949 0.11036595702171326 0.938239574432373 -0.1830555647611618 -0.29359355568885803 -0.5800601243972778 -0.2921766936779022 -0.8736931085586548 -0.3889642059803009 -2.124246597290039
-0.18536341190338135 0.45070958137512207 -0.8732132315635681 0.11032305657863617 0.9382444620132446 -0.18299032747745514 -0.2936186194419861 -0.5800773501396179 -0.29212626814842224 -0.8737136125564575 -0.38895606994628906 -2.12416934967041
-0.18539893627166748 0.4506914019584656 -0.8732150793075562 0.11035586893558502 0.9382409453392029 -0.18297122418880463 -0.2936417758464813 -0.5800512433052063 -0.2921150326728821 -0.8737269639968872 -0.38893449306488037 -2.124122381210327
-0.18528547883033752 0.45065435767173767 -0.8732582330703735 0.11034110188484192 0.9382526278495789 -0.18306279182434082 -0.29354730248451233 -0.5800233483314514 -0.29214945435523987 -0.8737269043922424 -0.3889088034629822 -2.1241564750671387
-0.18529847264289856 0.45066675543785095 -0.8732491135597229 0.11039230972528458 0.9382652640342712 -0.18300779163837433 -0.2935412526130676 -0.5799749493598938 -0.2921006679534912 -0.8737320303916931 -0.3889338970184326 -2.124098300933838
-0.18535567820072174 0.450602263212204 -0.8732702136039734 0.11029685288667679 0.9382710456848145 -0.18295468389987946 -0.2935559153556824 -0.5800498723983765 -0.29204583168029785 -0.8737764358520508 -0.38887539505958557 -2.124051809310913
-0.18537107110023499 0.45060738921165466 -0.8732643127441406 0.11033128947019577 0.9382646083831787 -0.18295671045780182 -0.2935751676559448 -0.5800093412399292 -0.292056679725647 -0.8737733364105225 -0.3888740837574005 -2.1239912509918213
-0.1853746622800827 0.4505741000175476 -0.8732807636260986 0.11031973361968994 0.9382798671722412 -0.18291860818862915 -0.29355013370513916 -0.5800708532333374 -0.29200536012649536 -0.8737984895706177 -0.3888561725616455 -2.1240322589874268
-0.1853397786617279 0.4505825340747833 -0.8732838034629822 0.11035023629665375 0.9383018612861633 -0.18288500607013702 -0.29350072145462036 -0.5800399780273438 -0.2919567823410034 -0.8738011717796326 -0.38888660073280334 -2.1239845752716064
-0.18530972301959991 0.45057836174964905 -0.8732923269271851 0.11028570681810379 0.9382922053337097 -0.18294556438922882 -0.2934938967227936 -0.5799892544746399 -0.2920069396495819 -0.8737906217575073 -0.38887259364128113 -2.1240644454956055
-0.18530425429344177 0.45058444142341614 -0.8732903599739075 0.11033506691455841 0.9382901787757874 -0.18295519053936005 -0.29349446296691895 -0.5799605846405029 -0.29201701283454895 -0.8737854957580566 -0.3888765871524811 -2.124044179916382
-0.18529585003852844 0.45060184597969055 -0.8732831478118896 0.11030749976634979 0.938295841217041 -0.18294072151184082 -0.29348525404930115 -0.5799735188484192 -0.2920040488243103 -0.8737795352935791 -0.38889971375465393 -2.124124765396118
-0.18534408509731293 0.4505999684333801 -0.8732739090919495 0.11033997684717178 0.9382770657539368 -0.18294909596443176 -0.2935401499271393 -0.5799332857131958 -0.2920338213443756 -0.873778760433197 -0.38887912034988403 -2.1240851879119873
-0.18527010083198547 0.45050132274627686 -0.8733404874801636 0.1103762537240982 0.9382774829864502 -0.1830553114414215 -0.2934724986553192 -0.5800144076347351 -0.2920793294906616 -0.8738073706626892 -0.3887806236743927 -2.1243393421173096
-0.1852724254131317 0.4504695236682892 -0.8733564019203186 0.11029963940382004 0.9382874965667725 -0.18303382396697998 -0.29345402121543884 -0.5800033211708069 -0.29204583168029785 -0.8738282918930054 -0.3887588083744049 -2.1243228912353516
-0.185288205742836 0.45044925808906555 -0.8733634948730469 0.11032567918300629 0.9382864236831665 -0.18302787840366364 -0.29346105456352234 -0.5799697041511536 -0.292039155960083 -0.8738399744033813 -0.3887375295162201 -2.1242973804473877
-0.18526290357112885 0.45048627257347107 -0.8733497858047485 0.11025994271039963 0.9382986426353455 -0.18300442397594452 -0.2934367060661316 -0.580034613609314 -0.29201605916023254 -0.8738257884979248 -0.3887867331504822 -2.1243057250976562
-0.18526560068130493 0.45048752427101135 -0.8733485341072083 0.11028199642896652 0.9383006691932678 -0.18299518525600433 -0.2934359610080719 -0.5800036787986755 -0.29200777411460876 -0.8738270998001099 -0.3887900412082672 -2.124277353286743
-0.18515445291996002 0.4504600167274475 -0.8733863234519958 0.11028989404439926 0.938317596912384 -0.1830655038356781 -0.29333794116973877 -0.5800078511238098 -0.2920238971710205 -0.8738265633583069 -0.3887791931629181 -2.1243042945861816
-0.18515852093696594 0.45046931505203247 -0.8733806610107422 0.11032284796237946 0.9383148550987244 -0.18306654691696167 -0.293346107006073 -0.5799748301506042 -0.2920301854610443 -0.8738215565681458 -0.388785719871521 -2.124271869659424
-0.18506023287773132 0.45047348737716675 -0.8733993172645569 0.11029327660799026 0.9383249282836914 -0.18313367664813995 -0.29327189922332764 -0.5800182819366455 -0.2920600175857544 -0.8738052845001221 -0.388799786567688 -2.124260187149048
-0.18505637347698212 0.45046839118003845 -0.8734027743339539 0.11032842099666595 0.938323974609375 -0.18314220011234283 -0.29326972365379333 -0.579990029335022 -0.2920656204223633 -0.8738061785697937 -0.3887936770915985 -2.1242265701293945
-0.1850319355726242 0.4504203498363495 -0.8734327554702759 0.11025306582450867 0.9383410215377808 -0.1831318885087967 -0.2932216227054596 -0.5800411701202393 -0.2920263409614563 -0.8738330602645874 -0.3887626528739929 -2.124244213104248
-0.18500779569149017 0.4504357576370239 -0.8734298944473267 0.11029519140720367 0.9383382797241211 -0.18315903842449188 -0.2932133078575134 -0.5800246596336365 -0.292050302028656 -0.8738194704055786 -0.3887752890586853 -2.124234676361084
-0.18496520817279816 0.45043784379959106 -0.8734378218650818 0.11029233038425446 0.9383520483970642 -0.1831599473953247 -0.29316869378089905 -0.580032467842102 -0.2920330762863159 -0.8738181591033936 -0.3887910842895508 -2.124321699142456
-0.18498119711875916 0.450448215007782 -0.8734291195869446 0.11032971739768982 0.9383425712585449 -0.18316879868507385 -0.2931935489177704 -0.5800129175186157 -0.2920534312725067 -0.8738110065460205 -0.3887919783592224 -2.1242988109588623
-0.1850205659866333 0.45041370391845703 -0.8734385371208191 0.11033472418785095 0.9383258819580078 -0.1831907480955124 -0.2932332158088684 -0.5799944400787354 -0.2920821011066437 -0.8738241791725159 -0.38874077796936035 -2.124372720718384
-0.18503659963607788 0.4504311978816986 -0.8734261393547058 0.11038181185722351 0.9383208751678467 -0.1831837147474289 -0.2932535707950592 -0.579967737197876 -0.29208800196647644 -0.8738166093826294 -0.38875332474708557 -2.124343156814575
-0.18496879935264587 0.4504299461841583 -0.8734411597251892 0.11034434288740158 0.9383177757263184 -0.18326154351234436 -0.29321491718292236 -0.5800440907478333 -0.292140930891037 -0.8738009333610535 -0.38874879479408264 -2.124354839324951
-0.18496938049793243 0.4504481852054596 -0.8734316229820251 0.11038974672555923 0.9383204579353333 -0.18324676156044006 -0.2932155132293701 -0.5800225138664246 -0.2921319007873535 -0.873794674873352 -0.3887697160243988 -2.124328136444092
-0.18492543697357178 0.4504985511302948 -0.873414933681488 0.11029409617185593 0.9383355975151062 -0.18322868645191193 -0.29317834973335266 -0.5799968242645264 -0.2921110689640045 -0.8737724423408508 -0.38883522152900696 -2.1242458820343018
-0.1849791258573532 0.4505501687526703 -0.8733769655227661 0.11027757078409195 0.9382947087287903 -0.1832798272371292 -0.2932773232460022 -0.5800780653953552 -0.2922084927558899 -0.8737351298332214 -0.38884592056274414 -2.1243319511413574
-0.1850363314151764 0.45053228735923767 -0.8733740448951721 0.11027608811855316 0.9382900595664978 -0.18324223160743713 -0.2933156490325928 -0.580028772354126 -0.2921871542930603 -0.873752236366272 -0.3888235092163086 -2.12422776222229
-0.18506284058094025 0.4505814015865326 -0.8733431100845337 0.11030610650777817 0.9382986426353455 -0.1831735521554947 -0.29333120584487915 -0.5800555348396301 -0.29214292764663696 -0.8737413287162781 -0.3888813257217407 -2.1241745948791504
-0.1849616914987564 0.450603723526001 -0.8733530044555664 0.1103055402636528 0.9382982850074768 -0.18326860666275024 -0.29327285289764404 -0.58004230260849 -0.2922080159187317 -0.8737098574638367 -0.38890305161476135 -2.124246120452881
-0.18494053184986115 0.450639933347702 -0.8733388185501099 0.11027342826128006 0.9382933974266052 -0.18329232931137085 -0.2932736873626709 -0.580085039138794 -0.29223713278770447 -0.8736861944198608 -0.38893431425094604 -2.1242942810058594
-0.18494978547096252 0.45061489939689636 -0.8733497858047485 0.11030492186546326 0.9382843971252441 -0.1833183765411377 -0.2932862341403961 -0.5800644755363464 -0.29226019978523254 -0.8736936450004578 -0.3889002501964569 -2.124265670776367
-0.18499159812927246 0.45060911774635315 -0.8733438849449158 0.11024589836597443 0.9382938742637634 -0.1832500398159027 -0.2932986617088318 -0.5800174474716187 -0.2922033369541168 -0.8737109899520874 -0.38890406489372253 -2.1242387294769287
-0.1849628984928131 0.45058301091194153 -0.8733634352684021 0.11028077453374863 0.9383103251457214 -0.1832384169101715 -0.2932532727718353 -0.5799978375434875 -0.29216864705085754 -0.8737269043922424 -0.38889437913894653 -2.1242141723632812
-0.18492603302001953 0.4505588114261627 -0.8733837604522705 0.11024271696805954 0.9383354187011719 -0.18320845067501068 -0.2931916415691376 -0.5800082683563232 -0.292111337184906 -0.8737456798553467 -0.38889530301094055 -2.12424373626709
-0.18492813408374786 0.45055580139160156 -0.8733848333358765 0.11025390028953552 0.9383405447006226 -0.18319202959537506 -0.2931855022907257 -0.5799795985221863 -0.29209354519844055 -0.873750627040863 -0.38889744877815247 -2.1242032051086426
-0.1849343180656433 0.4505673050880432 -0.8733776211738586 0.11023437231779099 0.9383421540260315 -0.18317721784114838 -0.29318967461586 -0.5799660086631775 -0.29208454489707947 -0.8737478256225586 -0.38891053199768066 -2.1242611408233643
-0.18492116034030914 0.4505733847618103 -0.87337726354599 0.110260508954525 0.9383498430252075 -0.1831652820110321 -0.2931724190711975 -0.5799244046211243 -0.2920680642127991 -0.8737471699714661 -0.38892436027526855 -2.12422776222229
