# 3x4 first row second row third row Freq: 100 current Time: 2021-07-28-17:04:28
-0.21863973140716553 0.590917706489563 -0.7765390872955322 0.11570756137371063 0.10259940475225449 -0.7774606347084045 -0.6205065250396729 -0.6514862179756165 -0.970396876335144 -0.2153398096561432 0.10935594141483307 -2.0840182304382324
-0.21862833201885223 0.5909059643745422 -0.7765512466430664 0.11569111049175262 0.10260283201932907 -0.7774713039398193 -0.6204926371574402 -0.6513957977294922 -0.9703990817070007 -0.21533361077308655 0.1093485876917839 -2.0840301513671875
-0.21849006414413452 0.5909088850021362 -0.7765879034996033 0.1156717836856842 0.10259731113910675 -0.7774946689605713 -0.6204642057418823 -0.6515008211135864 -0.9704307913780212 -0.21524108946323395 0.10924916714429855 -2.084045648574829
-0.2185496985912323 0.5908677577972412 -0.7766024470329285 0.1156502217054367 0.1026666983962059 -0.77750164270401 -0.6204440593719482 -0.6513859033584595 -0.9704100489616394 -0.21532905101776123 0.10926026850938797 -2.0840113162994385
-0.21860873699188232 0.5909727811813354 -0.7765059471130371 0.11560603976249695 0.10261929780244827 -0.7774177193641663 -0.6205570101737976 -0.6514679789543152 -0.9704017639160156 -0.2153436541557312 0.10930505394935608 -2.083989143371582
-0.21860036253929138 0.5909653902053833 -0.776513934135437 0.11563734710216522 0.10267812758684158 -0.7774121165275574 -0.6205543279647827 -0.6513776779174805 -0.970397412776947 -0.21538439393043518 0.10926331579685211 -2.084000825881958
-0.2185840904712677 0.5909360647201538 -0.7765408158302307 0.1156483069062233 0.10268864780664444 -0.7774360775947571 -0.6205225586891174 -0.6515019536018372 -0.9703999757766724 -0.2153782695531845 0.10925270617008209 -2.083953857421875
-0.21863996982574463 0.5909395217895508 -0.7765224575996399 0.11569727957248688 0.10261841118335724 -0.7774389982223511 -0.6205305457115173 -0.6514793634414673 -0.9703947901725769 -0.21535825729370117 0.1093379333615303 -2.0840840339660645
-0.2186688333749771 0.5909817814826965 -0.776482105255127 0.11567528545856476 0.10261305421590805 -0.7774012684822083 -0.6205787062644958 -0.6515612006187439 -0.9703888893127441 -0.21537840366363525 0.10935094207525253 -2.0841007232666016
-0.21868714690208435 0.5910007357597351 -0.7764625549316406 0.11568137258291245 0.10264044255018234 -0.7773767709732056 -0.6206048130989075 -0.6514371633529663 -0.9703818559646606 -0.21541473269462585 0.10934169590473175 -2.084059238433838
-0.21867510676383972 0.5910345315933228 -0.7764402627944946 0.11565006524324417 0.10260887444019318 -0.7773589491844177 -0.6206323504447937 -0.6515193581581116 -0.970387876033783 -0.2153864949941635 0.10934362560510635 -2.0840625762939453
-0.2187274992465973 0.5910109281539917 -0.7764434218406677 0.11565575748682022 0.10261968523263931 -0.7773661017417908 -0.6206216216087341 -0.6514487862586975 -0.9703749418258667 -0.21542538702487946 0.10938195139169693 -2.0841214656829834
-0.21859179437160492 0.5910321474075317 -0.7764654755592346 0.11563649773597717 0.10253353416919708 -0.7773923277854919 -0.6206030249595642 -0.6515541076660156 -0.9704146385192871 -0.2152724713087082 0.10933093726634979 -2.0841453075408936
-0.21867533028125763 0.5910252928733826 -0.7764471769332886 0.11565200239419937 0.1025744155049324 -0.7773739099502563 -0.6206193566322327 -0.6514713168144226 -0.9703914523124695 -0.21535775065422058 0.10936838388442993 -2.0842161178588867
-0.21872225403785706 0.5910617709159851 -0.7764061689376831 0.115634024143219 0.10260110348463058 -0.7773305177688599 -0.6206693053245544 -0.6515443921089172 -0.9703781008720398 -0.21541430056095123 0.10937584936618805 -2.0842602252960205
-0.2186795473098755 0.5909876823425293 -0.7764745950698853 0.11566860973834991 0.1026940867304802 -0.777376651763916 -0.6205961108207703 -0.6514418125152588 -0.9703778624534607 -0.21545101702213287 0.10930539667606354 -2.0842666625976562
-0.2187201976776123 0.5909872651100159 -0.776463508605957 0.11571252346038818 0.10265807807445526 -0.7773777842521667 -0.6206006407737732 -0.6514847874641418 -0.9703724980354309 -0.21544812619686127 0.10935857146978378 -2.0841710567474365
-0.2187129706144333 0.5909879803657532 -0.7764649987220764 0.11567023396492004 0.10266541689634323 -0.7773768901824951 -0.6206005811691284 -0.6514798998832703 -0.9703733921051025 -0.2154494971036911 0.1093483418226242 -2.084322214126587
-0.2187141329050064 0.5909463763237 -0.7764962911605835 0.1157011091709137 0.10267256200313568 -0.7774083018302917 -0.6205599904060364 -0.6514396071434021 -0.9703723788261414 -0.21545009315013885 0.10935617238283157 -2.0841240882873535
-0.21859893202781677 0.5910011529922485 -0.7764870524406433 0.11567787081003189 0.10262095183134079 -0.7773964405059814 -0.6205834150314331 -0.6515347361564636 -0.970403790473938 -0.2153427004814148 0.10928889364004135 -2.0841224193573
-0.21864734590053558 0.5909689664840698 -0.7764979600906372 0.11570479720830917 0.10262297093868256 -0.7774131298065186 -0.6205621361732483 -0.6514907479286194 -0.970392644405365 -0.2153707891702652 0.10933230072259903 -2.0842020511627197
-0.2186359316110611 0.5910096168518066 -0.7764702439308167 0.1156555786728859 0.10251572728157043 -0.7774064540863037 -0.6205882430076599 -0.6515955924987793 -0.9704065322875977 -0.21528328955173492 0.10938117653131485 -2.0841777324676514
-0.21875102818012238 0.5910686254501343 -0.7763928771018982 0.1156502217054367 0.10250283777713776 -0.7773417234420776 -0.6206714510917664 -0.6515175700187683 -0.9703819751739502 -0.21535497903823853 0.10945804417133331 -2.0842483043670654
-0.21868035197257996 0.5910272598266602 -0.7764442563056946 0.11562880873680115 0.10244417190551758 -0.7774003148078918 -0.6206077337265015 -0.6516030430793762 -0.9704040884971619 -0.21525689959526062 0.10945484042167664 -2.084273099899292
-0.21873655915260315 0.5909662842750549 -0.7764748930931091 0.11564169079065323 0.10255923867225647 -0.7774136066436768 -0.6205720901489258 -0.6514291167259216 -0.9703792929649353 -0.21537646651268005 0.10943969339132309 -2.084213972091675
-0.21867065131664276 0.5909534096717834 -0.7765032649040222 0.11561742424964905 0.10245397686958313 -0.7774589657783508 -0.6205326914787292 -0.6515119671821594 -0.9704052805900574 -0.21524812281131744 0.10946189612150192 -2.0842397212982178
-0.2186780869960785 0.5909445285797119 -0.7765078544616699 0.11563251167535782 0.10244783014059067 -0.7774660587310791 -0.6205248236656189 -0.6513977646827698 -0.9704042077064514 -0.21524670720100403 0.10947377234697342 -2.084233522415161
-0.2187286913394928 0.5909936428070068 -0.7764562964439392 0.1156255304813385 0.10242405533790588 -0.7774231433868408 -0.6205825209617615 -0.6514750123023987 -0.9703953266143799 -0.21526698768138885 0.10951273888349533 -2.0842788219451904
-0.2186814397573471 0.590997576713562 -0.7764666080474854 0.11560800671577454 0.10246710479259491 -0.7774187922477722 -0.620580792427063 -0.6513860821723938 -0.9704014658927917 -0.21527178585529327 0.10944922268390656 -2.084324359893799
-0.21868717670440674 0.5910177230834961 -0.7764496207237244 0.1156214252114296 0.10240357369184494 -0.7774157524108887 -0.6205950975418091 -0.6514595150947571 -0.9704068303108215 -0.2152273952960968 0.10948848724365234 -2.0843889713287354
-0.21872927248477936 0.5909785628318787 -0.7764675617218018 0.11561960726976395 0.1024792492389679 -0.7774228453636169 -0.6205737590789795 -0.6513540744781494 -0.9703893661499023 -0.21530945599079132 0.1094820648431778 -2.084408760070801
-0.21866390109062195 0.5910179615020752 -0.7764559984207153 0.11562266945838928 0.10250665247440338 -0.7773968577384949 -0.6206017732620239 -0.6514946222305298 -0.9704012274742126 -0.21529509127140045 0.10940531641244888 -2.0843634605407715
-0.21856187283992767 0.5909724235534668 -0.7765193581581116 0.1156386137008667 0.10244385898113251 -0.7774652242660522 -0.6205264925956726 -0.6516016721725464 -0.970430850982666 -0.21517305076122284 0.1093827337026596 -2.084428548812866
-0.21859712898731232 0.5909302234649658 -0.7765415906906128 0.11566473543643951 0.10257074981927872 -0.7774645686149597 -0.6205063462257385 -0.6514294743537903 -0.9704095125198364 -0.2152913510799408 0.10933933407068253 -2.0842835903167725
-0.2186642736196518 0.5909172892570496 -0.7765325307846069 0.11539309471845627 0.10264669358730316 -0.7774461507797241 -0.620516836643219 -0.6515548825263977 -0.9703863263130188 -0.21539334952831268 0.10934396833181381 -2.0847697257995605
-0.2186473160982132 0.5908478498458862 -0.77659010887146 0.11526767164468765 0.10269621014595032 -0.7774936556816101 -0.6204491853713989 -0.6514630913734436 -0.9703848958015442 -0.21541239321231842 0.10931903123855591 -2.0848476886749268
-0.21880605816841125 0.5908442735671997 -0.7765481472015381 0.11562743037939072 0.10271347314119339 -0.7774645090103149 -0.6204828023910522 -0.6514905691146851 -0.9703472852706909 -0.21552734076976776 0.10942624509334564 -2.0841779708862305
-0.21878527104854584 0.5908570289611816 -0.7765442728996277 0.11556500941514969 0.10268471390008926 -0.7774643898010254 -0.6204876899719238 -0.6514855623245239 -0.9703550338745117 -0.21549278497695923 0.10942573845386505 -2.0843114852905273
-0.21882332861423492 0.5907792448997498 -0.7765927314758301 0.11562584340572357 0.10275422036647797 -0.7775043845176697 -0.6204261183738708 -0.6514632105827332 -0.9703391194343567 -0.2155618816614151 0.10943099111318588 -2.0841116905212402
-0.21879702806472778 0.5908015966415405 -0.7765831351280212 0.11555691808462143 0.10277241468429565 -0.7774871587753296 -0.6204447150230408 -0.6514555811882019 -0.9703431129455566 -0.21556276082992554 0.10939373821020126 -2.084256410598755
-0.2187330573797226 0.590806245803833 -0.7765976190567017 0.1156025305390358 0.10287722945213318 -0.7774714827537537 -0.6204469799995422 -0.6514936685562134 -0.9703463912010193 -0.2156064659357071 0.10927816480398178 -2.084146738052368
-0.21862494945526123 0.5907688140869141 -0.7766565680503845 0.11561410129070282 0.10279052704572678 -0.777539849281311 -0.6203756928443909 -0.6515941619873047 -0.9703799486160278 -0.21546252071857452 0.10926412791013718 -2.0841827392578125
-0.2186671495437622 0.5907918214797974 -0.7766271829605103 0.1156759113073349 0.10282488167285919 -0.7775063514709473 -0.6204119920730591 -0.6514744758605957 -0.9703668355941772 -0.21552029252052307 0.10926695913076401 -2.0841503143310547
-0.21864964067935944 0.5907704830169678 -0.7766483426094055 0.11567355692386627 0.10282281786203384 -0.7775269150733948 -0.6203864812850952 -0.651563286781311 -0.9703710079193115 -0.21550443768501282 0.10926125943660736 -2.0841891765594482
-0.21863402426242828 0.5908072590827942 -0.7766247391700745 0.11572983115911484 0.1027245819568634 -0.7775221467018127 -0.6204087734222412 -0.6515792608261108 -0.9703848958015442 -0.2154209017753601 0.1093023270368576 -2.084104299545288
-0.2186547964811325 0.5907508730888367 -0.77666175365448 0.11570833623409271 0.10287503898143768 -0.7775300741195679 -0.6203739047050476 -0.6514632701873779 -0.9703642725944519 -0.21554681658744812 0.10923711955547333 -2.084068536758423
-0.21864895522594452 0.5907724499702454 -0.7766470313072205 0.11573021858930588 0.10273107886314392 -0.7775458693504333 -0.6203779578208923 -0.6515000462532043 -0.9703808426856995 -0.21543076634407043 0.10931887477636337 -2.08414626121521
-0.21871890127658844 0.5908014178276062 -0.7766052484512329 0.11574926227331161 0.10278388857841492 -0.7774985432624817 -0.6204285025596619 -0.6513687372207642 -0.9703595042228699 -0.2155219316482544 0.1093287318944931 -2.084137439727783
-0.2186247706413269 0.5908575057983398 -0.7765890955924988 0.11569555103778839 0.10269638150930405 -0.7774899005889893 -0.6204538345336914 -0.6514659523963928 -0.9703899621963501 -0.21539945900440216 0.10929958522319794 -2.0840725898742676
-0.21866759657859802 0.5908274054527283 -0.7765999436378479 0.11568199098110199 0.10273036360740662 -0.7774987816810608 -0.6204370856285095 -0.6513579487800598 -0.97037672996521 -0.21544986963272095 0.109317846596241 -2.0840606689453125
-0.21861426532268524 0.5908337831497192 -0.7766101360321045 0.11568762362003326 0.10273326933383942 -0.7775025367736816 -0.6204319000244141 -0.6514790058135986 -0.9703884124755859 -0.2154189497232437 0.10927482694387436 -2.0840086936950684
-0.2186150848865509 0.5908143520355225 -0.7766246795654297 0.1156647726893425 0.10282004624605179 -0.7774986028671265 -0.6204224228858948 -0.6513948440551758 -0.9703790545463562 -0.21548627316951752 0.109225332736969 -2.084017753601074
-0.2186022847890854 0.5907860398292542 -0.7766498327255249 0.11567959189414978 0.10273738950490952 -0.7775418758392334 -0.6203818917274475 -0.651393473148346 -0.9703906774520874 -0.2154078632593155 0.10927657783031464 -2.0838775634765625
-0.21865175664424896 0.5908105969429016 -0.7766172289848328 0.11562065035104752 0.10269957780838013 -0.7775219082832336 -0.6204132437705994 -0.6513841152191162 -0.9703835844993591 -0.2154126912355423 0.10933049023151398 -2.0839364528656006
-0.21865299344062805 0.5908540487289429 -0.7765837907791138 0.11565224826335907 0.10271210968494415 -0.7774841785430908 -0.6204584240913391 -0.65138179063797 -0.9703819751739502 -0.2154296487569809 0.10931133478879929 -2.0839102268218994
-0.21859678626060486 0.5909238457679749 -0.7765464782714844 0.11565637588500977 0.10259585082530975 -0.7774641513824463 -0.6205027103424072 -0.6514421701431274 -0.9704068899154663 -0.21531033515930176 0.10932479053735733 -2.083897590637207
-0.21860264241695404 0.5908724069595337 -0.7765840291976929 0.11567167937755585 0.10264966636896133 -0.7774922847747803 -0.6204585433006287 -0.6513799428939819 -0.9703999161720276 -0.2153499573469162 0.10930898040533066 -2.0839264392852783
-0.2185981273651123 0.5908874273300171 -0.7765738368034363 0.11563903838396072 0.10254091024398804 -0.7775052189826965 -0.6204603910446167 -0.6514871120452881 -0.9704124331474304 -0.2152620553970337 0.10937101393938065 -2.083857536315918
-0.21862658858299255 0.5908939242362976 -0.77656090259552 0.11568059027194977 0.1025080531835556 -0.7775022387504578 -0.6204695105552673 -0.6514700055122375 -0.9704094529151917 -0.21525485813617706 0.10941124707460403 -2.0839850902557373
-0.21861527860164642 0.5909498929977417 -0.7765215039253235 0.11567506939172745 0.1024036705493927 -0.7774826884269714 -0.6205112338066101 -0.6515582799911499 -0.9704230427742004 -0.21517187356948853 0.10945412516593933 -2.0839877128601074
-0.21868525445461273 0.5909906029701233 -0.7764707803726196 0.11561395227909088 0.10241347551345825 -0.7774356007575989 -0.6205686330795288 -0.6514822840690613 -0.9704062342643738 -0.21523027122020721 0.10948825627565384 -2.0840249061584473
-0.21862195432186127 0.5909789204597473 -0.7764975428581238 0.11560971289873123 0.1024041697382927 -0.7774581909179688 -0.6205418705940247 -0.6515840291976929 -0.9704214930534363 -0.2151806503534317 0.10945069044828415 -2.084028959274292
-0.21861150860786438 0.5909377336502075 -0.7765318155288696 0.11564192920923233 0.10253027826547623 -0.7774649858474731 -0.6205124855041504 -0.6514272093772888 -0.9704105257987976 -0.21526919305324554 0.10937375575304031 -2.0839693546295166
-0.2185945063829422 0.5908957123756409 -0.776568591594696 0.11569544672966003 0.10246342420578003 -0.7775164246559143 -0.6204591393470764 -0.6514537334442139 -0.9704214334487915 -0.215198814868927 0.10941559076309204 -2.0838067531585693
-0.21849235892295837 0.5909483432769775 -0.7765572667121887 0.11565741151571274 0.1024131178855896 -0.7775036096572876 -0.6204835176467896 -0.6514930129051208 -0.9704497456550598 -0.21510054171085358 0.10935769230127335 -2.083843946456909
-0.21850167214870453 0.5909693837165833 -0.7765386700630188 0.11567085981369019 0.10235825181007385 -0.7774973511695862 -0.620500385761261 -0.6515002250671387 -0.9704534411430359 -0.21506549417972565 0.10939383506774902 -2.0840137004852295
-0.2184717208147049 0.5909731388092041 -0.7765442132949829 0.11565640568733215 0.10226853936910629 -0.7775194644927979 -0.6204874515533447 -0.6515781879425049 -0.9704696536064148 -0.21497498452663422 0.1094280332326889 -2.084044933319092
-0.2185935378074646 0.5909775495529175 -0.7765065431594849 0.11568266153335571 0.10231519490480423 -0.7774840593338013 -0.6205241680145264 -0.6515267491340637 -0.9704372882843018 -0.21509097516536713 0.10948697477579117 -2.0839664936065674
-0.2186235636472702 0.5909766554832458 -0.7764987945556641 0.1156366765499115 0.102290078997612 -0.7774850130081177 -0.6205270886421204 -0.6515217423439026 -0.9704331755638123 -0.21508994698524475 0.10952545702457428 -2.084097385406494
-0.21866002678871155 0.5910130143165588 -0.7764608860015869 0.11565782129764557 0.10223110020160675 -0.7774626016616821 -0.620564877986908 -0.6515179872512817 -0.9704311490058899 -0.2150711715221405 0.10958005487918854 -2.0840206146240234
-0.21869120001792908 0.5909916758537292 -0.7764682769775391 0.11562392115592957 0.10236772894859314 -0.7774438261985779 -0.6205658912658691 -0.6514420509338379 -0.9704097509384155 -0.2151975780725479 0.10952161252498627 -2.0840132236480713
-0.21868126094341278 0.5910021066665649 -0.7764631509780884 0.11557208001613617 0.10234600305557251 -0.7774420976638794 -0.6205716729164124 -0.6514850854873657 -0.9704142808914185 -0.21517527103424072 0.10952527076005936 -2.084059715270996
-0.21868301928043365 0.5909585356712341 -0.7764958739280701 0.11560478061437607 0.10239771008491516 -0.7774651050567627 -0.6205342411994934 -0.6513456106185913 -0.9704084396362305 -0.2152116745710373 0.10950558632612228 -2.0839920043945312
-0.21870219707489014 0.5910046100616455 -0.7764553427696228 0.11564016342163086 0.10227985680103302 -0.7774510383605957 -0.6205713748931885 -0.6514501571655273 -0.9704165458679199 -0.21513605117797852 0.1095823422074318 -2.0839831829071045
-0.21877047419548035 0.5910022258758545 -0.7764379382133484 0.11570044606924057 0.1022702306509018 -0.777442991733551 -0.6205829977989197 -0.6514147520065308 -0.9704021215438843 -0.2151717245578766 0.10963960736989975 -2.0841197967529297
-0.21872277557849884 0.5910296440124512 -0.7764304876327515 0.11568239331245422 0.10225699096918106 -0.7774324417114258 -0.6205984354019165 -0.6515510082244873 -0.9704142808914185 -0.21513444185256958 0.10960523039102554 -2.0840508937835693
-0.21876832842826843 0.5910040140151978 -0.7764371633529663 0.11568236351013184 0.10226462781429291 -0.7774431109428406 -0.620583713054657 -0.6514936089515686 -0.9704031944274902 -0.2151661068201065 0.10964109748601913 -2.0841147899627686
-0.21881268918514252 0.5910303592681885 -0.776404619216919 0.11563753336668015 0.10231879353523254 -0.7774022221565247 -0.6206260919570923 -0.6515225768089294 -0.9703875184059143 -0.21524162590503693 0.10963192582130432 -2.084095001220703
-0.21885789930820465 0.5910382866859436 -0.7763858437538147 0.11566091328859329 0.10229536145925522 -0.7773930430412292 -0.6206414103507996 -0.6514139771461487 -0.9703797698020935 -0.21525293588638306 0.10967810451984406 -2.08406400680542
-0.21877264976501465 0.5909399390220642 -0.7764847278594971 0.11570320278406143 0.1023649275302887 -0.7774713635444641 -0.6205317974090576 -0.6514372229576111 -0.9703916907310486 -0.21524018049240112 0.10959792137145996 -2.083961009979248
-0.21876268088817596 0.5909793972969055 -0.7764575481414795 0.11566588282585144 0.10233647376298904 -0.7774479389190674 -0.6205658912658691 -0.6515486836433411 -0.9703969359397888 -0.21521656215190887 0.10959780216217041 -2.083923816680908
-0.21874336898326874 0.5909580588340759 -0.776479184627533 0.1156725063920021 0.10228943824768066 -0.777478814125061 -0.6205349564552307 -0.65151047706604 -0.9704062342643738 -0.21516351401805878 0.10961952805519104 -2.0839943885803223
-0.21868294477462769 0.5910058617591858 -0.7764598727226257 0.1156538650393486 0.10221397876739502 -0.7774680852890015 -0.620560884475708 -0.6515844464302063 -0.9704278111457825 -0.21507111191749573 0.10960990935564041 -2.084033727645874
-0.21877726912498474 0.5910073518753052 -0.7764321565628052 0.11565157771110535 0.10217209905385971 -0.777459442615509 -0.6205785870552063 -0.6515052318572998 -0.970410943031311 -0.21509817242622375 0.10970594733953476 -2.0840299129486084
-0.21877312660217285 0.5909754037857056 -0.7764576077461243 0.11566876620054245 0.10211096704006195 -0.7774991989135742 -0.6205387711524963 -0.6515573859214783 -0.9704183340072632 -0.21504202485084534 0.10975082218647003 -2.0841290950775146
-0.21878445148468018 0.5910030007362366 -0.7764334082603455 0.11572762578725815 0.10206754505634308 -0.7774847745895386 -0.6205639839172363 -0.6514737010002136 -0.9704203605651855 -0.2150183916091919 0.10977932065725327 -2.084169387817383
-0.21872031688690186 0.5909920930862427 -0.7764597535133362 0.11570073664188385 0.10200457274913788 -0.7775188088417053 -0.6205317378044128 -0.6515485048294067 -0.9704414010047913 -0.21492533385753632 0.10977522283792496 -2.0841989517211914
-0.2187570035457611 0.591054379940033 -0.7764020562171936 0.11569418013095856 0.10203693807125092 -0.7774553894996643 -0.6206058859825134 -0.6515750885009766 -0.9704297184944153 -0.21498356759548187 0.10976438969373703 -2.084043025970459
-0.2187575101852417 0.5909640192985535 -0.7764707207679749 0.11563682556152344 0.10218802094459534 -0.7774940133094788 -0.6205325722694397 -0.6514647006988525 -0.9704137444496155 -0.21509215235710144 0.10969318449497223 -2.083977460861206
-0.218754380941391 0.590970516204834 -0.7764666080474854 0.11558427661657333 0.10218395292758942 -0.7774902582168579 -0.6205379962921143 -0.6514602899551392 -0.9704148769378662 -0.21508781611919403 0.10969165712594986 -2.084090232849121
-0.21880531311035156 0.5909611582756042 -0.7764593958854675 0.11564181745052338 0.10218905657529831 -0.777487576007843 -0.6205404996871948 -0.6514210104942322 -0.9704028367996216 -0.21512319147586823 0.1097286120057106 -2.0840260982513428
-0.21879662573337555 0.5909332036972046 -0.7764831185340881 0.11559303104877472 0.10217851400375366 -0.7775138020515442 -0.6205093860626221 -0.6514045000076294 -0.9704059362411499 -0.21510523557662964 0.10973668843507767 -2.084149122238159
-0.21882495284080505 0.5909118056297302 -0.7764914035797119 0.1156344786286354 0.1020960584282875 -0.7775442004203796 -0.6204848885536194 -0.6514161229133606 -0.9704082012176514 -0.21505427360534668 0.10981626808643341 -2.084141969680786
-0.21882645785808563 0.5909830331802368 -0.7764368057250977 0.11564648151397705 0.10201092809438705 -0.7775058746337891 -0.6205468773841858 -0.6515206694602966 -0.9704168438911438 -0.2149970978498459 0.10985209047794342 -2.084101438522339
-0.21887555718421936 0.5909550786018372 -0.7764442563056946 0.11567572504281998 0.10206397622823715 -0.7775077819824219 -0.6205357909202576 -0.6514116525650024 -0.9704001545906067 -0.2150670886039734 0.10986218601465225 -2.084038257598877
-0.21884068846702576 0.5909263491630554 -0.7764759063720703 0.11568164825439453 0.10201528668403625 -0.7775476574897766 -0.6204937696456909 -0.6514905095100403 -0.9704131484031677 -0.2150016874074936 0.10987551510334015 -2.0840413570404053
-0.21889808773994446 0.5909638404846191 -0.7764312028884888 0.11568187922239304 0.10201466828584671 -0.7775076627731323 -0.6205440163612366 -0.6514431834220886 -0.9704002737998962 -0.21504324674606323 0.10990792512893677 -2.08412504196167
-0.21881209313869476 0.5909584760665894 -0.7764595150947571 0.11568454653024673 0.10203960537910461 -0.7775216698646545 -0.6205223798751831 -0.6515581011772156 -0.9704170227050781 -0.21500740945339203 0.10982993990182877 -2.0841000080108643
-0.21890385448932648 0.5909867882728577 -0.7764121294021606 0.11566967517137527 0.10200030356645584 -0.7774915099143982 -0.6205666065216064 -0.6515092253684998 -0.9704004526138306 -0.21503868699073792 0.10991502553224564 -2.0841567516326904
-0.21885640919208527 0.5909774303436279 -0.7764326333999634 0.11565526574850082 0.10197632014751434 -0.7775127291679382 -0.6205440163612366 -0.6515886187553406 -0.9704136848449707 -0.21498776972293854 0.10989789664745331 -2.0841774940490723
-0.21880455315113068 0.5909197926521301 -0.7764910459518433 0.11569912731647491 0.10212289541959763 -0.7775354385375977 -0.6204914450645447 -0.6514999866485596 -0.9704099893569946 -0.21506384015083313 0.10978181660175323 -2.0841689109802246
-0.21884414553642273 0.5909451842308044 -0.776460587978363 0.1156596764922142 0.10209471732378006 -0.7775143980979919 -0.6205223798751831 -0.6515452265739441 -0.9704040288925171 -0.2150702029466629 0.10982206463813782 -2.0842034816741943
-0.21890057623386383 0.5909337401390076 -0.7764533758163452 0.11564818769693375 0.10212067514657974 -0.7775077819824219 -0.6205264329910278 -0.6514406800270081 -0.9703885316848755 -0.21512553095817566 0.10985032469034195 -2.084160804748535
-0.2189144492149353 0.5909069180488586 -0.7764699459075928 0.11560928821563721 0.10207223147153854 -0.7775375247001648 -0.6204971075057983 -0.6514209508895874 -0.9703904986381531 -0.2150917947292328 0.10989897698163986 -2.0842814445495605
-0.21897606551647186 0.5909267067909241 -0.7764374613761902 0.1156366765499115 0.10210491716861725 -0.7775035500526428 -0.620534360408783 -0.6514219641685486 -0.9703731536865234 -0.21516025066375732 0.10991810262203217 -2.0842862129211426
-0.21897615492343903 0.590925931930542 -0.7764380574226379 0.11558389663696289 0.10207892209291458 -0.7775099277496338 -0.6205306053161621 -0.6514073014259338 -0.9703758955001831 -0.21513935923576355 0.10993501543998718 -2.0844078063964844
-0.21898093819618225 0.5908925533294678 -0.7764620780944824 0.11560945212841034 0.10219334065914154 -0.7775103449821472 -0.6205112934112549 -0.6514444947242737 -0.9703627824783325 -0.21522937715053558 0.10987462103366852 -2.0841453075408936
-0.2189343124628067 0.5908514261245728 -0.7765065431594849 0.11568588763475418 0.10226590186357498 -0.7775354385375977 -0.6204679012298584 -0.6514397859573364 -0.9703656435012817 -0.2152518332004547 0.10980519652366638 -2.084064245223999
-0.21894700825214386 0.5908768177032471 -0.7764836549758911 0.11562740802764893 0.10225830227136612 -0.7775145769119263 -0.6204953193664551 -0.6514506340026855 -0.9703635573387146 -0.21525748074054718 0.10981237888336182 -2.084132432937622
-0.21893469989299774 0.5909405946731567 -0.7764385938644409 0.11572107672691345 0.10222060233354568 -0.7774741649627686 -0.620552122592926 -0.6514568328857422 -0.970370352268219 -0.2152283936738968 0.10980972647666931 -2.0841596126556396
-0.21894457936286926 0.5908920764923096 -0.7764726877212524 0.11566483974456787 0.10217460989952087 -0.7775213718414307 -0.6205005645751953 -0.6514713168144226 -0.9703729748725891 -0.21519102156162262 0.1098598837852478 -2.084230661392212
-0.21887817978858948 0.5908641219139099 -0.7765126824378967 0.11567846685647964 0.10230810940265656 -0.7775258421897888 -0.6204729676246643 -0.6514079570770264 -0.9703738689422607 -0.21525152027606964 0.1097332164645195 -2.0841872692108154
-0.2189398556947708 0.590907096862793 -0.7764626145362854 0.11563299596309662 0.10226094722747803 -0.77749103307724 -0.6205243468284607 -0.6514038443565369 -0.9703649282455444 -0.21525928378105164 0.10979702323675156 -2.0842769145965576
-0.21887436509132385 0.5908640623092651 -0.7765138149261475 0.11566738039255142 0.10227033495903015 -0.7775349020957947 -0.6204677820205688 -0.6513671278953552 -0.9703786969184875 -0.21521881222724915 0.10975456237792969 -2.084244728088379
-0.21886692941188812 0.5909417867660522 -0.7764567732810974 0.1156407967209816 0.10225548595190048 -0.7774774432182312 -0.6205422878265381 -0.6514307856559753 -0.9703819751739502 -0.2152131348848343 0.10973703116178513 -2.0840752124786377
-0.21889404952526093 0.5909155607223511 -0.7764690518379211 0.11558970808982849 0.10226789116859436 -0.7774908542633057 -0.6205234527587891 -0.651419460773468 -0.9703745245933533 -0.21523672342300415 0.10975638777017593 -2.0841920375823975
-0.2189226895570755 0.590969979763031 -0.7764195799827576 0.11564590036869049 0.10229817032814026 -0.7774355411529541 -0.6205877065658569 -0.6514269709587097 -0.9703648686408997 -0.2152870148420334 0.10974310338497162 -2.084169626235962
-0.21897397935390472 0.5909533500671387 -0.7764177918434143 0.1155729666352272 0.10223520547151566 -0.7774537205696106 -0.6205753684043884 -0.6514148116111755 -0.9703599214553833 -0.21526706218719482 0.10982584953308105 -2.084320068359375
-0.2188989371061325 0.5908768177032471 -0.7764971852302551 0.11562393605709076 0.10227026045322418 -0.7775204181671143 -0.6204859614372253 -0.6514278054237366 -0.9703731536865234 -0.21523627638816833 0.10976924002170563 -2.0842201709747314
-0.21884579956531525 0.5908883810043335 -0.7765033841133118 0.11570975184440613 0.10233139991760254 -0.7775070667266846 -0.6204926371574402 -0.6515072584152222 -0.9703786969184875 -0.21525287628173828 0.1096876785159111 -2.0841686725616455
-0.2188575118780136 0.5908693075180054 -0.7765145897865295 0.1156826913356781 0.10233059525489807 -0.7775203585624695 -0.6204760670661926 -0.6515076160430908 -0.9703761339187622 -0.21525703370571136 0.10970213264226913 -2.0842769145965576
-0.2188749760389328 0.5909152030944824 -0.7764747142791748 0.11579114198684692 0.10234931856393814 -0.77747642993927 -0.6205280423164368 -0.6514976024627686 -0.9703702330589294 -0.21528971195220947 0.1096903383731842 -2.0841681957244873
-0.21891488134860992 0.5909201502799988 -0.7764596939086914 0.11577247828245163 0.10234136879444122 -0.7774671912193298 -0.620540976524353 -0.6514984965324402 -0.9703620672225952 -0.21530959010124207 0.1097235307097435 -2.084273338317871
-0.2188626378774643 0.5908614993095398 -0.7765190601348877 0.11579069495201111 0.10243236273527145 -0.7775031328201294 -0.6204808950424194 -0.651450514793396 -0.9703642725944519 -0.2153407633304596 0.10964300483465195 -2.0840799808502197
-0.21883556246757507 0.5908998847007751 -0.7764975428581238 0.11577384173870087 0.1024981290102005 -0.7774626612663269 -0.6205207109451294 -0.6515210866928101 -0.970363438129425 -0.21538153290748596 0.10957030951976776 -2.084043502807617
-0.21885350346565247 0.590900182723999 -0.7764922380447388 0.11577451974153519 0.10244715213775635 -0.7774705290794373 -0.6205192804336548 -0.6514691710472107 -0.9703647494316101 -0.21535222232341766 0.10961607098579407 -2.084092378616333
-0.2188626080751419 0.5909010171890259 -0.7764890193939209 0.11576686799526215 0.10246032476425171 -0.7774653434753418 -0.6205236315727234 -0.6514790058135986 -0.9703612923622131 -0.21536873281002045 0.10961414128541946 -2.0840389728546143
-0.21888943016529083 0.5909057855606079 -0.7764778137207031 0.115743488073349 0.10249307751655579 -0.7774494886398315 -0.6205381155014038 -0.6514714360237122 -0.9703518152236938 -0.21541281044483185 0.10961168259382248 -2.0841140747070312
-0.21879233419895172 0.5908263921737671 -0.7765656113624573 0.1157604232430458 0.10245560854673386 -0.7775384783744812 -0.6204327940940857 -0.6514440178871155 -0.9703776836395264 -0.21530942618846893 0.10958593338727951 -2.0838685035705566
-0.21873581409454346 0.5908475518226624 -0.776565432548523 0.11573557555675507 0.10246869176626205 -0.777528703212738 -0.6204428672790527 -0.6514219641685486 -0.9703890085220337 -0.21528670191764832 0.10952997207641602 -2.083940029144287
-0.21868278086185455 0.5908129811286926 -0.7766066789627075 0.1157149076461792 0.10245834290981293 -0.777567982673645 -0.620395302772522 -0.6514440774917603 -0.9704020619392395 -0.21523959934711456 0.10950697958469391 -2.083796262741089
-0.2186863273382187 0.5908232927322388 -0.7765978574752808 0.11568594723939896 0.1024334654211998 -0.7775646448135376 -0.6204035878181458 -0.6514320969581604 -0.9704039096832275 -0.21522337198257446 0.10952264815568924 -2.083846092224121
-0.21866829693317413 0.590843677520752 -0.7765873670578003 0.11570758372545242 0.10240205377340317 -0.7775585055351257 -0.6204164624214172 -0.6514098048210144 -0.9704112410545349 -0.21518954634666443 0.10952375829219818 -2.083733558654785
-0.21871274709701538 0.5908322334289551 -0.7765835523605347 0.11567900329828262 0.10235781222581863 -0.777569591999054 -0.6204099059104919 -0.6513897180557251 -0.9704059362411499 -0.21518093347549438 0.10958805680274963 -2.0838027000427246
-0.21867597103118896 0.5908343195915222 -0.7765923142433167 0.11571726202964783 0.10231336206197739 -0.7775843143463135 -0.6203988194465637 -0.6513703465461731 -0.9704188704490662 -0.2151220738887787 0.10958871990442276 -2.083735704421997
-0.21867410838603973 0.5908492207527161 -0.7765815258026123 0.11569248884916306 0.10232479125261307 -0.7775701880455017 -0.6204146146774292 -0.6513501405715942 -0.9704180955886841 -0.21513213217258453 0.10957591235637665 -2.083805799484253
-0.21864326298236847 0.5908879041671753 -0.7765607833862305 0.11571979522705078 0.10222828388214111 -0.7775661945343018 -0.6204355955123901 -0.6514080762863159 -0.9704352617263794 -0.21504051983356476 0.109604112803936 -2.083754777908325
-0.21867550909519196 0.5908870697021484 -0.7765523791313171 0.11566818505525589 0.10219395160675049 -0.7775687575340271 -0.6204379796981812 -0.6514168977737427 -0.9704315662384033 -0.21503354609012604 0.10965012013912201 -2.08379864692688
-0.2186623513698578 0.5908614993095398 -0.77657550573349 0.11570495367050171 0.1021653562784195 -0.7775977849960327 -0.6204062700271606 -0.6514033675193787 -0.9704375863075256 -0.21499858796596527 0.10966575145721436 -2.0837411880493164
-0.21868769824504852 0.5908383727073669 -0.7765859365463257 0.11571495234966278 0.10210852324962616 -0.7776243686676025 -0.6203823089599609 -0.6514069437980652 -0.9704378247261047 -0.21496601402759552 0.10972721874713898 -2.0837552547454834
-0.2187023162841797 0.590863049030304 -0.7765630483627319 0.11568421125411987 0.10211749374866486 -0.777600109577179 -0.6204112768173218 -0.6513955593109131 -0.9704335927963257 -0.21498605608940125 0.1097254529595375 -2.0838510990142822
-0.21868428587913513 0.5908982157707214 -0.7765413522720337 0.11570701003074646 0.10206405818462372 -0.7775869965553284 -0.6204364895820618 -0.6514371037483215 -0.9704432487487793 -0.21493665874004364 0.10973655432462692 -2.0838019847869873
-0.21873147785663605 0.5909063816070557 -0.7765218615531921 0.11567336320877075 0.10202714055776596 -0.7775803208351135 -0.6204509139060974 -0.6514299511909485 -0.9704365134239197 -0.2149384468793869 0.10979277640581131 -2.0838539600372314
-0.21863682568073273 0.5908704400062561 -0.7765759229660034 0.11574026197195053 0.10200270265340805 -0.7776312232017517 -0.6203911304473877 -0.6514157056808472 -0.9704604148864746 -0.2148531824350357 0.10974840819835663 -2.083845853805542
-0.21863354742527008 0.5908591151237488 -0.7765854001045227 0.11572415381669998 0.10200922936201096 -0.7776393890380859 -0.6203798651695251 -0.6513985991477966 -0.9704604744911194 -0.21485471725463867 0.10974494367837906 -2.0839312076568604
-0.2186669260263443 0.5909121632575989 -0.77653568983078 0.1157207116484642 0.10190756618976593 -0.777613639831543 -0.6204288601875305 -0.6514461040496826 -0.9704636335372925 -0.2148021161556244 0.1098199263215065 -2.083819627761841
-0.21864068508148193 0.5909379124641418 -0.7765234708786011 0.11568887531757355 0.10194732993841171 -0.7775888442993164 -0.6204533576965332 -0.6514376997947693 -0.970465362071991 -0.21482083201408386 0.10976798087358475 -2.083921432495117
-0.21872083842754364 0.5909716486930847 -0.776475191116333 0.11570970714092255 0.10189839452505112 -0.7775585651397705 -0.620499312877655 -0.6513981223106384 -0.9704524278640747 -0.2148377001285553 0.10984916239976883 -2.0839338302612305
-0.21869036555290222 0.59098219871521 -0.7764757871627808 0.1157570481300354 0.10187944769859314 -0.7775596976280212 -0.6205010414123535 -0.6513820290565491 -0.9704613089561462 -0.2148045003414154 0.10983584076166153 -2.0839338302612305
-0.21867109835147858 0.5909165740013123 -0.7765311002731323 0.11571580916643143 0.1018989309668541 -0.777611255645752 -0.6204332709312439 -0.6514231562614441 -0.9704635739326477 -0.21479849517345428 0.10982730239629745 -2.083916187286377
-0.21875539422035217 0.5909860134124756 -0.776454508304596 0.11566589772701263 0.10188990831375122 -0.7775428295135498 -0.6205204725265503 -0.6514451503753662 -0.9704455733299255 -0.21485505998134613 0.10987614840269089 -2.083926200866699
-0.21872350573539734 0.5909750461578369 -0.7764718532562256 0.11567855626344681 0.10193954408168793 -0.7775462865829468 -0.6205080151557922 -0.6514267921447754 -0.9704475402832031 -0.21487285196781158 0.10982387512922287 -2.0839731693267822
-0.21883030235767365 0.5910117626190186 -0.7764137983322144 0.11571808904409409 0.10191701352596283 -0.7775030136108398 -0.6205659508705139 -0.6514706015586853 -0.9704257845878601 -0.21492840349674225 0.10990703105926514 -2.0841073989868164
-0.21862545609474182 0.5909810662269592 -0.7764949202537537 0.11573663353919983 0.10195742547512054 -0.7775548696517944 -0.6204943060874939 -0.6515001058578491 -0.970467746257782 -0.21482525765895844 0.10973834991455078 -2.0839521884918213
-0.21862196922302246 0.5909799933433533 -0.7764967083930969 0.11571142822504044 0.10195470601320267 -0.7775569558143616 -0.620492160320282 -0.6514986753463745 -0.9704688191413879 -0.21482069790363312 0.1097378134727478 -2.0840601921081543
-0.21870699524879456 0.5910101532936096 -0.7764497995376587 0.11577274650335312 0.1018139123916626 -0.7775489091873169 -0.6205253005027771 -0.6514394879341125 -0.9704644083976746 -0.21476659178733826 0.10988228768110275 -2.084033489227295
-0.21874229609966278 0.5910230278968811 -0.776430070400238 0.11575234681367874 0.10180439800024033 -0.7775344848632812 -0.6205449104309082 -0.6514264941215515 -0.9704574942588806 -0.21478340029716492 0.10991090536117554 -2.0841336250305176
-0.2186548411846161 0.5909668207168579 -0.776497483253479 0.11576874554157257 0.10189083963632584 -0.7775757908821106 -0.6204790472984314 -0.6514308452606201 -0.9704681038856506 -0.21478870511054993 0.10980656743049622 -2.0839738845825195
-0.21879634261131287 0.5909971594810486 -0.7764345407485962 0.11580299586057663 0.10195640474557877 -0.7775119543075562 -0.6205481886863708 -0.6514687538146973 -0.9704293608665466 -0.21493613719940186 0.10986079275608063 -2.0839030742645264
-0.2188144028186798 0.5910012125968933 -0.776426374912262 0.11578048020601273 0.10195615142583847 -0.77750563621521 -0.6205562353134155 -0.6514643430709839 -0.9704253077507019 -0.21494807302951813 0.10987317562103271 -2.0839905738830566
-0.21881671249866486 0.5910366773605347 -0.7763986587524414 0.11574100703001022 0.1019296944141388 -0.7774826884269714 -0.6205893158912659 -0.6514991521835327 -0.9704275727272034 -0.2149333655834198 0.10988198220729828 -2.083897829055786
-0.2188124656677246 0.5910212397575378 -0.7764116525650024 0.11570636183023453 0.10195178538560867 -0.7774909138679504 -0.6205753684043884 -0.6514983177185059 -0.9704262018203735 -0.21494616568088531 0.10986898839473724 -2.083988666534424
-0.2187243103981018 0.5909349918365479 -0.7765021324157715 0.11569681763648987 0.10203178226947784 -0.7775577306747437 -0.6204785108566284 -0.6514929533004761 -0.9704376459121704 -0.2149416208267212 0.10977659374475479 -2.0838630199432373
-0.21871180832386017 0.5909314751625061 -0.7765083312988281 0.11565281450748444 0.10201867669820786 -0.7775656580924988 -0.6204707026481628 -0.651486873626709 -0.9704418182373047 -0.21492260694503784 0.10977670550346375 -2.083958864212036
-0.2186359167098999 0.5909368395805359 -0.776525616645813 0.11570737510919571 0.1019672080874443 -0.7775861620903015 -0.620453417301178 -0.6514434218406677 -0.9704643487930298 -0.21483354270458221 0.10975206643342972 -2.0838847160339355
-0.21864284574985504 0.5909603238105774 -0.7765058279037476 0.11570749431848526 0.10195795446634293 -0.7775682210922241 -0.6204774379730225 -0.6515215635299683 -0.970463752746582 -0.21483388543128967 0.10975659638643265 -2.083913803100586
-0.21867042779922485 0.5909751057624817 -0.7764867544174194 0.11571785807609558 0.10196100175380707 -0.7775508761405945 -0.6204987168312073 -0.6514679193496704 -0.9704572558403015 -0.2148560732603073 0.10977093130350113 -2.083911895751953
