# 3x4 first row second row third row Freq: 100 current Time: 2021-07-28-17:04:55
-0.7895225286483765 -0.0921095684170723 -0.6067702174186707 -0.09739413857460022 0.5258044004440308 -0.6114144921302795 -0.5913561582565308 -0.44591015577316284 -0.31651851534843445 -0.785931408405304 0.5311570763587952 -2.375952959060669
-0.7895771861076355 -0.09217173606157303 -0.6066896319389343 -0.09744402766227722 0.5258220434188843 -0.6112989783287048 -0.5914598703384399 -0.4460463225841522 -0.31635284423828125 -0.7860139608383179 0.5311335921287537 -2.3759279251098633
-0.7894781231880188 -0.09225054085254669 -0.6068065762519836 -0.09739504009485245 0.5259342193603516 -0.6113370060920715 -0.5913208723068237 -0.44598814845085144 -0.31641361117362976 -0.7859751582145691 0.5311548709869385 -2.3759541511535645
-0.7895132303237915 -0.09230834245681763 -0.6067520976066589 -0.09744533896446228 0.5259664058685303 -0.6112282276153564 -0.5914046168327332 -0.4461154341697693 -0.31627243757247925 -0.786052942276001 0.5311238169670105 -2.3759796619415283
-0.789496898651123 -0.09204238653182983 -0.6068137288093567 -0.0973300114274025 0.5258116722106934 -0.6113928556442261 -0.591372013092041 -0.44593900442123413 -0.3165702521800995 -0.7859561443328857 0.5310896635055542 -2.375983476638794
-0.7895766496658325 -0.09211811423301697 -0.6066985130310059 -0.0974009707570076 0.5258157253265381 -0.6112636923789978 -0.5915019512176514 -0.4460501968860626 -0.31636470556259155 -0.7860476970672607 0.5310766100883484 -2.3759267330169678
-0.7894800901412964 -0.09187711775302887 -0.6068606972694397 -0.0972706750035286 0.5257347822189331 -0.6114634275436401 -0.5913674235343933 -0.44597283005714417 -0.316739946603775 -0.7859205603599548 0.531041145324707 -2.375964641571045
-0.7895343899726868 -0.09195773303508759 -0.6067777872085571 -0.09737309068441391 0.5257580876350403 -0.611352801322937 -0.5914611220359802 -0.4460574984550476 -0.3165658414363861 -0.785997211933136 0.5310315489768982 -2.3759164810180664
-0.7894585728645325 -0.09204341471195221 -0.6068633794784546 -0.09739457070827484 0.5258477926254272 -0.6113970279693604 -0.591335654258728 -0.445972204208374 -0.31660589575767517 -0.7859527468681335 0.5310733914375305 -2.375967502593994
-0.7894603610038757 -0.09212856739759445 -0.6068482398986816 -0.09737098962068558 0.5258736610412598 -0.611411452293396 -0.5912976861000061 -0.44598543643951416 -0.3165585398674011 -0.7859315872192383 0.5311330556869507 -2.3758976459503174
-0.7895355224609375 -0.09215857088565826 -0.6067458391189575 -0.09744494408369064 0.5258499383926392 -0.6113176345825195 -0.5914157629013062 -0.4460299611091614 -0.3164103627204895 -0.7860010266304016 0.5311185121536255 -2.375922679901123
-0.7894985675811768 -0.09220530837774277 -0.6067867875099182 -0.09737944602966309 0.525854766368866 -0.6114405989646912 -0.5912843346595764 -0.4459277391433716 -0.31649452447891235 -0.7858998775482178 0.5312180519104004 -2.375951051712036
-0.7895070910453796 -0.092293880879879 -0.6067622303962708 -0.09740126132965088 0.5258903503417969 -0.6114178895950317 -0.5912761688232422 -0.44601568579673767 -0.31641411781311035 -0.7859071493148804 0.5312551856040955 -2.3760147094726562
-0.7894766926765442 -0.0923134833574295 -0.6067988276481628 -0.09735367447137833 0.5258809328079224 -0.6115339994430542 -0.5911644697189331 -0.44589269161224365 -0.31650564074516296 -0.7858145236968994 0.5313376784324646 -2.3760063648223877
-0.7895758748054504 -0.09235917776823044 -0.6066628098487854 -0.09742344170808792 0.5258524417877197 -0.6114093065261841 -0.5913188457489014 -0.446015328168869 -0.316305547952652 -0.7859061360359192 0.5313212871551514 -2.3759138584136963
-0.7895886301994324 -0.09235461056232452 -0.6066468954086304 -0.09740059077739716 0.525817334651947 -0.6114611625671387 -0.591296374797821 -0.44585880637168884 -0.31633204221725464 -0.7858663201332092 0.5313644409179688 -2.3759167194366455
-0.7895758748054504 -0.0923488512635231 -0.6066644191741943 -0.097439244389534 0.5258552432060242 -0.6113923192024231 -0.5913338661193848 -0.44593438506126404 -0.3163009583950043 -0.7859206199645996 0.5313026905059814 -2.375929117202759
-0.7895815372467041 -0.0922994390130043 -0.6066645383834839 -0.09738542884588242 0.5257843136787415 -0.6115066409111023 -0.5912787914276123 -0.4458535611629486 -0.31640464067459106 -0.7858374714851379 0.5313639044761658 -2.3759267330169678
-0.7896426916122437 -0.0923999473452568 -0.6065696477890015 -0.09747738391160965 0.5258245468139648 -0.6113564372062683 -0.5913982391357422 -0.4459797441959381 -0.3161850571632385 -0.7859424948692322 0.5313392281532288 -2.375800371170044
-0.7896321415901184 -0.09232930839061737 -0.6065941452980042 -0.09743823111057281 0.5257663726806641 -0.6114577054977417 -0.5913452506065369 -0.4458619952201843 -0.3163081407546997 -0.7858720421791077 0.531370222568512 -2.3758034706115723
-0.7896812558174133 -0.09237977862358093 -0.6065225005149841 -0.09749557077884674 0.525777280330658 -0.6113607883453369 -0.5914357304573059 -0.4459740221500397 -0.3161673843860626 -0.785941481590271 0.5313513278961182 -2.3757646083831787
-0.7897171974182129 -0.09222336113452911 -0.6064994931221008 -0.097469262778759 0.5256840586662292 -0.6113529801368713 -0.5915267467498779 -0.44583308696746826 -0.31623268127441406 -0.7859659194946289 0.5312762260437012 -2.375760316848755
-0.7896509766578674 -0.09233015030622482 -0.6065694689750671 -0.09738326817750931 0.5257549285888672 -0.611441433429718 -0.5913723111152649 -0.44599199295043945 -0.31628021597862244 -0.7858845591545105 0.5313683152198792 -2.3756704330444336
-0.7896307706832886 -0.09240031987428665 -0.6065851449966431 -0.09744969755411148 0.5258040428161621 -0.6114367842674255 -0.5913334488868713 -0.44592776894569397 -0.3162490427494049 -0.7858799695968628 0.5313937067985535 -2.375845193862915
-0.7896835207939148 -0.09243099391460419 -0.6065117716789246 -0.09751470386981964 0.5258380770683289 -0.6112542152404785 -0.5914919376373291 -0.44606325030326843 -0.3160606622695923 -0.7860183715820312 0.5313010215759277 -2.3758034706115723
-0.7896082997322083 -0.0921671986579895 -0.6066498160362244 -0.09737463295459747 0.5257118344306946 -0.611492931842804 -0.5913573503494263 -0.44604161381721497 -0.3164582848548889 -0.7858636379241943 0.5312932133674622 -2.375880718231201
-0.7896034121513367 -0.09228438884019852 -0.6066383719444275 -0.09742741286754608 0.5257895588874817 -0.6114259362220764 -0.5913574695587158 -0.4461015462875366 -0.316341370344162 -0.7859019637107849 0.5313061475753784 -2.375967264175415
-0.7896996736526489 -0.09227719157934189 -0.6065141558647156 -0.0973995104432106 0.5256913304328918 -0.6114298701286316 -0.5914407968521118 -0.4460785984992981 -0.3162643611431122 -0.785899817943573 0.5313552021980286 -2.375779628753662
-0.7896071076393127 -0.09197363257408142 -0.606680691242218 -0.09731091558933258 0.5255388617515564 -0.6117364168167114 -0.5912593007087708 -0.44601887464523315 -0.31674838066101074 -0.785696804523468 0.5313670635223389 -2.375821113586426
-0.7896736860275269 -0.09193728119134903 -0.6065995693206787 -0.09739970415830612 0.5254893898963928 -0.611662745475769 -0.5913794636726379 -0.4460708498954773 -0.31666454672813416 -0.785758376121521 0.5313259959220886 -2.375835657119751
-0.7896904349327087 -0.09192685037851334 -0.6065793633460999 -0.0973537340760231 0.5254782438278198 -0.6116397380828857 -0.591413140296936 -0.445930153131485 -0.31664130091667175 -0.7857775092124939 0.531311571598053 -2.375824451446533
-0.7897447943687439 -0.09203175455331802 -0.6064926385879517 -0.09737499803304672 0.5255062580108643 -0.6115407347679138 -0.5914905667304993 -0.44604089856147766 -0.316459059715271 -0.7858422994613647 0.5313243865966797 -2.375844955444336
-0.7896975874900818 -0.09211605042219162 -0.6065413355827332 -0.09734126180410385 0.5255549550056458 -0.6116163730621338 -0.5913691520690918 -0.44598641991615295 -0.31649598479270935 -0.7857735753059387 0.5314039587974548 -2.3758764266967773
-0.7897267937660217 -0.09212092310190201 -0.6065025925636292 -0.09738918393850327 0.5255703330039978 -0.6115123629570007 -0.591463029384613 -0.4461163580417633 -0.3163977265357971 -0.785853922367096 0.5313436388969421 -2.3758580684661865
-0.7896830439567566 -0.0919456034898758 -0.6065860986709595 -0.09729847311973572 0.5254341959953308 -0.6117851138114929 -0.5913019180297852 -0.4460335075855255 -0.3167327046394348 -0.7856621742248535 0.5314276218414307 -2.3758795261383057
-0.7897431254386902 -0.09198102355003357 -0.6065025329589844 -0.09738310426473618 0.5254318118095398 -0.6116803288459778 -0.5914124250411987 -0.446137398481369 -0.3165869116783142 -0.7857396006584167 0.5314000248908997 -2.375839948654175
-0.7897239923477173 -0.09209950268268585 -0.6065095067024231 -0.09732948243618011 0.5254657864570618 -0.6117578148841858 -0.5913020372390747 -0.44603773951530457 -0.31657829880714417 -0.7856653928756714 0.5315148830413818 -2.375811815261841
-0.7897888422012329 -0.0921311229467392 -0.6064202189445496 -0.09738675504922867 0.5254427194595337 -0.6116889715194702 -0.5913938283920288 -0.4461221694946289 -0.31645476818084717 -0.7857152819633484 0.5315147042274475 -2.375838041305542
-0.7897583842277527 -0.09215950220823288 -0.6064555644989014 -0.09737405180931091 0.525460422039032 -0.6117463111877441 -0.5913187265396118 -0.4459969103336334 -0.31650128960609436 -0.785667359828949 0.5315578579902649 -2.3757948875427246
-0.7898209095001221 -0.09222973138093948 -0.6063634753227234 -0.0974554568529129 0.5254438519477844 -0.6117046475410461 -0.5913766026496887 -0.44606202840805054 -0.3163728415966034 -0.785691499710083 0.5315986275672913 -2.375782012939453
-0.7896616458892822 -0.09188662469387054 -0.6066229343414307 -0.09737947583198547 0.5254168510437012 -0.6118224263191223 -0.5912787318229675 -0.44600221514701843 -0.3168148994445801 -0.7856400012969971 0.5314114093780518 -2.375791072845459
-0.7897008657455444 -0.09195557981729507 -0.6065614819526672 -0.09741196781396866 0.5254429578781128 -0.6117300987243652 -0.5913510322570801 -0.4460548460483551 -0.3166738450527191 -0.7857038378715515 0.5314011573791504 -2.3758673667907715
-0.789768636226654 -0.09211840480566025 -0.6064485311508179 -0.09734787046909332 0.5254506468772888 -0.6117058396339417 -0.5913693308830261 -0.44610291719436646 -0.31649208068847656 -0.7857036590576172 0.5315096974372864 -2.3756580352783203
-0.7896493077278137 -0.09201070666313171 -0.6066202521324158 -0.09727993607521057 0.5254485607147217 -0.6118946671485901 -0.5911757946014404 -0.44610831141471863 -0.31679314374923706 -0.7855692505836487 0.5315290093421936 -2.3757736682891846
-0.7896841764450073 -0.09205683320760727 -0.6065678000450134 -0.09735532850027084 0.5254433155059814 -0.6118682622909546 -0.59120774269104 -0.4461444616317749 -0.3167148530483246 -0.7855843901634216 0.5315532684326172 -2.37579345703125
-0.7896754145622253 -0.09207005798816681 -0.6065771579742432 -0.09742287546396255 0.5254665017127991 -0.6118447780609131 -0.5912114977836609 -0.44609925150871277 -0.3166981637477875 -0.7856011390686035 0.5315384268760681 -2.3759515285491943
-0.7897008061408997 -0.09197380393743515 -0.6065587401390076 -0.09735146164894104 0.5253255367279053 -0.6120390892028809 -0.591135561466217 -0.446159690618515 -0.3168686330318451 -0.7854610085487366 0.5316439270973206 -2.375810384750366
-0.7896620035171509 -0.09198063611984253 -0.6066082119941711 -0.09741868078708649 0.5253835916519165 -0.61199551820755 -0.5911290645599365 -0.44611671566963196 -0.3168690502643585 -0.7854942083358765 0.5315946936607361 -2.3759665489196777
-0.7897372245788574 -0.09208974242210388 -0.6064937710762024 -0.0973246842622757 0.5253443121910095 -0.6120176315307617 -0.5911411046981812 -0.4461387097835541 -0.3167468309402466 -0.7854641675949097 0.5317118763923645 -2.375868558883667
-0.7896615266799927 -0.09207189828157425 -0.606594979763031 -0.09732253849506378 0.5254096388816833 -0.6120210886001587 -0.5910794734954834 -0.4460216164588928 -0.31682708859443665 -0.7854635715484619 0.5316649675369263 -2.3758232593536377
-0.7897130250930786 -0.09207961708307266 -0.606526792049408 -0.09737389534711838 0.5253874659538269 -0.6119591593742371 -0.5911632776260376 -0.44608819484710693 -0.31673553586006165 -0.7855108976364136 0.5316495299339294 -2.375838279724121
-0.7896885275840759 -0.0921429991722107 -0.6065490245819092 -0.09736286848783493 0.5254038572311401 -0.6120394468307495 -0.5910655856132507 -0.4459661841392517 -0.31676939129829407 -0.7854409217834473 0.5317327976226807 -2.3758490085601807
-0.7897411584854126 -0.09217239171266556 -0.6064760684967041 -0.09739932417869568 0.5253998041152954 -0.6119509935379028 -0.591160774230957 -0.44605475664138794 -0.31664490699768066 -0.7855063676834106 0.5317102074623108 -2.3758544921875
-0.7896919846534729 -0.09202627837657928 -0.6065623164176941 -0.09731613099575043 0.5252971053123474 -0.6121821403503418 -0.5910127758979797 -0.4459538459777832 -0.3169378638267517 -0.7853434085845947 0.5317763686180115 -2.375899076461792
-0.7897512316703796 -0.09205929934978485 -0.6064801216125488 -0.09740564972162247 0.5252732038497925 -0.6121304035186768 -0.5910875797271729 -0.44602492451667786 -0.3168298006057739 -0.7853798270225525 0.5317869782447815 -2.375864267349243
-0.789670467376709 -0.09212305396795273 -0.606575608253479 -0.09737754613161087 0.5253844261169434 -0.6121118068695068 -0.5910078883171082 -0.4459456205368042 -0.316846638917923 -0.785386860370636 0.5317665934562683 -2.375838041305542
-0.7897454500198364 -0.09216579794883728 -0.6064714789390564 -0.09739109128713608 0.5253649353981018 -0.61202073097229 -0.5911195874214172 -0.446038156747818 -0.3166921138763428 -0.7854527831077576 0.5317612290382385 -2.3758885860443115
-0.7897286415100098 -0.0921938568353653 -0.6064891219139099 -0.09738317131996155 0.5254029035568237 -0.6119945049285889 -0.5911129713058472 -0.4458727538585663 -0.3166710138320923 -0.7854699492454529 0.5317484736442566 -2.375854969024658
-0.7897330522537231 -0.09226993471384048 -0.6064717769622803 -0.09745185822248459 0.5254579782485962 -0.6119213104248047 -0.5911397933959961 -0.44591307640075684 -0.3165685832500458 -0.7855180501937866 0.5317384004592896 -2.375887155532837
-0.7897802591323853 -0.092286616563797 -0.6064077615737915 -0.09736555814743042 0.5254290699958801 -0.6118951439857483 -0.5911926031112671 -0.44606149196624756 -0.3164987862110138 -0.7855364680290222 0.5317527055740356 -2.375711441040039
-0.7897421717643738 -0.09232278168201447 -0.6064518094062805 -0.09743702411651611 0.5254850387573242 -0.6118836998939514 -0.5911547541618347 -0.44600626826286316 -0.3165009319782257 -0.7855411767959595 0.5317445397377014 -2.375858783721924
-0.7898123264312744 -0.09233427047729492 -0.6063587069511414 -0.09738978743553162 0.525405764579773 -0.6119219064712524 -0.5911856293678284 -0.4460013508796692 -0.31645748019218445 -0.7855100035667419 0.5318163633346558 -2.3756885528564453
-0.7897725701332092 -0.09235019981861115 -0.6064080595970154 -0.09745696932077408 0.5254602432250977 -0.6118983626365662 -0.5911615490913391 -0.44594767689704895 -0.31646618247032166 -0.7855265140533447 0.5317868590354919 -2.375821590423584
-0.789813220500946 -0.09201335161924362 -0.6064063906669617 -0.09748414158821106 0.5251976847648621 -0.6121230125427246 -0.5911622643470764 -0.44595101475715637 -0.31680047512054443 -0.7853909730911255 0.5317879915237427 -2.3757944107055664
-0.789738655090332 -0.09217750281095505 -0.6064785122871399 -0.09739761054515839 0.5253477692604065 -0.612091064453125 -0.5910620093345642 -0.4460322856903076 -0.31673747301101685 -0.7853966355323792 0.5318171977996826 -2.3758723735809326
-0.7897492051124573 -0.0921718180179596 -0.6064656972885132 -0.0974462628364563 0.5253477096557617 -0.6120601892471313 -0.5910940170288086 -0.44608771800994873 -0.31671127676963806 -0.7854213714599609 0.5317962765693665 -2.3759353160858154
-0.7896487712860107 -0.09227389097213745 -0.606580913066864 -0.09741765260696411 0.5254815220832825 -0.612070620059967 -0.5909642577171326 -0.44605398178100586 -0.3167397975921631 -0.7854012250900269 0.5318089723587036 -2.3759567737579346
-0.7897015810012817 -0.09234822541475296 -0.6065008044242859 -0.09741684049367905 0.5254905819892883 -0.6119927763938904 -0.5910367965698242 -0.446135938167572 -0.31659290194511414 -0.7854531407356262 0.531819760799408 -2.3760461807250977
-0.7896663546562195 -0.09229731559753418 -0.6065545082092285 -0.09736108034849167 0.5254986882209778 -0.6120083928108215 -0.5910134315490723 -0.4460372030735016 -0.31666749715805054 -0.7854470014572144 0.5317845344543457 -2.3759925365448
-0.7897224426269531 -0.09237522631883621 -0.6064696311950684 -0.09739121049642563 0.5254963040351868 -0.6119546890258789 -0.5910711884498596 -0.4461231529712677 -0.31653156876564026 -0.7854796648025513 0.5318171381950378 -2.376041889190674
-0.7897856831550598 -0.09214581549167633 -0.6064220666885376 -0.0973053053021431 0.5253046154975891 -0.6120534539222717 -0.5911392569541931 -0.44611823558807373 -0.31669172644615173 -0.7854296565055847 0.5317956805229187 -2.3759074211120605
-0.7897424697875977 -0.09215299040079117 -0.6064772605895996 -0.09735938161611557 0.5253562331199646 -0.612036943435669 -0.5911105275154114 -0.44608741998672485 -0.3167138695716858 -0.7854416966438293 0.5317646861076355 -2.3760335445404053
-0.7897099852561951 -0.0922103300690651 -0.6065109372138977 -0.09731345623731613 0.5253899693489075 -0.6120877861976624 -0.5910279154777527 -0.4459839165210724 -0.316739022731781 -0.7853953838348389 0.531818151473999 -2.3759825229644775
-0.7897706031799316 -0.09224511682987213 -0.6064266562461853 -0.09738914668560028 0.5253832936286926 -0.6119917035102844 -0.5911332964897156 -0.44606032967567444 -0.31659892201423645 -0.7854661345481873 0.5317970514297485 -2.3759706020355225
-0.7896970510482788 -0.09232495725154877 -0.6065102815628052 -0.09736685454845428 0.5254800319671631 -0.6120073199272156 -0.5910311937332153 -0.44596537947654724 -0.3166217505931854 -0.7854446172714233 0.531815230846405 -2.375918388366699
-0.7896432280540466 -0.09207739681005478 -0.6066179871559143 -0.0973145067691803 0.5253672003746033 -0.6121758818626404 -0.5909569263458252 -0.44603434205055237 -0.31694307923316956 -0.785342276096344 0.5317749381065369 -2.3758182525634766
-0.7896900177001953 -0.09216884523630142 -0.6065431833267212 -0.09735231846570969 0.5253742337226868 -0.612134575843811 -0.5909934043884277 -0.44608959555625916 -0.3168148696422577 -0.7853637337684631 0.5318196415901184 -2.3758997917175293
-0.7896396517753601 -0.09211816638708115 -0.6066164374351501 -0.0973198190331459 0.5254075527191162 -0.6121242642402649 -0.5909745097160339 -0.44598469138145447 -0.3168851435184479 -0.7853777408599854 0.531757116317749 -2.3758106231689453
-0.7897003889083862 -0.0921773687005043 -0.6065284013748169 -0.09737133234739304 0.525391161441803 -0.6120758056640625 -0.59103924036026 -0.44603991508483887 -0.3167608976364136 -0.7854085564613342 0.5317856669425964 -2.375847339630127
-0.7896565794944763 -0.09221774339675903 -0.6065792441368103 -0.09736646711826324 0.5254273414611816 -0.6121312975883484 -0.5909496545791626 -0.44594499468803406 -0.31681007146835327 -0.78536057472229 0.5318271517753601 -2.3758509159088135
-0.7896807789802551 -0.09224475920200348 -0.6065436601638794 -0.09739845246076584 0.5254450440406799 -0.6120553016662598 -0.5910125970840454 -0.4460630416870117 -0.31672045588493347 -0.7854166030883789 0.5317978262901306 -2.3758344650268555
-0.7896904945373535 -0.09190429747104645 -0.6065827012062073 -0.09725027531385422 0.5252050757408142 -0.6122947335243225 -0.5909778475761414 -0.4460727572441101 -0.31709396839141846 -0.7852698564529419 0.5317919254302979 -2.375793218612671
-0.7897761464118958 -0.09194046258926392 -0.606465756893158 -0.09730120003223419 0.5251724720001221 -0.6122041344642639 -0.5911006927490234 -0.44614312052726746 -0.3169347643852234 -0.7853362560272217 0.5317887663841248 -2.375802993774414
-0.7897225618362427 -0.09178667515516281 -0.6065587997436523 -0.09731396287679672 0.5251227021217346 -0.6123068332672119 -0.5910385251045227 -0.4460131824016571 -0.3171505928039551 -0.7852742075920105 0.5317516922950745 -2.375802516937256
-0.7897331118583679 -0.09190982580184937 -0.6065263748168945 -0.0973355695605278 0.525188148021698 -0.6122393012046814 -0.591050386428833 -0.44609588384628296 -0.3170159161090851 -0.7853124737739563 0.5317755341529846 -2.3758866786956787
-0.7897626757621765 -0.09195984154939651 -0.6064803004264832 -0.09735149890184402 0.5251585841178894 -0.6122897267341614 -0.5910243391990662 -0.4459930658340454 -0.3169911503791809 -0.7852672934532166 0.5318570733070374 -2.375962257385254
-0.7896755933761597 -0.09208518266677856 -0.6065747141838074 -0.09732756018638611 0.525292158126831 -0.6122912764549255 -0.5909040570259094 -0.44598740339279175 -0.3169868588447571 -0.7852514386177063 0.5318830013275146 -2.375967502593994
-0.7897407412528992 -0.09217913448810577 -0.6064755916595459 -0.09736335277557373 0.5253024697303772 -0.6122000217437744 -0.5909894704818726 -0.44609132409095764 -0.31680744886398315 -0.7853115200996399 0.5319011807441711 -2.3759829998016357
-0.789680540561676 -0.09192761778831482 -0.6065921187400818 -0.09725680947303772 0.5251494646072388 -0.6124790906906128 -0.590836226940155 -0.4460049569606781 -0.3172107934951782 -0.7851234078407288 0.5319385528564453 -2.375922679901123
-0.7896966338157654 -0.0918964073061943 -0.6065759658813477 -0.09737768769264221 0.5251622796058655 -0.6123782992362976 -0.5909293293952942 -0.44606322050094604 -0.31714963912963867 -0.7852056622505188 0.5318535566329956 -2.375875473022461
-0.7897958159446716 -0.09203819185495377 -0.6064252257347107 -0.09728331118822098 0.525131344795227 -0.6123536229133606 -0.5909823775291443 -0.4460809528827667 -0.31695374846458435 -0.7852082848548889 0.5319664478302002 -2.3757059574127197
-0.7897192239761353 -0.09204279631376266 -0.6065243482589722 -0.09731683880090714 0.5252017974853516 -0.6123685240745544 -0.5909042954444885 -0.44605907797813416 -0.3170279264450073 -0.7851961255073547 0.5319401621818542 -2.3757941722869873
-0.7897380590438843 -0.09208207577466965 -0.6064938306808472 -0.09733894467353821 0.5251766443252563 -0.6124236583709717 -0.5908695459365845 -0.4460204541683197 -0.3170226514339447 -0.785148561000824 0.5320135951042175 -2.3757872581481934
-0.7896720170974731 -0.09207142889499664 -0.6065813899040222 -0.09735824167728424 0.5252299308776855 -0.6124405264854431 -0.5908046364784241 -0.4460185468196869 -0.31709879636764526 -0.7851365804672241 0.5319857597351074 -2.3758955001831055
-0.789715588092804 -0.09219253063201904 -0.60650634765625 -0.09731347858905792 0.525254487991333 -0.612392783164978 -0.5908324122428894 -0.44601336121559143 -0.316949725151062 -0.7851596474647522 0.5320405960083008 -2.375844955444336
-0.7896570563316345 -0.09196510910987854 -0.6066170334815979 -0.0972529798746109 0.5251457691192627 -0.6125814914703369 -0.5907333493232727 -0.44595736265182495 -0.3172755241394043 -0.7850390672683716 0.5320243239402771 -2.3759379386901855
-0.789698600769043 -0.0920591875910759 -0.6065486669540405 -0.09728320688009262 0.5251755714416504 -0.6124991178512573 -0.5907922387123108 -0.4460427463054657 -0.3171226680278778 -0.7850923538208008 0.5320369005203247 -2.3759396076202393
-0.7896502017974854 -0.09206373989582062 -0.6066109538078308 -0.09727001935243607 0.5251922011375427 -0.6125790476799011 -0.5906946063041687 -0.4459560215473175 -0.31721559166908264 -0.7850294709205627 0.5320742726325989 -2.375913381576538
-0.7897262573242188 -0.092109814286232 -0.6065049767494202 -0.09729696065187454 0.5251831412315369 -0.6124631762504578 -0.5908228754997253 -0.44603514671325684 -0.3170413672924042 -0.7851144671440125 0.5320526957511902 -2.375898838043213
-0.7896579504013062 -0.09198568016290665 -0.6066127419471741 -0.09721335023641586 0.5251135230064392 -0.612679123878479 -0.5906607508659363 -0.4459903836250305 -0.3173266053199768 -0.7849605083465576 0.532109797000885 -2.37595272064209
-0.7897161245346069 -0.09206078201532364 -0.6065255999565125 -0.09725401550531387 0.5251342058181763 -0.6125608086585999 -0.5907650589942932 -0.446059912443161 -0.31714749336242676 -0.7850440740585327 0.532093346118927 -2.375945568084717
-0.7897433638572693 -0.0918196514248848 -0.6065266728401184 -0.09720736742019653 0.5249722599983215 -0.6126610636711121 -0.5908050537109375 -0.44610604643821716 -0.31734776496887207 -0.7849940061569214 0.5320477485656738 -2.3758883476257324
-0.7897348403930664 -0.09185119718313217 -0.6065330505371094 -0.09724655747413635 0.5250183939933777 -0.6125982999801636 -0.5908291339874268 -0.44607388973236084 -0.3172927498817444 -0.7850393056869507 0.5320137143135071 -2.3759958744049072
-0.789685070514679 -0.09190302342176437 -0.6065899729728699 -0.0973021388053894 0.5250908136367798 -0.612589418888092 -0.5907739996910095 -0.44602686166763306 -0.3172966539859772 -0.7850401997566223 0.5320100784301758 -2.376136064529419
-0.7897179126739502 -0.09194342792034149 -0.606541097164154 -0.09733579307794571 0.5251143574714661 -0.6124914288520813 -0.5908546447753906 -0.44616127014160156 -0.3171760141849518 -0.7851119041442871 0.5319762229919434 -2.376154899597168
-0.7897793054580688 -0.09202570468187332 -0.6064486503601074 -0.09731834381818771 0.5250997543334961 -0.6124597191810608 -0.5909005403518677 -0.4462117850780487 -0.3170473277568817 -0.7851270437240601 0.5320305824279785 -2.376314640045166
-0.7896841764450073 -0.09178800135850906 -0.606608510017395 -0.09722184389829636 0.5251126289367676 -0.6124255657196045 -0.5909244418144226 -0.44611427187919617 -0.31726279854774475 -0.78518146276474 0.5318217873573303 -2.3761067390441895
-0.7897819876670837 -0.09187125414609909 -0.6064685583114624 -0.09727481007575989 0.5250757336616516 -0.6123620271682739 -0.5910230278968811 -0.44613492488861084 -0.3170802891254425 -0.78522127866745 0.5318718552589417 -2.3761770725250244
-0.7896567583084106 -0.09148819744586945 -0.6066895127296448 -0.0972670465707779 0.525038480758667 -0.6123831272125244 -0.5910342931747437 -0.4460199475288391 -0.3174537718296051 -0.7852495312690735 0.5316072702407837 -2.3760688304901123
-0.789732813835144 -0.09156609326601028 -0.6065787076950073 -0.09732586145401001 0.5250231623649597 -0.612313449382782 -0.5911201238632202 -0.44604262709617615 -0.3172897398471832 -0.7852948307991028 0.5316383242607117 -2.3761117458343506
-0.7896555662155151 -0.09140747785568237 -0.6067032217979431 -0.09724638611078262 0.5249955058097839 -0.6124135851860046 -0.5910409688949585 -0.44596678018569946 -0.317527711391449 -0.7852352261543274 0.5315842628479004 -2.3761494159698486
-0.7897477149963379 -0.09147751331329346 -0.6065727472305298 -0.09729136526584625 0.5249636173248291 -0.6123387217521667 -0.5911468267440796 -0.44601118564605713 -0.3173513114452362 -0.785285472869873 0.5316153764724731 -2.3762032985687256
-0.7896645069122314 -0.0914420560002327 -0.6066864132881165 -0.0972379818558693 0.5250146985054016 -0.6123782992362976 -0.5910604596138 -0.4460238814353943 -0.31747376918792725 -0.7852587103843689 0.5315817594528198 -2.376235246658325
-0.7896239161491394 -0.09148374944925308 -0.6067329049110413 -0.09728504717350006 0.5250818729400635 -0.6123505234718323 -0.5910295248031616 -0.4459686577320099 -0.31746360659599304 -0.7852754592895508 0.5315630435943604 -2.3763883113861084
-0.7896280884742737 -0.09127875417470932 -0.6067583560943604 -0.0971459373831749 0.5249519944190979 -0.6124619245529175 -0.5910295248031616 -0.4459960162639618 -0.3176679313182831 -0.785212516784668 0.5315340757369995 -2.3762245178222656
-0.7895850539207458 -0.09126612544059753 -0.606816291809082 -0.09717468917369843 0.5250000953674316 -0.6124343872070312 -0.5910152792930603 -0.44595202803611755 -0.3176954984664917 -0.7852354049682617 0.5314837098121643 -2.3763630390167236
-0.7895940542221069 -0.09131244570016861 -0.6067975759506226 -0.09715179353952408 0.524989664554596 -0.612483561038971 -0.5909735560417175 -0.4459172189235687 -0.31769031286239624 -0.7851916551589966 0.5315514206886292 -2.376253128051758
-0.789523184299469 -0.09109010547399521 -0.6069232225418091 -0.09703446179628372 0.5248963832855225 -0.612667977809906 -0.5908653140068054 -0.44592058658599854 -0.31802043318748474 -0.7850736379623413 0.5315283536911011 -2.376368761062622
-0.7896397113800049 -0.09116414189338684 -0.6067605018615723 -0.09714169055223465 0.524871826171875 -0.6125204563140869 -0.5910400152206421 -0.4460792541503906 -0.3177715539932251 -0.7851801514625549 0.531519889831543 -2.3761813640594482
-0.7895838022232056 -0.09113870561122894 -0.6068370342254639 -0.097154900431633 0.5249149799346924 -0.6125235557556152 -0.5909984707832336 -0.445985347032547 -0.3178391456604004 -0.7851806879043579 0.5314787030220032 -2.3761239051818848
-0.789647102355957 -0.09116600453853607 -0.6067506074905396 -0.0972243919968605 0.5249118804931641 -0.61240553855896 -0.5911235809326172 -0.4461210370063782 -0.3176870346069336 -0.785269558429718 0.5314383506774902 -2.3760299682617188
-0.7896402478218079 -0.09101895987987518 -0.606781542301178 -0.09721887856721878 0.524755597114563 -0.6126648187637329 -0.5909936428070068 -0.44600722193717957 -0.31796208024024963 -0.7850843667984009 0.531547486782074 -2.375978946685791
-0.7895522117614746 -0.09091002494096756 -0.6069124937057495 -0.09713377058506012 0.5247759222984314 -0.612720251083374 -0.5909181237220764 -0.4460521936416626 -0.3181471526622772 -0.7850537300109863 0.531481921672821 -2.3759353160858154
-0.7895265221595764 -0.09081331640481949 -0.6069603562355042 -0.09724194556474686 0.5247634649276733 -0.6127185225486755 -0.5909309387207031 -0.44604530930519104 -0.3182314336299896 -0.7850662469863892 0.5314129590988159 -2.3760218620300293
-0.7896323800086975 -0.09090689569711685 -0.606808602809906 -0.09738121181726456 0.5246872901916504 -0.6127431392669678 -0.5909730195999146 -0.4459649920463562 -0.31809428334236145 -0.7850362062454224 0.5315394997596741 -2.3759877681732178
-0.7896520495414734 -0.09101933985948563 -0.6067661643028259 -0.09735289961099625 0.5247215628623962 -0.6127209067344666 -0.5909656882286072 -0.4460127651691437 -0.3179889917373657 -0.785040557384491 0.5315960645675659 -2.3761355876922607
-0.7896866798400879 -0.09128060191869736 -0.6066818833351135 -0.09724763035774231 0.5247324705123901 -0.6128652095794678 -0.5908063650131226 -0.44592487812042236 -0.31788501143455505 -0.7848975658416748 0.5318692922592163 -2.37591290473938
-0.789728045463562 -0.09131640195846558 -0.6066226363182068 -0.09721342474222183 0.5246381759643555 -0.6130332946777344 -0.5907156467437744 -0.44608211517333984 -0.31793782114982605 -0.7847620844841003 0.532037615776062 -2.3758585453033447
-0.7896299958229065 -0.09111800789833069 -0.6067800521850586 -0.09723483771085739 0.5245936512947083 -0.613185465335846 -0.5905972719192505 -0.4460165500640869 -0.31825464963912964 -0.7846662998199463 0.5319895148277283 -2.3759262561798096
-0.7896743416786194 -0.09116531908512115 -0.606715202331543 -0.09727691113948822 0.5245956778526306 -0.6131200194358826 -0.5906634330749512 -0.4460849165916443 -0.3181411921977997 -0.7847118973731995 0.5319900512695312 -2.3759288787841797
-0.7897093296051025 -0.09123700857162476 -0.606658935546875 -0.09729272872209549 0.5245857238769531 -0.6131303906440735 -0.5906614661216736 -0.4460586607456207 -0.31807082891464233 -0.7846954464912415 0.5320563912391663 -2.3758327960968018
-0.7896357178688049 -0.0911138504743576 -0.6067732572555542 -0.09724681079387665 0.5245257019996643 -0.6133351922035217 -0.590502142906189 -0.4460102319717407 -0.31835246086120605 -0.7845497131347656 0.5321028828620911 -2.375825881958008
-0.7896257638931274 -0.09113789349794388 -0.6067826151847839 -0.09728977084159851 0.5245432257652283 -0.613339364528656 -0.590482234954834 -0.44597265124320984 -0.31834834814071655 -0.7845436334609985 0.5321142673492432 -2.3759241104125977
-0.7896274924278259 -0.09096460044384003 -0.6068063378334045 -0.09723342210054398 0.5244721174240112 -0.613341748714447 -0.5905429124832153 -0.44599467515945435 -0.318461149930954 -0.7845619320869446 0.532019853591919 -2.375823736190796
-0.7896814942359924 -0.0910373255610466 -0.6067250967025757 -0.09723274409770966 0.5244673490524292 -0.6132946610450745 -0.590596079826355 -0.44604504108428955 -0.3183349668979645 -0.7845903038978577 0.5320534706115723 -2.3758747577667236
-0.7896547913551331 -0.09114829450845718 -0.6067432761192322 -0.09720272570848465 0.5245336294174194 -0.6133034229278564 -0.5905280709266663 -0.4460050165653229 -0.3182920813560486 -0.7845705151557922 0.5321083068847656 -2.375868320465088
-0.7896401286125183 -0.09115570038557053 -0.6067612171173096 -0.09717779606580734 0.524575412273407 -0.6132427453994751 -0.5905539989471436 -0.44602301716804504 -0.3182595372200012 -0.7846171259880066 0.5320590734481812 -2.375993013381958
-0.7896178364753723 -0.09124258160591125 -0.6067771315574646 -0.0972251296043396 0.5246080756187439 -0.6133002638816833 -0.5904651880264282 -0.4459230303764343 -0.3182609975337982 -0.7845620512962341 0.5321394205093384 -2.37601900100708
-0.7896467447280884 -0.09126152098178864 -0.6067366600036621 -0.09728589653968811 0.5246021747589111 -0.6132639646530151 -0.590508222579956 -0.4459807872772217 -0.3181990385055542 -0.7845882177352905 0.5321378707885742 -2.3759937286376953
-0.7895739078521729 -0.09129086136817932 -0.6068270802497864 -0.09726139158010483 0.524692952632904 -0.6132434010505676 -0.5904488563537598 -0.4459545612335205 -0.3182300925254822 -0.7846009135246277 0.5321006178855896 -2.376011610031128
-0.7895984649658203 -0.09143123775720596 -0.6067739725112915 -0.09720400720834732 0.5247052907943726 -0.6132906675338745 -0.590388834476471 -0.4459812045097351 -0.31814879179000854 -0.7845476269721985 0.5322277545928955 -2.375953435897827
-0.7895626425743103 -0.09142686426639557 -0.6068212389945984 -0.09724050015211105 0.5247440934181213 -0.6132766604423523 -0.5903688669204712 -0.4459410011768341 -0.31817373633384705 -0.7845590114593506 0.532196044921875 -2.3760645389556885
-0.7895102500915527 -0.09144213050603867 -0.60688716173172 -0.09722106158733368 0.5247722864151001 -0.6133477091789246 -0.5902699828147888 -0.4460224211215973 -0.31825727224349976 -0.7845017313957214 0.5322305560112 -2.375969886779785
-0.7894690632820129 -0.09146639704704285 -0.606937050819397 -0.09726142883300781 0.5248331427574158 -0.613319993019104 -0.590244710445404 -0.4459887146949768 -0.31825903058052063 -0.7845205664634705 0.5322017073631287 -2.376087188720703
-0.7895156145095825 -0.09152089804410934 -0.6068682670593262 -0.09724216908216476 0.524808943271637 -0.6133211851119995 -0.5902650356292725 -0.44598716497421265 -0.3181835412979126 -0.7845132946968079 0.5322575569152832 -2.3759498596191406
-0.7896120548248291 -0.09156971424818039 -0.606735348701477 -0.09727586060762405 0.5247868299484253 -0.613191545009613 -0.5904192924499512 -0.44606733322143555 -0.31798046827316284 -0.7846089005470276 0.5322380065917969 -2.375936269760132
-0.789543628692627 -0.09164918959140778 -0.6068124771118164 -0.09726212173700333 0.5248648524284363 -0.6132407784461975 -0.5902987718582153 -0.44600027799606323 -0.3180217444896698 -0.7845611572265625 0.5322837233543396 -2.3759167194366455
-0.78958660364151 -0.09166672080755234 -0.6067538261413574 -0.09728818386793137 0.5248701572418213 -0.6131415963172913 -0.5903971791267395 -0.4460391104221344 -0.3179062306880951 -0.7846366763114929 0.5322414636611938 -2.3759829998016357
-0.7895121574401855 -0.09172093123197556 -0.606842577457428 -0.0973101407289505 0.5249536037445068 -0.6131671667098999 -0.5902963876724243 -0.446010559797287 -0.3179534077644348 -0.7846102714538574 0.5322521328926086 -2.3760364055633545
-0.7895959615707397 -0.09176499396562576 -0.6067268252372742 -0.09733748435974121 0.5249286890029907 -0.6130701899528503 -0.5904192328453064 -0.4460865557193756 -0.3177862763404846 -0.784680962562561 0.53224778175354 -2.376068353652954
-0.7895973920822144 -0.09186961501836777 -0.6067091822624207 -0.09732532501220703 0.5249447822570801 -0.6131288409233093 -0.5903440117835999 -0.44595247507095337 -0.31775620579719543 -0.784622848033905 0.5323513746261597 -2.3759517669677734
-0.7896448373794556 -0.0919109433889389 -0.6066411137580872 -0.09736901521682739 0.5249496698379517 -0.6130428910255432 -0.59042888879776 -0.44599848985671997 -0.3176301419734955 -0.7846851944923401 0.5323347449302673 -2.3759593963623047
-0.7896163463592529 -0.09189743548631668 -0.6066802144050598 -0.09731092303991318 0.5249665975570679 -0.613056480884552 -0.5903998017311096 -0.4459417164325714 -0.317672997713089 -0.784676194190979 0.5323224663734436 -2.375958204269409
-0.7896535396575928 -0.09199414402246475 -0.6066171526908875 -0.09725842624902725 0.5249685049057007 -0.613056480884552 -0.5903980731964111 -0.4459759294986725 -0.31757739186286926 -0.7846648097038269 0.5323961973190308 -2.375823736190796
-0.7896384596824646 -0.09198950231075287 -0.6066375374794006 -0.09728966653347015 0.5249879360198975 -0.6130401492118835 -0.5903977155685425 -0.4459381699562073 -0.31758275628089905 -0.7846781015396118 0.5323734283447266 -2.3759145736694336
-0.7896390557289124 -0.09181880205869675 -0.6066625714302063 -0.09716664999723434 0.5248814225196838 -0.6131356954574585 -0.5903931856155396 -0.4460282027721405 -0.3177573084831238 -0.7846234440803528 0.5323498845100403 -2.375861644744873
-0.7896018028259277 -0.09184174984693527 -0.6067076325416565 -0.09718593209981918 0.5249406695365906 -0.6131013035774231 -0.5903762578964233 -0.44599390029907227 -0.31775206327438354 -0.7846476435661316 0.5323173403739929 -2.3759655952453613
-0.7896104454994202 -0.09184073656797409 -0.6066965460777283 -0.09723979979753494 0.5249464511871338 -0.6130651831626892 -0.5904086232185364 -0.445977121591568 -0.3177209198474884 -0.7846760153770447 0.5322940945625305 -2.375917911529541
-0.7895824909210205 -0.09186439961194992 -0.6067293286323547 -0.09727728366851807 0.5249826312065125 -0.6130661964416504 -0.5903754234313965 -0.44593390822410583 -0.31773075461387634 -0.7846724390983582 0.5322934985160828 -2.3760275840759277
-0.7896145582199097 -0.09163933992385864 -0.6067216396331787 -0.0972403883934021 0.52483731508255 -0.6131288409233093 -0.5904395580291748 -0.44597581028938293 -0.317891001701355 -0.7846497893333435 0.5322311520576477 -2.375843048095703
-0.7896613478660583 -0.09161724895238876 -0.6066640615463257 -0.09728401899337769 0.5248035788536072 -0.6130781173706055 -0.5905221700668335 -0.44599705934524536 -0.3178304433822632 -0.7846919894218445 0.5322051048278809 -2.3758604526519775
-0.7896769046783447 -0.09160186350345612 -0.6066461205482483 -0.0972616970539093 0.5247834920883179 -0.613075315952301 -0.5905429720878601 -0.4459160268306732 -0.3178249001502991 -0.7846959829330444 0.5322025418281555 -2.3758387565612793
-0.7897438406944275 -0.09166999906301498 -0.6065487265586853 -0.09723158925771713 0.5247747302055359 -0.6130025386810303 -0.5906262993812561 -0.4460029602050781 -0.3176731765270233 -0.784744918346405 0.5322210192680359 -2.375842332839966
-0.7896570563316345 -0.09170981496572495 -0.6066556572914124 -0.0972655788064003 0.5248638391494751 -0.6130298376083374 -0.5905187726020813 -0.44594481587409973 -0.31774163246154785 -0.784718930721283 0.5322184562683105 -2.375854253768921
-0.7896880507469177 -0.09175153821706772 -0.606609046459198 -0.09726829826831818 0.5248691439628601 -0.6129828095436096 -0.5905628800392151 -0.4459538459777832 -0.31765586137771606 -0.784750759601593 0.5322226881980896 -2.3759238719940186
-0.7897104024887085 -0.09163662791252136 -0.6065973043441772 -0.09715082496404648 0.5246769189834595 -0.61329185962677 -0.5904127955436707 -0.44601166248321533 -0.31791773438453674 -0.7845227122306824 0.532402515411377 -2.375847339630127
-0.789777398109436 -0.09166425466537476 -0.6065058708190918 -0.0972072035074234 0.5246422290802002 -0.6132434606552124 -0.59049391746521 -0.4460713267326355 -0.3178085386753082 -0.7845573425292969 0.5324167013168335 -2.37583327293396
