# 3x4 first row second row third row Freq: 100 current Time: 2021-07-30-19:59:57
0.5296482443809509 0.243623748421669 0.8124777674674988 0.05803283676505089 0.3875557780265808 -0.9215418100357056 0.02368222177028656 -0.6656850576400757 0.7545019388198853 0.3023372292518616 -0.582510769367218 -1.5156044960021973
0.529661238193512 0.2435751110315323 0.8124839067459106 0.05803385004401207 0.3876741826534271 -0.9214959144592285 0.023529736325144768 -0.6657243967056274 0.754431962966919 0.30251625180244446 -0.582508385181427 -1.5156564712524414
0.5297034978866577 0.24367569386959076 0.8124262094497681 0.058038379997015 0.3876420259475708 -0.921506404876709 0.023649465292692184 -0.665713369846344 0.7544188499450684 0.30240336060523987 -0.582584023475647 -1.51564359664917
0.5297122001647949 0.24367529153823853 0.8124206066131592 0.058044083416461945 0.3876968026161194 -0.9214845299720764 0.023602744564414024 -0.6657313108444214 0.7543845772743225 0.30247023701667786 -0.5825936794281006 -1.515667200088501
0.5297728776931763 0.24375200271606445 0.812358021736145 0.058070167899131775 0.38769176602363586 -0.9214850664138794 0.02366606332361698 -0.6656410694122314 0.7543445825576782 0.302406907081604 -0.5826783180236816 -1.5157021284103394
0.5297971963882446 0.24371466040611267 0.8123533725738525 0.05808284133672714 0.3877946138381958 -0.9214451909065247 0.023533152416348457 -0.6656448245048523 0.7542746067047119 0.3025584816932678 -0.5826902389526367 -1.5157289505004883
0.5297877788543701 0.24373911321163177 0.812352180480957 0.05805446580052376 0.38769158720970154 -0.9214856624603271 0.02364477328956127 -0.6657233834266663 0.7543342113494873 0.3024154305458069 -0.5826873779296875 -1.5156840085983276
0.5297929048538208 0.24374812841415405 0.8123461008071899 0.058059316128492355 0.38776895403862 -0.9214544296264648 0.023592915385961533 -0.6657046675682068 0.7542908191680908 0.3025032579898834 -0.5826979279518127 -1.5157241821289062
0.5297985672950745 0.2437589019536972 0.8123392462730408 0.058061473071575165 0.38778963685035706 -0.921445906162262 0.023586586117744446 -0.6656955480575562 0.7542762160301208 0.30252060294151306 -0.5827078223228455 -1.5157265663146973
0.52977454662323 0.24366289377212524 0.8123837113380432 0.058023348450660706 0.38780325651168823 -0.9214429259300232 0.023478107526898384 -0.6657251715660095 0.7542861104011536 0.3026069700717926 -0.5826501846313477 -1.5157073736190796
0.5297731161117554 0.24368897080421448 0.8123767971992493 0.05802149698138237 0.38782361149787903 -0.9214339852333069 0.023492591455578804 -0.6657119393348694 0.7542766332626343 0.30261316895484924 -0.5826592445373535 -1.515709400177002
0.5297746062278748 0.24363642930984497 0.8123915791511536 0.057986143976449966 0.3878399431705475 -0.9214289784431458 0.02341970056295395 -0.6657664179801941 0.754267156124115 0.30267077684402466 -0.5826415419578552 -1.515694499015808
0.5298054218292236 0.2435818761587143 0.8123878240585327 0.05799218267202377 0.38791245222091675 -0.9214017987251282 0.023287784308195114 -0.6657516360282898 0.7542082071304321 0.3027973771095276 -0.5826520919799805 -1.515701174736023
0.5297938585281372 0.2436753809452057 0.81236732006073 0.05799853429198265 0.3879188597202301 -0.9213964343070984 0.023394141346216202 -0.665692925453186 0.7542130351066589 0.30273857712745667 -0.5826764106750488 -1.5157254934310913
0.5297958850860596 0.24376103281974792 0.8123403191566467 0.05803327262401581 0.38791072368621826 -0.9213972091674805 0.023496653884649277 -0.6656394004821777 0.7542158365249634 0.30266711115837097 -0.5827099084854126 -1.5156829357147217
0.5297890305519104 0.24376320838928223 0.8123441338539124 0.0580446831882 0.3879249691963196 -0.9213913679122925 0.023491250351071358 -0.665621817111969 0.7542133331298828 0.3026832044124603 -0.5827047824859619 -1.51568603515625
0.5297373533248901 0.24376128613948822 0.8123784065246582 0.05806775018572807 0.38786765933036804 -0.9214138388633728 0.02355683594942093 -0.6656551361083984 0.7542790770530701 0.3026164174079895 -0.5826544165611267 -1.5156745910644531
0.5297332406044006 0.24377313256263733 0.8123775124549866 0.05808020010590553 0.38789233565330505 -0.9214035272598267 0.02355310134589672 -0.665643572807312 0.7542693018913269 0.3026382029056549 -0.5826557278633118 -1.5156786441802979
0.5296382904052734 0.24382080137729645 0.8124251365661621 0.05802420526742935 0.3878690302371979 -0.9214103817939758 0.023668382316827774 -0.6657330989837646 0.7543479800224304 0.3025788962841034 -0.5825846791267395 -1.5156340599060059
0.5296592116355896 0.24381472170352936 0.8124133348464966 0.05803109332919121 0.38784047961235046 -0.9214222431182861 0.023674001917243004 -0.6657339334487915 0.7543479204177856 0.3025476634502411 -0.5826009511947632 -1.5156348943710327
0.529628574848175 0.2438303679227829 0.8124285936355591 0.058031223714351654 0.38787195086479187 -0.9214088320732117 0.023681383579969406 -0.6656327843666077 0.7543532848358154 0.302575945854187 -0.5825793147087097 -1.5156135559082031
0.5296050310134888 0.24384698271751404 0.81243896484375 0.05803418904542923 0.3878825306892395 -0.9214038252830505 0.023702776059508324 -0.6656145453453064 0.7543643712997437 0.30257782340049744 -0.5825639963150024 -1.5156147480010986
0.5295996069908142 0.24368752539157867 0.8124903440475464 0.05803529918193817 0.38779395818710327 -0.9214439392089844 0.023592768236994743 -0.6656743288040161 0.7544136643409729 0.302584171295166 -0.5824968218803406 -1.5156453847885132
0.5296170711517334 0.24368974566459656 0.8124783039093018 0.058031123131513596 0.3877982795238495 -0.9214423298835754 0.023584021255373955 -0.6656623482704163 0.7543991804122925 0.30258721113204956 -0.5825139880180359 -1.5156524181365967
0.5296165943145752 0.2436894178390503 0.8124787211418152 0.05800916627049446 0.38775455951690674 -0.9214598536491394 0.02361762523651123 -0.6657496094703674 0.7544220089912415 0.3025340437889099 -0.5825120806694031 -1.5157170295715332
0.5296565890312195 0.2437586784362793 0.8124318718910217 0.05799546837806702 0.38784998655319214 -0.9214200377464294 0.023604316636919975 -0.6656942367553711 0.7543448805809021 0.3025995194911957 -0.5825778841972351 -1.515666127204895
0.5296271443367004 0.2437102496623993 0.8124655485153198 0.05801639333367348 0.3877352774143219 -0.921467125415802 0.02365134470164776 -0.6656901836395264 0.754424512386322 0.30249518156051636 -0.5825290083885193 -1.515653133392334
0.5296559929847717 0.24374936521053314 0.8124350309371948 0.05807041376829147 0.387709379196167 -0.9214767217636108 0.023702571168541908 -0.6656576991081238 0.7544175386428833 0.302434504032135 -0.5825695395469666 -1.515625
0.5296560525894165 0.24374142289161682 0.8124373555183411 0.0580836720764637 0.38769975304603577 -0.9214807748794556 0.023700973019003868 -0.6656456589698792 0.7544224858283997 0.3024284541606903 -0.5825663208961487 -1.5156311988830566
0.5297240614891052 0.24395032227039337 0.8123303055763245 0.05809402838349342 0.3877686858177185 -0.9214478135108948 0.023853758350014687 -0.6656479239463806 0.7543392777442932 0.3023603856563568 -0.5827093720436096 -1.51563560962677
0.529717743396759 0.24391603469848633 0.8123447895050049 0.05810248479247093 0.38774025440216064 -0.9214601516723633 0.023839740082621574 -0.6656313538551331 0.7543583512306213 0.3023504614830017 -0.5826897621154785 -1.5156432390213013
0.5297452211380005 0.2438744753599167 0.8123393058776855 0.058052148669958115 0.3877028524875641 -0.9214767217636108 0.023808971047401428 -0.6656626462936401 0.7543582916259766 0.3023335933685303 -0.58269864320755 -1.51565420627594
0.5297257900238037 0.24389593303203583 0.8123455047607422 0.05804897099733353 0.3877183496952057 -0.9214696288108826 0.02383015677332878 -0.6656523942947388 0.7543639540672302 0.3023378551006317 -0.582689106464386 -1.5156630277633667
0.529733419418335 0.24388331174850464 0.8123443722724915 0.058063916862010956 0.38779783248901367 -0.9214382171630859 0.02375097945332527 -0.6656925082206726 0.7543177604675293 0.3024437129497528 -0.5826939940452576 -1.5156219005584717
0.5297303795814514 0.24388770759105682 0.812345027923584 0.05806281045079231 0.3877958059310913 -0.9214388728141785 0.02375894784927368 -0.665686845779419 0.7543209195137024 0.3024381697177887 -0.5826927423477173 -1.5156232118606567
0.5297603011131287 0.24373705685138702 0.8123707175254822 0.058014288544654846 0.38774919509887695 -0.9214622974395752 0.02361045591533184 -0.6656543016433716 0.7543238997459412 0.3024882376194 -0.5826629400253296 -1.5155997276306152
0.5297650694847107 0.2437240481376648 0.8123714923858643 0.058012668043375015 0.3877111077308655 -0.9214780330657959 0.02362293191254139 -0.6656419634819031 0.7543401122093201 0.30245089530944824 -0.5826613306999207 -1.5156054496765137
0.5297825932502747 0.24377448856830597 0.8123449683189392 0.05804453045129776 0.3877584636211395 -0.9214577674865723 0.023635592311620712 -0.6656213402748108 0.7543034553527832 0.30247193574905396 -0.5826978087425232 -1.5156294107437134
0.529801607131958 0.2437775433063507 0.8123316764831543 0.05804508179426193 0.38778746128082275 -0.9214462637901306 0.02360803447663784 -0.6656069159507751 0.7542752027511597 0.3025044798851013 -0.5827174782752991 -1.5156399011611938
0.5297422409057617 0.24381303787231445 0.8123596906661987 0.058000076562166214 0.3878360390663147 -0.9214250445365906 0.023637767881155014 -0.6656057834625244 0.7542918920516968 0.30254045128822327 -0.5826771855354309 -1.5155620574951172
0.5296937227249146 0.24380677938461304 0.8123931884765625 0.05800236761569977 0.3878742456436157 -0.9214093685150146 0.023623235523700714 -0.665675938129425 0.7543063163757324 0.3025933504104614 -0.5826310515403748 -1.515636682510376
0.5297033190727234 0.24379688501358032 0.8123899698257446 0.05799230933189392 0.38788387179374695 -0.9214059114456177 0.023600202053785324 -0.6656739711761475 0.7542946338653564 0.3026118874549866 -0.5826365351676941 -1.5156476497650146
0.5296881198883057 0.2437601089477539 0.8124108910560608 0.05797147378325462 0.38792505860328674 -0.9213902354240417 0.023533592000603676 -0.6657468676567078 0.754284143447876 0.3026891052722931 -0.582610011100769 -1.5156304836273193
0.5296728014945984 0.24375508725643158 0.8124223947525024 0.057961612939834595 0.38792651891708374 -0.921389639377594 0.02353374846279621 -0.6657485365867615 0.7542941570281982 0.30269503593444824 -0.5825939774513245 -1.5156415700912476
0.5297704935073853 0.24377070367336273 0.8123539686203003 0.05801720917224884 0.38787004351615906 -0.921413004398346 0.023550616577267647 -0.6657073497772217 0.7542545795440674 0.302611380815506 -0.5826886892318726 -1.5155951976776123
0.5297776460647583 0.24377992749214172 0.8123465776443481 0.05802110955119133 0.38788267970085144 -0.9214076995849609 0.023548072203993797 -0.6657027006149292 0.7542430758476257 0.30261996388435364 -0.5826991200447083 -1.515593409538269
0.5297114849090576 0.24385815858840942 0.812366247177124 0.058077674359083176 0.3878093659877777 -0.9214341044425964 0.023723537102341652 -0.6656273007392883 0.7543272376060486 0.3024766445159912 -0.5826646089553833 -1.515592098236084
0.5296900868415833 0.2438068836927414 0.8123955726623535 0.058043502271175385 0.3878890872001648 -0.9214033484458923 0.023613540455698967 -0.6656867861747742 0.7543012499809265 0.3026115298271179 -0.5826281905174255 -1.5155720710754395
0.5296410918235779 0.24380630254745483 0.8124276399612427 0.05804603174328804 0.38788101077079773 -0.9214060306549072 0.023641400039196014 -0.6656773090362549 0.7543398141860962 0.3026038110256195 -0.5825822949409485 -1.5155670642852783
0.5296353101730347 0.2436811476945877 0.8124690055847168 0.05803327262401581 0.3877285420894623 -0.9214707612991333 0.023619825020432472 -0.6657005548477173 0.7544222474098206 0.30250754952430725 -0.5825255513191223 -1.5155729055404663
0.5296502113342285 0.2437024563550949 0.8124529123306274 0.058026816695928574 0.3877487778663635 -0.9214621782302856 0.0236215777695179 -0.6656978130340576 0.7544013857841492 0.30251649022102356 -0.5825479030609131 -1.5155726671218872
0.5297584533691406 0.24369658529758453 0.8123840689659119 0.058007046580314636 0.38766294717788696 -0.9214980602264404 0.023631997406482697 -0.6656622886657715 0.7543694972991943 0.3024119734764099 -0.582643449306488 -1.5155924558639526
0.5298205018043518 0.24361419677734375 0.8123682737350464 0.05800025537610054 0.38768601417541504 -0.9214919209480286 0.023492494598031044 -0.6656900644302368 0.7543140649795532 0.3024970591068268 -0.5826711058616638 -1.5155770778656006
0.5298469662666321 0.24369317293167114 0.8123273253440857 0.05803527310490608 0.38782304525375366 -0.9214349389076233 0.023464158177375793 -0.6656376123428345 0.7542250156402588 0.30260688066482544 -0.5827292799949646 -1.5155913829803467
0.5298632383346558 0.24366512894630432 0.8123251795768738 0.05803219974040985 0.387799471616745 -0.9214454293251038 0.023443197831511497 -0.6656197905540466 0.7542257308959961 0.30259761214256287 -0.582733154296875 -1.5155911445617676
0.529893159866333 0.24371881783008575 0.8122895359992981 0.05801178514957428 0.3878195285797119 -0.9214361906051636 0.023474950343370438 -0.6656177639961243 0.7541943788528442 0.3025825619697571 -0.5827816128730774 -1.5155889987945557
0.5299092531204224 0.24374914169311523 0.812269926071167 0.058005787432193756 0.38785502314567566 -0.921421229839325 0.023474616929888725 -0.6656001806259155 0.7541648149490356 0.3026036024093628 -0.5828089118003845 -1.51559317111969
0.529949426651001 0.2438129335641861 0.8122245669364929 0.05803772434592247 0.3878396153450012 -0.9214260578155518 0.023540591821074486 -0.6656379699707031 0.7541444897651672 0.30253756046295166 -0.5828694701194763 -1.51565420627594
0.5299267172813416 0.24385444819927216 0.8122269511222839 0.0580381415784359 0.3878660798072815 -0.9214139580726624 0.02357756532728672 -0.6656307578086853 0.7541468739509583 0.30254092812538147 -0.5828647017478943 -1.5156676769256592
0.5299353003501892 0.24385826289653778 0.8122202157974243 0.058045271784067154 0.3878062665462494 -0.9214379191398621 0.023624243214726448 -0.6655941009521484 0.75417160987854 0.3024647831916809 -0.5828721523284912 -1.5155717134475708
0.5299545526504517 0.24388830363750458 0.8121985793113708 0.058039989322423935 0.38783690333366394 -0.9214249849319458 0.023625867441296577 -0.665590226650238 0.7541422843933105 0.30247998237609863 -0.582902193069458 -1.5155903100967407
0.5299203991889954 0.24390706419944763 0.812215268611908 0.058062706142663956 0.387798547744751 -0.9214394092559814 0.023692341521382332 -0.6656011343002319 0.7541860342025757 0.30242088437080383 -0.5828762650489807 -1.5155807733535767
0.5298948287963867 0.2439572662115097 0.8122168779373169 0.058055371046066284 0.38789570331573486 -0.9213986992835999 0.023685844615101814 -0.6656265258789062 0.7541540265083313 0.30250445008277893 -0.5828742980957031 -1.5156124830245972
0.5299179553985596 0.24395239353179932 0.8122032284736633 0.05805328115820885 0.3878824710845947 -0.9214044213294983 0.023680003359913826 -0.6656245589256287 0.7541446089744568 0.3024909794330597 -0.5828935503959656 -1.5156192779541016
0.5299872756004333 0.2439335733652115 0.8121636509895325 0.05805352330207825 0.38789549469947815 -0.9214005470275879 0.023617051541805267 -0.6656472086906433 0.7540891766548157 0.30251792073249817 -0.5829512476921082 -1.5155800580978394
0.5299458503723145 0.24391967058181763 0.8121948838233948 0.05805250257253647 0.38789063692092896 -0.9214024543762207 0.023623894900083542 -0.6656437516212463 0.7541208267211914 0.3025234341621399 -0.582907497882843 -1.5155805349349976
0.5300050377845764 0.24393801391124725 0.8121507167816162 0.05803951621055603 0.3879331350326538 -0.9213855266571045 0.0235848780721426 -0.6656249761581421 0.7540572881698608 0.30256012082099915 -0.5829705595970154 -1.5155513286590576
0.5299630761146545 0.24392351508140564 0.8121824860572815 0.058029655367136 0.3880159556865692 -0.9213522672653198 0.023523546755313873 -0.6656075119972229 0.754044234752655 0.3026731610298157 -0.5829288363456726 -1.5155224800109863
0.5299110412597656 0.2439218908548355 0.8122169375419617 0.057991400361061096 0.3879418969154358 -0.921381413936615 0.023602647706866264 -0.6656509637832642 0.7541189193725586 0.3025856912136078 -0.5828776359558105 -1.5154989957809448
0.5297784805297852 0.24370327591896057 0.8123689889907837 0.058023154735565186 0.38785889744758606 -0.9214195013046265 0.023479104042053223 -0.6656317710876465 0.7542546987533569 0.30264583230018616 -0.5826706290245056 -1.5155075788497925
0.5298043489456177 0.2437562346458435 0.812336266040802 0.058011896908283234 0.3878915011882782 -0.9214051961898804 0.023502230644226074 -0.6656222343444824 0.7542197704315186 0.30264678597450256 -0.5827153325080872 -1.5155080556869507
0.5297934412956238 0.24380019307136536 0.8123301863670349 0.05800027772784233 0.3879951536655426 -0.9213621616363525 0.023476967588067055 -0.6655905246734619 0.7541741132736206 0.30274224281311035 -0.5827248692512512 -1.515594720840454
0.5297766327857971 0.24381528794765472 0.8123365640640259 0.057993948459625244 0.38798725605010986 -0.9213647246360779 0.02350781299173832 -0.6655761003494263 0.7541899681091309 0.30272239446640015 -0.5827146768569946 -1.5156047344207764
0.5298696756362915 0.24374881386756897 0.8122958540916443 0.05803588405251503 0.38791337609291077 -0.9213973879814148 0.023447174578905106 -0.6655961275100708 0.754162609577179 0.3026764988899231 -0.5827738642692566 -1.515589952468872
0.5298717021942139 0.24383987486362457 0.8122671842575073 0.05802546814084053 0.3879361152648926 -0.921385645866394 0.02353196032345295 -0.6655874848365784 0.7541494965553284 0.3026388883590698 -0.5828104019165039 -1.5155638456344604
0.5298822522163391 0.24384483695030212 0.8122588396072388 0.05802187696099281 0.38792070746421814 -0.9213917851448059 0.02354470267891884 -0.6655735373497009 0.7541500329971313 0.302616149187088 -0.5828215479850769 -1.5155638456344604
0.5298007130622864 0.24398650228977203 0.8122695088386536 0.05803898721933365 0.3879006505012512 -0.9213947653770447 0.023758016526699066 -0.6655837297439575 0.7542176246643066 0.3024928867816925 -0.5827980637550354 -1.5155490636825562
0.529804527759552 0.2439674288034439 0.8122727274894714 0.05803791806101799 0.38788658380508423 -0.9214010238647461 0.023745497688651085 -0.6655727624893188 0.7542221546173096 0.3024892508983612 -0.5827940702438354 -1.515548825263977
0.5298226475715637 0.24396146833896637 0.8122627139091492 0.05804916098713875 0.38780564069747925 -0.9214338660240173 0.023793047294020653 -0.6656204462051392 0.7542510628700256 0.30239400267601013 -0.5828060507774353 -1.5155996084213257
0.5298610329627991 0.24394981563091278 0.8122411370277405 0.05804455280303955 0.3877888321876526 -0.921441376209259 0.023775361478328705 -0.6656144261360168 0.7542327642440796 0.30238044261932373 -0.5828368067741394 -1.5156036615371704
0.5298041105270386 0.24394536018371582 0.8122796416282654 0.05802864581346512 0.38788238167762756 -0.9214033484458923 0.023723898455500603 -0.6655872464179993 0.7542245984077454 0.3024999499320984 -0.5827853083610535 -1.5155819654464722
0.5298188328742981 0.2439359575510025 0.812272846698761 0.05802106112241745 0.38787907361984253 -0.9214051365852356 0.02370910346508026 -0.6655816435813904 0.7542160153388977 0.3025021255016327 -0.5827953815460205 -1.515586256980896
0.5298639535903931 0.2440013289451599 0.8122237920761108 0.05802517011761665 0.38797032833099365 -0.9213671088218689 0.02369220182299614 -0.6656032800674438 0.7541373372077942 0.3025651276111603 -0.5828644037246704 -1.5155646800994873
0.5298649072647095 0.24403168261051178 0.8122140765190125 0.058018483221530914 0.387988418340683 -0.9213590025901794 0.023712214082479477 -0.6655980944633484 0.7541273832321167 0.30256539583206177 -0.5828771591186523 -1.5155647993087769
0.5299041271209717 0.24403265118598938 0.8121881484985352 0.058037299662828445 0.3880214989185333 -0.9213461875915527 0.02366991527378559 -0.6656014919281006 0.7540827989578247 0.30260372161865234 -0.5829149484634399 -1.515566110610962
0.5299129486083984 0.24401864409446716 0.812186598777771 0.058039166033267975 0.3880159556865692 -0.9213488698005676 0.023654254153370857 -0.6655939817428589 0.7540794014930725 0.3026067018508911 -0.5829178094863892 -1.515572428703308
0.5299202799797058 0.24404197931289673 0.8121747970581055 0.058033935725688934 0.3880468010902405 -0.9213359355926514 0.0236535482108593 -0.6655806303024292 0.7540584206581116 0.3026273846626282 -0.5829342007637024 -1.5155636072158813
0.5299447774887085 0.24401691555976868 0.8121663331985474 0.0580313466489315 0.3880569338798523 -0.9213328957557678 0.023606134578585625 -0.6655787229537964 0.754036009311676 0.3026568591594696 -0.5829479694366455 -1.5155900716781616
0.5299687385559082 0.24405862390995026 0.8121381998062134 0.058059368282556534 0.3880067467689514 -0.9213520884513855 0.023681333288550377 -0.6655948162078857 0.7540449500083923 0.3025647699832916 -0.5829841494560242 -1.515567421913147
0.5299476385116577 0.24407276511192322 0.8121476769447327 0.05806191265583038 0.38794222474098206 -0.9213773012161255 0.023756859824061394 -0.6655651330947876 0.7540929913520813 0.30247652530670166 -0.5829678177833557 -1.5155470371246338
0.5299659371376038 0.2440309226512909 0.8121483325958252 0.05807197093963623 0.3880004286766052 -0.9213553667068481 0.023656090721488 -0.6655260324478149 0.7540501952171326 0.30257701873779297 -0.5829709768295288 -1.5155483484268188
0.5299757122993469 0.24402782320976257 0.8121429085731506 0.05806995928287506 0.3880101442337036 -0.9213516712188721 0.023640625178813934 -0.6655057668685913 0.7540383338928223 0.3025907576084137 -0.5829792022705078 -1.515551209449768
0.5299586653709412 0.24386796355247498 0.8122020363807678 0.05803690850734711 0.3878955543041229 -0.921402096748352 0.023555587977170944 -0.6655567288398743 0.754109263420105 0.3025660812854767 -0.5829002857208252 -1.5155248641967773
0.529944121837616 0.24388600885868073 0.8122060894966125 0.05802875757217407 0.3879288136959076 -0.9213880896568298 0.02355699986219406 -0.6655470728874207 0.7541024088859558 0.30259427428245544 -0.582894504070282 -1.515525460243225
0.5298911333084106 0.24384093284606934 0.8122542500495911 0.0580311119556427 0.3879289925098419 -0.9213886857032776 0.02352982573211193 -0.6655139923095703 0.7541395425796509 0.302628755569458 -0.5828285813331604 -1.5155318975448608
0.5299609899520874 0.24385152757167816 0.8122054934501648 0.05804998055100441 0.3880388140678406 -0.9213451147079468 0.02342517301440239 -0.6655334830284119 0.7540339231491089 0.302752822637558 -0.5829007625579834 -1.5155606269836426
0.5299800038337708 0.24383704364299774 0.8121973872184753 0.05805037170648575 0.38801515102386475 -0.9213552474975586 0.023418348282575607 -0.6655203104019165 0.7540327310562134 0.3027336597442627 -0.582912266254425 -1.5155664682388306
0.529980480670929 0.2437933385372162 0.812210202217102 0.058076418936252594 0.3879678249359131 -0.9213755130767822 0.023405125364661217 -0.6655383706092834 0.7540567517280579 0.3027071952819824 -0.5828949809074402 -1.5155364274978638
0.5299188494682312 0.24377115070819855 0.8122570514678955 0.05802559107542038 0.3880016803741455 -0.9213618636131287 0.023381857201457024 -0.6656221747398376 0.7540826201438904 0.3027666509151459 -0.5828306078910828 -1.5155327320098877
0.529937207698822 0.24376066029071808 0.8122482299804688 0.058020297437906265 0.3879721462726593 -0.9213742017745972 0.02338441275060177 -0.665620744228363 0.7540849447250366 0.3027374744415283 -0.5828427672386169 -1.515536904335022
0.5300683379173279 0.24370276927947998 0.8121800422668457 0.058049142360687256 0.3878996670246124 -0.9214065074920654 0.023315075784921646 -0.6656400561332703 0.7540300488471985 0.30268582701683044 -0.5829405784606934 -1.515533685684204
