# 3x4 first row second row third row Freq: 100 current Time: 2021-07-30-20:00:08
0.6196019053459167 -0.4213378131389618 0.6622445583343506 0.1381836235523224 0.34410229325294495 -0.6125065088272095 -0.711638331413269 -0.5527510046958923 0.7054693698883057 0.6688123345375061 -0.2345268577337265 -1.5679737329483032
0.6195953488349915 -0.4213520586490631 0.6622416377067566 0.13812628388404846 0.3441064655780792 -0.6124939322471619 -0.7116471529006958 -0.55281001329422 0.7054731249809265 0.6688148379325867 -0.23450836539268494 -1.5678960084915161
0.6195725798606873 -0.421397864818573 0.662233829498291 0.1382150799036026 0.3440794348716736 -0.6124935746192932 -0.7116605043411255 -0.5527727007865906 0.7055062651634216 0.668786346912384 -0.2344898134469986 -1.5680254697799683
0.6195849180221558 -0.42139121890068054 0.6622264981269836 0.13816086947917938 0.34409111738204956 -0.6124770641326904 -0.7116690874099731 -0.5528292059898376 0.7054897546768188 0.6688056588172913 -0.2344844937324524 -1.5679571628570557
0.6196097135543823 -0.42140334844589233 0.6621955633163452 0.13826459646224976 0.34396472573280334 -0.6125585436820984 -0.7116600275039673 -0.5527591705322266 0.7055295705795288 0.6687234044075012 -0.2345992773771286 -1.5680361986160278
0.6196334362030029 -0.4214228689670563 0.6621609926223755 0.1382247358560562 0.34392160177230835 -0.6125543117523193 -0.71168452501297 -0.5528201460838318 0.7055298089981079 0.6687150001525879 -0.23462262749671936 -1.5679678916931152
0.6195903420448303 -0.42149579524993896 0.6621548533439636 0.13826006650924683 0.3439430892467499 -0.6124994158744812 -0.7117213606834412 -0.5526518821716309 0.7055571675300598 0.6687192916870117 -0.2345280945301056 -1.5680363178253174
0.6196403503417969 -0.42153090238571167 0.6620857119560242 0.13822041451931 0.34387820959091187 -0.6124722361564636 -0.7117761373519897 -0.552695095539093 0.7055448293685913 0.6687220335006714 -0.23455718159675598 -1.5679752826690674
0.6195816993713379 -0.4215995669364929 0.6620968580245972 0.13826508820056915 0.343877375125885 -0.6124589443206787 -0.7117879390716553 -0.5526250600814819 0.7055967450141907 0.6686909198760986 -0.23448975384235382 -1.568048357963562
0.619439423084259 -0.4215225577354431 0.662278950214386 0.13829174637794495 0.3439728021621704 -0.6125962138175964 -0.7116237282752991 -0.5525902509689331 0.7056751847267151 0.6686137318611145 -0.23447388410568237 -1.5681098699569702
0.6194639205932617 -0.42151007056236267 0.6622640490531921 0.138243168592453 0.34398454427719116 -0.6125735640525818 -0.711637556552887 -0.5526384115219116 0.7056479454040527 0.6686423420906067 -0.23447419703006744 -1.568056583404541
0.6194239854812622 -0.42156124114990234 0.6622688174247742 0.138300359249115 0.34390515089035034 -0.6126344799995422 -0.71162348985672 -0.5526208877563477 0.7057217359542847 0.6685543060302734 -0.2345033437013626 -1.5680769681930542
0.6194298267364502 -0.4215936064720154 0.6622427105903625 0.1382492482662201 0.3438609540462494 -0.612635612487793 -0.7116438746452332 -0.5526674389839172 0.7057380676269531 0.6685328483581543 -0.23451511561870575 -1.568015456199646
0.6194205284118652 -0.4215785264968872 0.6622610688209534 0.13824692368507385 0.34389162063598633 -0.6126322150230408 -0.7116319537162781 -0.5526080131530762 0.7057313323020935 0.6685454845428467 -0.23449960350990295 -1.5681483745574951
0.6194202899932861 -0.4215752184391022 0.6622633337974548 0.1381882131099701 0.34389936923980713 -0.6126286387443542 -0.7116312980651855 -0.552651584148407 0.705727756023407 0.6685507893562317 -0.2344951331615448 -1.5680965185165405
0.6194159984588623 -0.42158666253089905 0.662260115146637 0.1382325291633606 0.3438643217086792 -0.6126539707183838 -0.7116264700889587 -0.5526338219642639 0.7057486176490784 0.6685203909873962 -0.23451900482177734 -1.56813383102417
0.6193327307701111 -0.4215344488620758 0.6623711585998535 0.1382797658443451 0.3438829183578491 -0.6127771735191345 -0.7115113735198975 -0.5526218414306641 0.7058125734329224 0.6684404015541077 -0.23455439507961273 -1.5681926012039185
0.619361400604248 -0.4215196371078491 0.6623538136482239 0.1382354199886322 0.3438594341278076 -0.6127861738204956 -0.711514949798584 -0.5526683926582336 0.7057989239692688 0.6684415340423584 -0.2345925122499466 -1.5681403875350952
0.6192187070846558 -0.42145320773124695 0.662529468536377 0.13831080496311188 0.3439512848854065 -0.612915575504303 -0.7113590240478516 -0.5526728630065918 0.7058793306350708 0.6683647036552429 -0.23456938564777374 -1.5682119131088257
0.619231104850769 -0.4214327037334442 0.6625308990478516 0.13826464116573334 0.34396013617515564 -0.6129166483879089 -0.7113538980484009 -0.5527351498603821 0.7058641314506531 0.6683766841888428 -0.23458093404769897 -1.5681573152542114
0.6191284656524658 -0.4214038848876953 0.662645161151886 0.13822977244853973 0.34401804208755493 -0.6129970550537109 -0.7112565636634827 -0.5527199506759644 0.7059259414672852 0.6683210730552673 -0.23455333709716797 -1.5681723356246948
0.619140625 -0.42138436436653137 0.6626462340354919 0.1381666213274002 0.344026654958725 -0.6129975318908691 -0.7112520337104797 -0.5527828931808472 0.7059110999107361 0.6683329939842224 -0.2345641553401947 -1.5681084394454956
0.6192563772201538 -0.42131999135017395 0.6625789999961853 0.13817059993743896 0.34408602118492126 -0.6128928065299988 -0.7113135457038879 -0.5527395606040955 0.7057806253433228 0.6684696078300476 -0.23456737399101257 -1.5682189464569092
0.6192668080329895 -0.4213270843029022 0.662564754486084 0.13810478150844574 0.34405866265296936 -0.6129004955291748 -0.711320161819458 -0.5528069138526917 0.7057848572731018 0.668458104133606 -0.2345876395702362 -1.5681649446487427
0.6193463206291199 -0.4212093651294708 0.662565290927887 0.138205423951149 0.34419238567352295 -0.6128193140029907 -0.7113254070281982 -0.5527980327606201 0.7056497931480408 0.668606698513031 -0.23457026481628418 -1.5682294368743896
0.619378387928009 -0.42119044065475464 0.6625472903251648 0.13815681636333466 0.3441968262195587 -0.6128027439117432 -0.7113375067710876 -0.5528612732887268 0.7056195139884949 0.668633759021759 -0.23458433151245117 -1.5681791305541992
0.6192907691001892 -0.4212248921394348 0.6626073122024536 0.13828237354755402 0.3440684974193573 -0.6129764914512634 -0.7112498879432678 -0.552737295627594 0.7057589888572693 0.668452799320221 -0.2346803992986679 -1.5682259798049927
0.6192587018013 -0.4211699366569519 0.662672221660614 0.13826480507850647 0.3441249430179596 -0.6130146384239197 -0.7111897468566895 -0.5527195930480957 0.705759584903717 0.6684524416923523 -0.23467949032783508 -1.5682618618011475
0.6192641258239746 -0.42118412256240845 0.6626580953598022 0.1382105052471161 0.3441252112388611 -0.6129935383796692 -0.7112077474594116 -0.5527690052986145 0.7057546973228455 0.6684628129005432 -0.23466479778289795 -1.5681999921798706
0.6192965507507324 -0.4211552143096924 0.6626462340354919 0.13827139139175415 0.3441852629184723 -0.6129348278045654 -0.7112293243408203 -0.5527389049530029 0.7056970000267029 0.6685349345207214 -0.2346329241991043 -1.5682541131973267
0.6192951798439026 -0.42115747928619385 0.6626460552215576 0.13821637630462646 0.3441742956638336 -0.6129441261291504 -0.7112265825271606 -0.552793562412262 0.7057035565376282 0.6685249209403992 -0.2346416860818863 -1.5681957006454468
0.6194315552711487 -0.4210209548473358 0.662605345249176 0.1382168084383011 0.344268262386322 -0.6128629446029663 -0.7112510800361633 -0.5527678728103638 0.7055379748344421 0.6686853170394897 -0.23468241095542908 -1.5682165622711182
0.6194368004798889 -0.42103996872901917 0.662588357925415 0.13815659284591675 0.34424448013305664 -0.6128597259521484 -0.7112653851509094 -0.5528227090835571 0.7055449485778809 0.6686763167381287 -0.23468710482120514 -1.568150281906128
0.6193494200706482 -0.42115387320518494 0.66259765625 0.13827861845493317 0.3441620171070099 -0.6129044890403748 -0.7112666964530945 -0.5527015328407288 0.705661952495575 0.6685635447502136 -0.23465679585933685 -1.5681672096252441
0.6193845868110657 -0.4211275279521942 0.6625815033912659 0.1382293701171875 0.3441711366176605 -0.6128883361816406 -0.7112762331962585 -0.5527431964874268 0.7056266069412231 0.6685949563980103 -0.23467358946800232 -1.5680932998657227
0.6193416714668274 -0.4212301969528198 0.6625563502311707 0.1382662057876587 0.3440718948841095 -0.6129157543182373 -0.7113006114959717 -0.55272376537323 0.705712616443634 0.6685051321983337 -0.2346707433462143 -1.568166971206665
0.6194403767585754 -0.42126497626304626 0.6624420285224915 0.13825665414333344 0.34403836727142334 -0.6128098368644714 -0.7114080786705017 -0.5528137683868408 0.7056424021720886 0.6685802936553955 -0.23466777801513672 -1.5681695938110352
0.6194108128547668 -0.4211426377296448 0.6625474095344543 0.13820648193359375 0.34415102005004883 -0.6128645539283752 -0.7113064527511597 -0.5527420043945312 0.705613374710083 0.668607234954834 -0.2346782088279724 -1.56821608543396
0.6193810105323792 -0.42122676968574524 0.6625217795372009 0.13828694820404053 0.3441166281700134 -0.6128371357917786 -0.7113466858863831 -0.5526910424232483 0.7056563496589661 0.6685793995857239 -0.23462846875190735 -1.5682830810546875
0.6194115877151489 -0.4212079346179962 0.6625051498413086 0.1382400542497635 0.34411755204200745 -0.6128252744674683 -0.7113564610481262 -0.5527452826499939 0.7056289911270142 0.6686021089553833 -0.2346459925174713 -1.5682218074798584
0.6193896532058716 -0.42130008339881897 0.6624670624732971 0.13825549185276031 0.3440173268318176 -0.6128436326980591 -0.7113891243934631 -0.5527421832084656 0.7056971192359924 0.6685272455215454 -0.23465441167354584 -1.5683424472808838
0.6193477511405945 -0.4213103950023651 0.6624996662139893 0.13821148872375488 0.34402036666870117 -0.612872302532196 -0.7113629579544067 -0.5527973175048828 0.7057324051856995 0.6684944033622742 -0.23464170098304749 -1.5682874917984009
0.619420051574707 -0.421304315328598 0.6624359488487244 0.1382211595773697 0.34407779574394226 -0.6127508878707886 -0.7114397883415222 -0.5527855157852173 0.705640971660614 0.6686095595359802 -0.23458866775035858 -1.5683249235153198
0.619327187538147 -0.4214656352996826 0.6624202132225037 0.1382489651441574 0.3439321219921112 -0.6128101348876953 -0.711459219455719 -0.5527732968330383 0.7057934999465942 0.668453574180603 -0.2345743179321289 -1.5682792663574219
0.6193899512290955 -0.42135655879974365 0.6624308824539185 0.13825520873069763 0.34403061866760254 -0.612770140171051 -0.7114460468292236 -0.5528182983398438 0.7056903839111328 0.6685590147972107 -0.2345840334892273 -1.5682655572891235
0.6193010807037354 -0.4215303659439087 0.662403404712677 0.13828879594802856 0.34385544061660767 -0.6128397583961487 -0.7114707231521606 -0.5528051853179932 0.7058537602424622 0.6683856248855591 -0.23458676040172577 -1.5682103633880615
0.6192721128463745 -0.42147621512413025 0.6624649167060852 0.13823190331459045 0.3439684212207794 -0.6128203868865967 -0.7114328145980835 -0.5527799725532532 0.7058241367340088 0.6684374809265137 -0.23452800512313843 -1.568306565284729
0.6193113923072815 -0.42154473066329956 0.6623846292495728 0.1382402777671814 0.34395161271095276 -0.6127227544784546 -0.711525022983551 -0.5527845621109009 0.7057978510856628 0.6684837937355042 -0.23447513580322266 -1.5683410167694092
0.6193346381187439 -0.42153626680374146 0.6623682975769043 0.1381901651620865 0.3439486026763916 -0.6127110719680786 -0.7115365266799927 -0.5528435111045837 0.705778956413269 0.6684998869895935 -0.23448629677295685 -1.5682834386825562
0.6192722916603088 -0.42163926362991333 0.6623610258102417 0.1382618546485901 0.3439471125602722 -0.6126652359962463 -0.7115767002105713 -0.5527524948120117 0.7058343887329102 0.6684768795967102 -0.2343849390745163 -1.5683629512786865
0.6192823052406311 -0.42163655161857605 0.6623533368110657 0.13821804523468018 0.34393277764320374 -0.6126715540885925 -0.7115781903266907 -0.5528051257133484 0.7058325409889221 0.6684728264808655 -0.23440194129943848 -1.5683112144470215
0.6193171143531799 -0.4215831756591797 0.6623547673225403 0.1383083611726761 0.34387320280075073 -0.6127498745918274 -0.7115395665168762 -0.5527613162994385 0.7058310508728027 0.6684346795082092 -0.23451530933380127 -1.5683763027191162
0.6192921996116638 -0.4215848743915558 0.6623769998550415 0.13839146494865417 0.34381604194641113 -0.6128275990486145 -0.7115002870559692 -0.5527251362800598 0.7058807611465454 0.6683623790740967 -0.234571635723114 -1.5683465003967285
0.6192963123321533 -0.4216161072254181 0.6623532772064209 0.1383708268404007 0.3437783718109131 -0.6128255128860474 -0.711520254611969 -0.5527753829956055 0.7058954834938049 0.6683445572853088 -0.2345779985189438 -1.568284511566162
0.6192106008529663 -0.421772837638855 0.662333607673645 0.13835495710372925 0.3436347544193268 -0.6128802299499512 -0.7115424871444702 -0.5528281927108765 0.706040620803833 0.6681954860687256 -0.2345660775899887 -1.5682322978973389
0.6193061470985413 -0.42167890071868896 0.6623041033744812 0.1383238583803177 0.3437020182609558 -0.6128203272819519 -0.7115616202354431 -0.5528584718704224 0.7059240341186523 0.66830974817276 -0.23459143936634064 -1.5683062076568604
0.6193031668663025 -0.4218052625656128 0.6622264385223389 0.13827729225158691 0.3435881733894348 -0.612795352935791 -0.7116380929946899 -0.5527804493904114 0.7059820890426636 0.6682528853416443 -0.23457872867584229 -1.568400263786316
0.619301974773407 -0.42180249094963074 0.6622292995452881 0.13823500275611877 0.3435998260974884 -0.6127884984016418 -0.711638331413269 -0.5528400540351868 0.7059774398803711 0.668260931968689 -0.23456980288028717 -1.5683413743972778
0.6193297505378723 -0.4219158887863159 0.6621310710906982 0.13827145099639893 0.3434901237487793 -0.6127422451972961 -0.7117311358451843 -0.5527803301811218 0.7060064673423767 0.6682317852973938 -0.23456548154354095 -1.5684103965759277
0.6192820072174072 -0.42199212312698364 0.6621271967887878 0.13834217190742493 0.34340253472328186 -0.6127917170524597 -0.7117307782173157 -0.5527390241622925 0.7060909271240234 0.6681382060050964 -0.23457767069339752 -1.5683625936508179
0.6191900372505188 -0.42192789912223816 0.6622540950775146 0.13827398419380188 0.3436305820941925 -0.6127384305000305 -0.7116665840148926 -0.5526984930038452 0.7060606479644775 0.6682276129722595 -0.23441416025161743 -1.56846284866333
0.6191970705986023 -0.4219284653663635 0.6622471213340759 0.1382479965686798 0.3436220586299896 -0.6127387881278992 -0.711670458316803 -0.5527234673500061 0.7060586214065552 0.668226957321167 -0.23442205786705017 -1.5684293508529663
0.6193152666091919 -0.4217570424079895 0.6622458696365356 0.13826435804367065 0.34363776445388794 -0.6127879023551941 -0.7116205096244812 -0.5527369976043701 0.7059473395347595 0.6682901382446289 -0.23457719385623932 -1.568435788154602
0.6194707155227661 -0.42168402671813965 0.6621469259262085 0.13829733431339264 0.343622088432312 -0.6127230525016785 -0.711683988571167 -0.5528123378753662 0.7058185338973999 0.6683956980705261 -0.2346639782190323 -1.56851065158844
0.6194911003112793 -0.4216497540473938 0.6621496677398682 0.13826555013656616 0.3436256945133209 -0.6127356886863708 -0.7116713523864746 -0.5528702139854431 0.7057989239692688 0.6684057116508484 -0.23469457030296326 -1.5684683322906494
0.6194177865982056 -0.4217578172683716 0.6621494293212891 0.13838352262973785 0.34354907274246216 -0.6127667427062988 -0.711681604385376 -0.5527963042259216 0.7059005498886108 0.6683090329170227 -0.23466406762599945 -1.5685354471206665
0.6194294095039368 -0.4217591881752014 0.6621376872062683 0.13836629688739777 0.3435428738594055 -0.6127592921257019 -0.7116910219192505 -0.552852213382721 0.705893337726593 0.668315052986145 -0.23466868698596954 -1.568494200706482
0.6193124055862427 -0.4216103255748749 0.6623419523239136 0.13838207721710205 0.34372130036354065 -0.612869381904602 -0.7115100026130676 -0.5527181029319763 0.7059091925621033 0.6683079600334167 -0.23464110493659973 -1.5684891939163208
0.6193140149116516 -0.421596497297287 0.6623492240905762 0.1383504718542099 0.343747615814209 -0.6128576397895813 -0.7115073800086975 -0.5527568459510803 0.705894947052002 0.6683274507522583 -0.23462848365306854 -1.5684375762939453
0.6192776560783386 -0.4216698408126831 0.662336528301239 0.13826590776443481 0.34372445940971375 -0.6128377914428711 -0.7115356922149658 -0.5527339577674866 0.7059381008148193 0.6682994365692139 -0.2345784306526184 -1.5685094594955444
0.6192032098770142 -0.4218008816242218 0.6623227000236511 0.13824814558029175 0.3435978591442108 -0.6128925085067749 -0.711549699306488 -0.5527423620223999 0.7060649991035461 0.6681665182113647 -0.2345750778913498 -1.5684670209884644
0.6191731691360474 -0.4217827618122101 0.662362277507782 0.13819138705730438 0.3436823785305023 -0.6128625273704529 -0.7115347385406494 -0.5527390241622925 0.7060502171516418 0.6682054996490479 -0.23450867831707 -1.5684988498687744
0.6190844774246216 -0.4218182861804962 0.6624225974082947 0.13822510838508606 0.3436308205127716 -0.6129633188247681 -0.7114728093147278 -0.5526853799819946 0.7061530947685242 0.6680905818939209 -0.23452624678611755 -1.5684417486190796
0.6192478537559509 -0.42174163460731506 0.6623187065124512 0.13825638592243195 0.3436509668827057 -0.6128605604171753 -0.7115516066551208 -0.5527898073196411 0.706000030040741 0.6682332158088684 -0.23458059132099152 -1.5685068368911743
0.6193047165870667 -0.42171069979667664 0.6622852087020874 0.1382891833782196 0.34367528557777405 -0.612812876701355 -0.7115809321403503 -0.5528634190559387 0.7059382796287537 0.6682965159416199 -0.23458629846572876 -1.5685780048370361
0.6193020343780518 -0.4217109680175781 0.6622875332832336 0.13824650645256042 0.3436731696128845 -0.6128173470497131 -0.7115780711174011 -0.5529223680496216 0.7059416770935059 0.668292224407196 -0.23458820581436157 -1.5685293674468994
0.619218111038208 -0.42165085673332214 0.6624042391777039 0.13829763233661652 0.34376615285873413 -0.61287921667099 -0.7114798426628113 -0.5528254508972168 0.705970048904419 0.668273389339447 -0.23455657064914703 -1.5685237646102905
0.6192092895507812 -0.4216628074645996 0.6624049544334412 0.1382599174976349 0.3437703251838684 -0.6128714680671692 -0.7114845514297485 -0.5528627634048462 0.7059757709503174 0.6682729721069336 -0.23454046249389648 -1.5684726238250732
0.619235634803772 -0.42164307832717896 0.6623928546905518 0.13824711740016937 0.34379956126213074 -0.6128381490707397 -0.7114990949630737 -0.5528033971786499 0.7059383988380432 0.6683159470558167 -0.2345304638147354 -1.5684738159179688
0.6192501187324524 -0.4215790331363678 0.6624200940132141 0.13828395307064056 0.3437914550304413 -0.612899899482727 -0.7114498615264893 -0.5527929067611694 0.7059296369552612 0.6682997345924377 -0.23460301756858826 -1.5685173273086548
0.6192768812179565 -0.4215487241744995 0.6624143719673157 0.13826078176498413 0.3438199460506439 -0.6128782629966736 -0.7114546895027161 -0.5527821779251099 0.7058923244476318 0.6683387160301208 -0.23460444808006287 -1.5685042142868042
0.619188666343689 -0.4215466380119324 0.6624981164932251 0.13835042715072632 0.34380343556404114 -0.6129857897758484 -0.711370050907135 -0.5527398586273193 0.705977737903595 0.6682413816452026 -0.23462460935115814 -1.5685696601867676
0.6191888451576233 -0.4215378761291504 0.6625035405158997 0.13831909000873566 0.3438074290752411 -0.6129912734031677 -0.7113633751869202 -0.5527704358100891 0.7059755921363831 0.6682419180870056 -0.23462943732738495 -1.5685193538665771
0.6191481947898865 -0.4215606153011322 0.6625270843505859 0.1383327692747116 0.3438267707824707 -0.6129898428916931 -0.7113552689552307 -0.5527275800704956 0.706001877784729 0.6682288646697998 -0.2345876693725586 -1.5685964822769165
0.6191679835319519 -0.4215790927410126 0.66249680519104 0.13829779624938965 0.34381207823753357 -0.6129637956619263 -0.7113848328590393 -0.552759051322937 0.7059916257858276 0.6682411432266235 -0.2345835119485855 -1.5685551166534424
0.6191625595092773 -0.4216194748878479 0.6624761819839478 0.1383211463689804 0.3438258767127991 -0.6129128932952881 -0.7114220261573792 -0.552788496017456 0.7059897184371948 0.6682623028755188 -0.23452895879745483 -1.5686287879943848
0.6191881895065308 -0.4216175973415375 0.6624534130096436 0.13828718662261963 0.3437919616699219 -0.6129209995269775 -0.7114314436912537 -0.5528281331062317 0.7059836983680725 0.6682561039924622 -0.2345646321773529 -1.5685949325561523
0.6192116141319275 -0.4216565489768982 0.6624067425727844 0.138326033949852 0.34362831711769104 -0.6130102276802063 -0.7114336490631104 -0.5527881979942322 0.7060428261756897 0.6681496500968933 -0.2346898466348648 -1.5685902833938599
0.6191969513893127 -0.4216650426387787 0.6624150276184082 0.13828839361667633 0.34365594387054443 -0.6129898428916931 -0.7114378213882446 -0.5528301000595093 0.7060422301292419 0.668163001537323 -0.23465365171432495 -1.5685386657714844
0.6192004680633545 -0.42158043384552 0.6624655723571777 0.13832396268844604 0.34366485476493835 -0.613068699836731 -0.7113655805587769 -0.5527938604354858 0.7060348391532898 0.6681440472602844 -0.23472997546195984 -1.5686323642730713
0.61919766664505 -0.42169415950775146 0.6623958349227905 0.13840609788894653 0.34351858496665955 -0.6130878329277039 -0.7114197611808777 -0.5527660250663757 0.7061084508895874 0.6680546998977661 -0.23476271331310272 -1.5686826705932617
0.619213342666626 -0.4216706454753876 0.6623961329460144 0.13838453590869904 0.34351208806037903 -0.6131032705307007 -0.7114095687866211 -0.5527991056442261 0.7060978412628174 0.6680554151535034 -0.23479269444942474 -1.5686438083648682
0.6192032694816589 -0.42155343294143677 0.6624801754951477 0.13833321630954742 0.3436383306980133 -0.6131199598312378 -0.711334228515625 -0.5528022050857544 0.7060453295707703 0.6681140065193176 -0.23478388786315918 -1.568632960319519
0.6192148923873901 -0.42155662178993225 0.6624672412872314 0.13829238712787628 0.34363850951194763 -0.613104522228241 -0.7113474607467651 -0.5528391599655151 0.7060349583625793 0.6681261658668518 -0.23478028178215027 -1.5685842037200928
0.6191555261611938 -0.4216225743293762 0.6624807715415955 0.13838006556034088 0.3435468077659607 -0.6131808161735535 -0.7113259434700012 -0.552731454372406 0.7061316967010498 0.6680145263671875 -0.23480713367462158 -1.5685453414916992
0.6191431283950806 -0.4216381013393402 0.6624824404716492 0.13839948177337646 0.3435315191745758 -0.6131911277770996 -0.7113244533538818 -0.552781343460083 0.7061499953269958 0.667995274066925 -0.23480704426765442 -1.5686269998550415
0.6191368103027344 -0.4217381179332733 0.6624247431755066 0.13839326798915863 0.34343692660331726 -0.6131796836853027 -0.7113799452781677 -0.5527656078338623 0.7062015533447266 0.6679426431655884 -0.23480160534381866 -1.5687133073806763
0.619117259979248 -0.42174190282821655 0.6624405384063721 0.1383698582649231 0.34342455863952637 -0.6132071018218994 -0.7113623023033142 -0.5527947545051575 0.7062246799468994 0.6679150462150574 -0.23481053113937378 -1.5686732530593872
0.6190595030784607 -0.42164379358291626 0.6625570058822632 0.13832631707191467 0.34352409839630127 -0.6132769584655762 -0.7112540006637573 -0.5527133941650391 0.7062268853187561 0.6679128408432007 -0.23481009900569916 -1.5687096118927002
0.6190845966339111 -0.4216344654560089 0.6625394821166992 0.1382901966571808 0.34351667761802673 -0.6132685542106628 -0.7112648487091064 -0.552741527557373 0.7062085270881653 0.6679264903068542 -0.23482657968997955 -1.568664312362671
0.6190659999847412 -0.4217246174812317 0.6624994874000549 0.13834397494792938 0.3434816002845764 -0.6132237911224365 -0.7113204002380371 -0.5527580976486206 0.7062419056892395 0.667910635471344 -0.23477129638195038 -1.5686849355697632
