# 3x4 first row second row third row Freq: 100 current Time: 2021-07-30-20:03:05
0.46935322880744934 -0.5955888628959656 0.6519059538841248 0.1950719803571701 0.1006731316447258 -0.6973690390586853 -0.7096062898635864 -0.5437148213386536 0.8772527575492859 0.39868539571762085 -0.26735255122184753 -1.857922077178955
0.4693323075771332 -0.5955616235733032 0.6519458889961243 0.1950846016407013 0.1007474809885025 -0.6973752975463867 -0.7095896005630493 -0.5437740087509155 0.877255380153656 0.39871522784233093 -0.2672993540763855 -1.8579190969467163
0.46937474608421326 -0.5955576300621033 0.6519190073013306 0.19509357213974 0.10081377625465393 -0.697328507900238 -0.7096261382102966 -0.5438178777694702 0.8772251009941101 0.3988029956817627 -0.2672679126262665 -1.8579375743865967
0.4693952202796936 -0.5955856442451477 0.6518786549568176 0.19501791894435883 0.10080225020647049 -0.6972931027412415 -0.7096625566482544 -0.5438063740730286 0.8772154450416565 0.3988230228424072 -0.2672696113586426 -1.8579723834991455
0.4695170819759369 -0.5955981612205505 0.6517794728279114 0.19501593708992004 0.10089632868766785 -0.6971763372421265 -0.7097638845443726 -0.5437222719192505 0.8771394491195679 0.3990083932876587 -0.2672424614429474 -1.857883334159851
0.4695325493812561 -0.5956240296363831 0.6517446637153625 0.19505272805690765 0.10083198547363281 -0.6971697807312012 -0.7097795009613037 -0.543752133846283 0.8771385550498962 0.3989812731742859 -0.26728588342666626 -1.8578407764434814
0.46954405307769775 -0.5956141352653503 0.6517454385757446 0.1950705498456955 0.10082940757274628 -0.6971760392189026 -0.7097737789154053 -0.5437600612640381 0.8771327137947083 0.3989851176738739 -0.2672993540763855 -1.8578439950942993
0.4696851968765259 -0.5955685377120972 0.6516854166984558 0.19505968689918518 0.10075385123491287 -0.6971901655197144 -0.7097705602645874 -0.5438089370727539 0.8770657777786255 0.3990285098552704 -0.26745402812957764 -1.8578370809555054
0.46965163946151733 -0.595598042011261 0.6516826152801514 0.19501657783985138 0.10087238252162933 -0.697120726108551 -0.7098219394683838 -0.5438079833984375 0.8770701289176941 0.39910581707954407 -0.26732441782951355 -1.8578596115112305
0.46972572803497314 -0.5955948829650879 0.6516320705413818 0.19503983855247498 0.1009611040353775 -0.6970469951629639 -0.7098817229270935 -0.5437692403793335 0.8770202398300171 0.399239182472229 -0.2672889232635498 -1.8578698635101318
0.46965718269348145 -0.595666229724884 0.6516163349151611 0.19502311944961548 0.10098622739315033 -0.6969918608665466 -0.709932267665863 -0.5437620878219604 0.8770540356636047 0.3992290496826172 -0.267193078994751 -1.8578863143920898
0.4696163237094879 -0.5956339836120605 0.6516752243041992 0.1950230449438095 0.10083843767642975 -0.6971145272254944 -0.7098328471183777 -0.5437871813774109 0.8770929574966431 0.39906299114227295 -0.26731348037719727 -1.8578908443450928
0.46961548924446106 -0.5956460237503052 0.6516647934913635 0.19503983855247498 0.1008419394493103 -0.6971001625061035 -0.7098464369773865 -0.5438092947006226 0.8770930171012878 0.39906999468803406 -0.26730287075042725 -1.8579109907150269
0.4696767032146454 -0.5956479907035828 0.6516188979148865 0.19502922892570496 0.10069780051708221 -0.6971333026885986 -0.7098343968391418 -0.5438116192817688 0.8770767450332642 0.39900925755500793 -0.26744675636291504 -1.8578529357910156
0.4695804715156555 -0.5956261157989502 0.6517083048820496 0.195045605301857 0.10076070576906204 -0.6971762180328369 -0.7097833156585693 -0.5437150001525879 0.877121090888977 0.3989669382572174 -0.2673645615577698 -1.8578845262527466
0.4696369171142578 -0.5955559015274048 0.6517317295074463 0.1950424760580063 0.10071133822202682 -0.6972471475601196 -0.7097206115722656 -0.543707549571991 0.8770965337753296 0.3989477753639221 -0.2674736976623535 -1.857841968536377
0.46957680583000183 -0.5954859852790833 0.6518388986587524 0.1950838565826416 0.1007927730679512 -0.6973159909248352 -0.7096414566040039 -0.5436892509460449 0.8771193623542786 0.3989318013191223 -0.2674226760864258 -1.8578389883041382
0.4697045385837555 -0.595512866973877 0.6517223119735718 0.19510070979595184 0.10083239525556564 -0.6972054839134216 -0.709744393825531 -0.5436418652534485 0.8770464062690735 0.3990848660469055 -0.2674334943294525 -1.8577967882156372
0.46957555413246155 -0.595528244972229 0.6518012285232544 0.19508855044841766 0.10086508095264435 -0.6972377300262451 -0.709708034992218 -0.5436320900917053 0.8771117329597473 0.3990055024623871 -0.26733773946762085 -1.8578113317489624
0.4696613550186157 -0.5954728126525879 0.6517900824546814 0.19509372115135193 0.10095395147800446 -0.69721519947052 -0.7097175717353821 -0.5436668395996094 0.8770555257797241 0.39912769198417664 -0.2673396170139313 -1.8578135967254639
0.4696880280971527 -0.5954805016517639 0.6517637968063354 0.19507336616516113 0.10098345577716827 -0.6971801519393921 -0.7097477912902832 -0.5437468886375427 0.8770378828048706 0.3991774022579193 -0.26732343435287476 -1.857816219329834
0.4695274531841278 -0.5954474806785583 0.651909589767456 0.19506095349788666 0.10108516365289688 -0.6972493529319763 -0.7096653580665588 -0.5437220931053162 0.877112090587616 0.3991057574748993 -0.2671867311000824 -1.8578306436538696
0.46949177980422974 -0.5954760313034058 0.6519092321395874 0.19506914913654327 0.10118591785430908 -0.6971901059150696 -0.7097092270851135 -0.5437079668045044 0.8771196007728577 0.39916664361953735 -0.2670711576938629 -1.8578294515609741
0.46959036588668823 -0.5954258441925049 0.6518840789794922 0.19504213333129883 0.10124620050191879 -0.6971684694290161 -0.7097218632698059 -0.5437460541725159 0.8770598769187927 0.39927932620048523 -0.26709890365600586 -1.8578392267227173
0.46962565183639526 -0.5954441428184509 0.651841938495636 0.1950492560863495 0.10129933059215546 -0.6971068382263184 -0.7097747921943665 -0.5437301397323608 0.8770348429679871 0.3993595838546753 -0.2670610845088959 -1.8578143119812012
0.4695717692375183 -0.595472514629364 0.6518548727035522 0.1950646936893463 0.10124241560697556 -0.6971285939216614 -0.7097615599632263 -0.5436797738075256 0.8770702481269836 0.39927932620048523 -0.26706477999687195 -1.8578354120254517
0.46948185563087463 -0.5954997539520264 0.651894748210907 0.19505901634693146 0.10123559832572937 -0.6971465945243835 -0.7097448110580444 -0.5436975359916687 0.8771191835403442 0.3992072641849518 -0.2670118510723114 -1.857796549797058
0.4694167375564575 -0.5954529047012329 0.6519843935966492 0.19506917893886566 0.1013713851571083 -0.6971680521965027 -0.7097043991088867 -0.5436642169952393 0.8771383762359619 0.3992396593093872 -0.2669003903865814 -1.857803225517273
0.4695095717906952 -0.595408022403717 0.6519585847854614 0.1950671672821045 0.10125575214624405 -0.6972235441207886 -0.70966637134552 -0.5437230467796326 0.8771020174026489 0.3992096781730652 -0.26706457138061523 -1.8578592538833618
0.469512015581131 -0.5954862236976624 0.6518853902816772 0.19502593576908112 0.10121864080429077 -0.6971541047096252 -0.7097399234771729 -0.543758749961853 0.8771049976348877 0.39921432733535767 -0.26704785227775574 -1.8578910827636719
0.46944698691368103 -0.5955320596694946 0.6518903374671936 0.19501103460788727 0.10118462145328522 -0.6971518397331238 -0.7097469568252563 -0.5437330603599548 0.8771437406539917 0.3991498351097107 -0.26701709628105164 -1.857820987701416
0.46941855549812317 -0.5955289006233215 0.6519137024879456 0.1950366199016571 0.1011820062994957 -0.697170615196228 -0.7097288966178894 -0.5437068343162537 0.8771592378616333 0.39912182092666626 -0.2670079469680786 -1.8578338623046875
0.46943822503089905 -0.595447838306427 0.6519736051559448 0.19502253830432892 0.10115225613117218 -0.6972626447677612 -0.7096427083015442 -0.5437801480293274 0.877152144908905 0.3990819752216339 -0.2670907974243164 -1.8579070568084717
0.4694499671459198 -0.5954394936561584 0.651972770690918 0.1950230896472931 0.1011679396033287 -0.6972587704658508 -0.7096442580223083 -0.5437924861907959 0.8771440386772156 0.399101197719574 -0.2670886516571045 -1.857933521270752
0.46947088837623596 -0.5955668687820435 0.6518412828445435 0.19504965841770172 0.10115224123001099 -0.6971168518066406 -0.7097859382629395 -0.5437781810760498 0.8771346807479858 0.3991590142250061 -0.26703307032585144 -1.857863187789917
0.46948331594467163 -0.595533549785614 0.6518628001213074 0.19505038857460022 0.10098791867494583 -0.6972217559814453 -0.7097063064575195 -0.543803870677948 0.8771469593048096 0.3990255296230316 -0.26719221472740173 -1.8578367233276367
0.4695362448692322 -0.59551602602005 0.6518406867980957 0.19498613476753235 0.1010705754160881 -0.697176992893219 -0.7097384929656982 -0.5438219308853149 0.8771091103553772 0.39912983775138855 -0.26716065406799316 -1.8578757047653198
0.4696376323699951 -0.5954703688621521 0.6518093347549438 0.1949748992919922 0.10099374502897263 -0.6972114443778992 -0.7097156047821045 -0.5438222289085388 0.8770636916160583 0.39913779497146606 -0.2672978639602661 -1.8578561544418335
0.46954473853111267 -0.5955092310905457 0.6518408060073853 0.1950349509716034 0.10098964720964432 -0.6972170472145081 -0.7097107172012329 -0.5437347292900085 0.8771138787269592 0.3990700840950012 -0.2672342360019684 -1.857874870300293
0.46951788663864136 -0.595542848110199 0.6518294215202332 0.19503556191921234 0.10097343474626541 -0.6972010731697083 -0.7097286581993103 -0.543711245059967 0.8771300911903381 0.39904773235321045 -0.267214298248291 -1.857796311378479
0.46946197748184204 -0.5955766439437866 0.6518387794494629 0.19504761695861816 0.10089459270238876 -0.6972278356552124 -0.7097135782241821 -0.5436821579933167 0.877169132232666 0.3989505469799042 -0.26723143458366394 -1.8578070402145386
0.4695515036582947 -0.5955069661140442 0.6518380045890808 0.19505901634693146 0.10077612847089767 -0.6973132491111755 -0.709646463394165 -0.5436716079711914 0.8771347999572754 0.3989052474498749 -0.26741155982017517 -1.8578113317489624
0.46954119205474854 -0.5955016613006592 0.6518502831459045 0.19506794214248657 0.10081344842910767 -0.6973072290420532 -0.7096471190452576 -0.5436670184135437 0.8771360516548157 0.3989238142967224 -0.2673798203468323 -1.8578165769577026
0.4696062207221985 -0.5954582095146179 0.6518430709838867 0.19505056738853455 0.1009736880660057 -0.6972493529319763 -0.7096812129020691 -0.5437216758728027 0.8770828247070312 0.39908966422080994 -0.26730695366859436 -1.8578205108642578
0.46948665380477905 -0.5955774188041687 0.6518203616142273 0.19503100216388702 0.10093732178211212 -0.6971953511238098 -0.7097393870353699 -0.5437005162239075 0.8771510124206543 0.3990061581134796 -0.2672078609466553 -1.857749104499817
0.46947067975997925 -0.595575213432312 0.6518338322639465 0.19496922194957733 0.10094565153121948 -0.6972018480300903 -0.7097318172454834 -0.5437423586845398 0.8771585822105408 0.39899805188179016 -0.26719504594802856 -1.8577607870101929
0.4696185290813446 -0.5955086946487427 0.6517881155014038 0.19498811662197113 0.10094837844371796 -0.697199821472168 -0.7097334861755371 -0.5437977910041809 0.8770791292190552 0.3991008996963501 -0.2673022150993347 -1.857911229133606
0.46973198652267456 -0.5954692363739014 0.6517423987388611 0.19497732818126678 0.10096009075641632 -0.697181224822998 -0.7097500562667847 -0.5438192486763 0.8770170211791992 0.3991922438144684 -0.2673696279525757 -1.8579387664794922
0.46962061524391174 -0.5954952836036682 0.6517988443374634 0.19495895504951477 0.10102108865976334 -0.6971802711486816 -0.7097423076629639 -0.5437119603157043 0.8770696520805359 0.39915502071380615 -0.2672525644302368 -1.857800841331482
0.46962010860443115 -0.5954031944274902 0.6518833637237549 0.19500654935836792 0.1011352613568306 -0.6972288489341736 -0.7096783518791199 -0.5436538457870483 0.8770567774772644 0.39920759201049805 -0.26721635460853577 -1.8577948808670044
0.4696790277957916 -0.5954420566558838 0.6518054008483887 0.1949653923511505 0.1009797528386116 -0.6972281336784363 -0.7097011804580688 -0.5437823534011841 0.8770431280136108 0.39915090799331665 -0.26734575629234314 -1.8577982187271118
0.46962976455688477 -0.5954250693321228 0.6518563628196716 0.19504095613956451 0.10101453214883804 -0.6972551941871643 -0.7096696496009827 -0.5437523722648621 0.8770654797554016 0.3991289436817169 -0.2673051357269287 -1.8577876091003418
0.4696812629699707 -0.5954424142837524 0.6518034934997559 0.1950598955154419 0.1011304259300232 -0.6971580386161804 -0.7097485661506653 -0.5437138676643372 0.8770245909690857 0.39927273988723755 -0.26722463965415955 -1.85779869556427
0.4696693420410156 -0.5954273343086243 0.6518258452415466 0.1950364112854004 0.10117760300636292 -0.6971588730812073 -0.7097409963607788 -0.5437347888946533 0.8770254850387573 0.3992937505245209 -0.26719018816947937 -1.8578006029129028
0.46965667605400085 -0.5954005718231201 0.6518594026565552 0.19503486156463623 0.10118518024682999 -0.6971908807754517 -0.7097085118293762 -0.5437082648277283 0.8770313858985901 0.39927783608436584 -0.26719456911087036 -1.8577603101730347
0.4696158766746521 -0.5953402519226074 0.6519439220428467 0.19504901766777039 0.10124434530735016 -0.6972498297691345 -0.7096421718597412 -0.5436919331550598 0.8770464062690735 0.3992648422718048 -0.2671647071838379 -1.8577544689178467
0.4696826934814453 -0.595258891582489 0.6519700884819031 0.19507506489753723 0.10114508867263794 -0.6973505020141602 -0.7095574140548706 -0.5436994433403015 0.8770220875740051 0.3992103934288025 -0.26732587814331055 -1.8577765226364136
0.4697003662586212 -0.5952937006950378 0.6519255638122559 0.19506527483463287 0.10114706307649612 -0.6973029375076294 -0.7096038460731506 -0.5436850786209106 0.8770124316215515 0.39924153685569763 -0.2673111855983734 -1.8577916622161865
0.4697597622871399 -0.5952598452568054 0.6519136428833008 0.1950635015964508 0.1010221540927887 -0.6973671913146973 -0.7095584869384766 -0.5436834692955017 0.8769949674606323 0.39917972683906555 -0.26746055483818054 -1.857747197151184
0.4698352515697479 -0.5952895879745483 0.651832103729248 0.19504080712795258 0.10102483630180359 -0.6972962021827698 -0.7096279263496399 -0.5437450408935547 0.8769542574882507 0.39925941824913025 -0.2674752473831177 -1.8577512502670288
0.46979057788848877 -0.5952655673027039 0.6518862247467041 0.19504615664482117 0.10114362090826035 -0.6972904205322266 -0.7096166610717773 -0.5437443256378174 0.8769644498825073 0.3993053436279297 -0.26737308502197266 -1.8577187061309814
0.46986496448516846 -0.5953291058540344 0.6517745852470398 0.19500720500946045 0.1012292206287384 -0.6971453428268433 -0.7097469568252563 -0.5436729192733765 0.8769147396087646 0.39946383237838745 -0.2672994136810303 -1.8577569723129272
0.4697597026824951 -0.5953616499900818 0.651820719242096 0.195063978433609 0.10127337276935577 -0.6971420645713806 -0.7097439169883728 -0.5436050891876221 0.8769660592079163 0.39942115545272827 -0.2671948969364166 -1.857742190361023
0.4696974456310272 -0.5953476428985596 0.6518784165382385 0.19505271315574646 0.10137300193309784 -0.6971427798271179 -0.7097289562225342 -0.5436252951622009 0.876987874507904 0.399440735578537 -0.2670939266681671 -1.8577337265014648
0.4696248471736908 -0.5954402089118958 0.6518461108207703 0.19502347707748413 0.10139038413763046 -0.6970700621604919 -0.7097979187965393 -0.5436601638793945 0.87702476978302 0.39942964911460876 -0.26698943972587585 -1.8577392101287842
0.4696405827999115 -0.5954518914222717 0.6518241167068481 0.19503720104694366 0.10134664922952652 -0.6970694661140442 -0.7098047137260437 -0.5437150597572327 0.8770213723182678 0.3994132876396179 -0.2670249938964844 -1.8578468561172485
0.46951618790626526 -0.5955412983894348 0.651832103729248 0.1950339525938034 0.10137516260147095 -0.6970208287239075 -0.7098484635353088 -0.5436592698097229 0.8770846724510193 0.3993648886680603 -0.26688939332962036 -1.8577735424041748
0.4694528877735138 -0.5955003499984741 0.6519150733947754 0.19508329033851624 0.10141653567552567 -0.6970779299736023 -0.7097864747047424 -0.5436340570449829 0.8771137595176697 0.39932626485824585 -0.26685160398483276 -1.857776165008545
0.4694393575191498 -0.595490038394928 0.6519342064857483 0.19507242739200592 0.10138215124607086 -0.6971115469932556 -0.7097583413124084 -0.5436595678329468 0.8771250247955322 0.39928296208381653 -0.26687943935394287 -1.8577589988708496
0.4694468379020691 -0.5955169200897217 0.651904284954071 0.19502641260623932 0.10139628499746323 -0.6970720887184143 -0.7097950577735901 -0.5437213778495789 0.8771193623542786 0.39931172132492065 -0.26685503125190735 -1.8577879667282104
0.46949055790901184 -0.5954852104187012 0.6519017219543457 0.19500432908535004 0.10121452808380127 -0.697167694568634 -0.7097271680831909 -0.5437470078468323 0.8771169781684875 0.39919209480285645 -0.26704180240631104 -1.8577510118484497
0.4693940281867981 -0.5955027937889099 0.6519551873207092 0.19505518674850464 0.10117349773645401 -0.6972150206565857 -0.7096864581108093 -0.5437153577804565 0.8771733641624451 0.39908313751220703 -0.2670193910598755 -1.8577404022216797
0.46945539116859436 -0.5955293774604797 0.6518867015838623 0.19508852064609528 0.10115750879049301 -0.6971629858016968 -0.7097398638725281 -0.5436760187149048 0.8771423697471619 0.39913442730903625 -0.2670445740222931 -1.8577438592910767
0.4694375693798065 -0.5955392122268677 0.6518906354904175 0.19500720500946045 0.10126509517431259 -0.6971121430397034 -0.7097744345664978 -0.5437297224998474 0.8771395087242126 0.39920851588249207 -0.2669432461261749 -1.8577760457992554
0.4694727063179016 -0.5955241322517395 0.6518790125846863 0.1950184553861618 0.101204052567482 -0.6971389055252075 -0.7097569108009338 -0.5437226295471191 0.8771277070045471 0.39918428659439087 -0.2670181691646576 -1.8578108549118042
0.4694194197654724 -0.5954699516296387 0.65196692943573 0.19505901634693146 0.1012784019112587 -0.6971904635429382 -0.7096956372261047 -0.5437098145484924 0.8771476745605469 0.3991750478744507 -0.26696643233299255 -1.8578250408172607
0.4694720208644867 -0.5954487919807434 0.6519483327865601 0.19504037499427795 0.1012553870677948 -0.6971979141235352 -0.70969158411026 -0.5437329411506653 0.877122163772583 0.3991936147212982 -0.26702243089675903 -1.857759714126587
0.4694760739803314 -0.5954322218894958 0.6519606113433838 0.1950407326221466 0.10141604393720627 -0.6971408724784851 -0.7097247242927551 -0.5436595678329468 0.8771014213562012 0.39931800961494446 -0.2669045031070709 -1.8577173948287964
0.4694134294986725 -0.5953903794288635 0.652043879032135 0.19507014751434326 0.1015043556690216 -0.6971772313117981 -0.7096763849258423 -0.5436376333236694 0.8771247267723083 0.3993168771266937 -0.26682955026626587 -1.8577241897583008
0.4695175290107727 -0.5953115820884705 0.6520408391952515 0.1950787454843521 0.10140550881624222 -0.6972563862800598 -0.7096127271652222 -0.5437405705451965 0.8770804405212402 0.3992961347103119 -0.26700612902641296 -1.857827067375183
0.4694080948829651 -0.5952383279800415 0.6521865129470825 0.1950504034757614 0.10151101648807526 -0.6973422765731812 -0.709513247013092 -0.5437013506889343 0.8771268129348755 0.3992553651332855 -0.2669147849082947 -1.8578755855560303
0.4694742262363434 -0.5952187180519104 0.6521568298339844 0.19502834975719452 0.10141494870185852 -0.6973745822906494 -0.7094951868057251 -0.5437273979187012 0.8771025538444519 0.39922812581062317 -0.26703524589538574 -1.857845425605774
0.4695003628730774 -0.595276415348053 0.6520853638648987 0.1950421780347824 0.10139346867799759 -0.6973086595535278 -0.7095630764961243 -0.5437997579574585 0.8770910501480103 0.3992573022842407 -0.26702943444252014 -1.8578468561172485
0.4695186913013458 -0.5952553153038025 0.652091383934021 0.19503174722194672 0.10140922665596008 -0.6973153352737427 -0.7095542550086975 -0.543688952922821 0.877079427242279 0.39927706122398376 -0.26703813672065735 -1.8577252626419067
0.4694545567035675 -0.5952045321464539 0.6521839499473572 0.19505910575389862 0.10150604695081711 -0.697358250617981 -0.7094982266426086 -0.5436683297157288 0.8771025538444519 0.3992777466773987 -0.26696109771728516 -1.8577276468276978
0.46951860189437866 -0.5952413082122803 0.6521042585372925 0.19503961503505707 0.10144694894552231 -0.6973134875297546 -0.709550678730011 -0.5437470078468323 0.8770750761032104 0.3993012011051178 -0.26701614260673523 -1.857803225517273
0.4694947898387909 -0.5952522158622742 0.6521114706993103 0.19504350423812866 0.10145226866006851 -0.6973109841346741 -0.7095523476600647 -0.5437579154968262 0.8770872354507446 0.3992893099784851 -0.2669941186904907 -1.8578128814697266
0.4695258140563965 -0.5953076481819153 0.6520385146141052 0.1950581967830658 0.10136562585830688 -0.6972746849060059 -0.7096004486083984 -0.5436931848526001 0.8770806193351746 0.3992699980735779 -0.26704466342926025 -1.8577712774276733
0.4694589376449585 -0.5953595638275146 0.6520392894744873 0.1950647383928299 0.1013878658413887 -0.6972412467002869 -0.7096301317214966 -0.5436712503433228 0.8771138787269592 0.3992510437965393 -0.26696380972862244 -1.8577789068222046
0.4693968594074249 -0.5954076647758484 0.6520400643348694 0.19505751132965088 0.10139041393995285 -0.6972184777259827 -0.7096521258354187 -0.5436338782310486 0.8771467804908752 0.3992190659046173 -0.26690346002578735 -1.8577600717544556
0.4694063067436218 -0.5954239964485168 0.6520183682441711 0.19506536424160004 0.10137419402599335 -0.6972034573554993 -0.7096692323684692 -0.5436298251152039 0.8771436214447021 0.3992210328578949 -0.26691100001335144 -1.857766032218933
0.4694083631038666 -0.5953739285469055 0.6520625948905945 0.19505850970745087 0.10138162970542908 -0.6972534656524658 -0.7096189856529236 -0.543643593788147 0.8771416544914246 0.3992082178592682 -0.2669365704059601 -1.8577510118484497
0.46940818428993225 -0.5953627228736877 0.6520729064941406 0.19506444036960602 0.10139741003513336 -0.6972585320472717 -0.709611713886261 -0.543639600276947 0.8771399259567261 0.39921605587005615 -0.26693058013916016 -1.857759952545166
0.4694666862487793 -0.5953506827354431 0.6520418524742126 0.19502006471157074 0.1014489084482193 -0.6972193121910095 -0.7096429467201233 -0.5436909794807434 0.8771026730537415 0.3993026316165924 -0.2669234871864319 -1.8578349351882935
0.469520628452301 -0.5953124761581421 0.6520378589630127 0.19500292837619781 0.10133451223373413 -0.6972861886024475 -0.7095935344696045 -0.5436815619468689 0.8770869970321655 0.39924269914627075 -0.26706448197364807 -1.8577961921691895
0.4695588946342468 -0.5953085422515869 0.652013897895813 0.19502082467079163 0.1013684868812561 -0.6972560882568359 -0.709618330001831 -0.5437188148498535 0.8770625591278076 0.3993012309074402 -0.2670572102069855 -1.8577935695648193
0.4695344865322113 -0.5953667163848877 0.6519783735275269 0.1950177699327469 0.1011756882071495 -0.6972926259040833 -0.7096099257469177 -0.5437245965003967 0.8770979046821594 0.39915066957473755 -0.26716622710227966 -1.857785701751709
0.4694233238697052 -0.5954661965370178 0.6519675254821777 0.19504313170909882 0.10120841860771179 -0.697224497795105 -0.709672212600708 -0.5437315106391907 0.8771536350250244 0.3991212546825409 -0.2670271694660187 -1.857791543006897
0.4693472385406494 -0.5955185294151306 0.6519744992256165 0.19503253698349 0.10126788914203644 -0.6971781253814697 -0.7097092270851135 -0.5436893105506897 0.8771874904632568 0.3991241157054901 -0.26691165566444397 -1.8577402830123901
0.46934938430786133 -0.5955366492271423 0.6519564390182495 0.19503188133239746 0.10128253698348999 -0.697150707244873 -0.7097341418266296 -0.5436939597129822 0.8771846890449524 0.3991450369358063 -0.26688969135284424 -1.8577449321746826
0.4693452715873718 -0.595490038394928 0.6520019769668579 0.19506771862506866 0.10119807720184326 -0.6972419023513794 -0.7096565365791321 -0.5437271595001221 0.8771966099739075 0.39905527234077454 -0.2669846713542938 -1.8577821254730225
