# 3x4 first row second row third row Freq: 100 current Time: 2021-07-30-20:00:47
0.5438199043273926 0.07821107655763626 0.8355494141578674 0.4255939722061157 0.06491519510746002 -0.9965847730636597 0.05103444308042526 -0.7671141028404236 0.8366873860359192 0.026486312970519066 -0.5470396876335144 -1.6635323762893677
0.5438113808631897 0.07821328192949295 0.8355547785758972 0.4256240725517273 0.06496498733758926 -0.9965830445289612 0.051004841923713684 -0.7671586871147156 0.8366891145706177 0.026544803753495216 -0.5470342040061951 -1.6635507345199585
0.5438461899757385 0.07820753008127213 0.8355326652526855 0.4255952835083008 0.06499813497066498 -0.9965823888778687 0.05097499117255211 -0.7671855688095093 0.8366639018058777 0.026585515588521957 -0.5470708012580872 -1.6635546684265137
0.543815553188324 0.07821238785982132 0.8355521559715271 0.4256056249141693 0.06498144567012787 -0.996582567691803 0.05099286139011383 -0.7671554088592529 0.8366851210594177 0.02656467817723751 -0.5470393896102905 -1.6635583639144897
0.5438827872276306 0.07831764966249466 0.8354985117912292 0.42559289932250977 0.06497197598218918 -0.9965765476226807 0.05112206190824509 -0.7671513557434082 0.8366421461105347 0.026479583233594894 -0.5471092462539673 -1.6635481119155884
0.5438643097877502 0.07831702381372452 0.8355106115341187 0.42559927701950073 0.0649617537856102 -0.9965769052505493 0.05112869665026665 -0.7671160697937012 0.8366549611091614 0.026469167321920395 -0.5470901727676392 -1.663551926612854
0.543872594833374 0.07821721583604813 0.8355145454406738 0.425597220659256 0.06484843790531158 -0.9965866208076477 0.05108343064785004 -0.7671781182289124 0.8366583585739136 0.02639894187450409 -0.5470883250236511 -1.6635172367095947
0.5438663959503174 0.07823719829320908 0.8355166912078857 0.4255991578102112 0.06484805792570114 -0.9965853691101074 0.051107749342918396 -0.7671433091163635 0.8366624116897583 0.026385856792330742 -0.547082781791687 -1.6635080575942993
0.5438544750213623 0.07821390777826309 0.835526704788208 0.425584614276886 0.0648297667503357 -0.996587336063385 0.051092375069856644 -0.7671981453895569 0.8366715908050537 0.02638019248843193 -0.5470689535140991 -1.6634912490844727
0.5438535809516907 0.07824820280075073 0.8355240225791931 0.42556020617485046 0.06486007571220398 -0.9965842962265015 0.05111350119113922 -0.7671913504600525 0.8366698026657104 0.026393894106149673 -0.5470710396766663 -1.6634800434112549
0.543876051902771 0.0780986025929451 0.8355234265327454 0.4256039261817932 0.06489919126033783 -0.9965922236442566 0.050908636301755905 -0.7672643661499023 0.8366521596908569 0.026536809280514717 -0.5470911264419556 -1.6635280847549438
0.5438859462738037 0.07815112173557281 0.8355120420455933 0.42561301589012146 0.06493105739355087 -0.9965880513191223 0.0509500615298748 -0.7672361135482788 0.8366432785987854 0.02653966285288334 -0.5471045970916748 -1.6635206937789917
0.54388427734375 0.07815811038017273 0.8355125188827515 0.4256192445755005 0.06489676982164383 -0.9965887069702148 0.050980884581804276 -0.7672577500343323 0.8366470336914062 0.02649437077343464 -0.5471010804176331 -1.6636054515838623
0.5439288020133972 0.0780966579914093 0.8354892730712891 0.42559948563575745 0.06486395001411438 -0.9965935945510864 0.05092736706137657 -0.7672646045684814 0.8366206288337708 0.02649228274822235 -0.5471414923667908 -1.6636146306991577
0.5439161658287048 0.07805993407964706 0.8355008959770203 0.4256177842617035 0.06488459557294846 -0.9965951442718506 0.050870541483163834 -0.7672893404960632 0.8366272449493408 0.02654183655977249 -0.5471290349960327 -1.6635907888412476
0.5439921021461487 0.07813353836536407 0.8354446291923523 0.42557528614997864 0.0649905651807785 -0.9965874552726746 0.05088615044951439 -0.7673056125640869 0.8365696668624878 0.026614360511302948 -0.5472135543823242 -1.663624882698059
0.5439972877502441 0.07809597253799438 0.8354447484016418 0.42557936906814575 0.06490044295787811 -0.9965925812721252 0.050900090485811234 -0.7672936320304871 0.8365732431411743 0.02653122879564762 -0.5472120642662048 -1.6636313199996948
0.5440064072608948 0.07812532782554626 0.8354360461235046 0.4255913496017456 0.0648910254240036 -0.9965910911560059 0.05094092711806297 -0.7672605514526367 0.8365680575370789 0.026500120759010315 -0.5472214818000793 -1.6636278629302979
0.543996274471283 0.07798147946596146 0.8354560732841492 0.42561450600624084 0.06482823193073273 -0.9966018199920654 0.0508107915520668 -0.7672881484031677 0.8365795016288757 0.026520267128944397 -0.547203004360199 -1.6635828018188477
0.5439493656158447 0.077919140458107 0.8354924321174622 0.4256282150745392 0.06475640088319778 -0.9966078400611877 0.05078518018126488 -0.7672046422958374 0.8366155624389648 0.026478923857212067 -0.5471498966217041 -1.6635682582855225
0.5439411401748657 0.07794234901666641 0.83549565076828 0.42563989758491516 0.06476235389709473 -0.9966062307357788 0.05080927908420563 -0.7671725153923035 0.8366204500198364 0.02647140994668007 -0.5471428036689758 -1.6635695695877075
0.5439106822013855 0.07797383517026901 0.8355125188827515 0.42562034726142883 0.06481229513883591 -0.9966026544570923 0.05081532895565033 -0.767210066318512 0.8366364240646362 0.026512494310736656 -0.5471163988113403 -1.6636134386062622
0.5439196825027466 0.07795245200395584 0.8355086445808411 0.425625741481781 0.06476516276597977 -0.9966054558753967 0.050820302218198776 -0.7671819925308228 0.8366342186927795 0.026469700038433075 -0.5471218824386597 -1.6636191606521606
0.5439665913581848 0.078019879758358 0.8354718089103699 0.42559757828712463 0.06465569883584976 -0.9966049194335938 0.050970565527677536 -0.7671472430229187 0.8366121649742126 0.026291735470294952 -0.5471641421318054 -1.6635332107543945
0.5439636707305908 0.07807241380214691 0.8354688286781311 0.42555171251296997 0.06470702588558197 -0.9966000914573669 0.05099976435303688 -0.7671604156494141 0.8366100788116455 0.026318689808249474 -0.5471659898757935 -1.6635295152664185
0.5438844561576843 0.07801474630832672 0.8355257511138916 0.42565447092056274 0.06471449881792068 -0.9966031908988953 0.05092906579375267 -0.7672578692436218 0.8366609811782837 0.02637110836803913 -0.5470856428146362 -1.6635549068450928
0.5438825488090515 0.078020378947258 0.8355264663696289 0.42561933398246765 0.064686618745327 -0.9966037273406982 0.05095408111810684 -0.7672811150550842 0.8366643786430359 0.026334354653954506 -0.5470821857452393 -1.6635537147521973
0.5438637733459473 0.07792258262634277 0.8355478644371033 0.4255991578102112 0.06463228166103363 -0.9966113567352295 0.05087367445230484 -0.767235517501831 0.8366808295249939 0.02633501961827278 -0.547057032585144 -1.6636052131652832
0.5438715815544128 0.07804127037525177 0.8355316519737244 0.42557257413864136 0.06473968923091888 -0.9966007471084595 0.05094470828771591 -0.7672422528266907 0.8366674184799194 0.026384688913822174 -0.5470751523971558 -1.6636191606521606
0.5438836216926575 0.07799903303384781 0.835527777671814 0.42557060718536377 0.06471331417560577 -0.9966042041778564 0.05091112479567528 -0.7671813368797302 0.8366616368293762 0.026380054652690887 -0.5470842123031616 -1.6636155843734741
0.5438711047172546 0.07798051089048386 0.8355376720428467 0.42559292912483215 0.06472604721784592 -0.9966049194335938 0.05088117718696594 -0.7672455310821533 0.8366687893867493 0.026408251374959946 -0.5470719337463379 -1.6635653972625732
0.5438905954360962 0.07793989032506943 0.8355287909507751 0.42559814453125 0.06473902612924576 -0.9966070055961609 0.050823505967855453 -0.7672223448753357 0.8366551399230957 0.026448899880051613 -0.5470908284187317 -1.663565993309021
0.5439149141311646 0.07792671024799347 0.8355141878128052 0.4256284236907959 0.06470117717981339 -0.9966090321540833 0.050831619650125504 -0.7672895789146423 0.8366422653198242 0.026410682126879692 -0.5471124053001404 -1.663543701171875
0.5438941717147827 0.07795024663209915 0.8355254530906677 0.425638884305954 0.06470713019371033 -0.9966073632240295 0.050856586545705795 -0.7672745585441589 0.8366552591323853 0.02640385739505291 -0.5470927953720093 -1.663540005683899
0.5438949465751648 0.07790908217430115 0.8355287909507751 0.4256593883037567 0.0645986795425415 -0.9966133236885071 0.0508783720433712 -0.7672463059425354 0.8366631269454956 0.026301570236682892 -0.547085702419281 -1.6635491847991943
0.5439044833183289 0.0779082402586937 0.8355226516723633 0.42568257451057434 0.06461542099714279 -0.9966128468513489 0.050866059958934784 -0.7672229409217834 0.8366556763648987 0.026321381330490112 -0.5470961928367615 -1.663549542427063
0.5439170598983765 0.0778256356716156 0.8355221748352051 0.42568495869636536 0.0646158903837204 -0.99661785364151 0.05076674744486809 -0.7672960162162781 0.8366474509239197 0.026375116780400276 -0.547106146812439 -1.6635712385177612
0.5438857674598694 0.07793305814266205 0.835532546043396 0.42569804191589355 0.06469295918941498 -0.9966088533401489 0.050845663994550705 -0.7673484683036804 0.8366618752479553 0.026398850604891777 -0.5470830202102661 -1.6635785102844238
0.543912410736084 0.07791267335414886 0.8355171084403992 0.42572012543678284 0.064674012362957 -0.9966107606887817 0.05083273723721504 -0.7673438787460327 0.8366459608078003 0.026387691497802734 -0.5471078157424927 -1.6635838747024536
0.5439414381980896 0.0778760239481926 0.8355016112327576 0.42562779784202576 0.06463099271059036 -0.996614396572113 0.05081606283783913 -0.7672537565231323 0.8366304039955139 0.026358339935541153 -0.5471330285072327 -1.6635572910308838
0.5439437627792358 0.07789190858602524 0.8354986310005188 0.4256313741207123 0.06463383883237839 -0.9966133236885071 0.05083306133747101 -0.7672281265258789 0.8366287350654602 0.026351165026426315 -0.5471359491348267 -1.66355562210083
0.5439794063568115 0.07788219302892685 0.8354763388633728 0.4256001114845276 0.06461235135793686 -0.9966146945953369 0.050834182649850845 -0.7672668695449829 0.8366071581840515 0.026329349726438522 -0.5471699237823486 -1.6635771989822388
0.5440183877944946 0.07788372784852982 0.8354507684707642 0.42559945583343506 0.06463019549846649 -0.9966140985488892 0.05082288384437561 -0.7672359347343445 0.8365804553031921 0.02634676732122898 -0.5472099781036377 -1.663585901260376
0.5439727306365967 0.07787065207958221 0.8354817628860474 0.42561304569244385 0.06456540524959564 -0.9966168403625488 0.05085137113928795 -0.7671526670455933 0.8366151452064514 0.02628146857023239 -0.5471600294113159 -1.6635816097259521
0.5439754128456116 0.07783930748701096 0.8354829549789429 0.4256439805030823 0.06468046456575394 -0.9966151118278503 0.0507386289536953 -0.7672414183616638 0.8366045355796814 0.026438863947987556 -0.5471687316894531 -1.6636117696762085
0.543961226940155 0.07786501944065094 0.8354897499084473 0.425627201795578 0.06465455144643784 -0.9966143369674683 0.050786785781383514 -0.7672699689865112 0.8366157412528992 0.02639218047261238 -0.5471538305282593 -1.6635746955871582
0.5439485907554626 0.07785278558731079 0.8354991674423218 0.42563483119010925 0.06462997198104858 -0.9966158270835876 0.05078873783349991 -0.7672488689422607 0.836625874042511 0.026371831074357033 -0.5471392869949341 -1.6635745763778687
0.543998658657074 0.077989861369133 0.8354537487030029 0.4255838692188263 0.06464860588312149 -0.9966070055961609 0.05093818157911301 -0.7672874927520752 0.8365918397903442 0.026300624012947083 -0.5471947193145752 -1.6635918617248535
0.5440027117729187 0.07799242436885834 0.8354508876800537 0.42558738589286804 0.06465751677751541 -0.9966065883636475 0.05093526095151901 -0.7672718167304993 0.8365885615348816 0.026309270411729813 -0.5471993684768677 -1.6635916233062744
0.5439770221710205 0.07792629301548004 0.8354737758636475 0.4256013035774231 0.06464976072311401 -0.9966108202934265 0.05086241289973259 -0.7673314809799194 0.8366058468818665 0.026345200836658478 -0.5471712350845337 -1.6635857820510864
0.5439825654029846 0.07803745567798615 0.8354597687721252 0.42558205127716064 0.06473509222269058 -0.9966013431549072 0.05093899369239807 -0.7673293352127075 0.8365956544876099 0.026373649016022682 -0.547185480594635 -1.663574457168579
0.543952226638794 0.07807635515928268 0.8354759216308594 0.4255886673927307 0.06467181444168091 -0.9966009259223938 0.051027920097112656 -0.7672533392906189 0.8366202712059021 0.026274999603629112 -0.5471525192260742 -1.6635817289352417
0.5439621210098267 0.07796746492385864 0.8354796171188354 0.42556947469711304 0.0646246075630188 -0.9966090321540833 0.05092853680253029 -0.7672423720359802 0.8366174697875977 0.026289351284503937 -0.5471561551094055 -1.6635799407958984
0.5439295768737793 0.07802879810333252 0.835495114326477 0.42560556530952454 0.0646168515086174 -0.9966055154800415 0.051007989794015884 -0.7672572135925293 0.8366392254829407 0.026242312043905258 -0.5471251010894775 -1.6635838747024536
0.5438452959060669 0.07799788564443588 0.8355528116226196 0.425581693649292 0.06469807773828506 -0.9966046810150146 0.05092116445302963 -0.7672820687294006 0.8366877436637878 0.026365431025624275 -0.5470449924468994 -1.6636334657669067
0.5438305139541626 0.07799647748470306 0.8355625867843628 0.4255813956260681 0.06468705832958221 -0.9966050982475281 0.05092724785208702 -0.767259955406189 0.8366982340812683 0.02635430544614792 -0.5470295548439026 -1.6636348962783813
0.5438217520713806 0.0779028832912445 0.8355770111083984 0.425565242767334 0.06462011486291885 -0.9966128468513489 0.050859708338975906 -0.7672479748725891 0.8367090821266174 0.02633647620677948 -0.5470137596130371 -1.6636357307434082
0.5438044667243958 0.07778323441743851 0.835599422454834 0.42562904953956604 0.06458257883787155 -0.996621310710907 0.05074218660593033 -0.767227828502655 0.8367232084274292 0.026371344923973083 -0.5469904541969299 -1.663618564605713
0.5438448190689087 0.07788525521755219 0.8355636596679688 0.42560505867004395 0.06463216990232468 -0.996613621711731 0.05082992836833 -0.7672296166419983 0.8366931080818176 0.026360705494880676 -0.5470370054244995 -1.6636168956756592
0.5438719987869263 0.07786332815885544 0.8355479836463928 0.4256332516670227 0.06458685547113419 -0.9966164231300354 0.05083238333463669 -0.7673091888427734 0.8366789817810059 0.026319116353988647 -0.5470606684684753 -1.6635648012161255
0.5438963174819946 0.07787327468395233 0.8355312943458557 0.4256148338317871 0.06453817337751389 -0.9966173768043518 0.05087516829371452 -0.7673386931419373 0.8366669416427612 0.026252854615449905 -0.547082245349884 -1.6636173725128174
0.5439360737800598 0.0778762474656105 0.8355050683021545 0.42562389373779297 0.06457757949829102 -0.9966160655021667 0.05085145682096481 -0.7673263549804688 0.8366380333900452 0.02629496157169342 -0.5471243858337402 -1.663611888885498
0.5439085960388184 0.0777042806148529 0.8355389833450317 0.4256483316421509 0.06453556567430496 -0.9966277480125427 0.05067484453320503 -0.7673520445823669 0.8366591334342957 0.02635950781404972 -0.5470889806747437 -1.6636325120925903
0.5439145565032959 0.07773686945438385 0.8355320692062378 0.425670862197876 0.06453307718038559 -0.9966259002685547 0.050715118646621704 -0.7673333883285522 0.8366554379463196 0.026334768161177635 -0.5470958352088928 -1.663633108139038
0.5438632965087891 0.07774373143911362 0.8355648517608643 0.4257112145423889 0.06458710134029388 -0.9966236352920532 0.050689902156591415 -0.7673081755638123 0.8366846442222595 0.026398340240120888 -0.5470481514930725 -1.6636275053024292
0.5438705086708069 0.07778212428092957 0.8355565071105957 0.4256458580493927 0.06460193544626236 -0.9966208934783936 0.05072572082281113 -0.7672996520996094 0.8366788029670715 0.026390351355075836 -0.5470575094223022 -1.6635990142822266
0.5438805818557739 0.07782448828220367 0.8355460166931152 0.4256603717803955 0.06461524218320847 -0.9966179132461548 0.05076717585325241 -0.7672775387763977 0.8366711735725403 0.026377728208899498 -0.5470697283744812 -1.6635879278182983
0.5438938140869141 0.077743299305439 0.835545003414154 0.42565709352493286 0.06460167467594147 -0.9966232776641846 0.05067870765924454 -0.7672755122184753 0.8366636633872986 0.026413774117827415 -0.5470795035362244 -1.6635799407958984
0.5439147353172302 0.07774047553539276 0.8355316519737244 0.42568105459213257 0.06456203013658524 -0.996624767780304 0.05070048198103905 -0.7673426866531372 0.8366531133651733 0.026366885751485825 -0.54709792137146 -1.6636639833450317
0.5439332723617554 0.07766459137201309 0.8355265855789185 0.4256320893764496 0.06459005922079086 -0.9966285228729248 0.050590939819812775 -0.7673430442810059 0.836638867855072 0.026448624208569527 -0.547115683555603 -1.663628339767456
0.5439118146896362 0.07764846086502075 0.8355420827865601 0.42563435435295105 0.06455931812524796 -0.9966303706169128 0.050592608749866486 -0.7673308849334717 0.8366551995277405 0.026424113661050797 -0.5470919609069824 -1.663624882698059
0.5439265966415405 0.07768653333187103 0.8355289101600647 0.42563512921333313 0.06456432491540909 -0.9966279864311218 0.05063419044017792 -0.7673003673553467 0.8366451859474182 0.026404082775115967 -0.5471081733703613 -1.663588285446167
0.5439318418502808 0.07771489769220352 0.8355228304862976 0.4256144165992737 0.0645822063088417 -0.9966256618499756 0.05065613240003586 -0.7673026919364929 0.8366404175758362 0.02640642784535885 -0.5471153855323792 -1.6635863780975342
0.543907642364502 0.0777050331234932 0.8355395197868347 0.4256300926208496 0.0646476224064827 -0.9966241717338562 0.0506025031208992 -0.767328143119812 0.836651086807251 0.026492560282349586 -0.5470948815345764 -1.6636083126068115
0.5439178943634033 0.07775083184242249 0.8355286121368408 0.42563775181770325 0.06470812112092972 -0.9966195225715637 0.05061718076467514 -0.7673026919364929 0.8366397619247437 0.026533905416727066 -0.5471101999282837 -1.6636041402816772
0.5439140200614929 0.07776382565498352 0.8355299234390259 0.4255978763103485 0.06467150151729584 -0.9966198801994324 0.050656769424676895 -0.7672991156578064 0.8366451263427734 0.026482054963707924 -0.54710453748703 -1.66362464427948
0.5439433455467224 0.07781240344047546 0.8355063199996948 0.4255894124507904 0.06469123810529709 -0.9966163635253906 0.05070070922374725 -0.7672888040542603 0.8366245627403259 0.026471631601452827 -0.5471365451812744 -1.6636232137680054
0.543906569480896 0.0777357965707779 0.8355373740196228 0.42559948563575745 0.06471129506826401 -0.9966202974319458 0.050597596913576126 -0.7673093676567078 0.8366469144821167 0.026548350229859352 -0.5470986366271973 -1.6636337041854858
0.5439404845237732 0.07782565802335739 0.8355069160461426 0.42557206749916077 0.06477730721235275 -0.9966127872467041 0.050660330802202225 -0.7673198580741882 0.8366197347640991 0.026565689593553543 -0.5471393465995789 -1.6636371612548828
0.543994128704071 0.07778992503881454 0.8354753255844116 0.42555680871009827 0.06482601910829544 -0.9966135621070862 0.05058381333947182 -0.7673242688179016 0.8365810513496399 0.026643244549632072 -0.5471946597099304 -1.6636615991592407
0.5439603924751282 0.07778557389974594 0.8354977369308472 0.4255855977535248 0.06480308622121811 -0.9966144561767578 0.05059489980340004 -0.767275333404541 0.8366047739982605 0.026621216908097267 -0.5471594929695129 -1.6636571884155273
0.5439941883087158 0.07788939774036407 0.8354660272598267 0.42559948563575745 0.06488479673862457 -0.996605634689331 0.0506640188395977 -0.7673109173774719 0.8365764617919922 0.02664811909198761 -0.5472014546394348 -1.6636654138565063
0.5439853668212891 0.07788614183664322 0.835472047328949 0.425604909658432 0.06487133353948593 -0.9966062307357788 0.05066928267478943 -0.7672935724258423 0.8365832567214966 0.02663484774529934 -0.5471917390823364 -1.6636615991592407
0.5439273118972778 0.07789967209100723 0.8355086445808411 0.42561957240104675 0.06479906290769577 -0.9966076016426086 0.05073488876223564 -0.767311155796051 0.8366266489028931 0.02654409036040306 -0.5471298098564148 -1.6636240482330322
0.5438958406448364 0.07780125737190247 0.8355382680892944 0.4256711006164551 0.06470857560634613 -0.9966163635253906 0.05067785829305649 -0.767306387424469 0.8366540670394897 0.026503026485443115 -0.5470898151397705 -1.663615107536316
0.5439332127571106 0.077728770673275 0.8355206847190857 0.42569246888160706 0.06465135514736176 -0.9966226816177368 0.05062741041183472 -0.767277717590332 0.8366342186927795 0.026479624211788177 -0.5471213459968567 -1.6636062860488892
0.5439677834510803 0.07774389535188675 0.8354967832565308 0.42565953731536865 0.06467462331056595 -0.9966210722923279 0.05062892287969589 -0.7672693729400635 0.8366098999977112 0.026494940742850304 -0.5471577644348145 -1.6636415719985962
0.5439500212669373 0.07771563529968262 0.8355109691619873 0.4256404936313629 0.06471023708581924 -0.9966216087341309 0.05057260021567345 -0.7672705054283142 0.8366187214851379 0.026557153090834618 -0.5471412539482117 -1.6636486053466797
0.5439425706863403 0.07776489853858948 0.8355112075805664 0.42562004923820496 0.06471844017505646 -0.996618390083313 0.050626274198293686 -0.7673470377922058 0.8366228938102722 0.02653520181775093 -0.5471359491348267 -1.6636745929718018
0.5439518690109253 0.0777403861284256 0.8355074524879456 0.42562755942344666 0.06471354514360428 -0.9966199994087219 0.05059988424181938 -0.7673339247703552 0.8366172313690186 0.026544751599431038 -0.5471441149711609 -1.6636731624603271
0.5439715385437012 0.07777902483940125 0.8354910612106323 0.42562049627304077 0.06465104222297668 -0.996619701385498 0.05068611353635788 -0.7672979831695557 0.8366093039512634 0.026443568989634514 -0.5471612215042114 -1.6636520624160767
0.5439281463623047 0.07779766619205475 0.8355175852775574 0.4256337285041809 0.0647474005818367 -0.9966154098510742 0.05064696818590164 -0.7672967314720154 0.8366300463676453 0.026549285277724266 -0.5471243262290955 -1.663670539855957
0.54390949010849 0.07776294648647308 0.8355329632759094 0.42565256357192993 0.06470426917076111 -0.9966188669204712 0.0506344698369503 -0.7672621607780457 0.8366455435752869 0.026521986350417137 -0.5471019744873047 -1.663665533065796
0.5438811182975769 0.07782211154699326 0.8355458974838257 0.4256616234779358 0.06473521888256073 -0.9966142773628235 0.05068587511777878 -0.7673090696334839 0.8366615772247314 0.026522159576416016 -0.547077476978302 -1.6636955738067627
0.5438635945320129 0.07771377265453339 0.8355674147605896 0.42566269636154175 0.06467609852552414 -0.9966226816177368 0.0505959652364254 -0.7673012018203735 0.8366775512695312 0.02652394212782383 -0.5470529794692993 -1.6636909246444702
0.5439223647117615 0.07782725989818573 0.8355185985565186 0.42558950185775757 0.06467360258102417 -0.9966159462928772 0.05073074996471405 -0.7672889232635498 0.8366395235061646 0.02644241228699684 -0.5471150279045105 -1.66365385055542
0.5439785122871399 0.07780110090970993 0.8354844450950623 0.42560774087905884 0.06454097479581833 -0.99662184715271 0.050784166902303696 -0.7672827839851379 0.8366132974624634 0.026297491043806076 -0.5471621751785278 -1.663666009902954
0.543976902961731 0.07781405001878738 0.8354843258857727 0.4255678057670593 0.06455228477716446 -0.9966207146644592 0.050792280584573746 -0.7672911882400513 0.8366134166717529 0.026302598416805267 -0.5471616387367249 -1.6636675596237183
0.5440186262130737 0.07779721915721893 0.8354586958885193 0.42564117908477783 0.06457112729549408 -0.9966211915016174 0.05075831711292267 -0.767326831817627 0.8365848660469055 0.026333045214414597 -0.5472038984298706 -1.663690447807312
0.544040858745575 0.07775325328111649 0.8354483246803284 0.4256713092327118 0.06454508006572723 -0.996624767780304 0.05072207376360893 -0.7672897577285767 0.8365724086761475 0.02632920816540718 -0.5472230911254883 -1.663681983947754
0.5439900755882263 0.07776723057031631 0.8354800939559937 0.4256840646266937 0.06456254422664642 -0.9966232180595398 0.05072922632098198 -0.7673014402389526 0.836604118347168 0.026344530284404755 -0.5471739172935486 -1.6636732816696167
