# 3x4 first row second row third row Freq: 100 current Time: 2021-07-30-20:01:00
0.31515899300575256 -0.34367939829826355 0.8846237659454346 0.15518738329410553 -0.32058629393577576 -0.9158863425254822 -0.24161195755004883 -0.7147476673126221 0.8932520151138306 -0.20745208859443665 -0.3988286256790161 -2.0812342166900635
0.3150956630706787 -0.3437277674674988 0.8846275210380554 0.1552058905363083 -0.32056716084480286 -0.9158735275268555 -0.24168577790260315 -0.7147535681724548 0.8932812213897705 -0.20742841064929962 -0.39877551794052124 -2.081233024597168
0.3151412904262543 -0.3437666893005371 0.8845961093902588 0.15518979728221893 -0.32058489322662354 -0.9158616662025452 -0.2417072206735611 -0.7148061990737915 0.8932587504386902 -0.20741625130176544 -0.39883214235305786 -2.0812864303588867
0.3151390552520752 -0.3438129127025604 0.8845789432525635 0.15517860651016235 -0.3205995559692383 -0.915845513343811 -0.24174906313419342 -0.7147561311721802 0.893254280090332 -0.20741109549999237 -0.3988448679447174 -2.0813162326812744
0.31514906883239746 -0.3438577353954315 0.8845579624176025 0.15517756342887878 -0.3206377923488617 -0.9158250093460083 -0.2417759746313095 -0.7147592306137085 0.8932369947433472 -0.2074272781610489 -0.3988751173019409 -2.081286668777466
0.3151141405105591 -0.3438717722892761 0.8845649361610413 0.1551666110754013 -0.32066774368286133 -0.9158120155334473 -0.24178554117679596 -0.7147574424743652 0.8932386040687561 -0.20746144652366638 -0.3988538086414337 -2.0813000202178955
0.31511399149894714 -0.3438568711280823 0.884570837020874 0.15514753758907318 -0.3206607699394226 -0.9158176779747009 -0.24177326261997223 -0.7147773504257202 0.8932411670684814 -0.20746107399463654 -0.3988482654094696 -2.08132004737854
0.31511858105659485 -0.34387314319610596 0.8845628499984741 0.15518073737621307 -0.320643812417984 -0.9158174991607666 -0.2417965829372406 -0.7147606611251831 0.8932456374168396 -0.20743504166603088 -0.39885178208351135 -2.081310510635376
0.3150428831577301 -0.34388095140457153 0.884586751461029 0.15515755116939545 -0.3205627202987671 -0.9158293604850769 -0.2418590635061264 -0.7147303819656372 0.8933014273643494 -0.2073695957660675 -0.3987608253955841 -2.0812599658966064
0.3150632083415985 -0.3437879979610443 0.8846156597137451 0.1551809012889862 -0.32063350081443787 -0.9158396124839783 -0.2417263388633728 -0.7146347165107727 0.8932688236236572 -0.2074783891439438 -0.39877721667289734 -2.0813019275665283
0.3149671256542206 -0.34384045004844666 0.884629487991333 0.1551954597234726 -0.32063400745391846 -0.9158190488815308 -0.24180352687835693 -0.7146833539009094 0.8933025598526001 -0.20748217403888702 -0.3986997604370117 -2.081312656402588
0.3149557113647461 -0.3437767028808594 0.8846583366394043 0.15515512228012085 -0.3206109404563904 -0.9158411026000977 -0.241750568151474 -0.7146968841552734 0.8933148384094238 -0.2074904590845108 -0.3986678719520569 -2.081261396408081
0.314917653799057 -0.3438093662261963 0.8846591711044312 0.15517927706241608 -0.3205931484699249 -0.9158339500427246 -0.24180148541927338 -0.7147029638290405 0.8933346271514893 -0.2074681520462036 -0.3986350893974304 -2.0812599658966064
0.3148743808269501 -0.34374329447746277 0.8847002387046814 0.1551734209060669 -0.32069024443626404 -0.915826678276062 -0.24170014262199402 -0.7146535515785217 0.8933150768280029 -0.20760959386825562 -0.3986053764820099 -2.08121919631958
0.314804345369339 -0.34381964802742004 0.8846955299377441 0.15514807403087616 -0.32065796852111816 -0.9158088564872742 -0.24181042611598969 -0.7146725654602051 0.8933513164520264 -0.20756174623966217 -0.39854902029037476 -2.081209182739258
0.31476449966430664 -0.3437645435333252 0.884731113910675 0.15516595542430878 -0.3206700086593628 -0.9158185720443726 -0.2417576164007187 -0.7147035002708435 0.8933610320091248 -0.20761004090309143 -0.39850208163261414 -2.081254482269287
0.3147450387477875 -0.34376323223114014 0.884738564491272 0.15515828132629395 -0.32064899802207947 -0.9158225655555725 -0.24177029728889465 -0.7146933674812317 0.8933754563331604 -0.20759455859661102 -0.39847785234451294 -2.0812735557556152
0.3148899972438812 -0.3437425494194031 0.8846949934959412 0.15523917973041534 -0.32074084877967834 -0.9158161282539368 -0.2416730672121048 -0.7147104144096375 0.8932913541793823 -0.20765742659568787 -0.39863350987434387 -2.0812058448791504
0.3150070309638977 -0.34379255771636963 0.8846338987350464 0.15522648394107819 -0.3207785189151764 -0.9158011078834534 -0.2416798174381256 -0.7146915793418884 0.8932365775108337 -0.20764075219631195 -0.3987649381160736 -2.0811259746551514
0.31502050161361694 -0.3439040780067444 0.8845857381820679 0.15522409975528717 -0.3208167254924774 -0.9157626032829285 -0.24177499115467072 -0.7146839499473572 0.8932181000709534 -0.2076258510351181 -0.3988140821456909 -2.0811214447021484
0.31501778960227966 -0.34386730194091797 0.8846009969711304 0.15521478652954102 -0.32089704275131226 -0.9157538414001465 -0.24170169234275818 -0.7147563099861145 0.8931902050971985 -0.20772553980350494 -0.39882463216781616 -2.081193208694458
0.3150086998939514 -0.34386441111564636 0.884605348110199 0.1551900953054428 -0.3208060562610626 -0.9157751798629761 -0.24174150824546814 -0.7147568464279175 0.8932260870933533 -0.20763610303401947 -0.3987908363342285 -2.0812034606933594
0.31513670086860657 -0.34385114908218384 0.8845649361610413 0.1551821082830429 -0.32089924812316895 -0.9157652854919434 -0.2416553646326065 -0.7147508263587952 0.8931474685668945 -0.20770178735256195 -0.39893269538879395 -2.0812008380889893
0.3151642978191376 -0.3439106047153473 0.8845319747924805 0.1552240401506424 -0.32086077332496643 -0.9157597422599792 -0.24172745645046234 -0.714725911617279 0.893151581287384 -0.2076278030872345 -0.3989620804786682 -2.081197738647461
0.31514251232147217 -0.3438771367073059 0.8845527768135071 0.15521618723869324 -0.3209564983844757 -0.9157452583312988 -0.24165530502796173 -0.7147238254547119 0.8931248784065247 -0.20774713158607483 -0.398959755897522 -2.0811965465545654
0.31502920389175415 -0.3438076376914978 0.8846201300621033 0.15515825152397156 -0.32089123129844666 -0.9157721996307373 -0.24163976311683655 -0.7147236466407776 0.8931882977485657 -0.20774328708648682 -0.3988197445869446 -2.0812137126922607
0.31501418352127075 -0.34372496604919434 0.884657621383667 0.15516145527362823 -0.3209667205810547 -0.915776252746582 -0.2415241301059723 -0.7146676778793335 0.8931664228439331 -0.20786216855049133 -0.39880669116973877 -2.081225633621216
0.3150264024734497 -0.34371837973594666 0.8846558332443237 0.15520603954792023 -0.3209598660469055 -0.9157804250717163 -0.24151740968227386 -0.7147220373153687 0.8931645750999451 -0.20785468816757202 -0.39881473779678345 -2.081214189529419
0.31518611311912537 -0.34371286630630493 0.8846010565757751 0.15519028902053833 -0.32102981209754944 -0.9157757759094238 -0.2414419800043106 -0.7147270441055298 0.8930830955505371 -0.20788419246673584 -0.3989817798137665 -2.081183671951294
0.31508296728134155 -0.3436564803123474 0.8846597075462341 0.1551688313484192 -0.32098785042762756 -0.9157944321632385 -0.2414272278547287 -0.7147526741027832 0.893134593963623 -0.2078954428434372 -0.3988606631755829 -2.0811896324157715
0.31510379910469055 -0.34359318017959595 0.8846768736839294 0.15519216656684875 -0.3209938108921051 -0.9158115983009338 -0.24135401844978333 -0.7146816849708557 0.8931251168251038 -0.2079242616891861 -0.3988668918609619 -2.081228494644165
0.314995676279068 -0.3436185121536255 0.8847055435180664 0.15521515905857086 -0.32097136974334717 -0.915803074836731 -0.24141629040241241 -0.714663028717041 0.8931713104248047 -0.20792008936405182 -0.3987656235694885 -2.0812323093414307
0.3150503635406494 -0.343546986579895 0.884713888168335 0.15520444512367249 -0.3211096227169037 -0.9157938361167908 -0.2412673532962799 -0.7146243453025818 0.8931023478507996 -0.20807881653308868 -0.3988373279571533 -2.081209421157837
0.31495705246925354 -0.34359315037727356 0.8847291469573975 0.1551726758480072 -0.32107195258140564 -0.9157841205596924 -0.24135443568229675 -0.714590311050415 0.8931487798690796 -0.20804548263549805 -0.3987506926059723 -2.0812299251556396
0.31496167182922363 -0.34375497698783875 0.8846646547317505 0.15508277714252472 -0.32107117772102356 -0.915740430355072 -0.2415211796760559 -0.7146916389465332 0.8931474089622498 -0.20797044038772583 -0.3987928330898285 -2.0811169147491455
0.3149755597114563 -0.3437575399875641 0.884658694267273 0.15505695343017578 -0.32100632786750793 -0.9157556891441345 -0.24154946208000183 -0.714678168296814 0.8931658267974854 -0.20789889991283417 -0.3987888991832733 -2.0811214447021484
0.3150717616081238 -0.34373098611831665 0.884634792804718 0.1550423502922058 -0.32106560468673706 -0.9157552719116211 -0.2414723038673401 -0.7147031426429749 0.8931105732917786 -0.20794473588466644 -0.3988887071609497 -2.0811843872070312
0.31505680084228516 -0.34370505809783936 0.8846501708030701 0.15511062741279602 -0.3209843039512634 -0.9157803058624268 -0.24148540198802948 -0.7146937251091003 0.8931450843811035 -0.2078772336244583 -0.3988466262817383 -2.081163167953491
0.31504252552986145 -0.343752920627594 0.884636640548706 0.15520250797271729 -0.3210405111312866 -0.9157532453536987 -0.24151328206062317 -0.7146667838096619 0.8931299448013306 -0.20791728794574738 -0.39885973930358887 -2.0811336040496826
0.3150218427181244 -0.34373393654823303 0.8846514225006104 0.15520423650741577 -0.321018248796463 -0.9157623052597046 -0.24150854349136353 -0.7146531343460083 0.8931452631950378 -0.20790882408618927 -0.3988298773765564 -2.0811409950256348
0.3150213658809662 -0.3436981439590454 0.8846654891967773 0.15523600578308105 -0.3209865987300873 -0.9157794117927551 -0.24148574471473694 -0.7146480679512024 0.8931567668914795 -0.20789262652397156 -0.398812472820282 -2.081149101257324
0.315000057220459 -0.343707799911499 0.884669303894043 0.15523964166641235 -0.3209640383720398 -0.9157806634902954 -0.24151094257831573 -0.7146365642547607 0.8931723833084106 -0.20787110924720764 -0.3987886905670166 -2.0811634063720703
0.3150772154331207 -0.3437095880508423 0.8846411108970642 0.1551649272441864 -0.3208754062652588 -0.9158056974411011 -0.2415338009595871 -0.7146728038787842 0.8931770324707031 -0.207757830619812 -0.3988373875617981 -2.081124782562256
0.31500884890556335 -0.34367835521698 0.8846776485443115 0.1551535576581955 -0.32082653045654297 -0.9158212542533875 -0.24153971672058105 -0.7146745324134827 0.8932186961174011 -0.20774096250534058 -0.3987528383731842 -2.0811142921447754
0.3149326741695404 -0.3436846137046814 0.8847023248672485 0.15516912937164307 -0.3207915723323822 -0.9158228635787964 -0.24158017337322235 -0.7147040963172913 0.8932580947875977 -0.20772360265254974 -0.39867356419563293 -2.0811121463775635
0.31502026319503784 -0.34372520446777344 0.8846553564071655 0.15517979860305786 -0.32081547379493713 -0.9158117771148682 -0.2415904402732849 -0.7147288918495178 0.8932186365127563 -0.2077052742242813 -0.3987715244293213 -2.081134796142578
0.31502097845077515 -0.3437284231185913 0.8846538662910461 0.15517322719097137 -0.32084280252456665 -0.9158045649528503 -0.24158139526844025 -0.7147244811058044 0.8932085633277893 -0.20773164927959442 -0.39878034591674805 -2.0811500549316406
0.31492602825164795 -0.3436950147151947 0.8847006559371948 0.15521882474422455 -0.32081159949302673 -0.9158149361610413 -0.24158358573913574 -0.7146813273429871 0.8932532668113708 -0.20774129033088684 -0.39867520332336426 -2.0811939239501953
0.314919114112854 -0.3436628580093384 0.8847156167030334 0.15522143244743347 -0.32080236077308655 -0.9158254265785217 -0.2415560930967331 -0.7146692276000977 0.8932590484619141 -0.20774824917316437 -0.3986586928367615 -2.08121919631958
0.31486424803733826 -0.3436453938484192 0.8847419023513794 0.15522614121437073 -0.32096099853515625 -0.915789783000946 -0.24148041009902954 -0.7146557569503784 0.893221378326416 -0.2079341560602188 -0.39864611625671387 -2.081148624420166
0.31484735012054443 -0.34365418553352356 0.8847445249557495 0.15522320568561554 -0.3209609389305115 -0.9157863259315491 -0.24149364233016968 -0.7146392464637756 0.8932273387908936 -0.20793484151363373 -0.39863237738609314 -2.081165075302124
0.31487900018692017 -0.34371018409729004 0.884711503982544 0.15515479445457458 -0.32092902064323425 -0.9157804846763611 -0.24155819416046143 -0.7146747708320618 0.8932276368141174 -0.2078680396080017 -0.39866653084754944 -2.081104040145874
0.31486499309539795 -0.3437276780605316 0.8847096562385559 0.15514783561229706 -0.32092204689979553 -0.9157764315605164 -0.24158279597759247 -0.7146677374839783 0.8932350873947144 -0.2078569084405899 -0.39865562319755554 -2.081115484237671
0.31490975618362427 -0.3437890410423279 0.8846698999404907 0.1551341563463211 -0.320984810590744 -0.9157479405403137 -0.24160754680633545 -0.7146841287612915 0.8931967616081238 -0.20788106322288513 -0.3987289071083069 -2.081130027770996
0.3148905336856842 -0.3437574803829193 0.8846890330314636 0.15512901544570923 -0.3209575116634369 -0.9157616496086121 -0.2415916621685028 -0.714677631855011 0.8932133913040161 -0.20787270367145538 -0.3986961245536804 -2.0811526775360107
0.31488877534866333 -0.3437294065952301 0.8847005367279053 0.15516749024391174 -0.3209180533885956 -0.915778398513794 -0.24158063530921936 -0.7146413326263428 0.8932281732559204 -0.20784540474414825 -0.39867720007896423 -2.081177234649658
0.31489282846450806 -0.34367620944976807 0.8847197890281677 0.1551409810781479 -0.32109537720680237 -0.9157518744468689 -0.24144543707370758 -0.7146138548851013 0.8931630253791809 -0.20805002748966217 -0.39871644973754883 -2.0811307430267334
0.31488940119743347 -0.34376052021980286 0.8846882581710815 0.15520520508289337 -0.32108789682388306 -0.9157304167747498 -0.24153687059879303 -0.7146123647689819 0.8931668996810913 -0.20800532400608063 -0.3987310528755188 -2.0811150074005127
0.3149622976779938 -0.3437859117984772 0.8846523761749268 0.15518900752067566 -0.32117149233818054 -0.9157086610794067 -0.24150827527046204 -0.7145981192588806 0.8931111097335815 -0.2080591768026352 -0.39882785081863403 -2.081075429916382
0.314995676279068 -0.3436874747276306 0.8846787810325623 0.15515457093715668 -0.3210678994655609 -0.9157617688179016 -0.24144457280635834 -0.7146409153938293 0.8931366205215454 -0.20798800885677338 -0.39880791306495667 -2.0810818672180176
0.3149266541004181 -0.34364065527915955 0.8847215175628662 0.1551567167043686 -0.32099103927612305 -0.9157880544662476 -0.2414470762014389 -0.7146477103233337 0.8931885957717896 -0.20794960856437683 -0.39871153235435486 -2.081084966659546
0.3150169849395752 -0.34362566471099854 0.8846951723098755 0.15517088770866394 -0.32098445296287537 -0.9157994389533997 -0.24141272902488708 -0.7146332859992981 0.8931590914726257 -0.20792432129383087 -0.39879077672958374 -2.081075429916382
0.3149142265319824 -0.3435654640197754 0.8847551345825195 0.1551833152770996 -0.3209053575992584 -0.915827751159668 -0.24141046404838562 -0.7146376371383667 0.893223762512207 -0.20789912343025208 -0.3986590802669525 -2.081077814102173
0.31493881344795227 -0.3436104953289032 0.8847289085388184 0.15515948832035065 -0.32089537382125854 -0.9158193469047546 -0.24145561456680298 -0.714629590511322 0.8932186961174011 -0.20786170661449432 -0.39868998527526855 -2.0810070037841797
0.31486645340919495 -0.34365570545196533 0.8847371339797974 0.15512771904468536 -0.32075178623199463 -0.9158357977867126 -0.2415839433670044 -0.7145897150039673 0.8932957649230957 -0.20771436393260956 -0.39859405159950256 -2.0809755325317383
0.3148101270198822 -0.343671053647995 0.8847512006759644 0.15516014397144318 -0.32068392634391785 -0.9158437848091125 -0.24164365231990814 -0.714573323726654 0.8933399319648743 -0.20765364170074463 -0.3985266089439392 -2.0809531211853027
0.3149707317352295 -0.3437016010284424 0.8846821784973145 0.15516769886016846 -0.32075637578964233 -0.9158288240432739 -0.241604283452034 -0.7145841717720032 0.8932573199272156 -0.207669198513031 -0.3987036347389221 -2.081043004989624
0.3149399161338806 -0.34373122453689575 0.8846816420555115 0.15520375967025757 -0.3206993341445923 -0.915831983089447 -0.24166782200336456 -0.7145694494247437 0.8932886719703674 -0.2076060175895691 -0.3986663222312927 -2.0810396671295166
0.3150765001773834 -0.3437076807022095 0.8846421241760254 0.15518444776535034 -0.32075828313827515 -0.9158334136009216 -0.24158428609371185 -0.7146137952804565 0.8932193517684937 -0.20763880014419556 -0.39880457520484924 -2.0810725688934326
0.3149881362915039 -0.3437058627605438 0.8846743106842041 0.1552157700061798 -0.32072970271110535 -0.9158349633216858 -0.24161642789840698 -0.7147001028060913 0.8932607769966125 -0.2076350599527359 -0.39871373772621155 -2.0810601711273193
0.31500938534736633 -0.34363898634910583 0.8846927285194397 0.15522390604019165 -0.3208703100681305 -0.9158218502998352 -0.2414793223142624 -0.7146390080451965 0.8932027816772461 -0.207803413271904 -0.39875590801239014 -2.0810554027557373
0.3149968087673187 -0.3436448872089386 0.8846949338912964 0.15523388981819153 -0.32082751393318176 -0.9158294200897217 -0.24150754511356354 -0.7146338820457458 0.8932225704193115 -0.20776039361953735 -0.3987339735031128 -2.0810868740081787
0.3151201605796814 -0.34365808963775635 0.8846458792686462 0.1551518589258194 -0.320829302072525 -0.9158332347869873 -0.24149072170257568 -0.7146609425544739 0.8931784629821777 -0.2077217549085617 -0.39885300397872925 -2.08105206489563
0.31520554423332214 -0.3437001407146454 0.8845990896224976 0.1551336795091629 -0.3208944797515869 -0.9158120155334473 -0.24148458242416382 -0.7146764993667603 0.8931248784065247 -0.2077457159757614 -0.3989604115486145 -2.081045150756836
0.3151718080043793 -0.3437425494194031 0.8845946192741394 0.15516962110996246 -0.32083314657211304 -0.9158125519752502 -0.24156402051448822 -0.714684009552002 0.8931588530540466 -0.20767314732074738 -0.3989222049713135 -2.081040382385254
0.315234899520874 -0.34377723932266235 0.8845586776733398 0.15515126287937164 -0.32087624073028564 -0.9157970547676086 -0.2415654957294464 -0.7146873474121094 0.8931211233139038 -0.20768402516841888 -0.39900103211402893 -2.0810227394104004
0.31513482332229614 -0.3437577486038208 0.884601891040802 0.15514637529850006 -0.3207952082157135 -0.9158148765563965 -0.24160559475421906 -0.7146875262260437 0.8931854963302612 -0.207637757062912 -0.39888086915016174 -2.0810234546661377
0.3152587413787842 -0.3437803089618683 0.8845489621162415 0.1551521271467209 -0.3208094537258148 -0.9158132672309875 -0.24159274995326996 -0.7146747708320618 0.8931366801261902 -0.20760749280452728 -0.3990060091018677 -2.08105731010437
0.3152197003364563 -0.343734472990036 0.8845807313919067 0.15516434609889984 -0.32077592611312866 -0.9158310890197754 -0.2415696680545807 -0.7146862149238586 0.8931624889373779 -0.20760472118854523 -0.39894965291023254 -2.0810115337371826
0.3151339292526245 -0.34378567337989807 0.8845914006233215 0.1551598757505417 -0.3207343816757202 -0.9158213138580322 -0.24166186153888702 -0.7146590948104858 0.8932076692581177 -0.20756307244300842 -0.3988701403141022 -2.0810306072235107
0.3151983320713043 -0.34379711747169495 0.8845639824867249 0.15515853464603424 -0.3207609951496124 -0.915816068649292 -0.24164633452892303 -0.7146464586257935 0.8931753635406494 -0.20756712555885315 -0.3989403247833252 -2.081040859222412
0.31527048349380493 -0.3437536954879761 0.8845551609992981 0.1552109271287918 -0.3206561803817749 -0.9158568978309631 -0.24163083732128143 -0.7146775126457214 0.8931875824928284 -0.20745903253555298 -0.39896929264068604 -2.0810132026672363
0.31522831320762634 -0.3437885344028473 0.8845566511154175 0.15521502494812012 -0.32065969705581665 -0.9158438444137573 -0.2416754961013794 -0.7146618366241455 0.8932011723518372 -0.2074587345123291 -0.39893895387649536 -2.0809853076934814
0.3152187168598175 -0.34383153915405273 0.8845433592796326 0.15526315569877625 -0.320654034614563 -0.9158328175544739 -0.24172484874725342 -0.7146395444869995 0.8932065963745117 -0.20743624866008759 -0.39893850684165955 -2.0809755325317383
0.31516319513320923 -0.34374380111694336 0.8845972418785095 0.1552889198064804 -0.32071349024772644 -0.915839433670044 -0.24162080883979797 -0.7146034240722656 0.8932048678398132 -0.20755231380462646 -0.39888209104537964 -2.0809807777404785
0.31519922614097595 -0.34370991587638855 0.8845975399017334 0.1553182452917099 -0.3206838071346283 -0.9158579111099243 -0.24159032106399536 -0.714555561542511 0.8932027816772461 -0.2075270563364029 -0.3988998234272003 -2.080993413925171
0.3152056038379669 -0.34368452429771423 0.8846051692962646 0.15531042218208313 -0.32063746452331543 -0.915876030921936 -0.2415831983089447 -0.7145636081695557 0.8932172060012817 -0.2074892222881317 -0.3988872766494751 -2.0809574127197266
0.31519272923469543 -0.343730092048645 0.8845920562744141 0.15523846447467804 -0.3206557631492615 -0.9158585071563721 -0.24162530899047852 -0.7145466804504395 0.8932151794433594 -0.20749102532863617 -0.3988908529281616 -2.0809903144836426
0.3151724636554718 -0.34373682737350464 0.8845966458320618 0.15521100163459778 -0.32082876563072205 -0.9158151745796204 -0.24155987799167633 -0.714593231678009 0.8931601643562317 -0.20767106115818024 -0.39892029762268066 -2.0810348987579346
0.3149835169315338 -0.3437589704990387 0.8846553564071655 0.15517568588256836 -0.32080957293510437 -0.9158015847206116 -0.24163685739040375 -0.7146252989768982 0.8932337164878845 -0.20769430696964264 -0.3987434506416321 -2.0810461044311523
0.31494855880737305 -0.34369391202926636 0.8846930265426636 0.15515805780887604 -0.3208540976047516 -0.915806770324707 -0.24155806005001068 -0.7145997881889343 0.8932300806045532 -0.20777906477451324 -0.3987075090408325 -2.081031560897827
0.31495216488838196 -0.3437137305736542 0.8846840858459473 0.155208021402359 -0.32086634635925293 -0.9157987236976624 -0.24157224595546722 -0.7145570516586304 0.8932244181632996 -0.20778165757656097 -0.39871886372566223 -2.081042766571045
0.3150217533111572 -0.34373217821121216 0.8846521377563477 0.15520675480365753 -0.32092714309692383 -0.9157840013504028 -0.24154742062091827 -0.7145350575447083 0.8931779861450195 -0.2078162133693695 -0.39880475401878357 -2.081044912338257
0.314926415681839 -0.34371331334114075 0.8846933841705322 0.1551644206047058 -0.3209649622440338 -0.9157742857933044 -0.24153399467468262 -0.7145732045173645 0.8931980133056641 -0.20789018273353577 -0.3987213671207428 -2.0809640884399414
0.314727246761322 -0.343736469745636 0.8847552537918091 0.155211940407753 -0.3209497928619385 -0.9157588481903076 -0.24161270260810852 -0.7145968675613403 0.8932737112045288 -0.20791995525360107 -0.3985362946987152 -2.0809314250946045
0.314723938703537 -0.34372708201408386 0.8847600817680359 0.15521103143692017 -0.32095640897750854 -0.9157596230506897 -0.24160082638263702 -0.7145898342132568 0.8932724595069885 -0.20793189108371735 -0.39853280782699585 -2.0809433460235596
0.3147090971469879 -0.34377050399780273 0.8847485184669495 0.15517070889472961 -0.32089871168136597 -0.9157602787017822 -0.24167507886886597 -0.7146585583686829 0.8932984471321106 -0.20785735547542572 -0.3985134959220886 -2.0809690952301025
0.31473320722579956 -0.34378674626350403 0.8847336173057556 0.15517288446426392 -0.3208376169204712 -0.9157715439796448 -0.24171335995197296 -0.7146480679512024 0.8933118581771851 -0.2077806293964386 -0.39852333068847656 -2.08097243309021
0.31470462679862976 -0.3437731862068176 0.8847490549087524 0.1551687866449356 -0.3209220767021179 -0.9157537817955017 -0.24166853725910187 -0.7146393656730652 0.8932915925979614 -0.20788133144378662 -0.3985162675380707 -2.080974817276001
0.31474706530570984 -0.34377115964889526 0.8847347497940063 0.15512900054454803 -0.32079270482063293 -0.9157871603965759 -0.24171392619609833 -0.7146255373954773 0.8933231234550476 -0.2077377438545227 -0.3985205292701721 -2.0810084342956543
0.3147597908973694 -0.3438405394554138 0.8847032785415649 0.15510983765125275 -0.320852667093277 -0.915755033493042 -0.2417559027671814 -0.7146658897399902 0.8932971358299255 -0.2077644020318985 -0.3985649347305298 -2.0809593200683594
