# 3x4 first row second row third row Freq: 100 current Time: 2021-07-30-20:00:26
0.44763514399528503 -0.6034961342811584 0.6598599553108215 0.033312272280454636 0.10607977956533432 -0.6968708634376526 -0.7093079686164856 -0.4673408269882202 0.8879019021987915 0.38750895857810974 -0.2479250580072403 -1.6625964641571045
0.44759640097618103 -0.6034186482429504 0.6599570512771606 0.033301081508398056 0.10603868216276169 -0.6969901919364929 -0.7091968655586243 -0.46732890605926514 0.8879263401031494 0.3874149024486542 -0.24798451364040375 -1.6625733375549316
0.447482168674469 -0.6034578680992126 0.6599985957145691 0.03325789421796799 0.10615571588277817 -0.6969504952430725 -0.7092183232307434 -0.46733394265174866 0.8879699110984802 0.38742518424987793 -0.24781236052513123 -1.6625810861587524
0.44747358560562134 -0.603498637676239 0.6599671840667725 0.033234890550374985 0.10603784769773483 -0.6969621777534485 -0.7092245221138 -0.4673232138156891 0.8879883289337158 0.3873407244682312 -0.24787840247154236 -1.6626172065734863
0.4473148584365845 -0.6035521030426025 0.660025954246521 0.03326854109764099 0.10612434148788452 -0.6969414353370667 -0.709231972694397 -0.46736830472946167 0.8880579471588135 0.3872947692871094 -0.24770060181617737 -1.6625975370407104
0.44735071063041687 -0.6035152673721313 0.660035252571106 0.033247314393520355 0.10605721920728683 -0.6969934701919556 -0.7091909050941467 -0.46738073229789734 0.8880479335784912 0.38725852966308594 -0.2477932870388031 -1.6626263856887817
0.44734424352645874 -0.6035189628601074 0.6600362658500671 0.03327952325344086 0.10616031289100647 -0.6969475150108337 -0.7092205882072449 -0.4674036204814911 0.8880388736724854 0.3873353898525238 -0.2477056235074997 -1.6626032590866089
0.44733497500419617 -0.6034896373748779 0.6600693464279175 0.03325364738702774 0.10608581453561783 -0.6970158815383911 -0.709164559841156 -0.46737903356552124 0.8880524039268494 0.3872580826282501 -0.2477778047323227 -1.6625559329986572
0.4472806751728058 -0.6035892367362976 0.6600151062011719 0.03325894474983215 0.10608981549739838 -0.6969326138496399 -0.7092458009719849 -0.46729910373687744 0.8880792856216431 0.3872528076171875 -0.24768973886966705 -1.6625608205795288
0.4473783075809479 -0.603604793548584 0.6599346995353699 0.03331509605050087 0.10606346279382706 -0.6968815922737122 -0.7092999219894409 -0.4673360288143158 0.8880332708358765 0.38732030987739563 -0.2477491945028305 -1.6625322103500366
0.4473784863948822 -0.6036028265953064 0.6599364280700684 0.03329838439822197 0.10608147084712982 -0.696875810623169 -0.7093029022216797 -0.46733519434928894 0.8880310654640198 0.38733384013175964 -0.24773608148097992 -1.6625232696533203
0.44723841547966003 -0.6035841703414917 0.6600484251976013 0.03333461657166481 0.10601568967103958 -0.6969901919364929 -0.7092003226280212 -0.4673197269439697 0.8881094455718994 0.3871570825576782 -0.2477312982082367 -1.6624791622161865
0.4472538232803345 -0.6035816073417664 0.6600402593612671 0.03332420438528061 0.10599853843450546 -0.6969931721687317 -0.7091999650001526 -0.4673168361186981 0.888103723526001 0.3871556520462036 -0.24775399267673492 -1.6624641418457031
0.44731345772743225 -0.6035796999931335 0.6600015759468079 0.03334072232246399 0.10591891407966614 -0.6970019340515137 -0.7092031836509705 -0.467394083738327 0.8880832195281982 0.38714277744293213 -0.2478477656841278 -1.6625163555145264
0.4473089873790741 -0.6035887002944946 0.6599963903427124 0.03333563357591629 0.10595747083425522 -0.6969776153564453 -0.709221363067627 -0.4674014151096344 0.8880808353424072 0.3871726095676422 -0.2478095293045044 -1.6625136137008667
0.4473138749599457 -0.6035701036453247 0.6600100994110107 0.03333422541618347 0.10596545785665512 -0.6969918012619019 -0.709206223487854 -0.46738237142562866 0.888077437877655 0.3871760070323944 -0.24781644344329834 -1.6625815629959106
0.44734644889831543 -0.6035788059234619 0.659980058670044 0.03333913907408714 0.10593834519386292 -0.6969790458679199 -0.7092228531837463 -0.4673052728176117 0.8880642652511597 0.3871854841709137 -0.24784886837005615 -1.6625950336456299
0.4473457634449005 -0.6035913228988647 0.6599690914154053 0.03331886976957321 0.10598424822092056 -0.69694584608078 -0.7092486023902893 -0.4672975242137909 0.888059139251709 0.3872256577014923 -0.24780452251434326 -1.6626002788543701
0.44729650020599365 -0.6036824584007263 0.6599190831184387 0.03323887661099434 0.10602152347564697 -0.6968547105789185 -0.7093325257301331 -0.46733224391937256 0.8880795240402222 0.38724756240844727 -0.24769724905490875 -1.6626540422439575
0.4473077356815338 -0.6036953330039978 0.6598997116088867 0.033205546438694 0.1059974879026413 -0.696846067905426 -0.7093446254730225 -0.4673406183719635 0.8880767226219177 0.38724303245544434 -0.24771438539028168 -1.662665605545044
0.44724440574645996 -0.6037138104438782 0.6599257588386536 0.03324300795793533 0.10599672794342041 -0.6968562602996826 -0.7093347311019897 -0.4673641324043274 0.8881086707115173 0.3871959149837494 -0.24767330288887024 -1.6626148223876953
0.4472633898258209 -0.6037139296531677 0.6599127650260925 0.03321768343448639 0.10596799105405807 -0.6968597769737244 -0.7093356251716614 -0.4673725366592407 0.8881025910377502 0.38718944787979126 -0.24770541489124298 -1.6626193523406982
0.4473103880882263 -0.6037436127662659 0.6598537564277649 0.03329738229513168 0.10589249432086945 -0.6968387961387634 -0.7093674540519714 -0.46727898716926575 0.8880878686904907 0.38718098402023315 -0.2477712333202362 -1.662601351737976
0.44731980562210083 -0.6037453413009644 0.659845769405365 0.03328688442707062 0.1059122160077095 -0.6968238949775696 -0.7093791961669922 -0.46726471185684204 0.8880807757377625 0.3872050642967224 -0.24775902926921844 -1.6625972986221313
0.44738122820854187 -0.6037334203720093 0.6598150730133057 0.03327669948339462 0.10590405762195587 -0.6968114972114563 -0.7093925476074219 -0.46735531091690063 0.8880508542060852 0.3872459828853607 -0.2478024661540985 -1.6625754833221436
0.447429358959198 -0.6037135720252991 0.6598005890846252 0.03326500952243805 0.10577861964702606 -0.6968649625778198 -0.7093587517738342 -0.4673750400543213 0.8880415558815002 0.3871806859970093 -0.24793778359889984 -1.6626224517822266
0.44746747612953186 -0.6038159728050232 0.6596810221672058 0.03333794325590134 0.10585758835077286 -0.6967025399208069 -0.7095065116882324 -0.4673483967781067 0.8880128860473633 0.3873133063316345 -0.24783316254615784 -1.6626042127609253
0.44741860032081604 -0.6037845015525818 0.6597429513931274 0.03333349898457527 0.10581560432910919 -0.6967775821685791 -0.7094390392303467 -0.4673353135585785 0.8880425691604614 0.38722729682922363 -0.2478613406419754 -1.6625981330871582
0.4473484754562378 -0.6039124727249146 0.6596733927726746 0.03337797522544861 0.10582774877548218 -0.6966675519943237 -0.7095453143119812 -0.4673476219177246 0.8880764245986938 0.3872257471084595 -0.24774238467216492 -1.6625794172286987
0.4474826753139496 -0.6038836240768433 0.6596087217330933 0.033339209854602814 0.10595165938138962 -0.6965815424919128 -0.7096112370491028 -0.46736979484558105 0.8879940509796143 0.38742536306381226 -0.24772562086582184 -1.662647008895874
0.4474658668041229 -0.6038783192634583 0.6596250534057617 0.033326536417007446 0.10593120008707047 -0.6966040730476379 -0.7095921635627747 -0.46737584471702576 0.8880049586296082 0.38739311695098877 -0.24773691594600677 -1.6626476049423218
0.447494775056839 -0.6038933992385864 0.6595916152000427 0.03326280042529106 0.10596058517694473 -0.6965614557266235 -0.7096295952796936 -0.46735402941703796 0.8879868984222412 0.38744622468948364 -0.24771864712238312 -1.6627197265625
0.4474988281726837 -0.6038805842399597 0.6596006155014038 0.033238690346479416 0.10593006759881973 -0.6965867280960083 -0.7096093893051147 -0.46735280752182007 0.8879884481430054 0.3874208927154541 -0.24775254726409912 -1.6627248525619507
0.4475448429584503 -0.6038340926170349 0.6596119403839111 0.033332593739032745 0.10582372546195984 -0.6966614723205566 -0.7095518708229065 -0.4673253893852234 0.8879779577255249 0.3873588442802429 -0.24788719415664673 -1.6626076698303223
0.447527140378952 -0.6037445068359375 0.6597059369087219 0.03332790732383728 0.10571528971195221 -0.6968134045600891 -0.7094188332557678 -0.4673129916191101 0.8879997730255127 0.3872251510620117 -0.2480178028345108 -1.662592887878418
0.4476536512374878 -0.6038561463356018 0.6595178842544556 0.03331497311592102 0.1057572066783905 -0.6966156959533691 -0.7096067070960999 -0.46732884645462036 0.8879310488700867 0.38740676641464233 -0.24798034131526947 -1.6625661849975586
0.44760289788246155 -0.6037799715995789 0.659622073173523 0.033305272459983826 0.10571258515119553 -0.6967409253120422 -0.7094904184341431 -0.4673398435115814 0.8879619240760803 0.3873002827167511 -0.24803604185581207 -1.6625844240188599
0.4476277530193329 -0.6038196086883545 0.6595689654350281 0.03331886604428291 0.10578181594610214 -0.6966564655303955 -0.7095630168914795 -0.4673956632614136 0.8879411816596985 0.38739049434661865 -0.24796956777572632 -1.6625539064407349
0.4476698935031891 -0.6037941575050354 0.6595636010169983 0.03331353887915611 0.10569500178098679 -0.6967018842697144 -0.7095313668251038 -0.4674685001373291 0.8879302740097046 0.38734838366508484 -0.24807436764240265 -1.662645936012268
0.44771504402160645 -0.6038503050804138 0.6594815850257874 0.03332744538784027 0.10582613945007324 -0.6965631246566772 -0.709648072719574 -0.46743345260620117 0.8878918886184692 0.3875105082988739 -0.24795855581760406 -1.6626697778701782
0.44763344526290894 -0.6037721633911133 0.6596084833145142 0.03328763321042061 0.10588288307189941 -0.6966606974601746 -0.709543764591217 -0.467406690120697 0.8879262208938599 0.3874567449092865 -0.24791941046714783 -1.6626278162002563
0.4476582705974579 -0.6037769317626953 0.6595872640609741 0.033270347863435745 0.10593479126691818 -0.696621298789978 -0.7095747590065002 -0.4674156606197357 0.8879075646400452 0.3875202238559723 -0.24788720905780792 -1.6626213788986206
0.447620689868927 -0.6037120223045349 0.659672200679779 0.033252011984586716 0.10585200041532516 -0.6967448592185974 -0.7094658017158508 -0.4674002528190613 0.8879363536834717 0.38739916682243347 -0.24797320365905762 -1.6625661849975586
0.4474232494831085 -0.6037089228630066 0.6598089933395386 0.03334050253033638 0.1059487983584404 -0.6967986226081848 -0.7093985080718994 -0.467355877161026 0.8880243301391602 0.387307345867157 -0.24780158698558807 -1.6625452041625977
0.44740504026412964 -0.603624701499939 0.6598984003067017 0.03333364799618721 0.10591418296098709 -0.6969127655029297 -0.7092915773391724 -0.46738776564598083 0.8880376219749451 0.3872331976890564 -0.24786978960037231 -1.6625758409500122
0.4473778307437897 -0.6037023067474365 0.659845769405365 0.03331702947616577 0.10593527555465698 -0.6968328356742859 -0.7093669176101685 -0.46727681159973145 0.8880488276481628 0.3872559666633606 -0.24779412150382996 -1.6625971794128418
0.4473467171192169 -0.6038181781768799 0.6597608923912048 0.033334799110889435 0.10603272914886475 -0.6966804265975952 -0.7095020413398743 -0.4672795832157135 0.8880528807640076 0.3873496353626251 -0.24763312935829163 -1.6626355648040771
0.44736069440841675 -0.603784441947937 0.6597822904586792 0.03332337737083435 0.10603605210781097 -0.6967086791992188 -0.7094738483428955 -0.4672718346118927 0.8880454301834106 0.387351393699646 -0.24765706062316895 -1.662636399269104
0.44731467962265015 -0.6037937998771667 0.6598049402236938 0.03339497372508049 0.10608477890491486 -0.6966989636421204 -0.7094760537147522 -0.4672717750072479 0.8880627751350403 0.38735431432724 -0.24759027361869812 -1.6626068353652954
0.44734418392181396 -0.6037865877151489 0.6597914695739746 0.03339028358459473 0.10609467327594757 -0.6966885328292847 -0.709484875202179 -0.467274010181427 0.8880467414855957 0.3873842656612396 -0.24760094285011292 -1.6626039743423462
0.447458952665329 -0.6038815975189209 0.6596267223358154 0.03328355401754379 0.10597685724496841 -0.6965839266777039 -0.7096051573753357 -0.467384397983551 0.8880029916763306 0.3874243199825287 -0.2476951628923416 -1.6627126932144165
0.44747495651245117 -0.6038622856140137 0.6596335768699646 0.033253442496061325 0.10601469874382019 -0.6965806484222412 -0.7096027135848999 -0.4674000144004822 0.887990415096283 0.38746026158332825 -0.247684046626091 -1.6627250909805298
0.4474264979362488 -0.6038318276405334 0.6596943140029907 0.03328782692551613 0.10597337037324905 -0.696654200553894 -0.7095366716384888 -0.4673714339733124 0.8880197405815125 0.38737553358078003 -0.24771137535572052 -1.6626567840576172
0.44743582606315613 -0.603806734085083 0.6597109436988831 0.03326188772916794 0.10594253987073898 -0.6966902613639832 -0.7095059156417847 -0.46738746762275696 0.8880187273025513 0.38734978437423706 -0.2477552741765976 -1.662652611732483
0.44739747047424316 -0.6038588881492615 0.65968918800354 0.03332797810435295 0.10598071664571762 -0.6966354846954346 -0.7095539569854736 -0.46737751364707947 0.8880335092544556 0.3873669505119324 -0.24767546355724335 -1.6626131534576416
0.4474681615829468 -0.6039976477622986 0.6595141887664795 0.033389344811439514 0.1059526726603508 -0.696465253829956 -0.7097252607345581 -0.467449814081192 0.8880012631416321 0.3874567151069641 -0.24765075743198395 -1.6626850366592407
0.44745272397994995 -0.6039779186248779 0.6595427989959717 0.03334886208176613 0.10582109540700912 -0.6965512037277222 -0.709660530090332 -0.46735939383506775 0.8880246877670288 0.3873330354690552 -0.24776002764701843 -1.662638783454895
0.4475318193435669 -0.6039231419563293 0.6595392823219299 0.03326960280537605 0.10583464801311493 -0.6965670585632324 -0.7096429467201233 -0.4673355221748352 0.8879832029342651 0.3873898684978485 -0.24781984090805054 -1.6626211404800415
0.4474650025367737 -0.6038346290588379 0.659665584564209 0.03324424475431442 0.1058192327618599 -0.6967003345489502 -0.7095143795013428 -0.4673629105091095 0.8880187273025513 0.3872881233692169 -0.24785162508487701 -1.6626641750335693
0.4474744200706482 -0.6038792133331299 0.6596184372901917 0.03328731656074524 0.10586634278297424 -0.6966274380683899 -0.7095789313316345 -0.46737566590309143 0.8880083560943604 0.38734978437423706 -0.24779237806797028 -1.6626468896865845
0.4475424885749817 -0.6038410067558289 0.6596071720123291 0.033286578953266144 0.1059204488992691 -0.6966129541397095 -0.7095850706100464 -0.4674089848995209 0.887967586517334 0.38743534684181213 -0.2478047013282776 -1.6626582145690918
0.44756633043289185 -0.6038302183151245 0.6596009135246277 0.03326399251818657 0.10594196617603302 -0.6966040134429932 -0.7095906734466553 -0.4674263596534729 0.8879530429840088 0.38746827840805054 -0.24780544638633728 -1.662650465965271
0.44751808047294617 -0.6038774251937866 0.659590482711792 0.033300090581178665 0.10579302161931992 -0.6966408491134644 -0.7095766663551331 -0.46740517020225525 0.8879951238632202 0.38732844591140747 -0.24787327647209167 -1.6626499891281128
0.4475191831588745 -0.6038802266120911 0.6595870852470398 0.03328796476125717 0.10580381751060486 -0.6966325640678406 -0.7095832228660583 -0.46741753816604614 0.8879932761192322 0.38733890652656555 -0.2478635311126709 -1.6626369953155518
0.4474738836288452 -0.603889524936676 0.659609317779541 0.03327816352248192 0.10585986077785492 -0.6966193914413452 -0.7095877528190613 -0.4674687087535858 0.8880094289779663 0.38734811544418335 -0.24779126048088074 -1.6626577377319336
0.44751471281051636 -0.6039053797721863 0.65956711769104 0.03325478732585907 0.10574804991483688 -0.6966319680213928 -0.7095921039581299 -0.4674738943576813 0.8880021572113037 0.3873008191585541 -0.2478911578655243 -1.6626245975494385
0.44744884967803955 -0.6038706302642822 0.6596435904502869 0.03327031061053276 0.10590052604675293 -0.6966337561607361 -0.709567666053772 -0.4674523174762726 0.8880171775817871 0.3873518109321594 -0.2477576583623886 -1.6626430749893188
0.4474477469921112 -0.6037412285804749 0.6597627997398376 0.03324075788259506 0.10598064959049225 -0.6967384815216064 -0.7094528079032898 -0.46744200587272644 0.888008177280426 0.3873651325702667 -0.24776911735534668 -1.6626778841018677
0.4474460780620575 -0.6037462949752808 0.6597592830657959 0.033222708851099014 0.10596725344657898 -0.6967396140098572 -0.7094537019729614 -0.4674561023712158 0.8880106210708618 0.38735511898994446 -0.24777600169181824 -1.6626781225204468
0.447355180978775 -0.6037788987159729 0.659791111946106 0.03330443054437637 0.10609263926744461 -0.6966925263404846 -0.7094811797142029 -0.46744397282600403 0.8880414366722107 0.38738906383514404 -0.24761244654655457 -1.6626209020614624
0.4473535418510437 -0.6037908792495728 0.6597812175750732 0.03330281376838684 0.10608045011758804 -0.6966857314109802 -0.7094897031784058 -0.4674603044986725 0.8880437016487122 0.3873825967311859 -0.24761435389518738 -1.6626147031784058
0.4473003149032593 -0.6037870049476624 0.6598208546638489 0.03333815932273865 0.10610998421907425 -0.6967019438743591 -0.7094693779945374 -0.46745529770851135 0.8880670070648193 0.3873594105243683 -0.2475670874118805 -1.6626160144805908
0.44729700684547424 -0.6037830710411072 0.6598266959190369 0.03333931416273117 0.10610288381576538 -0.6967108249664307 -0.7094616889953613 -0.4674692451953888 0.8880695104598999 0.38734957575798035 -0.24757345020771027 -1.6626064777374268
0.4473210871219635 -0.6036642789840698 0.6599190831184387 0.03333469480276108 0.10616563260555267 -0.6967998743057251 -0.7093648314476013 -0.4674108028411865 0.8880499005317688 0.38737455010414124 -0.24760478734970093 -1.6626311540603638
0.4472931921482086 -0.603693962097168 0.6599107980728149 0.033324941992759705 0.10616424679756165 -0.6967816352844238 -0.709382951259613 -0.46741682291030884 0.8880640864372253 0.387361079454422 -0.24757489562034607 -1.6626238822937012
0.44725435972213745 -0.6036882400512695 0.6599423885345459 0.03338339924812317 0.10603795200586319 -0.6968611478805542 -0.7093237638473511 -0.46741095185279846 0.8880987763404846 0.3872270882129669 -0.24766023457050323 -1.6625754833221436
0.44726645946502686 -0.6035662889480591 0.6600457429885864 0.03336118906736374 0.10604924708604813 -0.6969816088676453 -0.7092037200927734 -0.4673100411891937 0.8880913257598877 0.38720035552978516 -0.2477286458015442 -1.6625744104385376
0.44725242257118225 -0.6035869121551514 0.6600363850593567 0.03334439545869827 0.10606442391872406 -0.6969594359397888 -0.7092232704162598 -0.4673033356666565 0.8880965709686279 0.38720816373825073 -0.2476976066827774 -1.6625665426254272
0.4473815858364105 -0.603489875793457 0.6600375771522522 0.03328767791390419 0.10604692250490189 -0.6970107555389404 -0.7091754078865051 -0.46736153960227966 0.8880335688591003 0.38726693391799927 -0.24783146381378174 -1.662609338760376
0.4473904073238373 -0.6035067439079285 0.6600161194801331 0.03326002135872841 0.10603070259094238 -0.6969955563545227 -0.7091928124427795 -0.4673655033111572 0.8880310654640198 0.3872680068016052 -0.2478388100862503 -1.6626065969467163
0.4473854601383209 -0.6036853790283203 0.6598561406135559 0.033331651240587234 0.10612910985946655 -0.6967629790306091 -0.7094066143035889 -0.4673544466495514 0.8880218267440796 0.3874081075191498 -0.24765294790267944 -1.6625806093215942
0.44740960001945496 -0.6036656498908997 0.6598578095436096 0.03331860154867172 0.1061331033706665 -0.6967710852622986 -0.7093979716300964 -0.46735915541648865 0.8880091905593872 0.38742420077323914 -0.24767310917377472 -1.6625709533691406
0.4474402070045471 -0.6036049127578735 0.6598926186561584 0.033300552517175674 0.10604726523160934 -0.6968594789505005 -0.7093240022659302 -0.4673868715763092 0.8880040049552917 0.3873598575592041 -0.24779221415519714 -1.6626132726669312
0.44740140438079834 -0.603630781173706 0.6598952412605286 0.03327253460884094 0.1060594692826271 -0.6968445181846619 -0.7093368768692017 -0.46740269660949707 0.8880221247673035 0.38734644651412964 -0.24774838984012604 -1.6626052856445312
0.44743770360946655 -0.6035655736923218 0.6599302887916565 0.03326781839132309 0.10605672746896744 -0.6968988180160522 -0.7092839479446411 -0.46741417050361633 0.8880041837692261 0.3873503804206848 -0.24780651926994324 -1.6626808643341064
0.44742247462272644 -0.603546142578125 0.6599584221839905 0.03325001522898674 0.10608723759651184 -0.6969135403633118 -0.709264874458313 -0.4674298167228699 0.888008177280426 0.38735419511795044 -0.24778617918491364 -1.6626887321472168
0.4472828507423401 -0.6034836769104004 0.6601101756095886 0.033306002616882324 0.1062084510922432 -0.6969932913780212 -0.7091684341430664 -0.467402845621109 0.8880640268325806 0.38730815052986145 -0.24765798449516296 -1.662664532661438
0.44717058539390564 -0.6035928130149841 0.660086452960968 0.03329979255795479 0.10605206340551376 -0.696996808052063 -0.7091884016990662 -0.4673615097999573 0.8881392478942871 0.3871316611766815 -0.24766410887241364 -1.6627039909362793
0.4471270442008972 -0.6036362051963806 0.6600762605667114 0.0332973338663578 0.10601434856653214 -0.696986973285675 -0.7092036604881287 -0.4674453139305115 0.8881656527519226 0.38708165287971497 -0.24764755368232727 -1.6626700162887573
0.4471571147441864 -0.6037194132804871 0.6599797606468201 0.03339230641722679 0.10595540702342987 -0.6969091296195984 -0.7092889547348022 -0.46734628081321716 0.8881576061248779 0.3870919942855835 -0.24766044318675995 -1.6626328229904175
0.44713094830513 -0.6037114262580872 0.6600047945976257 0.033400390297174454 0.10595036298036575 -0.6969321966171265 -0.7092670202255249 -0.46734678745269775 0.888171374797821 0.3870629668235779 -0.2476564347743988 -1.6626242399215698
0.4471769332885742 -0.6036727428436279 0.6600090265274048 0.03331941366195679 0.10588191449642181 -0.6969820261001587 -0.7092282772064209 -0.46736323833465576 0.8881563544273376 0.38703352212905884 -0.2477561980485916 -1.6626224517822266
0.44718313217163086 -0.603686511516571 0.6599922776222229 0.0333063043653965 0.10588617622852325 -0.6969625353813171 -0.709246814250946 -0.46737396717071533 0.8881527185440063 0.3870472311973572 -0.2477477490901947 -1.6626213788986206
0.4472133219242096 -0.6035951375961304 0.66005539894104 0.03327224403619766 0.10587814450263977 -0.6970500946044922 -0.7091619968414307 -0.467393159866333 0.888138473033905 0.38703209161758423 -0.24782246351242065 -1.6626554727554321
0.44719862937927246 -0.6036036014556885 0.660057544708252 0.03325643390417099 0.10586177557706833 -0.6970549821853638 -0.7091596126556396 -0.46740326285362244 0.8881478309631348 0.38701003789901733 -0.24782338738441467 -1.6626653671264648
0.44707998633384705 -0.6036979556083679 0.6600516438484192 0.03329875320196152 0.10581343621015549 -0.6970301866531372 -0.7091912031173706 -0.46738940477371216 0.8882133364677429 0.3869074881076813 -0.24774882197380066 -1.6627051830291748
0.44707971811294556 -0.603678286075592 0.6600698232650757 0.03329145908355713 0.10583676397800446 -0.6970412731170654 -0.709176778793335 -0.46740561723709106 0.888210654258728 0.38691818714141846 -0.24774159491062164 -1.6627182960510254
0.4470200538635254 -0.6037440299987793 0.660050094127655 0.03335599973797798 0.10584565997123718 -0.6969946622848511 -0.7092213034629822 -0.4673957824707031 0.8882396221160889 0.38689956068992615 -0.2476668357849121 -1.6627061367034912
0.4471106231212616 -0.6036871671676636 0.6600407958030701 0.033346593379974365 0.1058034896850586 -0.6970317959785461 -0.709191083908081 -0.46741607785224915 0.8881990909576416 0.3869214653968811 -0.2477780282497406 -1.6626707315444946
0.4471268057823181 -0.6036853790283203 0.6600314378738403 0.03333667665719986 0.10580094158649445 -0.6970272064208984 -0.7091959714889526 -0.46743524074554443 0.8881912231445312 0.38693246245384216 -0.24778899550437927 -1.662667155265808
0.4471108913421631 -0.6036129593849182 0.6601084470748901 0.0333661250770092 0.10593606531620026 -0.6970536112785339 -0.7091498970985413 -0.4673653841018677 0.8881831765174866 0.38699790835380554 -0.2477158010005951 -1.6625990867614746
