# 3x4 first row second row third row Freq: 100 current Time: 2021-07-28-17:31:31
-0.10118607431650162 0.31389880180358887 -0.9440492987632751 -0.048063013702631 -0.31581446528434753 -0.9099735617637634 -0.26871857047080994 -0.6777918934822083 -0.9434101581573486 0.27095383405685425 0.19121026992797852 -2.00980806350708
-0.10127813369035721 0.31389328837394714 -0.9440412521362305 -0.04809388890862465 -0.31582632660865784 -0.9099792242050171 -0.26868537068367004 -0.677791953086853 -0.9433963298797607 0.2709411382675171 0.19129659235477448 -2.0097758769989014
-0.10126809775829315 0.31385722756385803 -0.9440543055534363 -0.04807272180914879 -0.3158394694328308 -0.9099848866462708 -0.26865074038505554 -0.6778262853622437 -0.9433929920196533 0.2709638476371765 0.1912807673215866 -2.00980281829834
-0.10127601772546768 0.3138142228126526 -0.9440677762031555 -0.04804705083370209 -0.31582844257354736 -0.9100009202957153 -0.26860928535461426 -0.6778206825256348 -0.9433958530426025 0.2709597945213318 0.1912725567817688 -2.009812831878662
-0.10125606507062912 0.31379976868629456 -0.9440746903419495 -0.048040419816970825 -0.31569385528564453 -0.9100420475006104 -0.26862818002700806 -0.6778039932250977 -0.9434430599212646 0.27083835005760193 0.1912117749452591 -2.0097784996032715
-0.10127963125705719 0.3137919306755066 -0.944074809551239 -0.0480424128472805 -0.3157147765159607 -0.9100401997566223 -0.268609881401062 -0.6778007745742798 -0.9434335231781006 0.2708536684513092 0.19123712182044983 -2.0097672939300537
-0.1012946218252182 0.3138103783130646 -0.9440670609474182 -0.048004399985075 -0.3156905770301819 -0.9100431799888611 -0.26862838864326477 -0.6777751445770264 -0.9434400200843811 0.2708224654197693 0.191249281167984 -2.0098042488098145
-0.10129117220640182 0.3138103783130646 -0.9440674185752869 -0.04800219088792801 -0.3156620264053345 -0.9100510478019714 -0.2686351537704468 -0.677765429019928 -0.9434499144554138 0.2707958519458771 0.19123798608779907 -2.0097930431365967
-0.10110703855752945 0.31381580233573914 -0.9440853595733643 -0.0479988157749176 -0.31574317812919617 -0.9100111722946167 -0.2686748802661896 -0.6777743697166443 -0.9434425234794617 0.2709236145019531 0.1910935640335083 -2.0098376274108887
-0.1011502593755722 0.31381428241729736 -0.9440812468528748 -0.047996122390031815 -0.3157891035079956 -0.9100019335746765 -0.26865217089653015 -0.6777704358100891 -0.9434224963188171 0.2709563374519348 0.1911458969116211 -2.0098378658294678
-0.10114281624555588 0.3138461112976074 -0.9440714716911316 -0.04806303232908249 -0.31573954224586487 -0.9100065231323242 -0.2686949372291565 -0.6777788996696472 -0.9434399008750916 0.2709041237831116 0.19113408029079437 -2.00982666015625
-0.10111317038536072 0.31381911039352417 -0.9440836310386658 -0.048061810433864594 -0.31572118401527405 -0.9100170731544495 -0.2686808407306671 -0.6777725219726562 -0.9434491991996765 0.27090004086494446 0.19109387695789337 -2.0098278522491455
-0.10128175467252731 0.3138701617717743 -0.9440485835075378 -0.04803747311234474 -0.3156769275665283 -0.9100289940834045 -0.26869234442710876 -0.6777440309524536 -0.9434459209442139 0.27080070972442627 0.1912507265806198 -2.0097882747650146
-0.10127801448106766 0.3138812780380249 -0.9440452456474304 -0.04803583398461342 -0.31570807099342346 -0.9100165963172913 -0.2686977982521057 -0.677736759185791 -0.9434359073638916 0.27082952857017517 0.19125936925411224 -2.009782552719116
-0.10117381811141968 0.3138968050479889 -0.9440512657165527 -0.04799116775393486 -0.31572413444519043 -0.9099990725517273 -0.26873835921287537 -0.6777594685554504 -0.9434417486190796 0.27087047696113586 0.19117270410060883 -2.0098307132720947
-0.10117138177156448 0.3138768970966339 -0.9440581798553467 -0.047985635697841644 -0.3157133162021637 -0.9100075960159302 -0.2687220275402069 -0.677754282951355 -0.94344562292099 0.2708647549152374 0.19116169214248657 -2.0098273754119873
-0.10117331892251968 0.3137715756893158 -0.9440929889678955 -0.04802878946065903 -0.31569913029670715 -0.9100418090820312 -0.26862281560897827 -0.6777913570404053 -0.9434501528739929 0.2708718478679657 0.1911291927099228 -2.00982666015625
-0.1011534333229065 0.31370633840560913 -0.9441167712211609 -0.04801035299897194 -0.3157222270965576 -0.9100521206855774 -0.2685607671737671 -0.6777939200401306 -0.943444550037384 0.2709128260612488 0.19109879434108734 -2.009845733642578
-0.10121581703424454 0.31363213062286377 -0.9441347718238831 -0.04800013452768326 -0.31566086411476135 -0.9100959300994873 -0.2684844136238098 -0.6777842044830322 -0.9434583783149719 0.2708515226840973 0.1911173313856125 -2.009821653366089
-0.1011316180229187 0.3136434555053711 -0.9441400170326233 -0.04800146445631981 -0.3157113492488861 -0.9100713729858398 -0.2685084044933319 -0.6777758598327637 -0.9434505105018616 0.2709210216999054 0.19105762243270874 -2.009814739227295
-0.101089708507061 0.313718318939209 -0.9441196322441101 -0.04803227633237839 -0.3156489431858063 -0.9100645780563354 -0.2686048150062561 -0.6777616739273071 -0.9434759020805359 0.27085718512535095 0.1910228431224823 -2.0098559856414795
-0.10101096332073212 0.3137050271034241 -0.9441324472427368 -0.04802911728620529 -0.3157108724117279 -0.9100441336631775 -0.26860126852989197 -0.6777550578117371 -0.9434636235237122 0.27094122767448425 0.19096435606479645 -2.0098488330841064
-0.1010231226682663 0.31370803713798523 -0.9441301822662354 -0.04802863299846649 -0.3156864643096924 -0.9100512862205505 -0.2686057388782501 -0.6777488589286804 -0.9434704780578613 0.2709137201309204 0.19096943736076355 -2.0098466873168945
-0.10104577988386154 0.3137252628803253 -0.9441220164299011 -0.04805803298950195 -0.31564176082611084 -0.9100610613822937 -0.2686251103878021 -0.6777259707450867 -0.9434829950332642 0.270860880613327 0.19098246097564697 -2.0098254680633545
-0.10106057673692703 0.313719242811203 -0.9441224336624146 -0.048026543110609055 -0.31568726897239685 -0.9100509285926819 -0.2686060070991516 -0.6777108311653137 -0.9434661865234375 0.27090194821357727 0.19100727140903473 -2.0097689628601074
-0.1010945588350296 0.3136942684650421 -0.944127082824707 -0.04802486672997475 -0.3157418668270111 -0.9100450873374939 -0.268561452627182 -0.6778000593185425 -0.9434443116188049 0.2709503471851349 0.19104686379432678 -2.00981068611145
-0.10109281539916992 0.31369373202323914 -0.9441274404525757 -0.04802302271127701 -0.3157094717025757 -0.9100544452667236 -0.2685680091381073 -0.6777985692024231 -0.9434553384780884 0.27091968059539795 0.19103588163852692 -2.0098071098327637
-0.10110311210155487 0.3138042390346527 -0.9440896511077881 -0.04804493114352226 -0.31569793820381165 -0.9100271463394165 -0.26867398619651794 -0.6778072118759155 -0.943458080291748 0.27088335156440735 0.19107376039028168 -2.0098390579223633
-0.10111900418996811 0.3138189911842346 -0.944083034992218 -0.04805418476462364 -0.3156495988368988 -0.9100381135940552 -0.26869362592697144 -0.6777933835983276 -0.9434725642204285 0.2708294093608856 0.19107882678508759 -2.009849786758423
-0.10116368532180786 0.3137984573841095 -0.9440850615501404 -0.048033636063337326 -0.3157162070274353 -0.9100284576416016 -0.2686479389667511 -0.6777524948120117 -0.9434454441070557 0.27088552713394165 0.19113291800022125 -2.0098495483398438
-0.10107819736003876 0.3137580454349518 -0.9441076517105103 -0.04799268767237663 -0.3158019185066223 -0.9100083708763123 -0.2686153054237366 -0.6777740716934204 -0.9434259533882141 0.27099984884262085 0.19106723368167877 -2.009883403778076
-0.1010681688785553 0.3138387203216553 -0.9440819025039673 -0.047991521656513214 -0.3157544434070587 -0.9099982380867004 -0.26870545744895935 -0.6777771711349487 -0.9434428811073303 0.27094048261642456 0.1910676658153534 -2.009860038757324
-0.10109304636716843 0.31383979320526123 -0.9440788626670837 -0.04797051474452019 -0.31573930382728577 -0.9100043177604675 -0.2687026560306549 -0.6777763962745667 -0.9434453248977661 0.2709188461303711 0.19108650088310242 -2.0098719596862793
-0.10103560239076614 0.31379565596580505 -0.9440997242927551 -0.04798119142651558 -0.3156316876411438 -0.9100430607795715 -0.2686978280544281 -0.6777821183204651 -0.9434874653816223 0.27083972096443176 0.19099043309688568 -2.009812593460083
-0.10103839635848999 0.3137991726398468 -0.9440982341766357 -0.0480034276843071 -0.31564030051231384 -0.9100398421287537 -0.26869869232177734 -0.6777552962303162 -0.9434843063354492 0.27084657549858093 0.190996453166008 -2.0097954273223877
-0.10104705393314362 0.3137809932231903 -0.9441033601760864 -0.04805262014269829 -0.31565922498703003 -0.9100402593612671 -0.26867493987083435 -0.677811324596405 -0.9434770345687866 0.27086612582206726 0.19100458920001984 -2.0098257064819336
-0.10101476311683655 0.31381461024284363 -0.9440956115722656 -0.04808816313743591 -0.31567686796188354 -0.910023033618927 -0.26871269941329956 -0.6777894496917725 -0.9434745907783508 0.2708851993083954 0.19098961353302002 -2.0098025798797607
-0.10105941444635391 0.3138764798641205 -0.9440702795982361 -0.04808252677321434 -0.3157007396221161 -0.9100021719932556 -0.26875513792037964 -0.6778191328048706 -0.9434618353843689 0.2708834707736969 0.19105516374111176 -2.009838819503784
-0.10113384574651718 0.31390440464019775 -0.944053053855896 -0.04807841777801514 -0.3156927824020386 -0.9100026488304138 -0.26876306533813477 -0.6777838468551636 -0.9434565305709839 0.27084967494010925 0.19112925231456757 -2.009861469268799
-0.10112731903791428 0.3139452040195465 -0.9440401792526245 -0.04804670810699463 -0.3156643211841583 -0.9099986553192139 -0.268809974193573 -0.6777418851852417 -0.9434667229652405 0.27081578969955444 0.19112685322761536 -2.0097427368164062
-0.10114173591136932 0.3140169382095337 -0.9440147876739502 -0.0480455681681633 -0.315675288438797 -0.9099762439727783 -0.2688729166984558 -0.6777342557907104 -0.943461537361145 0.2708078622817993 0.1911637932062149 -2.0097503662109375
-0.10113125294446945 0.31401753425598145 -0.9440156817436218 -0.04804471880197525 -0.31565770506858826 -0.9099802374839783 -0.2688799500465393 -0.6777204871177673 -0.9434685111045837 0.2707936465740204 0.19114933907985687 -2.0097358226776123
-0.10119219869375229 0.3140334486961365 -0.9440038800239563 -0.048044558614492416 -0.3156062364578247 -0.9099954962730408 -0.2688888907432556 -0.677727997303009 -0.9434791803359985 0.27072402834892273 0.19119518995285034 -2.009695291519165
-0.10120284557342529 0.3140307068824768 -0.9440036416053772 -0.04804136976599693 -0.3156163990497589 -0.9099941849708557 -0.268881231546402 -0.6777148246765137 -0.9434746503829956 0.27073147892951965 0.19120708107948303 -2.0096781253814697
-0.10121883451938629 0.3140447437763214 -0.9439972639083862 -0.04806260019540787 -0.315705806016922 -0.9099658727645874 -0.2688722014427185 -0.6777470707893372 -0.9434430599212646 0.27081048488616943 0.1912512630224228 -2.009730577468872
-0.10117091238498688 0.3140159249305725 -0.9440119862556458 -0.04806651175022125 -0.31572237610816956 -0.9099653959274292 -0.2688543200492859 -0.6777350306510925 -0.9434426426887512 0.2708454728126526 0.19120371341705322 -2.0097174644470215
-0.1011972725391388 0.31406739354133606 -0.943992018699646 -0.04806898161768913 -0.31570175290107727 -0.9099588394165039 -0.2689008116722107 -0.6777378916740417 -0.943446695804596 0.2708078920841217 0.19123680889606476 -2.0096840858459473
-0.10121317207813263 0.3140554428100586 -0.9439942836761475 -0.04807116091251373 -0.3156943917274475 -0.9099656343460083 -0.26888638734817505 -0.6777320504188538 -0.943447470664978 0.27079886198043823 0.1912458837032318 -2.0096652507781982
-0.10120531171560287 0.31403762102127075 -0.9440010786056519 -0.04799780622124672 -0.31577521562576294 -0.909946858882904 -0.2688550055027008 -0.6777634024620056 -0.9434212446212769 0.27088257670402527 0.191256582736969 -2.0097155570983887
-0.10122106969356537 0.3139967620372772 -0.9440129995346069 -0.04799417033791542 -0.3157707154750824 -0.9099611043930054 -0.2688121795654297 -0.6777573823928833 -0.9434210658073425 0.27088218927383423 0.191258043050766 -2.009695053100586
-0.10100741684436798 0.3139938712120056 -0.9440368413925171 -0.04798785224556923 -0.3158618211746216 -0.9099182486534119 -0.26885008811950684 -0.6777812838554382 -0.943413496017456 0.2710293233394623 0.191087007522583 -2.009783983230591
-0.10105577111244202 0.31397545337677 -0.9440377950668335 -0.047987304627895355 -0.31585386395454407 -0.9099297523498535 -0.26882055401802063 -0.6777710318565369 -0.9434109330177307 0.2710121273994446 0.1911238431930542 -2.0097784996032715
-0.10107998549938202 0.31399208307266235 -0.9440296292304993 -0.04799802973866463 -0.31587910652160645 -0.9099197387695312 -0.2688247561454773 -0.6777848601341248 -0.9433999061584473 0.2710264325141907 0.19115805625915527 -2.0098392963409424
-0.1009388342499733 0.3139146864414215 -0.9440704584121704 -0.047977790236473083 -0.31597480177879333 -0.9099027514457703 -0.26876986026763916 -0.6777801513671875 -0.943382978439331 0.2711731493473053 0.1910334825515747 -2.009859561920166
-0.10100658982992172 0.3138716518878937 -0.9440775513648987 -0.04798070713877678 -0.31593945622444153 -0.9099307060241699 -0.2687167525291443 -0.6777684688568115 -0.9433875679969788 0.27112919092178345 0.19107326865196228 -2.009796380996704
-0.10108750313520432 0.3138355314731598 -0.9440808892250061 -0.04802165552973747 -0.3159615099430084 -0.9099412560462952 -0.26865509152412415 -0.6777629256248474 -0.9433715343475342 0.271135538816452 0.1911434680223465 -2.0098166465759277
-0.10110189765691757 0.31382906436920166 -0.9440814852714539 -0.04801231250166893 -0.31593263149261475 -0.9099525809288025 -0.26865071058273315 -0.6777530908584595 -0.9433796405792236 0.2711050510406494 0.1911466121673584 -2.0098118782043457
-0.10102725028991699 0.31380951404571533 -0.9440959692001343 -0.0479816198348999 -0.31597772240638733 -0.9099390506744385 -0.26864340901374817 -0.6777538657188416 -0.9433725476264954 0.27117297053337097 0.19108529388904572 -2.009838342666626
-0.10108447074890137 0.31380096077919006 -0.9440926909446716 -0.047987908124923706 -0.3159618079662323 -0.9099507331848145 -0.2686225473880768 -0.6777539253234863 -0.9433717131614685 0.27114367485046387 0.1911308467388153 -2.009808301925659
-0.10113247483968735 0.3137408494949341 -0.9441075325012207 -0.04801628366112709 -0.31591132283210754 -0.9099862575531006 -0.26856154203414917 -0.6777130961418152 -0.943383514881134 0.2710939645767212 0.19114327430725098 -2.0097172260284424
-0.1011175662279129 0.3137385845184326 -0.9441099166870117 -0.04800501465797424 -0.3159181773662567 -0.90998375415802 -0.26856210827827454 -0.6776971817016602 -0.9433827996253967 0.2711051404476166 0.19113090634346008 -2.009704113006592
-0.10094580799341202 0.31359341740608215 -0.9441764950752258 -0.0479714497923851 -0.3160005509853363 -0.9099873304367065 -0.26845306158065796 -0.6777793169021606 -0.9433736205101013 0.271261066198349 0.19095492362976074 -2.009756565093994
-0.1009795218706131 0.31362244486808777 -0.9441632628440857 -0.0479573979973793 -0.31601783633232117 -0.9099768400192261 -0.2684682309627533 -0.6777740120887756 -0.9433642029762268 0.27126264572143555 0.19099915027618408 -2.009742498397827
-0.10113116353750229 0.31362372636795044 -0.9441466331481934 -0.04801128804683685 -0.3158968389034271 -0.9100236296653748 -0.2684519290924072 -0.6777489185333252 -0.9433884620666504 0.2711040675640106 0.19110432267189026 -2.009704828262329
-0.10109684616327286 0.3136245906352997 -0.9441499710083008 -0.04800872504711151 -0.31591492891311646 -0.9100154042243958 -0.26845860481262207 -0.6777417659759521 -0.9433861374855042 0.27113077044487 0.19107820093631744 -2.009688138961792
-0.101148322224617 0.31368550658226013 -0.9441242218017578 -0.04801303520798683 -0.31588998436927795 -0.9100094437599182 -0.2685081362724304 -0.6777312159538269 -0.9433889389038086 0.27108025550842285 0.19113588333129883 -2.0096919536590576
-0.10113932937383652 0.3136729598045349 -0.9441293478012085 -0.04800849035382271 -0.3158361613750458 -0.9100277423858643 -0.2685094475746155 -0.6777217388153076 -0.9434079527854919 0.27103331685066223 0.19110868871212006 -2.009676456451416
-0.1010875329375267 0.31370800733566284 -0.9441232681274414 -0.04799984395503998 -0.3159676492214203 -0.9099757671356201 -0.2685309052467346 -0.6777587532997131 -0.943369448184967 0.2711673080921173 0.19110862910747528 -2.0096752643585205
-0.10106564313173294 0.31367558240890503 -0.944136381149292 -0.047996316105127335 -0.315944105386734 -0.9099899530410767 -0.26851049065589905 -0.6777524352073669 -0.9433797001838684 0.2711571455001831 0.1910725086927414 -2.0096628665924072
-0.10115621984004974 0.3137923777103424 -0.9440878629684448 -0.048018936067819595 -0.3158681392669678 -0.9099859595298767 -0.26861336827278137 -0.6777074933052063 -0.9433954358100891 0.271035373210907 0.19116759300231934 -2.0096936225891113
-0.10111633688211441 0.31376153230667114 -0.94410240650177 -0.048026833683252335 -0.31590601801872253 -0.9099805951118469 -0.26858699321746826 -0.677693784236908 -0.943386971950531 0.271089106798172 0.19113288819789886 -2.0096938610076904
-0.10109132528305054 0.31384027004241943 -0.9440789222717285 -0.048065830022096634 -0.31588301062583923 -0.9099627733230591 -0.26867449283599854 -0.677770733833313 -0.9433974027633667 0.2710578143596649 0.1911259889602661 -2.0097639560699463
-0.10112467408180237 0.3139183819293976 -0.9440493583679199 -0.048078421503305435 -0.3158580958843231 -0.9099504351615906 -0.2687456011772156 -0.6777654886245728 -0.9434021711349487 0.27100881934165955 0.19117194414138794 -2.009737253189087
-0.10113071650266647 0.3139219582080841 -0.9440475106239319 -0.04808826744556427 -0.3158479332923889 -0.9099528193473816 -0.2687494456768036 -0.677759051322937 -0.9434049129486084 0.270996630191803 0.19117560982704163 -2.009730339050293
-0.10105858743190765 0.31387820839881897 -0.9440698027610779 -0.04806520417332649 -0.3158967196941376 -0.9099453687667847 -0.26871734857559204 -0.6777737140655518 -0.9433963298797607 0.2710723578929901 0.1911107301712036 -2.0097498893737793
-0.10107626020908356 0.3139095902442932 -0.9440574645996094 -0.048059992492198944 -0.3159172832965851 -0.9099319577217102 -0.2687385380268097 -0.6777704954147339 -0.943387508392334 0.27108097076416016 0.19114181399345398 -2.009808301925659
-0.10099893808364868 0.3138580620288849 -0.9440829157829285 -0.048029351979494095 -0.31594377756118774 -0.9099326729774475 -0.26870492100715637 -0.6777867078781128 -0.9433869123458862 0.27113819122314453 0.19106356799602509 -2.009847640991211
-0.101022869348526 0.3138589859008789 -0.9440799951553345 -0.04800643399357796 -0.315903902053833 -0.9099458456039429 -0.268707275390625 -0.6777366399765015 -0.9433977007865906 0.2710929811000824 0.1910744607448578 -2.0098283290863037
-0.10110869258642197 0.3139055371284485 -0.9440553784370422 -0.04801919683814049 -0.3159133195877075 -0.9099369049072266 -0.2687264680862427 -0.6777616739273071 -0.9433853626251221 0.27106907963752747 0.19116930663585663 -2.0098519325256348
-0.10111773014068604 0.31387972831726074 -0.9440629482269287 -0.048012811690568924 -0.315904825925827 -0.9099474549293518 -0.2687007784843445 -0.6777547001838684 -0.9433872699737549 0.2710636258125305 0.19116777181625366 -2.0098562240600586
-0.10106299817562103 0.31389352679252625 -0.9440642595291138 -0.047972001135349274 -0.3159109652042389 -0.9099372625350952 -0.26872801780700684 -0.6777949929237366 -0.9433910846710205 0.271081805229187 0.19112323224544525 -2.0098507404327393
-0.1010480523109436 0.3138905167579651 -0.9440668225288391 -0.04796198755502701 -0.3159315884113312 -0.909930944442749 -0.26872506737709045 -0.6777912974357605 -0.9433857798576355 0.27110639214515686 0.19111451506614685 -2.009852409362793
-0.10105109214782715 0.31389737129211426 -0.9440642595291138 -0.048019956797361374 -0.31598955392837524 -0.9099125862121582 -0.2687191069126129 -0.677793562412262 -0.9433659911155701 0.2711600959300995 0.19113579392433167 -2.0098743438720703
-0.10121303796768188 0.3139711022377014 -0.9440223574638367 -0.04805056378245354 -0.31589069962501526 -0.9099332690238953 -0.26876533031463623 -0.6777678728103638 -0.9433817863464355 0.2710053324699402 0.19127748906612396 -2.0098111629486084
-0.10111566632986069 0.3139982521533966 -0.9440237879753113 -0.04802718386054039 -0.31596747040748596 -0.9098954796791077 -0.2688029110431671 -0.6777346730232239 -0.9433664679527283 0.27110061049461365 0.19121776521205902 -2.0097591876983643
-0.1010180190205574 0.31389564275741577 -0.9440683722496033 -0.04801715537905693 -0.315917044878006 -0.9099312424659729 -0.268741250038147 -0.6777406930923462 -0.9433938264846802 0.2710995674133301 0.19108426570892334 -2.00972318649292
-0.10104836523532867 0.31397584080696106 -0.944038450717926 -0.048007141798734665 -0.31591224670410156 -0.9099122881889343 -0.2688111364841461 -0.6777662634849548 -0.9433922171592712 0.27107036113739014 0.1911337822675705 -2.0097734928131104
-0.10104503482580185 0.3139785826206207 -0.9440378546714783 -0.048003751784563065 -0.3158988356590271 -0.909915030002594 -0.2688174247741699 -0.6777545213699341 -0.943397045135498 0.27105778455734253 0.1911277025938034 -2.0097572803497314
-0.10110298544168472 0.3140580654144287 -0.9440052509307861 -0.04803977161645889 -0.3158779442310333 -0.9099031686782837 -0.26888221502304077 -0.6777263879776001 -0.9433978199958801 0.27100566029548645 0.19119776785373688 -2.00966477394104
-0.1010441705584526 0.3140990734100342 -0.943997859954834 -0.048020172864198685 -0.3158760964870453 -0.9098871946334839 -0.26893842220306396 -0.677763819694519 -0.9434047341346741 0.27101171016693115 0.19115501642227173 -2.0097157955169678
-0.10107297450304031 0.31410425901412964 -0.943993091583252 -0.04802265763282776 -0.3159078359603882 -0.9098789691925049 -0.26892900466918945 -0.6777572631835938 -0.9433910250663757 0.2710333466529846 0.19119200110435486 -2.009690284729004
-0.10108095407485962 0.3141748011112213 -0.9439687728881836 -0.04803691431879997 -0.3158876299858093 -0.9098653197288513 -0.2689988613128662 -0.6777938008308411 -0.9433969259262085 0.27099740505218506 0.19121381640434265 -2.0097334384918213
-0.1010565385222435 0.31416332721710205 -0.9439752101898193 -0.048043619841337204 -0.31589993834495544 -0.9098630547523499 -0.2689920663833618 -0.677793025970459 -0.9433954358100891 0.27101829648017883 0.19119161367416382 -2.00972318649292
-0.10106311738491058 0.3140680193901062 -0.9440062046051025 -0.04803043603897095 -0.31575435400009155 -0.909932553768158 -0.2689279019832611 -0.677783191204071 -0.9434434771537781 0.2708953619003296 0.19112880527973175 -2.009692668914795
-0.10105772316455841 0.31404486298561096 -0.9440144896507263 -0.04802602902054787 -0.315773069858551 -0.90993332862854 -0.26890328526496887 -0.6777778267860413 -0.9434378147125244 0.2709195911884308 0.19112253189086914 -2.0096776485443115
-0.10107535123825073 0.3140231668949127 -0.9440197944641113 -0.048005614429712296 -0.3158281445503235 -0.9099251627922058 -0.26886633038520813 -0.677791178226471 -0.943417489528656 0.27097225189208984 0.19114819169044495 -2.009754180908203
-0.10105250030755997 0.3140392005443573 -0.9440169334411621 -0.04800170660018921 -0.3158120810985565 -0.9099233150482178 -0.2688913643360138 -0.6777823567390442 -0.9434252977371216 0.2709598243236542 0.1911272257566452 -2.009742259979248
-0.100958451628685 0.31404009461402893 -0.9440266489982605 -0.04801502451300621 -0.3157842457294464 -0.9099233746528625 -0.26892390847206116 -0.6777359843254089 -0.9434446692466736 0.27095863223075867 0.19103319942951202 -2.0097591876983643
-0.100990891456604 0.31403496861457825 -0.944024920463562 -0.048016857355833054 -0.3158058226108551 -0.9099212884902954 -0.2689056098461151 -0.6777234673500061 -0.9434340000152588 0.27097153663635254 0.1910676658153534 -2.009748697280884
-0.10089567303657532 0.3140213191509247 -0.9440396428108215 -0.04804723709821701 -0.3156794011592865 -0.9099537134170532 -0.2689443826675415 -0.6777365207672119 -0.9434865117073059 0.27087852358818054 0.1909402757883072 -2.009780168533325
-0.10089872777462006 0.31399044394493103 -0.944049596786499 -0.048048656433820724 -0.3156977593898773 -0.9099574685096741 -0.26891008019447327 -0.6777201294898987 -0.9434800148010254 0.2709016501903534 0.19093945622444153 -2.009772777557373
-0.1008913516998291 0.3139670193195343 -0.9440581798553467 -0.048059217631816864 -0.3155364394187927 -0.9100098609924316 -0.26892217993736267 -0.6777129173278809 -0.943534791469574 0.27075281739234924 0.19087998569011688 -2.0097315311431885
-0.10088271647691727 0.31399041414260864 -0.9440513253211975 -0.04806801304221153 -0.3155420422554016 -0.9100008606910706 -0.26894596219062805 -0.6777011156082153 -0.9435338377952576 0.2707558870315552 0.19088037312030792 -2.009721279144287
-0.10100910812616348 0.3139519989490509 -0.9440505504608154 -0.04806871339678764 -0.31553101539611816 -0.9100252985954285 -0.26887622475624084 -0.6777483820915222 -0.9435240030288696 0.2707182765007019 0.19098226726055145 -2.0097169876098633
-0.10099572688341141 0.31393787264823914 -0.9440566897392273 -0.048071715980768204 -0.3154860734939575 -0.910041093826294 -0.268875390291214 -0.6777375340461731 -0.9435404539108276 0.2706814706325531 0.19095313549041748 -2.0097029209136963
-0.10119429975748062 0.3139696419239044 -0.9440248608589172 -0.04804955795407295 -0.31549525260925293 -0.9100456833839417 -0.26884925365448 -0.6777192950248718 -0.9435160756111145 0.270629346370697 0.19114719331264496 -2.0096960067749023
-0.1011347621679306 0.3139341175556183 -0.9440430402755737 -0.04799201339483261 -0.3155520260334015 -0.9100345969200134 -0.26881998777389526 -0.6777554154396057 -0.9435034990310669 0.2707076668739319 0.19109852612018585 -2.0097477436065674
-0.10121038556098938 0.3139793574810028 -0.9440199136734009 -0.04801616817712784 -0.31557920575141907 -0.910020112991333 -0.26883718371391296 -0.677776038646698 -0.9434862732887268 0.2707039415836334 0.19118867814540863 -2.009779214859009
-0.10116144269704819 0.31395936012268066 -0.9440317749977112 -0.04798264056444168 -0.31560492515563965 -0.9100144505500793 -0.2688262164592743 -0.6777838468551636 -0.9434829354286194 0.27074623107910156 0.19114533066749573 -2.0097625255584717
-0.1011677235364914 0.3139544725418091 -0.9440327286720276 -0.04797983542084694 -0.3156249225139618 -0.9100106358528137 -0.2688157260417938 -0.6777770519256592 -0.943475604057312 0.2707647681236267 0.19115538895130157 -2.009751558303833
-0.10122822225093842 0.31405892968177795 -0.9439915418624878 -0.04801248386502266 -0.31560543179512024 -0.9099913835525513 -0.2689036428928375 -0.6777922511100769 -0.943475604057312 0.27070823311805725 0.19123534858226776 -2.0097744464874268
-0.10123886913061142 0.3140159547328949 -0.9440046548843384 -0.04801449552178383 -0.31560295820236206 -0.9100052118301392 -0.26885974407196045 -0.677787721157074 -0.9434753060340881 0.27071163058280945 0.1912321001291275 -2.0097665786743164
-0.1011764407157898 0.314042866230011 -0.9440024495124817 -0.04801227152347565 -0.3156450688838959 -0.9099803566932678 -0.2688944339752197 -0.6777894496917725 -0.943467915058136 0.27076390385627747 0.19119448959827423 -2.0097758769989014
-0.10124348849058151 0.31394368410110474 -0.9440281987190247 -0.04802064225077629 -0.3157068192958832 -0.9099963903427124 -0.268767774105072 -0.6777696013450623 -0.9434400796890259 0.2708251476287842 0.1912451982498169 -2.0097784996032715
-0.1012277826666832 0.31393900513648987 -0.9440314769744873 -0.048021551221609116 -0.315712571144104 -0.9099947810173035 -0.2687664330005646 -0.677760124206543 -0.9434398412704468 0.2708359658718109 0.19123107194900513 -2.0097718238830566
-0.10116864740848541 0.3139137625694275 -0.9440461993217468 -0.048024073243141174 -0.31560155749320984 -0.9100289940834045 -0.26878097653388977 -0.6777580976486206 -0.943483293056488 0.2707502245903015 0.1911379098892212 -2.009763479232788
-0.1012420803308487 0.3139224052429199 -0.9440354704856873 -0.04805438965559006 -0.3156314194202423 -0.9100239276885986 -0.2687629163265228 -0.6777581572532654 -0.9434654116630554 0.27075713872909546 0.19121631979942322 -2.009791851043701
-0.10117083042860031 0.3138485252857208 -0.944067656993866 -0.04801664873957634 -0.315679132938385 -0.9100254774093628 -0.2687017619609833 -0.6778154969215393 -0.9434571266174316 0.270837664604187 0.19114328920841217 -2.0098319053649902
-0.1012175902724266 0.31382015347480774 -0.9440720677375793 -0.04805395379662514 -0.31573742628097534 -0.9100205898284912 -0.2686496675014496 -0.6777324676513672 -0.9434325695037842 0.2708868086338043 0.19119469821453094 -2.009756088256836
-0.1012868583202362 0.3138119876384735 -0.9440673589706421 -0.048081569373607635 -0.31579428911209106 -0.9100123047828674 -0.2686110734939575 -0.6777755618095398 -0.9434061050415039 0.27092432975769043 0.19127215445041656 -2.009814977645874
-0.10127396136522293 0.3138657808303833 -0.9440508484840393 -0.04811427369713783 -0.31578823924064636 -0.9099976420402527 -0.26866772770881653 -0.6777490973472595 -0.9434095621109009 0.2709110975265503 0.1912740170955658 -2.009800910949707
-0.10133011639118195 0.31381312012672424 -0.944062352180481 -0.048104576766490936 -0.31575918197631836 -0.9100255966186523 -0.26860731840133667 -0.6777280569076538 -0.9434131979942322 0.2708783447742462 0.19130221009254456 -2.0097815990448
-0.10130633413791656 0.3137708604335785 -0.9440789222717285 -0.048085324466228485 -0.3157289922237396 -0.9100443124771118 -0.26857927441596985 -0.6777232885360718 -0.9434258937835693 0.2708643078804016 0.19125965237617493 -2.0097882747650146
-0.10136403143405914 0.3138759434223175 -0.9440377950668335 -0.04807713255286217 -0.31566160917282104 -0.9100384712219238 -0.2686782777309418 -0.6777381300926208 -0.9434422254562378 0.270762175321579 0.19132359325885773 -2.0097384452819824
-0.10128235816955566 0.31386247277259827 -0.9440510272979736 -0.04804018884897232 -0.31574341654777527 -0.9100121259689331 -0.26867130398750305 -0.6777476072311401 -0.9434236288070679 0.2708662152290344 0.19126802682876587 -2.0097603797912598
-0.10129579901695251 0.31384041905403137 -0.9440569281578064 -0.04803810641169548 -0.3157668709754944 -0.9100127816200256 -0.26864156126976013 -0.6777349710464478 -0.9434143304824829 0.27088966965675354 0.19128072261810303 -2.0097274780273438
-0.10126487165689468 0.3138625919818878 -0.9440528750419617 -0.04802936315536499 -0.3157182037830353 -0.9100179076194763 -0.2686813771724701 -0.677715003490448 -0.943433940410614 0.2708466947078705 0.19124482572078705 -2.009678602218628
-0.10123138129711151 0.313933402299881 -0.9440329670906067 -0.04804239049553871 -0.31568944454193115 -0.9100033044815063 -0.2687647044658661 -0.6777133345603943 -0.9434471726417542 0.27081379294395447 0.19122618436813354 -2.0096323490142822
-0.10109265893697739 0.313925564289093 -0.9440504312515259 -0.04799904674291611 -0.31577786803245544 -0.9099687933921814 -0.26877766847610474 -0.6777343153953552 -0.9434324502944946 0.27093878388404846 0.19112174212932587 -2.0096471309661865
-0.10110142827033997 0.3140086531639099 -0.9440218210220337 -0.04802996292710304 -0.3157488703727722 -0.9099541902542114 -0.26886120438575745 -0.6777401566505432 -0.9434412121772766 0.27089157700538635 0.1911453753709793 -2.009657621383667
-0.10103989392518997 0.3140036463737488 -0.9440301060676575 -0.04800299555063248 -0.315787672996521 -0.9099394083023071 -0.26886552572250366 -0.6777435541152954 -0.9434348344802856 0.2709469199180603 0.19109849631786346 -2.009661912918091
-0.1010177955031395 0.3140438497066498 -0.944019079208374 -0.048021238297224045 -0.3157883584499359 -0.9099259972572327 -0.2689102292060852 -0.6777328252792358 -0.9434369206428528 0.2709455192089081 0.1910899430513382 -2.0097200870513916
-0.10097412019968033 0.3140123188495636 -0.944034218788147 -0.04798095300793648 -0.3158308267593384 -0.9099192023277283 -0.2688833773136139 -0.677735447883606 -0.9434274435043335 0.2710048258304596 0.1910528838634491 -2.009732484817505
-0.10100064426660538 0.3140142858028412 -0.94403076171875 -0.047987326979637146 -0.31580880284309387 -0.9099271297454834 -0.2688823640346527 -0.6777438521385193 -0.9434319734573364 0.27097591757774353 0.1910715252161026 -2.009803056716919
-0.10097407549619675 0.31394752860069275 -0.9440557956695557 -0.047967877238988876 -0.31587454676628113 -0.9099250435829163 -0.26881206035614014 -0.6777434349060059 -0.9434127807617188 0.27106013894081116 0.19104669988155365 -2.0098209381103516
-0.10094363987445831 0.3139362931251526 -0.9440627694129944 -0.0479736253619194 -0.31586286425590515 -0.9099291563034058 -0.26881203055381775 -0.6777523756027222 -0.9434199333190918 0.271059513092041 0.1910122036933899 -2.0098252296447754
-0.10094151645898819 0.3138997554779053 -0.9440751671791077 -0.04800109565258026 -0.31599128246307373 -0.9099024534225464 -0.2687513828277588 -0.6777647137641907 -0.9433771967887878 0.2711913585662842 0.19103634357452393 -2.0098769664764404
-0.10105692595243454 0.313884973526001 -0.9440677165985107 -0.04799248278141022 -0.31595343351364136 -0.9099270105361938 -0.2687128186225891 -0.6777698397636414 -0.9433774948120117 0.2711261510848999 0.19112728536128998 -2.0098657608032227
-0.10105648636817932 0.31378382444381714 -0.9441013932228088 -0.04798423498868942 -0.31599172949790955 -0.9099447131156921 -0.2686077058315277 -0.6778295040130615 -0.9433647394180298 0.27118369936943054 0.19110874831676483 -2.0099008083343506
-0.10103000700473785 0.3138033449649811 -0.9440977573394775 -0.04798481613397598 -0.31602343916893005 -0.9099279046058655 -0.26862746477127075 -0.6778321266174316 -0.9433569312095642 0.27121758460998535 0.19109907746315002 -2.009901762008667
-0.10105014592409134 0.3138130009174347 -0.9440923929214478 -0.048054128885269165 -0.3159746527671814 -0.9099408388137817 -0.26864105463027954 -0.6777691841125488 -0.9433711171150208 0.27116304636001587 0.19110643863677979 -2.0098555088043213
-0.1010105162858963 0.31374502182006836 -0.9441192150115967 -0.04803505912423134 -0.3160167932510376 -0.9099448323249817 -0.2685779929161072 -0.6777732968330383 -0.943361222743988 0.2712283134460449 0.19106252491474152 -2.009885549545288
-0.10105210542678833 0.3137193024158478 -0.9441233277320862 -0.04802519828081131 -0.3159814178943634 -0.9099656939506531 -0.268548846244812 -0.6777480840682983 -0.9433686137199402 0.27118799090385437 0.19108325242996216 -2.0098109245300293
-0.10104820877313614 0.31376340985298157 -0.9441090822219849 -0.04801362380385399 -0.31601446866989136 -0.9099433422088623 -0.2685857117176056 -0.6777420043945312 -0.9433580040931702 0.27121201157569885 0.19110175967216492 -2.009828805923462
-0.1010606437921524 0.31380632519721985 -0.9440934658050537 -0.048015106469392776 -0.3159688711166382 -0.9099452495574951 -0.2686328887939453 -0.6777606010437012 -0.9433719515800476 0.2711559236049652 0.19111250340938568 -2.0098419189453125
-0.10105075687170029 0.31387859582901 -0.9440705180168152 -0.048027392476797104 -0.315946102142334 -0.909930408000946 -0.2687098979949951 -0.6777447462081909 -0.94338059425354 0.2711220383644104 0.19111770391464233 -2.0098371505737305
-0.10107137262821198 0.3138525187969208 -0.9440769553184509 -0.048011310398578644 -0.3159386217594147 -0.9099416732788086 -0.26868054270744324 -0.677713930606842 -0.9433808922767639 0.2711144685745239 0.1911270171403885 -2.0097906589508057
-0.10109928250312805 0.31387269496917725 -0.9440672993659973 -0.048008061945438385 -0.31594347953796387 -0.909936785697937 -0.2686913013458252 -0.6777067184448242 -0.9433763027191162 0.27110740542411804 0.19115982949733734 -2.0097944736480713
-0.10107722878456116 0.313846617937088 -0.9440783262252808 -0.04801986739039421 -0.31583693623542786 -0.9099730253219604 -0.26869383454322815 -0.677717924118042 -0.9434143304824829 0.2710159718990326 0.19110174477100372 -2.00976300239563
-0.10089971125125885 0.3137527406215668 -0.9441285133361816 -0.04797283932566643 -0.3160013258457184 -0.9099379777908325 -0.26861926913261414 -0.677738606929779 -0.9433782696723938 0.27124226093292236 0.19095858931541443 -2.0098156929016113
-0.10085240006446838 0.3138394057750702 -0.9441047310829163 -0.048007722944021225 -0.3159944713115692 -0.9099114537239075 -0.2687172591686249 -0.6777623891830444 -0.943385660648346 0.27123111486434937 0.1909381002187729 -2.0098342895507812
-0.10090301930904388 0.313771516084671 -0.9441218972206116 -0.04804496467113495 -0.3158472776412964 -0.9099771976470947 -0.268667608499527 -0.6777240037918091 -0.9434295296669006 0.27108898758888245 0.19092316925525665 -2.0097732543945312
-0.10091203451156616 0.31379038095474243 -0.9441146850585938 -0.04805315285921097 -0.31585294008255005 -0.9099709391593933 -0.2686821520328522 -0.6777135133743286 -0.9434266686439514 0.2710881233215332 0.19093847274780273 -2.0097575187683105
-0.10099218785762787 0.3138795793056488 -0.9440764784812927 -0.048052575439214706 -0.31576669216156006 -0.9099768996238708 -0.26876339316368103 -0.6777352094650269 -0.943446934223175 0.2709648907184601 0.19101311266422272 -2.009760856628418
-0.10098100453615189 0.31387847661972046 -0.9440780282020569 -0.048050496727228165 -0.31578686833381653 -0.9099704623222351 -0.2687613368034363 -0.6777279376983643 -0.9434413909912109 0.2709876298904419 0.19100826978683472 -2.009756326675415
-0.10097430646419525 0.3139035105705261 -0.9440703988075256 -0.04804213345050812 -0.3157322406768799 -0.9099785089492798 -0.2687984108924866 -0.6777788400650024 -0.9434604048728943 0.2709317207336426 0.19099374115467072 -2.0098211765289307
-0.10098643600940704 0.3138922452926636 -0.9440728425979614 -0.04804494231939316 -0.31576091051101685 -0.9099744558334351 -0.26877835392951965 -0.6777752637863159 -0.9434494972229004 0.2709583342075348 0.19100980460643768 -2.009812831878662
-0.10103680938482285 0.3139333128929138 -0.9440538287162781 -0.048020295798778534 -0.3157433867454529 -0.9099719524383545 -0.2688075602054596 -0.6777767539024353 -0.9434499740600586 0.2709192931652069 0.19106285274028778 -2.0098354816436768
-0.1009981706738472 0.3138674795627594 -0.9440798163414001 -0.04800127446651459 -0.3157781958580017 -0.9099774956703186 -0.2687477469444275 -0.6777564883232117 -0.9434424638748169 0.27097681164741516 0.19101840257644653 -2.00982403755188
-0.10100441426038742 0.31389105319976807 -0.944071352481842 -0.04799334332346916 -0.31580886244773865 -0.9099624752998352 -0.2687625288963318 -0.677751898765564 -0.9434314966201782 0.2709999084472656 0.19103963673114777 -2.009817361831665
-0.10105263441801071 0.3138419985771179 -0.944082498550415 -0.04795068874955177 -0.31579869985580444 -0.9099833369255066 -0.2687039375305176 -0.6777665615081787 -0.9434297680854797 0.27098676562309265 0.1910669356584549 -2.009828805923462
-0.10101650655269623 0.31374210119247437 -0.9441195726394653 -0.047964077442884445 -0.3157252371311188 -0.9100298881530762 -0.26863253116607666 -0.67778480052948 -0.9434581995010376 0.27094605565071106 0.19098417460918427 -2.009838104248047
-0.10090860724449158 0.3138130307197571 -0.9441075325012207 -0.04799661785364151 -0.31569066643714905 -0.910010814666748 -0.2687377631664276 -0.6777715682983398 -0.9434813261032104 0.2709279954433441 0.19089560210704803 -2.009835958480835
-0.10096199065446854 0.3138068914413452 -0.9441038370132446 -0.04798082634806633 -0.31566521525382996 -0.9100242257118225 -0.2687222361564636 -0.6777842044830322 -0.9434841275215149 0.2708900272846222 0.19093561172485352 -2.00980281829834
-0.10093112289905548 0.3137819766998291 -0.944115400314331 -0.04800683632493019 -0.3156854212284088 -0.9100229740142822 -0.2687026858329773 -0.6777538061141968 -0.9434806704521179 0.27092301845550537 0.1909058839082718 -2.0098671913146973
-0.1009264588356018 0.3137780427932739 -0.9441172480583191 -0.04800910875201225 -0.31566375494003296 -0.910029947757721 -0.2687045633792877 -0.6777427792549133 -0.9434884190559387 0.27090418338775635 0.19089429080486298 -2.009856939315796
