# 3x4 first row second row third row Freq: 100 current Time: 2021-07-28-17:34:13
-0.47683918476104736 0.2410217970609665 -0.8453003764152527 0.2148185670375824 0.6952279806137085 -0.485026091337204 -0.5304786562919617 -0.6337671279907227 -0.5378497242927551 -0.8406295776367188 0.06371442973613739 -2.0225183963775635
-0.47680050134658813 0.2410067915916443 -0.8453264832496643 0.21481217443943024 0.6952422857284546 -0.4850510358810425 -0.5304371118545532 -0.6337651610374451 -0.5378655195236206 -0.8406194448471069 0.06371454894542694 -2.0225276947021484
-0.47679996490478516 0.24093477427959442 -0.8453473448753357 0.21484440565109253 0.6952546238899231 -0.48507755994796753 -0.5303966999053955 -0.6337830424308777 -0.5378500819206238 -0.8406248092651367 0.06377403438091278 -2.022531509399414
-0.4768296182155609 0.2409566342830658 -0.8453243970870972 0.21484754979610443 0.6952258944511414 -0.4850796163082123 -0.5304324626922607 -0.6337794065475464 -0.5378608703613281 -0.8406173586845398 0.06378110498189926 -2.0225446224212646
-0.4767884314060211 0.2409607321023941 -0.8453464508056641 0.2148744910955429 0.6952162981033325 -0.4851324260234833 -0.5303967595100403 -0.6337850093841553 -0.5379098057746887 -0.8405857086181641 0.06378578394651413 -2.022601366043091
-0.47679808735847473 0.24095216393470764 -0.8453434109687805 0.21488390862941742 0.6952089071273804 -0.4851399064064026 -0.5303996205329895 -0.6337788105010986 -0.5379108190536499 -0.840583860874176 0.06380177289247513 -2.022623062133789
-0.47680169343948364 0.24096181988716125 -0.8453386425971985 0.21492083370685577 0.6951785683631897 -0.48517775535583496 -0.5304047465324402 -0.6337610483169556 -0.537946879863739 -0.8405592441558838 0.06382216513156891 -2.022618293762207
-0.4767942726612091 0.24097727239131927 -0.8453384041786194 0.21494361758232117 0.6951606273651123 -0.4852032959461212 -0.5304048657417297 -0.6337431073188782 -0.5379765629768372 -0.8405400514602661 0.06382431834936142 -2.0226383209228516
-0.4767796993255615 0.24099132418632507 -0.8453426361083984 0.2149038463830948 0.6951861381530762 -0.4851689636707306 -0.5304028987884521 -0.633752703666687 -0.5379565954208374 -0.8405558466911316 0.06378496438264847 -2.0226502418518066
-0.47679612040519714 0.24099402129650116 -0.8453326225280762 0.21492023766040802 0.6951704025268555 -0.4851756989955902 -0.5304173231124878 -0.6337363719940186 -0.5379623174667358 -0.8405511975288391 0.06379805505275726 -2.022650957107544
-0.47673720121383667 0.24096833169460297 -0.8453731536865234 0.2149180918931961 0.6952067017555237 -0.4851928949356079 -0.5303540229797363 -0.633715808391571 -0.5379676222801208 -0.8405486345291138 0.06378676742315292 -2.0226891040802
-0.4767790734767914 0.2409660816192627 -0.8453502058982849 0.21492227911949158 0.6951975226402283 -0.48516762256622314 -0.5303891897201538 -0.6337587833404541 -0.5379424095153809 -0.8405638337135315 0.06379883736371994 -2.022634744644165
-0.4768362045288086 0.24093320965766907 -0.8453273177146912 0.21494673192501068 0.6951795220375061 -0.48516029119491577 -0.5304194092750549 -0.633741557598114 -0.5379149913787842 -0.8405774831771851 0.06385023891925812 -2.022660970687866
-0.476857453584671 0.2409818023443222 -0.8453015089035034 0.2149272859096527 0.6951700448989868 -0.48512381315231323 -0.5304652452468872 -0.6337622404098511 -0.5379084348678589 -0.8405846357345581 0.06381166726350784 -2.0226333141326904
-0.4768272340297699 0.24099132418632507 -0.8453158140182495 0.21496467292308807 0.6951926350593567 -0.48511216044425964 -0.5304462909698486 -0.6337229609489441 -0.5379059910774231 -0.8405886292457581 0.06377938389778137 -2.022623300552368
-0.4767500162124634 0.24096862971782684 -0.8453658819198608 0.21495778858661652 0.6952303051948547 -0.48514324426651 -0.5303685069084167 -0.6337130665779114 -0.5379257798194885 -0.8405771851539612 0.06376343220472336 -2.022643566131592
-0.4767482280731201 0.24097786843776703 -0.8453642129898071 0.21497775614261627 0.6952247619628906 -0.4851479232311249 -0.5303714871406555 -0.6336891055107117 -0.5379345417022705 -0.8405718803405762 0.0637597143650055 -2.0226638317108154
-0.47681906819343567 0.24104230105876923 -0.8453059196472168 0.21493883430957794 0.6951539516448975 -0.48514869809150696 -0.5304636359214783 -0.633685290813446 -0.5379632711410522 -0.8405529260635376 0.0637667179107666 -2.0226805210113525
-0.476861834526062 0.2410411238670349 -0.8452821373939514 0.2149546891450882 0.6951308846473694 -0.4851434826850891 -0.5304985642433167 -0.633658766746521 -0.537955105304718 -0.840556263923645 0.06379136443138123 -2.022707462310791
-0.47682154178619385 0.24110214412212372 -0.8452874422073364 0.21488887071609497 0.6951261162757874 -0.4851521849632263 -0.5304968953132629 -0.6337255239486694 -0.5379970669746399 -0.8405337333679199 0.06373470276594162 -2.022808313369751
-0.47679099440574646 0.24116908013820648 -0.8452855944633484 0.21480891108512878 0.6951581835746765 -0.4850899577140808 -0.530511736869812 -0.6337177157402039 -0.5379826426506042 -0.8405504822731018 0.0636359378695488 -2.0226542949676514
-0.4767806828022003 0.2411445677280426 -0.8452984094619751 0.21480068564414978 0.6951645016670227 -0.48510557413101196 -0.5304891467094421 -0.6337035298347473 -0.5379835963249207 -0.8405485153198242 0.06365389376878738 -2.022677183151245
-0.4767444431781769 0.2411036193370819 -0.845330536365509 0.21484319865703583 0.6952269077301025 -0.4850693345069885 -0.5304405689239502 -0.6337380409240723 -0.5379350781440735 -0.8405811190605164 0.06363246589899063 -2.0226035118103027
-0.4767564833164215 0.2410968393087387 -0.8453256487846375 0.2148457020521164 0.6952027678489685 -0.48509955406188965 -0.5304445624351501 -0.6337249875068665 -0.537955641746521 -0.8405656814575195 0.06366325169801712 -2.0226199626922607
-0.4767678678035736 0.24106048047542572 -0.8453295826911926 0.21486690640449524 0.6951931715011597 -0.4851261377334595 -0.5304328203201294 -0.6337659358978271 -0.5379579067230225 -0.8405607342720032 0.06370904296636581 -2.0226330757141113
-0.47676360607147217 0.241013303399086 -0.8453454375267029 0.21487799286842346 0.6952059268951416 -0.48513996601104736 -0.5304034352302551 -0.6337544918060303 -0.5379452109336853 -0.8405662775039673 0.06374327838420868 -2.0226526260375977
-0.47673505544662476 0.24094048142433167 -0.8453823328018188 0.2148522585630417 0.6952250599861145 -0.48518380522727966 -0.5303382873535156 -0.6337420344352722 -0.5379458069801331 -0.8405618667602539 0.06379634141921997 -2.0226011276245117
-0.47672557830810547 0.24097710847854614 -0.8453772068023682 0.21486179530620575 0.695237398147583 -0.48515084385871887 -0.5303522944450378 -0.6337251663208008 -0.5379382967948914 -0.8405703902244568 0.06374760717153549 -2.022617816925049
-0.4766755700111389 0.24098020792007446 -0.8454045057296753 0.2148638218641281 0.6952775716781616 -0.48513513803482056 -0.5303139686584473 -0.6337688565254211 -0.5379306674003601 -0.840578556060791 0.06370402872562408 -2.022608995437622
-0.4766732156276703 0.24099022150039673 -0.8454030156135559 0.21487879753112793 0.695265531539917 -0.48514994978904724 -0.530316174030304 -0.6337608098983765 -0.5379483103752136 -0.8405671715736389 0.06370586156845093 -2.0226266384124756
-0.4766816794872284 0.2409639209508896 -0.8454057574272156 0.21489094197750092 0.6952693462371826 -0.4851521849632263 -0.5303091406822205 -0.6337694525718689 -0.5379358530044556 -0.8405733704566956 0.06372840702533722 -2.022519826889038
-0.4766859710216522 0.240982785820961 -0.84539794921875 0.21490198373794556 0.6952645182609558 -0.48514363169670105 -0.5303232669830322 -0.6337657570838928 -0.5379382371902466 -0.8405728936195374 0.06371446698904037 -2.0225284099578857
-0.47663453221321106 0.24101802706718445 -0.8454169034957886 0.21488666534423828 0.6952807903289795 -0.48514658212661743 -0.5302992463111877 -0.6337934732437134 -0.5379628539085388 -0.8405610918998718 0.06366247683763504 -2.02252197265625
-0.476639986038208 0.24103055894374847 -0.8454102277755737 0.2148965448141098 0.69527667760849 -0.48513978719711304 -0.5303108096122742 -0.6337913274765015 -0.537963330745697 -0.8405614495277405 0.06365416944026947 -2.0225329399108887
-0.47665971517562866 0.24102075397968292 -0.8454018831253052 0.21487270295619965 0.6952794790267944 -0.4851222038269043 -0.5303232669830322 -0.6337699890136719 -0.5379421710968018 -0.8405743837356567 0.06366150081157684 -2.022526502609253
-0.47667863965034485 0.24097058176994324 -0.8454055190086365 0.21487650275230408 0.6952762007713318 -0.48514029383659363 -0.5303110480308533 -0.633767306804657 -0.5379297137260437 -0.8405783176422119 0.06371498852968216 -2.0225374698638916
-0.4766554534435272 0.240977481007576 -0.8454166650772095 0.21489478647708893 0.6952400207519531 -0.4852152466773987 -0.530289888381958 -0.6337769031524658 -0.5379970073699951 -0.8405330777168274 0.06374339014291763 -2.022554874420166
-0.4767701029777527 0.24103398621082306 -0.8453359007835388 0.2148515284061432 0.6951959729194641 -0.4851361811161041 -0.5304199457168579 -0.6337570548057556 -0.5379523038864136 -0.8405625224113464 0.06373265385627747 -2.0224721431732178
-0.47676002979278564 0.24096499383449554 -0.8453612327575684 0.21484804153442383 0.6952052116394043 -0.48517489433288574 -0.5303723812103271 -0.6337901949882507 -0.5379493236541748 -0.8405599594116211 0.06379196047782898 -2.022498369216919
-0.47684091329574585 0.24097852408885956 -0.8453117609024048 0.2148229032754898 0.6951159238815308 -0.48522666096687317 -0.5304421186447144 -0.6337599158287048 -0.5379930138587952 -0.8405262231826782 0.0638679787516594 -2.0225536823272705
-0.4767991304397583 0.2409871220588684 -0.8453328609466553 0.21482035517692566 0.6951358914375305 -0.4852310121059418 -0.530411958694458 -0.6337416172027588 -0.5380042195320129 -0.8405212163925171 0.06383901089429855 -2.0225701332092285
-0.4768059253692627 0.2410074770450592 -0.8453232645988464 0.21484361588954926 0.6950741410255432 -0.48530805110931396 -0.5304223895072937 -0.6337373852729797 -0.5380780100822449 -0.8404709100723267 0.06387976557016373 -2.022611141204834
-0.4768040180206299 0.24101029336452484 -0.8453235030174255 0.2148434966802597 0.6950652599334717 -0.485321968793869 -0.530421257019043 -0.6337207555770874 -0.5380911231040955 -0.8404620885848999 0.0638856589794159 -2.0226335525512695
-0.47688063979148865 0.24097393453121185 -0.8452906608581543 0.21486954391002655 0.6950342655181885 -0.4853181540966034 -0.5304653644561768 -0.6337577104568481 -0.5380632877349854 -0.8404747247695923 0.06395376473665237 -2.0226519107818604
-0.4768716096878052 0.24097315967082977 -0.8452959656715393 0.21486924588680267 0.6950300931930542 -0.48533397912979126 -0.5304563641548157 -0.6337512135505676 -0.538076639175415 -0.840465784072876 0.06395848840475082 -2.022677421569824
-0.4768463671207428 0.24096079170703888 -0.8453137278556824 0.21490788459777832 0.6950585246086121 -0.48532214760780334 -0.530430018901825 -0.6337869763374329 -0.538062334060669 -0.8404761552810669 0.0639423355460167 -2.022651433944702
-0.47684329748153687 0.24093176424503326 -0.8453237414360046 0.2149120420217514 0.6950570344924927 -0.4853456914424896 -0.5304104089736938 -0.6337832808494568 -0.5380669832229614 -0.8404709100723267 0.0639725923538208 -2.0226757526397705
-0.47686266899108887 0.24093125760555267 -0.8453129529953003 0.21487288177013397 0.6950873136520386 -0.4852796792984009 -0.5304310917854309 -0.6337816119194031 -0.5380106568336487 -0.8405091762542725 0.06394358724355698 -2.022629976272583
-0.4768633544445038 0.24092192947864532 -0.8453152179718018 0.2148769348859787 0.6951013207435608 -0.4852629601955414 -0.5304279923439026 -0.6337751746177673 -0.537992000579834 -0.8405214548110962 0.06393904983997345 -2.022650957107544
-0.4768325686454773 0.24086567759513855 -0.8453486561775208 0.21486172080039978 0.695084810256958 -0.4853542447090149 -0.5303661227226257 -0.6338068246841431 -0.5380405783653259 -0.8404849171638489 0.06401072442531586 -2.022669792175293
-0.47682318091392517 0.2408173829317093 -0.8453676700592041 0.21486447751522064 0.6951016187667847 -0.4853675067424774 -0.5303319692611694 -0.6338022947311401 -0.5380272269248962 -0.8404910564422607 0.06404200941324234 -2.0226974487304688
-0.47687482833862305 0.240740105509758 -0.8453605771064758 0.21484938263893127 0.695151686668396 -0.4852871298789978 -0.5303398966789246 -0.6337394118309021 -0.5379167199134827 -0.8405596613883972 0.06407038867473602 -2.0225703716278076
-0.47692981362342834 0.24079766869544983 -0.8453131318092346 0.21488399803638458 0.6950806379318237 -0.48530808091163635 -0.530413806438446 -0.633741021156311 -0.5379597544670105 -0.840531051158905 0.06408417224884033 -2.0226376056671143
-0.4769573211669922 0.2407865822315216 -0.8453007936477661 0.2148861587047577 0.6950758099555969 -0.4852956235408783 -0.5304315686225891 -0.633734941482544 -0.5379416346549988 -0.840541422367096 0.0641004666686058 -2.022658109664917
-0.4769921600818634 0.24071882665157318 -0.8453004360198975 0.21486876904964447 0.6951392292976379 -0.48520490527153015 -0.5304315090179443 -0.6336916089057922 -0.537828803062439 -0.8406131863594055 0.06410593539476395 -2.0226266384124756
-0.4769672155380249 0.2407485991716385 -0.8453060388565063 0.21488426625728607 0.6951290965080261 -0.48522651195526123 -0.530424952507019 -0.633695125579834 -0.5378640294075012 -0.8405922055244446 0.06408585608005524 -2.022596597671509
-0.476972758769989 0.24076935648918152 -0.8452969789505005 0.2148624062538147 0.6951114535331726 -0.48523563146591187 -0.5304397940635681 -0.6337233185768127 -0.5378819108009338 -0.8405809998512268 0.06408272683620453 -2.022588014602661
-0.47699660062789917 0.24074570834636688 -0.8452902436256409 0.2148674577474594 0.6951010823249817 -0.4852433204650879 -0.5304463505744934 -0.633709192276001 -0.5378742218017578 -0.840583324432373 0.06411688774824142 -2.022603988647461
-0.47702640295028687 0.24081137776374817 -0.8452547192573547 0.21487009525299072 0.6950616836547852 -0.48523443937301636 -0.5305060744285583 -0.6337273716926575 -0.5378986597061157 -0.8405696153640747 0.06409095972776413 -2.022613525390625
-0.47701120376586914 0.24077649414539337 -0.8452732563018799 0.21486324071884155 0.6950881481170654 -0.48522984981536865 -0.5304756164550781 -0.633716881275177 -0.5378779172897339 -0.8405822515487671 0.0640992745757103 -2.0226283073425293
-0.4769675135612488 0.24082563817501068 -0.8452839255332947 0.21485313773155212 0.6950601935386658 -0.48528555035591125 -0.5304612517356873 -0.6337561011314392 -0.5379527807235718 -0.8405360579490662 0.0640772208571434 -2.0226686000823975
-0.47694116830825806 0.24084025621414185 -0.8452945947647095 0.21484433114528656 0.6950603723526001 -0.4853019416332245 -0.5304460525512695 -0.6337452530860901 -0.5379759073257446 -0.8405224084854126 0.06406202912330627 -2.0226879119873047
-0.47689706087112427 0.24083717167377472 -0.8453203439712524 0.21484525501728058 0.6951180696487427 -0.48525696992874146 -0.5304116010665894 -0.6337471008300781 -0.537940502166748 -0.8405492305755615 0.06400743871927261 -2.0226261615753174
-0.47688329219818115 0.2408326268196106 -0.8453294634819031 0.2148398458957672 0.6951441168785095 -0.4852325916290283 -0.530399739742279 -0.6337389349937439 -0.5379189848899841 -0.8405646085739136 0.06398600339889526 -2.0226404666900635
-0.476958692073822 0.2408791482448578 -0.8452736139297485 0.2148231714963913 0.6951271891593933 -0.48515596985816956 -0.5304920673370361 -0.63372802734375 -0.5378740429878235 -0.8405954837799072 0.06395779550075531 -2.0225837230682373
-0.47696125507354736 0.24090659618377686 -0.8452643752098083 0.21486184000968933 0.6951245069503784 -0.4851403832435608 -0.5305097699165344 -0.6337127089500427 -0.537875235080719 -0.840596616268158 0.06393316388130188 -2.0225915908813477
-0.476963609457016 0.24092744290828705 -0.8452571034431458 0.2148752063512802 0.6951280832290649 -0.48511937260627747 -0.5305243134498596 -0.6336942911148071 -0.5378684997558594 -0.8406028151512146 0.06390894204378128 -2.0226035118103027
-0.4769628942012787 0.24081431329250336 -0.8452897667884827 0.21491704881191254 0.695177435874939 -0.4851139485836029 -0.5304645895957947 -0.6337178349494934 -0.5378053784370422 -0.8406383395195007 0.06397275626659393 -2.0226056575775146
-0.47691431641578674 0.24086473882198334 -0.8453027606010437 0.21491219103336334 0.6951922178268433 -0.48510682582855225 -0.5304517149925232 -0.6337247490882874 -0.5378293395042419 -0.8406279683113098 0.06390717625617981 -2.0225989818573
-0.47696882486343384 0.2408570647239685 -0.8452742099761963 0.21489296853542328 0.6951720118522644 -0.48508980870246887 -0.5304937958717346 -0.633752167224884 -0.5378071069717407 -0.8406400084495544 0.06393571943044662 -2.0226361751556396
-0.47695600986480713 0.24081052839756012 -0.845294713973999 0.2148929238319397 0.6951850652694702 -0.4851111173629761 -0.5304571390151978 -0.6337788105010986 -0.5378015637397766 -0.8406410813331604 0.06396885216236115 -2.022634267807007
-0.4769633710384369 0.24083058536052704 -0.8452848196029663 0.21489864587783813 0.6951668858528137 -0.4851197600364685 -0.5304731130599976 -0.6337695717811584 -0.5378185510635376 -0.840630292892456 0.06396698951721191 -2.0226528644561768
-0.47703057527542114 0.2407151311635971 -0.8452798128128052 0.21490836143493652 0.695138692855835 -0.4851703345775604 -0.5304637551307678 -0.6337125897407532 -0.53779536485672 -0.8406342267990112 0.06411075592041016 -2.0226614475250244
-0.47704124450683594 0.24072031676769257 -0.8452723026275635 0.21490836143493652 0.6951385140419006 -0.48515692353248596 -0.5304762721061707 -0.6336984634399414 -0.5377861857414246 -0.8406404852867126 0.06410596519708633 -2.0226776599884033
-0.4770087003707886 0.24074281752109528 -0.8452842831611633 0.2148689180612564 0.6951737403869629 -0.48511967062950134 -0.5304641723632812 -0.6337311863899231 -0.5377694964408875 -0.840655505657196 0.06404829025268555 -2.0226352214813232
-0.4769895076751709 0.2407497614622116 -0.8452931046485901 0.21486243605613708 0.6951839923858643 -0.4851181209087372 -0.5304521918296814 -0.633724570274353 -0.5377733111381531 -0.8406544327735901 0.0640309676527977 -2.02264404296875
-0.4769858419895172 0.24071525037288666 -0.8453050255775452 0.21482834219932556 0.6951978802680969 -0.4851216971874237 -0.5304307341575623 -0.633782684803009 -0.5377586483955383 -0.8406622409820557 0.06405152380466461 -2.022536039352417
-0.47710147500038147 0.24073271453380585 -0.845234751701355 0.21484389901161194 0.6951844096183777 -0.4850183129310608 -0.5305429100990295 -0.6337726712226868 -0.5376734137535095 -0.8407168984413147 0.06404940038919449 -2.0224764347076416
-0.47706368565559387 0.24075980484485626 -0.8452484011650085 0.21483728289604187 0.6952058672904968 -0.48500484228134155 -0.5305271148681641 -0.6337745189666748 -0.5376791954040527 -0.8407168984413147 0.06400065124034882 -2.022488832473755
-0.47707605361938477 0.24070991575717926 -0.8452556133270264 0.21483545005321503 0.6952101588249207 -0.48501724004745483 -0.5305100679397583 -0.633772075176239 -0.5376626253128052 -0.8407240509986877 0.064046211540699 -2.0224781036376953
-0.47705399990081787 0.2407221645116806 -0.8452645540237427 0.21481700241565704 0.695237934589386 -0.48498785495758057 -0.530500590801239 -0.6337546110153198 -0.5376463532447815 -0.8407374620437622 0.06400630623102188 -2.0224783420562744
-0.47703006863594055 0.24076935648918152 -0.8452646732330322 0.21485447883605957 0.6952024102210999 -0.4850371778011322 -0.5305020213127136 -0.6337782740592957 -0.5377134680747986 -0.8406955003738403 0.06399395316839218 -2.0225026607513428
-0.47702154517173767 0.2407452017068863 -0.8452763557434082 0.2148604393005371 0.6952195167541504 -0.4850340187549591 -0.5304825305938721 -0.6337713003158569 -0.5376989841461182 -0.8407042622566223 0.06400100141763687 -2.022510290145874
-0.47694316506385803 0.24080638587474823 -0.8453031182289124 0.21487051248550415 0.6952785849571228 -0.48498013615608215 -0.5304543375968933 -0.6338038444519043 -0.5376920700073242 -0.8407177925109863 0.06388051062822342 -2.022461414337158
-0.47695818543434143 0.240812286734581 -0.8452929854393005 0.21487928926944733 0.6952540874481201 -0.4850000739097595 -0.5304682850837708 -0.6338012218475342 -0.5377104878425598 -0.840704619884491 0.06389909982681274 -2.022465467453003
-0.4769544303417206 0.24076566100120544 -0.8453083634376526 0.21488721668720245 0.6952779293060303 -0.48499569296836853 -0.5304410457611084 -0.6337956786155701 -0.5376829504966736 -0.840720534324646 0.06392187625169754 -2.0224483013153076
-0.4769490361213684 0.24086029827594757 -0.8452844619750977 0.21490025520324707 0.695222795009613 -0.48502781987190247 -0.5304839015007019 -0.6337350010871887 -0.5377590656280518 -0.840674877166748 0.06388206779956818 -2.022512435913086
-0.47692978382110596 0.24088901281356812 -0.8452871441841125 0.2148997187614441 0.6951765418052673 -0.48510101437568665 -0.5304776430130005 -0.6337351202964783 -0.537835955619812 -0.8406243920326233 0.06389881670475006 -2.0225489139556885
-0.476947158575058 0.2408599555492401 -0.8452855944633484 0.2149226814508438 0.6952049136161804 -0.4850578308105469 -0.530479907989502 -0.6337162852287292 -0.5377838015556335 -0.840657651424408 0.06390001624822617 -2.0225625038146973
-0.4768783748149872 0.2408900409936905 -0.8453158736228943 0.21490059792995453 0.6952165365219116 -0.48508819937705994 -0.5304368734359741 -0.6337327361106873 -0.5378297567367554 -0.8406314849853516 0.06385741382837296 -2.0225512981414795
-0.47691071033477783 0.24086974561214447 -0.8453034162521362 0.21491500735282898 0.6952252984046936 -0.48505550622940063 -0.5304552912712097 -0.6337253451347351 -0.5377897620201111 -0.8406561613082886 0.06386949121952057 -2.0225651264190674
-0.47690844535827637 0.24093054234981537 -0.8452873229980469 0.21490906178951263 0.6952147483825684 -0.48503610491752625 -0.5304868817329407 -0.6337498426437378 -0.537805438041687 -0.8406499624252319 0.06381943076848984 -2.0225460529327393
-0.4768945574760437 0.2409309446811676 -0.8452950716018677 0.21492338180541992 0.6952237486839294 -0.48503535985946655 -0.5304757356643677 -0.6337414979934692 -0.5378060936927795 -0.8406502604484558 0.06380990147590637 -2.022557497024536
-0.4768392741680145 0.24096480011940002 -0.8453165888786316 0.21488811075687408 0.6952437162399292 -0.4850371479988098 -0.5304479002952576 -0.6337860226631165 -0.5378292798995972 -0.8406395316123962 0.063755564391613 -2.0225400924682617
-0.4768073260784149 0.24098579585552216 -0.8453286290168762 0.21489621698856354 0.6952798366546631 -0.4849988520145416 -0.5304356217384338 -0.6337803602218628 -0.5378109216690063 -0.8406556248664856 0.06369851529598236 -2.022545576095581
-0.47682809829711914 0.24089989066123962 -0.8453413844108582 0.2149009108543396 0.6952699422836304 -0.4850478768348694 -0.530403733253479 -0.6337937712669373 -0.5378053188323975 -0.8406519293785095 0.06379406899213791 -2.022529125213623
-0.476765900850296 0.24095822870731354 -0.8453598618507385 0.2148624211549759 0.6952530145645142 -0.4850987195968628 -0.5303794741630554 -0.6337828040122986 -0.5378823280334473 -0.8406058549880981 0.06375168263912201 -2.0225565433502197
-0.47676557302474976 0.24095815420150757 -0.8453601002693176 0.21485635638237 0.695238471031189 -0.48512178659439087 -0.5303773880004883 -0.6337794065475464 -0.5379014015197754 -0.8405925631523132 0.06376605480909348 -2.0225675106048584
-0.4767765998840332 0.24095694720745087 -0.8453541994094849 0.21483393013477325 0.6952517628669739 -0.485090970993042 -0.5303881764411926 -0.6337824463844299 -0.5378744602203369 -0.8406107425689697 0.0637543722987175 -2.022554636001587
-0.4767586290836334 0.2409563660621643 -0.845364511013031 0.2148345559835434 0.6952469944953918 -0.48511645197868347 -0.5303711295127869 -0.6337774395942688 -0.5378965735435486 -0.8405961990356445 0.06375934928655624 -2.022566795349121
-0.47675949335098267 0.240952268242836 -0.8453651666641235 0.21484489738941193 0.6952196359634399 -0.4851609468460083 -0.5303663015365601 -0.6338062882423401 -0.5379312038421631 -0.8405717015266418 0.06379043310880661 -2.0226027965545654
-0.4767543077468872 0.24094779789447784 -0.8453693985939026 0.21484321355819702 0.6952266097068787 -0.48515790700912476 -0.5303599238395691 -0.6338118314743042 -0.5379267334938049 -0.8405746817588806 0.06378788501024246 -2.022617816925049
-0.4768204987049103 0.2409645915031433 -0.8453272581100464 0.21482443809509277 0.6952086091041565 -0.4851105809211731 -0.5304268002510071 -0.6337670087814331 -0.5378913283348083 -0.8405972123146057 0.06379009783267975 -2.022508144378662
-0.47680866718292236 0.2409454584121704 -0.8453393578529358 0.2148226499557495 0.6952130794525146 -0.48512718081474304 -0.5304057598114014 -0.6337642073631287 -0.5378960371017456 -0.8405930995941162 0.06380448490381241 -2.022515296936035
-0.4767685830593109 0.24095885455608368 -0.84535813331604 0.21482741832733154 0.6952236294746399 -0.48514166474342346 -0.5303787589073181 -0.6338072419166565 -0.537917971611023 -0.840580940246582 0.06378009915351868 -2.0225162506103516
-0.47677308320999146 0.24093493819236755 -0.8453624248504639 0.2148214429616928 0.6952268481254578 -0.4851471781730652 -0.5303694009780884 -0.6338123679161072 -0.537909746170044 -0.8405845761299133 0.06380074471235275 -2.022526979446411
-0.4768299162387848 0.24088609218597412 -0.8453443050384521 0.21483881771564484 0.6952112913131714 -0.4851463735103607 -0.5303905010223389 -0.633802592754364 -0.537879467010498 -0.8405990600585938 0.06386566162109375 -2.022515058517456
-0.47684192657470703 0.24093009531497955 -0.8453249931335449 0.2148229479789734 0.6951996088027954 -0.48512524366378784 -0.5304251313209534 -0.6338127851486206 -0.5378839373588562 -0.8405986428260803 0.06383361667394638 -2.0225095748901367
-0.47686365246772766 0.24085719883441925 -0.8453335165977478 0.2148314267396927 0.6951693296432495 -0.4851970970630646 -0.5303992033004761 -0.6338192820549011 -0.537903904914856 -0.8405780792236328 0.06393641233444214 -2.022556781768799
-0.4769057631492615 0.24089820683002472 -0.8452980518341064 0.21481481194496155 0.6951833367347717 -0.4851081669330597 -0.5304621458053589 -0.6337848901748657 -0.5378484129905701 -0.8406176567077637 0.06388255208730698 -2.0225250720977783
-0.4768919348716736 0.24084453284740448 -0.8453211784362793 0.21486513316631317 0.6951974034309387 -0.4851333796977997 -0.5304206609725952 -0.6337780356407166 -0.5378425121307373 -0.8406184315681458 0.06392179429531097 -2.0224735736846924
-0.47695615887641907 0.2408672422170639 -0.8452784419059753 0.21488098800182343 0.6951411366462708 -0.48514413833618164 -0.5304845571517944 -0.6337839365005493 -0.5378583073616028 -0.8406057357788086 0.06395583599805832 -2.02247953414917
-0.47696495056152344 0.24087178707122803 -0.8452721834182739 0.21490578353405 0.695148229598999 -0.4851215183734894 -0.5304959416389465 -0.6337738037109375 -0.5378413200378418 -0.8406174778938293 0.06394445896148682 -2.0224924087524414
-0.4769372344017029 0.2409309446811676 -0.8452709913253784 0.21489982306957245 0.6950929164886475 -0.4851980209350586 -0.5304984450340271 -0.6337737441062927 -0.537937343120575 -0.8405563831329346 0.06393969804048538 -2.0225183963775635
-0.47690504789352417 0.24095988273620605 -0.8452808856964111 0.21490497887134552 0.6950811147689819 -0.48522987961769104 -0.5304847955703735 -0.6337954998016357 -0.5379811525344849 -0.8405296802520752 0.06392199546098709 -2.0225095748901367
-0.4769189655780792 0.24094265699386597 -0.8452779650688171 0.21491767466068268 0.6950744390487671 -0.4852374196052551 -0.5304865837097168 -0.6337894201278687 -0.537977397441864 -0.840530276298523 0.06394591927528381 -2.022524833679199
-0.47696346044540405 0.24086672067642212 -0.8452745079994202 0.21489906311035156 0.6951242089271545 -0.48516371846199036 -0.5304888486862183 -0.6337562799453735 -0.5378736853599548 -0.8405945897102356 0.06397317349910736 -2.022461414337158
-0.47690555453300476 0.24086351692676544 -0.8453080654144287 0.2148701399564743 0.6951298117637634 -0.4852137863636017 -0.5304357409477234 -0.633790135383606 -0.5379177927970886 -0.8405666351318359 0.06396982073783875 -2.0225188732147217
-0.4768584668636322 0.24090248346328735 -0.8453235626220703 0.21482956409454346 0.6951570510864258 -0.4851928651332855 -0.530419111251831 -0.6337924003601074 -0.5379242897033691 -0.8405675292015076 0.0639033392071724 -2.0225212574005127
-0.476848840713501 0.2409181147813797 -0.8453245162963867 0.21482063829898834 0.6951404809951782 -0.4852184057235718 -0.5304174423217773 -0.6337888240814209 -0.5379542112350464 -0.8405482769012451 0.06390397250652313 -2.022536516189575
-0.47686147689819336 0.24083375930786133 -0.8453414440155029 0.21483774483203888 0.6951921582221985 -0.4851781725883484 -0.5303865075111389 -0.6337611079216003 -0.5378762483596802 -0.8405956625938416 0.06393712013959885 -2.0224835872650146
-0.4768631160259247 0.2408537119626999 -0.8453348278999329 0.2148909866809845 0.6951489448547363 -0.4852316379547119 -0.5303942561149597 -0.6337588429450989 -0.5379306674003601 -0.8405591249465942 0.06395994871854782 -2.022524833679199
-0.47690752148628235 0.24096766114234924 -0.8452773094177246 0.2148563414812088 0.6950653791427612 -0.4852471649646759 -0.5304896235466003 -0.6337571740150452 -0.5379992723464966 -0.840517520904541 0.06392982602119446 -2.0226047039031982
-0.47689691185951233 0.24099604785442352 -0.8452751636505127 0.21482613682746887 0.6950758695602417 -0.4852233827114105 -0.5304976105690002 -0.6337976455688477 -0.5379951596260071 -0.8405230641365051 0.06389106810092926 -2.0225861072540283
-0.47686102986335754 0.24103842675685883 -0.8452833294868469 0.21479865908622742 0.695091187953949 -0.48520800471305847 -0.5304915904998779 -0.633796751499176 -0.5380071401596069 -0.8405197858810425 0.06383319199085236 -2.02260422706604
-0.476860374212265 0.24103029072284698 -0.8452860116958618 0.21478576958179474 0.6950804591178894 -0.4852305054664612 -0.5304850935935974 -0.6337903738021851 -0.5380216240882874 -0.8405091762542725 0.06385184824466705 -2.022627830505371
-0.47692009806632996 0.2409360557794571 -0.8452792167663574 0.2148304432630539 0.6950894594192505 -0.48521697521209717 -0.5304856300354004 -0.633754312992096 -0.5379570126533508 -0.8405439853668213 0.06393769383430481 -2.0226120948791504
-0.4769264757633209 0.24091726541519165 -0.8452809453010559 0.21484310925006866 0.6950968503952026 -0.48521101474761963 -0.5304813981056213 -0.6337506175041199 -0.5379418134689331 -0.840552806854248 0.06394921988248825 -2.022646903991699
-0.47693735361099243 0.2409239262342453 -0.8452728986740112 0.21483108401298523 0.6950868368148804 -0.4852118194103241 -0.5304937958717346 -0.6337843537330627 -0.5379450917243958 -0.840550422668457 0.06395268440246582 -2.0226457118988037
-0.4769386053085327 0.24093180894851685 -0.8452699780464172 0.21481657028198242 0.6950934529304504 -0.48519524931907654 -0.5305002331733704 -0.6337875127792358 -0.5379354357719421 -0.8405577540397644 0.06393830478191376 -2.0226752758026123
-0.47701892256736755 0.24082188308238983 -0.845255970954895 0.21484555304050446 0.6951279640197754 -0.4851315915584564 -0.5305132865905762 -0.6337891817092896 -0.5378196239471436 -0.8406260013580322 0.06401500850915909 -2.022596597671509
-0.4770022928714752 0.2408028393983841 -0.8452707529067993 0.21484197676181793 0.6951408982276917 -0.4851396381855011 -0.5304889678955078 -0.6337887644767761 -0.537817656993866 -0.8406267762184143 0.06402089446783066 -2.022614002227783
-0.47699660062789917 0.24082180857658386 -0.8452686071395874 0.21485213935375214 0.6951063275337219 -0.4851873815059662 -0.5304906368255615 -0.6337931156158447 -0.5378674268722534 -0.8405938148498535 0.0640360563993454 -2.0225772857666016
-0.47701022028923035 0.2408258467912674 -0.8452597260475159 0.2148512601852417 0.6951095461845398 -0.48516643047332764 -0.5305055975914001 -0.6337918639183044 -0.5378511548042297 -0.8406047224998474 0.06402909010648727 -2.0225915908813477
-0.47701120376586914 0.24078518152236938 -0.8452707529067993 0.21484220027923584 0.6951460838317871 -0.4851338565349579 -0.5304874777793884 -0.6337916851043701 -0.537803053855896 -0.8406351804733276 0.06403349339962006 -2.022599697113037
-0.47702106833457947 0.24082206189632416 -0.8452547192573547 0.21482740342617035 0.695106029510498 -0.4851636588573456 -0.5305126905441284 -0.633807361125946 -0.5378460884094238 -0.8406074047088623 0.06403650343418121 -2.0225930213928223
-0.4770113527774811 0.240785151720047 -0.8452706933021545 0.21485666930675507 0.6951081156730652 -0.4851931035518646 -0.530483067035675 -0.6337782740592957 -0.5378519892692566 -0.8406010270118713 0.06407099217176437 -2.022542953491211
-0.4769827723503113 0.24079127609729767 -0.8452851176261902 0.21485978364944458 0.6951223611831665 -0.4851950407028198 -0.5304626226425171 -0.63377445936203 -0.5378589630126953 -0.8405981659889221 0.0640503540635109 -2.022554636001587
-0.47705337405204773 0.2408161759376526 -0.8452381491661072 0.2148863524198532 0.6950893998146057 -0.48516160249710083 -0.5305363535881042 -0.6337947845458984 -0.537838876247406 -0.8406103253364563 0.0640593022108078 -2.0225298404693604
-0.4770435094833374 0.240822434425354 -0.8452419638633728 0.21489855647087097 0.6950969099998474 -0.4851556420326233 -0.5305319428443909 -0.6337904334068298 -0.5378379821777344 -0.8406119346618652 0.0640455037355423 -2.022534132003784
-0.4770554006099701 0.24079304933547974 -0.8452435731887817 0.21488375961780548 0.6950919032096863 -0.4851702153682709 -0.5305252075195312 -0.6337932348251343 -0.5378338694572449 -0.8406119346618652 0.06407985091209412 -2.0225324630737305
-0.4770779311656952 0.2407846450805664 -0.8452332615852356 0.2148994505405426 0.6951025724411011 -0.4851367175579071 -0.5305418372154236 -0.633777379989624 -0.5378000736236572 -0.8406336903572083 0.06407806277275085 -2.022519111633301
-0.47707679867744446 0.2407853752374649 -0.845233678817749 0.21489498019218445 0.6950481534004211 -0.4852224588394165 -0.5305347442626953 -0.6337393522262573 -0.5378714799880981 -0.8405839800834656 0.06413103640079498 -2.0225870609283447
-0.4770965874195099 0.24080298840999603 -0.8452175259590149 0.2149069458246231 0.6950619220733643 -0.48517045378685 -0.5305642485618591 -0.6337206363677979 -0.5378360748291016 -0.8406089544296265 0.06410027295351028 -2.022615909576416
-0.47712478041648865 0.24076275527477264 -0.8452130556106567 0.2149069905281067 0.6950520873069763 -0.48518338799476624 -0.5305653214454651 -0.6337721943855286 -0.5378237366676331 -0.8406130075454712 0.06415043771266937 -2.022587776184082
-0.4771447777748108 0.24080795049667358 -0.8451889157295227 0.21488341689109802 0.6950279474258423 -0.48517319560050964 -0.5306062698364258 -0.633752167224884 -0.5378372669219971 -0.8406059741973877 0.06412968039512634 -2.02258038520813
-0.47703543305397034 0.24076832830905914 -0.8452619314193726 0.21490418910980225 0.6950743198394775 -0.4852328300476074 -0.5304909944534302 -0.6337375044822693 -0.5378742814064026 -0.8405829071998596 0.06412144750356674 -2.0225863456726074
-0.4770594835281372 0.24079376459121704 -0.8452410697937012 0.21485930681228638 0.6950753927230835 -0.48519155383110046 -0.5305272936820984 -0.6337516903877258 -0.5378515720367432 -0.8405994176864624 0.06409549713134766 -2.022559404373169
-0.4770835041999817 0.24079489707946777 -0.8452271819114685 0.2148655354976654 0.6950820088386536 -0.48515698313713074 -0.5305502414703369 -0.6337461471557617 -0.5378217697143555 -0.8406190276145935 0.06408827751874924 -2.022573709487915
-0.4770573675632477 0.2408362329006195 -0.8452301621437073 0.2148677557706833 0.6950857639312744 -0.4851507544517517 -0.530551016330719 -0.6337565779685974 -0.5378400087356567 -0.8406108021736145 0.06404297798871994 -2.0225324630737305
-0.4770469665527344 0.2408601939678192 -0.8452292084693909 0.2148677259683609 0.6950804591178894 -0.48515427112579346 -0.5305547714233398 -0.6337534785270691 -0.5378561615943909 -0.840601921081543 0.06402424722909927 -2.022552490234375
-0.47703978419303894 0.24081595242023468 -0.845245897769928 0.21487028896808624 0.6951187252998352 -0.4851292669773102 -0.5305275321006775 -0.6337847709655762 -0.5378130674362183 -0.8406290411949158 0.06403037905693054 -2.022528648376465
-0.47705796360969543 0.24082863330841064 -0.8452320098876953 0.2148742377758026 0.6950967311859131 -0.48513779044151306 -0.5305485129356384 -0.6337825655937195 -0.537825345993042 -0.8406204581260681 0.06403972953557968 -2.0225446224212646
-0.47707030177116394 0.24079452455043793 -0.845234751701355 0.2148863822221756 0.6950982213020325 -0.48514479398727417 -0.5305401682853699 -0.6337713003158569 -0.5378124713897705 -0.8406261801719666 0.06407241523265839 -2.022549867630005
-0.47713008522987366 0.24082498252391815 -0.8451923727989197 0.21488375961780548 0.6951110363006592 -0.48504704236984253 -0.5306127667427063 -0.6337729692459106 -0.5377429127693176 -0.8406738638877869 0.06403052061796188 -2.022573709487915
-0.4771030843257904 0.24077466130256653 -0.8452219367027283 0.21490463614463806 0.6951429843902588 -0.4850551187992096 -0.530563473701477 -0.6338067650794983 -0.5377255082130432 -0.84068363904953 0.06404856592416763 -2.0225727558135986
-0.47714751958847046 0.2407342791557312 -0.8452083468437195 0.21490541100502014 0.6951490044593811 -0.4850274920463562 -0.5305808782577515 -0.6338021159172058 -0.5376783609390259 -0.8407111167907715 0.06408354640007019 -2.022555112838745
-0.47711241245269775 0.24073709547519684 -0.8452273607254028 0.21490530669689178 0.6951420903205872 -0.48507097363471985 -0.5305501818656921 -0.6337703466415405 -0.5377184152603149 -0.840685248374939 0.06408697366714478 -2.022517442703247
-0.4771144688129425 0.24072380363941193 -0.845229983329773 0.21492430567741394 0.6951693296432495 -0.485034704208374 -0.5305476784706116 -0.6337676048278809 -0.5376814007759094 -0.8407099843025208 0.0640733540058136 -2.022512674331665
-0.4771091341972351 0.24070952832698822 -0.8452370762825012 0.2149243950843811 0.6951537728309631 -0.4850732684135437 -0.5305328369140625 -0.6337655186653137 -0.5377062559127808 -0.8406918048858643 0.06410284340381622 -2.022554397583008
-0.47717711329460144 0.24076855182647705 -0.8451818823814392 0.21492069959640503 0.6950855851173401 -0.48507609963417053 -0.5306195616722107 -0.6337835192680359 -0.5377340912818909 -0.8406732678413391 0.06411254405975342 -2.0225448608398438
-0.4771522581577301 0.24073465168476105 -0.845205545425415 0.214922234416008 0.6951125860214233 -0.48507949709892273 -0.530580997467041 -0.6338048577308655 -0.5377212166786194 -0.8406810164451599 0.06411916762590408 -2.0225555896759033
-0.47721946239471436 0.24072006344795227 -0.8451717495918274 0.21492189168930054 0.6950889229774475 -0.4850597083568573 -0.5306301116943359 -0.6338496804237366 -0.537692129611969 -0.8406966328620911 0.06415817141532898 -2.0225443840026855
-0.4771999716758728 0.24075454473495483 -0.8451729416847229 0.21492841839790344 0.69508957862854 -0.4850561320781708 -0.530632495880127 -0.6338558793067932 -0.537708580493927 -0.8406888246536255 0.06412288546562195 -2.0225627422332764
-0.47719261050224304 0.24076834321022034 -0.845173180103302 0.21488893032073975 0.6950945258140564 -0.48504698276519775 -0.5306344032287598 -0.6337898969650269 -0.5377086997032166 -0.8406901359558105 0.06410416215658188 -2.02250075340271
-0.47719159722328186 0.24079211056232452 -0.8451669812202454 0.2148844599723816 0.6950898766517639 -0.4850403368473053 -0.530646562576294 -0.6337827444076538 -0.5377156138420105 -0.8406871557235718 0.06408508867025375 -2.0225203037261963
-0.4771783649921417 0.2407560497522354 -0.8451847434043884 0.21487118303775787 0.6950771808624268 -0.4850957989692688 -0.5306124687194824 -0.6337833404541016 -0.5377438068389893 -0.8406655192375183 0.06413325667381287 -2.022592782974243
