# 3x4 first row second row third row Freq: 100 current Time: 2021-07-28-17:32:04
-0.6292135715484619 0.4931771159172058 -0.6007219552993774 0.363957941532135 -0.05208602920174599 -0.7979171276092529 -0.6005127429962158 -0.6273798942565918 -0.7754853367805481 -0.3465614914894104 0.5277476906776428 -2.1190929412841797
-0.629231333732605 0.4931454062461853 -0.6007293462753296 0.363930881023407 -0.0520547591149807 -0.7979269027709961 -0.6005024909973145 -0.6273650527000427 -0.7754730582237244 -0.3465840816497803 0.5277509689331055 -2.119067907333374
-0.6292019486427307 0.49318817257881165 -0.6007250547409058 0.3639453053474426 -0.05208120867609978 -0.7979090809822083 -0.600523829460144 -0.6273531913757324 -0.775495171546936 -0.3465642035007477 0.5277315378189087 -2.119091749191284
-0.6291964054107666 0.493173211812973 -0.6007431149482727 0.36393317580223083 -0.05204010382294655 -0.7979081869125366 -0.6005286574363708 -0.6273747086524963 -0.7755023837089539 -0.3465876579284668 0.5277055501937866 -2.1190850734710693
-0.6291792988777161 0.49324312806129456 -0.6007036566734314 0.3639364540576935 -0.05208683758974075 -0.7978668212890625 -0.600579559803009 -0.6273788213729858 -0.7755131721496582 -0.34658336639404297 0.5276924967765808 -2.1191000938415527
-0.6292340755462646 0.49312907457351685 -0.6007399559020996 0.3639599084854126 -0.05200456082820892 -0.7979195713996887 -0.6005165576934814 -0.6273874640464783 -0.7754742503166199 -0.3466241657733917 0.5277228951454163 -2.1191136837005615
-0.6292205452919006 0.49317365884780884 -0.6007174849510193 0.36396506428718567 -0.05204300954937935 -0.7978982329368591 -0.6005415916442871 -0.6273834109306335 -0.7754825949668884 -0.346609890460968 0.5277199745178223 -2.1191422939300537
-0.6292267441749573 0.49310585856437683 -0.600766658782959 0.36396360397338867 -0.05196673050522804 -0.7979291677474976 -0.6005071401596069 -0.6273828148841858 -0.775482714176178 -0.34663519263267517 0.5277032256126404 -2.1191229820251465
-0.6292212605476379 0.4931650161743164 -0.6007238030433655 0.36396318674087524 -0.052039626985788345 -0.7979050278663635 -0.6005328297615051 -0.6273622512817383 -0.7754822373390198 -0.3466065227985382 0.5277227163314819 -2.11916446685791
-0.629243016242981 0.4931548237800598 -0.6007093787193298 0.36395353078842163 -0.0520380437374115 -0.7979047894477844 -0.6005333065986633 -0.6273738145828247 -0.7754647135734558 -0.346621572971344 0.527738630771637 -2.1191656589508057
-0.629228413105011 0.49316614866256714 -0.6007153987884521 0.3639592230319977 -0.05201384425163269 -0.7978891730308533 -0.6005561351776123 -0.6273422241210938 -0.775478184223175 -0.3466413915157318 0.5277057886123657 -2.1191749572753906
-0.6292239427566528 0.49314308166503906 -0.6007390022277832 0.36395639181137085 -0.051996126770973206 -0.7979063391685486 -0.6005349159240723 -0.6273442506790161 -0.7754829525947571 -0.34663477540016174 0.5277031064033508 -2.119182586669922
-0.6292035579681396 0.49320605397224426 -0.6007087230682373 0.36397498846054077 -0.052070967853069305 -0.7978859543800354 -0.6005554795265198 -0.6273294687271118 -0.7754945158958435 -0.3465920686721802 0.527714192867279 -2.119194746017456
-0.6292193531990051 0.49322059750556946 -0.6006801724433899 0.3639810085296631 -0.05211253464221954 -0.7978829145431519 -0.600555956363678 -0.6273273825645447 -0.7754788994789124 -0.3465783894062042 0.5277461409568787 -2.119201898574829
-0.6292430758476257 0.49319371581077576 -0.6006773710250854 0.3639928102493286 -0.05209721624851227 -0.7978923320770264 -0.6005447506904602 -0.6273035407066345 -0.7754606604576111 -0.3465949296951294 0.5277620553970337 -2.1191864013671875
-0.629271388053894 0.49316293001174927 -0.6006730198860168 0.3640011250972748 -0.05206844210624695 -0.7978976368904114 -0.6005402207374573 -0.6273021101951599 -0.7754396200180054 -0.3466265797615051 0.5277721285820007 -2.119188070297241
-0.6292670965194702 0.49323320388793945 -0.6006198525428772 0.3639453649520874 -0.05212368816137314 -0.797853946685791 -0.6005933880805969 -0.627332866191864 -0.775439441204071 -0.3466270864009857 0.5277721881866455 -2.119168996810913
-0.6292575001716614 0.4932565689086914 -0.6006106734275818 0.36394256353378296 -0.05215317755937576 -0.7978480458259583 -0.6005986928939819 -0.6273329854011536 -0.7754452228546143 -0.34660738706588745 0.5277765393257141 -2.1191673278808594
-0.6292650103569031 0.49323874711990356 -0.6006174683570862 0.36394017934799194 -0.05213028937578201 -0.7978522777557373 -0.6005950570106506 -0.6273322105407715 -0.7754406929016113 -0.346623033285141 0.5277729630470276 -2.119164228439331
-0.6292296648025513 0.49326518177986145 -0.6006327867507935 0.3639422357082367 -0.05213572829961777 -0.7978441119194031 -0.6006054878234863 -0.6273512840270996 -0.7754689455032349 -0.34660428762435913 0.5277436971664429 -2.1191418170928955
-0.6292620897293091 0.49321454763412476 -0.6006404161453247 0.3639512062072754 -0.052076950669288635 -0.7978540062904358 -0.6005974411964417 -0.6273253560066223 -0.7754466533660889 -0.34665361046791077 0.5277441143989563 -2.1190929412841797
-0.6292100548744202 0.4932679533958435 -0.6006510853767395 0.3639039993286133 -0.052106186747550964 -0.7978368997573853 -0.6006175875663757 -0.6273188591003418 -0.7754868865013123 -0.3466169238090515 0.5277090668678284 -2.1191136837005615
-0.6292542815208435 0.4931955635547638 -0.6006641387939453 0.3638882339000702 -0.052039116621017456 -0.7978594899177551 -0.6005933880805969 -0.6273106336593628 -0.7754554748535156 -0.3466678559780121 0.5277217626571655 -2.1190719604492188
-0.6292464733123779 0.4932160973548889 -0.6006554961204529 0.3638988137245178 -0.05205652117729187 -0.7978502511978149 -0.6006041765213013 -0.6273080706596375 -0.7754606604576111 -0.34665995836257935 0.5277193784713745 -2.1190600395202637
-0.6292622685432434 0.4931575357913971 -0.6006870269775391 0.36391809582710266 -0.05199674889445305 -0.7978750467300415 -0.6005764007568359 -0.627303421497345 -0.7754518389701843 -0.3466862142086029 0.5277150273323059 -2.1190619468688965
-0.6292716860771179 0.4931756556034088 -0.6006622910499573 0.3639196753501892 -0.052014220505952835 -0.7978605031967163 -0.600594162940979 -0.627297043800354 -0.7754430770874023 -0.34669387340545654 0.527722954750061 -2.1190714836120605
-0.6292945742607117 0.4931325912475586 -0.6006736755371094 0.3639458119869232 -0.05196142941713333 -0.7978697419166565 -0.600586473941803 -0.6273142099380493 -0.7754279971122742 -0.3467338979244232 0.527718722820282 -2.1191048622131348
-0.6292318105697632 0.49320101737976074 -0.6006832122802734 0.3639320731163025 -0.05203240364789963 -0.7978610992431641 -0.6005918383598328 -0.6273007988929749 -0.7754741907119751 -0.3466564416885376 0.5277017951011658 -2.1191256046295166
-0.6292597055435181 0.49318376183509827 -0.60066819190979 0.36395519971847534 -0.05202290788292885 -0.797861635684967 -0.6005919575691223 -0.6273185014724731 -0.775452196598053 -0.3466797173023224 0.5277188420295715 -2.119157314300537
-0.6292459964752197 0.49320733547210693 -0.6006631851196289 0.3639683425426483 -0.05211992561817169 -0.7978875637054443 -0.6005491018295288 -0.6273490786552429 -0.7754567861557007 -0.3465864956378937 0.5277732610702515 -2.1191956996917725
-0.62924724817276 0.4931982755661011 -0.6006693243980408 0.3639764189720154 -0.052110251039266586 -0.7978917360305786 -0.6005443930625916 -0.6273534893989563 -0.775456428527832 -0.3465897738933563 0.5277716517448425 -2.1192102432250977
-0.6292433738708496 0.49324706196784973 -0.6006333231925964 0.3640044629573822 -0.052197154611349106 -0.7978835701942444 -0.600547730922699 -0.6273528933525085 -0.7754537463188171 -0.3465392291545868 0.5278087854385376 -2.1192266941070557
-0.629307210445404 0.49316921830177307 -0.6006302833557129 0.3639999330043793 -0.05212593823671341 -0.7979009747505188 -0.600530743598938 -0.6273482441902161 -0.7754067182540894 -0.34660983085632324 0.5278315544128418 -2.119190216064453
-0.6292957663536072 0.49318966269493103 -0.6006255149841309 0.3640066981315613 -0.052113160490989685 -0.7978799939155579 -0.6005597710609436 -0.6273818016052246 -0.7754168510437012 -0.34662917256355286 0.5278039574623108 -2.119161367416382
-0.6292464137077332 0.4931786060333252 -0.6006863117218018 0.36398249864578247 -0.05206882953643799 -0.7978932857513428 -0.6005459427833557 -0.6273505687713623 -0.775459885597229 -0.346614271402359 0.5277504920959473 -2.119166851043701
-0.6293120980262756 0.4931078255176544 -0.600675642490387 0.36397427320480347 -0.052021779119968414 -0.797913670539856 -0.6005229353904724 -0.6273390054702759 -0.7754097580909729 -0.3466680347919464 0.5277888178825378 -2.1191508769989014
-0.6292770504951477 0.4931758940219879 -0.6006564497947693 0.36398687958717346 -0.05206488072872162 -0.7978805303573608 -0.6005632281303406 -0.6273554563522339 -0.7754352688789368 -0.3466474711894989 0.5277648568153381 -2.119133472442627
-0.6293210983276367 0.4931235909461975 -0.6006532311439514 0.36399081349372864 -0.05202622711658478 -0.7978958487510681 -0.6005462408065796 -0.627351701259613 -0.7754021286964417 -0.34668663144111633 0.5277878046035767 -2.1191275119781494
-0.6292596459388733 0.4931858777999878 -0.6006665229797363 0.3639693260192871 -0.05203179270029068 -0.7978635430335999 -0.6005886793136597 -0.6273425221443176 -0.77545166015625 -0.346672385931015 0.5277244448661804 -2.119159460067749
-0.6293095350265503 0.49312472343444824 -0.6006644368171692 0.363957941532135 -0.051989439874887466 -0.7978834509849548 -0.6005658507347107 -0.6273295283317566 -0.775413990020752 -0.3467135429382324 0.527752697467804 -2.1191484928131104
-0.6293018460273743 0.4931289255619049 -0.6006690859794617 0.36395469307899475 -0.05198385939002037 -0.7978801727294922 -0.6005706787109375 -0.6273279190063477 -0.775420606136322 -0.3467150628566742 0.5277419686317444 -2.1191532611846924
-0.629331111907959 0.49311667680740356 -0.6006484627723694 0.3639146089553833 -0.051939915865659714 -0.7978596687316895 -0.6006017327308655 -0.627342700958252 -0.7753998041152954 -0.34677964448928833 0.5277301669120789 -2.119145393371582
-0.6293193101882935 0.49311313033103943 -0.6006637215614319 0.36390596628189087 -0.051960255950689316 -0.7978776097297668 -0.6005761623382568 -0.627344012260437 -0.7754080295562744 -0.3467434346675873 0.5277418494224548 -2.119149684906006
-0.6293061971664429 0.49315136671066284 -0.6006460785865784 0.3638990819454193 -0.051941726356744766 -0.79783695936203 -0.6006317734718323 -0.6273553967475891 -0.7754198908805847 -0.3467825949192047 0.5276986360549927 -2.1191699504852295
-0.6293158531188965 0.4931480884552002 -0.6006386280059814 0.3638896346092224 -0.05196775868535042 -0.7978475689888 -0.6006154417991638 -0.6273565292358398 -0.7754102945327759 -0.34676289558410645 0.5277256965637207 -2.1191790103912354
-0.6293042898178101 0.493113249540329 -0.600679337978363 0.36392834782600403 -0.05192270502448082 -0.7978674173355103 -0.6005929112434387 -0.6273311972618103 -0.7754226922988892 -0.34676674008369446 0.5277049541473389 -2.119180917739868
-0.6292491555213928 0.4931736886501312 -0.6006874442100525 0.3639289438724518 -0.0519661083817482 -0.797851026058197 -0.6006109714508057 -0.627332329750061 -0.7754645347595215 -0.3467184901237488 0.527675211429596 -2.119189739227295
-0.6292445063591003 0.4931148588657379 -0.6007406711578369 0.36394599080085754 -0.05191678926348686 -0.7978898882865906 -0.6005635857582092 -0.6273093819618225 -0.7754716277122498 -0.34671276807785034 0.5276685357093811 -2.1191718578338623
-0.6292186379432678 0.49317851662635803 -0.6007155179977417 0.363964706659317 -0.05196061730384827 -0.797857403755188 -0.600602924823761 -0.6272741556167603 -0.7754896879196167 -0.3466969430446625 0.527652382850647 -2.1192080974578857
-0.6292011737823486 0.4931947588920593 -0.6007204055786133 0.36397457122802734 -0.05199918523430824 -0.7978662252426147 -0.6005879640579224 -0.6272915005683899 -0.7755012512207031 -0.34665361046791077 0.5276638865470886 -2.1191744804382324
-0.6292248964309692 0.493191123008728 -0.6006985902786255 0.36395564675331116 -0.05201052129268646 -0.7978643178939819 -0.6005895137786865 -0.6272975206375122 -0.7754812240600586 -0.34666314721107483 0.5276870131492615 -2.119173288345337
-0.6291937232017517 0.49326008558273315 -0.6006746292114258 0.36394792795181274 -0.05205461010336876 -0.7978289723396301 -0.6006325483322144 -0.6273121237754822 -0.7755035758018494 -0.3466462790966034 0.5276652574539185 -2.119168281555176
-0.6292245388031006 0.4932117760181427 -0.6006820201873779 0.36396411061286926 -0.05201711133122444 -0.797846794128418 -0.600612223148346 -0.6273150444030762 -0.775481104850769 -0.3466741144657135 0.527679979801178 -2.119187116622925
-0.6291876435279846 0.4932754635810852 -0.6006683707237244 0.363949716091156 -0.05210975185036659 -0.7978410124778748 -0.6006118655204773 -0.6273080110549927 -0.7755048274993896 -0.34659677743911743 0.5276959538459778 -2.11921763420105
-0.6291970610618591 0.4932544231414795 -0.6006758213043213 0.3639731705188751 -0.052076105028390884 -0.797842800617218 -0.6006123423576355 -0.627353310585022 -0.7754994630813599 -0.3466225862503052 0.5276868939399719 -2.1192212104797363
-0.6292069554328918 0.4932605028152466 -0.6006604433059692 0.36397701501846313 -0.052098944783210754 -0.7978425025939941 -0.6006107926368713 -0.6273597478866577 -0.775489866733551 -0.34661462903022766 0.5277061462402344 -2.119231700897217
-0.6292117238044739 0.49327167868614197 -0.6006462574005127 0.36393532156944275 -0.0520612969994545 -0.7978123426437378 -0.6006540656089783 -0.6273695230484009 -0.775488555431366 -0.3466680943965912 0.5276730060577393 -2.1191937923431396
-0.6292811036109924 0.4932396113872528 -0.6005998849868774 0.36391764879226685 -0.05201064795255661 -0.7977907657623291 -0.6006871461868286 -0.6273658871650696 -0.7754356265068054 -0.34676340222358704 0.5276881456375122 -2.119084358215332
-0.6292644739151001 0.4932536780834198 -0.6006057262420654 0.3639294505119324 -0.05202653259038925 -0.7977912425994873 -0.600685179233551 -0.6273695826530457 -0.7754480838775635 -0.34674233198165894 0.5276837348937988 -2.1190874576568604
-0.6293086409568787 0.4931866526603699 -0.6006144881248474 0.3639281392097473 -0.051961466670036316 -0.7978094220161438 -0.6006666421890259 -0.6273658275604248 -0.7754166126251221 -0.34679585695266724 0.527694821357727 -2.119065999984741
-0.6292809247970581 0.4932359457015991 -0.6006030440330505 0.3639286756515503 -0.052011068910360336 -0.7977946996688843 -0.6006819605827332 -0.6273335218429565 -0.775435745716095 -0.3467596173286438 0.5276904702186584 -2.1190948486328125
-0.6293044090270996 0.49317052960395813 -0.6006321907043457 0.3639471232891083 -0.05194466561079025 -0.7978199124336243 -0.600654125213623 -0.6273622512817383 -0.775421142578125 -0.34679460525512695 0.5276889801025391 -2.1190502643585205
-0.6292673349380493 0.4932011067867279 -0.6006459593772888 0.3639635443687439 -0.051986176520586014 -0.797824501991272 -0.6006444692611694 -0.6273489594459534 -0.7754484415054321 -0.34674057364463806 0.5276842713356018 -2.1190757751464844
-0.6292982697486877 0.4931204319000244 -0.6006797552108765 0.3639639914035797 -0.05190527066588402 -0.7978551387786865 -0.6006107926368713 -0.6273395419120789 -0.7754287719726562 -0.3467848300933838 0.5276841521263123 -2.1190342903137207
-0.6293107271194458 0.4931245446205139 -0.6006633043289185 0.3639589846134186 -0.051952432841062546 -0.7978665232658386 -0.6005915403366089 -0.6273565292358398 -0.7754154801368713 -0.34675273299217224 0.5277248024940491 -2.119047164916992
-0.6293180584907532 0.49310293793678284 -0.6006733775138855 0.3639579117298126 -0.05195261165499687 -0.7978849411010742 -0.600567102432251 -0.6273643374443054 -0.7754095196723938 -0.34674111008644104 0.5277411341667175 -2.119037628173828
-0.62931227684021 0.49310752749443054 -0.6006757020950317 0.3639155626296997 -0.051977239549160004 -0.7978939414024353 -0.6005529761314392 -0.6273464560508728 -0.7754126191139221 -0.3467138111591339 0.5277546048164368 -2.119086265563965
-0.6293230056762695 0.4930732846260071 -0.6006925106048584 0.3639451563358307 -0.05193287879228592 -0.7979035377502441 -0.6005440950393677 -0.6273568868637085 -0.7754068374633789 -0.3467404544353485 0.5277455449104309 -2.1190826892852783
-0.6293736100196838 0.4930078089237213 -0.6006932854652405 0.3639290928840637 -0.05188529193401337 -0.7979251146316528 -0.6005195379257202 -0.6273495554924011 -0.7753689885139465 -0.34678390622138977 0.5277726054191589 -2.1190483570098877
-0.6293556094169617 0.4930461347103119 -0.6006806492805481 0.3639709949493408 -0.05190742760896683 -0.7979047298431396 -0.6005446910858154 -0.6273198127746582 -0.7753821015357971 -0.3467763066291809 0.5277583599090576 -2.1190760135650635
-0.6293790340423584 0.4930558502674103 -0.6006481051445007 0.36391928791999817 -0.05190364271402359 -0.7978828549385071 -0.6005740761756897 -0.6273166537284851 -0.7753633260726929 -0.3468128442764282 0.5277619361877441 -2.1190361976623535
-0.6293432712554932 0.493107408285141 -0.6006432771682739 0.3639143109321594 -0.05191905423998833 -0.7978541851043701 -0.6006107926368713 -0.6272991299629211 -0.7753913402557373 -0.34680548310279846 0.5277256369590759 -2.119062662124634
-0.6293644309043884 0.49305546283721924 -0.6006637215614319 0.3639180064201355 -0.05187683179974556 -0.7978777885437012 -0.6005831956863403 -0.6273082494735718 -0.7753769755363464 -0.34682509303092957 0.5277338624000549 -2.1190879344940186
-0.6293152570724487 0.49309390783309937 -0.6006837487220764 0.36390626430511475 -0.05188963562250137 -0.7978670597076416 -0.6005962491035461 -0.6273338794708252 -0.7754160761833191 -0.34679505228996277 0.5276961326599121 -2.1190924644470215
-0.6293315887451172 0.493094265460968 -0.600666344165802 0.36390388011932373 -0.05189516395330429 -0.7978618741035461 -0.6006026864051819 -0.6273378729820251 -0.7754024267196655 -0.34680649638175964 0.5277086496353149 -2.1190977096557617
-0.6293401718139648 0.4931449294090271 -0.6006157398223877 0.3639027178287506 -0.05193207785487175 -0.7978239059448242 -0.6006499528884888 -0.6273403763771057 -0.775393009185791 -0.3468218445777893 0.5277124047279358 -2.1191153526306152
-0.6293348670005798 0.4931344985961914 -0.6006298065185547 0.3638964295387268 -0.05189919099211693 -0.7978219389915466 -0.6006553769111633 -0.6273514628410339 -0.7753994464874268 -0.34684109687805176 0.5276902318000793 -2.11911940574646
-0.6293439865112305 0.49319028854370117 -0.6005744934082031 0.36393508315086365 -0.052011679857969284 -0.7978124022483826 -0.6006583571434021 -0.6273563504219055 -0.7753845453262329 -0.34678375720977783 0.5277498960494995 -2.1191587448120117
-0.6293129920959473 0.493213415145874 -0.6005880236625671 0.3639460504055023 -0.05200980603694916 -0.7978023290634155 -0.6006718873977661 -0.6273553371429443 -0.7754098176956177 -0.34677407145500183 0.5277190208435059 -2.1191153526306152
-0.6293506622314453 0.4931473433971405 -0.6006027460098267 0.3639600872993469 -0.051962267607450485 -0.7978302836418152 -0.6006388664245605 -0.6273494362831116 -0.775382399559021 -0.3468037545681 0.5277398824691772 -2.1191046237945557
-0.6293328404426575 0.4931904971599579 -0.6005860567092896 0.3639529347419739 -0.051977477967739105 -0.7978019118309021 -0.6006752252578735 -0.6273517608642578 -0.7753958702087402 -0.346807599067688 0.5277174711227417 -2.119114875793457
-0.6293615102767944 0.4931755065917969 -0.6005682945251465 0.36397555470466614 -0.05196962505578995 -0.7978005409240723 -0.6006776690483093 -0.6273532509803772 -0.7753731608390808 -0.3468320369720459 0.5277348756790161 -2.1191160678863525
-0.6293123960494995 0.49320492148399353 -0.6005955934524536 0.3639591932296753 -0.0519939661026001 -0.7978039979934692 -0.6006710529327393 -0.6273401379585266 -0.7754113674163818 -0.34678229689598083 0.5277113914489746 -2.1191608905792236
-0.6293383836746216 0.49317046999931335 -0.6005966663360596 0.36396530270576477 -0.05197246000170708 -0.7978172302246094 -0.6006553173065186 -0.6273475289344788 -0.7753917574882507 -0.34680089354515076 0.5277280211448669 -2.1191704273223877
-0.6293338537216187 0.4931424856185913 -0.6006243824958801 0.36396220326423645 -0.05196208134293556 -0.7978425621986389 -0.6006225347518921 -0.6273687481880188 -0.7753961086273193 -0.3467823266983032 0.5277338027954102 -2.1191694736480713
-0.6293884515762329 0.49315065145492554 -0.6005604267120361 0.3639160096645355 -0.051937758922576904 -0.7977991104125977 -0.6006823778152466 -0.6273515224456787 -0.7753533720970154 -0.3468707203865051 0.5277384519577026 -2.1190977096557617
-0.6293436288833618 0.49314644932746887 -0.6006109118461609 0.36394134163856506 -0.05194524675607681 -0.7978267073631287 -0.6006450653076172 -0.6273267865180969 -0.7753893136978149 -0.3468132019042969 0.5277235507965088 -2.1190900802612305
-0.6292962431907654 0.49315932393074036 -0.6006499528884888 0.363946795463562 -0.05192643776535988 -0.7978266477584839 -0.6006467938423157 -0.6273263096809387 -0.7754290103912354 -0.34679508209228516 0.527677059173584 -2.1190831661224365
-0.629303514957428 0.4932255744934082 -0.6005879044532776 0.36394020915031433 -0.05203549563884735 -0.7978058457374573 -0.6006649136543274 -0.6273226141929626 -0.7754157781600952 -0.34674862027168274 0.5277270674705505 -2.11909556388855
-0.6293198466300964 0.4931474030017853 -0.6006350517272949 0.3639727532863617 -0.05195639282464981 -0.7978413701057434 -0.6006246209144592 -0.6273230314254761 -0.7754078507423401 -0.34677809476852417 0.5277193188667297 -2.1191108226776123
-0.6293250322341919 0.49313125014305115 -0.6006428599357605 0.3639497756958008 -0.0519503690302372 -0.7978525161743164 -0.6006103157997131 -0.62732994556427 -0.7754040360450745 -0.34677544236183167 0.5277267098426819 -2.1190907955169678
-0.6293343305587769 0.49313321709632874 -0.6006314754486084 0.3639480471611023 -0.0519523061811924 -0.7978472709655762 -0.6006171703338623 -0.6273313760757446 -0.7753963470458984 -0.3467847406864166 0.5277318358421326 -2.119088649749756
-0.6293346881866455 0.4931069016456604 -0.6006527543067932 0.36391451954841614 -0.05193338170647621 -0.7978649735450745 -0.6005952954292297 -0.6273205876350403 -0.7753973603248596 -0.3467814326286316 0.5277325510978699 -2.1191349029541016
-0.6293168067932129 0.4931585192680359 -0.6006290316581726 0.3639224171638489 -0.0519983135163784 -0.7978503704071045 -0.6006090641021729 -0.6273311972618103 -0.7754074931144714 -0.34674161672592163 0.5277438163757324 -2.119126081466675
-0.6293432712554932 0.493091344833374 -0.6006564497947693 0.3639417886734009 -0.05193440243601799 -0.7978770732879639 -0.6005790829658508 -0.6273120045661926 -0.7753902673721313 -0.346775621175766 0.5277467966079712 -2.1191136837005615
-0.6293100714683533 0.4931444227695465 -0.6006476879119873 0.36395129561424255 -0.05193356052041054 -0.7978385090827942 -0.6006304025650024 -0.6273229122161865 -0.7754173278808594 -0.3467889130115509 0.5276983380317688 -2.11910080909729
-0.6292430758476257 0.493137001991272 -0.600723922252655 0.3639334440231323 -0.05195053666830063 -0.7978834509849548 -0.6005692481994629 -0.6273357272148132 -0.775470495223999 -0.34669604897499084 0.5276811718940735 -2.1191039085388184
-0.6292871236801147 0.4930751919746399 -0.6007285714149475 0.3638872504234314 -0.05189759284257889 -0.7979018688201904 -0.6005493402481079 -0.6273705959320068 -0.7754383087158203 -0.34674152731895447 0.5276985764503479 -2.1190736293792725
-0.6292493939399719 0.4930969178676605 -0.6007502675056458 0.36394596099853516 -0.051861707121133804 -0.797881007194519 -0.6005801558494568 -0.6273660063743591 -0.7754713892936707 -0.3467586636543274 0.5276387333869934 -2.119089365005493
-0.6293123960494995 0.4930232763290405 -0.6007447242736816 0.3639594316482544 -0.05182930454611778 -0.7979120016098022 -0.6005418300628662 -0.627364993095398 -0.7754223942756653 -0.34679216146469116 0.52768874168396 -2.119072437286377
-0.6292648911476135 0.49303948879241943 -0.6007811427116394 0.36394622921943665 -0.05182325839996338 -0.7979142665863037 -0.6005392670631409 -0.6273850202560425 -0.7754613161087036 -0.3467637896537781 0.5276501774787903 -2.119065046310425
-0.6292757987976074 0.4930223822593689 -0.6007837653160095 0.36395254731178284 -0.0518188551068306 -0.7979245185852051 -0.6005260348320007 -0.6273917555809021 -0.7754527926445007 -0.3467645049095154 0.5276622772216797 -2.119025468826294
-0.6292361617088318 0.4930574893951416 -0.6007964611053467 0.3639402687549591 -0.051846250891685486 -0.7979194521903992 -0.6005304455757141 -0.6273749470710754 -0.7754831314086914 -0.34672635793685913 0.5276427268981934 -2.11905574798584
-0.6292808055877686 0.4930458962917328 -0.6007592678070068 0.36390867829322815 -0.051819998770952225 -0.7978993654251099 -0.600559413433075 -0.6273998618125916 -0.7754486799240112 -0.34678909182548523 0.5276521444320679 -2.1190335750579834
-0.629266619682312 0.4930974543094635 -0.6007317900657654 0.36389556527137756 -0.051840007305145264 -0.7978630661964417 -0.600605845451355 -0.627396285533905 -0.775458812713623 -0.34679919481277466 0.5276305675506592 -2.119048833847046
-0.6292910575866699 0.49306970834732056 -0.6007289886474609 0.3639022409915924 -0.05180349200963974 -0.7978635430335999 -0.6006083488464355 -0.6273930668830872 -0.7754414677619934 -0.34683752059936523 0.5276308655738831 -2.1190247535705566
-0.6292786002159119 0.4931091070175171 -0.6007096171379089 0.3639025390148163 -0.0518500879406929 -0.7978505492210388 -0.6006216406822205 -0.6273718476295471 -0.7754483819007874 -0.3468114137649536 0.5276378393173218 -2.1190454959869385
-0.6292891502380371 0.49303296208381653 -0.6007611155509949 0.3639243543148041 -0.05181829258799553 -0.7979077696800232 -0.6005483865737915 -0.6273237466812134 -0.7754420042037964 -0.34678807854652405 0.5276625752449036 -2.11897611618042
-0.6292922496795654 0.49304312467575073 -0.6007494926452637 0.3639317750930786 -0.051751114428043365 -0.79786616563797 -0.6006094217300415 -0.6273167133331299 -0.775443971157074 -0.3468693196773529 0.5276063084602356 -2.1189236640930176
-0.6292311549186707 0.4931044280529022 -0.600763201713562 0.3639230728149414 -0.051825232803821564 -0.7978653311729431 -0.6006041169166565 -0.6272745728492737 -0.775488555431366 -0.3467840850353241 0.5275967717170715 -2.1189563274383545
-0.6292292475700378 0.4930489659309387 -0.600810706615448 0.3639630079269409 -0.05181498825550079 -0.7979170680046082 -0.6005362868309021 -0.6272920966148376 -0.7754908204078674 -0.34674394130706787 0.5276198387145996 -2.119004011154175
-0.6291854381561279 0.49313583970069885 -0.6007853150367737 0.3639260232448578 -0.05190231651067734 -0.7978888750076294 -0.6005662083625793 -0.6272878050804138 -0.7755205631256104 -0.3466852903366089 0.5276147127151489 -2.119053602218628
-0.6291931867599487 0.49311408400535583 -0.6007950305938721 0.3639269471168518 -0.05190639942884445 -0.7979089617729187 -0.6005391478538513 -0.6272862553596497 -0.7755139470100403 -0.3466699719429016 0.5276344418525696 -2.1190452575683594
-0.6291615962982178 0.4931374788284302 -0.6008089184761047 0.3639312982559204 -0.051884181797504425 -0.797889769077301 -0.600566565990448 -0.6273295283317566 -0.7755410671234131 -0.3466808795928955 0.5275874137878418 -2.1189844608306885
-0.6292290687561035 0.4930401146411896 -0.6008181571960449 0.36398017406463623 -0.05182262137532234 -0.7979294061660767 -0.6005192399024963 -0.6273491382598877 -0.7754904627799988 -0.34672811627388 0.5276308059692383 -2.119020462036133
-0.6292662024497986 0.4930219352245331 -0.6007941961288452 0.36399218440055847 -0.051873691380023956 -0.7979537844657898 -0.6004824042320251 -0.6273233294487 -0.7754569053649902 -0.3466978073120117 0.5277000069618225 -2.119072198867798
-0.6292268633842468 0.493086576461792 -0.6007823348045349 0.36398324370384216 -0.051943715661764145 -0.7979380488395691 -0.6004972457885742 -0.627316951751709 -0.7754841446876526 -0.34664207696914673 0.5276966094970703 -2.1190857887268066
-0.6292269229888916 0.4931037724018097 -0.6007681488990784 0.36396726965904236 -0.051963068544864655 -0.7979295253753662 -0.6005069613456726 -0.6273435354232788 -0.7754827737808228 -0.3466373085975647 0.5277016758918762 -2.1190855503082275
-0.629225492477417 0.4930553436279297 -0.6008093953132629 0.36395522952079773 -0.051917366683483124 -0.7979581356048584 -0.6004728674888611 -0.6273776888847351 -0.7754870057106018 -0.34664034843444824 0.527693510055542 -2.1190590858459473
-0.6292510628700256 0.4930419325828552 -0.6007936000823975 0.3639477789402008 -0.0519297793507576 -0.7979656457901001 -0.6004617810249329 -0.6273409724235535 -0.7754654288291931 -0.34664207696914673 0.5277240872383118 -2.119091272354126
-0.6292397379875183 0.4930698573589325 -0.600782573223114 0.3639345169067383 -0.05193891003727913 -0.7979468703269958 -0.6004859209060669 -0.6273674368858337 -0.7754740118980408 -0.3466455638408661 0.5277091860771179 -2.1190853118896484
-0.6292673945426941 0.4930107593536377 -0.6008021235466003 0.3639518618583679 -0.05188644677400589 -0.7979701161384583 -0.6004595756530762 -0.6273648738861084 -0.7754550576210022 -0.3466760814189911 0.5277169346809387 -2.119058847427368
-0.6292533874511719 0.49301064014434814 -0.6008168458938599 0.3639708161354065 -0.051872797310352325 -0.7979704141616821 -0.600460410118103 -0.6273808479309082 -0.7754673361778259 -0.3466756343841553 0.5276992321014404 -2.1190435886383057
-0.6292681097984314 0.4929737150669098 -0.6008317470550537 0.3639642596244812 -0.05184275656938553 -0.7979873418807983 -0.600440502166748 -0.6273762583732605 -0.7754574418067932 -0.34668922424316406 0.5277048945426941 -2.1189920902252197
-0.6292739510536194 0.49302858114242554 -0.6007806658744812 0.36395350098609924 -0.051917914301157 -0.7979635000228882 -0.600465714931488 -0.6273684501647949 -0.77544766664505 -0.3466660678386688 0.5277343988418579 -2.1190147399902344
-0.6293291449546814 0.49297797679901123 -0.6007643342018127 0.3639538288116455 -0.05189676210284233 -0.7979799509048462 -0.6004456877708435 -0.6273796558380127 -0.7754042744636536 -0.34670016169548035 0.527775764465332 -2.1190104484558105
-0.6292927861213684 0.49299857020378113 -0.600785493850708 0.3639644384384155 -0.051958031952381134 -0.7980029582977295 -0.600409746170044 -0.6273660659790039 -0.7754296660423279 -0.34661784768104553 0.5277925133705139 -2.1190192699432373
-0.629265546798706 0.49304014444351196 -0.6007798910140991 0.36394965648651123 -0.05195232853293419 -0.7979710698127747 -0.6004526615142822 -0.6274002194404602 -0.7754521369934082 -0.3466322124004364 0.5277500748634338 -2.119018316268921
-0.6292643547058105 0.4930829405784607 -0.6007460951805115 0.3639642596244812 -0.05199792608618736 -0.7979491949081421 -0.6004777550697327 -0.6273936629295349 -0.7754501104354858 -0.34662163257598877 0.5277600884437561 -2.1190366744995117
-0.6292799115180969 0.4930744767189026 -0.600736677646637 0.36397498846054077 -0.05201893299818039 -0.797960102558136 -0.600461483001709 -0.6273881793022156 -0.7754360437393188 -0.34660860896110535 0.5277892351150513 -2.1190121173858643
-0.6292861700057983 0.49306055903434753 -0.6007415652275085 0.3640062212944031 -0.052024099975824356 -0.7979735136032104 -0.6004431843757629 -0.6273541450500488 -0.7754306197166443 -0.34659749269485474 0.5278044939041138 -2.1190474033355713
-0.6293001174926758 0.4930849075317383 -0.6007069945335388 0.36402252316474915 -0.05205580219626427 -0.7979571223258972 -0.6004622578620911 -0.6273592114448547 -0.775417149066925 -0.34660062193870544 0.5278221964836121 -2.1190402507781982
-0.6292946934700012 0.49305397272109985 -0.6007380485534668 0.3640053868293762 -0.05205203592777252 -0.797988772392273 -0.6004204750061035 -0.6273311376571655 -0.7754218578338623 -0.3465717136859894 0.5278343558311462 -2.1190695762634277
-0.6292650699615479 0.49307143688201904 -0.6007547974586487 0.36400267481803894 -0.05208974704146385 -0.7980014085769653 -0.600400447845459 -0.6273335814476013 -0.7754433751106262 -0.34651777148246765 0.5278381109237671 -2.1190803050994873
-0.6292790174484253 0.49304163455963135 -0.6007645726203918 0.36398711800575256 -0.05206282064318657 -0.798012912273407 -0.600387454032898 -0.6273536682128906 -0.7754338383674622 -0.3465336561203003 0.5278417468070984 -2.1190783977508545
-0.6292685866355896 0.4930451512336731 -0.6007726192474365 0.36400508880615234 -0.05209514498710632 -0.7980285286903381 -0.6003639101982117 -0.62735515832901 -0.7754400968551636 -0.3464927673339844 0.5278593301773071 -2.119093418121338
-0.6292984485626221 0.49301108717918396 -0.6007693409919739 0.36399203538894653 -0.05204456299543381 -0.7980266213417053 -0.6003708243370056 -0.6273618340492249 -0.775419294834137 -0.34654557704925537 0.5278552174568176 -2.1190648078918457
-0.6292387247085571 0.4930609166622162 -0.6007909774780273 0.3639630377292633 -0.05206657201051712 -0.7980133295059204 -0.6003866195678711 -0.6273638010025024 -0.77546626329422 -0.3465053141117096 0.527812659740448 -2.1190879344940186
-0.6292502284049988 0.4930224120616913 -0.6008105278015137 0.3639697730541229 -0.05201558396220207 -0.7980238795280457 -0.6003770232200623 -0.6273474097251892 -0.7754603624343872 -0.3465358018875122 0.5278013348579407 -2.1190640926361084
-0.6292802095413208 0.49304860830307007 -0.6007575988769531 0.36395737528800964 -0.05205320566892624 -0.7980011105537415 -0.6004039645195007 -0.6273470520973206 -0.7754334807395935 -0.34655091166496277 0.5278308391571045 -2.1190543174743652
-0.6292903423309326 0.493008017539978 -0.6007803082466125 0.3639700412750244 -0.05202917382121086 -0.798026442527771 -0.6003724336624146 -0.6273290514945984 -0.7754268646240234 -0.3465504050254822 0.5278409123420715 -2.119046688079834
-0.6292905211448669 0.4930134117603302 -0.6007757782936096 0.3639538288116455 -0.051995713263750076 -0.7980060577392578 -0.6004024147987366 -0.6273309588432312 -0.7754290103912354 -0.34658971428871155 0.5278119444847107 -2.1190412044525146
-0.6292731165885925 0.49304550886154175 -0.6007676124572754 0.3639504313468933 -0.052006568759679794 -0.7979865670204163 -0.6004273891448975 -0.6273296475410461 -0.7754424214363098 -0.3465888500213623 0.5277928709983826 -2.11904239654541
-0.6292502284049988 0.49305883049964905 -0.6007806658744812 0.3639155626296997 -0.0520145408809185 -0.7979870438575745 -0.6004260778427124 -0.6273373961448669 -0.775460422039032 -0.3465688228607178 0.5277795195579529 -2.1190414428710938
-0.6292543411254883 0.4930189549922943 -0.6008090376853943 0.3639068305492401 -0.05198744311928749 -0.798012912273407 -0.6003939509391785 -0.6273380517959595 -0.7754589319229126 -0.3465659022331238 0.5277836918830872 -2.1190366744995117
-0.6292550563812256 0.49301934242248535 -0.6008079648017883 0.3639689087867737 -0.05199518799781799 -0.7980156540870667 -0.6003896594047546 -0.6273523569107056 -0.7754577994346619 -0.3465590178966522 0.527789831161499 -2.119053363800049
-0.6292259097099304 0.4930659830570221 -0.6008002161979675 0.3639518916606903 -0.05203380435705185 -0.7979993224143982 -0.6004080772399902 -0.6273478269577026 -0.7754788398742676 -0.34653031826019287 0.5277777314186096 -2.1190621852874756
-0.6292479038238525 0.49300289154052734 -0.600829005241394 0.36392608284950256 -0.05194931477308273 -0.7980148196220398 -0.6003947854042053 -0.6273546814918518 -0.7754666805267334 -0.3465844392776489 0.5277600884437561 -2.119030714035034
-0.6292405128479004 0.4930514097213745 -0.6007969379425049 0.36392512917518616 -0.05204526707530022 -0.7980125546455383 -0.6003895401954651 -0.6273458003997803 -0.77546626329422 -0.34652069211006165 0.527802586555481 -2.119044303894043
-0.6292754411697388 0.4930175840854645 -0.6007881164550781 0.36393067240715027 -0.051988452672958374 -0.7980053424835205 -0.6004039645195007 -0.6273343563079834 -0.7754417061805725 -0.34658536314964294 0.5277961492538452 -2.1190342903137207
-0.6293022632598877 0.49299952387809753 -0.6007748246192932 0.3639392554759979 -0.051956746727228165 -0.797997236251831 -0.6004175543785095 -0.627364456653595 -0.7754220962524414 -0.34662970900535583 0.5277958512306213 -2.119051218032837
-0.6293079853057861 0.49300166964530945 -0.6007670164108276 0.3639370799064636 -0.05195746570825577 -0.7979928255081177 -0.600423276424408 -0.6273690462112427 -0.7754173874855042 -0.3466368019580841 0.5277981758117676 -2.1190502643585205
-0.629286527633667 0.4930408000946045 -0.6007574200630188 0.3639466166496277 -0.051965393126010895 -0.7979668974876404 -0.6004571318626404 -0.6273550391197205 -0.7754342555999756 -0.3466409146785736 0.5277706384658813 -2.11904239654541
-0.6292896270751953 0.4930334985256195 -0.6007601618766785 0.36394792795181274 -0.05195506662130356 -0.7979681491851807 -0.6004562973976135 -0.6273601651191711 -0.7754324674606323 -0.34664833545684814 0.5277684330940247 -2.1190409660339355
-0.6292677521705627 0.4930490553379059 -0.6007702946662903 0.3639912009239197 -0.05196818336844444 -0.7979682683944702 -0.6004550457000732 -0.6273475289344788 -0.7754493355751038 -0.3466259837150574 0.5277583599090576 -2.1190743446350098
-0.6292566657066345 0.49308931827545166 -0.6007488965988159 0.36399784684181213 -0.05200348049402237 -0.7979487180709839 -0.6004778742790222 -0.6273541450500488 -0.7754559516906738 -0.3466135859489441 0.5277566909790039 -2.1190741062164307
-0.6292926669120789 0.49305734038352966 -0.6007373929023743 0.3639764189720154 -0.05202896520495415 -0.797976016998291 -0.6004394888877869 -0.6273334622383118 -0.7754250168800354 -0.346596360206604 0.5278134942054749 -2.119110107421875
-0.6292701959609985 0.4930674135684967 -0.6007527112960815 0.36399099230766296 -0.052020031958818436 -0.7979720234870911 -0.600445568561554 -0.6273716688156128 -0.7754439115524292 -0.3465912342071533 0.5277891159057617 -2.119063377380371
-0.6293348670005798 0.4929814636707306 -0.600755512714386 0.3640058636665344 -0.05195793882012367 -0.798001229763031 -0.6004120707511902 -0.6273841261863708 -0.7753955721855164 -0.34664615988731384 0.5278241038322449 -2.119060754776001
-0.6293458342552185 0.4930245876312256 -0.6007086038589478 0.36401522159576416 -0.052022986114025116 -0.7979823350906372 -0.6004315614700317 -0.6273770928382874 -0.7753822803497314 -0.3466283977031708 0.5278552174568176 -2.119082450866699
-0.6293624639511108 0.4929788112640381 -0.6007287502288818 0.3639979660511017 -0.05201577767729759 -0.7980174422264099 -0.6003855466842651 -0.6273822784423828 -0.7753692865371704 -0.34661269187927246 0.5278846621513367 -2.1190524101257324
-0.6293462514877319 0.49300500750541687 -0.6007242202758789 0.36399632692337036 -0.05203397572040558 -0.7980065941810608 -0.6003983616828918 -0.6273950934410095 -0.7753812074661255 -0.3466002941131592 0.5278752446174622 -2.119056463241577
-0.6293715834617615 0.49296385049819946 -0.6007314920425415 0.36396336555480957 -0.05197003111243248 -0.7980078458786011 -0.6004022359848022 -0.6273950338363647 -0.7753649353981018 -0.3466559946537018 0.527862548828125 -2.1189968585968018
-0.6293575763702393 0.4929702877998352 -0.6007408499717712 0.36391034722328186 -0.05193092301487923 -0.7979902029037476 -0.600429117679596 -0.6273890733718872 -0.7753788828849792 -0.34668752551078796 0.5278213620185852 -2.119001865386963
-0.629327118396759 0.49298056960105896 -0.6007643342018127 0.3638991415500641 -0.05193595960736275 -0.7979958057403564 -0.6004212498664856 -0.6273953318595886 -0.7754032611846924 -0.3466600477695465 0.5278035998344421 -2.1189966201782227
-0.6292871236801147 0.49296319484710693 -0.6008204817771912 0.36390766501426697 -0.051934417337179184 -0.7980303168296814 -0.6003754734992981 -0.6273646950721741 -0.7754358649253845 -0.34660524129867554 0.5277917385101318 -2.1190319061279297
-0.6293119788169861 0.49295058846473694 -0.6008048057556152 0.36390185356140137 -0.051934536546468735 -0.7980318665504456 -0.600373387336731 -0.6273639798164368 -0.7754156589508057 -0.346619576215744 0.5278119444847107 -2.119035482406616
