# 3x4 first row second row third row Freq: 100 current Time: 2021-07-28-17:36:53
-0.780367910861969 -0.10496695339679718 -0.6164476871490479 -0.10436443239450455 0.5335577726364136 -0.6258652210235596 -0.5688661336898804 -0.45904332399368286 -0.32610106468200684 -0.772835373878479 0.5444111824035645 -2.358473539352417
-0.7803961038589478 -0.10496357083320618 -0.6164125204086304 -0.10436142235994339 0.5335351824760437 -0.6258538961410522 -0.5688998103141785 -0.4591576159000397 -0.3260704576969147 -0.7728450298309326 0.5444158315658569 -2.3584518432617188
-0.7803752422332764 -0.10503458231687546 -0.6164268255233765 -0.10438571870326996 0.5335755348205566 -0.6258694529533386 -0.5688448548316956 -0.45904651284217834 -0.3260543644428253 -0.7728227972984314 0.5444570183753967 -2.358449697494507
-0.7803838849067688 -0.10500539839267731 -0.6164208650588989 -0.10439138114452362 0.5335604548454285 -0.6258593797683716 -0.5688700675964355 -0.4591667354106903 -0.32605841755867004 -0.7728348970413208 0.5444374084472656 -2.3584251403808594
-0.7804105281829834 -0.10503945499658585 -0.6163813471794128 -0.10436219722032547 0.5335498452186584 -0.6258577108383179 -0.5688818097114563 -0.45910248160362244 -0.3260120451450348 -0.7728316187858582 0.5444698333740234 -2.3584606647491455
-0.7804163098335266 -0.10501562058925629 -0.616378128528595 -0.10436766594648361 0.5335415005683899 -0.6258429288864136 -0.5689059495925903 -0.4592288136482239 -0.32601189613342285 -0.7728468179702759 0.5444483160972595 -2.3584370613098145
-0.7804628610610962 -0.10500781238079071 -0.6163204908370972 -0.10431031137704849 0.5334797501564026 -0.6258801817893982 -0.5689228773117065 -0.45929503440856934 -0.32600146532058716 -0.7728177309036255 0.5444958806037903 -2.358518600463867
-0.7804378271102905 -0.10498670488595963 -0.6163557767868042 -0.10438821464776993 0.5335103869438171 -0.625842809677124 -0.5689352750778198 -0.4592552185058594 -0.32601121068000793 -0.7728508710861206 0.5444430112838745 -2.358436107635498
-0.7804230451583862 -0.10493667423725128 -0.6163830161094666 -0.10442928224802017 0.5335235595703125 -0.6257977485656738 -0.5689724683761597 -0.4591390788555145 -0.3260250687599182 -0.7728941440582275 0.5443732738494873 -2.358365535736084
-0.7804087400436401 -0.10489663481712341 -0.6164079308509827 -0.10444120317697525 0.5335208177566528 -0.6257985234260559 -0.5689741373062134 -0.45926475524902344 -0.32606375217437744 -0.7728989720344543 0.5443432927131653 -2.3583362102508545
-0.7804361581802368 -0.1048504039645195 -0.6163811087608337 -0.10443364828824997 0.5334416031837463 -0.6258837580680847 -0.5689547061920166 -0.45909443497657776 -0.3261278569698334 -0.7728362083435059 0.5443940162658691 -2.358346700668335
-0.7804333567619324 -0.10483936220407486 -0.6163864731788635 -0.1044452115893364 0.5334392786026001 -0.625885009765625 -0.5689554810523987 -0.45920971035957336 -0.3261381685733795 -0.7728366851806641 0.5443871021270752 -2.3583154678344727
-0.7804501056671143 -0.10482366383075714 -0.6163679361343384 -0.10440391302108765 0.5334072709083557 -0.6259098052978516 -0.5689582228660583 -0.459141343832016 -0.326150506734848 -0.7728187441825867 0.5444052219390869 -2.358355760574341
-0.7803923487663269 -0.10476892441511154 -0.6164504289627075 -0.10439208149909973 0.533461332321167 -0.6258575320243835 -0.5689650774002075 -0.45907062292099 -0.32620030641555786 -0.7728685140609741 0.5443047285079956 -2.358304500579834
-0.7804045677185059 -0.10478752106428146 -0.6164317727088928 -0.10439398884773254 0.5334542393684387 -0.6258648037910461 -0.5689637064933777 -0.45918989181518555 -0.3261827230453491 -0.772860050201416 0.5443271994590759 -2.358266830444336
-0.7803935408592224 -0.10475720465183258 -0.6164509057998657 -0.10431800782680511 0.5334309935569763 -0.6259161233901978 -0.5689290761947632 -0.45923736691474915 -0.3262471854686737 -0.7728226184844971 0.5443417429924011 -2.358375310897827
-0.7803412079811096 -0.10467220097780228 -0.6165316104888916 -0.10444375872612 0.5334845185279846 -0.6258252263069153 -0.5689788460731506 -0.4591825604438782 -0.326284795999527 -0.7729077339172363 0.5441982746124268 -2.3582980632781982
-0.7803585529327393 -0.1046874150633812 -0.6165070533752441 -0.10435754805803299 0.533419132232666 -0.6259562373161316 -0.5688960552215576 -0.4590596556663513 -0.32635021209716797 -0.7727996110916138 0.5443127155303955 -2.3584606647491455
-0.7803388237953186 -0.10468222945928574 -0.6165328621864319 -0.10435137897729874 0.5334451198577881 -0.6259329319000244 -0.5688973069190979 -0.459171861410141 -0.32635483145713806 -0.7728192210197449 0.544282078742981 -2.358440637588501
-0.7803246974945068 -0.10472119599580765 -0.6165441870689392 -0.1044490709900856 0.5334662795066833 -0.6259496808052063 -0.5688590407371521 -0.459013968706131 -0.326354056596756 -0.7728003263473511 0.5443093180656433 -2.358379364013672
-0.7803276777267456 -0.10470856726169586 -0.6165425181388855 -0.10446692258119583 0.5334575176239014 -0.6259522438049316 -0.5688644051551819 -0.45911744236946106 -0.3263612389564514 -0.7727999687194824 0.5443055629730225 -2.3583500385284424
-0.7802653908729553 -0.10480249673128128 -0.6166053414344788 -0.10447606444358826 0.5335614681243896 -0.6259286999702454 -0.5687928199768066 -0.45910346508026123 -0.3263401389122009 -0.7728062868118286 0.5443092584609985 -2.358393669128418
-0.780286967754364 -0.10481928288936615 -0.6165751814842224 -0.10449148714542389 0.5335571765899658 -0.6259072422981262 -0.5688204765319824 -0.45922020077705383 -0.32629555463790894 -0.7728214263916016 0.544314444065094 -2.3583672046661377
-0.7802703380584717 -0.10479678958654404 -0.6166000962257385 -0.10445301979780197 0.5335519909858704 -0.6259351372718811 -0.5687946677207947 -0.4591662585735321 -0.326343834400177 -0.7728018760681152 0.5443132519721985 -2.3584370613098145
-0.780281126499176 -0.10483098775148392 -0.616580605506897 -0.10438235849142075 0.533530592918396 -0.6259937882423401 -0.5687501430511475 -0.45918190479278564 -0.3263530433177948 -0.7727497220039368 0.5443817973136902 -2.358553409576416
-0.7802737951278687 -0.10479211807250977 -0.616596519947052 -0.1044045090675354 0.5335155129432678 -0.6260097026824951 -0.56874680519104 -0.45911580324172974 -0.32639527320861816 -0.7727420926094055 0.5443673133850098 -2.3584115505218506
-0.7802754044532776 -0.10487601161003113 -0.6165802478790283 -0.10439547896385193 0.533545196056366 -0.6260132789611816 -0.56871497631073 -0.45906931161880493 -0.3263428807258606 -0.7727277874946594 0.54441899061203 -2.3584084510803223
-0.7803128361701965 -0.10485569387674332 -0.6165363192558289 -0.10439769923686981 0.5335086584091187 -0.6259992718696594 -0.5687646865844727 -0.45917609333992004 -0.3263131082057953 -0.7727419137954712 0.5444167852401733 -2.358384370803833
-0.7803305983543396 -0.10480184853076935 -0.6165229678153992 -0.1044040396809578 0.5334553718566895 -0.6260370016098022 -0.5687732100486755 -0.45905619859695435 -0.32635775208473206 -0.7727186679840088 0.5444230437278748 -2.3584463596343994
-0.7803556323051453 -0.10481695830821991 -0.6164887547492981 -0.10440849512815475 0.5334361791610718 -0.6260417699813843 -0.5687859058380127 -0.4591759145259857 -0.3263293504714966 -0.7727127075195312 0.5444484949111938 -2.3584232330322266
-0.7803993821144104 -0.10479035973548889 -0.6164378523826599 -0.10438359528779984 0.5333653092384338 -0.626089334487915 -0.5688000321388245 -0.45908525586128235 -0.3263404369354248 -0.7726778388023376 0.5444914102554321 -2.3584485054016113
-0.780367374420166 -0.10475845634937286 -0.6164838075637817 -0.10438897460699081 0.5333874821662903 -0.6260773539543152 -0.5687924027442932 -0.45920178294181824 -0.32638078927993774 -0.7726918458938599 0.5444473028182983 -2.358431816101074
-0.7803924083709717 -0.10473024845123291 -0.616456925868988 -0.10438130795955658 0.5333391427993774 -0.6261110305786133 -0.5688006281852722 -0.4591149389743805 -0.32639989256858826 -0.7726683616638184 0.5444691777229309 -2.358452796936035
-0.7804065346717834 -0.10470948368310928 -0.6164425015449524 -0.10438629984855652 0.5333197116851807 -0.6261070370674133 -0.5688232779502869 -0.4592391550540924 -0.3263978362083435 -0.7726744413375854 0.5444617867469788 -2.358433723449707
-0.7803662419319153 -0.10488169640302658 -0.6164643168449402 -0.1044047474861145 0.5334082841873169 -0.6261443495750427 -0.5686991214752197 -0.45913365483283997 -0.32634955644607544 -0.7726207971572876 0.544566810131073 -2.3585124015808105
-0.7802935838699341 -0.10479453206062317 -0.6165710687637329 -0.10439005494117737 0.5334380269050598 -0.6261521577835083 -0.5686626434326172 -0.45906034111976624 -0.3264746367931366 -0.7726263403892517 0.54448401927948 -2.3585643768310547
-0.78030925989151 -0.10478523373603821 -0.6165528297424316 -0.10439684987068176 0.5334233641624451 -0.6261440515518188 -0.5686852931976318 -0.45917123556137085 -0.3264611065387726 -0.7726341485977173 0.5444809794425964 -2.3585541248321533
-0.7803053855895996 -0.10480719804763794 -0.6165540218353271 -0.10446512699127197 0.5334311127662659 -0.6261544227600098 -0.5686666369438171 -0.45907649397850037 -0.326457679271698 -0.77262282371521 0.5444991588592529 -2.358682155609131
-0.780308187007904 -0.10481350123882294 -0.6165493130683899 -0.1044406071305275 0.5334393382072449 -0.6261346340179443 -0.5686807036399841 -0.45912760496139526 -0.3264375329017639 -0.7726379632949829 0.5444897413253784 -2.3585314750671387
-0.7803456783294678 -0.1047990545630455 -0.6165043115615845 -0.10443679988384247 0.5333516597747803 -0.6262469291687012 -0.56863933801651 -0.4590338170528412 -0.326491117477417 -0.7725489139556885 0.5445839762687683 -2.358530044555664
-0.7803739905357361 -0.10484156757593155 -0.6164612770080566 -0.10445115715265274 0.5333492159843445 -0.6262301206588745 -0.5686601400375366 -0.45914381742477417 -0.3264274299144745 -0.7725567817687988 0.5446109771728516 -2.3585119247436523
-0.7803798317909241 -0.10489655286073685 -0.6164445877075195 -0.1044066995382309 0.533362090587616 -0.626237690448761 -0.5686396956443787 -0.4590986371040344 -0.3263925313949585 -0.7725431323051453 0.544651210308075 -2.3585355281829834
-0.780393123626709 -0.10487689077854156 -0.6164310574531555 -0.10441199690103531 0.5333420038223267 -0.6262380480766296 -0.568658173084259 -0.4592152535915375 -0.3263935148715973 -0.772545576095581 0.544647216796875 -2.3585219383239746
-0.7803815007209778 -0.10492026805877686 -0.6164383888244629 -0.10443561524152756 0.5333918929100037 -0.6261852979660034 -0.5686694383621216 -0.4590834379196167 -0.3263397514820099 -0.7725824117660522 0.5446271896362305 -2.3585119247436523
-0.7803811430931091 -0.10490620881319046 -0.6164412498474121 -0.10444676876068115 0.5333895683288574 -0.6261786222457886 -0.5686789155006409 -0.45918959379196167 -0.32634446024894714 -0.7725896835327148 0.5446140170097351 -2.3584988117218018
-0.7803873419761658 -0.10498492419719696 -0.6164199709892273 -0.10438573360443115 0.5333864688873291 -0.6262450218200684 -0.5686087608337402 -0.45907220244407654 -0.3263346254825592 -0.7725252509117126 0.5447113513946533 -2.3585946559906006
-0.7804425358772278 -0.10499727725982666 -0.6163479685783386 -0.1043880358338356 0.5333529710769653 -0.6262152194976807 -0.5686730146408081 -0.4591842591762543 -0.3262574374675751 -0.7725476622581482 0.544725775718689 -2.35858416557312
-0.7803974151611328 -0.10495325177907944 -0.6164126396179199 -0.10438379645347595 0.5333690047264099 -0.6262351870536804 -0.5686360001564026 -0.45910125970840454 -0.32633912563323975 -0.7725375294685364 0.5446912050247192 -2.358566999435425
-0.7803953289985657 -0.1049569845199585 -0.6164146065711975 -0.10438527911901474 0.5333787202835083 -0.626220166683197 -0.5686433911323547 -0.4592147767543793 -0.32632818818092346 -0.7725491523742676 0.5446812510490417 -2.3585562705993652
-0.7803928852081299 -0.10492370277643204 -0.6164233684539795 -0.10437903553247452 0.5333382487297058 -0.6262906193733215 -0.5686037540435791 -0.4591344892978668 -0.3264002203941345 -0.7724965214729309 0.5447127223014832 -2.3585562705993652
-0.7804762125015259 -0.1049804762005806 -0.6163082122802734 -0.10431915521621704 0.5332543253898621 -0.626359760761261 -0.5686063170433044 -0.4591899812221527 -0.32633814215660095 -0.772432804107666 0.5448403358459473 -2.358663558959961
-0.7804269790649414 -0.10490871965885162 -0.6163827776908875 -0.10440148413181305 0.5333328247070312 -0.6262152194976807 -0.5686919093132019 -0.4591079354286194 -0.3263275623321533 -0.7725597620010376 0.5446666479110718 -2.358509063720703
-0.780438244342804 -0.10493019968271255 -0.6163648962974548 -0.10435377061367035 0.5333095192909241 -0.6262655854225159 -0.5686582326889038 -0.4591795802116394 -0.3263387382030487 -0.7725159525871277 0.5447220206260681 -2.358597993850708
-0.7803983092308044 -0.10495727509260178 -0.6164107918739319 -0.1043621376156807 0.5333791971206665 -0.6262128353118896 -0.568651020526886 -0.45916277170181274 -0.3263203203678131 -0.7725550532341003 0.5446775555610657 -2.358492136001587
-0.7803345918655396 -0.10499998182058334 -0.6164841651916504 -0.1043977439403534 0.5334247350692749 -0.6262834668159485 -0.5685304999351501 -0.45908185839653015 -0.32639819383621216 -0.772491991519928 0.5447204113006592 -2.3584718704223633
-0.7803542017936707 -0.10498080402612686 -0.6164627075195312 -0.10439888387918472 0.533397376537323 -0.6262878775596619 -0.5685513615608215 -0.4591953158378601 -0.3263961672782898 -0.7724910378456116 0.5447229743003845 -2.3584578037261963
-0.7803671360015869 -0.10496912896633148 -0.6164482831954956 -0.10435059666633606 0.5333639979362488 -0.6263279318809509 -0.5685385465621948 -0.45912274718284607 -0.32641980051994324 -0.7724601626396179 0.5447525978088379 -2.358527898788452
-0.7803745269775391 -0.10496330261230469 -0.616439938545227 -0.10434859246015549 0.5333563685417175 -0.6263244152069092 -0.5685495734214783 -0.45924004912376404 -0.3264145851135254 -0.7724637985229492 0.5447505712509155 -2.358515739440918
-0.7803692817687988 -0.10496433079242706 -0.616446316242218 -0.10434921830892563 0.5333346724510193 -0.6263880133628845 -0.5684998631477356 -0.45914188027381897 -0.32646241784095764 -0.772412121295929 0.5447952151298523 -2.3585615158081055
-0.7803804278373718 -0.10496643930673599 -0.6164318919181824 -0.10435132682323456 0.5333222150802612 -0.6263952255249023 -0.5685036182403564 -0.4592685103416443 -0.326456218957901 -0.7724059820175171 0.5448076128959656 -2.3585562705993652
-0.780407726764679 -0.10498727858066559 -0.6163937449455261 -0.10433884710073471 0.5333168506622314 -0.6263675689697266 -0.5685391426086426 -0.45918676257133484 -0.32639971375465393 -0.7724255323410034 0.5448136925697327 -2.3586437702178955
-0.7804291844367981 -0.10501901805400848 -0.6163612604141235 -0.10433590412139893 0.533319890499115 -0.6263428330421448 -0.5685634613037109 -0.45931586623191833 -0.3263435363769531 -0.7724412679672241 0.5448250770568848 -2.3586387634277344
-0.7803723812103271 -0.10495977103710175 -0.6164432168006897 -0.1043282225728035 0.5333502888679504 -0.6263401508331299 -0.5685378909111023 -0.45923852920532227 -0.3264295756816864 -0.7724515199661255 0.5447590351104736 -2.3586533069610596
-0.7804053425788879 -0.10500360280275345 -0.61639404296875 -0.1042608916759491 0.5333080291748047 -0.6264086961746216 -0.5685020685195923 -0.459314227104187 -0.326419860124588 -0.7723899483680725 0.544852077960968 -2.358776092529297
-0.7804277539253235 -0.10489695519208908 -0.6163837909698486 -0.10434231907129288 0.5332553386688232 -0.6263859868049622 -0.568576455116272 -0.45923522114753723 -0.3264522850513458 -0.7724228501319885 0.5447859764099121 -2.3586502075195312
-0.780398428440094 -0.1048896536231041 -0.6164222359657288 -0.10442792624235153 0.5333067178726196 -0.6263217926025391 -0.5685990452766418 -0.4591067433357239 -0.3264385163784027 -0.7724759578704834 0.5447189807891846 -2.3585877418518066
-0.7803735733032227 -0.104835145175457 -0.6164629459381104 -0.10441652685403824 0.5333309769630432 -0.6262684464454651 -0.5686350464820862 -0.4589300751686096 -0.3264583945274353 -0.7725265622138977 0.5446352362632751 -2.3585517406463623
-0.7803850769996643 -0.10485119372606277 -0.6164456009864807 -0.10443057119846344 0.5333213806152344 -0.626280665397644 -0.568630576133728 -0.4590165317058563 -0.32644641399383545 -0.7725144624710083 0.5446596145629883 -2.358532190322876
-0.7803632020950317 -0.10478518903255463 -0.616484522819519 -0.10438157618045807 0.5333126187324524 -0.6262883543968201 -0.5686303377151489 -0.4589903950691223 -0.3265130817890167 -0.772517204284668 0.5446157455444336 -2.358527898788452
-0.7803650498390198 -0.10480047017335892 -0.6164795756340027 -0.10438235849142075 0.5333203673362732 -0.6262800097465515 -0.5686322450637817 -0.4590752422809601 -0.3264959156513214 -0.7725219130516052 0.5446193814277649 -2.3585047721862793
-0.7803932428359985 -0.10478302836418152 -0.6164469122886658 -0.10440193116664886 0.533244252204895 -0.62638258934021 -0.5685906410217285 -0.4589754343032837 -0.32655298709869385 -0.7724410891532898 0.5446997880935669 -2.3585329055786133
-0.7803680896759033 -0.1048143282532692 -0.6164734363555908 -0.10440441220998764 0.5332921147346497 -0.6263531446456909 -0.5685781836509705 -0.45907244086265564 -0.3265349864959717 -0.7724606990814209 0.5446827411651611 -2.358520746231079
-0.7803465723991394 -0.10482171177864075 -0.6164994239807129 -0.10439109057188034 0.533318281173706 -0.6263448596000671 -0.5685626864433289 -0.4590188264846802 -0.32654356956481934 -0.7724664211273193 0.544669508934021 -2.3584907054901123
-0.7802820205688477 -0.10487451404333115 -0.6165721416473389 -0.10440372675657272 0.5334118008613586 -0.6263132095336914 -0.5685098767280579 -0.4590754210948944 -0.3265451192855835 -0.7724848985671997 0.5446423292160034 -2.3584952354431152
-0.7802918553352356 -0.1049162894487381 -0.6165525317192078 -0.10443573445081711 0.5334179997444153 -0.6263155341148376 -0.5685014724731445 -0.4590524733066559 -0.326511412858963 -0.772477388381958 0.5446732640266418 -2.358436346054077
-0.7802870869636536 -0.10492412745952606 -0.616557240486145 -0.1044076532125473 0.533428966999054 -0.6263072490692139 -0.5685003399848938 -0.45911580324172974 -0.3265049159526825 -0.7724829912185669 0.5446691513061523 -2.3584940433502197
-0.7802820205688477 -0.10489042848348618 -0.6165693402290344 -0.10444901883602142 0.5334548354148865 -0.626226007938385 -0.5685656070709229 -0.4591005742549896 -0.32647469639778137 -0.7725535035133362 0.5445873141288757 -2.3583285808563232
-0.7803086638450623 -0.10488416999578476 -0.6165367364883423 -0.10441812127828598 0.5334232449531555 -0.6262367963790894 -0.5685833096504211 -0.45915690064430237 -0.32646265625953674 -0.772545576095581 0.5446057915687561 -2.3583779335021973
-0.7802988290786743 -0.10480419546365738 -0.6165627837181091 -0.10444734245538712 0.5333894491195679 -0.6262645721435547 -0.5685844421386719 -0.459077924489975 -0.3265414237976074 -0.7725339531898499 0.544575035572052 -2.358341932296753
-0.7802408933639526 -0.1047685518860817 -0.6166421175003052 -0.10447689890861511 0.5334416031837463 -0.6262346506118774 -0.5685684680938721 -0.4589923620223999 -0.32659462094306946 -0.7725629806518555 0.5445019006729126 -2.3582561016082764
-0.7802571654319763 -0.1047670990228653 -0.6166217923164368 -0.10448760539293289 0.5334395170211792 -0.6262027025222778 -0.5686056017875671 -0.4590860605239868 -0.3265591263771057 -0.7725890874862671 0.5444861650466919 -2.358227014541626
-0.7802794575691223 -0.10474240034818649 -0.6165977716445923 -0.10441992431879044 0.5333980917930603 -0.6262292861938477 -0.568615198135376 -0.45910724997520447 -0.3265734910964966 -0.7725709080696106 0.544503390789032 -2.3583545684814453
-0.7802965641021729 -0.10478637367486954 -0.6165686845779419 -0.10447237640619278 0.5334055423736572 -0.6262149810791016 -0.568623960018158 -0.45912620425224304 -0.32652053236961365 -0.7725765109062195 0.5445271134376526 -2.3583977222442627
-0.7802523970603943 -0.10479122400283813 -0.6166237592697144 -0.10444493591785431 0.5335061550140381 -0.6260776519775391 -0.5686807632446289 -0.45903515815734863 -0.3264616131782532 -0.7726871371269226 0.544405460357666 -2.3582537174224854
-0.7802599668502808 -0.10479506850242615 -0.616613507270813 -0.1044452115893364 0.5334951281547546 -0.6260908246040344 -0.5686765909194946 -0.4591383934020996 -0.3264616131782532 -0.7726759314537048 0.544421374797821 -2.3582282066345215
-0.7803555727005005 -0.1048441082239151 -0.6164841651916504 -0.10434995591640472 0.5333739519119263 -0.6262141466140747 -0.568654477596283 -0.45920586585998535 -0.3264310956001282 -0.7725693583488464 0.544590950012207 -2.358433723449707
-0.780289888381958 -0.1049472838640213 -0.6165497303009033 -0.10439220070838928 0.5334598422050476 -0.626249372959137 -0.5685351490974426 -0.4590606093406677 -0.3264476954936981 -0.7725268006324768 0.5446413159370422 -2.358461856842041
-0.7802593111991882 -0.10478045791387558 -0.6166167855262756 -0.10443206131458282 0.5334283113479614 -0.6262368559837341 -0.5685784816741943 -0.4589601755142212 -0.3265722990036011 -0.7725595831871033 0.5445201396942139 -2.358454704284668
-0.7802717685699463 -0.10478252917528152 -0.616600751876831 -0.10443629324436188 0.5334248542785645 -0.6262198686599731 -0.5686004757881165 -0.45904722809791565 -0.3265482783317566 -0.7725731134414673 0.5445153713226318 -2.358445167541504
-0.7802599668502808 -0.10475423187017441 -0.6166204214096069 -0.10439419001340866 0.5334571003913879 -0.6261430978775024 -0.5686547160148621 -0.4589330554008484 -0.32652369141578674 -0.7726391553878784 0.5444364547729492 -2.3584439754486084
-0.780290961265564 -0.1047331765294075 -0.616584837436676 -0.10439040511846542 0.5334188938140869 -0.6261465549468994 -0.5686867833137512 -0.4590131342411041 -0.3265121281147003 -0.7726392149925232 0.5444432497024536 -2.358433723449707
-0.780332624912262 -0.10484513640403748 -0.6165130734443665 -0.10442967712879181 0.5334471464157104 -0.6260919570922852 -0.5687203407287598 -0.45895180106163025 -0.3263663649559021 -0.7726682424545288 0.5444894433021545 -2.3584516048431396
-0.7803278565406799 -0.10483418405056 -0.6165209412574768 -0.10443422198295593 0.5334482192993164 -0.6260896921157837 -0.5687218308448792 -0.459049254655838 -0.32637596130371094 -0.7726715803146362 0.5444789528846741 -2.3584423065185547
-0.780328631401062 -0.10494766384363174 -0.6165006756782532 -0.10446368902921677 0.5335280299186707 -0.6260036826133728 -0.5687416195869446 -0.45902755856513977 -0.32624363899230957 -0.7727258205413818 0.5444812774658203 -2.358520746231079
-0.7803191542625427 -0.10493756085634232 -0.6165144443511963 -0.10448086261749268 0.5335270762443542 -0.6260175108909607 -0.5687273740768433 -0.45912739634513855 -0.3262679874897003 -0.7727160453796387 0.544480562210083 -2.358510732650757
-0.7803118228912354 -0.10500680655241013 -0.6165118217468262 -0.10447394847869873 0.5336223840713501 -0.625871479511261 -0.5687986612319946 -0.4590398371219635 -0.3261294662952423 -0.7728249430656433 0.5444090366363525 -2.3584554195404053
-0.7803210616111755 -0.10499495267868042 -0.6165022253990173 -0.10448377579450607 0.5335935950279236 -0.625908613204956 -0.568784773349762 -0.45915111899375916 -0.32615458965301514 -0.7727963924407959 0.5444344282150269 -2.3584370613098145
-0.7803322672843933 -0.10512761026620865 -0.6164654493331909 -0.1045195683836937 0.5336585640907288 -0.6258525252342224 -0.568785548210144 -0.45902499556541443 -0.3260214030742645 -0.7728238701820374 0.544475257396698 -2.3583524227142334
-0.7803670763969421 -0.10517454892396927 -0.6164132952690125 -0.10449419915676117 0.5336499810218811 -0.6258399486541748 -0.5688074827194214 -0.4589453339576721 -0.32595202326774597 -0.7728276252746582 0.5445113778114319 -2.3583197593688965
-0.7803581357002258 -0.1051671952009201 -0.6164258718490601 -0.10450153052806854 0.5336641073226929 -0.6258192658424377 -0.5688169598579407 -0.4590354263782501 -0.3259503245353699 -0.7728453874588013 0.5444872379302979 -2.358295440673828
-0.7803791761398315 -0.10525974631309509 -0.61638343334198 -0.10444051027297974 0.53368079662323 -0.6258190274238586 -0.5688015222549438 -0.45894554257392883 -0.32587262988090515 -0.772832989692688 0.5445513725280762 -2.358266592025757
-0.780412495136261 -0.1052481085062027 -0.6163433194160461 -0.10443884879350662 0.5336437225341797 -0.6258234977722168 -0.5688315033912659 -0.4590435326099396 -0.32585370540618896 -0.7728309631347656 0.5445655584335327 -2.358238935470581
-0.7803568840026855 -0.10521278530359268 -0.6164196729660034 -0.10441900789737701 0.533705472946167 -0.6257659792900085 -0.5688367486000061 -0.4590061902999878 -0.3258856236934662 -0.7728822827339172 0.5444735884666443 -2.3582513332366943
-0.7803846001625061 -0.10523704439401627 -0.6163804531097412 -0.10441562533378601 0.5336999893188477 -0.6257407069206238 -0.5688697099685669 -0.45909708738327026 -0.3258282244205475 -0.7728994488716125 0.5444835424423218 -2.3582239151000977
-0.7803704738616943 -0.10530263185501099 -0.6163871884346008 -0.1044342890381813 0.5337384343147278 -0.6257410049438477 -0.5688332915306091 -0.4590621292591095 -0.3257991373538971 -0.7728903293609619 0.5445139408111572 -2.358248472213745
-0.7803723812103271 -0.10534486919641495 -0.6163775324821472 -0.10443469136953354 0.5337672829627991 -0.6257073879241943 -0.5688432455062866 -0.45916205644607544 -0.3257473111152649 -0.7729117274284363 0.544514536857605 -2.3582260608673096
-0.7803218364715576 -0.10520967841148376 -0.6164646148681641 -0.10440093278884888 0.5337622165679932 -0.625705361366272 -0.5688502192497253 -0.459189772605896 -0.32587671279907227 -0.7729318141937256 0.5444086194038391 -2.358114004135132
-0.7803282141685486 -0.10520951449871063 -0.6164565682411194 -0.10439303517341614 0.5337615013122559 -0.6256929039955139 -0.5688645839691162 -0.4593024253845215 -0.3258625864982605 -0.7729418873786926 0.5444027185440063 -2.3580756187438965
-0.7803192138671875 -0.10516469180583954 -0.6164755821228027 -0.10444163531064987 0.5337204933166504 -0.6257684826850891 -0.5688199400901794 -0.4590839147567749 -0.3259512782096863 -0.7728868126869202 0.5444278717041016 -2.3582754135131836
-0.7803467512130737 -0.1051296591758728 -0.6164467334747314 -0.10443704575300217 0.533686101436615 -0.6257573962211609 -0.5688643455505371 -0.4591951072216034 -0.32594162225723267 -0.7729005813598633 0.5444141030311584 -2.3582561016082764
-0.7803642749786377 -0.10515037924051285 -0.6164209842681885 -0.10440724343061447 0.5336522459983826 -0.6258184909820557 -0.5688289403915405 -0.45913705229759216 -0.3259551227092743 -0.7728483080863953 0.5444802641868591 -2.358315944671631
-0.7803229093551636 -0.10515689849853516 -0.6164722442626953 -0.10441334545612335 0.5336767435073853 -0.625856876373291 -0.5687637329101562 -0.45908525586128235 -0.3260140120983124 -0.7728163599967957 0.5444903373718262 -2.3584911823272705
-0.7803328037261963 -0.10515057295560837 -0.6164608597755432 -0.1043829545378685 0.5336730480194092 -0.6258382201194763 -0.568787693977356 -0.4591539204120636 -0.32599642872810364 -0.7728322744369507 0.5444782376289368 -2.3583996295928955
-0.7803393602371216 -0.10503340512514114 -0.6164724826812744 -0.10440843552350998 0.5335934162139893 -0.6259045004844666 -0.5687894821166992 -0.4590740203857422 -0.3261110484600067 -0.7727945446968079 0.5444631576538086 -2.3584468364715576
-0.7803501486778259 -0.10507187247276306 -0.6164522171020508 -0.10441549867391586 0.5336102247238159 -0.6258764863014221 -0.5688045620918274 -0.45917534828186035 -0.32605764269828796 -0.772812008857727 0.5444703698158264 -2.3584401607513428
-0.7803183794021606 -0.1049116775393486 -0.6165197491645813 -0.10444331914186478 0.5335524678230286 -0.6259350180625916 -0.568794310092926 -0.459066778421402 -0.32622817158699036 -0.7727863788604736 0.5444046258926392 -2.3584091663360596
-0.7803402543067932 -0.10490995645523071 -0.6164923906326294 -0.10445910692214966 0.5335369110107422 -0.625922441482544 -0.5688227415084839 -0.45916298031806946 -0.32620128989219666 -0.7727967500686646 0.5444059371948242 -2.35839581489563
-0.7803248167037964 -0.10484019666910172 -0.6165237426757812 -0.10442502796649933 0.5335310697555542 -0.6259056329727173 -0.5688467025756836 -0.4590767025947571 -0.3262477219104767 -0.7728198766708374 0.5443453192710876 -2.358356237411499
-0.7803246974945068 -0.10483963787555695 -0.6165239810943604 -0.10443369299173355 0.5335325598716736 -0.6259018778800964 -0.5688494443893433 -0.459171861410141 -0.32624560594558716 -0.7728229761123657 0.5443421602249146 -2.3583316802978516
-0.7802911996841431 -0.10487889498472214 -0.6165597438812256 -0.10447294265031815 0.5335883498191833 -0.6258791089057922 -0.5688221454620361 -0.45902585983276367 -0.32623445987701416 -0.7728360891342163 0.5443302392959595 -2.358290433883667
-0.7802775502204895 -0.10490099340677261 -0.6165732741355896 -0.10448862612247467 0.5336177945137024 -0.6258596777915955 -0.5688159465789795 -0.45911648869514465 -0.32621902227401733 -0.7728488445281982 0.5443213582038879 -2.3582632541656494
-0.7802706956863403 -0.10490436106920242 -0.616581380367279 -0.1044459417462349 0.533605694770813 -0.6259064674377441 -0.5687758326530457 -0.45905300974845886 -0.32625526189804077 -0.7728104591369629 0.5443541407585144 -2.358259677886963
-0.7803070545196533 -0.10493768751621246 -0.616529643535614 -0.10438763350248337 0.5335540175437927 -0.6259800791740417 -0.5687432885169983 -0.4590829014778137 -0.3262527287006378 -0.7727463245391846 0.5444467067718506 -2.35836124420166
-0.7802788019180298 -0.10500392317771912 -0.6165542006492615 -0.10443197935819626 0.5336350798606873 -0.6259109973907471 -0.5687432885169983 -0.4591083824634552 -0.32618778944015503 -0.7727932929992676 0.5444189310073853 -2.3583152294158936
-0.7802924513816833 -0.10501738637685776 -0.6165345907211304 -0.10443031042814255 0.5336302518844604 -0.6259050369262695 -0.5687543153762817 -0.45901063084602356 -0.32616308331489563 -0.7727962732315063 0.5444295406341553 -2.3583285808563232
-0.7802882194519043 -0.10504639148712158 -0.6165350079536438 -0.10443516075611115 0.5336347222328186 -0.6259303092956543 -0.5687223076820374 -0.45910656452178955 -0.3261657655239105 -0.7727718353271484 0.5444626212120056 -2.3583085536956787
-0.7803204655647278 -0.10490807145833969 -0.6165177226066589 -0.10443555563688278 0.5335652828216553 -0.6258968710899353 -0.568824291229248 -0.45896115899086 -0.32620230317115784 -0.7728177309036255 0.5443755388259888 -2.3582816123962402
-0.7802965044975281 -0.10490208864212036 -0.6165490746498108 -0.10443772375583649 0.5335930585861206 -0.6258777976036072 -0.5688191652297974 -0.45904502272605896 -0.32621410489082336 -0.7728340029716492 0.5443454384803772 -2.3582615852355957
-0.7802858352661133 -0.10497678816318512 -0.6165498495101929 -0.1043744683265686 0.5336071252822876 -0.6259366869926453 -0.5687412023544312 -0.4590383768081665 -0.32621657848358154 -0.772776186466217 0.5444260239601135 -2.3583712577819824
-0.7802742719650269 -0.10496000200510025 -0.6165673732757568 -0.10437043011188507 0.5336190462112427 -0.6259183287620544 -0.568750262260437 -0.4591509997844696 -0.32622480392456055 -0.7727933526039124 0.544396698474884 -2.3583483695983887
-0.7802844643592834 -0.10504726320505142 -0.6165395975112915 -0.10438466817140579 0.5336187481880188 -0.6259771585464478 -0.5686857104301453 -0.45902055501937866 -0.3262008726596832 -0.7727338075637817 0.5444955825805664 -2.3584110736846924
-0.7802960276603699 -0.10503941774368286 -0.6165263056755066 -0.10438515990972519 0.5336155295372009 -0.625952422618866 -0.5687160491943359 -0.45911189913749695 -0.32617855072021484 -0.7727549076080322 0.5444789528846741 -2.3583950996398926
-0.7802882790565491 -0.10507984459400177 -0.6165292263031006 -0.10441738367080688 0.5336247682571411 -0.625984787940979 -0.5686717629432678 -0.45906689763069153 -0.3261820077896118 -0.7727231979370117 0.5445219278335571 -2.3584017753601074
-0.7802884578704834 -0.10506340861320496 -0.6165317893028259 -0.10441873967647552 0.5336052179336548 -0.6260154843330383 -0.5686562657356262 -0.4591643810272217 -0.326213538646698 -0.7727005481719971 0.5445351600646973 -2.358386516571045
-0.7802874445915222 -0.10505122691392899 -0.6165351867675781 -0.104401133954525 0.5336452126502991 -0.6259116530418396 -0.5687329769134521 -0.459079772233963 -0.326150506734848 -0.7727863192558289 0.5444512367248535 -2.3583457469940186
-0.7802925109863281 -0.10507360100746155 -0.6165249347686768 -0.10439849644899368 0.5336212515830994 -0.6259779930114746 -0.5686824917793274 -0.45902180671691895 -0.32617753744125366 -0.7727295756340027 0.5445155501365662 -2.3584699630737305
-0.780267059803009 -0.10515069216489792 -0.6165440678596497 -0.10438007861375809 0.5336999297142029 -0.625918447971344 -0.5686742067337036 -0.4590797424316406 -0.3261098265647888 -0.7727673053741455 0.5445025563240051 -2.3583734035491943
-0.7802855968475342 -0.10504519194364548 -0.6165385246276855 -0.10435755550861359 0.5336015224456787 -0.6260136961936951 -0.5686616897583008 -0.45901498198509216 -0.32622644305229187 -0.7727044820785522 0.5445218682289124 -2.3584680557250977
-0.7803035974502563 -0.10499726235866547 -0.6165239214897156 -0.10435426235198975 0.5335569381713867 -0.6260358095169067 -0.5686792135238647 -0.45910102128982544 -0.32625633478164673 -0.7726930975914001 0.5445200800895691 -2.3584611415863037
-0.7802457213401794 -0.10500410944223404 -0.616595983505249 -0.10437273979187012 0.5336295962333679 -0.625996470451355 -0.5686543583869934 -0.45902153849601746 -0.32627591490745544 -0.7727240324020386 0.5444644689559937 -2.3585214614868164
-0.7802616357803345 -0.10499410331249237 -0.6165775060653687 -0.10437362641096115 0.5336332321166992 -0.625943660736084 -0.5687090158462524 -0.45911529660224915 -0.3262317180633545 -0.7727681994438171 0.544428288936615 -2.3585145473480225
-0.7802644968032837 -0.10490614920854568 -0.6165888905525208 -0.10441859066486359 0.5335380434989929 -0.6260817646980286 -0.5686463117599487 -0.4590359330177307 -0.32638058066368103 -0.7726682424545288 0.5444809198379517 -2.3586177825927734
-0.7802438139915466 -0.10479708760976791 -0.6166335940361023 -0.10438969731330872 0.5335770845413208 -0.6259339451789856 -0.5687724351882935 -0.45908501744270325 -0.32636624574661255 -0.7728027701377869 0.544298529624939 -2.3584885597229004
-0.7803220748901367 -0.10479999333620071 -0.6165341138839722 -0.10434392094612122 0.5335201025009155 -0.6259006261825562 -0.5688624978065491 -0.4591338038444519 -0.3262723386287689 -0.7728293538093567 0.5443171262741089 -2.3585519790649414
-0.7802937626838684 -0.10472966730594635 -0.616581916809082 -0.10439403355121613 0.5335619449615479 -0.6257984638214111 -0.5689356327056885 -0.45905986428260803 -0.3262716233730316 -0.772921621799469 0.544186532497406 -2.35835337638855
-0.7803007960319519 -0.10472793877124786 -0.6165732741355896 -0.10441730916500092 0.533556342124939 -0.6257948279380798 -0.5689449310302734 -0.45900601148605347 -0.3262639343738556 -0.7729248404502869 0.5441865921020508 -2.3583219051361084
-0.7803150415420532 -0.10477428138256073 -0.6165474057197571 -0.10441415011882782 0.5335733294487 -0.6257662177085876 -0.5689604878425598 -0.45909371972084045 -0.3262021243572235 -0.7729417085647583 0.5441996455192566 -2.3582992553710938
-0.7802982330322266 -0.1048453077673912 -0.6165565848350525 -0.10444225370883942 0.5335783362388611 -0.6258565783500671 -0.5688563585281372 -0.45899832248687744 -0.3262341022491455 -0.7728589177131653 0.5442981123924255 -2.358281135559082
-0.7803151607513428 -0.10481974482536316 -0.616539478302002 -0.10444783419370651 0.5335478186607361 -0.6258682608604431 -0.5688720941543579 -0.45908740162849426 -0.32624351978302 -0.772852897644043 0.5443009734153748 -2.35825514793396
-0.7803248763084412 -0.10478941351175308 -0.6165323257446289 -0.10442867875099182 0.5335139632225037 -0.6258992552757263 -0.5688698291778564 -0.4591060280799866 -0.32627561688423157 -0.772831916809082 0.5443114638328552 -2.3583340644836426
-0.7803428173065186 -0.10484030097723007 -0.616500973701477 -0.10441232472658157 0.5335166454315186 -0.6259005665779114 -0.5688657760620117 -0.45916762948036194 -0.3262282907962799 -0.7728239297866821 0.5443512201309204 -2.35825514793396
-0.7803115844726562 -0.10490501672029495 -0.6165295243263245 -0.10444632172584534 0.5335620641708374 -0.6259210705757141 -0.568800687789917 -0.4590393006801605 -0.3262287974357605 -0.7727985978126526 0.5443868637084961 -2.358288526535034
-0.7803220748901367 -0.10491656512022018 -0.616514265537262 -0.10445425659418106 0.5335578918457031 -0.6259186863899231 -0.5688072443008423 -0.4591391086578369 -0.32621052861213684 -0.7727989554405212 0.5443973541259766 -2.358262538909912
-0.7803037166595459 -0.10488264262676239 -0.6165432929992676 -0.10442539304494858 0.5335443615913391 -0.625959575176239 -0.568774938583374 -0.45904749631881714 -0.326276570558548 -0.7727704644203186 0.5443981885910034 -2.358293294906616
-0.7803046703338623 -0.10493224859237671 -0.616533637046814 -0.10439304262399673 0.5335515737533569 -0.6259861588478088 -0.5687388777732849 -0.45912405848503113 -0.326262503862381 -0.7727421522140503 0.5444467663764954 -2.358332872390747
-0.7803101539611816 -0.10497868061065674 -0.6165187954902649 -0.1044287234544754 0.5335723757743835 -0.6259676814079285 -0.568739652633667 -0.4590824246406555 -0.32621535658836365 -0.7727507948875427 0.5444628000259399 -2.358285903930664
-0.7803055644035339 -0.10495330393314362 -0.6165288686752319 -0.10442674905061722 0.5335659980773926 -0.6259692907333374 -0.568743884563446 -0.45917102694511414 -0.32623663544654846 -0.7727529406547546 0.5444470047950745 -2.3582675457000732
-0.7803018689155579 -0.10489793121814728 -0.6165429949760437 -0.10440333932638168 0.5335322618484497 -0.6260063052177429 -0.5687348246574402 -0.45912811160087585 -0.3263007402420044 -0.7727304697036743 0.5444404482841492 -2.358374834060669
-0.7803583741188049 -0.10490666329860687 -0.6164699792861938 -0.1043359786272049 0.5334550142288208 -0.6260738968849182 -0.5687329173088074 -0.4591744542121887 -0.32629191875457764 -0.772674560546875 0.5445250868797302 -2.3584485054016113
-0.7803103923797607 -0.10483108460903168 -0.6165435910224915 -0.10441749542951584 0.5334846377372742 -0.6260387897491455 -0.5687437057495117 -0.45914503931999207 -0.32635825872421265 -0.7727132439613342 0.5444304943084717 -2.3583383560180664
-0.7803463339805603 -0.10482396930456161 -0.6164993047714233 -0.10436206310987473 0.5334196090698242 -0.6261077523231506 -0.5687288045883179 -0.45920825004577637 -0.32637864351272583 -0.7726582884788513 0.5444961786270142 -2.3584163188934326
-0.7803574204444885 -0.10479962080717087 -0.6164894104003906 -0.1044362410902977 0.5334267020225525 -0.6260442733764648 -0.5687920451164246 -0.4591613709926605 -0.32634052634239197 -0.7727130651473999 0.5444413423538208 -2.358276844024658
-0.7803393602371216 -0.10489200800657272 -0.6164965629577637 -0.10445497930049896 0.5334539413452148 -0.626104474067688 -0.5687002539634705 -0.45908454060554504 -0.32633915543556213 -0.772651731967926 0.544529139995575 -2.35833740234375
-0.7803378701210022 -0.10487008094787598 -0.6165022253990173 -0.10445734858512878 0.5334542989730835 -0.6260867118835449 -0.5687194466590881 -0.45918747782707214 -0.32634222507476807 -0.7726691365242004 0.5445026755332947 -2.3583295345306396
-0.7803437113761902 -0.10490874201059341 -0.6164882183074951 -0.10444150120019913 0.5334423184394836 -0.6261378526687622 -0.5686743855476379 -0.45909032225608826 -0.3263477385044098 -0.7726224064826965 0.5445656180381775 -2.3583600521087646
-0.7803753018379211 -0.10488925874233246 -0.6164515614509583 -0.10444466024637222 0.5334042310714722 -0.6261411309242249 -0.5687065124511719 -0.4592002332210541 -0.32633450627326965 -0.7726224064826965 0.5445736050605774 -2.35835337638855
