# 3x4 first row second row third row Freq: 100 current Time: 2021-07-28-17:35:44
-0.24884526431560516 0.6646290421485901 -0.7045169472694397 -0.10621829330921173 0.06613986194133759 -0.7140395641326904 -0.6969740986824036 -0.573718249797821 -0.966282308101654 -0.2200353890657425 0.13372696936130524 -2.4303271770477295
-0.2488388866186142 0.6647047996520996 -0.7044477462768555 -0.10623960196971893 0.06618930399417877 -0.7139548063278198 -0.697056233882904 -0.5737609267234802 -0.9662805199623108 -0.2200816422700882 0.13366344571113586 -2.430267095565796
-0.24892361462116241 0.6646606922149658 -0.7044594287872314 -0.106194406747818 0.06618257611989975 -0.7139808535575867 -0.6970301270484924 -0.5737283229827881 -0.9662591814994812 -0.22013023495674133 0.13373781740665436 -2.430229425430298
-0.2487763911485672 0.6646761298179626 -0.7044969201087952 -0.10621112585067749 0.06614702194929123 -0.7140069007873535 -0.69700688123703 -0.5737320780754089 -0.9662995338439941 -0.2199992537498474 0.13366179168224335 -2.430210590362549
-0.2488068789243698 0.6646499633789062 -0.7045108079910278 -0.10617737472057343 0.06618752330541611 -0.7140166759490967 -0.6969929933547974 -0.5736860632896423 -0.9662889242172241 -0.2200465202331543 0.13366080820560455 -2.4301226139068604
-0.2487773448228836 0.6646651029586792 -0.7045069932937622 -0.10617663711309433 0.06616310030221939 -0.714013934135437 -0.696998119354248 -0.5736924409866333 -0.9662981629371643 -0.22000974416732788 0.13365426659584045 -2.430081367492676
-0.24880239367485046 0.664627194404602 -0.7045338749885559 -0.10618120431900024 0.06628470122814178 -0.7140180468559265 -0.6969823241233826 -0.5736790895462036 -0.96628338098526 -0.2201107293367386 0.13359487056732178 -2.4300272464752197
-0.24879536032676697 0.6646069884300232 -0.7045554518699646 -0.10617399215698242 0.06631211936473846 -0.7140334248542786 -0.6969640254974365 -0.5736780762672424 -0.9662833213806152 -0.22012200951576233 0.13357679545879364 -2.430001974105835
-0.24875408411026 0.6646419763565063 -0.7045369744300842 -0.10618238896131516 0.06623498350381851 -0.7140256762504578 -0.696979284286499 -0.5736826658248901 -0.9662992358207703 -0.22004146873950958 0.1335943341255188 -2.430039167404175
-0.24878324568271637 0.6646173000335693 -0.7045499682426453 -0.10621389001607895 0.06623683124780655 -0.7140430808067322 -0.6969612836837769 -0.5737024545669556 -0.966291606426239 -0.22005948424339294 0.13361990451812744 -2.430079698562622
-0.24880751967430115 0.664642333984375 -0.7045177817344666 -0.10622476786375046 0.06620927900075912 -0.7140191197395325 -0.6969884634017944 -0.5736984610557556 -0.9662872552871704 -0.22006161510944366 0.13364791870117188 -2.430062770843506
-0.24884839355945587 0.664638340473175 -0.7045071125030518 -0.10622294992208481 0.0661974623799324 -0.7140165567398071 -0.6969921588897705 -0.573697030544281 -0.966277539730072 -0.22008199989795685 0.13368459045886993 -2.430058240890503
-0.24888695776462555 0.6645907163619995 -0.7045384049415588 -0.10620476305484772 0.06619343161582947 -0.7140558958053589 -0.6969522833824158 -0.5737108588218689 -0.9662678837776184 -0.22009816765785217 0.13372774422168732 -2.4301207065582275
-0.2489556074142456 0.6645658016204834 -0.7045376300811768 -0.10620889812707901 0.06617675721645355 -0.7140688896179199 -0.696940541267395 -0.5736981630325317 -0.9662513136863708 -0.2201313078403473 0.1337927132844925 -2.43011736869812
-0.24892905354499817 0.6645497679710388 -0.7045621275901794 -0.10619807243347168 0.06615028530359268 -0.71409672498703 -0.696914553642273 -0.5737024545669556 -0.9662600159645081 -0.22008930146694183 0.13379934430122375 -2.430112838745117
-0.24892093241214752 0.6645963191986084 -0.704521119594574 -0.10615014284849167 0.06618135422468185 -0.7140454649925232 -0.6969641447067261 -0.5737389922142029 -0.9662599563598633 -0.22011515498161316 0.13375705480575562 -2.4301400184631348
-0.24893783032894135 0.6645829081535339 -0.7045277953147888 -0.10615352541208267 0.06614520400762558 -0.7140631079673767 -0.6969494223594666 -0.5736860632896423 -0.9662580490112305 -0.22009825706481934 0.13379843533039093 -2.430194616317749
-0.24901063740253448 0.6645615696907043 -0.7045221924781799 -0.1061350405216217 0.06609518080949783 -0.7140792608261108 -0.6969376802444458 -0.5737046003341675 -0.9662427306175232 -0.2201104462146759 0.1338890939950943 -2.4302287101745605
-0.24892239272594452 0.6645833253860474 -0.7045328617095947 -0.1061759665608406 0.06610061973333359 -0.7140763998031616 -0.6969400644302368 -0.5737079977989197 -0.966265082359314 -0.22005409002304077 0.1338203251361847 -2.430187702178955
-0.24889400601387024 0.6645800471305847 -0.7045459747314453 -0.10619641840457916 0.06619972735643387 -0.7140634655952454 -0.6969439387321472 -0.573660671710968 -0.9662656188011169 -0.22010596096515656 0.1337311863899231 -2.430138349533081
-0.24892020225524902 0.6645710468292236 -0.7045451998710632 -0.10619106888771057 0.06620413810014725 -0.714065432548523 -0.6969414949417114 -0.5736560821533203 -0.9662585854530334 -0.2201266586780548 0.13374803960323334 -2.4301326274871826
-0.24889320135116577 0.6645650863647461 -0.704560399055481 -0.1062094122171402 0.06630653142929077 -0.7140541076660156 -0.6969433426856995 -0.5736801624298096 -0.9662585258483887 -0.2201814502477646 0.1336582899093628 -2.430142879486084
-0.2488444745540619 0.6645873188972473 -0.7045565843582153 -0.10625555366277695 0.06632649153470993 -0.7140384912490845 -0.6969574689865112 -0.5737067461013794 -0.9662696719169617 -0.22016480565071106 0.13360486924648285 -2.430194616317749
-0.24882753193378448 0.664560854434967 -0.7045875787734985 -0.10624050348997116 0.0663372054696083 -0.7140660881996155 -0.6969281435012817 -0.5737098455429077 -0.966273307800293 -0.22015531361103058 0.13359427452087402 -2.430206060409546
-0.24890625476837158 0.6645548939704895 -0.7045653462409973 -0.10626071691513062 0.06634505838155746 -0.7140524387359619 -0.6969414353370667 -0.5737318992614746 -0.9662525057792664 -0.2202175408601761 0.1336422562599182 -2.430245876312256
-0.24890081584453583 0.6645230054855347 -0.7045974135398865 -0.10622882097959518 0.06630770117044449 -0.7140937447547913 -0.6969026327133179 -0.5737030506134033 -0.9662564992904663 -0.22017990052700043 0.13367560505867004 -2.430325984954834
-0.24890421330928802 0.6644813418388367 -0.704635500907898 -0.10617915540933609 0.06634452193975449 -0.7141258120536804 -0.6968662738800049 -0.5736972093582153 -0.9662530422210693 -0.22020170092582703 0.1336643099784851 -2.4303040504455566
-0.24886935949325562 0.6644769310951233 -0.7046518921852112 -0.1061716303229332 0.06632661074399948 -0.7141420245170593 -0.6968513131141663 -0.5737218856811523 -0.9662632942199707 -0.22016215324401855 0.13365565240383148 -2.4302756786346436
-0.24885328114032745 0.6645137071609497 -0.7046229243278503 -0.10614175349473953 0.06633871048688889 -0.714106559753418 -0.6968865394592285 -0.5736974477767944 -0.9662665724754333 -0.22016632556915283 0.1336248517036438 -2.4302687644958496
-0.24878384172916412 0.6644836068153381 -0.7046758532524109 -0.10613097995519638 0.06634272634983063 -0.7141510844230652 -0.6968405246734619 -0.5736728310585022 -0.9662842154502869 -0.22011283040046692 0.13358569145202637 -2.4302897453308105
-0.24886515736579895 0.6644628643989563 -0.7046666741371155 -0.1061365008354187 0.06625093519687653 -0.7141741514205933 -0.6968256235122681 -0.573676586151123 -0.9662695527076721 -0.22010047733783722 0.13371185958385468 -2.430204391479492
-0.24886825680732727 0.6644372940063477 -0.7046896815299988 -0.10611296445131302 0.06633614003658295 -0.7141793370246887 -0.6968122124671936 -0.5736279487609863 -0.966262936592102 -0.22016087174415588 0.1336604505777359 -2.4301564693450928
-0.24879229068756104 0.664432942867279 -0.704720675945282 -0.10614928603172302 0.06635979562997818 -0.7141953706741333 -0.6967934966087341 -0.5736194849014282 -0.9662808179855347 -0.22012200951576233 0.13359475135803223 -2.430088996887207
-0.24873273074626923 0.6644641757011414 -0.7047122120857239 -0.1061868965625763 0.06642884761095047 -0.7141621708869934 -0.6968209743499756 -0.5736369490623474 -0.9662914276123047 -0.22013543546199799 0.1334960013628006 -2.4301469326019287
-0.24873751401901245 0.6644706726074219 -0.7047044038772583 -0.10617469251155853 0.06641488522291183 -0.7141578793525696 -0.696826696395874 -0.5736393332481384 -0.9662911891937256 -0.2201298475265503 0.13350719213485718 -2.4301304817199707
-0.24864809215068817 0.6645201444625854 -0.7046893239021301 -0.10617195069789886 0.06645834445953369 -0.7141191959381104 -0.6968622207641602 -0.5736625790596008 -0.9663112163543701 -0.22010597586631775 0.133401557803154 -2.4301328659057617
-0.2486964911222458 0.6645458936691284 -0.704647958278656 -0.10619589686393738 0.06636227667331696 -0.7141047120094299 -0.6968861818313599 -0.5736631751060486 -0.9663053154945374 -0.22007523477077484 0.13349464535713196 -2.430079221725464
-0.2486499845981598 0.6645900011062622 -0.704622745513916 -0.10623247176408768 0.06635888665914536 -0.7140723466873169 -0.6969196796417236 -0.5736956596374512 -0.9663175344467163 -0.22004708647727966 0.13345271348953247 -2.430117607116699
-0.24874724447727203 0.6646169424057007 -0.7045630216598511 -0.10624601691961288 0.06632812321186066 -0.7140307426452637 -0.696965217590332 -0.5737080574035645 -0.9662946462631226 -0.2201005518436432 0.13353046774864197 -2.430081605911255
-0.2487029731273651 0.6646484136581421 -0.7045489549636841 -0.10623160749673843 0.06626146286725998 -0.7140247821807861 -0.6969776749610901 -0.5737292170524597 -0.9663105607032776 -0.22002489864826202 0.1335396021604538 -2.430065870285034
-0.24869538843631744 0.6646401286125183 -0.7045594453811646 -0.10623475164175034 0.06628259271383286 -0.714029848575592 -0.6969704627990723 -0.5737343430519104 -0.9663110971450806 -0.2200334072113037 0.1335219442844391 -2.4300553798675537
-0.24868477880954742 0.6646503806114197 -0.704553484916687 -0.10627363622188568 0.06630443781614304 -0.7140170931816101 -0.6969814300537109 -0.5737529993057251 -0.9663123488426208 -0.22004374861717224 0.1334960013628006 -2.4300763607025146
-0.2487233728170395 0.6646557450294495 -0.7045348286628723 -0.10627298802137375 0.06628157198429108 -0.7140083312988281 -0.6969926357269287 -0.573759913444519 -0.9663039445877075 -0.22005607187747955 0.1335362195968628 -2.430096387863159
-0.24874943494796753 0.6646487712860107 -0.7045322060585022 -0.10630179941654205 0.06617734581232071 -0.7140331268310547 -0.6969770789146423 -0.5737553834915161 -0.9663044214248657 -0.21999678015708923 0.13363073766231537 -2.430077314376831
-0.24873562157154083 0.6646530032157898 -0.7045331001281738 -0.10630974173545837 0.06619943678379059 -0.7140269875526428 -0.6969813108444214 -0.5737571120262146 -0.9663064479827881 -0.22000379860401154 0.13360437750816345 -2.430072546005249
-0.2487608641386032 0.6646738648414612 -0.7045044898986816 -0.10624322295188904 0.06621532887220383 -0.7139970660209656 -0.6970104575157166 -0.5737451314926147 -0.9662988185882568 -0.22003796696662903 0.1336030215024948 -2.4300782680511475
-0.24875931441783905 0.6646353006362915 -0.7045413851737976 -0.10622172802686691 0.06633024662733078 -0.7140094041824341 -0.6969869136810303 -0.5737164616584778 -0.9662913680076599 -0.22011442482471466 0.1335311383008957 -2.4300081729888916
-0.2488439381122589 0.664580225944519 -0.7045634984970093 -0.10619214922189713 0.06624408066272736 -0.7140644192695618 -0.696938693523407 -0.5737155675888062 -0.9662755131721497 -0.22010217607021332 0.13366618752479553 -2.430027484893799
-0.24890835583209991 0.6645984053611755 -0.7045236229896545 -0.10620518773794174 0.06619681417942047 -0.7140427231788635 -0.6969654560089111 -0.573720395565033 -0.96626216173172 -0.22011777758598328 0.1337369829416275 -2.4300854206085205
-0.2488667368888855 0.6645857691764832 -0.7045502066612244 -0.10619746148586273 0.06616491824388504 -0.7140718698501587 -0.6969386339187622 -0.5737010836601257 -0.9662750363349915 -0.22006137669086456 0.13373655080795288 -2.4301061630249023
-0.24884507060050964 0.6645891070365906 -0.7045546770095825 -0.10620232671499252 0.0662124902009964 -0.7140625715255737 -0.6969436407089233 -0.5736839771270752 -0.9662773609161377 -0.22008134424686432 0.13368692994117737 -2.4300949573516846
-0.24884675443172455 0.664561927318573 -0.704579770565033 -0.10619886964559555 0.06621962785720825 -0.7140874862670898 -0.6969174146652222 -0.5736780762672424 -0.9662764668464661 -0.22008268535137177 0.13369138538837433 -2.4300994873046875
-0.24883031845092773 0.6646051406860352 -0.7045447826385498 -0.10622676461935043 0.06618611514568329 -0.7140560150146484 -0.6969528198242188 -0.5737021565437317 -0.9662829637527466 -0.22005410492420197 0.1336912363767624 -2.4301114082336426
-0.24883326888084412 0.6645944714546204 -0.7045538425445557 -0.10622929036617279 0.06621263176202774 -0.7140599489212036 -0.6969463229179382 -0.5736766457557678 -0.9662804007530212 -0.22007381916046143 0.1336774080991745 -2.4300899505615234
-0.248819500207901 0.6645870208740234 -0.704565703868866 -0.10622809827327728 0.06618436425924301 -0.714076817035675 -0.6969317197799683 -0.5736708045005798 -0.9662858843803406 -0.22004146873950958 0.13369104266166687 -2.4300904273986816
-0.24891948699951172 0.6645600199699402 -0.704555869102478 -0.10626751184463501 0.06608490645885468 -0.7141036987304688 -0.6969135999679565 -0.5736716985702515 -0.966266930103302 -0.22003592550754547 0.133837029337883 -2.4300413131713867
-0.24891559779644012 0.6645524501800537 -0.7045643925666809 -0.10627081245183945 0.06608639657497406 -0.7141116857528687 -0.696905255317688 -0.5736647248268127 -0.9662678241729736 -0.22003273665905 0.13383574783802032 -2.4300405979156494
-0.24898913502693176 0.6645666360855103 -0.7045249938964844 -0.10624518990516663 0.06608428061008453 -0.7140815854072571 -0.6969363689422607 -0.5737138986587524 -0.9662490487098694 -0.22008764743804932 0.13388122618198395 -2.4301083087921143
-0.24901185929775238 0.6645524501800537 -0.7045303583145142 -0.10624577105045319 0.06610547751188278 -0.7140856385231018 -0.6969301700592041 -0.5737141370773315 -0.966241717338562 -0.2201172262430191 0.13388530910015106 -2.4301133155822754
-0.2488817423582077 0.6645588874816895 -0.7045702934265137 -0.106266550719738 0.0661083459854126 -0.7141079306602478 -0.6969069838523865 -0.5737116932868958 -0.9662750363349915 -0.2200254499912262 0.1337956339120865 -2.430100679397583
-0.24885646998882294 0.6645670533180237 -0.7045714855194092 -0.10627064853906631 0.06610207259654999 -0.7141069769859314 -0.6969085931777954 -0.5737128853797913 -0.9662820100784302 -0.2200038880109787 0.13378097116947174 -2.4301061630249023
-0.24893003702163696 0.6644995808601379 -0.7046091556549072 -0.10620088130235672 0.06610734760761261 -0.714155912399292 -0.6968579292297363 -0.5737327933311462 -0.966262698173523 -0.22004875540733337 0.13384664058685303 -2.4300436973571777
-0.2489388883113861 0.6644579768180847 -0.7046452164649963 -0.10617608577013016 0.06613843888044357 -0.7141880393028259 -0.6968221068382263 -0.5737565755844116 -0.9662582874298096 -0.22007028758525848 0.13384303450584412 -2.4300475120544434
-0.2489195019006729 0.6645264029502869 -0.7045875787734985 -0.10621173679828644 0.06610601395368576 -0.7141320705413818 -0.6968824863433838 -0.573742151260376 -0.9662654995918274 -0.22004516422748566 0.13383230566978455 -2.430039167404175
-0.24898958206176758 0.6645214557647705 -0.7045674920082092 -0.10622808337211609 0.06607004255056381 -0.7141293883323669 -0.6968886852264404 -0.5737123489379883 -0.9662498831748962 -0.22006885707378387 0.13390590250492096 -2.4301419258117676
-0.24896518886089325 0.6645998358726501 -0.7045021653175354 -0.10624177753925323 0.06595809757709503 -0.7140828967094421 -0.6969469785690308 -0.5737566351890564 -0.9662638306617737 -0.21998319029808044 0.13394612073898315 -2.4301347732543945
-0.24889926612377167 0.664574921131134 -0.7045489549636841 -0.10622067004442215 0.06601431220769882 -0.7141095399856567 -0.6969142556190491 -0.5737612843513489 -0.9662769436836243 -0.21997180581092834 0.1338699758052826 -2.4300405979156494
-0.24886399507522583 0.6645412445068359 -0.7045931816101074 -0.10622217506170273 0.06601759046316147 -0.714150071144104 -0.6968724727630615 -0.5737462639808655 -0.9662858247756958 -0.21994204819202423 0.1338549107313156 -2.430062770843506
-0.2488744705915451 0.6645388603210449 -0.7045917510986328 -0.10620475560426712 0.06608547270298004 -0.7141346335411072 -0.696881890296936 -0.5737642049789429 -0.9662784934043884 -0.21999941766262054 0.13381358981132507 -2.4300522804260254
-0.2488759160041809 0.664584219455719 -0.7045484781265259 -0.10620685666799545 0.06607107818126678 -0.7140926718711853 -0.6969261765480042 -0.5737817883491516 -0.9662790894508362 -0.21999844908714294 0.13381075859069824 -2.430048942565918
-0.2490016222000122 0.6645815968513489 -0.704506516456604 -0.10624958574771881 0.06595898419618607 -0.714092493057251 -0.6969369649887085 -0.573809802532196 -0.9662543535232544 -0.2200070023536682 0.13397514820098877 -2.4301445484161377
-0.24896281957626343 0.6645844578742981 -0.7045175433158875 -0.10625945776700974 0.0659979060292244 -0.7140895128250122 -0.6969363689422607 -0.573830783367157 -0.9662616848945618 -0.22000795602798462 0.13392063975334167 -2.4301531314849854
-0.24889405071735382 0.6645939350128174 -0.7045328617095947 -0.1062556654214859 0.06602504104375839 -0.7140895128250122 -0.6969338059425354 -0.5737174153327942 -0.9662775993347168 -0.21997953951358795 0.13385286927223206 -2.430086374282837
-0.24883243441581726 0.6646198630332947 -0.7045301795005798 -0.10625172406435013 0.06601398438215256 -0.7140802145004272 -0.6969444155693054 -0.5736726522445679 -0.9662941694259644 -0.2199312448501587 0.13381218910217285 -2.4300174713134766
-0.24882912635803223 0.6646133661270142 -0.7045375108718872 -0.10622426122426987 0.06598686426877975 -0.7140935659408569 -0.6969332695007324 -0.5737300515174866 -0.966296911239624 -0.21990753710269928 0.13383160531520844 -2.4300520420074463
-0.24886435270309448 0.6645982265472412 -0.7045392990112305 -0.10621977597475052 0.06600375473499298 -0.71409672498703 -0.6969284415245056 -0.5737389326095581 -0.9662866592407227 -0.21994291245937347 0.13384732604026794 -2.4300382137298584
-0.24878071248531342 0.6646271347999573 -0.7045415639877319 -0.10624821484088898 0.06608551740646362 -0.7140683531761169 -0.6969497203826904 -0.57370924949646 -0.9663026332855225 -0.2199476808309555 0.13372428715229034 -2.4300925731658936
-0.24879635870456696 0.6646217107772827 -0.7045411467552185 -0.10623575001955032 0.06607677042484283 -0.7140722274780273 -0.6969466209411621 -0.5737134218215942 -0.9662991762161255 -0.21995161473751068 0.1337425857782364 -2.4301021099090576
-0.2487623393535614 0.664574146270752 -0.704598069190979 -0.10620450973510742 0.06609725207090378 -0.7141222357749939 -0.6968933939933777 -0.5737510323524475 -0.9663065671920776 -0.21993286907672882 0.1337202787399292 -2.4301230907440186
-0.24877606332302094 0.6645522117614746 -0.7046139240264893 -0.10620934516191483 0.06609691679477692 -0.7141409516334534 -0.6968742609024048 -0.573737382888794 -0.9663030505180359 -0.2199384868144989 0.13373640179634094 -2.4301469326019287
-0.24875345826148987 0.6645570397377014 -0.7046173214912415 -0.10620619356632233 0.06618540734052658 -0.7141211032867432 -0.6968861818313599 -0.5737488865852356 -0.9663028120994568 -0.21998827159404755 0.13365620374679565 -2.430121898651123
-0.24872548878192902 0.6645448803901672 -0.704638659954071 -0.10622560232877731 0.0661432221531868 -0.7141490578651428 -0.6968615651130676 -0.5737481117248535 -0.9663128852844238 -0.2199343591928482 0.13367201387882233 -2.4301018714904785
-0.24877604842185974 0.6645072102546692 -0.7046563625335693 -0.1062200739979744 0.06620615720748901 -0.7141606211662292 -0.6968437433242798 -0.5737479329109192 -0.9662955403327942 -0.2200106680393219 0.13367167115211487 -2.430091142654419
-0.24877965450286865 0.664498507976532 -0.7046632766723633 -0.10621228069067001 0.06617175042629242 -0.7141761779785156 -0.6968310475349426 -0.5737496614456177 -0.9662969708442688 -0.2199862152338028 0.13370156288146973 -2.43009877204895
-0.24882426857948303 0.6644734740257263 -0.7046711444854736 -0.10619384050369263 0.06621988117694855 -0.7141799330711365 -0.6968226432800293 -0.5737530589103699 -0.9662821888923645 -0.2200496643781662 0.1337040364742279 -2.4300894737243652
-0.24877870082855225 0.6644832491874695 -0.7046779990196228 -0.1062045693397522 0.06623232364654541 -0.7141777276992798 -0.6968237161636353 -0.573724627494812 -0.9662930965423584 -0.2200274020433426 0.13366201519966125 -2.4301021099090576
-0.24872630834579468 0.6645322442054749 -0.7046502828598022 -0.10624468326568604 0.06627225875854492 -0.7141320109367371 -0.6968668103218079 -0.5737108588218689 -0.966303825378418 -0.22002790868282318 0.1335834413766861 -2.4300832748413086
-0.24868422746658325 0.6645381450653076 -0.7046595811843872 -0.10627797245979309 0.0662529394030571 -0.7141400575637817 -0.6968604326248169 -0.573682963848114 -0.9663159847259521 -0.2199839949607849 0.13356783986091614 -2.4300856590270996
-0.24873219430446625 0.6645561456680298 -0.70462566614151 -0.10628820955753326 0.06627350300550461 -0.7141066789627075 -0.6968926191329956 -0.573681652545929 -0.966302216053009 -0.22003766894340515 0.13357895612716675 -2.4300754070281982
-0.24871282279491425 0.6644949913024902 -0.704690158367157 -0.10625702887773514 0.06625946611166 -0.7141748070716858 -0.6968241930007935 -0.5737345218658447 -0.9663081765174866 -0.22000154852867126 0.13359542191028595 -2.430046558380127
-0.24867230653762817 0.6645336747169495 -0.7046679854393005 -0.10628610104322433 0.06633231788873672 -0.7141290307044983 -0.696864128112793 -0.5737432241439819 -0.9663136005401611 -0.22003310918807983 0.13350412249565125 -2.430030584335327
-0.24865473806858063 0.6645167469978333 -0.704690158367157 -0.10621586441993713 0.06631489843130112 -0.7141537070274353 -0.6968405246734619 -0.5737370252609253 -0.9663193225860596 -0.22000418603420258 0.13351041078567505 -2.4301044940948486
-0.24864283204078674 0.6645334959030151 -0.7046785950660706 -0.10621412843465805 0.06625973433256149 -0.7141523957252502 -0.6968470811843872 -0.5737335681915283 -0.9663261771202087 -0.2199578881263733 0.133537158370018 -2.4301185607910156
-0.2487451136112213 0.6645294427871704 -0.7046462893486023 -0.10625514388084412 0.06624136120080948 -0.7141375541687012 -0.6968640685081482 -0.5737382173538208 -0.9663011431694031 -0.22001828253269196 0.13361898064613342 -2.430171489715576
-0.2487206608057022 0.6645454168319702 -0.7046398520469666 -0.10626296699047089 0.06622440367937088 -0.7141311168670654 -0.6968722939491272 -0.5737453699111938 -0.96630859375 -0.21999092400074005 0.13361012935638428 -2.430180549621582
-0.24874258041381836 0.6645867228507996 -0.7045931816101074 -0.10627047717571259 0.06616850197315216 -0.7140980958938599 -0.6969113945960999 -0.5737630724906921 -0.966306746006012 -0.21997344493865967 0.1336519718170166 -2.4302167892456055
-0.2487533986568451 0.664553165435791 -0.7046210169792175 -0.10626674443483353 0.06615294516086578 -0.7141323685646057 -0.6968777775764465 -0.573752760887146 -0.9663050174713135 -0.21996350586414337 0.1336807906627655 -2.430257558822632
-0.24867074191570282 0.6645625233650208 -0.7046413421630859 -0.10623779147863388 0.06624707579612732 -0.7141202688217163 -0.6968812346458435 -0.5737289786338806 -0.9663198590278625 -0.21997444331645966 0.1335555762052536 -2.4301815032958984
-0.24871498346328735 0.6645396947860718 -0.7046472430229187 -0.10623190551996231 0.06623053550720215 -0.7141366600990295 -0.696865975856781 -0.5737217664718628 -0.9663096070289612 -0.21999020874500275 0.1336037516593933 -2.4301958084106445
-0.2486308515071869 0.6645365357398987 -0.7046799659729004 -0.10623317956924438 0.06635341793298721 -0.7141307592391968 -0.6968603730201721 -0.57368004322052 -0.9663228392601013 -0.22001893818378448 0.13346076011657715 -2.430142641067505
-0.24861158430576324 0.6645331382751465 -0.7046899199485779 -0.1062198132276535 0.06633482873439789 -0.7141426801681519 -0.6968499422073364 -0.5736698508262634 -0.9663290977478027 -0.21999049186706543 0.13346253335475922 -2.4301512241363525
-0.24861323833465576 0.6645667552947998 -0.7046576142311096 -0.10623066872358322 0.06638146191835403 -0.7140983939170837 -0.6968908309936523 -0.5736691355705261 -0.9663254618644714 -0.22003252804279327 0.13341949880123138 -2.4301724433898926
-0.24865297973155975 0.6646056771278381 -0.7046069502830505 -0.106219582259655 0.06630599498748779 -0.7140681743621826 -0.6969289779663086 -0.5736937522888184 -0.9663203954696655 -0.22001317143440247 0.13348792493343353 -2.4301559925079346
-0.24861766397953033 0.6645963191986084 -0.7046281695365906 -0.10620938241481781 0.06641025096178055 -0.7140616774559021 -0.6969257593154907 -0.5736938714981079 -0.9663223028182983 -0.22006262838840485 0.13339240849018097 -2.430142641067505
-0.24861803650856018 0.6646104454994202 -0.7046146988868713 -0.10621381551027298 0.0664222240447998 -0.7140448689460754 -0.6969418525695801 -0.5736879110336304 -0.9663214087486267 -0.22007443010807037 0.13337960839271545 -2.430126190185547
-0.24857816100120544 0.6646136045455933 -0.7046258449554443 -0.10622446984052658 0.0664035901427269 -0.7140550017356873 -0.6969332098960876 -0.5737128853797913 -0.9663329720497131 -0.22003209590911865 0.13336583971977234 -2.430152177810669
-0.2485583871603012 0.6646357774734497 -0.7046118974685669 -0.10624583810567856 0.06647206097841263 -0.7140218615531921 -0.6969606280326843 -0.5736907720565796 -0.9663333296775818 -0.2200724333524704 0.13329650461673737 -2.430109739303589
-0.24856559932231903 0.6646313071250916 -0.7046135663986206 -0.10626658797264099 0.06645036488771439 -0.7140296697616577 -0.6969547271728516 -0.5737277269363403 -0.9663329720497131 -0.22006084024906158 0.13331830501556396 -2.4300458431243896
-0.24857768416404724 0.6645721197128296 -0.7046651244163513 -0.10623984038829803 0.06648608297109604 -0.7140772938728333 -0.6969024538993835 -0.5736923217773438 -0.9663273692131042 -0.22008486092090607 0.1333189606666565 -2.4299585819244385
-0.2486572414636612 0.6646193861961365 -0.7045924663543701 -0.10624882578849792 0.06630075722932816 -0.7140548825263977 -0.6969431042671204 -0.5737448930740356 -0.9663196802139282 -0.2200150042772293 0.13349021971225739 -2.4300336837768555
-0.24863006174564362 0.6646192073822021 -0.7046022415161133 -0.10622869431972504 0.06634718924760818 -0.7140505909919739 -0.6969431042671204 -0.5737338662147522 -0.9663234949111938 -0.22002941370010376 0.13343891501426697 -2.4299747943878174
-0.24863316118717194 0.6646775007247925 -0.7045461535453796 -0.10621745139360428 0.06628447026014328 -0.7140064835548401 -0.6969942450523376 -0.5737897753715515 -0.9663269519805908 -0.2199963927268982 0.13346798717975616 -2.4299468994140625
-0.248627707362175 0.664740264415741 -0.7044888138771057 -0.10623560100793839 0.0663154125213623 -0.7139385342597961 -0.6970608830451965 -0.5737932324409485 -0.9663262367248535 -0.2200271487236023 0.13342246413230896 -2.4299559593200684
-0.24863101541996002 0.6647411584854126 -0.7044868469238281 -0.10623222589492798 0.06631113588809967 -0.7139379382133484 -0.6970619559288025 -0.573803186416626 -0.9663257002830505 -0.22002658247947693 0.1334274560213089 -2.4299511909484863
-0.24856264889240265 0.6647021770477295 -0.7045477032661438 -0.10622289031744003 0.0663847029209137 -0.7139751315116882 -0.6970168352127075 -0.5737844109535217 -0.9663382172584534 -0.22002357244491577 0.13334156572818756 -2.4300007820129395
-0.248496875166893 0.6647180318832397 -0.7045559883117676 -0.10622195154428482 0.06639537960290909 -0.7139718532562256 -0.6970191597938538 -0.5737593770027161 -0.9663544297218323 -0.21998639404773712 0.13328565657138824 -2.430041551589966
-0.2485099881887436 0.6647253632545471 -0.7045444846153259 -0.10621894150972366 0.06634523719549179 -0.7139730453491211 -0.6970226764678955 -0.5737684369087219 -0.966354489326477 -0.2199603021144867 0.1333281546831131 -2.430043935775757
-0.24848030507564545 0.6646977066993713 -0.7045810222625732 -0.10624220967292786 0.06634805351495743 -0.7140064239501953 -0.6969882249832153 -0.573736846446991 -0.966361939907074 -0.21993546187877655 0.13331522047519684 -2.4300436973571777
-0.24841195344924927 0.6647489070892334 -0.7045568227767944 -0.1062493771314621 0.06635714322328568 -0.7139691114425659 -0.6970255970954895 -0.5737239122390747 -0.9663788676261902 -0.219901904463768 0.13324770331382751 -2.4300262928009033
-0.24841846525669098 0.6647116541862488 -0.7045896053314209 -0.10623602569103241 0.06635644286870956 -0.714004635810852 -0.6969892978668213 -0.5737340450286865 -0.9663772583007812 -0.21989911794662476 0.13326412439346313 -2.4300291538238525
-0.24834975600242615 0.6647081971168518 -0.7046171426773071 -0.10622221976518631 0.06645410507917404 -0.7140013575553894 -0.6969833374023438 -0.5737207531929016 -0.9663882255554199 -0.21992038190364838 0.13314954936504364 -2.4299943447113037
-0.24839335680007935 0.6646820902824402 -0.7046263813972473 -0.10622446984052658 0.06647276878356934 -0.7140130996704102 -0.6969695091247559 -0.5737085342407227 -0.9663757085800171 -0.21996110677719116 0.13317294418811798 -2.4300007820129395
-0.248362734913826 0.6647161245346069 -0.7046051025390625 -0.10625840723514557 0.06649090349674225 -0.7139822244644165 -0.6969994306564331 -0.5737362504005432 -0.9663823246955872 -0.21995855867862701 0.1331290751695633 -2.430037260055542
-0.24839945137500763 0.6647233366966248 -0.7045853734016418 -0.10626909881830215 0.0664617195725441 -0.7139734625816345 -0.6970111727714539 -0.5737288594245911 -0.9663748741149902 -0.21996518969535828 0.13317205011844635 -2.4300384521484375
-0.24837413430213928 0.6647265553474426 -0.7045912742614746 -0.10627241432666779 0.06651803851127625 -0.7139631509780884 -0.6970163583755493 -0.5737079381942749 -0.9663775563240051 -0.2199888974428177 0.13311375677585602 -2.4300105571746826
-0.24842004477977753 0.6646913886070251 -0.7046082019805908 -0.10627887398004532 0.06651965528726578 -0.7139871716499329 -0.6969916224479675 -0.5737094879150391 -0.96636563539505 -0.22001701593399048 0.1331537663936615 -2.430006742477417
-0.2484607845544815 0.6646988391876221 -0.7045868635177612 -0.10628870129585266 0.06653918325901031 -0.7139662504196167 -0.6970112323760986 -0.5737185478210449 -0.9663537740707397 -0.22006262838840485 0.133164182305336 -2.430000066757202
-0.24841995537281036 0.66469407081604 -0.704605758190155 -0.10628946125507355 0.06652723997831345 -0.713982880115509 -0.6969953179359436 -0.5737488865852356 -0.9663650989532471 -0.220023050904274 0.13314741849899292 -2.429988384246826
-0.2485126554965973 0.664672315120697 -0.7045935988426208 -0.1062793880701065 0.06643306463956833 -0.7140049338340759 -0.69698166847229 -0.5737276673316956 -0.9663477540016174 -0.22001710534095764 0.13328313827514648 -2.4299423694610596
-0.24855239689350128 0.6646740436553955 -0.7045778632164001 -0.10624565929174423 0.06647787243127823 -0.7139840722084045 -0.6969988346099854 -0.5737601518630981 -0.9663344621658325 -0.22007960081100464 0.13327641785144806 -2.4299817085266113
-0.2485775649547577 0.6646718978881836 -0.7045710682868958 -0.10625891387462616 0.06644013524055481 -0.7139891386032104 -0.6969972252845764 -0.573765218257904 -0.9663305878639221 -0.22006970643997192 0.1333208531141281 -2.429971933364868
-0.24858064949512482 0.664656937122345 -0.7045840620994568 -0.10626468062400818 0.06645184755325317 -0.7140005826950073 -0.6969843506813049 -0.5737790465354919 -0.9663289785385132 -0.220077782869339 0.13331912457942963 -2.4299678802490234
-0.24863676726818085 0.6646057963371277 -0.7046125531196594 -0.10625478625297546 0.0664842501282692 -0.7140311002731323 -0.6969499588012695 -0.5737324357032776 -0.9663123488426208 -0.22013306617736816 0.13334865868091583 -2.429896354675293
-0.2487383782863617 0.6646121144294739 -0.7045707106590271 -0.10622507333755493 0.06643719971179962 -0.7140126824378967 -0.6969733238220215 -0.57378089427948 -0.9662894010543823 -0.22017376124858856 0.13344746828079224 -2.4299488067626953
-0.24869921803474426 0.6646196842193604 -0.7045773863792419 -0.10620959848165512 0.06645189225673676 -0.7140106558799744 -0.6969740390777588 -0.5737842321395874 -0.9662984609603882 -0.2201574295759201 0.13340874016284943 -2.429969549179077
-0.24874527752399445 0.6645956039428711 -0.7045838236808777 -0.10617858916521072 0.06645606458187103 -0.7140231132507324 -0.6969608664512634 -0.5737892985343933 -0.9662863612174988 -0.22018963098526 0.13344354927539825 -2.429971218109131
-0.2487563192844391 0.6645737886428833 -0.7046005129814148 -0.10618509352207184 0.06642729789018631 -0.7140488028526306 -0.6969373226165771 -0.5737622380256653 -0.9662854671478271 -0.22017230093479156 0.13347838819026947 -2.4300014972686768
-0.24872267246246338 0.6646044850349426 -0.704583466053009 -0.10619919747114182 0.06650117039680481 -0.7140092253684998 -0.6969708204269409 -0.5738036036491394 -0.9662890434265137 -0.22020810842514038 0.13339337706565857 -2.430036783218384
-0.24873602390289307 0.6646119952201843 -0.7045716047286987 -0.10621677339076996 0.06642130017280579 -0.7140169143676758 -0.696970522403717 -0.5737727284431458 -0.9662911295890808 -0.22016027569770813 0.13345742225646973 -2.430058479309082
-0.24877555668354034 0.6645744442939758 -0.7045930624008179 -0.10623277723789215 0.06641864776611328 -0.7140457630157471 -0.6969411969184875 -0.5737385749816895 -0.9662811160087585 -0.22018009424209595 0.13349708914756775 -2.430015802383423
-0.24871450662612915 0.664607584476471 -0.7045833468437195 -0.10623545199632645 0.0664224848151207 -0.7140258550643921 -0.6969612240791321 -0.5737259984016418 -0.9662965536117554 -0.220144584774971 0.13344378769397736 -2.4300284385681152
-0.24868346750736237 0.6646038889884949 -0.7045978307723999 -0.10623221844434738 0.06644387543201447 -0.7140316367149353 -0.696953296661377 -0.5736823678016663 -0.9663031101226807 -0.22013700008392334 0.13340909779071808 -2.430001974105835
-0.24867378175258636 0.6645674109458923 -0.7046356201171875 -0.10621466487646103 0.06636950373649597 -0.7140868306159973 -0.6969038248062134 -0.5736733078956604 -0.9663106799125671 -0.2200680524110794 0.13346774876117706 -2.430039405822754
-0.24875330924987793 0.6645362377166748 -0.7046369910240173 -0.1061774417757988 0.06640618294477463 -0.714091420173645 -0.6968955993652344 -0.5736964344978333 -0.9662876725196838 -0.22014737129211426 0.13350337743759155 -2.4300923347473145
-0.24860887229442596 0.6645815372467041 -0.7046452164649963 -0.10618976503610611 0.0664643943309784 -0.7140659093856812 -0.6969162225723267 -0.5737076997756958 -0.9663208723068237 -0.22009341418743134 0.13335219025611877 -2.4300942420959473
-0.24862028658390045 0.6645825505256653 -0.70464026927948 -0.1062016412615776 0.06643078476190567 -0.7140700221061707 -0.6969152092933655 -0.5737326145172119 -0.9663202166557312 -0.22007711231708527 0.1333836317062378 -2.430047035217285
-0.24851277470588684 0.6646170616149902 -0.7046456336975098 -0.10622528195381165 0.06648240238428116 -0.7140483260154724 -0.6969324946403503 -0.5737370848655701 -0.9663443565368652 -0.22004319727420807 0.13326488435268402 -2.430077075958252
-0.24850282073020935 0.664613664150238 -0.7046523094177246 -0.10622698813676834 0.06648508459329605 -0.7140533328056335 -0.6969271898269653 -0.5737449526786804 -0.9663467407226562 -0.2200372815132141 0.1332574486732483 -2.4300825595855713
-0.248466357588768 0.6645811796188354 -0.7046958208084106 -0.10626636445522308 0.06655454635620117 -0.7140778303146362 -0.6968954205513 -0.5737532377243042 -0.966351330280304 -0.22005581855773926 0.1331935077905655 -2.4300379753112793
-0.24844351410865784 0.664594292640686 -0.7046915292739868 -0.10627119988203049 0.06660115718841553 -0.7140593528747559 -0.6969098448753357 -0.5737622976303101 -0.9663539528846741 -0.2200760394334793 0.13314074277877808 -2.430037260055542
-0.24851326644420624 0.6645638346672058 -0.7046957015991211 -0.10628321021795273 0.06656113266944885 -0.7140829563140869 -0.6968895196914673 -0.5737449526786804 -0.9663388133049011 -0.22009167075157166 0.13322505354881287 -2.4301257133483887
-0.24850742518901825 0.6645414233207703 -0.704718828201294 -0.10626828670501709 0.06652281433343887 -0.7141151428222656 -0.6968601942062378 -0.5737485885620117 -0.9663429260253906 -0.22005484998226166 0.13325582444667816 -2.430145025253296
-0.2485070675611496 0.6645688414573669 -0.704693078994751 -0.10623303800821304 0.06648138910531998 -0.7140974998474121 -0.6968822479248047 -0.5737239718437195 -0.9663459062576294 -0.22002917528152466 0.13327689468860626 -2.430062770843506
-0.2484840452671051 0.6646044850349426 -0.7046676278114319 -0.10623046010732651 0.06642621755599976 -0.7140800356864929 -0.6969054341316223 -0.573737382888794 -0.9663556218147278 -0.21997831761837006 0.13329041004180908 -2.4300503730773926
-0.24841521680355072 0.6646360754966736 -0.7046620845794678 -0.10621131956577301 0.0664701908826828 -0.71405428647995 -0.6969276070594788 -0.5737170577049255 -0.9663702845573425 -0.21996647119522095 0.13320353627204895 -2.4300036430358887
-0.24841125309467316 0.664609432220459 -0.7046886086463928 -0.10617708414793015 0.06647651642560959 -0.7140800952911377 -0.6969005465507507 -0.5736997127532959 -0.9663708806037903 -0.2199632227420807 0.13320468366146088 -2.43002986907959
-0.24836613237857819 0.6646274328231812 -0.7046875953674316 -0.1061822921037674 0.0664890706539154 -0.7140696048736572 -0.6969100832939148 -0.5737211108207703 -0.9663816094398499 -0.21994292736053467 0.1331603229045868 -2.4300625324249268
-0.24844159185886383 0.6647287011146545 -0.7045654058456421 -0.10627679526805878 0.06630365550518036 -0.7139946222305298 -0.6970045566558838 -0.5737878680229187 -0.966374933719635 -0.21988022327423096 0.13331210613250732 -2.430074691772461
-0.24852168560028076 0.6646915674209595 -0.7045722007751465 -0.10627160221338272 0.06637338548898697 -0.7139974236488342 -0.6969950795173645 -0.5737955570220947 -0.9663495421409607 -0.2199832648038864 0.13332608342170715 -2.4300758838653564
-0.24864503741264343 0.6646788716316223 -0.7045406699180603 -0.10624264180660248 0.06626054644584656 -0.7140079140663147 -0.6969950199127197 -0.5737704634666443 -0.966325581073761 -0.2199876457452774 0.1334926337003708 -2.430058479309082
-0.24864032864570618 0.6646677851676941 -0.7045527696609497 -0.10624760389328003 0.0662376657128334 -0.7140251398086548 -0.6969795823097229 -0.57377028465271 -0.9663283228874207 -0.21996520459651947 0.13350948691368103 -2.4300713539123535
-0.248679980635643 0.664668619632721 -0.7045380473136902 -0.10620833933353424 0.06621348112821579 -0.7140209078788757 -0.696986198425293 -0.5737959742546082 -0.9663197994232178 -0.21997646987438202 0.13355275988578796 -2.4300601482391357
-0.24869735538959503 0.6647064089775085 -0.7044962048530579 -0.10622648894786835 0.06616547703742981 -0.7139905095100403 -0.6970219016075134 -0.573829710483551 -0.9663186073303223 -0.21996086835861206 0.13358701765537262 -2.4300215244293213
-0.24875898659229279 0.6646735668182373 -0.704505443572998 -0.10620959848165512 0.06613760441541672 -0.7140154838562012 -0.6969989538192749 -0.5738445520401001 -0.9663046598434448 -0.21997909247875214 0.13365793228149414 -2.4300060272216797
-0.24876336753368378 0.664628267288208 -0.7045466303825378 -0.10621998459100723 0.06610913574695587 -0.7140657901763916 -0.6969501376152039 -0.5738143920898438 -0.9663054943084717 -0.21995267271995544 0.13369548320770264 -2.430046319961548
-0.24883460998535156 0.664629340171814 -0.7045204639434814 -0.10623476654291153 0.06611103564500809 -0.7140482664108276 -0.6969678997993469 -0.5738081932067871 -0.9662870168685913 -0.22000634670257568 0.13374066352844238 -2.430061101913452
