# 3x4 first row second row third row Freq: 100 current Time: 2021-07-28-17:36:27
0.11037300527095795 0.7537545561790466 -0.6478208303451538 0.3440525531768799 0.05625500902533531 -0.6554960012435913 -0.7531003952026367 -0.5841041207313538 -0.9922968745231628 0.04667876288294792 -0.11475148051977158 -2.2820088863372803
0.1104150116443634 0.7537385821342468 -0.6478322744369507 0.34405726194381714 0.05629115551710129 -0.6555140018463135 -0.7530820369720459 -0.5841990113258362 -0.9922901391983032 0.04668430611491203 -0.11480734497308731 -2.2820627689361572
0.11041199415922165 0.7537593245506287 -0.6478086113929749 0.34404170513153076 0.05629141628742218 -0.6554901003837585 -0.7531028389930725 -0.5841712951660156 -0.9922904968261719 0.04668549820780754 -0.11480408906936646 -2.2820546627044678
0.11045441776514053 0.7536841630935669 -0.6478887796401978 0.3440912961959839 0.056191809475421906 -0.655570387840271 -0.7530403733253479 -0.5841495394706726 -0.9922913908958435 0.04677056893706322 -0.11476147174835205 -2.2821919918060303
0.1104733794927597 0.7536692023277283 -0.6479029655456543 0.3440859913825989 0.05625089257955551 -0.6555895209312439 -0.7530192732810974 -0.5841118693351746 -0.992285966873169 0.04674343764781952 -0.11481969803571701 -2.2821991443634033
0.11046947538852692 0.7537215352058411 -0.6478427648544312 0.34406498074531555 0.056274354457855225 -0.6555300354957581 -0.7530693411827087 -0.58414626121521 -0.9922850728034973 0.04673421382904053 -0.11483119428157806 -2.2821030616760254
0.11051519960165024 0.7537133097648621 -0.6478445529937744 0.34405648708343506 0.05624374747276306 -0.6555356979370117 -0.7530667185783386 -0.5841104388237 -0.9922816753387451 0.046788088977336884 -0.11483826488256454 -2.2820959091186523
0.11045651882886887 0.753735363483429 -0.6478288769721985 0.3440376818180084 0.05616211146116257 -0.6555094122886658 -0.7530956864356995 -0.5842179656028748 -0.9922928810119629 0.04680086299777031 -0.11473660171031952 -2.2820818424224854
0.11048596352338791 0.753683865070343 -0.6478837728500366 0.3440609276294708 0.0561644546687603 -0.6555677652359009 -0.7530447244644165 -0.5841506719589233 -0.9922894239425659 0.04681280627846718 -0.11476121842861176 -2.2821085453033447
0.11045078188180923 0.7536488771438599 -0.6479305028915405 0.34405529499053955 0.05613332986831665 -0.6556088924407959 -0.7530112266540527 -0.5841928124427795 -0.9922951459884644 0.0468001551926136 -0.1147172749042511 -2.282179832458496
0.11045927554368973 0.7536944150924683 -0.6478760838508606 0.3440111577510834 0.05617215856909752 -0.6555573344230652 -0.7530532479286194 -0.5842052102088928 -0.9922919869422913 0.04678908735513687 -0.11474896967411041 -2.282125234603882
0.11045265942811966 0.7537292838096619 -0.6478366255760193 0.3440156579017639 0.05615026131272316 -0.6555160880088806 -0.7530907392501831 -0.5841243863105774 -0.9922939538955688 0.046804655343294144 -0.11472553759813309 -2.2820584774017334
0.11053656041622162 0.7538061738014221 -0.6477328538894653 0.34403589367866516 0.05609596148133278 -0.6554195284843445 -0.7531788349151611 -0.5841448307037354 -0.9922876954078674 0.04691857844591141 -0.1147332489490509 -2.282090425491333
0.11054540425539017 0.7537854909896851 -0.6477554440498352 0.3440180718898773 0.056081704795360565 -0.6554424166679382 -0.7531599402427673 -0.5841010212898254 -0.9922875165939331 0.04693111404776573 -0.11472966521978378 -2.2820801734924316
0.11051075905561447 0.7537944912910461 -0.6477508544921875 0.3440473973751068 0.056065622717142105 -0.6554331183433533 -0.7531692385673523 -0.5840810537338257 -0.9922922849655151 0.046916719526052475 -0.11469431221485138 -2.282132863998413
0.11050266027450562 0.7538051009178162 -0.6477398872375488 0.34403300285339355 0.05607498064637184 -0.6554216742515564 -0.7531785368919373 -0.5840373039245605 -0.9922926425933838 0.04690620303153992 -0.11469538509845734 -2.2821247577667236
0.11053819954395294 0.7537783980369568 -0.6477649211883545 0.3440497815608978 0.05606421083211899 -0.6554502844810486 -0.753154456615448 -0.5841649770736694 -0.9922893047332764 0.046935874968767166 -0.11471222341060638 -2.282202959060669
0.11050409823656082 0.7537659406661987 -0.6477852463722229 0.3440377414226532 0.056034792214632034 -0.6554652452468872 -0.7531436085700989 -0.5841377973556519 -0.9922947287559509 0.046926915645599365 -0.11466865241527557 -2.2822017669677734
0.11064358800649643 0.753815233707428 -0.6477040648460388 0.34402894973754883 0.056011755019426346 -0.6553991436958313 -0.7532028555870056 -0.5841279029846191 -0.9922804832458496 0.047057997435331345 -0.11473816633224487 -2.282132625579834
0.11064081639051437 0.753801167011261 -0.6477208733558655 0.3440163731575012 0.05601109191775322 -0.6554155945777893 -0.7531885504722595 -0.58409184217453 -0.9922808408737183 0.04705381393432617 -0.1147368848323822 -2.282127857208252
0.11065184324979782 0.7538392543792725 -0.6476746201515198 0.34402915835380554 0.05599149689078331 -0.655369758605957 -0.7532299160957336 -0.5840751528739929 -0.9922807216644287 0.047081977128982544 -0.11472640186548233 -2.2819576263427734
0.11066384613513947 0.7538647055625916 -0.6476430296897888 0.34410297870635986 0.05597028508782387 -0.6553385257720947 -0.7532586455345154 -0.5841686129570007 -0.9922806024551392 0.04710971191525459 -0.11471624672412872 -2.2821264266967773
0.1106828972697258 0.7538757920265198 -0.6476268172264099 0.34409835934638977 0.05595654249191284 -0.65532386302948 -0.7532724142074585 -0.5841301083564758 -0.9922792315483093 0.04713539034128189 -0.11471737176179886 -2.2821269035339355
0.11066395789384842 0.753870964050293 -0.6476356387138367 0.34408897161483765 0.055947445333004 -0.6553301215171814 -0.7532677054405212 -0.5841547846794128 -0.9922818541526794 0.04712599515914917 -0.11469852179288864 -2.282168388366699
0.11068588495254517 0.7538712620735168 -0.6476315855979919 0.3440779447555542 0.05594506114721298 -0.6553284525871277 -0.7532693147659302 -0.5841143727302551 -0.9922795295715332 0.047144465148448944 -0.11471092700958252 -2.282172918319702
0.1106514111161232 0.7539058923721313 -0.6475971937179565 0.3440663516521454 0.0559055469930172 -0.6552882194519043 -0.7533072233200073 -0.5841810703277588 -0.9922856092453003 0.047150205820798874 -0.11465603113174438 -2.282167434692383
0.11067178845405579 0.7538769841194153 -0.6476273536682129 0.34404808282852173 0.05592063441872597 -0.6553214192390442 -0.7532772421836853 -0.5841434597969055 -0.992282509803772 0.04715077951550484 -0.11468281596899033 -2.282170534133911
0.11072085797786713 0.7539491057395935 -0.6475350260734558 0.3440502882003784 0.05584289878606796 -0.6552311182022095 -0.7533615231513977 -0.5841119885444641 -0.992281436920166 0.04725257679820061 -0.11465039849281311 -2.2821102142333984
0.11073711514472961 0.7539384961128235 -0.6475445628166199 0.3440326452255249 0.055883001536130905 -0.6552444696426392 -0.7533469796180725 -0.5840654373168945 -0.9922773241996765 0.04723671078681946 -0.11469217389822006 -2.2821028232574463
0.11067359894514084 0.7538654804229736 -0.6476404070854187 0.34407803416252136 0.05593711882829666 -0.6553354263305664 -0.7532637715339661 -0.5841373205184937 -0.9922813773155212 0.047139253467321396 -0.11469733715057373 -2.282195806503296
0.11067478358745575 0.7538910508155823 -0.6476104259490967 0.3440619111061096 0.055943794548511505 -0.6553059816360474 -0.7532889246940613 -0.5840970277786255 -0.9922808408737183 0.04714027792215347 -0.11470131576061249 -2.2821948528289795
0.1107306256890297 0.753875195980072 -0.647619366645813 0.34408795833587646 0.05592121556401253 -0.6553202867507935 -0.7532781958580017 -0.5841794610023499 -0.9922758936882019 0.047195274382829666 -0.11472158133983612 -2.282254934310913
0.1106940507888794 0.75394606590271 -0.6475431323051453 0.3440935015678406 0.05591003596782684 -0.6552393436431885 -0.7533494234085083 -0.5841565728187561 -0.9922806024551392 0.04718710854649544 -0.11468419432640076 -2.2821872234344482
0.11069939285516739 0.7539466023445129 -0.6475415825843811 0.3440777659416199 0.05593261867761612 -0.655239462852478 -0.753347635269165 -0.5841166377067566 -0.9922787547111511 0.04717639833688736 -0.11470476537942886 -2.282181739807129
0.1105903834104538 0.753914475440979 -0.64759761095047 0.34407946467399597 0.05590900778770447 -0.6552817821502686 -0.7533125877380371 -0.5840606093406677 -0.9922922253608704 0.047102563083171844 -0.11461842060089111 -2.2820873260498047
0.11059316247701645 0.7539283037185669 -0.6475810408592224 0.34406277537345886 0.05594845488667488 -0.6552674174308777 -0.7533221244812012 -0.5840116739273071 -0.9922897219657898 0.04708109050989151 -0.11464916169643402 -2.2820749282836914
0.1106351912021637 0.7540057301521301 -0.6474837064743042 0.34403038024902344 0.05590371415019035 -0.6551728844642639 -0.7534077167510986 -0.5840896368026733 -0.9922875165939331 0.04715663567185402 -0.11463683843612671 -2.2821028232574463
0.11063700169324875 0.75400710105896 -0.6474817991256714 0.34400707483291626 0.05593716725707054 -0.6551727652549744 -0.7534053325653076 -0.5840457677841187 -0.992285430431366 0.047136180102825165 -0.11466331779956818 -2.2820940017700195
0.11065175384283066 0.7539839148521423 -0.6475062966346741 0.34400179982185364 0.05600035935640335 -0.6552019715309143 -0.753375232219696 -0.5841389298439026 -0.9922802448272705 0.04710167646408081 -0.11472255736589432 -2.282132625579834
0.1106705293059349 0.7539729475975037 -0.6475158333778381 0.3439783751964569 0.05598932504653931 -0.6552131175994873 -0.7533663511276245 -0.5841115713119507 -0.9922787547111511 0.047121450304985046 -0.11472716927528381 -2.282127618789673
0.1106630191206932 0.7539480328559875 -0.6475461721420288 0.3440026044845581 0.05601964518427849 -0.655243992805481 -0.7533372044563293 -0.5841516256332397 -0.9922779202461243 0.04709123820066452 -0.11474712193012238 -2.282212734222412
0.11068098992109299 0.7539545893669128 -0.6475354433059692 0.3440229296684265 0.0560448057949543 -0.655236542224884 -0.7533418536186218 -0.5841872096061707 -0.9922744631767273 0.0470895953476429 -0.11477740854024887 -2.282294750213623
0.1106533333659172 0.7539292573928833 -0.6475696563720703 0.3440346121788025 0.056072451174259186 -0.6552688479423523 -0.7533116936683655 -0.5841794013977051 -0.9922760128974915 0.04704559966921806 -0.11478228867053986 -2.2821977138519287
0.11065459996461868 0.7539648413658142 -0.6475279927253723 0.3440753221511841 0.05603848397731781 -0.6552257537841797 -0.7533516883850098 -0.5841633081436157 -0.9922778010368347 0.047075316309928894 -0.11475473642349243 -2.2822165489196777
0.11065793037414551 0.7539470791816711 -0.6475480794906616 0.3440711796283722 0.05606305971741676 -0.6552473902702332 -0.7533310651779175 -0.5841329097747803 -0.9922760128974915 0.04705849662423134 -0.1147768422961235 -2.2822139263153076
0.11054667830467224 0.7538818120956421 -0.6476430892944336 0.3440941572189331 0.05607164651155472 -0.6553298830986023 -0.7532586455345154 -0.5841578245162964 -0.9922879338264465 0.04695580154657364 -0.11471587419509888 -2.282273054122925
0.11057307571172714 0.7538612484931946 -0.6476625204086304 0.34409233927726746 0.05609831213951111 -0.6553536057472229 -0.7532359957695007 -0.5841280221939087 -0.9922834634780884 0.046954818069934845 -0.11475475132465363 -2.2822744846343994
0.11055167764425278 0.7539641261100769 -0.6475464105606079 0.34406983852386475 0.05610637739300728 -0.6552354693412781 -0.7533381581306458 -0.584123969078064 -0.992285430431366 0.0469512864947319 -0.11473952233791351 -2.2821550369262695
0.11054036766290665 0.7539523243904114 -0.6475620865821838 0.3440595269203186 0.05609484389424324 -0.655249297618866 -0.7533270716667175 -0.5840900540351868 -0.9922873377799988 0.046948131173849106 -0.11472427845001221 -2.282144784927368
0.11044187098741531 0.7538812160491943 -0.6476616859436035 0.3440672755241394 0.05604976788163185 -0.6553353071212769 -0.7532555460929871 -0.5841403603553772 -0.992300808429718 0.04688963666558266 -0.11463126540184021 -2.2822792530059814
0.1104351282119751 0.7538784742355347 -0.6476659774780273 0.3440534174442291 0.056064244359731674 -0.6553395390510559 -0.7532508373260498 -0.5841120481491089 -0.9923007488250732 0.04687441512942314 -0.1146380752325058 -2.2822797298431396
0.11052577942609787 0.7539365887641907 -0.6475828886032104 0.34404465556144714 0.056028299033641815 -0.6552652716636658 -0.7533180713653564 -0.5841212868690491 -0.9922927021980286 0.046978071331977844 -0.1146654337644577 -2.2822036743164062
0.11050692945718765 0.7539137005805969 -0.6476127505302429 0.34402233362197876 0.0560510978102684 -0.6552940011024475 -0.7532914280891418 -0.5840893983840942 -0.9922935366630554 0.04694448411464691 -0.11467216163873672 -2.282195806503296
0.11056186258792877 0.753925621509552 -0.6475894451141357 0.34404414892196655 0.056027717888355255 -0.6552759408950806 -0.7533088326454163 -0.5841325521469116 -0.9922887086868286 0.04700423777103424 -0.11468920856714249 -2.282240152359009
0.11054828017950058 0.7539165616035461 -0.647602379322052 0.3440213203430176 0.056019797921180725 -0.6552869081497192 -0.7532998919487 -0.584102213382721 -0.9922906756401062 0.046997424215078354 -0.11467503756284714 -2.282233953475952
0.1105569377541542 0.7539185285568237 -0.6475986242294312 0.34401965141296387 0.05607438087463379 -0.6552867293357849 -0.7532959580421448 -0.5841386914253235 -0.9922866225242615 0.04696837440133095 -0.11472195386886597 -2.2823002338409424
0.11056218296289444 0.7539034485816956 -0.6476152539253235 0.34399813413619995 0.0560695081949234 -0.6553037166595459 -0.7532815337181091 -0.5841023921966553 -0.9922863245010376 0.046972956508398056 -0.11472275108098984 -2.2823007106781006
0.11044400930404663 0.753800630569458 -0.6477550864219666 0.3440644145011902 0.056036148220300674 -0.6554282307624817 -0.7531757354736328 -0.5841508507728577 -0.992301344871521 0.04688602313399315 -0.1146281510591507 -2.2822909355163574
0.11045447736978531 0.7537859678268433 -0.647770345211029 0.3440440595149994 0.05606945976614952 -0.6554462909698486 -0.7531575560569763 -0.5841249823570251 -0.9922983050346375 0.04686946049332619 -0.11466129869222641 -2.282289505004883
0.11045205593109131 0.753848135471344 -0.6476984024047852 0.34401875734329224 0.05603249743580818 -0.6553723812103271 -0.7532246112823486 -0.584132194519043 -0.9923006892204285 0.04690301790833473 -0.1146271601319313 -2.282233476638794
0.11042196303606033 0.7538502216339111 -0.6477011442184448 0.34399423003196716 0.05599486082792282 -0.6553698182106018 -0.7532296180725098 -0.5841100811958313 -0.9923061728477478 0.04690512642264366 -0.11457890272140503 -2.2822279930114746
0.11042316257953644 0.7538920640945435 -0.647652268409729 0.3439926505088806 0.05597038194537163 -0.6553199887275696 -0.7532747983932495 -0.58412104845047 -0.9923074245452881 0.04692961275577545 -0.11455807834863663 -2.282163143157959
0.11042539030313492 0.7538741230964661 -0.6476727724075317 0.34397634863853455 0.05597461760044098 -0.6553409099578857 -0.7532562613487244 -0.5840929746627808 -0.9923068881034851 0.04692535102367401 -0.11456403136253357 -2.282151460647583
0.11040915548801422 0.7538639307022095 -0.6476873159408569 0.3440096378326416 0.05593247339129448 -0.6553516387939453 -0.7532500624656677 -0.5841623544692993 -0.9923111200332642 0.046938925981521606 -0.11452224105596542 -2.2822062969207764
0.11043211817741394 0.7538641691207886 -0.6476831436157227 0.34398823976516724 0.05596575513482094 -0.6553516387939453 -0.7532475590705872 -0.5841429233551025 -0.992306649684906 0.046934619545936584 -0.11456239223480225 -2.282201051712036
0.11034318059682846 0.7537721991539001 -0.647805392742157 0.3440544009208679 0.05595428869128227 -0.6554629802703857 -0.753151535987854 -0.5841389298439026 -0.9923171997070312 0.046857621520757675 -0.11450260132551193 -2.28222918510437
0.11039494723081589 0.753803551197052 -0.6477600932121277 0.3440439701080322 0.05588940531015396 -0.6554206013679504 -0.7531932592391968 -0.5841790437698364 -0.9923151135444641 0.04694577306509018 -0.11448469758033752 -2.2823562622070312
0.11034923046827316 0.7538002133369446 -0.6477717161178589 0.3440279960632324 0.05589599907398224 -0.6554272770881653 -0.7531869411468506 -0.5841541886329651 -0.9923198223114014 0.046905726194381714 -0.11446025967597961 -2.282367706298828
0.11036329716444016 0.7537904381752014 -0.6477806568145752 0.344001829624176 0.05590766295790672 -0.6554384231567383 -0.7531763911247253 -0.5841770768165588 -0.9923176169395447 0.04690709710121155 -0.1144789531826973 -2.2823238372802734
0.1103590726852417 0.7537803053855896 -0.647793173789978 0.34398096799850464 0.05595484748482704 -0.6554526686668396 -0.7531604766845703 -0.5841529369354248 -0.992315411567688 0.04687089845538139 -0.11451275646686554 -2.282332181930542
0.11038237065076828 0.7536746263504028 -0.6479122042655945 0.344089150428772 0.05597509443759918 -0.6555752158164978 -0.753052294254303 -0.5841240286827087 -0.9923116564750671 0.046856727451086044 -0.11455090343952179 -2.282386302947998
0.11039355397224426 0.7536576390266418 -0.6479300856590271 0.34408730268478394 0.055969882756471634 -0.6555941104888916 -0.7530362606048584 -0.5840895175933838 -0.9923107028007507 0.04686575010418892 -0.11455544084310532 -2.282395601272583
0.1103469580411911 0.7537094354629517 -0.6478777527809143 0.3441157639026642 0.05595727637410164 -0.655535876750946 -0.7530878782272339 -0.5840510129928589 -0.9923166036605835 0.04684745520353317 -0.11451186239719391 -2.2824158668518066
0.11035741865634918 0.7536879777908325 -0.6479009389877319 0.34412235021591187 0.05598968267440796 -0.6555617451667786 -0.7530629634857178 -0.5840065479278564 -0.9923136234283447 0.04683028906583786 -0.11454480141401291 -2.282423257827759
0.11036863923072815 0.7536666989326477 -0.6479237675666809 0.3441053032875061 0.05605664476752281 -0.6555890440940857 -0.753034234046936 -0.5840795636177063 -0.9923086166381836 0.046790897846221924 -0.11460443586111069 -2.2823264598846436
0.11035905033349991 0.7536590099334717 -0.6479343771934509 0.3441120982170105 0.05606767535209656 -0.655599057674408 -0.753024697303772 -0.5840372443199158 -0.992309033870697 0.046774886548519135 -0.11460714042186737 -2.282327175140381
0.1104961559176445 0.75376296043396 -0.6477900743484497 0.3440723121166229 0.05602850019931793 -0.6554688215255737 -0.753140926361084 -0.584043025970459 -0.9922959804534912 0.046924445778131485 -0.11465893685817719 -2.2823867797851562
0.1105397418141365 0.7537550330162048 -0.647791862487793 0.34406542778015137 0.05603821203112602 -0.6554760932922363 -0.7531338930130005 -0.584004282951355 -0.9922906160354614 0.04695010185241699 -0.11469519138336182 -2.282388925552368
0.11048120260238647 0.7536993622779846 -0.6478666067123413 0.3440715968608856 0.05604873597621918 -0.6555445194244385 -0.7530735731124878 -0.5841395854949951 -0.9922965168952942 0.04688834026455879 -0.11466918885707855 -2.282475471496582
0.11053074896335602 0.7536823153495789 -0.6478779911994934 0.34406301379203796 0.05604294687509537 -0.6555613875389099 -0.7530593276023865 -0.584111750125885 -0.9922913312911987 0.04692719131708145 -0.11469820886850357 -2.282487392425537
0.11049897968769073 0.7537122964859009 -0.6478484869003296 0.3440110981464386 0.05596647784113884 -0.6555246114730835 -0.7530969977378845 -0.5840715765953064 -0.9922991991043091 0.046958621591329575 -0.11461737006902695 -2.2823376655578613
0.11044613271951675 0.7536839842796326 -0.6478904485702515 0.344045490026474 0.056016091257333755 -0.6555627584457397 -0.7530601024627686 -0.5841549634933472 -0.9923022389411926 0.04688026010990143 -0.11462274193763733 -2.2824225425720215
0.11048485338687897 0.7536766529083252 -0.647892415523529 0.34403330087661743 0.05599122494459152 -0.65556800365448 -0.7530573606491089 -0.5841331481933594 -0.9922993779182434 0.04692511633038521 -0.11462955921888351 -2.2824244499206543
0.110420361161232 0.7536931037902832 -0.6478842496871948 0.34407877922058105 0.055996596813201904 -0.6555526852607727 -0.7530703544616699 -0.5841243267059326 -0.9923062324523926 0.046874962747097015 -0.11459055542945862 -2.282471179962158
0.11042160540819168 0.753702700138092 -0.647872805595398 0.34407225251197815 0.055996667593717575 -0.6555414199829102 -0.7530801296234131 -0.5840968489646912 -0.992306113243103 0.04687757045030594 -0.11459071934223175 -2.282472848892212
0.11026604473590851 0.7536873817443848 -0.6479171514511108 0.34408998489379883 0.056007545441389084 -0.6555683016777039 -0.7530559301376343 -0.5841487646102905 -0.9923227429389954 0.04674822464585304 -0.1144990473985672 -2.2824203968048096
0.11034137010574341 0.7536829113960266 -0.6479095816612244 0.3440846800804138 0.056052278727293015 -0.6555715203285217 -0.7530497908592224 -0.5841194987297058 -0.9923118948936462 0.04677571356296539 -0.11458224803209305 -2.2824177742004395
0.11029797792434692 0.753653883934021 -0.6479507088661194 0.3440815806388855 0.05605652928352356 -0.6556078195571899 -0.7530179023742676 -0.584166407585144 -0.992316484451294 0.04673445597290993 -0.11455937474966049 -2.2824392318725586
0.11029534041881561 0.7536272406578064 -0.647982120513916 0.3440728187561035 0.05607836693525314 -0.6556399464607239 -0.7529882788658142 -0.5841428637504578 -0.9923155307769775 0.046713296324014664 -0.11457616090774536 -2.2824385166168213
0.11026428639888763 0.7536148428916931 -0.6480017900466919 0.34410005807876587 0.056017518043518066 -0.6556531190872192 -0.7529813051223755 -0.5841242074966431 -0.9923223853111267 0.046727463603019714 -0.11451070010662079 -2.2824816703796387
0.11028029769659042 0.7535947561264038 -0.648022472858429 0.34409207105636597 0.05601756274700165 -0.6556756496429443 -0.7529617547988892 -0.5840964913368225 -0.9923205971717834 0.04673617333173752 -0.11452258378267288 -2.2824816703796387
0.11022375524044037 0.7535280585289001 -0.6481096148490906 0.344086617231369 0.056081101298332214 -0.6557591557502747 -0.7528842091560364 -0.5840761661529541 -0.9923233389854431 0.04663899913430214 -0.11453887075185776 -2.282486915588379
0.11023565381765366 0.7535187602043152 -0.6481184363365173 0.3440781831741333 0.05607594549655914 -0.6557691097259521 -0.7528759837150574 -0.5840432047843933 -0.9923222661018372 0.04664989933371544 -0.1145433560013771 -2.2824831008911133
0.11017441749572754 0.7535099983215332 -0.6481389999389648 0.3440796732902527 0.05611296370625496 -0.6557843685150146 -0.7528599500656128 -0.5840601921081543 -0.9923269748687744 0.04657687246799469 -0.11453228443861008 -2.2825052738189697
0.11029332131147385 0.7535018920898438 -0.6481282711029053 0.3440902531147003 0.056123677641153336 -0.6557878255844116 -0.7528561353683472 -0.5840990543365479 -0.9923132061958313 0.04665962979197502 -0.11461825668811798 -2.2824759483337402
0.11033487319946289 0.7534713745117188 -0.6481566429138184 0.3440842926502228 0.056103870272636414 -0.6558200716972351 -0.7528294920921326 -0.584064245223999 -0.9923096895217896 0.04669922590255737 -0.11463242769241333 -2.282470703125
0.11026571691036224 0.7534732222557068 -0.6481662392616272 0.3440842032432556 0.056143734604120255 -0.6558235287666321 -0.752823531627655 -0.5841096639633179 -0.9923151135444641 0.04662012681365013 -0.11461759358644485 -2.2825076580047607
0.11023237556219101 0.753487229347229 -0.648155689239502 0.3440731465816498 0.05614031106233597 -0.6558089852333069 -0.7528364658355713 -0.5840789079666138 -0.9923189878463745 0.046599261462688446 -0.11459232866764069 -2.2825043201446533
0.11024802178144455 0.7535296082496643 -0.6481037139892578 0.34405574202537537 0.05613179877400398 -0.6557584404945374 -0.7528811097145081 -0.5840783715248108 -0.9923177361488342 0.04662439599633217 -0.11459298431873322 -2.282400369644165
0.1102789118885994 0.7535291910171509 -0.6480989456176758 0.34404271841049194 0.05615386366844177 -0.6557583212852478 -0.7528795599937439 -0.5840415358543396 -0.9923130869865417 0.04663344845175743 -0.114629827439785 -2.2823867797851562
0.11020597815513611 0.7534833550453186 -0.6481646299362183 0.34410426020622253 0.05612953007221222 -0.6558143496513367 -0.7528325319290161 -0.5840675234794617 -0.992322564125061 0.04658544436097145 -0.11456727981567383 -2.2825284004211426
0.11018779873847961 0.7534908652305603 -0.6481590270996094 0.3440989851951599 0.056163474917411804 -0.6558082699775696 -0.7528353333473206 -0.5840310454368591 -0.9923226237297058 0.04655038192868233 -0.1145806759595871 -2.2825186252593994
0.11022771894931793 0.7535232901573181 -0.6481145024299622 0.344067245721817 0.05616968497633934 -0.6557686924934387 -0.7528693675994873 -0.5840699076652527 -0.9923178553581238 0.046582650393247604 -0.114608995616436 -2.2825331687927246
0.11023636162281036 0.7535043954849243 -0.6481350064277649 0.3440532088279724 0.056172654032707214 -0.6557902693748474 -0.752850353717804 -0.5840355157852173 -0.992316722869873 0.04658399149775505 -0.114618219435215 -2.2825238704681396
0.11027637869119644 0.7534893155097961 -0.6481457352638245 0.3440527319908142 0.056135013699531555 -0.6558038592338562 -0.7528412938117981 -0.5839976072311401 -0.9923143982887268 0.046636912971735 -0.1146167516708374 -2.2825393676757812
0.11025920510292053 0.7534348368644714 -0.6482119560241699 0.3440569043159485 0.05614573135972023 -0.6558685898780823 -0.7527841329574585 -0.5840625762939453 -0.9923157095909119 0.046607017517089844 -0.11461763828992844 -2.2825863361358643
0.11021698266267776 0.7534147500991821 -0.6482425332069397 0.3440338373184204 0.05605342611670494 -0.6558898687362671 -0.7527724504470825 -0.5840733051300049 -0.9923256039619446 0.0466320663690567 -0.11452162265777588 -2.282536029815674
0.1102890819311142 0.753463625907898 -0.648173451423645 0.344011127948761 0.05598112568259239 -0.6558257937431335 -0.7528336644172668 -0.5840349793434143 -0.9923217296600342 0.04674382135272026 -0.11451011151075363 -2.2825398445129395
0.11041805148124695 0.7535936236381531 -0.6480003595352173 0.3438800871372223 0.055932555347681046 -0.655665397644043 -0.7529769539833069 -0.583905816078186 -0.992310106754303 0.046897899359464645 -0.11454765498638153 -2.2824370861053467
0.11034546047449112 0.7535426616668701 -0.6480720043182373 0.344058632850647 0.05583537369966507 -0.655724048614502 -0.752933144569397 -0.5839750170707703 -0.992323637008667 0.04689738154411316 -0.11443044990301132 -2.2824432849884033
0.11034604161977768 0.7536020874977112 -0.6480027437210083 0.3439936637878418 0.055931154638528824 -0.6556594371795654 -0.7529822587966919 -0.5840204358100891 -0.9923182129859924 0.04684504494071007 -0.11449920386075974 -2.2822515964508057
0.11039485782384872 0.7535756230354309 -0.6480252146720886 0.34405946731567383 0.055862583220005035 -0.6556842923164368 -0.7529656887054443 -0.5840503573417664 -0.9923166036605835 0.04692314937710762 -0.11448079347610474 -2.282386541366577
0.11032195389270782 0.7535912990570068 -0.6480193734169006 0.3440360128879547 0.055976442992687225 -0.6556754112243652 -0.752964973449707 -0.5840986371040344 -0.992318332195282 0.046794719994068146 -0.11451869457960129 -2.2823221683502197
0.11034215986728668 0.7536104917526245 -0.6479936838150024 0.3440830707550049 0.05599658936262131 -0.6556529998779297 -0.752983033657074 -0.584120512008667 -0.9923149347305298 0.04680031165480614 -0.11454572528600693 -2.2824087142944336
0.11023061722517014 0.7536219358444214 -0.6479993462562561 0.3440793454647064 0.05600797012448311 -0.6556463241577148 -0.7529879808425903 -0.5840851068496704 -0.9923266768455505 0.046709172427654266 -0.11448107659816742 -2.2824132442474365
0.1102558821439743 0.7536131739616394 -0.6480051875114441 0.3440819978713989 0.05597524717450142 -0.6556535363197327 -0.7529841065406799 -0.584161639213562 -0.9923257231712341 0.04674864560365677 -0.11447329074144363 -2.2825121879577637
0.11025980114936829 0.753622829914093 -0.647993266582489 0.3440929353237152 0.055949971079826355 -0.6556409001350403 -0.7529969811439514 -0.5841740369796753 -0.9923267364501953 0.046770062297582626 -0.11445596069097519 -2.28246808052063
0.11031662672758102 0.7537242770195007 -0.6478656530380249 0.3440427780151367 0.05596107244491577 -0.6555204391479492 -0.7531010508537292 -0.5840892791748047 -0.9923197627067566 0.04682428017258644 -0.1144939661026001 -2.282322883605957
0.11034156382083893 0.7537108063697815 -0.647877037525177 0.3440355062484741 0.055941350758075714 -0.6555337905883789 -0.7530908584594727 -0.5840622186660767 -0.9923180937767029 0.04685407876968384 -0.11449617147445679 -2.2823076248168945
0.1103166937828064 0.7537344098091125 -0.6478538513183594 0.34407293796539307 0.055963415652513504 -0.6555087566375732 -0.7531110048294067 -0.5841048359870911 -0.992319643497467 0.04682457447052002 -0.11449506133794785 -2.282463312149048
0.11032042652368546 0.7537167072296143 -0.6478738188743591 0.34407269954681396 0.05599459633231163 -0.6555306315422058 -0.7530896663665771 -0.5840723514556885 -0.9923174381256104 0.04680371284484863 -0.11452242732048035 -2.282456636428833
0.11034519970417023 0.753762423992157 -0.6478163599967957 0.34404200315475464 0.05594005808234215 -0.655473530292511 -0.7531434297561646 -0.5840427875518799 -0.992317795753479 0.046866849064826965 -0.11449381709098816 -2.28240704536438
0.11040254682302475 0.7537793517112732 -0.6477869153022766 0.3440196216106415 0.05589478835463524 -0.6554485559463501 -0.753168523311615 -0.5839931964874268 -0.9923139810562134 0.0469437800347805 -0.11449547111988068 -2.2824156284332275
0.11040715128183365 0.7538423538208008 -0.6477128267288208 0.3440539538860321 0.05593240633606911 -0.6553768515586853 -0.7532281279563904 -0.5840253829956055 -0.9923112988471985 0.0469336062669754 -0.11452245712280273 -2.282480478286743
0.11042007058858871 0.7538261413574219 -0.6477295160293579 0.34405744075775146 0.05587824806571007 -0.6553924679756165 -0.7532185912132263 -0.5840104818344116 -0.9923129081726074 0.04697642847895622 -0.11449090391397476 -2.2824459075927734
0.11040618270635605 0.7538282871246338 -0.6477293372154236 0.3440285623073578 0.05590292811393738 -0.6553918719291687 -0.7532172799110413 -0.5840986967086792 -0.9923130869865417 0.0469498485326767 -0.11450047045946121 -2.2825045585632324
0.11040040105581284 0.7538097500801086 -0.6477519273757935 0.3440133333206177 0.0559326633810997 -0.6554151177406311 -0.7531948089599609 -0.5840749740600586 -0.9923120737075806 0.04692249000072479 -0.11452062427997589 -2.2825052738189697
0.11037179082632065 0.7536876201629639 -0.6478988528251648 0.3440788686275482 0.05596841499209404 -0.6555603742599487 -0.7530657649040222 -0.5841025114059448 -0.9923132061958313 0.04685531556606293 -0.11453801393508911 -2.282581090927124
0.11030839383602142 0.7537422180175781 -0.6478461623191833 0.34409552812576294 0.056009311228990555 -0.6555023193359375 -0.7531132698059082 -0.5840907692909241 -0.9923179745674133 0.046789269894361496 -0.11452393233776093 -2.2825496196746826
0.11034408956766129 0.7537106275558472 -0.6478767991065979 0.34409040212631226 0.05603361874818802 -0.6555382013320923 -0.7530801892280579 -0.5840634107589722 -0.9923126101493835 0.04679503291845322 -0.1145678460597992 -2.2825515270233154
0.11033890396356583 0.7538184523582458 -0.6477522850036621 0.34405338764190674 0.05596153065562248 -0.6554098129272461 -0.7531973123550415 -0.5840526819229126 -0.992317259311676 0.04685772582888603 -0.11450197547674179 -2.282405376434326
0.11034537851810455 0.7537957429885864 -0.6477776169776917 0.34403249621391296 0.05597010254859924 -0.6554362177848816 -0.7531736493110657 -0.5840206146240234 -0.9923160672187805 0.04685302823781967 -0.11451432853937149 -2.282395362854004
0.11035589873790741 0.7538347840309143 -0.6477303504943848 0.34404104948043823 0.05602395161986351 -0.6553928256034851 -0.7532074451446533 -0.5840938687324524 -0.9923118352890015 0.04683244228363037 -0.11455921083688736 -2.282461404800415
0.11034315079450607 0.7538129091262817 -0.6477579474449158 0.3440188467502594 0.056027304381132126 -0.6554190516471863 -0.7531843781471252 -0.5840737819671631 -0.9923130869865417 0.04681657254695892 -0.11455505341291428 -2.282459259033203
0.11031714081764221 0.7537783980369568 -0.6478025913238525 0.34403178095817566 0.056041568517684937 -0.655461311340332 -0.7531465291976929 -0.5841140747070312 -0.9923151731491089 0.04678107425570488 -0.11455148458480835 -2.282548427581787
0.11030324548482895 0.7537642121315002 -0.6478214263916016 0.3440113067626953 0.05605890974402428 -0.655479371547699 -0.7531295418739319 -0.5840954184532166 -0.9923157095909119 0.04675644263625145 -0.11455664783716202 -2.282550811767578
0.11031561344861984 0.7537737488746643 -0.6478082537651062 0.34404563903808594 0.05606468766927719 -0.6554679274559021 -0.753139078617096 -0.5841222405433655 -0.9923140406608582 0.04676380008459091 -0.11456838250160217 -2.282564401626587
0.11033223569393158 0.7537563443183899 -0.6478256583213806 0.3440285921096802 0.05607740581035614 -0.6554877758026123 -0.7531208395957947 -0.5841042399406433 -0.9923114776611328 0.04676509276032448 -0.11459007859230042 -2.2825663089752197
0.11044449359178543 0.7538076043128967 -0.6477468609809875 0.34405243396759033 0.056030821055173874 -0.6554198265075684 -0.7531834244728088 -0.5840762853622437 -0.9923015832901001 0.046891145408153534 -0.11462391912937164 -2.2825560569763184
0.11043056100606918 0.7537912726402283 -0.6477683186531067 0.3440391719341278 0.05605870112776756 -0.6554409265518188 -0.7531629800796509 -0.5840470790863037 -0.9923015832901001 0.04685913398861885 -0.11463721096515656 -2.282552719116211
0.11056786775588989 0.7538130879402161 -0.6477195024490356 0.344046950340271 0.056018855422735214 -0.6554061770439148 -0.7531962394714355 -0.5840080380439758 -0.9922885298728943 0.04699476435780525 -0.11469455063343048 -2.282599449157715
0.11060463637113571 0.7537710070610046 -0.64776211977005 0.34402886033058167 0.05597973242402077 -0.6554511785507202 -0.7531599402427673 -0.583966851234436 -0.9922866821289062 0.047041404992341995 -0.11469177901744843 -2.282597064971924
0.11058337986469269 0.7537948489189148 -0.6477380990982056 0.34406790137290955 0.055977389216423035 -0.6554245352745056 -0.7531833052635193 -0.5840451717376709 -0.9922891855239868 0.04703084006905556 -0.11467447131872177 -2.2825355529785156
0.11057751625776291 0.7537960410118103 -0.6477376222610474 0.3440619111061096 0.055986106395721436 -0.6554238200187683 -0.7531832456588745 -0.5840162634849548 -0.9922893047332764 0.047020796686410904 -0.11467719078063965 -2.282526969909668
0.11041442304849625 0.7537412047386169 -0.6478292942047119 0.34409278631210327 0.05599433183670044 -0.6554969549179077 -0.7531189918518066 -0.584090530872345 -0.9923070073127747 0.04688040539622307 -0.11458150297403336 -2.282499074935913
0.11046519130468369 0.7537244558334351 -0.6478400826454163 0.34408771991729736 0.05599355325102806 -0.6555135846138 -0.753104567527771 -0.5840726494789124 -0.9923014044761658 0.04691695049405098 -0.11461509019136429 -2.282491683959961
0.1104455292224884 0.7537820339202881 -0.6477764844894409 0.3441013991832733 0.05603837966918945 -0.6554498672485352 -0.7531567215919495 -0.584112286567688 -0.9923010468482971 0.04688241332769394 -0.11463217437267303 -2.2826359272003174
0.11051509529352188 0.7538403868675232 -0.6476966738700867 0.3440711200237274 0.056068580597639084 -0.6553796529769897 -0.7532156109809875 -0.584051251411438 -0.9922916293144226 0.04692623019218445 -0.11469604820013046 -2.282625436782837
0.11048553138971329 0.7539039254188538 -0.6476278305053711 0.3440558612346649 0.05607374757528305 -0.6553076505661011 -0.7532778382301331 -0.5840975046157837 -0.9922946095466614 0.04691135138273239 -0.11467617005109787 -2.2825446128845215
0.11045924574136734 0.7538991570472717 -0.6476377844810486 0.3440980613231659 0.05607281252741814 -0.655314564704895 -0.7532719373703003 -0.5840845108032227 -0.9922975897789001 0.046890947967767715 -0.11465874314308167 -2.282604694366455
0.11037495732307434 0.7538195252418518 -0.64774489402771 0.3440815210342407 0.05602075904607773 -0.6554093360900879 -0.7531932592391968 -0.5840792655944824 -0.9923099279403687 0.04684648662805557 -0.1145702674984932 -2.2826528549194336
0.1104491800069809 0.7538908123970032 -0.6476492285728455 0.3440394401550293 0.05603624880313873 -0.6553230285644531 -0.753267228603363 -0.5840947031974792 -0.992300808429718 0.04690588638186455 -0.11462505161762238 -2.282546281814575
0.11045407503843307 0.7538797855377197 -0.6476612687110901 0.34402668476104736 0.05604745075106621 -0.6553362011909485 -0.7532549500465393 -0.5840730667114258 -0.9922996163368225 0.04690029099583626 -0.11463753879070282 -2.2825353145599365
0.11040125042200089 0.753840446472168 -0.6477161049842834 0.34407368302345276 0.05606389418244362 -0.6553856134414673 -0.753210723400116 -0.584079921245575 -0.9923045635223389 0.04684188961982727 -0.11461856961250305 -2.282538414001465
0.11042570322751999 0.7538360953330994 -0.6477169394493103 0.34407052397727966 0.056065455079078674 -0.6553893685340881 -0.7532073259353638 -0.5840556025505066 -0.9923017621040344 0.046858880668878555 -0.11463594436645508 -2.2825303077697754
0.11028643697500229 0.7538697719573975 -0.6477014422416687 0.3441103398799896 0.05613742768764496 -0.6553612351417542 -0.7532264590263367 -0.5840421319007874 -0.9923131465911865 0.04671034216880798 -0.11459771543741226 -2.28269100189209
0.11027982831001282 0.7538490891456604 -0.6477266550064087 0.34411200881004333 0.056124377995729446 -0.6553850173950195 -0.753206729888916 -0.583999752998352 -0.9923146367073059 0.04671022668480873 -0.11458500474691391 -2.282701015472412
0.1102682501077652 0.7538190484046936 -0.6477635502815247 0.3440813422203064 0.05615360289812088 -0.6554219722747803 -0.7531723976135254 -0.5840825438499451 -0.9923142790794373 0.046676717698574066 -0.11460183560848236 -2.2827043533325195
0.11026476323604584 0.7538038492202759 -0.6477818489074707 0.3440713882446289 0.056182969361543655 -0.6554412245750427 -0.7531535029411316 -0.5840590000152588 -0.992313027381897 0.04665195196866989 -0.11462295055389404 -2.282705307006836
0.11018308252096176 0.7538098096847534 -0.6477888822555542 0.3440955877304077 0.056195661425590515 -0.6554393768310547 -0.7531540989875793 -0.5840738415718079 -0.9923213720321655 0.04658189043402672 -0.11457911878824234 -2.2826197147369385
0.1101849302649498 0.7538072466850281 -0.6477915048599243 0.34409525990486145 0.05621157959103584 -0.6554429531097412 -0.7531498074531555 -0.5840444564819336 -0.9923202395439148 0.04657234624028206 -0.11459257453680038 -2.2826123237609863
0.11022370308637619 0.7538167834281921 -0.647773802280426 0.3440735340118408 0.05611371621489525 -0.6554251909255981 -0.7531725764274597 -0.5839956402778625 -0.9923214912414551 0.04666844755411148 -0.11454279720783234 -2.2825186252593994
0.11019796878099442 0.7539133429527283 -0.647665798664093 0.34403178095817566 0.056152865290641785 -0.6553161144256592 -0.7532645463943481 -0.584023118019104 -0.9923221468925476 0.046639904379844666 -0.11454884707927704 -2.2824323177337646
0.11020765453577042 0.7538944482803345 -0.6476861238479614 0.3440207540988922 0.05617323890328407 -0.6553385257720947 -0.7532435655593872 -0.583989143371582 -0.9923198819160461 0.046630553901195526 -0.1145719587802887 -2.2824082374572754
0.11029796302318573 0.7539122700691223 -0.6476500630378723 0.344049334526062 0.056117817759513855 -0.6553102731704712 -0.7532722353935242 -0.5839779376983643 -0.9923129677772522 0.04673965647816658 -0.11458724737167358 -2.282465696334839
0.11029016226530075 0.753953218460083 -0.6476036906242371 0.3440271317958832 0.056061357259750366 -0.6552603840827942 -0.7533198595046997 -0.5839428305625916 -0.9923170804977417 0.04677819833159447 -0.1145363599061966 -2.2824273109436035
0.11029794067144394 0.7539077401161194 -0.6476553082466125 0.34410762786865234 0.05605029687285423 -0.6553123593330383 -0.753275454044342 -0.5839720964431763 -0.9923168420791626 0.04678342863917351 -0.11453630030155182 -2.282569646835327
