# 3x4 first row second row third row Freq: 100 current Time: 2021-07-31-13:04:18
0.44077739119529724 0.3825060725212097 -0.8120371699333191 -0.08190424740314484 -0.01921495795249939 -0.900431215763092 -0.4345736503601074 -0.626839816570282 -0.8974107503890991 0.20715348422527313 -0.3895398676395416 -1.319263219833374
0.4407097399234772 0.38257551193237305 -0.812041163444519 -0.08188915252685547 -0.01917271688580513 -0.9004121422767639 -0.43461498618125916 -0.6268335580825806 -0.8974448442459106 0.20710808038711548 -0.38948535919189453 -1.3193187713623047
0.4407603144645691 0.3825855553150177 -0.8120089769363403 -0.0818718746304512 -0.019173549488186836 -0.9004003405570984 -0.43463945388793945 -0.626850426197052 -0.8974199891090393 0.20714089274406433 -0.3895251750946045 -1.3193490505218506
0.4406106173992157 0.38257572054862976 -0.8120948672294617 -0.08191540092229843 -0.019155174493789673 -0.9004283547401428 -0.4345822334289551 -0.6269004344940186 -0.8974938988685608 0.20703735947608948 -0.38940995931625366 -1.319387674331665
0.4407522678375244 0.38260892033576965 -0.8120023608207703 -0.08193022012710571 -0.01899915374815464 -0.9004290699958801 -0.4345875680446625 -0.6269458532333374 -0.8974276781082153 0.20697280764579773 -0.3895968794822693 -1.31929349899292
0.44076865911483765 0.3826128840446472 -0.8119915723800659 -0.08192606270313263 -0.018950756639242172 -0.9004361033439636 -0.4345751404762268 -0.6269635558128357 -0.8974206447601318 0.20693495869636536 -0.3896331787109375 -1.3193080425262451
0.4407404661178589 0.38264304399490356 -0.8119926452636719 -0.08196832239627838 -0.018912242725491524 -0.900432288646698 -0.4345846474170685 -0.6269901394844055 -0.8974353075027466 0.206895649433136 -0.38962027430534363 -1.3193244934082031
0.4407470226287842 0.38263943791389465 -0.8119907975196838 -0.08196158707141876 -0.018908889964222908 -0.9004341959953308 -0.43458089232444763 -0.6270186901092529 -0.8974321484565735 0.20689406991004944 -0.3896283805370331 -1.3193362951278687
0.44071176648139954 0.3826771080493927 -0.8119921684265137 -0.08195707947015762 -0.01891273632645607 -0.9004175066947937 -0.4346153438091278 -0.6270142793655396 -0.8974493741989136 0.2068970799446106 -0.38958707451820374 -1.3193771839141846
0.44069135189056396 0.3826514184474945 -0.8120154142379761 -0.08195014297962189 -0.018921036273241043 -0.9004318714141846 -0.43458521366119385 -0.6270421147346497 -0.8974592685699463 0.20688210427761078 -0.3895723223686218 -1.3193904161453247
0.44068652391433716 0.38269180059432983 -0.8119989633560181 -0.0819917544722557 -0.01888696663081646 -0.9004186987876892 -0.434613972902298 -0.6270908713340759 -0.8974623084068298 0.20686471462249756 -0.38957446813583374 -1.3195232152938843
0.44070056080818176 0.3826952576637268 -0.8119897246360779 -0.081987664103508 -0.018891209736466408 -0.9004141688346863 -0.43462324142456055 -0.6271190047264099 -0.8974553346633911 0.2068781703710556 -0.38958340883255005 -1.3195420503616333
0.440666139125824 0.3826710283756256 -0.8120198249816895 -0.08193398267030716 -0.018946470692753792 -0.9004186391830444 -0.43461155891418457 -0.6271266341209412 -0.8974710702896118 0.20690348744392395 -0.389533668756485 -1.3197050094604492
0.4406878352165222 0.3826735019683838 -0.8120068907737732 -0.08192216604948044 -0.018952615559101105 -0.9004132151603699 -0.43462252616882324 -0.6271482110023499 -0.8974602818489075 0.2069225162267685 -0.3895484507083893 -1.319733738899231
0.44069552421569824 0.382764995098114 -0.8119595646858215 -0.08195539563894272 -0.01890905573964119 -0.9003733396530151 -0.43470704555511475 -0.6270989775657654 -0.8974574208259583 0.20692682266235352 -0.3895527124404907 -1.3197492361068726
0.4407725930213928 0.38278359174728394 -0.811909019947052 -0.08204012364149094 -0.01891031116247177 -0.9003535509109497 -0.4347478747367859 -0.6272338032722473 -0.8974195718765259 0.20697839558124542 -0.3896125555038452 -1.319930076599121
0.4407832622528076 0.3828039765357971 -0.8118935823440552 -0.08204968273639679 -0.01888318546116352 -0.9003475904464722 -0.4347614645957947 -0.6272635459899902 -0.8974149227142334 0.20696671307086945 -0.3896295428276062 -1.3199597597122192
0.44076859951019287 0.3828384280204773 -0.8118852972984314 -0.08201677352190018 -0.018874727189540863 -0.9003328680992126 -0.43479225039482117 -0.6272082328796387 -0.8974222540855408 0.20696687698364258 -0.38961243629455566 -1.3199825286865234
0.4406757652759552 0.38282787799835205 -0.8119406700134277 -0.0819968730211258 -0.01888148859143257 -0.900348424911499 -0.4347597360610962 -0.6271796822547913 -0.8974677324295044 0.20691871643066406 -0.3895333409309387 -1.3198479413986206
0.4406939744949341 0.3828386068344116 -0.8119257092475891 -0.08199062198400497 -0.01884252391755581 -0.9003494381904602 -0.43475937843322754 -0.6272039413452148 -0.8974596261978149 0.20689456164836884 -0.3895648717880249 -1.3198758363723755
0.4407395124435425 0.3827934265136719 -0.8119223117828369 -0.08196017146110535 -0.01886792667210102 -0.9003621339797974 -0.43473196029663086 -0.6271960735321045 -0.8974366784095764 0.20692282915115356 -0.3896026313304901 -1.319949984550476
0.4407320022583008 0.38281893730163574 -0.8119143843650818 -0.08194801956415176 -0.018864678218960762 -0.9003501534461975 -0.43475690484046936 -0.6272160410881042 -0.897440493106842 0.20692777633666992 -0.3895913362503052 -1.319985032081604
0.4407958984375 0.3828292489051819 -0.8118748068809509 -0.08194892853498459 -0.01894107274711132 -0.9003190994262695 -0.4348178505897522 -0.6271871328353882 -0.8974074721336365 0.20704370737075806 -0.38960573077201843 -1.3200749158859253
0.44078487157821655 0.3828480839729309 -0.8118718862533569 -0.08194003254175186 -0.018924495205283165 -0.900314211845398 -0.4348286986351013 -0.6272063851356506 -0.8974132537841797 0.20703017711639404 -0.38959965109825134 -1.3201159238815308
0.4408184587955475 0.38287630677223206 -0.8118403553962708 -0.08196944743394852 -0.018920881673693657 -0.9002957940101624 -0.4348670244216919 -0.6272017955780029 -0.8973968029022217 0.2070581316947937 -0.38962259888648987 -1.3201005458831787
0.4409674406051636 0.3829076290130615 -0.8117446899414062 -0.0819936990737915 -0.01885567046701908 -0.9002756476402283 -0.4349115788936615 -0.6271688342094421 -0.8973249793052673 0.20708782970905304 -0.3897722363471985 -1.320019006729126
0.44098612666130066 0.3829469382762909 -0.8117159605026245 -0.08199270069599152 -0.018865857273340225 -0.9002498984336853 -0.4349643886089325 -0.6271859407424927 -0.8973155617713928 0.20712697505950928 -0.38977307081222534 -1.320052981376648
0.44100335240364075 0.38294515013694763 -0.8117074370384216 -0.08197382092475891 -0.018898406997323036 -0.9002412557601929 -0.43498095870018005 -0.6271898746490479 -0.8973064422607422 0.20716804265975952 -0.38977232575416565 -1.3200563192367554
0.44098904728889465 0.3829137980937958 -0.8117300271987915 -0.08196783810853958 -0.01892855577170849 -0.9002528190612793 -0.4349556267261505 -0.6272112727165222 -0.8973128199577332 0.20717552304267883 -0.3897535800933838 -1.3200856447219849
0.4409187436103821 0.3829330503940582 -0.8117591142654419 -0.08196748048067093 -0.018854428082704544 -0.9002683162689209 -0.4349267780780792 -0.6271432638168335 -0.897348940372467 0.20707261562347412 -0.3897251486778259 -1.3198199272155762
0.44090908765792847 0.38292163610458374 -0.8117697834968567 -0.08195842057466507 -0.018864959478378296 -0.9002732038497925 -0.434916228055954 -0.6271669864654541 -0.89735347032547 0.20707251131534576 -0.3897148072719574 -1.3198390007019043
0.440950483083725 0.38290125131607056 -0.8117569088935852 -0.0819680467247963 -0.01892092078924179 -0.9002661108970642 -0.4349285066127777 -0.6271167397499084 -0.897331953048706 0.20714111626148224 -0.3897278904914856 -1.319783329963684
0.44094693660736084 0.38287416100502014 -0.8117716312408447 -0.08195744454860687 -0.01893915794789791 -0.9002768397331238 -0.434905469417572 -0.6271387338638306 -0.8973333239555359 0.20714449882507324 -0.3897229731082916 -1.3198022842407227
0.44090035557746887 0.3828679621219635 -0.8117998242378235 -0.0819573774933815 -0.018964597955346107 -0.9002800583839417 -0.4348977506160736 -0.6270633935928345 -0.8973556756973267 0.20714201033115387 -0.38967281579971313 -1.319596290588379
0.44089189171791077 0.38286975026130676 -0.8118035793304443 -0.08195183426141739 -0.018927188590168953 -0.9002887606620789 -0.4348812997341156 -0.6270888447761536 -0.897360622882843 0.2071007788181305 -0.389683336019516 -1.319608449935913
0.44094526767730713 0.38281378149986267 -0.8118009567260742 -0.08198923617601395 -0.019030814990401268 -0.9002882242202759 -0.4348779022693634 -0.6272580027580261 -0.8973321914672852 0.2072065770626068 -0.3896925449371338 -1.3200130462646484
0.44096657633781433 0.3828202486038208 -0.8117863535881042 -0.08198099583387375 -0.018978886306285858 -0.9002941250801086 -0.4348679780960083 -0.62727290391922 -0.8973228335380554 0.2071690410375595 -0.38973408937454224 -1.320033311843872
0.4409065246582031 0.38282233476638794 -0.81181800365448 -0.08200249075889587 -0.01893351413309574 -0.9003108739852905 -0.4348352253437042 -0.6272783875465393 -0.8973532915115356 0.2070922553539276 -0.38970476388931274 -1.3200550079345703
0.4408925175666809 0.38285452127456665 -0.8118104338645935 -0.08199302852153778 -0.018973464146256447 -0.9002861976623535 -0.4348846673965454 -0.6272677779197693 -0.897359311580658 0.2071402370929718 -0.3896653354167938 -1.320062279701233
0.4408870339393616 0.3828679323196411 -0.8118070960044861 -0.08199317008256912 -0.01898466981947422 -0.9002770781517029 -0.43490302562713623 -0.6272920370101929 -0.8973617553710938 0.20715497434139252 -0.3896518349647522 -1.3200894594192505
0.4409032166004181 0.3827833831310272 -0.8118381500244141 -0.08199813961982727 -0.019081978127360344 -0.9002978801727295 -0.4348556399345398 -0.6272496581077576 -0.8973517417907715 0.20722071826457977 -0.3896399438381195 -1.3200833797454834
0.44092193245887756 0.38275930285453796 -0.8118393421173096 -0.08199536800384521 -0.01908695511519909 -0.9003073573112488 -0.43483588099479675 -0.6272687911987305 -0.8973424434661865 0.20722420513629913 -0.38965949416160583 -1.3201117515563965
0.44096797704696655 0.3827870786190033 -0.8118012547492981 -0.08199229091405869 -0.019162509590387344 -0.9002693295478821 -0.43491131067276 -0.6271440982818604 -0.8973182439804077 0.2073380947113037 -0.3896547257900238 -1.3200263977050781
0.44094526767730713 0.3827991485595703 -0.8118078708648682 -0.08198851346969604 -0.019169699400663376 -0.9002640247344971 -0.4349219501018524 -0.6271536350250244 -0.8973292112350464 0.20733888447284698 -0.38962894678115845 -1.3200640678405762
0.4409618377685547 0.38275963068008423 -0.8118175268173218 -0.08198843151330948 -0.0191145371645689 -0.9002958536148071 -0.43485844135284424 -0.6272352933883667 -0.8973222374916077 0.2072734832763672 -0.38967981934547424 -1.3200262784957886
0.440932035446167 0.38269102573394775 -0.811866044998169 -0.08196868747472763 -0.01909395307302475 -0.9003410339355469 -0.4347657859325409 -0.6271898150444031 -0.8973373770713806 0.20720387995243073 -0.3896820843219757 -1.3198901414871216
0.4409426152706146 0.3826756775379181 -0.8118675351142883 -0.08195693790912628 -0.01909024268388748 -0.9003487825393677 -0.43474987149238586 -0.6272112131118774 -0.8973322510719299 0.20719848573207855 -0.38969674706459045 -1.3199149370193481
0.4409714639186859 0.38264426589012146 -0.8118666410446167 -0.08199238777160645 -0.019179975613951683 -0.9003413319587708 -0.4347614049911499 -0.6272204518318176 -0.8973161578178406 0.2072889506816864 -0.3896856904029846 -1.3201353549957275
0.44097021222114563 0.3826793432235718 -0.8118507862091064 -0.08198986947536469 -0.01916501298546791 -0.9003261923789978 -0.43479347229003906 -0.6272342801094055 -0.8973170518875122 0.20729009807109833 -0.38968294858932495 -1.3201653957366943
0.44102829694747925 0.38260418176651 -0.8118547201156616 -0.08198913931846619 -0.019213739782571793 -0.9003479480743408 -0.4347461462020874 -0.6272505521774292 -0.8972874879837036 0.20733410120010376 -0.3897276222705841 -1.3201793432235718
0.44103577733039856 0.38264310359954834 -0.8118323087692261 -0.08198625594377518 -0.019173327833414078 -0.9003355503082275 -0.434773713350296 -0.6272711157798767 -0.8972846865653992 0.20731627941131592 -0.3897435963153839 -1.3202099800109863
0.4410851299762726 0.3825836479663849 -0.8118335008621216 -0.08200297504663467 -0.01913790963590145 -0.9003694653511047 -0.4347050189971924 -0.6273776292800903 -0.8972612023353577 0.20727869868278503 -0.3898176848888397 -1.3202894926071167
0.4410872757434845 0.3826298117637634 -0.8118105530738831 -0.08199778944253922 -0.019126880913972855 -0.9003469944000244 -0.434751957654953 -0.6274064779281616 -0.8972603678703308 0.20729094743728638 -0.38981306552886963 -1.3203169107437134
0.44102317094802856 0.38261422514915466 -0.811852753162384 -0.08199800550937653 -0.019085556268692017 -0.9003728628158569 -0.4347003102302551 -0.6273486614227295 -0.8972927331924438 0.2072075605392456 -0.3897828459739685 -1.3202134370803833
0.44099923968315125 0.3826046884059906 -0.8118702173233032 -0.08199585229158401 -0.019090915098786354 -0.9003796577453613 -0.43468594551086426 -0.6273765563964844 -0.897304356098175 0.20719552040100098 -0.38976243138313293 -1.320238471031189
0.4410100281238556 0.3826541304588318 -0.8118410706520081 -0.08201026171445847 -0.019033310934901237 -0.9003651738166809 -0.4347184896469116 -0.6273752450942993 -0.8973003029823303 0.20716722309589386 -0.38978683948516846 -1.3202393054962158
0.44101178646087646 0.3826204538345337 -0.8118559718132019 -0.0819903016090393 -0.01903662458062172 -0.9003822207450867 -0.43468305468559265 -0.6274017691612244 -0.8972993493080139 0.20715533196926117 -0.38979533314704895 -1.3203803300857544
0.4410029351711273 0.38261184096336365 -0.8118648529052734 -0.0819903090596199 -0.019067788496613503 -0.9003807306289673 -0.43468478322029114 -0.6274224519729614 -0.89730304479599 0.20717771351337433 -0.38977494835853577 -1.3204054832458496
0.44097310304641724 0.38262811303138733 -0.8118733763694763 -0.08200430870056152 -0.019079577177762985 -0.9003729820251465 -0.43470028042793274 -0.6274381875991821 -0.8973174691200256 0.20718131959438324 -0.38973984122276306 -1.3204795122146606
0.4409937560558319 0.3826148808002472 -0.8118683695793152 -0.08201093971729279 -0.019101446494460106 -0.9003724455833435 -0.4347004294395447 -0.627464234828949 -0.8973068594932556 0.2072080373764038 -0.38975009322166443 -1.3205103874206543
0.44098713994026184 0.38264626264572144 -0.8118572235107422 -0.0820494070649147 -0.01901872083544731 -0.9003755450248718 -0.43469756841659546 -0.6274368762969971 -0.8973118662834167 0.20713651180267334 -0.3897765576839447 -1.3204352855682373
0.4409799873828888 0.3826727867126465 -0.8118485808372498 -0.08205617219209671 -0.019014913588762283 -0.9003631472587585 -0.43472349643707275 -0.6274621486663818 -0.8973154425621033 0.20714159309864044 -0.38976559042930603 -1.3204641342163086
0.44098177552223206 0.3826845586299896 -0.8118420839309692 -0.08205435425043106 -0.019033581018447876 -0.9003522992134094 -0.4347451329231262 -0.6274973750114441 -0.897314190864563 0.20716692507266998 -0.3897550702095032 -1.3205457925796509
0.4409492313861847 0.3826739192008972 -0.8118647933006287 -0.08200064301490784 -0.019018137827515602 -0.9003655910491943 -0.4347182810306549 -0.627517819404602 -0.8973305225372314 0.2071288377046585 -0.38973772525787354 -1.3206608295440674
0.44094550609588623 0.3826380968093872 -0.8118836879730225 -0.08200319856405258 -0.019062550738453865 -0.9003749489784241 -0.43469691276550293 -0.6275314688682556 -0.8973314166069031 0.20715421438217163 -0.38972219824790955 -1.320726990699768
0.44090536236763 0.3827125132083893 -0.8118703961372375 -0.08201718330383301 -0.019045302644371986 -0.9003440737724304 -0.4347616732120514 -0.6274613738059998 -0.8973515033721924 0.20715105533599854 -0.38967761397361755 -1.3206539154052734
0.44093650579452515 0.382676362991333 -0.8118705153465271 -0.08200845122337341 -0.019066913053393364 -0.9003545641899109 -0.4347389340400696 -0.6274752616882324 -0.8973357081413269 0.20717212557792664 -0.389702707529068 -1.3206888437271118
0.44082072377204895 0.38269516825675964 -0.8119245171546936 -0.08200172334909439 -0.018913857638835907 -0.9003941416740417 -0.43466368317604065 -0.6273412704467773 -0.8973958492279053 0.206965371966362 -0.3896740972995758 -1.3202323913574219
0.4408119320869446 0.38270267844200134 -0.8119257688522339 -0.08199209719896317 -0.018923772498965263 -0.9003888964653015 -0.43467408418655396 -0.6273571848869324 -0.8973999619483948 0.20697420835494995 -0.38965997099876404 -1.320247769355774
0.44092366099357605 0.3827146291732788 -0.8118594884872437 -0.08198386430740356 -0.018925866112113 -0.9003682136535645 -0.4347168207168579 -0.6272494792938232 -0.8973450064659119 0.20704205334186554 -0.3897503912448883 -1.3201552629470825
0.4408958852291107 0.38273537158966064 -0.8118647933006287 -0.08197090774774551 -0.018923722207546234 -0.9003610610961914 -0.43473178148269653 -0.6272557377815247 -0.8973587155342102 0.20703494548797607 -0.38972267508506775 -1.3201651573181152
0.44089964032173157 0.38272780179977417 -0.811866283416748 -0.08198083192110062 -0.01886298879981041 -0.9003786444664001 -0.4346979856491089 -0.6273902058601379 -0.8973581194877625 0.2069724053144455 -0.3897572159767151 -1.3203288316726685
0.4409850537776947 0.3826853036880493 -0.8118399381637573 -0.08197778463363647 -0.018954088911414146 -0.9003698229789734 -0.4347122609615326 -0.6272903680801392 -0.8973142504692078 0.20708929002285004 -0.3897961676120758 -1.3202245235443115
0.4409826099872589 0.38271215558052063 -0.81182861328125 -0.08196382969617844 -0.018945422023534775 -0.9003577828407288 -0.4347376525402069 -0.6272968649864197 -0.8973156213760376 0.20709216594696045 -0.38979142904281616 -1.3202379941940308
0.4409160315990448 0.382681280374527 -0.8118793368339539 -0.08198198676109314 -0.01886839047074318 -0.9004002809524536 -0.4346529245376587 -0.6272369623184204 -0.8973499536514282 0.20696429908275604 -0.38978031277656555 -1.320051670074463
0.4408901333808899 0.3826481103897095 -0.811909019947052 -0.0819748267531395 -0.018889382481575012 -0.900416374206543 -0.43461865186691284 -0.6272141933441162 -0.8973622918128967 0.20695552229881287 -0.3897566795349121 -1.319961667060852
0.44091159105300903 0.3826808035373688 -0.811881959438324 -0.08196235448122025 -0.018888382241129875 -0.900396466255188 -0.4346599578857422 -0.6272240281105042 -0.8973517417907715 0.20698173344135284 -0.38976699113845825 -1.3199621438980103
0.4409235417842865 0.38266927003860474 -0.811880886554718 -0.08198153972625732 -0.018893858417868614 -0.900399923324585 -0.4346525967121124 -0.6272472739219666 -0.897345781326294 0.206988126039505 -0.38977739214897156 -1.3201403617858887
0.4409179389476776 0.38265976309776306 -0.8118884563446045 -0.08197319507598877 -0.018928511068224907 -0.9003977179527283 -0.43465566635131836 -0.6272531151771545 -0.8973478078842163 0.20701532065868378 -0.38975828886032104 -1.3201521635055542
0.44093212485313416 0.38260939717292786 -0.8119044899940491 -0.08196727931499481 -0.01893836446106434 -0.9004206657409668 -0.43460771441459656 -0.627230703830719 -0.8973405957221985 0.20700864493846893 -0.38977834582328796 -1.3201075792312622
0.4409043788909912 0.38261887431144714 -0.8119150996208191 -0.08195006847381592 -0.018897661939263344 -0.9004284143447876 -0.43459343910217285 -0.6272302865982056 -0.8973550796508789 0.20695742964744568 -0.3897721767425537 -1.3201144933700562
0.4408186376094818 0.3825318515300751 -0.8120026588439941 -0.08191452920436859 -0.018904102966189384 -0.900484025478363 -0.4344778060913086 -0.6272293925285339 -0.8973971009254456 0.20687608420848846 -0.3897186815738678 -1.3200607299804688
0.440794438123703 0.38253262639045715 -0.8120154142379761 -0.08189138025045395 -0.018924051895737648 -0.9004819989204407 -0.434481143951416 -0.6272318959236145 -0.8974085450172424 0.2068834900856018 -0.3896883726119995 -1.320064902305603
0.4408634901046753 0.382611483335495 -0.8119407296180725 -0.08190574496984482 -0.01881101168692112 -0.9004573822021484 -0.4345371723175049 -0.6271952986717224 -0.8973770141601562 0.2068449854850769 -0.3897814452648163 -1.3200737237930298
0.4408548176288605 0.3826136887073517 -0.8119444251060486 -0.08195874094963074 -0.018778901547193527 -0.900464653968811 -0.43452343344688416 -0.6271417140960693 -0.8973819613456726 0.2068091630935669 -0.38978907465934753 -1.3199272155761719
0.44084104895591736 0.38261011242866516 -0.811953604221344 -0.08194585889577866 -0.01880364492535591 -0.9004625678062439 -0.4345266819000244 -0.6271368861198425 -0.8973881602287292 0.2068248689174652 -0.3897663652896881 -1.319922924041748
0.4408887028694153 0.3826039731502533 -0.8119305968284607 -0.08198083192110062 -0.018758611753582954 -0.9004703760147095 -0.43451252579689026 -0.6271218657493591 -0.8973656892776489 0.2068023383617401 -0.3898300528526306 -1.3198363780975342
0.4408954381942749 0.3825993239879608 -0.8119291663169861 -0.08197441697120667 -0.018763214349746704 -0.9004709720611572 -0.43451106548309326 -0.6271237134933472 -0.8973622918128967 0.20680834352970123 -0.3898347020149231 -1.3198264837265015
0.44093799591064453 0.3825954794883728 -0.8119078278541565 -0.0819680243730545 -0.018777672201395035 -0.9004644155502319 -0.43452396988868713 -0.627187192440033 -0.8973410725593567 0.20684386789798737 -0.3898646831512451 -1.3200607299804688
0.4409567415714264 0.38257718086242676 -0.8119062781333923 -0.08196233958005905 -0.018763499334454536 -0.9004751443862915 -0.4345023036003113 -0.627190351486206 -0.8973321914672852 0.2068309187889099 -0.3898920714855194 -1.3200591802597046
0.44108012318611145 0.3826039135456085 -0.8118266463279724 -0.08197637647390366 -0.018839402124285698 -0.9004281163215637 -0.4345965087413788 -0.6270725131034851 -0.8972699642181396 0.2069861888885498 -0.3899528682231903 -1.319861650466919
0.44105714559555054 0.38256290555000305 -0.8118584752082825 -0.08196286857128143 -0.01891886629164219 -0.9004346132278442 -0.43457967042922974 -0.6270772218704224 -0.8972795605659485 0.2070339024066925 -0.3899054229259491 -1.3198237419128418
0.44106557965278625 0.38258570432662964 -0.8118431568145752 -0.08195511996746063 -0.01890060305595398 -0.9004255533218384 -0.4345991611480713 -0.6270782947540283 -0.8972758054733276 0.20703105628490448 -0.3899155855178833 -1.3198201656341553
0.44111037254333496 0.3825851082801819 -0.8118190765380859 -0.0819970890879631 -0.019055303186178207 -0.9003846049308777 -0.43467721343040466 -0.6269904375076294 -0.8972505331039429 0.20721006393432617 -0.38987869024276733 -1.3197487592697144
0.441141277551651 0.38258787989616394 -0.811801016330719 -0.08200006932020187 -0.01904914900660515 -0.9003807306289673 -0.43468552827835083 -0.6269835233688354 -0.8972354531288147 0.2072218358516693 -0.3899070918560028 -1.3197475671768188
0.4412161409854889 0.38255608081817627 -0.811775267124176 -0.08200054615736008 -0.019138507544994354 -0.9003678560256958 -0.43470826745033264 -0.6270228028297424 -0.8971967697143555 0.2073364555835724 -0.3899352252483368 -1.3198118209838867
0.44120094180107117 0.3825305998325348 -0.8117955923080444 -0.08199416846036911 -0.01902185007929802 -0.9004103541374207 -0.43462538719177246 -0.6271000504493713 -0.897206723690033 0.20719897747039795 -0.38998541235923767 -1.3198745250701904
0.44120046496391296 0.3825198709964752 -0.8118008971214294 -0.08199047297239304 -0.019050171598792076 -0.9004095792770386 -0.43462568521499634 -0.6271041631698608 -0.8972063064575195 0.20722199976444244 -0.38997402787208557 -1.3198738098144531
0.4412195384502411 0.3825715482234955 -0.8117661476135254 -0.08200320601463318 -0.019049756228923798 -0.9003796577453613 -0.4346877336502075 -0.6271287202835083 -0.8971969485282898 0.20725665986537933 -0.3899771571159363 -1.3199481964111328
0.4412092864513397 0.38258466124534607 -0.8117655515670776 -0.08199863135814667 -0.019048579037189484 -0.900374174118042 -0.434699147939682 -0.627139687538147 -0.8972020149230957 0.2072562575340271 -0.3899657130241394 -1.319951057434082
0.44116130471229553 0.3825382590293884 -0.811813473701477 -0.08199042081832886 -0.01901734620332718 -0.9004122018814087 -0.43462178111076355 -0.627112090587616 -0.8972262740135193 0.2071768343448639 -0.3899520933628082 -1.3198281526565552
0.4411815106868744 0.3825867176055908 -0.8117796778678894 -0.08199284970760345 -0.018986396491527557 -0.9003908634185791 -0.4346672594547272 -0.6271277666091919 -0.8972169756889343 0.20717991888523102 -0.3899718225002289 -1.3198274374008179
0.4411575198173523 0.3825392723083496 -0.811815083026886 -0.08203302323818207 -0.01902516558766365 -0.9004102945327759 -0.4346253573894501 -0.6271989941596985 -0.897227942943573 0.20718315243721008 -0.3899448812007904 -1.3198742866516113
0.44117844104766846 0.3824935257434845 -0.8118252754211426 -0.08203485608100891 -0.019046403467655182 -0.9004272818565369 -0.4345892071723938 -0.6272090077400208 -0.8972172141075134 0.20719373226165771 -0.38996395468711853 -1.3198703527450562
0.4411068558692932 0.38253253698349 -0.8118457794189453 -0.0820140615105629 -0.01905030757188797 -0.9004143476486206 -0.434615820646286 -0.6271277666091919 -0.8972523808479309 0.20717792212963104 -0.38989153504371643 -1.319820761680603
0.4410760700702667 0.3825402557849884 -0.8118588328361511 -0.08201075345277786 -0.019049903377890587 -0.9004141092300415 -0.4346163272857666 -0.6271430850028992 -0.8972675204277039 0.2071646898984909 -0.3898637294769287 -1.3198280334472656
0.4410388767719269 0.3824983239173889 -0.8118988275527954 -0.08197745680809021 -0.019114797934889793 -0.9004262089729309 -0.4345884919166565 -0.6271691918373108 -0.8972843885421753 0.207189679145813 -0.38981151580810547 -1.3199299573898315
0.44101789593696594 0.38255205750465393 -0.811884880065918 -0.08199707418680191 -0.0191411804407835 -0.9003939032554626 -0.434654176235199 -0.6272000074386597 -0.8972941637039185 0.20723070204257965 -0.38976728916168213 -1.320006251335144
0.4410126507282257 0.3825584650039673 -0.8118847608566284 -0.08198948949575424 -0.0191517136991024 -0.9003887176513672 -0.4346645176410675 -0.6272216439247131 -0.8972964882850647 0.20724152028560638 -0.38975611329078674 -1.320022702217102
0.441021203994751 0.382560670375824 -0.81187903881073 -0.08199715614318848 -0.019250404089689255 -0.9003636837005615 -0.4347120225429535 -0.6272356510162354 -0.8972901701927185 0.20734621584415436 -0.3897149860858917 -1.320135474205017
0.44100162386894226 0.38259685039520264 -0.811872661113739 -0.08199174702167511 -0.019210942089557648 -0.9003558158874512 -0.4347299635410309 -0.6272686719894409 -0.897300660610199 0.2073134481906891 -0.3897083103656769 -1.3201731443405151
0.44103506207466125 0.3826230764389038 -0.8118420839309692 -0.08199986070394516 -0.019259784370660782 -0.9003263711929321 -0.43478885293006897 -0.6272666454315186 -0.8972831964492798 0.20739302039146423 -0.38970622420310974 -1.3202263116836548
0.44103777408599854 0.38258466124534607 -0.8118587136268616 -0.08199180662631989 -0.019296854734420776 -0.9003380537033081 -0.4347630441188812 -0.6272799372673035 -0.8972810506820679 0.20741324126720428 -0.38970038294792175 -1.3202484846115112
0.44102782011032104 0.3826209604740143 -0.8118470311164856 -0.08199112862348557 -0.019287066534161568 -0.9003220796585083 -0.4347964823246002 -0.6272684931755066 -0.8972861766815186 0.20741549134254456 -0.3896873891353607 -1.3202400207519531
0.4410327672958374 0.382625013589859 -0.8118424415588379 -0.08199520409107208 -0.01929626241326332 -0.9003171920776367 -0.4348062574863434 -0.6272904276847839 -0.8972834944725037 0.20742931962013245 -0.38968610763549805 -1.3203061819076538
0.4410315155982971 0.3826505243778229 -0.8118311166763306 -0.08199019730091095 -0.019293682649731636 -0.9003042578697205 -0.4348331093788147 -0.6273105144500732 -0.897284209728241 0.20743831992149353 -0.38967978954315186 -1.3203328847885132
0.4410562217235565 0.38263723254203796 -0.8118239641189575 -0.08200671523809433 -0.019329296424984932 -0.9003000855445862 -0.4348401725292206 -0.6273424625396729 -0.8972712755203247 0.20748093724250793 -0.38968682289123535 -1.3204540014266968
0.4410519599914551 0.38262641429901123 -0.8118313550949097 -0.08200521022081375 -0.019372502341866493 -0.9002964496612549 -0.43484583497047424 -0.6273595690727234 -0.8972724676132202 0.20751680433750153 -0.38966503739356995 -1.3204913139343262
0.44100308418273926 0.3825584948062897 -0.8118899464607239 -0.08197234570980072 -0.01926230825483799 -0.900364339351654 -0.43471014499664307 -0.6273553371429443 -0.8972988128662109 0.20734737813472748 -0.3896944522857666 -1.320307731628418
0.441036581993103 0.38258081674575806 -0.8118612170219421 -0.08196273446083069 -0.019237274304032326 -0.9003540277481079 -0.4347326159477234 -0.6273823380470276 -0.8972828984260559 0.2073509693145752 -0.38972920179367065 -1.3203328847885132
0.44099074602127075 0.38258886337280273 -0.8118823170661926 -0.08200732618570328 -0.019190004095435143 -0.9003663063049316 -0.43470922112464905 -0.627389132976532 -0.8973064422607422 0.20728276669979095 -0.38971129059791565 -1.3202883005142212
0.4410133361816406 0.3825504183769226 -0.8118881583213806 -0.08202362805604935 -0.01920533925294876 -0.900380551815033 -0.4346790611743927 -0.6274332404136658 -0.8972949981689453 0.207291841506958 -0.3897327780723572 -1.3204238414764404
0.4409951865673065 0.3825765550136566 -0.8118857145309448 -0.08201688528060913 -0.01918277144432068 -0.9003739953041077 -0.4346936047077179 -0.6274523735046387 -0.8973044157028198 0.2072719931602478 -0.38972169160842896 -1.320438265800476
0.4409825801849365 0.38255152106285095 -0.8119043707847595 -0.08198128640651703 -0.01920451782643795 -0.9003839492797852 -0.4346720278263092 -0.6273819804191589 -0.8973101377487183 0.20727501809597015 -0.38970687985420227 -1.3203613758087158
0.440995991230011 0.38256850838661194 -0.8118890523910522 -0.0819626972079277 -0.019211677834391594 -0.9003715515136719 -0.4346974492073059 -0.627405047416687 -0.8973034024238586 0.20729757845401764 -0.3897104263305664 -1.3203864097595215
0.441045880317688 0.38255807757377625 -0.8118668794631958 -0.08199339359998703 -0.0192099642008543 -0.9003713726997375 -0.4346978962421417 -0.6273958086967468 -0.897278904914856 0.20731763541698456 -0.38975611329078674 -1.320373296737671
0.44102615118026733 0.3825238049030304 -0.8118937015533447 -0.08197469264268875 -0.019233401864767075 -0.9003867506980896 -0.4346650242805481 -0.6274150609970093 -0.8972881436347961 0.2073141187429428 -0.3897368311882019 -1.3203892707824707
0.4410364627838135 0.3826054036617279 -0.8118496537208557 -0.08194656670093536 -0.019135545939207077 -0.900364339351654 -0.4347156584262848 -0.627407968044281 -0.8972851634025574 0.2072606235742569 -0.38977211713790894 -1.3204526901245117
0.44106173515319824 0.38264381885528564 -0.8118178248405457 -0.08199605345726013 -0.019058004021644592 -0.9003585577011108 -0.43473103642463684 -0.6273984909057617 -0.897274374961853 0.2072148472070694 -0.38982126116752625 -1.3204270601272583
0.44109779596328735 0.38264697790145874 -0.8117967844009399 -0.0819847360253334 -0.019054517149925232 -0.9003532528877258 -0.4347422420978546 -0.6274120807647705 -0.8972567319869995 0.20723223686218262 -0.3898526430130005 -1.3204457759857178
0.4409884512424469 0.3827071189880371 -0.8118278384208679 -0.08203984051942825 -0.01901690848171711 -0.9003432393074036 -0.4347646236419678 -0.6274076104164124 -0.897311270236969 0.20716461539268494 -0.3897630274295807 -1.3203110694885254
0.4409865736961365 0.382724404335022 -0.8118206858634949 -0.0820397287607193 -0.019031813368201256 -0.9003307819366455 -0.434789776802063 -0.6274272799491882 -0.8973118662834167 0.20718686282634735 -0.38974982500076294 -1.3203221559524536
0.4410441815853119 0.3826991021633148 -0.8118013143539429 -0.08200201392173767 -0.019090095534920692 -0.900323748588562 -0.43480178713798523 -0.6273285150527954 -0.8972823023796082 0.20726415514945984 -0.38977673649787903 -1.320304274559021
0.4410129487514496 0.38277480006217957 -0.8117825984954834 -0.08197494596242905 -0.01902628317475319 -0.9003018140792847 -0.4348500072956085 -0.6272088885307312 -0.89729905128479 0.2072196751832962 -0.38976192474365234 -1.3200091123580933
0.44098418951034546 0.3827836215496063 -0.8117940425872803 -0.08197031170129776 -0.01900692656636238 -0.9003050923347473 -0.434844046831131 -0.6272182464599609 -0.8973135352134705 0.20718905329704285 -0.38974472880363464 -1.3200170993804932
0.4410371482372284 0.3827477693557739 -0.81178218126297 -0.08196447044610977 -0.01911856047809124 -0.9002919793128967 -0.434866338968277 -0.6271729469299316 -0.8972851634025574 0.20731230080127716 -0.3897445797920227 -1.3200063705444336
0.44105064868927 0.3827136158943176 -0.811790943145752 -0.08195964246988297 -0.019132286310195923 -0.9003053903579712 -0.43483787775039673 -0.6271806955337524 -0.8972782492637634 0.20731693506240845 -0.38975805044174194 -1.3200174570083618
0.4410281777381897 0.3827822506427765 -0.8117707967758179 -0.08199720829725266 -0.01915067993104458 -0.9002671837806702 -0.434916228055954 -0.6271615028381348 -0.8972889184951782 0.2073562741279602 -0.3897126019001007 -1.320064663887024
0.44104456901550293 0.3827793002128601 -0.8117632865905762 -0.08200324326753616 -0.019211241975426674 -0.9002527594566345 -0.43494343757629395 -0.6270878911018372 -0.8972795605659485 0.20742441713809967 -0.3896978497505188 -1.3199886083602905
0.44100847840309143 0.3828156590461731 -0.811765730381012 -0.08200651407241821 -0.019222360104322433 -0.900235116481781 -0.4349793791770935 -0.6270930171012878 -0.8972970247268677 0.20743364095687866 -0.38965266942977905 -1.320000410079956
0.44101205468177795 0.3827623426914215 -0.8117889761924744 -0.08201025426387787 -0.019224919378757477 -0.900262713432312 -0.4349222481250763 -0.6270924210548401 -0.8972952365875244 0.2074125111103058 -0.3896680772304535 -1.3200154304504395
0.44100499153137207 0.38286474347114563 -0.8117445111274719 -0.08203628659248352 -0.01913980394601822 -0.9002283811569214 -0.4349970519542694 -0.6270768642425537 -0.8973005414009094 0.2073724865913391 -0.3896771967411041 -1.3197859525680542
0.4409990906715393 0.3828202784061432 -0.8117687106132507 -0.08200453966856003 -0.019242821261286736 -0.9002290964126587 -0.4349909722805023 -0.6271397471427917 -0.897301197052002 0.20745132863521576 -0.3896336257457733 -1.319934606552124
0.4410335421562195 0.38281989097595215 -0.8117501735687256 -0.0820082575082779 -0.019237596541643143 -0.9002262353897095 -0.4349970817565918 -0.6271505951881409 -0.8972843885421753 0.20746441185474396 -0.3896653950214386 -1.319943904876709
0.4409557282924652 0.38282936811447144 -0.8117879629135132 -0.08199179172515869 -0.019135961309075356 -0.9002543091773987 -0.4349435269832611 -0.6272274851799011 -0.897324800491333 0.20732519030570984 -0.3896464407444 -1.3200275897979736
0.4409703314304352 0.38282737135887146 -0.8117809891700745 -0.08199481666088104 -0.01914316788315773 -0.9002519249916077 -0.4349481761455536 -0.6272498965263367 -0.8973174691200256 0.20733928680419922 -0.38965579867362976 -1.320044994354248
0.4409855306148529 0.3828171193599701 -0.8117775321006775 -0.08201073855161667 -0.019228732213377953 -0.9002357125282288 -0.43497785925865173 -0.627253532409668 -0.8973081707954407 0.20742838084697723 -0.3896298110485077 -1.3201603889465332
0.4409528374671936 0.3828158378601074 -0.8117958903312683 -0.0820130705833435 -0.01914956606924534 -0.9002587795257568 -0.4349336624145508 -0.6272614002227783 -0.8973259329795837 0.20733076333999634 -0.3896408677101135 -1.3200620412826538
0.4409656822681427 0.3828349709510803 -0.8117799162864685 -0.0820198655128479 -0.019131546840071678 -0.9002510905265808 -0.4349503815174103 -0.6272839307785034 -0.897320032119751 0.20732878148555756 -0.38965556025505066 -1.3200773000717163
0.4410006105899811 0.38279199600219727 -0.8117811679840088 -0.0820116400718689 -0.019218718633055687 -0.9002496600151062 -0.43494951725006104 -0.6273166537284851 -0.8973010182380676 0.2074143886566162 -0.3896538317203522 -1.3202548027038574
0.4409703016281128 0.3828407824039459 -0.8117746710777283 -0.08201242983341217 -0.01921895332634449 -0.9002271890640259 -0.43499597907066345 -0.627334713935852 -0.8973158597946167 0.20742174983024597 -0.38961559534072876 -1.3202760219573975
0.4409805238246918 0.3828209340572357 -0.8117784857749939 -0.08203401416540146 -0.019245347008109093 -0.9002304673194885 -0.43498802185058594 -0.6274352073669434 -0.8973102569580078 0.2074441909790039 -0.38961654901504517 -1.320459008216858
0.44096729159355164 0.3828306794166565 -0.8117810487747192 -0.08203528076410294 -0.019273007288575172 -0.900220513343811 -0.4350074529647827 -0.6274558901786804 -0.8973162174224854 0.20746950805187225 -0.38958945870399475 -1.3204870223999023
0.4409416615962982 0.3828034996986389 -0.8118078112602234 -0.08206029236316681 -0.019234459847211838 -0.9002471566200256 -0.4349539875984192 -0.6274734735488892 -0.8973296284675598 0.2074040025472641 -0.3895934224128723 -1.320435643196106
0.4409544765949249 0.3827926814556122 -0.8118059635162354 -0.08206207305192947 -0.019236259162425995 -0.9002509117126465 -0.43494606018066406 -0.6274932026863098 -0.8973233103752136 0.20740750432014465 -0.38960614800453186 -1.320456624031067
0.44090116024017334 0.38275542855262756 -0.8118524551391602 -0.08202314376831055 -0.019220707938075066 -0.9002810716629028 -0.43488433957099915 -0.627309262752533 -0.8973498344421387 0.2073453813791275 -0.3895781338214874 -1.3201137781143188
0.4409179091453552 0.38277602195739746 -0.8118336796760559 -0.08200474083423615 -0.019153684377670288 -0.9002834558486938 -0.43488234281539917 -0.6273792386054993 -0.8973430395126343 0.20729701220989227 -0.38961949944496155 -1.320300579071045
0.4408939480781555 0.38281163573265076 -0.8118298649787903 -0.082018181681633 -0.019183816388249397 -0.9002603888511658 -0.4349288046360016 -0.6273059844970703 -0.8973541259765625 0.20733146369457245 -0.3895755410194397 -1.320221185684204
0.4408647119998932 0.3827715218067169 -0.8118646740913391 -0.08201868087053299 -0.01918666437268257 -0.9002848267555237 -0.43487808108329773 -0.6273499131202698 -0.8973684310913086 0.2072993665933609 -0.38955968618392944 -1.3202879428863525
0.44085195660591125 0.38277262449264526 -0.8118710517883301 -0.08201436698436737 -0.019180290400981903 -0.9002872705459595 -0.4348732829093933 -0.6273696422576904 -0.8973748683929443 0.20728665590286255 -0.38955169916152954 -1.3203151226043701
0.44086480140686035 0.3827788531780243 -0.8118611574172974 -0.08201006054878235 -0.01919909380376339 -0.9002780318260193 -0.43489161133766174 -0.6273840069770813 -0.8973681330680847 0.20731540024280548 -0.3895518481731415 -1.3203407526016235
0.44077789783477783 0.3827954828739166 -0.8119004964828491 -0.0820264220237732 -0.019150692969560623 -0.9002910256385803 -0.4348667860031128 -0.6273853778839111 -0.8974118828773499 0.20722812414169312 -0.3894975483417511 -1.3203221559524536
0.4408107399940491 0.38278883695602417 -0.8118858337402344 -0.08199618756771088 -0.019184129312634468 -0.9002828598022461 -0.43488234281539917 -0.6273051500320435 -0.8973950147628784 0.2072761058807373 -0.3895108103752136 -1.3202608823776245
0.44086557626724243 0.38275960087776184 -0.8118698000907898 -0.08198388665914536 -0.01919158361852169 -0.9002899527549744 -0.4348672032356262 -0.6273167133331299 -0.8973678946495056 0.20729905366897583 -0.3895610570907593 -1.3202873468399048
0.44090864062309265 0.38279005885124207 -0.811832070350647 -0.08198906481266022 -0.019307000562548637 -0.9002416729927063 -0.43496209383010864 -0.6273561120033264 -0.8973442912101746 0.20745258033275604 -0.38953375816345215 -1.3204947710037231
