# 3x4 first row second row third row Freq: 100 current Time: 2021-07-31-13:00:01
0.38028016686439514 0.4884473383426666 -0.7853700518608093 0.2537764310836792 0.07030080258846283 -0.8619758486747742 -0.502051055431366 -0.7521302700042725 -0.9221956133842468 0.13570788502693176 -0.3621304929256439 -1.3655452728271484
0.3801933825016022 0.4885309338569641 -0.7853600978851318 0.2538142800331116 0.07033456861972809 -0.861935555934906 -0.5021154880523682 -0.7523066401481628 -0.9222288131713867 0.1356630027294159 -0.3620627522468567 -1.3658291101455688
0.38023003935813904 0.4885239601135254 -0.7853466868400574 0.25380808115005493 0.070336252450943 -0.8619368076324463 -0.5021131038665771 -0.7522949576377869 -0.9222135543823242 0.13568012416362762 -0.3620951473712921 -1.3658255338668823
0.3802523910999298 0.48840096592903137 -0.7854123711585999 0.25383317470550537 0.0703858733177185 -0.8620206117630005 -0.5019622445106506 -0.7522625923156738 -0.9222005605697632 0.13559038937091827 -0.36216187477111816 -1.3657253980636597
0.38004180788993835 0.4885443449020386 -0.7854251265525818 0.25383761525154114 0.07027938961982727 -0.8619331121444702 -0.5021274089813232 -0.7522125840187073 -0.9222955107688904 0.13563019037246704 -0.36190515756607056 -1.3657643795013428
0.3800424337387085 0.48853540420532227 -0.785430371761322 0.25382915139198303 0.07030076533555984 -0.861941933631897 -0.5021092891693115 -0.7521932721138 -0.9222936034202576 0.13560646772384644 -0.3619188666343689 -1.3657692670822144
0.3801023066043854 0.4885195195674896 -0.7854112386703491 0.25382620096206665 0.07017393410205841 -0.8619277477264404 -0.5021513104438782 -0.7522129416465759 -0.9222785830497742 0.13575346767902374 -0.36190202832221985 -1.3657617568969727
0.38011595606803894 0.48854345083236694 -0.78538978099823 0.25382205843925476 0.07017777860164642 -0.8619117736816406 -0.5021782517433167 -0.7521958351135254 -0.9222726821899414 0.1357690542936325 -0.36191123723983765 -1.3657687902450562
0.3801567852497101 0.4885800778865814 -0.7853472232818604 0.25381091237068176 0.06984470784664154 -0.8618353605270386 -0.5023557543754578 -0.7521917819976807 -0.9222811460494995 0.13612157106399536 -0.3617572486400604 -1.3658790588378906
0.3801410496234894 0.4885731041431427 -0.7853592038154602 0.2538039982318878 0.06984982639551163 -0.8618420958518982 -0.5023435354232788 -0.7521728873252869 -0.9222872257232666 0.13610418140888214 -0.36174824833869934 -1.3658984899520874
0.3801310956478119 0.4885381758213043 -0.7853857278823853 0.25375884771347046 0.06999199092388153 -0.8618863224983215 -0.5022478103637695 -0.7522128224372864 -0.9222805500030518 0.1359492838382721 -0.36182349920272827 -1.3658620119094849
0.3801279067993164 0.48853760957717896 -0.7853876352310181 0.25374817848205566 0.06995376199483871 -0.8618813753128052 -0.5022616982460022 -0.7522006630897522 -0.9222847819328308 0.13598285615444183 -0.3618001639842987 -1.36587655544281
0.38010933995246887 0.4885321259498596 -0.7854000329971313 0.2538415193557739 0.07009532302618027 -0.8619074821472168 -0.5021971464157104 -0.7522257566452026 -0.9222816824913025 0.13583694398403168 -0.3618628680706024 -1.3657474517822266
0.3799285292625427 0.4885413646697998 -0.7854817509651184 0.25390076637268066 0.07006988674402237 -0.861914873123169 -0.5021880269050598 -0.7523888349533081 -0.9223580956459045 0.13575692474842072 -0.3616980314254761 -1.365990400314331
0.3799067437648773 0.488564670085907 -0.7854778170585632 0.25390851497650146 0.07005159556865692 -0.8618993163108826 -0.5022172331809998 -0.7523912191390991 -0.9223684668540955 0.1357717365026474 -0.3616660237312317 -1.365999460220337
0.3800419867038727 0.4884386360645294 -0.7854907512664795 0.2538120448589325 0.06991419196128845 -0.8619469404220581 -0.5021547079086304 -0.7523450255393982 -0.9223231673240662 0.13592290878295898 -0.36172476410865784 -1.3659298419952393
0.38006487488746643 0.4884500801563263 -0.785472571849823 0.2538065016269684 0.06989623606204987 -0.8619347810745239 -0.5021780133247375 -0.7523434162139893 -0.9223151206970215 0.13595861196517944 -0.3617318868637085 -1.3659347295761108
0.3799535930156708 0.48837774991989136 -0.7855713963508606 0.2538735270500183 0.06985832005739212 -0.8619859218597412 -0.5020955204963684 -0.7523263692855835 -0.922363817691803 0.1358942836523056 -0.3616318702697754 -1.3658740520477295
0.3799627423286438 0.48839762806892395 -0.7855545878410339 0.2538672089576721 0.06987343728542328 -0.8619745969772339 -0.502112865447998 -0.7523333430290222 -0.9223589301109314 0.1358947604894638 -0.3616442084312439 -1.3658716678619385
0.3799668848514557 0.4883047640323639 -0.7856103181838989 0.25384521484375 0.06987705826759338 -0.8620340824127197 -0.5020102262496948 -0.7522470355033875 -0.922356903553009 0.13585110008716583 -0.36166566610336304 -1.3656954765319824
0.37993013858795166 0.48830652236938477 -0.785627007484436 0.25384658575057983 0.06986939907073975 -0.8620352745056152 -0.5020092129707336 -0.7522441148757935 -0.9223726391792297 0.135837122797966 -0.36163079738616943 -1.365692377090454
0.3800301253795624 0.4882618486881256 -0.7856063842773438 0.25375908613204956 0.06954963505268097 -0.8620072603225708 -0.502101719379425 -0.7522305846214294 -0.9223556518554688 0.13617512583732605 -0.3615471124649048 -1.3658546209335327
0.3799546957015991 0.48819947242736816 -0.7856816649436951 0.2537953555583954 0.06963305175304413 -0.8620665669441223 -0.501988410949707 -0.752146303653717 -0.9223803877830505 0.1360234171152115 -0.3615410029888153 -1.3656176328659058
0.37995654344558716 0.48818284273147583 -0.7856910824775696 0.25379741191864014 0.06961768120527267 -0.8620747327804565 -0.501976490020752 -0.7521385550498962 -0.922380805015564 0.13603124022483826 -0.36153703927993774 -1.365619421005249
0.37989723682403564 0.48823627829551697 -0.7856865525245667 0.25390931963920593 0.06959661096334457 -0.8620430827140808 -0.5020337104797363 -0.7522636651992798 -0.922406792640686 0.1360400915145874 -0.3614673316478729 -1.3658666610717773
0.379898339509964 0.48823410272598267 -0.7856873869895935 0.2539235055446625 0.06957701593637466 -0.8620414733886719 -0.5020391941070557 -0.7522614598274231 -0.922407865524292 0.13605806231498718 -0.3614579439163208 -1.3658785820007324
0.3799147605895996 0.48831385374069214 -0.7856298685073853 0.2537870407104492 0.06962917000055313 -0.8619966506958008 -0.5021089315414429 -0.7522792220115662 -0.9223971366882324 0.1360558122396469 -0.3614860773086548 -1.3658496141433716
0.3799045979976654 0.48834240436553955 -0.7856170535087585 0.25378304719924927 0.06961909681558609 -0.8619778752326965 -0.5021425485610962 -0.7522757053375244 -0.9224020838737488 0.1360723078250885 -0.36146724224090576 -1.365861415863037
0.37999412417411804 0.48820760846138 -0.785657525062561 0.25375786423683167 0.06945960223674774 -0.8620320558547974 -0.5020716786384583 -0.7521946430206299 -0.9223772287368774 0.1362128108739853 -0.3614777624607086 -1.3657571077346802
0.380021333694458 0.48824962973594666 -0.785618245601654 0.2537522614002228 0.06949728727340698 -0.8620081543922424 -0.5021073818206787 -0.7521926760673523 -0.9223631620407104 0.13621316850185394 -0.3615134656429291 -1.3657722473144531
0.3801130950450897 0.488132119178772 -0.7856468558311462 0.25378236174583435 0.06916311383247375 -0.8620252013206482 -0.5021243095397949 -0.7523040771484375 -0.9223505258560181 0.1365262269973755 -0.36142775416374207 -1.3661558628082275
0.3801502585411072 0.4881109297275543 -0.7856420874595642 0.2538129389286041 0.06938887387514114 -0.8620686531066895 -0.5020186305046082 -0.7522879838943481 -0.9223182201385498 0.13632766902446747 -0.36158502101898193 -1.3658907413482666
0.3801523745059967 0.4880762994289398 -0.7856625318527222 0.2538193166255951 0.06937815248966217 -0.8620889782905579 -0.5019851326942444 -0.7522885203361511 -0.922318160533905 0.136323019862175 -0.36158695816993713 -1.3659087419509888
0.38015592098236084 0.48809319734573364 -0.785650372505188 0.25382906198501587 0.06939653307199478 -0.8620805740356445 -0.5019970536231995 -0.7522879838943481 -0.9223152995109558 0.1363157331943512 -0.361596941947937 -1.365928292274475
0.3800661861896515 0.4881127178668976 -0.7856816053390503 0.25387701392173767 0.06946652382612228 -0.8620868921279907 -0.501976490020752 -0.7525174617767334 -0.9223470091819763 0.13620571792125702 -0.3615575432777405 -1.3662240505218506
0.3801722824573517 0.4880610406398773 -0.7856624126434326 0.2538643479347229 0.06913916021585464 -0.8620615005493164 -0.5020653605461121 -0.7524885535240173 -0.9223278760910034 0.13655127584934235 -0.36147597432136536 -1.3662828207015991
0.38015016913414 0.4881136417388916 -0.7856404185295105 0.2538679540157318 0.06916244328022003 -0.8620334267616272 -0.5021103620529175 -0.7525011301040649 -0.9223352670669556 0.1365405023097992 -0.36146122217178345 -1.3663194179534912
0.3801438510417938 0.48802781105041504 -0.785696804523468 0.25383973121643066 0.06935765594244003 -0.8621177077293396 -0.5019386410713196 -0.7524539828300476 -0.9223232269287109 0.1363147795200348 -0.3615771532058716 -1.366010069847107
0.3801712095737457 0.48803138732910156 -0.7856813669204712 0.25384262204170227 0.06934036314487457 -0.8621103167533875 -0.5019537806510925 -0.7524725198745728 -0.9223132133483887 0.1363489180803299 -0.3615897297859192 -1.3660345077514648
0.3802974224090576 0.48807594180107117 -0.7855925559997559 0.2538153827190399 0.06938186287879944 -0.8620760440826416 -0.5020068883895874 -0.7524035573005676 -0.9222580790519714 0.13640601933002472 -0.3617088496685028 -1.3658928871154785
0.38029468059539795 0.48812201619148254 -0.7855652570724487 0.2538124918937683 0.06942279636859894 -0.8620529174804688 -0.5020409226417542 -0.7524233460426331 -0.9222561120986938 0.13638733327388763 -0.36172088980674744 -1.3659121990203857
0.380198210477829 0.4881882667541504 -0.7855708003044128 0.25389552116394043 0.06952442973852158 -0.8620346784591675 -0.5020580887794495 -0.7525606155395508 -0.9222882390022278 0.13626521825790405 -0.36168500781059265 -1.366198182106018
0.3802999258041382 0.4881446957588196 -0.7855486273765564 0.25391143560409546 0.0693584457039833 -0.8620283603668213 -0.5020918846130371 -0.752672016620636 -0.9222587943077087 0.1364610642194748 -0.36168622970581055 -1.3665435314178467
0.3803067207336426 0.4881424307823181 -0.7855467796325684 0.25391069054603577 0.06932302564382553 -0.8620239496231079 -0.5021044015884399 -0.752689003944397 -0.9222586750984192 0.13649718463420868 -0.361672967672348 -1.3665945529937744
0.3802080750465393 0.4881558418273926 -0.7855861783027649 0.253875732421875 0.06957054883241653 -0.8620613217353821 -0.5020060539245605 -0.7525151371955872 -0.9222807288169861 0.13621306419372559 -0.3617238998413086 -1.3662776947021484
0.3802872896194458 0.48812898993492126 -0.7855645418167114 0.25397247076034546 0.06959459185600281 -0.8620745539665222 -0.5019800066947937 -0.7526917457580566 -0.9222462177276611 0.13622553646564484 -0.36180707812309265 -1.3665515184402466
0.38028445839881897 0.4881556034088135 -0.7855493426322937 0.2539823651313782 0.0696072056889534 -0.8620596528053284 -0.5020037889480591 -0.7527092695236206 -0.9222464561462402 0.13622432947158813 -0.3618069887161255 -1.3665934801101685
0.3802773952484131 0.4880935549736023 -0.7855913043022156 0.25396206974983215 0.0695684626698494 -0.8620942831039429 -0.5019497275352478 -0.7526043653488159 -0.9222522974014282 0.13622774183750153 -0.36179083585739136 -1.3665376901626587
0.3802938759326935 0.48801514506340027 -0.7856320738792419 0.2539078891277313 0.06937497109174728 -0.8621141910552979 -0.5019422769546509 -0.7526735067367554 -0.922260046005249 0.1363823562860489 -0.3617127239704132 -1.3666647672653198
0.38016217947006226 0.48799681663513184 -0.7857071757316589 0.2539013624191284 0.06937585771083832 -0.8621385097503662 -0.5019004344940186 -0.7525470852851868 -0.9223142862319946 0.1362944394350052 -0.3616075813770294 -1.3664592504501343
0.3801335096359253 0.48809367418289185 -0.7856608629226685 0.25385382771492004 0.06958717852830887 -0.8621104955673218 -0.5019192099571228 -0.7524327039718628 -0.9223101735115051 0.1361243724822998 -0.36168211698532104 -1.3661582469940186
0.3802120089530945 0.48814254999160767 -0.7855925559997559 0.25391337275505066 0.0696030780673027 -0.8620742559432983 -0.5019793510437012 -0.7525626420974731 -0.9222766160964966 0.1361788958311081 -0.361747145652771 -1.3663063049316406
0.3802081048488617 0.48816564679145813 -0.785580039024353 0.2539166212081909 0.06959012895822525 -0.8620579242706299 -0.5020091533660889 -0.7525785565376282 -0.9222792387008667 0.13619929552078247 -0.3617328703403473 -1.366326093673706
0.38028886914253235 0.48804736137390137 -0.7856144905090332 0.2539738118648529 0.06935936957597733 -0.8620917797088623 -0.5019829273223877 -0.7525001764297485 -0.9222633242607117 0.13640877604484558 -0.3616945147514343 -1.3664571046829224
0.38015860319137573 0.48817160725593567 -0.7856003046035767 0.2538919746875763 0.06969369202852249 -0.862074077129364 -0.5019670128822327 -0.752430260181427 -0.9222918152809143 0.1360756754875183 -0.36174729466438293 -1.3660457134246826
0.380180686712265 0.48815563321113586 -0.7855995297431946 0.25389885902404785 0.06970744580030441 -0.8620842099189758 -0.5019477009773254 -0.7524330615997314 -0.9222816824913025 0.136068657040596 -0.36177581548690796 -1.366053581237793
0.38020601868629456 0.488224059343338 -0.785544753074646 0.2538676857948303 0.06934115290641785 -0.8619840145111084 -0.5021705031394958 -0.7524794340133667 -0.9222988486289978 0.1364576518535614 -0.36158546805381775 -1.366316795349121
0.38005876541137695 0.48830798268318176 -0.7855638861656189 0.25386860966682434 0.06937434524297714 -0.8619492053985596 -0.5022256970405579 -0.7526015639305115 -0.9223570227622986 0.1363772749900818 -0.3614673316478729 -1.366530179977417
0.3800400495529175 0.488315224647522 -0.7855684161186218 0.25386154651641846 0.06935494393110275 -0.8619434237480164 -0.5022382140159607 -0.752606987953186 -0.922366201877594 0.13638757169246674 -0.3614400625228882 -1.3665626049041748
0.3800537586212158 0.48822978138923645 -0.7856149077415466 0.2539408206939697 0.06949833035469055 -0.8620179295539856 -0.5020905137062073 -0.7526835799217224 -0.922349750995636 0.13622243702411652 -0.36154425144195557 -1.3664659261703491
0.38003724813461304 0.4882308542728424 -0.785622239112854 0.253948450088501 0.06955791264772415 -0.862027645111084 -0.5020655989646912 -0.7527127265930176 -0.9223520755767822 0.13615737855434418 -0.3615628778934479 -1.3665014505386353
0.38000422716140747 0.488185316324234 -0.7856664657592773 0.2539138197898865 0.06946801394224167 -0.8620465993881226 -0.5020455121994019 -0.7526073455810547 -0.9223724603652954 0.13620072603225708 -0.3614945411682129 -1.366307020187378
0.37997883558273315 0.48824018239974976 -0.7856446504592896 0.25399577617645264 0.0695021003484726 -0.8620189428329468 -0.5020883083343506 -0.7527031898498535 -0.9223803281784058 0.13617895543575287 -0.3614826202392578 -1.3664125204086304
0.3800013065338135 0.4882332980632782 -0.7856380939483643 0.2540036141872406 0.06949425488710403 -0.8620200753211975 -0.5020874738693237 -0.7527285814285278 -0.9223716855049133 0.1361965388059616 -0.361498087644577 -1.3664394617080688
0.37993133068084717 0.48818889260292053 -0.7856995463371277 0.2538920044898987 0.0693470686674118 -0.8620333075523376 -0.5020850300788879 -0.7525619864463806 -0.9224115610122681 0.1362718641757965 -0.3613678812980652 -1.366248369216919
0.3799282908439636 0.4881979823112488 -0.7856953740119934 0.2538909316062927 0.06932736188173294 -0.8620248436927795 -0.502102255821228 -0.752572774887085 -0.9224143028259277 0.13629263639450073 -0.3613530695438385 -1.3662736415863037
0.3799879252910614 0.4882487654685974 -0.7856349349021912 0.2537495195865631 0.06938273459672928 -0.8619949817657471 -0.5021459460258484 -0.7524673938751221 -0.922385573387146 0.13629987835884094 -0.36142367124557495 -1.3660783767700195
0.37996289134025574 0.4882291853427887 -0.7856591939926147 0.2537943124771118 0.06945506483316422 -0.8620204925537109 -0.5020920634269714 -0.752330482006073 -0.9223904609680176 0.13620832562446594 -0.36144575476646423 -1.3657909631729126
0.37994691729545593 0.4882489740848541 -0.7856546640396118 0.25378483533859253 0.06949547678232193 -0.8620153665542603 -0.5020953416824341 -0.7523376941680908 -0.9223939776420593 0.13617011904716492 -0.361451119184494 -1.3657993078231812
0.3798680007457733 0.48815056681632996 -0.7857539653778076 0.2538616955280304 0.06937925517559052 -0.8620685338973999 -0.5020201206207275 -0.7524360418319702 -0.9224352240562439 0.13618634641170502 -0.3613397181034088 -1.3660255670547485
0.37985506653785706 0.48815426230430603 -0.7857578992843628 0.25385782122612 0.06938140839338303 -0.862067699432373 -0.5020212531089783 -0.7524474263191223 -0.9224404096603394 0.13617829978466034 -0.3613295555114746 -1.3660465478897095
0.3799472153186798 0.48819661140441895 -0.7856870293617249 0.25377950072288513 0.0693531259894371 -0.8620277643203735 -0.5020937323570251 -0.7523741722106934 -0.9224045872688293 0.13627925515174866 -0.36138296127319336 -1.3659991025924683
0.38009944558143616 0.4882393479347229 -0.7855868339538574 0.2537660002708435 0.06945084780454636 -0.8620005249977112 -0.5021269917488098 -0.7523167133331299 -0.9223344922065735 0.13629849255084991 -0.36155450344085693 -1.3658246994018555
0.38000282645225525 0.4882630407810211 -0.7856189012527466 0.2537403404712677 0.06937140226364136 -0.8619827628135681 -0.5021684765815735 -0.7521823644638062 -0.922380268573761 0.1363259255886078 -0.36142730712890625 -1.3656519651412964
0.3798820376396179 0.4882110357284546 -0.7857096195220947 0.25369662046432495 0.06952051818370819 -0.862049400806427 -0.5020334124565125 -0.7520447373390198 -0.9224188327789307 0.1360905021429062 -0.3614177107810974 -1.3653769493103027
0.37982070446014404 0.48823872208595276 -0.785722017288208 0.2537798583507538 0.06958351284265518 -0.8620467782020569 -0.5020291805267334 -0.7524099349975586 -0.9224393367767334 0.13600775599479675 -0.36139652132987976 -1.365989089012146
0.3798210024833679 0.48825347423553467 -0.785712718963623 0.25377708673477173 0.0695834755897522 -0.8620373606681824 -0.5020453929901123 -0.7524150013923645 -0.9224392175674438 0.13601475954055786 -0.3613941967487335 -1.36600923538208
0.37992313504219055 0.4881477952003479 -0.7857290506362915 0.25378119945526123 0.06963177025318146 -0.8621023297309875 -0.5019270777702332 -0.7522997260093689 -0.9223935008049011 0.1359819769859314 -0.3615231513977051 -1.365766167640686
0.3799149692058563 0.4881419241428375 -0.785736620426178 0.25378504395484924 0.06959450989961624 -0.8621013760566711 -0.5019339323043823 -0.7523017525672913 -0.9223996996879578 0.13600924611091614 -0.361497163772583 -1.3657774925231934
0.37979304790496826 0.48819825053215027 -0.7857605814933777 0.25381407141685486 0.0696486234664917 -0.8620848655700684 -0.5019547939300537 -0.7523519992828369 -0.9224457740783691 0.13591177761554718 -0.3614161014556885 -1.3658490180969238
0.3798592686653137 0.4881834387779236 -0.7857377529144287 0.25386348366737366 0.06963412463665009 -0.8620859384536743 -0.5019549131393433 -0.752363383769989 -0.9224196076393127 0.13595804572105408 -0.3614654839038849 -1.3658932447433472
0.379872590303421 0.4881773591041565 -0.7857350707054138 0.2538800835609436 0.06963110715150833 -0.862088143825531 -0.5019515752792358 -0.7523625493049622 -0.9224143624305725 0.13596601784229279 -0.3614759147167206 -1.3659006357192993
0.379728227853775 0.48840153217315674 -0.7856655716896057 0.2537980377674103 0.06949981302022934 -0.8619391322135925 -0.5022256374359131 -0.7520750761032104 -0.9224836826324463 0.13610562682151794 -0.36124637722969055 -1.3654736280441284
0.37972697615623474 0.4884021282196045 -0.78566575050354 0.25381049513816833 0.0695204883813858 -0.8619418740272522 -0.5022180080413818 -0.7520656585693359 -0.9224826693534851 0.13608583807945251 -0.36125651001930237 -1.3654801845550537
0.37973925471305847 0.48834019899368286 -0.7856983542442322 0.25388771295547485 0.06955309957265854 -0.8619851469993591 -0.5021392703056335 -0.7522306442260742 -0.9224751591682434 0.13603420555591583 -0.3612951338291168 -1.3658061027526855
0.37974098324775696 0.48835358023643494 -0.7856891751289368 0.25390198826789856 0.06953281164169312 -0.8619734048843384 -0.5021621584892273 -0.7522217631340027 -0.9224759936332703 0.13606035709381104 -0.36128318309783936 -1.3658175468444824
0.3799225389957428 0.4883832633495331 -0.785582959651947 0.25370997190475464 0.06944004446268082 -0.8619236350059509 -0.5022604465484619 -0.7522477507591248 -0.9224082231521606 0.13626912236213684 -0.3613775074481964 -1.3658761978149414
0.3799108862876892 0.4883943796157837 -0.7855817079544067 0.25368937849998474 0.06941531598567963 -0.8619139790534973 -0.5022804737091064 -0.752238929271698 -0.9224148392677307 0.13629038631916046 -0.36135250329971313 -1.3659008741378784
0.37974128127098083 0.48837921023368835 -0.7856731414794922 0.2537483274936676 0.06960951536893845 -0.8619683384895325 -0.5021602511405945 -0.7522804141044617 -0.9224700331687927 0.1360006481409073 -0.36132073402404785 -1.365893006324768
0.37985312938690186 0.4882637560367584 -0.7856907844543457 0.2538474500179291 0.0696570873260498 -0.8620386123657227 -0.5020330548286438 -0.7523013353347778 -0.9224204421043396 0.135969877243042 -0.36145904660224915 -1.3658393621444702
0.37983763217926025 0.4882633686065674 -0.7856985330581665 0.25385329127311707 0.06964518129825592 -0.8620385527610779 -0.5020347833633423 -0.7523086071014404 -0.9224277138710022 0.1359715610742569 -0.3614397943019867 -1.3658477067947388
0.37986502051353455 0.4882393777370453 -0.7857002019882202 0.25381433963775635 0.06976650655269623 -0.8620691895484924 -0.501965343952179 -0.7522345781326294 -0.9224072694778442 0.1358635127544403 -0.36153262853622437 -1.3655644655227661
0.37984082102775574 0.4882792532444 -0.7856871485710144 0.25381773710250854 0.06979698687791824 -0.862050473690033 -0.5019932389259338 -0.7522403001785278 -0.9224148988723755 0.13583891093730927 -0.3615223169326782 -1.3655576705932617
0.38004159927368164 0.4882686734199524 -0.7855966091156006 0.25375449657440186 0.06980258226394653 -0.8620391488075256 -0.5020118951797485 -0.7521970868110657 -0.9223318099975586 0.13594871759414673 -0.3616931140422821 -1.3656727075576782
0.38008081912994385 0.48825958371162415 -0.7855833172798157 0.25374096632003784 0.06980002671480179 -0.8620408773422241 -0.5020092725753784 -0.7521963715553284 -0.9223158359527588 0.135970339179039 -0.36172568798065186 -1.3656798601150513
0.3801761567592621 0.4882710874080658 -0.7855299711227417 0.2537049949169159 0.06985203176736832 -0.8620321750640869 -0.5020169615745544 -0.7521656155586243 -0.9222725629806519 0.13598398864269257 -0.36183077096939087 -1.3655086755752563
0.38017287850379944 0.48826777935028076 -0.785533607006073 0.2536880075931549 0.06982915848493576 -0.8620312809944153 -0.5020217299461365 -0.7521691918373108 -0.9222756624221802 0.13600188493728638 -0.3618161976337433 -1.3655058145523071
0.3802673816680908 0.4883113503456116 -0.7854608297348022 0.25378310680389404 0.06980293989181519 -0.8619906306266785 -0.502095103263855 -0.7523059248924255 -0.9222387075424194 0.13610291481018066 -0.36187243461608887 -1.3658446073532104
0.3803043067455292 0.4883548319339752 -0.7854158878326416 0.2538495361804962 0.06974313408136368 -0.8619505167007446 -0.5021722912788391 -0.7524695992469788 -0.9222279787063599 0.1362008899450302 -0.36186283826828003 -1.366098403930664
0.38032835721969604 0.48833152651786804 -0.7854187488555908 0.25383955240249634 0.06973235309123993 -0.8619615435600281 -0.5021548271179199 -0.7524802684783936 -0.922218918800354 0.13621459901332855 -0.3618808686733246 -1.3661128282546997
0.3802182972431183 0.4883386492729187 -0.7854676246643066 0.2538958489894867 0.06975601613521576 -0.8619709014892578 -0.5021355748176575 -0.7524545192718506 -0.9222624897956848 0.13613002002239227 -0.3618016242980957 -1.366112470626831
0.3801773190498352 0.4883357286453247 -0.7854892611503601 0.25389862060546875 0.06974904984235764 -0.8619756102561951 -0.5021284222602844 -0.7524570226669312 -0.9222798943519592 0.13611070811748505 -0.36176449060440063 -1.3661216497421265
0.38017910718917847 0.48833638429641724 -0.785487949848175 0.2539011240005493 0.06984506547451019 -0.8619891405105591 -0.5020918250083923 -0.7524867653846741 -0.9222719073295593 0.13602234423160553 -0.3618181049823761 -1.3661422729492188
0.38021570444107056 0.4883285462856293 -0.7854751348495483 0.25390204787254333 0.06987733393907547 -0.8619954586029053 -0.5020764470100403 -0.7524948716163635 -0.9222543835639954 0.13601042330265045 -0.3618672788143158 -1.3661555051803589
0.3803307116031647 0.488250732421875 -0.7854678630828857 0.2538281977176666 0.06977999955415726 -0.8620200157165527 -0.5020478963851929 -0.7523580193519592 -0.9222143292427063 0.13613426685333252 -0.3619227707386017 -1.365965485572815
0.3802615702152252 0.4882901608943939 -0.785476803779602 0.2538439929485321 0.06986721605062485 -0.8620142340660095 -0.5020456910133362 -0.7523984313011169 -0.9222362041473389 0.13602958619594574 -0.3619062900543213 -1.3659582138061523
0.3802874684333801 0.4883289337158203 -0.7854401469230652 0.25383859872817993 0.06986524164676666 -0.8619866967201233 -0.5020931959152222 -0.752410888671875 -0.9222257137298584 0.13606476783752441 -0.3619198799133301 -1.365972876548767
0.38028228282928467 0.4883049428462982 -0.7854576110839844 0.2538908123970032 0.06995876878499985 -0.8620163202285767 -0.5020293593406677 -0.7525151371955872 -0.922220766544342 0.13596320152282715 -0.3619706928730011 -1.366168737411499
0.3802615702152252 0.48829033970832825 -0.7854766845703125 0.25388580560684204 0.0699731707572937 -0.8620297312736511 -0.5020043253898621 -0.7525274753570557 -0.9222281575202942 0.1359306424856186 -0.3619639575481415 -1.366178035736084
0.38026052713394165 0.48813119530677795 -0.7855761051177979 0.253811776638031 0.06985009461641312 -0.862113356590271 -0.5018778443336487 -0.7523573637008667 -0.9222379326820374 0.13597173988819122 -0.3619236350059509 -1.3660205602645874
0.3801676034927368 0.4882684051990509 -0.7855358123779297 0.25383248925209045 0.069794662296772 -0.8620262742042542 -0.5020350813865662 -0.7523111701011658 -0.9222804307937622 0.13603125512599945 -0.3617929220199585 -1.3659789562225342
0.3801550567150116 0.48824429512023926 -0.7855568528175354 0.2538289725780487 0.06978811323642731 -0.8620418906211853 -0.5020091533660889 -0.7523142099380493 -0.9222860932350159 0.1360187828540802 -0.3617831766605377 -1.365993857383728
0.38002410531044006 0.4881618022918701 -0.7856714725494385 0.25389090180397034 0.06962849199771881 -0.8620834350585938 -0.501960039138794 -0.7525039315223694 -0.922352135181427 0.13605177402496338 -0.36160239577293396 -1.3663222789764404
0.3800047039985657 0.48817068338394165 -0.7856753468513489 0.2538943886756897 0.06963715702295303 -0.8620808124542236 -0.5019632577896118 -0.7525166869163513 -0.9223594665527344 0.13603618741035461 -0.3615895211696625 -1.3663513660430908
0.37999263405799866 0.4881872534751892 -0.7856708765029907 0.2538558542728424 0.06951619684696198 -0.8620535135269165 -0.5020269155502319 -0.7525310516357422 -0.9223735928535461 0.13614965975284576 -0.36151087284088135 -1.366315484046936
0.3799790143966675 0.48816728591918945 -0.7856898903846741 0.25385594367980957 0.06954847276210785 -0.8620723485946655 -0.5019901394844055 -0.7525414824485779 -0.9223767518997192 0.13610218465328217 -0.3615206480026245 -1.366340160369873
0.38001489639282227 0.4880271852016449 -0.7857595682144165 0.25393640995025635 0.06930354237556458 -0.8621222972869873 -0.5019382238388062 -0.7526580691337585 -0.9223804473876953 0.13628806173801422 -0.3614412844181061 -1.3666287660598755
0.3800375759601593 0.4880144000053406 -0.785756528377533 0.25394773483276367 0.06931071728467941 -0.8621293902397156 -0.5019250512123108 -0.752665638923645 -0.9223705530166626 0.13628901541233063 -0.3614661395549774 -1.366663932800293
0.38007596135139465 0.4879492521286011 -0.7857784032821655 0.2539663314819336 0.06946012377738953 -0.8621894121170044 -0.5018012523651123 -0.7525781393051147 -0.9223434925079346 0.1361423134803772 -0.3615904450416565 -1.3664346933364868
0.38007083535194397 0.4881441593170166 -0.7856598496437073 0.2539198398590088 0.06949880719184875 -0.86207115650177 -0.5019990801811218 -0.7527062296867371 -0.9223426580429077 0.13619278371334076 -0.3615734875202179 -1.3665205240249634
0.3800691068172455 0.4881194829940796 -0.7856760025024414 0.2539251446723938 0.06946144998073578 -0.8620815277099609 -0.5019863843917847 -0.7527174353599548 -0.9223461747169495 0.13621531426906586 -0.3615559935569763 -1.3665399551391602
0.3801302909851074 0.48809489607810974 -0.7856616973876953 0.25391581654548645 0.06960315257310867 -0.8621124029159546 -0.5019137859344482 -0.7525715231895447 -0.9223102927207947 0.13610808551311493 -0.36168792843818665 -1.3661713600158691
0.3801192343235016 0.4881150722503662 -0.7856544852256775 0.25392767786979675 0.06959479302167892 -0.862099289894104 -0.5019373893737793 -0.752583384513855 -0.9223154783248901 0.1361185908317566 -0.36167073249816895 -1.3661754131317139
0.38021188974380493 0.48812130093574524 -0.785605788230896 0.25380000472068787 0.06953470408916473 -0.8620777130126953 -0.5019828081130981 -0.7526203393936157 -0.9222818613052368 0.13623294234275818 -0.3617135286331177 -1.3661928176879883
0.38018783926963806 0.4881201684474945 -0.7856181263923645 0.2537899613380432 0.06956213712692261 -0.8620847463607788 -0.5019669532775879 -0.7526358962059021 -0.9222896695137024 0.1361924260854721 -0.36170876026153564 -1.3661987781524658
0.38014811277389526 0.4881911277770996 -0.7855932712554932 0.25386226177215576 0.06950774043798447 -0.8620351552963257 -0.5020596981048584 -0.7524320483207703 -0.9223101735115051 0.13625220954418182 -0.3616340458393097 -1.366038203239441
0.37998872995376587 0.4882882535457611 -0.785610020160675 0.2538365125656128 0.06943738460540771 -0.8619776964187622 -0.5021679997444153 -0.7521129846572876 -0.9223811030387878 0.13626746833324432 -0.3614472448825836 -1.3655569553375244
0.3799695074558258 0.48828667402267456 -0.7856202721595764 0.25384312868118286 0.06941772252321243 -0.8619776368141174 -0.5021708607673645 -0.7520990967750549 -0.9223905205726624 0.13627362251281738 -0.3614209294319153 -1.3655509948730469
0.3799270689487457 0.4882526993751526 -0.7856619358062744 0.25385499000549316 0.06922930479049683 -0.8619754910469055 -0.5022004842758179 -0.7522639036178589 -0.9224221706390381 0.1364087164402008 -0.3612891733646393 -1.3659714460372925
0.3799597918987274 0.48824360966682434 -0.7856517434120178 0.25384947657585144 0.0692167803645134 -0.8619763851165771 -0.502200722694397 -0.7522518634796143 -0.9224096536636353 0.13643579185009003 -0.3613109886646271 -1.365995168685913
0.3799292743206024 0.4881678521633148 -0.7857136130332947 0.25380805134773254 0.06914075464010239 -0.8620164394378662 -0.5021424293518066 -0.7524152994155884 -0.9224278926849365 0.1364537626504898 -0.36125752329826355 -1.3661980628967285
0.37994614243507385 0.4881463944911957 -0.7857187986373901 0.25379079580307007 0.06912442296743393 -0.8620261549949646 -0.502128005027771 -0.7524140477180481 -0.9224221706390381 0.13646923005580902 -0.36126628518104553 -1.3662288188934326
0.3799136281013489 0.4880686402320862 -0.7857827544212341 0.2538742423057556 0.06906184554100037 -0.8620696663856506 -0.5020619630813599 -0.7524555921554565 -0.922440230846405 0.13647256791591644 -0.3612188994884491 -1.3661949634552002
0.3800137937068939 0.48816820979118347 -0.7856724858283997 0.25386184453964233 0.06922587752342224 -0.8620207905769348 -0.502123236656189 -0.7524426579475403 -0.9223867058753967 0.13642486929893494 -0.3613736033439636 -1.3661736249923706
0.3800661861896515 0.48813682794570923 -0.7856666445732117 0.25387758016586304 0.06918178498744965 -0.8620293736457825 -0.5021145939826965 -0.7524445652961731 -0.9223684072494507 0.13648292422294617 -0.3613983392715454 -1.3660948276519775
0.38000553846359253 0.48808884620666504 -0.7857257723808289 0.25383394956588745 0.06908104568719864 -0.8620508909225464 -0.5020915269851685 -0.7524514198303223 -0.922400951385498 0.13651879131793976 -0.3613017499446869 -1.3661123514175415
0.3799932599067688 0.4880959987640381 -0.7857272624969482 0.2538321018218994 0.06905654817819595 -0.8620438575744629 -0.5021070241928101 -0.7524552941322327 -0.922407865524292 0.13653765618801117 -0.3612770438194275 -1.366126298904419
0.38003116846084595 0.4879951775074005 -0.7857715487480164 0.2538149356842041 0.06903041154146194 -0.8621008396148682 -0.5020127892494202 -0.7525694966316223 -0.9223942160606384 0.13653835654258728 -0.3613116443157196 -1.3662478923797607
0.3801514208316803 0.48807036876678467 -0.7856667041778564 0.25390467047691345 0.06897642463445663 -0.8620333671569824 -0.5021359324455261 -0.752495527267456 -0.92234867811203 0.13669519126415253 -0.3613685071468353 -1.366248607635498
0.3801465630531311 0.48804306983947754 -0.7856860160827637 0.2539163827896118 0.06898406893014908 -0.8620524406433105 -0.5021021962165833 -0.7524906992912292 -0.9223501086235046 0.13667260110378265 -0.3613734245300293 -1.3662675619125366
0.38005438446998596 0.48810121417045593 -0.7856944799423218 0.25383874773979187 0.06906598061323166 -0.8620361089706421 -0.5021189451217651 -0.7522705793380737 -0.9223819971084595 0.13656772673130035 -0.3613317608833313 -1.365791916847229
0.38003653287887573 0.48808062076568604 -0.7857158780097961 0.2538522183895111 0.06906487047672272 -0.8620508313179016 -0.5020939111709595 -0.752265453338623 -0.9223893880844116 0.13654863834381104 -0.36131995916366577 -1.3657948970794678
0.38003164529800415 0.4881141185760498 -0.7856974601745605 0.25388529896736145 0.06920651346445084 -0.8620508313179016 -0.5020743608474731 -0.7524054646492004 -0.922380805015564 0.13642874360084534 -0.3613872230052948 -1.3659722805023193
0.380005419254303 0.48811864852905273 -0.7857073545455933 0.2538975477218628 0.06921136379241943 -0.8620511293411255 -0.5020731687545776 -0.7524012327194214 -0.9223912358283997 0.1364106386899948 -0.361367404460907 -1.365979790687561
0.38010308146476746 0.48812028765678406 -0.7856590747833252 0.2538491189479828 0.06912270188331604 -0.8620277047157288 -0.5021255612373352 -0.7524963021278381 -0.9223576188087463 0.1365525871515274 -0.3613995611667633 -1.3662290573120117
0.3800029158592224 0.4881119132041931 -0.785712718963623 0.2538246512413025 0.06910287588834763 -0.8620396256446838 -0.5021078586578369 -0.7522421479225159 -0.9224004149436951 0.13650743663311005 -0.3613074719905853 -1.3658734560012817
0.379993200302124 0.48810431361198425 -0.7857221364974976 0.2538275122642517 0.06905751675367355 -0.8620386719703674 -0.5021157264709473 -0.7522245645523071 -0.9224078059196472 0.1365405172109604 -0.3612760603427887 -1.3658815622329712
0.38001880049705505 0.48815077543258667 -0.785680890083313 0.2538148760795593 0.06913150101900101 -0.8620175123214722 -0.5021418333053589 -0.7522120475769043 -0.9223917126655579 0.1365080326795578 -0.36132940649986267 -1.365744709968567
0.3800199627876282 0.48813918232917786 -0.7856875061988831 0.2538183927536011 0.06912519037723541 -0.8620238900184631 -0.5021318197250366 -0.7521995902061462 -0.9223917126655579 0.13650929927825928 -0.36132895946502686 -1.3657457828521729
0.38000136613845825 0.48819971084594727 -0.7856589555740356 0.25379377603530884 0.06933077424764633 -0.8620173931121826 -0.5021146535873413 -0.752106249332428 -0.9223839640617371 0.1363338977098465 -0.36141499876976013 -1.3654813766479492
0.3800429105758667 0.48819559812545776 -0.7856413722038269 0.25379958748817444 0.0693487748503685 -0.8620187640190125 -0.5021098256111145 -0.7520967721939087 -0.9223654866218567 0.1363399773836136 -0.3614598214626312 -1.3654695749282837
0.38000911474227905 0.48819220066070557 -0.7856598496437073 0.2538323700428009 0.06905581057071686 -0.8619807362556458 -0.5022153854370117 -0.752278745174408 -0.9224013686180115 0.13659203052520752 -0.36127299070358276 -1.3658989667892456
0.3800431787967682 0.4881698787212372 -0.7856572270393372 0.25388047099113464 0.06881329417228699 -0.8619558811187744 -0.5022913813591003 -0.7523761987686157 -0.922405481338501 0.1368287354707718 -0.36117297410964966 -1.3661558628082275
0.38004642724990845 0.4881824851036072 -0.7856478095054626 0.2538844048976898 0.06880608946084976 -0.8619464039802551 -0.5023086071014404 -0.7523688077926636 -0.9224046468734741 0.13684320449829102 -0.3611695170402527 -1.3661859035491943
0.37995126843452454 0.48815757036209106 -0.7857093214988708 0.25389498472213745 0.06899533420801163 -0.8619993925094604 -0.5021916627883911 -0.7524178624153137 -0.9224297404289246 0.13659808039665222 -0.3611983358860016 -1.3661131858825684
0.37992215156555176 0.4881630539894104 -0.7857199907302856 0.2538982629776001 0.06899005174636841 -0.8619979023933411 -0.5021950602531433 -0.7524173259735107 -0.9224421381950378 0.13658814132213593 -0.3611704409122467 -1.3661290407180786
0.3799765706062317 0.4882028102874756 -0.7856689691543579 0.2538367509841919 0.06887068599462509 -0.861949622631073 -0.5022942423820496 -0.7524209022521973 -0.9224286079406738 0.1367504596710205 -0.36114346981048584 -1.3661918640136719
0.3799816966056824 0.48825395107269287 -0.7856347560882568 0.2538358271121979 0.06890039145946503 -0.8619208335876465 -0.5023395419120789 -0.7524510025978088 -0.92242431640625 0.136749267578125 -0.3611549735069275 -1.3662784099578857
0.38003286719322205 0.48805585503578186 -0.7857330441474915 0.2538587749004364 0.06894140690565109 -0.8620486855506897 -0.502114474773407 -0.752463698387146 -0.922400176525116 0.1366504430770874 -0.3612540364265442 -1.3661781549453735
0.38004443049430847 0.4880816340446472 -0.7857114672660828 0.2537855803966522 0.0688096359372139 -0.8620116114616394 -0.5021962523460388 -0.7522326707839966 -0.9224052429199219 0.1367923468351364 -0.3611873984336853 -1.365830898284912
0.38005486130714417 0.48810482025146484 -0.785692036151886 0.2537757456302643 0.06882330030202866 -0.8619978427886963 -0.5022180080413818 -0.7522243857383728 -0.9223999381065369 0.1367964744567871 -0.36119937896728516 -1.3658428192138672
0.38015249371528625 0.48805829882621765 -0.7856736779212952 0.2538439929485321 0.06873466819524765 -0.8620051741600037 -0.5022175908088684 -0.7523166537284851 -0.9223662614822388 0.13691623508930206 -0.36123988032341003 -1.3660264015197754
0.380026638507843 0.4880506098270416 -0.7857393026351929 0.2539072632789612 0.06892567127943039 -0.8620502948760986 -0.5021138787269592 -0.7524158358573914 -0.922403872013092 0.13665902614593506 -0.36124125123023987 -1.3660773038864136
0.3800216019153595 0.4880504310131073 -0.7857418656349182 0.2539146840572357 0.06890294700860977 -0.862047553062439 -0.5021217465400696 -0.7524203062057495 -0.9224076867103577 0.13667716085910797 -0.3612247407436371 -1.3660918474197388
0.3800162971019745 0.48799827694892883 -0.7857767939567566 0.2537754774093628 0.06876915693283081 -0.8620615005493164 -0.5021160840988159 -0.7522044777870178 -0.9224198460578918 0.13677507638931274 -0.3611566126346588 -1.3658092021942139
0.3800417184829712 0.48799237608909607 -0.7857682108879089 0.25376904010772705 0.06874364614486694 -0.8620591163635254 -0.5021237134933472 -0.7522026300430298 -0.9224112629890442 0.13681137561798096 -0.36116474866867065 -1.3658212423324585
0.3800737261772156 0.48806333541870117 -0.7857086658477783 0.2537400424480438 0.06874916702508926 -0.8620115518569946 -0.5022045969963074 -0.75236976146698 -0.9223976731300354 0.13685795664787292 -0.3611818552017212 -1.366051197052002
0.37992063164711 0.4882042109966278 -0.7856951951980591 0.25380900502204895 0.06867385655641556 -0.8619248270988464 -0.5023636817932129 -0.7523372769355774 -0.9224663376808167 0.1369016021490097 -0.36098983883857727 -1.365990161895752
