# 3x4 first row second row third row Freq: 100 current Time: 2021-07-31-13:02:07
0.5623362064361572 0.6151500940322876 -0.5526013970375061 0.27608707547187805 0.13198797404766083 -0.7264782190322876 -0.6743948459625244 -0.4934273660182953 -0.816307008266449 0.30629992485046387 -0.48971739411354065 -1.4854453802108765
0.5623086094856262 0.6151626706123352 -0.5526154637336731 0.276085764169693 0.13201020658016205 -0.7264838218688965 -0.6743844747543335 -0.4934251010417938 -0.8163224458694458 0.306261271238327 -0.4897158145904541 -1.4854555130004883
0.5622571706771851 0.6152290105819702 -0.552594006061554 0.2760825753211975 0.13205692172050476 -0.7264440059661865 -0.6744182109832764 -0.49339452385902405 -0.8163503408432007 0.3062225878238678 -0.4896935224533081 -1.48540461063385
0.5622533559799194 0.6152197122573853 -0.5526081919670105 0.2760850489139557 0.13206492364406586 -0.7264600396156311 -0.6743993759155273 -0.493390828371048 -0.8163516521453857 0.30620312690734863 -0.489703506231308 -1.4854116439819336
0.5622891783714294 0.6152052879333496 -0.5525878071784973 0.27609285712242126 0.1320585161447525 -0.7264588475227356 -0.6744019389152527 -0.49343839287757874 -0.8163279891014099 0.3062349855899811 -0.4897230267524719 -1.4854521751403809
0.562274694442749 0.6152253150939941 -0.5525802969932556 0.27609333395957947 0.1320665329694748 -0.7264440655708313 -0.6744163036346436 -0.4934419095516205 -0.8163366913795471 0.3062297999858856 -0.489711731672287 -1.4854615926742554
0.5622936487197876 0.61519455909729 -0.5525951981544495 0.2760687470436096 0.13198760151863098 -0.7264432907104492 -0.6744325757026672 -0.49346181750297546 -0.8163363337516785 0.30629342794418335 -0.4896724820137024 -1.4854624271392822
0.5623862147331238 0.6151555180549622 -0.5525444746017456 0.27601897716522217 0.1320193111896515 -0.7264603972434998 -0.6744078993797302 -0.4933939278125763 -0.8162674903869629 0.3063311278820038 -0.48976370692253113 -1.4851964712142944
0.5624038577079773 0.6151505708694458 -0.5525320172309875 0.27601221203804016 0.13202407956123352 -0.7264601588249207 -0.6744072437286377 -0.4934022128582001 -0.8162545561790466 0.3063417077064514 -0.48977866768836975 -1.485192894935608
0.5623733997344971 0.6151413321495056 -0.5525732636451721 0.27605801820755005 0.1320144385099411 -0.7264817357063293 -0.6743858456611633 -0.4934580624103546 -0.8162770867347717 0.3063089847564697 -0.4897615313529968 -1.4853335618972778
0.5623814463615417 0.6151197552680969 -0.5525891780853271 0.27605852484703064 0.1319991499185562 -0.7264987230300903 -0.6743705868721008 -0.49346932768821716 -0.8162740468978882 0.3063121736049652 -0.48976466059684753 -1.4853341579437256
0.5623542070388794 0.6151859164237976 -0.5525432229042053 0.2760520875453949 0.13204549252986908 -0.7264478206634521 -0.6744163632392883 -0.49338027834892273 -0.8162853121757507 0.30630001425743103 -0.48975348472595215 -1.4851762056350708
0.5623888969421387 0.6151623129844666 -0.5525342226028442 0.2760539650917053 0.13203385472297668 -0.7264564037322998 -0.6744093894958496 -0.4933842122554779 -0.8162633180618286 0.30632710456848145 -0.4897732138633728 -1.4851725101470947
0.5622629523277283 0.6152766346931458 -0.5525350570678711 0.2759553790092468 0.1321336179971695 -0.7264119386672974 -0.6744377613067627 -0.4933253824710846 -0.8163338899612427 0.3062029182910919 -0.4897332191467285 -1.4850274324417114
0.5622623562812805 0.6152740716934204 -0.5525385141372681 0.27594396471977234 0.13213780522346497 -0.7264168858528137 -0.674431562423706 -0.493329793214798 -0.8163335919380188 0.3061962425708771 -0.4897378385066986 -1.485019564628601
0.5622251629829407 0.615307629108429 -0.5525389909744263 0.27590373158454895 0.1321890950202942 -0.7264121770858765 -0.6744265556335449 -0.4931620657444 -0.8163509368896484 0.30613991618156433 -0.4897441267967224 -1.4847112894058228
0.5622175931930542 0.6152827739715576 -0.5525743961334229 0.27590370178222656 0.1322430819272995 -0.7264662384986877 -0.6743577718734741 -0.49309054017066956 -0.8163474202156067 0.30606162548065186 -0.48979896306991577 -1.484527587890625
0.5622217059135437 0.6153042912483215 -0.5525462031364441 0.27589255571365356 0.13227134943008423 -0.726448655128479 -0.6743711233139038 -0.4930858314037323 -0.8163399696350098 0.3060600459575653 -0.48981231451034546 -1.4845021963119507
0.5622568726539612 0.6153004169464111 -0.5525147914886475 0.27584099769592285 0.1322426050901413 -0.7264266014099121 -0.6744005680084229 -0.4931187927722931 -0.8163204193115234 0.3061203360557556 -0.48980724811553955 -1.4843591451644897
0.5622812509536743 0.6152967810630798 -0.5524940490722656 0.27583006024360657 0.1322576105594635 -0.7264254689216614 -0.6743988394737244 -0.49311771988868713 -0.8163012266159058 0.3061302602291107 -0.4898330867290497 -1.4843260049819946
0.5622696876525879 0.615293562412262 -0.5525093674659729 0.2758139967918396 0.13228794932365417 -0.7264460921287537 -0.6743707060813904 -0.4930509626865387 -0.8163042664527893 0.306087851524353 -0.48985448479652405 -1.4841995239257812
0.5622739195823669 0.6152678728103638 -0.5525336861610413 0.2758040726184845 0.1322702020406723 -0.7264688611030579 -0.6743496656417847 -0.49304261803627014 -0.8163042068481445 0.306085467338562 -0.4898560643196106 -1.4841612577438354
0.5622959733009338 0.6152374744415283 -0.5525450110435486 0.2758494019508362 0.13221554458141327 -0.7264752984046936 -0.6743534207344055 -0.49302658438682556 -0.8162978887557983 0.30613115429878235 -0.4898380637168884 -1.4842945337295532
0.5623206496238708 0.6152037382125854 -0.5525574684143066 0.2758392095565796 0.1321861892938614 -0.7264941930770874 -0.6743388175964355 -0.4930189549922943 -0.8162856101989746 0.30615419149398804 -0.48984408378601074 -1.484270453453064
0.5623350143432617 0.6151812076568604 -0.5525680184364319 0.27585369348526 0.13210774958133698 -0.7264857292175293 -0.6743633151054382 -0.4930388033390045 -0.8162884712219238 0.30621954798698425 -0.48979851603507996 -1.4843511581420898
0.5623281002044678 0.6151623129844666 -0.5525960326194763 0.275784969329834 0.13207018375396729 -0.7264978289604187 -0.6743576526641846 -0.4929874837398529 -0.8162992596626282 0.30622878670692444 -0.4897747039794922 -1.484269142150879
0.5623295307159424 0.6151354312896729 -0.5526245832443237 0.27577200531959534 0.13201439380645752 -0.7265090942382812 -0.6743564009666443 -0.49297818541526794 -0.8163073658943176 0.30625608563423157 -0.4897441864013672 -1.4842479228973389
0.5622648596763611 0.615138828754425 -0.5526865720748901 0.2758370041847229 0.13205043971538544 -0.7265480160713196 -0.6743074059486389 -0.49304571747779846 -0.8163460493087769 0.30615681409835815 -0.489741712808609 -1.484299898147583
0.5622880458831787 0.6151349544525146 -0.5526672601699829 0.27582868933677673 0.13205160200595856 -0.726542592048645 -0.6743130683898926 -0.49304839968681335 -0.8163298964500427 0.3061775267124176 -0.4897557199001312 -1.484281063079834
0.5622755289077759 0.6151890158653259 -0.5526198148727417 0.27579742670059204 0.13210412859916687 -0.7265020608901978 -0.674346387386322 -0.49307242035865784 -0.8163300156593323 0.30616509914398193 -0.4897633194923401 -1.4841870069503784
0.5622573494911194 0.6151991486549377 -0.5526270270347595 0.2757849097251892 0.13208462297916412 -0.7264906764030457 -0.6743625402450562 -0.49308064579963684 -0.8163456916809082 0.3061717450618744 -0.4897330403327942 -1.484164834022522
0.5622926354408264 0.6151876449584961 -0.5526039600372314 0.27581068873405457 0.13209715485572815 -0.7264932990074158 -0.6743572354316711 -0.49303629994392395 -0.8163193464279175 0.306188702583313 -0.48976635932922363 -1.4840589761734009
0.5623107552528381 0.6151792407035828 -0.5525948405265808 0.27580782771110535 0.13207653164863586 -0.7264875173568726 -0.6743674874305725 -0.4930422008037567 -0.8163102269172668 0.30621927976608276 -0.48976245522499084 -1.4840331077575684
0.5622937679290771 0.615152895450592 -0.5526414513587952 0.27586817741394043 0.13202252984046936 -0.7265071272850037 -0.6743569374084473 -0.4931304156780243 -0.81633061170578 0.30622556805610657 -0.4897244870662689 -1.4842602014541626
0.5623304843902588 0.6151370406150818 -0.5526217818260193 0.2758908271789551 0.13194265961647034 -0.726479709148407 -0.6744020581245422 -0.4931701123714447 -0.8163182735443115 0.3063224256038666 -0.48968446254730225 -1.4845064878463745
0.5623601675033569 0.6151025891304016 -0.5526298880577087 0.2758844196796417 0.13193202018737793 -0.7265042066574097 -0.6743777990341187 -0.49317798018455505 -0.816299557685852 0.30633363127708435 -0.48970872163772583 -1.4845026731491089
0.5624003410339355 0.6150991320610046 -0.5525928139686584 0.2758733630180359 0.13191694021224976 -0.7264843583106995 -0.6744021773338318 -0.4931551516056061 -0.8162742853164673 0.30638763308525085 -0.4897170066833496 -1.4845376014709473
0.5623634457588196 0.6151232123374939 -0.5526036024093628 0.2758636474609375 0.1319335699081421 -0.726478099822998 -0.6744056344032288 -0.49316349625587463 -0.8162970542907715 0.3063540756702423 -0.4897001087665558 -1.4845378398895264
0.562351644039154 0.6150946021080017 -0.5526474714279175 0.27581581473350525 0.13194824755191803 -0.7265239357948303 -0.6743533611297607 -0.4930836260318756 -0.8163028359413147 0.3063028156757355 -0.4897225499153137 -1.4843724966049194
0.5623724460601807 0.6150891184806824 -0.5526323914527893 0.27580514550209045 0.13192451000213623 -0.7265122532844543 -0.6743706464767456 -0.4930911958217621 -0.8162922859191895 0.30634167790412903 -0.4897157549858093 -1.4843698740005493
0.5623400807380676 0.6151031255722046 -0.552649736404419 0.2757696807384491 0.1318841278553009 -0.7264947891235352 -0.6743972897529602 -0.4930080473423004 -0.816321074962616 0.30635491013526917 -0.48965945839881897 -1.4841580390930176
0.5623602271080017 0.6151074171066284 -0.5526244640350342 0.27576664090156555 0.13193605840206146 -0.7264997959136963 -0.6743817925453186 -0.49301305413246155 -0.8162988424301147 0.30633437633514404 -0.48970940709114075 -1.4841480255126953
0.5623019933700562 0.6150954961776733 -0.5526970028877258 0.2758268713951111 0.13192322850227356 -0.726536214351654 -0.674345076084137 -0.49300578236579895 -0.8163410425186157 0.3062720000743866 -0.48967811465263367 -1.4842075109481812
0.5622462034225464 0.6151309609413147 -0.5527142882347107 0.2758314907550812 0.1318945437669754 -0.7265077233314514 -0.6743813753128052 -0.4930051863193512 -0.8163841366767883 0.3062683343887329 -0.4896085560321808 -1.4841866493225098
0.5622323155403137 0.615126371383667 -0.5527335405349731 0.2758307158946991 0.13189135491847992 -0.726518452167511 -0.6743704080581665 -0.49300655722618103 -0.8163942098617554 0.30625203251838684 -0.4896019697189331 -1.484178900718689
0.5621801614761353 0.6151753664016724 -0.5527320504188538 0.27584394812583923 0.13194255530834198 -0.7265017628669739 -0.6743783950805664 -0.49299558997154236 -0.8164218068122864 0.3061932325363159 -0.48959264159202576 -1.484144926071167
0.5621815919876099 0.6151652932167053 -0.5527417659759521 0.2758505642414093 0.13191868364810944 -0.7265044450759888 -0.6743801832199097 -0.4929904043674469 -0.8164246678352356 0.30620715022087097 -0.4895792007446289 -1.484136700630188
0.5622400641441345 0.6151385307312012 -0.552712082862854 0.2759111523628235 0.13188371062278748 -0.726497232913971 -0.6743947863578796 -0.4931204617023468 -0.8163900971412659 0.3062780201435089 -0.4895925521850586 -1.4844924211502075
0.5622716546058655 0.6151421666145325 -0.5526759028434753 0.2758908271789551 0.13185380399227142 -0.7264670729637146 -0.6744331121444702 -0.49308910965919495 -0.8163731694221497 0.3063421845436096 -0.4895806610584259 -1.4844880104064941
0.5622754096984863 0.6151236891746521 -0.5526926517486572 0.2758968472480774 0.13186846673488617 -0.7264934182167053 -0.6744018793106079 -0.49308374524116516 -0.8163681626319885 0.3063168525695801 -0.48960480093955994 -1.4844876527786255
0.5622291564941406 0.615128219127655 -0.5527346730232239 0.27592870593070984 0.13186287879943848 -0.7265069484710693 -0.6743883490562439 -0.4931393563747406 -0.816400945186615 0.3062756061553955 -0.48957595229148865 -1.4845601320266724
0.562234103679657 0.615146815776825 -0.5527089238166809 0.2759367823600769 0.13189943134784698 -0.7264956831932068 -0.6743932962417603 -0.4931395351886749 -0.81639164686203 0.3062649071216583 -0.4895981550216675 -1.484561800956726
0.5622006058692932 0.6151914000511169 -0.5526933670043945 0.27592262625694275 0.1319434940814972 -0.7264731526374817 -0.6744089722633362 -0.49309971928596497 -0.8164075613021851 0.3062288463115692 -0.48959413170814514 -1.4844423532485962
0.5622334480285645 0.6151766180992126 -0.5526764392852783 0.2759335935115814 0.13195136189460754 -0.7264791131019592 -0.674401044845581 -0.49310001730918884 -0.8163837194442749 0.3062444031238556 -0.4896242320537567 -1.48444402217865
0.5623030662536621 0.6151652336120605 -0.5526182651519775 0.27592265605926514 0.13202586770057678 -0.7264891266822815 -0.6743756532669067 -0.49316123127937317 -0.8163236975669861 0.3062435984611511 -0.4897247552871704 -1.4845144748687744
0.5623981952667236 0.6151246428489685 -0.552566647529602 0.2758978307247162 0.1320706456899643 -0.7265118956565857 -0.6743423938751221 -0.49314436316490173 -0.8162509202957153 0.3062710762023926 -0.48982882499694824 -1.4844709634780884
0.5623889565467834 0.6151344776153564 -0.5525650978088379 0.27589741349220276 0.1320745348930359 -0.7265055775642395 -0.6743484139442444 -0.4931463301181793 -0.8162566423416138 0.30626630783081055 -0.48982229828834534 -1.4844626188278198
0.5624608397483826 0.6151153445243835 -0.5525132417678833 0.27586668729782104 0.1320769190788269 -0.7264968752861023 -0.6743572950363159 -0.49313119053840637 -0.8162067532539368 0.3063253164291382 -0.4898685812950134 -1.484398365020752
0.5624595880508423 0.6151330471038818 -0.5524948239326477 0.2758672535419464 0.1321069449186325 -0.7264871597290039 -0.6743618845939636 -0.49312928318977356 -0.8162027597427368 0.3063128888607025 -0.4898829758167267 -1.4843896627426147
0.5624648928642273 0.6151148080825806 -0.5525097250938416 0.27585309743881226 0.1320701390504837 -0.7264931797981262 -0.6743626594543457 -0.4930599629878998 -0.8162050247192383 0.3063352704048157 -0.48986518383026123 -1.4842891693115234
0.5624475479125977 0.6151489019393921 -0.5524893999099731 0.27585336565971375 0.13208821415901184 -0.7264662981033325 -0.6743881106376648 -0.49305370450019836 -0.8162140846252441 0.3063305616378784 -0.48985305428504944 -1.4842779636383057
0.562480092048645 0.6150892972946167 -0.5525226593017578 0.27586817741394043 0.13198688626289368 -0.7264861464500427 -0.6743865609169006 -0.49306216835975647 -0.8162080645561218 0.306403249502182 -0.48981767892837524 -1.4842820167541504
0.5624565482139587 0.6150837540626526 -0.5525528192520142 0.2758753299713135 0.13196682929992676 -0.726496160030365 -0.6743797063827515 -0.49306240677833557 -0.8162275552749634 0.30639058351516724 -0.4897931218147278 -1.4842966794967651
0.5624701976776123 0.6150945425033569 -0.5525268912315369 0.27590030431747437 0.13195908069610596 -0.7264738082885742 -0.6744052767753601 -0.49310436844825745 -0.8162193894386292 0.3064219057559967 -0.48978713154792786 -1.4844334125518799
0.562458872795105 0.6151348948478699 -0.5524934530258179 0.27584028244018555 0.13200728595256805 -0.7264477610588074 -0.67442387342453 -0.4930533468723297 -0.8162193298339844 0.3064025342464447 -0.48979926109313965 -1.4842863082885742
0.562454104423523 0.6151546835899353 -0.5524762868881226 0.27583053708076477 0.13203385472297668 -0.7264357805252075 -0.674431562423706 -0.49306169152259827 -0.8162183165550232 0.3063912093639374 -0.48980802297592163 -1.4842736721038818
0.5624447464942932 0.6151317358016968 -0.5525113344192505 0.2758476436138153 0.13198509812355042 -0.7264497876167297 -0.6744260191917419 -0.4930677115917206 -0.8162326812744141 0.30640411376953125 -0.48977604508399963 -1.4843082427978516
0.5624290108680725 0.615105152130127 -0.5525570511817932 0.2758418321609497 0.13198667764663696 -0.7264900803565979 -0.6743823289871216 -0.4930711090564728 -0.8162432909011841 0.30636200308799744 -0.48978474736213684 -1.48429536819458
0.5624619126319885 0.6150670051574707 -0.5525659322738647 0.2758468985557556 0.13185174763202667 -0.7264708876609802 -0.6744294166564941 -0.49307486414909363 -0.8162423968315125 0.30648407340049744 -0.48970985412597656 -1.484358787536621
0.5624861121177673 0.6150617599487305 -0.5525471568107605 0.27583953738212585 0.13186942040920258 -0.7264728546142578 -0.6744238138198853 -0.4930797517299652 -0.8162229061126709 0.3064899146556854 -0.48973867297172546 -1.4843534231185913
0.5624336004257202 0.6151099801063538 -0.5525469183921814 0.27585116028785706 0.13192225992679596 -0.7264578342437744 -0.6744296550750732 -0.4930863678455353 -0.8162505030632019 0.3064286410808563 -0.48973098397254944 -1.4843952655792236
0.5624085068702698 0.6151294112205505 -0.5525508522987366 0.27583375573158264 0.13189728558063507 -0.7264363169670105 -0.6744577288627625 -0.49305811524391174 -0.8162718415260315 0.3064407706260681 -0.48968780040740967 -1.4842802286148071
0.5624465942382812 0.6151316165924072 -0.5525096654891968 0.27582716941833496 0.1319265514612198 -0.7264271378517151 -0.674461841583252 -0.4930647909641266 -0.8162409067153931 0.306458055973053 -0.4897286295890808 -1.4842737913131714
0.5623955130577087 0.6151215434074402 -0.5525728464126587 0.27592647075653076 0.1319502294063568 -0.7264717221260071 -0.6744092106819153 -0.49319979548454285 -0.8162722587585449 0.30637258291244507 -0.4897298514842987 -1.4846231937408447
0.5623894929885864 0.6151363253593445 -0.5525625348091125 0.27592435479164124 0.13193228840827942 -0.726449728012085 -0.6744364500045776 -0.49320802092552185 -0.8162792921066284 0.30639511346817017 -0.4897040128707886 -1.4846278429031372
0.5624160170555115 0.615085244178772 -0.5525923371315002 0.27598828077316284 0.1318856030702591 -0.7264823317527771 -0.6744104623794556 -0.4932725727558136 -0.8162685632705688 0.306420236825943 -0.4897061586380005 -1.4848778247833252
0.5624471306800842 0.6150683760643005 -0.5525794625282288 0.2759835422039032 0.1318989247083664 -0.7264936566352844 -0.6743956208229065 -0.4932800829410553 -0.8162449598312378 0.3064272105693817 -0.48974108695983887 -1.4848899841308594
0.5624376535415649 0.6151015758514404 -0.5525521636009216 0.2759270966053009 0.13197945058345795 -0.7264877557754517 -0.6743862628936768 -0.4932282865047455 -0.816238522529602 0.3063746392726898 -0.48978477716445923 -1.4847373962402344
0.5624425411224365 0.6150608062744141 -0.5525925755500793 0.2759893238544464 0.13192254304885864 -0.7265138626098633 -0.674369215965271 -0.4933200180530548 -0.81624436378479 0.3063944876194 -0.48976266384124756 -1.484922170639038
0.5624387860298157 0.6150766611099243 -0.5525787472724915 0.27598920464515686 0.13192413747310638 -0.7264968752861023 -0.6743872165679932 -0.4933280646800995 -0.8162466287612915 0.3064030408859253 -0.48975345492362976 -1.4849313497543335
0.562405526638031 0.6150985956192017 -0.552588164806366 0.27604565024375916 0.13190968334674835 -0.7264798879623413 -0.6744083166122437 -0.49344053864479065 -0.8162719011306763 0.30639925599098206 -0.48971375823020935 -1.485295295715332
0.5624210238456726 0.6150932908058167 -0.552578330039978 0.276050329208374 0.1319105476140976 -0.7264796495437622 -0.6744084358215332 -0.49344924092292786 -0.8162610530853271 0.3064105808734894 -0.48972469568252563 -1.4853203296661377
0.5623703598976135 0.6151201128959656 -0.5525999665260315 0.27607831358909607 0.13189126551151276 -0.7264628410339355 -0.6744303703308105 -0.49350956082344055 -0.8162990808486938 0.3063965141773224 -0.48967012763023376 -1.4855701923370361
0.5623894333839417 0.6151284575462341 -0.5525712966918945 0.27603381872177124 0.13195601105690002 -0.7264682054519653 -0.6744118928909302 -0.4934273064136505 -0.8162754774093628 0.30636700987815857 -0.4897279143333435 -1.4854167699813843
0.5623874068260193 0.615143358707428 -0.5525567531585693 0.27603381872177124 0.1319374144077301 -0.7264440059661865 -0.6744416356086731 -0.4934329092502594 -0.8162798881530762 0.3063945770263672 -0.48970335721969604 -1.485446572303772
0.5624522566795349 0.6150741577148438 -0.5525677800178528 0.27602460980415344 0.13187715411186218 -0.7264760732650757 -0.6744188070297241 -0.49334916472435 -0.8162449598312378 0.3064573109149933 -0.4897223114967346 -1.485148310661316
0.5624387264251709 0.6150659918785095 -0.5525906085968018 0.27602672576904297 0.13188113272190094 -0.7264937162399292 -0.6743990182876587 -0.4933529794216156 -0.8162536025047302 0.3064318597316742 -0.489723801612854 -1.4851654767990112
0.5624971389770508 0.615025520324707 -0.5525763034820557 0.2759898602962494 0.1318448781967163 -0.7265028357505798 -0.6743963360786438 -0.4932776987552643 -0.8162192702293396 0.3064916133880615 -0.4897436797618866 -1.4849765300750732
0.5625156760215759 0.6150014400482178 -0.552584171295166 0.27599284052848816 0.1318313181400299 -0.7265185713768005 -0.6743819713592529 -0.4932776987552643 -0.8162086606025696 0.3065025210380554 -0.4897545278072357 -1.4849880933761597
0.562510073184967 0.615067183971405 -0.5525166988372803 0.2759212851524353 0.13195587694644928 -0.7264876961708069 -0.6743909120559692 -0.49324384331703186 -0.8161923885345459 0.30644387006759644 -0.4898183345794678 -1.4848140478134155
0.562532365322113 0.6150261163711548 -0.5525397062301636 0.2759106457233429 0.13192498683929443 -0.7265160083770752 -0.6743664741516113 -0.4932466447353363 -0.816182017326355 0.3064591586589813 -0.4898260533809662 -1.484817385673523
0.5624430179595947 0.6150687336921692 -0.5525832772254944 0.27599942684173584 0.13193900883197784 -0.726510226726532 -0.6743699312210083 -0.4932967722415924 -0.8162413239479065 0.306387335062027 -0.48977211117744446 -1.4849110841751099
0.5625067949295044 0.6150816679000854 -0.5525038838386536 0.27595996856689453 0.13198089599609375 -0.7264809012413025 -0.674393355846405 -0.49323633313179016 -0.8161906003952026 0.3064308762550354 -0.4898294508457184 -1.4846923351287842
0.5625220537185669 0.6150515675544739 -0.5525218844413757 0.2759680151939392 0.13195228576660156 -0.7264999151229858 -0.6743784546852112 -0.4932345449924469 -0.8161846995353699 0.30644625425338745 -0.4898296594619751 -1.4846811294555664
0.5625321269035339 0.6150351166725159 -0.5525299906730652 0.2760477066040039 0.13190196454524994 -0.7264965176582336 -0.6743919849395752 -0.4933300316333771 -0.8161858916282654 0.3064873218536377 -0.48980191349983215 -1.4850008487701416
0.5625230073928833 0.6149999499320984 -0.5525783896446228 0.27605512738227844 0.13187651336193085 -0.7265340089797974 -0.6743565201759338 -0.49333229660987854 -0.8161963224411011 0.3064689338207245 -0.48979610204696655 -1.485002040863037
0.5625092387199402 0.6150633692741394 -0.552521824836731 0.2761073410511017 0.131926491856575 -0.7264817357063293 -0.6744031310081482 -0.4934295117855072 -0.8161976933479309 0.30646568536758423 -0.4897958040237427 -1.4852880239486694
0.562475860118866 0.6150712966918945 -0.5525469779968262 0.2760830819606781 0.13196413218975067 -0.7265014052391052 -0.674374520778656 -0.4934111535549164 -0.8162146210670471 0.3064029812812805 -0.4898068308830261 -1.4853620529174805
0.5625030398368835 0.6150638461112976 -0.5525276064872742 0.27608564496040344 0.1319669783115387 -0.7264991402626038 -0.6743764281272888 -0.4934096038341522 -0.8161954283714294 0.3064233660697937 -0.4898260831832886 -1.4853761196136475
0.5625228881835938 0.6150603890419006 -0.5525112748146057 0.27605804800987244 0.13195067644119263 -0.7264881730079651 -0.6743914484977722 -0.4934314787387848 -0.816184401512146 0.30645638704299927 -0.4898238480091095 -1.4853200912475586
0.5625138878822327 0.615067720413208 -0.5525122284889221 0.2760593593120575 0.13196063041687012 -0.7264870405197144 -0.6743906736373901 -0.49343088269233704 -0.8161889910697937 0.3064442574977875 -0.48982375860214233 -1.485329031944275
0.562524139881134 0.6150482296943665 -0.5525234937667847 0.2760452926158905 0.1318991482257843 -0.7264830470085144 -0.6744070053100586 -0.49336615204811096 -0.8161918520927429 0.3064928352832794 -0.48978859186172485 -1.4852267503738403
0.5625353455543518 0.615061342716217 -0.5524975061416626 0.27604910731315613 0.13191424310207367 -0.7264676094055176 -0.6744207143783569 -0.4933614432811737 -0.8161817193031311 0.30650317668914795 -0.48979902267456055 -1.4852321147918701
0.5625485181808472 0.6150540113449097 -0.5524922013282776 0.2760734558105469 0.13186471164226532 -0.7264519333839417 -0.6744472980499268 -0.4933665692806244 -0.8161806464195251 0.3065550923347473 -0.4897683560848236 -1.4853315353393555
0.5625784993171692 0.6150628328323364 -0.5524518489837646 0.27607905864715576 0.13189026713371277 -0.726436972618103 -0.674458384513855 -0.4933622181415558 -0.8161557912826538 0.3065727651119232 -0.4897986054420471 -1.4853421449661255
0.5626015663146973 0.6150033473968506 -0.5524945855140686 0.2760516107082367 0.13179714977741241 -0.726464033126831 -0.6744474172592163 -0.4933486878871918 -0.816154956817627 0.30662795901298523 -0.4897654950618744 -1.485302448272705
0.5624783039093018 0.6150688529014587 -0.5525472164154053 0.2760215401649475 0.13184310495853424 -0.7264578938484192 -0.6744450926780701 -0.4933566749095917 -0.8162325024604797 0.30651119351387024 -0.48970934748649597 -1.4852077960968018
0.5625029802322388 0.6150728464126587 -0.5525176525115967 0.2760205566883087 0.13185888528823853 -0.7264476418495178 -0.6744530200958252 -0.49335530400276184 -0.8162129521369934 0.3065274655818939 -0.4897317588329315 -1.485215425491333
0.5624728798866272 0.6151123046875 -0.5525044202804565 0.2760758697986603 0.13190552592277527 -0.7264307737350464 -0.674462080001831 -0.4933972656726837 -0.8162261843681335 0.3064882159233093 -0.4897342920303345 -1.4853205680847168
0.5624775886535645 0.6151266694068909 -0.5524835586547852 0.27608078718185425 0.1319572478532791 -0.7264304757118225 -0.6744523048400879 -0.4933963716030121 -0.8162145614624023 0.30646008253097534 -0.4897712469100952 -1.4853301048278809
0.5625112652778625 0.6151285171508789 -0.5524471998214722 0.27602720260620117 0.13204438984394073 -0.7264454960823059 -0.674419105052948 -0.49333593249320984 -0.816177248954773 0.30642077326774597 -0.4898580312728882 -1.485072135925293
0.5625616908073425 0.6151060461997986 -0.5524209141731262 0.2760690152645111 0.13201576471328735 -0.7264390587806702 -0.674431562423706 -0.49338218569755554 -0.8161471486091614 0.3064810633659363 -0.48987045884132385 -1.4852735996246338
0.5625355839729309 0.6151422262191772 -0.5524072051048279 0.27607038617134094 0.13202911615371704 -0.7264118790626526 -0.6744582653045654 -0.4933805763721466 -0.8161630034446716 0.30647289752960205 -0.48984917998313904 -1.4852771759033203
0.562554121017456 0.6151244044303894 -0.5524080991744995 0.2759951949119568 0.13202112913131714 -0.726422131061554 -0.6744487881660461 -0.4933224618434906 -0.8161514401435852 0.3064844012260437 -0.4898611605167389 -1.4850668907165527
0.562527060508728 0.6151455640792847 -0.552412211894989 0.2759900391101837 0.13203740119934082 -0.7264148592948914 -0.6744534373283386 -0.49331846833229065 -0.8161675333976746 0.3064591884613037 -0.4898501932621002 -1.4850631952285767
0.5625747442245483 0.6150833368301392 -0.5524329543113708 0.27598172426223755 0.13198256492614746 -0.7264484167098999 -0.6744280457496643 -0.4932853877544403 -0.8161435127258301 0.30650463700294495 -0.48986175656318665 -1.4849234819412231
0.5625995993614197 0.6151069402694702 -0.5523812770843506 0.27591672539711 0.13208435475826263 -0.7264463305473328 -0.674410343170166 -0.49316999316215515 -0.8161098957061768 0.30646204948425293 -0.4899443984031677 -1.4846620559692383
0.5626528263092041 0.6150295734405518 -0.5524132251739502 0.27590030431747437 0.13200467824935913 -0.7264865040779114 -0.6743826866149902 -0.49316778779029846 -0.8160861134529114 0.3065221905708313 -0.4899464249610901 -1.4845452308654785
0.5626548528671265 0.6150316596031189 -0.5524088144302368 0.27589473128318787 0.13201294839382172 -0.726486086845398 -0.6743814945220947 -0.49316319823265076 -0.8160833716392517 0.30651888251304626 -0.48995307087898254 -1.4845210313796997
0.5627228617668152 0.6149441599845886 -0.5524370074272156 0.27585795521736145 0.13200820982456207 -0.7265599966049194 -0.6743027567863464 -0.493092805147171 -0.8160372376441956 0.3065193295478821 -0.49002957344055176 -1.484296202659607
0.5627144575119019 0.6149467825889587 -0.5524426102638245 0.2758558988571167 0.13196666538715363 -0.7265450358390808 -0.67432701587677 -0.49308034777641296 -0.8160497546195984 0.3065495491027832 -0.48998984694480896 -1.4842485189437866
0.5627074837684631 0.6149700284004211 -0.5524238348007202 0.2758449912071228 0.131912961602211 -0.726499617099762 -0.6743864417076111 -0.493031769990921 -0.8160632252693176 0.30661043524742126 -0.48992928862571716 -1.4841313362121582
0.5626903176307678 0.6149888634681702 -0.552420437335968 0.2758807837963104 0.13196054100990295 -0.7265024185180664 -0.6743741035461426 -0.4930366575717926 -0.8160673975944519 0.306566059589386 -0.4899500906467438 -1.484312891960144
0.562643826007843 0.6150528192520142 -0.5523965358734131 0.2759288549423218 0.13197553157806396 -0.7264513373374939 -0.674426257610321 -0.49311432242393494 -0.8160970211029053 0.30655890703201294 -0.4899052083492279 -1.4845924377441406
0.5626335144042969 0.6150733232498169 -0.5523841977119446 0.2759348154067993 0.13197730481624603 -0.726431667804718 -0.6744471192359924 -0.4931012690067291 -0.8161038756370544 0.3065643310546875 -0.489890456199646 -1.4845705032348633
0.562623918056488 0.6151062250137329 -0.5523573160171509 0.275921493768692 0.13198553025722504 -0.7263989448547363 -0.674480676651001 -0.49308302998542786 -0.8161091208457947 0.3065757751464844 -0.4898745119571686 -1.4844411611557007
0.5626420378684998 0.6150990724563599 -0.5523468255996704 0.27593010663986206 0.1320079267024994 -0.7264078259468079 -0.6744667291641235 -0.4930690824985504 -0.8160930275917053 0.3065691590309143 -0.4899055063724518 -1.484413743019104
0.5626968741416931 0.6150393486022949 -0.5523574948310852 0.2759203314781189 0.13199234008789062 -0.726449728012085 -0.6744246482849121 -0.4930974543094635 -0.8160577416419983 0.30658966302871704 -0.4899514615535736 -1.4843891859054565
0.5626442432403564 0.6151347756385803 -0.5523048043251038 0.2758795917034149 0.13199767470359802 -0.7263593077659607 -0.6745210289955139 -0.4930385649204254 -0.8160931468009949 0.30661240220069885 -0.48987823724746704 -1.4842817783355713
0.562618613243103 0.6151623129844666 -0.5523002743721008 0.2758842706680298 0.13201671838760376 -0.726344645023346 -0.6745330691337585 -0.49302443861961365 -0.8161077499389648 0.3065919876098633 -0.489866703748703 -1.484246015548706
0.5626320838928223 0.6151714324951172 -0.5522763729095459 0.27583494782447815 0.1320783495903015 -0.7263504862785339 -0.6745147705078125 -0.49297043681144714 -0.8160884976387024 0.30655986070632935 -0.48991885781288147 -1.4840608835220337
0.562629759311676 0.6151861548423767 -0.5522623658180237 0.2758351266384125 0.1320822685956955 -0.7263349890708923 -0.6745306253433228 -0.4929599463939667 -0.8160894513130188 0.30656689405441284 -0.48991283774375916 -1.4840229749679565
0.5626159310340881 0.6152079701423645 -0.5522521734237671 0.2758389413356781 0.13210847973823547 -0.7263246178627014 -0.6745367050170898 -0.49299249053001404 -0.8160947561264038 0.3065478801727295 -0.4899159371852875 -1.4840106964111328
0.5626973509788513 0.6151831746101379 -0.5521968007087708 0.2758406400680542 0.13207392394542694 -0.7263045310974121 -0.6745650768280029 -0.4929575026035309 -0.8160442113876343 0.3066451847553253 -0.48993924260139465 -1.4840070009231567
0.56267249584198 0.6152117848396301 -0.5521902441978455 0.2758381962776184 0.1320769041776657 -0.7262820601463318 -0.674588680267334 -0.4929434359073639 -0.8160608410835266 0.3066408932209015 -0.4899141788482666 -1.483963966369629
0.5626823902130127 0.6152493357658386 -0.5521383285522461 0.27581116557121277 0.13206934928894043 -0.7262287735939026 -0.6746475100517273 -0.492913156747818 -0.8160552382469177 0.3066917061805725 -0.4898917078971863 -1.4839844703674316
0.5626750588417053 0.6152462363243103 -0.55214923620224 0.27580779790878296 0.13205434381961823 -0.7262303233146667 -0.6746488213539124 -0.4928969442844391 -0.8160627484321594 0.306694358587265 -0.4898776113986969 -1.4839520454406738
0.5626454949378967 0.6152848601341248 -0.5521363615989685 0.27574971318244934 0.13204652070999146 -0.7261937856674194 -0.6746896505355835 -0.49284955859184265 -0.8160843849182129 0.3067033886909485 -0.48983585834503174 -1.4838016033172607
0.5626681447029114 0.6152494549751282 -0.552152693271637 0.27574533224105835 0.1320621222257614 -0.7262324690818787 -0.674644947052002 -0.4928339421749115 -0.8160662651062012 0.3066827356815338 -0.48987898230552673 -1.4837695360183716
0.5627084970474243 0.6152111887931824 -0.5521542429924011 0.27575403451919556 0.13209839165210724 -0.7262743711471558 -0.6745927929878235 -0.4928576648235321 -0.8160325884819031 0.30666035413742065 -0.489949107170105 -1.483710765838623
0.5626571774482727 0.6153006553649902 -0.5521069169044495 0.27576929330825806 0.13220275938510895 -0.726227879524231 -0.6746224164962769 -0.49289998412132263 -0.8160510659217834 0.3065910339355469 -0.489961713552475 -1.4837825298309326
0.5626694560050964 0.6153019070625305 -0.5520929098129272 0.2757644057273865 0.1322377473115921 -0.7262337803840637 -0.6746091246604919 -0.49289265275001526 -0.8160368800163269 0.30657440423965454 -0.48999568819999695 -1.483740210533142
0.5626043677330017 0.6153830885887146 -0.5520687699317932 0.2757419943809509 0.1322002410888672 -0.7261503338813782 -0.6747062802314758 -0.4929122030735016 -0.8160878419876099 0.30660906434059143 -0.48988911509513855 -1.483843445777893
0.5625905990600586 0.6154013872146606 -0.552062451839447 0.27573204040527344 0.13222308456897736 -0.726142942905426 -0.6747097969055176 -0.49290940165519714 -0.8160936236381531 0.3065899908542633 -0.4898914396762848 -1.4838268756866455
0.5625897645950317 0.6153641939163208 -0.5521047711372375 0.2757948935031891 0.1321921944618225 -0.7261771559715271 -0.6746790409088135 -0.4929746091365814 -0.816099226474762 0.30658355355262756 -0.4898861348628998 -1.483948826789856
0.5626019835472107 0.6153540015220642 -0.5521036982536316 0.2757890522480011 0.13220283389091492 -0.726188063621521 -0.6746652126312256 -0.4929703176021576 -0.8160890936851501 0.30657827854156494 -0.48990631103515625 -1.4839228391647339
0.56260085105896 0.6153086423873901 -0.5521553158760071 0.27584633231163025 0.13214488327503204 -0.7262221574783325 -0.674639880657196 -0.49302926659584045 -0.816099226474762 0.30658844113349915 -0.48988306522369385 -1.4841506481170654
0.5626215934753418 0.6152967810630798 -0.552147388458252 0.2758435606956482 0.13214893639087677 -0.726228654384613 -0.6746320724487305 -0.4930172264575958 -0.8160842657089233 0.30659687519073486 -0.48990270495414734 -1.484134554862976
0.5625976920127869 0.6152705550193787 -0.5522010326385498 0.2759382426738739 0.13207705318927765 -0.7262446880340576 -0.6746289134025574 -0.49315395951271057 -0.8161123991012573 0.3066115379333496 -0.4898466467857361 -1.4845374822616577
0.5625702738761902 0.6152991652488708 -0.5521970391273499 0.2759159803390503 0.13215647637844086 -0.7262521386146545 -0.6746053099632263 -0.4931155741214752 -0.8161184191703796 0.306536465883255 -0.4898836016654968 -1.484466791152954
0.5625478625297546 0.6152955293655396 -0.5522239804267883 0.27591240406036377 0.13214446604251862 -0.7262623906135559 -0.6745966672897339 -0.4931131899356842 -0.816135823726654 0.3065195381641388 -0.4898652136325836 -1.484460711479187
0.5625897645950317 0.6152599453926086 -0.5522209405899048 0.2758679986000061 0.1321234256029129 -0.7262787222862244 -0.6745831966400146 -0.49309512972831726 -0.816110372543335 0.3065522611141205 -0.48988720774650574 -1.484320878982544
0.5625892877578735 0.6152060031890869 -0.5522814989089966 0.2759002447128296 0.13201084733009338 -0.7263025045394897 -0.6745796203613281 -0.49313119053840637 -0.8161289095878601 0.3066040873527527 -0.4898238182067871 -1.4844611883163452
0.5626208186149597 0.6152053475379944 -0.5522500872612 0.2758926451206207 0.1320217102766037 -0.7262929677963257 -0.6745877861976624 -0.49313434958457947 -0.8161054253578186 0.30662810802459717 -0.48984795808792114 -1.4844554662704468
0.5625405311584473 0.6152493953704834 -0.5522828698158264 0.27583834528923035 0.13200555741786957 -0.7262699007987976 -0.674615740776062 -0.4931030571460724 -0.8161633610725403 0.30659425258636475 -0.4897725582122803 -1.484391450881958
0.5625736117362976 0.6152462959289551 -0.5522525310516357 0.275822252035141 0.13201101124286652 -0.7262605428695679 -0.6746247410774231 -0.49310341477394104 -0.8161396980285645 0.3066226541996002 -0.4897942841053009 -1.4843915700912476
0.5625486969947815 0.615241289138794 -0.5522834658622742 0.2757612466812134 0.13196760416030884 -0.7262617945671082 -0.6746319532394409 -0.49296316504478455 -0.8161638975143433 0.3066297769546509 -0.4897494912147522 -1.4841874837875366
0.5625874400138855 0.6152280569076538 -0.5522587895393372 0.27574750781059265 0.13197602331638336 -0.7262633442878723 -0.6746285557746887 -0.4929482042789459 -0.816135823726654 0.30665263533592224 -0.4897819757461548 -1.484182357788086
0.5625218152999878 0.6151614189147949 -0.5523998141288757 0.27585670351982117 0.1318943053483963 -0.726344108581543 -0.6745575666427612 -0.4930550754070282 -0.8161942362785339 0.30659496784210205 -0.4897207021713257 -1.4843673706054688
0.5624873638153076 0.6151711344718933 -0.5524241328239441 0.27590587735176086 0.1318933516740799 -0.7263477444648743 -0.6745538711547852 -0.49312475323677063 -0.8162181973457336 0.30656692385673523 -0.4896983504295349 -1.4844852685928345
0.5624862313270569 0.6151717305183411 -0.5524246692657471 0.27590709924697876 0.13189253211021423 -0.7263472080230713 -0.6745545864105225 -0.4931263029575348 -0.8162190914154053 0.3065669536590576 -0.48969683051109314 -1.4844884872436523
0.5624952912330627 0.6151394844055176 -0.5524513125419617 0.275988906621933 0.13188955187797546 -0.7263813018798828 -0.6745184659957886 -0.4932538568973541 -0.8162133097648621 0.30655089020729065 -0.489716500043869 -1.4847806692123413
0.5625494122505188 0.6151337623596191 -0.5524025559425354 0.2759472131729126 0.13192428648471832 -0.7263765335083008 -0.6745168566703796 -0.4932381212711334 -0.8161703944206238 0.306573748588562 -0.4897737503051758 -1.4847489595413208
0.5624741911888123 0.6151099801063538 -0.552505612373352 0.2760184705257416 0.13188594579696655 -0.7264256477355957 -0.6744714379310608 -0.49332568049430847 -0.8162283897399902 0.3065050542354584 -0.48972001671791077 -1.4850714206695557
0.562463641166687 0.6151149272918701 -0.5525108575820923 0.27602827548980713 0.1318848431110382 -0.726423978805542 -0.6744734048843384 -0.49333640933036804 -0.8162358999252319 0.3064989447593689 -0.48971137404441833 -1.4851292371749878
0.562548041343689 0.6150741577148438 -0.5524702668190002 0.2760654389858246 0.1318536400794983 -0.7264233231544495 -0.6744801998138428 -0.4933899939060211 -0.8161827325820923 0.3065823018550873 -0.4897477626800537 -1.4852893352508545
0.562609851360321 0.6150767803192139 -0.5524044632911682 0.2760060727596283 0.13196872174739838 -0.7264350652694702 -0.6744450926780701 -0.49339374899864197 -0.8161215782165527 0.3065493106842041 -0.4898703992366791 -1.4851866960525513
0.5626240968704224 0.6150720715522766 -0.5523951649665833 0.2760032117366791 0.13196365535259247 -0.7264323830604553 -0.6744489669799805 -0.4934063255786896 -0.8161125183105469 0.30656516551971436 -0.4898754954338074 -1.4852218627929688
0.5626089572906494 0.6150670647621155 -0.5524161458015442 0.27601948380470276 0.13193674385547638 -0.7264353036880493 -0.6744511127471924 -0.4934217631816864 -0.8161273002624512 0.3065682351589203 -0.48984894156455994 -1.4853252172470093
