# 3x4 first row second row third row Freq: 100 current Time: 2021-07-31-13:06:16
0.536182165145874 0.6292138695716858 -0.562670886516571 0.15012797713279724 0.10897696018218994 -0.7126128673553467 -0.6930417418479919 -0.5926758050918579 -0.8370380401611328 0.3102784752845764 -0.4506601095199585 -1.7103939056396484
0.5362020134925842 0.629223644733429 -0.5626410841941833 0.15013079345226288 0.10897564888000488 -0.712591290473938 -0.6930641531944275 -0.5926820039749146 -0.83702552318573 0.31030818819999695 -0.45066291093826294 -1.7103822231292725
0.536076545715332 0.6292033791542053 -0.5627833008766174 0.15010054409503937 0.10886593908071518 -0.7126328945159912 -0.6930386424064636 -0.5925518274307251 -0.8371201157569885 0.3102538287639618 -0.45052456855773926 -1.7100999355316162
0.5361225008964539 0.6291435956954956 -0.5628063678741455 0.15010498464107513 0.10879848152399063 -0.712660551071167 -0.693020761013031 -0.592545211315155 -0.8370994925498962 0.31031155586242676 -0.4505231976509094 -1.710083246231079
0.53615802526474 0.629146933555603 -0.5627687573432922 0.150116965174675 0.10888172686100006 -0.7126710414886475 -0.6929968595504761 -0.5925304889678955 -0.8370658755302429 0.31028059124946594 -0.45060691237449646 -1.7100402116775513
0.5361887812614441 0.6291985511779785 -0.5626817345619202 0.15012063086032867 0.10892653465270996 -0.7126100063323975 -0.6930525898933411 -0.5925192832946777 -0.837040364742279 0.3103160858154297 -0.45062991976737976 -1.710068941116333
0.5361633896827698 0.6292226314544678 -0.5626790523529053 0.15012112259864807 0.10896456986665726 -0.7126061320304871 -0.6930506825447083 -0.5925148725509644 -0.8370516896247864 0.3102762997150421 -0.45063626766204834 -1.7100529670715332
0.5362529158592224 0.6292325258255005 -0.5625826716423035 0.15011274814605713 0.10902348905801773 -0.7125748991966248 -0.6930735111236572 -0.592501699924469 -0.8369866609573364 0.31032794713974 -0.45072147250175476 -1.7099997997283936
0.5362515449523926 0.629235029220581 -0.5625811219215393 0.15011227130889893 0.10902892798185349 -0.7125744223594666 -0.6930730938911438 -0.5924913287162781 -0.8369868397712708 0.31032389402389526 -0.45072394609451294 -1.7099781036376953
0.5362756252288818 0.6293309926986694 -0.5624508261680603 0.15008041262626648 0.10917709022760391 -0.7125001549720764 -0.6931261420249939 -0.5924729704856873 -0.8369520902633667 0.31029990315437317 -0.4508049786090851 -1.7099719047546387
0.5362386107444763 0.6293201446533203 -0.5624982118606567 0.15006960928440094 0.10913994908332825 -0.7125166058540344 -0.6931151151657104 -0.5924580693244934 -0.8369806408882141 0.3102840483188629 -0.45076286792755127 -1.7099494934082031
0.5362078547477722 0.6293658018112183 -0.5624765157699585 0.15008682012557983 0.10916055738925934 -0.7124820947647095 -0.6931473016738892 -0.5925149917602539 -0.8369976878166199 0.3102707862854004 -0.45074039697647095 -1.7101720571517944
0.5361974239349365 0.6293725967407227 -0.5624788403511047 0.1500769555568695 0.10915454477071762 -0.7124761939048767 -0.6931543350219727 -0.5925012826919556 -0.8370051383972168 0.31027042865753174 -0.45072677731513977 -1.7101550102233887
0.5362497568130493 0.6293207406997681 -0.562487006187439 0.15008172392845154 0.10916555672883987 -0.7125203013420105 -0.6931072473526001 -0.5925043225288391 -0.8369701504707336 0.3102743625640869 -0.4507889747619629 -1.710111379623413
0.5362393856048584 0.6293116807937622 -0.5625070333480835 0.1500767171382904 0.10915238410234451 -0.712531328201294 -0.6930980086326599 -0.5924918055534363 -0.836978554725647 0.31026744842529297 -0.45077821612358093 -1.710092306137085
0.5361172556877136 0.6292909979820251 -0.5626465082168579 0.15007856488227844 0.10911814123392105 -0.7125998735427856 -0.6930329203605652 -0.5924130082130432 -0.8370612263679504 0.31015196442604065 -0.4507041573524475 -1.7099194526672363
0.5361958146095276 0.6292600035667419 -0.5626063346862793 0.15009528398513794 0.10908006876707077 -0.7125880718231201 -0.6930510401725769 -0.5924845933914185 -0.8370158672332764 0.3102419376373291 -0.4507264494895935 -1.7100541591644287
0.5361760258674622 0.6292378902435303 -0.5626499056816101 0.15009020268917084 0.10906931757926941 -0.7126203775405884 -0.6930195093154907 -0.5924725532531738 -0.8370299339294434 0.3102126121520996 -0.45072048902511597 -1.710037112236023
0.5361410975456238 0.6292394399642944 -0.5626814961433411 0.15012884140014648 0.10900207608938217 -0.7126094698905945 -0.6930413246154785 -0.5925396680831909 -0.8370611071586609 0.3102344572544098 -0.45064759254455566 -1.7102640867233276
0.5361778140068054 0.6292046904563904 -0.5626853108406067 0.15013077855110168 0.10900240391492844 -0.7126355767250061 -0.69301438331604 -0.592526912689209 -0.8370375037193298 0.3102448880672455 -0.45068421959877014 -1.7102549076080322
0.5361083149909973 0.6292327642440796 -0.5627201199531555 0.15011779963970184 0.10897202044725418 -0.7126214504241943 -0.6930336952209473 -0.5925268530845642 -0.837086021900177 0.3102203607559204 -0.45061105489730835 -1.7101855278015137
0.536115825176239 0.6292223930358887 -0.5627246499061584 0.15012051165103912 0.10892399400472641 -0.7126131057739258 -0.6930498480796814 -0.5925195217132568 -0.8370874524116516 0.31026074290275574 -0.45058053731918335 -1.7101761102676392
0.536037802696228 0.6292474865913391 -0.5627709031105042 0.15011197328567505 0.10892875492572784 -0.7126195430755615 -0.6930424571037292 -0.5925500392913818 -0.8371368050575256 0.3101949989795685 -0.4505341351032257 -1.7101447582244873
0.5360806584358215 0.6292076706886292 -0.5627745985984802 0.15008123219013214 0.1088562160730362 -0.7126221656799316 -0.6930511593818665 -0.5925593376159668 -0.8371187448501587 0.310269832611084 -0.45051610469818115 -1.7100049257278442
0.5360996723175049 0.629183292388916 -0.5627837181091309 0.15007662773132324 0.10882197320461273 -0.7126308083534241 -0.6930477023124695 -0.5925660133361816 -0.8371110558509827 0.3102993965148926 -0.45051008462905884 -1.709991216659546
0.5361093878746033 0.6291816830635071 -0.5627762675285339 0.15008896589279175 0.10886111110448837 -0.7126427888870239 -0.6930291652679443 -0.5925674438476562 -0.8370997309684753 0.31027498841285706 -0.4505479037761688 -1.710115671157837
0.5361079573631287 0.6291889548301697 -0.5627694725990295 0.15008758008480072 0.10882949829101562 -0.7126228213310242 -0.6930546760559082 -0.5925657749176025 -0.8371047377586365 0.31030622124671936 -0.45051708817481995 -1.7101068496704102
0.5360121726989746 0.6292015910148621 -0.5628466010093689 0.15006935596466064 0.10881034284830093 -0.7126438617706299 -0.6930360794067383 -0.5924278497695923 -0.8371685743331909 0.3102322220802307 -0.4504494071006775 -1.7099237442016602
0.5360465049743652 0.6291959881782532 -0.5628201365470886 0.15006619691848755 0.10880069434642792 -0.7126314640045166 -0.6930503249168396 -0.5924192667007446 -0.8371478319168091 0.3102719783782959 -0.4504605829715729 -1.7099175453186035
0.5359253883361816 0.6291995048522949 -0.5629315972328186 0.15007948875427246 0.1087670773267746 -0.7126700282096863 -0.693015992641449 -0.5923819541931152 -0.8372297286987305 0.31017643213272095 -0.45037415623664856 -1.7098811864852905
0.5359378457069397 0.6292664408683777 -0.5628448724746704 0.15003491938114166 0.10887797921895981 -0.7126229405403137 -0.6930469274520874 -0.5924113392829895 -0.8372073769569397 0.310148686170578 -0.4504348933696747 -1.7098008394241333
0.5359411239624023 0.6292644143104553 -0.5628440380096436 0.1500263512134552 0.10886964201927185 -0.7126209139823914 -0.6930503845214844 -0.5924090147018433 -0.8372063636779785 0.31015756726264954 -0.45043063163757324 -1.709786057472229
0.5360742807388306 0.629218578338623 -0.5627685189247131 0.1500624120235443 0.10897738486528397 -0.712656557559967 -0.6929967999458313 -0.5924074649810791 -0.8371071219444275 0.31016868352890015 -0.45060741901397705 -1.7098451852798462
0.5361002683639526 0.6291990280151367 -0.5627655386924744 0.1500617265701294 0.10898587107658386 -0.7126718163490295 -0.6929796934127808 -0.5924028158187866 -0.8370893597602844 0.3101730942726135 -0.4506373405456543 -1.7098298072814941
0.5360648036003113 0.6292040348052979 -0.5627937912940979 0.15008914470672607 0.10892392694950104 -0.7126589417457581 -0.6930027008056641 -0.5924202799797058 -0.8371201157569885 0.31019264459609985 -0.45056673884391785 -1.7099435329437256
0.5360932350158691 0.6291728615760803 -0.5628015398979187 0.15009330213069916 0.10891732573509216 -0.7126818895339966 -0.6929801106452942 -0.5924127101898193 -0.8371027708053589 0.3102031350135803 -0.4505917727947235 -1.7099337577819824
0.5361088514328003 0.6291384100914001 -0.5628252029418945 0.15006034076213837 0.10893288254737854 -0.7127229571342468 -0.6929354667663574 -0.5924109816551208 -0.8370907306671143 0.31017863750457764 -0.45063093304634094 -1.7098627090454102
0.536112368106842 0.6291016340255737 -0.5628629326820374 0.15006814897060394 0.10891822725534439 -0.7127612233161926 -0.6928983926773071 -0.592400312423706 -0.8370904326438904 0.3101653456687927 -0.4506407082080841 -1.7098466157913208
0.5361711978912354 0.6291607618331909 -0.5627407431602478 0.15010330080986023 0.10903429985046387 -0.7127045392990112 -0.6929384469985962 -0.5924280285835266 -0.8370375633239746 0.3101756274700165 -0.4507317543029785 -1.7097394466400146
0.5362561345100403 0.6291339993476868 -0.5626897215843201 0.15015436708927155 0.10908975452184677 -0.7127192616462708 -0.6929145455360413 -0.5923608541488647 -0.8369759321212769 0.31019601225852966 -0.45083215832710266 -1.7096527814865112
0.5362358689308167 0.6292353868484497 -0.5625957250595093 0.15010996162891388 0.10913505405187607 -0.7126204967498779 -0.6930090188980103 -0.5923840403556824 -0.8369830846786499 0.31021735072135925 -0.45080429315567017 -1.709671139717102
0.5362208485603333 0.6292217969894409 -0.5626251697540283 0.15008379518985748 0.10914918780326843 -0.7126492857933044 -0.6929771900177002 -0.5924603343009949 -0.8369908332824707 0.3101787269115448 -0.45081645250320435 -1.7097960710525513
0.5361889600753784 0.629189133644104 -0.5626921057701111 0.15005825459957123 0.1091565489768982 -0.7127068042755127 -0.6929168701171875 -0.5924553275108337 -0.8370103240013123 0.3101128339767456 -0.45082563161849976 -1.7096500396728516
0.5361937284469604 0.6291749477386475 -0.5627034306526184 0.15005898475646973 0.10914847254753113 -0.7127190828323364 -0.6929054856300354 -0.5924645066261292 -0.8370082974433899 0.3101133704185486 -0.45082899928092957 -1.7096189260482788
0.5362205505371094 0.6292144060134888 -0.562633752822876 0.1500600427389145 0.10926707088947296 -0.712702214717865 -0.6929041743278503 -0.5923632383346558 -0.836975634098053 0.3100720942020416 -0.4509179890155792 -1.7094730138778687
0.5362843871116638 0.6291934847831726 -0.562596321105957 0.15009276568889618 0.10926730930805206 -0.7126989960670471 -0.692907452583313 -0.5923483967781067 -0.8369346857070923 0.3101220428943634 -0.45095959305763245 -1.7095012664794922
0.5362905859947205 0.6291642189025879 -0.562623143196106 0.15010374784469604 0.10926712304353714 -0.7127321362495422 -0.6928734183311462 -0.592337965965271 -0.8369307518005371 0.31010526418685913 -0.45097845792770386 -1.7094694375991821
0.5362815260887146 0.6291946172714233 -0.5625977516174316 0.1501183956861496 0.10923300683498383 -0.7126861810684204 -0.6929260492324829 -0.5924009084701538 -0.8369410037994385 0.3101491928100586 -0.4509292542934418 -1.7098004817962646
0.5362483859062195 0.6292692422866821 -0.562545895576477 0.15011988580226898 0.10923189669847488 -0.7126089334487915 -0.6930056810379028 -0.5923897624015808 -0.8369624018669128 0.31017521023750305 -0.45087164640426636 -1.7097779512405396
0.5361974239349365 0.6292776465415955 -0.5625850558280945 0.15005874633789062 0.10922268033027649 -0.7126184701919556 -0.6929973363876343 -0.5924243330955505 -0.8369962573051453 0.3101363182067871 -0.45083555579185486 -1.7098146677017212
0.5361658334732056 0.6292698383331299 -0.562623918056488 0.15003274381160736 0.1090966984629631 -0.7125958204269409 -0.6930404901504517 -0.5924572944641113 -0.8370329141616821 0.3102042078971863 -0.45072078704833984 -1.7099303007125854
0.5361499190330505 0.6292710304260254 -0.5626377463340759 0.1500190794467926 0.10911982506513596 -0.712610125541687 -0.6930220723152161 -0.5924534797668457 -0.8370400667190552 0.3101688027381897 -0.4507318139076233 -1.7099207639694214
0.5361837148666382 0.6292615532875061 -0.5626161694526672 0.15004689991474152 0.10911983996629715 -0.7126064300537109 -0.6930258870124817 -0.592487633228302 -0.8370184302330017 0.3101966083049774 -0.450752854347229 -1.7099649906158447
0.5361922979354858 0.6292439103126526 -0.5626277327537537 0.15003789961338043 0.10911139845848083 -0.7126211524009705 -0.6930121183395386 -0.5924931764602661 -0.8370140194892883 0.31019866466522217 -0.4507596492767334 -1.709958553314209
0.5362139940261841 0.6292124390602112 -0.5626421570777893 0.1500813513994217 0.10907814651727676 -0.7126376032829285 -0.6930003762245178 -0.5925964117050171 -0.8370044827461243 0.3102245628833771 -0.4507595896720886 -1.7100521326065063
0.5362334251403809 0.6291868090629578 -0.5626523494720459 0.15007911622524261 0.10907971858978271 -0.7126609086990356 -0.692976176738739 -0.5926055908203125 -0.8369918465614319 0.3102230131626129 -0.4507841169834137 -1.7100496292114258
0.536266565322876 0.6291998028755188 -0.5626062154769897 0.15015730261802673 0.1090620905160904 -0.7126232385635376 -0.6930177211761475 -0.5925914645195007 -0.8369728922843933 0.31028318405151367 -0.4507778286933899 -1.7102961540222168
0.5362465381622314 0.6292139291763306 -0.5626094937324524 0.15015316009521484 0.10912954062223434 -0.7126399874687195 -0.6929898858070374 -0.5925747156143188 -0.836976945400238 0.3102160692214966 -0.4508165419101715 -1.7102763652801514
0.5362583994865417 0.6292054653167725 -0.5626077055931091 0.15016314387321472 0.10909062623977661 -0.712630569934845 -0.6930056214332581 -0.592564046382904 -0.8369743824005127 0.31025487184524536 -0.4507945477962494 -1.7102773189544678
0.5362028479576111 0.6292223930358887 -0.5626416802406311 0.15014803409576416 0.10905860364437103 -0.7126232385635376 -0.6930182576179504 -0.5925392508506775 -0.8370141983032227 0.31023740768432617 -0.4507327079772949 -1.7102320194244385
0.5362116694450378 0.6292175054550171 -0.5626387596130371 0.1501481980085373 0.10909348726272583 -0.7126381397247314 -0.692997395992279 -0.5925337672233582 -0.8370039463043213 0.3102130591869354 -0.4507684111595154 -1.7102317810058594
0.5360934138298035 0.6292437314987183 -0.5627221465110779 0.1500956416130066 0.10900495946407318 -0.7126270532608032 -0.6930227875709534 -0.5925053358078003 -0.8370912671089172 0.31018540263175964 -0.45062533020973206 -1.7102484703063965
0.5360546112060547 0.6292070746421814 -0.5628000497817993 0.15011902153491974 0.10891533643007278 -0.7126566767692566 -0.6930063962936401 -0.5925565958023071 -0.8371278047561646 0.31019172072410583 -0.45055314898490906 -1.710271954536438
0.5360506176948547 0.6292015314102173 -0.5628100633621216 0.1501215100288391 0.10891671478748322 -0.712665855884552 -0.6929967403411865 -0.5925559401512146 -0.8371301293373108 0.3101819157600403 -0.4505555033683777 -1.710282802581787
0.5360971689224243 0.6292245388031006 -0.5627399682998657 0.15012557804584503 0.10899360477924347 -0.7126447558403015 -0.6930063366889954 -0.592601478099823 -0.8370903134346008 0.31018367409706116 -0.45062828063964844 -1.7103358507156372
0.536094605922699 0.6292008757591248 -0.5627688765525818 0.15012788772583008 0.10896344482898712 -0.7126638889312744 -0.6929914355278015 -0.5926051139831543 -0.8370959162712097 0.3101877272129059 -0.45061513781547546 -1.710339069366455
0.5360139012336731 0.6292000412940979 -0.5628467202186584 0.15012724697589874 0.10895188897848129 -0.712697446346283 -0.6929587125778198 -0.5925397276878357 -0.8371490836143494 0.3101122975349426 -0.4505682587623596 -1.7101738452911377
0.5359870195388794 0.6291991472244263 -0.5628733038902283 0.15013109147548676 0.1089400053024292 -0.7127063870429993 -0.6929513812065125 -0.5925461649894714 -0.8371678590774536 0.3100935220718384 -0.4505463242530823 -1.7101750373840332
0.5359929203987122 0.6291874051094055 -0.56288081407547 0.15003657341003418 0.10891667753458023 -0.7127095460891724 -0.6929517984390259 -0.592412531375885 -0.8371670842170715 0.3101101517677307 -0.45053625106811523 -1.709775447845459
0.5359980463981628 0.6291561722755432 -0.5629108548164368 0.15007279813289642 0.10885439068078995 -0.7127225995063782 -0.6929481625556946 -0.5924208164215088 -0.8371719121932983 0.31014353036880493 -0.4505043029785156 -1.7098747491836548
0.5359936356544495 0.6291705369949341 -0.5628989934921265 0.15007273852825165 0.10889694839715958 -0.712722659111023 -0.692941427230835 -0.5924258828163147 -0.8371692299842834 0.31011420488357544 -0.4505295157432556 -1.7098703384399414
0.5359535813331604 0.6292256116867065 -0.5628755688667297 0.15008370578289032 0.10888504981994629 -0.7126687169075012 -0.6929988265037537 -0.592518150806427 -0.837196409702301 0.3101264536380768 -0.45047059655189514 -1.7100481986999512
0.535986602306366 0.6292001605033875 -0.562872588634491 0.15008220076560974 0.10886380821466446 -0.7126771211624146 -0.6929934620857239 -0.592528760433197 -0.8371779918670654 0.31015875935554504 -0.45048248767852783 -1.7100447416305542
0.536005437374115 0.6292517781257629 -0.5627968907356262 0.15010657906532288 0.10894861817359924 -0.7126363515853882 -0.6930220127105713 -0.592566192150116 -0.8371549248695374 0.31014764308929443 -0.45053306221961975 -1.7100859880447388
0.5360046029090881 0.6292600035667419 -0.5627884864807129 0.15010999143123627 0.1089710220694542 -0.7126349210739136 -0.6930200457572937 -0.5925784707069397 -0.8371525406837463 0.31013426184654236 -0.4505466818809509 -1.7100777626037598
0.5361036658287048 0.6292412281036377 -0.5627151131629944 0.15009565651416779 0.1089942455291748 -0.7126214504241943 -0.6930302381515503 -0.5925781726837158 -0.8370860815048218 0.31020334362983704 -0.4506226181983948 -1.7101246118545532
0.5361006259918213 0.6292480230331421 -0.5627104640007019 0.1500951051712036 0.10901642590761185 -0.7126227021217346 -0.6930254697799683 -0.5925881862640381 -0.8370851278305054 0.3101866841316223 -0.4506358206272125 -1.7101194858551025
0.5360773205757141 0.6292225122451782 -0.5627611875534058 0.15011157095432281 0.10895435512065887 -0.712641716003418 -0.6930156350135803 -0.5926092863082886 -0.8371081352233887 0.3101946711540222 -0.45058760046958923 -1.7102068662643433
0.5360587239265442 0.6292112469673157 -0.5627914667129517 0.15011286735534668 0.10892542451620102 -0.712653398513794 -0.6930081844329834 -0.5926220417022705 -0.8371238112449646 0.3101907968521118 -0.45056113600730896 -1.7101532220840454
0.5360515713691711 0.6292020082473755 -0.562808632850647 0.1501089632511139 0.10888730734586716 -0.7126538753509521 -0.6930136680603027 -0.5926387310028076 -0.8371333479881287 0.31020835041999817 -0.4505313038825989 -1.7101585865020752
0.5359138250350952 0.6292703747749329 -0.5628633499145508 0.15006206929683685 0.10887052863836288 -0.7126263380050659 -0.6930446624755859 -0.5926122665405273 -0.8372237086296082 0.3101329803466797 -0.45041531324386597 -1.7100627422332764
0.5359621644020081 0.6292212009429932 -0.5628722906112671 0.15005183219909668 0.10887984931468964 -0.7126682996749878 -0.6930000185966492 -0.592629611492157 -0.8371915817260742 0.3101363182067871 -0.45047274231910706 -1.710067868232727
0.5358622670173645 0.6292829513549805 -0.5628983974456787 0.15003499388694763 0.10890278220176697 -0.7126463055610657 -0.6930190324783325 -0.5924553275108337 -0.8372525572776794 0.3100615441799164 -0.4504109025001526 -1.7098782062530518
0.5358717441558838 0.6291682124137878 -0.5630176067352295 0.15000812709331512 0.10874146968126297 -0.7127234935760498 -0.692965030670166 -0.5923668742179871 -0.8372674584388733 0.3101169764995575 -0.4503450095653534 -1.7095426321029663
0.5358768105506897 0.6291706562042236 -0.563010036945343 0.14999742805957794 0.10876695066690445 -0.7127276062965393 -0.6929567456245422 -0.5923784375190735 -0.8372608423233032 0.31010255217552185 -0.45036718249320984 -1.7095345258712769
0.5358884930610657 0.6291928291320801 -0.5629740953445435 0.15000376105308533 0.10884199291467667 -0.7127227783203125 -0.6929499506950378 -0.5923718214035034 -0.8372436165809631 0.31006869673728943 -0.4504225254058838 -1.709531545639038
0.5358553528785706 0.6292003393173218 -0.5629972815513611 0.14999379217624664 0.10881448537111282 -0.7127184271812439 -0.6929587125778198 -0.5923852920532227 -0.8372684121131897 0.3100633919239044 -0.4503800868988037 -1.7095227241516113
0.5358247756958008 0.629160463809967 -0.5630709528923035 0.15003813803195953 0.10874662548303604 -0.712756335735321 -0.6929304003715515 -0.5924652218818665 -0.8372967839241028 0.31005722284317017 -0.45033156871795654 -1.7096854448318481
0.5358015894889832 0.629181444644928 -0.5630695819854736 0.15003591775894165 0.10872489213943481 -0.7127330303192139 -0.6929577589035034 -0.5924870371818542 -0.8373144865036011 0.31006819009780884 -0.4502911865711212 -1.7096824645996094
0.5357231497764587 0.629174530506134 -0.5631519556045532 0.15002191066741943 0.10875411331653595 -0.7127881050109863 -0.6928965449333191 -0.5923986434936523 -0.8373608589172363 0.3099555969238281 -0.45028239488601685 -1.7094714641571045
0.5357508063316345 0.629152238368988 -0.5631504654884338 0.15002559125423431 0.10875784605741501 -0.7128042578697205 -0.692879319190979 -0.5924090147018433 -0.8373426795005798 0.3099636137485504 -0.45031070709228516 -1.7094663381576538
0.5358202457427979 0.6291174292564392 -0.563123345375061 0.15003813803195953 0.10877136886119843 -0.7128205299377441 -0.69286048412323 -0.592384397983551 -0.8372964859008789 0.30999699234962463 -0.4503736197948456 -1.7095401287078857
0.5358709096908569 0.6291614174842834 -0.5630260109901428 0.1500503569841385 0.10883238166570663 -0.7127659320831299 -0.6929070949554443 -0.5924233198165894 -0.8372561931610107 0.31003326177597046 -0.45042362809181213 -1.709670066833496
0.5358567237854004 0.6291680932044983 -0.5630320310592651 0.1500527411699295 0.10884527117013931 -0.7127689123153687 -0.6929019689559937 -0.5924363136291504 -0.8372635841369629 0.3100127875804901 -0.4504239559173584 -1.7096686363220215
0.5358577370643616 0.6291354894638062 -0.5630674958229065 0.1500922292470932 0.10876231640577316 -0.712777853012085 -0.6929057836532593 -0.5924460887908936 -0.8372737169265747 0.3100583851337433 -0.45037373900413513 -1.709796667098999
0.5358707904815674 0.629147469997406 -0.5630417466163635 0.1501031219959259 0.10878691077232361 -0.7127663493156433 -0.6929137706756592 -0.5924603343009949 -0.8372621536254883 0.31006067991256714 -0.4503936469554901 -1.709801197052002
0.5358982682228088 0.6292036771774292 -0.5629526972770691 0.1500909924507141 0.10883618146181107 -0.7127028107643127 -0.692971408367157 -0.5925085544586182 -0.8372381329536438 0.3100925385951996 -0.45041629672050476 -1.7098841667175293
0.5358715653419495 0.6292110085487366 -0.5629699230194092 0.15009555220603943 0.10881123691797256 -0.7126967310905457 -0.6929815411567688 -0.5925238728523254 -0.8372584581375122 0.31009164452552795 -0.4503791332244873 -1.709890604019165
0.5359193086624146 0.6292580366134644 -0.5628718733787537 0.15008531510829926 0.10885822772979736 -0.7126344442367554 -0.6930382251739502 -0.5925555229187012 -0.8372218012809753 0.31013935804367065 -0.4504144787788391 -1.7100393772125244
0.5360084176063538 0.6292257308959961 -0.5628231763839722 0.15008801221847534 0.10899779200553894 -0.7126852869987488 -0.6929640173912048 -0.5925270318984985 -0.8371466398239136 0.31008803844451904 -0.45058950781822205 -1.7099982500076294
0.5359770655632019 0.6292288303375244 -0.5628495812416077 0.1500958949327469 0.10895345360040665 -0.712679386138916 -0.6929770708084106 -0.5925366282463074 -0.8371724486351013 0.3100953996181488 -0.45053645968437195 -1.7100093364715576
0.5361083745956421 0.6292046904563904 -0.5627515316009521 0.1501045972108841 0.10907281190156937 -0.7126933932304382 -0.6929438710212708 -0.5924995541572571 -0.8370728492736816 0.3101120889186859 -0.4507099986076355 -1.7099716663360596
0.5361163020133972 0.6292173266410828 -0.5627297759056091 0.15011385083198547 0.10908400267362595 -0.7126783728599548 -0.6929575800895691 -0.5925066471099854 -0.8370662927627563 0.3101210594177246 -0.4507160484790802 -1.7099800109863281
0.5361521244049072 0.62922602891922 -0.5626859664916992 0.15008021891117096 0.10910650342702866 -0.7126595973968506 -0.6929733157157898 -0.5924984216690063 -0.8370404243469238 0.31014639139175415 -0.45074662566185 -1.7099615335464478
0.5361576080322266 0.6292272806167603 -0.5626792907714844 0.15007853507995605 0.10909437388181686 -0.7126510739326477 -0.6929839849472046 -0.5924956202507019 -0.8370384573936462 0.3101634979248047 -0.45073843002319336 -1.709967851638794
0.5361819267272949 0.6292310953140259 -0.5626518726348877 0.15008856356143951 0.10919753462076187 -0.7126734852790833 -0.6929446458816528 -0.5924689769744873 -0.8370094299316406 0.31010422110557556 -0.45083314180374146 -1.7100192308425903
0.5362033843994141 0.6292559504508972 -0.5626036524772644 0.15013004839420319 0.10926192998886108 -0.7126570343971252 -0.692951500415802 -0.5925156474113464 -0.836987316608429 0.3100917637348175 -0.45088282227516174 -1.7101458311080933
0.536248505115509 0.6292382478713989 -0.562580406665802 0.15013961493968964 0.10927613079547882 -0.712663471698761 -0.6929426193237305 -0.5925124883651733 -0.8369565606117249 0.3101128041744232 -0.45092540979385376 -1.7101492881774902
0.5361332297325134 0.6292752027511597 -0.5626490116119385 0.1501307636499405 0.10924758017063141 -0.7126599550247192 -0.6929507255554199 -0.5925813913345337 -0.8370341062545776 0.31004583835601807 -0.4508274793624878 -1.7102911472320557
0.5361520648002625 0.6292819976806641 -0.5626234412193298 0.15014395117759705 0.1092550978064537 -0.7126457691192627 -0.6929641366004944 -0.5925745368003845 -0.8370211124420166 0.3100646436214447 -0.45083874464035034 -1.7102949619293213
0.5361550450325012 0.6293141841888428 -0.5625845789909363 0.15012788772583008 0.10930979251861572 -0.7126250863075256 -0.6929767727851868 -0.592597246170044 -0.837011992931366 0.3100470006465912 -0.45086774230003357 -1.710368275642395
0.5361024141311646 0.6293215751647949 -0.5626264810562134 0.15017417073249817 0.10930532962083817 -0.7126383185386658 -0.6929638981819153 -0.5926014184951782 -0.8370463252067566 0.31000152230262756 -0.45083531737327576 -1.7103431224822998
0.5361130833625793 0.629351794719696 -0.5625824928283691 0.15018734335899353 0.10934074223041534 -0.7126093506813049 -0.6929880976676941 -0.5926031470298767 -0.8370348811149597 0.3100067675113678 -0.4508529603481293 -1.7103614807128906
0.5361761450767517 0.6292659044265747 -0.5626184940338135 0.15022879838943481 0.10919441282749176 -0.7126321792602539 -0.6929876804351807 -0.5926488637924194 -0.8370136022567749 0.3101286292076111 -0.45080864429473877 -1.7105803489685059
0.5360989570617676 0.6294033527374268 -0.5625382661819458 0.15015585720539093 0.10916908085346222 -0.7124886512756348 -0.6931391954421997 -0.5927461981773376 -0.8370662927627563 0.3101794123649597 -0.4506758153438568 -1.7107340097427368
0.5361291766166687 0.6293762922286987 -0.5625397562980652 0.15015201270580292 0.1091708093881607 -0.7125088572502136 -0.693118155002594 -0.5927548408508301 -0.83704674243927 0.310187965631485 -0.4507063031196594 -1.7107574939727783
0.536030113697052 0.6293450593948364 -0.5626690983772278 0.1501871794462204 0.10908391326665878 -0.7125603556632996 -0.693078875541687 -0.5927985906600952 -0.8371214866638184 0.3101330101490021 -0.45060521364212036 -1.7107821702957153
0.5360705852508545 0.6293209791183472 -0.5626574158668518 0.15018758177757263 0.10906168818473816 -0.7125632762908936 -0.69307941198349 -0.5928148031234741 -0.8370984792709351 0.3101751208305359 -0.45061904191970825 -1.7108073234558105
0.5360602736473083 0.6293247938156128 -0.5626630187034607 0.15018253028392792 0.1090550497174263 -0.7125608921051025 -0.6930829286575317 -0.5928354263305664 -0.837105929851532 0.3101729452610016 -0.4506065845489502 -1.7108302116394043
0.5360496044158936 0.6293264031410217 -0.5626713633537292 0.1501791924238205 0.10909462720155716 -0.7125784158706665 -0.6930586695671082 -0.592858612537384 -0.8371075987815857 0.31012940406799316 -0.4506334960460663 -1.7108581066131592
0.5359869599342346 0.6293031573295593 -0.5627570152282715 0.15016527473926544 0.10911283642053604 -0.7126423120498657 -0.6929900646209717 -0.5928342938423157 -0.8371453881263733 0.31002962589263916 -0.4506320357322693 -1.710792064666748
0.5359175205230713 0.6292272806167603 -0.5629079341888428 0.1501910388469696 0.10900694876909256 -0.7127282023429871 -0.6929184198379517 -0.5928679704666138 -0.8372036218643188 0.30998626351356506 -0.45055368542671204 -1.7108291387557983
0.5359085202217102 0.6292439103126526 -0.5628979802131653 0.15019215643405914 0.10902541130781174 -0.712718665599823 -0.6929253339767456 -0.5928863286972046 -0.8372069597244263 0.30997440218925476 -0.45055559277534485 -1.7108511924743652
0.5359464883804321 0.6292892694473267 -0.5628111362457275 0.15014781057834625 0.10909787565469742 -0.7126723527908325 -0.692961573600769 -0.5927702784538269 -0.8371732234954834 0.309988796710968 -0.45060834288597107 -1.7106547355651855
0.5359432101249695 0.629289984703064 -0.562813401222229 0.15015123784542084 0.1090681180357933 -0.7126619219779968 -0.6929769515991211 -0.5927800536155701 -0.8371791839599609 0.3100112974643707 -0.45058178901672363 -1.7106767892837524
0.5359519720077515 0.6292473077774048 -0.5628528594970703 0.1501704752445221 0.10889682918787003 -0.7126470804214478 -0.6930191516876221 -0.5927118062973022 -0.837195873260498 0.31013208627700806 -0.45046761631965637 -1.7106484174728394
0.5359880328178406 0.6291825771331787 -0.5628908276557922 0.15020310878753662 0.10885675251483917 -0.7126954793930054 -0.6929756999015808 -0.5927168726921082 -0.8371780514717102 0.31015220284461975 -0.4504869878292084 -1.7106175422668457
0.5359979271888733 0.6291684508323669 -0.5628972053527832 0.1502194106578827 0.1088138148188591 -0.7126924395561218 -0.6929855942726135 -0.5927245616912842 -0.8371772170066833 0.31018784642219543 -0.4504638910293579 -1.710638165473938
0.5360438823699951 0.6292223930358887 -0.5627931356430054 0.15018025040626526 0.10892070829868317 -0.712644636631012 -0.6930178999900818 -0.5926805734634399 -0.8371338844299316 0.3101882040500641 -0.45054417848587036 -1.7106175422668457
0.536052405834198 0.6292264461517334 -0.562780499458313 0.15019018948078156 0.10892196744680405 -0.7126362919807434 -0.6930263638496399 -0.5926797389984131 -0.8371283411979675 0.3101992607116699 -0.4505469501018524 -1.7106376886367798
0.536108136177063 0.6292700171470642 -0.5626786351203918 0.15017347037792206 0.10898750275373459 -0.7125813961029053 -0.6930724382400513 -0.592707633972168 -0.8370840549468994 0.3102368414402008 -0.45060327649116516 -1.7107025384902954
0.5361095666885376 0.6292798519134521 -0.5626663565635681 0.15017996728420258 0.10898979008197784 -0.712569534778595 -0.6930842399597168 -0.5927039980888367 -0.8370829224586487 0.31024420261383057 -0.45060041546821594 -1.7107123136520386
0.5361310839653015 0.6292070150375366 -0.5627272725105286 0.15017567574977875 0.10893964022397995 -0.7126308083534241 -0.6930291652679443 -0.5927006006240845 -0.8370756506919861 0.3102511465549469 -0.45060908794403076 -1.7105735540390015
0.5361226201057434 0.6291694641113281 -0.5627773404121399 0.15020756423473358 0.10884325951337814 -0.7126452326774597 -0.693029522895813 -0.5927265882492065 -0.8370935916900635 0.3102942705154419 -0.4505460560321808 -1.7106717824935913
0.5361001491546631 0.6291908025741577 -0.5627748966217041 0.15017376840114594 0.1088632345199585 -0.7126365900039673 -0.6930351853370667 -0.5926425457000732 -0.837105393409729 0.310270756483078 -0.45054033398628235 -1.710517406463623
0.5361355543136597 0.6292101144790649 -0.5627195239067078 0.15015406906604767 0.10892324894666672 -0.712618887424469 -0.6930440068244934 -0.5926997065544128 -0.837074875831604 0.31027230620384216 -0.4505959451198578 -1.7105661630630493
0.536164402961731 0.629203736782074 -0.5626991987228394 0.1501588523387909 0.10891790688037872 -0.7126116156578064 -0.6930522918701172 -0.5927096605300903 -0.8370571136474609 0.3103019595146179 -0.4506085216999054 -1.710578441619873
0.5361369252204895 0.6291892528533936 -0.5627415180206299 0.1501242220401764 0.10888710618019104 -0.7126305103302002 -0.6930376887321472 -0.5926933884620667 -0.8370786905288696 0.31028780341148376 -0.45057812333106995 -1.7104508876800537
0.5361391305923462 0.629188597202301 -0.5627401471138 0.15012593567371368 0.10888106375932693 -0.7126280665397644 -0.6930411458015442 -0.5927027463912964 -0.8370780944824219 0.3102947473526001 -0.4505745470523834 -1.710463047027588
0.5362051725387573 0.6292377710342407 -0.5626222491264343 0.15011143684387207 0.10899954289197922 -0.7125812768936157 -0.693070650100708 -0.5926655530929565 -0.8370203375816345 0.3103025257587433 -0.45067641139030457 -1.710471749305725
0.5361815690994263 0.6292553544044495 -0.5626251101493835 0.1501075029373169 0.10901092737913132 -0.7125746607780457 -0.6930757164955139 -0.5926675796508789 -0.8370339870452881 0.3102821409702301 -0.45066511631011963 -1.7104778289794922
0.5361924767494202 0.6291925311088562 -0.562684953212738 0.15013113617897034 0.10900729894638062 -0.7126457095146179 -0.6930031776428223 -0.5926840901374817 -0.8370274901390076 0.3102463185787201 -0.45070183277130127 -1.7104544639587402
0.536213219165802 0.6291432976722717 -0.5627202391624451 0.15019458532333374 0.10890746861696243 -0.7126598358154297 -0.6930043697357178 -0.5926572680473328 -0.8370271921157837 0.3103136718273163 -0.45065605640411377 -1.710536241531372
0.5362244844436646 0.6291528344154358 -0.5626987814903259 0.150203675031662 0.10893912613391876 -0.712654709815979 -0.6930047273635864 -0.5926558375358582 -0.8370158672332764 0.310306191444397 -0.45068225264549255 -1.7105445861816406
0.5361959934234619 0.6291676759719849 -0.562709391117096 0.15022626519203186 0.10887893289327621 -0.7126271724700928 -0.6930424571037292 -0.5927181839942932 -0.837041974067688 0.31033939123153687 -0.4506109058856964 -1.7108396291732788
0.536270260810852 0.6292158961296082 -0.5625846982002258 0.15017396211624146 0.10901340842247009 -0.7125836610794067 -0.6930660009384155 -0.5927550792694092 -0.8369768857955933 0.31034141778945923 -0.4507303833961487 -1.7108995914459229
0.5361783504486084 0.6291994452476501 -0.5626906752586365 0.15015587210655212 0.10898057371377945 -0.7126337289810181 -0.693019688129425 -0.5927935242652893 -0.8370400071144104 0.3102598190307617 -0.4506692886352539 -1.7108217477798462
0.536200225353241 0.629172146320343 -0.5627003908157349 0.15015318989753723 0.10894013941287994 -0.7126423716545105 -0.6930171847343445 -0.5928053259849548 -0.8370313048362732 0.3102952837944031 -0.4506610929965973 -1.7108395099639893
0.5361712574958801 0.6292033791542053 -0.5626930594444275 0.15015126764774323 0.10898365080356598 -0.7126332521438599 -0.693019688129425 -0.5928176641464233 -0.8370441794395447 0.3102529048919678 -0.4506663680076599 -1.710856556892395
0.5361372232437134 0.6291822791099548 -0.5627490878105164 0.15012051165103912 0.10894719511270523 -0.7126613259315491 -0.692996621131897 -0.5926669836044312 -0.8370707035064697 0.31023135781288147 -0.45063188672065735 -1.7103419303894043
0.5361652374267578 0.6291658282279968 -0.5627407431602478 0.15012085437774658 0.10892776399850845 -0.7126615643501282 -0.6929994225502014 -0.5926777124404907 -0.8370552659034729 0.31026411056518555 -0.4506379961967468 -1.7103484869003296
0.5360954999923706 0.629098653793335 -0.5628823041915894 0.15018241107463837 0.10876251757144928 -0.7127148509025574 -0.6929705739021301 -0.5926018357276917 -0.8371214270591736 0.31027790904045105 -0.4505055546760559 -1.7102752923965454
0.5360341668128967 0.6291480660438538 -0.5628854632377625 0.15021544694900513 0.10877029597759247 -0.7126848697662354 -0.6930001974105835 -0.5925846695899963 -0.8371596932411194 0.3102465569972992 -0.45045605301856995 -1.7103701829910278
0.536068856716156 0.6291120648384094 -0.5628926753997803 0.1502365916967392 0.1087721586227417 -0.7127140760421753 -0.6929698586463928 -0.5925782918930054 -0.8371372222900391 0.31025251746177673 -0.4504936933517456 -1.7103798389434814
0.5361133813858032 0.6291661858558655 -0.562789797782898 0.150203675031662 0.10887783020734787 -0.7126662731170654 -0.6930024027824402 -0.5926159024238586 -0.8370950222015381 0.31025251746177673 -0.4505721628665924 -1.710408091545105
0.5361464619636536 0.6291650533676147 -0.5627595782279968 0.15021543204784393 0.10888972133398056 -0.7126570343971252 -0.6930100917816162 -0.5926141738891602 -0.8370722532272339 0.31027618050575256 -0.4505981504917145 -1.7104177474975586
0.5361031293869019 0.629202663898468 -0.5627588033676147 0.15016905963420868 0.10887065529823303 -0.7126233577728271 -0.6930476427078247 -0.5926035046577454 -0.8371025323867798 0.3102770745754242 -0.45054131746292114 -1.7103499174118042
0.5361263751983643 0.6292491555213928 -0.5626846551895142 0.15013840794563293 0.10899415612220764 -0.7126013040542603 -0.6930509209632874 -0.5925576686859131 -0.8370715379714966 0.31023353338241577 -0.4506288170814514 -1.7102162837982178
0.5361196398735046 0.6292315125465393 -0.5627108216285706 0.150143101811409 0.10893477499485016 -0.7126041054725647 -0.6930574178695679 -0.592557430267334 -0.8370835781097412 0.31026288866996765 -0.4505862295627594 -1.7102179527282715
0.5361835956573486 0.6292606592178345 -0.5626172423362732 0.15014664828777313 0.1090543270111084 -0.7125833034515381 -0.6930599808692932 -0.5925936102867126 -0.8370270729064941 0.3102515637874603 -0.4506990611553192 -1.7103214263916016
0.5361331105232239 0.6293298602104187 -0.5625879764556885 0.15016616880893707 0.10904347151517868 -0.7125170826911926 -0.6931297183036804 -0.5926112532615662 -0.837060809135437 0.3102632164955139 -0.4506283104419708 -1.7103983163833618
0.536125123500824 0.629317581653595 -0.5626092553138733 0.15017040073871613 0.10902953892946243 -0.7125306725502014 -0.6931179761886597 -0.59261155128479 -0.837067723274231 0.3102569282054901 -0.45061981678009033 -1.7104064226150513
0.5361434817314148 0.6292788982391357 -0.562635064125061 0.15015169978141785 0.1089802011847496 -0.7125516533851624 -0.6931042075157166 -0.5926337242126465 -0.837062418460846 0.3102872371673584 -0.45060884952545166 -1.7104183435440063
0.5361472368240356 0.6293194890022278 -0.5625860691070557 0.15013277530670166 0.10897520184516907 -0.7124980688095093 -0.6931600570678711 -0.5926052927970886 -0.8370606899261475 0.3103278875350952 -0.4505840539932251 -1.7104156017303467
0.5362143516540527 0.6293467879295349 -0.5624915957450867 0.15012064576148987 0.10905318707227707 -0.7124627232551575 -0.6931841373443604 -0.5926183462142944 -0.837007462978363 0.3103537857532501 -0.4506649971008301 -1.7104341983795166
0.536236047744751 0.6293465495109558 -0.5624711513519287 0.15011712908744812 0.10906479507684708 -0.7124574184417725 -0.6931877732276917 -0.5926138162612915 -0.836992084980011 0.3103664517402649 -0.45068490505218506 -1.7104426622390747
0.5362216830253601 0.6293562650680542 -0.5624740123748779 0.15011966228485107 0.10912616550922394 -0.7124747633934021 -0.6931602358818054 -0.5926083922386169 -0.8369932770729065 0.3103069067001343 -0.45072364807128906 -1.7104055881500244
0.5361807346343994 0.6293883919715881 -0.5624770522117615 0.15011177957057953 0.10913847386837006 -0.7124583721160889 -0.6931751370429993 -0.5926109552383423 -0.8370178937911987 0.3102792799472809 -0.4506969451904297 -1.7104145288467407
