# 3x4 first row second row third row Freq: 100 current Time: 2021-07-31-12:58:18
0.4094012677669525 0.128390371799469 -0.9032753705978394 0.388891339302063 0.41642898321151733 -0.9071997404098511 0.059794407337903976 -0.6888695955276489 -0.8117742538452148 -0.4006299674510956 -0.4248741567134857 -1.5854480266571045
0.4095068573951721 0.12831106781959534 -0.903238832950592 0.3889189064502716 0.4164658188819885 -0.9071728587150574 0.05994569510221481 -0.6889327168464661 -0.8117020726203918 -0.40071627497673035 -0.4249306321144104 -1.585578203201294
0.40950489044189453 0.12831921875476837 -0.9032385349273682 0.3889499604701996 0.4164738357067108 -0.9071694612503052 0.05994070693850517 -0.6889334321022034 -0.8116989731788635 -0.4007212519645691 -0.4249318838119507 -1.585578441619873
0.40933123230934143 0.12890778481960297 -0.9032334685325623 0.38876646757125854 0.4168583154678345 -0.9070242047309875 0.05946482717990875 -0.6890298128128052 -0.8115891814231873 -0.4008612036705017 -0.4250095784664154 -1.5854536294937134
0.40934300422668457 0.12891386449337006 -0.9032272696495056 0.38876327872276306 0.41685250401496887 -0.9070270657539368 0.05946150794625282 -0.6890348792076111 -0.8115862607955933 -0.4008527100086212 -0.4250231981277466 -1.5854448080062866
0.40945884585380554 0.12868551909923553 -0.9032073020935059 0.3888721168041229 0.41665881872177124 -0.9071038961410522 0.0596468523144722 -0.6889662146568298 -0.8116272687911987 -0.4007522165775299 -0.4250396192073822 -1.58561372756958
0.4094555377960205 0.12871012091636658 -0.9032052755355835 0.38887378573417664 0.41668111085891724 -0.9070946574211121 0.05963217094540596 -0.6889610886573792 -0.8116174936294556 -0.4007652997970581 -0.4250459372997284 -1.5856170654296875
0.4095216393470764 0.1286306232213974 -0.9031866788864136 0.3889051675796509 0.4166524112224579 -0.9071013927459717 0.05972979590296745 -0.688926637172699 -0.8115988373756409 -0.40077558159828186 -0.4250718653202057 -1.585607647895813
0.4095163345336914 0.1286926120519638 -0.9031802415847778 0.38882216811180115 0.4167442321777344 -0.9070603251457214 0.05971299111843109 -0.6888681650161743 -0.8115544319152832 -0.4008486270904541 -0.4250878691673279 -1.5854241847991943
0.40966707468032837 0.1286255419254303 -0.9031214118003845 0.3888722062110901 0.4167019724845886 -0.9070718288421631 0.05983298271894455 -0.6889491677284241 -0.8115000128746033 -0.40084409713745117 -0.42519593238830566 -1.5856456756591797
0.4097190499305725 0.12862741947174072 -0.9030975699424744 0.3888806402683258 0.4167087972164154 -0.9070668816566467 0.0598604679107666 -0.6889421343803406 -0.8114702701568604 -0.4008547067642212 -0.42524272203445435 -1.5856468677520752
0.40968582034111023 0.12861202657222748 -0.9031148552894592 0.3888856768608093 0.4167146682739258 -0.9070640206336975 0.05986250936985016 -0.688940703868866 -0.8114840388298035 -0.4008660316467285 -0.4252057373523712 -1.5856451988220215
0.40968576073646545 0.12853315472602844 -0.9031261205673218 0.38887858390808105 0.41671091318130493 -0.9070606827735901 0.05993972718715668 -0.6888156533241272 -0.811486005783081 -0.4008989930152893 -0.4251709580421448 -1.5854825973510742
0.4096846282482147 0.12856383621692657 -0.9031222462654114 0.3888925015926361 0.41672492027282715 -0.9070557951927185 0.0599156878888607 -0.6888073682785034 -0.811479389667511 -0.40090009570121765 -0.4251825213432312 -1.5854835510253906
0.40982457995414734 0.12856103479862213 -0.9030591249465942 0.3888726234436035 0.41680967807769775 -0.9070091843605042 0.06003238633275032 -0.6888782382011414 -0.8113651871681213 -0.4010065793991089 -0.42530009150505066 -1.5854988098144531
0.40988320112228394 0.12859711050987244 -0.9030274152755737 0.3889252543449402 0.4168975055217743 -0.9069662094116211 0.06007128208875656 -0.6889213919639587 -0.811290442943573 -0.4010921120643616 -0.4253619909286499 -1.5856881141662598
0.40988925099372864 0.12857526540756226 -0.9030277729034424 0.3889394700527191 0.41688987612724304 -0.906968355178833 0.06009223312139511 -0.6889128684997559 -0.8112912774085999 -0.40109431743621826 -0.42535823583602905 -1.5856913328170776
0.4098671078681946 0.1286194920539856 -0.9030315279960632 0.3889589309692383 0.41694286465644836 -0.9069458246231079 0.060064613819122314 -0.6889046430587769 -0.8112752437591553 -0.4011310935020447 -0.4253542125225067 -1.5856945514678955
0.40987372398376465 0.12847161293029785 -0.9030495882034302 0.388931006193161 0.4167994260787964 -0.9070066809654236 0.06014120951294899 -0.6887568235397339 -0.811345636844635 -0.40104085206985474 -0.425305038690567 -1.585466980934143
0.40951085090637207 0.12884069979190826 -0.9031615853309631 0.3887472152709961 0.41697263717651367 -0.9069574475288391 0.05968118831515312 -0.6888360381126404 -0.8114398717880249 -0.40103378891944885 -0.4251319169998169 -1.5853707790374756
0.4095074534416199 0.128845676779747 -0.90316241979599 0.3887437880039215 0.41696295142173767 -0.9069626927375793 0.05966942757368088 -0.6888341307640076 -0.8114465475082397 -0.4010203778743744 -0.42513179779052734 -1.5853651762008667
0.4094630181789398 0.12874503433704376 -0.9031969308853149 0.3888249099254608 0.4169842004776001 -0.9069469571113586 0.05975957587361336 -0.6888185143470764 -0.8114580512046814 -0.4010882079601288 -0.42504584789276123 -1.5855151414871216
0.4094712436199188 0.1287369281053543 -0.9031943678855896 0.38883382081985474 0.416993647813797 -0.9069414734840393 0.059776753187179565 -0.6888075470924377 -0.8114490509033203 -0.4011031985282898 -0.4250488877296448 -1.5855118036270142
0.4093758463859558 0.12862449884414673 -0.9032536149024963 0.388820081949234 0.41688603162765503 -0.9069903492927551 0.059785936027765274 -0.688734769821167 -0.8115524649620056 -0.40102875232696533 -0.4249216318130493 -1.585349678993225
0.4093911945819855 0.1286306381225586 -0.9032458066940308 0.3888319134712219 0.4168865978717804 -0.9069899916648865 0.059787679463624954 -0.6887202858924866 -0.8115444183349609 -0.4010276198387146 -0.42493805289268494 -1.585341215133667
0.4094470143318176 0.128490149974823 -0.9032405018806458 0.3888792395591736 0.41678059101104736 -0.907031238079071 0.05990095064043999 -0.6887260675430298 -0.8115707039833069 -0.4009793996810913 -0.42493337392807007 -1.5854412317276
0.4095018804073334 0.12841054797172546 -0.903226912021637 0.38884294033050537 0.4167793393135071 -0.9070247411727905 0.06000746041536331 -0.6887322068214417 -0.8115437030792236 -0.40101951360702515 -0.4249471426010132 -1.5854570865631104
0.4094877243041992 0.1283774971961975 -0.90323805809021 0.3888554871082306 0.4167707860469818 -0.9070272445678711 0.06002914533019066 -0.6887180805206299 -0.8115552067756653 -0.4010244309902191 -0.4249204695224762 -1.585452914237976
0.4094054400920868 0.12838464975357056 -0.9032742977142334 0.3888170123100281 0.41686931252479553 -0.9069817662239075 0.06003270670771599 -0.6887195110321045 -0.8115461468696594 -0.40112507343292236 -0.42484283447265625 -1.585300087928772
0.40944337844848633 0.12837612628936768 -0.9032583236694336 0.3888232111930847 0.4168763756752014 -0.9069764614105225 0.06006379425525665 -0.6887113451957703 -0.8115233778953552 -0.4011397957801819 -0.42487242817878723 -1.5852879285812378
0.4096021056175232 0.12837032973766327 -0.9031872153282166 0.3888516426086426 0.416826993227005 -0.9069952368736267 0.06012255698442459 -0.6887732744216919 -0.8114686012268066 -0.40109914541244507 -0.42501533031463623 -1.585318922996521
0.4096379280090332 0.12836125493049622 -0.9031722545623779 0.38886767625808716 0.4167983829975128 -0.9070075750350952 0.060134463012218475 -0.6887701749801636 -0.8114652037620544 -0.4010741114616394 -0.4250454306602478 -1.5853031873703003
0.4095741808414459 0.12828904390335083 -0.9032114148139954 0.3888937532901764 0.4167952239513397 -0.9070064425468445 0.06017368286848068 -0.6887927651405334 -0.8114989995956421 -0.4010998010635376 -0.42495664954185486 -1.58545982837677
0.40961360931396484 0.12825866043567657 -0.9031978249549866 0.38882631063461304 0.4167640209197998 -0.9070185422897339 0.06020742282271385 -0.6887372136116028 -0.8114951252937317 -0.4010821580886841 -0.42498070001602173 -1.5852792263031006
0.4096311330795288 0.1282900869846344 -0.9031854271888733 0.3888387382030487 0.4167773425579071 -0.907013475894928 0.060191523283720016 -0.688740074634552 -0.8114794492721558 -0.4010835886001587 -0.4250093102455139 -1.5852584838867188
0.4095640778541565 0.1282762587070465 -0.9032177925109863 0.3888475298881531 0.41674456000328064 -0.9070309400558472 0.06015496328473091 -0.6886603236198425 -0.8115301728248596 -0.4010484516620636 -0.4249456822872162 -1.5851017236709595
0.4095538854598999 0.12823517620563507 -0.9032282829284668 0.3888629376888275 0.41672638058662415 -0.9070375561714172 0.060181647539138794 -0.6886586546897888 -0.8115445971488953 -0.4010466933250427 -0.42491966485977173 -1.5850788354873657
0.40972191095352173 0.12833590805530548 -0.903137743473053 0.38876625895500183 0.41682612895965576 -0.9069893956184387 0.060216132551431656 -0.688713550567627 -0.8114085793495178 -0.4011233150959015 -0.4251071512699127 -1.5851324796676636
0.4097039997577667 0.12833966314792633 -0.9031453728675842 0.3887656629085541 0.4168171286582947 -0.9069947004318237 0.06019875034689903 -0.6887145638465881 -0.8114222288131714 -0.40111014246940613 -0.42509347200393677 -1.5851061344146729
0.4093693792819977 0.1285742223262787 -0.9032636880874634 0.3886428773403168 0.4168647527694702 -0.9069977402687073 0.05982208997011185 -0.6889219880104065 -0.8115666508674622 -0.4010281562805176 -0.42489513754844666 -1.5851068496704102
0.40937963128089905 0.12859119474887848 -0.9032566547393799 0.388629287481308 0.4168875813484192 -0.9069872498512268 0.059822071343660355 -0.6889472007751465 -0.8115497827529907 -0.4010464549064636 -0.42491012811660767 -1.5850751399993896
0.4093599021434784 0.1284048706293106 -0.9032921195030212 0.3887571394443512 0.4167492985725403 -0.9070438742637634 0.05992697551846504 -0.6887885332107544 -0.8116307258605957 -0.40097805857658386 -0.4248199760913849 -1.5851284265518188
0.40946832299232483 0.12858057022094727 -0.9032179713249207 0.3887980878353119 0.41685518622398376 -0.9069996476173401 0.05985978618264198 -0.688789427280426 -0.8115216493606567 -0.401021808385849 -0.4249870479106903 -1.585192084312439
0.4094666838645935 0.12858502566814423 -0.9032180905342102 0.38882046937942505 0.4168410301208496 -0.9070069789886475 0.05984707549214363 -0.6887885332107544 -0.8115297555923462 -0.40100374817848206 -0.42498862743377686 -1.58516263961792
0.40946170687675476 0.12858833372592926 -0.9032198190689087 0.38883116841316223 0.4168623387813568 -0.9069968461990356 0.05985246226191521 -0.6887041330337524 -0.8115212917327881 -0.401025652885437 -0.42498406767845154 -1.584968090057373
0.4094739258289337 0.12857994437217712 -0.9032155275344849 0.3888647258281708 0.4168676733970642 -0.9069932699203491 0.059869732707738876 -0.688701868057251 -0.8115124106407166 -0.40103644132614136 -0.42499086260795593 -1.5849270820617676
0.40954357385635376 0.12847588956356049 -0.9031987190246582 0.3888425827026367 0.41686657071113586 -0.9069846272468567 0.060008224099874496 -0.6887044310569763 -0.8114778399467468 -0.4010893702507019 -0.4250069856643677 -1.5849902629852295
0.4095161259174347 0.12847337126731873 -0.9032115340232849 0.38887450098991394 0.41687214374542236 -0.9069826006889343 0.06000003591179848 -0.6887008547782898 -0.8114888072013855 -0.4010947048664093 -0.42498090863227844 -1.5849504470825195
0.4095999598503113 0.12844686210155487 -0.9031773209571838 0.38877853751182556 0.41674819588661194 -0.9070393443107605 0.06000334769487381 -0.6885844469070435 -0.8115101456642151 -0.40097489953041077 -0.425053209066391 -1.584802508354187
0.4097163677215576 0.128387913107872 -0.9031328558921814 0.38866904377937317 0.4167036712169647 -0.9070535898208618 0.060096994042396545 -0.6884403228759766 -0.8114742636680603 -0.4009615182876587 -0.4251343607902527 -1.5845870971679688
0.40975454449653625 0.12835395336151123 -0.9031203985214233 0.38866180181503296 0.41666555404663086 -0.9070689082145691 0.060130082070827484 -0.68842613697052 -0.8114745616912842 -0.4009377658367157 -0.42515623569488525 -1.58454430103302
0.4094292223453522 0.12866123020648956 -0.9032241702079773 0.388552188873291 0.4167526960372925 -0.9070569276809692 0.0597057081758976 -0.6886333227157593 -0.8115940093994141 -0.40086638927459717 -0.424995481967926 -1.5847418308258057
0.40940263867378235 0.12867005169391632 -0.9032350182533264 0.38852450251579285 0.4167962372303009 -0.9070368409156799 0.05970647558569908 -0.6886284351348877 -0.8115850687026978 -0.4009089469909668 -0.42497241497039795 -1.5847077369689941
0.40932291746139526 0.12858045101165771 -0.9032838940620422 0.3886338770389557 0.416696697473526 -0.9070826768875122 0.05970478802919388 -0.6884983777999878 -0.8116763830184937 -0.40083396434783936 -0.42486873269081116 -1.584670066833496
0.4093054533004761 0.12862373888492584 -0.9032856225967407 0.3886244297027588 0.4167131185531616 -0.9070780277252197 0.059661250561475754 -0.6884835362434387 -0.8116767406463623 -0.4008306562900543 -0.4248711168766022 -1.5846295356750488
0.40891480445861816 0.12882964313030243 -0.9034332036972046 0.3885752558708191 0.4168471097946167 -0.9070380926132202 0.059330932796001434 -0.6887321472167969 -0.8118048310279846 -0.40085485577583313 -0.42460352182388306 -1.5848422050476074
0.4088640809059143 0.1286168247461319 -0.9034864902496338 0.3886028230190277 0.41667836904525757 -0.9071090817451477 0.05943122133612633 -0.6885015368461609 -0.8119170069694519 -0.4007625877857208 -0.42447611689567566 -1.5846364498138428
0.4088848829269409 0.1285996437072754 -0.9034795165061951 0.3886028230190277 0.4166644215583801 -0.9071141481399536 0.059451475739479065 -0.6884922385215759 -0.8119137287139893 -0.4007565975189209 -0.4244881272315979 -1.5846104621887207
0.4091140329837799 0.12846682965755463 -0.9033946394920349 0.38863933086395264 0.416659414768219 -0.9071004390716553 0.059695806354284286 -0.6885728240013123 -0.8118008375167847 -0.40083029866218567 -0.4246343672275543 -1.5847212076187134
0.40913715958595276 0.12848956882953644 -0.9033809304237366 0.3886379599571228 0.41666126251220703 -0.907100260257721 0.05968540906906128 -0.6885735988616943 -0.8117882013320923 -0.4008233845233917 -0.42466500401496887 -1.5846929550170898
0.409205824136734 0.1286294013261795 -0.9033299684524536 0.3885030150413513 0.4168127775192261 -0.9070324301719666 0.05965832620859146 -0.6887648701667786 -0.8116758465766907 -0.40093204379081726 -0.4247772693634033 -1.5846779346466064
0.4091835618019104 0.1286264806985855 -0.9033404588699341 0.3884892165660858 0.4168087840080261 -0.9070349335670471 0.05964813008904457 -0.6887802481651306 -0.8116890788078308 -0.40092727541923523 -0.42475637793540955 -1.584640622138977
0.40912285447120667 0.12868943810462952 -0.9033589959144592 0.3886082172393799 0.4167400300502777 -0.9070749878883362 0.05951885133981705 -0.6886556148529053 -0.8117550015449524 -0.400816410779953 -0.4247351288795471 -1.5846744775772095
0.40912529826164246 0.12870009243488312 -0.9033563733100891 0.38859930634498596 0.4167361557483673 -0.9070775508880615 0.059507306665182114 -0.6886507868766785 -0.8117557764053345 -0.4008072018623352 -0.42474228143692017 -1.5846413373947144
0.40924739837646484 0.1286216527223587 -0.9033122062683105 0.3886992037296295 0.4166998267173767 -0.9070863127708435 0.05962761491537094 -0.6887032389640808 -0.8117128610610962 -0.4008125066757202 -0.42481929063796997 -1.5848894119262695
0.409184068441391 0.1285000592470169 -0.9033582210540771 0.38877737522125244 0.4165521264076233 -0.907153308391571 0.05964101850986481 -0.6885830760002136 -0.8118206262588501 -0.4006999433040619 -0.42471960186958313 -1.5848044157028198
0.4092537760734558 0.12848085165023804 -0.9033293724060059 0.3887643814086914 0.41654109954833984 -0.9071552157402039 0.05968911573290825 -0.6885349750518799 -0.8117911219596863 -0.4007018208503723 -0.4247741997241974 -1.5849350690841675
0.4091709554195404 0.12850521504878998 -0.9033634066581726 0.38867896795272827 0.41656970977783203 -0.9071453809738159 0.05963854491710663 -0.6884199976921082 -0.8118181824684143 -0.40071621537208557 -0.42470887303352356 -1.5846590995788574
0.40920087695121765 0.12850338220596313 -0.9033501148223877 0.3887019455432892 0.41655904054641724 -0.9071495532989502 0.059649642556905746 -0.6884016990661621 -0.8118085861206055 -0.4007073640823364 -0.42473557591438293 -1.5846294164657593
0.4091286361217499 0.12851661443710327 -0.9033809900283813 0.38875633478164673 0.4164997935295105 -0.9071820378303528 0.05956955626606941 -0.6884114742279053 -0.8118754029273987 -0.40062960982322693 -0.42468124628067017 -1.5847305059432983
0.4090210199356079 0.12841573357582092 -0.9034440517425537 0.38866758346557617 0.4164367616176605 -0.9072099924087524 0.05958458036184311 -0.6883396506309509 -0.8119619488716125 -0.4005986750125885 -0.42454493045806885 -1.5844992399215698
0.40903759002685547 0.12840591371059418 -0.9034379720687866 0.38868287205696106 0.4164169430732727 -0.9072185754776001 0.05959227681159973 -0.6883227229118347 -0.8119637370109558 -0.40058237314224243 -0.42455682158470154 -1.5844660997390747
0.40886440873146057 0.12878000736236572 -0.9034630656242371 0.38854750990867615 0.4165458679199219 -0.9071851372718811 0.05919826030731201 -0.6885277628898621 -0.8119848370552063 -0.40053790807724 -0.42455846071243286 -1.5844751596450806
0.40885961055755615 0.12875349819660187 -0.9034690260887146 0.38853132724761963 0.41653451323509216 -0.9071891903877258 0.05921657755970955 -0.688531219959259 -0.8119930624961853 -0.4005373418331146 -0.42454326152801514 -1.5844268798828125
0.40895766019821167 0.12864241003990173 -0.9034404754638672 0.3885340690612793 0.41643208265304565 -0.9072292447090149 0.05932312831282616 -0.6884357929229736 -0.8119962215423584 -0.40048226714134216 -0.4245891273021698 -1.584262728691101
0.40890732407569885 0.12862341105937958 -0.903465986251831 0.3885277211666107 0.4164567291736603 -0.9072175025939941 0.05933014303445816 -0.6884368062019348 -0.8120089769363403 -0.40051501989364624 -0.4245339035987854 -1.584218144416809
0.4089725911617279 0.12854303419589996 -0.9034478664398193 0.38856276869773865 0.4162805378437042 -0.9072969555854797 0.059351060539484024 -0.6883844137191772 -0.8120664358139038 -0.40036073327064514 -0.4245695173740387 -1.5841529369354248
0.4089999496936798 0.12826281785964966 -0.903475284576416 0.3887099027633667 0.4162001609802246 -0.9073172807693481 0.05960400402545929 -0.6884957551956177 -0.8120938539505005 -0.40040460228919983 -0.42447566986083984 -1.5845872163772583
0.4089820981025696 0.1282733827829361 -0.9034819006919861 0.38871508836746216 0.4162140488624573 -0.9073116779327393 0.05959181860089302 -0.6884929537773132 -0.8120957016944885 -0.40041384100914 -0.4244633615016937 -1.5845576524734497
0.40906983613967896 0.1282394528388977 -0.9034469723701477 0.38858282566070557 0.4160883128643036 -0.9073686003684998 0.059603605419397354 -0.6883679628372192 -0.8121159672737122 -0.40029576420783997 -0.42453598976135254 -1.5843583345413208
0.40906426310539246 0.12824033200740814 -0.9034494161605835 0.388583779335022 0.4160848557949066 -0.9073705077171326 0.059598151594400406 -0.6883624792098999 -0.8121205568313599 -0.4002910852432251 -0.4245316684246063 -1.5843400955200195
0.4088262915611267 0.12855936586856842 -0.9035117626190186 0.38848671317100525 0.41609928011894226 -0.9073920845985413 0.05916751176118851 -0.6885242462158203 -0.8122329711914062 -0.40013983845710754 -0.42445915937423706 -1.5843580961227417
0.40887799859046936 0.1284126490354538 -0.9035091996192932 0.3886494040489197 0.41610103845596313 -0.9073799252510071 0.05934136360883713 -0.6886182427406311 -0.8122060298919678 -0.4002145230770111 -0.42444026470184326 -1.5847517251968384
0.4088764786720276 0.12842963635921478 -0.9035075306892395 0.38866010308265686 0.41611289978027344 -0.9073752760887146 0.05932973697781563 -0.6886203289031982 -0.8122007250785828 -0.4002196490764618 -0.42444556951522827 -1.5847203731536865
0.4088686406612396 0.12840381264686584 -0.9035147428512573 0.3886766731739044 0.4160979986190796 -0.9073811769485474 0.059344012290239334 -0.688621461391449 -0.8122122883796692 -0.4002145826816559 -0.42442822456359863 -1.5846896171569824
0.40869855880737305 0.1286989152431488 -0.9035496711730957 0.38868623971939087 0.4163193106651306 -0.907296895980835 0.05907915532588959 -0.6887649893760681 -0.8121845126152039 -0.40031078457832336 -0.4243907332420349 -1.5848759412765503
0.40870964527130127 0.1286454200744629 -0.9035522937774658 0.38866856694221497 0.4161657989025116 -0.9073687195777893 0.059058163315057755 -0.6886760592460632 -0.8122575879096985 -0.40016523003578186 -0.4243881106376648 -1.584804892539978
0.40870201587677 0.12865222990512848 -0.9035547375679016 0.3886815011501312 0.4161720275878906 -0.9073663353919983 0.0590507835149765 -0.6886576414108276 -0.812258243560791 -0.40016841888427734 -0.42438387870788574 -1.584789752960205
0.4086597263813019 0.12857630848884583 -0.9035847187042236 0.3886339068412781 0.4161776304244995 -0.9073599576950073 0.05910903960466385 -0.6886793375015259 -0.8122766613960266 -0.4002072513103485 -0.424312025308609 -1.5849422216415405
0.4087061583995819 0.12852057814598083 -0.903571605682373 0.3886224627494812 0.4161660373210907 -0.9073605537414551 0.059181906282901764 -0.6886777877807617 -0.8122592568397522 -0.40022382140159607 -0.4243296980857849 -1.5849393606185913
0.40866416692733765 0.12850360572338104 -0.9035930037498474 0.38874587416648865 0.41631433367729187 -0.9072877168655396 0.05925564095377922 -0.6886054873466492 -0.8122043609619141 -0.40039440989494324 -0.424273818731308 -1.5849738121032715
0.40859130024909973 0.12846755981445312 -0.9036310911178589 0.3887481391429901 0.4162285625934601 -0.9073299765586853 0.059210970997810364 -0.6885274052619934 -0.8122850060462952 -0.4003101587295532 -0.4241989552974701 -1.5849335193634033
0.4086362421512604 0.12849439680576324 -0.9036069512367249 0.38876113295555115 0.4162162244319916 -0.9073363542556763 0.05919981747865677 -0.68851238489151 -0.8122686743736267 -0.40028709173202515 -0.424251914024353 -1.584928035736084
0.4086705446243286 0.12846976518630981 -0.903594970703125 0.38863950967788696 0.41623449325561523 -0.9073246121406555 0.05925106257200241 -0.6884761452674866 -0.8122420907020569 -0.4003215432167053 -0.424270361661911 -1.5848782062530518
0.40866491198539734 0.12847664952278137 -0.9035965204238892 0.3886275291442871 0.41622820496559143 -0.9073283672332764 0.059238094836473465 -0.6884621381759644 -0.8122481107711792 -0.4003109037876129 -0.42426884174346924 -1.5848904848098755
0.4085921347141266 0.1284310221672058 -0.9036359190940857 0.3886851668357849 0.4162696599960327 -0.9073072671890259 0.059269532561302185 -0.6884312629699707 -0.8122634887695312 -0.40037330985069275 -0.4241805076599121 -1.5849379301071167
0.4085935354232788 0.12841695547103882 -0.9036372900009155 0.38868704438209534 0.4162399172782898 -0.9073209762573242 0.05926881358027458 -0.6884188652038574 -0.8122780323028564 -0.4003467857837677 -0.4241776764392853 -1.5849436521530151
0.40865594148635864 0.12838038802146912 -0.9036142826080322 0.3886146545410156 0.41627371311187744 -0.9072999358177185 0.05935407057404518 -0.6885090470314026 -0.812229335308075 -0.40040627121925354 -0.42421481013298035 -1.5848294496536255
0.4086593985557556 0.1283932477235794 -0.90361088514328 0.3886038362979889 0.4163088798522949 -0.9072833061218262 0.059361234307289124 -0.6885083913803101 -0.8122095465660095 -0.4004397690296173 -0.4242210388183594 -1.5848289728164673
0.40885597467422485 0.1282428354024887 -0.9035432934761047 0.38862061500549316 0.41629716753959656 -0.9072728157043457 0.059603478759527206 -0.6885959506034851 -0.8121166229248047 -0.400511771440506 -0.4243309795856476 -1.5848422050476074
0.40888476371765137 0.12808345258235931 -0.9035528898239136 0.3886476457118988 0.4162937104701996 -0.9072630405426025 0.05977595970034599 -0.6885880827903748 -0.8121039271354675 -0.400584876537323 -0.4242863059043884 -1.5848904848098755
