# 3x4 first row second row third row Freq: 100 current Time: 2021-07-31-13:05:57
0.5351506471633911 0.6331364512443542 -0.5592423677444458 0.020871782675385475 0.10855637490749359 -0.7080694437026978 -0.697748601436615 -0.5956487059593201 -0.8377525210380554 0.3126913011074066 -0.4476548135280609 -1.5264323949813843
0.5351520776748657 0.633151113986969 -0.5592244267463684 0.020854493603110313 0.10853942483663559 -0.708044171333313 -0.6977768540382385 -0.5956569910049438 -0.8377537727355957 0.31271883845329285 -0.44763317704200745 -1.5264183282852173
0.5352787971496582 0.6329522132873535 -0.5593282580375671 0.020777259021997452 0.10849584639072418 -0.7082170248031616 -0.697608232498169 -0.5956475734710693 -0.8376784920692444 0.3127301037311554 -0.4477662444114685 -1.5262192487716675
0.5352637767791748 0.6329631805419922 -0.5593302249908447 0.020755989477038383 0.10847820341587067 -0.7082037329673767 -0.6976244449615479 -0.5956620573997498 -0.8376903533935547 0.31273794174194336 -0.44773849844932556 -1.5261971950531006
0.5353092551231384 0.6330364346504211 -0.5592038035392761 0.02083660662174225 0.10848475247621536 -0.7080936431884766 -0.6977351903915405 -0.5956823229789734 -0.8376604914665222 0.31283900141716003 -0.4477238655090332 -1.5264464616775513
0.5352190732955933 0.6330225467681885 -0.5593058466911316 0.020915452390909195 0.10839677602052689 -0.7081201076507568 -0.6977220177650452 -0.5956295728683472 -0.8377294540405273 0.31280717253685 -0.44761696457862854 -1.5263850688934326
0.5352262854576111 0.6330061554908752 -0.5593174695968628 0.02091299742460251 0.10836772620677948 -0.7081263661384583 -0.6977201700210571 -0.595639705657959 -0.8377286195755005 0.3128262162208557 -0.44760528206825256 -1.5263746976852417
0.535247802734375 0.6330956220626831 -0.5591955184936523 0.020857173949480057 0.10845086723566055 -0.7080357074737549 -0.6977992653846741 -0.5958067178726196 -0.8377041220664978 0.31285029649734497 -0.44763433933258057 -1.5266906023025513
0.5352799296379089 0.6330649852752686 -0.5591995120048523 0.02084064483642578 0.10843702405691147 -0.7080537676811218 -0.6977830529212952 -0.5958226919174194 -0.8376854062080383 0.3128713369369507 -0.447654664516449 -1.5266931056976318
0.5352352261543274 0.6331846714019775 -0.5591068267822266 0.020838160067796707 0.10835471004247665 -0.7078945636749268 -0.6979573369026184 -0.5959913730621338 -0.8377245664596558 0.3129895031452179 -0.4474986493587494 -1.5271472930908203
0.5352157354354858 0.6331890225410461 -0.5591204762458801 0.020823586732149124 0.10835958272218704 -0.7078999876976013 -0.6979511380195618 -0.5960100293159485 -0.8377364277839661 0.312968373298645 -0.447491317987442 -1.527161955833435
0.5351964831352234 0.6332129836082458 -0.5591118335723877 0.020844412967562675 0.10822658240795135 -0.7078294157981873 -0.6980433464050293 -0.5961735844612122 -0.8377659320831299 0.3130795657634735 -0.44735825061798096 -1.5275734663009644
0.5350257158279419 0.6332454681396484 -0.5592384934425354 0.020909378305077553 0.10814167559146881 -0.7078368067741394 -0.698049008846283 -0.596044659614563 -0.8378859758377075 0.31299716234207153 -0.4471910893917084 -1.527434229850769
0.5350276827812195 0.6332446932792664 -0.5592374801635742 0.020900622010231018 0.1081203892827034 -0.7078288793563843 -0.6980603337287903 -0.5960581302642822 -0.8378874063491821 0.3130166232585907 -0.44717469811439514 -1.5274688005447388
0.5349446535110474 0.6331920623779297 -0.5593764781951904 0.020915774628520012 0.10799141973257065 -0.7078850865364075 -0.69802325963974 -0.5960389375686646 -0.8379570841789246 0.31299594044685364 -0.44705864787101746 -1.5274362564086914
0.5349348783493042 0.6332011818885803 -0.5593754649162292 0.02090884931385517 0.10799606144428253 -0.7078799605369568 -0.6980277299880981 -0.5960570573806763 -0.8379626870155334 0.3129890263080597 -0.447052925825119 -1.5274726152420044
0.5349880456924438 0.633139431476593 -0.5593945384025574 0.020875468850135803 0.10799920558929443 -0.7079334259033203 -0.6979730129241943 -0.5959934592247009 -0.8379283547401428 0.3129930794239044 -0.4471144676208496 -1.5273147821426392
0.5350035429000854 0.6330877542495728 -0.559438169002533 0.02086150459945202 0.10794956982135773 -0.7079721689224243 -0.6979414224624634 -0.5960094928741455 -0.8379248380661011 0.313010036945343 -0.4471091628074646 -1.5273443460464478
0.5350584387779236 0.6331271529197693 -0.5593411326408386 0.020888494327664375 0.10803323984146118 -0.7079287171363831 -0.6979725956916809 -0.5960171222686768 -0.8378790020942688 0.3130286931991577 -0.4471819996833801 -1.5275310277938843
0.5349612832069397 0.6332402229309082 -0.5593059659004211 0.020874911919236183 0.10803519189357758 -0.7078335285186768 -0.6980687975883484 -0.596103310585022 -0.8379408121109009 0.31301504373550415 -0.4470757842063904 -1.5276386737823486
0.535004198551178 0.633217453956604 -0.5592907667160034 0.02086312510073185 0.10804290324449539 -0.7078448534011841 -0.6980561017990112 -0.5961183309555054 -0.8379124402999878 0.3130355477333069 -0.44711458683013916 -1.527684211730957
0.5349727272987366 0.6331550478935242 -0.5593914985656738 0.0208914615213871 0.10807587206363678 -0.707949697971344 -0.697944700717926 -0.5959693193435669 -0.8379282355308533 0.31292465329170227 -0.44716253876686096 -1.5272648334503174
0.5349372625350952 0.6331616044044495 -0.5594180226325989 0.020881304517388344 0.10806190222501755 -0.7079529166221619 -0.6979436278343201 -0.59598308801651 -0.837952733039856 0.3129042387008667 -0.4471310079097748 -1.527297019958496
0.5351632833480835 0.6330465078353882 -0.5593320727348328 0.020850770175457 0.10824833065271378 -0.7080607414245605 -0.6978052854537964 -0.5957984924316406 -0.8377842903137207 0.31289300322532654 -0.4474543333053589 -1.5268352031707764
0.5351656079292297 0.6330634951591492 -0.5593106150627136 0.02083464525640011 0.10824410617351532 -0.7080368995666504 -0.6978301405906677 -0.5958054661750793 -0.8377833366394043 0.31291261315345764 -0.4474423825740814 -1.5268443822860718
0.5352453589439392 0.6328872442245483 -0.5594337582588196 0.020780721679329872 0.10823555290699005 -0.7082164287567139 -0.6976493000984192 -0.5957472920417786 -0.8377335071563721 0.31286290287971497 -0.44757044315338135 -1.5265775918960571
0.5352910161018372 0.6328480839729309 -0.5594343543052673 0.020817549899220467 0.10823745280504227 -0.7082446813583374 -0.6976203322410583 -0.5956535339355469 -0.8377041220664978 0.3128781020641327 -0.447614848613739 -1.5264421701431274
0.5352931022644043 0.6328559517860413 -0.5594235062599182 0.02080514095723629 0.10827077925205231 -0.7082463502883911 -0.6976134181022644 -0.5956570506095886 -0.8376984596252441 0.3128584027290344 -0.4476391673088074 -1.52643620967865
0.5352352857589722 0.6328442692756653 -0.5594919919967651 0.020859308540821075 0.1082100048661232 -0.7082651257514954 -0.6976038217544556 -0.5955675840377808 -0.8377432823181152 0.312839537858963 -0.4475685656070709 -1.526315450668335
0.5352238416671753 0.6328648924827576 -0.5594796538352966 0.02085641585290432 0.10823129117488861 -0.7082527279853821 -0.6976130604743958 -0.5955657958984375 -0.8377478122711182 0.3128259479999542 -0.4475695490837097 -1.52630615234375
0.5351349115371704 0.6329577565193176 -0.5594596862792969 0.020907700061798096 0.10817594826221466 -0.7081576585769653 -0.6977181434631348 -0.595565140247345 -0.8378117680549622 0.31285324692726135 -0.44743067026138306 -1.5264039039611816
0.5351016521453857 0.6329779624938965 -0.5594685673713684 0.020913120359182358 0.10822151601314545 -0.7081649303436279 -0.6977037191390991 -0.5955565571784973 -0.8378271460533142 0.31279584765434265 -0.44744202494621277 -1.5263971090316772
0.5352919697761536 0.6328968405723572 -0.5593782663345337 0.020864063873887062 0.10836418718099594 -0.70823073387146 -0.6976147294044495 -0.5954846143722534 -0.837687075138092 0.312811017036438 -0.4476935863494873 -1.5261000394821167
0.5354134440422058 0.6327289342880249 -0.5594519376754761 0.020802387967705727 0.10838569700717926 -0.708391547203064 -0.6974481344223022 -0.5954976677894592 -0.83760666847229 0.3127864897251129 -0.4478611350059509 -1.525970458984375
0.5354377031326294 0.6327030062675476 -0.5594581365585327 0.0207892544567585 0.10838876664638519 -0.7084137797355652 -0.6974250674247742 -0.5955040454864502 -0.8375908136367798 0.3127886950969696 -0.4478893280029297 -1.525943636894226
0.5353594422340393 0.6327085494995117 -0.5595267415046692 0.020858310163021088 0.10825503617525101 -0.7083933353424072 -0.6974666118621826 -0.5954647660255432 -0.8376581072807312 0.31282374262809753 -0.4477389454841614 -1.5259746313095093
0.5353745818138123 0.6327134370803833 -0.5595067143440247 0.02085133269429207 0.10829194635152817 -0.7083940505981445 -0.6974601745605469 -0.595468282699585 -0.8376436233520508 0.3128123879432678 -0.44777393341064453 -1.5259603261947632
0.5354202389717102 0.6325214505195618 -0.5596800446510315 0.020815515890717506 0.10813239216804504 -0.7085524201393127 -0.6973240375518799 -0.595424473285675 -0.8376350998878479 0.31284189224243164 -0.4477693736553192 -1.5258502960205078
0.5353990197181702 0.6325274705886841 -0.5596935749053955 0.020803401246666908 0.10813234746456146 -0.7085548043251038 -0.6973216533660889 -0.5954293608665466 -0.8376486301422119 0.3128243386745453 -0.44775623083114624 -1.5258291959762573
0.5353790521621704 0.6324525475502014 -0.5597973465919495 0.02082730270922184 0.10814376175403595 -0.708661675453186 -0.6972112655639648 -0.5953733921051025 -0.8376599550247192 0.3127336800098419 -0.44779840111732483 -1.5256680250167847
0.5353898406028748 0.6324412226676941 -0.5597997903823853 0.020815277472138405 0.10815215110778809 -0.7086738348007202 -0.6971975564956665 -0.5953771471977234 -0.8376519680023193 0.3127289116382599 -0.4478166401386261 -1.525646686553955
0.5354564785957336 0.6322646141052246 -0.5599355697631836 0.02075725793838501 0.10809356719255447 -0.7088409662246704 -0.6970367431640625 -0.5953566431999207 -0.8376169204711914 0.31270739436149597 -0.44789719581604004 -1.5255365371704102
0.5353708863258362 0.6323140859603882 -0.5599614977836609 0.020821737125515938 0.10798504948616028 -0.7087786197662354 -0.6971169710159302 -0.5954513549804688 -0.8376856446266174 0.31274864077568054 -0.4477398991584778 -1.5259164571762085
0.5353574156761169 0.6323320269584656 -0.5599541068077087 0.02082584612071514 0.10802114754915237 -0.70877605676651 -0.6971139907836914 -0.5954552292823792 -0.8376895785331726 0.3127182722091675 -0.44775375723838806 -1.52584707736969
0.5352773666381836 0.6323564052581787 -0.5600031018257141 0.020889751613140106 0.10795190185308456 -0.7087569832801819 -0.6971440315246582 -0.5954652428627014 -0.8377496600151062 0.31271204352378845 -0.4476456642150879 -1.5259305238723755
0.5352835655212402 0.6323477029800415 -0.5600070357322693 0.02088964357972145 0.1079275831580162 -0.7087559103965759 -0.6971489787101746 -0.5954747796058655 -0.8377488851547241 0.31273216009140015 -0.44763311743736267 -1.52592134475708
0.5351912379264832 0.6324789524078369 -0.5599470734596252 0.020934687927365303 0.10797224938869476 -0.7086520791053772 -0.6972475647926331 -0.5954689979553223 -0.8378020524978638 0.3127020299434662 -0.4475545585155487 -1.5260018110275269
0.5352216362953186 0.6324589848518372 -0.5599405169487 0.020937610417604446 0.10796423256397247 -0.7086597681045532 -0.697240948677063 -0.5954726338386536 -0.837783694267273 0.31272488832473755 -0.4475730061531067 -1.525997519493103
0.5351625084877014 0.6325920224189758 -0.559846818447113 0.020916910842061043 0.10803182423114777 -0.7085468769073486 -0.6973452568054199 -0.5955036282539368 -0.8378127813339233 0.3127117455005646 -0.44752776622772217 -1.526159405708313
0.5350394248962402 0.6327806711196899 -0.5597512125968933 0.020895149558782578 0.10816993564367294 -0.7084205746650696 -0.697452187538147 -0.5954882502555847 -0.8378735184669495 0.31261616945266724 -0.4474807679653168 -1.526249647140503
0.5350340008735657 0.6327711343765259 -0.5597671866416931 0.02088378556072712 0.10816047340631485 -0.7084314823150635 -0.6974425315856934 -0.59548020362854 -0.8378782272338867 0.31261077523231506 -0.44747573137283325 -1.5262564420700073
0.5350430607795715 0.632898211479187 -0.5596148371696472 0.02088499441742897 0.10827390849590302 -0.7083112001419067 -0.6975470781326294 -0.5954643487930298 -0.8378577828407288 0.31262603402137756 -0.44750332832336426 -1.5262411832809448
0.5350376963615417 0.6329032182693481 -0.5596143007278442 0.020877189934253693 0.108270563185215 -0.7083061933517456 -0.6975526809692383 -0.5954506993293762 -0.8378616571426392 0.3126271963119507 -0.4474952816963196 -1.5262447595596313
0.5351976156234741 0.6328882575035095 -0.5594782829284668 0.020916976034641266 0.10833191126585007 -0.7082733511924744 -0.6975765228271484 -0.5954342484474182 -0.837751567363739 0.31273195147514343 -0.4476282000541687 -1.5263547897338867
0.5352176427841187 0.6328782439231873 -0.5594704747200012 0.02090957574546337 0.10832027345895767 -0.7082721590995789 -0.6975795030593872 -0.5954145193099976 -0.8377403020858765 0.3127548396587372 -0.4476332664489746 -1.5263652801513672
0.5352615714073181 0.632924497127533 -0.5593761205673218 0.020889362320303917 0.10832102596759796 -0.7081943154335022 -0.6976584196090698 -0.5955602526664734 -0.8377121090888977 0.31283754110336304 -0.4476282298564911 -1.5266104936599731
0.5353062748908997 0.6329641938209534 -0.5592883825302124 0.020937025547027588 0.10840500891208649 -0.7081553339958191 -0.6976850032806396 -0.59549480676651 -0.8376727104187012 0.31284549832344055 -0.4476964771747589 -1.526397466659546
0.5353009104728699 0.6329466104507446 -0.5593134760856628 0.020933382213115692 0.10839135944843292 -0.7081747055053711 -0.6976674199104309 -0.5954866409301758 -0.8376778960227966 0.31283724308013916 -0.44769248366355896 -1.52639639377594
0.5352476835250854 0.6330068111419678 -0.559296190738678 0.021011019125580788 0.10845287144184113 -0.7081473469734192 -0.6976856589317322 -0.5954462289810181 -0.8377039432525635 0.3127773404121399 -0.4476855993270874 -1.5262786149978638
0.5352435111999512 0.6330043077468872 -0.5593030452728271 0.02101999893784523 0.1084810346364975 -0.7081629037857056 -0.6976655125617981 -0.5954397916793823 -0.8377029299736023 0.31274718046188354 -0.4477085769176483 -1.5262722969055176
0.5351670980453491 0.6331630349159241 -0.5591965317726135 0.020930128172039986 0.10854292660951614 -0.7080236077308655 -0.6977971792221069 -0.5955965518951416 -0.8377437591552734 0.3127412497997284 -0.44763630628585815 -1.5264052152633667
0.5351204872131348 0.633182168006897 -0.559219479560852 0.020920971408486366 0.10856296122074127 -0.7080289125442505 -0.6977887153625488 -0.5956025719642639 -0.837770938873291 0.31269052624702454 -0.4476209282875061 -1.5263981819152832
0.5350842475891113 0.6331757307052612 -0.5592614412307739 0.020862193778157234 0.10857968777418137 -0.7080600261688232 -0.6977545022964478 -0.5955790877342224 -0.837791919708252 0.3126330077648163 -0.44762176275253296 -1.5263099670410156
0.5350263118743896 0.6333044171333313 -0.5591711401939392 0.020885230973362923 0.10866513848304749 -0.7079583406448364 -0.6978444457054138 -0.5955695509910583 -0.8378178477287292 0.312602698802948 -0.44759443402290344 -1.526393175125122
0.5350317358970642 0.6332982182502747 -0.5591729283332825 0.02086920663714409 0.10865000635385513 -0.707957923412323 -0.6978471875190735 -0.5955710411071777 -0.8378162980079651 0.3126162588596344 -0.4475878179073334 -1.526397466659546
0.5349252223968506 0.6334103941917419 -0.5591477751731873 0.02092154324054718 0.10868339985609055 -0.7078799605369568 -0.697921097278595 -0.5954782366752625 -0.83788001537323 0.31256550550460815 -0.4475040137767792 -1.5262846946716309
0.5349582433700562 0.6333786845207214 -0.5591521263122559 0.02091638557612896 0.10869389027357101 -0.707908034324646 -0.6978909373283386 -0.5954720973968506 -0.8378576040267944 0.3125660717487335 -0.4475456178188324 -1.5262831449508667
0.5348663330078125 0.6333003044128418 -0.5593287944793701 0.020894039422273636 0.10856729745864868 -0.708001434803009 -0.6978159546852112 -0.5954782366752625 -0.8379326462745667 0.31251341104507446 -0.44744181632995605 -1.5261759757995605
0.5348829030990601 0.6332873106002808 -0.5593276619911194 0.02088722214102745 0.1085231751203537 -0.7079934477806091 -0.697830855846405 -0.5954780578613281 -0.8379277586936951 0.31255778670310974 -0.4474199414253235 -1.5261708498001099
0.5348626375198364 0.6333165168762207 -0.559313952922821 0.020899424329400063 0.10853970050811768 -0.7079725861549377 -0.697849452495575 -0.5954852104187012 -0.8379386067390442 0.3125458061695099 -0.4474080801010132 -1.5261684656143188
0.5348495841026306 0.6333249807357788 -0.559316873550415 0.02089107781648636 0.10854703933000565 -0.707970917224884 -0.6978500485420227 -0.5954844355583191 -0.8379459381103516 0.3125326335430145 -0.4474034905433655 -1.526160717010498
0.5348489880561829 0.6331872940063477 -0.5594733357429504 0.02086079679429531 0.1084665060043335 -0.708112895488739 -0.6977185010910034 -0.5955258011817932 -0.8379567861557007 0.3124898672103882 -0.44741305708885193 -1.5261167287826538
0.5347855091094971 0.6330640912055969 -0.5596733689308167 0.020832082256674767 0.10834309458732605 -0.7082499861717224 -0.6975985169410706 -0.5954636335372925 -0.838013231754303 0.3124288320541382 -0.4473499357700348 -1.5259253978729248
0.5348014831542969 0.6330459713935852 -0.5596786737442017 0.020822549238801003 0.10832463204860687 -0.7082582712173462 -0.6975929737091064 -0.5954648852348328 -0.8380054831504822 0.3124467432498932 -0.44735202193260193 -1.5259170532226562
0.5347341895103455 0.6329994797706604 -0.5597954392433167 0.020860621705651283 0.10817565768957138 -0.7082918882369995 -0.697581946849823 -0.5955013632774353 -0.8380676507949829 0.3124646842479706 -0.447223037481308 -1.5260552167892456
0.5347148776054382 0.6329953074455261 -0.559818685054779 0.02086019515991211 0.10816571116447449 -0.7083024382591248 -0.6975728273391724 -0.595500648021698 -0.8380812406539917 0.3124493360519409 -0.4472081959247589 -1.5260517597198486
0.5347021222114563 0.6330456733703613 -0.559773862361908 0.020907139405608177 0.1081940084695816 -0.7082560658454895 -0.6976154446601868 -0.5954192280769348 -0.8380857110023499 0.3124522864818573 -0.4471977651119232 -1.52603280544281
0.5347012281417847 0.6330408453941345 -0.5597801804542542 0.020914152264595032 0.10818863660097122 -0.7082604765892029 -0.6976118087768555 -0.5954106450080872 -0.8380870223045349 0.3124520182609558 -0.44719555974006653 -1.5260294675827026
0.5348792672157288 0.6329240798950195 -0.5597422122955322 0.020916439592838287 0.10821671038866043 -0.7083338499069214 -0.6975330114364624 -0.5953280329704285 -0.8379697799682617 0.3125224709510803 -0.44736602902412415 -1.5258946418762207
0.5350673794746399 0.632803201675415 -0.5596989989280701 0.020859647542238235 0.10826968401670456 -0.7084167003631592 -0.6974406242370605 -0.5952857732772827 -0.8378428220748901 0.3125792443752289 -0.447564035654068 -1.5256434679031372
0.5350393652915955 0.6328160166740417 -0.5597113370895386 0.020863518118858337 0.10826098173856735 -0.7084105610847473 -0.697448194026947 -0.5952742099761963 -0.8378618359565735 0.3125673234462738 -0.44753679633140564 -1.525611400604248
0.535007655620575 0.6328085064888 -0.5597501397132874 0.020917633548378944 0.10821335017681122 -0.7084168791770935 -0.6974491477012634 -0.59526526927948 -0.837888240814209 0.31256815791130066 -0.4474867582321167 -1.5256308317184448
0.5350204706192017 0.6328051090240479 -0.559741735458374 0.020922068506479263 0.108209028840065 -0.7084135413169861 -0.6974532604217529 -0.5952562689781189 -0.8378806114196777 0.3125826418399811 -0.447490930557251 -1.5256065130233765
0.5349277853965759 0.6328349113464355 -0.5597966313362122 0.020920809358358383 0.10811600834131241 -0.7083848118782043 -0.6974968314170837 -0.5952942967414856 -0.8379517793655396 0.3125874698162079 -0.4473542869091034 -1.5256699323654175
0.5349382758140564 0.632837176322937 -0.5597840547561646 0.020925311371684074 0.10810697823762894 -0.7083737254142761 -0.6975094676017761 -0.5952798128128052 -0.8379462361335754 0.31260794401168823 -0.44735032320022583 -1.5256454944610596
0.5349512696266174 0.63289475440979 -0.5597065091133118 0.020925117656588554 0.1080562099814415 -0.7082769870758057 -0.6976156234741211 -0.5953906774520874 -0.837944507598877 0.31271058320999146 -0.4472818672657013 -1.5261176824569702
0.5348358750343323 0.6330318450927734 -0.5596617460250854 0.020933397114276886 0.10810436308383942 -0.7081777453422546 -0.6977089047431946 -0.5954634547233582 -0.8380119204521179 0.3126578629016876 -0.44719234108924866 -1.5262837409973145
0.5348577499389648 0.6330468058586121 -0.5596238970756531 0.020933395251631737 0.10812793672084808 -0.7081577181816101 -0.6977255940437317 -0.5954583287239075 -0.8379949331283569 0.3126729428768158 -0.44721367955207825 -1.5262901782989502
0.5347579717636108 0.6330000758171082 -0.5597721338272095 0.02093256078660488 0.10798495262861252 -0.7082090377807617 -0.6976956129074097 -0.5954960584640503 -0.8380770683288574 0.31265130639076233 -0.44707489013671875 -1.526335597038269
0.5347907543182373 0.6329725980758667 -0.5597718358039856 0.02092747949063778 0.10797838866710663 -0.7082256078720093 -0.6976798176765442 -0.5954964756965637 -0.8380569815635681 0.31266945600509644 -0.44709986448287964 -1.5263465642929077
0.534800112247467 0.6329236030578613 -0.5598183274269104 0.020930996164679527 0.10792473703622818 -0.7082622647285461 -0.6976508498191833 -0.5954250693321228 -0.8380579352378845 0.3126855194568634 -0.4470868408679962 -1.5262895822525024
0.5347880125045776 0.6329293251037598 -0.5598233938217163 0.02092481218278408 0.10795992612838745 -0.7082738876342773 -0.6976336240768433 -0.5954212546348572 -0.8380610942840576 0.31264761090278625 -0.44710737466812134 -1.5262985229492188
0.5348992943763733 0.6329513192176819 -0.5596922039985657 0.020832914859056473 0.1081376001238823 -0.7082610130310059 -0.6976191997528076 -0.5952851176261902 -0.8379671573638916 0.3126322627067566 -0.4472941756248474 -1.5258417129516602
0.5350690484046936 0.6329831480979919 -0.559493899345398 0.02084464207291603 0.10839015990495682 -0.708236575126648 -0.6976048350334167 -0.59527987241745 -0.8378261923789978 0.3126230835914612 -0.44756460189819336 -1.5257378816604614
0.5350795984268188 0.6329800486564636 -0.5594873428344727 0.02082631178200245 0.10836697369813919 -0.7082269191741943 -0.6976182460784912 -0.5952782034873962 -0.837822437286377 0.3126513361930847 -0.4475518763065338 -1.5257151126861572
0.5349652171134949 0.6331047415733337 -0.5594556331634521 0.020858407020568848 0.10838896781206131 -0.7081328630447388 -0.6977102756500244 -0.5953583717346191 -0.8378925919532776 0.3126119077205658 -0.4474480152130127 -1.5258548259735107
0.5350301265716553 0.6330769062042236 -0.5594250559806824 0.020905442535877228 0.10833127796649933 -0.708115816116333 -0.6977365612983704 -0.595386266708374 -0.8378586173057556 0.3127068281173706 -0.4474453032016754 -1.5260813236236572
0.5350209474563599 0.6330714821815491 -0.5594399571418762 0.020886650308966637 0.10832926630973816 -0.7081261277198792 -0.6977264285087585 -0.5953876376152039 -0.8378647565841675 0.3126945197582245 -0.4474424421787262 -1.526076078414917
0.5351288914680481 0.6331183314323425 -0.5592836737632751 0.020868128165602684 0.10839905589818954 -0.7080434560775757 -0.6977994441986084 -0.5955100059509277 -0.8377867937088013 0.3127868175506592 -0.44752395153045654 -1.526283860206604
0.5351009368896484 0.6331434845924377 -0.5592819452285767 0.020847830921411514 0.10842771828174591 -0.7080357670783997 -0.6978027820587158 -0.5955144762992859 -0.837800920009613 0.31275323033332825 -0.4475208818912506 -1.5262738466262817
0.5350111722946167 0.6331692337989807 -0.5593386888504028 0.02084093540906906 0.10841474682092667 -0.7080406546592712 -0.697799801826477 -0.5955513715744019 -0.8378599286079407 0.3126901388168335 -0.4474545419216156 -1.5262655019760132
0.5350456833839417 0.6331554651260376 -0.5593212842941284 0.020818199962377548 0.10843828320503235 -0.708050549030304 -0.6977861523628235 -0.5955588817596436 -0.8378348350524902 0.31269562244415283 -0.447497695684433 -1.526257872581482
0.5351067781448364 0.6331188678741455 -0.5593042969703674 0.020841144025325775 0.10841550678014755 -0.7080592513084412 -0.6977808475494385 -0.5954850912094116 -0.8377987742424011 0.312749981880188 -0.4475271999835968 -1.526191234588623
0.5349794030189514 0.633186936378479 -0.5593490600585938 0.020880945026874542 0.10835683345794678 -0.7080117464065552 -0.6978381872177124 -0.595471203327179 -0.837887704372406 0.3127197325229645 -0.4473818242549896 -1.5261696577072144
0.534953773021698 0.6332038044929504 -0.5593544244766235 0.02086806669831276 0.10839284956455231 -0.7080160975456238 -0.6978281736373901 -0.5954756736755371 -0.837899386882782 0.312675803899765 -0.4473906457424164 -1.5261603593826294
0.534928560256958 0.633119523525238 -0.559473991394043 0.020863782614469528 0.10840421169996262 -0.7081371545791626 -0.6977035403251648 -0.5954282283782959 -0.8379140496253967 0.312572181224823 -0.447435587644577 -1.525923252105713
0.5349177122116089 0.6331496834754944 -0.5594501495361328 0.020851625129580498 0.10841973125934601 -0.7081103920936584 -0.6977283358573914 -0.5954365134239197 -0.8379189372062683 0.31257182359695435 -0.4474267065525055 -1.5259039402008057
0.5348504781723022 0.6331024765968323 -0.559567928314209 0.02081490308046341 0.10829323530197144 -0.7081533670425415 -0.6977043151855469 -0.5955225229263306 -0.8379782438278198 0.31257006525993347 -0.44731685519218445 -1.5259582996368408
0.5348227024078369 0.6330984234809875 -0.559598982334137 0.02079511620104313 0.10827013105154037 -0.7081626653671265 -0.6976984739303589 -0.5955396890640259 -0.8379989266395569 0.3125571310520172 -0.44728711247444153 -1.525937795639038
0.5348755121231079 0.6331084370613098 -0.5595371723175049 0.020868875086307526 0.10829658806324005 -0.7081354856491089 -0.6977219581604004 -0.5954817533493042 -0.8379617929458618 0.31259843707084656 -0.4473278224468231 -1.5259417295455933
0.5348601341247559 0.6330993175506592 -0.5595622658729553 0.020864559337496758 0.10827122628688812 -0.7081446051597595 -0.6977166533470154 -0.5954914093017578 -0.8379749059677124 0.31259632110595703 -0.44730475544929504 -1.5259191989898682
0.5348314046859741 0.6331449151039124 -0.5595380663871765 0.020948465913534164 0.10827148705720901 -0.7081011533737183 -0.6977607011795044 -0.5954980850219727 -0.8379932045936584 0.31260231137275696 -0.44726625084877014 -1.5261054039001465
0.5349220633506775 0.6330842971801758 -0.5595200657844543 0.0208332110196352 0.10821602493524551 -0.7081139087677002 -0.6977563500404358 -0.5955200791358948 -0.8379425406455994 0.3126961886882782 -0.447295606136322 -1.526162028312683
0.5349860787391663 0.6330285668373108 -0.5595218539237976 0.02085539512336254 0.10818511247634888 -0.7081420421600342 -0.6977326273918152 -0.5955994725227356 -0.8379056453704834 0.3127453029155731 -0.44733041524887085 -1.5263553857803345
0.5350094437599182 0.6330263614654541 -0.5595020651817322 0.020847653970122337 0.10818158090114594 -0.7081326246261597 -0.6977427005767822 -0.5955987572669983 -0.837891161441803 0.31277111172676086 -0.44733941555023193 -1.526349425315857
0.534882664680481 0.6330621838569641 -0.5595827102661133 0.020898591727018356 0.10811556875705719 -0.7081223130226135 -0.6977633833885193 -0.5955451726913452 -0.8379806280136108 0.31272193789482117 -0.4472062289714813 -1.5263683795928955
0.5348985195159912 0.6330455541610718 -0.5595863461494446 0.020894959568977356 0.10813841968774796 -0.7081441879272461 -0.6977376937866211 -0.5955312848091125 -0.837967574596405 0.31270602345466614 -0.44724178314208984 -1.5263622999191284
0.5347836017608643 0.6331283450126648 -0.5596024990081787 0.02094101347029209 0.10814240574836731 -0.708095908164978 -0.6977860331535339 -0.5954946279525757 -0.8380404114723206 0.3126477599143982 -0.44714605808258057 -1.5264034271240234
0.5349071621894836 0.633130669593811 -0.5594817996025085 0.020910028368234634 0.10828951746225357 -0.7080903649330139 -0.6977688074111938 -0.5954220294952393 -0.8379425406455994 0.312655508518219 -0.4473240077495575 -1.5261752605438232
0.5350051522254944 0.6330376267433167 -0.559493362903595 0.020917648449540138 0.10821559280157089 -0.7081332802772522 -0.6977367997169495 -0.5954400897026062 -0.837889552116394 0.3127468526363373 -0.44735947251319885 -1.5261567831039429
0.5351304411888123 0.6331261992454529 -0.5592733025550842 0.020886141806840897 0.10841072350740433 -0.708037257194519 -0.6978039145469666 -0.5953167080879211 -0.8377842903137207 0.312784880399704 -0.44752997159957886 -1.525956630706787
0.5351231694221497 0.6331395506858826 -0.55926513671875 0.02087322622537613 0.10839338600635529 -0.7080175876617432 -0.6978265643119812 -0.5952913165092468 -0.8377911448478699 0.3128025233745575 -0.4475047290325165 -1.525925874710083
0.5353010296821594 0.63304203748703 -0.5592052936553955 0.02082538604736328 0.10857483744621277 -0.7081241011619568 -0.6976902484893799 -0.5952842831611633 -0.8376540541648865 0.3127586841583252 -0.4477919638156891 -1.5256497859954834
0.5352969169616699 0.6330665349960327 -0.5591815114021301 0.02081238478422165 0.10857204347848892 -0.7080944180488586 -0.6977208256721497 -0.5952759385108948 -0.8376570343971252 0.3127763271331787 -0.44777408242225647 -1.5256074666976929
0.535323977470398 0.6330413222312927 -0.5591841340065002 0.02082412876188755 0.10849571228027344 -0.7080847024917603 -0.6977425217628479 -0.5953681468963623 -0.8376496434211731 0.312849223613739 -0.4477369785308838 -1.5257374048233032
0.5352305173873901 0.6330357193946838 -0.5592799186706543 0.020860867574810982 0.10846979916095734 -0.7081255912780762 -0.697705090045929 -0.5954205989837646 -0.8377127051353455 0.3127680718898773 -0.4476756751537323 -1.5258517265319824
0.5352188348770142 0.6330468058586121 -0.5592786073684692 0.020851517096161842 0.10845658928155899 -0.7081122994422913 -0.6977206468582153 -0.5954206585884094 -0.8377218842506409 0.31277576088905334 -0.4476531147956848 -1.5258148908615112
0.5351768732070923 0.6330318450927734 -0.5593357086181641 0.020936205983161926 0.10839799791574478 -0.7081286311149597 -0.6977131366729736 -0.595344603061676 -0.8377562761306763 0.3127690851688385 -0.44759345054626465 -1.5258283615112305
0.5351925492286682 0.6330237984657288 -0.5593297481536865 0.0209401436150074 0.1083923876285553 -0.7081292271614075 -0.6977134346961975 -0.5953293442726135 -0.8377469778060913 0.3127839267253876 -0.44760045409202576 -1.525793433189392
0.5351992845535278 0.6331194043159485 -0.5592150688171387 0.02094992808997631 0.10850448161363602 -0.7080487012863159 -0.6977777481079102 -0.5953481793403625 -0.8377281427383423 0.31277281045913696 -0.4476434588432312 -1.5258558988571167
0.535126268863678 0.6332159638404846 -0.5591756701469421 0.020956674590706825 0.1084599494934082 -0.7079456448554993 -0.6978892683982849 -0.5953973531723022 -0.8377805948257446 0.31281065940856934 -0.44751882553100586 -1.5259820222854614
0.535132110118866 0.6332263946533203 -0.559158205986023 0.020955773070454597 0.10846079885959625 -0.7079301476478577 -0.6979048252105713 -0.5953911542892456 -0.8377767205238342 0.3128245174884796 -0.44751638174057007 -1.5259653329849243
0.5351637005805969 0.6332078576087952 -0.5591489672660828 0.020955950021743774 0.10843341052532196 -0.7079283595085144 -0.6979109048843384 -0.5953835248947144 -0.8377600908279419 0.3128661513328552 -0.4475184381008148 -1.5259463787078857
0.5349882245063782 0.6331210732460022 -0.5594151020050049 0.02087104506790638 0.10826263576745987 -0.7080546021461487 -0.6978093385696411 -0.5954304933547974 -0.8378942608833313 0.3127560317516327 -0.44734421372413635 -1.5258909463882446
0.5350235104560852 0.6331114172935486 -0.5593922734260559 0.020917361602187157 0.1082528680562973 -0.708046555519104 -0.6978189945220947 -0.5953910946846008 -0.8378729820251465 0.3127937316894531 -0.4473576545715332 -1.525896430015564
0.5349815487861633 0.6331252455711365 -0.5594168305397034 0.020908216014504433 0.10826554149389267 -0.7080536484718323 -0.6978098750114441 -0.5953951478004456 -0.8378981351852417 0.31274983286857605 -0.44734126329421997 -1.525882601737976
0.5350879430770874 0.6330981254577637 -0.5593456625938416 0.02086164616048336 0.1083313524723053 -0.7080624103546143 -0.6977906823158264 -0.5954519510269165 -0.8378216624259949 0.31278470158576965 -0.4474600553512573 -1.5260143280029297
0.5351050496101379 0.633091390132904 -0.5593369603157043 0.020846083760261536 0.10827947407960892 -0.7080435156822205 -0.6978179216384888 -0.5954508781433105 -0.8378174901008606 0.3128412067890167 -0.44742846488952637 -1.5260009765625
0.5352187752723694 0.633155345916748 -0.5591557621955872 0.020810512825846672 0.10842902958393097 -0.7079666256904602 -0.6978727579116821 -0.5956130623817444 -0.8377255201339722 0.3128858506679535 -0.4475694000720978 -1.5262724161148071
0.5351338982582092 0.6332564949989319 -0.5591224431991577 0.020870693027973175 0.10848185420036316 -0.7078996300697327 -0.6979324817657471 -0.5955948829650879 -0.8377728462219238 0.31283268332481384 -0.44751793146133423 -1.5263054370880127
0.5351403951644897 0.633259117603302 -0.5591132640838623 0.02085832878947258 0.10849140584468842 -0.707896888256073 -0.6979337930679321 -0.5955962538719177 -0.837767481803894 0.3128335773944855 -0.44752737879753113 -1.5263053178787231
0.5352676510810852 0.6331692337989807 -0.559093177318573 0.02083887904882431 0.10860704630613327 -0.7079929113388062 -0.697818398475647 -0.5954186320304871 -0.837671160697937 0.3127981722354889 -0.4477323591709137 -1.5259989500045776
0.5352563858032227 0.6331630945205688 -0.5591109395027161 0.020816177129745483 0.10856939107179642 -0.7079917788505554 -0.6978253722190857 -0.5954068303108215 -0.8376832604408264 0.3128131628036499 -0.4476992189884186 -1.5259807109832764
0.5354362726211548 0.6330399513244629 -0.5590781569480896 0.02084571309387684 0.10858182609081268 -0.7080662846565247 -0.6977478861808777 -0.5953884124755859 -0.8375667333602905 0.3128937780857086 -0.447860985994339 -1.525846242904663
0.5355607867240906 0.6329460740089417 -0.5590652227401733 0.020846499130129814 0.10871165990829468 -0.708173930644989 -0.6976184248924255 -0.5952825546264648 -0.8374702334403992 0.31284016370773315 -0.44807878136634827 -1.5255799293518066
0.5355655550956726 0.6329506635665894 -0.5590554475784302 0.020834773778915405 0.10870648175477982 -0.7081639766693115 -0.6976292729377747 -0.5952780246734619 -0.8374678492546082 0.31285327672958374 -0.448074072599411 -1.5255405902862549
0.5354496240615845 0.6330015659332275 -0.5591088533401489 0.020868325605988503 0.10862511396408081 -0.7081241607666016 -0.6976823806762695 -0.5953402519226074 -0.837552547454834 0.3128404915332794 -0.4479246735572815 -1.525755763053894
0.5354838371276855 0.6329829096794128 -0.5590972304344177 0.020928960293531418 0.10857726633548737 -0.7081136107444763 -0.697700560092926 -0.5953282117843628 -0.8375368714332581 0.3129021227359772 -0.44791093468666077 -1.5258629322052002
0.5354769229888916 0.6329874396324158 -0.5590987205505371 0.020932801067829132 0.10860918462276459 -0.7081230878829956 -0.697685956954956 -0.5953142046928406 -0.8375371694564819 0.3128714859485626 -0.44793182611465454 -1.5258421897888184
0.5356103777885437 0.6329241394996643 -0.5590425133705139 0.02092801220715046 0.10866353660821915 -0.7081601619720459 -0.6976398825645447 -0.5952440500259399 -0.8374447822570801 0.3129156231880188 -0.44807371497154236 -1.525694489479065
0.5355638265609741 0.6329463124275208 -0.5590620636940002 0.020936323329806328 0.10867807269096375 -0.7081596255302429 -0.6976381540298462 -0.5952143669128418 -0.837472677230835 0.31287193298339844 -0.4480520486831665 -1.5256543159484863
0.5355097651481628 0.6329709887504578 -0.5590858459472656 0.020900271832942963 0.10876499861478806 -0.7081864476203918 -0.697597324848175 -0.5952393412590027 -0.8374959230422974 0.31276121735572815 -0.44808584451675415 -1.525605320930481
0.535496175289154 0.6329993009567261 -0.5590667724609375 0.020900746807456017 0.1087527647614479 -0.7081528902053833 -0.6976333260536194 -0.5952131748199463 -0.8375061750411987 0.3127799332141876 -0.44805359840393066 -1.525565505027771
0.535485029220581 0.6330711841583252 -0.5589960813522339 0.020958025008440018 0.1088254302740097 -0.7080955505371094 -0.6976802349090576 -0.5952990651130676 -0.8375039100646973 0.3127642869949341 -0.4480687975883484 -1.5257899761199951
0.5355179309844971 0.6330606341362 -0.5589765310287476 0.02096358872950077 0.10881642252206802 -0.7080900073051453 -0.6976872086524963 -0.5952773690223694 -0.8374840021133423 0.3127982020378113 -0.44808229804039 -1.5257576704025269
0.5355048775672913 0.6331328749656677 -0.558907151222229 0.02096511237323284 0.10887011885643005 -0.7080259323120117 -0.697743833065033 -0.5953542590141296 -0.8374853730201721 0.312796950340271 -0.4480805993080139 -1.5259305238723755
0.5356615781784058 0.6332295536994934 -0.5586475133895874 0.0209290012717247 0.1090565100312233 -0.7079018354415894 -0.697840690612793 -0.5953407287597656 -0.8373609781265259 0.31288227438926697 -0.4482535719871521 -1.5259190797805786
0.5356706380844116 0.63325035572052 -0.5586152076721191 0.020921502262353897 0.10906442999839783 -0.7078745365142822 -0.6978670954704285 -0.5953196287155151 -0.8373541235923767 0.31290188431739807 -0.44825270771980286 -1.5258820056915283
0.5355170965194702 0.633274495601654 -0.5587350130081177 0.02089623734354973 0.10895387828350067 -0.7078747153282166 -0.697884202003479 -0.5954394340515137 -0.8374666571617126 0.3128525912761688 -0.4480767250061035 -1.5261039733886719
0.5355053544044495 0.6332654356956482 -0.5587565302848816 0.02087474800646305 0.10895375907421112 -0.7078914642333984 -0.697867214679718 -0.5954245924949646 -0.8374742269515991 0.3128330111503601 -0.4480763375759125 -1.5260732173919678
0.5354483127593994 0.6333175301551819 -0.558752179145813 0.02092662639915943 0.10894855856895447 -0.7078510522842407 -0.6979090571403503 -0.5955114364624023 -0.8375113606452942 0.3128189742565155 -0.4480167031288147 -1.5262764692306519
0.5354434847831726 0.6333239674568176 -0.5587494969367981 0.02091890759766102 0.10896608233451843 -0.7078518271446228 -0.6979055404663086 -0.5955010056495667 -0.837512195110321 0.3128041923046112 -0.4480254650115967 -1.5262598991394043
0.5353090763092041 0.6333335638046265 -0.5588673949241638 0.020885109901428223 0.10887272655963898 -0.7078676819801331 -0.6979040503501892 -0.5956065654754639 -0.8376102447509766 0.3127489686012268 -0.44788071513175964 -1.5264391899108887
0.5352745652198792 0.6331947445869446 -0.5590577125549316 0.020898520946502686 0.10868895798921585 -0.707988440990448 -0.697810173034668 -0.5957062840461731 -0.8376561403274536 0.31275665760040283 -0.4477894902229309 -1.526746392250061
0.5352786779403687 0.6332040429115295 -0.5590432286262512 0.02088964357972145 0.10869742929935455 -0.7079780697822571 -0.6978193521499634 -0.5957054495811462 -0.8376524448394775 0.31276124715805054 -0.44779321551322937 -1.526749610900879
0.535345196723938 0.6329699158668518 -0.559244692325592 0.02087455242872238 0.1085050106048584 -0.7081674337387085 -0.6976571679115295 -0.5957129597663879 -0.8376348614692688 0.31280654668807983 -0.4477944076061249 -1.5267319679260254
0.5353531837463379 0.6329925060272217 -0.5592114329338074 0.02086322195827961 0.10851705819368362 -0.708139955997467 -0.6976831555366516 -0.5957146883010864 -0.837628185749054 0.31282293796539307 -0.44779548048973083 -1.5267339944839478
0.5351979732513428 0.6330658197402954 -0.5592769980430603 0.020931994542479515 0.10844887793064117 -0.708095371723175 -0.6977390050888062 -0.595777690410614 -0.8377362489700317 0.31277552247047424 -0.4476264715194702 -1.5268754959106445
