# 3x4 first row second row third row Freq: 100 current Time: 2021-07-31-13:02:43
0.4691911041736603 -0.036270979791879654 -0.8823514580726624 0.0816616341471672 0.09421978145837784 -0.9913969039916992 0.09085497260093689 -0.7706645727157593 -0.878055989742279 -0.12576331198215485 -0.46173709630966187 -1.8414160013198853
0.46920204162597656 -0.03608765825629234 -0.8823531270027161 0.08166617155075073 0.09430243074893951 -0.9914037585258484 0.09069421887397766 -0.770788311958313 -0.8780412673950195 -0.1257619559764862 -0.46176546812057495 -1.8418283462524414
0.4690952003002167 -0.03621790558099747 -0.882404625415802 0.08168800175189972 0.0944419652223587 -0.9913719296455383 0.09089671820402145 -0.7707392573356628 -0.878083348274231 -0.12597525119781494 -0.4616272747516632 -1.8416613340377808
0.4691506624221802 -0.03630298376083374 -0.8823716640472412 0.0817352682352066 0.0944547951221466 -0.9913604855537415 0.09100799262523651 -0.7707285284996033 -0.8780523538589478 -0.12604069709777832 -0.4616684019565582 -1.8414555788040161
0.46916404366493225 -0.036285217851400375 -0.8823652267456055 0.0817282497882843 0.09445233643054962 -0.9913625121116638 0.090988889336586 -0.7706788778305054 -0.8780454397201538 -0.12603017687797546 -0.46168434619903564 -1.841429591178894
0.4690926969051361 -0.036166656762361526 -0.882408082485199 0.0818743109703064 0.09447138756513596 -0.9913730025291443 0.0908542051911354 -0.7709867358207703 -0.8780815005302429 -0.12598136067390442 -0.46162906289100647 -1.8419547080993652
0.4691063463687897 -0.036168068647384644 -0.8824007511138916 0.08187591284513474 0.09446021914482117 -0.9913743138313293 0.09085212647914886 -0.7709503173828125 -0.8780754208564758 -0.12597107887268066 -0.4616434872150421 -1.8419398069381714
0.46899205446243286 -0.0360042043030262 -0.8824681639671326 0.08184653520584106 0.09460465610027313 -0.9913721084594727 0.09072552621364594 -0.7709677815437317 -0.8781209588050842 -0.1260351538658142 -0.4615394175052643 -1.8417131900787354
0.4689701199531555 -0.03592398390173912 -0.8824831247329712 0.08183091878890991 0.09486858546733856 -0.9913427829742432 0.09077058732509613 -0.77106773853302 -0.8781041502952576 -0.12628862261772156 -0.4615020155906677 -1.8420060873031616
0.4689764380455017 -0.0359155647456646 -0.8824800848960876 0.08182495087385178 0.09484925866127014 -0.9913462996482849 0.09075199067592621 -0.7710346579551697 -0.8781028985977173 -0.12626312673091888 -0.46151143312454224 -1.8419862985610962
0.46890226006507874 -0.035980839282274246 -0.8825168609619141 0.08175413310527802 0.0949842631816864 -0.9913212656974792 0.09088427573442459 -0.7710089087486267 -0.8781278729438782 -0.12644106149673462 -0.4614151120185852 -1.8419189453125
0.46895039081573486 -0.03598897159099579 -0.8824909329414368 0.08173634856939316 0.09497785568237305 -0.9913206100463867 0.0908978283405304 -0.770967960357666 -0.8781028985977173 -0.12644366919994354 -0.46146199107170105 -1.8418970108032227
0.468977153301239 -0.036110665649175644 -0.8824717402458191 0.08176972717046738 0.09504860639572144 -0.9912974834442139 0.09107603877782822 -0.7709586024284363 -0.8780809640884399 -0.126590296626091 -0.4614635407924652 -1.8421629667282104
0.4689844250679016 -0.036127474159002304 -0.8824672102928162 0.08174752444028854 0.09504757076501846 -0.9912958145141602 0.09109555929899216 -0.7709022760391235 -0.8780771493911743 -0.1265987604856491 -0.4614684283733368 -1.8421517610549927
0.4692615866661072 -0.03613757714629173 -0.882319450378418 0.08181841671466827 0.0949467271566391 -0.9913051724433899 0.09109877049922943 -0.7710428237915039 -0.8779399991035461 -0.126522496342659 -0.46175023913383484 -1.8425023555755615
0.46935784816741943 -0.036186348646879196 -0.8822662234306335 0.08184412866830826 0.09509787708520889 -0.9912769198417664 0.09124867618083954 -0.7712095975875854 -0.8778721690177917 -0.12672993540763855 -0.4618223011493683 -1.8429352045059204
0.4693532884120941 -0.03619050979614258 -0.882268488407135 0.08183082193136215 0.09511931240558624 -0.9912734627723694 0.09126389026641846 -0.7711569666862488 -0.8778722882270813 -0.12675577402114868 -0.4618149995803833 -1.8429327011108398
0.4693370759487152 -0.03617746755480766 -0.8822776675224304 0.08180587738752365 0.09509851783514023 -0.9912780523300171 0.09123566001653671 -0.7711710333824158 -0.8778831958770752 -0.12672357261180878 -0.46180304884910583 -1.8426203727722168
0.4693606495857239 -0.036168843507766724 -0.8822654485702515 0.08179657906293869 0.09511739760637283 -0.9912758469581604 0.09123972803354263 -0.7711275219917297 -0.8778685331344604 -0.1267431378364563 -0.46182554960250854 -1.8426016569137573
0.4693413972854614 -0.036232855170965195 -0.8822730779647827 0.08170776069164276 0.0950455367565155 -0.9912799000740051 0.09127072244882584 -0.7709497809410095 -0.8778866529464722 -0.1266932487487793 -0.4618048667907715 -1.84197199344635
0.46933460235595703 -0.03628059849143028 -0.8822747468948364 0.0816931426525116 0.0950133353471756 -0.9912797212600708 0.09130632877349854 -0.7709082365036011 -0.8778937458992004 -0.12668108940124512 -0.4617946743965149 -1.841931700706482
0.4692164361476898 -0.036345627158880234 -0.8823348879814148 0.08165036886930466 0.09496758878231049 -0.9912813305854797 0.09133617579936981 -0.7707616686820984 -0.8779618740081787 -0.1266496479511261 -0.4616737961769104 -1.8414039611816406
0.46919628977775574 -0.03632242977619171 -0.8823465704917908 0.08169497549533844 0.09500333666801453 -0.991278886795044 0.09132564067840576 -0.7707229852676392 -0.8779687881469727 -0.12667551636695862 -0.46165356040000916 -1.8411705493927002
0.4691423177719116 -0.03629001975059509 -0.8823766112327576 0.08168940991163254 0.0950392410159111 -0.9912778735160828 0.09129935503005981 -0.7706885933876038 -0.8779937028884888 -0.12669280171394348 -0.4616013467311859 -1.8411048650741577
0.4693892300128937 -0.0362471267580986 -0.8822470307350159 0.08174115419387817 0.09505113214254379 -0.9912768602371216 0.0912974625825882 -0.7707632184028625 -0.877860426902771 -0.1267126351594925 -0.4618493318557739 -1.8413766622543335
0.4693767726421356 -0.03622397035360336 -0.8822546005249023 0.08173567801713943 0.09507618844509125 -0.9912758469581604 0.09128260612487793 -0.7707242965698242 -0.877864420413971 -0.12672734260559082 -0.4618377685546875 -1.8413209915161133
0.4692840576171875 -0.03625943884253502 -0.882302463054657 0.08175301551818848 0.09526631981134415 -0.9912461042404175 0.0914074182510376 -0.7707911133766174 -0.877893328666687 -0.1269497573375702 -0.46172165870666504 -1.8414424657821655
0.4692985415458679 -0.03625296428799629 -0.8822950720787048 0.08174893260002136 0.09526301920413971 -0.9912470579147339 0.09140075743198395 -0.7707480788230896 -0.8778859972953796 -0.12694433331489563 -0.46173718571662903 -1.8413751125335693
0.4691557288169861 -0.03638250753283501 -0.8823656439781189 0.08171317726373672 0.09534252434968948 -0.9912242293357849 0.09156488627195358 -0.7708138227462769 -0.8779536485671997 -0.12708516418933868 -0.4615696966648102 -1.84135103225708
0.4691564738750458 -0.03637394681572914 -0.8823656439781189 0.08169917017221451 0.09533347934484482 -0.9912264347076416 0.09155063331127167 -0.770774245262146 -0.8779542446136475 -0.1270705610513687 -0.4615725874900818 -1.841284990310669
0.4691464602947235 -0.036454882472753525 -0.8823676109313965 0.08173598349094391 0.09513036906719208 -0.9912475347518921 0.09153314679861069 -0.770858645439148 -0.8779816627502441 -0.126882404088974 -0.4615722596645355 -1.841543436050415
0.4691300094127655 -0.03646469488739967 -0.882375955581665 0.08172494173049927 0.09512025117874146 -0.9912482500076294 0.09153617918491364 -0.7708141803741455 -0.8779915571212769 -0.1268741935491562 -0.46155571937561035 -1.8414863348007202
0.46903195977211 -0.03658030927181244 -0.8824232816696167 0.08168474584817886 0.09504357725381851 -0.9912487864494324 0.09160984307527542 -0.7707571387290955 -0.8780522346496582 -0.1268366128206253 -0.46145060658454895 -1.8414489030838013
0.46905866265296936 -0.036444973200559616 -0.882414698600769 0.08178094029426575 0.09523706138134003 -0.9912344813346863 0.09156384319067001 -0.7708187699317932 -0.878017008304596 -0.12698739767074585 -0.4614761471748352 -1.841548204421997
0.4690561890602112 -0.03643720597028732 -0.882416307926178 0.08177889883518219 0.09524112194776535 -0.9912347197532654 0.0915568470954895 -0.7707667946815491 -0.8780178427696228 -0.12698763608932495 -0.4614744186401367 -1.8414851427078247
0.4690932333469391 -0.03639264032244682 -0.8823984861373901 0.0818246603012085 0.09532063454389572 -0.9912272691726685 0.09155459702014923 -0.7709814310073853 -0.8779894709587097 -0.12705843150615692 -0.46150898933410645 -1.8417569398880005
0.4691169261932373 -0.03636972978711128 -0.8823868036270142 0.08182056993246078 0.09532017260789871 -0.9912293553352356 0.09153247624635696 -0.7709429264068604 -0.8779768347740173 -0.12704870104789734 -0.46153566241264343 -1.841694951057434
0.4692300260066986 -0.036280494183301926 -0.8823303580284119 0.08184772729873657 0.09535282850265503 -0.9912322163581848 0.09146778285503387 -0.7710086107254028 -0.8779128193855286 -0.12705212831497192 -0.4616564214229584 -1.8420385122299194
0.469236820936203 -0.03630150109529495 -0.8823258876800537 0.08184440433979034 0.09533941745758057 -0.9912318587303162 0.09148544073104858 -0.77096027135849 -0.8779106736183167 -0.1270487755537033 -0.4616614878177643 -1.841988205909729
0.46915093064308167 -0.03629245609045029 -0.8823719024658203 0.08183373510837555 0.09541864693164825 -0.991222620010376 0.09150296449661255 -0.771028459072113 -0.877947986125946 -0.12712343037128448 -0.46156999468803406 -1.842267394065857
0.46915769577026367 -0.03630822151899338 -0.8823676705360413 0.08183137327432632 0.0954098328948021 -0.9912221431732178 0.0915171429514885 -0.7709714770317078 -0.8779453039169312 -0.12712252140045166 -0.46157529950141907 -1.8422213792800903
0.46915683150291443 -0.03625999763607979 -0.882370114326477 0.0817478746175766 0.0954430103302002 -0.9912223815917969 0.09148027002811432 -0.7711054086685181 -0.8779421448707581 -0.12713465094566345 -0.4615779519081116 -1.8424856662750244
0.46905145049095154 -0.03638215735554695 -0.8824211359024048 0.08173228800296783 0.09530942142009735 -0.9912306070327759 0.09153013676404953 -0.7712230086326599 -0.8780129551887512 -0.12703539431095123 -0.4614705443382263 -1.8423035144805908
0.46903204917907715 -0.03636571019887924 -0.8824321031570435 0.08171243965625763 0.09533736854791641 -0.9912285804748535 0.0915232002735138 -0.7711874842643738 -0.8780203461647034 -0.1270560622215271 -0.4614509046077728 -1.8422508239746094
0.4692378044128418 -0.03622931241989136 -0.8823283314704895 0.08174635469913483 0.0954374298453331 -0.9912251234054565 0.09145603328943253 -0.7711122035980225 -0.8778995275497437 -0.12712177634239197 -0.461662620306015 -1.8422409296035767
0.46922317147254944 -0.03622537478804588 -0.8823362588882446 0.081736259162426 0.09544185549020767 -0.9912251234054565 0.09145155549049377 -0.7710683941841125 -0.877906858921051 -0.12712299823760986 -0.4616483151912689 -1.842195987701416
0.46925562620162964 -0.036243636161088943 -0.8823182582855225 0.08171235024929047 0.0953577533364296 -0.9912349581718445 0.09143313020467758 -0.7710381746292114 -0.877898633480072 -0.12704139947891235 -0.4616864025592804 -1.8419784307479858
0.46942582726478577 -0.03627936914563179 -0.8822262287139893 0.0818261131644249 0.0953790619969368 -0.9912256002426147 0.09151215851306915 -0.7710750102996826 -0.8778053522109985 -0.12710407376289368 -0.4618465304374695 -1.8422096967697144
0.4694419503211975 -0.036272477358579636 -0.8822179436683655 0.08183430135250092 0.09538602828979492 -0.9912250638008118 0.09151070564985275 -0.7710247039794922 -0.877795934677124 -0.12711022794246674 -0.4618626832962036 -1.8421523571014404
0.4695144295692444 -0.036134906113147736 -0.8821850419044495 0.08192641288042068 0.09542828798294067 -0.9912320971488953 0.09139017015695572 -0.770958662033081 -0.8777526021003723 -0.12709441781044006 -0.4619494378566742 -1.8421074151992798
0.46936866641044617 -0.03609393909573555 -0.882264256477356 0.08186566084623337 0.095582976937294 -0.9912161231040955 0.09140180796384811 -0.7710626721382141 -0.8778136968612671 -0.12723058462142944 -0.46179577708244324 -1.8422224521636963
0.4693741798400879 -0.03609775751829147 -0.8822611570358276 0.08186809718608856 0.09558495879173279 -0.9912153482437134 0.09140803664922714 -0.771015465259552 -0.877810537815094 -0.12723547220230103 -0.4618004262447357 -1.8421684503555298
0.46926870942115784 -0.03608738258481026 -0.8823177218437195 0.08175975829362869 0.09563665091991425 -0.9912105202674866 0.09140639752149582 -0.7709081172943115 -0.8778613209724426 -0.12727607786655426 -0.46169278025627136 -1.8419125080108643
0.4692516326904297 -0.03609022498130798 -0.8823266625404358 0.08174788951873779 0.09565801918506622 -0.9912074208259583 0.09141804277896881 -0.7708473205566406 -0.877868115901947 -0.1272996962070465 -0.4616733193397522 -1.8418514728546143
0.46895158290863037 -0.03628971427679062 -0.8824779987335205 0.08170784264802933 0.09557023644447327 -0.9912039637565613 0.09154711663722992 -0.7708848118782043 -0.8780379891395569 -0.12726978957653046 -0.46135836839675903 -1.8417706489562988
0.46879521012306213 -0.03627333417534828 -0.8825617432594299 0.08169101178646088 0.09540817141532898 -0.9912314414978027 0.09141814708709717 -0.770929217338562 -0.878139078617096 -0.12705999612808228 -0.4612237513065338 -1.8419245481491089
0.4688546657562256 -0.036310434341430664 -0.8825286626815796 0.08175703883171082 0.09536102414131165 -0.9912335276603699 0.0914447084069252 -0.7709633708000183 -0.8781124949455261 -0.12703311443328857 -0.46128180623054504 -1.8417445421218872
0.46903592348098755 -0.036100827157497406 -0.8824409246444702 0.08182550966739655 0.0953415110707283 -0.9912553429603577 0.09122845530509949 -0.7711237668991089 -0.878017783164978 -0.12692266702651978 -0.4614923894405365 -1.8421974182128906
0.4690420627593994 -0.036131661385297775 -0.8824363946914673 0.08182366192340851 0.09530922025442123 -0.9912567138671875 0.09124712646007538 -0.771076500415802 -0.8780180215835571 -0.12690305709838867 -0.46149739623069763 -1.8421502113342285
0.46923932433128357 -0.036005374044179916 -0.8823366761207581 0.08182533830404282 0.09540490061044693 -0.9912530183792114 0.09118760377168655 -0.7709972262382507 -0.8779022097587585 -0.12696805596351624 -0.46169978380203247 -1.842108964920044
0.46923545002937317 -0.036000583320856094 -0.8823389410972595 0.08182206004858017 0.09540940821170807 -0.9912528991699219 0.09118395298719406 -0.770922064781189 -0.8779038190841675 -0.12697017192840576 -0.46169614791870117 -1.8420436382293701
0.46933090686798096 -0.03595157340168953 -0.8822901844978333 0.0818290188908577 0.09555526822805405 -0.9912354350090027 0.09122113883495331 -0.7709299921989441 -0.8778369426727295 -0.12712037563323975 -0.4617820084095001 -1.841952919960022
0.4693595767021179 -0.035960640758275986 -0.8822745680809021 0.08181965351104736 0.09556371718645096 -0.9912328720092773 0.09124042838811874 -0.7708701491355896 -0.8778206706047058 -0.12713800370693207 -0.4618080258369446 -1.8418909311294556
0.46935147047042847 -0.036056168377399445 -0.8822749257087708 0.08179041743278503 0.09518671780824661 -0.9912776350975037 0.09114811569452286 -0.7711562514305115 -0.8778659701347351 -0.12676136195659637 -0.46182548999786377 -1.842368721961975
0.4692003130912781 -0.03607698157429695 -0.8823544979095459 0.08179965615272522 0.09511763602495193 -0.9912877082824707 0.09111064672470093 -0.7714433670043945 -0.8779542446136475 -0.12667661905288696 -0.46168088912963867 -1.8426361083984375
0.4691614806652069 -0.03609292209148407 -0.8823744654655457 0.08178697526454926 0.09514525532722473 -0.9912826418876648 0.09113678336143494 -0.7714247107505798 -0.8779720067977905 -0.1267116218805313 -0.4616375267505646 -1.8425953388214111
0.4690909683704376 -0.03608891740441322 -0.8824121356010437 0.08177737891674042 0.09498919546604156 -0.9913066029548645 0.09103880822658539 -0.7712845802307129 -0.8780266046524048 -0.12652510404586792 -0.4615848660469055 -1.8422828912734985
0.4692414402961731 -0.035994600504636765 -0.8823360204696655 0.08182050287723541 0.09498114138841629 -0.9913152456283569 0.09095297008752823 -0.7714223265647888 -0.8779470324516296 -0.12648418545722961 -0.46174734830856323 -1.8426883220672607
0.4694296419620514 -0.03588300943374634 -0.8822404146194458 0.08183758705854416 0.09511919319629669 -0.9913040995597839 0.09093070030212402 -0.7713032364845276 -0.8778314590454102 -0.12660355865955353 -0.46193432807922363 -1.8426480293273926
0.46941736340522766 -0.03590872883796692 -0.8822458982467651 0.08183427900075912 0.09509574621915817 -0.9913049936294556 0.09094526618719101 -0.7712586522102356 -0.8778405785560608 -0.1265891194343567 -0.46192094683647156 -1.842618703842163
0.469437837600708 -0.035993702709674835 -0.8822315335273743 0.08188449591398239 0.09516213834285736 -0.9912863373756409 0.09107900410890579 -0.7714935541152954 -0.8778224587440491 -0.12671098113059998 -0.4619220197200775 -1.842907190322876
0.4694378077983856 -0.03598688170313835 -0.8822318315505981 0.08188485354185104 0.09517910331487656 -0.9912846088409424 0.09108026325702667 -0.77145916223526 -0.877820611000061 -0.12672655284404755 -0.46192121505737305 -1.8428764343261719
0.4695572853088379 -0.03595250844955444 -0.8821696639060974 0.08188537508249283 0.09524928778409958 -0.991276204586029 0.09109796583652496 -0.7713650465011597 -0.8777490854263306 -0.1268017441034317 -0.46203646063804626 -1.8428312540054321
0.46974754333496094 -0.03586561605334282 -0.8820719122886658 0.08186168968677521 0.09554237872362137 -0.9912399649620056 0.0911855697631836 -0.7712525129318237 -0.8776154518127441 -0.12710945308208466 -0.46220582723617554 -1.8427915573120117
0.46978774666786194 -0.03586995601654053 -0.8820503354072571 0.08184943348169327 0.09551548212766647 -0.9912428259849548 0.09118281304836273 -0.7711832523345947 -0.8775968551635742 -0.12708602845668793 -0.4622475206851959 -1.8427376747131348
0.46989890933036804 -0.035899121314287186 -0.8819898962974548 0.08188973367214203 0.09547878801822662 -0.9912434220314026 0.09121435880661011 -0.771358847618103 -0.8775413036346436 -0.12707285583019257 -0.4623565673828125 -1.8431233167648315
0.4699234664440155 -0.036061715334653854 -0.881970226764679 0.08186327666044235 0.09556490927934647 -0.9912137389183044 0.09144646674394608 -0.7712382078170776 -0.8775187730789185 -0.12725824117660522 -0.4623483121395111 -1.84291410446167
0.46991440653800964 -0.03606393188238144 -0.8819749355316162 0.081843301653862 0.09557688236236572 -0.9912119507789612 0.09145379066467285 -0.7711788415908813 -0.877522349357605 -0.1272718757390976 -0.46233782172203064 -1.8428716659545898
0.46982285380363464 -0.03612382709980011 -0.8820212483406067 0.08176791667938232 0.09563911706209183 -0.9911980628967285 0.09153895825147629 -0.7712126970291138 -0.877564549446106 -0.12736283242702484 -0.4622326195240021 -1.8427108526229858
0.4698465168476105 -0.03608609735965729 -0.8820102214813232 0.08173789829015732 0.09569942951202393 -0.9911928772926331 0.09153218567371368 -0.7711614966392517 -0.8775453567504883 -0.12741395831108093 -0.46225506067276 -1.8426626920700073
0.4698200225830078 -0.03609209135174751 -0.8820240497589111 0.08174785226583481 0.09541516751050949 -0.9912338852882385 0.0913848727941513 -0.7714027166366577 -0.8775904774665833 -0.12709292769432068 -0.4622577428817749 -1.842826247215271
0.4698386788368225 -0.03612431138753891 -0.8820128440856934 0.08172118663787842 0.0954270139336586 -0.9912285208702087 0.09143035858869553 -0.7713658809661865 -0.8775792121887207 -0.12712536752223969 -0.46227020025253296 -1.8427742719650269
0.46993210911750793 -0.035927824676036835 -0.8819710612297058 0.08182184398174286 0.09535930305719376 -0.9912572503089905 0.09118906408548355 -0.7716105580329895 -0.8775365352630615 -0.12695682048797607 -0.4623975157737732 -1.8433836698532104
0.4698447287082672 -0.03602215647697449 -0.882013738155365 0.08181877434253693 0.095246821641922 -0.991265058517456 0.09122161567211151 -0.7715665698051453 -0.8775955438613892 -0.12686900794506073 -0.46230965852737427 -1.8432592153549194
0.4698467254638672 -0.036024585366249084 -0.8820126056671143 0.08180897682905197 0.0952313244342804 -0.9912670254707336 0.09121650457382202 -0.7715268731117249 -0.8775961399078369 -0.12685300409793854 -0.46231284737586975 -1.8432244062423706
0.4698123037815094 -0.03609158471226692 -0.8820282220840454 0.08180023729801178 0.09512589126825333 -0.9912758469581604 0.09123067557811737 -0.7714420557022095 -0.8776260018348694 -0.12676501274108887 -0.4622803032398224 -1.842935562133789
0.46984395384788513 -0.036113426089286804 -0.8820104598999023 0.08179131895303726 0.09513138979673386 -0.9912723302841187 0.09126325696706772 -0.7713958621025085 -0.8776084780693054 -0.12678636610507965 -0.46230772137641907 -1.8428891897201538
0.4697493612766266 -0.03618980199098587 -0.8820577263832092 0.08178484439849854 0.09505659341812134 -0.9912766814231873 0.09129434078931808 -0.7713584899902344 -0.8776671886444092 -0.12673085927963257 -0.4622114300727844 -1.8427258729934692
0.46968400478363037 -0.0362960509955883 -0.8820881247520447 0.08182403445243835 0.09493918716907501 -0.9912835955619812 0.09134131669998169 -0.7713653445243835 -0.8777148723602295 -0.12664629518985748 -0.46214407682418823 -1.842713713645935
0.46968862414360046 -0.0362870879471302 -0.8820860385894775 0.08182255923748016 0.09491992741823196 -0.9912872314453125 0.09132184833288193 -0.7713168859481812 -0.8777145147323608 -0.12662038207054138 -0.4621519148349762 -1.8426671028137207
0.46986818313598633 -0.0363171361386776 -0.8819891810417175 0.0819358229637146 0.09494658559560776 -0.9912775754928589 0.09139879047870636 -0.7714137434959412 -0.8776155114173889 -0.12668724358081818 -0.46232154965400696 -1.8430633544921875
0.4698774814605713 -0.03633957728743553 -0.8819832801818848 0.08194401115179062 0.0949246883392334 -0.9912782907485962 0.09141398221254349 -0.7713621854782104 -0.8776128888130188 -0.12667536735534668 -0.46232977509498596 -1.843024492263794
0.46995458006858826 -0.03639202192425728 -0.8819400668144226 0.08200789242982864 0.09491848200559616 -0.9912725687026978 0.09148216247558594 -0.7716163992881775 -0.8775722980499268 -0.1267048716545105 -0.4623987674713135 -1.8436299562454224
0.47013822197914124 -0.03630441054701805 -0.8818457722663879 0.08193906396627426 0.09505715221166611 -0.9912588596343994 0.09148659557104111 -0.7716338634490967 -0.877458930015564 -0.1268371045589447 -0.4625776410102844 -1.8437618017196655
0.4701245129108429 -0.03629643842577934 -0.8818534016609192 0.08193736523389816 0.09506051987409592 -0.9912593960762024 0.0914771780371666 -0.771581768989563 -0.8774659037590027 -0.12683510780334473 -0.46256494522094727 -1.8437386751174927
0.46999141573905945 -0.03630125895142555 -0.8819241523742676 0.08187692612409592 0.09526082873344421 -0.9912319183349609 0.0915665328502655 -0.771518349647522 -0.8775154948234558 -0.1270483136177063 -0.46241235733032227 -1.843428373336792
0.47002601623535156 -0.03631458804011345 -0.881905198097229 0.08186354488134384 0.09523414820432663 -0.9912338852882385 0.0915730819106102 -0.771461546421051 -0.8774998188018799 -0.12702922523021698 -0.46244728565216064 -1.8433939218521118
0.46991321444511414 -0.03632718324661255 -0.8819647431373596 0.08180885016918182 0.09537763893604279 -0.9912135004997253 0.09164448827505112 -0.771416962146759 -0.877544641494751 -0.1271846741437912 -0.4623194932937622 -1.8431804180145264
0.4699248969554901 -0.03633866459131241 -0.8819580674171448 0.08178944885730743 0.0953839123249054 -0.9912112355232239 0.09166259318590164 -0.7713601589202881 -0.877537727355957 -0.12719915807247162 -0.46232864260673523 -1.843138575553894
0.4699869155883789 -0.036116670817136765 -0.8819341659545898 0.08179031312465668 0.09554415196180344 -0.9912101030349731 0.09150763601064682 -0.7711620330810547 -0.877487063407898 -0.12727104127407074 -0.4624049961566925 -1.8425428867340088
0.4700080454349518 -0.036125294864177704 -0.8819225430488586 0.08178050071001053 0.09552863240242004 -0.9912111759185791 0.09151259064674377 -0.7711029648780823 -0.8774774670600891 -0.1272605061531067 -0.46242615580558777 -1.8424745798110962
0.46977266669273376 -0.036240167915821075 -0.8820432424545288 0.08178935945034027 0.09551845490932465 -0.9912042617797852 0.09159796684980392 -0.771095871925354 -0.877604603767395 -0.12728163599967957 -0.4621790051460266 -1.842502474784851
0.46964532136917114 -0.036232274025678635 -0.8821113705635071 0.0817745253443718 0.09544340521097183 -0.991217851638794 0.09152883291244507 -0.7710049152374268 -0.8776808977127075 -0.12717780470848083 -0.46206265687942505 -1.8420450687408447
0.4696464240550995 -0.036222029477357864 -0.8821111917495728 0.08177098631858826 0.09546595066785812 -0.9912156462669373 0.09152937680482864 -0.770943284034729 -0.877677857875824 -0.1271980255842209 -0.46206286549568176 -1.8419562578201294
0.4696340262889862 -0.03615916520357132 -0.8821203708648682 0.08187448978424072 0.09556064009666443 -0.9912086129188538 0.09150656312704086 -0.7711723446846008 -0.8776741623878479 -0.12727057933807373 -0.4620498716831207 -1.842316746711731
0.4696246087551117 -0.03614940866827965 -0.8821257948875427 0.08188052475452423 0.09556279331445694 -0.9912094473838806 0.09149520099163055 -0.7712461948394775 -0.8776789903640747 -0.1272668093442917 -0.4620417654514313 -1.8423981666564941
0.46966415643692017 -0.03617018833756447 -0.8821038603782654 0.0818898156285286 0.09553883969783783 -0.9912101626396179 0.09151238203048706 -0.7711805701255798 -0.8776604533195496 -0.12725527584552765 -0.4620802104473114 -1.842296838760376
0.46968987584114075 -0.03605901449918747 -0.8820947408676147 0.08191877603530884 0.09549818933010101 -0.9912272095680237 0.09137023240327835 -0.7711596488952637 -0.8776510953903198 -0.1271541267633438 -0.4621257483959198 -1.842347502708435
0.4696991741657257 -0.03605033829808235 -0.882090151309967 0.08192172646522522 0.09550400078296661 -0.9912271499633789 0.09136506170034409 -0.7710994482040405 -0.8776454925537109 -0.12715722620487213 -0.46213558316230774 -1.8422746658325195
0.4697653651237488 -0.036077287048101425 -0.882053792476654 0.08194724470376968 0.0955316498875618 -0.9912193417549133 0.09142068773508072 -0.7712017297744751 -0.8776070475578308 -0.1272103190422058 -0.46219396591186523 -1.8426378965377808
0.46961265802383423 -0.03591340407729149 -0.8821417689323425 0.08186948299407959 0.0957963839173317 -0.9912002086639404 0.09135103225708008 -0.7712247967720032 -0.8776599168777466 -0.12740559875965118 -0.4620397388935089 -1.8426390886306763
0.469623863697052 -0.03588167950510979 -0.88213711977005 0.08185788244009018 0.0957699790596962 -0.9912071824073792 0.09130331873893738 -0.7711636424064636 -0.8776568174362183 -0.1273604780435562 -0.46205809712409973 -1.842573642730713
0.4697118103504181 -0.036016207188367844 -0.8820847868919373 0.08178447186946869 0.09564544260501862 -0.9912099838256836 0.09140324592590332 -0.771209716796875 -0.8776233196258545 -0.12730057537555695 -0.46213817596435547 -1.8425055742263794
0.46969401836395264 -0.035992927849292755 -0.882095217704773 0.08175751566886902 0.09566029906272888 -0.9912105202674866 0.09138201177120209 -0.7711498141288757 -0.8776312470436096 -0.1273030787706375 -0.46212249994277954 -1.842427372932434
0.46973916888237 -0.03587692230939865 -0.8820759057998657 0.08175285905599594 0.09575826674699783 -0.9912075996398926 0.09131060540676117 -0.7711177468299866 -0.877596378326416 -0.12735822796821594 -0.4621734917163849 -1.8422930240631104
0.4696010947227478 -0.03589750453829765 -0.8821485638618469 0.08171864598989487 0.09564208984375 -0.9912244081497192 0.09125005453824997 -0.7712222933769226 -0.8776829242706299 -0.12722165882587433 -0.46204668283462524 -1.842525839805603
0.46965262293815613 -0.035887911915779114 -0.8821215629577637 0.08168503642082214 0.09565931558609009 -0.9912221431732178 0.09125674515962601 -0.7711687684059143 -0.8776534795761108 -0.12724211812019348 -0.46209701895713806 -1.8424584865570068
0.46960097551345825 -0.035928837954998016 -0.8821473717689514 0.08169755339622498 0.09531442075967789 -0.9912685751914978 0.09111274778842926 -0.7712189555168152 -0.8777186870574951 -0.12686800956726074 -0.4620760977268219 -1.8423235416412354
0.4693610370159149 -0.0361289419233799 -0.8822668790817261 0.08172644674777985 0.095086470246315 -0.9912844300270081 0.09117869287729263 -0.7712705731391907 -0.8778716921806335 -0.12668737769126892 -0.4618348777294159 -1.8422985076904297
0.4693356156349182 -0.03613889962434769 -0.8822799921035767 0.0817081555724144 0.09510117024183273 -0.9912816882133484 0.09119348973035812 -0.7712326049804688 -0.8778836727142334 -0.12670621275901794 -0.46180689334869385 -1.8422213792800903
0.4693208336830139 -0.03613201528787613 -0.8822881579399109 0.08172652870416641 0.09500719606876373 -0.9912961721420288 0.09113392233848572 -0.7711465954780579 -0.8779017925262451 -0.12659476697444916 -0.4618030786514282 -1.8420671224594116
0.46932923793792725 -0.036135170608758926 -0.8822835683822632 0.0817064419388771 0.09496068954467773 -0.9913024306297302 0.09111436456441879 -0.7710983157157898 -0.8779023289680481 -0.12654489278793335 -0.4618157148361206 -1.841994047164917
0.46950146555900574 -0.03614501282572746 -0.88219153881073 0.08179344236850739 0.09484723210334778 -0.9913151860237122 0.09109361469745636 -0.7711597084999084 -0.8778225183486938 -0.12644201517105103 -0.4619956314563751 -1.8422486782073975
0.46917015314102173 -0.03636989742517471 -0.8823584914207458 0.0817682221531868 0.09489130228757858 -0.9912905097007751 0.09131582826375961 -0.7711138129234314 -0.8779948353767395 -0.12657080590724945 -0.46163269877433777 -1.8419699668884277
0.46918267011642456 -0.03636768460273743 -0.8823519349098206 0.08176471292972565 0.09488928318023682 -0.9912908673286438 0.09131430834531784 -0.7710676193237305 -0.8779883980751038 -0.12656883895397186 -0.46164554357528687 -1.8418923616409302
0.4693904519081116 -0.03634476289153099 -0.8822423815727234 0.08187667280435562 0.09486158192157745 -0.9912940859794617 0.0913076400756836 -0.7712514400482178 -0.877880334854126 -0.1265498399734497 -0.4618562161922455 -1.8425614833831787
0.46939629316329956 -0.036398015916347504 -0.8822370767593384 0.081885926425457 0.09484648704528809 -0.9912906885147095 0.09136047959327698 -0.7711979150772095 -0.8778787851333618 -0.12656135857105255 -0.4618558883666992 -1.8425055742263794
0.46945303678512573 -0.036300595849752426 -0.882210910320282 0.08179613947868347 0.09472474455833435 -0.9913174510002136 0.09119614213705063 -0.7711403369903564 -0.8778616189956665 -0.12637950479984283 -0.46193838119506836 -1.842235803604126
0.46946802735328674 -0.036281030625104904 -0.8822036981582642 0.08179241418838501 0.09474597126245499 -0.9913161993026733 0.09118775278329849 -0.7710851430892944 -0.8778513073921204 -0.12639498710632324 -0.4619537591934204 -1.842167615890503
0.46928873658180237 -0.036481525748968124 -0.8822908401489258 0.08178838342428207 0.09465573728084564 -0.9913111329078674 0.09133656322956085 -0.7710323333740234 -0.8779568672180176 -0.12637712061405182 -0.46175792813301086 -1.8421365022659302
0.46927717328071594 -0.03643765300512314 -0.8822988271713257 0.08178621530532837 0.09471263736486435 -0.9913076162338257 0.09131532907485962 -0.7709751129150391 -0.8779569268226624 -0.12641704082489014 -0.4617469012737274 -1.842077612876892
0.46917182207107544 -0.03639059141278267 -0.8823567628860474 0.08177875727415085 0.09466075897216797 -0.9913215637207031 0.09121812880039215 -0.7708427906036377 -0.878018856048584 -0.12632153928279877 -0.46165531873703003 -1.8415968418121338
0.4691808521747589 -0.036417555063962936 -0.8823508620262146 0.08178626745939255 0.0946488156914711 -0.9913203716278076 0.09124360233545303 -0.7707810401916504 -0.8780153393745422 -0.12632320821285248 -0.46166157722473145 -1.8415242433547974
0.4691408574581146 -0.03640187159180641 -0.8823727965354919 0.0817425474524498 0.09454472362995148 -0.9913375377655029 0.09116479009389877 -0.7707173228263855 -0.8780478835105896 -0.1261928230524063 -0.4616352617740631 -1.841318964958191
0.4691269099712372 -0.03643563389778137 -0.8823788166046143 0.08172827959060669 0.09442012012004852 -0.9913521409034729 0.09113496541976929 -0.7706900238990784 -0.878068745136261 -0.12606817483901978 -0.4616296589374542 -1.8412880897521973
0.46915391087532043 -0.036456070840358734 -0.8823636174201965 0.08172649145126343 0.0944015309214592 -0.9913523197174072 0.09115251153707504 -0.7706229090690613 -0.8780563473701477 -0.12606103718280792 -0.46165525913238525 -1.8412147760391235
0.4693373739719391 -0.03639005124568939 -0.8822687268257141 0.08179732412099838 0.09449969977140427 -0.991342306137085 0.09115955978631973 -0.7706547379493713 -0.8779476881027222 -0.1261587291955948 -0.4618350863456726 -1.8414270877838135
0.4693291187286377 -0.036384448409080505 -0.8822733759880066 0.08181296288967133 0.09453199803829193 -0.9913383722305298 0.09116893261671066 -0.7708224058151245 -0.8779486417770386 -0.12619130313396454 -0.4618244171142578 -1.8415238857269287
0.46935248374938965 -0.03639039397239685 -0.8822606801986694 0.08181383460760117 0.09452542662620544 -0.991338312625885 0.09117592126131058 -0.7707753777503967 -0.877936840057373 -0.126189723610878 -0.4618472456932068 -1.841461420059204
0.46910569071769714 -0.036257315427064896 -0.8823974132537842 0.08180530369281769 0.09446581453084946 -0.9913643002510071 0.0909552276134491 -0.7710012197494507 -0.8780751824378967 -0.1260240077972412 -0.4616295099258423 -1.8415590524673462
0.46936550736427307 -0.03617001324892044 -0.8822628259658813 0.08181235939264297 0.09460440278053284 -0.9913495182991028 0.0909719467163086 -0.771011471748352 -0.8779214024543762 -0.12616504728794098 -0.46188339591026306 -1.8417072296142578
0.4693191945552826 -0.03615475445985794 -0.8822880983352661 0.0818110927939415 0.09459877014160156 -0.9913526177406311 0.09094436466693878 -0.7709761261940002 -0.8779467344284058 -0.12614530324935913 -0.46184056997299194 -1.841657042503357
0.46940115094184875 -0.03613909333944321 -0.8822451233863831 0.08187874406576157 0.09462030977010727 -0.9913499355316162 0.0909513309597969 -0.7710120677947998 -0.8779006004333496 -0.12617096304893494 -0.4619212746620178 -1.8419002294540405
0.46968594193458557 -0.035891640931367874 -0.8821036219596863 0.08183446526527405 0.09467212855815887 -0.9913637638092041 0.09074652194976807 -0.7711308002471924 -0.8777427077293396 -0.126132994890213 -0.4622316360473633 -1.8423892259597778
0.4695756137371063 -0.03597594425082207 -0.8821589350700378 0.0818822905421257 0.09468495845794678 -0.9913548827171326 0.09083019942045212 -0.7712780833244324 -0.8778003454208374 -0.1261788308620453 -0.46210965514183044 -1.8426663875579834
0.4694451093673706 -0.0360105037689209 -0.8822270035743713 0.08186063915491104 0.09453283995389938 -0.9913750886917114 0.09076789766550064 -0.7715100646018982 -0.8778865337371826 -0.1260099709033966 -0.46199196577072144 -1.8433276414871216
0.4691444933414459 -0.03609953448176384 -0.8823832273483276 0.08182942122220993 0.09459232538938522 -0.9913617968559265 0.09085073322057724 -0.7714745402336121 -0.8780407905578613 -0.12608881294727325 -0.4616771638393402 -1.8431403636932373
0.46911677718162537 -0.03615149110555649 -0.88239586353302 0.08178764581680298 0.0945192500948906 -0.9913673400878906 0.09086621552705765 -0.7714098691940308 -0.8780634999275208 -0.12603026628494263 -0.46164998412132263 -1.8428335189819336
0.4691048264503479 -0.036148276180028915 -0.8824023604393005 0.0817808210849762 0.09448494017124176 -0.99137282371521 0.09084263443946838 -0.7713838815689087 -0.8780735731124878 -0.1259884536266327 -0.46164223551750183 -1.8428165912628174
0.4690386950969696 -0.03613893687725067 -0.8824378848075867 0.0817703977227211 0.09444356709718704 -0.9913806915283203 0.0907997339963913 -0.7712389826774597 -0.8781133890151978 -0.12592917680740356 -0.461582750082016 -1.842394232749939
0.4690263271331787 -0.03629157319664955 -0.8824381828308105 0.08178595453500748 0.09426570683717728 -0.9913906455039978 0.09087573736906052 -0.7712447643280029 -0.878139078617096 -0.1258067786693573 -0.461567223072052 -1.842509388923645
0.469054251909256 -0.03629272058606148 -0.8824232816696167 0.08177195489406586 0.0942373126745224 -0.9913941621780396 0.09086659550666809 -0.7712078094482422 -0.8781272172927856 -0.12577857077121735 -0.4615975022315979 -1.8424980640411377
0.46901991963386536 -0.03630620241165161 -0.882440984249115 0.08173657953739166 0.094192735850811 -0.9913996458053589 0.09085278958082199 -0.7711617946624756 -0.8781503438949585 -0.12573130428791046 -0.46156638860702515 -1.8423194885253906
0.4690937101840973 -0.03636981546878815 -0.8823991417884827 0.08179005235433578 0.09435727447271347 -0.9913684725761414 0.09102262556552887 -0.771098256111145 -0.8780932426452637 -0.12595891952514648 -0.46161291003227234 -1.8423972129821777
0.4690929651260376 -0.036374177783727646 -0.8823993802070618 0.08178398013114929 0.0943436548113823 -0.9913699626922607 0.09102024883031845 -0.7710416913032532 -0.8780950903892517 -0.12594573199748993 -0.4616129398345947 -1.842376470565796
0.4692574143409729 -0.03630948066711426 -0.8823145627975464 0.08188272267580032 0.09444790333509445 -0.9913592338562012 0.09102888405323029 -0.7709682583808899 -0.877996027469635 -0.126048743724823 -0.4617732763290405 -1.84209406375885
0.4692697525024414 -0.03628344461321831 -0.882309079170227 0.08188971877098083 0.09448513388633728 -0.991356372833252 0.09102120250463486 -0.770914614200592 -0.877985417842865 -0.12607859075069427 -0.46178528666496277 -1.8420590162277222
0.46926984190940857 -0.036228422075510025 -0.8823112845420837 0.08192599564790726 0.09470396488904953 -0.991330623626709 0.09107449650764465 -0.7711652517318726 -0.8779618144035339 -0.12629689276218414 -0.46177056431770325 -1.8426954746246338
0.4692334532737732 -0.03629554063081741 -0.8823279142379761 0.08179816603660583 0.09469164907932281 -0.9913260340690613 0.09113754332065582 -0.771163284778595 -0.8779825568199158 -0.12631386518478394 -0.4617263972759247 -1.842576265335083
0.46920210123062134 -0.036276768893003464 -0.8823453783988953 0.08178529888391495 0.09470672905445099 -0.9913262724876404 0.09111931174993515 -0.7711110711097717 -0.8779976963996887 -0.12631741166114807 -0.46169665455818176 -1.8425542116165161
0.4691982567310333 -0.0363147109746933 -0.8823458552360535 0.0817490741610527 0.09464912861585617 -0.9913306832313538 0.09113103896379471 -0.7710824608802795 -0.8780059814453125 -0.1262717992067337 -0.4616934061050415 -1.8423359394073486
0.469051331281662 -0.03636923432350159 -0.8824217319488525 0.08178504556417465 0.09457055479288101 -0.9913384914398193 0.09112724661827087 -0.7711951732635498 -0.8780929446220398 -0.12619447708129883 -0.46154913306236267 -1.8423869609832764
0.46909141540527344 -0.0363982617855072 -0.8823992013931274 0.08180870115756989 0.09462720900774002 -0.9913267493247986 0.09119611233472824 -0.7711937427520752 -0.8780654072761536 -0.12627829611301422 -0.4615785777568817 -1.8423447608947754
0.4690680503845215 -0.03640124946832657 -0.8824114799499512 0.08180399239063263 0.09458941966295242 -0.9913322329521179 0.09117583185434341 -0.7711473107337952 -0.8780819773674011 -0.12623445689678192 -0.4615590572357178 -1.84230637550354
0.4690191447734833 -0.03650231659412384 -0.8824333548545837 0.08179238438606262 0.0947590246796608 -0.9912981390953064 0.0913706123828888 -0.771076500415802 -0.8780898451805115 -0.1264730840921402 -0.4614787995815277 -1.8421653509140015
0.46925410628318787 -0.036472540348768234 -0.88230961561203 0.08187016099691391 0.09480778127908707 -0.9912906885147095 0.09140082448720932 -0.7711138725280762 -0.8779590129852295 -0.12654003500938416 -0.46170929074287415 -1.8423991203308105
