# 3x4 first row second row third row Freq: 100 current Time: 2021-07-31-13:07:12
-0.2954087555408478 0.49862897396087646 -0.8149250149726868 0.09324614703655243 0.5588752031326294 -0.6016240119934082 -0.5707074999809265 -0.4828052222728729 -0.7748497724533081 -0.6240333914756775 -0.100946344435215 -1.659254789352417
-0.29544177651405334 0.4985485076904297 -0.8149622678756714 0.09316932410001755 0.558864414691925 -0.6016703844070435 -0.5706691145896912 -0.4828268587589264 -0.7748449444770813 -0.6240529417991638 -0.10086244344711304 -1.65910804271698
-0.29544901847839355 0.49857571721076965 -0.8149430155754089 0.09317633509635925 0.5589021444320679 -0.6016168594360352 -0.5706886053085327 -0.48287221789360046 -0.7748149633407593 -0.6240828037261963 -0.10090791434049606 -1.659171462059021
-0.29546505212783813 0.49862560629844666 -0.814906656742096 0.09318560361862183 0.5588994026184082 -0.6015751361846924 -0.5707353353500366 -0.4828570783138275 -0.7748108506202698 -0.6240831613540649 -0.10093707591295242 -1.6593090295791626
-0.2954944372177124 0.49858909845352173 -0.8149183392524719 0.09319189190864563 0.5588651895523071 -0.6016116142272949 -0.5707302689552307 -0.48290368914604187 -0.7748242616653442 -0.6240771412849426 -0.10087119042873383 -1.6593754291534424
-0.2955091595649719 0.49858933687210083 -0.8149128556251526 0.09312739223241806 0.5587975382804871 -0.6016576886177063 -0.5707480311393738 -0.4829186499118805 -0.7748674750328064 -0.6240325570106506 -0.10081511735916138 -1.6593941450119019
-0.2954711318016052 0.4985942542552948 -0.8149236440658569 0.0931246355175972 0.5588343739509583 -0.6016460061073303 -0.5707242488861084 -0.48296329379081726 -0.7748554348945618 -0.624039888381958 -0.1008625477552414 -1.6594642400741577
-0.295503705739975 0.4986068308353424 -0.8149041533470154 0.09313976019620895 0.5588484406471252 -0.6016075015068054 -0.5707510709762573 -0.4827459156513214 -0.7748328447341919 -0.624066948890686 -0.10086837410926819 -1.6591492891311646
-0.29550090432167053 0.49851593375205994 -0.814960777759552 0.09321358054876328 0.5587947964668274 -0.6017159223556519 -0.5706892609596252 -0.48280981183052063 -0.7748726010322571 -0.6240350604057312 -0.10076048970222473 -1.6592401266098022
-0.29549679160118103 0.49853554368019104 -0.8149502277374268 0.09322985261678696 0.5588497519493103 -0.6016602516174316 -0.5706941485404968 -0.4828490912914276 -0.7748345136642456 -0.6240730881690979 -0.10081775486469269 -1.6592987775802612
-0.29555055499076843 0.4985402226448059 -0.814927875995636 0.09318379312753677 0.5587297081947327 -0.6017233729362488 -0.5707451701164246 -0.4827822148799896 -0.7749006152153015 -0.6240084767341614 -0.10070953518152237 -1.6592234373092651
-0.29555943608283997 0.4985128343105316 -0.8149414658546448 0.09318526834249496 0.5587316751480103 -0.6017359495162964 -0.5707299709320068 -0.4828140437602997 -0.7748957872390747 -0.6240182518959045 -0.10068614035844803 -1.6592875719070435
-0.2954830825328827 0.49849048256874084 -0.8149827718734741 0.0930955708026886 0.558742105960846 -0.6017862558364868 -0.5706667304039001 -0.4827515184879303 -0.7749174237251282 -0.6239875555038452 -0.1007099375128746 -1.6590319871902466
-0.2954677939414978 0.4985220730304718 -0.814969003200531 0.09309720993041992 0.5588139295578003 -0.6017149090766907 -0.5706716179847717 -0.4826938807964325 -0.7748714089393616 -0.6240311861038208 -0.10079368203878403 -1.6588643789291382
-0.29544371366500854 0.4985449016094208 -0.8149637579917908 0.09309041500091553 0.558824896812439 -0.6017037034034729 -0.5706727504730225 -0.4827246367931366 -0.7748727202415466 -0.6240237355232239 -0.10082970559597015 -1.658921480178833
-0.295444518327713 0.4985184073448181 -0.8149796724319458 0.09310172498226166 0.5587283968925476 -0.6017994284629822 -0.5706661939620972 -0.4827457368373871 -0.7749419808387756 -0.6239525079727173 -0.100738026201725 -1.6590328216552734
-0.2954176366329193 0.49852749705314636 -0.8149838447570801 0.09309025853872299 0.5587451457977295 -0.6017947793006897 -0.5706547498703003 -0.48278942704200745 -0.7749401330947876 -0.6239497661590576 -0.10076902061700821 -1.659108281135559
-0.29535526037216187 0.4986056089401245 -0.8149586915969849 0.09315173327922821 0.558739185333252 -0.6017800569534302 -0.5706761479377747 -0.4827542006969452 -0.7749682068824768 -0.6239015460014343 -0.10085157305002213 -1.6590683460235596
-0.29531723260879517 0.49854907393455505 -0.8150070309638977 0.09310829639434814 0.5587624311447144 -0.6018223166465759 -0.5706087946891785 -0.4826551377773285 -0.7749659419059753 -0.6239059567451477 -0.10084197670221329 -1.6587680578231812
-0.2952866852283478 0.4985554814338684 -0.8150142431259155 0.09310334175825119 0.5587685704231262 -0.6018301844596863 -0.5705944895744324 -0.48268458247184753 -0.7749731540679932 -0.6238933205604553 -0.10086467862129211 -1.6588258743286133
-0.29526370763778687 0.49854910373687744 -0.8150264620780945 0.09309296309947968 0.5588086843490601 -0.6018152832984924 -0.5705709457397461 -0.48271986842155457 -0.7749530076980591 -0.6239127516746521 -0.1008993461728096 -1.658881425857544
-0.295122891664505 0.4986288249492645 -0.8150286674499512 0.09309539198875427 0.5588347911834717 -0.601817786693573 -0.5705426931381226 -0.4825499355792999 -0.7749878168106079 -0.6238465905189514 -0.10104091465473175 -1.6584705114364624
-0.29510703682899475 0.49871569871902466 -0.81498122215271 0.09312113374471664 0.5588160753250122 -0.6017810106277466 -0.5705998539924622 -0.4828256666660309 -0.7750073671340942 -0.6238126754760742 -0.10110049694776535 -1.6590629816055298
-0.2950041890144348 0.4987145662307739 -0.8150191903114319 0.09310061484575272 0.5588975548744202 -0.6017741560935974 -0.5705272555351257 -0.4827832877635956 -0.7749877572059631 -0.6238201856613159 -0.10120441764593124 -1.6588550806045532
-0.29496169090270996 0.49868255853652954 -0.815054178237915 0.0931093618273735 0.5589367747306824 -0.6017889380455017 -0.5704732537269592 -0.4829443395137787 -0.7749756574630737 -0.6238315105438232 -0.10122732073068619 -1.6593027114868164
-0.29496216773986816 0.4986938536167145 -0.8150470852851868 0.09309910237789154 0.5589636564254761 -0.6017590761184692 -0.5704783797264099 -0.4830012023448944 -0.7749560475349426 -0.6238512396812439 -0.10125555098056793 -1.6593669652938843
-0.2949469983577728 0.4987024962902069 -0.8150472640991211 0.09310474246740341 0.5589984059333801 -0.6017336249351501 -0.5704712271690369 -0.48274102807044983 -0.7749367952346802 -0.6238688826560974 -0.10129433870315552 -1.6588891744613647
-0.294960618019104 0.4986706078052521 -0.8150618672370911 0.09312868863344193 0.5589923858642578 -0.6017531752586365 -0.5704565048217773 -0.4827026426792145 -0.7749359607696533 -0.6238755583763123 -0.10125955194234848 -1.6589256525039673
-0.2949790358543396 0.4987010359764099 -0.8150365948677063 0.09312768280506134 0.5589940547943115 -0.6017200946807861 -0.5704897046089172 -0.48272380232810974 -0.7749276757240295 -0.6238831281661987 -0.10127608478069305 -1.6589596271514893
-0.29489120841026306 0.4989106059074402 -0.8149400949478149 0.09311797469854355 0.5590267777442932 -0.6015965938568115 -0.5705879330635071 -0.48285970091819763 -0.7749375700950623 -0.6238347291946411 -0.1014987900853157 -1.6592551469802856
-0.2948826253414154 0.49889668822288513 -0.8149517178535461 0.09310868382453918 0.5590083599090576 -0.6016259789466858 -0.5705749988555908 -0.4829055964946747 -0.774954080581665 -0.623817503452301 -0.10147833079099655 -1.6593259572982788
-0.29494065046310425 0.4988759756088257 -0.8149433732032776 0.09317676723003387 0.5589902997016907 -0.6016222834587097 -0.5705965161323547 -0.4828316867351532 -0.7749450206756592 -0.6238375902175903 -0.1014239490032196 -1.6591989994049072
-0.29490792751312256 0.49884647130966187 -0.8149732947349548 0.09317789226770401 0.5589874982833862 -0.6016635894775391 -0.5705556869506836 -0.48287078738212585 -0.7749595046043396 -0.6238213181495667 -0.1014135554432869 -1.659264087677002
-0.29484879970550537 0.4989781081676483 -0.8149141073226929 0.09313669055700302 0.5590503215789795 -0.6015542149543762 -0.5706095099449158 -0.4829505980014801 -0.7749366760253906 -0.623821496963501 -0.10158628970384598 -1.6594492197036743
-0.29489076137542725 0.49880319833755493 -0.8150060176849365 0.09318497031927109 0.5589843392372131 -0.6017061471939087 -0.5705139636993408 -0.48289379477500916 -0.7749683260917664 -0.6238149404525757 -0.10138558596372604 -1.6594798564910889
-0.2948969900608063 0.4987972378730774 -0.8150073885917664 0.09318439662456512 0.5589811205863953 -0.6017093658447266 -0.5705136656761169 -0.48293808102607727 -0.7749682664871216 -0.6238165497779846 -0.10137593746185303 -1.6595540046691895
-0.29473498463630676 0.4989117383956909 -0.8149958848953247 0.09313108026981354 0.5591382384300232 -0.6015940308570862 -0.5704813599586487 -0.4828767478466034 -0.7749165296554565 -0.6238362193107605 -0.10164978355169296 -1.6592432260513306
-0.29469433426856995 0.4988935887813568 -0.8150216937065125 0.09311831742525101 0.559156060218811 -0.601615309715271 -0.5704414248466492 -0.4829234182834625 -0.7749191522598267 -0.6238301992416382 -0.10166674107313156 -1.6593031883239746
-0.294657438993454 0.49896878004074097 -0.8149890303611755 0.09312698990106583 0.5591003894805908 -0.601628303527832 -0.5704823136329651 -0.4830271899700165 -0.7749733328819275 -0.623757541179657 -0.10169936716556549 -1.659767746925354
-0.2946159243583679 0.499038428068161 -0.8149613738059998 0.09311583638191223 0.5590790510177612 -0.6016201376914978 -0.5705118775367737 -0.48307695984840393 -0.7750045657157898 -0.6237097382545471 -0.10175502300262451 -1.6598505973815918
-0.2946891188621521 0.49887871742248535 -0.8150327205657959 0.09319794923067093 0.5590874552726746 -0.6016839146614075 -0.5704363584518433 -0.4829859435558319 -0.7749706506729126 -0.6237759590148926 -0.10160712152719498 -1.6596680879592896
-0.29474198818206787 0.49887412786483765 -0.8150163888931274 0.0932045504450798 0.5590938329696655 -0.601652204990387 -0.5704635381698608 -0.4830355942249298 -0.7749459147453308 -0.6238102316856384 -0.1015852615237236 -1.6597397327423096
-0.2947183847427368 0.4988273084163666 -0.8150535821914673 0.09323538094758987 0.5590112209320068 -0.6017647385597229 -0.570425808429718 -0.48296448588371277 -0.7750145196914673 -0.6237390637397766 -0.10149890184402466 -1.6596750020980835
-0.29478105902671814 0.49885082244873047 -0.815016508102417 0.09320256114006042 0.5590599179267883 -0.6016737818717957 -0.5704740285873413 -0.48306092619895935 -0.7749555706977844 -0.6238080263137817 -0.1015254333615303 -1.6598913669586182
-0.29476654529571533 0.4988722801208496 -0.8150086402893066 0.09320715814828873 0.5590693950653076 -0.60165935754776 -0.5704799890518188 -0.4831053912639618 -0.7749542593955994 -0.6238048076629639 -0.10155512392520905 -1.6599620580673218
-0.29470202326774597 0.49897342920303345 -0.814970076084137 0.09317667037248611 0.5590023398399353 -0.6016788482666016 -0.5705251097679138 -0.48323288559913635 -0.7750271558761597 -0.6237050890922546 -0.10161131620407104 -1.660388469696045
-0.29483476281166077 0.4989263713359833 -0.8149508833885193 0.093181312084198 0.5589999556541443 -0.601638913154602 -0.5705695748329163 -0.48302462697029114 -0.7749783992767334 -0.6237812638282776 -0.10151570290327072 -1.6598410606384277
-0.29482802748680115 0.4989511966705322 -0.8149381279945374 0.09321408718824387 0.5589908957481384 -0.6016325950622559 -0.5705850720405579 -0.4831474721431732 -0.7749874591827393 -0.6237674951553345 -0.1015310063958168 -1.6600786447525024
-0.2949410080909729 0.4988497197628021 -0.8149593472480774 0.0932171642780304 0.5589577555656433 -0.6016666293144226 -0.5705816149711609 -0.48307159543037415 -0.7749683856964111 -0.6238157749176025 -0.10137972235679626 -1.6598864793777466
-0.2949597239494324 0.49886760115623474 -0.8149416446685791 0.09322827309370041 0.5589661598205566 -0.6016368269920349 -0.5706048607826233 -0.4831171929836273 -0.7749552130699158 -0.623830258846283 -0.10139146447181702 -1.659956693649292
-0.2949730455875397 0.4990270733833313 -0.8148391246795654 0.09318330883979797 0.5589012503623962 -0.6015698909759521 -0.5707390308380127 -0.4829441010951996 -0.7749969363212585 -0.6237672567367554 -0.10145992040634155 -1.6596497297286987
-0.2949870824813843 0.49901941418647766 -0.8148387670516968 0.0931880921125412 0.5589267015457153 -0.6015468239784241 -0.5707383751869202 -0.48298612236976624 -0.7749732136726379 -0.6237956285476685 -0.10146668553352356 -1.6597154140472412
-0.29505205154418945 0.498963862657547 -0.8148492574691772 0.09317651391029358 0.5588780641555786 -0.6015883088111877 -0.5707423090934753 -0.48283764719963074 -0.7749835848808289 -0.6238000392913818 -0.10136004537343979 -1.6593552827835083
-0.2950458526611328 0.4989348351955414 -0.8148692846298218 0.09314240515232086 0.5588991641998291 -0.6015951633453369 -0.5707144141197205 -0.48267242312431335 -0.7749707102775574 -0.6238166689872742 -0.10135608166456223 -1.6589256525039673
-0.2950417995452881 0.4989453852176666 -0.8148642778396606 0.09314288198947906 0.5589383840560913 -0.6015584468841553 -0.5707147121429443 -0.48271092772483826 -0.774944007396698 -0.6238436102867126 -0.10139479488134384 -1.6589760780334473
-0.2950705289840698 0.49889782071113586 -0.8148829936981201 0.09317123144865036 0.5588256120681763 -0.6016663908958435 -0.5707113742828369 -0.4828433692455292 -0.7750144004821777 -0.6237776279449463 -0.10126282274723053 -1.6593694686889648
-0.2950665354728699 0.4988700747489929 -0.8149014711380005 0.09317170083522797 0.5588306188583374 -0.601684033870697 -0.5706878900527954 -0.4828896224498749 -0.7750123143196106 -0.623782753944397 -0.10124701261520386 -1.6594362258911133
-0.29506880044937134 0.49884119629859924 -0.8149182796478271 0.09321169555187225 0.5588282942771912 -0.6017047762870789 -0.5706682205200195 -0.4828832447528839 -0.7750130891799927 -0.6237857937812805 -0.10122225433588028 -1.659409523010254
-0.2950470447540283 0.4988457262516022 -0.8149234056472778 0.09322074800729752 0.5588616132736206 -0.6016870737075806 -0.5706542730331421 -0.4829297363758087 -0.774997353553772 -0.6237992644309998 -0.10125969350337982 -1.6594774723052979
-0.2949894368648529 0.49903932213783264 -0.814825713634491 0.0931721180677414 0.5588997602462769 -0.6015532612800598 -0.5707579851150513 -0.4829116761684418 -0.7749917507171631 -0.6237735152244568 -0.10146109759807587 -1.6594583988189697
-0.2949844300746918 0.4990122616291046 -0.8148441314697266 0.09317250549793243 0.5588977932929993 -0.6015766263008118 -0.5707352757453918 -0.4829554855823517 -0.7749950885772705 -0.6237726211547852 -0.10144109278917313 -1.6595227718353271
-0.2950560748577118 0.4990606904029846 -0.8147885203361511 0.09320209175348282 0.5587673783302307 -0.6016072630882263 -0.5708306431770325 -0.4829411804676056 -0.775061845779419 -0.6237043142318726 -0.10135092586278915 -1.6596076488494873
-0.29509809613227844 0.4990113377571106 -0.8148034811019897 0.09319641441106796 0.5586762428283691 -0.601691484451294 -0.5708311200141907 -0.48293980956077576 -0.7751115560531616 -0.6236625909805298 -0.1012277603149414 -1.6596143245697021
-0.29507729411125183 0.499005526304245 -0.8148146271705627 0.09320023655891418 0.5587086081504822 -0.6016812324523926 -0.5708101987838745 -0.4829864203929901 -0.7750961184501648 -0.6236770749092102 -0.10125618427991867 -1.6596838235855103
-0.29510611295700073 0.49893438816070557 -0.8148477673530579 0.09321868419647217 0.5586899518966675 -0.6017298698425293 -0.5707772374153137 -0.4829217493534088 -0.7750986218452454 -0.6236871480941772 -0.10117544233798981 -1.6596214771270752
-0.29510682821273804 0.4989342987537384 -0.8148475289344788 0.09322679042816162 0.5587064623832703 -0.6017162203788757 -0.5707754492759705 -0.4829650819301605 -0.7750864624977112 -0.6237003207206726 -0.10118722170591354 -1.6596935987472534
-0.29500091075897217 0.49913737177848816 -0.8147615194320679 0.09321035444736481 0.5586760640144348 -0.6016581058502197 -0.5708664655685425 -0.4830867350101471 -0.7751486897468567 -0.6235939264297485 -0.10136638581752777 -1.6599888801574707
-0.29497745633125305 0.49911847710609436 -0.8147815465927124 0.09321391582489014 0.5587107539176941 -0.6016566753387451 -0.5708340406417847 -0.48313453793525696 -0.7751325964927673 -0.6236104369163513 -0.10138768702745438 -1.6600664854049683
-0.2950632870197296 0.49905306100845337 -0.8147905468940735 0.0932062417268753 0.5587102770805359 -0.6016545295715332 -0.5708367824554443 -0.4831429421901703 -0.7751002907752991 -0.6236648559570312 -0.10129989683628082 -1.6599161624908447
-0.295143187046051 0.49911174178123474 -0.8147256970405579 0.09319569915533066 0.5586636662483215 -0.6016058325767517 -0.5709336400032043 -0.48293009400367737 -0.7751034498214722 -0.6236648559570312 -0.10127570480108261 -1.6596425771713257
-0.29515019059181213 0.4990959167480469 -0.8147328495979309 0.09319169074296951 0.5586758255958557 -0.6016032099723816 -0.5709245800971985 -0.482972651720047 -0.7750920653343201 -0.623680055141449 -0.10126948356628418 -1.6597204208374023
-0.2950969636440277 0.49901261925697327 -0.8148031234741211 0.09320643544197083 0.5586525201797485 -0.601710319519043 -0.5708344578742981 -0.4829868972301483 -0.7751290798187256 -0.6236433386802673 -0.10121172666549683 -1.659719467163086
-0.2950998842716217 0.49900004267692566 -0.8148097991943359 0.09320662170648575 0.5586954355239868 -0.6016829609870911 -0.5708213448524475 -0.4830131232738495 -0.7750970125198364 -0.6236798167228699 -0.10123244673013687 -1.6597586870193481
-0.29503175616264343 0.49901244044303894 -0.8148268461227417 0.09316861629486084 0.558704137802124 -0.6017056703567505 -0.5707888603210449 -0.48309192061424255 -0.7751167416572571 -0.6236479878425598 -0.10127800703048706 -1.6598711013793945
-0.2950194776058197 0.49900174140930176 -0.8148378729820251 0.09316030144691467 0.5587370991706848 -0.6016935706138611 -0.5707693696022034 -0.48314616084098816 -0.7750976085662842 -0.6236681938171387 -0.10129941999912262 -1.65994393825531
-0.29496416449546814 0.49904710054397583 -0.8148300647735596 0.09316656738519669 0.558740496635437 -0.6016902327537537 -0.5707695484161377 -0.48298653960227966 -0.7751162052154541 -0.6236351728439331 -0.1013607457280159 -1.659623146057129
-0.29499539732933044 0.499002605676651 -0.8148460388183594 0.09317656606435776 0.5587673783302307 -0.6016821265220642 -0.5707517266273499 -0.48285719752311707 -0.775084912776947 -0.6236785650253296 -0.1013329029083252 -1.6593953371047974
-0.29498720169067383 0.49899744987487793 -0.8148521780967712 0.09318020939826965 0.55877286195755 -0.6016860008239746 -0.5707423686981201 -0.48289600014686584 -0.7750841379165649 -0.623678982257843 -0.1013365387916565 -1.6594561338424683
-0.29494529962539673 0.4990301728248596 -0.8148472905158997 0.09323890507221222 0.5587420463562012 -0.6017114520072937 -0.5707456469535828 -0.4829159677028656 -0.7751222848892212 -0.6236281991004944 -0.10135713964700699 -1.6597095727920532
-0.29496002197265625 0.4989905059337616 -0.8148662447929382 0.09324739128351212 0.5587467551231384 -0.6017271280288696 -0.5707244873046875 -0.4829491674900055 -0.7751132845878601 -0.6236448287963867 -0.10132386535406113 -1.6597729921340942
-0.2950337827205658 0.4989502429962158 -0.8148642182350159 0.09321330487728119 0.5586720108985901 -0.6017739772796631 -0.5707483291625977 -0.4829241931438446 -0.7751390933990479 -0.6236318945884705 -0.10120586305856705 -1.659780502319336
-0.2950916886329651 0.49901655316352844 -0.8148026466369629 0.09317850321531296 0.5586361885070801 -0.6017236709594727 -0.5708363652229309 -0.48294249176979065 -0.7751428484916687 -0.6236273646354675 -0.10120502859354019 -1.659764051437378
-0.2950819432735443 0.4990133047103882 -0.8148081302642822 0.0931740403175354 0.5586400032043457 -0.6017283797264099 -0.5708277225494385 -0.48298385739326477 -0.7751438021659851 -0.6236253976821899 -0.1012096107006073 -1.6598325967788696
-0.29512250423431396 0.4990588426589966 -0.8147655725479126 0.09322930127382278 0.5585259795188904 -0.6017653346061707 -0.5709002614021301 -0.48299214243888855 -0.7752105593681335 -0.6235532760620117 -0.10114282369613647 -1.6599490642547607
-0.2951674163341522 0.4990718364715576 -0.814741313457489 0.09323494136333466 0.5585234761238098 -0.6017329096794128 -0.570936918258667 -0.4830281436443329 -0.7751952409744263 -0.6235741376876831 -0.10113134980201721 -1.6600263118743896
-0.2951201796531677 0.499052494764328 -0.8147702813148499 0.09319387376308441 0.5586192607879639 -0.6016960740089417 -0.5708820819854736 -0.4829975664615631 -0.7751442193984985 -0.6236252188682556 -0.10120764374732971 -1.6597630977630615
-0.29512637853622437 0.4990367889404297 -0.814777672290802 0.0931977927684784 0.5585936903953552 -0.6017241477966309 -0.5708774924278259 -0.4830351173877716 -0.7751603126525879 -0.6236106753349304 -0.10117412358522415 -1.6598234176635742
-0.2950572967529297 0.49911999702453613 -0.8147517442703247 0.09316622465848923 0.5585829019546509 -0.6017134785652161 -0.5708993077278137 -0.48312970995903015 -0.7751943469047546 -0.6235544085502625 -0.10125992447137833 -1.6599944829940796
-0.29503124952316284 0.4991258680820465 -0.8147575855255127 0.09316427260637283 0.5585904717445374 -0.6017179489135742 -0.5708872079849243 -0.48317620158195496 -0.7751988172531128 -0.6235453486442566 -0.10128132998943329 -1.660072684288025
-0.29502633213996887 0.49919191002845764 -0.8147189021110535 0.09323757886886597 0.5585828423500061 -0.6016805768013 -0.5709340572357178 -0.4830644428730011 -0.7752062082290649 -0.6235285997390747 -0.10132839530706406 -1.6599920988082886
-0.29509827494621277 0.49915534257888794 -0.8147152662277222 0.09320685267448425 0.5585731267929077 -0.6016734838485718 -0.5709510445594788 -0.4829299747943878 -0.7751858234405518 -0.6235647201538086 -0.1012619286775589 -1.6597827672958374
-0.29507169127464294 0.49914517998695374 -0.8147310614585876 0.09319711476564407 0.5586082339286804 -0.6016672849655151 -0.5709231495857239 -0.4829617440700531 -0.775170624256134 -0.6235787868499756 -0.10129161179065704 -1.6598491668701172
-0.29506561160087585 0.49913907051086426 -0.8147370219230652 0.09315399825572968 0.5586947202682495 -0.6016054749488831 -0.5709037184715271 -0.4828817546367645 -0.7751106023788452 -0.6236433386802673 -0.1013532280921936 -1.6595309972763062
-0.29504895210266113 0.4991379678249359 -0.8147437572479248 0.09314420074224472 0.5587141513824463 -0.6015999913215637 -0.570890486240387 -0.48292025923728943 -0.775102972984314 -0.6236494779586792 -0.10137395560741425 -1.6595878601074219
-0.2950606048107147 0.49916961789131165 -0.8147201538085938 0.09315550327301025 0.5587853193283081 -0.6015139818191528 -0.5709114670753479 -0.4830279052257538 -0.775047242641449 -0.623707115650177 -0.10144554078578949 -1.6597157716751099
-0.2950861155986786 0.49917498230934143 -0.8147076368331909 0.09314830601215363 0.5588105916976929 -0.6014754772186279 -0.5709272623062134 -0.4830833375453949 -0.7750192880630493 -0.6237399578094482 -0.1014571562409401 -1.659772515296936
-0.294991672039032 0.49922817945480347 -0.8147091865539551 0.09319031238555908 0.5589136481285095 -0.6014085412025452 -0.5708969235420227 -0.4831027686595917 -0.774980902671814 -0.6237619519233704 -0.10161492228507996 -1.6598734855651855
-0.29508012533187866 0.49912840127944946 -0.8147383332252502 0.0932004526257515 0.558892548084259 -0.6014454960823059 -0.5708785653114319 -0.4829571545124054 -0.7749624252319336 -0.6238061189651489 -0.101484514772892 -1.6594457626342773
-0.2950190007686615 0.4991269111633301 -0.8147613406181335 0.09317009150981903 0.5588573217391968 -0.6015093922615051 -0.5708457827568054 -0.4829848110675812 -0.7750111222267151 -0.6237457394599915 -0.10148397833108902 -1.6596299409866333
-0.29506784677505493 0.4990840554237366 -0.8147699236869812 0.09312321990728378 0.558884859085083 -0.6014897227287292 -0.5708395838737488 -0.48275890946388245 -0.774972677230835 -0.6237989664077759 -0.10145019739866257 -1.6591614484786987
-0.2950730621814728 0.49910643696784973 -0.8147543668746948 0.09311667084693909 0.5588790774345398 -0.601475715637207 -0.5708599090576172 -0.4827779233455658 -0.7749748229980469 -0.6237945556640625 -0.10146083682775497 -1.6591932773590088
-0.2951214015483856 0.4990658760070801 -0.8147616982460022 0.09316865354776382 0.5588513612747192 -0.6014991998672485 -0.5708622932434082 -0.48276057839393616 -0.7749764323234558 -0.6238043904304504 -0.1013883426785469 -1.6592274904251099
-0.2951198220252991 0.49906277656555176 -0.814764142036438 0.09316854178905487 0.55888831615448 -0.6014725565910339 -0.5708543062210083 -0.48278817534446716 -0.774950385093689 -0.6238325834274292 -0.10141385346651077 -1.6592662334442139
-0.29517731070518494 0.4989950954914093 -0.8147847652435303 0.09321217238903046 0.5588559508323669 -0.6015135645866394 -0.5708426833152771 -0.48278650641441345 -0.7749518156051636 -0.6238471269607544 -0.10131319612264633 -1.6593377590179443
-0.29527026414871216 0.4989318549633026 -0.8147898316383362 0.0931975319981575 0.5588429570198059 -0.6015159487724304 -0.5708529353141785 -0.48272237181663513 -0.7749258279800415 -0.6238954663276672 -0.10121473670005798 -1.6590404510498047
-0.2951694428920746 0.49891772866249084 -0.8148350119590759 0.09322042018175125 0.5588588714599609 -0.6015698909759521 -0.5707805156707764 -0.4828149974346161 -0.77495276927948 -0.6238546967506409 -0.10125952214002609 -1.659286618232727
-0.2952198088169098 0.4989066421985626 -0.814823567867279 0.0931849256157875 0.5588608980178833 -0.6015475988388062 -0.5708019733428955 -0.4826711118221283 -0.7749320864677429 -0.6238850951194763 -0.10123061388731003 -1.6590054035186768
-0.29522693157196045 0.4988762140274048 -0.8148396015167236 0.09319769591093063 0.5588719248771667 -0.6015560030937195 -0.5707823634147644 -0.48269233107566833 -0.7749214172363281 -0.6239013075828552 -0.10121235251426697 -1.6590328216552734
-0.2952633798122406 0.49886971712112427 -0.8148303627967834 0.09319403767585754 0.5587826371192932 -0.601611852645874 -0.570810854434967 -0.4827229678630829 -0.7749719023704529 -0.6238526105880737 -0.10112576931715012 -1.659098505973816
-0.2952434718608856 0.4988744854927063 -0.8148346543312073 0.09320656955242157 0.5588182210922241 -0.6015911102294922 -0.5707979202270508 -0.4827452003955841 -0.7749538421630859 -0.6238688230514526 -0.10116429626941681 -1.6591312885284424
-0.2952660620212555 0.4988522231578827 -0.8148400783538818 0.09322591125965118 0.5587702989578247 -0.6016325354576111 -0.5708011388778687 -0.4827679693698883 -0.7749797701835632 -0.623846709728241 -0.10110210627317429 -1.6591981649398804
-0.2952877879142761 0.498840868473053 -0.8148391842842102 0.09324633330106735 0.5587784647941589 -0.6016217470169067 -0.5708045959472656 -0.48279085755348206 -0.7749656438827515 -0.6238662004470825 -0.1010899618268013 -1.6592369079589844
-0.2953202426433563 0.4987941384315491 -0.8148559927940369 0.09317983686923981 0.5587612390518188 -0.6016499996185303 -0.5707916617393494 -0.48262766003608704 -0.7749657034873962 -0.6238762736320496 -0.10102736204862595 -1.658937692642212
-0.2953338027000427 0.49877482652664185 -0.8148629069328308 0.09310363978147507 0.55882328748703 -0.6016059517860413 -0.5707773566246033 -0.4824799597263336 -0.7749157547950745 -0.6239342093467712 -0.10105238109827042 -1.6583118438720703
-0.2952841520309448 0.4987986385822296 -0.814866304397583 0.09314565360546112 0.5588073134422302 -0.6016300916671753 -0.5707675218582153 -0.4826565682888031 -0.7749462127685547 -0.6238918900489807 -0.10108048468828201 -1.6588163375854492
-0.2952852249145508 0.49880170822143555 -0.8148640394210815 0.09316013008356094 0.5587974786758423 -0.6016352772712708 -0.5707716941833496 -0.4826413094997406 -0.7749528884887695 -0.6238844394683838 -0.10107508301734924 -1.6588482856750488
-0.2952558994293213 0.49878883361816406 -0.8148825764656067 0.09316893666982651 0.5588237047195435 -0.6016397476196289 -0.5707413554191589 -0.48266908526420593 -0.7749451398849487 -0.6238904595375061 -0.10109730064868927 -1.6588808298110962
-0.29527348279953003 0.4988001585006714 -0.8148692846298218 0.09314782917499542 0.5588286519050598 -0.6016178727149963 -0.5707595348358154 -0.4826149642467499 -0.7749348878860474 -0.623902440071106 -0.10110197216272354 -1.6586158275604248
-0.29529544711112976 0.4987841248512268 -0.8148711323738098 0.09315226972103119 0.558845043182373 -0.6016035079956055 -0.570758581161499 -0.48264017701148987 -0.7749146819114685 -0.6239291429519653 -0.10109221190214157 -1.6586376428604126
-0.2953280210494995 0.4988890588283539 -0.8147950768470764 0.09317857027053833 0.5587338209152222 -0.6016011834144592 -0.5708699226379395 -0.48262926936149597 -0.7749825119972229 -0.6238474249839783 -0.10107646882534027 -1.6588270664215088
-0.2953093349933624 0.49886658787727356 -0.8148155808448792 0.09318526089191437 0.5587565898895264 -0.6016091704368591 -0.5708392858505249 -0.4826562702655792 -0.7749732136726379 -0.6238577365875244 -0.10108417272567749 -1.6588571071624756
-0.29531794786453247 0.4988631308078766 -0.8148146271705627 0.09313306957483292 0.5588274002075195 -0.6015496850013733 -0.5708326101303101 -0.4826591908931732 -0.7749188542366028 -0.6239178776741028 -0.10112994909286499 -1.6587103605270386
-0.29534265398979187 0.4988408386707306 -0.8148193359375 0.09309647977352142 0.5587859153747559 -0.601584792137146 -0.5708362460136414 -0.4826522767543793 -0.7749393582344055 -0.6239018440246582 -0.1010715439915657 -1.6586906909942627
-0.2952454388141632 0.4989640712738037 -0.8147791028022766 0.09319435060024261 0.5586035251617432 -0.6017000675201416 -0.5708932280540466 -0.4828743636608124 -0.7751078605651855 -0.6236920952796936 -0.10107386857271194 -1.6593255996704102
-0.295231431722641 0.49896880984306335 -0.8147812485694885 0.0931994691491127 0.5585963129997253 -0.6017104387283325 -0.5708893537521362 -0.482908695936203 -0.7751184105873108 -0.6236782670021057 -0.10107825696468353 -1.65937077999115
-0.29510730504989624 0.49896714091300964 -0.8148272633552551 0.0931674987077713 0.5586910247802734 -0.6017053723335266 -0.5708020329475403 -0.48305949568748474 -0.7750974297523499 -0.6236845254898071 -0.10120076686143875 -1.6596331596374512
-0.29496821761131287 0.4990265965461731 -0.8148412108421326 0.09319538623094559 0.5587484836578369 -0.6016958355903625 -0.5707557797431946 -0.48303958773612976 -0.7751089334487915 -0.6236461400985718 -0.10134920477867126 -1.6597182750701904
-0.2949603796005249 0.49902787804603577 -0.8148432374000549 0.09319556504487991 0.558749794960022 -0.6016983389854431 -0.5707519054412842 -0.48308953642845154 -0.7751109600067139 -0.6236427426338196 -0.10135451704263687 -1.6597702503204346
-0.29497867822647095 0.4990087151527405 -0.8148483633995056 0.09317972511053085 0.5587698221206665 -0.6016853451728821 -0.5707460045814514 -0.48296746611595154 -0.7750895619392395 -0.6236705780029297 -0.10134662687778473 -1.659515619277954
-0.29497918486595154 0.49903297424316406 -0.8148333430290222 0.09322520345449448 0.558649480342865 -0.6017649173736572 -0.5707799196243286 -0.4830140173435211 -0.7751761078834534 -0.623574435710907 -0.10127636045217514 -1.659806489944458
-0.2949252128601074 0.4990442097187042 -0.8148459792137146 0.09323184192180634 0.5586703419685364 -0.6017706394195557 -0.5707534551620483 -0.48305585980415344 -0.7751815915107727 -0.6235598921775818 -0.10132385045289993 -1.6598671674728394
-0.29509246349334717 0.49896273016929626 -0.8148353099822998 0.09322772175073624 0.5586431622505188 -0.6017553210258484 -0.5707961916923523 -0.48300573229789734 -0.7751375436782837 -0.6236398220062256 -0.10116861760616302 -1.6598366498947144
-0.29509449005126953 0.4989607632160187 -0.814835786819458 0.09323611110448837 0.5586481094360352 -0.6017515659332275 -0.5707952976226807 -0.48304471373558044 -0.7751331925392151 -0.6236450672149658 -0.1011698916554451 -1.6599043607711792
-0.2949882745742798 0.49911385774612427 -0.8147804737091064 0.09318076819181442 0.5587567687034607 -0.6016167998313904 -0.5708310008049011 -0.4830397665500641 -0.7750953435897827 -0.6236525774002075 -0.1014133095741272 -1.6598163843154907
-0.2949768900871277 0.49911344051361084 -0.8147848844528198 0.09318052977323532 0.5587908029556274 -0.6015961170196533 -0.5708194971084595 -0.4830775558948517 -0.7750751376152039 -0.6236728429794312 -0.10144302994012833 -1.6598701477050781
-0.2950984835624695 0.499070942401886 -0.8147668242454529 0.09321193397045135 0.5587533116340637 -0.6015874743461609 -0.570865273475647 -0.4829525649547577 -0.7750558853149414 -0.6237151622772217 -0.10132994502782822 -1.6596297025680542
-0.29508811235427856 0.4990372061729431 -0.8147912621498108 0.0932113453745842 0.5587983131408691 -0.6015807390213013 -0.5708283185958862 -0.4829951822757721 -0.775027334690094 -0.6237486600875854 -0.10134179145097733 -1.6596801280975342
-0.2951619327068329 0.4991142153739929 -0.8147173523902893 0.09324192255735397 0.5586497783660889 -0.601604700088501 -0.5709484815597534 -0.4830019772052765 -0.7751063108444214 -0.6236639618873596 -0.10125922411680222 -1.6598323583602905
-0.295081228017807 0.49902066588401794 -0.8148038983345032 0.09323516488075256 0.5587095618247986 -0.6016676425933838 -0.570823609828949 -0.4830232560634613 -0.7750939130783081 -0.6236780881881714 -0.1012667715549469 -1.659822940826416
-0.2950925827026367 0.49901658296585083 -0.8148022890090942 0.09323678910732269 0.5587154030799866 -0.6016594171524048 -0.5708265900611877 -0.48308590054512024 -0.77508544921875 -0.6236892938613892 -0.10126297920942307 -1.6598923206329346
-0.2951172888278961 0.4990478754043579 -0.814774215221405 0.09319650381803513 0.5586283206939697 -0.6016936302185059 -0.5708757638931274 -0.4830823838710785 -0.775138795375824 -0.6236312389373779 -0.1012120470404625 -1.659949541091919
-0.2951941192150116 0.4989995062351227 -0.8147759437561035 0.0931653305888176 0.5585924386978149 -0.6017131209373474 -0.5708903670310974 -0.48299750685691833 -0.7751353979110718 -0.6236511468887329 -0.1011151373386383 -1.659633994102478
-0.2952003479003906 0.4989992082118988 -0.8147739171981812 0.09316163510084152 0.5585893988609314 -0.6017122268676758 -0.5708942413330078 -0.4830379784107208 -0.7751352190971375 -0.6236522793769836 -0.10110998898744583 -1.6596821546554565
-0.2952193021774292 0.4991409480571747 -0.8146802186965942 0.09321561455726624 0.5585419535636902 -0.6016404032707214 -0.5710163712501526 -0.4829860031604767 -0.7751622200012207 -0.6236081123352051 -0.10117527097463608 -1.6596416234970093
-0.2951899468898773 0.49913525581359863 -0.814694344997406 0.09322085976600647 0.5585613250732422 -0.6016453504562378 -0.5709922313690186 -0.4830203950405121 -0.7751594185829163 -0.623607873916626 -0.10119795054197311 -1.6596933603286743
-0.2952418625354767 0.49905967712402344 -0.8147218227386475 0.09317085146903992 0.558623194694519 -0.6016192436218262 -0.5709591507911682 -0.48280319571495056 -0.7750950455665588 -0.623693585395813 -0.10116308182477951 -1.659253716468811
-0.2952392101287842 0.4990469515323639 -0.8147305846214294 0.09316755086183548 0.5586401224136353 -0.6016160845756531 -0.5709459781646729 -0.48282626271247864 -0.7750838994979858 -0.6237068176269531 -0.10116694867610931 -1.6592954397201538
-0.29513201117515564 0.4991273283958435 -0.8147201538085938 0.0931643396615982 0.5586932897567749 -0.6015774011611938 -0.5709346532821655 -0.48288777470588684 -0.7750863432884216 -0.6236798167228699 -0.10131429135799408 -1.6594640016555786
-0.2951981723308563 0.49910739064216614 -0.814708411693573 0.09320773929357529 0.5586568713188171 -0.6015833616256714 -0.5709640383720398 -0.48286113142967224 -0.7750874161720276 -0.6236900091171265 -0.10124342143535614 -1.6595386266708374
-0.2951461374759674 0.4991171061992645 -0.8147213459014893 0.09320764988660812 0.5586737990379333 -0.6015922427177429 -0.5709380507469177 -0.48288777470588684 -0.7750950455665588 -0.623673677444458 -0.10128600150346756 -1.6595908403396606
-0.29512420296669006 0.4991700053215027 -0.8146968483924866 0.09315791726112366 0.5588279366493225 -0.6014435291290283 -0.5709439516067505 -0.48292455077171326 -0.7749922871589661 -0.6237747669219971 -0.10144954919815063 -1.6595203876495361
-0.295126736164093 0.49916765093803406 -0.8146973848342896 0.09315644204616547 0.5588324069976807 -0.6014401316642761 -0.5709431171417236 -0.4829602539539337 -0.774988055229187 -0.6237798929214478 -0.10144998133182526 -1.6595674753189087
-0.295180082321167 0.4990694522857666 -0.8147382140159607 0.09310445934534073 0.5588280558586121 -0.6014823317527771 -0.5709028840065002 -0.48279592394828796 -0.7749708890914917 -0.6238178014755249 -0.1013483852148056 -1.6591331958770752
-0.2951797842979431 0.49907761812210083 -0.8147333264350891 0.0930958166718483 0.5588657855987549 -0.6014464497566223 -0.5709038376808167 -0.4828261435031891 -0.7749438285827637 -0.6238458156585693 -0.1013825312256813 -1.6591663360595703
-0.29525381326675415 0.49900469183921814 -0.814751148223877 0.09310828894376755 0.5588697791099548 -0.6014525890350342 -0.570893406867981 -0.48254624009132385 -0.7749127149581909 -0.6238982677459717 -0.10129745304584503 -1.658650279045105
-0.29532623291015625 0.49893245100975037 -0.8147691488265991 0.09311122447252274 0.5588935613632202 -0.6014432311058044 -0.5708800554275513 -0.4825480282306671 -0.7748680114746094 -0.6239650845527649 -0.10122814774513245 -1.658507227897644
-0.2953183352947235 0.4989332854747772 -0.8147715330123901 0.09309808909893036 0.5588862299919128 -0.6014529466629028 -0.570876955986023 -0.4825828969478607 -0.7748762965202332 -0.6239550113677979 -0.101226806640625 -1.6585285663604736
-0.29535430669784546 0.49889451265335083 -0.8147822022438049 0.09313841909170151 0.5588700771331787 -0.6014728546142578 -0.5708718299865723 -0.48258915543556213 -0.774874210357666 -0.6239668726921082 -0.10116957873106003 -1.6584852933883667
-0.29546189308166504 0.4989060163497925 -0.8147361874580383 0.09315887093544006 0.5588804483413696 -0.6013957262039185 -0.5709428787231445 -0.48246440291404724 -0.7748257517814636 -0.6240319609642029 -0.10113926976919174 -1.6581249237060547
-0.29541173577308655 0.49904102087020874 -0.8146716952323914 0.09316311776638031 0.5587388277053833 -0.6014434695243835 -0.5710312128067017 -0.482591837644577 -0.7749469876289368 -0.623878002166748 -0.10116009414196014 -1.6586486101150513
-0.29537737369537354 0.49904924631118774 -0.8146790862083435 0.09308205544948578 0.5588362216949463 -0.6013786196708679 -0.5710041522979736 -0.4825340211391449 -0.7748898267745972 -0.6239339113235474 -0.10125314444303513 -1.6584099531173706
-0.29541197419166565 0.49903497099876404 -0.8146752715110779 0.09307516366243362 0.558840811252594 -0.6013653874397278 -0.5710135698318481 -0.4825578033924103 -0.7748733162879944 -0.6239581108093262 -0.10123055428266525 -1.6584193706512451
-0.2953399121761322 0.49902909994125366 -0.8147050142288208 0.09316939115524292 0.558741569519043 -0.6014900803565979 -0.5709793567657471 -0.48266008496284485 -0.7749723792076111 -0.6238425970077515 -0.10118424892425537 -1.6588327884674072
-0.29533860087394714 0.4990254342556 -0.8147077560424805 0.09317228198051453 0.5587311387062073 -0.6015018224716187 -0.5709772706031799 -0.48268523812294006 -0.774980366230011 -0.6238342523574829 -0.10117430984973907 -1.6588597297668457
-0.29532724618911743 0.4989997446537018 -0.8147276043891907 0.09313281625509262 0.5587917566299438 -0.6014774441719055 -0.5709435939788818 -0.4826570451259613 -0.7749409675598145 -0.6238783001899719 -0.10120426118373871 -1.6587321758270264
-0.29526665806770325 0.4991060793399811 -0.8146843910217285 0.09308875352144241 0.558721661567688 -0.6014934778213501 -0.5709952712059021 -0.482805460691452 -0.7750146389007568 -0.6237777471542358 -0.10126039385795593 -1.6589655876159668
-0.29527440667152405 0.4991133511066437 -0.8146771192550659 0.09308595210313797 0.5587514638900757 -0.6014600396156311 -0.571001410484314 -0.4828442633152008 -0.7749902009963989 -0.6238041520118713 -0.10128452628850937 -1.6589970588684082
