# 3x4 first row second row third row Freq: 100 current Time: 2021-07-31-13:04:53
0.05879518389701843 0.7858029007911682 -0.6156759262084961 0.06706011295318604 0.7185524702072144 -0.46144625544548035 -0.5203360915184021 -0.670913815498352 -0.6929830312728882 -0.41180220246315 -0.5917714238166809 -1.203665852546692
0.058796562254428864 0.7857768535614014 -0.6157090663909912 0.06706517934799194 0.7185094356536865 -0.4614945650100708 -0.5203527212142944 -0.6709291934967041 -0.6930274963378906 -0.4117978513240814 -0.5917223691940308 -1.2037051916122437
0.058827728033065796 0.7858709096908569 -0.6155860424041748 0.06707242876291275 0.7186933159828186 -0.4613214135169983 -0.5202522277832031 -0.670829176902771 -0.6928341388702393 -0.41181233525276184 -0.5919386744499207 -1.2036195993423462
0.05894271284341812 0.785971462726593 -0.6154466271400452 0.06707020848989487 0.7188481092453003 -0.4612022042274475 -0.5201441049575806 -0.6707459092140198 -0.6926637887954712 -0.41175395250320435 -0.5921785831451416 -1.2035000324249268
0.058954961597919464 0.7859656810760498 -0.6154528260231018 0.06707293540239334 0.7188531160354614 -0.4612102508544922 -0.5201300382614136 -0.6707546710968018 -0.6926575303077698 -0.4117559492588043 -0.5921844840049744 -1.2035276889801025
0.058942582458257675 0.7859934568405151 -0.6154186129570007 0.06702800840139389 0.7189412117004395 -0.46112823486328125 -0.5200809836387634 -0.6707136034965515 -0.6925671696662903 -0.41179490089416504 -0.5922631621360779 -1.2034541368484497
0.058937378227710724 0.7860069274902344 -0.6154019236564636 0.06702977418899536 0.7189345955848694 -0.4611181616783142 -0.5200991034507751 -0.6707213521003723 -0.6925745010375977 -0.411780446767807 -0.5922645926475525 -1.2034751176834106
0.059018440544605255 0.7860333323478699 -0.6153604388237 0.06704919785261154 0.7190950512886047 -0.4610411524772644 -0.519945502281189 -0.6706337332725525 -0.6924009323120117 -0.411816269159317 -0.5924425721168518 -1.2033287286758423
0.05925961956381798 0.7860443592071533 -0.6153231263160706 0.06710457801818848 0.7192489504814148 -0.4610615074634552 -0.5197145938873291 -0.6706843376159668 -0.6922205090522766 -0.4117724299430847 -0.5926838517189026 -1.203367829322815
0.059254854917526245 0.7860281467437744 -0.6153443455696106 0.06711413711309433 0.7192660570144653 -0.46106263995170593 -0.5196898579597473 -0.6706912517547607 -0.692203164100647 -0.41180214285850525 -0.5926834940910339 -1.2033740282058716
0.05925600975751877 0.7861115336418152 -0.6152376532554626 0.06709308177232742 0.7193319201469421 -0.46095359325408936 -0.5196954607963562 -0.6705445051193237 -0.6921346187591553 -0.4117650091648102 -0.592789351940155 -1.2031255960464478
0.05926022678613663 0.7861099243164062 -0.6152392625808716 0.06709814816713333 0.7193271517753601 -0.46095985174179077 -0.5196964740753174 -0.6705477833747864 -0.6921391487121582 -0.41176098585128784 -0.5927867889404297 -1.2031176090240479
0.05914541706442833 0.7861006259918213 -0.6152622103691101 0.06708069145679474 0.7193194627761841 -0.46091458201408386 -0.5197471976280212 -0.6707907915115356 -0.692156970500946 -0.4118294417858124 -0.5927184820175171 -1.2034929990768433
0.05908609926700592 0.7861251831054688 -0.6152365803718567 0.06705424934625626 0.7193684577941895 -0.46083489060401917 -0.5197500586509705 -0.6706463098526001 -0.6921111345291138 -0.4118717908859253 -0.5927425622940063 -1.2032372951507568
0.05909034237265587 0.7861334681510925 -0.6152255535125732 0.06704912334680557 0.7193611860275269 -0.4608343839645386 -0.5197606682777405 -0.6706502437591553 -0.6921183466911316 -0.41185659170150757 -0.5927447080612183 -1.2032297849655151
0.059149809181690216 0.7861301898956299 -0.6152240037918091 0.06706440448760986 0.7194125056266785 -0.4608364701271057 -0.5196877121925354 -0.6705724000930786 -0.6920598745346069 -0.4118604362010956 -0.5928102731704712 -1.203173279762268
0.059120386838912964 0.7861279845237732 -0.615229606628418 0.06706979870796204 0.7193989753723145 -0.46083158254623413 -0.5197107791900635 -0.6705697774887085 -0.6920765042304993 -0.4118700921535492 -0.5927842259407043 -1.203162431716919
0.05920655280351639 0.7861592173576355 -0.6151814460754395 0.06706637889146805 0.7194717526435852 -0.460805207490921 -0.5196334719657898 -0.6704063415527344 -0.6919934749603271 -0.4118399918079376 -0.5929020643234253 -1.2028921842575073
0.05922478809952736 0.7861607074737549 -0.6151778101921082 0.06707148998975754 0.7194799184799194 -0.46080827713012695 -0.5196194052696228 -0.6703969240188599 -0.6919834017753601 -0.4118337631225586 -0.5929180979728699 -1.2028717994689941
0.0593210831284523 0.7861828207969666 -0.6151402592658997 0.06708712130784988 0.7195577025413513 -0.4607917070388794 -0.5195264220237732 -0.6702673435211182 -0.6918942928314209 -0.4118100702762604 -0.5930385589599609 -1.2026723623275757
0.05933065712451935 0.786182701587677 -0.6151395440101624 0.06709800660610199 0.7195385694503784 -0.46080800890922546 -0.519538402557373 -0.6702511310577393 -0.691913366317749 -0.4117920696735382 -0.5930287837982178 -1.2026461362838745
0.059380460530519485 0.7861751914024353 -0.6151442527770996 0.06707603484392166 0.7195825576782227 -0.4608131945133209 -0.5194729566574097 -0.6701915860176086 -0.6918633580207825 -0.4118005335330963 -0.5930812358856201 -1.2025402784347534
0.0594184547662735 0.7862222790718079 -0.6150804758071899 0.06700963526964188 0.7196428179740906 -0.46075671911239624 -0.5194395780563354 -0.670041024684906 -0.6917974352836609 -0.4117739498615265 -0.5931766033172607 -1.202332854270935
0.05942809209227562 0.7862043976783752 -0.6151023507118225 0.06700780987739563 0.7196341753005981 -0.4607817530632019 -0.5194293260574341 -0.6700137853622437 -0.6918055415153503 -0.4117799997329712 -0.5931628942489624 -1.2022945880889893
0.05948451906442642 0.7862646579742432 -0.6150198578834534 0.06700935959815979 0.7197369933128357 -0.46069803833961487 -0.5193610787391663 -0.6698318719863892 -0.6916937232017517 -0.4117586314678192 -0.59330815076828 -1.2020634412765503
0.05950760096311569 0.7862392067909241 -0.615050196647644 0.06701404601335526 0.7197375893592834 -0.46073079109191895 -0.5193312168121338 -0.6697991490364075 -0.6916911602020264 -0.4117705821990967 -0.593302845954895 -1.2020138502120972
0.059445109218358994 0.7862967252731323 -0.6149826645851135 0.06699201464653015 0.7198185324668884 -0.4606025815010071 -0.519332766532898 -0.6696919202804565 -0.6916122436523438 -0.4118041396141052 -0.5933715105056763 -1.2018086910247803
0.05945475399494171 0.7862839102745056 -0.6149981617927551 0.0669931024312973 0.7198008298873901 -0.46062883734703064 -0.5193340182304382 -0.6696627140045166 -0.6916298866271973 -0.4117993414402008 -0.593354344367981 -1.201750636100769
0.05948822945356369 0.7863304018974304 -0.6149354577064514 0.06698150932788849 0.719853401184082 -0.46057504415512085 -0.5193088054656982 -0.6695873737335205 -0.6915722489356995 -0.41177061200141907 -0.5934414267539978 -1.2015725374221802
0.05952610820531845 0.786348819732666 -0.6149082183837891 0.06697279959917068 0.7198729515075684 -0.460566908121109 -0.519288957118988 -0.6695692539215088 -0.6915486454963684 -0.4117445647716522 -0.593487024307251 -1.2015142440795898
0.059571217745542526 0.786371111869812 -0.6148753762245178 0.06699922680854797 0.7198960781097412 -0.4605570137500763 -0.5192656517028809 -0.6697786450386047 -0.6915206909179688 -0.4117131233215332 -0.5935413837432861 -1.2018368244171143
0.059526268392801285 0.7863970398902893 -0.6148465275764465 0.06699269264936447 0.7199399471282959 -0.46048638224601746 -0.5192674994468689 -0.669772207736969 -0.6914789080619812 -0.41174253821372986 -0.5935696363449097 -1.2017899751663208
0.059726011008024216 0.7864400744438171 -0.6147721409797668 0.06705881655216217 0.7200063467025757 -0.4605109691619873 -0.5191535949707031 -0.6699601411819458 -0.6913925409317017 -0.4116328954696655 -0.5937463045120239 -1.2020180225372314
0.05970947816967964 0.7864643335342407 -0.6147427558898926 0.06701681017875671 0.7200083136558533 -0.4604809880256653 -0.5191774368286133 -0.6699877977371216 -0.6913918852806091 -0.4116200804710388 -0.5937559008598328 -1.2021249532699585
0.059733275324106216 0.7864516973495483 -0.6147565245628357 0.06701213866472244 0.7199876308441162 -0.4605158865451813 -0.5191751718521118 -0.6699784398078918 -0.6914113759994507 -0.4116051197052002 -0.593743622303009 -1.2020765542984009
0.05976899713277817 0.7864702939987183 -0.6147293448448181 0.06706152856349945 0.7200464010238647 -0.46048322319984436 -0.5191226601600647 -0.6701223850250244 -0.6913471221923828 -0.41160619258880615 -0.5938177108764648 -1.2023494243621826
0.05979858711361885 0.7864757776260376 -0.6147194504737854 0.06706710904836655 0.7200480699539185 -0.46049246191978455 -0.5191121697425842 -0.6701133847236633 -0.691342830657959 -0.41158539056777954 -0.5938371419906616 -1.2023072242736816
0.059428196400403976 0.7862707376480103 -0.6150175929069519 0.06696964055299759 0.7195873260498047 -0.4607536792755127 -0.5195190906524658 -0.6706373691558838 -0.6918542981147766 -0.4116847515106201 -0.5931721925735474 -1.2028034925460815
0.05938200280070305 0.786288857460022 -0.6149988174438477 0.06695728003978729 0.7195726037025452 -0.460723876953125 -0.5195659399032593 -0.6706708073616028 -0.6918735504150391 -0.41168344020843506 -0.5931506156921387 -1.2027723789215088
0.058976151049137115 0.786128580570221 -0.6152427792549133 0.06699397414922714 0.7191832661628723 -0.46088695526123047 -0.5199602246284485 -0.6709253787994385 -0.6923129558563232 -0.41180703043937683 -0.5925518274307251 -1.2032556533813477
0.059029944241046906 0.786135196685791 -0.6152291297912598 0.0669892281293869 0.7191941142082214 -0.4609019160270691 -0.5199319124221802 -0.6709574460983276 -0.6922970414161682 -0.41177764534950256 -0.5925908088684082 -1.2032616138458252
0.0589652881026268 0.786129891872406 -0.6152421236038208 0.067034050822258 0.7192403078079224 -0.4608464241027832 -0.5199171900749207 -0.67079758644104 -0.6922546029090881 -0.41184988617897034 -0.5925902128219604 -1.2033615112304688
0.0588616207242012 0.7862257361412048 -0.6151295900344849 0.06704264879226685 0.7193499803543091 -0.4606480598449707 -0.5199412703514099 -0.6707912683486938 -0.6921494603157043 -0.41188886761665344 -0.5926859378814697 -1.2034358978271484
0.058881551027297974 0.7862279415130615 -0.6151248216629028 0.06703584641218185 0.719334065914154 -0.46066567301750183 -0.5199477076530457 -0.6707937717437744 -0.6921643614768982 -0.41186490654945374 -0.5926852226257324 -1.203456163406372
0.059061065316200256 0.786180317401886 -0.6151684522628784 0.0671020895242691 0.7193650603294373 -0.46077775955200195 -0.5198054909706116 -0.6707960367202759 -0.6921168565750122 -0.41183045506477356 -0.592764675617218 -1.2034916877746582
0.05905914679169655 0.7862087488174438 -0.6151323318481445 0.06709475815296173 0.7194384336471558 -0.4607090950012207 -0.51976478099823 -0.6705893278121948 -0.692040741443634 -0.41185298562049866 -0.5928378701210022 -1.203230857849121
0.05907347425818443 0.7861962914466858 -0.6151468753814697 0.06709882616996765 0.7194514274597168 -0.4607190489768982 -0.519737958908081 -0.6705849766731262 -0.6920259594917297 -0.41186559200286865 -0.5928463339805603 -1.2032384872436523
0.059125762432813644 0.7862632870674133 -0.6150562763214111 0.06709116697311401 0.7195267677307129 -0.4606439769268036 -0.5197002291679382 -0.670595109462738 -0.6919431686401367 -0.41182175278663635 -0.5929733514785767 -1.2032935619354248
0.059129659086465836 0.7862704396247864 -0.6150467395782471 0.06709228456020355 0.7195156812667847 -0.46064648032188416 -0.5197133421897888 -0.6705862879753113 -0.6919543743133545 -0.41180533170700073 -0.5929717421531677 -1.2033056020736694
0.059113457798957825 0.7863028645515442 -0.6150068640708923 0.0670519545674324 0.7195637822151184 -0.46058228611946106 -0.5197036266326904 -0.6705743670463562 -0.6919057369232178 -0.41181519627571106 -0.5930216312408447 -1.2032458782196045
0.05906619131565094 0.7862879037857056 -0.6150305271148682 0.06706103682518005 0.7196387052536011 -0.46052655577659607 -0.5196492671966553 -0.6705751419067383 -0.6918318271636963 -0.41190609335899353 -0.5930447578430176 -1.2031586170196533
0.05905893072485924 0.786285400390625 -0.6150344014167786 0.06706594675779343 0.7196071743965149 -0.46054381132125854 -0.5196776986122131 -0.6705683469772339 -0.6918652653694153 -0.4118915796279907 -0.5930157899856567 -1.2031511068344116
0.05909501016139984 0.786316990852356 -0.6149905323982239 0.06709617376327515 0.7196295261383057 -0.460521936416626 -0.5196660757064819 -0.6705032587051392 -0.6918389201164246 -0.41185569763183594 -0.593071460723877 -1.2030243873596191
0.0590929314494133 0.7863168120384216 -0.6149909496307373 0.06711039692163467 0.7196284532546997 -0.4605216681957245 -0.5196678042411804 -0.6704973578453064 -0.6918402314186096 -0.4118562936782837 -0.5930695533752441 -1.2030091285705566
0.05827200785279274 0.7862899899482727 -0.6151036024093628 0.06693719327449799 0.7191775441169739 -0.4603996276855469 -0.5203996896743774 -0.6713807582855225 -0.6923785209655762 -0.412043958902359 -0.5923104882240295 -1.2039170265197754
0.058275334537029266 0.7862905263900757 -0.6151025295257568 0.06692241132259369 0.7191756367683411 -0.4604019224643707 -0.5204002261161804 -0.6714252829551697 -0.6923801898956299 -0.4120402932167053 -0.5923110842704773 -1.2039340734481812
0.05825481563806534 0.7862752676010132 -0.615123987197876 0.06690718233585358 0.7191565036773682 -0.46041592955589294 -0.5204143524169922 -0.6714730262756348 -0.6924018263816833 -0.41205379366874695 -0.592276394367218 -1.2039541006088257
0.05831931531429291 0.7862074375152588 -0.6152046322822571 0.06718064844608307 0.7191336750984192 -0.46051937341690063 -0.5203543305397034 -0.6710816621780396 -0.6924201250076294 -0.4120676517486572 -0.5922453999519348 -1.203810453414917
0.05775399133563042 0.7860690951347351 -0.6154347062110901 0.06702687591314316 0.7185981273651123 -0.46067047119140625 -0.5209600925445557 -0.6714094877243042 -0.6930232644081116 -0.4121626913547516 -0.5914732813835144 -1.2041782140731812
0.057742971926927567 0.7860619425773621 -0.6154448390007019 0.06702030450105667 0.7185748815536499 -0.46068480610847473 -0.5209795236587524 -0.671436071395874 -0.6930482983589172 -0.41216030716896057 -0.5914456248283386 -1.204227089881897
0.05796924605965614 0.7860443592071533 -0.6154460310935974 0.06716420501470566 0.7187474370002747 -0.46071097254753113 -0.5207182765007019 -0.6712511777877808 -0.6928504109382629 -0.4121646285057068 -0.5916743874549866 -1.204132318496704
0.057962171733379364 0.7860407829284668 -0.6154512166976929 0.0671902745962143 0.7187690734863281 -0.4606975317001343 -0.5207002758979797 -0.6712615489959717 -0.6928285360336304 -0.4121863842010498 -0.5916848182678223 -1.2041929960250854
0.057176489382982254 0.7859399318695068 -0.6156534552574158 0.06695614010095596 0.7182943820953369 -0.4606696367263794 -0.5213795304298401 -0.6715711951255798 -0.693385899066925 -0.41240978240966797 -0.5908756852149963 -1.2044322490692139
0.057192832231521606 0.7859320044517517 -0.615662157535553 0.0669369176030159 0.7182923555374146 -0.4606857895851135 -0.5213680267333984 -0.6716066002845764 -0.6933866143226624 -0.41240692138671875 -0.5908768773078918 -1.204491138458252
0.05728837102651596 0.7859688997268677 -0.6156061291694641 0.06701761484146118 0.7183606028556824 -0.4606620669364929 -0.5212949514389038 -0.6714547276496887 -0.6933080554008484 -0.41236308217048645 -0.5909996628761292 -1.2044570446014404
0.057264577597379684 0.7859665155410767 -0.6156113743782043 0.06701627373695374 0.7183775901794434 -0.4606419801712036 -0.5212892889976501 -0.6714762449264526 -0.6932923793792725 -0.4123900234699249 -0.590999186038971 -1.2045167684555054
0.05707116797566414 0.7858520150184631 -0.6157755255699158 0.06702157109975815 0.7181462645530701 -0.4607791304588318 -0.521486759185791 -0.671359121799469 -0.6935479640960693 -0.4124550521373749 -0.5906538963317871 -1.204252004623413
0.057207003235816956 0.7858442664146423 -0.6157727837562561 0.06705367565155029 0.7181330919265747 -0.4608619511127472 -0.5214317440986633 -0.6712738871574402 -0.6935504078865051 -0.4123772978782654 -0.5907052755355835 -1.204310417175293
0.05746931582689285 0.7859126329421997 -0.6156611442565918 0.06710081547498703 0.7182615995407104 -0.4608597159385681 -0.521256685256958 -0.6710478067398071 -0.6933956146240234 -0.41224950551986694 -0.5909761190414429 -1.203932285308838
0.05766213312745094 0.7859481573104858 -0.6155977249145508 0.06708987802267075 0.7183653712272644 -0.46086499094963074 -0.5211089849472046 -0.6708173155784607 -0.6932721138000488 -0.41217586398124695 -0.5911723971366882 -1.2035530805587769
0.05763055756688118 0.7859578728675842 -0.6155882477760315 0.06710544228553772 0.7183638215065002 -0.4608417749404907 -0.521131694316864 -0.6708143949508667 -0.6932763457298279 -0.4121832549571991 -0.5911622643470764 -1.2035740613937378
0.057888831943273544 0.7860207557678223 -0.6154837608337402 0.06715463101863861 0.7183740735054016 -0.46091243624687195 -0.5210550427436829 -0.671017587184906 -0.693244218826294 -0.41198432445526123 -0.591338574886322 -1.203841209411621
0.057885706424713135 0.7859952449798584 -0.6155166625976562 0.0671730563044548 0.7183977365493774 -0.4609183967113495 -0.5210171341896057 -0.6710293292999268 -0.6932199597358704 -0.4120263159275055 -0.5913377404212952 -1.203874111175537
0.05802569538354874 0.7860616445541382 -0.6154186129570007 0.06714071333408356 0.7184550762176514 -0.4608985185623169 -0.5209556818008423 -0.670898973941803 -0.6931487917900085 -0.41192182898521423 -0.5914939641952515 -1.2036126852035522
0.0580291673541069 0.7860594391822815 -0.6154211163520813 0.06715430319309235 0.7184608578681946 -0.4608987271785736 -0.5209475159645081 -0.6709006428718567 -0.6931425333023071 -0.4119258522987366 -0.5914984941482544 -1.2036240100860596
0.05812457203865051 0.7860758900642395 -0.6153911352157593 0.06712527573108673 0.7184772491455078 -0.46092304587364197 -0.5209034085273743 -0.670863926410675 -0.6931175589561462 -0.41186726093292236 -0.5915685892105103 -1.2036867141723633
0.0580647848546505 0.7861807942390442 -0.6152626872062683 0.06703874468803406 0.7186006903648376 -0.46073076128959656 -0.5209032297134399 -0.6708827614784241 -0.6929945945739746 -0.41188207268714905 -0.5917022824287415 -1.2036166191101074
0.05806759372353554 0.7861793637275696 -0.6152642965316772 0.06702651083469391 0.7186024785041809 -0.4607323408126831 -0.5208993554115295 -0.6708829402923584 -0.6929925084114075 -0.41188308596611023 -0.5917040705680847 -1.2036285400390625
0.058207232505083084 0.7861653566360474 -0.6152690052986145 0.06705459207296371 0.7187212109565735 -0.46074390411376953 -0.5207253098487854 -0.6709747314453125 -0.6928576231002808 -0.4118969440460205 -0.5918523073196411 -1.2036900520324707
0.05822781100869179 0.7861608862876892 -0.6152727007865906 0.0670444443821907 0.7187314033508301 -0.4607519507408142 -0.5207040905952454 -0.6709852814674377 -0.692845344543457 -0.41189637780189514 -0.5918670892715454 -1.2037028074264526
0.05840573087334633 0.7861361503601074 -0.6152874827384949 0.06710819900035858 0.7187700867652893 -0.4608393907546997 -0.5205733180046082 -0.6710019111633301 -0.6927902102470398 -0.41184577345848083 -0.5919668078422546 -1.2037853002548218
0.05841187387704849 0.7861427068710327 -0.6152785420417786 0.06710841506719589 0.7187891006469727 -0.460825651884079 -0.5205592513084412 -0.6710107326507568 -0.6927700042724609 -0.41184866428375244 -0.5919885039329529 -1.2037973403930664
0.05764394626021385 0.7859590649604797 -0.615585446357727 0.06689804047346115 0.7182725667953491 -0.46090173721313477 -0.52120441198349 -0.6717764735221863 -0.6933697462081909 -0.41211390495300293 -0.5911010503768921 -1.2044111490249634
0.057230062782764435 0.786005973815918 -0.615564227104187 0.06694136559963226 0.7180161476135254 -0.46080610156059265 -0.5216421484947205 -0.6717399954795837 -0.6936696171760559 -0.4121314585208893 -0.5907369256019592 -1.2044752836227417
0.057240817695856094 0.7859760522842407 -0.6156014204025269 0.06692082434892654 0.7180129885673523 -0.4608387351036072 -0.5216176509857178 -0.6717864871025085 -0.6936719417572021 -0.4121520221233368 -0.5907197594642639 -1.2045221328735352
0.05721617490053177 0.785804808139801 -0.6158223152160645 0.06703252345323563 0.7177955508232117 -0.46110057830810547 -0.5216854810714722 -0.6718273758888245 -0.6938990354537964 -0.4121856689453125 -0.5904296040534973 -1.204755187034607
0.05739850178360939 0.7857283353805542 -0.6159029006958008 0.06710810959339142 0.7178791165351868 -0.46120744943618774 -0.5214760303497314 -0.6714881658554077 -0.6937975287437439 -0.41221189498901367 -0.590530514717102 -1.2044140100479126
0.057383082807064056 0.7857348918914795 -0.6158959865570068 0.06711670011281967 0.7178760766983032 -0.4611959457397461 -0.5214903354644775 -0.6715105772018433 -0.6938018798828125 -0.4122122824192047 -0.5905250906944275 -1.2044761180877686
0.05744393542408943 0.7858117818832397 -0.6157921552658081 0.06707628071308136 0.7179516553878784 -0.4611165523529053 -0.5214565396308899 -0.6713510751724243 -0.693718671798706 -0.41215449571609497 -0.5906631946563721 -1.2043465375900269
0.05743277445435524 0.7857990264892578 -0.6158095002174377 0.06707233935594559 0.7179332971572876 -0.46113264560699463 -0.5214675664901733 -0.6713685989379883 -0.693738579750061 -0.41216084361076355 -0.5906354188919067 -1.2044082880020142
0.057704221457242966 0.7857945561408997 -0.6157898306846619 0.0671575590968132 0.7180324792861938 -0.4612140357494354 -0.5212589502334595 -0.671268880367279 -0.6936134099960327 -0.41207829117774963 -0.5908399820327759 -1.2043125629425049
0.057700492441654205 0.7857926487922668 -0.6157925724983215 0.0671660304069519 0.718026876449585 -0.46121707558631897 -0.5212640166282654 -0.6712782382965088 -0.6936195492744446 -0.4120784401893616 -0.5908326506614685 -1.2043675184249878
0.05776044726371765 0.7858447432518005 -0.6157205104827881 0.06708469241857529 0.718147873878479 -0.4611312747001648 -0.5211732387542725 -0.6710717678070068 -0.6934892535209656 -0.4120751917362213 -0.5909878611564636 -1.2040491104125977
0.05787137895822525 0.7859179377555847 -0.6156166791915894 0.06707821786403656 0.7183343768119812 -0.4610142409801483 -0.521019697189331 -0.6710404753684998 -0.6932867765426636 -0.4120665192604065 -0.5912314057350159 -1.203942060470581
0.05785258859395981 0.7858949303627014 -0.6156477928161621 0.06707242876291275 0.7183327078819275 -0.46102526783943176 -0.5210122466087341 -0.6710624694824219 -0.693290114402771 -0.41209807991981506 -0.5912055373191833 -1.2039995193481445
0.0579763688147068 0.78595370054245 -0.6155610680580139 0.06704796105623245 0.7184343338012695 -0.4609774053096771 -0.5209144949913025 -0.6707999110221863 -0.6931744813919067 -0.41203948855400085 -0.5913819074630737 -1.203538417816162
0.0579790323972702 0.7859446406364441 -0.6155723929405212 0.06704181432723999 0.7184509634971619 -0.4609764814376831 -0.520892322063446 -0.6708086133003235 -0.6931569576263428 -0.4120577871799469 -0.5913896560668945 -1.2035659551620483
0.05827906355261803 0.7859634160995483 -0.6155201196670532 0.0670914277434349 0.7185677886009216 -0.4610420763492584 -0.5206730961799622 -0.6709117889404297 -0.693010687828064 -0.41194862127304077 -0.5916370749473572 -1.2036086320877075
0.058325596153736115 0.7859918475151062 -0.6154794096946716 0.0670897513628006 0.7185714244842529 -0.4610392451286316 -0.5206705927848816 -0.6709315776824951 -0.6930029988288879 -0.4118975102901459 -0.5916816592216492 -1.2036360502243042
0.05850662291049957 0.786051869392395 -0.6153855919837952 0.06711287051439285 0.7187192440032959 -0.46099168062210083 -0.5205087065696716 -0.6709226965904236 -0.6928344964981079 -0.41183626651763916 -0.5919216275215149 -1.2036575078964233
0.058486487716436386 0.7860517501831055 -0.6153876185417175 0.06711119413375854 0.7187208533287048 -0.4609806537628174 -0.5205162167549133 -0.6709412932395935 -0.6928344964981079 -0.411848783493042 -0.5919129252433777 -1.2036787271499634
0.0586959607899189 0.7860981822013855 -0.615308403968811 0.06710847467184067 0.7188901305198669 -0.46094608306884766 -0.5203129649162292 -0.6708617806434631 -0.6926410794258118 -0.411798894405365 -0.5921739339828491 -1.2035492658615112
0.0586872473359108 0.7860741019248962 -0.615339994430542 0.06710681319236755 0.7189066410064697 -0.4609522521495819 -0.5202847123146057 -0.6708723902702332 -0.6926247477531433 -0.41183793544769287 -0.5921658873558044 -1.2035620212554932
0.058723755180835724 0.7861559391021729 -0.6152319312095642 0.06709804385900497 0.7190820574760437 -0.46079710125923157 -0.5201797485351562 -0.6708053350448608 -0.6924394965171814 -0.4118553400039673 -0.5923703908920288 -1.2034136056900024
0.05886141583323479 0.786200225353241 -0.615162193775177 0.06712647527456284 0.7192057371139526 -0.4607553482055664 -0.5200457572937012 -0.670730471611023 -0.6922993659973145 -0.4118175506591797 -0.5925604104995728 -1.2032095193862915
0.05883842334151268 0.7862407565116882 -0.6151125431060791 0.06713104248046875 0.7192116379737854 -0.46070596575737 -0.5200812816619873 -0.6707385182380676 -0.6922951936721802 -0.41179537773132324 -0.5925807356834412 -1.2031923532485962
0.05898786336183548 0.7862561345100403 -0.6150786280632019 0.0671016275882721 0.7192416787147522 -0.4607502520084381 -0.5200005173683167 -0.6706767678260803 -0.6922512650489807 -0.4117164611816406 -0.5926868319511414 -1.2032408714294434
0.05900043621659279 0.7862505912780762 -0.6150844693183899 0.06710812449455261 0.7192767858505249 -0.4607403874397278 -0.5199607610702515 -0.6706679463386536 -0.6922137141227722 -0.4117380678653717 -0.5927156805992126 -1.2032209634780884
0.05821298062801361 0.7861568927764893 -0.6152792572975159 0.0668993592262268 0.7187382578849792 -0.46074381470680237 -0.5207018256187439 -0.6718449592590332 -0.6928394436836243 -0.4119131863117218 -0.5918622612953186 -1.2045499086380005
0.05821026489138603 0.7861781120300293 -0.6152524352073669 0.06686316430568695 0.7187308073043823 -0.4607289135456085 -0.5207253098487854 -0.6719040274620056 -0.6928474307060242 -0.41188934445381165 -0.5918695330619812 -1.2045748233795166
0.05792961269617081 0.7859466075897217 -0.6155745983123779 0.06705143302679062 0.7183915972709656 -0.4609852731227875 -0.5209664106369019 -0.6718389391899109 -0.6932226419448853 -0.4120442569255829 -0.591322124004364 -1.2047480344772339
0.05795755609869957 0.7859362363815308 -0.6155851483345032 0.06704025715589523 0.7183881998062134 -0.4610101282596588 -0.5209491848945618 -0.671890914440155 -0.6932238340377808 -0.4120361804962158 -0.5913263559341431 -1.2047990560531616
0.057982638478279114 0.7859178185462952 -0.6156063675880432 0.06708500534296036 0.7184112071990967 -0.461024671792984 -0.520904541015625 -0.6715986132621765 -0.6931979060173035 -0.4120550751686096 -0.5913435816764832 -1.2047134637832642
0.05799588933587074 0.7859379649162292 -0.6155794262886047 0.0670870989561081 0.7183918952941895 -0.46102577447891235 -0.5209301710128784 -0.6716209650039673 -0.6932168006896973 -0.41201546788215637 -0.5913490653038025 -1.2047730684280396
0.05807918682694435 0.7859773635864258 -0.6155211925506592 0.06712911278009415 0.7184902429580688 -0.4609758257865906 -0.520838737487793 -0.6714488863945007 -0.6931079030036926 -0.41199609637260437 -0.5914902091026306 -1.2046451568603516
0.0582871250808239 0.7859891057014465 -0.6154865622520447 0.0671166405081749 0.7185941934585571 -0.4610086977481842 -0.520666241645813 -0.6711650490760803 -0.6929826736450195 -0.4119369089603424 -0.5916780829429626 -1.2041760683059692
0.05827495455741882 0.7859866619110107 -0.6154907941818237 0.0671212375164032 0.7186051607131958 -0.4609981179237366 -0.5206604599952698 -0.6711735129356384 -0.6929723024368286 -0.4119534194469452 -0.5916787385940552 -1.204224944114685
0.0584908202290535 0.7860937118530273 -0.6153336763381958 0.06714054942131042 0.7188021540641785 -0.4608990252017975 -0.520476222038269 -0.6710947751998901 -0.6927497982978821 -0.41186007857322693 -0.5920041799545288 -1.2040683031082153
0.05851352587342262 0.7860907316207886 -0.6153352856636047 0.0671476274728775 0.7187923192977905 -0.4609188139438629 -0.5204722285270691 -0.6710962653160095 -0.6927580237388611 -0.4118436574935913 -0.5920059680938721 -1.204094409942627
0.05869019776582718 0.786126971244812 -0.6152721643447876 0.06712779402732849 0.71892911195755 -0.46089568734169006 -0.5203038454055786 -0.6709452271461487 -0.6926011443138123 -0.411800354719162 -0.5922195911407471 -1.2038267850875854
0.058695290237665176 0.7861331105232239 -0.615263819694519 0.06713205575942993 0.718925416469574 -0.46089524030685425 -0.520309329032898 -0.6709467172622681 -0.6926046013832092 -0.41178908944129944 -0.5922234058380127 -1.2038474082946777
0.058773353695869446 0.7862351536750793 -0.6151260137557983 0.06714271754026413 0.7190127968788147 -0.4607962667942047 -0.5202762484550476 -0.6709233522415161 -0.692507266998291 -0.4117050766944885 -0.5923956632614136 -1.203773856163025
0.05854876711964607 0.7861321568489075 -0.615278959274292 0.06711041927337646 0.718818187713623 -0.4608860909938812 -0.5204654932022095 -0.6713076829910278 -0.6927282214164734 -0.41180112957954407 -0.5920704007148743 -1.2040973901748657
0.05859667435288429 0.7861873507499695 -0.6152039170265198 0.06714782118797302 0.7188496589660645 -0.46084484457969666 -0.5204586386680603 -0.6712208986282349 -0.6926915645599365 -0.4117420017719269 -0.5921544432640076 -1.204139232635498
0.05825771018862724 0.7860668301582336 -0.6153900623321533 0.06711111962795258 0.7186842560768127 -0.46087464690208435 -0.5206606388092041 -0.6715360283851624 -0.6928917169570923 -0.4119386672973633 -0.591783344745636 -1.2043513059616089
0.05825686827301979 0.7860653400421143 -0.6153920888900757 0.06711199134588242 0.7186852097511292 -0.46087488532066345 -0.5206590890884399 -0.6715400218963623 -0.6928908228874207 -0.4119412302970886 -0.5917826294898987 -1.2043535709381104
0.05829313024878502 0.786061704158783 -0.6153932809829712 0.06711726635694504 0.7186781764030457 -0.4609003961086273 -0.5206462144851685 -0.6715748310089111 -0.6928950548171997 -0.41191962361335754 -0.5917927026748657 -1.2043778896331787
0.05850069969892502 0.7860866189002991 -0.6153417825698853 0.06716436892747879 0.7186253666877747 -0.46101507544517517 -0.5206175446510315 -0.6714125275611877 -0.6929323077201843 -0.41174373030662537 -0.5918715000152588 -1.2043571472167969
0.05838961526751518 0.7858182787895203 -0.6156949400901794 0.06704208999872208 0.7182709574699402 -0.46139681339263916 -0.5207684636116028 -0.6718806028366089 -0.6933090686798096 -0.41182830929756165 -0.5913712382316589 -1.2048264741897583
0.05840795114636421 0.7858057618141174 -0.615709125995636 0.06702325493097305 0.7182638645172119 -0.46142080426216125 -0.5207569599151611 -0.6719361543655396 -0.6933148503303528 -0.4118252992630005 -0.5913665294647217 -1.2048792839050293
0.058461133390665054 0.7858179807662964 -0.6156885623931885 0.06702970713376999 0.7182313799858093 -0.4614565074443817 -0.5207701325416565 -0.6720567941665649 -0.6933440566062927 -0.4117620289325714 -0.5913763642311096 -1.205176830291748
0.05844816938042641 0.7858072519302368 -0.6157034635543823 0.06701628863811493 0.7182061672210693 -0.4614740014076233 -0.520789384841919 -0.6721062064170837 -0.6933712363243103 -0.41176286339759827 -0.5913439393043518 -1.2052406072616577
0.05813271179795265 0.7857683897018433 -0.6157829165458679 0.06709319353103638 0.7180395722389221 -0.4614473581314087 -0.5210426449775696 -0.6719645857810974 -0.6935702562332153 -0.4118669033050537 -0.5910379886627197 -1.2052280902862549
0.058111127465963364 0.7857780456542969 -0.6157726645469666 0.06709165871143341 0.7180482149124146 -0.46142324805259705 -0.5210521221160889 -0.6720026731491089 -0.6935631632804871 -0.41187554597854614 -0.591040313243866 -1.2053004503250122
0.05788547918200493 0.785690188407898 -0.6159059405326843 0.067087322473526 0.7178428173065186 -0.46150609850883484 -0.5212616920471191 -0.6718296408653259 -0.6937945485115051 -0.4119502305984497 -0.5907166004180908 -1.2049733400344849
0.0579075887799263 0.7857921123504639 -0.6157738566398621 0.06713457405567169 0.7179256677627563 -0.4613817632198334 -0.5212576389312744 -0.6714534163475037 -0.6937069892883301 -0.41189509630203247 -0.5908578634262085 -1.2044703960418701
0.05790715664625168 0.7858001589775085 -0.6157636046409607 0.06714580208063126 0.717950165271759 -0.4613601565361023 -0.5212430357933044 -0.6714626550674438 -0.6936816573143005 -0.41190388798713684 -0.5908814072608948 -1.204517126083374
0.0579337440431118 0.7857968807220459 -0.6157653331756592 0.06715457886457443 0.7179533839225769 -0.461374431848526 -0.5212259888648987 -0.6714717745780945 -0.6936761140823364 -0.4118942618370056 -0.5908946990966797 -1.2045680284500122
0.057933080941438675 0.7858039140701294 -0.6157563924789429 0.06718667596578598 0.7179840803146362 -0.4613499343395233 -0.5212053656578064 -0.6713489890098572 -0.6936444044113159 -0.4119082987308502 -0.5909221172332764 -1.2046159505844116
0.058113932609558105 0.7858462333679199 -0.6156852841377258 0.067179836332798 0.7182525396347046 -0.4612455368041992 -0.5209278464317322 -0.6711462140083313 -0.6933513283729553 -0.4119443893432617 -0.5912408232688904 -1.2040823698043823
0.058120448142290115 0.7858452200889587 -0.6156860589981079 0.06719369441270828 0.718241810798645 -0.46125608682632446 -0.5209333300590515 -0.6711471080780029 -0.6933618783950806 -0.41193458437919617 -0.5912352800369263 -1.2041054964065552
0.05818583071231842 0.785913348197937 -0.6155928373336792 0.0671684667468071 0.7183080315589905 -0.46119192242622375 -0.5208987593650818 -0.6711486577987671 -0.6932877898216248 -0.411876380443573 -0.591362714767456 -1.2042293548583984
0.058203551918268204 0.7859254479408264 -0.6155757904052734 0.0671783983707428 0.7182896137237549 -0.461201548576355 -0.5209156274795532 -0.6711433529853821 -0.6933053731918335 -0.41184255480766296 -0.59136563539505 -1.2042609453201294
0.058269575238227844 0.7859917283058167 -0.615484893321991 0.06706759333610535 0.7183926105499268 -0.4611174464225769 -0.5208480358123779 -0.6710776686668396 -0.6931930780410767 -0.4118102192878723 -0.5915197730064392 -1.2040857076644897
0.05829008296132088 0.7860247492790222 -0.6154407262802124 0.06703505665063858 0.7185192704200745 -0.46102455258369446 -0.5207555294036865 -0.6708634495735168 -0.6930601000785828 -0.411851167678833 -0.5916470885276794 -1.203739047050476
0.05841159448027611 0.7860532402992249 -0.615392804145813 0.06708726286888123 0.7185268402099609 -0.46105703711509705 -0.5207163691520691 -0.6710658669471741 -0.693041980266571 -0.4117604196071625 -0.5917314291000366 -1.2039967775344849
0.05845123529434204 0.7860329747200012 -0.6154149174690247 0.06705059111118317 0.7185854315757751 -0.4610593020915985 -0.5206335186958313 -0.6709723472595215 -0.6929779052734375 -0.41179654002189636 -0.5917813181877136 -1.203809142112732
0.05865059420466423 0.7860473394393921 -0.61537766456604 0.06708944588899612 0.7186187505722046 -0.4611275792121887 -0.5205270051956177 -0.6710556745529175 -0.6929265260696411 -0.41169273853302 -0.5919137597084045 -1.203843116760254
0.05878627300262451 0.7860578298568726 -0.6153513193130493 0.06706255674362183 0.7186750769615173 -0.46115344762802124 -0.5204263925552368 -0.6711027026176453 -0.6928566098213196 -0.41164374351501465 -0.5920296311378479 -1.2039158344268799
0.05875217169523239 0.7860786318778992 -0.6153280138969421 0.0670609176158905 0.7186648845672607 -0.4611247479915619 -0.5204658508300781 -0.6711107492446899 -0.6928700804710388 -0.4116361141204834 -0.5920191407203674 -1.2039192914962769
0.05879409611225128 0.7860617637634277 -0.6153455972671509 0.06706669181585312 0.7186785340309143 -0.46115198731422424 -0.5204228758811951 -0.6711961030960083 -0.6928523778915405 -0.4116378724575043 -0.5920386910438538 -1.2041072845458984
0.05880976468324661 0.7860519886016846 -0.6153565645217896 0.06706260144710541 0.7186741232872009 -0.4611707329750061 -0.5204123258590698 -0.6712062954902649 -0.6928555965423584 -0.41163554787635803 -0.5920365452766418 -1.2041226625442505
0.05892692506313324 0.7861202359199524 -0.6152580976486206 0.06708468496799469 0.7188272476196289 -0.4610808789730072 -0.5202804803848267 -0.6707651615142822 -0.6926867961883545 -0.4116057753562927 -0.5922546982765198 -1.2034728527069092
0.0589585043489933 0.7861241698265076 -0.6152501106262207 0.06708721071481705 0.718856930732727 -0.4610758125782013 -0.5202439427375793 -0.6707549095153809 -0.6926532983779907 -0.41160401701927185 -0.5922951698303223 -1.2034651041030884
0.0590527318418026 0.7861777544021606 -0.6151725649833679 0.06710968911647797 0.719001054763794 -0.4609921872615814 -0.5201188325881958 -0.6708984971046448 -0.6924956440925598 -0.41159531474113464 -0.5924854874610901 -1.2035683393478394
0.059195954352617264 0.7862298488616943 -0.6150922775268555 0.06711764633655548 0.719041109085083 -0.4609963595867157 -0.5200598239898682 -0.6707534790039062 -0.6924418807029724 -0.41149118542671204 -0.5926206707954407 -1.203421711921692
0.059193357825279236 0.7862192988395691 -0.615105926990509 0.06712882965803146 0.7190443277359009 -0.46100202202796936 -0.5200503468513489 -0.6707460880279541 -0.6924387216567993 -0.41150492429733276 -0.5926147699356079 -1.203405499458313
0.058508217334747314 0.7859384417533875 -0.6155303120613098 0.06704128533601761 0.7183409929275513 -0.4613131582736969 -0.5207459330558777 -0.6719254851341248 -0.6932265162467957 -0.41169273853302 -0.5915623903274536 -1.204853892326355
0.058539312332868576 0.785934329032898 -0.6155325770378113 0.06703295558691025 0.7183567881584167 -0.4613228738307953 -0.5207155346870422 -0.6719787120819092 -0.6932075023651123 -0.4116896986961365 -0.5915867686271667 -1.2048949003219604
0.058634933084249496 0.785936713218689 -0.6155204176902771 0.06711474806070328 0.7184001803398132 -0.46134310960769653 -0.5206378102302551 -0.6714475750923157 -0.6931544542312622 -0.41166239976882935 -0.591667890548706 -1.2042241096496582
0.05867716297507286 0.7858980894088745 -0.6155657768249512 0.06708844006061554 0.7183858156204224 -0.46140554547309875 -0.5206022262573242 -0.6713027358055115 -0.6931657195091248 -0.41166627407073975 -0.591651976108551 -1.2041246891021729
0.058659251779317856 0.7859055995941162 -0.615557849407196 0.06709295511245728 0.7183966636657715 -0.46138375997543335 -0.5206066370010376 -0.6713157296180725 -0.6931560635566711 -0.4116763174533844 -0.5916563868522644 -1.2041494846343994
0.05815882608294487 0.7857291102409363 -0.6158305406570435 0.06704436242580414 0.7179192900657654 -0.46156513690948486 -0.521104097366333 -0.6719827055931091 -0.6936926245689392 -0.4118098318576813 -0.590934157371521 -1.2050631046295166
0.0581682026386261 0.7857174277305603 -0.6158445477485657 0.06703747063875198 0.7178981304168701 -0.46159228682518005 -0.5211092233657837 -0.6720289587974548 -0.6937137246131897 -0.41180169582366943 -0.5909150242805481 -1.2051249742507935
0.05819904804229736 0.7858594059944153 -0.6156604886054993 0.06711466610431671 0.7180210947990417 -0.4614146649837494 -0.5210971236228943 -0.6717911958694458 -0.6935838460922241 -0.4117298722267151 -0.5911175012588501 -1.2048989534378052
0.05821264162659645 0.7858459949493408 -0.6156762838363647 0.06711889803409576 0.7180449366569519 -0.46141862869262695 -0.5210607051849365 -0.6718214154243469 -0.6935580372810364 -0.4117509424686432 -0.5911331176757812 -1.2049578428268433
0.057435691356658936 0.7858364582061768 -0.6157614588737488 0.06696157157421112 0.7176389694213867 -0.46127718687057495 -0.5217447876930237 -0.6721394658088684 -0.6940428018569946 -0.4119276702404022 -0.5904406309127808 -1.2051619291305542
