# 3x4 first row second row third row Freq: 100 current Time: 2021-07-31-13:44:41
0.5188490748405457 0.09188660979270935 0.8499131798744202 0.41085389256477356 0.09020048379898071 -0.9945409297943115 0.052457790821790695 -0.8897157907485962 0.8500937819480896 0.04944491386413574 -0.5243048071861267 -1.6501123905181885
0.5188837051391602 0.09182202816009521 0.8498990535736084 0.4108531177043915 0.09001170098781586 -0.9945560097694397 0.05249631032347679 -0.889687716960907 0.8500926494598389 0.04926138371229172 -0.5243238806724548 -1.6499853134155273
0.5188906788825989 0.09182233363389969 0.8498947024345398 0.41085585951805115 0.09001179039478302 -0.9945560097694397 0.05249614268541336 -0.8896706104278564 0.850088357925415 0.04926079139113426 -0.5243309140205383 -1.6499687433242798
0.5188246369361877 0.09188907593488693 0.8499278426170349 0.41080597043037415 0.09012798219919205 -0.9945449233055115 0.05250706523656845 -0.8896766901016235 0.8501163721084595 0.049360331147909164 -0.524276077747345 -1.6500316858291626
0.518858015537262 0.09184008836746216 0.8499127626419067 0.410747766494751 0.09013566374778748 -0.9945476055145264 0.05244273692369461 -0.8896456360816956 0.8500952124595642 0.049397122114896774 -0.5243070125579834 -1.650071620941162
0.5188400149345398 0.09184607863426208 0.8499230742454529 0.4107459783554077 0.09013748914003372 -0.9945470690727234 0.05244983732700348 -0.8896317481994629 0.8501059412956238 0.04939686134457588 -0.5242895483970642 -1.6500686407089233
0.5188395380973816 0.09181994944810867 0.8499261736869812 0.41078436374664307 0.09011651575565338 -0.9945499300956726 0.05243222787976265 -0.8896787762641907 0.8501085042953491 0.04938847944140434 -0.5242862701416016 -1.650026559829712
0.5188405513763428 0.09180574864149094 0.8499271273612976 0.41078439354896545 0.09009427577257156 -0.9945520758628845 0.052429258823394775 -0.8896629214286804 0.8501102328300476 0.049371153116226196 -0.5242850184440613 -1.6500223875045776
0.5188001394271851 0.09180471301078796 0.8499519228935242 0.41081929206848145 0.09012380242347717 -0.9945502877235413 0.05241258814930916 -0.8896764516830444 0.8501318097114563 0.049409251660108566 -0.5242465138435364 -1.650015115737915
0.518810510635376 0.09180843830108643 0.8499451875686646 0.4108192026615143 0.09011998027563095 -0.994550347328186 0.05241859704256058 -0.8896583318710327 0.8501258492469788 0.04940173402428627 -0.5242568254470825 -1.650011658668518
0.5188490748405457 0.09168992936611176 0.8499343991279602 0.410771906375885 0.08999147266149521 -0.9945652484893799 0.05235655605792999 -0.8896648287773132 0.850115954875946 0.04932171106338501 -0.5242804884910583 -1.65004563331604
0.5188641548156738 0.09170355647802353 0.8499237298965454 0.4107719361782074 0.0900014266371727 -0.99456387758255 0.05236533656716347 -0.8896454572677612 0.8501056432723999 0.04932386428117752 -0.5242968797683716 -1.6500458717346191
0.5188508629798889 0.09164610505104065 0.8499380350112915 0.4109194278717041 0.0898539200425148 -0.9945759177207947 0.052389975637197495 -0.8896995186805725 0.8501293659210205 0.04918769374489784 -0.5242712497711182 -1.6499316692352295
0.5188512802124023 0.09162469208240509 0.8499401211738586 0.4108961820602417 0.08983542770147324 -0.9945783019065857 0.05237630382180214 -0.8897351622581482 0.850131094455719 0.04917922616004944 -0.5242692828178406 -1.6499581336975098
0.5188440084457397 0.09164001047611237 0.8499429225921631 0.4108964502811432 0.08984726667404175 -0.994576632976532 0.05238741636276245 -0.889721155166626 0.8501342535018921 0.0491841584444046 -0.5242636203765869 -1.6499496698379517
0.5189703702926636 0.09173170477151871 0.8498558402061462 0.4108690917491913 0.08984456956386566 -0.9945715665817261 0.05248783156275749 -0.8896841406822205 0.8500574231147766 0.04911531135439873 -0.524394690990448 -1.6500176191329956
0.5189689993858337 0.09172356873750687 0.8498575687408447 0.4108738601207733 0.08983978629112244 -0.9945723414421082 0.05248135328292847 -0.8896642923355103 0.8500587940216064 0.04911483824253082 -0.5243925452232361 -1.650011658668518
0.5189247727394104 0.09176334738731384 0.8498802781105042 0.41079363226890564 0.08989137411117554 -0.9945667386054993 0.05249907448887825 -0.8896644115447998 0.8500803112983704 0.04915384203195572 -0.5243539810180664 -1.6500699520111084
0.5189329385757446 0.09181725978851318 0.8498694896697998 0.41081729531288147 0.08978255093097687 -0.994569718837738 0.052628740668296814 -0.8896727561950684 0.8500868082046509 0.04899267107248306 -0.5243585109710693 -1.6500859260559082
0.5189348459243774 0.09179794788360596 0.8498703837394714 0.4108199179172516 0.0897819921374321 -0.9945709705352783 0.052606359124183655 -0.8896583914756775 0.8500857353210449 0.04900379106402397 -0.5243592858314514 -1.6500788927078247
0.5189759135246277 0.09176655113697052 0.8498486876487732 0.41077545285224915 0.08979672193527222 -0.9945722222328186 0.05255775526165962 -0.8896389603614807 0.8500590920448303 0.04903743043541908 -0.5243992805480957 -1.6500816345214844
0.5189570784568787 0.09172877669334412 0.8498642444610596 0.41077449917793274 0.08978913724422455 -0.9945749044418335 0.05251950025558472 -0.8896262645721436 0.850071370601654 0.04905322194099426 -0.5243778824806213 -1.6500698328018188
0.5190155506134033 0.0916634052991867 0.8498356342315674 0.41063880920410156 0.08974612504243851 -0.9945816397666931 0.05246558040380478 -0.8896000385284424 0.8500402569770813 0.04903901368379593 -0.5244296789169312 -1.6501598358154297
0.5190197229385376 0.09167946875095367 0.8498313426971436 0.41063016653060913 0.089754119515419 -0.9945802092552185 0.05247916653752327 -0.8895906805992126 0.8500368595123291 0.049038149416446686 -0.5244352221488953 -1.6501507759094238
0.5189679861068726 0.09169317036867142 0.8498614430427551 0.41094863414764404 0.08969746530056 -0.9945824146270752 0.05253364518284798 -0.8897365927696228 0.8500744104385376 0.048967145383358 -0.5243810415267944 -1.6499149799346924
0.5189152359962463 0.09170757234096527 0.8498921394348145 0.4109652638435364 0.08982041478157043 -0.994574248790741 0.05247821658849716 -0.8897903561592102 0.8500936627388 0.0491059310734272 -0.5243368744850159 -1.649924397468567
0.5189501047134399 0.09170574694871902 0.849871039390564 0.41096389293670654 0.08982820808887482 -0.9945740699768066 0.0524689182639122 -0.8897835612297058 0.8500715494155884 0.04911365360021591 -0.5243719816207886 -1.6499117612838745
0.5188567638397217 0.09171097725629807 0.8499274849891663 0.4109923839569092 0.08987119793891907 -0.9945709109306335 0.05245484411716461 -0.8898346424102783 0.850123941898346 0.0491674579679966 -0.524281919002533 -1.6499241590499878
0.5188376903533936 0.09170511364936829 0.8499397039413452 0.41099581122398376 0.08986469358205795 -0.9945715665817261 0.052453286945819855 -0.8898279070854187 0.8501362800598145 0.04916483908891678 -0.5242621898651123 -1.6499184370040894
0.5188438892364502 0.09173024445772171 0.8499332666397095 0.41099977493286133 0.08987853676080704 -0.9945692420005798 0.052473731338977814 -0.8898214101791382 0.8501310348510742 0.049165088683366776 -0.5242706537246704 -1.6499119997024536
0.5188955664634705 0.09165992587804794 0.849909245967865 0.4111241102218628 0.0897478386759758 -0.9945813417434692 0.05246855691075325 -0.8898277878761292 0.8501133322715759 0.04905182868242264 -0.5243100523948669 -1.6497808694839478
0.5188829302787781 0.09166047722101212 0.849916934967041 0.4111308753490448 0.08973310887813568 -0.9945821166038513 0.05247914418578148 -0.8898158073425293 0.8501225709915161 0.04903516545891762 -0.5242965817451477 -1.6497657299041748
0.5188654065132141 0.09165303409099579 0.8499284386634827 0.41114088892936707 0.08973044157028198 -0.9945826530456543 0.05247325077652931 -0.8898035287857056 0.8501335382461548 0.04903790354728699 -0.5242785215377808 -1.6497539281845093
0.5188932418823242 0.09166653454303741 0.8499099612236023 0.41115209460258484 0.089729443192482 -0.9945819973945618 0.05248778685927391 -0.8897870779037476 0.8501166701316833 0.04902639985084534 -0.5243069529533386 -1.6497381925582886
0.5188654661178589 0.09159614145755768 0.8499345183372498 0.41115954518318176 0.08976342529058456 -0.9945842623710632 0.052386339753866196 -0.8898634910583496 0.850130021572113 0.04911157861351967 -0.5242773294448853 -1.649787425994873
0.5188904404640198 0.09159501641988754 0.8499193787574768 0.41117292642593384 0.08977334946393967 -0.9945838451385498 0.05237720534205437 -0.8898540735244751 0.8501137495040894 0.04912209138274193 -0.5243027806282043 -1.6497807502746582
0.5188761949539185 0.09161029756069183 0.8499264121055603 0.4110010266304016 0.08983386307954788 -0.9945793747901917 0.05235873907804489 -0.8898068070411682 0.8501160144805908 0.04918447881937027 -0.5242931842803955 -1.6499172449111938
0.518875241279602 0.09158826619386673 0.8499293923377991 0.41101062297821045 0.08979706466197968 -0.9945828318595886 0.05235570669174194 -0.8897929787635803 0.850120484828949 0.049155093729496 -0.5242887139320374 -1.6499159336090088
0.5189085602760315 0.09158120304346085 0.8499098420143127 0.4110388159751892 0.08975991606712341 -0.9945855140686035 0.05236810818314552 -0.8898558020591736 0.8501040935516357 0.04911358281970024 -0.5243191719055176 -1.6498435735702515
0.5189862847328186 0.0914907306432724 0.8498721122741699 0.4109967052936554 0.08978568017482758 -0.9945898652076721 0.05224107578396797 -0.8898237943649292 0.8500539064407349 0.04919394850730896 -0.5243929624557495 -1.649902582168579
0.5188941359519958 0.09157013148069382 0.849919855594635 0.4112296402454376 0.08974319696426392 -0.9945871233940125 0.052366435527801514 -0.8899165391921997 0.8501147031784058 0.049101896584033966 -0.524303138256073 -1.6497509479522705
0.518885612487793 0.09158175438642502 0.8499237895011902 0.41142967343330383 0.08961694687604904 -0.9945936799049377 0.05245847627520561 -0.8900015354156494 0.8501331806182861 0.04894763231277466 -0.5242875218391418 -1.6496436595916748
0.5188986659049988 0.09156415611505508 0.8499177098274231 0.4114502966403961 0.08960743993520737 -0.9945953488349915 0.05244286730885506 -0.8899850845336914 0.8501262068748474 0.04894642159342766 -0.5242989659309387 -1.6496328115463257
0.5188485383987427 0.09162423014640808 0.8499418497085571 0.4113486707210541 0.08973000198602676 -0.9945843815803528 0.05244096741080284 -0.8899975419044495 0.8501439094543457 0.04905636981129646 -0.5242599844932556 -1.6496714353561401
0.5188718438148499 0.0916176587343216 0.8499283194541931 0.41136300563812256 0.0897228941321373 -0.9945852756500244 0.05243607982993126 -0.8899874091148376 0.8501304388046265 0.049050431698560715 -0.5242824554443359 -1.649662733078003
0.5188984274864197 0.09160802513360977 0.8499131202697754 0.41124141216278076 0.08970576524734497 -0.9945870041847229 0.052433572709560394 -0.889941394329071 0.8501160144805908 0.04903441667556763 -0.5243073105812073 -1.6497420072555542
0.518913984298706 0.09152724593877792 0.8499123454093933 0.41120848059654236 0.08966495841741562 -0.9945943355560303 0.052363164722919464 -0.8899245262145996 0.8501108288764954 0.04903538525104523 -0.524315595626831 -1.6497825384140015
0.5189189314842224 0.09152337908744812 0.8499097228050232 0.4112151265144348 0.08965110778808594 -0.9945954084396362 0.052366845309734344 -0.8899155855178833 0.8501092195510864 0.04902121052145958 -0.5243194699287415 -1.6497762203216553
0.5189225077629089 0.091396264731884 0.8499212265014648 0.41115421056747437 0.08959762006998062 -0.9946063160896301 0.05225083976984024 -0.8899281024932861 0.8501126766204834 0.04903678596019745 -0.524312436580658 -1.6497843265533447
0.5189104080200195 0.09137670695781708 0.8499307036399841 0.4111681282520294 0.08955509960651398 -0.9946099519729614 0.05225498974323273 -0.8899103403091431 0.8501245975494385 0.048999983817338943 -0.5242966413497925 -1.649768590927124
0.5189327001571655 0.09135428071022034 0.8499194979667664 0.4111284613609314 0.08953790366649628 -0.9946123957633972 0.0522378571331501 -0.8898448944091797 0.850112795829773 0.048992086201906204 -0.5243164896965027 -1.649796485900879
0.5189819931983948 0.09134949743747711 0.8498899340629578 0.41107499599456787 0.08948744833469391 -0.9946157932281494 0.052260056138038635 -0.8898377418518066 0.8500880002975464 0.04893246293067932 -0.5243622064590454 -1.6498587131500244
0.5190083980560303 0.09134222567081451 0.8498745560646057 0.4110909402370453 0.08946473896503448 -0.9946176409721375 0.0522637739777565 -0.8898199200630188 0.8500742316246033 0.048908475786447525 -0.5243867635726929 -1.649855613708496
0.5189455151557922 0.09139402955770493 0.849907398223877 0.41111037135124207 0.08957131206989288 -0.9946081042289734 0.05226290225982666 -0.8898603320121765 0.8501014709472656 0.04900573566555977 -0.5243335962295532 -1.6498743295669556
0.5189889669418335 0.09138236939907074 0.8498821258544922 0.41113749146461487 0.08955257385969162 -0.9946100115776062 0.052257880568504333 -0.8898781538009644 0.8500769138336182 0.04898788034915924 -0.5243750810623169 -1.6498548984527588
0.5189775228500366 0.09136161208152771 0.8498913645744324 0.4111573100090027 0.08952490240335464 -0.9946128726005554 0.052251432090997696 -0.8898686170578003 0.8500867486000061 0.04896912723779678 -0.5243607759475708 -1.6498539447784424
0.5190039277076721 0.09147082269191742 0.8498634696006775 0.41109487414360046 0.0897168219089508 -0.9945951700210571 0.052259065210819244 -0.8898462653160095 0.8500503897666931 0.049124397337436676 -0.5244052410125732 -1.6499156951904297
0.5189975500106812 0.0914502739906311 0.8498696088790894 0.41112250089645386 0.08970452845096588 -0.9945971369743347 0.052243027836084366 -0.889828085899353 0.8500556349754333 0.04912315681576729 -0.5243968963623047 -1.649914264678955
0.5189852714538574 0.09141448140144348 0.8498809337615967 0.4110146164894104 0.08968792110681534 -0.994600236415863 0.052212219685316086 -0.8897729516029358 0.8500648736953735 0.04912668839097023 -0.5243815779685974 -1.6499148607254028
0.5190233588218689 0.09146440774202347 0.8498522639274597 0.4108832776546478 0.0897209495306015 -0.9945954084396362 0.05224769935011864 -0.889717698097229 0.8500381112098694 0.049131788313388824 -0.5244244337081909 -1.6499829292297363
0.5190083980560303 0.09145960956811905 0.8498619198799133 0.4108961224555969 0.08970687538385391 -0.9945964217185974 0.052251771092414856 -0.8897016048431396 0.8500487208366394 0.049119360744953156 -0.5244084000587463 -1.6499823331832886
0.5190056562423706 0.09150391072034836 0.8498588800430298 0.4109800457954407 0.08974198997020721 -0.9945916533470154 0.05228213965892792 -0.8897622227668762 0.850046694278717 0.0491333082318306 -0.5244103670120239 -1.64998459815979
0.5189955830574036 0.09147918969392776 0.8498676419258118 0.4109996557235718 0.0897209644317627 -0.994594395160675 0.052266862243413925 -0.8897531032562256 0.8500550985336304 0.049124687910079956 -0.524397611618042 -1.6499888896942139
0.5190255641937256 0.09142670035362244 0.8498550057411194 0.41098451614379883 0.08966261148452759 -0.9946010708808899 0.05223940685391426 -0.8897662162780762 0.8500429391860962 0.04908664524555206 -0.5244208574295044 -1.6499813795089722
0.5190103054046631 0.09144914895296097 0.8498619198799133 0.4109993278980255 0.08968699723482132 -0.9945982694625854 0.0522516705095768 -0.8897581100463867 0.8500496745109558 0.049102410674095154 -0.5244084596633911 -1.6499834060668945
0.5190091133117676 0.09146196395158768 0.8498612642288208 0.41087228059768677 0.08971011638641357 -0.9945961236953735 0.05225248634815216 -0.889719545841217 0.8500479459762573 0.04912164807319641 -0.5244094133377075 -1.6500322818756104
0.5189355611801147 0.0915418490767479 0.849897563457489 0.4108242392539978 0.0898025631904602 -0.9945855736732483 0.05229392275214195 -0.8897234797477722 0.8500831127166748 0.04918581619858742 -0.5243464112281799 -1.650071382522583
0.5189220905303955 0.09153924882411957 0.8499060869216919 0.4108278751373291 0.08978981524705887 -0.9945864677429199 0.052299655973911285 -0.8897176384925842 0.8500927090644836 0.04917347431182861 -0.5243320465087891 -1.6500744819641113
0.518940806388855 0.0915599837899208 0.8498924374580383 0.4110978841781616 0.08971354365348816 -0.994589626789093 0.05236969143152237 -0.8898453712463379 0.8500893115997314 0.049070097506046295 -0.5243472456932068 -1.6498733758926392
0.5189200639724731 0.09157426655292511 0.8499035239219666 0.4111219346523285 0.0896979346871376 -0.9945895671844482 0.05239744484424591 -0.8898378610610962 0.8501036167144775 0.04904451221227646 -0.5243264436721802 -1.6498645544052124
0.5190050005912781 0.09168189018964767 0.8498401045799255 0.4111006259918213 0.08972685039043427 -0.9945815801620483 0.05249981954693794 -0.8897918462753296 0.8500487208366394 0.049005813896656036 -0.5244190692901611 -1.6499269008636475
0.5190278887748718 0.0917215347290039 0.8498218059539795 0.4108741283416748 0.08969000726938248 -0.9945813417434692 0.052567411214113235 -0.8897172212600708 0.8500386476516724 0.04893657937645912 -0.5244418382644653 -1.6500427722930908
0.5190126299858093 0.0917225033044815 0.8498310446739197 0.4108840227127075 0.08970776945352554 -0.9945802092552185 0.05255860462784767 -0.88970947265625 0.8500460982322693 0.04895787686109543 -0.5244277715682983 -1.6500415802001953
0.5190677642822266 0.0916467234492302 0.8498055338859558 0.4107244610786438 0.08959686756134033 -0.994591474533081 0.05253462865948677 -0.8896559476852417 0.8500241041183472 0.04887089133262634 -0.5244715213775635 -1.6501296758651733
0.5190528035163879 0.0916668176651001 0.8498125076293945 0.4107324481010437 0.08960185199975967 -0.9945898652076721 0.05255608260631561 -0.8896469473838806 0.8500326871871948 0.04886539652943611 -0.524458110332489 -1.6501290798187256
0.5190756916999817 0.09166543930768967 0.8497986793518066 0.41058415174484253 0.08958553522825241 -0.9945909976959229 0.05256298929452896 -0.8895641565322876 0.8500204682350159 0.04884551092982292 -0.5244798064231873 -1.6502271890640259
0.5190987586975098 0.09171177446842194 0.8497796058654785 0.4105868339538574 0.08958695828914642 -0.9945881366729736 0.05261479690670967 -0.8895500898361206 0.8500062227249146 0.04881690442562103 -0.5245055556297302 -1.6502262353897095
0.5191221237182617 0.09169263392686844 0.8497673869132996 0.41049063205718994 0.08953463286161423 -0.9945923686027527 0.05262311175465584 -0.8895071744918823 0.8499974608421326 0.048765797168016434 -0.5245245099067688 -1.6502784490585327
0.5191832780838013 0.09159758687019348 0.8497402667999268 0.41040658950805664 0.08956117928028107 -0.9945969581604004 0.05249137058854103 -0.889457643032074 0.8499573469161987 0.04885111004114151 -0.5245816111564636 -1.6503645181655884
0.5191239714622498 0.09161610901355743 0.8497744798660278 0.41045108437538147 0.08952126652002335 -0.9945979118347168 0.052541669458150864 -0.8894703984260559 0.8499977588653564 0.048797253519296646 -0.5245211124420166 -1.6503322124481201
0.5191068649291992 0.09159084409475327 0.8497876524925232 0.41044679284095764 0.08951658755540848 -0.9945996403694153 0.05251613259315491 -0.8894895911216736 0.8500086665153503 0.048808611929416656 -0.5245023369789124 -1.65031898021698
0.5190962553024292 0.0915936753153801 0.8497938513755798 0.4104408323764801 0.08951583504676819 -0.9945995211601257 0.05252062529325485 -0.8894751667976379 0.8500152230262756 0.048806753009557724 -0.5244918465614319 -1.6503208875656128
0.5190694332122803 0.09152813255786896 0.8498172760009766 0.4104992151260376 0.0894835963845253 -0.994605302810669 0.05246561020612717 -0.8895155787467957 0.8500350117683411 0.0488114207983017 -0.5244594216346741 -1.6502717733383179
0.519086480140686 0.09159546345472336 0.849799633026123 0.41054442524909973 0.08951802551746368 -0.9945992231369019 0.05252202972769737 -0.8895435333251953 0.8500210046768188 0.04880891740322113 -0.5244823694229126 -1.6502294540405273
0.5190855860710144 0.09161915630102158 0.8497976064682007 0.41054436564445496 0.08949990570545197 -0.9945988059043884 0.05256098881363869 -0.8895232081413269 0.8500233888626099 0.04877316206693649 -0.5244817733764648 -1.650225281715393
0.5191421508789062 0.09154072403907776 0.8497714996337891 0.41079798340797424 0.0894065573811531 -0.9946091771125793 0.05252299830317497 -0.8896365761756897 0.8499987125396729 0.04870825260877609 -0.5245278477668762 -1.650044560432434
0.5190454125404358 0.0915687307715416 0.8498275876045227 0.41086632013320923 0.0895032286643982 -0.9946016073226929 0.052502624690532684 -0.8897216320037842 0.8500476479530334 0.04881107434630394 -0.5244389772415161 -1.6499841213226318
0.5191195607185364 0.0915255919098854 0.8497869372367859 0.41118672490119934 0.08939866721630096 -0.9946104884147644 0.05251166969537735 -0.889832615852356 0.8500133156776428 0.048709992319345474 -0.5245039463043213 -1.6497684717178345
0.5191518068313599 0.09156786650419235 0.8497626781463623 0.41096583008766174 0.08945440500974655 -0.9946048259735107 0.052524592727422714 -0.8897269368171692 0.8499877452850342 0.04874678701162338 -0.524541974067688 -1.6499214172363281
0.5191383957862854 0.09157826006412506 0.8497697710990906 0.41097280383110046 0.08945385366678238 -0.9946041703224182 0.05253799259662628 -0.8897048830986023 0.849996030330658 0.048740699887275696 -0.5245291590690613 -1.6499080657958984
0.5191436409950256 0.09155593067407608 0.8497689962387085 0.4109402894973755 0.08945135027170181 -0.9946057200431824 0.05251305550336838 -0.8897126913070679 0.849993109703064 0.048751167953014374 -0.5245329737663269 -1.6499629020690918
0.5192025303840637 0.09154607355594635 0.8497340679168701 0.4107166826725006 0.08950246870517731 -0.9946035742759705 0.05246601998806 -0.8896268010139465 0.8499517440795898 0.04881281405687332 -0.5245941877365112 -1.6501332521438599
0.5191760659217834 0.09156503528356552 0.8497481942176819 0.410719096660614 0.08950357139110565 -0.9946022629737854 0.05248931050300598 -0.8896059393882751 0.8499677777290344 0.04880431294441223 -0.5245689749717712 -1.6501365900039673
0.519245982170105 0.09147021174430847 0.8497156500816345 0.41047292947769165 0.08945988863706589 -0.9946108460426331 0.05240057781338692 -0.8895007967948914 0.849929690361023 0.04880668967962265 -0.5246305465698242 -1.650303602218628
0.5192469954490662 0.09143377095460892 0.8497189879417419 0.41045892238616943 0.08942817896604538 -0.9946149587631226 0.052377428859472275 -0.8894820213317871 0.8499323725700378 0.04879200458526611 -0.5246275067329407 -1.6503033638000488
0.5192273855209351 0.09145409613847733 0.8497287631034851 0.410307377576828 0.08945350348949432 -0.9946121573448181 0.05238690599799156 -0.8894075155258179 0.8499417304992676 0.048810508102178574 -0.524610698223114 -1.650403380393982
0.5192646384239197 0.09123174101114273 0.8497298955917358 0.41027534008026123 0.08929495513439178 -0.9946350455284119 0.05222199112176895 -0.8893967270851135 0.8499356508255005 0.048759572207927704 -0.5246252417564392 -1.650366187095642
0.5192549228668213 0.09123841673135757 0.8497351408004761 0.410258948802948 0.08930544555187225 -0.9946340322494507 0.05222398415207863 -0.8893720507621765 0.8499404788017273 0.04876841977238655 -0.5246166586875916 -1.6503580808639526
0.5193426609039307 0.09114080667495728 0.8496919870376587 0.4100706875324249 0.0893663614988327 -0.9946368336677551 0.05206622555851936 -0.8892225623130798 0.8498804569244385 0.048893675208091736 -0.5247021913528442 -1.6505153179168701
0.5194044709205627 0.09129787981510162 0.8496373295783997 0.4102814793586731 0.08940956741571426 -0.9946249127388 0.05221925675868988 -0.8893369436264038 0.849838137626648 0.04884280264377594 -0.5247754454612732 -1.650413990020752
0.5193859934806824 0.09130983054637909 0.8496473431587219 0.4104134142398834 0.08934525400400162 -0.994627833366394 0.052274201065301895 -0.8893795013427734 0.8498561978340149 0.048761479556560516 -0.5247538089752197 -1.6503170728683472
0.5193473696708679 0.09130261838436127 0.8496717214584351 0.41036489605903625 0.08934791386127472 -0.9946279525756836 0.05226670950651169 -0.8893817663192749 0.8498795032501221 0.048771828413009644 -0.524715006351471 -1.6503576040267944
0.5193557143211365 0.09119445830583572 0.8496782183647156 0.4103776812553406 0.0893498957157135 -0.9946345090866089 0.0521383173763752 -0.8894131183624268 0.8498741984367371 0.04884033650159836 -0.5247172713279724 -1.6503527164459229
0.5193569660186768 0.0912015289068222 0.8496767282485962 0.4103124737739563 0.08942604064941406 -0.9946297407150269 0.052099499851465225 -0.8893580436706543 0.8498654365539551 0.048924997448921204 -0.5247235894203186 -1.6504555940628052
0.51934415102005 0.09121987968683243 0.8496825695037842 0.4102996587753296 0.08939966559410095 -0.9946300387382507 0.05213812738656998 -0.8893835544586182 0.8498760461807251 0.04888371378183365 -0.5247102379798889 -1.6504502296447754
0.519347608089447 0.09129708260297775 0.8496721982955933 0.4102315306663513 0.08935736119747162 -0.9946277737617493 0.05225438252091408 -0.8893720507621765 0.8498783707618713 0.048786286264657974 -0.5247155427932739 -1.650484323501587
0.5193293690681458 0.09131094068288803 0.8496818542480469 0.4102362096309662 0.08934478461742401 -0.9946275949478149 0.05227959156036377 -0.8893622756004333 0.8498908281326294 0.04876432195305824 -0.5246973633766174 -1.6504826545715332
0.519347608089447 0.09116709232330322 0.8496861457824707 0.4101431369781494 0.08930359780788422 -0.9946388602256775 0.0521354079246521 -0.8893216848373413 0.849884033203125 0.04880363866686821 -0.5247047543525696 -1.6505374908447266
0.5193694829940796 0.09105724096298218 0.8496845364570618 0.4100254476070404 0.0891966000199318 -0.9946517944335938 0.05207141116261482 -0.889291524887085 0.8498818874359131 0.04874467849731445 -0.5247136950492859 -1.6506290435791016
0.5193924903869629 0.09103957563638687 0.8496723771095276 0.41002514958381653 0.08919504284858704 -0.994653046131134 0.0520501434803009 -0.8892860412597656 0.8498679995536804 0.04875211790204048 -0.5247355699539185 -1.6506342887878418
0.5194006562232971 0.09106482565402985 0.8496646881103516 0.41002464294433594 0.08921794593334198 -0.9946501851081848 0.05206501856446266 -0.8892790079116821 0.8498606085777283 0.048762738704681396 -0.5247465372085571 -1.6506410837173462
0.5192908644676208 0.0910562202334404 0.8497327566146851 0.410134881734848 0.08928348869085312 -0.9946466088294983 0.05202186107635498 -0.889349639415741 0.8499208092689514 0.04885263741016388 -0.5246406197547913 -1.6506173610687256
0.5192936658859253 0.09106501936912537 0.8497300744056702 0.4102323651313782 0.08929812908172607 -0.9946452379226685 0.05202293023467064 -0.8894010782241821 0.8499175310134888 0.04886413365602493 -0.5246448516845703 -1.650527000427246
0.5193138718605042 0.09097956866025925 0.8497268557548523 0.41014739871025085 0.08924437314271927 -0.994653582572937 0.0519547276198864 -0.8893592357635498 0.8499108552932739 0.04885253682732582 -0.5246567726135254 -1.6505459547042847
0.5193164944648743 0.09098652005195618 0.849724531173706 0.4102349281311035 0.08920745551586151 -0.9946553111076355 0.0519854836165905 -0.8894181847572327 0.8499131202697754 0.04880484938621521 -0.5246574878692627 -1.6504569053649902
0.5193514823913574 0.09098569303750992 0.8497032523155212 0.41029730439186096 0.08924742043018341 -0.9946531653404236 0.05195748433470726 -0.8894071578979492 0.8498875498771667 0.04884963482618332 -0.5246947407722473 -1.6504024267196655
0.5193716287612915 0.09099932014942169 0.8496894836425781 0.4102989137172699 0.08924826234579086 -0.9946523904800415 0.05197156220674515 -0.889391303062439 0.8498751521110535 0.04884076490998268 -0.5247156620025635 -1.6503839492797852
0.519490122795105 0.09099975973367691 0.8496169447898865 0.4102919399738312 0.08932136744260788 -0.9946485757827759 0.05191895738244057 -0.8893439173698425 0.8497950434684753 0.04891756922006607 -0.5248382687568665 -1.6504225730895996
0.5194487571716309 0.09098193794488907 0.849644124507904 0.4103163480758667 0.0893251970410347 -0.9946492910385132 0.051898516714572906 -0.8894097805023193 0.8498198986053467 0.048936016857624054 -0.5247962474822998 -1.6504124402999878
0.5194173455238342 0.09096619486808777 0.8496650457382202 0.4103209674358368 0.08928678929805756 -0.9946523308753967 0.05190592259168625 -0.889400839805603 0.8498431444168091 0.04890303313732147 -0.5247616767883301 -1.650404453277588
0.5193995833396912 0.09097862243652344 0.8496745824813843 0.4103035032749176 0.08927343040704727 -0.994652271270752 0.051929913461208344 -0.8894081115722656 0.8498554229736328 0.04888099804520607 -0.5247438549995422 -1.6504303216934204
0.5194012522697449 0.09098779410123825 0.8496725559234619 0.4103105962276459 0.08928193151950836 -0.9946512579917908 0.051935289055109024 -0.8894019722938538 0.849853515625 0.04888516664505005 -0.5247465968132019 -1.650421142578125
0.5193854570388794 0.09098231047391891 0.8496828079223633 0.41035494208335876 0.08926554769277573 -0.9946524500846863 0.05194005370140076 -0.8894510269165039 0.8498649001121521 0.048870500177145004 -0.5247295498847961 -1.6503698825836182
0.5193526148796082 0.09095669537782669 0.8497056365013123 0.41036829352378845 0.08927386999130249 -0.9946534633636475 0.05190713703632355 -0.8894549608230591 0.8498840928077698 0.04889841005206108 -0.524695873260498 -1.6503440141677856
0.5193328261375427 0.09092729538679123 0.84972083568573 0.41038012504577637 0.0892384871840477 -0.9946572184562683 0.05189589783549309 -0.889439046382904 0.8498998880386353 0.0488765649497509 -0.5246723294258118 -1.6503260135650635
0.5193597078323364 0.0908576101064682 0.8497118949890137 0.41026532649993896 0.0892893597483635 -0.9946586489677429 0.05178111419081688 -0.8893955945968628 0.8498781323432922 0.04897722229361534 -0.5246981382369995 -1.6504143476486206
0.5193373560905457 0.09086514264345169 0.8497247695922852 0.41029128432273865 0.08927656710147858 -0.9946588277816772 0.051799334585666656 -0.8894274830818176 0.8498930931091309 0.04895918816328049 -0.5246755480766296 -1.6503939628601074
0.5193225741386414 0.09087494015693665 0.8497327566146851 0.41028860211372375 0.08927780389785767 -0.9946581125259399 0.051811039447784424 -0.8894138932228088 0.8499020338058472 0.04895564168691635 -0.5246614217758179 -1.650371789932251
0.5193223357200623 0.09089754521846771 0.8497304916381836 0.4103068709373474 0.0892924889922142 -0.9946559071540833 0.051828447729349136 -0.8894374966621399 0.8499006628990173 0.04895888641476631 -0.5246633887290955 -1.6503652334213257
0.5193134546279907 0.09088464081287384 0.849737286567688 0.41030755639076233 0.089290089905262 -0.9946568012237549 0.05181541666388512 -0.8894304633140564 0.8499062657356262 0.04896467924118042 -0.5246536731719971 -1.6503486633300781
0.5193137526512146 0.0908617228269577 0.8497395515441895 0.4104413092136383 0.08928555250167847 -0.9946584105491638 0.05179137364029884 -0.8895087242126465 0.8499065637588501 0.04897350072860718 -0.524652361869812 -1.6502712965011597
0.5193188786506653 0.09075703471899033 0.8497475981712341 0.41033118963241577 0.08925657719373703 -0.9946665167808533 0.051686376333236694 -0.8894785046577454 0.8499065041542053 0.049003858119249344 -0.5246496796607971 -1.650362253189087
0.519318163394928 0.09076520800590515 0.8497471213340759 0.4103386700153351 0.08925208449363708 -0.9946662783622742 0.05169875547289848 -0.8894737958908081 0.849907398223877 0.048993609845638275 -0.5246492028236389 -1.6503491401672363
0.5193706750869751 0.09086249023675919 0.8497046828269958 0.4104371666908264 0.08932221680879593 -0.9946564435958862 0.0517658032476902 -0.8894829750061035 0.8498679399490356 0.049011871218681335 -0.5247113704681396 -1.6503469944000244
0.5194932818412781 0.0909307524561882 0.8496224284172058 0.41062942147254944 0.0893918126821518 -0.9946487545967102 0.05179445445537567 -0.8895626664161682 0.8497856855392456 0.04904242604970932 -0.5248417258262634 -1.6502585411071777
0.5194869041442871 0.09092459082603455 0.8496269583702087 0.4106587767601013 0.08937669545412064 -0.9946499466896057 0.051797010004520416 -0.8895571827888489 0.8497912287712097 0.04902898892760277 -0.5248340964317322 -1.6502501964569092
0.5194529294967651 0.09105658531188965 0.8496336340904236 0.4108779728412628 0.08937684446573257 -0.9946417808532715 0.05195373669266701 -0.8897028565406799 0.8498119711875916 0.048950061202049255 -0.5248078107833862 -1.6500537395477295
0.519421398639679 0.09110474586486816 0.8496477007865906 0.41093480587005615 0.08940812200307846 -0.9946368932723999 0.05199291557073593 -0.8897439241409302 0.8498279452323914 0.04895918443799019 -0.5247811079025269 -1.6500056982040405
0.519444465637207 0.09121258556842804 0.8496220707893372 0.41107621788978577 0.08938265591859818 -0.994631826877594 0.05213334038853645 -0.8898348808288574 0.8498165011405945 0.04886110499501228 -0.5248087644577026 -1.6499356031417847
0.5194007754325867 0.09117185324430466 0.8496531248092651 0.41095128655433655 0.08939400315284729 -0.9946335554122925 0.05208158493041992 -0.8897563815116882 0.8498420119285583 0.048902690410614014 -0.5247635841369629 -1.6500041484832764
0.5193820595741272 0.09126538783311844 0.8496545553207397 0.41098862886428833 0.08936242759227753 -0.9946295619010925 0.052211835980415344 -0.8897949457168579 0.8498567938804626 0.04880931228399277 -0.5247483253479004 -1.6499977111816406
0.5193300247192383 0.09131928533315659 0.8496805429458618 0.41108790040016174 0.08937759697437286 -0.9946251511573792 0.05226906016469002 -0.8898690342903137 0.849886953830719 0.048797521740198135 -0.5247005224227905 -1.64993417263031
0.5193296670913696 0.09132132679224014 0.8496805429458618 0.4111139178276062 0.08937091380357742 -0.994625449180603 0.05227559804916382 -0.8898788690567017 0.8498879075050354 0.048788465559482574 -0.5246999263763428 -1.6499234437942505
0.5193504095077515 0.09129631519317627 0.8496705293655396 0.41098707914352417 0.08936447650194168 -0.9946274161338806 0.05224890634417534 -0.8898248672485352 0.8498758673667908 0.04879487678408623 -0.5247187614440918 -1.6499522924423218
0.5193515419960022 0.09129681438207626 0.8496698141098022 0.4110051989555359 0.08936350047588348 -0.9946274757385254 0.05225001275539398 -0.8898335695266724 0.8498753309249878 0.048793353140354156 -0.5247198343276978 -1.6499356031417847
0.5193300247192383 0.09130220860242844 0.8496823906898499 0.4109155237674713 0.08936218172311783 -0.9946271181106567 0.05225858837366104 -0.8897834420204163 0.8498885631561279 0.04879001900553703 -0.5246986150741577 -1.6499624252319336
0.5193576216697693 0.09120416641235352 0.8496760129928589 0.41073542833328247 0.08940475434064865 -0.9946308135986328 0.052115678787231445 -0.8897266983985901 0.8498672842979431 0.04889841377735138 -0.5247231125831604 -1.6500978469848633
0.5193402767181396 0.09121780842542648 0.8496851921081543 0.4107424318790436 0.08943881839513779 -0.9946279525756836 0.05211178958415985 -0.8897312879562378 0.8498742580413818 0.04893109202384949 -0.5247086882591248 -1.6500797271728516
0.5193344950675964 0.09114481508731842 0.8496965765953064 0.4109107255935669 0.08931203931570053 -0.9946396946907043 0.05210500583052635 -0.8897643089294434 0.849891185760498 0.04882821440696716 -0.5246909260749817 -1.6499499082565308
0.5193137526512146 0.0912197008728981 0.8497011661529541 0.4109783470630646 0.08934792876243591 -0.9946329593658447 0.05217190459370613 -0.8897948265075684 0.8499000668525696 0.0488254614174366 -0.5246767401695251 -1.649962306022644
0.5193272233009338 0.09121739119291306 0.8496931791305542 0.41099774837493896 0.08936386555433273 -0.9946322441101074 0.052158456295728683 -0.8897939324378967 0.8498901128768921 0.04884457215666771 -0.5246910452842712 -1.6499511003494263
0.5193058252334595 0.09122870117425919 0.8497051000595093 0.41096368432044983 0.08931604772806168 -0.994634211063385 0.05220264941453934 -0.8898219466209412 0.8499082326889038 0.04878316819667816 -0.5246674418449402 -1.649970293045044
0.5193102359771729 0.09121237695217133 0.8497041463851929 0.4109877347946167 0.08929455280303955 -0.9946364760398865 0.05219651758670807 -0.889822781085968 0.8499078154563904 0.04876777529716492 -0.5246695280075073 -1.6499544382095337
0.5192394256591797 0.09126517176628113 0.8497416973114014 0.4109385013580322 0.08939584344625473 -0.9946271181106567 0.052200544625520706 -0.8898024559020996 0.8499404191970825 0.04885880649089813 -0.524608314037323 -1.649977445602417
0.5192486047744751 0.0912359282374382 0.8497392535209656 0.4109289050102234 0.0893554612994194 -0.994631290435791 0.0521906241774559 -0.8897632360458374 0.8499390482902527 0.04882894456386566 -0.5246132612228394 -1.649962306022644
0.5191603302955627 0.09126713126897812 0.8497898578643799 0.41097912192344666 0.0894833356142044 -0.9946216940879822 0.052154168486595154 -0.8897837996482849 0.8499795198440552 0.048965662717819214 -0.5245349407196045 -1.6499528884887695
0.519068717956543 0.0912642702460289 0.8498461246490479 0.41096723079681396 0.08956682682037354 -0.9946167469024658 0.05210549011826515 -0.8898079991340637 0.8500267267227173 0.049071699380874634 -0.524448573589325 -1.6499933004379272
0.5191173553466797 0.09122535586357117 0.849820613861084 0.41079631447792053 0.08949607610702515 -0.9946233630180359 0.05210031941533089 -0.88973069190979 0.8500044345855713 0.04900943487882614 -0.524490475654602 -1.6500978469848633
0.5191268920898438 0.0911426693201065 0.8498235940933228 0.41059568524360657 0.08949030190706253 -0.9946287870407104 0.05200646072626114 -0.889629602432251 0.849999189376831 0.04905302822589874 -0.5244948863983154 -1.6501835584640503
0.5191687941551208 0.09100306034088135 0.8498129844665527 0.4104888439178467 0.08941859751939774 -0.9946416020393372 0.0518844798207283 -0.8896068334579468 0.8499811887741089 0.049052294343709946 -0.5245241522789001 -1.6502625942230225
0.5191838145256042 0.09099578857421875 0.8498045802116394 0.41046884655952454 0.08939799666404724 -0.9946433305740356 0.05188766494393349 -0.8896037936210632 0.8499741554260254 0.04903160035610199 -0.5245374441146851 -1.6502608060836792
0.5191564559936523 0.09093773365020752 0.8498275279998779 0.410592645406723 0.08934544771909714 -0.9946497678756714 0.05185398459434509 -0.8896178007125854 0.8499963879585266 0.04900789633393288 -0.5245036482810974 -1.650180697441101
0.5191361904144287 0.09093321859836578 0.8498403429985046 0.4106215536594391 0.08934289962053299 -0.99465012550354 0.05185164511203766 -0.8896363377571106 0.850009024143219 0.04900914430618286 -0.5244830846786499 -1.6501867771148682
0.5191890001296997 0.09083230793476105 0.8498188853263855 0.4104401171207428 0.08932709693908691 -0.9946573972702026 0.05173972621560097 -0.8895373344421387 0.8499784469604492 0.049049168825149536 -0.5245289206504822 -1.6503431797027588
0.5191814303398132 0.09090277552604675 0.8498160243034363 0.4104524254798889 0.08943401277065277 -0.9946469068527222 0.051756732165813446 -0.889538049697876 0.8499718308448792 0.04913133382797241 -0.524531900882721 -1.6503852605819702
0.5192285776138306 0.09095969051122665 0.8497810959815979 0.4105956256389618 0.08941198140382767 -0.9946448802947998 0.051833752542734146 -0.8895371556282043 0.8499453663825989 0.04906705766916275 -0.5245808362960815 -1.6503876447677612
0.5192517638206482 0.09113232791423798 0.8497484922409058 0.41055944561958313 0.08934478461742401 -0.9946382641792297 0.052075743675231934 -0.8895230889320374 0.8499382734298706 0.04888018220663071 -0.5246097445487976 -1.6503889560699463
0.5192281603813171 0.09112542122602463 0.8497635722160339 0.410574734210968 0.089373879134655 -0.9946369528770447 0.05205128714442253 -0.8894974589347839 0.8499495983123779 0.04892018064856529 -0.5245876908302307 -1.6504005193710327
0.5192764401435852 0.09110309928655624 0.8497365117073059 0.41033196449279785 0.08926466852426529 -0.9946447610855103 0.05208931863307953 -0.8894141316413879 0.8499315977096558 0.0488026961684227 -0.5246278047561646 -1.6504775285720825
