# 3x4 first row second row third row Freq: 100 current Time: 2021-07-31-13:47:26
0.40411102771759033 -0.5294591188430786 0.7459003329277039 0.006087948102504015 0.13378284871578217 -0.7724701762199402 -0.6207994818687439 -0.7620370388031006 0.9048736691474915 0.3506605625152588 -0.24133114516735077 -1.9641841650009155
0.40406036376953125 -0.529599130153656 0.74582839012146 0.00629248283803463 0.1337813287973404 -0.7723705768585205 -0.6209236979484558 -0.7620974183082581 0.9048965573310852 0.3506685495376587 -0.24123385548591614 -1.9640781879425049
0.40405064821243286 -0.529599666595459 0.7458332777023315 0.006411174312233925 0.13380223512649536 -0.772365152835846 -0.6209259033203125 -0.7621474862098694 0.9048978090286255 0.3506796658039093 -0.24121299386024475 -1.9640408754348755
0.40401121973991394 -0.5296013951301575 0.7458533644676208 0.006589515600353479 0.13378499448299408 -0.7723830938339233 -0.6209073066711426 -0.7623291015625 0.9049179553985596 0.3506374955177307 -0.24119868874549866 -1.96378755569458
0.4040539562702179 -0.5295670032501221 0.7458546757698059 0.006155884359031916 0.13384196162223816 -0.7723758816719055 -0.6209040284156799 -0.7620919346809387 0.9048904180526733 0.3507053852081299 -0.24120323359966278 -1.9640980958938599
0.4040627181529999 -0.5295623540878296 0.7458531856536865 0.006262898910790682 0.13384921848773956 -0.7723740935325623 -0.6209046840667725 -0.7621506452560425 0.904885470867157 0.3507162928581238 -0.24120603501796722 -1.96406090259552
0.4040411710739136 -0.5295899510383606 0.7458452582359314 0.006066870875656605 0.1339481770992279 -0.7723196744918823 -0.6209509968757629 -0.7620052099227905 0.9048804044723511 0.35079437494277954 -0.24111133813858032 -1.9641703367233276
0.4040444493293762 -0.5296164751052856 0.7458246946334839 0.006175507791340351 0.13394296169281006 -0.7722986340522766 -0.6209783554077148 -0.762057363986969 0.9048797488212585 0.3508008122444153 -0.24110454320907593 -1.964135766029358
0.4040473997592926 -0.5296258330345154 0.7458164095878601 0.005963286384940147 0.13397963345050812 -0.7722756266593933 -0.6209989786148071 -0.76191246509552 0.9048730134963989 0.35083723068237305 -0.24107685685157776 -1.9642035961151123
0.4040467143058777 -0.5296278595924377 0.7458153367042542 0.006063475273549557 0.13397853076457977 -0.7722746133804321 -0.6210005283355713 -0.7619615793228149 0.9048734903335571 0.35083645582199097 -0.24107623100280762 -1.9641739130020142
0.4039897322654724 -0.5296737551689148 0.7458136677742004 0.006139220204204321 0.13389721512794495 -0.7722862958908081 -0.6210035085678101 -0.7619801759719849 0.9049109220504761 0.3507414162158966 -0.24107389152050018 -1.9641547203063965
0.4039895832538605 -0.5296736359596252 0.7458138465881348 0.00625822925940156 0.1339000016450882 -0.7722854018211365 -0.621004045009613 -0.7620342373847961 0.9049106240272522 0.3507436215877533 -0.2410719394683838 -1.964123249053955
0.40406906604766846 -0.5296123623847961 0.7458142638206482 0.005865160841494799 0.13391725718975067 -0.7723040580749512 -0.6209771037101746 -0.7618380188941956 0.9048725366592407 0.35079506039619446 -0.24113993346691132 -1.9643831253051758
0.40399861335754395 -0.5295237898826599 0.7459153532981873 0.00581173924729228 0.13388653099536896 -0.7724124193191528 -0.6208488941192627 -0.7618998289108276 0.9049085378646851 0.350690096616745 -0.2411574423313141 -1.9643539190292358
0.403996080160141 -0.5295060873031616 0.7459292411804199 0.00590522913262248 0.133924201130867 -0.7724133133888245 -0.6208396553993225 -0.7619615793228149 0.9049041271209717 0.350714772939682 -0.2411382794380188 -1.9643290042877197
0.40392208099365234 -0.5296623706817627 0.745858371257782 0.006170850247144699 0.13392037153244019 -0.7723086476325989 -0.6209707856178284 -0.7620965838432312 0.904937744140625 0.3507094383239746 -0.24101990461349487 -1.9641131162643433
0.4039192199707031 -0.5296623110771179 0.7458599805831909 0.00627485103905201 0.13392077386379242 -0.772309422492981 -0.6209696531295776 -0.7621543407440186 0.9049389362335205 0.3507077097892761 -0.24101783335208893 -1.9640793800354004
0.40398210287094116 -0.5297160744667053 0.7457877397537231 0.006062312982976437 0.13394644856452942 -0.7722344398498535 -0.621057391166687 -0.7620301246643066 0.9049070477485657 0.35079169273376465 -0.24101528525352478 -1.9641575813293457
0.4039653539657593 -0.5297132134437561 0.7457988262176514 0.00616556778550148 0.1339740753173828 -0.7722315192222595 -0.6210550665855408 -0.7620930075645447 0.9049104452133179 0.3508024215698242 -0.2409869283437729 -1.9641200304031372
0.4040772616863251 -0.5297513604164124 0.745711088180542 0.005959829781204462 0.1339811533689499 -0.7721608877182007 -0.6211413741111755 -0.7619450688362122 0.9048594236373901 0.3509003221988678 -0.24103593826293945 -1.9642115831375122
0.40406736731529236 -0.5297502875328064 0.7457172274589539 0.006047368049621582 0.13399788737297058 -0.7721584439277649 -0.621140718460083 -0.7619972825050354 0.9048613905906677 0.35090723633766174 -0.24101859331130981 -1.9641785621643066
0.40403616428375244 -0.5298789143562317 0.7456427812576294 0.0063166068866848946 0.1339849829673767 -0.7720664143562317 -0.6212579607963562 -0.7621552348136902 0.904877245426178 0.3509156107902527 -0.2409469187259674 -1.9639825820922852
0.4039779305458069 -0.5299562811851501 0.7456192970275879 0.006515093147754669 0.1339392215013504 -0.7720385193824768 -0.6213024854660034 -0.7623110413551331 0.9049099683761597 0.3508601784706116 -0.2409045696258545 -1.963822603225708
0.4039715826511383 -0.5299815535545349 0.7456047534942627 0.006627552676945925 0.1339310258626938 -0.7720226645469666 -0.6213239431381226 -0.7623692750930786 0.9049140214920044 0.35085684061050415 -0.24089421331882477 -1.9637761116027832
0.40394848585128784 -0.5300115942955017 0.7455959320068359 0.0068842885084450245 0.1339312493801117 -0.772005021572113 -0.6213458180427551 -0.76254802942276 0.9049243330955505 0.35085031390190125 -0.24086512625217438 -1.9635807275772095
0.4039308428764343 -0.5300331115722656 0.7455902099609375 0.007010722532868385 0.13394005596637726 -0.7719893455505371 -0.6213634014129639 -0.7626153230667114 0.9049308896064758 0.35085222125053406 -0.24083761870861053 -1.9635229110717773
0.40399301052093506 -0.5299285054206848 0.7456308603286743 0.006523064337670803 0.13398905098438263 -0.7720374464988708 -0.6212930679321289 -0.7623399496078491 0.9048959016799927 0.3509044349193573 -0.24089311063289642 -1.9637867212295532
0.40398699045181274 -0.529937207698822 0.7456279397010803 0.006628355477005243 0.13397890329360962 -0.772036075592041 -0.6212969422340393 -0.7623974680900574 0.904900074005127 0.3508943021297455 -0.24089209735393524 -1.9637380838394165
0.40392550826072693 -0.5299219489097595 0.7456721067428589 0.006930320058017969 0.1340140849351883 -0.7720550298690796 -0.6212658286094666 -0.7626208066940308 0.9049223065376282 0.3508756756782532 -0.24083569645881653 -1.9635370969772339
0.40392252802848816 -0.5299452543258667 0.745657205581665 0.007068492006510496 0.13401447236537933 -0.7720364332199097 -0.6212888360023499 -0.762700080871582 0.9049236178398132 0.3508813977241516 -0.24082255363464355 -1.9634819030761719
0.40386131405830383 -0.5299598574638367 0.7456799149513245 0.007307757623493671 0.1340363621711731 -0.772035539150238 -0.6212852597236633 -0.7628825902938843 0.9049476385116577 0.3508613109588623 -0.24076136946678162 -1.963322401046753
0.40385279059410095 -0.5298548936843872 0.745759129524231 0.00737300468608737 0.13408678770065308 -0.7721061706542969 -0.6211865544319153 -0.7629740238189697 0.9049440026283264 0.35086438059806824 -0.24077069759368896 -1.9632785320281982
0.40385642647743225 -0.5298458933830261 0.7457635402679443 0.007550868671387434 0.13407355546951294 -0.7721176147460938 -0.6211751699447632 -0.7630828619003296 0.9049443602561951 0.35085275769233704 -0.24078631401062012 -1.9632046222686768
0.40391120314598083 -0.5297418236732483 0.7458078265190125 0.007097650319337845 0.1340685784816742 -0.7721885442733765 -0.6210880875587463 -0.7628127336502075 0.9049206376075745 0.350853830575943 -0.24087385833263397 -1.9634162187576294
0.4038827419281006 -0.5297315716743469 0.7458305358886719 0.007226081099361181 0.13409137725830078 -0.772197425365448 -0.6210721135139465 -0.7628989219665527 0.9049299359321594 0.35084977746009827 -0.24084477126598358 -1.9633549451828003
0.4037061333656311 -0.5298230051994324 0.7458611726760864 0.007309939246624708 0.13405786454677582 -0.7721912860870361 -0.6210870146751404 -0.762929379940033 0.9050137400627136 0.3507252037525177 -0.24071140587329865 -1.9632678031921387
0.4037805199623108 -0.5298275351524353 0.7458177208900452 0.007022861856967211 0.13407593965530396 -0.7721564769744873 -0.6211263537406921 -0.7627137899398804 0.9049778580665588 0.3507949411869049 -0.24074460566043854 -1.9634406566619873
0.4037642776966095 -0.5298247337341309 0.7458285093307495 0.007160749286413193 0.13410475850105286 -0.7721529006958008 -0.6211245656013489 -0.7627957463264465 0.9049808382987976 0.3508070707321167 -0.24071574211120605 -1.963375449180603
0.4036504328250885 -0.5299549698829651 0.7457975745201111 0.007301771081984043 0.13409312069416046 -0.7720856666564941 -0.6212106943130493 -0.7628838419914246 0.9050333499908447 0.35075828433036804 -0.24058939516544342 -1.9632635116577148
0.40365156531333923 -0.5299379229545593 0.7458090782165527 0.007442177273333073 0.13410061597824097 -0.772096574306488 -0.6211954951286316 -0.7629597187042236 0.9050317406654358 0.35075998306274414 -0.24059298634529114 -1.9631931781768799
0.40366050601005554 -0.5299351215362549 0.7458062171936035 0.007119481917470694 0.13396713137626648 -0.7721477746963501 -0.6211606860160828 -0.7627726793289185 0.9050474762916565 0.3506515324115753 -0.2406916618347168 -1.9633861780166626
0.4036736488342285 -0.5299599766731262 0.745781421661377 0.007337351329624653 0.1340359002351761 -0.7720962166786194 -0.621209979057312 -0.7629029154777527 0.9050314426422119 0.3507275879383087 -0.24064120650291443 -1.9632492065429688
0.4037693440914154 -0.5299431085586548 0.7457416653633118 0.006981690414249897 0.13398975133895874 -0.7720972299575806 -0.6212186217308044 -0.762671172618866 0.9049956202507019 0.35075074434280396 -0.24074223637580872 -1.9634926319122314
0.40384432673454285 -0.5298142433166504 0.7457926273345947 0.006748388521373272 0.13402283191680908 -0.7721675634384155 -0.6211240291595459 -0.762538731098175 0.9049572348594666 0.3507906496524811 -0.240828275680542 -1.963640809059143
0.4038202166557312 -0.5298174023628235 0.7458034157752991 0.0068560633808374405 0.13403964042663574 -0.7721661925315857 -0.6211221814155579 -0.7626031041145325 0.9049655199050903 0.3507888913154602 -0.24079975485801697 -1.9635860919952393
0.403756707906723 -0.5298016667366028 0.7458489537239075 0.0066673937253654 0.13394005596637726 -0.7722383737564087 -0.6210538744926453 -0.7625097632408142 0.9050086140632629 0.3506537079811096 -0.24083474278450012 -1.9636746644973755
0.4037293493747711 -0.5297918915748596 0.7458707094192505 0.006767502520233393 0.13395476341247559 -0.7722496390342712 -0.62103670835495 -0.7625691890716553 0.9050186276435852 0.35064366459846497 -0.24081169068813324 -1.9636224508285522
0.40364590287208557 -0.529840350151062 0.7458814978599548 0.006630140356719494 0.13393740355968475 -0.7722429633140564 -0.6210487484931946 -0.7624479532241821 0.9050584435462952 0.3505851924419403 -0.24074724316596985 -1.963688611984253
0.40363574028015137 -0.5298299789428711 0.7458943128585815 0.006719473283737898 0.13396604359149933 -0.7722437381744385 -0.6210415959358215 -0.7624974846839905 0.905058741569519 0.350599080324173 -0.24072593450546265 -1.9636448621749878
0.40347960591316223 -0.5299072861671448 0.7459238767623901 0.006854325998574495 0.13394147157669067 -0.7722392678260803 -0.6210524439811707 -0.7625640630722046 0.9051319360733032 0.3504921495914459 -0.24060620367527008 -1.963549256324768
0.40344175696372986 -0.5298777222633362 0.7459653615951538 0.006510281469672918 0.13394373655319214 -0.7722752094268799 -0.6210072636604309 -0.7623664736747742 0.9051485061645508 0.35045763850212097 -0.24059425294399261 -1.9637538194656372
0.40344589948654175 -0.5298612117767334 0.7459748387336731 0.00659813079982996 0.13394784927368164 -0.7722859978675842 -0.6209929585456848 -0.7624161243438721 0.905146062374115 0.3504587709903717 -0.24060183763504028 -1.96370267868042
0.4035557210445404 -0.5298855900764465 0.7458981275558472 0.006925114430487156 0.13385894894599915 -0.7722647786140442 -0.621038556098938 -0.7625870108604431 0.905110239982605 0.35046878457069397 -0.2407219260931015 -1.9635530710220337
0.40352800488471985 -0.5299133658409119 0.7458934187889099 0.007035743910819292 0.1338750571012497 -0.7722443342208862 -0.6210604906082153 -0.7626374959945679 0.9051201939582825 0.3504718244075775 -0.2406800091266632 -1.9635051488876343
0.4035343527793884 -0.5299888253211975 0.7458363175392151 0.007280939724296331 0.1338011622428894 -0.772208034992218 -0.6211215257644653 -0.7627353668212891 0.9051283001899719 0.35043764114379883 -0.24069935083389282 -1.9632923603057861
0.40350988507270813 -0.5300340056419373 0.7458174824714661 0.0075389123521745205 0.133836567401886 -0.7721646428108215 -0.6211678981781006 -0.7628999352455139 0.9051339626312256 0.3504650294780731 -0.2406381070613861 -1.963181972503662
0.4035791754722595 -0.530001699924469 0.7458029389381409 0.00756025081500411 0.13390052318572998 -0.7721443772315979 -0.6211792230606079 -0.7629949450492859 0.9050936102867126 0.35055840015411377 -0.2406538724899292 -1.9631401300430298
0.4035840332508087 -0.5300187468528748 0.7457881569862366 0.007638564333319664 0.1339368224143982 -0.7721145153045654 -0.6212084889411926 -0.7631089687347412 0.905086100101471 0.3505983352661133 -0.24062404036521912 -1.9630557298660278
0.40356606245040894 -0.5300398468971252 0.7457829713821411 0.007777904625982046 0.13393478095531464 -0.7721036076545715 -0.6212225556373596 -0.7631876468658447 0.9050944447517395 0.35059061646461487 -0.24060402810573578 -1.9629807472229004
0.4034103453159332 -0.5301626324653625 0.7457799315452576 0.007904928177595139 0.1339174062013626 -0.7720583081245422 -0.6212826371192932 -0.7633446455001831 0.9051663875579834 0.35050472617149353 -0.24045829474925995 -1.962838053703308
0.4035522937774658 -0.53013014793396 0.7457262277603149 0.007490783929824829 0.1339118331670761 -0.7720416784286499 -0.621304452419281 -0.7630482316017151 0.9051039218902588 0.35059037804603577 -0.24056848883628845 -1.9630920886993408
0.40355464816093445 -0.5301204919815063 0.745731770992279 0.0076082441955804825 0.13392004370689392 -0.7720457911491394 -0.6212975382804871 -0.7631229162216187 0.9051016569137573 0.35059595108032227 -0.24056890606880188 -1.9630261659622192
0.4035375118255615 -0.5300235748291016 0.7458099722862244 0.007088933605700731 0.13386386632919312 -0.7721537947654724 -0.6211754083633423 -0.7628414630889893 0.9051176309585571 0.3505045771598816 -0.2406420111656189 -1.9633997678756714
0.4035228490829468 -0.5300369262695312 0.7458084225654602 0.0071930293925106525 0.13388098776340485 -0.7721408009529114 -0.6211879253387451 -0.7629178166389465 0.9051216244697571 0.3505130708217621 -0.24061457812786102 -1.9633549451828003
0.4035056531429291 -0.530126690864563 0.7457538843154907 0.006925682537257671 0.1337713748216629 -0.7721139788627625 -0.6212448477745056 -0.7627394199371338 0.905145525932312 0.35043632984161377 -0.24063658714294434 -1.9634958505630493
0.4035189151763916 -0.530147135257721 0.7457321882247925 0.007016062270849943 0.13378466665744781 -0.7720875144004822 -0.6212748885154724 -0.7628059387207031 0.9051376581192017 0.3504636883735657 -0.24062635004520416 -1.9634560346603394
0.4035852551460266 -0.5301538109779358 0.7456915378570557 0.006771145388484001 0.13366086781024933 -0.7721085548400879 -0.6212754249572754 -0.7626227140426636 0.9051263332366943 0.3504073917865753 -0.24075078964233398 -1.9636235237121582
0.40366753935813904 -0.5301557183265686 0.7456456422805786 0.0069112288765609264 0.13377152383327484 -0.7720375061035156 -0.6213398575782776 -0.7626677751541138 0.9050732851028442 0.35056087374687195 -0.24072672426700592 -1.963536024093628
0.40369293093681335 -0.5301380753517151 0.7456444501876831 0.00703827990218997 0.13378337025642395 -0.7720394730567932 -0.6213349103927612 -0.7627419829368591 0.9050602316856384 0.35058334469795227 -0.24074319005012512 -1.9634859561920166
0.40359318256378174 -0.5300830602645874 0.7457375526428223 0.0067167943343520164 0.13377460837364197 -0.7721208930015564 -0.6212356090545654 -0.7625426054000854 0.9051060080528259 0.35048720240592957 -0.2407110631465912 -1.9636191129684448
0.40366873145103455 -0.5300291776657104 0.7457349300384521 0.0068015120923519135 0.1338857263326645 -0.7720983624458313 -0.6212396621704102 -0.7625938653945923 0.9050558805465698 0.35061827301979065 -0.2407086193561554 -1.9636338949203491
0.4036423861980438 -0.5300573110580444 0.7457292079925537 0.006923553999513388 0.13387972116470337 -0.7720857262611389 -0.6212566494941711 -0.762662410736084 0.9050685167312622 0.35060352087020874 -0.24068258702754974 -1.9635984897613525
0.40362995862960815 -0.5301507115364075 0.7456695437431335 0.007155995350331068 0.13383206725120544 -0.7720304131507874 -0.6213356256484985 -0.7627949714660645 0.9050810933113098 0.3505841791629791 -0.24066342413425446 -1.963391661643982
0.4036343991756439 -0.5301466584205627 0.7456700205802917 0.007271621376276016 0.1338529735803604 -0.7720242142677307 -0.6213388442993164 -0.7628563046455383 0.9050760269165039 0.350603848695755 -0.24065379798412323 -1.963348388671875
0.40368279814720154 -0.5301058292388916 0.745672881603241 0.006850379519164562 0.13372467458248138 -0.772092342376709 -0.6212818026542664 -0.7625606656074524 0.9050734043121338 0.3505156338214874 -0.2407921552658081 -1.9635149240493774
0.4035705327987671 -0.5301783084869385 0.7456820607185364 0.007021981757134199 0.1336880922317505 -0.7720822691917419 -0.6213021874427795 -0.7627114653587341 0.9051288962364197 0.35042804479599 -0.24071110785007477 -1.9634579420089722
0.40358278155326843 -0.530163586139679 0.7456859350204468 0.007157249376177788 0.13369806110858917 -0.7720867991447449 -0.6212944388389587 -0.762786865234375 0.9051219820976257 0.35044050216674805 -0.24071907997131348 -1.9634069204330444
0.4036441743373871 -0.5301211476325989 0.7456828355789185 0.006726807914674282 0.133630633354187 -0.7721284031867981 -0.6212571859359741 -0.7625412344932556 0.9051045179367065 0.35041293501853943 -0.24082469940185547 -1.9636601209640503
0.40361925959587097 -0.530130922794342 0.7456893920898438 0.006815058644860983 0.13364605605602264 -0.7721223831176758 -0.6212614178657532 -0.7625917196273804 0.9051133990287781 0.3504115045070648 -0.24079352617263794 -1.9636237621307373
0.4035967290401459 -0.5301017761230469 0.7457222938537598 0.006477046757936478 0.13353368639945984 -0.772197425365448 -0.6211923360824585 -0.7623609900474548 0.9051399827003479 0.3502902388572693 -0.2408698946237564 -1.9638513326644897
0.403590589761734 -0.5300864577293396 0.7457365393638611 0.0065659829415380955 0.13355201482772827 -0.7722050547599792 -0.6211788654327393 -0.7624086141586304 0.9051400423049927 0.3502965569496155 -0.24086056649684906 -1.9638185501098633
0.4036901593208313 -0.5300729274749756 0.745692253112793 0.0063241152092814445 0.13345959782600403 -0.7722199559211731 -0.6211801767349243 -0.7622427344322205 0.9051092863082886 0.3502840995788574 -0.24099425971508026 -1.96396005153656
0.4036577045917511 -0.5300683975219727 0.7457130551338196 0.006558857858181 0.13352881371974945 -0.7722074389457703 -0.6211808919906616 -0.7623859643936157 0.9051135182380676 0.3503186106681824 -0.2409280687570572 -1.963754415512085
0.4036736786365509 -0.5300616025924683 0.745709240436554 0.006667035631835461 0.13354118168354034 -0.7722031474113464 -0.6211835741996765 -0.7624399065971375 0.9051045775413513 0.350338339805603 -0.24093301594257355 -1.9637051820755005
0.4035448431968689 -0.530121922492981 0.7457360625267029 0.006702851504087448 0.13339969515800476 -0.772249162197113 -0.6211567521095276 -0.7624538540840149 0.9051828980445862 0.350145548582077 -0.2409190684556961 -1.9636732339859009
0.40349793434143066 -0.5301875472068787 0.7457147836685181 0.00689742062240839 0.13343405723571777 -0.772196352481842 -0.6212150454521179 -0.7625900506973267 0.9051987528800964 0.3501627445220947 -0.24083451926708221 -1.9635505676269531
0.4035091996192932 -0.5301909446716309 0.7457062602043152 0.00701322965323925 0.13343445956707 -0.772189736366272 -0.6212231516838074 -0.7626450061798096 0.9051936268806458 0.3501721918582916 -0.2408399134874344 -1.9635039567947388
0.40347617864608765 -0.5302629470825195 0.7456729412078857 0.007206355687230825 0.1335231214761734 -0.7721060514450073 -0.6213080883026123 -0.7627699971199036 0.9051952958106995 0.3502475917339325 -0.24072402715682983 -1.9633582830429077
0.4034644365310669 -0.5302615761756897 0.7456802725791931 0.007324861828237772 0.1335274577140808 -0.77210932970047 -0.621303141117096 -0.7628284692764282 0.9051998853683472 0.3502424955368042 -0.24071413278579712 -1.9633064270019531
0.4034700393676758 -0.5302484631538391 0.7456865906715393 0.006862565875053406 0.1335698515176773 -0.7721020579338074 -0.6213030219078064 -0.7625924944877625 0.9051911234855652 0.35027840733528137 -0.2406948208808899 -1.963539719581604
0.4034688174724579 -0.5302487015724182 0.7456870675086975 0.006960625760257244 0.1336061805486679 -0.7720881700515747 -0.6213124990463257 -0.7626515626907349 0.9051862955093384 0.3503086268901825 -0.24066899716854095 -1.9634956121444702
0.40342575311660767 -0.5302695035934448 0.7456955909729004 0.006829753052443266 0.1335877776145935 -0.772091805934906 -0.6213119029998779 -0.7626036405563354 0.9052082300186157 0.35026901960372925 -0.2406441867351532 -1.963559627532959
0.4035224914550781 -0.5302166938781738 0.7456808090209961 0.00641421927139163 0.13365931808948517 -0.7720769643783569 -0.6213149428367615 -0.7623127102851868 0.9051545858383179 0.3503817319869995 -0.24068200588226318 -1.9638625383377075
0.4035094380378723 -0.5302097797393799 0.7456927299499512 0.006491010542958975 0.13367746770381927 -0.7720798850059509 -0.6213074326515198 -0.7623529434204102 0.9051576852798462 0.35038572549819946 -0.24066440761089325 -1.9638330936431885
0.4036042094230652 -0.53019118309021 0.7456547021865845 0.006259553134441376 0.13376779854297638 -0.7720298171043396 -0.6213501691818237 -0.7621620893478394 0.9051020741462708 0.3505241274833679 -0.24067196249961853 -1.9639837741851807
0.4036203920841217 -0.5302051901817322 0.745635986328125 0.006345139816403389 0.13375602662563324 -0.7720174789428711 -0.6213680505752563 -0.7622023224830627 0.9050966501235962 0.35053011775016785 -0.24068383872509003 -1.9639581441879272
0.4036402702331543 -0.5301601886749268 0.7456572651863098 0.00619313633069396 0.1338840276002884 -0.7719990611076355 -0.6213634014129639 -0.7620726227760315 0.9050688147544861 0.35063889622688293 -0.2406298965215683 -1.9640867710113525
0.403643935918808 -0.5300890803337097 0.745705783367157 0.005865951534360647 0.13373596966266632 -0.7721144556999207 -0.6212519407272339 -0.7618736028671265 0.9050890803337097 0.3504922389984131 -0.24076731503009796 -1.9642714262008667
0.4036562442779541 -0.530127763748169 0.7456716299057007 0.005844942759722471 0.1336004137992859 -0.7721307277679443 -0.6212608814239502 -0.7619041204452515 0.9051036238670349 0.35039785504341125 -0.2408500611782074 -1.9642704725265503
0.4036385715007782 -0.5301519632339478 0.7456639409065247 0.005905853118747473 0.13361786305904388 -0.7721094489097595 -0.6212834715843201 -0.7619349956512451 0.9051089286804199 0.35040801763534546 -0.24081538617610931 -1.9642513990402222
0.40377143025398254 -0.5300472378730774 0.74566650390625 0.005709211342036724 0.13364654779434204 -0.7721428275108337 -0.6212359070777893 -0.7618302702903748 0.9050454497337341 0.35049304366111755 -0.2409301996231079 -1.96438467502594
0.4037773013114929 -0.5300400853157043 0.7456684112548828 0.005770198069512844 0.13365429639816284 -0.7721438407897949 -0.6212329268455505 -0.7618571519851685 0.9050416350364685 0.35050153732299805 -0.24093201756477356 -1.9643663167953491
0.4038218557834625 -0.5299484729766846 0.7457094192504883 0.00542061123996973 0.13354556262493134 -0.7722479104995728 -0.6211269497871399 -0.7616211175918579 0.9050378203392029 0.3504108190536499 -0.24107830226421356 -1.9645746946334839
0.40378180146217346 -0.5299733877182007 0.7457134127616882 0.0054413327015936375 0.133400559425354 -0.7722961902618408 -0.6210980415344238 -0.7616326808929443 0.9050770998001099 0.3502666652202606 -0.24114038050174713 -1.964524745941162
0.4037894308567047 -0.5299851298332214 0.7457008957862854 0.0054941000416874886 0.13338081538677216 -0.7722916007041931 -0.6211079955101013 -0.7616530060768127 0.9050765633583069 0.35025903582572937 -0.24115332961082458 -1.9644967317581177
0.40382513403892517 -0.530015230178833 0.7456601858139038 0.005812645889818668 0.133461594581604 -0.7722237706184387 -0.6211750507354736 -0.7618293166160583 0.9050487279891968 0.3503631055355072 -0.24110667407512665 -1.9642881155014038
0.4038386940956116 -0.5300104022026062 0.7456562519073486 0.0058912960812449455 0.13348209857940674 -0.7722154855728149 -0.6211809515953064 -0.7618560791015625 0.9050396680831909 0.35038867592811584 -0.24110357463359833 -1.9642536640167236
0.4038148522377014 -0.5298930406570435 0.7457525730133057 0.005577300675213337 0.13346964120864868 -0.7723256945610046 -0.6210465431213379 -0.7617022395133972 0.905052125453949 0.3503231406211853 -0.24115194380283356 -1.9644511938095093
0.40379756689071655 -0.5299402475357056 0.7457283735275269 0.00553912203758955 0.1333802491426468 -0.7723265886306763 -0.6210646629333496 -0.7617025971412659 0.9050730466842651 0.35024985671043396 -0.24118000268936157 -1.9644140005111694
0.4037910997867584 -0.5299598574638367 0.7457179427146912 0.005593419075012207 0.13335181772708893 -0.7723233103752136 -0.6210748553276062 -0.7617350816726685 0.9050801396369934 0.35022732615470886 -0.24118615686893463 -1.964383840560913
0.4038744866847992 -0.529925525188446 0.7456972002983093 0.005355671048164368 0.13333015143871307 -0.7723334431648254 -0.6210668683052063 -0.761592447757721 0.9050461053848267 0.350257009267807 -0.24127072095870972 -1.964595913887024
0.4038692116737366 -0.5299215316772461 0.745702862739563 0.005406232550740242 0.13332773745059967 -0.772339403629303 -0.6210600137710571 -0.7616278529167175 0.9050487875938416 0.35024991631507874 -0.24127084016799927 -1.964585304260254
0.4037943184375763 -0.5299462080001831 0.7457259297370911 0.005300503224134445 0.1332690566778183 -0.7723656892776489 -0.6210399270057678 -0.7615801095962524 0.905090868473053 0.3501545786857605 -0.24125143885612488 -1.9645954370498657
0.40372252464294434 -0.5299414992332458 0.745768129825592 0.005307408515363932 0.13319556415081024 -0.77242112159729 -0.6209867000579834 -0.7615551352500916 0.9051337242126465 0.3500393331050873 -0.2412579357624054 -1.9646334648132324
0.4037289619445801 -0.5299447178840637 0.7457623481750488 0.005360876675695181 0.13320130109786987 -0.7724141478538513 -0.6209941506385803 -0.7615841031074524 0.9051299691200256 0.35004985332489014 -0.24125663936138153 -1.9646161794662476
0.40379178524017334 -0.5299926996231079 0.7456942200660706 0.00534292496740818 0.1331682652235031 -0.7723667621612549 -0.6210601925849915 -0.7615962624549866 0.9051068425178528 0.35008180141448975 -0.24129711091518402 -1.9646165370941162
0.40375059843063354 -0.5299943089485168 0.7457153797149658 0.005400022957473993 0.1331760734319687 -0.7723756432533264 -0.6210474371910095 -0.761633574962616 0.9051240682601929 0.35005971789360046 -0.24126456677913666 -1.9646016359329224
0.4037598967552185 -0.5300328731536865 0.745682954788208 0.005404572002589703 0.1331607699394226 -0.7723464965820312 -0.6210870146751404 -0.761631190776825 0.9051221609115601 0.3500657379627228 -0.24126294255256653 -1.9645600318908691
0.4037493169307709 -0.5299969911575317 0.7457141876220703 0.005282246973365545 0.1331079751253128 -0.7724002003669739 -0.6210315227508545 -0.7615357637405396 0.9051346778869629 0.35000157356262207 -0.24130922555923462 -1.964645504951477
0.40374284982681274 -0.5299968719482422 0.7457177639007568 0.005336797796189785 0.13313160836696625 -0.7723932266235352 -0.621035099029541 -0.7615705728530884 0.9051340818405151 0.35001710057258606 -0.2412889003753662 -1.964632272720337
0.40371936559677124 -0.53005051612854 0.7456923723220825 0.005326627288013697 0.13314178586006165 -0.7723521590232849 -0.6210839748382568 -0.7615375518798828 0.9051430225372314 0.3500264286994934 -0.24124164879322052 -1.9646257162094116
0.4037316143512726 -0.5300538539886475 0.7456833124160767 0.005392051767557859 0.13312482833862305 -0.7723519802093506 -0.6210878491401672 -0.7615754008293152 0.9051400423049927 0.3500217795372009 -0.24125957489013672 -1.9646087884902954
0.40379834175109863 -0.5300773978233337 0.7456305027008057 0.005371651146560907 0.1330709606409073 -0.7723317742347717 -0.6211245656013489 -0.7616105675697327 0.9051182270050049 0.3500308394432068 -0.24132835865020752 -1.9645909070968628
0.40381062030792236 -0.5300884246826172 0.7456160187721252 0.005443086847662926 0.13307763636112213 -0.7723159790039062 -0.6211427450180054 -0.7616608738899231 0.9051117897033691 0.35004884004592896 -0.2413264811038971 -1.9645705223083496
0.4038870334625244 -0.5301053524017334 0.7455626130104065 0.005449181422591209 0.1331033557653427 -0.7722673416137695 -0.6211977005004883 -0.7616341710090637 0.905073881149292 0.3501305878162384 -0.2413499504327774 -1.9645390510559082
0.4038090705871582 -0.5301135182380676 0.7455990314483643 0.00541365472599864 0.13297656178474426 -0.7723346948623657 -0.6211410760879517 -0.7616485357284546 0.9051273465156555 0.3499695956707001 -0.24138307571411133 -1.9645555019378662
0.4038260281085968 -0.5300920009613037 0.7456051111221313 0.005407306365668774 0.13292761147022247 -0.7723661065101624 -0.621112585067749 -0.7616339325904846 0.9051269292831421 0.3499329388141632 -0.2414376586675644 -1.964551568031311
0.4038292467594147 -0.530100405216217 0.7455974221229553 0.005459665786474943 0.1329161822795868 -0.772362470626831 -0.6211195588111877 -0.7616646885871887 0.9051271677017212 0.3499281704425812 -0.24144361913204193 -1.964526653289795
0.40382617712020874 -0.5300997495651245 0.7455995678901672 0.005535588134080172 0.13290804624557495 -0.7723671793937683 -0.6211154460906982 -0.7617108821868896 0.9051297307014465 0.34991884231567383 -0.2414475381374359 -1.9644922018051147
0.40379974246025085 -0.5300472974777222 0.745651125907898 0.0056639425456523895 0.13296958804130554 -0.7723955512046814 -0.6210669279098511 -0.7617971301078796 0.9051324725151062 0.3499355912208557 -0.2414129376411438 -1.9644261598587036
0.4037582576274872 -0.5300385355949402 0.7456797957420349 0.005590582732111216 0.13293451070785522 -0.7724297642707825 -0.6210319399833679 -0.7617232799530029 0.905156135559082 0.3498733341693878 -0.24141445755958557 -1.9644230604171753
0.4037436842918396 -0.5300310850143433 0.745693027973175 0.005669775418937206 0.1329197883605957 -0.77244633436203 -0.621014416217804 -0.7617565393447876 0.9051648378372192 0.3498480021953583 -0.241418719291687 -1.9643850326538086
0.4036211371421814 -0.5300372838973999 0.7457549571990967 0.0061466568149626255 0.13306467235088348 -0.7724246382713318 -0.621010422706604 -0.7620394825935364 0.9051981568336487 0.34988656640052795 -0.24123767018318176 -1.9641172885894775
0.40360891819000244 -0.5299926996231079 0.7457932233810425 0.005828483961522579 0.13306564092636108 -0.7724652886390686 -0.6209596395492554 -0.7618858814239502 0.9052034616470337 0.34986430406570435 -0.24125005304813385 -1.964235782623291
0.4037723243236542 -0.5299323797225952 0.7457476258277893 0.005958649329841137 0.13318105041980743 -0.7724183201789856 -0.6209933161735535 -0.7619929313659668 0.9051136374473572 0.3500593602657318 -0.2413041740655899 -1.9641611576080322
0.4038294553756714 -0.5299296975135803 0.7457185983657837 0.00582888862118125 0.13330355286598206 -0.7723547220230103 -0.6210461258888245 -0.7618920803070068 0.9050701260566711 0.35020366311073303 -0.24125806987285614 -1.9642874002456665
0.40383726358413696 -0.5299310088157654 0.745713472366333 0.0059502338990569115 0.1333155632019043 -0.7723464965820312 -0.6210538148880005 -0.7619627118110657 0.9050648808479309 0.35021987557411194 -0.24125424027442932 -1.9642449617385864
0.4038686752319336 -0.5299456119537354 0.7456860542297363 0.00582722295075655 0.13338139653205872 -0.7722986936569214 -0.621099054813385 -0.7618569135665894 0.9050411581993103 0.35030311346054077 -0.24122236669063568 -1.9643198251724243
0.4039883315563202 -0.5298290252685547 0.7457041144371033 0.0056158495135605335 0.1334170699119568 -0.7723434567451477 -0.6210357546806335 -0.7617653012275696 0.9049825072288513 0.3503808379173279 -0.24132950603961945 -1.9644759893417358
0.40398886799812317 -0.5298162698745728 0.7457128763198853 0.005704191513359547 0.1334116905927658 -0.7723560333251953 -0.6210213303565979 -0.7618184089660645 0.9049830436706543 0.3503724932670593 -0.2413395345211029 -1.964448094367981
0.4040669798851013 -0.5298332571983337 0.7456584572792053 0.005588906817138195 0.13333402574062347 -0.7723467350006104 -0.6210495233535767 -0.7617607712745667 0.9049596190452576 0.3503672480583191 -0.2414350062608719 -1.9644643068313599
0.40406739711761475 -0.5298300385475159 0.7456605434417725 0.005672070197761059 0.13337284326553345 -0.7723342776298523 -0.6210567355155945 -0.7618116140365601 0.9049537181854248 0.3503996431827545 -0.24141015112400055 -1.9644371271133423
0.4041362702846527 -0.5298192501068115 0.7456309199333191 0.00551133556291461 0.13328102231025696 -0.7723565697669983 -0.6210486888885498 -0.7616403102874756 0.9049364924430847 0.3503667414188385 -0.24152244627475739 -1.9644973278045654
0.4040781557559967 -0.5299063324928284 0.7456005215644836 0.005771499127149582 0.133365660905838 -0.7722700238227844 -0.6211380958557129 -0.7617993354797363 0.904949963092804 0.3504258394241333 -0.24138611555099487 -1.964339256286621
0.4040435254573822 -0.5299166440963745 0.7456119060516357 0.005887977313250303 0.13337112963199615 -0.7722704410552979 -0.6211364269256592 -0.7618516087532043 0.9049646258354187 0.35040923953056335 -0.2413552701473236 -1.964292049407959
0.40396854281425476 -0.5299367904663086 0.7456382513046265 0.005622029770165682 0.13332624733448029 -0.7722952365875244 -0.6211152672767639 -0.7617228031158447 0.9050046801567078 0.3503241539001465 -0.24132846295833588 -1.9643847942352295
0.4037955403327942 -0.5300056338310242 0.7456830143928528 0.00583181157708168 0.13332034647464752 -0.7722959518432617 -0.6211156249046326 -0.7618472576141357 0.9050827622413635 0.35021841526031494 -0.241189107298851 -1.9642271995544434
0.4038119912147522 -0.5300092101097107 0.7456715703010559 0.005933330859988928 0.13332083821296692 -0.7722874879837036 -0.6211260557174683 -0.7618967294692993 0.9050753712654114 0.35023170709609985 -0.24119766056537628 -1.9641700983047485
0.4037278890609741 -0.5299862027168274 0.7457334399223328 0.005942781455814838 0.13327181339263916 -0.7723526954650879 -0.6210554838180542 -0.7619618773460388 0.9051201343536377 0.3501226603984833 -0.24118807911872864 -1.964188814163208
0.40372157096862793 -0.5299947261810303 0.7457308769226074 0.006033720914274454 0.13329613208770752 -0.7723382711410522 -0.6210681796073914 -0.7620142102241516 0.9051193594932556 0.35014164447784424 -0.24116335809230804 -1.9641427993774414
0.4037174880504608 -0.5300049781799316 0.7457257509231567 0.005900969263166189 0.13328245282173157 -0.7723363041877747 -0.6210735440254211 -0.7619433403015137 0.9051231741905212 0.3501304090023041 -0.24116529524326324 -1.9641960859298706
0.40375053882598877 -0.5300684571266174 0.7456627488136292 0.006151785142719746 0.13331298530101776 -0.7722609639167786 -0.6211606860160828 -0.7621275186538696 0.9051039218902588 0.35020047426223755 -0.24113576114177704 -1.964046835899353
0.4038611054420471 -0.5300557017326355 0.7456119060516357 0.005925868637859821 0.13330787420272827 -0.7722378969192505 -0.6211904287338257 -0.7619493007659912 0.9050553441047668 0.3502705991268158 -0.24121622741222382 -1.964241862297058
0.4039262533187866 -0.5301060676574707 0.7455408573150635 0.005878243129700422 0.13329371809959412 -0.772180438041687 -0.6212649345397949 -0.7619118094444275 0.9050283432006836 0.35032111406326294 -0.2412441372871399 -1.964280128479004
0.403980016708374 -0.530073881149292 0.7455345392227173 0.005853075068444014 0.13336633145809174 -0.7721617817878723 -0.6212725639343262 -0.7619229555130005 0.9049936532974243 0.35041090846061707 -0.24124391376972198 -1.9642622470855713
0.40397024154663086 -0.5300848484039307 0.7455320954322815 0.00594009505584836 0.1333862543106079 -0.7721481323242188 -0.6212852597236633 -0.7619801163673401 0.9049950838088989 0.35042446851730347 -0.24121880531311035 -1.9642186164855957
0.4040217101573944 -0.5300711989402771 0.7455138564109802 0.005794931668788195 0.13345332443714142 -0.7721168398857117 -0.6213096976280212 -0.7618573904037476 0.9049622416496277 0.35051390528678894 -0.24121218919754028 -1.964293122291565
0.4040197432041168 -0.5300769805908203 0.7455108165740967 0.005876784212887287 0.1334490180015564 -0.7721143364906311 -0.6213136911392212 -0.7619050741195679 0.9049637317657471 0.35051068663597107 -0.2412111759185791 -1.9642577171325684
0.40397024154663086 -0.5300647616386414 0.7455463409423828 0.00576159730553627 0.13336019217967987 -0.7721749544143677 -0.621257483959198 -0.7618664503097534 0.9049989581108093 0.35039573907852173 -0.24124611914157867 -1.964301347732544
0.40411651134490967 -0.5300585031509399 0.7454715371131897 0.005784865468740463 0.13350993394851685 -0.7720749378204346 -0.6213496327400208 -0.7618680000305176 0.9049115777015686 0.35062551498413086 -0.24124014377593994 -1.96429443359375
0.4041123390197754 -0.5300521850585938 0.7454782724380493 0.005865363869816065 0.13352051377296448 -0.7720774412155151 -0.621344268321991 -0.7619145512580872 0.9049118757247925 0.3506295382976532 -0.24123317003250122 -1.9642595052719116
0.4040839374065399 -0.5300730466842651 0.7454788684844971 0.006165879312902689 0.1335585117340088 -0.7720544934272766 -0.6213645935058594 -0.7621389627456665 0.904918909072876 0.3506484925746918 -0.24117903411388397 -1.9640491008758545
0.4040661156177521 -0.5300671458244324 0.745492696762085 0.006284082308411598 0.13360512256622314 -0.7720471024513245 -0.6213637590408325 -0.7622060179710388 0.9049199819564819 0.3506736755371094 -0.24113838374614716 -1.9640015363693237
0.40405550599098206 -0.5300693511962891 0.7454968690872192 0.006543321069329977 0.13369549810886383 -0.7720136642456055 -0.6213858127593994 -0.7623500227928162 0.9049113988876343 0.35074394941329956 -0.24106848239898682 -1.9638667106628418
0.4040663540363312 -0.5300528407096863 0.745502769947052 0.006854572799056768 0.13369381427764893 -0.7720245718955994 -0.621372640132904 -0.7625597715377808 0.9049068093299866 0.3507448732852936 -0.24108436703681946 -1.9636399745941162
0.4040701985359192 -0.5300506353378296 0.745502233505249 0.006979628000408411 0.1336948573589325 -0.7720248103141785 -0.6213721632957458 -0.7626252174377441 0.9049049615859985 0.3507477939128876 -0.2410871535539627 -1.963592529296875
0.40404465794563293 -0.5300657749176025 0.7455053329467773 0.007156473118811846 0.13379696011543274 -0.7719808220863342 -0.6214048266410828 -0.7627716660499573 0.9049012660980225 0.3508216440677643 -0.24099351465702057 -1.9634630680084229
0.4040449857711792 -0.5300751328468323 0.7454984784126282 0.007263313513249159 0.1337791085243225 -0.771979808807373 -0.6214098930358887 -0.7628354430198669 0.9049037098884583 0.35080966353416443 -0.24100159108638763 -1.9634205102920532
