# 3x4 first row second row third row Freq: 100 current Time: 2021-07-31-13:45:03
0.2919311821460724 -0.3198004364967346 0.9013898968696594 0.16425593197345734 -0.29668954014778137 -0.9262324571609497 -0.23252610862255096 -0.8554141521453857 0.9092587232589722 -0.19955137372016907 -0.3652774691581726 -2.0726985931396484
0.291798859834671 -0.31987839937210083 0.9014050960540771 0.16444739699363708 -0.2966339588165283 -0.9262170791625977 -0.23265837132930756 -0.8555594086647034 0.909319281578064 -0.19949793815612793 -0.36515575647354126 -2.07255482673645
0.2917957305908203 -0.3198959529399872 0.9013998508453369 0.16439971327781677 -0.2966368496417999 -0.9262117147445679 -0.2326759397983551 -0.8555174469947815 0.9093193411827087 -0.1994946002960205 -0.36515745520591736 -2.0725815296173096
0.2919482886791229 -0.31972959637641907 0.9014095067977905 0.1641748696565628 -0.2966327667236328 -0.9262641668319702 -0.2324722707271576 -0.8553356528282166 0.9092717170715332 -0.19951772689819336 -0.3652634024620056 -2.072726011276245
0.2919732332229614 -0.31974437832832336 0.9013961553573608 0.16411496698856354 -0.29665178060531616 -0.9262576103210449 -0.2324741780757904 -0.8552771806716919 0.9092575311660767 -0.19952456653118134 -0.36529505252838135 -2.072763204574585
0.292084276676178 -0.31967484951019287 0.9013848304748535 0.1639053374528885 -0.2966480553150177 -0.9262826442718506 -0.23237918317317963 -0.8551439642906189 0.9092230796813965 -0.1995197981595993 -0.36538341641426086 -2.0729029178619385
0.29206350445747375 -0.31964975595474243 0.9014004468917847 0.16384442150592804 -0.29664337635040283 -0.9262889623641968 -0.23235996067523956 -0.8550833463668823 0.9092312455177307 -0.19953066110610962 -0.36535707116127014 -2.0729477405548096
0.2921587824821472 -0.3195076286792755 0.901419997215271 0.16346727311611176 -0.29667553305625916 -0.9263238906860352 -0.23217949271202087 -0.8549146056175232 0.9091901779174805 -0.19959601759910583 -0.36542364954948425 -2.073103666305542
0.2921808063983917 -0.31951820850372314 0.9014090895652771 0.16339106857776642 -0.29667747020721436 -0.9263219833374023 -0.23218461871147156 -0.8548551797866821 0.9091824293136597 -0.19958792626857758 -0.3654472529888153 -2.0731499195098877
0.29216015338897705 -0.3194936513900757 0.9014245271682739 0.16351942718029022 -0.296772301197052 -0.9263063073158264 -0.232125923037529 -0.8548853993415833 0.9091581702232361 -0.19969993829727173 -0.365446537733078 -2.073075771331787
0.2920469343662262 -0.3194294571876526 0.901483952999115 0.16364189982414246 -0.2967642545700073 -0.9263182282447815 -0.23208875954151154 -0.8549414873123169 0.9091971516609192 -0.19974742829799652 -0.3653235137462616 -2.072997808456421
0.2920587956905365 -0.31943780183792114 0.9014771580696106 0.1635749340057373 -0.29676809906959534 -0.9263159036636353 -0.23209312558174133 -0.8548762798309326 0.9091920852661133 -0.19974485039710999 -0.3653375506401062 -2.073033571243286
0.2919865548610687 -0.3193313479423523 0.9015382528305054 0.16365785896778107 -0.2967449128627777 -0.9263443350791931 -0.23200935125350952 -0.8548588752746582 0.9092228412628174 -0.1997833102941513 -0.3652399182319641 -2.07297682762146
0.2920028865337372 -0.3193475902080536 0.9015272259712219 0.16359101235866547 -0.296738862991333 -0.9263423681259155 -0.23202478885650635 -0.854780375957489 0.9092195630073547 -0.19976629316806793 -0.3652573823928833 -2.073011636734009
0.29210200905799866 -0.3194518983364105 0.9014581441879272 0.16374824941158295 -0.296790212392807 -0.9263098239898682 -0.23208896815776825 -0.8549197912216187 0.9091709852218628 -0.19975034892559052 -0.36538708209991455 -2.0729289054870605
0.2921256422996521 -0.319460391998291 0.9014474749565125 0.16368727385997772 -0.29678770899772644 -0.9263095259666443 -0.23209334909915924 -0.8548519611358643 0.9091641902923584 -0.19973815977573395 -0.36541056632995605 -2.07296085357666
0.29208576679229736 -0.31941524147987366 0.9014763832092285 0.1637284755706787 -0.2966479957103729 -0.9263496398925781 -0.2321121096611023 -0.8549720048904419 0.9092226028442383 -0.19962455332279205 -0.3653273284435272 -2.07292103767395
0.29208487272262573 -0.31943389773368835 0.9014700651168823 0.16366685926914215 -0.2966638207435608 -0.9263412952423096 -0.23212510347366333 -0.854912281036377 0.9092177152633667 -0.1996333748102188 -0.3653346598148346 -2.072955846786499
0.29208144545555115 -0.31941160559654236 0.9014790654182434 0.16359758377075195 -0.29664409160614014 -0.9263511300086975 -0.2321109175682068 -0.8548503518104553 0.9092252850532532 -0.19962318241596222 -0.36532142758369446 -2.0729918479919434
0.29207903146743774 -0.31955912709236145 0.9014275670051575 0.16376575827598572 -0.29665055871009827 -0.9263116121292114 -0.23226045072078705 -0.8549771308898926 0.9092239141464233 -0.19957061111927032 -0.36535346508026123 -2.072955369949341
0.2920916676521301 -0.3195456564426422 0.9014282822608948 0.16370342671871185 -0.2966616749763489 -0.9263133406639099 -0.23223930597305298 -0.8549214005470276 0.9092162251472473 -0.19958409667015076 -0.36536526679992676 -2.0729963779449463
0.29219576716423035 -0.3194631040096283 0.9014238119125366 0.16385386884212494 -0.2966724932193756 -0.9263381361961365 -0.2321266233921051 -0.8550522327423096 0.9091792702674866 -0.19960126280784607 -0.36544787883758545 -2.0729169845581055
0.29218554496765137 -0.31949037313461304 0.9014174342155457 0.16379721462726593 -0.2966858148574829 -0.9263275861740112 -0.23215161263942719 -0.8550023436546326 0.9091781973838806 -0.19960644841194153 -0.36544767022132874 -2.0729570388793945
0.29224878549575806 -0.31939440965652466 0.9014309644699097 0.16351257264614105 -0.29675549268722534 -0.9263405799865723 -0.23201069235801697 -0.8548312783241272 0.9091351628303528 -0.1996997743844986 -0.36550384759902954 -2.0731358528137207
0.29224804043769836 -0.3194025754928589 0.9014282822608948 0.16343896090984344 -0.2967579662799835 -0.9263378977775574 -0.23201827704906464 -0.854768693447113 0.909134566783905 -0.19969917833805084 -0.365505576133728 -2.073192834854126
0.2924078702926636 -0.31927868723869324 0.9014203548431396 0.1635381579399109 -0.2966921627521515 -0.9263932704925537 -0.23188135027885437 -0.8548743724822998 0.9091046452522278 -0.1996404528617859 -0.36561205983161926 -2.073101758956909
0.29247501492500305 -0.3192737102508545 0.9014003276824951 0.16324937343597412 -0.29662981629371643 -0.926412045955658 -0.23188616335391998 -0.8547155857086182 0.9091033935546875 -0.19956132769584656 -0.36565834283828735 -2.073258399963379
0.2924625277519226 -0.3192562460899353 0.9014105796813965 0.1631714254617691 -0.2966146171092987 -0.9264191389083862 -0.2318771332502365 -0.854660153388977 0.9091123938560486 -0.19955620169639587 -0.3656388521194458 -2.073312282562256
0.2924654483795166 -0.3194463849067688 0.9013422727584839 0.16327980160713196 -0.29671400785446167 -0.9263485670089722 -0.2320318967103958 -0.8547050356864929 0.9090790152549744 -0.1995796114206314 -0.3657090663909912 -2.0732297897338867
0.29246124625205994 -0.3194362223148346 0.9013472199440002 0.16320420801639557 -0.29670774936676025 -0.926352322101593 -0.2320249080657959 -0.8546494245529175 0.9090824127197266 -0.1995784342288971 -0.36570125818252563 -2.0732829570770264
0.29237034916877747 -0.3194887936115265 0.9013580679893494 0.16337811946868896 -0.2966245710849762 -0.9263519048690796 -0.2321328967809677 -0.854805588722229 0.9091387987136841 -0.19949620962142944 -0.3656059503555298 -2.0731568336486816
0.29238879680633545 -0.31946882605552673 0.9013591408729553 0.1633046716451645 -0.2966035306453705 -0.9263626933097839 -0.2321166843175888 -0.8547519445419312 0.9091396927833557 -0.19947804510593414 -0.36561354994773865 -2.073207139968872
0.29232385754585266 -0.31954461336135864 0.9013533592224121 0.16353194415569305 -0.2966671288013458 -0.9263255596160889 -0.23218363523483276 -0.8549143671989441 0.90913987159729 -0.19952914118766785 -0.3655853271484375 -2.0730841159820557
0.29234036803245544 -0.3195497989654541 0.9013461470603943 0.16347122192382812 -0.2966659367084503 -0.9263254404067993 -0.2321857362985611 -0.8548634052276611 0.9091349244117737 -0.19952146708965302 -0.3656017482280731 -2.073129415512085
0.2923522889614105 -0.3196185827255249 0.9013178944587708 0.16317689418792725 -0.2967406213283539 -0.9262920022010803 -0.23222370445728302 -0.8546309471130371 0.9091067314147949 -0.1995665282011032 -0.3656472861766815 -2.07330584526062
0.2924506962299347 -0.31963151693344116 0.9012814164161682 0.16310256719589233 -0.29677286744117737 -0.9262871146202087 -0.23220181465148926 -0.85459965467453 0.909064531326294 -0.19956833124160767 -0.365751177072525 -2.0733482837677
0.2924557626247406 -0.31965169310569763 0.9012725949287415 0.1630410999059677 -0.2967757284641266 -0.9262815713882446 -0.23222026228904724 -0.8545434474945068 0.9090619683265686 -0.1995617151260376 -0.3657611310482025 -2.073394536972046
0.2925337851047516 -0.319569855928421 0.9012762904167175 0.1630740612745285 -0.29673734307289124 -0.9263154864311218 -0.23213399946689606 -0.8545786738395691 0.909049391746521 -0.1995353251695633 -0.36580678820610046 -2.073317527770996
0.29253077507019043 -0.3195716440677643 0.9012766480445862 0.16300173103809357 -0.2967548072338104 -0.9263110160827637 -0.23212948441505432 -0.8545224070549011 0.9090446829795837 -0.1995532065629959 -0.36580878496170044 -2.073354482650757
0.2924407124519348 -0.31943342089653015 0.9013548493385315 0.16319811344146729 -0.2966691851615906 -0.9263603687286377 -0.23204219341278076 -0.8546903729438782 0.9091016054153442 -0.19954565167427063 -0.36567142605781555 -2.073232889175415
0.29241085052490234 -0.319420725107193 0.901369035243988 0.16312627494335175 -0.2966873049736023 -0.9263579249382019 -0.23202858865261078 -0.8546413779258728 0.9091053009033203 -0.19957712292671204 -0.3656451106071472 -2.0732641220092773
0.29236873984336853 -0.31956133246421814 0.9013328552246094 0.16338106989860535 -0.29668131470680237 -0.9263206720352173 -0.2321849912405014 -0.8548170328140259 0.9091207981109619 -0.19952502846717834 -0.3656349778175354 -2.0731310844421387
0.29233717918395996 -0.31955796480178833 0.9013442993164062 0.16331586241722107 -0.2966674566268921 -0.9263228178024292 -0.23219424486160278 -0.8547713160514832 0.9091354608535767 -0.1995205581188202 -0.36560094356536865 -2.073157787322998
0.29232409596443176 -0.31970658898353577 0.9012958407402039 0.16352061927318573 -0.29681527614593506 -0.9262512922286987 -0.23229049146175385 -0.8547906279563904 0.9090914130210876 -0.19961430132389069 -0.36565926671028137 -2.0730977058410645
0.29225465655326843 -0.3197980225086212 0.9012859463691711 0.1635473668575287 -0.2968304753303528 -0.9262204766273499 -0.2323940098285675 -0.8548415303230286 0.9091087579727173 -0.19961093366146088 -0.365617960691452 -2.0730295181274414
0.2922486364841461 -0.3197893798351288 0.9012909531593323 0.16348804533481598 -0.29681527614593506 -0.9262257218360901 -0.2323925942182541 -0.8547869324684143 0.9091156721115112 -0.19960053265094757 -0.3656064569950104 -2.0730478763580322
0.29222601652145386 -0.3197183907032013 0.9013234376907349 0.16359242796897888 -0.296841561794281 -0.9262369275093079 -0.23231418430805206 -0.8549914956092834 0.9091143608093262 -0.19966204464435577 -0.3655761480331421 -2.072986125946045
0.2922331392765045 -0.31969645619392395 0.9013289213180542 0.16353027522563934 -0.296830952167511 -0.9262453317642212 -0.23229427635669708 -0.85495525598526 0.9091155529022217 -0.19965827465057373 -0.36557525396347046 -2.0730056762695312
0.29215487837791443 -0.3196271061897278 0.9013789296150208 0.1635572761297226 -0.29683366417884827 -0.9262581467628479 -0.23223958909511566 -0.8549624681472778 0.9091398119926453 -0.1997097283601761 -0.36548683047294617 -2.073040246963501
0.29216259717941284 -0.31964024901390076 0.9013717174530029 0.1634959727525711 -0.2968241572380066 -0.926257312297821 -0.23225516080856323 -0.8549216985702515 0.909140408039093 -0.19969266653060913 -0.36549457907676697 -2.0730695724487305
0.2921747863292694 -0.3196159303188324 0.9013764262199402 0.1637428253889084 -0.29690176248550415 -0.926247239112854 -0.23219624161720276 -0.8550185561180115 0.9091111421585083 -0.19977837800979614 -0.36552050709724426 -2.0729787349700928
0.2921619713306427 -0.31975001096725464 0.9013330340385437 0.16396045684814453 -0.2969551980495453 -0.9262002110481262 -0.23231543600559235 -0.8551909327507019 0.9090978503227234 -0.19978183507919312 -0.36555179953575134 -2.0728635787963867
0.29215434193611145 -0.3197428286075592 0.9013380408287048 0.16392332315444946 -0.2969678044319153 -0.9261988401412964 -0.23230472207069397 -0.8551549911499023 0.9090961813926697 -0.1997995674610138 -0.36554622650146484 -2.0728838443756104
0.2920970320701599 -0.3199097812175751 0.9012973308563232 0.1639746129512787 -0.29695945978164673 -0.926154375076294 -0.2324925661087036 -0.8551868200302124 0.9091172814369202 -0.19973842799663544 -0.36552706360816956 -2.072829484939575
0.292102187871933 -0.31993013620376587 0.9012884497642517 0.16393959522247314 -0.29695555567741394 -0.9261502623558044 -0.232513889670372 -0.8551508784294128 0.9091169238090515 -0.19972483813762665 -0.3655354678630829 -2.072848320007324
0.2921198308467865 -0.31990620493888855 0.9012912511825562 0.16402675211429596 -0.2969910204410553 -0.9261496663093567 -0.2324710488319397 -0.8552075028419495 0.9090996980667114 -0.19976603984832764 -0.36555585265159607 -2.072906017303467
0.2923200726509094 -0.31969398260116577 0.9013016223907471 0.16365806758403778 -0.2970392107963562 -0.9262051582336426 -0.2321883738040924 -0.8549360632896423 0.9090195894241333 -0.19984863698482513 -0.3657098710536957 -2.0730185508728027
0.2922106385231018 -0.319640189409256 0.9013561606407166 0.1640504002571106 -0.29684343934059143 -0.9262558221817017 -0.23223653435707092 -0.8552332520484924 0.9091187119483948 -0.19969971477985382 -0.36554479598999023 -2.0727529525756836
0.29222580790519714 -0.3196409046649933 0.9013510346412659 0.16401121020317078 -0.2968289852142334 -0.9262596368789673 -0.23223966360092163 -0.8552024960517883 0.9091185331344604 -0.19968073070049286 -0.3655555546283722 -2.0727598667144775
0.29229146242141724 -0.31979018449783325 0.9012767672538757 0.16421540081501007 -0.2968754768371582 -0.9262146949768066 -0.23235954344272614 -0.8553113341331482 0.9090822339057922 -0.19965030252933502 -0.3656623959541321 -2.0727038383483887
0.29228171706199646 -0.31977376341819763 0.9012857675552368 0.1641869992017746 -0.29686710238456726 -0.9262202382087708 -0.2323482483625412 -0.8552806973457336 0.909088134765625 -0.19965097308158875 -0.36564743518829346 -2.0727131366729736
0.2922002077102661 -0.3198241889476776 0.9012942910194397 0.1640886664390564 -0.2968519628047943 -0.9262059330940247 -0.2324245274066925 -0.8552360534667969 0.9091192483901978 -0.19963650405406952 -0.36557790637016296 -2.072774887084961
0.2921876013278961 -0.3199054002761841 0.9012695550918579 0.16417023539543152 -0.29683929681777954 -0.9261870384216309 -0.23251593112945557 -0.8552803993225098 0.909127414226532 -0.19959400594234467 -0.3655807673931122 -2.0727627277374268
0.29217150807380676 -0.31990060210227966 0.9012764692306519 0.16414159536361694 -0.2968333661556244 -0.9261886477470398 -0.2325170338153839 -0.8552440404891968 0.909134566783905 -0.19959411025047302 -0.3655630052089691 -2.0727827548980713
0.29221513867378235 -0.31983283162117004 0.9012863636016846 0.16379056870937347 -0.2968570291996002 -0.9262034296989441 -0.23242801427841187 -0.8550492525100708 0.909112811088562 -0.19963426887989044 -0.36559516191482544 -2.0729458332061768
0.2922213673591614 -0.3198395073413849 0.901282012462616 0.16374553740024567 -0.29683321714401245 -0.9262073040008545 -0.23244304955005646 -0.8550098538398743 0.9091185927391052 -0.19960564374923706 -0.3655964434146881 -2.072969436645508
0.2922814190387726 -0.31961551308631897 0.90134197473526 0.16332317888736725 -0.29687410593032837 -0.926259458065033 -0.23218286037445068 -0.8547701835632324 0.9090859293937683 -0.19972240924835205 -0.3656138777732849 -2.073194980621338
0.29239487648010254 -0.31948548555374146 0.901351273059845 0.1631583720445633 -0.2968437075614929 -0.9263060092926025 -0.23203584551811218 -0.8546713590621948 0.9090593457221985 -0.19971442222595215 -0.36568427085876465 -2.073288917541504
0.2923644781112671 -0.3195655345916748 0.9013327956199646 0.1631230264902115 -0.29674217104911804 -0.9263060092926025 -0.23216579854488373 -0.8545697927474976 0.9091023206710815 -0.19958645105361938 -0.36564740538597107 -2.0732693672180176
0.29231125116348267 -0.31942930817604065 0.9013983011245728 0.16289262473583221 -0.29671990871429443 -0.9263429641723633 -0.23204675316810608 -0.8544529676437378 0.9091266393661499 -0.19963298738002777 -0.3655613958835602 -2.0734102725982666
0.29231005907058716 -0.31943365931510925 0.901397168636322 0.1625383049249649 -0.2968224287033081 -0.9263192415237427 -0.23201030492782593 -0.8541743159294128 0.9090936183929443 -0.19973598420619965 -0.36558738350868225 -2.0736048221588135
0.29232022166252136 -0.3194234371185303 0.9013974666595459 0.16246220469474792 -0.29682329297065735 -0.9263222813606262 -0.23199714720249176 -0.8541085124015808 0.9090900421142578 -0.19973833858966827 -0.36559492349624634 -2.073641777038574
0.29224756360054016 -0.3195353150367737 0.9013813734054565 0.16268831491470337 -0.2969813942909241 -0.9262545704841614 -0.23206494748592377 -0.8542076945304871 0.9090617895126343 -0.19987313449382782 -0.3655915856361389 -2.073514223098755
0.2922506034374237 -0.31952711939811707 0.9013833403587341 0.16263434290885925 -0.29699641466140747 -0.9262535572052002 -0.23204977810382843 -0.8541517853736877 0.9090558886528015 -0.19989095628261566 -0.3655964732170105 -2.073542833328247
0.29217955470085144 -0.3195815980434418 0.9013870358467102 0.16288910806179047 -0.2970372438430786 -0.9262265563011169 -0.23210541903972626 -0.8543142080307007 0.9090653657913208 -0.1999291032552719 -0.36555197834968567 -2.07344126701355
0.29217636585235596 -0.31959056854248047 0.9013848900794983 0.1628303974866867 -0.2970542907714844 -0.9262202978134155 -0.23210850358009338 -0.8542432188987732 0.9090608358383179 -0.1999436616897583 -0.3655553162097931 -2.0734798908233643
0.2921461760997772 -0.3195854127407074 0.9013965129852295 0.16329804062843323 -0.29701876640319824 -0.9262277483940125 -0.23212429881095886 -0.8546351790428162 0.9090821146965027 -0.1999174952507019 -0.36551663279533386 -2.0732271671295166
0.2921977937221527 -0.3196549117565155 0.9013551473617554 0.16346375644207 -0.29696857929229736 -0.9262238144874573 -0.23220422863960266 -0.8548259139060974 0.9090819358825684 -0.19982461631298065 -0.3655678927898407 -2.073105573654175
0.29218462109565735 -0.3196444809436798 0.9013630747795105 0.16342398524284363 -0.296968549489975 -0.9262257218360901 -0.23219649493694305 -0.8547918796539307 0.9090861678123474 -0.1998322755098343 -0.3655531704425812 -2.0731239318847656
0.2921788990497589 -0.3198203146457672 0.9013025760650635 0.16359339654445648 -0.2969858646392822 -0.9261763095855713 -0.232371523976326 -0.8549180626869202 0.9090823531150818 -0.19978009164333344 -0.3655911982059479 -2.073042392730713
0.2921854853630066 -0.31982171535491943 0.9012999534606934 0.1635526865720749 -0.29698073863983154 -0.926177442073822 -0.23237352073192596 -0.8548779487609863 0.9090819358825684 -0.19977259635925293 -0.36559638381004333 -2.0730645656585693
0.29218730330467224 -0.3198426365852356 0.9012919068336487 0.16368117928504944 -0.2969825565814972 -0.9261717796325684 -0.23239390552043915 -0.8550134897232056 0.9090807437896729 -0.19976545870304108 -0.36560317873954773 -2.073009967803955
0.29217782616615295 -0.3198504149913788 0.9012922644615173 0.16364452242851257 -0.2969929873943329 -0.9261668920516968 -0.2323998361825943 -0.8549807667732239 0.9090803861618042 -0.19977542757987976 -0.3655986487865448 -2.073030710220337
0.2920861542224884 -0.3198038339614868 0.9013384580612183 0.1637077033519745 -0.2970304787158966 -0.9261654615402222 -0.23235757648944855 -0.8550114035606384 0.9090976119041443 -0.19985662400722504 -0.3655115067958832 -2.073016405105591
0.2920730710029602 -0.31979605555534363 0.9013454914093018 0.16367392241954803 -0.2970322072505951 -0.9261663556098938 -0.2323518693447113 -0.8549764752388 0.9091012477874756 -0.1998649388551712 -0.3654978573322296 -2.073040246963501
0.2920239269733429 -0.3198201358318329 0.9013528823852539 0.16364675760269165 -0.29717960953712463 -0.9261249303817749 -0.23232844471931458 -0.8549054265022278 0.9090688824653625 -0.2000182867050171 -0.3654945492744446 -2.073019027709961
0.2919493317604065 -0.3197328448295593 0.9014080166816711 0.1633639633655548 -0.297201931476593 -0.9261382818222046 -0.23224665224552155 -0.8547175526618958 0.9090855121612549 -0.2000959813594818 -0.36541059613227844 -2.0731770992279053
0.291949987411499 -0.31972023844718933 0.9014122486114502 0.1633155196905136 -0.2971974313259125 -0.9261425733566284 -0.23223534226417542 -0.8546730875968933 0.9090867638587952 -0.20009632408618927 -0.36540722846984863 -2.0732007026672363
0.29195573925971985 -0.31970831751823425 0.9014146327972412 0.1633419394493103 -0.297201544046402 -0.926145076751709 -0.23222015798091888 -0.8547161817550659 0.9090836048126221 -0.20010384917259216 -0.36541104316711426 -2.073197841644287
0.29197099804878235 -0.3197087347507477 0.9014095067977905 0.16329720616340637 -0.29718753695487976 -0.9261489510536194 -0.2322227507829666 -0.8546786308288574 0.9090832471847534 -0.20008540153503418 -0.36542195081710815 -2.07322096824646
0.2919183373451233 -0.31975340843200684 0.9014107584953308 0.16356849670410156 -0.29710251092910767 -0.9261531233787537 -0.23231473565101624 -0.8548914194107056 0.909127950668335 -0.1999945044517517 -0.3653604984283447 -2.0730035305023193
0.2918963134288788 -0.3197582960128784 0.9014161229133606 0.1635230928659439 -0.2971108853816986 -0.9261487722396851 -0.23232139647006989 -0.8548529744148254 0.9091323018074036 -0.20000682771205902 -0.36534297466278076 -2.073009729385376
0.29178258776664734 -0.3198123574256897 0.9014337658882141 0.16368192434310913 -0.2969888150691986 -0.9261552691459656 -0.2324516773223877 -0.855027437210083 0.9092087149620056 -0.19989043474197388 -0.36521655321121216 -2.0728745460510254
0.29183846712112427 -0.3198198974132538 0.9014130234718323 0.1639287918806076 -0.29702451825141907 -0.9261485934257507 -0.23243243992328644 -0.8552238345146179 0.9091790914535522 -0.19990907609462738 -0.36528003215789795 -2.072798252105713
0.2917938232421875 -0.3198142349720001 0.9014294743537903 0.16390107572078705 -0.2969907224178314 -0.9261549711227417 -0.23245027661323547 -0.8551982641220093 0.9092044830322266 -0.1998886913061142 -0.3652280569076538 -2.072814464569092
0.29199719429016113 -0.3196989893913269 0.9014045000076294 0.16368462145328522 -0.29693669080734253 -0.9262080788612366 -0.23230765759944916 -0.8550925254821777 0.9091567993164062 -0.1998269259929657 -0.3653804361820221 -2.0730016231536865
0.2918778359889984 -0.3196340799331665 0.9014661908149719 0.16379445791244507 -0.29695507884025574 -0.9262139797210693 -0.2322605401277542 -0.8550998568534851 0.9091891646385193 -0.19990329444408417 -0.36525818705558777 -2.072941780090332
0.2919062077999115 -0.31961214542388916 0.9014647603034973 0.16376939415931702 -0.2969296872615814 -0.9262268543243408 -0.23224179446697235 -0.855079174041748 0.9091883301734924 -0.19987885653972626 -0.3652735948562622 -2.0729589462280273
0.29179057478904724 -0.31967905163764954 0.9014784693717957 0.16376402974128723 -0.2969777584075928 -0.9261925220489502 -0.23231732845306396 -0.8549196124076843 0.9092097282409668 -0.1999310851097107 -0.3651916980743408 -2.0729620456695557
0.2917828857898712 -0.319677472114563 0.9014815092086792 0.16373929381370544 -0.2969610095024109 -0.9261961579322815 -0.23232418298721313 -0.854869544506073 0.9092176556587219 -0.19991667568683624 -0.3651798367500305 -2.072981119155884
0.29192978143692017 -0.31966620683670044 0.9014379382133484 0.16384364664554596 -0.2969925105571747 -0.9262004494667053 -0.23226675391197205 -0.8550388813018799 0.9091602563858032 -0.19991479814052582 -0.36532384157180786 -2.0728471279144287
0.29195141792297363 -0.319766640663147 0.901395320892334 0.16402983665466309 -0.29696276783943176 -0.9261823296546936 -0.23237702250480652 -0.855238139629364 0.9091629981994629 -0.1998380869626999 -0.3653589189052582 -2.0727906227111816
0.2920314371585846 -0.31990286707878113 0.9013210535049438 0.16393941640853882 -0.29694440960884094 -0.9261557459831238 -0.23250630497932434 -0.8551937937736511 0.909143328666687 -0.1997431367635727 -0.3654598593711853 -2.072885274887085
0.2920381426811218 -0.3199020326137543 0.9013192057609558 0.1639164388179779 -0.29692548513412476 -0.9261605143547058 -0.23251153528690338 -0.8551762700080872 0.909147322177887 -0.19972243905067444 -0.36546117067337036 -2.072904109954834
0.2918887138366699 -0.3198298513889313 0.9013932347297668 0.163974791765213 -0.2969374656677246 -0.9261680245399475 -0.23246629536151886 -0.855181097984314 0.909191370010376 -0.1998031586408615 -0.36530736088752747 -2.0728654861450195
0.29186514019966125 -0.3198355436325073 0.9013988375663757 0.16394652426242828 -0.29694291949272156 -0.9261640310287476 -0.23247528076171875 -0.8551523685455322 0.909197211265564 -0.19981259107589722 -0.36528778076171875 -2.0728840827941895
0.2919151782989502 -0.3197821378707886 0.9014015793800354 0.16378121078014374 -0.29690009355545044 -0.9261900782585144 -0.23242630064487457 -0.8551623225212097 0.9091951251029968 -0.1997774839401245 -0.3653121590614319 -2.072972059249878
0.29192283749580383 -0.3197765350341797 0.9014011025428772 0.16373707354068756 -0.29692500829696655 -0.9261864423751831 -0.232408806681633 -0.8551421761512756 0.9091845154762268 -0.19980311393737793 -0.3653245270252228 -2.0729992389678955
0.29190894961357117 -0.3199048936367035 0.901360034942627 0.16394707560539246 -0.2968505620956421 -0.9261689186096191 -0.2325737476348877 -0.8552157878875732 0.9092133045196533 -0.1996789127588272 -0.3653208315372467 -2.0728049278259277
0.2918737530708313 -0.31987330317497253 0.9013826251029968 0.16391247510910034 -0.29684656858444214 -0.9261759519577026 -0.23255082964897156 -0.8551833629608154 0.9092258810997009 -0.19969689846038818 -0.3652796149253845 -2.0728135108947754
0.29188650846481323 -0.3199024200439453 0.9013682007789612 0.16406157612800598 -0.29678621888160706 -0.9261823892593384 -0.2326021045446396 -0.8553026914596558 0.9092414975166321 -0.19962027668952942 -0.36528268456459045 -2.0726993083953857
0.2918315529823303 -0.3198375105857849 0.9014089703559875 0.16427825391292572 -0.2968078553676605 -0.9261912703514099 -0.2325391322374344 -0.8555359244346619 0.9092520475387573 -0.1996830403804779 -0.3652220368385315 -2.072634220123291
0.2918466031551361 -0.3198642432689667 0.9013946652412415 0.16425572335720062 -0.29682210087776184 -0.9261821508407593 -0.232557475566864 -0.855525553226471 0.909242570400238 -0.19968277215957642 -0.3652457594871521 -2.0726447105407715
0.2918144762516022 -0.3200299143791199 0.9013462662696838 0.16448485851287842 -0.2969083786010742 -0.9261186122894287 -0.23270030319690704 -0.8555247783660889 0.9092247486114502 -0.19971197843551636 -0.36527425050735474 -2.0726380348205566
0.2918034493923187 -0.3200298547744751 0.9013498425483704 0.1644824892282486 -0.2969130873680115 -0.926116943359375 -0.23270085453987122 -0.8554968237876892 0.9092267155647278 -0.19971968233585358 -0.3652650713920593 -2.0726616382598877
0.2917311191558838 -0.32010239362716675 0.9013475179672241 0.16476885974407196 -0.29707249999046326 -0.9260590672492981 -0.23272766172885895 -0.8556169867515564 0.9091978669166565 -0.19987168908119202 -0.365253746509552 -2.072511672973633
0.29178664088249207 -0.3199915289878845 0.9013688564300537 0.16463173925876617 -0.29690051078796387 -0.926128625869751 -0.23267030715942383 -0.8556018471717834 0.9092362523078918 -0.19972684979438782 -0.3652375042438507 -2.072523832321167
0.29177889227867126 -0.31998297572135925 0.9013743996620178 0.16461893916130066 -0.2968856692314148 -0.9261336922645569 -0.23266921937465668 -0.8555800318717957 0.9092435836791992 -0.1997172087430954 -0.3652245104312897 -2.072528839111328
0.2917177975177765 -0.3198733329772949 0.9014331102371216 0.16476432979106903 -0.29680702090263367 -0.9261757731437683 -0.23260195553302765 -0.8557080030441284 0.9092888236045837 -0.1996975988149643 -0.3651224970817566 -2.0724313259124756
0.29172489047050476 -0.31987449526786804 0.9014304280281067 0.16474363207817078 -0.29676902294158936 -0.9261842370033264 -0.23261679708957672 -0.8556857705116272 0.9092989563941956 -0.19965654611587524 -0.36511972546577454 -2.0724380016326904
0.29182469844818115 -0.3198135495185852 0.9014196991920471 0.16465216875076294 -0.29677897691726685 -0.9262034296989441 -0.23252765834331512 -0.8556711077690125 0.9092636704444885 -0.1996651440858841 -0.3652028441429138 -2.0725061893463135
0.29180672764778137 -0.31981080770492554 0.9014264941215515 0.16463011503219604 -0.296807199716568 -0.9261969327926636 -0.2325175553560257 -0.8556513786315918 0.9092602729797363 -0.1996997445821762 -0.3651925325393677 -2.0725197792053223
0.29178088903427124 -0.3197529911994934 0.9014554023742676 0.16456963121891022 -0.296772837638855 -0.9262179136276245 -0.23247778415679932 -0.8556662201881409 0.9092797636985779 -0.1996949166059494 -0.36514657735824585 -2.07255220413208
0.29176244139671326 -0.31978175044059753 0.9014511704444885 0.16453847289085388 -0.29678550362586975 -0.926206648349762 -0.2325064092874527 -0.8556455373764038 0.9092815518379211 -0.19970104098320007 -0.3651387691497803 -2.072573184967041
0.29168203473091125 -0.3197380006313324 0.901492714881897 0.16457566618919373 -0.2967246472835541 -0.9262267351150513 -0.23250405490398407 -0.8556448221206665 0.9093272089958191 -0.19967788457870483 -0.365037739276886 -2.072542428970337
0.29171326756477356 -0.3198285400867462 0.9014504551887512 0.16477015614509583 -0.2968427240848541 -0.9261792302131653 -0.23254261910915375 -0.8557739853858948 0.9092786312103271 -0.1997532695531845 -0.3651174306869507 -2.0724666118621826
0.2917545735836029 -0.3197435140609741 0.9014672636985779 0.16481274366378784 -0.29682984948158264 -0.9262063503265381 -0.23245109617710114 -0.8557562828063965 0.9092695713043213 -0.19976377487182617 -0.36513423919677734 -2.072479486465454
0.29166457056999207 -0.3198063373565674 0.901474118232727 0.16491158306598663 -0.2967694103717804 -0.9261983036994934 -0.2325602024793625 -0.8558111786842346 0.909318208694458 -0.19970040023326874 -0.3650478720664978 -2.072364091873169
0.2916994094848633 -0.3197828531265259 0.9014711976051331 0.16489644348621368 -0.2967314124107361 -0.9262146949768066 -0.232543483376503 -0.8557729125022888 0.9093194007873535 -0.19966205954551697 -0.3650657832622528 -2.072378635406494
0.29169222712516785 -0.31992456316947937 0.9014232158660889 0.1651088148355484 -0.2967723309993744 -0.9261687397956848 -0.23267428576946259 -0.8558905124664307 0.9093083739280701 -0.19964823126792908 -0.3651008605957031 -2.0723330974578857
0.29170554876327515 -0.31991732120513916 0.9014214873313904 0.16510921716690063 -0.29677897691726685 -0.9261699318885803 -0.232661172747612 -0.8558624982833862 0.9093019366264343 -0.19965441524982452 -0.3651135265827179 -2.0723495483398438
0.29172950983047485 -0.319973886013031 0.9013936519622803 0.16490815579891205 -0.2968740165233612 -0.926135778427124 -0.2326757162809372 -0.8556946516036987 0.9092631936073303 -0.199722021818161 -0.36517295241355896 -2.072443723678589
0.291644811630249 -0.3199147880077362 0.9014419913291931 0.16487112641334534 -0.29683467745780945 -0.9261549115180969 -0.23264989256858826 -0.8556797504425049 0.9093032479286194 -0.19972814619541168 -0.3650699555873871 -2.0723865032196045
0.29165884852409363 -0.3199126422405243 0.9014382362365723 0.1648533046245575 -0.29683825373649597 -0.9261554479598999 -0.23264311254024506 -0.8556445837020874 0.909297525882721 -0.19972898066043854 -0.36508363485336304 -2.0723936557769775
0.29156678915023804 -0.31993794441223145 0.9014590382575989 0.16496194899082184 -0.2966980040073395 -0.926174521446228 -0.2327461540699005 -0.855803906917572 0.909372866153717 -0.19960008561611176 -0.3649665415287018 -2.0722849369049072
0.2915482819080353 -0.31992658972740173 0.9014690518379211 0.16494475305080414 -0.2966928780078888 -0.9261775016784668 -0.23274071514606476 -0.8557794094085693 0.9093804359436035 -0.1996043473482132 -0.36494529247283936 -2.0722901821136475
0.29171282052993774 -0.3198893666267395 0.9014290571212769 0.1649252474308014 -0.2967461049556732 -0.9261847734451294 -0.2326440066099167 -0.8557978868484497 0.9093103408813477 -0.19963034987449646 -0.3651057779788971 -2.0723471641540527
0.2917124330997467 -0.31990519165992737 0.9014235138893127 0.16489996016025543 -0.2967590391635895 -0.9261777997016907 -0.23265516757965088 -0.8557752370834351 0.9093062281608582 -0.19963723421096802 -0.3651122450828552 -2.072359800338745
0.2917768359184265 -0.31976091861724854 0.9014539122581482 0.16463731229305267 -0.2967241704463959 -0.9262263178825378 -0.2325064092874527 -0.8556179404258728 0.9092969298362732 -0.19964320957660675 -0.36513206362724304 -2.0725791454315186
0.2918453812599182 -0.3196570575237274 0.9014685153961182 0.16458408534526825 -0.29666969180107117 -0.9262689352035522 -0.23240609467029572 -0.8556033968925476 0.9092926979064941 -0.19961178302764893 -0.3651597797870636 -2.072540760040283
0.2918442189693451 -0.31967979669570923 0.9014608263969421 0.16454896330833435 -0.296681672334671 -0.9262604117393494 -0.23242489993572235 -0.855574369430542 0.9092891812324524 -0.19961509108543396 -0.3651667833328247 -2.0725650787353516
0.2918674647808075 -0.3196110427379608 0.9014776945114136 0.16413170099258423 -0.29674041271209717 -0.9262665510177612 -0.23232541978359222 -0.8553345799446106 0.9092625379562378 -0.19969668984413147 -0.36518844962120056 -2.072819471359253
0.2918393611907959 -0.31961187720298767 0.9014865159988403 0.16408318281173706 -0.29673683643341064 -0.9262655377388 -0.23233407735824585 -0.8552959561347961 0.9092727303504944 -0.19970005750656128 -0.3651612401008606 -2.0728604793548584
0.2917495667934418 -0.31957170367240906 0.9015297889709473 0.16402801871299744 -0.29669952392578125 -0.9262789487838745 -0.23232804238796234 -0.8552169799804688 0.9093137383460999 -0.19970187544822693 -0.36505815386772156 -2.072859764099121
0.2917647361755371 -0.31958311796188354 0.901520848274231 0.16397473216056824 -0.29670965671539307 -0.9262746572494507 -0.2323322594165802 -0.8551657795906067 0.9093055725097656 -0.1997036337852478 -0.36507758498191833 -2.072899341583252
0.2918890118598938 -0.3195747435092926 0.9014835953712463 0.16416656970977783 -0.2967442572116852 -0.9262762665748596 -0.23228172957897186 -0.8552758693695068 0.9092543721199036 -0.19970962405204773 -0.3652017116546631 -2.072754383087158
0.29187560081481934 -0.31960946321487427 0.9014756083488464 0.16412310302257538 -0.2967733144760132 -0.9262601733207703 -0.2323087751865387 -0.8552262783050537 0.9092491865158081 -0.19972866773605347 -0.36520421504974365 -2.072777271270752
0.2918072044849396 -0.31967437267303467 0.9014747738838196 0.1643109917640686 -0.2966614067554474 -0.9262641668319702 -0.23243583738803864 -0.8553416132926941 0.9093076586723328 -0.19960634410381317 -0.36512547731399536 -2.0726332664489746
0.2918304204940796 -0.3197729289531708 0.9014322757720947 0.1646212339401245 -0.29667454957962036 -0.926237165927887 -0.23252657055854797 -0.8555854558944702 0.909295916557312 -0.19957372546195984 -0.36517253518104553 -2.072497844696045
0.29179778695106506 -0.3198942542076111 0.9013997912406921 0.1647033393383026 -0.2967867851257324 -0.9261793494224548 -0.23261353373527527 -0.8555925488471985 0.9092698097229004 -0.1996474713087082 -0.3651973605155945 -2.0725114345550537
0.29179835319519043 -0.31991127133369446 0.9013935923576355 0.16467753052711487 -0.2967539131641388 -0.926182210445404 -0.23264408111572266 -0.855551540851593 0.9092803597450256 -0.19960694015026093 -0.365193247795105 -2.072535991668701
0.2918546795845032 -0.31998199224472046 0.9013502597808838 0.16471539437770844 -0.296902596950531 -0.9261345267295837 -0.23264430463314056 -0.8555784225463867 0.9092137217521667 -0.19971494376659393 -0.36530008912086487 -2.0725183486938477
0.2918471693992615 -0.31991124153137207 0.90137779712677 0.16461914777755737 -0.29693764448165894 -0.9261446595191956 -0.23255924880504608 -0.8555094599723816 0.9092046618461609 -0.19978126883506775 -0.365286260843277 -2.0725975036621094
0.29187488555908203 -0.319903165102005 0.9013716578483582 0.16462303698062897 -0.29689329862594604 -0.9261580109596252 -0.23256251215934753 -0.8556058406829834 0.9092102646827698 -0.19973209500312805 -0.365299254655838 -2.072554588317871
0.2918738126754761 -0.31974464654922485 0.9014282822608948 0.16439791023731232 -0.2969340682029724 -0.9261898994445801 -0.23238347470760345 -0.8554778099060059 0.9091972708702087 -0.19983814656734467 -0.36527353525161743 -2.0726914405822754
0.29186341166496277 -0.3197474181652069 0.9014306664466858 0.1643679141998291 -0.2969330847263336 -0.9261888265609741 -0.23238909244537354 -0.855455756187439 0.9092009663581848 -0.19983874261379242 -0.3652641177177429 -2.0727148056030273
0.2917812168598175 -0.31958913803100586 0.901513397693634 0.16424155235290527 -0.2969812750816345 -0.926214337348938 -0.23222565650939941 -0.8553521037101746 0.9092115759849548 -0.19997353851795197 -0.3651638329029083 -2.0727529525756836
0.2917473614215851 -0.3195315897464752 0.9015447497367859 0.16418561339378357 -0.2970534563064575 -0.9262113571166992 -0.23214520514011383 -0.8553106188774109 0.9091988801956177 -0.20007926225662231 -0.36513757705688477 -2.0727734565734863
0.2917424440383911 -0.3195308744907379 0.9015465974807739 0.16412517428398132 -0.29703080654144287 -0.9262162446975708 -0.23215468227863312 -0.8552665114402771 0.909207820892334 -0.2000577747821808 -0.3651270270347595 -2.072803497314453
0.29185256361961365 -0.3193988502025604 0.9015577435493469 0.1639040857553482 -0.29690223932266235 -0.9262847900390625 -0.23204576969146729 -0.8551997542381287 0.9092144966125488 -0.1999513804912567 -0.3651686906814575 -2.0728843212127686
0.29170507192611694 -0.31950417160987854 0.9015681147575378 0.1642296016216278 -0.29680946469306946 -0.9262697100639343 -0.23222455382347107 -0.8553833961486816 0.9092921018600464 -0.19985291361808777 -0.36502933502197266 -2.0726940631866455
0.2917007505893707 -0.3195194900035858 0.9015641212463379 0.16417011618614197 -0.29681357741355896 -0.9262645840644836 -0.23223960399627686 -0.8553445935249329 0.9092921614646912 -0.19985204935073853 -0.3650296926498413 -2.0727157592773438
0.2916455864906311 -0.31955334544181824 0.9015699625015259 0.16431987285614014 -0.2966356575489044 -0.926291823387146 -0.23235827684402466 -0.8554230332374573 0.9093679189682007 -0.19967156648635864 -0.36493974924087524 -2.072657585144043
0.29163917899131775 -0.3195483088493347 0.9015738368034363 0.16428419947624207 -0.29663190245628357 -0.9262936115264893 -0.23235605657100677 -0.8553977608680725 0.9093711972236633 -0.19967147707939148 -0.3649316132068634 -2.072669744491577
0.29152214527130127 -0.31962648034095764 0.9015839695930481 0.1644553691148758 -0.2965676188468933 -0.9262809157371521 -0.23248857259750366 -0.8555460572242737 0.909429669380188 -0.1996050775051117 -0.3648221492767334 -2.072540044784546
0.29156577587127686 -0.31965163350105286 0.90156090259552 0.16439788043498993 -0.2965913712978363 -0.9262717366218567 -0.2324950248003006 -0.8555216789245605 0.9094079732894897 -0.19960764050483704 -0.364874929189682 -2.0726001262664795
0.2916596531867981 -0.31957706809043884 0.9015569686889648 0.16401417553424835 -0.2966291904449463 -0.9262879490852356 -0.23238205909729004 -0.8553282022476196 0.9093655347824097 -0.19965168833732605 -0.3649566173553467 -2.072777509689331
