# 3x4 first row second row third row Freq: 100 current Time: 2021-07-31-13:43:03
0.5003642439842224 0.2445627748966217 0.8305568099021912 0.13166184723377228 0.41083523631095886 -0.9114702343940735 0.020882967859506607 -0.8980211019515991 0.7621351480484009 0.33077293634414673 -0.5565420389175415 -1.463521957397461
0.5003414154052734 0.24457141757011414 0.8305680155754089 0.13166920840740204 0.4108450412750244 -0.9114655256271362 0.02089616470038891 -0.8980354070663452 0.7621448636054993 0.3307795524597168 -0.5565248131752014 -1.463531494140625
0.5004233121871948 0.24456103146076202 0.8305217027664185 0.13164636492729187 0.41068825125694275 -0.9115346670150757 0.0209602490067482 -0.897969663143158 0.7621755599975586 0.33059656620025635 -0.5565915107727051 -1.463535189628601
0.5004199743270874 0.2445594072341919 0.830524206161499 0.13165141642093658 0.4106675982475281 -0.9115436673164368 0.02097511477768421 -0.8979766964912415 0.7621888518333435 0.33057305216789246 -0.5565872192382812 -1.4635379314422607
0.5004588961601257 0.24454134702682495 0.8305060863494873 0.13155846297740936 0.4107254445552826 -0.911519467830658 0.020894544199109077 -0.8978983759880066 0.7621321678161621 0.3306531608104706 -0.556617259979248 -1.4635564088821411
0.5004458427429199 0.24455444514751434 0.8305100798606873 0.13155165314674377 0.41073688864707947 -0.9115139842033386 0.020906776189804077 -0.8979027271270752 0.7621345520019531 0.3306584358215332 -0.5566108822822571 -1.4635483026504517
0.5004473924636841 0.24460287392139435 0.8304948806762695 0.13149280846118927 0.4107733368873596 -0.9114969968795776 0.020932573825120926 -0.8978589177131653 0.7621138691902161 0.3306695520877838 -0.5566325187683105 -1.463485836982727
0.500413715839386 0.24451912939548492 0.8305398225784302 0.13144972920417786 0.4107609987258911 -0.9115040898323059 0.020865710452198982 -0.8977554440498352 0.7621426582336426 0.33071190118789673 -0.5565680265426636 -1.4635756015777588
0.5004124045372009 0.24450713396072388 0.8305441737174988 0.13143719732761383 0.4107324779033661 -0.9115167260169983 0.02087399549782276 -0.8977468609809875 0.7621588706970215 0.33068588376045227 -0.5565612316131592 -1.4635652303695679
0.5004911422729492 0.2445150762796402 0.8304944038391113 0.13146501779556274 0.41074472665786743 -0.9115120768547058 0.02083626575767994 -0.8977376818656921 0.7621005773544312 0.330692857503891 -0.5566369295120239 -1.4636385440826416
0.5004918575286865 0.24451248347759247 0.8304947018623352 0.13146185874938965 0.4107423424720764 -0.9115132093429565 0.020834822207689285 -0.8977301716804504 0.762101411819458 0.33069172501564026 -0.5566365122795105 -1.463638424873352
0.5005054473876953 0.2444862723350525 0.830494225025177 0.13139401376247406 0.4107029139995575 -0.9115310907363892 0.020828373730182648 -0.8977187871932983 0.7621136903762817 0.33066171407699585 -0.5566374659538269 -1.4637930393218994
0.5006023645401001 0.24440521001815796 0.830459713935852 0.1313411444425583 0.4107518494129181 -0.9115129709243774 0.020657503977417946 -0.8976637125015259 0.7620236873626709 0.33077168464660645 -0.5566953420639038 -1.4638211727142334
0.5004635453224182 0.24445444345474243 0.8305288553237915 0.13135933876037598 0.4107184112071991 -0.9115247130393982 0.02080211229622364 -0.8976831436157227 0.7621328830718994 0.3307028114795685 -0.556586742401123 -1.4637876749038696
0.500495195388794 0.24452415108680725 0.8304892778396606 0.13130269944667816 0.4107246994972229 -0.9115206003189087 0.020858949050307274 -0.897654116153717 0.7621087431907654 0.33066266775131226 -0.5566437244415283 -1.463880181312561
0.5005077719688416 0.24449904263019562 0.8304890990257263 0.13130053877830505 0.41071030497550964 -0.9115276336669922 0.020835911855101585 -0.8976500034332275 0.7621082067489624 0.33066192269325256 -0.556644856929779 -1.4638912677764893
0.5004726648330688 0.24464432895183563 0.8304674625396729 0.13129273056983948 0.41072940826416016 -0.9115152955055237 0.020998122170567513 -0.8977299332618713 0.7621209621429443 0.3305884301662445 -0.5566710233688354 -1.4638361930847168
0.5004880428314209 0.24463704228401184 0.8304603099822998 0.1312810629606247 0.4107232987880707 -0.9115182757377625 0.0209872554987669 -0.8977346420288086 0.7621141672134399 0.3305855691432953 -0.5566820502281189 -1.4638398885726929
0.5004652142524719 0.24457113444805145 0.8304935097694397 0.1312749832868576 0.4107395112514496 -0.9115126729011536 0.020913943648338318 -0.8976960778236389 0.7621204257011414 0.33064982295036316 -0.556635320186615 -1.463836669921875
0.5004479885101318 0.2445347160100937 0.8305146098136902 0.1313372254371643 0.41074860095977783 -0.9115094542503357 0.020875532180070877 -0.8977239727973938 0.7621268033981323 0.3306856155395508 -0.5566052794456482 -1.4637701511383057
0.500449001789093 0.24452495574951172 0.8305168747901917 0.13133448362350464 0.41071251034736633 -0.9115253686904907 0.020890718325972557 -0.8977213501930237 0.7621456384658813 0.3306489586830139 -0.556601345539093 -1.4637702703475952
0.5003679394721985 0.244500532746315 0.8305729031562805 0.13128316402435303 0.4107038974761963 -0.9115288257598877 0.020908799022436142 -0.8976534008979797 0.7622035145759583 0.3306574523448944 -0.5565170645713806 -1.4637835025787354
0.5003798007965088 0.2445068061351776 0.8305639028549194 0.13127894699573517 0.41069653630256653 -0.9115319848060608 0.02091539464890957 -0.8976470232009888 0.7621996402740479 0.3306441009044647 -0.556530237197876 -1.4637813568115234
0.5004081726074219 0.24457937479019165 0.8305254578590393 0.1311829388141632 0.41074085235595703 -0.911511242389679 0.02094918116927147 -0.8975867033004761 0.762157142162323 0.33064761757850647 -0.5565863251686096 -1.4639849662780762
0.5003840923309326 0.24459238350391388 0.8305361270904541 0.13118408620357513 0.4107476472854614 -0.9115077257156372 0.020969970151782036 -0.8975815773010254 0.7621693015098572 0.330647736787796 -0.5565696358680725 -1.464004397392273
0.5004414319992065 0.2444971352815628 0.8305296301841736 0.13115473091602325 0.4107668399810791 -0.9115024209022522 0.020824115723371506 -0.8975102305412292 0.762121319770813 0.3307327926158905 -0.5565848350524902 -1.4640228748321533
0.5005868077278137 0.24440881609916687 0.8304679989814758 0.13117347657680511 0.4107290804386139 -0.9115225672721863 0.020685501396656036 -0.8974853157997131 0.7620461583137512 0.3307425081729889 -0.5566818714141846 -1.4639768600463867
0.500519335269928 0.24451208114624023 0.8304782509803772 0.1312241405248642 0.4107699394226074 -0.9115015268325806 0.020801149308681488 -0.8975447416305542 0.7620684504508972 0.33072414994239807 -0.5566622614860535 -1.4638986587524414
0.5006080269813538 0.24441038072109222 0.8304547071456909 0.13124406337738037 0.4107697010040283 -0.9115051627159119 0.020647436380386353 -0.8975755572319031 0.7620103359222412 0.33078938722610474 -0.5567030906677246 -1.4638938903808594
0.5005806088447571 0.2444353997707367 0.8304638862609863 0.13123854994773865 0.41077539324760437 -0.9115017652511597 0.02068379521369934 -0.8975737690925598 0.7620252966880798 0.3307802677154541 -0.5566880702972412 -1.4639028310775757
0.5006258487701416 0.2443459928035736 0.8304629325866699 0.1313060075044632 0.4107993543148041 -0.9114940166473389 0.020546594634652138 -0.8975930213928223 0.7619826197624207 0.3308675289154053 -0.5566945672035217 -1.4638667106628418
0.5005688071250916 0.24433712661266327 0.8304999470710754 0.13130207359790802 0.41076451539993286 -0.9115087985992432 0.020589515566825867 -0.8976452946662903 0.7620388865470886 0.33083346486091614 -0.5566378235816956 -1.4638391733169556
0.5005679726600647 0.24435000121593475 0.8304966688156128 0.13129140436649323 0.4107745587825775 -0.9115040898323059 0.020596694201231003 -0.8976442217826843 0.762033998966217 0.3308368921279907 -0.556642472743988 -1.463847041130066
0.5005393624305725 0.2444184124469757 0.8304937481880188 0.13119645416736603 0.4107867181301117 -0.9114968180656433 0.020676538348197937 -0.8976207971572876 0.7620462775230408 0.3308064043521881 -0.5566437840461731 -1.463850736618042
0.5005229711532593 0.2443968802690506 0.8305099606513977 0.13117410242557526 0.4107721447944641 -0.9115034937858582 0.020671365782618523 -0.8976196646690369 0.7620648741722107 0.33080390095710754 -0.5566198229789734 -1.4638500213623047
0.5005345344543457 0.24431940913200378 0.830525815486908 0.13127252459526062 0.41075554490089417 -0.9115127325057983 0.020592957735061646 -0.897641122341156 0.7620662450790405 0.33083561062812805 -0.5565990805625916 -1.4638158082962036
0.5006731748580933 0.24428790807724 0.830451488494873 0.13108181953430176 0.4108031392097473 -0.9114943742752075 0.02045752853155136 -0.8975513577461243 0.7619494795799255 0.3309095501899719 -0.5567149519920349 -1.4640711545944214
0.500554621219635 0.24443656206130981 0.8304792642593384 0.1312723308801651 0.410823255777359 -0.9114806652069092 0.020662499591708183 -0.8977712988853455 0.7620165944099426 0.33083751797676086 -0.5566659569740295 -1.4638171195983887
0.5005062222480774 0.24439094960689545 0.830521821975708 0.1313464343547821 0.4108043611049652 -0.9114894866943359 0.020649297162890434 -0.8977506160736084 0.7620584964752197 0.330846905708313 -0.556602954864502 -1.4637548923492432
0.5005027055740356 0.24439765512943268 0.8305219411849976 0.13133178651332855 0.4108268916606903 -0.9114794731140137 0.020641865208745003 -0.8977575302124023 0.7620486617088318 0.3308694660663605 -0.5566030144691467 -1.4637625217437744
0.5005971193313599 0.24424363672733307 0.8305103778839111 0.13123290240764618 0.4107785224914551 -0.9115052819252014 0.02046317607164383 -0.8976069688796997 0.762012779712677 0.3309120535850525 -0.5566269159317017 -1.4639270305633545
0.5005953907966614 0.24424917995929718 0.8305097818374634 0.1312195211648941 0.4107826054096222 -0.9115033745765686 0.020467106252908707 -0.8976016640663147 0.762011706829071 0.3309132754802704 -0.556627631187439 -1.4639421701431274
0.5006914734840393 0.24425508081912994 0.8304501175880432 0.13119672238826752 0.41083210706710815 -0.9114827513694763 0.020391616970300674 -0.8975662589073181 0.7619218826293945 0.33096569776535034 -0.5567194223403931 -1.4639952182769775
0.5008063316345215 0.2442692667245865 0.8303766846656799 0.13099484145641327 0.4108145534992218 -0.9114912748336792 0.02036525309085846 -0.8974223732948303 0.7618558406829834 0.33093181252479553 -0.5568298697471619 -1.464223027229309
0.5006038546562195 0.24439184367656708 0.8304626941680908 0.13125886023044586 0.41082000732421875 -0.9114837050437927 0.020592322573065758 -0.8976424336433411 0.7619859576225281 0.3308621346950531 -0.5566932559013367 -1.463931918144226
0.5006002187728882 0.24450944364070892 0.830430269241333 0.13113169372081757 0.4107897877693176 -0.9114938378334045 0.020745232701301575 -0.897542417049408 0.7620046734809875 0.33074724674224854 -0.5567359328269958 -1.4640655517578125
0.500618577003479 0.24450001120567322 0.8304219841957092 0.13111211359500885 0.410796195268631 -0.9114915132522583 0.020721420645713806 -0.89753657579422 0.7619891166687012 0.3307607173919678 -0.5567492246627808 -1.4640882015228271
0.5006709694862366 0.2445203959941864 0.8303844332695007 0.13091103732585907 0.41085100173950195 -0.9114677906036377 0.020678790286183357 -0.8973761200904846 0.7619251608848572 0.3308110237121582 -0.5568068623542786 -1.4642481803894043
0.500650942325592 0.2445123791694641 0.8303988575935364 0.13088738918304443 0.4108487665653229 -0.9114687442779541 0.02068115398287773 -0.8973684310913086 0.761939525604248 0.33081433176994324 -0.5567852258682251 -1.4642705917358398
0.5006668567657471 0.2446264773607254 0.8303556442260742 0.1308709681034088 0.4108721613883972 -0.9114559292793274 0.020781738683581352 -0.8974287509918213 0.76191645860672 0.3307653069496155 -0.5568459033966064 -1.4642956256866455
0.5006738901138306 0.24460770189762115 0.8303568959236145 0.13083767890930176 0.4108569920063019 -0.9114630222320557 0.020768851041793823 -0.8974297046661377 0.7619199752807617 0.33075955510139465 -0.5568444728851318 -1.4643192291259766
0.5006206035614014 0.24456146359443665 0.830402672290802 0.1309015452861786 0.4108096957206726 -0.9114841222763062 0.02077805995941162 -0.8974449038505554 0.7619805335998535 0.33073556423187256 -0.5567758679389954 -1.4642090797424316
0.5006288886070251 0.24457255005836487 0.830394446849823 0.13087348639965057 0.4108095169067383 -0.9114840030670166 0.02078641951084137 -0.8974400758743286 0.7619751691818237 0.3307276666164398 -0.55678790807724 -1.4642292261123657
0.5006464719772339 0.24446876347064972 0.8304144144058228 0.13090290129184723 0.4107312262058258 -0.911520779132843 0.02072131633758545 -0.8974018096923828 0.7620058655738831 0.33070307970046997 -0.5567605495452881 -1.4641811847686768
0.5005805492401123 0.2444082647562027 0.830471932888031 0.13111548125743866 0.4108334481716156 -0.9114772081375122 0.020611630752682686 -0.8975227475166321 0.7619940042495728 0.3308679163455963 -0.5566787719726562 -1.4640551805496216
0.5005797147750854 0.24439047276973724 0.8304776549339294 0.13110242784023285 0.41082027554512024 -0.9114833474159241 0.020602134987711906 -0.8975123167037964 0.7620016932487488 0.3308640718460083 -0.5566705465316772 -1.4640713930130005
0.5005652904510498 0.24433283507823944 0.8305033445358276 0.1311844289302826 0.41079622507095337 -0.9114950895309448 0.020563315600156784 -0.8975152373313904 0.7620241045951843 0.33087435364723206 -0.556633710861206 -1.4639716148376465
0.5005574226379395 0.24435104429721832 0.8305026888847351 0.1311713606119156 0.4107876121997833 -0.9114983081817627 0.02059335634112358 -0.8974987864494324 0.7620339393615723 0.33085209131240845 -0.5566335320472717 -1.4639785289764404
0.5005772113800049 0.24427874386310577 0.8305120468139648 0.1312117725610733 0.4107757806777954 -0.911505401134491 0.020513195544481277 -0.8975281715393066 0.7620273232460022 0.3308858275413513 -0.5566225647926331 -1.463937520980835
0.5004580020904541 0.24443881213665009 0.8305367827415466 0.13108012080192566 0.4109066426753998 -0.9114433526992798 0.02065008506178856 -0.8974842429161072 0.762035071849823 0.3309386074542999 -0.5565806031227112 -1.4641085863113403
0.5004565715789795 0.24444334208965302 0.8305363059043884 0.13106682896614075 0.4109172821044922 -0.9114385843276978 0.020647965371608734 -0.8974737524986267 0.7620302438735962 0.3309483528137207 -0.5565813779830933 -1.4641292095184326
0.5005496144294739 0.24443534016609192 0.8304826021194458 0.130987748503685 0.41089996695518494 -0.911447286605835 0.020607510581612587 -0.897426962852478 0.7619785070419312 0.330930233001709 -0.5566629767417908 -1.4641979932785034
0.5005461573600769 0.24443653225898743 0.8304843306541443 0.1309748739004135 0.4108900725841522 -0.9114515781402588 0.02061770297586918 -0.8974170088768005 0.7619861364364624 0.33091768622398376 -0.556659996509552 -1.4642200469970703
0.500329852104187 0.2445802241563797 0.8305723667144775 0.13104450702667236 0.41097477078437805 -0.9114088416099548 0.02081657387316227 -0.897557258605957 0.7620824575424194 0.330929160118103 -0.5565212965011597 -1.4641709327697754
0.5003305077552795 0.24457567930221558 0.830573320388794 0.1310318112373352 0.4109686017036438 -0.9114116430282593 0.02081579715013504 -0.8975574374198914 0.7620853781700134 0.33092477917671204 -0.5565199255943298 -1.4641993045806885
0.5003501772880554 0.24450890719890594 0.8305811285972595 0.13107144832611084 0.41093260049819946 -0.9114291667938232 0.020759424194693565 -0.8975237011909485 0.7620918154716492 0.33092591166496277 -0.5565103888511658 -1.464120626449585
0.5003888607025146 0.24458372592926025 0.8305357694625854 0.13100631535053253 0.41094714403152466 -0.9114214181900024 0.02081248164176941 -0.8974816799163818 0.7620586156845093 0.33089202642440796 -0.5565760135650635 -1.4642348289489746
0.500392735004425 0.24456727504730225 0.8305383324623108 0.1310005784034729 0.41091370582580566 -0.9114363789558411 0.020817028358578682 -0.8974776864051819 0.7620741128921509 0.3308629095554352 -0.5565720796585083 -1.4642616510391235
0.5003882050514221 0.2446441352367401 0.8305184245109558 0.13097986578941345 0.4108402132987976 -0.9114663004875183 0.020957201719284058 -0.8974732160568237 0.7621167302131653 0.3307236433029175 -0.5565965175628662 -1.464235544204712
0.5003842711448669 0.24464859068393707 0.8305194973945618 0.13097018003463745 0.41083455085754395 -0.9114685654640198 0.020968114957213402 -0.8974733948707581 0.762122392654419 0.33071398735046387 -0.5565945506095886 -1.4642560482025146
0.5004516839981079 0.2445646971464157 0.8305035829544067 0.13095861673355103 0.41081348061561584 -0.9114806056022644 0.020859314128756523 -0.8974211812019348 0.7620894312858582 0.3307430148124695 -0.5566223859786987 -1.4642325639724731
0.5004570484161377 0.24456338584423065 0.8305007219314575 0.1309499591588974 0.4107937514781952 -0.9114892482757568 0.020869724452495575 -0.8974164128303528 0.7620965838432312 0.33072012662887573 -0.5566262602806091 -1.4642528295516968
0.5005015134811401 0.24453745782375336 0.8304815292358398 0.13092882931232452 0.4107111692428589 -0.9115262031555176 0.02088042162358761 -0.8974616527557373 0.7621118426322937 0.3306373953819275 -0.5566543936729431 -1.4642431735992432
0.5005896091461182 0.2445877641439438 0.8304136395454407 0.13091471791267395 0.41070136427879333 -0.9115301370620728 0.020900841802358627 -0.8974334597587585 0.7620592713356018 0.33058929443359375 -0.556755006313324 -1.4643073081970215
0.500603973865509 0.24453051388263702 0.8304218649864197 0.13093030452728271 0.41056206822395325 -0.9115921854972839 0.020932931452989578 -0.897447407245636 0.7621248960494995 0.33046063780784607 -0.5567415356636047 -1.4642537832260132
0.5006439089775085 0.2444962114095688 0.8304078578948975 0.13096883893013 0.41060373187065125 -0.9115753769874573 0.02084582857787609 -0.8974471688270569 0.7620762586593628 0.3305322527885437 -0.556765615940094 -1.4641960859298706
0.500643253326416 0.24451610445976257 0.8304023742675781 0.1309637427330017 0.41059911251068115 -0.9115768671035767 0.020871330052614212 -0.8974431753158569 0.762079119682312 0.3305134177207947 -0.5567728281021118 -1.4641997814178467
0.5006665587425232 0.24461384117603302 0.8303595781326294 0.13100409507751465 0.41062092781066895 -0.9115652441978455 0.020951595157384872 -0.8975467681884766 0.762052059173584 0.33047327399253845 -0.5568336844444275 -1.4641139507293701
0.5006842017173767 0.2446603626012802 0.8303351998329163 0.13110297918319702 0.4106316864490509 -0.9115595817565918 0.020986424759030342 -0.8976367712020874 0.7620347142219543 0.33045440912246704 -0.5568686723709106 -1.4640001058578491
0.5006828904151917 0.24465444684028625 0.8303377032279968 0.13109764456748962 0.4106338322162628 -0.9115588068962097 0.020978955551981926 -0.8976461291313171 0.7620343565940857 0.3304609954357147 -0.5568652153015137 -1.4639995098114014
0.500696063041687 0.2447032779455185 0.8303154110908508 0.13126036524772644 0.4106138348579407 -0.9115663766860962 0.02104092203080654 -0.8977344036102295 0.7620365023612976 0.3304039239883423 -0.5568961501121521 -1.463864803314209
0.5006833076477051 0.2447051852941513 0.8303225040435791 0.13126860558986664 0.41063159704208374 -0.9115584492683411 0.021036097779870033 -0.897746741771698 0.7620353102684021 0.3304242789745331 -0.5568857192993164 -1.4638644456863403
0.5007113814353943 0.24478279054164886 0.8302827477455139 0.13143590092658997 0.41060686111450195 -0.9115675091743469 0.02112601511180401 -0.8978833556175232 0.7620301842689514 0.33034175634384155 -0.5569416880607605 -1.4637106657028198
0.5007854104042053 0.24469910562038422 0.8302627801895142 0.13146398961544037 0.4104976952075958 -0.9116178154945374 0.02107868529856205 -0.8978403806686401 0.762040376663208 0.330265074968338 -0.5569732189178467 -1.463719129562378
0.5007910132408142 0.24471671879291534 0.8302541971206665 0.13148413598537445 0.4104901850223541 -0.9116206765174866 0.02110086940228939 -0.8978518843650818 0.7620407342910767 0.3302440941333771 -0.5569851398468018 -1.4637082815170288
0.5008330941200256 0.24459776282310486 0.8302638530731201 0.13160063326358795 0.4104337990283966 -0.9116485714912415 0.02099141664803028 -0.8978498578071594 0.7620434165000916 0.3302551805973053 -0.5569748878479004 -1.4635679721832275
0.500838577747345 0.24459302425384521 0.8302619457244873 0.13162633776664734 0.4104265868663788 -0.9116518497467041 0.02098889648914337 -0.8978574275970459 0.7620437145233154 0.3302495777606964 -0.5569778084754944 -1.4635471105575562
0.5008121728897095 0.2446860671043396 0.8302504420280457 0.13162896037101746 0.4104597270488739 -0.9116348624229431 0.021079394966363907 -0.8979008793830872 0.7620432376861572 0.3302275836467743 -0.5569915771484375 -1.4635369777679443
0.5008283257484436 0.24467702209949493 0.8302433490753174 0.13152547180652618 0.4105435609817505 -0.9115989208221436 0.021000511944293976 -0.8978142738342285 0.7619874477386475 0.3303334414958954 -0.5570051074028015 -1.4636150598526
0.500816285610199 0.2447032779455185 0.8302428722381592 0.13158971071243286 0.4105389416217804 -0.9116001725196838 0.021038426086306572 -0.8978520631790161 0.7619978189468384 0.3303106725215912 -0.5570043921470642 -1.4635488986968994
0.5008295774459839 0.2446163296699524 0.8302605152130127 0.13155750930309296 0.4105781316757202 -0.9115855097770691 0.02090798132121563 -0.8978187441825867 0.7619680166244507 0.3304155170917511 -0.5569829940795898 -1.4635980129241943
0.5008249878883362 0.2445913702249527 0.8302706480026245 0.13157640397548676 0.4105601906776428 -0.9115938544273376 0.020895902067422867 -0.8978331089019775 0.7619807124137878 0.3304109275341034 -0.5569683909416199 -1.4635791778564453
0.5007809996604919 0.24450887739658356 0.8303214311599731 0.13148953020572662 0.410493940114975 -0.9116241931915283 0.02087467536330223 -0.8977544903755188 0.7620452642440796 0.33038830757141113 -0.5568934082984924 -1.4636321067810059
0.5007868409156799 0.24451540410518646 0.8303160071372986 0.13149993121623993 0.4104991555213928 -0.9116218090057373 0.020875267684459686 -0.8977665901184082 0.7620386481285095 0.33039000630378723 -0.5569014549255371 -1.4636093378067017
0.5007348656654358 0.24459826946258545 0.8303229808807373 0.13132451474666595 0.4105376899242401 -0.9116024374961853 0.02096281573176384 -0.8977771401405334 0.762052059173584 0.3303820788860321 -0.5568878650665283 -1.4637622833251953
0.5007560849189758 0.24458561837673187 0.8303138613700867 0.13132619857788086 0.41054263710975647 -0.9116008877754211 0.020935188978910446 -0.8978024125099182 0.7620354294776917 0.3303958475589752 -0.5569024682044983 -1.4637503623962402
0.5007483959197998 0.24457460641860962 0.830321729183197 0.1313207596540451 0.4105505347251892 -0.9115976095199585 0.020920980721712112 -0.8978270888328552 0.7620362043380737 0.33041292428970337 -0.5568912029266357 -1.4637326002120972
0.5007505416870117 0.2445666640996933 0.830322802066803 0.13131551444530487 0.41052302718162537 -0.9116097688674927 0.020931364968419075 -0.8978490233421326 0.7620496153831482 0.3303852379322052 -0.5568892955780029 -1.463714599609375
0.5007601380348206 0.244577556848526 0.8303138017654419 0.13130740821361542 0.4105072617530823 -0.9116164445877075 0.02095027081668377 -0.8978826999664307 0.7620518207550049 0.3303588032722473 -0.5569019913673401 -1.4636894464492798
0.5007113218307495 0.24444808065891266 0.8303813338279724 0.131366565823555 0.4104301631450653 -0.9116526246070862 0.02088768593966961 -0.8978739380836487 0.7621254324913025 0.33035486936569214 -0.5568035840988159 -1.4637153148651123
0.5007885098457336 0.24435333907604218 0.8303627371788025 0.13122157752513885 0.41045036911964417 -0.9116470217704773 0.020732171833515167 -0.8976768255233765 0.7620638608932495 0.3304402828216553 -0.5568372011184692 -1.4638785123825073
0.5008269548416138 0.24428141117095947 0.8303606510162354 0.13127487897872925 0.41048046946525574 -0.9116361737251282 0.020612897351384163 -0.8976024985313416 0.7620223164558411 0.33052337169647217 -0.5568447113037109 -1.4639068841934204
0.5007678866386414 0.24425899982452393 0.8304029107093811 0.1312379539012909 0.41040581464767456 -0.9116684794425964 0.020670980215072632 -0.8976081013679504 0.7621013522148132 0.3304508328437805 -0.5567795634269714 -1.4639204740524292
0.5007746815681458 0.24425911903381348 0.8303987383842468 0.13125649094581604 0.41038087010383606 -0.9116793870925903 0.020686089992523193 -0.8976081013679504 0.7621103525161743 0.33042073249816895 -0.5567851662635803 -1.463908314704895
0.5007009506225586 0.24432490766048431 0.830423891544342 0.13119012117385864 0.41033515334129333 -0.91169673204422 0.02082682214677334 -0.897559642791748 0.762183427810669 0.3303241431713104 -0.5567424297332764 -1.4639575481414795
0.500775158405304 0.24428929388523102 0.8303896188735962 0.13111503422260284 0.41042929887771606 -0.9116576313972473 0.020683621987700462 -0.8974993228912354 0.7620839476585388 0.330458402633667 -0.5567989349365234 -1.4640506505966187
0.5007936358451843 0.2442639172077179 0.8303859233856201 0.1311282217502594 0.4104189872741699 -0.9116629362106323 0.020654475316405296 -0.8974959850311279 0.7620773315429688 0.3304625451564789 -0.5568054914474487 -1.4640347957611084
0.5007675886154175 0.2442658394575119 0.8304010629653931 0.13107579946517944 0.4104120433330536 -0.9116656184196472 0.02067406289279461 -0.8974201679229736 0.7620981931686401 0.3304537236690521 -0.5567821860313416 -1.4640390872955322
0.5007514953613281 0.2442558854818344 0.8304136991500854 0.13108569383621216 0.4104023873806 -0.9116698503494263 0.020677847787737846 -0.8974066972732544 0.7621139883995056 0.33044934272766113 -0.556763231754303 -1.4640202522277832
0.5008034110069275 0.24428226053714752 0.8303746581077576 0.13110245764255524 0.41039761900901794 -0.9116718769073486 0.020685596391558647 -0.8974012732505798 0.7620824575424194 0.33042439818382263 -0.5568211674690247 -1.464029312133789
0.5009385347366333 0.2442101091146469 0.8303143382072449 0.13090616464614868 0.4104159474372864 -0.9116671681404114 0.020528627559542656 -0.8972378373146057 0.7619837522506714 0.33049070835113525 -0.5569168925285339 -1.4643280506134033
0.500923216342926 0.24419912695884705 0.8303268551826477 0.13091464340686798 0.4103929102420807 -0.9116772413253784 0.02054073102772236 -0.897226870059967 0.7620062232017517 0.3304709494113922 -0.5568978190422058 -1.46432626247406
0.5009546279907227 0.2441912144422531 0.8303101658821106 0.13100551068782806 0.4104365408420563 -0.9116588830947876 0.02048519067466259 -0.8973432779312134 0.7619620561599731 0.33052751421928406 -0.5569246411323547 -1.4642144441604614
0.5009568333625793 0.24420161545276642 0.830305814743042 0.13101454079151154 0.4104325771331787 -0.911660373210907 0.020498448982834816 -0.8973405957221985 0.7619627714157104 0.3305157423019409 -0.5569307208061218 -1.464203953742981
0.5009363889694214 0.24424268305301666 0.8303060531616211 0.13098448514938354 0.41048601269721985 -0.9116359353065491 0.02051420509815216 -0.8974652290344238 0.7619473934173584 0.33055275678634644 -0.5569297671318054 -1.4641269445419312
0.5008940696716309 0.24426530301570892 0.8303249478340149 0.13111045956611633 0.4105440378189087 -0.9116097092628479 0.02051679790019989 -0.897612988948822 0.7619439959526062 0.3306082487106323 -0.5569015145301819 -1.4639649391174316
0.5008869171142578 0.244254469871521 0.8303324580192566 0.13111013174057007 0.4105236828327179 -0.9116187691688538 0.0205231923609972 -0.8976259231567383 0.7619596719741821 0.3305913805961609 -0.556890070438385 -1.4639461040496826
0.5007758140563965 0.24412821233272552 0.8304365873336792 0.13119225203990936 0.41055163741111755 -0.9116085767745972 0.020417073741555214 -0.8976525664329529 0.7620176076889038 0.33071276545524597 -0.5567386746406555 -1.4638686180114746
0.5007759928703308 0.2441377341747284 0.8304336667060852 0.13120536506175995 0.41053906083106995 -0.9116137623786926 0.020436637103557587 -0.897663414478302 0.7620242834091187 0.33069130778312683 -0.5567423105239868 -1.4638495445251465
0.5007415413856506 0.24412602186203003 0.830457866191864 0.1313972920179367 0.41057783365249634 -0.9115968942642212 0.02041187882423401 -0.8977129459381104 0.7620260119438171 0.33074653148651123 -0.5567070841789246 -1.4637339115142822
0.5007404088973999 0.24412299692630768 0.830459475517273 0.13141922652721405 0.4105782210826874 -0.9115967750549316 0.020408788695931435 -0.8977179527282715 0.7620265483856201 0.3307490944862366 -0.5567048788070679 -1.4637242555618286
0.5008198618888855 0.2441207617521286 0.8304122090339661 0.13137488067150116 0.41056251525878906 -0.9116044640541077 0.020379971712827682 -0.8976936340332031 0.761982798576355 0.33072948455810547 -0.5567764043807983 -1.463805913925171
0.5009105801582336 0.2442762404680252 0.8303117752075195 0.13149680197238922 0.41059932112693787 -0.9115856885910034 0.020480556413531303 -0.8978249430656433 0.7619033455848694 0.33066654205322266 -0.5569224953651428 -1.4636828899383545
0.5009207129478455 0.2442484349012375 0.8303138017654419 0.13152366876602173 0.410590797662735 -0.9115901589393616 0.02045140415430069 -0.8978464603424072 0.7619012594223022 0.3306747376918793 -0.5569204688072205 -1.4636629819869995
0.5008454322814941 0.24440550804138184 0.8303130269050598 0.1315154880285263 0.4106296896934509 -0.9115685820579529 0.02063130773603916 -0.8979426622390747 0.7619298100471497 0.33061811327934265 -0.5569150447845459 -1.463608980178833
0.5008751153945923 0.24439845979213715 0.8302972316741943 0.13152629137039185 0.4106374680995941 -0.9115657210350037 0.02060374803841114 -0.8979701399803162 0.7619061470031738 0.3306312561035156 -0.5569396615028381 -1.4635913372039795
0.500979483127594 0.24445880949497223 0.8302164673805237 0.13152645528316498 0.4106360077857971 -0.9115659594535828 0.02062133699655533 -0.8979827761650085 0.7618382573127747 0.33058592677116394 -0.5570593476295471 -1.4635432958602905
0.5009434819221497 0.24450182914733887 0.8302255272865295 0.13176202774047852 0.41051557660102844 -0.9116167426109314 0.020773788914084435 -0.8980944752693176 0.7619268298149109 0.3304140567779541 -0.5570401549339294 -1.4633398056030273
0.5009481310844421 0.24449695646762848 0.8302241563796997 0.13177941739559174 0.4105314314365387 -0.9116100072860718 0.020754624158143997 -0.8981225490570068 0.7619152665138245 0.33043617010116577 -0.5570429563522339 -1.4633097648620605
0.5008968114852905 0.24435783922672272 0.8302960991859436 0.131867915391922 0.4104781746864319 -0.9116360545158386 0.020665232092142105 -0.8981240391731262 0.7619776725769043 0.3304673135280609 -0.5569390654563904 -1.4632182121276855
0.5008789300918579 0.24437621235847473 0.8303014636039734 0.13189134001731873 0.4104994535446167 -0.9116261601448059 0.020678361877799034 -0.8981485962867737 0.7619779706001282 0.3304809629917145 -0.5569305419921875 -1.4631807804107666
0.5009615421295166 0.244429811835289 0.8302358388900757 0.13165268301963806 0.4105207324028015 -0.9116165041923523 0.020682338625192642 -0.8980955481529236 0.7619122266769409 0.33046799898147583 -0.5570282340049744 -1.463356852531433
0.5009787678718567 0.24450229108333588 0.8302040696144104 0.13169842958450317 0.41052210330963135 -0.9116142988204956 0.0207526832818985 -0.8980967998504639 0.7619001269340515 0.33042049407958984 -0.5570729374885559 -1.463334321975708
0.5010014176368713 0.24445009231567383 0.8302057981491089 0.13179250061511993 0.41056886315345764 -0.9115955233573914 0.02065039612352848 -0.898090124130249 0.7618600130081177 0.33051079511642456 -0.5570741891860962 -1.463286280632019
0.500989556312561 0.2444392740726471 0.830216109752655 0.13180527091026306 0.4105594754219055 -0.9115997552871704 0.020651035010814667 -0.8980974555015564 0.7618728876113892 0.33050718903541565 -0.5570587515830994 -1.463273525238037
0.5009025931358337 0.24437978863716125 0.8302861452102661 0.13170136511325836 0.41051119565963745 -0.9116212725639343 0.0206624586135149 -0.8979806900024414 0.7619560956954956 0.33049190044403076 -0.556954026222229 -1.4633760452270508
0.5009051561355591 0.24437673389911652 0.8302854895591736 0.13172252476215363 0.41049954295158386 -0.911626398563385 0.020666398108005524 -0.8979955911636353 0.7619606852531433 0.3304799199104309 -0.5569548010826111 -1.4633495807647705
0.5008670687675476 0.24445094168186188 0.8302866220474243 0.1317800134420395 0.4104982912540436 -0.9116246700286865 0.020766930654644966 -0.8980812430381775 0.7619863748550415 0.3304297924041748 -0.5569493770599365 -1.4633355140686035
0.5009326934814453 0.24435611069202423 0.8302749395370483 0.13179293274879456 0.4103846251964569 -0.9116770625114441 0.02071462944149971 -0.8980290293693542 0.7620044946670532 0.3303554654121399 -0.5569687485694885 -1.4633656740188599
0.5009386539459229 0.2443559169769287 0.8302713632583618 0.13181456923484802 0.41036778688430786 -0.9116843938827515 0.020723873749375343 -0.8980434536933899 0.7620096206665039 0.33033525943756104 -0.5569736957550049 -1.4633543491363525
0.5009152293205261 0.2444111853837967 0.8302692770957947 0.13173498213291168 0.4103878438472748 -0.9116740822792053 0.020781083032488823 -0.8980125784873962 0.7620142102241516 0.33032286167144775 -0.5569747090339661 -1.4634772539138794
0.5009135007858276 0.24441377818584442 0.8302695155143738 0.13175557553768158 0.41039320826530457 -0.9116716980934143 0.020780818536877632 -0.8980352282524109 0.7620124816894531 0.3303276002407074 -0.5569743514060974 -1.4634742736816406
0.5008795857429504 0.24439378082752228 0.8302958607673645 0.1316818743944168 0.41029608249664307 -0.9117138981819153 0.020845986902713776 -0.8979873061180115 0.7620870471000671 0.3302258551120758 -0.5569326281547546 -1.4634995460510254
0.5008174777030945 0.2443864792585373 0.8303354978561401 0.13159239292144775 0.4104577600955963 -0.9116433262825012 0.02074938453733921 -0.8979460000991821 0.7620407938957214 0.33042600750923157 -0.5568771362304688 -1.4635878801345825
0.500816285610199 0.2443782240152359 0.8303386569023132 0.13159656524658203 0.4104381501674652 -0.9116520285606384 0.020755190402269363 -0.8979620933532715 0.7620521187782288 0.33040815591812134 -0.5568722486495972 -1.4635826349258423
0.5008671283721924 0.24430516362190247 0.8303294777870178 0.13159634172916412 0.41046127676963806 -0.9116443395614624 0.020633865147829056 -0.8978708982467651 0.7620062828063965 0.3304832875728607 -0.5568904280662537 -1.463537335395813
0.5008607506752014 0.24430695176124573 0.8303328156471252 0.1316012144088745 0.4104497730731964 -0.911649227142334 0.02064730040729046 -0.8978725671768188 0.7620166540145874 0.3304685056209564 -0.5568850040435791 -1.4635224342346191
0.5007816553115845 0.24428358674049377 0.8303873538970947 0.13158589601516724 0.41042521595954895 -0.9116595983505249 0.02067726105451584 -0.8978852033615112 0.7620819211006165 0.3304571509361267 -0.5568024516105652 -1.463470458984375
0.5007644295692444 0.2442910522222519 0.830395519733429 0.13154399394989014 0.41046664118766785 -0.9116412997245789 0.020663367584347725 -0.8978766202926636 0.762070894241333 0.3305022120475769 -0.556790828704834 -1.4634857177734375
0.5007626414299011 0.2442878931760788 0.8303975462913513 0.13154177367687225 0.4104650616645813 -0.9116420149803162 0.020661912858486176 -0.8978773951530457 0.7620729207992554 0.3305025100708008 -0.5567878484725952 -1.4634712934494019
0.5007319450378418 0.24443599581718445 0.8303725123405457 0.13138259947299957 0.4105331301689148 -0.9116084575653076 0.02078937366604805 -0.8977798223495483 0.7620564103126526 0.3304855525493622 -0.5568205118179321 -1.4636971950531006
0.5007355809211731 0.24443235993385315 0.8303713798522949 0.1313815414905548 0.41051384806632996 -0.9116169810295105 0.020797763019800186 -0.8977856636047363 0.7620644569396973 0.33046481013298035 -0.5568218231201172 -1.4636958837509155
0.5006734728813171 0.24436303973197937 0.830429196357727 0.13141092658042908 0.41052669286727905 -0.9116124510765076 0.02074183151125908 -0.8977774381637573 0.7620983123779297 0.33052849769592285 -0.5567376613616943 -1.463705062866211
0.5006835460662842 0.24437807500362396 0.8304187059402466 0.13141383230686188 0.4105295240879059 -0.9116109609603882 0.020751483738422394 -0.8977856636047363 0.7620901465415955 0.33052149415016174 -0.5567529201507568 -1.4637057781219482
0.500632643699646 0.2444542646408081 0.8304269909858704 0.1313721090555191 0.4105389416217804 -0.9116044044494629 0.020852476358413696 -0.8977895975112915 0.7621185183525085 0.33048319816589355 -0.5567368865013123 -1.4637799263000488
0.5006369948387146 0.24445222318172455 0.830424964427948 0.1313711702823639 0.4105103611946106 -0.9116169214248657 0.02086903154850006 -0.8977991342544556 0.7621310949325562 0.33045026659965515 -0.5567392110824585 -1.463781714439392
0.5007051229476929 0.24440638720989227 0.830397367477417 0.13128617405891418 0.41056016087532043 -0.9115971922874451 0.020749887451529503 -0.8976703882217407 0.7620594501495361 0.3305385410785675 -0.5567848682403564 -1.463856816291809
0.5006354451179504 0.24441049993038177 0.8304381966590881 0.13120555877685547 0.41054990887641907 -0.9116007685661316 0.020795093849301338 -0.8976160287857056 0.7621107697486877 0.33052560687065125 -0.5567222833633423 -1.4638556241989136
0.5006475448608398 0.24441225826740265 0.8304303884506226 0.13119320571422577 0.41054850816726685 -0.9116014838218689 0.020792275667190552 -0.8976075649261475 0.7621036171913147 0.3305223882198334 -0.556734025478363 -1.4638525247573853
0.5007139444351196 0.24437041580677032 0.8304026126861572 0.13111723959445953 0.41050055623054504 -0.9116240739822388 0.020749758929014206 -0.8976126313209534 0.7620857954025269 0.3304910659790039 -0.5567770004272461 -1.4639778137207031
0.5006892681121826 0.24435290694236755 0.8304226994514465 0.13110220432281494 0.41050443053245544 -0.9116225242614746 0.020739465951919556 -0.8976083397865295 0.7620999217033386 0.33050820231437683 -0.5567474961280823 -1.4639861583709717
0.5007157325744629 0.2443745881319046 0.8304003477096558 0.13113722205162048 0.4104692041873932 -0.911637544631958 0.020776400342583656 -0.8975738883018494 0.7621015310287476 0.33045071363449097 -0.5567794442176819 -1.4640246629714966
0.5008893609046936 0.2443229705095291 0.8303108215332031 0.1310257762670517 0.410451740026474 -0.9116482734680176 0.020649822428822517 -0.8975094556808472 0.7619968056678772 0.33045926690101624 -0.556917667388916 -1.4641845226287842
0.5007753372192383 0.24442733824253082 0.8303488492965698 0.13107098639011383 0.4104556739330292 -0.9116427302360535 0.020815812051296234 -0.8975455164909363 0.7620696425437927 0.3303973972797394 -0.5568547248840332 -1.46414315700531
0.5007811188697815 0.24451492726802826 0.8303195834159851 0.13128508627414703 0.4104180634021759 -0.91165691614151 0.020936714485287666 -0.8977068662643433 0.7620860934257507 0.3302934765815735 -0.5568938255310059 -1.4638502597808838
0.5007652044296265 0.244513139128685 0.8303297162055969 0.1312832534313202 0.410402774810791 -0.9116634130477905 0.020953498780727386 -0.8977094292640686 0.7621048092842102 0.33027687668800354 -0.5568780899047852 -1.4638524055480957
0.5007749199867249 0.24457912147045135 0.8303044438362122 0.1313534677028656 0.41043001413345337 -0.9116500616073608 0.021001415327191353 -0.8977758884429932 0.7620837092399597 0.3302649259567261 -0.5569139719009399 -1.4637749195098877
0.5007500052452087 0.24459293484687805 0.830315351486206 0.1313515603542328 0.41042831540107727 -0.9116501808166504 0.021029667928814888 -0.8977838158607483 0.7621009945869446 0.33025434613227844 -0.5568966269493103 -1.4637764692306519
0.5008477568626404 0.2445601373910904 0.8302661180496216 0.13125376403331757 0.41049715876579285 -0.9116222262382507 0.02089683711528778 -0.8977317214012146 0.7619997262954712 0.33035579323768616 -0.5569750666618347 -1.4638261795043945
