# 3x4 first row second row third row Freq: 100 current Time: 2021-07-31-13:43:17
0.501270055770874 0.24534577131271362 0.829779326915741 0.03801747038960457 0.41237449645996094 -0.9107906222343445 0.020183322951197624 -0.7917181253433228 0.7607072591781616 0.33206257224082947 -0.5577263236045837 -1.5173466205596924
0.5013095140457153 0.24531373381614685 0.8297649621963501 0.03788552060723305 0.41233181953430176 -0.9108104705810547 0.020160557702183723 -0.7915558815002441 0.7607043981552124 0.33203184604644775 -0.5577484965324402 -1.5175039768218994
0.5013036131858826 0.24529540538787842 0.8297739028930664 0.037871696054935455 0.4123052656650543 -0.9108224511146545 0.020162712782621384 -0.7915436625480652 0.7607226371765137 0.3320125639438629 -0.5577350854873657 -1.517504334449768
0.5012834668159485 0.2452380210161209 0.8298030495643616 0.03808970749378204 0.4122873842716217 -0.9108313918113708 0.020122496411204338 -0.791690468788147 0.760745644569397 0.3320302963256836 -0.5576931834220886 -1.517336368560791
0.501282811164856 0.24522453546524048 0.8298074007034302 0.03809252381324768 0.41228604316711426 -0.9108323454856873 0.020108958706259727 -0.7916854023933411 0.7607467770576477 0.3320377767086029 -0.5576871633529663 -1.517338514328003
0.5013116598129272 0.24529805779457092 0.8297682404518127 0.03823869302868843 0.4122946262359619 -0.910827100276947 0.020169565454125404 -0.7917888164520264 0.7607231140136719 0.331997811794281 -0.5577432513237 -1.5171937942504883
0.5013589859008789 0.2452235221862793 0.8297617435455322 0.03807379677891731 0.412320077419281 -0.9108182787895203 0.0200464129447937 -0.7916682362556458 0.7606781721115112 0.3320769965648651 -0.5577574372291565 -1.5174001455307007
0.5013842582702637 0.2452225387096405 0.8297467231750488 0.03807549551129341 0.41233623027801514 -0.9108115434646606 0.020021386444568634 -0.7916631102561951 0.7606527209281921 0.33209627866744995 -0.5577806234359741 -1.5174052715301514
0.5014246702194214 0.2452034205198288 0.8297279477119446 0.037960708141326904 0.4124199450016022 -0.9107758402824402 0.019919633865356445 -0.791643500328064 0.7605807185173035 0.33220821619033813 -0.5578122138977051 -1.5174973011016846
0.5014213919639587 0.24519355595111847 0.8297328352928162 0.037954576313495636 0.41242730617523193 -0.9107728600502014 0.019904978573322296 -0.7916440367698669 0.7605788707733154 0.3322237432003021 -0.5578054189682007 -1.5175083875656128
0.50157630443573 0.245090514421463 0.829669713973999 0.03784952312707901 0.41235753893852234 -0.9108074307441711 0.019768772646784782 -0.7915300130844116 0.7605145573616028 0.33220502734184265 -0.5579042434692383 -1.5176429748535156
0.5015766620635986 0.2451055347919464 0.8296650052070618 0.03784485161304474 0.41236963868141174 -0.9108017683029175 0.019776199012994766 -0.7915240526199341 0.7605077624320984 0.33220940828323364 -0.5579109191894531 -1.5176587104797363
0.5015629529953003 0.24497747421264648 0.8297111392021179 0.037790365517139435 0.4123581051826477 -0.9108096957206726 0.019650651142001152 -0.7915465831756592 0.7605230212211609 0.33228209614753723 -0.5578467845916748 -1.5177075862884521
0.501560389995575 0.24503375589847565 0.8296960592269897 0.03779134899377823 0.41244393587112427 -0.910770833492279 0.019650710746645927 -0.7915525436401367 0.7604781985282898 0.3323470950126648 -0.5578691959381104 -1.5177017450332642
0.5015625357627869 0.24503040313720703 0.8296957612037659 0.037789713591337204 0.4124195873737335 -0.9107815623283386 0.01966383494436741 -0.7915493249893188 0.7604899406433105 0.3323201835155487 -0.5578691959381104 -1.5177171230316162
0.5016652941703796 0.24506539106369019 0.829623281955719 0.037678781896829605 0.41238635778427124 -0.9107963442802429 0.019677352160215378 -0.7914630770683289 0.7604402303695679 0.33225390315055847 -0.557976484298706 -1.5177663564682007
0.5016710758209229 0.24504898488521576 0.8296246528625488 0.037672728300094604 0.4123774468898773 -0.9108006954193115 0.019663114100694656 -0.7914565801620483 0.760441243648529 0.3322541117668152 -0.5579749345779419 -1.5177769660949707
0.5016998648643494 0.2450660765171051 0.8296021819114685 0.037522099912166595 0.4124916195869446 -0.910750687122345 0.019584286957979202 -0.7914383411407471 0.7603603601455688 0.3323785662651062 -0.5580111145973206 -1.5179063081741333
0.5016576647758484 0.2450711727142334 0.829626202583313 0.037499964237213135 0.4124948978424072 -0.9107486605644226 0.019607728347182274 -0.791436493396759 0.7603864073753357 0.3323802649974823 -0.5579745769500732 -1.5179204940795898
0.501725435256958 0.24504375457763672 0.829593300819397 0.03726867586374283 0.4124996066093445 -0.9107479453086853 0.019541628658771515 -0.7912346124649048 0.7603391408920288 0.33240240812301636 -0.5580257773399353 -1.5181939601898193
0.5017328858375549 0.24502502381801605 0.8295943737030029 0.03724692761898041 0.41248515248298645 -0.9107547998428345 0.019528115168213844 -0.791224479675293 0.7603420615196228 0.3323974907398224 -0.5580247044563293 -1.5182214975357056
0.5017113089561462 0.24496924877166748 0.8296238780021667 0.03698054701089859 0.4124497175216675 -0.910771369934082 0.019503222778439522 -0.7910155057907104 0.7603754997253418 0.33239316940307617 -0.5579817295074463 -1.5185250043869019
0.5016798377037048 0.24503368139266968 0.8296238780021667 0.03716006875038147 0.4124658703804016 -0.9107624888420105 0.019577231258153915 -0.7910768389701843 0.7603875398635864 0.3323700428009033 -0.5579791069030762 -1.5183470249176025
0.5016799569129944 0.24501509964466095 0.8296293020248413 0.03714768961071968 0.4124522805213928 -0.9107688665390015 0.019566738978028297 -0.7910542488098145 0.760394811630249 0.33236628770828247 -0.5579714179039001 -1.5183812379837036
0.5016049146652222 0.24502968788146973 0.8296703696250916 0.037398673593997955 0.41242948174476624 -0.9107776880264282 0.01963549479842186 -0.7912178635597229 0.7604566812515259 0.3323312997817993 -0.5579079389572144 -1.518149733543396
0.5016188025474548 0.24500542879104614 0.8296691179275513 0.03739559277892113 0.4123988151550293 -0.91079181432724 0.01962469331920147 -0.7912039160728455 0.7604641318321228 0.3323104679584503 -0.5579102039337158 -1.5181818008422852
0.501537561416626 0.24508997797966003 0.8296932578086853 0.037587717175483704 0.41238778829574585 -0.9107937812805176 0.019764559343457222 -0.7913587689399719 0.7605236768722534 0.3322426974773407 -0.5578693747520447 -1.5179643630981445
0.5015534162521362 0.2450791299343109 0.8296868801116943 0.0375843346118927 0.4123760163784027 -0.9107993841171265 0.019753696396946907 -0.7913551330566406 0.7605196237564087 0.3322354555130005 -0.5578792095184326 -1.517986536026001
0.5015090107917786 0.24508421123027802 0.8297122120857239 0.03762216120958328 0.41245943307876587 -0.9107623100280762 0.019719358533620834 -0.7914361953735352 0.7605036497116089 0.3323332369327545 -0.5578427314758301 -1.5178948640823364
0.501514196395874 0.24504539370536804 0.8297205567359924 0.037622448056936264 0.41241955757141113 -0.9107807278633118 0.019703509286046028 -0.7914255261421204 0.7605218887329102 0.3323114216327667 -0.5578309297561646 -1.5178658962249756
0.5014874339103699 0.24504613876342773 0.8297364711761475 0.0376177616417408 0.4124504625797272 -0.9107669591903687 0.019694514572620392 -0.7914254069328308 0.7605227828025818 0.33234867453575134 -0.5578075051307678 -1.5178872346878052
0.5013967752456665 0.2450949102640152 0.8297768831253052 0.03769847750663757 0.41253796219825745 -0.9107266068458557 0.01972733996808529 -0.7915045619010925 0.7605350613594055 0.33242326974868774 -0.5577462911605835 -1.517801284790039
0.5014071464538574 0.24507755041122437 0.8297757506370544 0.03769205883145332 0.4125290811061859 -0.9107310175895691 0.01970985159277916 -0.7915018200874329 0.7605330944061279 0.33242398500442505 -0.557748556137085 -1.5178186893463135
0.501387894153595 0.2451760619878769 0.8297582864761353 0.037892211228609085 0.412502646446228 -0.9107400178909302 0.01984657533466816 -0.791624128818512 0.7605600953102112 0.3323266804218292 -0.5577697157859802 -1.5175365209579468
0.5014753937721252 0.24512426555156708 0.8297207355499268 0.03779406100511551 0.41252073645591736 -0.910734236240387 0.01973450370132923 -0.7915518283843994 0.7604926228523254 0.33238065242767334 -0.5578295588493347 -1.5176417827606201
0.5013511180877686 0.24516300857067108 0.8297843337059021 0.038004860281944275 0.4125004708766937 -0.910740852355957 0.019851472228765488 -0.7916650772094727 0.7605854868888855 0.33233392238616943 -0.5577307343482971 -1.517435908317566
0.5013663172721863 0.24518637359142303 0.8297682404518127 0.03785538673400879 0.41249558329582214 -0.9107426404953003 0.01987341232597828 -0.7915229797363281 0.7605781555175781 0.3323119282722473 -0.5577539205551147 -1.5176111459732056
0.5013725161552429 0.2451953887939453 0.8297618627548218 0.03785793110728264 0.41250041127204895 -0.9107403755187988 0.019876820966601372 -0.7915151715278625 0.7605714797973633 0.3323114514350891 -0.5577632784843445 -1.5176260471343994
0.5013108253479004 0.24516233801841736 0.8298088908195496 0.03788168728351593 0.4125063419342041 -0.910737931728363 0.019865769892930984 -0.7915741205215454 0.7606089115142822 0.3323425352573395 -0.5576937198638916 -1.5175644159317017
0.5013163685798645 0.24515381455421448 0.8298080563545227 0.037875205278396606 0.41252437233924866 -0.9107303023338318 0.019840531051158905 -0.7915692925453186 0.760595440864563 0.33236968517303467 -0.5576958656311035 -1.5175731182098389
0.5013076663017273 0.2451007068157196 0.8298289775848389 0.03796417638659477 0.4124276340007782 -0.910773754119873 0.01985734887421131 -0.7916382551193237 0.7606536746025085 0.33228978514671326 -0.5576640963554382 -1.517453670501709
0.5012933015823364 0.2450704127550125 0.8298466205596924 0.037960682064294815 0.4124201238155365 -0.9107776284217834 0.01983650028705597 -0.7916343808174133 0.7606672048568726 0.3323015570640564 -0.5576385855674744 -1.5174529552459717
0.5013163089752197 0.2449776828289032 0.8298601508140564 0.03801031410694122 0.41236773133277893 -0.910802960395813 0.019762123003602028 -0.7916868925094604 0.7606804370880127 0.33230048418045044 -0.5576211810112 -1.517374873161316
0.5012906789779663 0.24500654637813568 0.8298670649528503 0.0379619225859642 0.4123765230178833 -0.9107981324195862 0.019799623638391495 -0.7916144728660583 0.7606925368309021 0.332292377948761 -0.557609498500824 -1.5174298286437988
0.5012663006782532 0.24502475559711456 0.8298764228820801 0.03796138986945152 0.4123803973197937 -0.9107957482337952 0.019828462973237038 -0.7916016578674316 0.7607065439224243 0.33228546380996704 -0.5575945377349854 -1.517427682876587
0.5013542175292969 0.24497579038143158 0.8298377990722656 0.03782931715250015 0.41244733333587646 -0.9107685685157776 0.019683493301272392 -0.7915335893630981 0.7606123089790344 0.332396000623703 -0.5576571822166443 -1.5176085233688354
0.5013549327850342 0.24498251080513 0.8298353552818298 0.03782570734620094 0.4124659597873688 -0.9107602834701538 0.019676856696605682 -0.7915196418762207 0.7606016993522644 0.33241379261016846 -0.5576610565185547 -1.5176182985305786
0.5014362335205078 0.24487784504890442 0.8298171162605286 0.03777361288666725 0.4124397039413452 -0.9107750654220581 0.019542239606380463 -0.7914606332778931 0.7605623602867126 0.33245036005973816 -0.5576929450035095 -1.5177134275436401
0.5014408826828003 0.24487702548503876 0.8298145532608032 0.03777298331260681 0.4124232828617096 -0.9107823371887207 0.01955113559961319 -0.791441023349762 0.7605682015419006 0.3324311375617981 -0.5576964616775513 -1.5177308320999146
0.5014451146125793 0.244856595993042 0.8298180103302002 0.03777721896767616 0.41246065497398376 -0.9107665419578552 0.019499290734529495 -0.7914924025535583 0.7605451345443726 0.3324894905090332 -0.5576930642127991 -1.5177230834960938
0.5014487504959106 0.24483951926231384 0.8298208713531494 0.03777448087930679 0.41244545578956604 -0.9107735753059387 0.019489942118525505 -0.7914778590202332 0.7605509757995605 0.3324826657772064 -0.5576891899108887 -1.5177420377731323
0.5014399290084839 0.24483875930309296 0.8298264145851135 0.03769753873348236 0.4124790132045746 -0.9107588529586792 0.019468743354082108 -0.791466474533081 0.760538637638092 0.3325236141681671 -0.5576816201210022 -1.517789602279663
0.5014551281929016 0.2447783350944519 0.829835057258606 0.03763222694396973 0.412489116191864 -0.91075599193573 0.01938772015273571 -0.7914434671401978 0.7605230808258057 0.33257588744163513 -0.5576716065406799 -1.5178370475769043
0.5014632344245911 0.2447541058063507 0.8298373222351074 0.037620220333337784 0.41248026490211487 -0.9107605218887329 0.019363736733794212 -0.7914276719093323 0.7605225443840027 0.3325813412666321 -0.5576691031455994 -1.517854928970337
0.5014433860778809 0.24481326341629028 0.8298318386077881 0.03767884895205498 0.4124448895454407 -0.9107744097709656 0.019464140757918358 -0.7914473414421082 0.760554850101471 0.33249977231025696 -0.5576736927032471 -1.5177720785140991
0.5014418959617615 0.24480587244033813 0.8298349380493164 0.037672173231840134 0.41244664788246155 -0.9107738137245178 0.019455432891845703 -0.7914256453514099 0.760554850101471 0.3325068950653076 -0.557669460773468 -1.5177958011627197
0.5014168620109558 0.24483244121074677 0.829842209815979 0.03785456344485283 0.4124363958835602 -0.9107773900032043 0.019504128023982048 -0.7915236949920654 0.7605769038200378 0.3324774503707886 -0.5576568841934204 -1.517637848854065
0.5014389753341675 0.24475960433483124 0.8298503756523132 0.037883367389440536 0.41254356503486633 -0.9107324481010437 0.01933502033352852 -0.7915456891059875 0.7605042457580566 0.33265411853790283 -0.5576506853103638 -1.5176739692687988
0.501416027545929 0.24487996101379395 0.8298287391662598 0.03773623704910278 0.4126330316066742 -0.9106903076171875 0.019412513822317123 -0.7914721369743347 0.7604708671569824 0.3326810300350189 -0.5576801896095276 -1.5178295373916626
0.501507580280304 0.24480664730072021 0.8297950029373169 0.03783183917403221 0.4125417172908783 -0.9107328653335571 0.019355041906237602 -0.7915663123130798 0.7604599595069885 0.33261838555336 -0.557732343673706 -1.5176715850830078
0.5015149116516113 0.24480542540550232 0.8297909498214722 0.03783048316836357 0.41252726316452026 -0.9107393026351929 0.019360804930329323 -0.7915504574775696 0.7604629993438721 0.3326016664505005 -0.557738184928894 -1.5176944732666016
0.5014773607254028 0.24483110010623932 0.8298060894012451 0.037846073508262634 0.41253194212913513 -0.9107362627983093 0.019403574988245964 -0.7915782928466797 0.7604852318763733 0.33259108662605286 -0.5577141642570496 -1.51762056350708
0.501472532749176 0.2448170781135559 0.8298131227493286 0.03784071281552315 0.4125345051288605 -0.9107354283332825 0.019388580694794655 -0.7915642857551575 0.7604869604110718 0.33260372281074524 -0.5577042698860168 -1.5176371335983276
0.5015217661857605 0.24482032656669617 0.8297824263572693 0.037748128175735474 0.4125813841819763 -0.9107153415679932 0.019334154203534126 -0.7915424704551697 0.7604290843009949 0.33265629410743713 -0.5577518343925476 -1.517696499824524
0.5015373229980469 0.24481019377708435 0.8297759890556335 0.037732623517513275 0.4125657379627228 -0.9107226133346558 0.019327038899064064 -0.7915306687355042 0.7604273557662964 0.33264392614364624 -0.5577616095542908 -1.5177149772644043
0.5015179514884949 0.24479234218597412 0.8297929763793945 0.037723615765571594 0.41255301237106323 -0.910728394985199 0.01932607591152191 -0.7915180921554565 0.7604470252990723 0.33264124393463135 -0.557736337184906 -1.517734408378601
0.5014474987983704 0.24498668313026428 0.8297781944274902 0.03779073432087898 0.41257885098457336 -0.9107118248939514 0.01955423690378666 -0.7915541529655457 0.7604794502258301 0.3325435221195221 -0.5577504634857178 -1.517611026763916
0.5014417171478271 0.24498392641544342 0.8297824859619141 0.03778139501810074 0.41258877515792847 -0.9107074737548828 0.019546719267964363 -0.7915375232696533 0.7604779005050659 0.33255743980407715 -0.5577442646026611 -1.5176284313201904
0.50130295753479 0.24495872855186462 0.82987380027771 0.0376773364841938 0.4126344919204712 -0.9106866717338562 0.019552133977413177 -0.791513979434967 0.7605445384979248 0.33263301849365234 -0.5576082468032837 -1.5177618265151978
0.5013014078140259 0.2449713945388794 0.8298709392547607 0.037660904228687286 0.412640780210495 -0.9106835722923279 0.019562173634767532 -0.7915008068084717 0.7605421543121338 0.3326320946216583 -0.5576120615005493 -1.5177912712097168
0.5013499855995178 0.244916170835495 0.8298579454421997 0.03790251538157463 0.4125743806362152 -0.9107143878936768 0.01952694170176983 -0.7915964126586914 0.7605462074279785 0.3325883150100708 -0.5576327443122864 -1.5175551176071167
0.5012063980102539 0.24497276544570923 0.829927921295166 0.0378902330994606 0.41266778111457825 -0.9106707572937012 0.019589480012655258 -0.7915794849395752 0.760590136051178 0.33266615867614746 -0.5575262904167175 -1.5176305770874023
0.5012142658233643 0.24497687816619873 0.8299219608306885 0.03789406269788742 0.412672221660614 -0.9106687903404236 0.019586944952607155 -0.7915622591972351 0.7605825662612915 0.3326685428619385 -0.5575352907180786 -1.5176557302474976
0.5012062788009644 0.24499361217021942 0.8299218416213989 0.03789902850985527 0.4126802086830139 -0.9106647968292236 0.019603293389081955 -0.7915416955947876 0.7605834603309631 0.3326670825481415 -0.5575348734855652 -1.5176808834075928
0.5012338757514954 0.24497181177139282 0.8299116492271423 0.037725381553173065 0.41270601749420166 -0.9106543064117432 0.019547227770090103 -0.7914374470710754 0.7605512738227844 0.3327118158340454 -0.5575520396232605 -1.517793893814087
0.5011874437332153 0.24512605369091034 0.8298941254615784 0.03754907846450806 0.4127935767173767 -0.9106119275093079 0.01967456005513668 -0.791321337223053 0.7605343461036682 0.33271434903144836 -0.5575736165046692 -1.5179280042648315
0.501178503036499 0.24510930478572845 0.8299044966697693 0.03752671927213669 0.4127941429615021 -0.9106119871139526 0.01966005750000477 -0.7912926077842712 0.7605399489402771 0.33272653818130493 -0.5575587749481201 -1.5179556608200073
0.5011272430419922 0.24519066512584686 0.8299114108085632 0.03738614171743393 0.4128841161727905 -0.9105701446533203 0.019707966595888138 -0.7912445068359375 0.7605248689651489 0.3327810764312744 -0.5575467944145203 -1.5180543661117554
0.5011104941368103 0.24526339769363403 0.8299000263214111 0.03765654191374779 0.4128759503364563 -0.910571813583374 0.01980181410908699 -0.7914201021194458 0.7605403661727905 0.33272290229797363 -0.5575603246688843 -1.5177934169769287
0.5010919570922852 0.24529717862606049 0.8299012184143066 0.03763559088110924 0.4128948450088501 -0.9105625152587891 0.019833914935588837 -0.7913989424705505 0.7605423331260681 0.33272334933280945 -0.5575574636459351 -1.5178183317184448
0.501088559627533 0.24518175423145294 0.8299373984336853 0.0377059280872345 0.41276678442955017 -0.9106212854385376 0.019802788272500038 -0.7914759516716003 0.7606140375137329 0.3326476514339447 -0.5575047135353088 -1.5177232027053833
0.501094400882721 0.24517929553985596 0.8299345970153809 0.03768504410982132 0.4127662777900696 -0.9106215834617615 0.01979762315750122 -0.7914613485336304 0.7606104612350464 0.3326485753059387 -0.5575090646743774 -1.517738938331604
0.5011841058731079 0.24515318870544434 0.8298881649971008 0.03759007528424263 0.41279101371765137 -0.9106123447418213 0.0197078138589859 -0.7914518713951111 0.7605379819869995 0.3326931595802307 -0.55758136510849 -1.5178048610687256
0.5011782646179199 0.24515719711780548 0.8298904895782471 0.03756644204258919 0.4128016233444214 -0.9106075763702393 0.019707240164279938 -0.7914405465126038 0.7605360746383667 0.3327033221721649 -0.557577908039093 -1.5178242921829224
0.5011444091796875 0.245035320520401 0.8299469351768494 0.03761037811636925 0.4127083718776703 -0.910650908946991 0.019658107310533524 -0.7914471626281738 0.760608971118927 0.332674503326416 -0.557495653629303 -1.5178147554397583
0.5010033845901489 0.24516485631465912 0.8299937844276428 0.037917621433734894 0.4127534031867981 -0.9106266498565674 0.019834907725453377 -0.791624128818512 0.7606774568557739 0.332645446062088 -0.5574195981025696 -1.5175113677978516
0.5009916424751282 0.24516324698925018 0.8300013542175293 0.03790765255689621 0.4127696752548218 -0.9106194376945496 0.019826848059892654 -0.791610836982727 0.7606763243675232 0.3326663374900818 -0.5574086308479309 -1.5175310373306274
0.5010151267051697 0.24517196416854858 0.8299846053123474 0.03796277940273285 0.4126426875591278 -0.9106749892234802 0.019918203353881836 -0.7915568351745605 0.7607297301292419 0.33250778913497925 -0.5574302673339844 -1.5174496173858643
0.5010234117507935 0.2451583296060562 0.829983651638031 0.03795744478702545 0.4126412570476532 -0.9106760621070862 0.01990034244954586 -0.7915303111076355 0.7607250809669495 0.3325149714946747 -0.5574323534965515 -1.5174620151519775
0.5009292960166931 0.24527421593666077 0.8300061821937561 0.03794253617525101 0.41272979974746704 -0.9106335639953613 0.02000773884356022 -0.7915635108947754 0.7607390284538269 0.3325458765029907 -0.5573949217796326 -1.5174974203109741
0.5009124279022217 0.24528661370277405 0.8300127387046814 0.03793662041425705 0.41272830963134766 -0.9106337428092957 0.020030517131090164 -0.7915445566177368 0.760750949382782 0.3325362503528595 -0.5573843717575073 -1.5175161361694336
0.5009169578552246 0.2452150136232376 0.830031156539917 0.03797515109181404 0.4126676321029663 -0.910662055015564 0.01999424397945404 -0.7916171550750732 0.7607808709144592 0.3325115442276001 -0.5573583245277405 -1.5174864530563354
0.5009235143661499 0.24520650506019592 0.8300297260284424 0.0379682332277298 0.4126527011394501 -0.9106688499450684 0.019992701709270477 -0.7916065454483032 0.7607846856117249 0.3324992060661316 -0.5573604702949524 -1.5175014734268188
0.5009716153144836 0.2451256513595581 0.8300245404243469 0.0378725565969944 0.41254204511642456 -0.910719633102417 0.019961977377533913 -0.7915348410606384 0.7608129978179932 0.33241966366767883 -0.5573692917823792 -1.51760733127594
0.5009831190109253 0.24517497420310974 0.8300030827522278 0.037977054715156555 0.4124884009361267 -0.9107419848442078 0.020049910992383957 -0.7916262149810791 0.7608345150947571 0.33232200145721436 -0.5573981404304504 -1.5174565315246582
0.5009750723838806 0.24518805742263794 0.8300040364265442 0.037970878183841705 0.41250088810920715 -0.9107361435890198 0.020058967173099518 -0.7916138172149658 0.7608330249786377 0.3323284089565277 -0.5573962926864624 -1.517472267150879
0.5008527636528015 0.24517060816287994 0.8300830125808716 0.03806779533624649 0.41253697872161865 -0.9107195138931274 0.020072003826498985 -0.7917286157608032 0.7608940005302429 0.33238685131073 -0.5572782754898071 -1.517319679260254
0.5008456110954285 0.24518060684204102 0.8300843834877014 0.03805942088365555 0.4125347435474396 -0.91072016954422 0.020088044926524162 -0.7917194366455078 0.7608999013900757 0.33237767219543457 -0.557275652885437 -1.517332911491394
0.5009295344352722 0.24521279335021973 0.830024242401123 0.037906669080257416 0.4125034511089325 -0.9107339382171631 0.020106041803956032 -0.7916311621665955 0.7608616352081299 0.33231619000434875 -0.5573645830154419 -1.5174481868743896
0.500909149646759 0.24524135887622833 0.8300280570983887 0.037891969084739685 0.4125325381755829 -0.9107203483581543 0.02012583613395691 -0.791619598865509 0.7608592510223389 0.33233240246772766 -0.5573581457138062 -1.5174586772918701
0.5008726119995117 0.24531036615371704 0.8300297260284424 0.03794391080737114 0.4125087261199951 -0.9107286930084229 0.020236525684595108 -0.7916064858436584 0.7608962655067444 0.3322586119174957 -0.5573516488075256 -1.517435908317566
0.5008963346481323 0.24531716108322144 0.8300133943557739 0.03793741390109062 0.4125046730041504 -0.9107305407524109 0.020235570147633553 -0.7915949821472168 0.7608827948570251 0.3322485089302063 -0.5573760271072388 -1.517447590827942
0.5008800625801086 0.24528950452804565 0.8300313949584961 0.03795162960886955 0.41250544786453247 -0.9107306599617004 0.020212454721331596 -0.7915707230567932 0.7608931064605713 0.33226847648620605 -0.5573500394821167 -1.5174415111541748
0.5008790493011475 0.24529631435871124 0.8300300240516663 0.03794746845960617 0.41250890493392944 -0.9107289910316467 0.020217888057231903 -0.7915559411048889 0.7608919143676758 0.3322680592536926 -0.5573519468307495 -1.5174556970596313
0.5007786750793457 0.24538487195968628 0.8300644159317017 0.0378480888903141 0.41264769434928894 -0.9106651544570923 0.020261485129594803 -0.7915647029876709 0.7608827352523804 0.33237767219543457 -0.5572991371154785 -1.5175423622131348
0.5007847547531128 0.24530544877052307 0.8300842046737671 0.03787782043218613 0.41254952549934387 -0.9107100367546082 0.020243356004357338 -0.7915657758712769 0.7609319686889648 0.33231332898139954 -0.5572702288627625 -1.5175365209579468
0.5007894039154053 0.24530112743377686 0.8300827145576477 0.03787389025092125 0.41254058480262756 -0.9107140898704529 0.020242927595973015 -0.7915566563606262 0.7609337568283081 0.332305371761322 -0.5572725534439087 -1.5175572633743286
0.5008657574653625 0.24525174498558044 0.8300511837005615 0.03775680810213089 0.41255855560302734 -0.9107082486152649 0.020139003172516823 -0.7914173603057861 0.7608737349510193 0.33235782384872437 -0.5573232173919678 -1.5177422761917114
0.5008957386016846 0.2453204095363617 0.8300127983093262 0.03794070705771446 0.41251567006111145 -0.9107256531715393 0.020231379196047783 -0.7915465235710144 0.760877251625061 0.33225950598716736 -0.5573770403862 -1.5175172090530396
0.5008959770202637 0.245323047041893 0.8300119042396545 0.03794286400079727 0.4125015139579773 -0.9107317328453064 0.020244527608156204 -0.7915298938751221 0.7608847618103027 0.3322407901287079 -0.5573779344558716 -1.5175350904464722
0.5009172558784485 0.2452821284532547 0.8300111293792725 0.03803522139787674 0.4124821424484253 -0.9107414484024048 0.020203620195388794 -0.7916390895843506 0.760881245136261 0.3322444558143616 -0.5573805570602417 -1.517427921295166
0.500808596611023 0.24535071849822998 0.8300564289093018 0.03821438550949097 0.4125594198703766 -0.9107048511505127 0.02027432806789875 -0.7918311357498169 0.7609108686447144 0.3322940766811371 -0.5573105216026306 -1.5172654390335083
0.5008310675621033 0.24534492194652557 0.8300445675849915 0.038218289613723755 0.41255223751068115 -0.9107083678245544 0.020262453705072403 -0.7918350100517273 0.7608999609947205 0.3322887122631073 -0.5573285818099976 -1.5172783136367798
0.5009267330169678 0.24535247683525085 0.8299846649169922 0.0380789116024971 0.41263270378112793 -0.9106740951538086 0.020165976136922836 -0.7917834520339966 0.7607933878898621 0.3323771357536316 -0.5574213266372681 -1.5173358917236328
0.5009540915489197 0.24531930685043335 0.8299779295921326 0.038271088153123856 0.4126012325286865 -0.9106889367103577 0.020139526575803757 -0.7918469309806824 0.7607924342155457 0.3323609530925751 -0.5574322938919067 -1.5171564817428589
0.5009557008743286 0.24533076584339142 0.829973578453064 0.038284022361040115 0.4125906229019165 -0.9106932878494263 0.02015909180045128 -0.7918447852134705 0.7607971429824829 0.3323405385017395 -0.55743807554245 -1.5171589851379395
0.5009667873382568 0.24535907804965973 0.8299584984779358 0.03818054869771004 0.4126114845275879 -0.9106836318969727 0.020169572904706 -0.7917452454566956 0.760778546333313 0.3323461413383484 -0.5574601292610168 -1.5171854496002197
0.5009530782699585 0.24533630907535553 0.8299735188484192 0.03818667680025101 0.4126051962375641 -0.910686731338501 0.020155729725956917 -0.7917376756668091 0.7607909440994263 0.332354336977005 -0.557438313961029 -1.5171785354614258
0.5009445548057556 0.24544279277324677 0.8299471735954285 0.0380561463534832 0.41264599561691284 -0.9106662273406982 0.02024678699672222 -0.7916531562805176 0.7607744336128235 0.33233189582824707 -0.5574741959571838 -1.5172855854034424
0.5008981823921204 0.245335653424263 0.8300068378448486 0.03816991671919823 0.41271889209747314 -0.9106364846229553 0.02009805291891098 -0.7917715311050415 0.7607654333114624 0.332492470741272 -0.5573907494544983 -1.5172711610794067
0.500883936882019 0.2453429102897644 0.8300132751464844 0.03818082809448242 0.4127159118652344 -0.9106374979019165 0.02011503465473652 -0.7917748093605042 0.7607764601707458 0.3324844241142273 -0.5573804974555969 -1.5172791481018066
0.5009177327156067 0.24529749155044556 0.8300063014030457 0.03835096210241318 0.41267579793930054 -0.9106564521789551 0.020078377798199654 -0.7918633818626404 0.7607759237289429 0.33246591687202454 -0.5573922395706177 -1.5170958042144775
0.5009057521820068 0.24536149203777313 0.8299946188926697 0.038477443158626556 0.4126957654953003 -0.9106460809707642 0.020139722153544426 -0.7919555902481079 0.7607730031013489 0.33244720101356506 -0.5574073791503906 -1.5169490575790405
0.5008967518806458 0.24536553025245667 0.8299988508224487 0.038495343178510666 0.4126989245414734 -0.9106444716453552 0.02014612965285778 -0.7919641733169556 0.7607771754264832 0.3324485421180725 -0.5574008822441101 -1.5169445276260376
0.5009502172470093 0.24534928798675537 0.8299713730812073 0.03851497545838356 0.4126470386981964 -0.910668134689331 0.02014068514108658 -0.7920483350753784 0.7607701420783997 0.3323957920074463 -0.5574420094490051 -1.516851782798767
0.5009289383888245 0.24524900317192078 0.8300138711929321 0.03861049562692642 0.41259288787841797 -0.9106940031051636 0.020080558955669403 -0.7921026945114136 0.7608135342597961 0.332398921251297 -0.5573808550834656 -1.516727089881897
0.5009345412254333 0.2452518343925476 0.8300096988677979 0.038627054542303085 0.4125938415527344 -0.9106935858726501 0.02008027955889702 -0.7921171188354492 0.7608093023300171 0.33239802718162537 -0.5573871731758118 -1.5167118310928345
0.500863254070282 0.2453041672706604 0.8300371766090393 0.03859531506896019 0.41266605257987976 -0.9106599688529968 0.0201189536601305 -0.7920888066291809 0.7608170509338379 0.33245137333869934 -0.5573447942733765 -1.5167629718780518
0.5008811950683594 0.24530953168869019 0.8300248384475708 0.03860913962125778 0.4126613140106201 -0.9106621146202087 0.02011973224580288 -0.7921003699302673 0.7608078718185425 0.3324415683746338 -0.5573632121086121 -1.5167534351348877
0.5008267164230347 0.2452913373708725 0.8300630450248718 0.03863963112235069 0.4127584993839264 -0.9106194972991943 0.020054690539836884 -0.7920773029327393 0.760791003704071 0.33257168531417847 -0.557308554649353 -1.5168020725250244
0.5008859038352966 0.24528777599334717 0.8300284147262573 0.03847896307706833 0.4127185344696045 -0.9106376767158508 0.02005167305469513 -0.7919372320175171 0.7607737183570862 0.33252450823783875 -0.5573603510856628 -1.5169100761413574
0.500879168510437 0.24530169367790222 0.8300283551216125 0.03848682716488838 0.4127231538295746 -0.9106352925300598 0.02006678655743599 -0.79193514585495 0.760775625705719 0.3325209319591522 -0.5573598146438599 -1.5169103145599365
0.5008898377418518 0.24527721107006073 0.8300291299819946 0.03838324919342995 0.4127581715583801 -0.9106206893920898 0.020009158179163933 -0.7919203042984009 0.7607496380805969 0.33257895708084106 -0.5573607087135315 -1.517001748085022
0.5008994936943054 0.2452879697084427 0.8300201296806335 0.038389191031455994 0.41274017095565796 -0.9106283783912659 0.020029522478580475 -0.7919462323188782 0.7607530355453491 0.33254989981651306 -0.5573734045028687 -1.516986608505249
0.5009082555770874 0.24528422951698303 0.8300159573554993 0.038391124457120895 0.41272544860839844 -0.9106349945068359 0.0200320016592741 -0.7919520735740662 0.7607552409172058 0.3325345516204834 -0.5573795437812805 -1.5169978141784668
0.5009464621543884 0.24536073207855225 0.8299702405929565 0.03854171186685562 0.41273418068885803 -0.9106297492980957 0.020091203972697258 -0.7920656204223633 0.7607253193855286 0.33249250054359436 -0.5574454665184021 -1.5168355703353882
0.5008458495140076 0.24540048837661743 0.8300192356109619 0.038424376398324966 0.4128444492816925 -0.91057950258255 0.02010229043662548 -0.7920429110527039 0.7607317566871643 0.33260074257850647 -0.5573720932006836 -1.516953945159912
0.5008514523506165 0.24539580941200256 0.8300172686576843 0.038418155163526535 0.41281363368034363 -0.9105931520462036 0.02011704631149769 -0.7920486927032471 0.7607448101043701 0.3325668275356293 -0.5573745369911194 -1.5169577598571777
0.5009400844573975 0.2453235238790512 0.8299851417541504 0.03818380460143089 0.4127672612667084 -0.9106160998344421 0.020029202103614807 -0.791857123374939 0.7607116103172302 0.3325572907924652 -0.5574255585670471 -1.5171767473220825
0.5010439157485962 0.24542009830474854 0.8298938870429993 0.03800487145781517 0.412788987159729 -0.9106053709983826 0.020069431513547897 -0.7916854619979858 0.7606313824653625 0.3325154185295105 -0.5575599670410156 -1.5174009799957275
0.5010493993759155 0.24539825320243835 0.8298970460891724 0.03799711912870407 0.4127799868583679 -0.9106099009513855 0.020049449056386948 -0.7916600108146667 0.7606326937675476 0.33251917362213135 -0.5575559139251709 -1.5174274444580078
0.5009577870368958 0.24544928967952728 0.8299372792243958 0.038122933357954025 0.4128073453903198 -0.910595715045929 0.020129336044192314 -0.7916906476020813 0.7606781721115112 0.3325202763080597 -0.5574932098388672 -1.5173226594924927
0.5008514523506165 0.2455430030822754 0.8299737572669983 0.038247302174568176 0.41288575530052185 -0.9105580449104309 0.02022569067776203 -0.7918237447738647 0.7607056498527527 0.33255431056022644 -0.5574354529380798 -1.5172127485275269
0.5008403658866882 0.24554100632667542 0.8299809694290161 0.038241539150476456 0.41288161277770996 -0.9105597734451294 0.020231831818819046 -0.7918120622634888 0.7607151865959167 0.3325510025024414 -0.5574243664741516 -1.5172295570373535
0.5008198022842407 0.24562406539916992 0.8299688100814819 0.03822360560297966 0.41293200850486755 -0.9105355143547058 0.02029591053724289 -0.7918043732643127 0.7607014179229736 0.3325561285018921 -0.5574401617050171 -1.5171806812286377
0.5007073283195496 0.24559849500656128 0.8300442695617676 0.03814171254634857 0.4129441976547241 -0.910529613494873 0.020312849432229996 -0.7917528748512268 0.7607688307762146 0.3325912058353424 -0.5573272109031677 -1.517337679862976
0.5007441639900208 0.24557767808437347 0.8300281763076782 0.03798964247107506 0.4129784107208252 -0.910515546798706 0.02024730108678341 -0.7916994690895081 0.7607259750366211 0.3326450288295746 -0.5573535561561584 -1.517377257347107
0.5007882714271545 0.2456250637769699 0.8299875855445862 0.03819064050912857 0.41294461488723755 -0.910529613494873 0.02030288241803646 -0.7917646169662476 0.7607153058052063 0.33257147669792175 -0.5574120283126831 -1.5171419382095337
0.5008172988891602 0.24553938210010529 0.8299953937530518 0.03813827037811279 0.4128369092941284 -0.9105791449546814 0.020273875445127487 -0.7916637063026428 0.7607546448707581 0.332499235868454 -0.5574014186859131 -1.517187476158142
0.5008465051651001 0.24539867043495178 0.8300193548202515 0.03810381889343262 0.4128793478012085 -0.9105643033981323 0.020074399188160896 -0.7916878461837769 0.7607123851776123 0.33264368772506714 -0.5573729276657104 -1.5172688961029053
0.5008283853530884 0.24539713561534882 0.8300307393074036 0.038094308227300644 0.4128899574279785 -0.9105594754219055 0.020073624327778816 -0.79167640209198 0.7607185244560242 0.33265796303749084 -0.5573559999465942 -1.5172772407531738
0.5008156895637512 0.2454441338777542 0.8300245404243469 0.0380367711186409 0.41287174820899963 -0.9105662107467651 0.020144637674093246 -0.7915987372398376 0.7607368230819702 0.33260494470596313 -0.5573627352714539 -1.5173618793487549
0.5008056163787842 0.24545124173164368 0.8300285339355469 0.0380316898226738 0.41287246346473694 -0.9105656147003174 0.0201567392796278 -0.7915904521942139 0.7607430219650269 0.3326013386249542 -0.5573563575744629 -1.5173685550689697
0.5007888078689575 0.24548445641994476 0.8300288319587708 0.03813132643699646 0.41295284032821655 -0.9105294942855835 0.020142339169979095 -0.7917143702507019 0.7607104778289795 0.3326757252216339 -0.5573564171791077 -1.5173121690750122
0.5007832646369934 0.24546599388122559 0.8300376534461975 0.03812794014811516 0.41294753551483154 -0.9105321764945984 0.020128626376390457 -0.7917056679725647 0.7607170343399048 0.33268195390701294 -0.5573437809944153 -1.5173382759094238
0.5008051991462708 0.2455318570137024 0.8300049304962158 0.03823878988623619 0.41290634870529175 -0.9105488061904907 0.0202205590903759 -0.7917616963386536 0.7607249617576599 0.3325877785682678 -0.5573891401290894 -1.5171986818313599
0.5007323622703552 0.24550826847553253 0.830055832862854 0.03818579018115997 0.41287750005722046 -0.910561203956604 0.020250730216503143 -0.7917304635047913 0.7607885003089905 0.33257120847702026 -0.5573122501373291 -1.517267107963562
0.5008015632629395 0.24545231461524963 0.830030620098114 0.0381426066160202 0.41281354427337646 -0.9105913043022156 0.02020302414894104 -0.7916994690895081 0.7607776522636414 0.3325302004814148 -0.5573515295982361 -1.5172810554504395
0.5008037090301514 0.24550184607505798 0.830014705657959 0.03826099634170532 0.41278526186943054 -0.9106024503707886 0.020277051255106926 -0.7918272018432617 0.7607915997505188 0.3324630558490753 -0.5573725700378418 -1.5171728134155273
0.500788688659668 0.24551542103290558 0.8300197124481201 0.03826266899704933 0.41278353333473206 -0.9106027483940125 0.02030041627585888 -0.7918305993080139 0.7608024477958679 0.33245226740837097 -0.5573642253875732 -1.5171900987625122
0.5008113384246826 0.2455093115568161 0.8300079107284546 0.0381622351706028 0.4127306640148163 -0.910626232624054 0.020321598276495934 -0.7917479276657104 0.760816216468811 0.33239245414733887 -0.5573810935020447 -1.5172704458236694
0.5007079839706421 0.2454555332660675 0.8300861120223999 0.03815614804625511 0.41273176670074463 -0.9106259346008301 0.020311297848820686 -0.7917356491088867 0.760883629322052 0.33243292570114136 -0.5572649240493774 -1.5172706842422485
0.5007147192955017 0.24546317756175995 0.8300797939300537 0.03815088048577309 0.4127269685268402 -0.9106279015541077 0.020319979637861252 -0.7917374968528748 0.760881781578064 0.33242183923721313 -0.5572740435600281 -1.5172802209854126
0.5007596611976624 0.24548737704753876 0.8300455808639526 0.038269687443971634 0.4126947820186615 -0.9106418490409851 0.02034858427941799 -0.7918289303779602 0.7608696818351746 0.3323657512664795 -0.5573239922523499 -1.517135500907898
0.5007762908935547 0.2454756796360016 0.8300389647483826 0.03827125206589699 0.4126882553100586 -0.9106451869010925 0.02033253200352192 -0.7918306589126587 0.7608622908592224 0.3323653042316437 -0.5573344230651855 -1.5171400308609009
0.5008979439735413 0.2453240305185318 0.8300104141235352 0.03832508996129036 0.4126177728176117 -0.9106810092926025 0.02015950158238411 -0.7918764352798462 0.7608204483985901 0.33237922191619873 -0.5573832392692566 -1.517149806022644
0.5009145140647888 0.24550379812717438 0.8299472332000732 0.038385774940252304 0.4126346707344055 -0.9106693863868713 0.020336417481303215 -0.7919125556945801 0.7608003616333008 0.33227822184562683 -0.5574708580970764 -1.517032504081726
0.5009613633155823 0.2455519586801529 0.8299047350883484 0.038477297872304916 0.41263675689697266 -0.9106677770614624 0.02036529965698719 -0.7920020222663879 0.7607684135437012 0.3322469890117645 -0.5575330257415771 -1.5169239044189453
0.5009647607803345 0.2455480396747589 0.8299038410186768 0.038486503064632416 0.41261059045791626 -0.9106793403625488 0.020378541201353073 -0.7920123934745789 0.7607803344726562 0.332218199968338 -0.5575339198112488 -1.5169224739074707
