# 3x4 first row second row third row Freq: 100 current Time: 2021-07-31-13:43:33
0.5929674506187439 -0.4376496970653534 0.6759085059165955 0.11968587338924408 0.36694762110710144 -0.6003088355064392 -0.7106183767318726 -0.6792932152748108 0.7167558670043945 0.6693965792655945 -0.19536902010440826 -1.5665565729141235
0.5929475426673889 -0.4376579821109772 0.6759205460548401 0.11962093412876129 0.36696022748947144 -0.6003078818321228 -0.7106126546859741 -0.6792413592338562 0.7167658805847168 0.6693919897079468 -0.19534796476364136 -1.5665863752365112
0.5929446220397949 -0.4377962648868561 0.6758335828781128 0.11993348598480225 0.3668797016143799 -0.6002405881881714 -0.7107110619544983 -0.679379940032959 0.7168095111846924 0.66936194896698 -0.19529077410697937 -1.5663769245147705
0.5929667949676514 -0.4377913773059845 0.6758173108100891 0.11987808346748352 0.36685746908187866 -0.6002447009086609 -0.7107190489768982 -0.6793293952941895 0.7168025970458984 0.669361412525177 -0.1953180730342865 -1.5664052963256836
0.5930320024490356 -0.43772760033607483 0.6758013367652893 0.11982866376638412 0.3668687343597412 -0.6002371907234192 -0.710719645023346 -0.6793028116226196 0.7167428135871887 0.6694098711013794 -0.19537122547626495 -1.566463589668274
0.5929543375968933 -0.4376613199710846 0.6759124994277954 0.11984804272651672 0.3669571280479431 -0.6003006100654602 -0.7106204032897949 -0.6793484091758728 0.7167618870735168 0.6693963408470154 -0.1953478455543518 -1.5663915872573853
0.5929637551307678 -0.43765878677368164 0.6759058237075806 0.11978470534086227 0.36695021390914917 -0.6003004908561707 -0.710624098777771 -0.6792976260185242 0.716757595539093 0.6693981289863586 -0.19535736739635468 -1.5664119720458984
0.5930189490318298 -0.43761104345321655 0.6758883595466614 0.11970490217208862 0.3669745922088623 -0.6002737283706665 -0.7106340527534485 -0.6792466640472412 0.716699481010437 0.6694533228874207 -0.19538149237632751 -1.5665602684020996
0.5929980874061584 -0.4376067519187927 0.6759093999862671 0.11963985860347748 0.36700576543807983 -0.6002695560455322 -0.7106214761734009 -0.6791896224021912 0.7167007327079773 0.6694598197937012 -0.1953544318675995 -1.5665831565856934
0.5930495262145996 -0.43757662177085876 0.6758837699890137 0.11957266181707382 0.3669435679912567 -0.6003088355064392 -0.7106204628944397 -0.6792163848876953 0.7166900038719177 0.6694443225860596 -0.19544687867164612 -1.566670298576355
0.5930495262145996 -0.43757855892181396 0.6758825182914734 0.1195017471909523 0.3669304847717285 -0.6003190875053406 -0.7106186151504517 -0.679162859916687 0.7166967391967773 0.6694338917732239 -0.19545793533325195 -1.5666999816894531
0.593036413192749 -0.43757393956184387 0.6758970618247986 0.11939486116170883 0.3669341504573822 -0.6003333926200867 -0.7106046080589294 -0.679097592830658 0.7167057394981384 0.6694241166114807 -0.19545865058898926 -1.5668141841888428
0.5930518507957458 -0.43762147426605225 0.6758527159690857 0.1195237785577774 0.3669251501560211 -0.6002766489982605 -0.7106571793556213 -0.6791737675666809 0.7166975736618042 0.6694439053535461 -0.1954207569360733 -1.5667392015457153
0.5930553078651428 -0.4376230239868164 0.675848662853241 0.11945793032646179 0.3669370114803314 -0.6002604961395264 -0.710664689540863 -0.6791135668754578 0.7166885733604431 0.6694573760032654 -0.19540752470493317 -1.5667704343795776
0.5929811596870422 -0.43769335746765137 0.6758682131767273 0.11943521350622177 0.3669807016849518 -0.6002185940742493 -0.7106775045394897 -0.6790971159934998 0.716727614402771 0.669448971748352 -0.19529321789741516 -1.5668474435806274
0.5929824113845825 -0.43770167231559753 0.6758617162704468 0.11937956511974335 0.36698487401008606 -0.6002047061920166 -0.7106871008872986 -0.6790403723716736 0.7167244553565979 0.6694559454917908 -0.19528087973594666 -1.5668811798095703
0.5929132699966431 -0.4377516210079193 0.6758900284767151 0.11934786289930344 0.3670528829097748 -0.6001565456390381 -0.7106926441192627 -0.6790375709533691 0.7167468070983887 0.6694664359092712 -0.19516271352767944 -1.5669424533843994
0.5929206609725952 -0.4377497136592865 0.6758847832679749 0.11927776783704758 0.3670421242713928 -0.6001613736152649 -0.7106940746307373 -0.6789640784263611 0.7167462110519409 0.6694633960723877 -0.195175439119339 -1.5669844150543213
0.5928400158882141 -0.4378274381160736 0.675905168056488 0.11943714320659637 0.3670226037502289 -0.6001770496368408 -0.710690975189209 -0.6790568232536316 0.7168228626251221 0.6693985462188721 -0.195116326212883 -1.5667980909347534
0.592836320400238 -0.4378076493740082 0.6759212613105774 0.11936279386281967 0.3670472800731659 -0.6001784801483154 -0.7106770277023315 -0.6789836883544922 0.716813325881958 0.6694101691246033 -0.19511142373085022 -1.5668318271636963
0.5929045081138611 -0.4377122223377228 0.6759231686592102 0.11933617293834686 0.367053359746933 -0.6002061367034912 -0.7106505036354065 -0.678991436958313 0.7167537808418274 0.6694477796554565 -0.19520112872123718 -1.5669173002243042
0.5929424166679382 -0.43760377168655396 0.6759601831436157 0.11915142834186554 0.3670853078365326 -0.6002531051635742 -0.7105943560600281 -0.6789073944091797 0.7167060375213623 0.6694765686988831 -0.19527752697467804 -1.5671229362487793
0.592936635017395 -0.43761947751045227 0.675955057144165 0.11907849460840225 0.3670620024204254 -0.6002640724182129 -0.7105971574783325 -0.6788358092308044 0.7167227864265442 0.6694564819335938 -0.19528499245643616 -1.567171573638916
0.5928907990455627 -0.43757179379463196 0.6760261654853821 0.11928234994411469 0.3670347332954407 -0.6003846526145935 -0.7105093598365784 -0.6789891719818115 0.7167747020721436 0.6693795323371887 -0.19535838067531586 -1.566964030265808
0.5928945541381836 -0.4375705122947693 0.6760236620903015 0.11921421438455582 0.36701729893684387 -0.6003985404968262 -0.7105065584182739 -0.6789270639419556 0.7167804837226868 0.6693678498268127 -0.19537700712680817 -1.5670007467269897
0.5929034948348999 -0.43753790855407715 0.6760369539260864 0.11950310319662094 0.36700987815856934 -0.600430965423584 -0.7104830145835876 -0.6791465878486633 0.7167769074440002 0.6693601012229919 -0.19541683793067932 -1.5667227506637573
0.5928735136985779 -0.43751969933509827 0.6760749816894531 0.11938324570655823 0.3670799136161804 -0.6004141569137573 -0.7104610800743103 -0.6790632605552673 0.716765820980072 0.6693871021270752 -0.19536489248275757 -1.5668727159500122
0.5928542613983154 -0.4375435709953308 0.6760764718055725 0.11930418759584427 0.36707544326782227 -0.600412130355835 -0.7104650735855103 -0.6789950132369995 0.7167840600013733 0.6693733334541321 -0.19534531235694885 -1.5669127702713013
0.5928912162780762 -0.43761271238327026 0.6759992837905884 0.11942905932664871 0.3670748770236969 -0.6003037095069885 -0.7105569839477539 -0.6790608763694763 0.7167537808418274 0.669425368309021 -0.1952780783176422 -1.5668323040008545
0.5929121375083923 -0.4376161992549896 0.6759787201881409 0.11935807764530182 0.3670663833618164 -0.6002874374389648 -0.7105751037597656 -0.6789962649345398 0.7167408466339111 0.6694376468658447 -0.195283442735672 -1.5668703317642212
0.5929898619651794 -0.4375864863395691 0.6759297251701355 0.11930584162473679 0.3670847415924072 -0.6002252101898193 -0.7106181979179382 -0.6790304780006409 0.716667115688324 0.6695128679275513 -0.19529606401920319 -1.5669662952423096
0.5929861068725586 -0.43759793043136597 0.675925612449646 0.11922965198755264 0.36707693338394165 -0.6002241373062134 -0.7106231451034546 -0.6789693832397461 0.7166742086410522 0.6695063710212708 -0.1952924132347107 -1.5670114755630493
0.59308260679245 -0.43751662969589233 0.6758936047554016 0.11917893588542938 0.3671102821826935 -0.6001836657524109 -0.7106400728225708 -0.678970992565155 0.7165772914886475 0.6695957779884338 -0.195341557264328 -1.5671038627624512
0.593082070350647 -0.43751826882362366 0.6758930087089539 0.11910651624202728 0.3671324551105499 -0.6001617312431335 -0.7106471657752991 -0.6789179444313049 0.7165663242340088 0.669614315032959 -0.19531796872615814 -1.5671466588974
0.5931082963943481 -0.43747657537460327 0.6758970022201538 0.11897353082895279 0.3670903444290161 -0.600219190120697 -0.7106204032897949 -0.6788721084594727 0.7165662050247192 0.6695901155471802 -0.19540147483348846 -1.567301630973816
0.5931553244590759 -0.43742507696151733 0.6758890151977539 0.11894349008798599 0.36708781123161316 -0.6002295017242432 -0.7106130123138428 -0.678865909576416 0.716528594493866 0.6696144938468933 -0.19545583426952362 -1.5673491954803467
0.5931751728057861 -0.4374207854270935 0.6758744120597839 0.11886144429445267 0.36708804965019226 -0.6002143025398254 -0.7106257081031799 -0.6788071393966675 0.7165120840072632 0.6696308851242065 -0.19546020030975342 -1.5674023628234863
0.5931172370910645 -0.4375320076942444 0.6758532524108887 0.11901243031024933 0.3670235872268677 -0.6002144813537598 -0.710658848285675 -0.6788858771324158 0.7165930271148682 0.6695581078529358 -0.19541293382644653 -1.5672626495361328
0.5931392908096313 -0.4375152587890625 0.6758447289466858 0.11892640590667725 0.3670102655887604 -0.6002228856086731 -0.710658609867096 -0.6788218021392822 0.7165816426277161 0.6695614457130432 -0.19544310867786407 -1.5673085451126099
0.5930944085121155 -0.43760934472084045 0.6758232116699219 0.11899727582931519 0.36707255244255066 -0.600109875202179 -0.7107219099998474 -0.6789083480834961 0.7165868282318115 0.669601321220398 -0.19528734683990479 -1.5672755241394043
0.593102753162384 -0.4376027286052704 0.6758201718330383 0.11890796571969986 0.367085725069046 -0.6000962853431702 -0.7107265591621399 -0.6788485050201416 0.716573178768158 0.6696178317070007 -0.19528096914291382 -1.567327857017517
0.5931034088134766 -0.4375797510147095 0.6758344769477844 0.1188696101307869 0.36707377433776855 -0.6001309752464294 -0.710703432559967 -0.6788830757141113 0.7165787816047668 0.6696017384529114 -0.19531561434268951 -1.567381501197815
0.5930958390235901 -0.4375782907009125 0.6758421063423157 0.11879025399684906 0.36708423495292664 -0.6001302003860474 -0.710698664188385 -0.6788365244865417 0.7165796756744385 0.6696034073829651 -0.19530655443668365 -1.5674318075180054
0.5931218266487122 -0.4376347064971924 0.6757827401161194 0.11907663196325302 0.36701926589012146 -0.6001060605049133 -0.7107526063919067 -0.6789959073066711 0.716591477394104 0.6695881485939026 -0.19531555473804474 -1.5672169923782349
0.5931103229522705 -0.43770864605903625 0.6757449507713318 0.11931551247835159 0.36699676513671875 -0.6000605821609497 -0.7108026146888733 -0.6791166663169861 0.7166125178337097 0.6695805788040161 -0.19526439905166626 -1.5670560598373413
0.5931290984153748 -0.4377025067806244 0.675732433795929 0.11924701929092407 0.3669850528240204 -0.6000595688819885 -0.7108095288276672 -0.6790767312049866 0.7166029810905457 0.6695855259895325 -0.19528242945671082 -1.5671194791793823
0.5931097269058228 -0.43777281045913696 0.6757038831710815 0.11926625669002533 0.3669375777244568 -0.6000489592552185 -0.710843026638031 -0.6790962815284729 0.7166432738304138 0.6695490479469299 -0.19525951147079468 -1.5671000480651855
0.5931181907653809 -0.43775618076324463 0.675707221031189 0.11920273303985596 0.3669356405735016 -0.6000599265098572 -0.7108347415924072 -0.6790554523468018 0.7166372537612915 0.6695500612258911 -0.19527804851531982 -1.5671586990356445
0.5931220650672913 -0.43781137466430664 0.6756680607795715 0.1193864569067955 0.36685803532600403 -0.6000705361366272 -0.7108657956123352 -0.6791248917579651 0.7166737914085388 0.6695044636726379 -0.1953003853559494 -1.5669734477996826
0.5931158661842346 -0.4378407299518585 0.6756544709205627 0.11932831257581711 0.3668344020843506 -0.6000678539276123 -0.7108802795410156 -0.679081916809082 0.7166910171508789 0.669487714767456 -0.19529467821121216 -1.5670185089111328
0.593122661113739 -0.43779197335243225 0.6756801009178162 0.11945973336696625 0.366773396730423 -0.6001694202423096 -0.71082603931427 -0.6791969537734985 0.7167165875434875 0.6694285273551941 -0.195403590798378 -1.5668056011199951
0.5931327939033508 -0.43779560923576355 0.6756688952445984 0.11940111964941025 0.36677077412605286 -0.600158154964447 -0.7108368873596191 -0.6791584491729736 0.7167096138000488 0.6694362759590149 -0.19540275633335114 -1.5668329000473022
0.593146800994873 -0.43774181604385376 0.6756914258003235 0.11954472959041595 0.36677396297454834 -0.6001980304718018 -0.7108016014099121 -0.679286777973175 0.7166963815689087 0.6694356799125671 -0.19545315206050873 -1.566713809967041
0.5931859016418457 -0.4377070665359497 0.675679624080658 0.11952872574329376 0.36675190925598145 -0.6002167463302612 -0.7107971906661987 -0.6792305111885071 0.7166752815246582 0.6694416403770447 -0.195510134100914 -1.5667725801467896
0.5931797027587891 -0.4377031624317169 0.6756876111030579 0.11947709321975708 0.3667595386505127 -0.6002198457717896 -0.7107906341552734 -0.6791917085647583 0.7166765332221985 0.6694414019584656 -0.19550634920597076 -1.56680428981781
0.5931591987609863 -0.43777400255203247 0.675659716129303 0.11967778205871582 0.3666880130767822 -0.6002322435379028 -0.7108170390129089 -0.6792939901351929 0.7167300581932068 0.6693840026855469 -0.1955067217350006 -1.5666990280151367
0.5931521058082581 -0.4377787113189697 0.6756628751754761 0.11964011192321777 0.3667086660861969 -0.600214958190918 -0.7108209729194641 -0.6792590618133545 0.7167254090309143 0.6693963408470154 -0.19548144936561584 -1.566729187965393
0.593156099319458 -0.4377075433731079 0.6757054328918457 0.11952712386846542 0.3667481243610382 -0.6002489924430847 -0.7107718586921692 -0.679197371006012 0.716701865196228 0.66941237449646 -0.19551287591457367 -1.566816806793213
0.5931591987609863 -0.43770939111709595 0.6757015585899353 0.1194857656955719 0.36673420667648315 -0.6002570986747742 -0.7107722163200378 -0.6791571378707886 0.7167064547538757 0.6694039702415466 -0.1955249160528183 -1.5668401718139648
0.5931997895240784 -0.43762442469596863 0.6757209300994873 0.11932394653558731 0.36677250266075134 -0.6002707481384277 -0.7107409238815308 -0.6790730953216553 0.7166532278060913 0.6694472432136536 -0.19557182490825653 -1.5669889450073242
0.5932037830352783 -0.4376194477081299 0.6757206916809082 0.1192743256688118 0.3667523264884949 -0.6002909541130066 -0.7107343077659607 -0.6790249943733215 0.7166602611541748 0.6694324016571045 -0.1955968290567398 -1.5670132637023926
0.5931941866874695 -0.4376496970653534 0.6757095456123352 0.11921844631433487 0.36675378680229187 -0.600267231464386 -0.7107536196708679 -0.6790119409561157 0.7166674733161926 0.6694338917732239 -0.19556525349617004 -1.5670746564865112
0.5931628346443176 -0.4377287030220032 0.6756858825683594 0.11938177794218063 0.3667222559452057 -0.6002443432807922 -0.710789144039154 -0.6791090965270996 0.716709554195404 0.6694027185440063 -0.19551770389080048 -1.5669313669204712
0.5931745171546936 -0.4377078115940094 0.6756891012191772 0.11933092772960663 0.366738498210907 -0.600239634513855 -0.7107847332954407 -0.6790645122528076 0.7166915535926819 0.669420599937439 -0.1955225169658661 -1.5669565200805664
0.5931779146194458 -0.4376925230026245 0.6756960153579712 0.11928004771471024 0.36675405502319336 -0.6002378463745117 -0.7107782363891602 -0.6790152192115784 0.7166807651519775 0.6694322228431702 -0.19552229344844818 -1.566977858543396
0.5931540727615356 -0.4376527667045593 0.6757427453994751 0.1194726824760437 0.3667387068271637 -0.6003174781799316 -0.7107189297676086 -0.6791632771492004 0.7167084217071533 0.6693868041038513 -0.19557645916938782 -1.5667580366134644
0.5931336879730225 -0.43760931491851807 0.6757887601852417 0.11961879581212997 0.36671310663223267 -0.6004071235656738 -0.7106564044952393 -0.6792871356010437 0.7167383432388306 0.6693348288536072 -0.1956445276737213 -1.5666190385818481
0.5931713581085205 -0.4376077353954315 0.6757566928863525 0.1195644661784172 0.3667096495628357 -0.6003749370574951 -0.7106853723526001 -0.6792466044425964 0.7167088985443115 0.6693646907806396 -0.19565019011497498 -1.566629409790039
0.5931633114814758 -0.4376559257507324 0.6757325530052185 0.11970739811658859 0.36675745248794556 -0.6002875566482544 -0.7107345461845398 -0.679340124130249 0.7166911363601685 0.6694115996360779 -0.1955549120903015 -1.5665643215179443
0.593163013458252 -0.43767285346984863 0.6757218837738037 0.1196632906794548 0.366749107837677 -0.600277841091156 -0.7107470035552979 -0.6793040037155151 0.7166956663131714 0.6694092154502869 -0.19554640352725983 -1.566576600074768
0.5930530428886414 -0.43776729702949524 0.6757571697235107 0.11968401819467545 0.3667377233505249 -0.6002970933914185 -0.7107366323471069 -0.6792988777160645 0.7167924642562866 0.6693301796913147 -0.195462167263031 -1.5666418075561523
0.5931241512298584 -0.43771520256996155 0.6757285594940186 0.11958777159452438 0.36674919724464417 -0.6002713441848755 -0.7107524275779724 -0.6792579293251038 0.7167277932167053 0.6693873405456543 -0.19550366699695587 -1.5667418241500854
0.5931171774864197 -0.4377274513244629 0.6757267713546753 0.11953967064619064 0.36672651767730713 -0.6002865433692932 -0.7107512950897217 -0.6792210340499878 0.7167451977729797 0.6693657040596008 -0.19551391899585724 -1.5667659044265747
0.5931209921836853 -0.4378022849559784 0.6756749153137207 0.11958841234445572 0.36664870381355286 -0.6002767086029053 -0.7107997536659241 -0.6792670488357544 0.7167817950248718 0.669325590133667 -0.19551701843738556 -1.5667264461517334
0.593115508556366 -0.43780261278152466 0.6756795048713684 0.11954521387815475 0.3666566014289856 -0.600274384021759 -0.7107976675033569 -0.6792367100715637 0.7167823314666748 0.669327437877655 -0.19550877809524536 -1.5667498111724854
0.5931683778762817 -0.4377199113368988 0.6756866574287415 0.1193646565079689 0.3666583299636841 -0.600307822227478 -0.7107685208320618 -0.6791348457336426 0.7167376279830933 0.6693515777587891 -0.19558991491794586 -1.5669363737106323
0.5931798815727234 -0.43770483136177063 0.6756863594055176 0.11931230127811432 0.36665183305740356 -0.6003184914588928 -0.7107628583908081 -0.679100751876831 0.7167314887046814 0.6693518757820129 -0.19561149179935455 -1.5669662952423096
0.593124270439148 -0.4378221035003662 0.6756591796875 0.11937367916107178 0.36658167839050293 -0.600315272808075 -0.7108017802238464 -0.6791192293167114 0.7168133854866028 0.669278085231781 -0.1955638974905014 -1.5668869018554688
0.5931296944618225 -0.43790432810783386 0.6756011843681335 0.11958028376102448 0.36656200885772705 -0.6002417802810669 -0.7108739614486694 -0.6792135834693909 0.7168189883232117 0.6692901253700256 -0.19550207257270813 -1.5667247772216797
0.5931119918823242 -0.4379185140132904 0.675607442855835 0.11953513324260712 0.3665846288204193 -0.6002230644226074 -0.7108781337738037 -0.6791703701019287 0.7168219685554504 0.6692976355552673 -0.19546525180339813 -1.5667527914047241
0.5931812524795532 -0.43777453899383545 0.6756399869918823 0.11938074231147766 0.36665380001068115 -0.6002419590950012 -0.7108265161514282 -0.6791122555732727 0.7167293429374695 0.669374942779541 -0.19554048776626587 -1.5669201612472534
0.5931761264801025 -0.437776118516922 0.6756434440612793 0.11933233588933945 0.3666428327560425 -0.60025554895401 -0.7108206748962402 -0.6790711879730225 0.7167391777038574 0.6693617105484009 -0.19554972648620605 -1.5669546127319336
0.5931453704833984 -0.43772128224372864 0.6757059693336487 0.1193254142999649 0.3667242228984833 -0.6002674102783203 -0.7107686400413513 -0.6790587306022644 0.7167229652404785 0.6693869233131409 -0.19552278518676758 -1.5669714212417603
0.5931617021560669 -0.4377129077911377 0.6756970882415771 0.11928364634513855 0.36669400334358215 -0.600288450717926 -0.7107664942741394 -0.6790194511413574 0.7167249321937561 0.6693735122680664 -0.19556134939193726 -1.5670021772384644
0.5931675434112549 -0.43763330578804016 0.6757435202598572 0.11919256299734116 0.36677438020706177 -0.60029137134552 -0.7107225656509399 -0.678977906703949 0.7166789770126343 0.6694229245185852 -0.19556060433387756 -1.5671215057373047
0.5931649804115295 -0.4376213252544403 0.6757534742355347 0.11914561688899994 0.36678746342658997 -0.6002942323684692 -0.7107133865356445 -0.6789364814758301 0.7166743874549866 0.6694282293319702 -0.19555945694446564 -1.567158579826355
0.5932749509811401 -0.4375380873680115 0.675710916519165 0.11922027170658112 0.36677029728889465 -0.6002898216247559 -0.7107259631156921 -0.6790089011192322 0.7165921926498413 0.6694865822792053 -0.19566084444522858 -1.567130208015442
0.5932968258857727 -0.43748775124549866 0.6757242679595947 0.11926551163196564 0.3667721450328827 -0.600319504737854 -0.7106999158859253 -0.679081916809082 0.7165730595588684 0.6694928407669067 -0.19570927321910858 -1.567049264907837
0.5933189988136292 -0.43748220801353455 0.6757084131240845 0.11921189725399017 0.36676228046417236 -0.6003127694129944 -0.7107107043266296 -0.6790504455566406 0.7165597677230835 0.6695024967193604 -0.19572491943836212 -1.5670783519744873
0.5933144092559814 -0.43744879961013794 0.6757340431213379 0.11913512647151947 0.36676350235939026 -0.6003512740135193 -0.7106775641441345 -0.6789851784706116 0.7165629863739014 0.6694898009300232 -0.19575674831867218 -1.5671775341033936
0.5933118462562561 -0.4374305009841919 0.6757481098175049 0.1190781518816948 0.366798996925354 -0.6003398895263672 -0.7106688618659973 -0.6789414882659912 0.716546893119812 0.6695119738578796 -0.19573961198329926 -1.567208170890808
0.5932583212852478 -0.43755754828453064 0.6757128834724426 0.11920388787984848 0.3667461574077606 -0.6003082394599915 -0.7107229232788086 -0.6790271997451782 0.7166182398796082 0.6694573760032654 -0.19566524028778076 -1.5670998096466064
0.5932790040969849 -0.4374593198299408 0.6757583022117615 0.11895544081926346 0.36679989099502563 -0.6003409624099731 -0.7106674909591675 -0.6788947582244873 0.7165735960006714 0.6694921851158142 -0.19570961594581604 -1.5673357248306274
0.5932759642601013 -0.4374494254589081 0.6757673621177673 0.11888739466667175 0.3668143153190613 -0.6003409028053284 -0.7106600999832153 -0.678851842880249 0.7165687680244446 0.6694987416267395 -0.19570505619049072 -1.5673757791519165
0.5932629704475403 -0.4374406337738037 0.6757844686508179 0.11925402283668518 0.3667421042919159 -0.600430428981781 -0.7106217741966248 -0.6791218519210815 0.7166165113449097 0.6694241762161255 -0.19578514993190765 -1.5670320987701416
0.5932452082633972 -0.4374600350856781 0.6757875084877014 0.11920441687107086 0.36676016449928284 -0.6004105806350708 -0.7106291651725769 -0.6790952086448669 0.716621994972229 0.6694293022155762 -0.1957477182149887 -1.5670545101165771
0.5932804942131042 -0.43750622868537903 0.6757266521453857 0.11917556077241898 0.3667134642601013 -0.6003709435462952 -0.7106867432594299 -0.6790649890899658 0.716616690158844 0.6694346070289612 -0.19574888050556183 -1.5671766996383667
0.5932847857475281 -0.4375258982181549 0.675710141658783 0.11912612617015839 0.3666936159133911 -0.6003645658493042 -0.7107024192810059 -0.679031252861023 0.7166232466697693 0.6694275140762329 -0.19574914872646332 -1.5672111511230469
0.5932102799415588 -0.43763136863708496 0.675707221031189 0.11939747631549835 0.3666037917137146 -0.6004106998443604 -0.7107097506523132 -0.6791220307350159 0.7167308926582336 0.6693171858787537 -0.19573241472244263 -1.5669745206832886
0.5931896567344666 -0.43767860531806946 0.6756947636604309 0.11941083520650864 0.36658212542533875 -0.6004015207290649 -0.7107287049293518 -0.6791036128997803 0.7167590260505676 0.669294536113739 -0.19570674002170563 -1.5669199228286743
0.5931781530380249 -0.4377995431423187 0.6756265163421631 0.11937476694583893 0.3664811849594116 -0.6003798842430115 -0.7107990384101868 -0.6791034936904907 0.7168201804161072 0.6692348718643188 -0.19568686187267303 -1.5669002532958984
0.593112051486969 -0.43785011768341064 0.6756517887115479 0.11950917541980743 0.36646828055381775 -0.6004036664962769 -0.7107856273651123 -0.6791810393333435 0.7168814539909363 0.6691804528236389 -0.19564837217330933 -1.5667955875396729
0.5931119322776794 -0.4378660321235657 0.6756415367126465 0.1194816306233406 0.36645621061325073 -0.6003983020782471 -0.7107963562011719 -0.6791486144065857 0.7168877124786377 0.66917484998703 -0.1956445872783661 -1.56680428981781
0.593076229095459 -0.437906414270401 0.6756467223167419 0.11961375176906586 0.36644071340560913 -0.6004052758216858 -0.710798442363739 -0.6792342066764832 0.7169251441955566 0.6691421270370483 -0.19561930000782013 -1.5667048692703247
0.5930803418159485 -0.43792569637298584 0.6756306290626526 0.11958415806293488 0.366421103477478 -0.6003993153572083 -0.7108136415481567 -0.6792024374008179 0.7169318199157715 0.6691349148750305 -0.19561976194381714 -1.5667154788970947
0.5931047797203064 -0.4378831684589386 0.6756367087364197 0.11979138851165771 0.36639323830604553 -0.6004459857940674 -0.7107885479927063 -0.6793652176856995 0.7169257998466492 0.6691207885742188 -0.19568988680839539 -1.5665292739868164
0.5930657386779785 -0.4378899037837982 0.6756666302680969 0.11993228644132614 0.3664214015007019 -0.6004509925842285 -0.710769772529602 -0.6794727444648743 0.7169436812400818 0.669111967086792 -0.19565461575984955 -1.5663974285125732
0.5930619239807129 -0.43794313073158264 0.6756355166435242 0.11998872458934784 0.36638298630714417 -0.6004346609115601 -0.7108033895492554 -0.6794685125350952 0.7169665694236755 0.6690917611122131 -0.1956399381160736 -1.5663354396820068
0.5930630564689636 -0.4379507005214691 0.6756296157836914 0.11996427178382874 0.3663771152496338 -0.6004310250282288 -0.7108094692230225 -0.6794402599334717 0.7169685959815979 0.6690900325775146 -0.1956382691860199 -1.5663222074508667
0.5930711030960083 -0.4379766285419464 0.6756057143211365 0.1199725791811943 0.36641132831573486 -0.6003638505935669 -0.7108485698699951 -0.6793791651725769 0.7169444561004639 0.6691333055496216 -0.19557879865169525 -1.56631338596344
0.5930559635162354 -0.437951922416687 0.6756349802017212 0.11999356001615524 0.3664293885231018 -0.6003878712654114 -0.7108189463615417 -0.6793610453605652 0.7169477343559265 0.6691279411315918 -0.19558508694171906 -1.5662705898284912
0.5930648446083069 -0.43795064091682434 0.6756280660629272 0.11997828632593155 0.3664168119430542 -0.6003922820091248 -0.7108217477798462 -0.6793169975280762 0.7169468402862549 0.6691248416900635 -0.1955990046262741 -1.5662473440170288
0.5931409001350403 -0.4378082752227783 0.6756535172462463 0.11986813694238663 0.3664529621601105 -0.6004335880279541 -0.7107682228088379 -0.6793240308761597 0.7168654203414917 0.6691809296607971 -0.19570551812648773 -1.5664339065551758
0.5931395888328552 -0.4378163516521454 0.6756494641304016 0.11985576152801514 0.3664490878582001 -0.6004300117492676 -0.710773229598999 -0.6793042421340942 0.71686851978302 0.66917884349823 -0.19570133090019226 -1.5664290189743042
0.5931597948074341 -0.43779632449150085 0.6756446957588196 0.11995954811573029 0.36652302742004395 -0.600362241268158 -0.7107923626899719 -0.6793916821479797 0.7168139815330505 0.6692528128623962 -0.1956482082605362 -1.5663464069366455
0.5931646227836609 -0.43780606985092163 0.6756341457366943 0.1199379488825798 0.36650803685188293 -0.6003612279891968 -0.7108009457588196 -0.6793615221977234 0.7168176770210266 0.6692473292350769 -0.1956535130739212 -1.5663419961929321
0.5932648777961731 -0.43767833709716797 0.6756289005279541 0.11983949691057205 0.3665410280227661 -0.6003662943840027 -0.71077960729599 -0.679355263710022 0.7167177796363831 0.6693263053894043 -0.19574910402297974 -1.566487431526184
0.5932574272155762 -0.4376823306083679 0.6756328344345093 0.11982070654630661 0.36653953790664673 -0.6003708839416504 -0.7107765674591064 -0.6793379187583923 0.7167247533798218 0.6693196296691895 -0.1957465261220932 -1.5664944648742676
0.593250036239624 -0.4376220107078552 0.6756783723831177 0.11975637078285217 0.3666004240512848 -0.6003846526145935 -0.7107335329055786 -0.6792814135551453 0.7166997194290161 0.6693466305732727 -0.19574573636054993 -1.5666056871414185
0.5932493805885315 -0.43756356835365295 0.6757168173789978 0.11962234228849411 0.36665308475494385 -0.6003975868225098 -0.7106953859329224 -0.6792058348655701 0.7166733145713806 0.6693732738494873 -0.1957513988018036 -1.5667674541473389
0.5932549238204956 -0.43755820393562317 0.675715446472168 0.11959930509328842 0.3666445314884186 -0.6004058122634888 -0.7106928825378418 -0.6791770458221436 0.7166730761528015 0.6693693995475769 -0.19576530158519745 -1.5667883157730103
0.5932433605194092 -0.43760624527931213 0.675694465637207 0.11985823512077332 0.36656850576400757 -0.6004376411437988 -0.7107052206993103 -0.6793521642684937 0.7167215347290039 0.6693094372749329 -0.19579289853572845 -1.5665134191513062
0.5932462811470032 -0.4376131594181061 0.6756874322891235 0.11983250081539154 0.3665466904640198 -0.6004478931427002 -0.7107077836990356 -0.679331362247467 0.7167302966117859 0.6692957282066345 -0.19580772519111633 -1.5665239095687866
0.5932556986808777 -0.43755146861076355 0.6757190823554993 0.11979831010103226 0.36661967635154724 -0.6004353165626526 -0.7106807827949524 -0.6792870163917542 0.7166851758956909 0.66934734582901 -0.19579662382602692 -1.5665558576583862
0.5932658910751343 -0.43756309151649475 0.6757026314735413 0.11976833641529083 0.36659905314445496 -0.6004323363304138 -0.7106939554214478 -0.6792586445808411 0.7166872620582581 0.6693423986434937 -0.19580575823783875 -1.5665630102157593
0.5932968258857727 -0.4374901056289673 0.6757227778434753 0.1196088194847107 0.3666130602359772 -0.6004656553268433 -0.7106585502624512 -0.6792426705360413 0.7166545391082764 0.6693602204322815 -0.1958646923303604 -1.566709280014038
0.5932462811470032 -0.43748393654823303 0.6757711172103882 0.1197916641831398 0.3666532337665558 -0.6004842519760132 -0.7106221318244934 -0.6793811917304993 0.7166758179664612 0.6693475842475891 -0.1958300918340683 -1.5665032863616943
0.5932721495628357 -0.4374956488609314 0.6757407784461975 0.11975108087062836 0.366609126329422 -0.6004877090454102 -0.7106419205665588 -0.6793513894081116 0.7166768908500671 0.6693368554115295 -0.19586268067359924 -1.566506028175354
0.5933085083961487 -0.43739038705825806 0.675777018070221 0.1196635365486145 0.36666831374168396 -0.600507378578186 -0.7105947732925415 -0.679287314414978 0.7166165709495544 0.669387936592102 -0.19590887427330017 -1.566607117652893
0.5932554006576538 -0.43745309114456177 0.675783097743988 0.11974942684173584 0.3666515052318573 -0.6005093455314636 -0.710601806640625 -0.679284393787384 0.7166691422462463 0.6693452000617981 -0.19586250185966492 -1.5665560960769653
0.5932561755180359 -0.4374653398990631 0.6757744550704956 0.11971308290958405 0.3666485548019409 -0.6004984378814697 -0.7106125354766846 -0.6792396306991577 0.7166699767112732 0.6693470478057861 -0.1958533227443695 -1.5665618181228638
0.5931718945503235 -0.4375353157520294 0.6758031845092773 0.11966057866811752 0.3666367828845978 -0.6005186438560486 -0.7106015086174011 -0.6792208552360535 0.7167457938194275 0.6692831516265869 -0.19579416513442993 -1.5666402578353882
0.593194842338562 -0.43753325939178467 0.6757843494415283 0.11962084472179413 0.36662307381629944 -0.6005110740661621 -0.7106149792671204 -0.6791768074035645 0.7167338132858276 0.6692912578582764 -0.19581018388271332 -1.5666491985321045
0.5931581258773804 -0.437492311000824 0.6758430600166321 0.1197323203086853 0.36667144298553467 -0.6005449891090393 -0.7105613946914673 -0.679290235042572 0.7167394161224365 0.6692876219749451 -0.19580213725566864 -1.566503882408142
0.5931620001792908 -0.4374956488609314 0.6758374571800232 0.11969097703695297 0.3666733205318451 -0.6005359292030334 -0.7105680704116821 -0.6792559623718262 0.7167352437973022 0.6692935824394226 -0.19579705595970154 -1.5665050745010376
0.5931596159934998 -0.4374300241470337 0.67588210105896 0.11959591507911682 0.36678197979927063 -0.6005057692527771 -0.7105374336242676 -0.6791956424713135 0.7166816592216492 0.6693634986877441 -0.1957542598247528 -1.5666508674621582
0.5931729674339294 -0.43740954995155334 0.6758836507797241 0.11957655847072601 0.36680567264556885 -0.6004921197891235 -0.710536777973175 -0.6791485548019409 0.7166584730148315 0.6693891286849976 -0.19575129449367523 -1.566715121269226
0.5931814908981323 -0.43741992115974426 0.6758694052696228 0.11954212188720703 0.3667968511581421 -0.6004810333251953 -0.7105507254600525 -0.6791089177131653 0.7166559100151062 0.6693922877311707 -0.1957499086856842 -1.56673002243042
0.5932399034500122 -0.4375317692756653 0.6757457256317139 0.11971450597047806 0.3667396306991577 -0.6003595590591431 -0.7106829285621643 -0.6792553067207336 0.7166368365287781 0.6694282293319702 -0.19569693505764008 -1.566662073135376
0.5932397842407227 -0.437534362077713 0.6757441759109497 0.1196894720196724 0.3667272627353668 -0.6003684997558594 -0.7106817364692688 -0.6792258024215698 0.7166432738304138 0.669418454170227 -0.19570660591125488 -1.5666834115982056
0.5932126045227051 -0.43756407499313354 0.6757487654685974 0.1196412593126297 0.36675187945365906 -0.6003409028053284 -0.710692286491394 -0.6791607737541199 0.7166531682014465 0.6694237589836121 -0.1956522911787033 -1.5667409896850586
0.5931611061096191 -0.43759965896606445 0.6757709383964539 0.11975885182619095 0.36676543951034546 -0.6003414392471313 -0.7106848955154419 -0.6793041229248047 0.716688871383667 0.6694000363349915 -0.195602685213089 -1.5665979385375977
0.5931686162948608 -0.4375937581062317 0.6757681965827942 0.11972282081842422 0.36677664518356323 -0.6003297567367554 -0.7106889486312866 -0.6792700290679932 0.7166769504547119 0.6694143414497375 -0.1955975443124771 -1.5666191577911377
0.5931075215339661 -0.4375629723072052 0.675841748714447 0.11982433497905731 0.36676421761512756 -0.6004337668418884 -0.7106074690818787 -0.679344654083252 0.7167338728904724 0.6693412065505981 -0.19563928246498108 -1.5664736032485962
0.5931193232536316 -0.43749308586120605 0.6758766174316406 0.1196163147687912 0.36678940057754517 -0.6004721522331238 -0.7105621099472046 -0.6792236566543579 0.7167112231254578 0.6693524718284607 -0.19568371772766113 -1.566687822341919
0.5931654572486877 -0.4374328553676605 0.6758751273155212 0.11951443552970886 0.3668297231197357 -0.6004525423049927 -0.7105578184127808 -0.6791762113571167 0.7166523933410645 0.6694093942642212 -0.19570426642894745 -1.5667985677719116
0.5931668281555176 -0.43745157122612 0.6758617758750916 0.11946096271276474 0.36682531237602234 -0.6004355549812317 -0.7105744481086731 -0.6791346073150635 0.7166534662246704 0.6694124341011047 -0.1956900805234909 -1.566824197769165
0.5931441187858582 -0.4374748766422272 0.6758666634559631 0.11945030093193054 0.3667825758457184 -0.6004732847213745 -0.7105646133422852 -0.679145097732544 0.716694176197052 0.6693633198738098 -0.1957089602947235 -1.5668323040008545
0.5931503176689148 -0.4374600648880005 0.6758707761764526 0.11940315365791321 0.36680346727371216 -0.6004632711410522 -0.7105622887611389 -0.6791211366653442 0.7166783213615417 0.6693819761276245 -0.19570304453372955 -1.566917896270752
0.5931476950645447 -0.43746012449264526 0.6758730411529541 0.11933521926403046 0.3668052852153778 -0.6004641056060791 -0.71056067943573 -0.6790633797645569 0.716679573059082 0.6693812608718872 -0.19570113718509674 -1.5669538974761963
0.5930702090263367 -0.4375867247581482 0.6758590936660767 0.11951759457588196 0.3668147921562195 -0.6003981828689575 -0.7106114625930786 -0.6791307330131531 0.7167388200759888 0.6693575978279114 -0.19556494057178497 -1.5668038129806519
0.593145489692688 -0.4375607967376709 0.6758098602294922 0.11941283941268921 0.36680111289024353 -0.6003643274307251 -0.7106471061706543 -0.6790863871574402 0.716683566570282 0.669404923915863 -0.19560553133487701 -1.5669312477111816
0.5931450724601746 -0.4375416040420532 0.6758226156234741 0.11936132609844208 0.36679813265800476 -0.600387692451477 -0.7106289267539978 -0.6790409088134766 0.71668541431427 0.6693965196609497 -0.19562748074531555 -1.56696355342865
0.5931018590927124 -0.43760931491851807 0.6758167147636414 0.1196286678314209 0.3667585253715515 -0.600395917892456 -0.710642397403717 -0.6791772246360779 0.7167414426803589 0.6693448424339294 -0.19559893012046814 -1.5666860342025757
0.5931332111358643 -0.4375932216644287 0.6757996082305908 0.11957546323537827 0.36675384640693665 -0.6003864407539368 -0.7106528282165527 -0.6791262030601501 0.7167178988456726 0.6693639159202576 -0.19562005996704102 -1.5667113065719604
0.5931501388549805 -0.43763500452041626 0.6757577061653137 0.11970219016075134 0.36667007207870483 -0.6004040837287903 -0.710681140422821 -0.6792138814926147 0.7167467474937439 0.6693207621574402 -0.1956620067358017 -1.566577672958374
0.5931005477905273 -0.43768736720085144 0.6757673025131226 0.11966163665056229 0.36677926778793335 -0.6002957224845886 -0.7107163667678833 -0.6792466044425964 0.7167319059371948 0.669383704662323 -0.19550101459026337 -1.5666677951812744
0.5930896997451782 -0.43769994378089905 0.6757686734199524 0.11962419003248215 0.36676928400993347 -0.600302517414093 -0.7107157707214355 -0.6792101860046387 0.7167460322380066 0.6693693995475769 -0.1954982727766037 -1.5666890144348145
0.5930907726287842 -0.4377250373363495 0.6757515072822571 0.11957380175590515 0.36676713824272156 -0.6002770662307739 -0.7107383608818054 -0.6791790127754211 0.7167462110519409 0.6693757772445679 -0.19547554850578308 -1.5667502880096436
0.5931562185287476 -0.43762752413749695 0.6757571697235107 0.1194554939866066 0.3667880892753601 -0.6002957224845886 -0.7107117772102356 -0.6791130900382996 0.7166813015937805 0.6694228053092957 -0.1955525279045105 -1.5668556690216064
0.5931710600852966 -0.43760281801223755 0.6757601499557495 0.11940222978591919 0.3668026924133301 -0.6002935171127319 -0.7107061147689819 -0.6790627837181091 0.7166615724563599 0.6694409847259521 -0.19556277990341187 -1.5668821334838867
0.5931481122970581 -0.4376465082168579 0.6757519841194153 0.11943289637565613 0.3668132722377777 -0.6002601981163025 -0.7107288241386414 -0.6791044473648071 0.7166751623153687 0.6694422364234924 -0.19550859928131104 -1.5668761730194092
0.5931758284568787 -0.4376392662525177 0.6757323741912842 0.11937582492828369 0.366807222366333 -0.6002463102340698 -0.7107436656951904 -0.679049551486969 0.7166553139686584 0.6694594621658325 -0.19552229344844818 -1.5669091939926147
0.5931631922721863 -0.43762123584747314 0.6757551431655884 0.11966901272535324 0.36677438020706177 -0.6003082990646362 -0.7107082605361938 -0.6792574524879456 0.7166825532913208 0.6694156527519226 -0.19557248055934906 -1.5665937662124634
0.5931391716003418 -0.43761858344078064 0.6757779717445374 0.11958326399326324 0.3668085038661957 -0.6003028750419617 -0.7106952667236328 -0.6791914701461792 0.7166849970817566 0.6694222688674927 -0.19554084539413452 -1.5666923522949219
0.5931550860404968 -0.43762898445129395 0.6757572293281555 0.11953555047512054 0.36677470803260803 -0.600307822227478 -0.710708498954773 -0.6791443824768066 0.7166891098022461 0.6694110035896301 -0.19556432962417603 -1.5667136907577515
0.5931799411773682 -0.4375719130039215 0.6757724285125732 0.11936968564987183 0.36681750416755676 -0.6003034710884094 -0.7106900811195374 -0.6790502071380615 0.716646671295166 0.6694521903991699 -0.19557885825634003 -1.566933274269104
0.5931913256645203 -0.4375816583633423 0.6757560968399048 0.1193239688873291 0.36680683493614197 -0.6002919673919678 -0.7107052803039551 -0.6789990067481995 0.7166426777839661 0.6694561839103699 -0.19557999074459076 -1.5669646263122559
0.5931786894798279 -0.43749940395355225 0.6758204102516174 0.11918824166059494 0.36690449714660645 -0.6002996563911438 -0.7106483578681946 -0.6789436936378479 0.71660315990448 0.6695030331611633 -0.1955644190311432 -1.567123532295227
