# 3x4 first row second row third row Freq: 100 current Time: 2021-07-31-13:47:12
0.4384610056877136 -0.6087287664413452 0.6612119674682617 0.27739888429641724 0.10200733691453934 -0.6972414255142212 -0.7095412611961365 -0.6601763367652893 0.8929425477981567 0.37855464220046997 -0.24361836910247803 -1.6590619087219238
0.43847399950027466 -0.6087895035743713 0.66114741563797 0.2773277461528778 0.10196879506111145 -0.6971867084503174 -0.7096006274223328 -0.6601172685623169 0.8929405808448792 0.37855780124664307 -0.24362067878246307 -1.6591558456420898
0.43847233057022095 -0.6088032722473145 0.6611357927322388 0.2772884964942932 0.10196215659379959 -0.6971754431724548 -0.7096126079559326 -0.6601275205612183 0.8929421901702881 0.3785563111305237 -0.2436172366142273 -1.6591973304748535
0.43846988677978516 -0.6088203191757202 0.6611217260360718 0.27713876962661743 0.10189346969127655 -0.6971873641014099 -0.7096107602119446 -0.6600372791290283 0.8929511904716492 0.37850692868232727 -0.2436608523130417 -1.6592929363250732
0.43846142292022705 -0.6088275909423828 0.6611206531524658 0.2770947813987732 0.10188432037830353 -0.6971873044967651 -0.7096121311187744 -0.6600462198257446 0.8929563760757446 0.37849536538124084 -0.24365974962711334 -1.659332513809204
0.43855613470077515 -0.608809232711792 0.6610747575759888 0.2769721746444702 0.10187975317239761 -0.697165846824646 -0.7096338868141174 -0.6599540114402771 0.8929104208946228 0.37856441736221313 -0.24372100830078125 -1.6594064235687256
0.4385393559932709 -0.6088101267814636 0.6610850691795349 0.27692729234695435 0.1018887311220169 -0.69716876745224 -0.7096297740936279 -0.6599594354629517 0.8929176330566406 0.3785576820373535 -0.24370503425598145 -1.659447431564331
0.4385465085506439 -0.6088513135910034 0.6610423922538757 0.27687373757362366 0.10184066742658615 -0.6971416473388672 -0.7096632719039917 -0.6599171757698059 0.8929196000099182 0.37854132056236267 -0.24372319877147675 -1.6595256328582764
0.43855172395706177 -0.608863115310669 0.6610280275344849 0.27672767639160156 0.10174992680549622 -0.6971650719642639 -0.7096532583236694 -0.6598170399665833 0.8929274082183838 0.3784792125225067 -0.24379116296768188 -1.6596052646636963
0.4385320544242859 -0.6088708639144897 0.6610339283943176 0.27667883038520813 0.10173933953046799 -0.6971701979637146 -0.7096498012542725 -0.6598161458969116 0.8929382562637329 0.37845733761787415 -0.2437853366136551 -1.659646987915039
0.43855005502700806 -0.6088127493858337 0.6610755324363708 0.2765176594257355 0.10173094272613525 -0.697227954864502 -0.7095942497253418 -0.6597377061843872 0.8929303884506226 0.3784444332122803 -0.2438342571258545 -1.659785270690918
0.4385540783405304 -0.6088104844093323 0.6610749363899231 0.27645552158355713 0.10173391550779343 -0.6972272992134094 -0.7095944285392761 -0.6597346067428589 0.8929280638694763 0.37844929099082947 -0.2438351809978485 -1.659835696220398
0.4385804235935211 -0.6088222861289978 0.6610466241836548 0.276599645614624 0.10178679972887039 -0.6971802115440369 -0.7096331119537354 -0.6598004102706909 0.8929091095924377 0.3785170018672943 -0.24379950761795044 -1.6597349643707275
0.43858686089515686 -0.6087978482246399 0.6610648036003113 0.27654263377189636 0.10181082040071487 -0.6971933245658875 -0.7096167802810669 -0.6598007082939148 0.892903208732605 0.37853214144706726 -0.24379760026931763 -1.6597864627838135
0.43862274289131165 -0.6087626218795776 0.6610735058784485 0.27645620703697205 0.10190371423959732 -0.6971754431724548 -0.709621012210846 -0.6597709059715271 0.8928749561309814 0.37862175703048706 -0.2437618374824524 -1.6598516702651978
0.43866920471191406 -0.6087405681610107 0.6610629558563232 0.2763212025165558 0.10195598751306534 -0.697155773639679 -0.7096328139305115 -0.6596763134002686 0.8928461670875549 0.3786934018135071 -0.2437560260295868 -1.659916639328003
0.43866488337516785 -0.6087297797203064 0.66107577085495 0.2762540280818939 0.1019497811794281 -0.6971719861030579 -0.7096177935600281 -0.6596678495407104 0.8928490281105042 0.37868091464042664 -0.2437649816274643 -1.6599645614624023
0.43860340118408203 -0.6088237762451172 0.6610299944877625 0.27630215883255005 0.10185859352350235 -0.697137713432312 -0.7096645832061768 -0.6596223711967468 0.8928896188735962 0.3785928785800934 -0.24375301599502563 -1.6599352359771729
0.4386386573314667 -0.6087944507598877 0.6610336303710938 0.2762417495250702 0.101872518658638 -0.6971473097801208 -0.7096531391143799 -0.6596164107322693 0.8928707242012024 0.37862247228622437 -0.24377630650997162 -1.659985899925232
0.438540518283844 -0.6088684797286987 0.6610305309295654 0.2761077284812927 0.10182277113199234 -0.6971335411071777 -0.7096737623214722 -0.6595149636268616 0.8929246068000793 0.3785286843776703 -0.24372462928295135 -1.660106897354126
0.4385514259338379 -0.6088703870773315 0.6610215306282043 0.27604642510414124 0.10183057188987732 -0.6971232295036316 -0.709682822227478 -0.6595081090927124 0.8929183483123779 0.3785446286201477 -0.24372275173664093 -1.660163402557373
0.4386000633239746 -0.6088984608650208 0.6609634160995483 0.2761898636817932 0.10189685225486755 -0.6970428228378296 -0.7097522616386414 -0.6595904231071472 0.8928868770599365 0.37864747643470764 -0.24367819726467133 -1.6600452661514282
0.4385899007320404 -0.608901858329773 0.6609669923782349 0.276126891374588 0.10186876356601715 -0.6970556974411011 -0.7097436785697937 -0.6595852375030518 0.8928951025009155 0.3786182999610901 -0.2436935007572174 -1.6601004600524902
0.43863731622695923 -0.6088573932647705 0.6609765291213989 0.27608776092529297 0.10202792286872864 -0.6970143914222717 -0.709761381149292 -0.6595835089683533 0.8928536176681519 0.37876588106155396 -0.24361605942249298 -1.6601519584655762
0.43863341212272644 -0.6088120937347412 0.6610208749771118 0.27621012926101685 0.1020042821764946 -0.697074830532074 -0.7097054123878479 -0.6596240997314453 0.8928582668304443 0.37872743606567383 -0.2436588555574417 -1.6600369215011597
0.43864408135414124 -0.6088234782218933 0.6610032916069031 0.2761496305465698 0.10201099514961243 -0.6970548629760742 -0.7097240090370178 -0.6596245169639587 0.892852246761322 0.3787458539009094 -0.24365229904651642 -1.6600919961929321
0.438596248626709 -0.608863353729248 0.6609982848167419 0.27619633078575134 0.10188713669776917 -0.6970863938331604 -0.7097108960151672 -0.6595891118049622 0.8928898572921753 0.37862375378608704 -0.24370414018630981 -1.6600533723831177
0.43857914209365845 -0.6088777780532837 0.6609963178634644 0.2761370837688446 0.10187409073114395 -0.6970841884613037 -0.7097148895263672 -0.6595876812934875 0.892899751663208 0.378604531288147 -0.24369770288467407 -1.6601089239120483
0.4386492371559143 -0.6088308095932007 0.6609930992126465 0.2759876549243927 0.10189708322286606 -0.6970930099487305 -0.7097029685974121 -0.6595015525817871 0.8928626775741577 0.37866392731666565 -0.2437412142753601 -1.6602026224136353
0.43865877389907837 -0.608828067779541 0.6609892845153809 0.2759196162223816 0.10188673436641693 -0.6970959901809692 -0.7097015380859375 -0.6594992876052856 0.8928592205047607 0.3786628246307373 -0.2437557429075241 -1.66026771068573
0.4386400580406189 -0.6088351011276245 0.6609952449798584 0.27635157108306885 0.10183010250329971 -0.6971209645271301 -0.7096850872039795 -0.6596956253051758 0.8928748369216919 0.37860551476478577 -0.24378743767738342 -1.6598867177963257
0.4386374056339264 -0.6088348627090454 0.660997211933136 0.2762961685657501 0.10182850807905197 -0.697123110294342 -0.7096832394599915 -0.6596987843513489 0.8928763270378113 0.37860196828842163 -0.2437875121831894 -1.6599338054656982
0.4387050271034241 -0.6088011860847473 0.6609833836555481 0.2763422727584839 0.10176073014736176 -0.6971572041511536 -0.7096594572067261 -0.65971440076828 0.8928508162498474 0.3785933256149292 -0.2438943237066269 -1.6598856449127197
0.43876713514328003 -0.6088325381278992 0.6609132289886475 0.2765797972679138 0.10179412364959717 -0.6970810890197754 -0.7097294330596924 -0.659792959690094 0.8928165435791016 0.37868303060531616 -0.24388070404529572 -1.6597020626068115
0.43879225850105286 -0.6088184118270874 0.6609095931053162 0.2765388786792755 0.10179203003644943 -0.6970856785774231 -0.7097252011299133 -0.6597985625267029 0.8928043842315674 0.3786972463130951 -0.24390293657779694 -1.659740686416626
0.4387683570384979 -0.6088584065437317 0.6608886122703552 0.27677229046821594 0.1018243357539177 -0.6970399022102356 -0.7097655534744263 -0.659831702709198 0.8928124904632568 0.37871718406677246 -0.24384243786334991 -1.659579873085022
0.4387832283973694 -0.6088494658470154 0.6608870029449463 0.27674171328544617 0.10181950777769089 -0.697044849395752 -0.709761381149292 -0.6598310470581055 0.8928056955337524 0.37872257828712463 -0.24385882914066315 -1.6596126556396484
0.4387343227863312 -0.6088970303535461 0.6608756184577942 0.27673837542533875 0.10175009071826935 -0.6970455050468445 -0.7097707390785217 -0.6598096489906311 0.892837643623352 0.3786449134349823 -0.24386243522167206 -1.6596319675445557
0.4387187659740448 -0.608914315700531 0.6608700156211853 0.2767120599746704 0.10175993293523788 -0.6970298290252686 -0.7097846865653992 -0.6598137021064758 0.8928442001342773 0.37864595651626587 -0.24383696913719177 -1.6596707105636597
0.4387097656726837 -0.6089141368865967 0.6608761548995972 0.2770087420940399 0.10171141475439072 -0.6970546841621399 -0.70976722240448 -0.6599522233009338 0.8928541541099548 0.37860044836997986 -0.24387115240097046 -1.6593931913375854
0.4387376308441162 -0.6089237928390503 0.6608487367630005 0.276982843875885 0.1016896516084671 -0.6970407962799072 -0.7097839713096619 -0.6599579453468323 0.8928429484367371 0.37861040234565735 -0.24389676749706268 -1.6594207286834717
0.43872398138046265 -0.6088451743125916 0.6609302163124084 0.2770228981971741 0.1017330139875412 -0.6971130967140198 -0.7097067832946777 -0.6599996089935303 0.8928446769714355 0.37860381603240967 -0.24390055239200592 -1.6593513488769531
0.43862688541412354 -0.6088907122612 0.6609527468681335 0.2769651412963867 0.10171902924776077 -0.6971143484115601 -0.709707498550415 -0.6599535942077637 0.8928939700126648 0.37852826714515686 -0.24383731186389923 -1.659411072731018
0.4386226236820221 -0.6088985800743103 0.6609483361244202 0.27693435549736023 0.10170852392911911 -0.6971122622489929 -0.7097110748291016 -0.6599648594856262 0.8928973078727722 0.3785194158554077 -0.24383902549743652 -1.6594386100769043
0.4386094808578491 -0.6089504957199097 0.6609092354774475 0.27690958976745605 0.10175900161266327 -0.6970411539077759 -0.7097737193107605 -0.6599199771881104 0.8928979635238647 0.3785669207572937 -0.24376264214515686 -1.6594774723052979
0.43860748410224915 -0.6089417934417725 0.6609185934066772 0.27687862515449524 0.1017746776342392 -0.6970447301864624 -0.7097679376602173 -0.6599268317222595 0.8928971886634827 0.37857428193092346 -0.24375414848327637 -1.6595070362091064
0.4384378492832184 -0.6089149117469788 0.661055862903595 0.2770181894302368 0.1018858253955841 -0.6971036791801453 -0.7096940875053406 -0.6599761247634888 0.8929678201675415 0.37850895524024963 -0.24359683692455292 -1.6593549251556396
0.4384508728981018 -0.6089249849319458 0.6610379815101624 0.27698150277137756 0.10189200937747955 -0.6970843076705933 -0.7097122073173523 -0.6599783897399902 0.8929607272148132 0.3785284161567688 -0.24359261989593506 -1.6593760251998901
0.4384291172027588 -0.608918309211731 0.6610585451126099 0.27689582109451294 0.10194388031959534 -0.6970794200897217 -0.7097095847129822 -0.6598527431488037 0.8929654955863953 0.37854820489883423 -0.24354438483715057 -1.6594468355178833
0.4384344220161438 -0.6089497208595276 0.6610260605812073 0.27685773372650146 0.1019282266497612 -0.6970499157905579 -0.7097408175468445 -0.6598496437072754 0.8929646611213684 0.37855201959609985 -0.24354147911071777 -1.6594709157943726
0.4384528398513794 -0.6089329719543457 0.6610292792320251 0.27709507942199707 0.10196144133806229 -0.6970453858375549 -0.7097404599189758 -0.6599698066711426 0.8929518461227417 0.3785872161388397 -0.24353384971618652 -1.6592684984207153
0.4384410083293915 -0.6089123487472534 0.6610561609268188 0.2770650386810303 0.10197925567626953 -0.6970654129981995 -0.7097182869911194 -0.6599763035774231 0.8929556012153625 0.3785836100578308 -0.24352560937404633 -1.659289836883545
0.4384266138076782 -0.6089460849761963 0.6610346436500549 0.27699875831604004 0.10196801275014877 -0.6970404982566833 -0.7097443342208862 -0.659923791885376 0.8929639458656311 0.3785751760005951 -0.24350808560848236 -1.6593527793884277
0.43845024704933167 -0.6089516878128052 0.6610137820243835 0.2769204378128052 0.1019391268491745 -0.6970359683036804 -0.7097529172897339 -0.6599264144897461 0.8929556608200073 0.3785744905471802 -0.24353958666324615 -1.659447193145752
0.4383834898471832 -0.609021008014679 0.6609941720962524 0.2769460678100586 0.10188854485750198 -0.6970133781433105 -0.7097824215888977 -0.6599501371383667 0.8929941654205322 0.3785046339035034 -0.24350686371326447 -1.6594406366348267
0.43841415643692017 -0.6090362668037415 0.660959780216217 0.2768603265285492 0.10187574476003647 -0.6969884634017944 -0.7098087072372437 -0.6598761081695557 0.8929805755615234 0.3785259425640106 -0.24352356791496277 -1.6595457792282104
0.4384097456932068 -0.6090303659439087 0.6609681248664856 0.27682971954345703 0.1018771156668663 -0.6969962120056152 -0.7098008990287781 -0.659878134727478 0.8929826021194458 0.3785211741924286 -0.24352365732192993 -1.659578800201416
0.43836116790771484 -0.6089933514595032 0.6610344648361206 0.2767661213874817 0.10192730277776718 -0.6970368027687073 -0.7097538113594055 -0.6598322987556458 0.8930007219314575 0.37850597500801086 -0.24348078668117523 -1.6595649719238281
0.4383588433265686 -0.6089856624603271 0.661043107509613 0.27672725915908813 0.10191772878170013 -0.697050154209137 -0.7097420692443848 -0.6598303318023682 0.893002986907959 0.37849369645118713 -0.24349164962768555 -1.6595889329910278
0.4384239912033081 -0.6089431047439575 0.6610390543937683 0.2766630947589874 0.10201885551214218 -0.697023332118988 -0.7097539305686951 -0.659805953502655 0.8929594159126282 0.37861159443855286 -0.24346806108951569 -1.6596266031265259
0.43841832876205444 -0.6089491844177246 0.661037266254425 0.2766232490539551 0.102020762860775 -0.697018563747406 -0.7097582817077637 -0.6598013639450073 0.8929619789123535 0.3786105513572693 -0.24346023797988892 -1.6596494913101196
0.4384453296661377 -0.6088802218437195 0.6610828638076782 0.2769090235233307 0.10199720412492752 -0.6970903277397156 -0.7096912264823914 -0.6599104404449463 0.8929514288902283 0.378589391708374 -0.24353189766407013 -1.6594228744506836
0.438395619392395 -0.6089040637016296 0.6610938310623169 0.2767752707004547 0.1019170954823494 -0.697121262550354 -0.7096723318099976 -0.6598538756370544 0.8929849863052368 0.378493994474411 -0.2435571551322937 -1.6595444679260254
0.43841293454170227 -0.6089226007461548 0.6610652804374695 0.2767387330532074 0.10191339254379272 -0.6970950365066528 -0.7096986174583435 -0.6598524451255798 0.8929768800735474 0.378512442111969 -0.2435581088066101 -1.659560203552246
0.43848344683647156 -0.6088624000549316 0.6610739827156067 0.2768525779247284 0.10188327729701996 -0.6971403956413269 -0.7096583843231201 -0.659888744354248 0.8929457068443298 0.37852585315704346 -0.2436516135931015 -1.6594698429107666
0.4384952485561371 -0.608852207660675 0.6610755324363708 0.2764536142349243 0.10184922069311142 -0.6971603631973267 -0.7096436619758606 -0.659645140171051 0.892943799495697 0.3785053789615631 -0.2436903864145279 -1.6597729921340942
0.4385019540786743 -0.6088459491729736 0.6610768437385559 0.27644145488739014 0.10184625536203384 -0.697165310382843 -0.7096392512321472 -0.6596407890319824 0.8929408192634583 0.3785063922405243 -0.24369965493679047 -1.6597775220870972
0.4384962022304535 -0.6088430881500244 0.6610833406448364 0.2764064073562622 0.10183348506689072 -0.6971763968467712 -0.7096301317214966 -0.6596313118934631 0.8929451107978821 0.37849053740501404 -0.24370858073234558 -1.659792423248291
0.43858101963996887 -0.6088158488273621 0.6610521674156189 0.2765711545944214 0.10178238153457642 -0.6971887350082397 -0.7096253633499146 -0.6597275137901306 0.8929092884063721 0.3785116970539093 -0.24380701780319214 -1.6596872806549072
0.43858349323272705 -0.608808696269989 0.6610571146011353 0.27654239535331726 0.1017940565943718 -0.6971903443336487 -0.7096221446990967 -0.6597316861152649 0.8929067850112915 0.3785202205181122 -0.24380305409431458 -1.6597015857696533
0.4385922849178314 -0.6087977290153503 0.6610613465309143 0.2764531672000885 0.10173152387142181 -0.6972245573997498 -0.7095974683761597 -0.6596788167953491 0.892909586429596 0.37847474217414856 -0.24386338889598846 -1.6597962379455566
0.4385322034358978 -0.6088422536849976 0.6610602140426636 0.27691665291786194 0.10166437178850174 -0.6972326040267944 -0.7095991969108582 -0.6599088311195374 0.892946720123291 0.378388375043869 -0.2438613772392273 -1.6594072580337524
0.43854251503944397 -0.6088480353355408 0.6610480546951294 0.27690213918685913 0.101669542491436 -0.6972195506095886 -0.7096112966537476 -0.6599222421646118 0.8929410576820374 0.3784031569957733 -0.24385911226272583 -1.6594105958938599
0.43856024742126465 -0.6089062094688416 0.6609826683998108 0.277324378490448 0.10170497000217438 -0.6971340179443359 -0.709690272808075 -0.6601361632347107 0.8929283022880554 0.3784671723842621 -0.24380646646022797 -1.65913987159729
0.43854600191116333 -0.6089160442352295 0.6609830856323242 0.2773206830024719 0.10170432180166245 -0.6971301436424255 -0.7096940875053406 -0.6601547598838806 0.8929353952407837 0.37845832109451294 -0.24379423260688782 -1.6591473817825317
0.43839526176452637 -0.6089548468589783 0.6610473394393921 0.2775411903858185 0.10176532715559006 -0.6971312761306763 -0.7096843123435974 -0.6602739691734314 0.893002450466156 0.3783939480781555 -0.24364854395389557 -1.6589092016220093
0.43838366866111755 -0.6089587807655334 0.6610513925552368 0.2775408923625946 0.10176306217908859 -0.6971333026885986 -0.7096826434135437 -0.660291314125061 0.8930084109306335 0.3783838748931885 -0.24364233016967773 -1.6589014530181885
0.4384143352508545 -0.6090071201324463 0.6609865427017212 0.2774839401245117 0.10181129723787308 -0.6970469951629639 -0.7097604274749756 -0.6601548194885254 0.892987847328186 0.37846505641937256 -0.24359159171581268 -1.6590073108673096
0.438395231962204 -0.608924388885498 0.6610754132270813 0.2775188982486725 0.10192164778709412 -0.6970977187156677 -0.7096948027610779 -0.6601825952529907 0.8929846286773682 0.3785047233104706 -0.24354171752929688 -1.659011721611023
0.4384024739265442 -0.6089181900024414 0.6610763072967529 0.277526319026947 0.10191812366247177 -0.6971025466918945 -0.7096905708312988 -0.6601943373680115 0.8929815292358398 0.37850573658943176 -0.24355165660381317 -1.6590169668197632
0.43835878372192383 -0.6089192628860474 0.6611042618751526 0.2773612439632416 0.10192210227251053 -0.6971195936203003 -0.7096732258796692 -0.6600749492645264 0.8930025100708008 0.37847262620925903 -0.2435261458158493 -1.6591089963912964
0.43835872411727905 -0.6089208126068115 0.6611029505729675 0.2773568630218506 0.10192397236824036 -0.6971172094345093 -0.7096753120422363 -0.660083532333374 0.8930023312568665 0.3784745931625366 -0.24352377653121948 -1.6591147184371948
0.43834832310676575 -0.6088452935218811 0.6611793637275696 0.27752426266670227 0.10191012173891068 -0.697208821773529 -0.7095872759819031 -0.660153865814209 0.8930090069770813 0.37842726707458496 -0.24357281625270844 -1.6589784622192383
0.43834206461906433 -0.6088224649429321 0.6612045168876648 0.27751827239990234 0.1019328236579895 -0.6972265839576721 -0.709566593170166 -0.6601629853248596 0.8930094838142395 0.3784313201904297 -0.24356472492218018 -1.6589775085449219
0.43833085894584656 -0.6087747812271118 0.6612558960914612 0.27729886770248413 0.10193753242492676 -0.6972808837890625 -0.7095125913619995 -0.6600606441497803 0.8930144309997559 0.3784080445766449 -0.24358271062374115 -1.6591607332229614
0.438303679227829 -0.6088226437568665 0.6612297892570496 0.27760326862335205 0.10193073749542236 -0.6972447037696838 -0.709549069404602 -0.6602124571800232 0.8930285573005676 0.3783976137638092 -0.24354718625545502 -1.6588813066482544
0.4383200407028198 -0.6088260412216187 0.6612158417701721 0.27759307622909546 0.10189710557460785 -0.6972478628158569 -0.7095507979393005 -0.6602262258529663 0.8930243849754333 0.3783862888813019 -0.24358007311820984 -1.658880352973938
0.4384000301361084 -0.6088979840278625 0.6610965132713318 0.27755218744277954 0.10191763192415237 -0.6971255540847778 -0.7096680402755737 -0.6601877808570862 0.8929827213287354 0.37849587202072144 -0.24356241524219513 -1.6589875221252441
0.4383638799190521 -0.6089044213294983 0.6611145734786987 0.2778360843658447 0.10199834406375885 -0.6971009373664856 -0.7096806168556213 -0.660391092300415 0.892991304397583 0.37853094935417175 -0.24347659945487976 -1.658781886100769
0.4383777678012848 -0.6089178323745728 0.6610930562019348 0.2778400480747223 0.10194648057222366 -0.6971021890640259 -0.709686815738678 -0.6604197025299072 0.8929904103279114 0.3785070478916168 -0.24351707100868225 -1.6587815284729004
0.4383702874183655 -0.6089462041854858 0.6610718369483948 0.2780507206916809 0.10197426378726959 -0.6970633268356323 -0.709721028804779 -0.6605420112609863 0.8929908871650696 0.37853291630744934 -0.24347500503063202 -1.658617615699768
0.4384075701236725 -0.6089335083961487 0.6610588431358337 0.2780334949493408 0.10203390568494797 -0.6970347166061401 -0.7097405195236206 -0.660490870475769 0.8929657936096191 0.37860605120658875 -0.24345344305038452 -1.6586158275604248
0.4383716285228729 -0.6089385747909546 0.6610780358314514 0.2780407965183258 0.10204162448644638 -0.6970424056053162 -0.7097318768501282 -0.6605195999145508 0.892982542514801 0.37858378887176514 -0.24342651665210724 -1.658607840538025
0.43843820691108704 -0.6089975833892822 0.6609794497489929 0.27814528346061707 0.10206027328968048 -0.6969407796859741 -0.7098289728164673 -0.6605615019798279 0.8929477334022522 0.3786759078502655 -0.24341100454330444 -1.6585187911987305
0.43844982981681824 -0.6090134382247925 0.6609571576118469 0.2781566083431244 0.10205124318599701 -0.6969223022460938 -0.7098484039306641 -0.6605889797210693 0.8929430246353149 0.3786844313144684 -0.24341487884521484 -1.6585088968276978
0.438385009765625 -0.6089826822280884 0.6610285043716431 0.2779635787010193 0.10203876346349716 -0.6969901323318481 -0.7097836136817932 -0.6603857278823853 0.8929762840270996 0.3786090314388275 -0.2434101700782776 -1.6586029529571533
0.43842193484306335 -0.6089619398117065 0.6610231399536133 0.2779601514339447 0.1020740494132042 -0.6969806551933289 -0.7097878456115723 -0.6603929400444031 0.8929541110992432 0.37865984439849854 -0.24341237545013428 -1.6585922241210938
0.438346266746521 -0.608981192111969 0.6610555648803711 0.2775924801826477 0.10205165296792984 -0.6970039010047913 -0.7097682356834412 -0.6602047681808472 0.8929938673973083 0.3785860538482666 -0.24338151514530182 -1.658860445022583
0.4383262097835541 -0.6090167760848999 0.6610360741615295 0.2774313986301422 0.10199154913425446 -0.6970003247261047 -0.7097803950309753 -0.6600764393806458 0.8930105566978455 0.3785354197025299 -0.24339893460273743 -1.6589845418930054
0.43831735849380493 -0.6090161800384521 0.6610425114631653 0.27740997076034546 0.10200865566730499 -0.6969977617263794 -0.7097804546356201 -0.6600683331489563 0.8930129408836365 0.37854114174842834 -0.24338127672672272 -1.6589840650558472
0.4382264316082001 -0.6090297102928162 0.6610902547836304 0.27750539779663086 0.10207312554121017 -0.6969972252845764 -0.7097716927528381 -0.6601643562316895 0.8930501937866211 0.37852028012275696 -0.24327702820301056 -1.6589518785476685
0.438229501247406 -0.6090295314788818 0.6610884666442871 0.2774858772754669 0.10208576172590256 -0.6969907283782959 -0.7097762823104858 -0.6601659655570984 0.8930472731590271 0.37853261828422546 -0.24326863884925842 -1.6589577198028564
0.43818774819374084 -0.6090165972709656 0.661128044128418 0.27768000960350037 0.10203838348388672 -0.6970436573028564 -0.7097311019897461 -0.6602818369865417 0.8930731415748596 0.37845590710639954 -0.2432929277420044 -1.6587879657745361
0.43821167945861816 -0.6090173721313477 0.6611114144325256 0.2776637673377991 0.10203920304775238 -0.697031557559967 -0.7097429037094116 -0.660291850566864 0.8930612802505493 0.37847691774368286 -0.24330371618270874 -1.6587845087051392
0.43821513652801514 -0.6090539693832397 0.6610754728317261 0.2778295874595642 0.1020454466342926 -0.6969881057739258 -0.7097846865653992 -0.660368025302887 0.8930588960647583 0.3784981071949005 -0.24327954649925232 -1.6586626768112183
0.43819963932037354 -0.6090506911277771 0.661088764667511 0.2778223156929016 0.1020454540848732 -0.696998655796051 -0.7097742557525635 -0.6603817939758301 0.8930665254592896 0.37848392128944397 -0.24327370524406433 -1.6586565971374512
0.4382547438144684 -0.6090247631072998 0.6610761284828186 0.27790719270706177 0.10215964913368225 -0.6969530582427979 -0.7098026871681213 -0.6604239344596863 0.8930264115333557 0.37860968708992004 -0.24322520196437836 -1.6586496829986572
0.43823695182800293 -0.609035313129425 0.661078155040741 0.2779078781604767 0.10213998705148697 -0.6969581246376038 -0.7098004817962646 -0.6604397296905518 0.8930373787879944 0.37858331203460693 -0.24322591722011566 -1.6586480140686035
0.43817946314811707 -0.6089924573898315 0.6611557602882385 0.278174489736557 0.10215692967176437 -0.6970230937004089 -0.7097342610359192 -0.6605638861656189 0.8930636644363403 0.37853261828422546 -0.2432083934545517 -1.6584619283676147
0.43815794587135315 -0.608934223651886 0.6612236499786377 0.27815693616867065 0.10222425311803818 -0.6970668435096741 -0.7096815705299377 -0.6605427265167236 0.8930665254592896 0.37854570150375366 -0.24317751824855804 -1.6584410667419434
0.438146710395813 -0.6089257597923279 0.6612389087677002 0.27816110849380493 0.10221947729587555 -0.6970831155776978 -0.7096663117408752 -0.6605594158172607 0.8930725455284119 0.37852945923805237 -0.24318058788776398 -1.6584382057189941
0.4381119906902313 -0.608942449092865 0.6612465381622314 0.2783084809780121 0.10222957283258438 -0.6970767378807068 -0.709671139717102 -0.6605947017669678 0.8930884599685669 0.3785143792629242 -0.24314571917057037 -1.6583467721939087
0.4381238520145416 -0.6089305877685547 0.661249577999115 0.2783193588256836 0.10223554819822311 -0.6970815062522888 -0.7096655964851379 -0.6606143712997437 0.8930819630622864 0.37852463126182556 -0.2431536763906479 -1.6583441495895386
0.4381406903266907 -0.608917772769928 0.6612502336502075 0.27822986245155334 0.10219021141529083 -0.6971067786216736 -0.7096472978591919 -0.6605079770088196 0.8930788636207581 0.3784986436367035 -0.24320539832115173 -1.658401608467102
0.4381469786167145 -0.6088905334472656 0.6612711548805237 0.2782391607761383 0.1022254154086113 -0.6971182227134705 -0.7096309661865234 -0.6605249643325806 0.8930717706680298 0.3785213530063629 -0.24319614470005035 -1.6584030389785767
0.43821772933006287 -0.6088659763336182 0.6612468957901001 0.2782295048236847 0.10227407515048981 -0.6970917582511902 -0.709649920463562 -0.6604983806610107 0.8930314779281616 0.3786095678806305 -0.24320675432682037 -1.6584266424179077
0.43822455406188965 -0.608824610710144 0.6612804532051086 0.27833402156829834 0.10229294002056122 -0.6971250772476196 -0.7096144556999207 -0.6605666875839233 0.8930259943008423 0.3786148130893707 -0.24321885406970978 -1.6583589315414429
0.43823111057281494 -0.6088122129440308 0.6612874865531921 0.27834463119506836 0.10228126496076584 -0.6971403360366821 -0.7096011638641357 -0.6605852246284485 0.8930240869522095 0.3786066174507141 -0.24323847889900208 -1.6583625078201294
0.43827006220817566 -0.6087832450866699 0.6612883806228638 0.2783852517604828 0.10229699313640594 -0.6971470713615417 -0.709592342376709 -0.6605727672576904 0.8930031657218933 0.37864089012145996 -0.24326196312904358 -1.6583178043365479
0.4383062720298767 -0.6087809205055237 0.6612665057182312 0.2783866226673126 0.10228356719017029 -0.6971387267112732 -0.709602415561676 -0.6605911254882812 0.8929869532585144 0.3786598742008209 -0.24329198896884918 -1.658312201499939
0.43833181262016296 -0.6087384223937988 0.6612887382507324 0.2780236303806305 0.1022687628865242 -0.6971790194511414 -0.7095649838447571 -0.6603878736495972 0.8929761052131653 0.3786540925502777 -0.24334082007408142 -1.6585620641708374
0.4382939338684082 -0.6087044477462769 0.6613450646400452 0.27793681621551514 0.10233702510595322 -0.6972037553787231 -0.7095308303833008 -0.6603856086730957 0.8929868936538696 0.37866315245628357 -0.24328714609146118 -1.658582091331482
0.43828830122947693 -0.6086906790733337 0.6613614559173584 0.2779175937175751 0.1023542508482933 -0.6972137689590454 -0.7095184922218323 -0.6603971123695374 0.8929876685142517 0.37866681814193726 -0.24327853322029114 -1.6585776805877686
0.438284695148468 -0.6086534261703491 0.66139817237854 0.2777670621871948 0.10250923782587051 -0.6971896886825562 -0.7095198035240173 -0.6603175401687622 0.8929716348648071 0.3787710666656494 -0.2431749552488327 -1.658730387687683
0.43830418586730957 -0.6086475849151611 0.6613906025886536 0.277744859457016 0.10251328349113464 -0.6971853375434875 -0.7095234990119934 -0.6603308916091919 0.8929616212844849 0.37878844141960144 -0.24318479001522064 -1.6587402820587158
0.4382532835006714 -0.6086524724960327 0.6614198088645935 0.2776321470737457 0.10260169208049774 -0.6971657276153564 -0.7095299959182739 -0.6603092551231384 0.8929764628410339 0.3788166344165802 -0.24308639764785767 -1.6588659286499023
0.43826326727867126 -0.6086580753326416 0.6614080667495728 0.27760931849479675 0.10259360820055008 -0.6971586346626282 -0.7095381021499634 -0.6603280901908875 0.892972469329834 0.3788207173347473 -0.2430945783853531 -1.6588901281356812
0.43825796246528625 -0.6086086630821228 0.6614570617675781 0.2774893641471863 0.10267948359251022 -0.6971775889396667 -0.7095070481300354 -0.6602331399917603 0.8929651975631714 0.37886518239974976 -0.24305199086666107 -1.658980131149292
0.4382879137992859 -0.6086030006408691 0.6614424586296082 0.27745553851127625 0.10266058146953583 -0.6971781253814697 -0.7095093131065369 -0.6602472066879272 0.8929526805877686 0.37887340784072876 -0.24308517575263977 -1.6590065956115723
0.4382566809654236 -0.6086742877960205 0.6613975167274475 0.2773107588291168 0.1026545837521553 -0.6971184015274048 -0.7095688581466675 -0.6600980162620544 0.8929687142372131 0.37886878848075867 -0.24303355813026428 -1.6591569185256958
0.4381861686706543 -0.6087415218353271 0.6613823771476746 0.27716678380966187 0.10258293896913528 -0.6971087455749512 -0.7095887064933777 -0.6600005626678467 0.8930115103721619 0.37877851724624634 -0.24301689863204956 -1.6592755317687988
0.43817222118377686 -0.6087594628334045 0.6613750457763672 0.2771359086036682 0.10258921980857849 -0.69709312915802 -0.7096031308174133 -0.6600030660629272 0.8930176496505737 0.3787783086299896 -0.24299466609954834 -1.6593142747879028
0.43807220458984375 -0.608752429485321 0.6614478230476379 0.27738186717033386 0.10258004069328308 -0.6971501111984253 -0.7095484733581543 -0.6601641774177551 0.8930677771568298 0.3786848187446594 -0.2429562211036682 -1.6591236591339111
0.43806663155555725 -0.6087790131568909 0.6614270210266113 0.2773539423942566 0.10255429893732071 -0.6971350312232971 -0.7095670104026794 -0.6601716876029968 0.8930734992027283 0.378669798374176 -0.2429586797952652 -1.659159541130066
0.438140332698822 -0.6087841391563416 0.661373496055603 0.2774447798728943 0.10260144621133804 -0.6970759630203247 -0.7096182107925415 -0.6601836085319519 0.893031895160675 0.37877023220062256 -0.24295495450496674 -1.6590850353240967
0.4381452798843384 -0.6087785959243774 0.6613752841949463 0.27741706371307373 0.10259748250246048 -0.6970813274383545 -0.7096135020256042 -0.6601917743682861 0.8930299282073975 0.37876924872398376 -0.2429637312889099 -1.6591203212738037
0.4381962716579437 -0.6087622046470642 0.6613566279411316 0.2774656414985657 0.10264434665441513 -0.6970558762550354 -0.7096317410469055 -0.6602386236190796 0.892999529838562 0.3788425028324127 -0.24296127259731293 -1.6590896844863892
0.43827396631240845 -0.6087334156036377 0.6613316535949707 0.27733731269836426 0.10266541689634323 -0.6970424652099609 -0.7096418738365173 -0.660130500793457 0.89295893907547 0.37891343235969543 -0.24299970269203186 -1.659104347229004
0.43827366828918457 -0.6087340712547302 0.6613312363624573 0.2772994339466095 0.10265810042619705 -0.6970449686050415 -0.7096404433250427 -0.6601293087005615 0.8929599523544312 0.378907710313797 -0.2430049628019333 -1.6591296195983887
0.43835803866386414 -0.6087415218353271 0.6612684726715088 0.2771972715854645 0.10271592438220978 -0.6969740390777588 -0.7097017168998718 -0.6600656509399414 0.8929119110107422 0.37902626395225525 -0.2429967224597931 -1.6591992378234863
0.4383707344532013 -0.6087361574172974 0.6612650156021118 0.27715831995010376 0.10271662473678589 -0.6969737410545349 -0.7097019553184509 -0.6600615978240967 0.892905592918396 0.37903547286987305 -0.24300554394721985 -1.6592247486114502
0.43833640217781067 -0.6087044477462769 0.6613169312477112 0.27745482325553894 0.10272300243377686 -0.6970206499099731 -0.7096549272537231 -0.6601958274841309 0.8929216861724854 0.3790000379085541 -0.2430015504360199 -1.6589967012405396
0.43837231397628784 -0.6087890267372131 0.6612152457237244 0.27756601572036743 0.10269011557102203 -0.6969274878501892 -0.7097511887550354 -0.6602663993835449 0.8929078578948975 0.3790355324745178 -0.24299708008766174 -1.6589382886886597
0.4384063482284546 -0.6087650656700134 0.6612147688865662 0.27750006318092346 0.10255647450685501 -0.6969944834709167 -0.7097047567367554 -0.6602388024330139 0.8929064869880676 0.37895092368125916 -0.24313397705554962 -1.6589752435684204
0.4383805990219116 -0.6087899208068848 0.661208987236023 0.27782878279685974 0.10261031240224838 -0.6969566345214844 -0.7097340822219849 -0.6603797674179077 0.8929129838943481 0.37898051738739014 -0.24306415021419525 -1.6587358713150024
0.4382753372192383 -0.6087472438812256 0.6613180041313171 0.27794015407562256 0.10261650383472443 -0.697047770023346 -0.7096437215805054 -0.6604087948799133 0.8929639458656311 0.3788814842700958 -0.2430313229560852 -1.6586453914642334
0.43828728795051575 -0.6087662577629089 0.6612926125526428 0.27792131900787354 0.10260327905416489 -0.6970275044441223 -0.7096655368804932 -0.6604115962982178 0.8929595947265625 0.37888815999031067 -0.2430368810892105 -1.6586629152297974
0.4382903277873993 -0.6087612509727478 0.6612951755523682 0.2779017686843872 0.10260043293237686 -0.6970326900482178 -0.7096608877182007 -0.6604185104370117 0.892958402633667 0.3788866698741913 -0.24304349720478058 -1.6586850881576538
0.43831589818000793 -0.6087820529937744 0.6612590551376343 0.2780197262763977 0.10254228115081787 -0.6970233917236328 -0.7096784114837646 -0.6604289412498474 0.892952561378479 0.3788703382015228 -0.24309052526950836 -1.6585721969604492
0.4383091330528259 -0.6088162660598755 0.661232054233551 0.27791479229927063 0.1024741530418396 -0.6970186829566956 -0.7096928954124451 -0.6603307127952576 0.892963707447052 0.37882405519485474 -0.2431216984987259 -1.6586246490478516
0.4383024573326111 -0.6088235974311829 0.6612297296524048 0.27774450182914734 0.1025286391377449 -0.6969907283782959 -0.7097124457359314 -0.6602516770362854 0.8929607272148132 0.37886369228363037 -0.24307085573673248 -1.6587642431259155
0.4383220076560974 -0.6088277697563171 0.6612129211425781 0.2777232229709625 0.10250494629144669 -0.6969873905181885 -0.7097191214561462 -0.660253643989563 0.8929538130760193 0.378863126039505 -0.24309703707695007 -1.658781886100769
0.4382917881011963 -0.6088531017303467 0.6612096428871155 0.2775726318359375 0.10249584913253784 -0.6969778537750244 -0.7097298502922058 -0.6601770520210266 0.8929697275161743 0.37883999943733215 -0.24307473003864288 -1.6589266061782837
0.43828198313713074 -0.6088572144508362 0.6612123250961304 0.2775448262691498 0.1024850532412529 -0.6969824433326721 -0.709726870059967 -0.660179078578949 0.8929757475852966 0.3788248598575592 -0.24307605624198914 -1.6589494943618774
0.4383026361465454 -0.6088976263999939 0.661161482334137 0.2774403989315033 0.10248929262161255 -0.6969279050827026 -0.7097797989845276 -0.6601077914237976 0.8929651379585266 0.37886032462120056 -0.24305984377861023 -1.6590278148651123
0.43831440806388855 -0.608901858329773 0.6611497402191162 0.27741333842277527 0.1024688333272934 -0.6969266533851624 -0.7097840309143066 -0.6601064205169678 0.8929616808891296 0.37885579466819763 -0.2430795133113861 -1.6590546369552612
0.43832600116729736 -0.6089344620704651 0.6611120104789734 0.2774272561073303 0.10256312787532806 -0.6968463659286499 -0.7098492383956909 -0.6601276993751526 0.8929451704025269 0.3789510726928711 -0.2429916262626648 -1.6590346097946167
0.4383317232131958 -0.6089385151863098 0.6611045598983765 0.2773961126804352 0.10255374014377594 -0.6968434453010559 -0.70985347032547 -0.6601269245147705 0.8929434418678284 0.3789500296115875 -0.24299964308738708 -1.6590688228607178
0.43827730417251587 -0.6089143753051758 0.661162793636322 0.2775350511074066 0.10258496552705765 -0.6968808174133301 -0.7098122239112854 -0.6602075099945068 0.8929665684700012 0.37891992926597595 -0.2429615557193756 -1.6589665412902832
0.43822866678237915 -0.6089122891426086 0.6611969470977783 0.27750706672668457 0.1026257649064064 -0.6968879103660583 -0.7097993493080139 -0.6602084040641785 0.8929857611656189 0.37891027331352234 -0.24290616810321808 -1.6589938402175903
0.43825238943099976 -0.6089687943458557 0.6611291766166687 0.27736929059028625 0.1025240421295166 -0.69685959815979 -0.7098418474197388 -0.6601214408874512 0.8929858207702637 0.37887153029441833 -0.242966428399086 -1.6590932607650757
0.4382605254650116 -0.6090061068534851 0.6610894799232483 0.2771841287612915 0.10246545821428299 -0.6968407034873962 -0.709868848323822 -0.6599952578544617 0.8929885625839233 0.37884631752967834 -0.24299567937850952 -1.6592156887054443
0.4382724463939667 -0.6090107560157776 0.6610772609710693 0.27705347537994385 0.1024293527007103 -0.6968456506729126 -0.7098692655563354 -0.6599202156066895 0.8929868340492249 0.37882983684539795 -0.24302764236927032 -1.6593211889266968
0.43822717666625977 -0.6090067625045776 0.6611109375953674 0.27701833844184875 0.10245991498231888 -0.6968575716018677 -0.7098531126976013 -0.6599094867706299 0.8930055499076843 0.37881430983543396 -0.2429831326007843 -1.659347653388977
0.43825918436050415 -0.608997642993927 0.6610981225967407 0.27686554193496704 0.10245281457901001 -0.6968557238578796 -0.7098559141159058 -0.659826934337616 0.8929906487464905 0.37883225083351135 -0.24300990998744965 -1.6594533920288086
0.43825018405914307 -0.609046459197998 0.6610591411590576 0.277170866727829 0.10252949595451355 -0.6967748999595642 -0.7099242210388184 -0.6600005030632019 0.8929862380027771 0.37890246510505676 -0.24291647970676422 -1.659224271774292
0.4382534921169281 -0.6090408563613892 0.6610621213912964 0.277138352394104 0.10252732038497925 -0.6967803835868835 -0.7099191546440125 -0.6599952578544617 0.8929848670959473 0.37890148162841797 -0.2429230809211731 -1.6592473983764648
0.43829697370529175 -0.6090396642684937 0.661034345626831 0.2774696946144104 0.10245732218027115 -0.6967914700508118 -0.7099183201789856 -0.6602045297622681 0.8929715752601624 0.37888285517692566 -0.24300101399421692 -1.6590162515640259
0.43827006220817566 -0.6090459227561951 0.6610464453697205 0.27744609117507935 0.10245191305875778 -0.6967993378639221 -0.7099114060401917 -0.6602161526679993 0.8929854035377502 0.37885838747024536 -0.24298836290836334 -1.6590423583984375
