# 3x4 first row second row third row Freq: 100 current Time: 2021-07-31-13:46:19
0.5646635293960571 -0.05949821323156357 0.8231737017631531 -0.10879649966955185 0.7225858569145203 -0.4462830722332001 -0.527921199798584 -0.7487382292747498 0.3987789750099182 0.8929116129875183 -0.2090071588754654 -1.9854586124420166
0.5646634697914124 -0.0594862699508667 0.8231746554374695 -0.10874074697494507 0.7225876450538635 -0.4462869167327881 -0.5279155969619751 -0.7487502694129944 0.3987759053707123 0.8929104804992676 -0.209017813205719 -1.9854134321212769
0.5651997923851013 -0.05929594859480858 0.8228201866149902 -0.10835106670856476 0.7222573161125183 -0.44637808203697205 -0.5282903909683228 -0.7491570711135864 0.3986144959926605 0.8928775787353516 -0.20946581661701202 -1.9852455854415894
0.5650302171707153 -0.059317391365766525 0.8229351043701172 -0.1086992546916008 0.7223730683326721 -0.44634875655174255 -0.5281568765640259 -0.7488366365432739 0.3986450433731079 0.8928908109664917 -0.20935119688510895 -1.9854145050048828
0.5650188326835632 -0.0593247152864933 0.8229423761367798 -0.10864407569169998 0.7223859429359436 -0.446331650018692 -0.5281537771224976 -0.7488471865653992 0.39863792061805725 0.8928988575935364 -0.20933040976524353 -1.9853624105453491
0.5648190975189209 -0.059241753071546555 0.8230854868888855 -0.10882973670959473 0.7225002646446228 -0.44641590118408203 -0.5279260873794556 -0.7486708760261536 0.3987138271331787 0.8928622603416443 -0.20934198796749115 -1.985422134399414
0.5648247599601746 -0.05926690250635147 0.8230798244476318 -0.10877376794815063 0.7224912047386169 -0.4464118778705597 -0.527941882610321 -0.7486706972122192 0.39872220158576965 0.8928626179695129 -0.20932459831237793 -1.9853627681732178
0.5645883679389954 -0.05939047411084175 0.8232330679893494 -0.10893864929676056 0.7226734757423401 -0.4462639391422272 -0.5278174877166748 -0.7485718727111816 0.3987266719341278 0.8929283618927002 -0.2090354561805725 -1.9855186939239502
0.5645941495895386 -0.05938519164919853 0.8232294917106628 -0.10888852179050446 0.7226752638816833 -0.44625502824783325 -0.5278225541114807 -0.7485707402229309 0.39871522784233093 0.8929331302642822 -0.2090366929769516 -1.9854700565338135
0.5643544793128967 -0.05942024290561676 0.8233912587165833 -0.1090841293334961 0.7228311896324158 -0.44622743129730225 -0.5276323556900024 -0.7484680414199829 0.39877191185951233 0.8929445743560791 -0.20887959003448486 -1.985622763633728
0.564370334148407 -0.05942757800221443 0.8233798742294312 -0.10904192924499512 0.7228176593780518 -0.4462302625179291 -0.5276485085487366 -0.7484621405601501 0.3987739682197571 0.8929427266120911 -0.20888376235961914 -1.98557448387146
0.5643155574798584 -0.05947086587548256 0.8234143257141113 -0.10896316915750504 0.7228602766990662 -0.4461856782436371 -0.5276278257369995 -0.74854975938797 0.39877426624298096 0.8929620981216431 -0.2088003158569336 -1.9855843782424927
0.5643250942230225 -0.059480227530002594 0.8234071135520935 -0.10891894996166229 0.7228550910949707 -0.44617760181427 -0.5276417136192322 -0.7485523819923401 0.39877015352249146 0.8929654955863953 -0.2087935507297516 -1.9855451583862305
0.56427001953125 -0.059524763375520706 0.8234415650367737 -0.1089174821972847 0.7228831052780151 -0.4461653530597687 -0.5276137590408325 -0.7485948801040649 0.39879730343818665 0.8929686546325684 -0.20872823894023895 -1.9855353832244873
0.5640497803688049 -0.05951325595378876 0.8235933184623718 -0.10920953750610352 0.7230913043022156 -0.4460224211215973 -0.5274492502212524 -0.7484103441238403 0.39873141050338745 0.8930408358573914 -0.2085452526807785 -1.9857017993927002
0.5640764236450195 -0.059507276862859726 0.823575496673584 -0.10918588936328888 0.723067581653595 -0.44604113698005676 -0.5274659395217896 -0.7484109401702881 0.39873671531677246 0.893031895160675 -0.20857346057891846 -1.9856655597686768
0.563983142375946 -0.05955230072140694 0.8236361145973206 -0.1092720776796341 0.723091185092926 -0.44609326124191284 -0.5273895263671875 -0.7483218908309937 0.39882588386535645 0.8930028676986694 -0.20852726697921753 -1.9857097864151
0.5639868974685669 -0.059542689472436905 0.8236342668533325 -0.10925072431564331 0.7230914831161499 -0.4460933804512024 -0.5273889899253845 -0.748311460018158 0.39882004261016846 0.8930034041404724 -0.20853593945503235 -1.985670566558838
0.5639470219612122 -0.05957875773310661 0.8236589431762695 -0.10929470509290695 0.7231557369232178 -0.4459834694862366 -0.5273938179016113 -0.748286783695221 0.3987598419189453 0.8930559158325195 -0.20842628180980682 -1.9857583045959473
0.5639599561691284 -0.059599071741104126 0.8236486315727234 -0.10927075892686844 0.7231412529945374 -0.44598451256752014 -0.5274128913879395 -0.7482745051383972 0.39876794815063477 0.8930540680885315 -0.20841878652572632 -1.9857265949249268
0.5637457966804504 -0.05954289436340332 0.8237992525100708 -0.10950324684381485 0.723322331905365 -0.445921927690506 -0.527217447757721 -0.7481389045715332 0.39874231815338135 0.8930890560150146 -0.2083178609609604 -1.9858919382095337
0.5636247992515564 -0.059664905071258545 0.8238732218742371 -0.10965006798505783 0.7234298586845398 -0.44577643275260925 -0.5271929502487183 -0.7480239868164062 0.39871829748153687 0.8931535482406616 -0.20808720588684082 -1.98605215549469
0.5636312961578369 -0.05966181308031082 0.823868989944458 -0.10964301973581314 0.7234267592430115 -0.44577598571777344 -0.527197539806366 -0.7480045557022095 0.39871469140052795 0.893153965473175 -0.20809230208396912 -1.9860410690307617
0.5635068416595459 -0.0596657358109951 0.8239538669586182 -0.10976694524288177 0.7234848141670227 -0.44582173228263855 -0.5270791053771973 -0.7479011416435242 0.39878520369529724 0.8931308388710022 -0.2080562859773636 -1.9861834049224854
0.5635150671005249 -0.05968044325709343 0.8239471912384033 -0.1097651869058609 0.7234631776809692 -0.44584915041923523 -0.5270857214927673 -0.7478755712509155 0.3988129496574402 0.8931161761283875 -0.20806603133678436 -1.9861767292022705
0.5633969902992249 -0.0597950778901577 0.8240196108818054 -0.11018413305282593 0.723577618598938 -0.4456886053085327 -0.5270643830299377 -0.7475351691246033 0.39877212047576904 0.8931886553764343 -0.2078331857919693 -1.986401081085205
0.5633656978607178 -0.05986756458878517 0.8240357041358948 -0.110069639980793 0.7235938906669617 -0.44565054774284363 -0.5270742177963257 -0.7477040886878967 0.398786723613739 0.8932027816772461 -0.20774437487125397 -1.9863133430480957
0.5633503794670105 -0.05987270176410675 0.8240458369255066 -0.11008601635694504 0.7236007452011108 -0.44565391540527344 -0.527061939239502 -0.7476670742034912 0.3987959623336792 0.8932007551193237 -0.20773530006408691 -1.9863083362579346
0.5632744431495667 -0.05991721525788307 0.8240944743156433 -0.11019064486026764 0.7236995697021484 -0.44551292061805725 -0.527045488357544 -0.7475574612617493 0.39872393012046814 0.8932681083679199 -0.20758391916751862 -1.9863917827606201
0.5632533431053162 -0.059927038848400116 0.8241081833839417 -0.11021344363689423 0.7237017154693604 -0.44553205370903015 -0.527026355266571 -0.7475026845932007 0.39874985814094543 0.8932579159736633 -0.20757806301116943 -1.9863908290863037
0.5631695985794067 -0.05998067185282707 0.8241615295410156 -0.11030162870883942 0.7237752079963684 -0.445453017950058 -0.5269922018051147 -0.7474501729011536 0.3987346887588501 0.8932937383651733 -0.20745301246643066 -1.9865217208862305
0.5630807876586914 -0.05998831242322922 0.824221670627594 -0.11032084375619888 0.7238367199897766 -0.44543755054473877 -0.5269207954406738 -0.7475093007087708 0.3987484872341156 0.8933009505271912 -0.2073955088853836 -1.9865195751190186
0.5630707740783691 -0.0600011870265007 0.8242275714874268 -0.1103532686829567 0.723838746547699 -0.44543910026550293 -0.5269166827201843 -0.7474687695503235 0.3987589180469513 0.8932992815971375 -0.20738250017166138 -1.9865304231643677
0.5629865527153015 -0.05992572009563446 0.8242905735969543 -0.11035320162773132 0.723887026309967 -0.44549986720085144 -0.5267990231513977 -0.7475216388702393 0.39879027009010315 0.8932740688323975 -0.20743092894554138 -1.9865028858184814
0.5630089640617371 -0.05992139130830765 0.8242756128311157 -0.11038248986005783 0.7238691449165344 -0.44551053643226624 -0.5268145799636841 -0.7474910616874695 0.39879101514816284 0.8932690024375916 -0.20745112001895905 -1.9865082502365112
0.5629175901412964 -0.05993664637207985 0.8243368864059448 -0.11034969985485077 0.7239388227462769 -0.4454755485057831 -0.5267484188079834 -0.7475032806396484 0.3987935483455658 0.8932854533195496 -0.20737551152706146 -1.9865095615386963
0.5629150867462158 -0.059947576373815536 0.8243377804756165 -0.11037681251764297 0.723937451839447 -0.44547516107559204 -0.5267506241798401 -0.7474617958068848 0.3987995386123657 0.8932849168777466 -0.20736634731292725 -1.986514687538147
0.5628693103790283 -0.05993146076798439 0.824370265007019 -0.11034534871578217 0.7239987850189209 -0.44541358947753906 -0.5267183184623718 -0.7474459409713745 0.3987528085708618 0.8933166861534119 -0.2073192596435547 -1.9865162372589111
0.5631217360496521 -0.05980335921049118 0.8242071270942688 -0.1100962832570076 0.7238723635673523 -0.4454173445701599 -0.5268889665603638 -0.7477822303771973 0.3986259698867798 0.8933234214782715 -0.20753413438796997 -1.9864211082458496
0.5631120204925537 -0.0598042756319046 0.8242136836051941 -0.11009922623634338 0.7238873839378357 -0.4453969895839691 -0.5268855094909668 -0.747765839099884 0.3986124098300934 0.8933334946632385 -0.20751678943634033 -1.986433506011963
0.5630770921707153 -0.059772148728370667 0.8242399096488953 -0.11012621223926544 0.723904550075531 -0.44542914628982544 -0.5268347859382629 -0.7477322220802307 0.39863061904907227 0.8933196067810059 -0.2075415551662445 -1.986389398574829
0.5630812644958496 -0.05974646285176277 0.8242388963699341 -0.1101364940404892 0.7239089608192444 -0.44542962312698364 -0.5268282890319824 -0.7477118968963623 0.3986166715621948 0.8933210968971252 -0.20756202936172485 -1.9863868951797485
0.5630547404289246 -0.0598176047205925 0.8242518305778503 -0.11004939675331116 0.7238922715187073 -0.4454594850540161 -0.5268259048461914 -0.7477157711982727 0.39868438243865967 0.8933014273643494 -0.20751652121543884 -1.9862608909606934
0.5629161596298218 -0.05982464924454689 0.8243460059165955 -0.11004167050123215 0.7240012884140015 -0.4454091489315033 -0.5267186760902405 -0.7476964592933655 0.3986821174621582 0.8933260440826416 -0.20741482079029083 -1.986277461051941
0.5629434585571289 -0.05983661487698555 0.8243265151977539 -0.11004941910505295 0.7239739298820496 -0.44542381167411804 -0.5267439484596252 -0.7476667761802673 0.398693323135376 0.8933179378509521 -0.2074282169342041 -1.9862675666809082
0.5628176331520081 -0.05976506695151329 0.8244175910949707 -0.11021054536104202 0.724088728427887 -0.44539228081703186 -0.5266126990318298 -0.7475956678390503 0.39866238832473755 0.8933384418487549 -0.2073993682861328 -1.9864122867584229
0.5628175735473633 -0.05978138744831085 0.82441645860672 -0.1102239266037941 0.7240790128707886 -0.44540369510650635 -0.5266163945198059 -0.7475693821907043 0.39868009090423584 0.8933317065238953 -0.2073945254087448 -1.9864147901535034
0.5629950761795044 -0.05960940569639206 0.8243077397346497 -0.11023785173892975 0.7239665985107422 -0.44551143050193787 -0.5266798138618469 -0.7475810050964355 0.3986336886882782 0.8932894468307495 -0.20766545832157135 -1.9864989519119263
0.5629715919494629 -0.05960753187537193 0.8243238925933838 -0.11028282344341278 0.7239851355552673 -0.4455048143863678 -0.5266600251197815 -0.7475154399871826 0.39863327145576477 0.8932929039001465 -0.2076515108346939 -1.9865175485610962
0.5629812479019165 -0.05961436405777931 0.8243167996406555 -0.11029431968927383 0.7239784598350525 -0.4455015957355499 -0.5266718864440918 -0.747488796710968 0.3986317813396454 0.8932940363883972 -0.20764946937561035 -1.9865188598632812
0.5628696084022522 -0.05953169986605644 0.8243989944458008 -0.11034999787807465 0.7240525484085083 -0.44554808735847473 -0.5265306830406189 -0.7474722266197205 0.3986547887325287 0.8932763338088989 -0.20768135786056519 -1.9865155220031738
0.562796413898468 -0.059463489800691605 0.8244538903236389 -0.11045006662607193 0.7241156697273254 -0.4455549716949463 -0.5264380574226379 -0.7474366426467896 0.39864349365234375 0.8932774662971497 -0.20769824087619781 -1.9865635633468628
0.5627899765968323 -0.05947139114141464 0.8244577050209045 -0.1104741171002388 0.7241280674934387 -0.44553133845329285 -0.5264409780502319 -0.7474111318588257 0.3986300230026245 0.8932887315750122 -0.20767560601234436 -1.9865577220916748
0.5632822513580322 -0.059322990477085114 0.8241321444511414 -0.11009881645441055 0.7238593697547913 -0.4455235004425049 -0.5268170237541199 -0.7478008270263672 0.3984227180480957 0.8933025002479553 -0.20801392197608948 -1.9864267110824585
0.5632877945899963 -0.059355728328228 0.8241260051727295 -0.11009789258241653 0.7238553762435913 -0.44550347328186035 -0.5268393754959106 -0.7477972507476807 0.3984220325946808 0.8933103084564209 -0.2079816460609436 -1.9864284992218018
0.5632941722869873 -0.05939152091741562 0.8241190910339355 -0.11004927009344101 0.7237690687179565 -0.4456649422645569 -0.5268214344978333 -0.7477717399597168 0.39856982231140137 0.8932273983955383 -0.20805466175079346 -1.986365556716919
0.5632809400558472 -0.05938052013516426 0.8241289258003235 -0.11004186421632767 0.7237737774848938 -0.4456804692745209 -0.5268018841743469 -0.7477653622627258 0.39858004450798035 0.8932203650474548 -0.2080652117729187 -1.9863595962524414
0.5632007718086243 -0.059468984603881836 0.8241773247718811 -0.10996408760547638 0.7238073945045471 -0.44566336274147034 -0.5267701148986816 -0.7478198409080505 0.3986322283744812 0.8932230472564697 -0.2079537957906723 -1.9863260984420776
0.5631487965583801 -0.05957422032952309 0.824205219745636 -0.10997683554887772 0.7238363027572632 -0.4456057846546173 -0.5267791152000427 -0.7478128671646118 0.39865317940711975 0.893244743347168 -0.2078203409910202 -1.9862980842590332
0.5631436705589294 -0.059576380997896194 0.8242085576057434 -0.1099700778722763 0.7238346934318542 -0.44561538100242615 -0.52677321434021 -0.7478026151657104 0.39866337180137634 0.8932397961616516 -0.20782198011875153 -1.9862823486328125
0.5630674362182617 -0.05950118601322174 0.8242660760879517 -0.11009085923433304 0.7238874435424805 -0.44565433263778687 -0.5266677141189575 -0.7477055788040161 0.39867520332336426 0.893225371837616 -0.20786121487617493 -1.9863303899765015
0.5630762577056885 -0.05952304229140282 0.8242585062980652 -0.11009112000465393 0.7238782048225403 -0.44564852118492126 -0.5266854166984558 -0.7476900219917297 0.39867961406707764 0.8932268023490906 -0.20784659683704376 -1.9863111972808838
0.5630825161933899 -0.05953942611813545 0.8242530226707458 -0.11007381975650787 0.7239038348197937 -0.4455716609954834 -0.5267152190208435 -0.7477362155914307 0.3986242115497589 0.8932640552520752 -0.2077927142381668 -1.9862960577011108
0.563087522983551 -0.05955004692077637 0.8242488503456116 -0.11007323861122131 0.7239058613777161 -0.44555315375328064 -0.5267280340194702 -0.7477256655693054 0.39861345291137695 0.8932725787162781 -0.2077767252922058 -1.9862759113311768
0.5630267858505249 -0.05953918769955635 0.8242911100387573 -0.11006570607423782 0.7239173650741577 -0.44562119245529175 -0.5266546607017517 -0.7477195858955383 0.3986782729625702 0.8932393789291382 -0.2077951729297638 -1.986299991607666
0.5630115270614624 -0.05954388529062271 0.8243012428283691 -0.11005697399377823 0.7239432334899902 -0.44558221101760864 -0.5266521573066711 -0.747708261013031 0.39865297079086304 0.8932585120201111 -0.20776145160198212 -1.986276626586914
0.5629159212112427 -0.05960523709654808 0.82436203956604 -0.11001235246658325 0.7240003943443298 -0.4455517828464508 -0.5265992879867554 -0.7477088570594788 0.39868417382240295 0.8932695984840393 -0.20765390992164612 -1.9862732887268066
0.5629012584686279 -0.05968501418828964 0.8243662714958191 -0.10996343195438385 0.7240109443664551 -0.4454980790615082 -0.5266302227973938 -0.7477911710739136 0.39868563413619995 0.8932910561561584 -0.2075587660074234 -1.9862635135650635
0.562897264957428 -0.05970064178109169 0.824367880821228 -0.10995571315288544 0.7240217924118042 -0.44546955823898315 -0.526639461517334 -0.7477797865867615 0.39867159724235535 0.8933042287826538 -0.2075289785861969 -1.98624849319458
0.5628418922424316 -0.05963893234729767 0.8244101405143738 -0.10996267199516296 0.7240846753120422 -0.4454472064971924 -0.5265718102455139 -0.7477899193763733 0.39863550662994385 0.8933194875717163 -0.20753265917301178 -1.986236810684204
0.56284499168396 -0.059642594307661057 0.8244078159332275 -0.1099548265337944 0.7240962982177734 -0.4454145133495331 -0.5265835523605347 -0.7477787733078003 0.39861011505126953 0.8933355808258057 -0.2075122743844986 -1.9862250089645386
0.5633038282394409 -0.05948321893811226 0.8241058588027954 -0.10964545607566833 0.7239187359809875 -0.4452569782733917 -0.5269607305526733 -0.7482010126113892 0.39828431606292725 0.8934246897697449 -0.20775388181209564 -1.9862006902694702
0.5633715987205505 -0.05947107821702957 0.8240603804588318 -0.10958864539861679 0.7237789034843445 -0.44548115134239197 -0.5269634127616882 -0.748166024684906 0.3984425365924835 0.8933137655258179 -0.20792746543884277 -1.9860910177230835
0.5633776187896729 -0.059474289417266846 0.824056088924408 -0.10955794155597687 0.7237722873687744 -0.44548532366752625 -0.5269689559936523 -0.7481704950332642 0.39844608306884766 0.8933115005493164 -0.2079305499792099 -1.986072301864624
0.5632520914077759 -0.05951910838484764 0.8241386413574219 -0.1095663532614708 0.7237763404846191 -0.4456273913383484 -0.5268431901931763 -0.74812251329422 0.39861610531806946 0.8932376503944397 -0.20792198181152344 -1.9860289096832275
0.5631771683692932 -0.059559404850006104 0.8241869211196899 -0.10967404395341873 0.7237994074821472 -0.445657342672348 -0.526786208152771 -0.7480558156967163 0.3986801505088806 0.8932200074195862 -0.20787492394447327 -1.9860624074935913
0.5631576180458069 -0.05956760421395302 0.8241996765136719 -0.1096581518650055 0.7238047122955322 -0.44566819071769714 -0.526769757270813 -0.7480526566505432 0.398698091506958 0.8932140469551086 -0.20786607265472412 -1.986029028892517
0.563022255897522 -0.059589166194200516 0.8242906332015991 -0.10985485464334488 0.7238976359367371 -0.4456399977207184 -0.5266658663749695 -0.7478715181350708 0.39872053265571594 0.893226683139801 -0.20776870846748352 -1.9861572980880737
0.5630117654800415 -0.059594351798295975 0.8242974281311035 -0.10985010117292404 0.7238996624946594 -0.4456471800804138 -0.5266570448875427 -0.7478585839271545 0.39873167872428894 0.8932227492332458 -0.20776420831680298 -1.9861319065093994
0.5628810524940491 -0.05962805822491646 0.8243842124938965 -0.10990956425666809 0.7239707708358765 -0.44565340876579285 -0.5265539884567261 -0.7478150129318237 0.39878714084625244 0.8932173848152161 -0.2076808363199234 -1.986190676689148
0.5628772974014282 -0.05960986390709877 0.8243880867958069 -0.10990428924560547 0.7239887714385986 -0.4456300437450409 -0.5265490412712097 -0.7477924823760986 0.39875972270965576 0.8932302594184875 -0.20767810940742493 -1.9861667156219482
0.5627432465553284 -0.059660088270902634 0.8244759440422058 -0.1099933534860611 0.7240436673164368 -0.44566673040390015 -0.5264424681663513 -0.7477054595947266 0.398849219083786 0.8932086229324341 -0.20759937167167664 -1.9862406253814697
0.562626302242279 -0.05969204753637314 0.8245534896850586 -0.1101357489824295 0.7241300344467163 -0.4456201493740082 -0.5263630747795105 -0.7475818395614624 0.398857444524765 0.8932297229766846 -0.20749273896217346 -1.9864164590835571
0.5626083016395569 -0.05970451980829239 0.8245648145675659 -0.11012852936983109 0.7241330146789551 -0.445631206035614 -0.526349663734436 -0.747550904750824 0.3988773822784424 0.8932233452796936 -0.2074817568063736 -1.9864155054092407
0.5624793171882629 -0.05967941880226135 0.8246546983718872 -0.11029646545648575 0.7242249846458435 -0.44562575221061707 -0.5262277126312256 -0.7475134134292603 0.39889243245124817 0.893227756023407 -0.20743387937545776 -1.9865152835845947
0.5624735355377197 -0.059665780514478683 0.8246595859527588 -0.11031393706798553 0.7242373824119568 -0.44561484456062317 -0.5262198448181152 -0.7474815845489502 0.3988780081272125 0.8932340741157532 -0.20743431150913239 -1.9865167140960693
0.5624653100967407 -0.059791386127471924 0.824656069278717 -0.11021924763917923 0.7242434024810791 -0.4455329477787018 -0.52628093957901 -0.7475663423538208 0.39887863397598267 0.8932665586471558 -0.20729327201843262 -1.9864370822906494
0.5624848008155823 -0.0597773939371109 0.8246438503265381 -0.11023567616939545 0.724234402179718 -0.44553422927856445 -0.5262922048568726 -0.7475357055664062 0.39886754751205444 0.8932668566703796 -0.20731331408023834 -1.9864307641983032
0.5623953342437744 -0.05974980816245079 0.8247068524360657 -0.1103149801492691 0.7243009209632874 -0.4455307722091675 -0.5262036323547363 -0.747500479221344 0.3988729417324066 0.8932704329490662 -0.20728753507137299 -1.986426830291748
0.5623962879180908 -0.05973883345723152 0.8247069716453552 -0.11034241318702698 0.7242932319641113 -0.44555357098579407 -0.5261949300765991 -0.747467577457428 0.3988855183124542 0.8932597637176514 -0.20730917155742645 -1.9864161014556885
0.5623538494110107 -0.059746406972408295 0.8247353434562683 -0.11032314598560333 0.7243191599845886 -0.4455513060092926 -0.5261611342430115 -0.7474200129508972 0.39889824390411377 0.8932604193687439 -0.20728197693824768 -1.9864108562469482
0.5629817247390747 -0.05956438183784485 0.8243200778961182 -0.10992097854614258 0.723960280418396 -0.44557344913482666 -0.5266360640525818 -0.7479799389839172 0.3986639976501465 0.8932614922523499 -0.20772741734981537 -1.9862983226776123
0.5629857778549194 -0.05953185632824898 0.8243196606636047 -0.10992792248725891 0.7239593863487244 -0.4455904960632324 -0.5266228914260864 -0.747981071472168 0.39865994453430176 0.8932551741600037 -0.20776240527629852 -1.986297845840454
0.5629901885986328 -0.05952218919992447 0.8243173360824585 -0.11002127081155777 0.7239664196968079 -0.445574551820755 -0.526626706123352 -0.7478440999984741 0.398640900850296 0.8932637572288513 -0.2077619880437851 -1.9863249063491821
0.563011884689331 -0.05951353535056114 0.824303150177002 -0.1100306585431099 0.7239559888839722 -0.44557246565818787 -0.5266427993774414 -0.7478265762329102 0.3986292779445648 0.8932653665542603 -0.20777735114097595 -1.9863166809082031
0.5629764199256897 -0.05952736362814903 0.8243263959884644 -0.10999112576246262 0.723993182182312 -0.4455310106277466 -0.5266267657279968 -0.7478620409965515 0.39861175417900085 0.8932851552963257 -0.20772598683834076 -1.9862711429595947
0.5629034042358398 -0.059592343866825104 0.8243715167045593 -0.1100253239274025 0.72403484582901 -0.4455006718635559 -0.5265951752662659 -0.7477681040763855 0.3986392319202423 0.89329594373703 -0.20762687921524048 -1.9862608909606934
0.5629178881645203 -0.059578996151685715 0.824362576007843 -0.11003427952528 0.7240399122238159 -0.4454770088195801 -0.5266081690788269 -0.7477437257766724 0.3986094892024994 0.8933086395263672 -0.20762935280799866 -1.9862455129623413
0.5628768801689148 -0.05962635576725006 0.8243871927261353 -0.10993027687072754 0.7240952253341675 -0.44538170099258423 -0.5266128182411194 -0.747775673866272 0.3985670804977417 0.8933529853820801 -0.20751982927322388 -1.9862103462219238
0.5628572106361389 -0.05960538610816002 0.8244021534919739 -0.109932079911232 0.7241135239601135 -0.4453820586204529 -0.5265872478485107 -0.7477504014968872 0.3985614776611328 0.8933542370796204 -0.20752538740634918 -1.986197829246521
0.562823474407196 -0.05968617647886276 0.8244193196296692 -0.11003508418798447 0.724123477935791 -0.44535648822784424 -0.5265952348709106 -0.7476785778999329 0.3985910415649414 0.8933615684509277 -0.20743687450885773 -1.9862977266311646
0.5628098249435425 -0.05967973917722702 0.8244290947914124 -0.11003806442022324 0.7241343259811401 -0.4453558027744293 -0.5265808701515198 -0.7476450800895691 0.3985905945301056 0.8933623433113098 -0.20743443071842194 -1.986290693283081
0.5627900958061218 -0.05971198156476021 0.8244402408599854 -0.11002450436353683 0.7241423726081848 -0.44534552097320557 -0.5265785455703735 -0.7477182745933533 0.3986039161682129 0.8933653235435486 -0.207396000623703 -1.9862605333328247
0.5629944801330566 -0.0596676804125309 0.824303925037384 -0.1098010465502739 0.723995566368103 -0.44541022181510925 -0.5267256498336792 -0.7479758858680725 0.39858198165893555 0.8933360576629639 -0.20756427943706512 -1.9861925840377808
0.5630047917366028 -0.05963633581995964 0.8242990970611572 -0.10979556292295456 0.7240018844604492 -0.44540122151374817 -0.5267245769500732 -0.7479704022407532 0.39855584502220154 0.8933426141738892 -0.2075861394405365 -1.9861891269683838
0.5629239082336426 -0.05966530740261078 0.8243522644042969 -0.10980705171823502 0.7240223288536072 -0.4454527795314789 -0.5266528725624084 -0.7479720115661621 0.39863303303718567 0.8933149576187134 -0.20755696296691895 -1.9861783981323242
0.5629379749298096 -0.05966991186141968 0.8243423104286194 -0.10980343073606491 0.7240133285522461 -0.4454498589038849 -0.5266677141189575 -0.7479671239852905 0.39862948656082153 0.8933160901069641 -0.2075587809085846 -1.9861708879470825
0.5628829598426819 -0.059647414833307266 0.8243815302848816 -0.10989745706319809 0.724060595035553 -0.4454370141029358 -0.5266135334968567 -0.7478881478309631 0.3986212909221649 0.8933240175247192 -0.20754051208496094 -1.9862011671066284
0.5628721117973328 -0.05962753668427467 0.8243903517723083 -0.1098979189991951 0.724061906337738 -0.44546231627464294 -0.5265904068946838 -0.7478790879249573 0.3986342251300812 0.8933127522468567 -0.20756421983242035 -1.9861892461776733
0.5628468990325928 -0.0597313791513443 0.8244000673294067 -0.10987652093172073 0.7240638732910156 -0.44542768597602844 -0.5266169905662537 -0.7478703856468201 0.39866629242897034 0.8933230638504028 -0.20745821297168732 -1.9862061738967896
0.5627377033233643 -0.05974053964018822 0.8244739174842834 -0.10993202030658722 0.7240757346153259 -0.4455515444278717 -0.5264958739280701 -0.7478030323982239 0.3987988829612732 0.893260657787323 -0.20747190713882446 -1.9862370491027832
0.5627426505088806 -0.05975019931793213 0.8244698643684387 -0.10993335396051407 0.7240700721740723 -0.4455508887767792 -0.5265042185783386 -0.747787594795227 0.39880210161209106 0.8932603597640991 -0.20746709406375885 -1.9862253665924072
0.5627056360244751 -0.05981249362230301 0.8244906067848206 -0.10994499921798706 0.7241500616073608 -0.4453849196434021 -0.5265346169471741 -0.7478195428848267 0.39870914816856384 0.8933389782905579 -0.20730730891227722 -1.9862053394317627
0.5627041459083557 -0.05983222275972366 0.8244901895523071 -0.10995263606309891 0.7241523861885071 -0.44536930322647095 -0.5265446901321411 -0.7478008270263672 0.3987070620059967 0.8933454155921936 -0.20728343725204468 -1.986196517944336
0.562665581703186 -0.05979079753160477 0.8245195150375366 -0.11003849655389786 0.7241953611373901 -0.4453545808792114 -0.5264979600906372 -0.7477438449859619 0.3986833989620209 0.8933555483818054 -0.20728541910648346 -1.9862258434295654
0.5635475516319275 -0.059473808854818344 0.823939859867096 -0.10932483524084091 0.7235758900642395 -0.4456821382045746 -0.5270721912384033 -0.7484580874443054 0.39856240153312683 0.8932133316993713 -0.20812921226024628 -1.9859535694122314
0.563527524471283 -0.05946511775255203 0.8239542245864868 -0.10929272323846817 0.7235944867134094 -0.445674866437912 -0.5270528793334961 -0.7484839558601379 0.39855706691741943 0.8932175636291504 -0.20812134444713593 -1.985951542854309
0.5635414123535156 -0.05958372354507446 0.8239361643791199 -0.10950315743684769 0.7236321568489075 -0.4454945921897888 -0.527153491973877 -0.7482156157493591 0.3984689712524414 0.8932995796203613 -0.20793788135051727 -1.9859421253204346
0.5635497570037842 -0.05958431214094162 0.8239304423332214 -0.10949035733938217 0.7236325144767761 -0.44548138976097107 -0.5271641612052917 -0.7482092976570129 0.39845648407936096 0.8933060765266418 -0.207933709025383 -1.9859198331832886
0.5634227395057678 -0.059526022523641586 0.8240214586257935 -0.10965465009212494 0.7237206697463989 -0.4455031752586365 -0.5270247459411621 -0.7480697631835938 0.3984759747982025 0.8932991027832031 -0.20792636275291443 -1.9860135316848755
0.5633243918418884 -0.05958525463938713 0.8240844011306763 -0.1096399798989296 0.7237585783004761 -0.44552138447761536 -0.5269573330879211 -0.7480354905128479 0.3985462188720703 0.8932861089706421 -0.20784766972064972 -1.9860074520111084
0.5633426904678345 -0.059585090726614 0.8240719437599182 -0.1096288189291954 0.7237449884414673 -0.4455256462097168 -0.5269722938537598 -0.7480154633522034 0.39854496717453003 0.8932839632034302 -0.20785914361476898 -1.985987663269043
0.5632126927375793 -0.059520889073610306 0.824165403842926 -0.1098032146692276 0.7238172888755798 -0.44559094309806824 -0.526817798614502 -0.7479028105735779 0.3985974192619324 0.8932557106018066 -0.2078801840543747 -1.9861077070236206
0.563126266002655 -0.05951739475131035 0.8242247700691223 -0.10992228239774704 0.7238432765007019 -0.44565871357917786 -0.5267246961593628 -0.7477905750274658 0.39867234230041504 0.8932220935821533 -0.20788079500198364 -1.9861936569213867
0.5630870461463928 -0.05951792374253273 0.8242514729499817 -0.10990341007709503 0.7238625884056091 -0.44567129015922546 -0.5266875624656677 -0.7478256225585938 0.39869266748428345 0.8932157754898071 -0.20786887407302856 -1.9861265420913696
0.5633221864700317 -0.05946870148181915 0.8240943551063538 -0.10975999385118484 0.7237091660499573 -0.4457097351551056 -0.5268658399581909 -0.747963011264801 0.3986389935016632 0.8931999206542969 -0.20804008841514587 -1.9861066341400146
0.5632839798927307 -0.05958626791834831 0.8241119384765625 -0.1098533570766449 0.7237889170646667 -0.4455105662345886 -0.526924729347229 -0.7478288412094116 0.3985481858253479 0.8932914137840271 -0.2078210413455963 -1.9861739873886108
0.5631383061408997 -0.05967327952384949 0.824205219745636 -0.11001569032669067 0.7239153385162354 -0.4453803598880768 -0.5268611311912537 -0.74771648645401 0.3985244631767273 0.8933505415916443 -0.2076122760772705 -1.986242413520813
0.563703715801239 -0.05949065461754799 0.8238318562507629 -0.10968796163797379 0.7236141562461853 -0.4453616440296173 -0.5272905826568604 -0.748058557510376 0.3982720673084259 0.8933720588684082 -0.2080036699771881 -1.986171841621399
0.5636410117149353 -0.05953657627105713 0.8238714337348938 -0.10968141257762909 0.7235752940177917 -0.4455094039440155 -0.5272190570831299 -0.7480201721191406 0.3984313905239105 0.8932952880859375 -0.20802810788154602 -1.9860796928405762
0.563569188117981 -0.05956562981009483 0.8239184617996216 -0.10978089272975922 0.7236493825912476 -0.44542765617370605 -0.5271864533424377 -0.7479487061500549 0.39839836955070496 0.893334150314331 -0.20792461931705475 -1.9860804080963135
0.5639342069625854 -0.059351030737161636 0.8236841559410095 -0.10967987775802612 0.7235019207000732 -0.44537174701690674 -0.5274360179901123 -0.7481555342674255 0.39814963936805725 0.8933762907981873 -0.2082197219133377 -1.9861336946487427
0.5639510750770569 -0.05935646966099739 0.8236722350120544 -0.10967350751161575 0.7234855890274048 -0.44538065791130066 -0.5274509191513062 -0.7481687068939209 0.3981553912162781 0.8933715224266052 -0.20822930335998535 -1.9861313104629517
0.5638559460639954 -0.05938982218503952 0.8237349390983582 -0.10984046012163162 0.7235448360443115 -0.44536292552948 -0.5273845195770264 -0.7480067610740662 0.39818239212036133 0.8933781385421753 -0.2081492841243744 -1.986180067062378
0.563866913318634 -0.059389516711235046 0.8237274885177612 -0.10983875393867493 0.723524272441864 -0.4453936219215393 -0.5273868441581726 -0.7480047345161438 0.39820432662963867 0.893362820148468 -0.20817290246486664 -1.986173152923584
0.563835620880127 -0.05948002263903618 0.8237423300743103 -0.10981062799692154 0.7235119938850403 -0.4454081356525421 -0.5273914337158203 -0.7479830384254456 0.3982709050178528 0.8933495879173279 -0.20810240507125854 -1.9861332178115845
0.5637598633766174 -0.0594998300075531 0.8237927556037903 -0.10983027517795563 0.7235515713691711 -0.4454154670238495 -0.5273309350013733 -0.7479641437530518 0.3983062505722046 0.8933445811271667 -0.20805610716342926 -1.9861512184143066
0.5637736320495605 -0.05949753150343895 0.8237835168838501 -0.10981936752796173 0.7235419750213623 -0.44541865587234497 -0.5273414254188538 -0.7479550242424011 0.39830413460731506 0.8933431506156921 -0.20806626975536346 -1.9861385822296143
0.5637011528015137 -0.059574004262685776 0.8238275647163391 -0.10982777178287506 0.7235889434814453 -0.44536852836608887 -0.5273193717002869 -0.7478958368301392 0.3983215093612671 0.8933630585670471 -0.20794761180877686 -1.9861327409744263
0.5636950135231018 -0.059565622359514236 0.8238323926925659 -0.10981927812099457 0.7235968708992004 -0.44536489248275757 -0.5273115634918213 -0.7478727102279663 0.39831575751304626 0.8933654427528381 -0.20794841647148132 -1.9861184358596802
0.5637707114219666 -0.059545136988162994 0.8237820863723755 -0.10997094213962555 0.7236127853393555 -0.4452335834503174 -0.527400553226471 -0.747795045375824 0.39817968010902405 0.8934322595596313 -0.20792196691036224 -1.9862655401229858
0.5636032819747925 -0.05961082875728607 0.8238918781280518 -0.1100488007068634 0.7236910462379456 -0.44525641202926636 -0.5272738933563232 -0.7477318048477173 0.3982744812965393 0.8934164643287659 -0.20780810713768005 -1.9863636493682861
0.5636158585548401 -0.05963767319917679 0.8238813281059265 -0.11004631966352463 0.7236811518669128 -0.44524335861206055 -0.5272985100746155 -0.747711718082428 0.39827466011047363 0.8934211730957031 -0.20778751373291016 -1.98636794090271
0.5640575289726257 -0.059465281665325165 0.8235914707183838 -0.10965429246425629 0.7233614325523376 -0.44543659687042236 -0.5275739431381226 -0.7481757402420044 0.3982302248477936 0.8933363556861877 -0.2082369029521942 -1.9861599206924438
0.5640760064125061 -0.059456419199705124 0.8235794901847839 -0.10963338613510132 0.723349392414093 -0.44544270634651184 -0.5275852680206299 -0.7481867671012878 0.39822590351104736 0.893333911895752 -0.20825570821762085 -1.9861661195755005
0.5639256238937378 -0.059538453817367554 0.8236765265464783 -0.10983298718929291 0.7233960628509521 -0.445501446723938 -0.5274716019630432 -0.7479230761528015 0.39835402369499207 0.8932991623878479 -0.20815972983837128 -1.9862529039382935
0.56390780210495 -0.05954437330365181 0.823688268661499 -0.10981403291225433 0.7233940958976746 -0.4455276131629944 -0.5274522304534912 -0.7479090690612793 0.3983827829360962 0.8932856917381287 -0.20816239714622498 -1.9862481355667114
0.5638412833213806 -0.059604428708553314 0.8237295150756836 -0.10979956388473511 0.7234154343605042 -0.44553688168525696 -0.5274151563644409 -0.7479477524757385 0.3984382450580597 0.893277108669281 -0.20809324085712433 -1.9862076044082642
0.5642428398132324 -0.05940308794379234 0.8234690427780151 -0.1096731424331665 0.7231547236442566 -0.44567373394966125 -0.5276570320129395 -0.748076856136322 0.3983430862426758 0.8932222127914429 -0.20851053297519684 -1.986207365989685
0.5641892552375793 -0.059455037117004395 0.8235019445419312 -0.10958735644817352 0.7231789231300354 -0.44566306471824646 -0.5276328325271606 -0.7482383251190186 0.3983749449253082 0.8932241201400757 -0.2084416300058365 -1.9860919713974
0.5641562938690186 -0.05937700346112251 0.8235301971435547 -0.1097070500254631 0.7232024073600769 -0.44570785760879517 -0.5275627970695496 -0.7481034994125366 0.3983790874481201 0.8932069540023804 -0.208507239818573 -1.986085295677185
0.5641297101974487 -0.05939129739999771 0.82354736328125 -0.10969176888465881 0.7232199907302856 -0.44569751620292664 -0.5275474786758423 -0.7481053471565247 0.39838483929634094 0.8932111263275146 -0.2084781676530838 -1.9860609769821167
0.5644910335540771 -0.05927513539791107 0.8233081102371216 -0.10931485146284103 0.7229232788085938 -0.44591790437698364 -0.5277677774429321 -0.7484801411628723 0.39841145277023315 0.8931088447570801 -0.208865225315094 -1.9858821630477905
0.5644943714141846 -0.05925615131855011 0.82330721616745 -0.10927458107471466 0.722926676273346 -0.4459177851676941 -0.527763307094574 -0.7485067248344421 0.3984006345272064 0.8931101560592651 -0.20888015627861023 -1.98585844039917
0.564452052116394 -0.05936054140329361 0.8233286738395691 -0.10932205617427826 0.7228782773017883 -0.4460201561450958 -0.5277431011199951 -0.7484456300735474 0.398548424243927 0.8930521011352539 -0.20884649455547333 -1.9858627319335938
0.5643680095672607 -0.05944356322288513 0.8233802914619446 -0.10931709408760071 0.7228665947914124 -0.4461137056350708 -0.527679979801178 -0.7484051585197449 0.39868852496147156 0.8929998874664307 -0.2088024914264679 -1.9858201742172241
0.56435626745224 -0.05944983288645744 0.8233879208564758 -0.10928747057914734 0.7228655815124512 -0.44612881541252136 -0.5276685953140259 -0.7484143376350403 0.39870697259902954 0.8929919004440308 -0.2088012844324112 -1.9857914447784424
0.5642075538635254 -0.05945517495274544 0.8234894275665283 -0.10939876735210419 0.7229292392730713 -0.44619622826576233 -0.5275243520736694 -0.7483207583427429 0.3988020420074463 0.892957866191864 -0.20876534283161163 -1.9858523607254028
0.5642314553260803 -0.059434644877910614 0.8234745264053345 -0.1093706488609314 0.722915768623352 -0.44620534777641296 -0.5275351405143738 -0.7483276128768921 0.39879274368286133 0.8929546475410461 -0.20879679918289185 -1.9858183860778809
0.5640893578529358 -0.05941435322165489 0.8235733509063721 -0.10946529358625412 0.7230239510536194 -0.4461798071861267 -0.5274084210395813 -0.7482278347015381 0.39879754185676575 0.8929687738418579 -0.20872721076011658 -1.98591148853302
0.5642099976539612 -0.05934927240014076 0.8234953880310059 -0.10934510827064514 0.722974419593811 -0.4461594223976135 -0.5274935960769653 -0.7483386993408203 0.39871668815612793 0.8929833173751831 -0.20881952345371246 -1.9859070777893066
0.5642140507698059 -0.05936004966497421 0.8234918117523193 -0.10929273813962936 0.7229563593864441 -0.4461871087551117 -0.5274949669837952 -0.748355507850647 0.3987436890602112 0.8929687738418579 -0.20883026719093323 -1.985892653465271
0.5640566945075989 -0.0594068318605423 0.8235962390899658 -0.10966099798679352 0.7231114506721497 -0.4460355341434479 -0.5274105668067932 -0.7480950355529785 0.398685097694397 0.8930413722991943 -0.20863153040409088 -1.9860966205596924
0.5640659332275391 -0.05942458659410477 0.8235886693000793 -0.10962742567062378 0.7230929732322693 -0.44605231285095215 -0.5274217128753662 -0.748098611831665 0.39870554208755493 0.8930317759513855 -0.20863337814807892 -1.9860832691192627
0.5645272135734558 -0.05914827436208725 0.8232924342155457 -0.10922863334417343 0.7227232456207275 -0.4463955760002136 -0.5276380181312561 -0.7486011981964111 0.3987230956554413 0.8928785920143127 -0.20925456285476685 -1.986046552658081
0.5645473599433899 -0.05919184535741806 0.8232755064964294 -0.10952713340520859 0.7227494120597839 -0.4462800920009613 -0.5276998281478882 -0.7482644319534302 0.39864709973335266 0.8929334282875061 -0.2091653198003769 -1.9860714673995972
0.5645622611045837 -0.05920100212097168 0.8232645988464355 -0.10948169231414795 0.7227337956428528 -0.44628775119781494 -0.527714729309082 -0.748277485370636 0.3986542522907257 0.8929290175437927 -0.20917059481143951 -1.9860495328903198
0.5649746656417847 -0.058912575244903564 0.8230023384094238 -0.10954848676919937 0.7225040793418884 -0.4463949203491211 -0.5279386043548584 -0.748327374458313 0.3984864056110382 0.8928945064544678 -0.20963719487190247 -1.9861887693405151
