# 3x4 first row second row third row Freq: 100 current Time: 2021-07-31-13:44:14
0.4180327355861664 -0.6056389212608337 0.6770893931388855 0.016438717022538185 0.12983761727809906 -0.6978537440299988 -0.7043734788894653 -0.5979276299476624 0.8991054892539978 0.38236281275749207 -0.2130909115076065 -1.669907808303833
0.4179157316684723 -0.6057687401771545 0.677045464515686 0.016671165823936462 0.12968502938747406 -0.6978353261947632 -0.7044198513031006 -0.5980499982833862 0.8991819024085999 0.3821907937526703 -0.2130771428346634 -1.66970956325531
0.4179123342037201 -0.6057841777801514 0.6770337820053101 0.016660433262586594 0.12969377636909485 -0.6978170871734619 -0.7044363617897034 -0.5980462431907654 0.8991822600364685 0.3821996748447418 -0.21305982768535614 -1.6697254180908203
0.4178089201450348 -0.605853259563446 0.6770358085632324 0.016575926914811134 0.12952977418899536 -0.697860598564148 -0.7044233679771423 -0.5979666113853455 0.8992539644241333 0.38201063871383667 -0.2130962610244751 -1.6697754859924316
0.41780993342399597 -0.6058517098426819 0.6770365238189697 0.01656235381960869 0.1295311450958252 -0.6978611946105957 -0.7044225931167603 -0.5979562401771545 0.899253249168396 0.3820120394229889 -0.21309655904769897 -1.669790267944336
0.4177015721797943 -0.6059346795082092 0.6770291328430176 0.016390683129429817 0.1294185221195221 -0.6978705525398254 -0.7044339776039124 -0.5978087186813354 0.8993198275566101 0.3818632662296295 -0.21308237314224243 -1.6700135469436646
0.41755029559135437 -0.6060422658920288 0.6770262122154236 0.01627039536833763 0.12931054830551147 -0.6978712677955627 -0.7044531106948853 -0.5977417230606079 0.8994055986404419 0.38169118762016296 -0.21302860975265503 -1.6701111793518066
0.41755780577659607 -0.6060242056846619 0.6770377159118652 0.016251783818006516 0.12934288382530212 -0.697873055934906 -0.7044454216957092 -0.5977171659469604 0.8993974924087524 0.38171666860580444 -0.2130173295736313 -1.6701375246047974
0.4175626337528229 -0.6060220003128052 0.6770366430282593 0.016237296164035797 0.12931989133358002 -0.697882890701294 -0.7044398784637451 -0.5976924896240234 0.8993985056877136 0.3817020654678345 -0.21303904056549072 -1.6701648235321045
0.4175224006175995 -0.6059918403625488 0.6770884990692139 0.01651669666171074 0.1294235736131668 -0.6978880763053894 -0.7044156789779663 -0.5979422330856323 0.8994023203849792 0.3817405104637146 -0.21295417845249176 -1.6698617935180664
0.4177015423774719 -0.6058964729309082 0.6770633459091187 0.016603410243988037 0.12961207330226898 -0.6978281140327454 -0.7044404745101929 -0.5979503393173218 0.8992919921875 0.38200142979621887 -0.21295227110385895 -1.6698458194732666
0.41768598556518555 -0.6059044599533081 0.6770657896995544 0.016598932445049286 0.1296023577451706 -0.6978307962417603 -0.7044395804405212 -0.5979483127593994 0.8993005752563477 0.38198381662368774 -0.21294739842414856 -1.6698694229125977
0.41776323318481445 -0.6059585213661194 0.6769697666168213 0.016555259004235268 0.12960033118724823 -0.6977412700653076 -0.7045286297798157 -0.5979228019714355 0.8992649912834167 0.382061630487442 -0.21295814216136932 -1.6698991060256958
0.41776812076568604 -0.6059428453445435 0.6769807934761047 0.016542375087738037 0.1296141892671585 -0.6977495551109314 -0.7045178413391113 -0.5979129076004028 0.8992607593536377 0.3820713758468628 -0.21295863389968872 -1.6699203252792358
0.4178597331047058 -0.6059947609901428 0.6768777370452881 0.016373444348573685 0.12966391444206238 -0.6976338624954224 -0.704623281955719 -0.5978575944900513 0.8992109894752502 0.38220030069351196 -0.2129373550415039 -1.6700572967529297
0.4178478419780731 -0.6059948801994324 0.6768850088119507 0.016353772953152657 0.12966862320899963 -0.6976369619369507 -0.7046193480491638 -0.5978485345840454 0.899215817451477 0.3821943700313568 -0.21292749047279358 -1.6700820922851562
0.4177466928958893 -0.605923056602478 0.6770117282867432 0.01614304631948471 0.12964044511318207 -0.6977684497833252 -0.704494297504425 -0.5977638959884644 0.8992668986320496 0.3820682466030121 -0.21293826401233673 -1.670189619064331
0.41762682795524597 -0.6059719324111938 0.6770418882369995 0.01624193973839283 0.12960071861743927 -0.6977874636650085 -0.7044827938079834 -0.5977792739868164 0.8993282914161682 0.3819560110569 -0.21288028359413147 -1.6700620651245117
0.4176201820373535 -0.6059738993644714 0.6770442724227905 0.016210515052080154 0.1295933872461319 -0.6977914571762085 -0.7044801712036133 -0.5977600812911987 0.8993324637413025 0.38194555044174194 -0.21288150548934937 -1.6700791120529175
0.4177331328392029 -0.6059334874153137 0.6770107746124268 0.016283798962831497 0.12978187203407288 -0.6977035403251648 -0.7045325636863708 -0.5978115200996399 0.8992527723312378 0.38217028975486755 -0.212814599275589 -1.6701385974884033
0.4177316129207611 -0.6059466600418091 0.6769998669624329 0.01626235991716385 0.12976869940757751 -0.6976960897445679 -0.7045423984527588 -0.5977966785430908 0.8992553949356079 0.38216301798820496 -0.21281671524047852 -1.6701672077178955
0.4178069829940796 -0.6058996915817261 0.6769953966140747 0.016103213652968407 0.12970151007175446 -0.6977401375770569 -0.7045111060142517 -0.5976528525352478 0.8992300629615784 0.38215696811676025 -0.21293450891971588 -1.6702489852905273
0.41781696677207947 -0.6058977246284485 0.6769909858703613 0.016065696254372597 0.12972690165042877 -0.6977269649505615 -0.7045194506645203 -0.5976228713989258 0.8992217779159546 0.38218408823013306 -0.21292084455490112 -1.67026948928833
0.41782981157302856 -0.6058874130249023 0.6769923567771912 0.01584732159972191 0.12959323823451996 -0.6977888941764832 -0.7044827938079834 -0.5975393056869507 0.8992350697517395 0.38208749890327454 -0.21303798258304596 -1.6703959703445435
0.4178324341773987 -0.6058857440948486 0.6769921779632568 0.01580091193318367 0.12959569692611694 -0.6977883577346802 -0.7044827938079834 -0.5975047945976257 0.8992335200309753 0.3820910155773163 -0.21303832530975342 -1.6704145669937134
0.4178600609302521 -0.6059015393257141 0.6769610047340393 0.01564008556306362 0.12947601079940796 -0.6978105306625366 -0.7044828534126282 -0.5974879860877991 0.8992379307746887 0.38202542066574097 -0.21313734352588654 -1.6706011295318604
0.41777679324150085 -0.6059495806694031 0.6769694089889526 0.015494529157876968 0.12938256561756134 -0.6978371143341064 -0.7044737339019775 -0.5974254012107849 0.8992900848388672 0.3819007873535156 -0.21314074099063873 -1.6708141565322876
0.41777899861335754 -0.6059513092041016 0.6769664883613586 0.015451507642865181 0.12939220666885376 -0.6978302597999573 -0.7044787406921387 -0.597400963306427 0.8992876410484314 0.3819105923175812 -0.21313336491584778 -1.6708581447601318
0.41776272654533386 -0.6059911251068115 0.6769408583641052 0.01542265247553587 0.12937802076339722 -0.6978020071983337 -0.7045093178749084 -0.5973790287971497 0.8992972373962402 0.38189899921417236 -0.21311363577842712 -1.6708990335464478
0.41776207089424133 -0.6059763431549072 0.6769545674324036 0.015377508476376534 0.12935420870780945 -0.6978278160095215 -0.7044881582260132 -0.5973488092422485 0.8993009924888611 0.38187530636787415 -0.2131403237581253 -1.6709444522857666
0.41776394844055176 -0.6059503555297852 0.6769766211509705 0.01567217707633972 0.12945546209812164 -0.6978110074996948 -0.7044861912727356 -0.5975303053855896 0.8992855548858643 0.38194721937179565 -0.2130766063928604 -1.670655608177185
0.41773924231529236 -0.6059669256210327 0.6769770383834839 0.015498620457947254 0.12943312525749207 -0.6978141665458679 -0.704487144947052 -0.5974540114402771 0.899300217628479 0.3819151520729065 -0.21307207643985748 -1.6708259582519531
0.4177534282207489 -0.6059584021568298 0.6769759058952332 0.015453490428626537 0.12942714989185333 -0.6978192925453186 -0.7044832110404968 -0.5974250435829163 0.8992944955825806 0.3819192945957184 -0.21308885514736176 -1.6708656549453735
0.4179378151893616 -0.6059209108352661 0.6768956780433655 0.015589043498039246 0.12961949408054352 -0.6976950764656067 -0.7045708298683167 -0.5974512696266174 0.8991811275482178 0.38220563530921936 -0.213053897023201 -1.6707624197006226
0.41789302229881287 -0.6059672832489014 0.6768818497657776 0.015739955008029938 0.12965531647205353 -0.6976513862609863 -0.7046074867248535 -0.5974178314208984 0.8991967439651489 0.382211834192276 -0.21297667920589447 -1.6706624031066895
0.4178931713104248 -0.6059770584106445 0.676872968673706 0.015713075175881386 0.1296350508928299 -0.6976497769355774 -0.7046128511428833 -0.5973815321922302 0.8991996049880981 0.38219931721687317 -0.21298711001873016 -1.670692801475525
0.41806870698928833 -0.6059836745262146 0.6767586469650269 0.015537911094725132 0.12961983680725098 -0.6975716352462769 -0.7046930193901062 -0.59736567735672 0.8991202116012573 0.38233140110969543 -0.21308526396751404 -1.6707876920700073
0.4180939197540283 -0.6059615015983582 0.6767628788948059 0.015493887476623058 0.12962234020233154 -0.697582483291626 -0.7046818137168884 -0.5973275303840637 0.8991081118583679 0.3823467195034027 -0.21310876309871674 -1.6708210706710815
0.4180823266506195 -0.6060112118721008 0.6767255663871765 0.015603814274072647 0.1295875757932663 -0.6975506544113159 -0.7047197222709656 -0.5973444581031799 0.8991185426712036 0.38232603669166565 -0.21310196816921234 -1.6707128286361694
0.4180704355239868 -0.6060200333595276 0.6767249703407288 0.015570887364447117 0.12959708273410797 -0.697542667388916 -0.7047258615493774 -0.597307026386261 0.8991226553916931 0.382326602935791 -0.21308346092700958 -1.6707388162612915
0.4179869294166565 -0.606027364730835 0.676770031452179 0.01603119634091854 0.1296318620443344 -0.697557270526886 -0.704704999923706 -0.5976963043212891 0.8991565108299255 0.3822884261608124 -0.2130092829465866 -1.670322060585022
0.41784200072288513 -0.6059978008270264 0.6768859624862671 0.015832429751753807 0.12962201237678528 -0.6976563334465027 -0.7046087384223938 -0.5976167917251587 0.8992252945899963 0.3821544349193573 -0.21295936405658722 -1.6705018281936646
0.4178383946418762 -0.6060043573379517 0.6768823266029358 0.015801606699824333 0.12962354719638824 -0.6976504921913147 -0.7046142816543579 -0.5976080894470215 0.899226725101471 0.38215476274490356 -0.2129526287317276 -1.6705297231674194
0.41795244812965393 -0.6059920787811279 0.6768229603767395 0.01609949581325054 0.12966307997703552 -0.69759601354599 -0.704660952091217 -0.5976676940917969 0.8991680145263672 0.38227367401123047 -0.21298706531524658 -1.6703064441680908
0.4179581105709076 -0.6059895753860474 0.6768216490745544 0.016087042167782784 0.12968428432941437 -0.6975870728492737 -0.7046658396720886 -0.5976551175117493 0.8991623520851135 0.3822939097881317 -0.21297474205493927 -1.6703323125839233
0.4179825782775879 -0.6059787273406982 0.6768162250518799 0.016007177531719208 0.12959210574626923 -0.6976267099380493 -0.7046436071395874 -0.5977172255516052 0.8991642594337463 0.3822387456893921 -0.21306565403938293 -1.6703914403915405
0.41816624999046326 -0.6059130430221558 0.6767616271972656 0.016021568328142166 0.12964482605457306 -0.6975913643836975 -0.7046688795089722 -0.5975977182388306 0.8990712761878967 0.3824073374271393 -0.2131555676460266 -1.670426845550537
0.41816195845603943 -0.6059167981147766 0.6767609119415283 0.01601538434624672 0.1296151727437973 -0.6976019740104675 -0.7046638131141663 -0.5975838899612427 0.8990775346755981 0.3823820650577545 -0.2131744921207428 -1.6704552173614502
0.41811999678611755 -0.6059359908103943 0.6767696738243103 0.016217408701777458 0.1295609325170517 -0.697623610496521 -0.7046523690223694 -0.5977705717086792 0.8991048336029053 0.3823121190071106 -0.2131846696138382 -1.6702229976654053
0.4181128740310669 -0.605932354927063 0.6767773032188416 0.016221726313233376 0.1295698583126068 -0.6976267695426941 -0.7046476006507874 -0.5977749824523926 0.8991068601608276 0.382312148809433 -0.21317605674266815 -1.670243263244629
0.41819286346435547 -0.6057969331741333 0.6768490672111511 0.01624060980975628 0.1296153962612152 -0.6977129578590393 -0.7045539021492004 -0.5977067351341248 0.8990631103515625 0.3823694586753845 -0.21325786411762238 -1.670240044593811
0.41817572712898254 -0.6057974100112915 0.6768592596054077 0.0167780052870512 0.12968140840530396 -0.6976919770240784 -0.7045624852180481 -0.5980761647224426 0.8990615606307983 0.38240697979927063 -0.21319711208343506 -1.6696792840957642
0.4181775748729706 -0.6058042049407959 0.6768520474433899 0.016790857538580894 0.12968292832374573 -0.6976834535598755 -0.7045707106590271 -0.5980844497680664 0.8990604877471924 0.38241177797317505 -0.21319301426410675 -1.669674277305603
0.4181658923625946 -0.6056845188140869 0.6769663691520691 0.016566405072808266 0.12972156703472137 -0.6977967619895935 -0.704451322555542 -0.5978812575340271 0.8990603685379028 0.3823946416378021 -0.2132243812084198 -1.6698323488235474
0.4182036519050598 -0.6056321263313293 0.6769899129867554 0.016365665942430496 0.1298014521598816 -0.6978005766868591 -0.7044328451156616 -0.5978184938430786 0.8990312218666077 0.38247063755989075 -0.21321073174476624 -1.6699812412261963
0.41820815205574036 -0.6056457161903381 0.6769749522209167 0.016356471925973892 0.12981244921684265 -0.6977797746658325 -0.7044514417648315 -0.5978143215179443 0.8990275859832764 0.38248708844184875 -0.2131967395544052 -1.6699812412261963
0.41826486587524414 -0.6056812405586243 0.6769081354141235 0.01628958433866501 0.12975001335144043 -0.6977442502975464 -0.7044981122016907 -0.5977105498313904 0.899010181427002 0.38249561190605164 -0.2132546454668045 -1.670091152191162
0.41827839612960815 -0.6056674122810364 0.6769121289253235 0.016283078119158745 0.1297590285539627 -0.6977487802505493 -0.7044919729232788 -0.5976948142051697 0.8990026116371155 0.3825092017650604 -0.21326234936714172 -1.6700949668884277
0.418239951133728 -0.6057392954826355 0.6768715977668762 0.016189152374863625 0.12980027496814728 -0.6976734399795532 -0.7045589685440063 -0.5976781249046326 0.8990145325660706 0.3825328052043915 -0.21316969394683838 -1.6701856851577759
0.4182415306568146 -0.6057316064834595 0.676877498626709 0.01618489995598793 0.12980644404888153 -0.6976781487464905 -0.7045531868934631 -0.5976689457893372 0.8990129232406616 0.3825364410877228 -0.21317000687122345 -1.67019522190094
0.4181548058986664 -0.6056844592094421 0.676973283290863 0.016415631398558617 0.1298985630273819 -0.6977264285087585 -0.7044883966445923 -0.5978361964225769 0.8990399241447449 0.3825230300426483 -0.213080033659935 -1.6699514389038086
0.418055921792984 -0.6056697368621826 0.6770474910736084 0.016332844272255898 0.12983575463294983 -0.6978121995925903 -0.7044150233268738 -0.5978083610534668 0.8990949988365173 0.3823898136615753 -0.21308685839176178 -1.670037865638733
0.4180677831172943 -0.6056746244430542 0.6770358085632324 0.016329295933246613 0.12984523177146912 -0.6977978348731995 -0.7044274806976318 -0.5978071689605713 0.8990881443023682 0.3824082911014557 -0.21308274567127228 -1.670037865638733
0.41810593008995056 -0.6057353019714355 0.6769579648971558 0.016529429703950882 0.12981052696704865 -0.6977326273918152 -0.7044984698295593 -0.5978884696960449 0.8990753889083862 0.3824312388896942 -0.21309523284435272 -1.6698859930038452
0.41803091764450073 -0.6058314442634583 0.6769182682037354 0.016496442258358 0.12963613867759705 -0.6977398991584778 -0.7045233845710754 -0.5979136228561401 0.899135410785675 0.3822655975818634 -0.2131391167640686 -1.6699146032333374
0.4180299639701843 -0.6058214902877808 0.6769277453422546 0.016507772728800774 0.12966857850551605 -0.697736918926239 -0.7045204043388367 -0.5979164242744446 0.899131178855896 0.3822868764400482 -0.21311885118484497 -1.6699124574661255
0.4179689884185791 -0.6058457493782043 0.6769436597824097 0.016767913475632668 0.12967652082443237 -0.6977352499961853 -0.704520583152771 -0.5980885624885559 0.8991584181785583 0.38225144147872925 -0.21306763589382172 -1.6696326732635498
0.4181678593158722 -0.6057623624801636 0.6768954992294312 0.016684256494045258 0.12968073785305023 -0.6977322101593018 -0.7045227885246277 -0.5979644656181335 0.8990653157234192 0.3823890686035156 -0.21321338415145874 -1.6697152853012085
0.41817355155944824 -0.6057682633399963 0.6768866777420044 0.016697632148861885 0.12967589497566223 -0.6977256536483765 -0.7045301795005798 -0.5979691743850708 0.8990633487701416 0.3823917508125305 -0.21321678161621094 -1.6697053909301758
0.4180670976638794 -0.6057652831077576 0.6769551038742065 0.016310743987560272 0.12954483926296234 -0.6978315711021423 -0.7044494152069092 -0.5977938175201416 0.8991317749023438 0.3822031319141388 -0.2132665514945984 -1.6700410842895508
0.4180499017238617 -0.6057779788970947 0.6769543886184692 0.016310352832078934 0.12955248355865479 -0.6978226900100708 -0.7044567465782166 -0.5977995991706848 0.8991386294364929 0.38219916820526123 -0.21324458718299866 -1.670040249824524
0.4180634617805481 -0.6057248711585999 0.6769934892654419 0.01645636186003685 0.12960341572761536 -0.6978502869606018 -0.7044200301170349 -0.5979608297348022 0.8991250395774841 0.3822329342365265 -0.2132416069507599 -1.6699336767196655
0.4180382788181305 -0.6055955290794373 0.6771247386932373 0.016380906105041504 0.12962226569652557 -0.697987973690033 -0.7042801380157471 -0.597935676574707 0.8991339802742004 0.3821864724159241 -0.21328693628311157 -1.6698952913284302
0.4180489182472229 -0.6055893301963806 0.6771237850189209 0.016373589634895325 0.1296330988407135 -0.6979851722717285 -0.7042809724807739 -0.5979447364807129 0.8991274833679199 0.38220152258872986 -0.21328742802143097 -1.669891357421875
0.4179519712924957 -0.6056444048881531 0.6771343350410461 0.016071951016783714 0.12969465553760529 -0.6979445219039917 -0.70430988073349 -0.5976629257202148 0.8991636633872986 0.3821883797645569 -0.21315835416316986 -1.6703619956970215
0.4179569184780121 -0.6056385636329651 0.6771365404129028 0.016070639714598656 0.129691019654274 -0.697950005531311 -0.704305112361908 -0.5976606011390686 0.8991619348526001 0.38218769431114197 -0.21316707134246826 -1.6703660488128662
0.4180053472518921 -0.6056057214736938 0.6771359443664551 0.015947910025715828 0.1296374797821045 -0.6979854702949524 -0.7042798399925232 -0.5976004004478455 0.899147093296051 0.38217490911483765 -0.21325238049030304 -1.670435905456543
0.41804781556129456 -0.6054995656013489 0.6772046685218811 0.01579359918832779 0.12959852814674377 -0.6980936527252197 -0.7041797637939453 -0.5975663065910339 0.8991329669952393 0.3821455240249634 -0.2133645862340927 -1.6705399751663208
0.41804078221321106 -0.6054850816726685 0.6772220134735107 0.015765728428959846 0.1296098530292511 -0.6981070637702942 -0.704164445400238 -0.5975539088249207 0.899134635925293 0.3821440637111664 -0.2133602797985077 -1.6705552339553833
0.41804057359695435 -0.6055638194084167 0.6771516799926758 0.015600020997226238 0.1294647753238678 -0.6980869174003601 -0.7042111158370972 -0.5974544882774353 0.8991556167602539 0.3820560574531555 -0.21342936158180237 -1.6706912517547607
0.4180261790752411 -0.6055585741996765 0.6771653294563293 0.01556318812072277 0.12948715686798096 -0.6980892419815063 -0.7042046785354614 -0.5974346995353699 0.8991591334342957 0.382060170173645 -0.21340741217136383 -1.6707018613815308
0.417874813079834 -0.6055951714515686 0.6772259473800659 0.015423271805047989 0.1294352412223816 -0.6981400847434998 -0.7041638493537903 -0.5973342061042786 0.8992369174957275 0.38190919160842896 -0.21334968507289886 -1.6708731651306152
0.41790324449539185 -0.605591356754303 0.6772118210792542 0.015384610742330551 0.12944447994232178 -0.6981275677680969 -0.7041745185852051 -0.5973079204559326 0.8992223739624023 0.3819381296634674 -0.21335920691490173 -1.670892596244812
0.41780534386634827 -0.6056921482086182 0.6771820783615112 0.015889985486865044 0.12947112321853638 -0.6980546116828918 -0.7042418718338013 -0.5975759029388428 0.8992640376091003 0.3819115459918976 -0.21323122084140778 -1.6704095602035522
0.4177134037017822 -0.6057209968566895 0.6772130727767944 0.015676133334636688 0.12944595515727997 -0.6980760097503662 -0.7042253613471985 -0.5974798202514648 0.8993103504180908 0.38182684779167175 -0.21318747103214264 -1.6705907583236694
0.4177273213863373 -0.6056946516036987 0.6772279739379883 0.015640443190932274 0.12946908175945282 -0.6980873346328735 -0.7042098641395569 -0.5974567532539368 0.8993005752563477 0.3818477392196655 -0.21319134533405304 -1.6706032752990723
0.41770267486572266 -0.6057589054107666 0.6771857738494873 0.01557326689362526 0.12943463027477264 -0.698046088218689 -0.704257071018219 -0.5974460244178772 0.8993169665336609 0.38182133436203003 -0.21316945552825928 -1.6707425117492676
0.417682021856308 -0.6057848930358887 0.6771752238273621 0.01554934959858656 0.12944191694259644 -0.698025107383728 -0.7042765617370605 -0.5974267721176147 0.8993255496025085 0.3818185031414032 -0.21313849091529846 -1.6707627773284912
0.417589396238327 -0.6058512330055237 0.6771730184555054 0.015616487711668015 0.12942396104335785 -0.6980046033859253 -0.7043001651763916 -0.597460925579071 0.8993711471557617 0.3817506730556488 -0.21306756138801575 -1.6707264184951782
0.41759422421455383 -0.6058495044708252 0.677171528339386 0.015595748089253902 0.12943735718727112 -0.6979985237121582 -0.7043036818504333 -0.5974441170692444 0.8993669748306274 0.3817644417285919 -0.21306051313877106 -1.670746088027954
0.41767531633377075 -0.6057744026184082 0.6771887540817261 0.015599551610648632 0.12942764163017273 -0.698045015335083 -0.70425945520401 -0.5975039601325989 0.8993306756019592 0.38179871439933777 -0.21315212547779083 -1.670732021331787
0.41769328713417053 -0.6057819724082947 0.6771708726882935 0.015575448051095009 0.12941159307956696 -0.6980360150337219 -0.7042713165283203 -0.5974947810173035 0.8993246555328369 0.38180312514305115 -0.2131696492433548 -1.670754075050354
0.41772717237472534 -0.6057785153388977 0.6771531105041504 0.015481035225093365 0.12942442297935486 -0.6980192065238953 -0.7042856216430664 -0.5974797010421753 0.8993070721626282 0.3818393647670746 -0.21317896246910095 -1.6708461046218872
0.41759294271469116 -0.6059471964836121 0.6770849227905273 0.015791213139891624 0.12930415570735931 -0.6979540586471558 -0.704372227191925 -0.5975862741470337 0.8993867039680481 0.38169074058532715 -0.2131091058254242 -1.6705940961837769
0.4176212549209595 -0.6059210300445557 0.6770909428596497 0.015780124813318253 0.12930849194526672 -0.6979669332504272 -0.704358696937561 -0.5975768566131592 0.899372935295105 0.3817087411880493 -0.2131350040435791 -1.6706156730651855
0.41761890053749084 -0.6059083938598633 0.6771036386489868 0.01607949659228325 0.12931600213050842 -0.6979779005050659 -0.7043464183807373 -0.5977420210838318 0.899372935295105 0.38170868158340454 -0.2131350338459015 -1.670345425605774
0.41758936643600464 -0.6059231758117676 0.677108645439148 0.016077905893325806 0.12931855022907257 -0.6979745030403137 -0.7043493390083313 -0.5977421402931213 0.8993862867355347 0.38169145584106445 -0.21310952305793762 -1.670355200767517
0.4174220860004425 -0.6059460043907166 0.6771913766860962 0.01607155241072178 0.12930844724178314 -0.6980288624763489 -0.7042973041534424 -0.5977093577384949 0.8994654417037964 0.38155579566955566 -0.21301864087581635 -1.670304775238037
0.41744861006736755 -0.6059200763702393 0.6771981716156006 0.015965871512889862 0.1293083280324936 -0.6980441808700562 -0.7042821645736694 -0.5976604223251343 0.8994531035423279 0.381568968296051 -0.21304696798324585 -1.670418381690979
0.41744372248649597 -0.6059249043464661 0.6771969199180603 0.015958791598677635 0.12931635975837708 -0.6980379223823547 -0.7042868733406067 -0.5976546406745911 0.8994542360305786 0.38157275319099426 -0.2130354642868042 -1.6704277992248535
0.4175057113170624 -0.605891764163971 0.6771883368492126 0.015962671488523483 0.12917111814022064 -0.6981066465377808 -0.7042454481124878 -0.5976895689964294 0.8994463086128235 0.38149964809417725 -0.2131997048854828 -1.6703613996505737
0.41753649711608887 -0.6059087514877319 0.6771541833877563 0.01595371589064598 0.1291620284318924 -0.6980792880058289 -0.7042742371559143 -0.597684383392334 0.8994333148002625 0.3815227746963501 -0.21321307122707367 -1.6703640222549438
0.41761282086372375 -0.6058345437049866 0.6771734952926636 0.015932785347104073 0.12925156950950623 -0.6980847716331482 -0.7042523622512817 -0.597678542137146 0.8993850350379944 0.381630539894104 -0.21322399377822876 -1.6703863143920898
0.41761183738708496 -0.6058427691459656 0.677166759967804 0.015926014631986618 0.12923425436019897 -0.6980839967727661 -0.7042562961578369 -0.5976726412773132 0.8993880152702332 0.3816188871860504 -0.21323241293430328 -1.6703906059265137
0.41766557097435 -0.6059769988059998 0.6770135164260864 0.01592564396560192 0.12917877733707428 -0.6979442238807678 -0.7044050097465515 -0.597564160823822 0.8993710279464722 0.38166147470474243 -0.21322782337665558 -1.6704579591751099
0.41766610741615295 -0.6059685349464417 0.6770207285881042 0.01592390611767769 0.12916821241378784 -0.6979572772979736 -0.7043940424919128 -0.5975465178489685 0.8993722796440125 0.38165104389190674 -0.21324114501476288 -1.6704673767089844
0.41762688755989075 -0.6059644818305969 0.6770485639572144 0.016108758747577667 0.12915870547294617 -0.6979828476905823 -0.7043704390525818 -0.597703754901886 0.8993918895721436 0.3816107213497162 -0.21323071420192719 -1.6702905893325806
0.4175834655761719 -0.6060840487480164 0.6769682765007019 0.01601932756602764 0.1289445161819458 -0.6979684233665466 -0.7044239640235901 -0.597637951374054 0.899442732334137 0.38144710659980774 -0.21330878138542175 -1.6703481674194336
0.41759318113327026 -0.6060547232627869 0.6769885420799255 0.01601419597864151 0.1289500892162323 -0.6979923248291016 -0.7043992877006531 -0.5976265668869019 0.899437427520752 0.38145002722740173 -0.21332591772079468 -1.6703462600708008
0.41759490966796875 -0.6059841513633728 0.6770506501197815 0.016307037323713303 0.1289994716644287 -0.6980440616607666 -0.7043389678001404 -0.5978348255157471 0.8994295597076416 0.3814675211906433 -0.21332791447639465 -1.6700551509857178
0.417584091424942 -0.6059848070144653 0.6770567893981934 0.016307756304740906 0.12898965179920197 -0.6980522871017456 -0.7043325901031494 -0.5978367328643799 0.8994359970092773 0.3814513683319092 -0.21332967281341553 -1.6700481176376343
0.4176750183105469 -0.605850100517273 0.6771212220191956 0.0163539070636034 0.12911690771579742 -0.6980982422828674 -0.7042636871337891 -0.5978314280509949 0.8993754982948303 0.3815810978412628 -0.21335262060165405 -1.6699589490890503
0.4176672399044037 -0.605853796005249 0.6771226525306702 0.016350505873560905 0.1291119009256363 -0.6980999708175659 -0.704262912273407 -0.5978266000747681 0.8993798494338989 0.3815721273422241 -0.21335045993328094 -1.6699492931365967
0.41757485270500183 -0.6059111952781677 0.6771283149719238 0.01658063568174839 0.12909625470638275 -0.6980876922607422 -0.7042779922485352 -0.5979954600334167 0.8994249701499939 0.38150346279144287 -0.21328288316726685 -1.6697672605514526
0.41763725876808167 -0.6058646440505981 0.6771314740180969 0.016568752005696297 0.12915678322315216 -0.6980829238891602 -0.7042716145515442 -0.5980290174484253 0.8993873000144958 0.3815861642360687 -0.21329380571842194 -1.669751524925232
0.4176466166973114 -0.6058698296546936 0.677121102809906 0.016569023951888084 0.12915055453777313 -0.698076069355011 -0.7042795419692993 -0.5980423092842102 0.8993838429450989 0.38159048557281494 -0.21330058574676514 -1.669736385345459
0.41771626472473145 -0.6058817505836487 0.6770674586296082 0.016490688547492027 0.12922638654708862 -0.6980006694793701 -0.7043403387069702 -0.5978953242301941 0.8993406295776367 0.38170933723449707 -0.21327023208141327 -1.669875144958496
0.4177205562591553 -0.6058820486068726 0.6770645380020142 0.0165027417242527 0.129234179854393 -0.6979951858520508 -0.7043443322181702 -0.5978910326957703 0.8993375301361084 0.3817189633846283 -0.21326619386672974 -1.6698697805404663
0.41782504320144653 -0.6058105826377869 0.6770640015602112 0.016385257244110107 0.12931767106056213 -0.6979879140853882 -0.7043362259864807 -0.5979059934616089 0.8992769718170166 0.381845623254776 -0.21329472959041595 -1.6699481010437012
0.4178370237350464 -0.6058065295219421 0.6770602464675903 0.016387470066547394 0.12931887805461884 -0.697986364364624 -0.7043375372886658 -0.5979063510894775 0.8992712497711182 0.38185495138168335 -0.21330223977565765 -1.6699419021606445
0.4178260266780853 -0.605867326259613 0.6770126223564148 0.016660338267683983 0.12925861775875092 -0.6979535222053528 -0.7043811678886414 -0.598017156124115 0.8992850184440613 0.3818184733390808 -0.21330948173999786 -1.669777512550354
0.41782331466674805 -0.6058517694473267 0.677028238773346 0.01648903451859951 0.12926995754241943 -0.6979660987854004 -0.7043665647506714 -0.5978412628173828 0.8992846608161926 0.3818201422691345 -0.21330797672271729 -1.6699554920196533
0.41782957315444946 -0.6058473587036133 0.6770282983779907 0.01651633344590664 0.12928231060504913 -0.6979627013206482 -0.7043676972389221 -0.5978269577026367 0.8992799520492554 0.38183340430259705 -0.21330401301383972 -1.669956088066101
0.4176962077617645 -0.6058624982833862 0.6770970821380615 0.01643872819840908 0.1292312890291214 -0.6980275511741638 -0.704312801361084 -0.5978164076805115 0.8993492722511292 0.3816908895969391 -0.21326696872711182 -1.6699782609939575
0.41771459579467773 -0.6058250665664673 0.6771191954612732 0.01645023003220558 0.12924741208553314 -0.6980514526367188 -0.7042861580848694 -0.5978057384490967 0.8993383646011353 0.38170647621154785 -0.21328486502170563 -1.6699739694595337
0.41774052381515503 -0.6058000922203064 0.6771255135536194 0.016406584531068802 0.12919598817825317 -0.6980878114700317 -0.7042595148086548 -0.5978930592536926 0.8993337154388428 0.38167962431907654 -0.2133525311946869 -1.6700067520141602
0.41764208674430847 -0.6058858633041382 0.6771095395088196 0.01665126159787178 0.12917137145996094 -0.6980525255203247 -0.7042990326881409 -0.5980479121208191 0.899383008480072 0.3816080689430237 -0.21327289938926697 -1.6697587966918945
0.41765204071998596 -0.605880856513977 0.6771078109741211 0.01666202023625374 0.1291753351688385 -0.6980516314506531 -0.7042992115020752 -0.5980579853057861 0.8993777632713318 0.38161760568618774 -0.21327774226665497 -1.6697521209716797
0.41770967841148376 -0.6058659553527832 0.6770856380462646 0.016575416550040245 0.12921209633350372 -0.6980260610580444 -0.7043177485466003 -0.5980145931243896 0.8993457555770874 0.3816879689693451 -0.21328695118427277 -1.669824242591858
0.4177139103412628 -0.6058611273765564 0.6770873665809631 0.016584157943725586 0.12918777763843536 -0.6980395913124084 -0.7043088674545288 -0.5980179309844971 0.8993472456932068 0.3816709816455841 -0.21331088244915009 -1.6698163747787476
0.41772618889808655 -0.6058786511421204 0.677064061164856 0.016793686896562576 0.1292099505662918 -0.6980065107345581 -0.7043375968933105 -0.5980629920959473 0.8993383646011353 0.381703644990921 -0.21328994631767273 -1.669625997543335
0.4176347553730011 -0.6059726476669312 0.6770363450050354 0.016700930893421173 0.129051074385643 -0.6980165243148804 -0.7043567895889282 -0.5979554057121277 0.8994036316871643 0.3815361261367798 -0.21331444382667542 -1.6696970462799072
0.41762080788612366 -0.6059602499008179 0.677056074142456 0.01670680195093155 0.12906087934970856 -0.6980314254760742 -0.7043402194976807 -0.5979373455047607 0.8994086980819702 0.3815285563468933 -0.21330657601356506 -1.6696797609329224
0.4175207316875458 -0.6059265732765198 0.6771479249000549 0.01638203300535679 0.1290588229894638 -0.6981114745140076 -0.7042612433433533 -0.5978235602378845 0.8994554877281189 0.3814355432987213 -0.2132757306098938 -1.6699241399765015
0.41752004623413086 -0.6059243679046631 0.6771503686904907 0.01637140102684498 0.12909169495105743 -0.6981001496315002 -0.7042664885520935 -0.5978120565414429 0.8994510769844055 0.3814598321914673 -0.21325089037418365 -1.669913411140442
0.4177231192588806 -0.6058996915817261 0.6770471930503845 0.016475526615977287 0.12926216423511505 -0.6979638338088989 -0.7043702602386475 -0.5978624820709229 0.8993322849273682 0.3817483186721802 -0.21323563158512115 -1.669980764389038
0.4177377223968506 -0.6059067249298096 0.6770318746566772 0.016483508050441742 0.12922942638397217 -0.6979639530181885 -0.7043761610984802 -0.5978456139564514 0.899330198764801 0.3817369043827057 -0.2132648080587387 -1.6699881553649902
0.41792553663253784 -0.6058016419410706 0.6770099401473999 0.01649807207286358 0.1293000429868698 -0.6979603171348572 -0.7043668031692505 -0.5977562665939331 0.899232804775238 0.3819102644920349 -0.21336516737937927 -1.6699576377868652
0.41800713539123535 -0.6058402061462402 0.6769250631332397 0.01636297069489956 0.1293070912361145 -0.6978811025619507 -0.7044439911842346 -0.5977353453636169 0.8991938829421997 0.38199377059936523 -0.21337975561618805 -1.6700327396392822
0.41804039478302 -0.6058300733566284 0.6769136190414429 0.016185058280825615 0.12928879261016846 -0.6978847980499268 -0.7044436931610107 -0.5977472066879272 0.8991810083389282 0.3820032477378845 -0.2134169042110443 -1.6701639890670776
0.4180256724357605 -0.6058527827262878 0.6769023537635803 0.016417300328612328 0.1293814480304718 -0.6978282332420349 -0.7044826745986938 -0.5978055000305176 0.8991745710372925 0.3820704221725464 -0.2133239209651947 -1.6700435876846313
0.41789254546165466 -0.6058939099311829 0.6769477725028992 0.01639065146446228 0.1293255090713501 -0.6978681087493896 -0.7044535279273987 -0.5979014039039612 0.899244487285614 0.38193246722221375 -0.2132762372493744 -1.6699634790420532
0.41782310605049133 -0.605930745601654 0.6769576668739319 0.016692426055669785 0.12923380732536316 -0.697899341583252 -0.7044393420219421 -0.5980893969535828 0.8992899060249329 0.3818168342113495 -0.21329164505004883 -1.6696932315826416
0.4180991053581238 -0.6058325171470642 0.6768751740455627 0.016683317720890045 0.12945963442325592 -0.6977836489677429 -0.7045124769210815 -0.5980058908462524 0.8991291522979736 0.3821840286254883 -0.21331177651882172 -1.6697698831558228
0.4180835783481598 -0.605836033821106 0.6768816113471985 0.01669694483280182 0.1294444054365158 -0.6977933049201965 -0.7045057415962219 -0.5980068445205688 0.8991385698318481 0.3821607828140259 -0.2133137583732605 -1.6697734594345093
0.418160080909729 -0.6057764291763306 0.6768877506256104 0.01654799096286297 0.1295122355222702 -0.6977927088737488 -0.7044938802719116 -0.597930908203125 0.8990932106971741 0.382256418466568 -0.21333351731300354 -1.6698660850524902
0.41815322637557983 -0.6057816743850708 0.6768872737884521 0.016550274565815926 0.12950369715690613 -0.6977939009666443 -0.7044942378997803 -0.5979292988777161 0.8990976214408875 0.3822459280490875 -0.21333372592926025 -1.6698704957962036
0.4181889295578003 -0.605632483959198 0.6769986748695374 0.016430677846074104 0.12965930998325348 -0.6978671550750732 -0.7043930888175964 -0.5978968739509583 0.8990585803985596 0.38234853744506836 -0.21331435441970825 -1.6699553728103638
0.4183006286621094 -0.6056152582168579 0.6769450902938843 0.016156934201717377 0.12964461743831635 -0.6978419423103333 -0.7044207453727722 -0.5976638793945312 0.8990087509155273 0.38242191076278687 -0.21339288353919983 -1.6702245473861694
0.41831475496292114 -0.6056009531021118 0.676949143409729 0.016134781762957573 0.12966229021549225 -0.6978430151939392 -0.7044164538383484 -0.5976229310035706 0.8989996314048767 0.38244253396987915 -0.21339432895183563 -1.6702392101287842
0.41838106513023376 -0.6056420207023621 0.6768714189529419 0.016081159934401512 0.12958092987537384 -0.6978055238723755 -0.7044685482978821 -0.5976793169975281 0.8989804983139038 0.38244590163230896 -0.21346886456012726 -1.670194149017334
0.41838178038597107 -0.6056257486343384 0.6768855452537537 0.016048654913902283 0.12960997223854065 -0.6978098154067993 -0.7044589519500732 -0.5976548194885254 0.8989760279655457 0.38246387243270874 -0.2134556621313095 -1.670192003250122
0.4183043837547302 -0.6056360006332397 0.6769242286682129 0.015988631173968315 0.12962529063224792 -0.6978269219398499 -0.7044392228126526 -0.5976191163063049 0.8990098237991333 0.3824164867401123 -0.21339821815490723 -1.670340657234192
0.41808581352233887 -0.6057116985321045 0.6769915223121643 0.01576589234173298 0.12948821485042572 -0.6979030966758728 -0.7043889164924622 -0.5975049734115601 0.8991312384605408 0.38215741515159607 -0.21335077285766602 -1.6705577373504639
0.4181057810783386 -0.6057091951370239 0.6769813895225525 0.015736473724246025 0.12948709726333618 -0.6978973746299744 -0.7043948173522949 -0.5974813103675842 0.8991221189498901 0.3821718692779541 -0.21336328983306885 -1.6705763339996338
0.4180382788181305 -0.6057191491127014 0.677014172077179 0.01611487753689289 0.12952476739883423 -0.6979008316993713 -0.704384446144104 -0.5977001786231995 0.8991480469703674 0.38214972615242004 -0.21329353749752045 -1.670232892036438
0.41802531480789185 -0.6057181358337402 0.6770231127738953 0.016102757304906845 0.12955833971500397 -0.6978933811187744 -0.7043856382369995 -0.5976884365081787 0.8991492390632629 0.38216498494148254 -0.2132611721754074 -1.6702461242675781
0.41793879866600037 -0.6057025194168091 0.6770904660224915 0.015895867720246315 0.12952889502048492 -0.697960376739502 -0.7043247222900391 -0.5975721478462219 0.8991937041282654 0.38206738233566284 -0.21324864029884338 -1.670424461364746
0.41812488436698914 -0.6055890321731567 0.6770771145820618 0.01582300290465355 0.1297653317451477 -0.6978956460952759 -0.7043453454971313 -0.5974454879760742 0.8990731239318848 0.3823654055595398 -0.21322298049926758 -1.6706087589263916
0.41814228892326355 -0.6055802702903748 0.6770741939544678 0.015813104808330536 0.12975284457206726 -0.6979023814201355 -0.7043409943580627 -0.5974202752113342 0.8990668058395386 0.38236701488494873 -0.21324662864208221 -1.6706397533416748
0.41814061999320984 -0.6055028438568115 0.677144467830658 0.015867047011852264 0.12986978888511658 -0.6979339122772217 -0.704288125038147 -0.5974734425544739 0.8990507125854492 0.38243207335472107 -0.21319790184497833 -1.670579433441162
0.41814374923706055 -0.6054765582084656 0.6771660447120667 0.015850933268666267 0.12989766895771027 -0.6979479789733887 -0.7042690515518188 -0.597453236579895 0.8990452289581299 0.3824479579925537 -0.21319252252578735 -1.6706085205078125
0.4181114733219147 -0.605490505695343 0.6771734952926636 0.01622994802892208 0.1298534870147705 -0.6979665756225586 -0.7042587995529175 -0.5975713133811951 0.8990666270256042 0.3823919892311096 -0.21320268511772156 -1.6702502965927124
0.4181180000305176 -0.6054912805557251 0.6771687865257263 0.016227738931775093 0.12985408306121826 -0.6979625821113586 -0.7042626142501831 -0.5975534915924072 0.8990634679794312 0.38239797949790955 -0.21320512890815735 -1.6702659130096436
0.41819530725479126 -0.6053390502929688 0.6772571206092834 0.015539145097136497 0.129918172955513 -0.6980594992637634 -0.7041547894477844 -0.597294807434082 0.8990182876586914 0.38246220350265503 -0.2132805585861206 -1.6708652973175049
0.41818568110466003 -0.6053381562232971 0.6772638559341431 0.015499108470976353 0.12991923093795776 -0.6980641484260559 -0.7041499018669128 -0.597268283367157 0.8990225791931152 0.3824549913406372 -0.2132752686738968 -1.6709027290344238
0.4181263744831085 -0.6053451895713806 0.6772941946983337 0.015387898311018944 0.1298283040523529 -0.6981217861175537 -0.7041095495223999 -0.5972883105278015 0.8990633487701416 0.3823387026786804 -0.21331210434436798 -1.6709102392196655
0.4181399941444397 -0.6053406596183777 0.6772898435592651 0.015344798564910889 0.12981955707073212 -0.6981241703033447 -0.7041087746620178 -0.5972718596458435 0.8990582227706909 0.38234150409698486 -0.2133284956216812 -1.6709388494491577
