# 3x4 first row second row third row Freq: 100 current Time: 2021-07-31-13:48:15
0.21486349403858185 -0.26835954189300537 0.9390510320663452 0.02033017762005329 0.9520886540412903 -0.15669742226600647 -0.2626272141933441 -0.6901722550392151 0.21762540936470032 0.9504888653755188 0.22183354198932648 -1.9246388673782349
0.2148735672235489 -0.2683424949645996 0.9390535950660706 0.02042943239212036 0.9520728588104248 -0.15675899386405945 -0.2626478374004364 -0.6902058720588684 0.21768468618392944 0.950483500957489 0.22179825603961945 -1.9246201515197754
0.21486124396324158 -0.2683493494987488 0.9390544295310974 0.020420487970113754 0.952077329158783 -0.15675267577171326 -0.2626354396343231 -0.6902107000350952 0.21767736971378326 0.9504826068878174 0.2218092679977417 -1.9246026277542114
0.21483319997787476 -0.2683323323726654 0.9390657544136047 0.020276738330721855 0.9520912766456604 -0.15673063695430756 -0.262597918510437 -0.6901063919067383 0.2176438868045807 0.9504910707473755 0.22180593013763428 -1.9247125387191772
0.21481534838676453 -0.2683632969856262 0.9390609860420227 0.020261814817786217 0.9520978927612305 -0.15671490132808685 -0.26258334517478943 -0.6901035904884338 0.21763259172439575 0.9504849314689636 0.22184336185455322 -1.924691915512085
0.21484746038913727 -0.26834017038345337 0.9390602111816406 0.020206812769174576 0.9520769119262695 -0.15677371621131897 -0.26262426376342773 -0.6900418996810913 0.21769261360168457 0.9504817128181458 0.22179807722568512 -1.9246838092803955
0.21481984853744507 -0.2683461308479309 0.9390648603439331 0.02018699422478676 0.9520941376686096 -0.15673068165779114 -0.26258760690689087 -0.6900339126586914 0.21764466166496277 0.9504871368408203 0.22182191908359528 -1.924651861190796
0.21480374038219452 -0.26840415596961975 0.9390519261360168 0.020126651972532272 0.9521121978759766 -0.15665508806705475 -0.26256710290908813 -0.689953625202179 0.2175813764333725 0.9504832029342651 0.2219007909297943 -1.924757957458496
0.21481773257255554 -0.26840445399284363 0.9390486478805542 0.020108606666326523 0.9521127343177795 -0.15663576126098633 -0.2625768482685089 -0.6899393200874329 0.2175654172897339 0.9504863023757935 0.22190317511558533 -1.9247334003448486
0.21479855477809906 -0.26841965317726135 0.939048707485199 0.020239345729351044 0.9521430134773254 -0.15652257204055786 -0.262534499168396 -0.6900241374969482 0.21745175123214722 0.9505006670951843 0.22195309400558472 -1.9247368574142456
0.21472200751304626 -0.2684572637081146 0.9390554428100586 0.0200343020260334 0.9521722793579102 -0.15647749602794647 -0.2624550759792328 -0.6899086833000183 0.21739904582500458 0.9504974484443665 0.22201842069625854 -1.9249218702316284
0.2147148847579956 -0.268440306186676 0.9390619397163391 0.02002156712114811 0.9521818161010742 -0.15644945204257965 -0.2624373733997345 -0.689904510974884 0.21736451983451843 0.950506865978241 0.2220119684934616 -1.9249165058135986
0.21462582051753998 -0.2683509290218353 0.9391078352928162 0.019978506490588188 0.9521804451942444 -0.15658912062644958 -0.2623589336872101 -0.6898984313011169 0.2174583524465561 0.9505091309547424 0.22191046178340912 -1.9249945878982544
0.2146366983652115 -0.26834070682525635 0.9391082525253296 0.01996432989835739 0.9521785378456116 -0.1565871387720108 -0.2623671293258667 -0.6898974776268005 0.21745607256889343 0.9505123496055603 0.22189892828464508 -1.9249932765960693
0.21462903916835785 -0.26841408014297485 0.9390890598297119 0.019933713600039482 0.952167272567749 -0.15662500262260437 -0.2623852491378784 -0.6898918747901917 0.21751272678375244 0.9504854083061218 0.22195884585380554 -1.9249566793441772
0.21462950110435486 -0.2683801054954529 0.9390986561775208 0.01990947686135769 0.9521753191947937 -0.15659888088703156 -0.2623717188835144 -0.689893901348114 0.21747715771198273 0.9504992961883545 0.22193418443202972 -1.9249451160430908
0.214736208319664 -0.2683625817298889 0.9390792846679688 0.019970841705799103 0.9521325826644897 -0.15666015446186066 -0.2624901533126831 -0.6899586915969849 0.2175588607788086 0.950494110584259 0.22187617421150208 -1.924914002418518
0.21473996341228485 -0.2682994604110718 0.9390964508056641 0.019874362275004387 0.9521350264549255 -0.15666258335113525 -0.26247987151145935 -0.689877450466156 0.21754451096057892 0.9505115747451782 0.22181561589241028 -1.925004482269287
0.21473480761051178 -0.2682923376560211 0.9390996694564819 0.019842440262436867 0.952139139175415 -0.15665285289287567 -0.26247072219848633 -0.6898811459541321 0.21753154695034027 0.9505151510238647 0.22181282937526703 -1.9249979257583618
0.21482624113559723 -0.2683526873588562 0.9390615224838257 0.019918156787753105 0.9520929455757141 -0.1567261964082718 -0.2625945508480072 -0.6899222731590271 0.21764349937438965 0.9504860639572144 0.22182780504226685 -1.9249744415283203
0.21485468745231628 -0.2683315575122833 0.9390610456466675 0.01988634467124939 0.952094554901123 -0.15669040381908417 -0.26261013746261597 -0.6899225115776062 0.2176084667444229 0.9504979252815247 0.22181136906147003 -1.9249681234359741
0.21481670439243317 -0.26823335886001587 0.9390977621078491 0.019826501607894897 0.9521073698997498 -0.1567082554101944 -0.26255300641059875 -0.6898636221885681 0.217589870095253 0.9505226612091064 0.22172340750694275 -1.9250212907791138
0.21482853591442108 -0.2682027220726013 0.9391038417816162 0.019789686426520348 0.952103316783905 -0.15672005712985992 -0.26256063580513 -0.6898583769798279 0.2175959050655365 0.9505293965339661 0.22168877720832825 -1.9250117540359497
0.21486122906208038 -0.2682635188102722 0.9390789866447449 0.019755924120545387 0.9521081447601318 -0.15664206445217133 -0.262589693069458 -0.689763605594635 0.21754252910614014 0.9505250453948975 0.2217595875263214 -1.9250884056091309
0.21483954787254333 -0.26826605200767517 0.9390832185745239 0.01972608081996441 0.9521176218986511 -0.1566264033317566 -0.26256465911865234 -0.6897481083869934 0.21752242743968964 0.9505269527435303 0.22177131474018097 -1.9250880479812622
0.21484361588954926 -0.2682057023048401 0.9390994906425476 0.01986444927752018 0.9521089792251587 -0.15667591989040375 -0.26256632804870605 -0.6898102164268494 0.21755607426166534 0.9505358338356018 0.2217002511024475 -1.925078272819519
0.2149239033460617 -0.26816263794898987 0.9390934705734253 0.01989339292049408 0.9520912170410156 -0.15666767954826355 -0.2626357972621918 -0.6898137331008911 0.2175547182559967 0.950549304485321 0.22164367139339447 -1.9250550270080566
0.21491970121860504 -0.2681635022163391 0.9390941262245178 0.019872991368174553 0.9520981311798096 -0.15664233267307281 -0.2626258432865143 -0.6898036599159241 0.2175285816192627 0.9505532383918762 0.22165246307849884 -1.9250597953796387
0.21487686038017273 -0.2681290805339813 0.9391137957572937 0.019977781921625137 0.9520872235298157 -0.15675200521945953 -0.26259997487068176 -0.6898982524871826 0.2176186740398407 0.9505448937416077 0.22159990668296814 -1.9250212907791138
0.21490077674388885 -0.2681198716163635 0.9391109347343445 0.01995716243982315 0.9520848989486694 -0.15673546493053436 -0.2626182436943054 -0.6898939609527588 0.21760517358779907 0.9505501985549927 0.2215903252363205 -1.925026535987854
0.2149137258529663 -0.2680485248565674 0.9391283392906189 0.020008597522974014 0.9520636796951294 -0.15683230757713318 -0.2626373767852783 -0.6899528503417969 0.2176852524280548 0.950554370880127 0.22149385511875153 -1.9249820709228516
0.21491548418998718 -0.26805227994918823 0.9391269087791443 0.019987886771559715 0.9520671367645264 -0.1568138748407364 -0.262635737657547 -0.6899547576904297 0.21766823530197144 0.9505563378334045 0.22150203585624695 -1.9249776601791382
0.21479059755802155 -0.26807332038879395 0.9391494393348694 0.01993120275437832 0.952083945274353 -0.15688703954219818 -0.2625310719013214 -0.6899151802062988 0.2177179753780365 0.9505383372306824 0.221530482172966 -1.9250166416168213
0.21478381752967834 -0.26806867122650146 0.9391523003578186 0.019909944385290146 0.9520871043205261 -0.15688280761241913 -0.2625221312046051 -0.6899150013923645 0.21771082282066345 0.9505403637886047 0.22152884304523468 -1.9250104427337646
0.2147798389196396 -0.26806163787841797 0.9391552209854126 0.01988382451236248 0.9520949721336365 -0.15685530006885529 -0.2625100314617157 -0.6898497343063354 0.21768036484718323 0.9505468606948853 0.22153079509735107 -1.9249762296676636
0.21481449902057648 -0.2680603563785553 0.9391476511955261 0.019812777638435364 0.9520992040634155 -0.1567949652671814 -0.2625308334827423 -0.6897964477539062 0.21762774884700775 0.9505571722984314 0.2215382307767868 -1.9250303506851196
0.2148212343454361 -0.26806706190109253 0.9391441941261292 0.01978357508778572 0.9520965814590454 -0.15679632127285004 -0.2625395357608795 -0.6897870302200317 0.21763257682323456 0.9505550861358643 0.2215425819158554 -1.9250164031982422
0.21480338275432587 -0.26806017756462097 0.9391502737998962 0.019714394584298134 0.9520893692970276 -0.15685154497623444 -0.26253271102905273 -0.6897793412208557 0.21768175065517426 0.9505478739738464 0.22152501344680786 -1.9251271486282349
0.21480847895145416 -0.26805946230888367 0.9391493201255798 0.019683867692947388 0.9520896673202515 -0.15684418380260468 -0.2625359892845154 -0.6897715330123901 0.21767538785934448 0.950549304485321 0.22152520716190338 -1.9251182079315186
0.21473799645900726 -0.2680186927318573 0.9391770362854004 0.019795896485447884 0.9520912170410156 -0.15693487226963043 -0.26247620582580566 -0.6897884011268616 0.21773818135261536 0.9505458474159241 0.22147837281227112 -1.9250982999801636
0.2147565633058548 -0.26800838112831116 0.9391757845878601 0.019768474623560905 0.9520915150642395 -0.1569136530160904 -0.2624876797199249 -0.6897776126861572 0.21771840751171112 0.950552225112915 0.22147028148174286 -1.9250905513763428
0.21477338671684265 -0.2679648995399475 0.939184308052063 0.01970020681619644 0.9520776867866516 -0.15696564316749573 -0.26250675320625305 -0.6897337436676025 0.2177622765302658 0.9505559206008911 0.22141137719154358 -1.9251049757003784
0.21477769315242767 -0.26794320344924927 0.9391895532608032 0.019671205431222916 0.9520756006240845 -0.15697571635246277 -0.26250842213630676 -0.6897186040878296 0.21776731312274933 0.9505603909492493 0.22138731181621552 -1.925089716911316
0.21489164233207703 -0.2679997384548187 0.9391473531723022 0.019796039909124374 0.9520444273948669 -0.1569567769765854 -0.26263266801834106 -0.6898077130317688 0.21779103577136993 0.9505475759506226 0.22141897678375244 -1.9250408411026
0.214909166097641 -0.26795950531959534 0.9391548037528992 0.019678303971886635 0.952049732208252 -0.15692348778247833 -0.2626333236694336 -0.6897082328796387 0.21775056421756744 0.9505643844604492 0.22138650715351105 -1.9251445531845093
0.21490639448165894 -0.2679673731327057 0.9391531944274902 0.019652459770441055 0.9520558714866638 -0.15689784288406372 -0.2626263499259949 -0.6896950602531433 0.2177264243364334 0.9505664110183716 0.22140157222747803 -1.9251377582550049
0.21487316489219666 -0.26790422201156616 0.9391788244247437 0.019650528207421303 0.9520537257194519 -0.15696555376052856 -0.2625938057899475 -0.6896792650222778 0.21776872873306274 0.9505730271339417 0.22133153676986694 -1.9252121448516846
0.21488751471042633 -0.2679099142551422 0.9391738772392273 0.019631965085864067 0.9520539045333862 -0.15694566071033478 -0.26260504126548767 -0.6896690130233765 0.21775376796722412 0.9505746960639954 0.22133903205394745 -1.9252127408981323
0.2148648500442505 -0.26786428689956665 0.9391921162605286 0.01975020207464695 0.9520382881164551 -0.15705418586730957 -0.2625967264175415 -0.6897451877593994 0.21784435212612152 0.9505696892738342 0.22127164900302887 -1.9251433610916138
0.21486037969589233 -0.26785412430763245 0.9391960501670837 0.019734369590878487 0.9520447850227356 -0.15703411400318146 -0.2625851631164551 -0.689740777015686 0.21782034635543823 0.9505758285522461 0.22126871347427368 -1.9251368045806885
0.2149268537759781 -0.26783668994903564 0.9391857981681824 0.019825374707579613 0.9520319700241089 -0.15701374411582947 -0.2626437544822693 -0.6897628307342529 0.217810720205307 0.9505841135978699 0.22124265134334564 -1.9250911474227905
0.2149312049150467 -0.267818421125412 0.9391899704933167 0.019809983670711517 0.9520367383956909 -0.15699288249015808 -0.2626390755176544 -0.689754843711853 0.21778574585914612 0.9505926966667175 0.22123031318187714 -1.9250812530517578
0.21488285064697266 -0.2678424119949341 0.9391942024230957 0.01972227357327938 0.9520501494407654 -0.15698672831058502 -0.26259416341781616 -0.6896957755088806 0.217774897813797 0.9505869746208191 0.22126567363739014 -1.9251562356948853
0.2149084508419037 -0.2678489089012146 0.9391865134239197 0.01970379799604416 0.9520506262779236 -0.15695135295391083 -0.2626134157180786 -0.6896869540214539 0.21774731576442719 0.950590968132019 0.22127556800842285 -1.9251470565795898
0.21490511298179626 -0.2678084075450897 0.9391988515853882 0.019808035343885422 0.9520435929298401 -0.1569974422454834 -0.2626113295555115 -0.6897523999214172 0.21778136491775513 0.9505947828292847 0.22122573852539062 -1.925117015838623
0.21483337879180908 -0.267820805311203 0.9392117261886597 0.019958391785621643 0.9520248174667358 -0.15716350078582764 -0.26258015632629395 -0.6898702383041382 0.2179342359304428 0.9505638480186462 0.2212081104516983 -1.9250028133392334
0.2148105800151825 -0.2678084969520569 0.9392204284667969 0.019980136305093765 0.9520055651664734 -0.1572786271572113 -0.2625809907913208 -0.6899027228355408 0.21804073452949524 0.9505482912063599 0.2211700975894928 -1.9249881505966187
0.2147304117679596 -0.26783543825149536 0.9392310976982117 0.019956646487116814 0.9520257711410522 -0.1572808176279068 -0.26250648498535156 -0.6898882389068604 0.21803158521652222 0.95054030418396 0.22121326625347137 -1.9249835014343262
0.21473535895347595 -0.26782119274139404 0.9392340183258057 0.019940750673413277 0.9520291686058044 -0.15726399421691895 -0.2625042796134949 -0.6898929476737976 0.21801191568374634 0.9505470991134644 0.22120346128940582 -1.9249663352966309
0.2147310972213745 -0.26782000064849854 0.9392353296279907 0.019877159968018532 0.9520180225372314 -0.157318115234375 -0.2625122666358948 -0.6898927688598633 0.21806477010250092 0.9505385160446167 0.22118838131427765 -1.9250352382659912
0.21474191546440125 -0.2678368091583252 0.9392280578613281 0.019747652113437653 0.9520297050476074 -0.15724927186965942 -0.26251113414764404 -0.6897807121276855 0.21800309419631958 0.9505451321601868 0.22122059762477875 -1.9250963926315308
0.21474719047546387 -0.26782509684562683 0.93923020362854 0.019721129909157753 0.952028214931488 -0.1572524756193161 -0.26251450181007385 -0.6897763013839722 0.2180042564868927 0.9505479335784912 0.22120754420757294 -1.925083875656128
0.21469108760356903 -0.26784372329711914 0.9392377138137817 0.019822657108306885 0.9520444869995117 -0.15724468231201172 -0.2624601423740387 -0.6898025274276733 0.21798844635486603 0.9505439400672913 0.2212401181459427 -1.9250606298446655
0.21469135582447052 -0.26782289147377014 0.9392435550689697 0.019802812486886978 0.9520463943481445 -0.15724197030067444 -0.26245495676994324 -0.6897958517074585 0.21797996759414673 0.9505502581596375 0.22122134268283844 -1.925046682357788
0.21466466784477234 -0.26781710982322693 0.9392513036727905 0.019764354452490807 0.9520514011383057 -0.1572541892528534 -0.2624293863773346 -0.6897718906402588 0.21798430383205414 0.9505499005317688 0.2212187498807907 -1.9251370429992676
0.21471364796161652 -0.26782581210136414 0.939237654209137 0.0197908952832222 0.9520536065101624 -0.15718258917331696 -0.26246440410614014 -0.6897822618484497 0.21792656183242798 0.9505592584609985 0.22123530507087708 -1.92509925365448
0.21471764147281647 -0.2678314447402954 0.9392351508140564 0.01976693794131279 0.9520527124404907 -0.15717996656894684 -0.2624691426753998 -0.6897709369659424 0.21792645752429962 0.9505581259727478 0.22124037146568298 -1.9250891208648682
0.21469485759735107 -0.2678566575050354 0.939233124256134 0.01983141340315342 0.9520699381828308 -0.15712551772594452 -0.26243922114372253 -0.68978351354599 0.21787360310554504 0.9505600333213806 0.22128425538539886 -1.9250715970993042
0.21467313170433044 -0.26786619424819946 0.9392353892326355 0.019810214638710022 0.9520796537399292 -0.1571069359779358 -0.2624150812625885 -0.6897708773612976 0.21785253286361694 0.9505603909492493 0.221303328871727 -1.9250584840774536
0.21473540365695953 -0.2678481340408325 0.9392263293266296 0.01982295885682106 0.9520635604858398 -0.15710636973381042 -0.2624739110469818 -0.6897910833358765 0.2178615927696228 0.9505655765533447 0.22127217054367065 -1.9250677824020386
0.21473434567451477 -0.26783624291419983 0.9392299652099609 0.019801553338766098 0.9520657658576965 -0.15710142254829407 -0.2624689042568207 -0.6897822618484497 0.21785306930541992 0.950569748878479 0.22126264870166779 -1.9250551462173462
0.2147565335035324 -0.2678528130054474 0.939220130443573 0.019685935229063034 0.952087938785553 -0.15697284042835236 -0.26246532797813416 -0.6897179484367371 0.21773414313793182 0.9505863189697266 0.22130849957466125 -1.9251625537872314
0.2147616595029831 -0.26788339018821716 0.9392102360725403 0.019657479599118233 0.9520779252052307 -0.15700174868106842 -0.2624843418598175 -0.6897093653678894 0.21777285635471344 0.9505729675292969 0.22132791578769684 -1.9251527786254883
0.214861199259758 -0.2678626775741577 0.9391933679580688 0.01970248483121395 0.9520651698112488 -0.15694168210029602 -0.2625664472579956 -0.6896809339523315 0.2177303582429886 0.9505887031555176 0.2213020771741867 -1.9251335859298706
0.2149665206670761 -0.26781904697418213 0.9391817450523376 0.019712818786501884 0.952042818069458 -0.1569231003522873 -0.2626587450504303 -0.6896896958351135 0.21772433817386627 0.9506040811538696 0.2212419956922531 -1.9251708984375
0.2149677872657776 -0.2678140103816986 0.9391828775405884 0.019690269604325294 0.9520466327667236 -0.1569061279296875 -0.2626549303531647 -0.6896785497665405 0.21770623326301575 0.9506082534790039 0.22124166786670685 -1.9251668453216553
0.21506690979003906 -0.26775315403938293 0.9391775131225586 0.019697142764925957 0.9520272016525269 -0.15688708424568176 -0.26273685693740845 -0.6896889805793762 0.21769346296787262 0.9506285786628723 0.22116707265377045 -1.9251854419708252
0.21507391333580017 -0.2677331268787384 0.9391816258430481 0.019676346331834793 0.9520272016525269 -0.15688398480415344 -0.26273858547210693 -0.6896795034408569 0.21768638491630554 0.9506347179412842 0.2211475819349289 -1.9251810312271118
0.21504943072795868 -0.2677173912525177 0.9391917586326599 0.019797762855887413 0.952027440071106 -0.15691721439361572 -0.2627178430557251 -0.6897519826889038 0.2177094966173172 0.9506336450576782 0.22112935781478882 -1.9251198768615723
0.21506260335445404 -0.2677270174026489 0.9391859769821167 0.019783006981015205 0.9520293474197388 -0.15689025819301605 -0.26272714138031006 -0.6897456049919128 0.21768829226493835 0.9506353735923767 0.2211427539587021 -1.9251164197921753
0.21496999263763428 -0.26775726675987244 0.9391985535621643 0.019808778539299965 0.9520364999771118 -0.1569635272026062 -0.2626573443412781 -0.6897873282432556 0.21774834394454956 0.9506148099899292 0.2211722582578659 -1.9250881671905518
0.21495811641216278 -0.26780980825424194 0.9391862750053406 0.0199101734906435 0.9520477652549744 -0.15691430866718292 -0.26264604926109314 -0.6898482441902161 0.2177109718322754 0.9506081342697144 0.22123773396015167 -1.9250316619873047
0.21495942771434784 -0.26778313517570496 0.939193606376648 0.019886502996087074 0.9520484805107117 -0.15691691637039185 -0.2626417875289917 -0.6898435950279236 0.21770642697811127 0.9506151676177979 0.221211776137352 -1.9250319004058838
0.2149185687303543 -0.26785552501678467 0.9391822814941406 0.01993309147655964 0.9520370960235596 -0.15699633955955505 -0.2626356780529022 -0.689889669418335 0.21779660880565643 0.9505816698074341 0.2212669849395752 -1.9249703884124756
0.21489140391349792 -0.26786327362060547 0.9391863346099854 0.01990666426718235 0.9520500302314758 -0.15697094798088074 -0.2626040279865265 -0.6898853182792664 0.21776695549488068 0.9505836963653564 0.2212875336408615 -1.9249581098556519
0.2148713618516922 -0.26786860823631287 0.9391893744468689 0.019932162016630173 0.9520388245582581 -0.1570426970720291 -0.2626016438007355 -0.6898792386054993 0.21783559024333954 0.9505703449249268 0.2212773561477661 -1.9249600172042847
0.21492671966552734 -0.26786482334136963 0.9391778111457825 0.019812118262052536 0.9520471096038818 -0.1569400578737259 -0.26263299584388733 -0.6897895932197571 0.21774476766586304 0.9505883455276489 0.22128932178020477 -1.9250608682632446
0.21493007242679596 -0.2678543031215668 0.9391800165176392 0.01979253627359867 0.9520502686500549 -0.15692506730556488 -0.2626304626464844 -0.689782440662384 0.21772760152816772 0.9505937695503235 0.22128286957740784 -1.9250545501708984
0.21488241851329803 -0.26791003346443176 0.939175009727478 0.01993279717862606 0.9520577192306519 -0.15693505108356476 -0.2625974118709564 -0.689866304397583 0.2177419811487198 0.9505764245986938 0.2213432490825653 -1.9250060319900513
0.2148890644311905 -0.2678910195827484 0.9391789436340332 0.01992362178862095 0.952058732509613 -0.15692800283432007 -0.26259809732437134 -0.6898638010025024 0.21773116290569305 0.9505829811096191 0.22132588922977448 -1.9250006675720215
0.21492917835712433 -0.2679115831851959 0.939163863658905 0.01993188075721264 0.9520302414894104 -0.15699753165245056 -0.2626597285270691 -0.6898926496505737 0.21781601011753082 0.9505656957626343 0.2213166058063507 -1.9250118732452393
0.21495768427848816 -0.2678978145122528 0.9391613006591797 0.019885074347257614 0.9520382881164551 -0.15693151950836182 -0.2626700699329376 -0.6898633241653442 0.21775275468826294 0.9505804777145386 0.22131535410881042 -1.9250401258468628
0.2149578332901001 -0.26790669560432434 0.9391587376594543 0.019875062629580498 0.9520419836044312 -0.15691277384757996 -0.2626678943634033 -0.6898630261421204 0.21773651242256165 0.9505810737609863 0.22132880985736847 -1.925034761428833
0.21485339105129242 -0.26785391569137573 0.9391976594924927 0.019954446703195572 0.952045202255249 -0.15704095363616943 -0.26257961988449097 -0.6898903846740723 0.2178254872560501 0.9505747556686401 0.22126828134059906 -1.9250143766403198
0.21484652161598206 -0.2678646147251129 0.9391961693763733 0.019954411312937737 0.9520453214645386 -0.15704572200775146 -0.26257625222206116 -0.6898921728134155 0.21783164143562317 0.9505709409713745 0.22127854824066162 -1.9250068664550781
0.2148938626050949 -0.26784685254096985 0.9391904473304749 0.01993677020072937 0.9520559310913086 -0.1569468080997467 -0.26259708404541016 -0.689882218837738 0.21773876249790192 0.9505922794342041 0.22127828001976013 -1.9250048398971558
0.21494080126285553 -0.26786160469055176 0.9391754865646362 0.019848253577947617 0.9520431160926819 -0.15694111585617065 -0.26264676451683044 -0.6898319721221924 0.2177482396364212 0.950589120388031 0.2212827503681183 -1.9250746965408325
0.21493636071681976 -0.2678666114807129 0.9391750693321228 0.01984013244509697 0.9520482420921326 -0.15692298114299774 -0.26263919472694397 -0.6898356676101685 0.21773043274879456 0.9505906701087952 0.22129347920417786 -1.925063967704773
0.2148435264825821 -0.26789942383766174 0.9391869306564331 0.019819948822259903 0.9520428776741028 -0.1570504903793335 -0.262582391500473 -0.6898313760757446 0.21784545481204987 0.9505603909492493 0.22131046652793884 -1.9250935316085815
0.21485434472560883 -0.2678986191749573 0.9391847252845764 0.019811352714896202 0.9520416259765625 -0.1570429652929306 -0.2625914216041565 -0.6898359656333923 0.2178402543067932 0.9505618214607239 0.22130928933620453 -1.9250807762145996
0.21490643918514252 -0.2678556442260742 0.9391850233078003 0.019760368391871452 0.952013373374939 -0.15711450576782227 -0.26265090703964233 -0.6897799372673035 0.21791213750839233 0.9505621194839478 0.22123727202415466 -1.9250798225402832
0.214925616979599 -0.2678546905517578 0.9391809105873108 0.019749706611037254 0.9520126581192017 -0.15709446370601654 -0.2626654803752899 -0.6897822618484497 0.21789632737636566 0.9505656957626343 0.22123746573925018 -1.9250590801239014
0.21494032442569733 -0.2679316997528076 0.9391555786132812 0.01976858638226986 0.9520218968391418 -0.15701468288898468 -0.26267969608306885 -0.6897923946380615 0.21784146130084991 0.9505571722984314 0.22132809460163116 -1.9250540733337402
0.21491312980651855 -0.2679201066493988 0.9391651153564453 0.019753679633140564 0.9520288109779358 -0.1570209562778473 -0.26265087723731995 -0.6897886991500854 0.2178380787372589 0.9505594372749329 0.22132182121276855 -1.925037145614624
0.21495617926120758 -0.26794061064720154 0.9391494393348694 0.019655710086226463 0.9520404934883118 -0.15691179037094116 -0.26267385482788086 -0.689710795879364 0.2177446186542511 0.9505716562271118 0.2213611602783203 -1.9251298904418945
0.21492324769496918 -0.2679821848869324 0.9391450881958008 0.01962873339653015 0.9520546197891235 -0.15687881410121918 -0.2626424729824066 -0.6896839141845703 0.21771548688411713 0.9505653977394104 0.22141678631305695 -1.9252188205718994
0.21491864323616028 -0.2679986357688904 0.9391414523124695 0.019617514684796333 0.9520515203475952 -0.15689320862293243 -0.2626449763774872 -0.6896740794181824 0.21773342788219452 0.9505583643913269 0.2214292585849762 -1.925212025642395
0.21492551267147064 -0.2680079936981201 0.9391372203826904 0.019725339487195015 0.9520512819290161 -0.15688318014144897 -0.2626517713069916 -0.689720869064331 0.21772761642932892 0.9505574107170105 0.2214391678571701 -1.9251564741134644
0.21490347385406494 -0.2680155634880066 0.9391400814056396 0.019721075892448425 0.9520530104637146 -0.15690043568611145 -0.262635201215744 -0.689711332321167 0.21774183213710785 0.9505524039268494 0.22144658863544464 -1.9251455068588257
0.21488156914710999 -0.26799529790878296 0.939150869846344 0.019766250625252724 0.9520460963249207 -0.1569630652666092 -0.2626228928565979 -0.68974369764328 0.21779371798038483 0.9505477547645569 0.2214154303073883 -1.9251441955566406
0.21487216651439667 -0.26801711320877075 0.9391468167304993 0.01975950412452221 0.9520489573478699 -0.1569560468196869 -0.2626167833805084 -0.6897374391555786 0.21779057383537292 0.9505428075790405 0.22143994271755219 -1.9251317977905273
0.21487662196159363 -0.2680969834327698 0.9391230344772339 0.019839858636260033 0.9520237445831299 -0.15703831613063812 -0.2626590132713318 -0.6897803544998169 0.21789640188217163 0.9505066871643066 0.22149084508419037 -1.9250847101211548
0.21491655707359314 -0.2680472135543823 0.9391281008720398 0.019840197637677193 0.9520193934440613 -0.15702249109745026 -0.26268425583839417 -0.689792811870575 0.21787601709365845 0.950523316860199 0.2214394211769104 -1.9250799417495728
0.21492519974708557 -0.2680261731147766 0.9391320943832397 0.019858455285429955 0.9520193934440613 -0.1570177972316742 -0.2626870274543762 -0.6898004412651062 0.21786747872829437 0.9505300521850586 0.2214190512895584 -1.9250588417053223
0.21489763259887695 -0.2679974436759949 0.9391466379165649 0.019887223839759827 0.95201176404953 -0.1570926457643509 -0.2626698613166809 -0.689818263053894 0.21792788803577423 0.9505257606506348 0.2213778793811798 -1.9250634908676147
0.21488302946090698 -0.2680128812789917 0.939145565032959 0.0198737233877182 0.9520173668861389 -0.15708176791667938 -0.2626560926437378 -0.6898200511932373 0.21791787445545197 0.9505231976509094 0.22139872610569 -1.9250540733337402
0.21485213935375214 -0.2679881155490875 0.9391596913337708 0.0199299119412899 0.9520204067230225 -0.1571132093667984 -0.2626263499259949 -0.6898896098136902 0.21793514490127563 0.9505249857902527 0.22137406468391418 -1.9250524044036865
0.21484056115150452 -0.2679842710494995 0.9391634464263916 0.019912483170628548 0.9520210027694702 -0.15712562203407288 -0.2626166045665741 -0.6898906826972961 0.21794377267360687 0.9505240321159363 0.22136971354484558 -1.925052285194397
0.21488137543201447 -0.26797470450401306 0.9391568303108215 0.019799578934907913 0.9519957900047302 -0.1571885198354721 -0.2626703977584839 -0.6898121237754822 0.2180137038230896 0.9505163431167603 0.22133392095565796 -1.9250335693359375
0.21487544476985931 -0.2679981291294098 0.9391514658927917 0.019771719351410866 0.9519993662834167 -0.1571737378835678 -0.26266640424728394 -0.6898059248924255 0.21800406277179718 0.950512170791626 0.22136129438877106 -1.9250218868255615
0.21490077674388885 -0.2679714858531952 0.9391533136367798 0.019676383584737778 0.952018141746521 -0.15706832706928253 -0.262661337852478 -0.6897346377372742 0.21789699792861938 0.9505370855331421 0.22135964035987854 -1.9250954389572144
0.21490883827209473 -0.2679615914821625 0.9391542673110962 0.01977177895605564 0.9520009160041809 -0.15713635087013245 -0.26268306374549866 -0.689791738986969 0.2179642617702484 0.9505286812782288 0.2213296890258789 -1.9251465797424316
0.21491639316082 -0.26796260476112366 0.9391522407531738 0.01975017786026001 0.9520010352134705 -0.1571262627840042 -0.26268860697746277 -0.6897908449172974 0.21795623004436493 0.9505300521850586 0.22133170068264008 -1.9251506328582764
0.214842289686203 -0.26790493726730347 0.9391856789588928 0.019768530502915382 0.9520061016082764 -0.1572107970714569 -0.2626197636127472 -0.6898159384727478 0.21800726652145386 0.9505323171615601 0.22127161920070648 -1.9251779317855835
0.21484889090061188 -0.26790469884872437 0.9391842484474182 0.019743328914046288 0.952005922794342 -0.15720361471176147 -0.26262471079826355 -0.6898146867752075 0.2180015593767166 0.9505335688591003 0.2212718427181244 -1.9251865148544312
0.21494555473327637 -0.2677609622478485 0.9392030835151672 0.019760049879550934 0.9519726037979126 -0.1572711169719696 -0.262704998254776 -0.6897631883621216 0.21805167198181152 0.9505628943443298 0.22109639644622803 -1.9251291751861572
0.21494688093662262 -0.2677438259124756 0.9392076730728149 0.019727423787117004 0.9519779086112976 -0.15725117921829224 -0.2626977264881134 -0.68974769115448 0.21802721917629242 0.9505710005760193 0.2210855931043625 -1.925128698348999
0.21499311923980713 -0.2677578926086426 0.939193069934845 0.0197309497743845 0.951958954334259 -0.15727347135543823 -0.26275303959846497 -0.6897726655006409 0.21806436777114868 0.950563371181488 0.22108183801174164 -1.925123929977417
0.2149491310119629 -0.267800897359848 0.9391908645629883 0.019769133999943733 0.9519590139389038 -0.15731485188007355 -0.2627280652523041 -0.6897451281547546 0.21810750663280487 0.9505444169044495 0.22112078964710236 -1.9251530170440674
0.21490907669067383 -0.2677961587905884 0.9392014145851135 0.019763104617595673 0.9519709348678589 -0.1573130190372467 -0.26268595457077026 -0.6897602081298828 0.21809491515159607 0.9505460858345032 0.22112616896629333 -1.9251338243484497
0.21489830315113068 -0.2677789330482483 0.9392088055610657 0.01974422112107277 0.9519783854484558 -0.1572984755039215 -0.26266762614250183 -0.6897518634796143 0.21807298064231873 0.950553297996521 0.22111660242080688 -1.9251337051391602
0.21491390466690063 -0.2677879333496094 0.9392026662826538 0.019619010388851166 0.9519892930984497 -0.15722931921482086 -0.26266947388648987 -0.6896442770957947 0.21800991892814636 0.9505622386932373 0.22114050388336182 -1.9252042770385742
0.21490801870822906 -0.26776567101478577 0.9392103552818298 0.019709447398781776 0.9519802927970886 -0.15728212893009186 -0.2626706063747406 -0.6897072792053223 0.21805518865585327 0.9505597352981567 0.22110645473003387 -1.9252135753631592
0.21490441262722015 -0.2677308917045593 0.9392210841178894 0.019684014841914177 0.9519863128662109 -0.1572699099779129 -0.26265600323677063 -0.6896920204162598 0.2180323600769043 0.950571596622467 0.22107817232608795 -1.9252251386642456
0.21492449939250946 -0.26775455474853516 0.9392097592353821 0.01981249824166298 0.9519804120063782 -0.15726444125175476 -0.26268061995506287 -0.6897801160812378 0.21803824603557587 0.9505658149719238 0.22109714150428772 -1.925167202949524
0.21493856608867645 -0.26773637533187866 0.9392117261886597 0.019794093444943428 0.951977550983429 -0.15726500749588013 -0.26269078254699707 -0.6897700428962708 0.21803703904151917 0.950570821762085 0.22107672691345215 -1.9251755475997925
0.2149568349123001 -0.2676753103733063 0.9392249584197998 0.019938480108976364 0.9519626498222351 -0.15732483565807343 -0.26270899176597595 -0.689854085445404 0.21808412671089172 0.9505781531333923 0.2209988534450531 -1.9250558614730835
0.21499377489089966 -0.26763972640037537 0.9392266273498535 0.01996307261288166 0.9519562721252441 -0.15731756389141083 -0.2627364695072174 -0.6898767352104187 0.21807557344436646 0.9505893588066101 0.22095902264118195 -1.9250291585922241
0.21494154632091522 -0.2676622271537781 0.9392321705818176 0.020010652020573616 0.9519668221473694 -0.15732881426811218 -0.2626913785934448 -0.6899096369743347 0.21808084845542908 0.9505811929702759 0.22098907828330994 -1.9249812364578247
0.2149651199579239 -0.2676214575767517 0.9392383694648743 0.020066387951374054 0.9519574642181396 -0.15735219419002533 -0.26271122694015503 -0.6899501085281372 0.21809840202331543 0.9505887627601624 0.220939040184021 -1.9249372482299805
0.21498364210128784 -0.2676040232181549 0.9392390847206116 0.020057884976267815 0.9519538283348083 -0.15735039114952087 -0.2627255320549011 -0.6899495720863342 0.218096062541008 0.9505939483642578 0.2209189385175705 -1.9249272346496582
0.21492820978164673 -0.26759272813796997 0.9392549991607666 0.02004251442849636 0.9519608020782471 -0.15739084780216217 -0.2626761198043823 -0.6899386048316956 0.21812038123607635 0.9505904316902161 0.22091007232666016 -1.9249484539031982
0.21492551267147064 -0.26762905716896057 0.9392452836036682 0.020033061504364014 0.951958179473877 -0.15739542245864868 -0.26268288493156433 -0.68994140625 0.21813449263572693 0.9505794644355774 0.2209433764219284 -1.9249387979507446
0.21485736966133118 -0.26770687103271484 0.9392386674880981 0.019890379160642624 0.9519785046577454 -0.1573679894208908 -0.2626255750656128 -0.6898725032806396 0.2181127816438675 0.9505621194839478 0.2210395336151123 -1.9250119924545288
0.21478037536144257 -0.2677227854728699 0.9392517805099487 0.019939564168453217 0.9519859552383423 -0.15742497146129608 -0.262564480304718 -0.6899021863937378 0.21815618872642517 0.9505481719970703 0.22105655074119568 -1.9250116348266602
0.2148146778345108 -0.26774048805236816 0.9392388463020325 0.019924206659197807 0.9519824385643005 -0.15739361941814423 -0.262596070766449 -0.6899055242538452 0.21813781559467316 0.9505484104156494 0.22107380628585815 -1.9250025749206543
0.21469338238239288 -0.26778659224510193 0.9392534494400024 0.01986672729253769 0.9520021677017212 -0.1574423909187317 -0.2624951899051666 -0.6898596286773682 0.21817103028297424 0.9505273103713989 0.2211316078901291 -1.9250788688659668
0.21478568017482758 -0.26776939630508423 0.9392372965812683 0.0198003351688385 0.9519862532615662 -0.15740416944026947 -0.2625758647918701 -0.6897906064987183 0.21814964711666107 0.9505385160446167 0.22110463678836823 -1.9251056909561157
0.21478556096553802 -0.26777979731559753 0.9392343163490295 0.019779516384005547 0.9519925713539124 -0.15737390518188477 -0.2625710964202881 -0.6897873878479004 0.2181222289800644 0.9505406022071838 0.22112275660037994 -1.925096035003662
0.21483835577964783 -0.26780298352241516 0.9392156600952148 0.019745973870158195 0.9519868493080139 -0.15732795000076294 -0.2626193165779114 -0.6897521615028381 0.21809512376785278 0.9505416750907898 0.22114485502243042 -1.9251186847686768
0.21483466029167175 -0.2677912414073944 0.9392198324203491 0.019728897139430046 0.9519885778427124 -0.15732820332050323 -0.262612909078598 -0.6897497773170471 0.2180912345647812 0.9505448937416077 0.22113467752933502 -1.9251089096069336
0.2148386687040329 -0.26780518889427185 0.9392149448394775 0.019628329202532768 0.9520053863525391 -0.1572461575269699 -0.2626011371612549 -0.6896681785583496 0.2180139124393463 0.9505545496940613 0.22116944193840027 -1.9251803159713745
0.2148309350013733 -0.2678142189979553 0.9392141103744507 0.01961609348654747 0.952008843421936 -0.1572379171848297 -0.26259344816207886 -0.6896659135818481 0.21800634264945984 0.9505534172058105 0.2211819589138031 -1.925168514251709
0.21482692658901215 -0.2678680419921875 0.939199686050415 0.01958894357085228 0.9520217776298523 -0.15717145800590515 -0.26258644461631775 -0.6896374225616455 0.21795392036437988 0.9505492448806763 0.22125156223773956 -1.9252216815948486
0.21490241587162018 -0.26785939931869507 0.9391849040985107 0.019590960815548897 0.9520074129104614 -0.15714453160762787 -0.26265469193458557 -0.6896461248397827 0.21794231235980988 0.9505560994148254 0.22123341262340546 -1.9252592325210571
0.21488383412361145 -0.2678528130054474 0.9391910433769226 0.01958155445754528 0.952014148235321 -0.15713948011398315 -0.26263314485549927 -0.6896435618400574 0.21793103218078613 0.9505587816238403 0.22123295068740845 -1.9252575635910034
0.21498508751392365 -0.26788878440856934 0.9391576051712036 0.019692108035087585 0.9520080089569092 -0.15703275799751282 -0.2627193033695221 -0.6897019147872925 0.21785807609558105 0.950566291809082 0.22127258777618408 -1.9252086877822876
0.21497385203838348 -0.26787567138671875 0.9391639232635498 0.019689055159687996 0.952008843421936 -0.1570466309785843 -0.2627080976963043 -0.6896983981132507 0.21786564588546753 0.9505677223205566 0.22125908732414246 -1.925208330154419
0.21489690244197845 -0.26783955097198486 0.9391918182373047 0.019624853506684303 0.9520247578620911 -0.1570810079574585 -0.2626296877861023 -0.6897041201591492 0.21787182986736298 0.9505721926689148 0.22123369574546814 -1.9252783060073853
0.21487000584602356 -0.2678980231285095 0.9391812682151794 0.019611239433288574 0.9520213603973389 -0.15711234509944916 -0.2626233398914337 -0.6897011399269104 0.21791325509548187 0.9505505561828613 0.22128592431545258 -1.9252500534057617
0.21486417949199677 -0.26789072155952454 0.9391847252845764 0.019600240513682365 0.9520254731178284 -0.1571035087108612 -0.2626136839389801 -0.6897000670433044 0.21790099143981934 0.9505540728569031 0.22128289937973022 -1.9252444505691528
0.21490934491157532 -0.2678583264350891 0.9391835927963257 0.01961306482553482 0.9520171880722046 -0.15709364414215088 -0.26264962553977966 -0.6897065043449402 0.21789269149303436 0.9505648016929626 0.22124485671520233 -1.925202488899231
0.2148565798997879 -0.2678959369659424 0.9391849637031555 0.019640015438199043 0.9520193934440613 -0.1571378856897354 -0.2626151740550995 -0.6896539330482483 0.21793510019779205 0.95054692029953 0.221280038356781 -1.925211787223816
0.2147974967956543 -0.2678503692150116 0.9392114877700806 0.019646497443318367 0.9520208835601807 -0.15721619129180908 -0.26256293058395386 -0.689684271812439 0.2179868370294571 0.9505468010902405 0.22122950851917267 -1.9252490997314453
0.21481116116046906 -0.2678612768650055 0.9392052292823792 0.01964549347758293 0.9520213603973389 -0.1571943163871765 -0.2625741958618164 -0.6896781325340271 0.21797120571136475 0.9505473375320435 0.22124257683753967 -1.9252488613128662
0.21484403312206268 -0.26787903904914856 0.9391926527023315 0.019685881212353706 0.9520151615142822 -0.15717628598213196 -0.2626074552536011 -0.6896893978118896 0.21796587109565735 0.9505453109741211 0.2212565392255783 -1.925194263458252
0.2148355096578598 -0.26787838339805603 0.9391947984695435 0.019627416506409645 0.9520309567451477 -0.15711809694766998 -0.2625851333141327 -0.68963623046875 0.21790538728237152 0.950555145740509 0.2212739884853363 -1.9252477884292603
0.21483610570430756 -0.2678746283054352 0.9391956925392151 0.019621968269348145 0.9520347118377686 -0.1571018546819687 -0.26258108019828796 -0.6896284222602844 0.2178882211446762 0.9505588412284851 0.22127482295036316 -1.9252443313598633
