# 3x4 first row second row third row Freq: 100 current Time: 2021-07-31-13:45:26
0.7681804299354553 -0.37578463554382324 0.5183480381965637 -0.22216081619262695 -0.010780949145555496 -0.8171010613441467 -0.5763933658599854 -0.8227746486663818 0.640142560005188 0.43718579411506653 -0.6317323446273804 -1.88735830783844
0.7682639956474304 -0.3757164478302002 0.518273651599884 -0.2221677601337433 -0.010841647163033485 -0.8171549439430237 -0.5763158202171326 -0.8227312564849854 0.6400412917137146 0.4371437430381775 -0.631864070892334 -1.8873523473739624
0.768256664276123 -0.3757314682006836 0.5182735919952393 -0.2221302092075348 -0.010844447650015354 -0.8171457052230835 -0.5763288736343384 -0.8227716684341431 0.6400500535964966 0.4371481239795685 -0.6318522095680237 -1.8872706890106201
0.7682797908782959 -0.3756268620491028 0.5183151364326477 -0.22233392298221588 -0.010764900594949722 -0.8171900510787964 -0.5762674808502197 -0.8226239681243896 0.6400235891342163 0.4371550381183624 -0.6318742036819458 -1.8875291347503662
0.7682708501815796 -0.3756338655948639 0.5183233022689819 -0.22231224179267883 -0.010757158510386944 -0.817183792591095 -0.5762764811515808 -0.8226659893989563 0.6400344967842102 0.4371607303619385 -0.6318592429161072 -1.887464165687561
0.768320620059967 -0.3756757378578186 0.5182191729545593 -0.22223325073719025 -0.010932788252830505 -0.8172194361686707 -0.5762227177619934 -0.8226674795150757 0.6399717926979065 0.4370581805706024 -0.6319936513900757 -1.8874084949493408
0.7683321833610535 -0.3755928575992584 0.5182621479034424 -0.22243210673332214 -0.010871284641325474 -0.8172608017921448 -0.5761651396751404 -0.8225089311599731 0.6399589776992798 0.43705204129219055 -0.6320108771324158 -1.8876476287841797
0.7683327794075012 -0.3755870461463928 0.518265426158905 -0.22241026163101196 -0.010848271660506725 -0.8172510862350464 -0.5761793851852417 -0.8225517272949219 0.6399586200714111 0.4370752274990082 -0.6319952011108398 -1.8875855207443237
0.7683577537536621 -0.3755166232585907 0.5182794332504272 -0.2222541719675064 -0.010741349309682846 -0.817237377166748 -0.5762008428573608 -0.822709321975708 0.6399304270744324 0.4371613562107086 -0.6319642066955566 -1.8874696493148804
0.7683559060096741 -0.3755261301994324 0.5182753205299377 -0.22221797704696655 -0.010751832276582718 -0.8172353506088257 -0.576203465461731 -0.8227618336677551 0.6399324536323547 0.43715691566467285 -0.631965160369873 -1.8874024152755737
0.7683607935905457 -0.37549299001693726 0.5182920098304749 -0.222387433052063 -0.010720326565206051 -0.8172469735145569 -0.5761876106262207 -0.822530210018158 0.639927089214325 0.43716374039649963 -0.6319658756256104 -1.88766348361969
0.7683166265487671 -0.37553179264068604 0.5183294415473938 -0.22252367436885834 -0.010567896068096161 -0.8171332478523254 -0.5763517022132874 -0.8224433064460754 0.6399827003479004 0.43734294176101685 -0.6317855715751648 -1.887840986251831
0.7683096528053284 -0.3754812479019165 0.518376350402832 -0.2224477231502533 -0.010553590022027493 -0.8171849250793457 -0.5762786865234375 -0.822555661201477 0.639991283416748 0.4372897446155548 -0.6318137049674988 -1.8877252340316772
0.7683664560317993 -0.37537530064582825 0.5183688998222351 -0.22264444828033447 -0.010520340874791145 -0.8172368407249451 -0.5762056708335876 -0.822350263595581 0.639923632144928 0.4372836649417877 -0.6318864226341248 -1.887877345085144
0.7683559656143188 -0.3753672242164612 0.5183902978897095 -0.2226392924785614 -0.010501309297978878 -0.8172407746315002 -0.5762004256248474 -0.8223755955696106 0.6399365067481995 0.4372832477092743 -0.6318736672401428 -1.8878296613693237
0.7684689164161682 -0.37527284026145935 0.5182912349700928 -0.22258655726909637 -0.010539764538407326 -0.8172861933708191 -0.5761352777481079 -0.8224411606788635 0.6398003101348877 0.4372794032096863 -0.632014274597168 -1.8877915143966675
0.7684571743011475 -0.37527576088905334 0.5183064937591553 -0.22257909178733826 -0.010541158728301525 -0.8172928094863892 -0.5761258602142334 -0.822472870349884 0.6398143768310547 0.43726450204849243 -0.6320103406906128 -1.8877323865890503
0.7684485912322998 -0.3752691447734833 0.5183240175247192 -0.22268147766590118 -0.010543806478381157 -0.8173084855079651 -0.5761035680770874 -0.8223121166229248 0.639824628829956 0.4372408390045166 -0.6320163011550903 -1.8878252506256104
0.7684342265129089 -0.37538033723831177 0.5182648301124573 -0.22260621190071106 -0.010465328581631184 -0.8171421885490417 -0.576340913772583 -0.8223490118980408 0.6398431658744812 0.4374562203884125 -0.6318484544754028 -1.8879207372665405
0.7684268355369568 -0.3753979504108429 0.5182629823684692 -0.22257846593856812 -0.010482498444616795 -0.8171399235725403 -0.5763437747955322 -0.8223699331283569 0.6398517489433289 0.4374453127384186 -0.6318473219871521 -1.8878841400146484
0.7683723568916321 -0.37537360191345215 0.5183613896369934 -0.22265253961086273 -0.010417687706649303 -0.8171640634536743 -0.5763106942176819 -0.8223051428794861 0.6399182677268982 0.437421053647995 -0.6317967772483826 -1.887945532798767
0.7683739066123962 -0.3754180073738098 0.518326997756958 -0.22262972593307495 -0.010472447611391544 -0.8171510100364685 -0.5763282775878906 -0.8223212957382202 0.6399155259132385 0.4374074339866638 -0.6318089962005615 -1.8879121541976929
0.768349289894104 -0.375399112701416 0.5183771848678589 -0.22257016599178314 -0.010423616506159306 -0.8171573877334595 -0.5763201117515564 -0.8223705291748047 0.6399458646774292 0.43741175532341003 -0.6317752599716187 -1.8878482580184937
0.7684729695320129 -0.37538281083106995 0.5182055234909058 -0.22266249358654022 -0.010640610940754414 -0.8172297477722168 -0.5762134790420532 -0.8222631216049194 0.6397937536239624 0.4372904598712921 -0.6320132613182068 -1.8878929615020752
0.7684617042541504 -0.3753882050514221 0.5182183384895325 -0.22265224158763885 -0.010643650777637959 -0.8172343969345093 -0.5762068629264832 -0.8222758173942566 0.6398072242736816 0.4372771382331848 -0.6320088505744934 -1.8878450393676758
0.7683460712432861 -0.3755016028881073 0.518307626247406 -0.22244739532470703 -0.010768981650471687 -0.8172817826271057 -0.5761373043060303 -0.8224339485168457 0.6399439573287964 0.4370911717414856 -0.6319990158081055 -1.887642502784729
0.7683448791503906 -0.375514954328537 0.5182997584342957 -0.22243157029151917 -0.010767090134322643 -0.817266583442688 -0.576158881187439 -0.8224504590034485 0.6399454474449158 0.4371081292629242 -0.6319857835769653 -1.8875739574432373
0.768420398235321 -0.37542974948883057 0.51824951171875 -0.22232775390148163 -0.010611463338136673 -0.8171976208686829 -0.5762596726417542 -0.8226423859596252 0.6398573517799377 0.43731027841567993 -0.6319351196289062 -1.8874837160110474
0.7684085965156555 -0.3754354417324066 0.5182628631591797 -0.22231321036815643 -0.010613683611154556 -0.8172017335891724 -0.5762537121772766 -0.822668194770813 0.6398714780807495 0.43729761242866516 -0.6319295763969421 -1.8874162435531616
0.7682886123657227 -0.3754614293575287 0.5184218883514404 -0.2225029170513153 -0.010450261645019054 -0.8171523213386536 -0.5763267874717712 -0.8224743008613586 0.6400182247161865 0.43736764788627625 -0.6317324638366699 -1.8876904249191284
0.7682954668998718 -0.37546584010124207 0.5184085965156555 -0.22249309718608856 -0.010462787002325058 -0.8171508312225342 -0.576328694820404 -0.8224942088127136 0.6400098204612732 0.43736669421195984 -0.6317416429519653 -1.887640357017517
0.7681732773780823 -0.3755002021789551 0.518564760684967 -0.22261227667331696 -0.010298391804099083 -0.8170931339263916 -0.5764134526252747 -0.8223742246627808 0.6401591897010803 0.4374449849128723 -0.631536066532135 -1.88782799243927
0.7681917548179626 -0.37549445033073425 0.5185415148735046 -0.2226025015115738 -0.010302097536623478 -0.8170879483222961 -0.5764206647872925 -0.8223955035209656 0.6401368975639343 0.4374595582485199 -0.6315485835075378 -1.8877865076065063
0.7682098150253296 -0.3754292130470276 0.5185619592666626 -0.22240684926509857 -0.010199308395385742 -0.8170765042304993 -0.5764387845993042 -0.8225897550582886 0.6401168704032898 0.43753692507743835 -0.6315152645111084 -1.8876110315322876
0.768284261226654 -0.37535494565963745 0.5185054540634155 -0.22252117097377777 -0.010192248970270157 -0.8170976638793945 -0.576408863067627 -0.8224437832832336 0.640027642250061 0.43756112456321716 -0.6315889954566956 -1.8877605199813843
0.7682795524597168 -0.37536385655403137 0.5185059905052185 -0.22250880300998688 -0.01019954401999712 -0.8170963525772095 -0.5764106512069702 -0.8224661350250244 0.6400331258773804 0.4375559687614441 -0.6315869092941284 -1.8877191543579102
0.7682796120643616 -0.3754628002643585 0.5184342861175537 -0.22262075543403625 -0.0103083411231637 -0.8170607089996338 -0.5764592289924622 -0.8224119544029236 0.6400313377380371 0.43753769993782043 -0.6316014528274536 -1.887836217880249
0.768288791179657 -0.37546125054359436 0.5184218287467957 -0.22260913252830505 -0.010300748981535435 -0.8170502781867981 -0.576474130153656 -0.8224403858184814 0.640020489692688 0.43755847215652466 -0.6315980553627014 -1.887795329093933
0.7684046626091003 -0.3752952814102173 0.5183702707290649 -0.22266772389411926 -0.010290972888469696 -0.8171400427818298 -0.5763471126556396 -0.8223608136177063 0.6398815512657166 0.4375332295894623 -0.6317563056945801 -1.887863039970398
0.7683533430099487 -0.375501811504364 0.5182967185974121 -0.22276557981967926 -0.01051605585962534 -0.8171032071113586 -0.5763952136039734 -0.822260856628418 0.6399394273757935 0.4374247193336487 -0.6317727565765381 -1.8880372047424316
0.768365740776062 -0.3755030333995819 0.5182774066925049 -0.22275297343730927 -0.010534806177020073 -0.817105233669281 -0.5763919949531555 -0.8222839832305908 0.6399242281913757 0.4374198913574219 -0.6317915320396423 -1.8880088329315186
0.7684080004692078 -0.37556591629981995 0.5181691646575928 -0.22297362983226776 -0.010755911469459534 -0.8171542882919312 -0.5763183832168579 -0.822063148021698 0.6398698091506958 0.4372742474079132 -0.6319474577903748 -1.8882371187210083
0.7683964967727661 -0.3755793869495392 0.5181764960289001 -0.22296710312366486 -0.010763118043541908 -0.8171530365943909 -0.5763200521469116 -0.8220831751823425 0.6398835182189941 0.4372650980949402 -0.6319398880004883 -1.8882044553756714
0.7683842778205872 -0.37557452917099 0.5181981325149536 -0.2226719856262207 -0.010789097286760807 -0.8171854019165039 -0.5762736201286316 -0.822330892086029 0.6398977637290955 0.4372086822986603 -0.6319645047187805 -1.887966275215149
0.7683970332145691 -0.37553295493125916 0.5182093977928162 -0.22306963801383972 -0.010766595602035522 -0.817206621170044 -0.5762439966201782 -0.8219763040542603 0.6398828029632568 0.4372048079967499 -0.6319823265075684 -1.8883270025253296
0.7684134840965271 -0.3755131959915161 0.5181993246078491 -0.22306643426418304 -0.01075541228055954 -0.817208468914032 -0.5762415528297424 -0.8219975829124451 0.6398633122444153 0.4372183084487915 -0.631992757320404 -1.8882843255996704
0.7684542536735535 -0.3755277097225189 0.5181283354759216 -0.2230672836303711 -0.010831433348357677 -0.8172132968902588 -0.5762332677841187 -0.8219121694564819 0.6398130655288696 0.43719682097435 -0.6320585012435913 -1.88831627368927
0.7684534192085266 -0.37554624676704407 0.5181161165237427 -0.22305618226528168 -0.010850852355360985 -0.8172065615653992 -0.5762425065040588 -0.8219244480133057 0.6398136615753174 0.43719351291656494 -0.632060170173645 -1.8882864713668823
0.7684382200241089 -0.3755698502063751 0.518121600151062 -0.22309432923793793 -0.010915609076619148 -0.8172361254692078 -0.5761993527412415 -0.8218783736228943 0.6398308873176575 0.43711796402931213 -0.6320949792861938 -1.8883174657821655
0.7684519290924072 -0.3755616843700409 0.5181071758270264 -0.22308477759361267 -0.010920996777713299 -0.817238450050354 -0.5761958956718445 -0.8218901753425598 0.6398142576217651 0.43712058663368225 -0.6321099400520325 -1.888277292251587
0.7683383226394653 -0.37564927339553833 0.5182121396064758 -0.2232423722743988 -0.010878115892410278 -0.8171980381011963 -0.5762540102005005 -0.8217535018920898 0.6399514675140381 0.43712085485458374 -0.6319708824157715 -1.88847815990448
0.76844722032547 -0.3755872845649719 0.5180955529212952 -0.22339226305484772 -0.011019989848136902 -0.817281186580658 -0.5761334300041199 -0.8216240406036377 0.6398182511329651 0.4370187222957611 -0.632176399230957 -1.888550877571106
0.7684497237205505 -0.3755836486816406 0.5180944800376892 -0.2233911007642746 -0.011025047861039639 -0.8172867298126221 -0.57612544298172 -0.8216372132301331 0.6398151516914368 0.4370114207267761 -0.6321845650672913 -1.8885102272033691
0.7683239579200745 -0.37566906213760376 0.5182190537452698 -0.2236316204071045 -0.010960957035422325 -0.8172435164451599 -0.5761879682540894 -0.8214728236198425 0.6399672627449036 0.43701884150505066 -0.6320254802703857 -1.8888587951660156
0.7683364152908325 -0.375657320022583 0.5182090997695923 -0.22363169491291046 -0.010951808653771877 -0.8172408938407898 -0.5761918425559998 -0.8214938640594482 0.6399524807929993 0.43703386187553406 -0.6320300102233887 -1.888837456703186
0.7684073448181152 -0.3757011890411377 0.5180720686912537 -0.22371692955493927 -0.011189923621714115 -0.8173007965087891 -0.5761022567749023 -0.8213909268379211 0.6398631930351257 0.4368840456008911 -0.6322240233421326 -1.88889479637146
0.7684087753295898 -0.37568727135658264 0.5180800557136536 -0.22371718287467957 -0.01118314079940319 -0.8173105716705322 -0.576088547706604 -0.821406364440918 0.6398615837097168 0.4368777275085449 -0.6322299838066101 -1.888866901397705
0.7684851884841919 -0.37557074427604675 0.518051266670227 -0.22339896857738495 -0.011209632270038128 -0.8174002766609192 -0.5759608149528503 -0.8216196894645691 0.6397693753242493 0.436810165643692 -0.6323699355125427 -1.8886116743087769
0.7683895230293274 -0.37557533383369446 0.5181897878646851 -0.22342249751091003 -0.011102222837507725 -0.8173944354057312 -0.5759711861610413 -0.8215653300285339 0.6398861408233643 0.43681713938713074 -0.6322469711303711 -1.8887481689453125
0.7683768272399902 -0.37555962800979614 0.5182200074195862 -0.2233925759792328 -0.011078733019530773 -0.8174054622650146 -0.5759559273719788 -0.8215891122817993 0.6399017572402954 0.4368099868297577 -0.632236123085022 -1.8887242078781128
0.7684276700019836 -0.37546685338020325 0.5182119011878967 -0.2234010100364685 -0.011046152561903 -0.8174477815628052 -0.5758965015411377 -0.8215617537498474 0.6398413181304932 0.43681052327156067 -0.6322969198226929 -1.8887170553207397
0.7684154510498047 -0.3754943907260895 0.5182099938392639 -0.2233739197254181 -0.011077758856117725 -0.8174480199813843 -0.5758955478668213 -0.8215805888175964 0.6398553848266602 0.4367864429950714 -0.6322993040084839 -1.888677954673767
0.7684454321861267 -0.37548136711120605 0.5181750059127808 -0.22337259352207184 -0.011055692099034786 -0.8174247145652771 -0.5759291052818298 -0.8216561675071716 0.6398198008537292 0.43684127926826477 -0.6322973966598511 -1.888650894165039
0.7684221863746643 -0.3755192756652832 0.5181820392608643 -0.22354111075401306 -0.011043171398341656 -0.8173916339874268 -0.5759762525558472 -0.8215683102607727 0.6398479342460632 0.4368705451488495 -0.6322487592697144 -1.8887919187545776
0.7684000730514526 -0.37553781270980835 0.5182012915611267 -0.22353330254554749 -0.011054933071136475 -0.817395806312561 -0.5759701132774353 -0.8215999007225037 0.6398742198944092 0.4368467926979065 -0.6322385668754578 -1.8887547254562378
0.7682773470878601 -0.37571337819099426 0.5182560682296753 -0.22353370487689972 -0.011225095018744469 -0.8174099326133728 -0.5759467482566833 -0.8215010762214661 0.6400186419487 0.43666934967041016 -0.6322149038314819 -1.8887712955474854
0.7682954668998718 -0.3757052719593048 0.5182350277900696 -0.2235173135995865 -0.011219480074942112 -0.8174013495445251 -0.5759590864181519 -0.8215184211730957 0.6399970054626465 0.43669241666793823 -0.6322209239006042 -1.8887296915054321
0.7684376835823059 -0.37568771839141846 0.518036961555481 -0.22352735698223114 -0.011360909789800644 -0.8174095749855042 -0.5759446620941162 -0.8215449452400208 0.6398237943649292 0.43669217824935913 -0.632396399974823 -1.8886998891830444
0.7683854103088379 -0.3757707178592682 0.5180542469024658 -0.2235129177570343 -0.01146773248910904 -0.817429780960083 -0.5759137868881226 -0.8215227127075195 0.6398845911026001 0.4365828335285187 -0.6324103474617004 -1.8887314796447754
0.7683778405189514 -0.37579333782196045 0.5180490612983704 -0.22349035739898682 -0.01146731711924076 -0.8174101114273071 -0.5759417414665222 -0.8215423226356506 0.6398937106132507 0.4366002082824707 -0.6323891282081604 -1.8886914253234863
0.7684242725372314 -0.37575840950012207 0.5180054903030396 -0.2233428657054901 -0.011339295655488968 -0.8173263072967529 -0.5760632157325745 -0.8217059969902039 0.6398401856422424 0.43678712844848633 -0.6323142051696777 -1.8886849880218506
0.7684245109558105 -0.3757735788822174 0.5179941654205322 -0.22330565750598907 -0.011351085267961025 -0.8173173666000366 -0.5760756731033325 -0.821743369102478 0.639839768409729 0.4367908537387848 -0.6323120594024658 -1.8886518478393555
0.7683383226394653 -0.3757818341255188 0.5181159377098083 -0.22326070070266724 -0.011263541877269745 -0.8173137903213501 -0.5760824084281921 -0.8217890858650208 0.6399447321891785 0.4367903769016266 -0.6322061419487 -1.8885961771011353
0.7683402299880981 -0.3757805824279785 0.5181140303611755 -0.2232317179441452 -0.011265466921031475 -0.8173150420188904 -0.5760806202888489 -0.8218233585357666 0.6399424076080322 0.4367890954017639 -0.6322093605995178 -1.8885595798492432
0.7684959769248962 -0.37567126750946045 0.5179623961448669 -0.22326920926570892 -0.011296749114990234 -0.8173397779464722 -0.5760449171066284 -0.8218067288398743 0.6397548913955688 0.4368368983268738 -0.6323661804199219 -1.888534665107727
0.7685670256614685 -0.37569260597229004 0.5178413987159729 -0.22323334217071533 -0.011418460868299007 -0.817345142364502 -0.5760349035263062 -0.821851372718811 0.6396673321723938 0.4368084669113159 -0.6324743628501892 -1.8884668350219727
0.7685335874557495 -0.3756946623325348 0.5178895592689514 -0.22306877374649048 -0.011400701478123665 -0.8173561692237854 -0.5760196447372437 -0.8219996690750122 0.6397078037261963 0.43678614497184753 -0.6324487924575806 -1.8882837295532227
0.76861172914505 -0.3757261335849762 0.5177507400512695 -0.22283422946929932 -0.011593819595873356 -0.8173936605453491 -0.5759625434875488 -0.8221079707145691 0.6396104693412781 0.4366888403892517 -0.6326144337654114 -1.8880490064620972
0.7686117887496948 -0.37573787569999695 0.5177420973777771 -0.2227848917245865 -0.01161543745547533 -0.8173952698707581 -0.5759598016738892 -0.8221479654312134 0.6396099925041199 0.43667569756507874 -0.6326239705085754 -1.887961506843567
0.7684741616249084 -0.37573856115341187 0.5179458856582642 -0.2230025976896286 -0.011478613130748272 -0.817405641078949 -0.5759478807449341 -0.8220105767250061 0.6397777795791626 0.43665575981140137 -0.632468044757843 -1.8882488012313843
0.7684669494628906 -0.3757511079311371 0.5179474949836731 -0.2229590266942978 -0.01148467417806387 -0.8174012899398804 -0.5759539604187012 -0.8220522403717041 0.6397863626480103 0.43665310740470886 -0.6324612498283386 -1.8881832361221313
0.7682763338088989 -0.375856876373291 0.5181534290313721 -0.22317573428153992 -0.011425355449318886 -0.8173878192901611 -0.5759742259979248 -0.8218685984611511 0.6400163173675537 0.43658727407455444 -0.6322739720344543 -1.888437271118164
0.76835036277771 -0.3758369982242584 0.5180581212043762 -0.22339211404323578 -0.011502333916723728 -0.8174062967300415 -0.5759464502334595 -0.8216882348060608 0.6399260759353638 0.4365697503089905 -0.6323773860931396 -1.8886287212371826
0.7683576941490173 -0.3757252097129822 0.5181283354759216 -0.22307242453098297 -0.011413217522203922 -0.8174641728401184 -0.5758660435676575 -0.8219209909439087 0.639918863773346 0.4365575909614563 -0.6323931217193604 -1.8883451223373413
0.7683039307594299 -0.3756421208381653 0.5182682871818542 -0.22308649122714996 -0.011199932545423508 -0.8174517750740051 -0.5758878588676453 -0.821921169757843 0.6399871706962585 0.4366523027420044 -0.6322585344314575 -1.8883980512619019
0.7683122158050537 -0.3756495714187622 0.518250584602356 -0.22303535044193268 -0.011204076930880547 -0.8174400329589844 -0.5759044289588928 -0.8219762444496155 0.6399771571159363 0.43666788935661316 -0.6322579979896545 -1.88834810256958
0.7684531807899475 -0.375530868768692 0.5181275606155396 -0.22307457029819489 -0.011164631694555283 -0.8174381256103516 -0.5759079456329346 -0.8219618797302246 0.6398085355758667 0.4367735981941223 -0.6323555707931519 -1.8883620500564575
0.7685136795043945 -0.3755098581314087 0.5180531144142151 -0.22333356738090515 -0.011179761029779911 -0.8174259066581726 -0.5759249925613403 -0.8217278122901917 0.6397356986999512 0.43681448698043823 -0.6324010491371155 -1.888608694076538
0.7684454917907715 -0.3755083680152893 0.5181553363800049 -0.2230890542268753 -0.011175637133419514 -0.8174765110015869 -0.5758532285690308 -0.8219162821769714 0.6398175954818726 0.4367211163043976 -0.6323826313018799 -1.8883966207504272
0.7684547305107117 -0.3754078149795532 0.5182145237922668 -0.22305496037006378 -0.010932003147900105 -0.8174149394035339 -0.5759453177452087 -0.821924090385437 0.6398107409477234 0.4369227886199951 -0.6322502493858337 -1.888397216796875
0.7684447169303894 -0.37541723251342773 0.5182225108146667 -0.22301410138607025 -0.010928399860858917 -0.8174095749855042 -0.57595294713974 -0.8219642043113708 0.6398228406906128 0.43692466616630554 -0.6322367191314697 -1.8883497714996338
0.7684135437011719 -0.3754495084285736 0.5182453393936157 -0.22292636334896088 -0.010913779959082603 -0.8173874020576477 -0.57598477602005 -0.8220574259757996 0.6398605108261108 0.43693846464157104 -0.6321890950202942 -1.88825261592865
0.7684049606323242 -0.3754459023475647 0.518260657787323 -0.22288906574249268 -0.010901334695518017 -0.8173893690109253 -0.5759821534156799 -0.8220958113670349 0.6398710012435913 0.4369378387928009 -0.6321789026260376 -1.8881940841674805
0.7683570384979248 -0.3755286633968353 0.518271803855896 -0.22274254262447357 -0.010945246554911137 -0.8173637986183167 -0.5760176777839661 -0.8222334384918213 0.6399278044700623 0.4369145929813385 -0.6321374177932739 -1.8879897594451904
0.7683490514755249 -0.37552133202552795 0.5182889699935913 -0.22270576655864716 -0.010937809012830257 -0.8173729181289673 -0.5760048031806946 -0.822270929813385 0.6399375796318054 0.43690377473831177 -0.6321350336074829 -1.887919306755066
0.7684243321418762 -0.37555059790611267 0.518156111240387 -0.22288180887699127 -0.011119449511170387 -0.8174072504043579 -0.5759526491165161 -0.8221449255943298 0.6398440003395081 0.43681439757347107 -0.6322914958000183 -1.888118863105774
0.7684290409088135 -0.375571072101593 0.5181342959403992 -0.2228505164384842 -0.011117154732346535 -0.817379355430603 -0.575992226600647 -0.822181761264801 0.6398383975028992 0.4368489682674408 -0.6322733163833618 -1.8880541324615479
0.7685015201568604 -0.37548574805259705 0.5180886387825012 -0.22278471291065216 -0.011102491989731789 -0.8174092173576355 -0.5759502053260803 -0.8221619725227356 0.6397516131401062 0.43686652183532715 -0.6323490142822266 -1.8880341053009033
0.7684285044670105 -0.3754861354827881 0.5181966423988342 -0.22298237681388855 -0.011019578203558922 -0.8174075484275818 -0.5759540796279907 -0.8220363855361938 0.6398407220840454 0.43686923384666443 -0.6322569251060486 -1.88825261592865
0.7684502005577087 -0.37548956274986267 0.518161952495575 -0.22295314073562622 -0.011045263148844242 -0.8174048066139221 -0.5759575366973877 -0.8220680952072144 0.6398141980171204 0.4368714392185211 -0.6322822570800781 -1.888196349143982
0.7684810757637024 -0.3755820095539093 0.5180491805076599 -0.22292883694171906 -0.011284010484814644 -0.8174416422843933 -0.575900673866272 -0.8220425248146057 0.6397729516029358 0.43672308325767517 -0.6324264407157898 -1.888141393661499
0.7684943675994873 -0.3755864202976227 0.5180262923240662 -0.22289688885211945 -0.011305682361125946 -0.817441463470459 -0.5759004950523376 -0.8220714330673218 0.6397566795349121 0.4367195963859558 -0.6324453353881836 -1.8880802392959595
0.7684293389320374 -0.3757230043411255 0.518023669719696 -0.2229909747838974 -0.011343867518007755 -0.8173649907112122 -0.5760082602500916 -0.8220915198326111 0.6398340463638306 0.43674522638320923 -0.6323493719100952 -1.8882213830947876
0.7684361934661865 -0.3757238984107971 0.5180128812789917 -0.22297120094299316 -0.011363574303686619 -0.8173722624778748 -0.575997531414032 -0.8221249580383301 0.6398255228996277 0.43673083186149597 -0.6323679685592651 -1.8881709575653076
0.7683557868003845 -0.3757879436016083 0.5180855989456177 -0.2231171876192093 -0.011328094638884068 -0.8173378109931946 -0.5760471224784851 -0.8219696879386902 0.6399226188659668 0.4367402195930481 -0.63226318359375 -1.888262152671814
0.7683795094490051 -0.3757437467575073 0.5180824995040894 -0.22310474514961243 -0.01132876705378294 -0.8173694014549255 -0.5760022401809692 -0.8219956755638123 0.6398941278457642 0.4367190897464752 -0.6323066353797913 -1.8882039785385132
0.7682871222496033 -0.3757985234260559 0.5181797742843628 -0.2233961522579193 -0.011254534125328064 -0.8173279762268066 -0.5760625600814819 -0.8217255473136902 0.6400063633918762 0.43674954771995544 -0.6321719288825989 -1.8886014223098755
0.7682945728302002 -0.3757842481136322 0.5181791186332703 -0.22338548302650452 -0.011240105144679546 -0.8173283338546753 -0.5760622620582581 -0.8217468857765198 0.639997661113739 0.43676114082336426 -0.6321727633476257 -1.888567566871643
0.7682204842567444 -0.3757759928703308 0.5182949900627136 -0.22298680245876312 -0.011195612139999866 -0.8173633813858032 -0.576013445854187 -0.8220219612121582 0.6400874257087708 0.4367026686668396 -0.632122278213501 -1.8882365226745605
0.7681641578674316 -0.37585219740867615 0.5183231830596924 -0.2228737771511078 -0.011185641400516033 -0.8173145651817322 -0.5760828256607056 -0.8221307396888733 0.6401551961898804 0.43672841787338257 -0.6320358514785767 -1.88816237449646
0.7681664228439331 -0.3758431375026703 0.5183264017105103 -0.2228448987007141 -0.01116238720715046 -0.8173070549964905 -0.5760939717292786 -0.8221585750579834 0.6401528716087341 0.43675026297569275 -0.6320230960845947 -1.888122320175171
0.7682388424873352 -0.37576600909233093 0.5182749629020691 -0.22274769842624664 -0.011288435198366642 -0.8174238204956055 -0.5759258270263672 -0.8221874833106995 0.6400637626647949 0.4365980625152588 -0.6322185397148132 -1.887999415397644
0.7682396769523621 -0.3757525086402893 0.5182835459709167 -0.22270949184894562 -0.011276506818830967 -0.8174300789833069 -0.5759171843528748 -0.82221919298172 0.6400629878044128 0.4365979731082916 -0.6322193741798401 -1.887941837310791
0.7682830691337585 -0.3756369650363922 0.5183029770851135 -0.2227855771780014 -0.011234311386942863 -0.8174967765808105 -0.5758233070373535 -0.8221544623374939 0.6400116086006165 0.43657249212265015 -0.632288932800293 -1.888047456741333
0.7683277130126953 -0.3754701316356659 0.5183576941490173 -0.22284430265426636 -0.011110899038612843 -0.8175641298294067 -0.5757301449775696 -0.8221019506454468 0.6399602293968201 0.43658995628356934 -0.6323289275169373 -1.888122320175171
0.7683173418045044 -0.37550392746925354 0.5183485746383667 -0.2228085696697235 -0.011146845296025276 -0.8175589442253113 -0.5757367610931396 -0.822131872177124 0.6399720311164856 0.43657055497169495 -0.6323303580284119 -1.888073444366455
0.7683926820755005 -0.3753153681755066 0.5183733701705933 -0.22281111776828766 -0.011033451184630394 -0.817633867263794 -0.5756325125694275 -0.8221710920333862 0.6398834586143494 0.43659237027168274 -0.6324049234390259 -1.8880994319915771
0.7684188485145569 -0.37530648708343506 0.518341064453125 -0.22277379035949707 -0.011041396297514439 -0.817629337310791 -0.5756387710571289 -0.8222121000289917 0.6398519277572632 0.4366084635257721 -0.6324257254600525 -1.8880513906478882
0.7685110569000244 -0.3752317726612091 0.5182585120201111 -0.2229231297969818 -0.010973315685987473 -0.8175960183143616 -0.5756874680519104 -0.8220105171203613 0.639742374420166 0.4367351531982422 -0.6324490308761597 -1.8882145881652832
0.7685310244560242 -0.37522265315055847 0.518235445022583 -0.22288724780082703 -0.01097299624234438 -0.8175907135009766 -0.5756949782371521 -0.8220385909080505 0.6397183537483215 0.4367528259754181 -0.6324611306190491 -1.8881620168685913
0.7685890793800354 -0.3751980662345886 0.5181671380996704 -0.22270162403583527 -0.011014857329428196 -0.8176025748252869 -0.5756772756576538 -0.822208046913147 0.639647901058197 0.43675175309181213 -0.6325331330299377 -1.8879444599151611
0.7686741352081299 -0.37521854043006897 0.5180261135101318 -0.22262729704380035 -0.011174269951879978 -0.8176242113113403 -0.5756435394287109 -0.8223435878753662 0.6395429372787476 0.4366937577724457 -0.6326793432235718 -1.8877969980239868
0.7686598300933838 -0.37524381279945374 0.5180290937423706 -0.2225823998451233 -0.011173509992659092 -0.8176064491271973 -0.5756687521934509 -0.8223950862884521 0.6395601630210876 0.43670520186424255 -0.6326540112495422 -1.887712836265564
0.7685447931289673 -0.37540826201438904 0.5180806517601013 -0.22265152633190155 -0.011244047433137894 -0.8175591230392456 -0.575734555721283 -0.8223313093185425 0.6396971940994263 0.43665245175361633 -0.632551908493042 -1.887884259223938
0.768485963344574 -0.37547680735588074 0.5181182026863098 -0.2227531224489212 -0.01125101838260889 -0.8175323605537415 -0.5757725238800049 -0.8222376108169556 0.6397677063941956 0.43664371967315674 -0.6324865818023682 -1.8879963159561157
0.7684528827667236 -0.37550634145736694 0.5181458592414856 -0.22293925285339355 -0.011404112912714481 -0.8176290392875671 -0.5756321549415588 -0.8220449090003967 0.6398047208786011 0.4364371597766876 -0.6325916647911072 -1.8882642984390259
0.7684221863746643 -0.3754996955394745 0.518196165561676 -0.22301015257835388 -0.011464552953839302 -0.8177009224891663 -0.5755288600921631 -0.8219757676124573 0.6398404836654663 0.43630826473236084 -0.6326444149017334 -1.8883105516433716
0.7684121131896973 -0.3755248188972473 0.5181929469108582 -0.2230043113231659 -0.011385136283934116 -0.8176264762878418 -0.5756361484527588 -0.8220437169075012 0.6398540735244751 0.4364260733127594 -0.6325494647026062 -1.8883079290390015
0.768412709236145 -0.37552666664123535 0.5181906819343567 -0.22297002375125885 -0.011395860463380814 -0.8176313042640686 -0.5756291151046753 -0.8220894932746887 0.6398531198501587 0.43641549348831177 -0.6325576901435852 -1.8882598876953125
0.7683461308479309 -0.37565845251083374 0.5181939601898193 -0.22305835783481598 -0.011441439390182495 -0.817566454410553 -0.5757203102111816 -0.8220555782318115 0.6399322748184204 0.43642356991767883 -0.632472038269043 -1.8883415460586548
0.7683161497116089 -0.3757377564907074 0.5181808471679688 -0.22297856211662292 -0.01149927917867899 -0.8175404667854309 -0.5757560729980469 -0.8221317529678345 0.6399672031402588 0.43640395998954773 -0.6324502229690552 -1.8882616758346558
0.7683225274085999 -0.37576067447662354 0.5181547999382019 -0.22294539213180542 -0.011539596132934093 -0.8175376653671265 -0.57575923204422 -0.8221681118011475 0.6399588584899902 0.4363894462585449 -0.6324687004089355 -1.8882153034210205
0.7683238983154297 -0.37577465176582336 0.518142580986023 -0.222634419798851 -0.01164462510496378 -0.8175926804542542 -0.5756790041923523 -0.822352409362793 0.6399552822113037 0.43627431988716125 -0.6325517296791077 -1.8879696130752563
0.768324613571167 -0.3757878541946411 0.5181319713592529 -0.22259244322776794 -0.011655449867248535 -0.8175848722457886 -0.5756898522377014 -0.8223832249641418 0.6399542093276978 0.4362776279449463 -0.6325505375862122 -1.887916088104248
0.7682417035102844 -0.37577271461486816 0.5182658433914185 -0.22251814603805542 -0.01159602589905262 -0.8176239132881165 -0.575635552406311 -0.822374165058136 0.6400548219680786 0.43621742725372314 -0.6324902772903442 -1.8877536058425903
0.7683629989624023 -0.3756324350833893 0.5181877613067627 -0.2226521372795105 -0.011627799831330776 -0.8177096247673035 -0.5755132436752319 -0.8222851157188416 0.6399086713790894 0.43617764115333557 -0.6326655149459839 -1.8879374265670776
0.7683714032173157 -0.3756349980831146 0.5181733965873718 -0.22261758148670197 -0.011626905761659145 -0.8176997303962708 -0.5755272507667542 -0.8223108649253845 0.6398985385894775 0.43619394302368164 -0.6326645612716675 -1.8878686428070068
0.7684791684150696 -0.3755534887313843 0.5180726647377014 -0.2227197289466858 -0.011599951423704624 -0.8176903128623962 -0.5755411982536316 -0.822213888168335 0.6397696137428284 0.43628180027008057 -0.6327343583106995 -1.8879790306091309
0.7686124444007874 -0.375468909740448 0.5179362297058105 -0.22274069488048553 -0.011649928987026215 -0.8177173733711243 -0.5755017399787903 -0.8221731781959534 0.6396085619926453 0.43630388379096985 -0.6328819394111633 -1.8879748582839966
0.7686206102371216 -0.3754812180995941 0.5179151892662048 -0.22269925475120544 -0.011676202528178692 -0.8177154064178467 -0.575503945350647 -0.8222018480300903 0.6395983099937439 0.4362969398498535 -0.6328970789909363 -1.8878872394561768
0.7687410116195679 -0.3755505383014679 0.5176862478256226 -0.22277460992336273 -0.01170423161238432 -0.8175661563873291 -0.5757154226303101 -0.8221980333328247 0.639453113079071 0.4365169107913971 -0.6328921318054199 -1.8879421949386597
0.7686316967010498 -0.3757186233997345 0.5177265405654907 -0.222856342792511 -0.011721696704626083 -0.8174741268157959 -0.5758457183837891 -0.8221732974052429 0.6395841240882874 0.43654465675354004 -0.6327405571937561 -1.8881802558898926
0.7686339020729065 -0.3757266700267792 0.5177174210548401 -0.22296908497810364 -0.01172241847962141 -0.8174639940261841 -0.5758600831031799 -0.8220882415771484 0.6395814418792725 0.43655669689178467 -0.6327349543571472 -1.888249397277832
0.7687367796897888 -0.3756854832172394 0.517594575881958 -0.2226153165102005 -0.011864990927278996 -0.817529022693634 -0.5757648348808289 -0.8222962617874146 0.6394551992416382 0.4364703595638275 -0.6329221129417419 -1.8878775835037231
0.7687475681304932 -0.37560808658599854 0.5176346898078918 -0.22282551229000092 -0.011763774789869785 -0.8175378441810608 -0.5757544040679932 -0.8221062421798706 0.6394440531730652 0.4365204870700836 -0.6328988075256348 -1.888115644454956
0.7687453627586365 -0.3756111264228821 0.5176358222961426 -0.2227797955274582 -0.011773881502449512 -0.8175430297851562 -0.5757468342781067 -0.8221426606178284 0.6394466161727905 0.43650808930397034 -0.6329047679901123 -1.8880478143692017
0.7687839269638062 -0.37542831897735596 0.5177111625671387 -0.2229805886745453 -0.011661786586046219 -0.8176405429840088 -0.5756106972694397 -0.8219875693321228 0.6394022703170776 0.4364827871322632 -0.6329669952392578 -1.8882588148117065
0.7687132358551025 -0.3754708170890808 0.5177853107452393 -0.22305139899253845 -0.011562060564756393 -0.8175788521766663 -0.5757002234458923 -0.8219274878501892 0.6394890546798706 0.4365617334842682 -0.6328248977661133 -1.8883734941482544
0.7687044739723206 -0.37546855211257935 0.5177999138832092 -0.22301578521728516 -0.011562355794012547 -0.817588210105896 -0.5756869912147522 -0.8219623565673828 0.6394996047019958 0.4365461468696594 -0.6328249573707581 -1.8883225917816162
0.7686519622802734 -0.3755839765071869 0.517794132232666 -0.22294782102108002 -0.0116617726162076 -0.8175675868988037 -0.5757142305374146 -0.8221036195755005 0.639560878276825 0.43648549914360046 -0.6328048706054688 -1.8882390260696411
0.7686540484428406 -0.37559905648231506 0.5177801847457886 -0.22292092442512512 -0.01169277261942625 -0.8175704479217529 -0.5757095813751221 -0.8221495747566223 0.6395578384399414 0.4364672005176544 -0.6328205466270447 -1.888193964958191
0.768735408782959 -0.3755720853805542 0.5176789164543152 -0.22315403819084167 -0.01181720569729805 -0.8176235556602478 -0.5756315588951111 -0.8218977451324463 0.6394577622413635 0.43639084696769714 -0.63297438621521 -1.8883827924728394
0.7686200737953186 -0.37568020820617676 0.5177716612815857 -0.2231617271900177 -0.01191323809325695 -0.817656397819519 -0.5755830407142639 -0.8218166828155518 0.639594554901123 0.43623632192611694 -0.6329426169395447 -1.8883914947509766
0.7686220407485962 -0.3756774663925171 0.5177707672119141 -0.22313730418682098 -0.01189844124019146 -0.8176478743553162 -0.5755954384803772 -0.8218465447425842 0.6395925283432007 0.4362546503543854 -0.6329320669174194 -1.8883366584777832
0.7684736847877502 -0.3757188022136688 0.5179609656333923 -0.22325271368026733 -0.011832167394459248 -0.817669153213501 -0.5755665302276611 -0.8217061161994934 0.6397719979286194 0.43617910146713257 -0.6328027248382568 -1.8884947299957275
0.768469512462616 -0.3757256865501404 0.5179621577262878 -0.22323232889175415 -0.011826584115624428 -0.8176608681678772 -0.5755784511566162 -0.8217278718948364 0.6397770643234253 0.4361887276172638 -0.6327909231185913 -1.8884512186050415
0.768281877040863 -0.3758469521999359 0.5181524753570557 -0.22335585951805115 -0.011791926808655262 -0.8176445960998535 -0.5756022334098816 -0.8216506838798523 0.6400030255317688 0.43611472845077515 -0.6326134204864502 -1.8885817527770996
0.7681777477264404 -0.37595295906066895 0.5182299613952637 -0.2236982136964798 -0.011718358844518661 -0.8175555467605591 -0.5757302641868591 -0.821418821811676 0.6401293873786926 0.43619033694267273 -0.6324334740638733 -1.8889203071594238
0.7682172656059265 -0.3759404718875885 0.5181804299354553 -0.22325697541236877 -0.011640793643891811 -0.817486584186554 -0.5758297443389893 -0.8218146562576294 0.6400833129882812 0.43633028864860535 -0.6323835253715515 -1.8885085582733154
0.7682144641876221 -0.3759376108646393 0.5181866884231567 -0.22323262691497803 -0.011631349101662636 -0.817485511302948 -0.5758314728736877 -0.8218607306480408 0.6400868892669678 0.4363348186016083 -0.6323767900466919 -1.888447880744934
0.7682955265045166 -0.3759113848209381 0.5180855393409729 -0.2231500893831253 -0.011709808371961117 -0.8175066709518433 -0.5757997632026672 -0.8218929767608643 0.6399881839752197 0.43631768226623535 -0.6324885487556458 -1.888396143913269
0.7683464884757996 -0.3758728504180908 0.5180378556251526 -0.22325125336647034 -0.011681130155920982 -0.8174912929534912 -0.5758221745491028 -0.8217728137969971 0.6399275064468384 0.43637967109680176 -0.6325071454048157 -1.888500452041626
0.7683338522911072 -0.37588605284690857 0.518047034740448 -0.223225399851799 -0.011678899638354778 -0.8174847364425659 -0.5758315920829773 -0.8217965960502625 0.6399427056312561 0.43638068437576294 -0.6324911117553711 -1.8884575366973877
0.7682671546936035 -0.37591075897216797 0.518127977848053 -0.22340472042560577 -0.011598063632845879 -0.8174526691436768 -0.5758787393569946 -0.8216947913169861 0.6400242447853088 0.43641942739486694 -0.6323818564414978 -1.8886653184890747
0.7682653665542603 -0.37590929865837097 0.5181317329406738 -0.22338305413722992 -0.011586815118789673 -0.8174480199813843 -0.5758855938911438 -0.8217270970344543 0.6400265693664551 0.4364294409751892 -0.6323725581169128 -1.8886289596557617
0.768373966217041 -0.37597745656967163 0.5179212093353271 -0.22337289154529572 -0.011764460243284702 -0.8174110651016235 -0.5759344100952148 -0.821618378162384 0.6398929953575134 0.4364399015903473 -0.6325004696846008 -1.8886761665344238
0.7684329152107239 -0.3760046660900116 0.5178139805793762 -0.22329376637935638 -0.011903397738933563 -0.817430853843689 -0.5759034752845764 -0.8216732740402222 0.6398196220397949 0.43637940287590027 -0.6326164603233337 -1.888592004776001
