# 3x4 first row second row third row Freq: 100 current Time: 2021-07-28-20:20:37
-0.12146305292844772 0.16552309691905975 -0.9786973595619202 -0.20553621649742126 0.05953235924243927 -0.9830078482627869 -0.17364050447940826 -0.6062791347503662 -0.99080890417099 -0.07935510575771332 0.10954543203115463 -2.4719579219818115
-0.12141018360853195 0.16556605696678162 -0.9786966443061829 -0.20551806688308716 0.05948822945356369 -0.9830045104026794 -0.17367452383041382 -0.6063209772109985 -0.9908180832862854 -0.07930681854486465 0.1094978004693985 -2.4719784259796143
-0.12133233994245529 0.16553083062171936 -0.978712260723114 -0.2055414766073227 0.05955250561237335 -0.9830067157745361 -0.17363998293876648 -0.6062893271446228 -0.9908237457275391 -0.07935294508934021 0.10941300541162491 -2.471984386444092
-0.12139762192964554 0.16554392874240875 -0.9787019491195679 -0.20553798973560333 0.05954457074403763 -0.983004093170166 -0.17365752160549164 -0.6062957048416138 -0.9908162355422974 -0.07935803383588791 0.10947739332914352 -2.4719505310058594
-0.121334969997406 0.16549518704414368 -0.9787179827690125 -0.20558321475982666 0.05960434302687645 -0.9830088019371033 -0.173610121011734 -0.606270968914032 -0.9908202886581421 -0.07940085232257843 0.1094093918800354 -2.471930503845215
-0.12138481438159943 0.16544541716575623 -0.9787201881408691 -0.20553503930568695 0.059616819024086 -0.9830159544944763 -0.17356552183628082 -0.6063081622123718 -0.9908134341239929 -0.0794164389371872 0.10946015268564224 -2.4718894958496094
-0.1213766410946846 0.16542880237102509 -0.9787240624427795 -0.20554882287979126 0.059638090431690216 -0.9830173254013062 -0.1735505312681198 -0.6062648892402649 -0.990813136100769 -0.07943424582481384 0.10944975912570953 -2.4719042778015137
-0.12136399000883102 0.16533705592155457 -0.9787411093711853 -0.20549970865249634 0.059718649834394455 -0.9830272793769836 -0.1734662503004074 -0.6062994599342346 -0.9908098578453064 -0.0795016884803772 0.10943068563938141 -2.471859931945801
-0.12134180217981339 0.16529646515846252 -0.9787507057189941 -0.20548497140407562 0.05969450995326042 -0.9830367565155029 -0.17342104017734528 -0.6062279343605042 -0.9908140301704407 -0.07946929335594177 0.1094164326786995 -2.4719080924987793
-0.12141747772693634 0.16531133651733398 -0.9787388443946838 -0.20548726618289948 0.05973577871918678 -0.9830297231674194 -0.1734466254711151 -0.6062232851982117 -0.9908022880554199 -0.07952520996332169 0.10948226600885391 -2.4719417095184326
-0.12144961953163147 0.16537129878997803 -0.9787247180938721 -0.20555007457733154 0.05964752286672592 -0.9830257296562195 -0.1734996885061264 -0.6062703728675842 -0.9908036589622498 -0.07945000380277634 0.10952438414096832 -2.4720518589019775
-0.12144293636083603 0.1653580218553543 -0.9787277579307556 -0.20559504628181458 0.059647463262081146 -0.9830281734466553 -0.17348581552505493 -0.6062432527542114 -0.9908044934272766 -0.07944728434085846 0.10951891541481018 -2.472054958343506
-0.12146836519241333 0.16541263461112976 -0.9787154197692871 -0.20551104843616486 0.059680528938770294 -0.9830154776573181 -0.17354635894298553 -0.606261670589447 -0.9907993674278259 -0.07949067652225494 0.1095336452126503 -2.472059488296509
-0.12146644294261932 0.16539528965950012 -0.9787185788154602 -0.2055390477180481 0.05969330295920372 -0.9830175638198853 -0.1735302060842514 -0.6062329411506653 -0.990798830986023 -0.07950107008218765 0.10953093320131302 -2.472059965133667
-0.12148522585630417 0.16542577743530273 -0.9787110686302185 -0.20552612841129303 0.059688784182071686 -0.9830121994018555 -0.17356184124946594 -0.6062738299369812 -0.9907968044281006 -0.07950330525636673 0.1095476746559143 -2.4720537662506104
-0.12146648019552231 0.1653824895620346 -0.9787207245826721 -0.2055707424879074 0.059691172093153 -0.9830199480056763 -0.1735171228647232 -0.6062631011009216 -0.9907989501953125 -0.07949753105640411 0.10953237861394882 -2.472019910812378
-0.12155795842409134 0.1653841882944107 -0.9787091016769409 -0.2055363804101944 0.05970572307705879 -0.9830172061920166 -0.173527792096138 -0.6063100695610046 -0.9907868504524231 -0.07952824980020523 0.10961946099996567 -2.472008466720581
-0.12158817052841187 0.16537664830684662 -0.9787065982818604 -0.20555086433887482 0.059658233076334 -0.9830219149589539 -0.17351742088794708 -0.6062616109848022 -0.9907860159873962 -0.07948560267686844 0.10965804010629654 -2.4720540046691895
-0.1215582937002182 0.16542571783065796 -0.9787020087242126 -0.2055056393146515 0.059638772159814835 -0.983015239238739 -0.17356213927268982 -0.6063002347946167 -0.990790843963623 -0.07946653664112091 0.10962814092636108 -2.47200608253479
-0.12153708934783936 0.16540679335594177 -0.9787078499794006 -0.20552943646907806 0.05966205894947052 -0.9830170273780823 -0.1735439896583557 -0.6062675714492798 -0.9907920360565186 -0.07948379218578339 0.10960479080677032 -2.472013235092163
-0.12152738124132156 0.16542652249336243 -0.9787057042121887 -0.20550519227981567 0.05971463397145271 -0.983009397983551 -0.17356884479522705 -0.6063137054443359 -0.990790069103241 -0.07953645288944244 0.10958445817232132 -2.4719955921173096
-0.12150069326162338 0.16538774967193604 -0.9787155985832214 -0.2055336833000183 0.059714000672101974 -0.9830167293548584 -0.17352767288684845 -0.6062920093536377 -0.9907934069633484 -0.07952678948640823 0.10956153273582458 -2.471986770629883
-0.12155316770076752 0.1653418093919754 -0.9787168502807617 -0.2054872065782547 0.05979597941040993 -0.9830175638198853 -0.1734948307275772 -0.6062920689582825 -0.9907820224761963 -0.07961221039295197 0.10960239917039871 -2.471903085708618
-0.1214931309223175 0.16530558466911316 -0.9787303805351257 -0.20550720393657684 0.05984596163034439 -0.9830207824707031 -0.17345912754535675 -0.6062586307525635 -0.9907863736152649 -0.07964718341827393 0.10953767597675323 -2.4718918800354004
-0.121519535779953 0.16533911228179932 -0.9787214398384094 -0.20552316308021545 0.05979953706264496 -0.9830182194709778 -0.1734897941350937 -0.6063085794448853 -0.9907858967781067 -0.07960952073335648 0.1095689907670021 -2.4719431400299072
-0.12150191515684128 0.16538198292255402 -0.9787164330482483 -0.20551680028438568 0.05972352251410484 -0.9830169677734375 -0.17352303862571716 -0.6062881350517273 -0.9907926917076111 -0.07953580468893051 0.10956153273582458 -2.4720234870910645
-0.12143625319004059 0.16529442369937897 -0.978739321231842 -0.20553624629974365 0.05975331366062164 -0.9830310344696045 -0.1734330952167511 -0.6062371134757996 -0.9907988905906677 -0.07954401522874832 0.109498992562294 -2.472059726715088
-0.12147911638021469 0.1653444617986679 -0.9787255525588989 -0.20549768209457397 0.05978243798017502 -0.983019232749939 -0.1734900325536728 -0.6063156127929688 -0.990791916847229 -0.07958605140447617 0.10953188687562943 -2.472074270248413
-0.12150920927524567 0.1653217077255249 -0.9787256717681885 -0.20552387833595276 0.059764813631772995 -0.9830242395401001 -0.17346765100955963 -0.6062833666801453 -0.9907892942428589 -0.07957130670547485 0.1095663532614708 -2.4720940589904785
-0.12151654064655304 0.16532708704471588 -0.9787238836288452 -0.20550432801246643 0.05979263782501221 -0.9830209612846375 -0.17347672581672668 -0.6063304543495178 -0.9907867312431335 -0.07960080355405807 0.10956824570894241 -2.4720852375030518
-0.12155383080244064 0.16533535718917847 -0.9787178635597229 -0.2055407166481018 0.05979197472333908 -0.9830189943313599 -0.17348796129226685 -0.6063128709793091 -0.9907821416854858 -0.07960762828588486 0.10960427671670914 -2.472076892852783
-0.12152346968650818 0.16534750163555145 -0.9787195324897766 -0.2055383026599884 0.05978793650865555 -0.98301762342453 -0.173497274518013 -0.6063216924667358 -0.9907861351966858 -0.07959964871406555 0.10957420617341995 -2.472050428390503
-0.12148088216781616 0.16531099379062653 -0.9787310361862183 -0.2055702805519104 0.05980467423796654 -0.9830233454704285 -0.1734590083360672 -0.606294572353363 -0.9907903671264648 -0.07960467040538788 0.1095324456691742 -2.472052812576294
-0.12153903394937515 0.1654089242219925 -0.9787072539329529 -0.20555582642555237 0.05979757010936737 -0.983005702495575 -0.17356127500534058 -0.6063026189804077 -0.9907836318016052 -0.07961881905794144 0.1095827966928482 -2.472017765045166
-0.12151703983545303 0.16536131501197815 -0.9787180423736572 -0.20557771623134613 0.059822387993335724 -0.9830124974250793 -0.17351442575454712 -0.6062658429145813 -0.9907848238945007 -0.07963424175977707 0.10956073552370071 -2.472026824951172
-0.12155081331729889 0.16536936163902283 -0.9787124395370483 -0.20554067194461823 0.059786561876535416 -0.9830134510993958 -0.1735212802886963 -0.6063319444656372 -0.9907828569412231 -0.07960554212331772 0.10959949344396591 -2.472022533416748
-0.12146653980016708 0.1653103232383728 -0.9787328839302063 -0.20551322400569916 0.05982958525419235 -0.9830216765403748 -0.1734599471092224 -0.6062596440315247 -0.990790605545044 -0.07962679117918015 0.10951406508684158 -2.4721004962921143
-0.1215139627456665 0.1652565747499466 -0.9787361025810242 -0.20543509721755981 0.05990470200777054 -0.9830244779586792 -0.1734180897474289 -0.606253981590271 -0.990780234336853 -0.07970364391803741 0.10955183207988739 -2.472025156021118
-0.12148141115903854 0.16522808372974396 -0.9787449240684509 -0.2054513692855835 0.05990782380104065 -0.9830297231674194 -0.17338718473911285 -0.6062204837799072 -0.9907840490341187 -0.07969783246517181 0.10952166467905045 -2.4720005989074707
-0.1215333566069603 0.16519784927368164 -0.9787436127662659 -0.20546144247055054 0.059926826506853104 -0.9830328226089478 -0.1733631193637848 -0.6062760949134827 -0.990776538848877 -0.07972243428230286 0.10957177728414536 -2.4720706939697266
-0.12148597091436386 0.1652279496192932 -0.978744387626648 -0.20547790825366974 0.059922754764556885 -0.9830284714698792 -0.17338907718658447 -0.6062392592430115 -0.990782618522644 -0.07971343398094177 0.10952353477478027 -2.4720804691314697
-0.12148001044988632 0.16526062786579132 -0.9787396192550659 -0.20545656979084015 0.05993584915995598 -0.9830217361450195 -0.17342285811901093 -0.60624098777771 -0.9907824993133545 -0.07972903549671173 0.10951273143291473 -2.4720757007598877
-0.12162995338439941 0.16532188653945923 -0.9787106513977051 -0.2054731249809265 0.05991635099053383 -0.9830102920532227 -0.173494353890419 -0.6062363386154175 -0.9907653331756592 -0.0797429159283638 0.10965829342603683 -2.471972703933716
-0.12162185460329056 0.16529512405395508 -0.9787161946296692 -0.20550458133220673 0.05991659685969353 -0.9830151200294495 -0.17346684634685516 -0.6062048077583313 -0.9907662868499756 -0.07973873615264893 0.10965248197317123 -2.471949577331543
-0.12158195674419403 0.1653209775686264 -0.9787167906761169 -0.20549340546131134 0.05992834270000458 -0.9830101728439331 -0.17349088191986084 -0.6062851548194885 -0.9907704591751099 -0.07974626868963242 0.10960916429758072 -2.4719977378845215
-0.1215907484292984 0.1652979701757431 -0.9787195920944214 -0.20552393794059753 0.05993245542049408 -0.9830138087272644 -0.1734689474105835 -0.6062653660774231 -0.9907691478729248 -0.07974931597709656 0.10961894690990448 -2.471980333328247
-0.12160614132881165 0.16523998975753784 -0.9787274599075317 -0.20544077455997467 0.05985988676548004 -0.9830296635627747 -0.17340391874313354 -0.6062831282615662 -0.9907716512680054 -0.07967352867126465 0.10965147614479065 -2.4720230102539062
-0.1215931847691536 0.16525232791900635 -0.9787269830703735 -0.20546327531337738 0.05988152697682381 -0.9830259680747986 -0.17341765761375427 -0.6062625050544739 -0.9907719492912292 -0.07969409972429276 0.10963397473096848 -2.472005605697632
-0.12171334773302078 0.16530954837799072 -0.9787023663520813 -0.2054259330034256 0.059875939041376114 -0.9830145239830017 -0.1734842211008072 -0.606270968914032 -0.9907575249671936 -0.07971610128879547 0.10974820703268051 -2.4720399379730225
-0.12166857719421387 0.1652340590953827 -0.9787206649780273 -0.20544284582138062 0.0599304735660553 -0.9830241799354553 -0.1734108179807663 -0.6062285900115967 -0.9907597303390503 -0.07975386828184128 0.10970088094472885 -2.4720442295074463
-0.1216520145535469 0.16518105566501617 -0.9787316918373108 -0.2054356336593628 0.06006387621164322 -0.9830230474472046 -0.17337100207805634 -0.6062346696853638 -0.9907536506652832 -0.07987738400697708 0.10966560244560242 -2.472027540206909
-0.12162197381258011 0.16516202688217163 -0.9787386655807495 -0.20547501742839813 0.060081563889980316 -0.9830254316329956 -0.17335142195224762 -0.6062167286872864 -0.9907562732696533 -0.0798875242471695 0.10963457822799683 -2.4719889163970947
-0.12162547558546066 0.16519945859909058 -0.9787318706512451 -0.20549426972866058 0.06007992476224899 -0.9830188751220703 -0.17338912189006805 -0.6062986850738525 -0.9907559752464294 -0.07989070564508438 0.10963524878025055 -2.4720473289489746
-0.12165399640798569 0.16527336835861206 -0.9787158370018005 -0.2054569125175476 0.060017868876457214 -0.9830103516578674 -0.17345879971981049 -0.6062948107719421 -0.9907562136650085 -0.07984242588281631 0.10966806858778 -2.472118854522705
-0.12167913466691971 0.16526366770267487 -0.9787143468856812 -0.20549581944942474 0.060016512870788574 -0.9830118417739868 -0.17345093190670013 -0.6062671542167664 -0.9907532334327698 -0.0798444151878357 0.10969375818967819 -2.4721181392669678
-0.12159218639135361 0.1653137356042862 -0.9787167310714722 -0.20548643171787262 0.059962134808301926 -0.983008623123169 -0.17348816990852356 -0.6062887907028198 -0.9907671809196472 -0.07978078722953796 0.10961388051509857 -2.472111463546753
-0.12164627015590668 0.16532647609710693 -0.9787078499794006 -0.20551685988903046 0.05988869443535805 -0.9830114841461182 -0.17349721491336823 -0.6062504649162292 -0.9907649755477905 -0.07971885800361633 0.10967877507209778 -2.472132444381714
-0.12158626317977905 0.1653706580400467 -0.9787078499794006 -0.20550432801246643 0.05987120792269707 -0.9830058813095093 -0.1735348105430603 -0.6062984466552734 -0.9907733798027039 -0.07969590276479721 0.10961935669183731 -2.4721550941467285
-0.12159429490566254 0.16527143120765686 -0.9787235856056213 -0.2054954618215561 0.06002678722143173 -0.9830108284950256 -0.17345300316810608 -0.6062424182891846 -0.9907630085945129 -0.07984055578708649 0.10960807651281357 -2.472055196762085
-0.12160234153270721 0.1652706265449524 -0.9787227511405945 -0.20546600222587585 0.060058582574129105 -0.9830083250999451 -0.1734563708305359 -0.6062806248664856 -0.990760087966919 -0.07987343519926071 0.10961047559976578 -2.4720094203948975
-0.1216026321053505 0.16533249616622925 -0.978712260723114 -0.2055029720067978 0.0600050650537014 -0.9830016493797302 -0.17351260781288147 -0.6062375903129578 -0.9907633066177368 -0.07982731610536575 0.10961508005857468 -2.472107172012329
-0.12152361869812012 0.16528964042663574 -0.9787293076515198 -0.20547612011432648 0.06004226580262184 -0.9830073714256287 -0.17346729338169098 -0.6062828302383423 -0.9907707571983337 -0.07984553277492523 0.10953453183174133 -2.472186326980591
-0.12147430330514908 0.16526402533054352 -0.9787397384643555 -0.20548583567142487 0.06007572263479233 -0.983009934425354 -0.17344127595424652 -0.6062318086624146 -0.9907747507095337 -0.07986719161272049 0.10948237031698227 -2.4722394943237305
-0.12146531045436859 0.16529051959514618 -0.978736400604248 -0.2054528295993805 0.060080479830503464 -0.9830049872398376 -0.17346766591072083 -0.6062510013580322 -0.9907755851745605 -0.07987328618764877 0.10947054624557495 -2.472198724746704
-0.1214238777756691 0.16525089740753174 -0.9787482023239136 -0.20545044541358948 0.060091085731983185 -0.9830117225646973 -0.17342568933963776 -0.6061927080154419 -0.9907799959182739 -0.07987209409475327 0.10943126678466797 -2.4722535610198975
-0.12141803652048111 0.1652647852897644 -0.9787465929985046 -0.20540747046470642 0.06015491113066673 -0.9830042123794556 -0.17344622313976288 -0.6062402129173279 -0.9907768368721008 -0.0799359455704689 0.10941322892904282 -2.472256898880005
-0.1213776245713234 0.1652737408876419 -0.9787501096725464 -0.2053859978914261 0.06020466610789299 -0.9829992055892944 -0.17345742881298065 -0.6062891483306885 -0.9907788038253784 -0.07997920364141464 0.10936413705348969 -2.4721763134002686
-0.12137491255998611 0.16527800261974335 -0.9787497520446777 -0.20540080964565277 0.06023770198225975 -0.9829958081245422 -0.17346514761447906 -0.6062704920768738 -0.9907770752906799 -0.08001198619604111 0.10935533791780472 -2.4721615314483643
-0.12138111144304276 0.1652068793773651 -0.9787609577178955 -0.20542508363723755 0.06021265313029289 -0.9830103516578674 -0.1733914464712143 -0.6063092947006226 -0.990777850151062 -0.0799802765250206 0.1093716248869896 -2.472235679626465
-0.12138215452432632 0.16522961854934692 -0.9787570238113403 -0.2054535299539566 0.060231808573007584 -0.9830047488212585 -0.17341648042201996 -0.6062961220741272 -0.9907765984535217 -0.08000200241804123 0.10936743766069412 -2.47222900390625
-0.12148448824882507 0.16532300412654877 -0.9787285327911377 -0.2054573893547058 0.060240112245082855 -0.9829860925674438 -0.17351949214935303 -0.606289267539978 -0.9907635450363159 -0.08003867417573929 0.10945876687765121 -2.4721899032592773
-0.12148808687925339 0.16533125936985016 -0.9787266850471497 -0.2054908275604248 0.060246001929044724 -0.9829840660095215 -0.17352871596813202 -0.6062714457511902 -0.9907627105712891 -0.08004607260227203 0.10946058481931686 -2.4721767902374268
-0.12139490991830826 0.16529898345470428 -0.9787437319755554 -0.20542187988758087 0.06029844284057617 -0.9829869270324707 -0.17349453270435333 -0.6062743663787842 -0.9907709360122681 -0.08007810264825821 0.10936261713504791 -2.4722492694854736
-0.12137170135974884 0.16528448462486267 -0.9787490367889404 -0.205430805683136 0.06027352064847946 -0.9829918146133423 -0.17347534000873566 -0.6062435507774353 -0.9907753467559814 -0.08004767447710037 0.10934539139270782 -2.472262382507324
-0.12139786034822464 0.16536355018615723 -0.9787324070930481 -0.20539911091327667 0.060280751436948776 -0.9829768538475037 -0.17355766892433167 -0.6063015460968018 -0.9907716512680054 -0.08006829023361206 0.10936332494020462 -2.4722740650177
-0.12142147123813629 0.16532880067825317 -0.9787353873252869 -0.20543493330478668 0.060262054204940796 -0.982984185218811 -0.17352262139320374 -0.606306791305542 -0.9907699227333069 -0.08005000650882721 0.10939260572195053 -2.4722275733947754
-0.1214887872338295 0.16539254784584045 -0.978716254234314 -0.2054467499256134 0.06026352569460869 -0.9829717874526978 -0.17359226942062378 -0.6063020825386047 -0.9907615780830383 -0.08007043600082397 0.10945318639278412 -2.472219705581665
-0.12150435149669647 0.16540709137916565 -0.9787118434906006 -0.20547045767307281 0.060268428176641464 -0.9829685688018799 -0.1736086755990982 -0.6062817573547363 -0.9907593727111816 -0.08007966727018356 0.10946641117334366 -2.4722084999084473
-0.12147551774978638 0.1654619425535202 -0.9787061810493469 -0.20544397830963135 0.06019740179181099 -0.9829649925231934 -0.17365358769893646 -0.6062558889389038 -0.990767240524292 -0.08001026511192322 0.10944608598947525 -2.4722399711608887
-0.12148885428905487 0.16546903550624847 -0.9787033200263977 -0.20546574890613556 0.06020030379295349 -0.9829633235931396 -0.17366211116313934 -0.6062341928482056 -0.990765392780304 -0.08001627773046494 0.1094580739736557 -2.472231149673462
-0.12140826135873795 0.16538412868976593 -0.9787276387214661 -0.20541895925998688 0.06031496822834015 -0.9829702973365784 -0.17358295619487762 -0.6062629222869873 -0.990768313407898 -0.08010636270046234 0.10936585068702698 -2.4722249507904053
-0.12130124121904373 0.16533994674682617 -0.9787483811378479 -0.20548781752586365 0.06035570427775383 -0.9829763770103455 -0.17353439331054688 -0.6062283515930176 -0.990778923034668 -0.08012301474809647 0.10925731807947159 -2.4721803665161133
-0.12145661562681198 0.16535688936710358 -0.9787262678146362 -0.20543786883354187 0.060432154685258865 -0.9829649329185486 -0.17357246577739716 -0.6062555313110352 -0.9907552599906921 -0.08022809028625488 0.10939499735832214 -2.4721968173980713
-0.12146647274494171 0.1653820127248764 -0.9787207841873169 -0.20546206831932068 0.060435354709625244 -0.982960045337677 -0.17359885573387146 -0.6062301993370056 -0.9907538294792175 -0.0802358090877533 0.10940205305814743 -2.4721877574920654
-0.12151090800762177 0.16524894535541534 -0.9787377715110779 -0.205427348613739 0.060472067445516586 -0.9829800724983215 -0.17347288131713867 -0.6062431931495667 -0.9907461404800415 -0.08026517182588577 0.10945013165473938 -2.4721133708953857
-0.12149418890476227 0.16526025533676147 -0.9787379503250122 -0.20540283620357513 0.06049071252346039 -0.9829767942428589 -0.1734849363565445 -0.6062445640563965 -0.9907470941543579 -0.08028199523687363 0.10942953824996948 -2.4721314907073975
-0.12148861587047577 0.16533873975276947 -0.9787253737449646 -0.2054014801979065 0.060350529849529266 -0.9829742908477783 -0.17354783415794373 -0.6062558889389038 -0.9907562732696533 -0.08015070855617523 0.10944218188524246 -2.472261428833008
-0.12149224430322647 0.16534076631069183 -0.9787245988845825 -0.20542696118354797 0.060352958738803864 -0.9829736948013306 -0.17355042695999146 -0.6062313914299011 -0.9907557368278503 -0.08015398681163788 0.10944515466690063 -2.472256660461426
-0.12153348326683044 0.16526365280151367 -0.9787324666976929 -0.20541159808635712 0.06043626368045807 -0.9829800128936768 -0.17348554730415344 -0.6062254309654236 -0.9907455444335938 -0.08023526519536972 0.10947734862565994 -2.472198009490967
-0.12153853476047516 0.165324404835701 -0.978721559047699 -0.20545917749404907 0.060411207377910614 -0.98297119140625 -0.17354419827461243 -0.6062557697296143 -0.9907464981079102 -0.08021809160709381 0.10948170721530914 -2.472217082977295
-0.12154810130596161 0.16541944444179535 -0.9787043333053589 -0.20545746386051178 0.060299839824438095 -0.9829632043838501 -0.17362812161445618 -0.6062498688697815 -0.990752100944519 -0.08011991530656815 0.10950282216072083 -2.4722483158111572
-0.12153808027505875 0.16540363430976868 -0.9787082672119141 -0.20548763871192932 0.0602978952229023 -0.9829663634300232 -0.17361120879650116 -0.6062266230583191 -0.9907534122467041 -0.0801144540309906 0.1094946339726448 -2.4722418785095215
-0.12147402763366699 0.16531819105148315 -0.9787306189537048 -0.20549669861793518 0.06034642085433006 -0.9829784631729126 -0.17352555692195892 -0.606180727481842 -0.9907583594322205 -0.08014176785945892 0.10943027585744858 -2.4722647666931152
-0.12152021378278732 0.1652895212173462 -0.9787297248840332 -0.20542703568935394 0.06035555899143219 -0.9829821586608887 -0.17350152134895325 -0.6062279939651489 -0.990752100944519 -0.08015575259923935 0.10947634279727936 -2.4722282886505127
-0.12149227410554886 0.1653396040201187 -0.9787247776985168 -0.2054426521062851 0.060316793620586395 -0.9829767942428589 -0.1735452562570572 -0.6062159538269043 -0.9907578825950623 -0.08011797815561295 0.10945161432027817 -2.472268581390381
-0.12155519425868988 0.16526685655117035 -0.978729248046875 -0.20540450513362885 0.06028485670685768 -0.9829913973808289 -0.1734737902879715 -0.6062033176422119 -0.9907521605491638 -0.08008922636508942 0.10952490568161011 -2.4722681045532227
-0.12153078615665436 0.16525517404079437 -0.9787342548370361 -0.20542177557945251 0.060268301516771317 -0.9829951524734497 -0.1734582483768463 -0.6061935424804688 -0.9907561540603638 -0.08006720244884491 0.1095048040151596 -2.472229242324829
-0.12150955945253372 0.16525450348854065 -0.9787369966506958 -0.20543137192726135 0.060280486941337585 -0.9829946160316467 -0.17345719039440155 -0.6061782836914062 -0.9907580018043518 -0.08007548004388809 0.10948189347982407 -2.4722166061401367
-0.12141961604356766 0.16527347266674042 -0.9787449240684509 -0.2055646926164627 0.06030768156051636 -0.9829903244972229 -0.17347194254398346 -0.6062169075012207 -0.9907673597335815 -0.080088771879673 0.10938732326030731 -2.4722280502319336
-0.12142843008041382 0.1652519851922989 -0.9787474870681763 -0.20563837885856628 0.06028333678841591 -0.9829959869384766 -0.17344839870929718 -0.606181263923645 -0.990767776966095 -0.08006376028060913 0.10940199345350266 -2.472198247909546
-0.12141038477420807 0.16524413228034973 -0.9787510633468628 -0.20556002855300903 0.06023821607232094 -0.9830012917518616 -0.1734340637922287 -0.6062057614326477 -0.9907727241516113 -0.08001494407653809 0.10939282178878784 -2.472195625305176
