# 3x4 first row second row third row Freq: 100 current Time: 2021-07-28-20:19:44
-0.3278176486492157 -0.1709846556186676 -0.9291391372680664 0.08190824091434479 0.3738240599632263 -0.9266940355300903 0.038642559200525284 -0.7908204793930054 -0.867635190486908 -0.3346668779850006 0.36770516633987427 -2.605487823486328
-0.32780617475509644 -0.17100407183170319 -0.9291396141052246 0.08189485222101212 0.37384819984436035 -0.9266837239265442 0.03865610808134079 -0.7908288240432739 -0.8676291108131409 -0.33468547463417053 0.36770254373550415 -2.605475425720215
-0.32773348689079285 -0.17101481556892395 -0.9291632771492004 0.08192113786935806 0.3738834261894226 -0.9266685247421265 0.03867986053228378 -0.7908082008361816 -0.8676413893699646 -0.334722101688385 0.3676402270793915 -2.6055445671081543
-0.3277130126953125 -0.1710360199213028 -0.9291665554046631 0.08191114664077759 0.37390363216400146 -0.9266595244407654 0.03870033100247383 -0.7908227443695068 -0.8676404356956482 -0.3347361981868744 0.3676297068595886 -2.605499505996704
-0.3277360200881958 -0.17103639245033264 -0.9291583895683289 0.08190009742975235 0.3739117383956909 -0.9266567230224609 0.03868841379880905 -0.7908256649971008 -0.867628276348114 -0.3347436785697937 0.36765164136886597 -2.6054911613464355
-0.32769107818603516 -0.17105203866958618 -0.9291713833808899 0.08193764835596085 0.37389418482780457 -0.9266621470451355 0.0387287437915802 -0.7908288836479187 -0.8676527738571167 -0.33472076058387756 0.36761459708213806 -2.605584144592285
-0.32769906520843506 -0.1710415929555893 -0.9291704893112183 0.08192848414182663 0.37388166785240173 -0.9266675114631653 0.038720544427633286 -0.7908250093460083 -0.8676551580429077 -0.3347111642360687 0.36761775612831116 -2.605585813522339
-0.3276625871658325 -0.17106617987155914 -0.9291788339614868 0.08197455108165741 0.37389495968818665 -0.9266607761383057 0.038753487169742584 -0.7908158898353577 -0.8676632046699524 -0.3347172439098358 0.3675931692123413 -2.605614423751831
-0.3276616930961609 -0.17108774185180664 -0.9291751384735107 0.0819765105843544 0.3739040195941925 -0.9266563653945923 0.03877149149775505 -0.7908085584640503 -0.8676596283912659 -0.3347184360027313 0.36760053038597107 -2.6056227684020996
-0.3276766240596771 -0.17113955318927765 -0.9291603565216064 0.0819443091750145 0.3738708794116974 -0.9266672730445862 0.03883145749568939 -0.7908212542533875 -0.8676682710647583 -0.3346618711948395 0.36763161420822144 -2.6056549549102783
-0.3276635706424713 -0.17114517092704773 -0.929163932800293 0.08193923532962799 0.3738766312599182 -0.9266645908355713 0.038839638233184814 -0.7908144593238831 -0.8676707148551941 -0.33466637134552 0.3676217198371887 -2.605670213699341
-0.3276451528072357 -0.17108166217803955 -0.9291821122169495 0.08195573091506958 0.37389466166496277 -0.9266600012779236 0.038775742053985596 -0.7908260226249695 -0.867669939994812 -0.33471158146858215 0.3675824999809265 -2.6056783199310303
-0.32764771580696106 -0.17108945548534393 -0.9291797876358032 0.08195478469133377 0.37387922406196594 -0.9266656637191772 0.038789067417383194 -0.790820837020874 -0.8676756024360657 -0.3346918821334839 0.36758702993392944 -2.60569167137146
-0.32762911915779114 -0.17107975482940674 -0.9291881322860718 0.08197177201509476 0.3738592565059662 -0.9266734719276428 0.03879501670598984 -0.7907875776290894 -0.8676912188529968 -0.33467522263526917 0.3675652742385864 -2.6056385040283203
-0.3276481628417969 -0.17105281352996826 -0.9291863441467285 0.081972137093544 0.3738549053668976 -0.9266765713691711 0.038762662559747696 -0.7907742261886597 -0.8676859140396118 -0.3346804082393646 0.3675731420516968 -2.6056442260742188
-0.3276028037071228 -0.1710711568593979 -0.9291989803314209 0.081950344145298 0.37394270300865173 -0.9266412258148193 0.038761205971241 -0.7907846570014954 -0.8676652312278748 -0.3347689211368561 0.3675414025783539 -2.6055870056152344
-0.3276519477367401 -0.17102870345115662 -0.9291894435882568 0.08193119615316391 0.3739277720451355 -0.9266495108604431 0.038706280291080475 -0.7907525897026062 -0.8676530718803406 -0.334767609834671 0.36757123470306396 -2.6055715084075928
-0.3276088535785675 -0.1709866225719452 -0.9292123913764954 0.08191980421543121 0.3739570677280426 -0.9266393184661865 0.03866850957274437 -0.7907730937004089 -0.8676567673683167 -0.33481743931770325 0.36751723289489746 -2.6055331230163574
-0.32759204506874084 -0.17099131643772125 -0.9292174577713013 0.08195476979017258 0.3739423155784607 -0.926644504070282 0.03868590295314789 -0.7907912731170654 -0.8676694631576538 -0.3348005712032318 0.3675025701522827 -2.6055727005004883
-0.3276156783103943 -0.17098695039749146 -0.9292099475860596 0.08194456994533539 0.37392348051071167 -0.9266523718833923 0.03868043050169945 -0.790794312953949 -0.867668628692627 -0.33478114008903503 0.3675222098827362 -2.6055452823638916
-0.32762694358825684 -0.17098721861839294 -0.9292058944702148 0.0819242000579834 0.3738965392112732 -0.9266629219055176 0.038687773048877716 -0.790829598903656 -0.8676760196685791 -0.33475175499916077 0.36753159761428833 -2.6054575443267822
-0.32762372493743896 -0.17099720239639282 -0.9292051792144775 0.08192139863967896 0.3739011287689209 -0.9266606569290161 0.038697026669979095 -0.7908282279968262 -0.867675244808197 -0.3347528576850891 0.3675324022769928 -2.6054441928863525
-0.3276442587375641 -0.17096377909183502 -0.9292041063308716 0.08194110542535782 0.37392738461494446 -0.9266522526741028 0.03864467889070511 -0.7908231019973755 -0.8676561713218689 -0.33479318022727966 0.3675406575202942 -2.605465888977051
-0.32763969898223877 -0.1709606945514679 -0.9292063117027283 0.08193864673376083 0.37393707036972046 -0.9266485571861267 0.038639236241579056 -0.7908208966255188 -0.8676537275314331 -0.3348049819469452 0.3675357401371002 -2.6054537296295166
-0.3276192545890808 -0.17095163464546204 -0.9292151927947998 0.08191484212875366 0.37389886379241943 -0.926663339138031 0.03865426406264305 -0.7908153533935547 -0.8676778674125671 -0.3347686529159546 0.36751171946525574 -2.6054537296295166
-0.32761985063552856 -0.1708977371454239 -0.9292248487472534 0.08190610259771347 0.37388476729393005 -0.926671028137207 0.038606252521276474 -0.7908108234405518 -0.8676837682723999 -0.334774911403656 0.3674922287464142 -2.605440616607666
-0.32761454582214355 -0.17087481915950775 -0.9292309284210205 0.08192676305770874 0.37389659881591797 -0.926667332649231 0.03858042508363724 -0.7908138036727905 -0.8676806688308716 -0.33479684591293335 0.3674795627593994 -2.6054182052612305
-0.3276320993900299 -0.17092333734035492 -0.9292158484458923 0.08195877820253372 0.37392857670783997 -0.926653265953064 0.03860851377248764 -0.79083251953125 -0.8676602244377136 -0.3348110020160675 0.36751478910446167 -2.605441093444824
-0.32763347029685974 -0.17089492082595825 -0.9292205572128296 0.08192502707242966 0.37394362688064575 -0.9266486763954163 0.038573265075683594 -0.7908638715744019 -0.8676532506942749 -0.33483827114105225 0.3675065338611603 -2.6054985523223877
-0.3276761770248413 -0.1709389090538025 -0.9291974306106567 0.08190833777189255 0.37397339940071106 -0.9266360402107239 0.03858810290694237 -0.790859043598175 -0.8676242828369141 -0.3348507583141327 0.36756348609924316 -2.6054933071136475
-0.327661395072937 -0.1709413081407547 -0.9292021989822388 0.08192265033721924 0.37400370836257935 -0.9266240000724792 0.038583338260650635 -0.7908689975738525 -0.8676167726516724 -0.33488282561302185 0.36755192279815674 -2.605475902557373
-0.327697217464447 -0.1709057092666626 -0.9291961193084717 0.08192512392997742 0.3740057349205017 -0.9266252517700195 0.03853318467736244 -0.7908574938774109 -0.8676024079322815 -0.3348974883556366 0.3675725758075714 -2.6055049896240234
-0.3276927173137665 -0.17095477879047394 -0.9291886687278748 0.0819159746170044 0.37402594089508057 -0.9266153573989868 0.03857528790831566 -0.790856122970581 -0.867595374584198 -0.3348998725414276 0.36758697032928467 -2.60550594329834
-0.32770323753356934 -0.17100849747657776 -0.929175078868866 0.08189531415700912 0.3739866018295288 -0.9266284704208374 0.038641490042209625 -0.7908346056938171 -0.867608368396759 -0.33483612537384033 0.36761438846588135 -2.6054859161376953
-0.32771581411361694 -0.17104052007198334 -0.9291647672653198 0.08188321441411972 0.37398621439933777 -0.926627516746521 0.038668740540742874 -0.7908333539962769 -0.8676037788391113 -0.33482250571250916 0.36763760447502136 -2.605480670928955
-0.32770445942878723 -0.17110194265842438 -0.9291574358940125 0.08195057511329651 0.3739964962005615 -0.9266207814216614 0.03873001039028168 -0.7908344268798828 -0.8676036596298218 -0.33480966091156006 0.3676496148109436 -2.605564832687378
-0.3277221918106079 -0.1711108535528183 -0.9291495680809021 0.08194620907306671 0.37399253249168396 -0.9266222715377808 0.038733743131160736 -0.7908307313919067 -0.8675986528396606 -0.3348011374473572 0.3676691949367523 -2.6055727005004883
-0.3277612328529358 -0.171111062169075 -0.9291357398033142 0.08192844688892365 0.3740580677986145 -0.9265975952148438 0.03869115561246872 -0.7908196449279785 -0.8675556182861328 -0.33486929535865784 0.36770856380462646 -2.60557222366333
-0.32770413160324097 -0.17112217843532562 -0.9291538596153259 0.08191557228565216 0.37404265999794006 -0.9266021251678467 0.03873075172305107 -0.7908045649528503 -0.8675838708877563 -0.3348509967327118 0.36765867471694946 -2.605567693710327
-0.3276965618133545 -0.17115060985088348 -0.9291512966156006 0.08194330334663391 0.37404966354370117 -0.9265981316566467 0.03875904902815819 -0.7907968163490295 -0.867583692073822 -0.3348475396633148 0.3676621913909912 -2.6055819988250732
-0.32771989703178406 -0.17113976180553436 -0.9291450381278992 0.08194483816623688 0.3740399181842804 -0.9266027212142944 0.03874337300658226 -0.7907902002334595 -0.8675791025161743 -0.33484041690826416 0.3676795959472656 -2.6055850982666016
-0.32772380113601685 -0.17104847729206085 -0.929160475730896 0.0819891095161438 0.3740672469139099 -0.9265960454940796 0.03863926976919174 -0.7907703518867493 -0.8675658106803894 -0.3349055349826813 0.3676515519618988 -2.6055145263671875
-0.3277474045753479 -0.17094723880290985 -0.9291707873344421 0.08197582513093948 0.37400689721107483 -0.9266239404678345 0.03855479136109352 -0.790793776512146 -0.8675829172134399 -0.3348800837993622 0.3676343560218811 -2.6055188179016113
-0.3277410566806793 -0.1709386110305786 -0.9291746020317078 0.08198089897632599 0.3740268647670746 -0.9266164302825928 0.03854016587138176 -0.7907906174659729 -0.8675767183303833 -0.33490511775016785 0.36762621998786926 -2.6055195331573486
-0.32773357629776 -0.17093996703624725 -0.9291769862174988 0.0819815993309021 0.374019980430603 -0.9266189336776733 0.03854731097817421 -0.7907848358154297 -0.8675824999809265 -0.33489754796028137 0.36761945486068726 -2.605517625808716
-0.3277430236339569 -0.17103084921836853 -0.9291569590568542 0.08192191272974014 0.37408605217933655 -0.9265897870063782 0.03860631212592125 -0.7907919883728027 -0.8675504326820374 -0.33493173122406006 0.3676639497280121 -2.6055314540863037
-0.3277530372142792 -0.1710648238658905 -0.9291471838951111 0.08193732053041458 0.37407439947128296 -0.9265930652618408 0.03864128887653351 -0.7907963395118713 -0.8675516843795776 -0.33490538597106934 0.3676849901676178 -2.6055288314819336
-0.32770708203315735 -0.17108860611915588 -0.9291589856147766 0.08195095509290695 0.3740277886390686 -0.9266093373298645 0.03870243951678276 -0.7908043265342712 -0.8675891757011414 -0.3348482549190521 0.3676486611366272 -2.6055474281311035
-0.3277233839035034 -0.17108893394470215 -0.9291532039642334 0.08194424211978912 0.37400415539741516 -0.9266186952590942 0.038706496357917786 -0.7908011674880981 -0.8675931692123413 -0.3348221778869629 0.3676629066467285 -2.605536937713623
-0.3277070224285126 -0.17112788558006287 -0.9291517734527588 0.08193867653608322 0.3740115165710449 -0.926613986492157 0.03874852508306503 -0.7908027768135071 -0.8675962090492249 -0.3348153531551361 0.3676620423793793 -2.605530261993408
-0.3276742100715637 -0.17112600803375244 -0.9291636943817139 0.08193021267652512 0.37399858236312866 -0.9266185164451599 0.038764774799346924 -0.7908104062080383 -0.8676141500473022 -0.3348037302494049 0.3676302134990692 -2.60554575920105
-0.3276466727256775 -0.17109215259552002 -0.9291796088218689 0.08196177333593369 0.37398695945739746 -0.9266239404678345 0.03874651715159416 -0.7908247709274292 -0.8676295876502991 -0.3348059356212616 0.36759182810783386 -2.605560302734375
-0.3276788890361786 -0.17102892696857452 -0.9291799068450928 0.08198361098766327 0.37396910786628723 -0.9266340136528015 0.038678646087646484 -0.7908459305763245 -0.8676251173019409 -0.33481043577194214 0.3675982654094696 -2.6055564880371094
-0.3276805877685547 -0.17099174857139587 -0.9291861653327942 0.08199512213468552 0.3739645779132843 -0.9266373515129089 0.038642823696136475 -0.790854275226593 -0.867626428604126 -0.3348202407360077 0.36758625507354736 -2.6055541038513184
-0.32767361402511597 -0.17098559439182281 -0.9291897416114807 0.08201634883880615 0.3739583194255829 -0.9266398549079895 0.03864201903343201 -0.7908469438552856 -0.867631733417511 -0.3348163068294525 0.3675772547721863 -2.605562925338745
-0.32771044969558716 -0.17097273468971252 -0.9291791319847107 0.08198960870504379 0.3739885985851288 -0.9266293048858643 0.03860218822956085 -0.7908036112785339 -0.8676047921180725 -0.33485209941864014 0.36760830879211426 -2.6054978370666504
-0.32771751284599304 -0.17093200981616974 -0.9291841387748718 0.08196987211704254 0.37400564551353455 -0.9266245365142822 0.03855162858963013 -0.7908521294593811 -0.8675947785377502 -0.3348861038684845 0.3676009476184845 -2.605517864227295
-0.3277592360973358 -0.17097440361976624 -0.9291616082191467 0.08194020390510559 0.3740527927875519 -0.9266052842140198 0.038557883352041245 -0.7908243536949158 -0.8675586581230164 -0.3349178433418274 0.36765721440315247 -2.6054534912109375
-0.32769933342933655 -0.17093200981616974 -0.9291905164718628 0.08196758478879929 0.3740822374820709 -0.9265946745872498 0.03852618485689163 -0.7908036112785339 -0.8675686120986938 -0.3349687159061432 0.3675874173641205 -2.605445623397827
-0.32768943905830383 -0.1708269864320755 -0.9292133450508118 0.08193305134773254 0.3740139603614807 -0.9266252517700195 0.03845418989658356 -0.7908453345298767 -0.8676018118858337 -0.33493778109550476 0.3675372898578644 -2.605501174926758
-0.32766422629356384 -0.17087723314762115 -0.9292129874229431 0.08191551268100739 0.37405160069465637 -0.9266082048416138 0.038498058915138245 -0.7908275723457336 -0.8675950765609741 -0.3349592089653015 0.3675336241722107 -2.6054859161376953
-0.32766738533973694 -0.17088250815868378 -0.929210901260376 0.08192276954650879 0.37407413125038147 -0.926599383354187 0.038492556661367416 -0.7908365726470947 -0.8675841689109802 -0.3349810540676117 0.3675394356250763 -2.6055006980895996
-0.3276713490486145 -0.1708696186542511 -0.9292118549346924 0.08191533386707306 0.3740845024585724 -0.92659592628479 0.03847378492355347 -0.7908312082290649 -0.8675782084465027 -0.3349970579147339 0.3675389587879181 -2.605545997619629
-0.3276747167110443 -0.1708439588546753 -0.9292154312133789 0.08193855732679367 0.37406542897224426 -0.9266044497489929 0.03845497593283653 -0.7908496260643005 -0.8675851225852966 -0.33498668670654297 0.36753198504447937 -2.6055750846862793
-0.32772791385650635 -0.17076429724693298 -0.9292113184928894 0.08193445950746536 0.3739638328552246 -0.9266477823257446 0.03839809447526932 -0.7908725738525391 -0.8676088452339172 -0.33490732312202454 0.3675483465194702 -2.605573892593384
-0.3277873396873474 -0.17080524563789368 -0.9291828274726868 0.0819246768951416 0.37401241064071655 -0.9266282916069031 0.03839549049735069 -0.7908663153648376 -0.8675654530525208 -0.3349403738975525 0.36762064695358276 -2.6055705547332764
-0.3277702033519745 -0.170747309923172 -0.9291995167732239 0.08193352073431015 0.3740113079547882 -0.9266308546066284 0.03834476321935654 -0.7908338904380798 -0.8675724267959595 -0.3349629044532776 0.3675837218761444 -2.6055970191955566
-0.3277567923069 -0.17074526846408844 -0.9292045831680298 0.08195888996124268 0.3739883005619049 -0.9266396164894104 0.03835764527320862 -0.7908520102500916 -0.8675873875617981 -0.33493971824645996 0.3675694763660431 -2.6056292057037354
-0.3277280926704407 -0.1707182377576828 -0.9292197227478027 0.08195679634809494 0.3740276098251343 -0.9266250729560852 0.03832508251070976 -0.7908466458320618 -0.867581307888031 -0.3349936604499817 0.36753472685813904 -2.605613946914673
-0.32773536443710327 -0.17076721787452698 -0.9292081594467163 0.08195165544748306 0.37408924102783203 -0.926599383354187 0.03834501653909683 -0.790807843208313 -0.8675519824028015 -0.33503976464271545 0.3675619065761566 -2.60560941696167
-0.32773709297180176 -0.17077286541461945 -0.9292064905166626 0.08194887638092041 0.3740864098072052 -0.9266002774238586 0.03835117071866989 -0.7908032536506653 -0.8675525188446045 -0.33503445982933044 0.36756542325019836 -2.6056137084960938
-0.3278281092643738 -0.1708785891532898 -0.9291549324989319 0.08193930983543396 0.3741469085216522 -0.9265739917755127 0.03839593008160591 -0.7907975912094116 -0.8674920797348022 -0.3350532054901123 0.3676910102367401 -2.6055960655212402
-0.32782304286956787 -0.17088909447193146 -0.9291548132896423 0.08193456381559372 0.3741356432437897 -0.9265778064727783 0.038413118571043015 -0.790793240070343 -0.8674988150596619 -0.3350372612476349 0.3676896095275879 -2.6055991649627686
-0.32788702845573425 -0.1708609163761139 -0.9291374087333679 0.08191852271556854 0.3741709887981415 -0.9265663623809814 0.038345400243997574 -0.7907847762107849 -0.8674594163894653 -0.33508333563804626 0.3677406311035156 -2.605546474456787
-0.3278016149997711 -0.17093774676322937 -0.9291533827781677 0.08191671222448349 0.37413930892944336 -0.9265740513801575 0.038468342274427414 -0.7907839417457581 -0.8675053715705872 -0.33502286672592163 0.36768731474876404 -2.6055469512939453
-0.32780027389526367 -0.17092914879322052 -0.9291554689407349 0.08191841840744019 0.37412601709365845 -0.9265795350074768 0.03846590965986252 -0.7907687425613403 -0.8675115704536438 -0.33501213788986206 0.36768239736557007 -2.6055057048797607
-0.32783421874046326 -0.17091645300388336 -0.9291458129882812 0.08191373199224472 0.374136358499527 -0.9265766143798828 0.03843579441308975 -0.7907668352127075 -0.8674942851066589 -0.33502668142318726 0.3677099049091339 -2.605501174926758
-0.3278304934501648 -0.17090563476085663 -0.9291491508483887 0.08190687745809555 0.37411004304885864 -0.9265871644020081 0.038437582552433014 -0.7907764315605164 -0.8675070405006409 -0.3350030481815338 0.36770138144493103 -2.6054627895355225
-0.32779839634895325 -0.17096975445747375 -0.9291486740112305 0.08193239569664001 0.3741038143634796 -0.926586389541626 0.03851653262972832 -0.790788471698761 -0.8675218820571899 -0.33497244119644165 0.36769428849220276 -2.6054863929748535
-0.3277607560157776 -0.1709180325269699 -0.9291714429855347 0.08192680031061172 0.3740651309490204 -0.926602840423584 0.038495857268571854 -0.7908093333244324 -0.8675528168678284 -0.334953248500824 0.36763885617256165 -2.6054599285125732
-0.3277706801891327 -0.17091010510921478 -0.9291694164276123 0.08197399228811264 0.3740677535533905 -0.9266023635864258 0.038483019918203354 -0.7908488512039185 -0.8675479292869568 -0.3349587321281433 0.36764538288116455 -2.6055171489715576
-0.32774001359939575 -0.17088207602500916 -0.9291853904724121 0.08195843547582626 0.3740732967853546 -0.9266008734703064 0.03846452385187149 -0.7908524870872498 -0.8675571084022522 -0.3349771201610565 0.3676069378852844 -2.6055052280426025
-0.32771995663642883 -0.1709219366312027 -0.9291850924491882 0.08196772634983063 0.3741280734539032 -0.9265777468681335 0.038488779217004776 -0.790856122970581 -0.8675410747528076 -0.3350207209587097 0.367605060338974 -2.605529546737671
-0.32771459221839905 -0.17091526091098785 -0.9291882514953613 0.08197667449712753 0.3741433322429657 -0.9265720248222351 0.038477715104818344 -0.7908646464347839 -0.8675364851951599 -0.3350399136543274 0.3675983250141144 -2.6055305004119873
-0.3276935815811157 -0.1709771603345871 -0.9291842579841614 0.08196183294057846 0.3741251528263092 -0.9265761375427246 0.038555242121219635 -0.7908591032028198 -0.8675522804260254 -0.33499693870544434 0.3676002323627472 -2.6055009365081787
-0.32770365476608276 -0.17087893187999725 -0.9291988015174866 0.08196794241666794 0.37416568398475647 -0.9265647530555725 0.03843623027205467 -0.7908680438995361 -0.8675310015678406 -0.335078626871109 0.3675760328769684 -2.605503559112549
-0.32767894864082336 -0.17090168595314026 -0.9292033314704895 0.0819636732339859 0.37413883209228516 -0.9265737533569336 0.03847980871796608 -0.7908450365066528 -0.8675519227981567 -0.3350420594215393 0.3675599992275238 -2.605523109436035
-0.3277127742767334 -0.17100633680820465 -0.9291720986366272 0.08199451118707657 0.3741551637649536 -0.9265636801719666 0.03856423497200012 -0.7908387184143066 -0.8675320744514465 -0.3350165784358978 0.3676299750804901 -2.6055097579956055
-0.327737033367157 -0.17100505530834198 -0.9291638135910034 0.08199915289878845 0.3741609752178192 -0.9265618920326233 0.038551151752471924 -0.7908326983451843 -0.8675203919410706 -0.3350222110748291 0.36765238642692566 -2.6055116653442383
-0.32772862911224365 -0.1709936410188675 -0.9291688799858093 0.08198630809783936 0.37411513924598694 -0.9265798926353455 0.03856242448091507 -0.7908443808555603 -0.8675433397293091 -0.3349781632423401 0.36763840913772583 -2.605534791946411
-0.32770591974258423 -0.17099089920520782 -0.9291774034500122 0.08198165893554688 0.37409037351608276 -0.9265891909599304 0.038578927516937256 -0.790833592414856 -0.8675625920295715 -0.33495381474494934 0.3676151633262634 -2.6055469512939453
-0.327731728553772 -0.17101125419139862 -0.9291645288467407 0.08196872472763062 0.37412020564079285 -0.9265772700309753 0.038576655089855194 -0.7908290028572083 -0.8675400018692017 -0.334976464509964 0.36764785647392273 -2.6055543422698975
-0.32777202129364014 -0.17100758850574493 -0.9291509985923767 0.08198104053735733 0.3741372227668762 -0.9265714883804321 0.03855026513338089 -0.7908272743225098 -0.8675174117088318 -0.3349943161010742 0.36768484115600586 -2.605555772781372
-0.327752947807312 -0.17101825773715973 -0.9291557669639587 0.08196009695529938 0.3741253614425659 -0.9265753030776978 0.03857327252626419 -0.7908108234405518 -0.8675297498703003 -0.33497828245162964 0.3676704168319702 -2.6055350303649902
-0.3277672827243805 -0.1710342913866043 -0.9291477203369141 0.08196687698364258 0.3741096556186676 -0.9265809655189514 0.03859040141105652 -0.7908053994178772 -0.8675311207771301 -0.33495450019836426 0.3676888346672058 -2.605539321899414
-0.3277530074119568 -0.17103071510791779 -0.9291534423828125 0.08193733543157578 0.374114066362381 -0.9265791773796082 0.038590461015701294 -0.7907984852790833 -0.8675345778465271 -0.33496129512786865 0.36767444014549255 -2.6055057048797607
-0.32772183418273926 -0.17103250324726105 -0.9291641116142273 0.08193448930978775 0.3741258978843689 -0.9265740513801575 0.03859923034906387 -0.7908051609992981 -0.8675412535667419 -0.33497458696365356 0.36764657497406006 -2.6054887771606445
-0.32773658633232117 -0.17107142508029938 -0.929151713848114 0.08193479478359222 0.3741748034954071 -0.9265537858009338 0.03861163929104805 -0.7908363342285156 -0.8675146102905273 -0.3350107669830322 0.3676765263080597 -2.6054484844207764
-0.3277181386947632 -0.17103925347328186 -0.9291641712188721 0.08190740644931793 0.3740997016429901 -0.9265838265419006 0.03861848637461662 -0.7908461689949036 -0.8675539493560791 -0.33494409918785095 0.36764436960220337 -2.6054532527923584
-0.32770079374313354 -0.17106574773788452 -0.9291654229164124 0.08191676437854767 0.37408775091171265 -0.9265870451927185 0.03865664824843407 -0.7908613085746765 -0.8675656914710999 -0.33492159843444824 0.3676372468471527 -2.605443000793457
-0.3277069926261902 -0.1710684448480606 -0.9291627407073975 0.08191855996847153 0.3740632236003876 -0.926596462726593 0.03866735100746155 -0.7908661365509033 -0.8675739169120789 -0.3348940908908844 0.367642879486084 -2.6054413318634033
