# 3x4 first row second row third row Freq: 100 current Time: 2021-07-29-20:38:29
-0.317745178937912 -0.20380648970603943 -0.9260133504867554 0.1367250233888626 0.3997841775417328 -0.9143676161766052 0.06406446546316147 -0.6245529055595398 -0.8597734570503235 -0.34984931349754333 0.3720146715641022 -2.540381669998169
-0.3177280128002167 -0.20381875336170197 -0.9260165095329285 0.13668467104434967 0.3997402787208557 -0.914384126663208 0.06410244852304459 -0.6245399117469788 -0.8598002195358276 -0.3497989773750305 0.37200021743774414 -2.540391445159912
-0.31766894459724426 -0.2036636918783188 -0.9260709285736084 0.1366073042154312 0.3997315466403961 -0.9143967032432556 0.06397685408592224 -0.6244508028030396 -0.8598260879516602 -0.34985631704330444 0.3718864321708679 -2.5402748584747314
-0.31761908531188965 -0.20377862453460693 -0.9260627627372742 0.1366843432188034 0.3997581899166107 -0.9143765568733215 0.06409884989261627 -0.6244892477989197 -0.8598321676254272 -0.3498421907424927 0.3718858063220978 -2.540370464324951
-0.3176155388355255 -0.2037830948829651 -0.9260629415512085 0.13663266599178314 0.39971932768821716 -0.9143919348716736 0.06412149220705032 -0.6244637966156006 -0.8598515391349792 -0.3497993052005768 0.3718813359737396 -2.540367603302002
-0.31754571199417114 -0.20384904742240906 -0.9260724186897278 0.13668431341648102 0.39970827102661133 -0.9143899083137512 0.06421944499015808 -0.624439537525177 -0.8598824739456177 -0.34976619482040405 0.3718409240245819 -2.5403027534484863
-0.31756362318992615 -0.2038704752922058 -0.9260615706443787 0.13664893805980682 0.39970389008522034 -0.9143906831741333 0.06423529982566833 -0.6244167685508728 -0.85987788438797 -0.34975165128707886 0.37186524271965027 -2.540292263031006
-0.31753742694854736 -0.20394185185432434 -0.926054835319519 0.13668102025985718 0.39972245693206787 -0.9143774509429932 0.0643082708120346 -0.6244592070579529 -0.8598788976669312 -0.34974464774131775 0.37186938524246216 -2.5402464866638184
-0.3175499141216278 -0.20395325124263763 -0.9260480403900146 0.1366715133190155 0.3997105360031128 -0.9143818616867065 0.0643196627497673 -0.6244502663612366 -0.8598798513412476 -0.34972646832466125 0.3718843460083008 -2.5402393341064453
-0.31759217381477356 -0.20392633974552155 -0.926039457321167 0.13675862550735474 0.39970529079437256 -0.914387047290802 0.06427837908267975 -0.6245315074920654 -0.8598666787147522 -0.3497285842895508 0.37191280722618103 -2.5403034687042236
-0.317582905292511 -0.2039295881986618 -0.9260419011116028 0.1367749720811844 0.3997228145599365 -0.9143794178962708 0.06427773833274841 -0.6245445013046265 -0.8598619699478149 -0.34974658489227295 0.3719067871570587 -2.5403168201446533
-0.31753626465797424 -0.2037939876317978 -0.9260877370834351 0.1368168741464615 0.39970919489860535 -0.9143930673599243 0.06416845321655273 -0.6245661973953247 -0.8598855137825012 -0.3497900068759918 0.37181147933006287 -2.5402960777282715
-0.317594438791275 -0.20379570126533508 -0.9260674118995667 0.1368199735879898 0.39974716305732727 -0.9143791794776917 0.06413038074970245 -0.6245796084403992 -0.8598463535308838 -0.349825382232666 0.37186866998672485 -2.5402872562408447
-0.3176835775375366 -0.20385080575942993 -0.9260247349739075 0.13689027726650238 0.39964377880096436 -0.9144198894500732 0.06419368833303452 -0.6246086359024048 -0.8598614931106567 -0.34968677163124084 0.37196409702301025 -2.5403761863708496
-0.31774306297302246 -0.2038874626159668 -0.9259962439537048 0.13691346347332 0.399686336517334 -0.9144017100334167 0.06418758630752563 -0.6246317625045776 -0.859819769859314 -0.34971290826797485 0.37203603982925415 -2.540381908416748
-0.3176528513431549 -0.20386695861816406 -0.9260317087173462 0.13685207068920135 0.39961931109428406 -0.9144278764724731 0.06423256546258926 -0.6246073246002197 -0.8598842024803162 -0.34965652227401733 0.3719399869441986 -2.540339708328247
-0.31767240166664124 -0.20383891463279724 -0.9260311722755432 0.1368694007396698 0.39963847398757935 -0.9144225716590881 0.06418873369693756 -0.6246321797370911 -0.8598681092262268 -0.34968671202659607 0.37194889783859253 -2.54034423828125
-0.3176059126853943 -0.20389288663864136 -0.9260420799255371 0.13689899444580078 0.399692565202713 -0.9143949747085571 0.06424534320831299 -0.6246321201324463 -0.859867513179779 -0.34972745180130005 0.3719119131565094 -2.540400981903076
-0.3176572322845459 -0.20387570559978485 -0.926028311252594 0.13693054020404816 0.39967504143714905 -0.9144046902656555 0.06421533226966858 -0.6246655583381653 -0.8598567247390747 -0.34971195459365845 0.37195149064064026 -2.540421485900879
-0.3176419138908386 -0.20384670794010162 -0.9260399341583252 0.1368282437324524 0.39969369769096375 -0.914398729801178 0.06418479233980179 -0.6245859265327454 -0.8598536849021912 -0.3497445583343506 0.37192779779434204 -2.5403711795806885
-0.3176064193248749 -0.20389199256896973 -0.9260421395301819 0.1368914097547531 0.39965102076530457 -0.9144119024276733 0.06426221877336502 -0.6245884895324707 -0.859886646270752 -0.34968361258506775 0.37190893292427063 -2.5404698848724365
-0.3176134526729584 -0.2038297951221466 -0.9260534048080444 0.13692617416381836 0.39966216683387756 -0.9144119024276733 0.06419315934181213 -0.6246023178100586 -0.8598788380622864 -0.34971994161605835 0.3718927800655365 -2.5405044555664062
-0.3176145553588867 -0.20384308695793152 -0.9260501265525818 0.13686515390872955 0.39967918395996094 -0.9144040942192078 0.06419848650693893 -0.6246213316917419 -0.8598705530166626 -0.34973257780075073 0.3719000816345215 -2.540483236312866
-0.3176264464855194 -0.20382297039031982 -0.9260504245758057 0.13688941299915314 0.399652361869812 -0.9144167304039001 0.06418545544147491 -0.6246353983879089 -0.8598785996437073 -0.34971126914024353 0.3719014525413513 -2.5405101776123047
-0.3175734579563141 -0.20378996431827545 -0.9260758757591248 0.13680915534496307 0.3997349441051483 -0.9143839478492737 0.06413841247558594 -0.6246116757392883 -0.859859824180603 -0.3498162627220154 0.3718462288379669 -2.540454149246216
-0.3175671100616455 -0.20377692580223083 -0.9260809421539307 0.1368129551410675 0.39975062012672424 -0.91437828540802 0.0641213059425354 -0.624613344669342 -0.8598548769950867 -0.34983864426612854 0.3718366026878357 -2.5404744148254395
-0.31750917434692383 -0.20376622676849365 -0.9261031746864319 0.13674871623516083 0.3998301029205322 -0.9143450260162354 0.06409965455532074 -0.6245582699775696 -0.8598393201828003 -0.3499317169189453 0.3717850148677826 -2.5404655933380127
-0.3174777626991272 -0.20382830500602722 -0.9261002540588379 0.13667821884155273 0.39983296394348145 -0.9143387079238892 0.06417232751846313 -0.6245166063308716 -0.8598495721817017 -0.349912166595459 0.3717796504497528 -2.5404162406921387
-0.31754252314567566 -0.20383048057556152 -0.9260776042938232 0.13676393032073975 0.3998986482620239 -0.9143136143684387 0.06412006169557571 -0.624518096446991 -0.859795093536377 -0.3499763309955597 0.37184515595436096 -2.540400505065918
-0.31755906343460083 -0.203928604722023 -0.9260503053665161 0.13690072298049927 0.3999181389808655 -0.9142993688583374 0.06420185416936874 -0.624557375907898 -0.859779953956604 -0.3499564528465271 0.37189897894859314 -2.540469169616699
-0.31762903928756714 -0.20388883352279663 -0.9260350465774536 0.13686874508857727 0.3998453915119171 -0.914333701133728 0.06416593492031097 -0.6245433688163757 -0.8597878813743591 -0.34988993406295776 0.3719431459903717 -2.5404469966888428
-0.3175528347492218 -0.2038506716489792 -0.9260696172714233 0.1368841677904129 0.3998144567012787 -0.9143468141555786 0.06417226046323776 -0.6245393753051758 -0.8598304390907288 -0.3498779535293579 0.37185606360435486 -2.540468692779541
-0.31760480999946594 -0.20378802716732025 -0.9260655641555786 0.13676874339580536 0.39981842041015625 -0.9143509864807129 0.06408782303333282 -0.6245613098144531 -0.859809398651123 -0.34990349411964417 0.3718806505203247 -2.5404460430145264
-0.3175678551197052 -0.20377010107040405 -0.926082193851471 0.13679008185863495 0.3997931182384491 -0.9143614768981934 0.06409589946269989 -0.6245632767677307 -0.8598348498344421 -0.3498865067958832 0.37183788418769836 -2.540461778640747
-0.3175791800022125 -0.20377059280872345 -0.926078200340271 0.13678300380706787 0.3998653292655945 -0.914332389831543 0.06406061351299286 -0.6245512962341309 -0.8597970604896545 -0.3499622642993927 0.37185391783714294 -2.540426015853882
-0.31764206290245056 -0.2038012146949768 -0.9260498881340027 0.13678252696990967 0.39988210797309875 -0.9143251776695251 0.064058318734169 -0.6245638132095337 -0.8597660064697266 -0.3499631881713867 0.3719247877597809 -2.540430784225464
-0.3176795542240143 -0.2038431167602539 -0.926027774810791 0.13679341971874237 0.39990660548210144 -0.9143133759498596 0.06407401710748672 -0.6245046854019165 -0.8597407937049866 -0.34996965527534485 0.3719770610332489 -2.540459632873535
-0.31767183542251587 -0.20386487245559692 -0.9260256290435791 0.13678710162639618 0.3999420404434204 -0.9142972230911255 0.0640832707285881 -0.6244975924491882 -0.859727144241333 -0.34999915957450867 0.37198081612586975 -2.5404574871063232
-0.31766781210899353 -0.20372551679611206 -0.9260576963424683 0.13679935038089752 0.3999401330947876 -0.9143075346946716 0.0639481320977211 -0.6244763731956482 -0.859729528427124 -0.3500533998012543 0.3719242811203003 -2.5403707027435303
-0.31762030720710754 -0.20380288362503052 -0.926056981086731 0.13685911893844604 0.39985397458076477 -0.9143359065055847 0.06408087909221649 -0.6245009899139404 -0.8597871661186218 -0.3499341905117035 0.3719032108783722 -2.540388584136963
-0.3176123797893524 -0.20380637049674988 -0.9260589480400085 0.13687555491924286 0.3998660147190094 -0.9143305420875549 0.06408228725194931 -0.6244933605194092 -0.8597844839096069 -0.34994617104530334 0.3718981146812439 -2.5403804779052734
-0.31766277551651 -0.2037409096956253 -0.9260560274124146 0.13682487607002258 0.399900883436203 -0.9143223166465759 0.06398232281208038 -0.6245389580726624 -0.8597496747970581 -0.3500058352947235 0.3719225227832794 -2.5404539108276367
-0.31764620542526245 -0.20375819504261017 -0.9260579347610474 0.13684646785259247 0.3999165892601013 -0.9143142104148865 0.06399925798177719 -0.6245525479316711 -0.8597484827041626 -0.35001683235168457 0.37191492319107056 -2.540464401245117
-0.31760942935943604 -0.20380955934524536 -0.9260592460632324 0.1368611603975296 0.3999458849430084 -0.9142977595329285 0.06405208259820938 -0.6245317459106445 -0.8597484230995178 -0.3500300645828247 0.37190258502960205 -2.5403835773468018
-0.3175686299800873 -0.2038230448961258 -0.9260702729225159 0.13689906895160675 0.39991074800491333 -0.9143099784851074 0.06409698724746704 -0.6245463490486145 -0.8597798347473145 -0.34999027848243713 0.3718673884868622 -2.5403971672058105
-0.31763920187950134 -0.20382562279701233 -0.9260454773902893 0.13692453503608704 0.39985191822052 -0.9143357276916504 0.06409662961959839 -0.6245449781417847 -0.8597811460494995 -0.34992149472236633 0.3719291090965271 -2.5404417514801025
-0.31765612959861755 -0.20374953746795654 -0.926056444644928 0.13691361248493195 0.3998088538646698 -0.9143589735031128 0.06403333693742752 -0.624541163444519 -0.8597949147224426 -0.34990498423576355 0.37191277742385864 -2.5403881072998047
-0.31766101717948914 -0.20368635654449463 -0.9260686635971069 0.13691222667694092 0.3997284471988678 -0.9143962264060974 0.06400375813245773 -0.6245938539505005 -0.8598304986953735 -0.3498445153236389 0.3718874454498291 -2.5404021739959717
-0.31768137216567993 -0.20362164080142975 -0.9260758757591248 0.1368643194437027 0.3996441960334778 -0.9144355058670044 0.06396811455488205 -0.6246123909950256 -0.8598620891571045 -0.3497793972492218 0.371875524520874 -2.5404164791107178
-0.31762316823005676 -0.20362761616706848 -0.9260945320129395 0.13686172664165497 0.3996381163597107 -0.9144359230995178 0.06400002539157867 -0.6246280670166016 -0.8598864674568176 -0.3497748076915741 0.37182357907295227 -2.5404131412506104
-0.31769686937332153 -0.2035713791847229 -0.926081657409668 0.13685348629951477 0.399641215801239 -0.9144406318664551 0.06391354650259018 -0.6246156692504883 -0.8598577976226807 -0.34979528188705444 0.37187060713768005 -2.540348529815674
-0.31762832403182983 -0.20351935923099518 -0.9261165857315063 0.13683252036571503 0.3995846211910248 -0.9144653081893921 0.06391419470310211 -0.6246093511581421 -0.8599094152450562 -0.3497610092163086 0.3717834949493408 -2.5403804779052734
-0.31761905550956726 -0.20359981060028076 -0.9261021018028259 0.13678623735904694 0.39954110980033875 -0.9144772291183472 0.06401615589857101 -0.6246289014816284 -0.8599330186843872 -0.34968310594558716 0.37180209159851074 -2.540372371673584
-0.3175765872001648 -0.20355483889579773 -0.9261265397071838 0.1367843598127365 0.39955613017082214 -0.9144729971885681 0.06398231536149979 -0.6246665716171265 -0.8599417805671692 -0.3497202694416046 0.3717469871044159 -2.540386915206909
-0.3175169825553894 -0.20361937582492828 -0.9261327981948853 0.13679680228233337 0.39959999918937683 -0.9144490361213684 0.06405101716518402 -0.6246141791343689 -0.8599433898925781 -0.34974539279937744 0.3717195689678192 -2.5404300689697266
-0.31751978397369385 -0.20361067354679108 -0.9261337518692017 0.136799156665802 0.39959245920181274 -0.9144527912139893 0.06404455006122589 -0.6246375441551208 -0.8599458336830139 -0.3497406542301178 0.37171831727027893 -2.540452003479004
-0.3175603151321411 -0.20359133183956146 -0.926124095916748 0.1367824524641037 0.3995656967163086 -0.914466142654419 0.06402075290679932 -0.624589204788208 -0.8599433302879333 -0.34971699118614197 0.3717464506626129 -2.540369987487793
-0.31753435730934143 -0.20356184244155884 -0.9261394739151001 0.1367841362953186 0.3995200991630554 -0.9144859910011292 0.0640217661857605 -0.6245859861373901 -0.8599740862846375 -0.3496822416782379 0.371707946062088 -2.5403835773468018
-0.31760042905807495 -0.20356965065002441 -0.926115095615387 0.13676559925079346 0.3995172381401062 -0.9144884943962097 0.06400417536497116 -0.6245917677879333 -0.8599510192871094 -0.34967121481895447 0.3717717230319977 -2.5403804779052734
-0.3175865113735199 -0.2035829722881317 -0.926116943359375 0.13677307963371277 0.39950257539749146 -0.9144931435585022 0.064029261469841 -0.6246093511581421 -0.8599629402160645 -0.3496513068675995 0.37176281213760376 -2.5404396057128906
-0.31743329763412476 -0.20374804735183716 -0.9261331558227539 0.13679127395153046 0.3996264338493347 -0.9144270420074463 0.06420024484395981 -0.6245598793029785 -0.859961986541748 -0.3497280180454254 0.37169286608695984 -2.540440082550049
-0.3174668848514557 -0.2037045806646347 -0.9261311888694763 0.13679081201553345 0.3996611535549164 -0.9144168496131897 0.0641288161277771 -0.62455815076828 -0.8599334359169006 -0.3497799336910248 0.3717100918292999 -2.540470600128174
-0.3174607753753662 -0.20369358360767365 -0.9261357188224792 0.13678377866744995 0.3996678292751312 -0.9144147038459778 0.06411754339933395 -0.6245073080062866 -0.8599326014518738 -0.34979185461997986 0.3717007637023926 -2.540494441986084
-0.31742244958877563 -0.2036970555782318 -0.9261481165885925 0.13683179020881653 0.3996167480945587 -0.9144341945648193 0.06415842473506927 -0.6244844794273376 -0.8599705100059509 -0.3497389853000641 0.3716628849506378 -2.5404484272003174
-0.31739237904548645 -0.2036895453929901 -0.9261600375175476 0.13683289289474487 0.3996083438396454 -0.9144372940063477 0.06416671723127365 -0.6244698762893677 -0.8599854707717896 -0.349735289812088 0.3716316521167755 -2.5404577255249023
-0.31733039021492004 -0.20367899537086487 -0.9261836409568787 0.13686302304267883 0.3995901346206665 -0.9144436717033386 0.06418906897306442 -0.6244474649429321 -0.8600168228149414 -0.3497247099876404 0.37156906723976135 -2.540489435195923
-0.31730496883392334 -0.20370236039161682 -0.9261872172355652 0.1368350386619568 0.39964017271995544 -0.9144209623336792 0.06420071423053741 -0.6244533061981201 -0.8600029349327087 -0.3497704267501831 0.37155815958976746 -2.540510892868042
-0.31727755069732666 -0.2036011815071106 -0.9262188076972961 0.13685104250907898 0.3996039628982544 -0.9144419431686401 0.06412746757268906 -0.6245052814483643 -0.8600298762321472 -0.3497745394706726 0.371491938829422 -2.540494441986084
-0.3173029124736786 -0.20361517369747162 -0.9262070655822754 0.13684837520122528 0.3995818793773651 -0.9144506454467773 0.06414064019918442 -0.6244944930076599 -0.8600308299064636 -0.3497435748577118 0.37151896953582764 -2.5405044555664062
-0.31734877824783325 -0.20360346138477325 -0.9261939525604248 0.1367999017238617 0.3997049629688263 -0.9144027233123779 0.06405749917030334 -0.62450110912323 -0.859956681728363 -0.3498757481575012 0.3715660870075226 -2.5404934883117676
-0.31732070446014404 -0.2036357969045639 -0.9261964559555054 0.13677643239498138 0.3997078537940979 -0.9143984913825989 0.06409943848848343 -0.624485969543457 -0.8599656820297241 -0.34986793994903564 0.37155258655548096 -2.5404951572418213
-0.31733208894729614 -0.20367100834846497 -0.9261847734451294 0.13681229948997498 0.39977118372917175 -0.914370596408844 0.06410226970911026 -0.6245049238204956 -0.8599320650100708 -0.3499203026294708 0.37158113718032837 -2.5404772758483887
-0.31734567880630493 -0.2037128359079361 -0.9261709451675415 0.1368059515953064 0.39976999163627625 -0.9143685698509216 0.06413862109184265 -0.6244935989379883 -0.8599275946617126 -0.3499012589454651 0.3716093897819519 -2.540483236312866
-0.3173534572124481 -0.20367193222045898 -0.9261772632598877 0.13683409988880157 0.39963603019714355 -0.9144261479377747 0.06415299326181412 -0.6244983673095703 -0.8599870204925537 -0.34977465867996216 0.37159112095832825 -2.540419578552246
-0.31737616658210754 -0.20377200841903687 -0.9261474609375 0.13680852949619293 0.3997393250465393 -0.9143778085708618 0.06419803202152252 -0.624491810798645 -0.8599305748939514 -0.3498426675796509 0.3716576099395752 -2.5404186248779297
-0.317411869764328 -0.2036825567483902 -0.9261549115180969 0.13686448335647583 0.39969953894615173 -0.9144012331962585 0.064112588763237 -0.6244933605194092 -0.8599359393119812 -0.349833607673645 0.37165379524230957 -2.5403642654418945
-0.31732258200645447 -0.2037213295698166 -0.9261769652366638 0.13693179190158844 0.3997231125831604 -0.9143863916397095 0.0641765370965004 -0.6245185732841492 -0.8599579334259033 -0.3498497009277344 0.3715877830982208 -2.5404257774353027
-0.31740909814834595 -0.20371165871620178 -0.9261494874954224 0.13684120774269104 0.3997228741645813 -0.9143896102905273 0.06413234770298004 -0.6245771646499634 -0.8599261045455933 -0.3498469591140747 0.37166398763656616 -2.5404863357543945
-0.31743091344833374 -0.20373745262622833 -0.926136314868927 0.13675861060619354 0.39978620409965515 -0.9143626689910889 0.06412166357040405 -0.6245248913764954 -0.8598886132240295 -0.34990233182907104 0.3716985881328583 -2.540402412414551
-0.31741854548454285 -0.2037321776151657 -0.9261417388916016 0.1367897242307663 0.3998657763004303 -0.9143303036689758 0.06408703327178955 -0.6245485544204712 -0.8598561882972717 -0.34998998045921326 0.37169110774993896 -2.5404446125030518
-0.3174321949481964 -0.2036656141281128 -0.926151692867279 0.13677281141281128 0.3998897671699524 -0.9143255352973938 0.06400547921657562 -0.624513566493988 -0.8598399758338928 -0.3500412106513977 0.371680349111557 -2.540362596511841
-0.31740012764930725 -0.20371007919311523 -0.9261528849601746 0.13682863116264343 0.39984896779060364 -0.9143381714820862 0.0640798807144165 -0.6245468854904175 -0.8598707914352417 -0.349982351064682 0.37166449427604675 -2.540381669998169
-0.3173734247684479 -0.20372705161571503 -0.9261583089828491 0.13682907819747925 0.39986827969551086 -0.914328396320343 0.0640990287065506 -0.6245587468147278 -0.8598716855049133 -0.34999802708625793 0.3716476857662201 -2.5403690338134766
-0.3174136281013489 -0.2037498503923416 -0.9261395335197449 0.13680841028690338 0.3999005854129791 -0.9143148064613342 0.06409142166376114 -0.6245342493057251 -0.8598418235778809 -0.35002025961875916 0.3716958463191986 -2.5403339862823486
-0.31746867299079895 -0.20382116734981537 -0.9261049628257751 0.13682155311107635 0.3999314308166504 -0.9142988324165344 0.06412636488676071 -0.6245505213737488 -0.8598071336746216 -0.3500204086303711 0.37177592515945435 -2.5403313636779785
-0.31743907928466797 -0.20376433432102203 -0.9261276125907898 0.1368211954832077 0.39994028210639954 -0.9142983555793762 0.06407831609249115 -0.6245714426040649 -0.859813928604126 -0.3500548005104065 0.37172776460647583 -2.540381908416748
-0.3174419105052948 -0.20381282269954681 -0.9261159300804138 0.13684894144535065 0.3999883532524109 -0.9142754673957825 0.06410426646471024 -0.6245996952056885 -0.8597905039787292 -0.3500862419605255 0.3717523217201233 -2.540409803390503
-0.31748703122138977 -0.20380666851997375 -0.9261018633842468 0.13684526085853577 0.4000066816806793 -0.914269745349884 0.0640721246600151 -0.6246254444122314 -0.859765350818634 -0.3501048982143402 0.3717930018901825 -2.5405113697052
-0.31747499108314514 -0.20383524894714355 -0.9260997176170349 0.13690225780010223 0.39997774362564087 -0.9142792224884033 0.06411771476268768 -0.6245588660240173 -0.8597832322120667 -0.3500635027885437 0.3717905282974243 -2.5404953956604004
-0.3175326883792877 -0.20382949709892273 -0.9260811805725098 0.13693100214004517 0.39998140931129456 -0.9142796993255615 0.06408724933862686 -0.6245793700218201 -0.8597602248191833 -0.3500654697418213 0.3718419075012207 -2.5405099391937256
-0.3173983693122864 -0.2038961499929428 -0.9261125326156616 0.13690899312496185 0.399981826543808 -0.9142711758613586 0.06420686095952988 -0.6246187090873718 -0.8598096370697021 -0.35004904866218567 0.3717431128025055 -2.540550708770752
-0.31744614243507385 -0.20393390953540802 -0.9260878562927246 0.13687241077423096 0.40001916885375977 -0.9142546653747559 0.06420878320932388 -0.624595582485199 -0.859774649143219 -0.3500700891017914 0.37180429697036743 -2.5404863357543945
-0.3174186050891876 -0.20390664041042328 -0.9261032938957214 0.13683727383613586 0.40005743503570557 -0.9142401814460754 0.06417639553546906 -0.624600350856781 -0.8597670197486877 -0.35012373328208923 0.3717713952064514 -2.5404999256134033
-0.31741684675216675 -0.20387062430381775 -0.9261118173599243 0.13678868114948273 0.40006256103515625 -0.9142405986785889 0.06413932889699936 -0.6245408654212952 -0.8597652912139893 -0.35014379024505615 0.37175655364990234 -2.5404436588287354
-0.3174295127391815 -0.2039535641670227 -0.9260892271995544 0.13676081597805023 0.40004172921180725 -0.9142436385154724 0.06422511488199234 -0.624524712562561 -0.8597702980041504 -0.35008740425109863 0.371798038482666 -2.540393590927124
-0.31740325689315796 -0.20394687354564667 -0.9260997176170349 0.13674861192703247 0.40008124709129333 -0.914227306842804 0.06421198695898056 -0.6245291829109192 -0.8597615957260132 -0.3501340448856354 0.37177422642707825 -2.5404045581817627
-0.31742414832115173 -0.2039053738117218 -0.9261016845703125 0.1367400586605072 0.40002763271331787 -0.9142525792121887 0.06418579071760178 -0.6245392560958862 -0.8597788214683533 -0.3500921428203583 0.3717738091945648 -2.540400266647339
-0.3174174129962921 -0.2039051651954651 -0.9261040091514587 0.13678677380084991 0.4000094532966614 -0.9142597913742065 0.0641961544752121 -0.6245489716529846 -0.8597897887229919 -0.3500734269618988 0.3717661499977112 -2.5403854846954346
-0.31738370656967163 -0.2039176970720291 -0.9261128306388855 0.13679848611354828 0.4000006318092346 -0.9142615795135498 0.06422588974237442 -0.6245577335357666 -0.8598062992095947 -0.3500615060329437 0.37173911929130554 -2.5403811931610107
-0.31741634011268616 -0.20388102531433105 -0.9261097311973572 0.13688866794109344 0.3999275267124176 -0.9142948389053345 0.06420817971229553 -0.6245502829551697 -0.8598282933235168 -0.34999606013298035 0.3717499375343323 -2.540384531021118
-0.31738805770874023 -0.20386575162410736 -0.926122784614563 0.1369042992591858 0.39992350339889526 -0.9142966866493225 0.06420619785785675 -0.624561607837677 -0.8598405718803406 -0.3500000238418579 0.37171778082847595 -2.540372610092163
