# 3x4 first row second row third row Freq: 100 current Time: 2021-07-29-20:42:46
-0.3454115092754364 0.4132527709007263 -0.8425633907318115 0.001625299220904708 -0.016024338081479073 -0.9002895355224609 -0.4349965453147888 -0.5177664160728455 -0.9383144974708557 -0.13675127923488617 0.31759244203567505 -2.0305216312408447
-0.3453476130962372 0.41321972012519836 -0.8426057696342468 0.0016310416394844651 -0.016083059832453728 -0.9003199934959412 -0.4349313974380493 -0.5177736282348633 -0.9383370280265808 -0.13665083050727844 0.31756913661956787 -2.030522346496582
-0.3453499972820282 0.41321679949760437 -0.842606246471405 0.001641354407183826 -0.016079749912023544 -0.900320827960968 -0.434929758310318 -0.517772912979126 -0.938336193561554 -0.1366540938615799 0.31757020950317383 -2.030522346496582
-0.34538111090660095 0.4132571518421173 -0.8425737023353577 0.0016214062925428152 -0.016077984124422073 -0.9002974033355713 -0.43497833609580994 -0.5177785158157349 -0.9383248090744019 -0.13668639957904816 0.31759002804756165 -2.0305075645446777
-0.34538978338241577 0.4132556915283203 -0.8425708413124084 0.0016185579588636756 -0.01611780747771263 -0.900303304195404 -0.4349646270275116 -0.5177457332611084 -0.9383209347724915 -0.13665194809436798 0.3176163136959076 -2.0304818153381348
-0.3453707695007324 0.41329342126846313 -0.8425601720809937 0.0015981465112417936 -0.01614919677376747 -0.9002898335456848 -0.43499135971069336 -0.5177659392356873 -0.9383273720741272 -0.13662661612033844 0.3176080882549286 -2.03055739402771
-0.3453826904296875 0.41326114535331726 -0.8425710797309875 0.0015898075653240085 -0.01620790734887123 -0.9003141522407532 -0.43493884801864624 -0.5177764296531677 -0.9383220076560974 -0.13656403124332428 0.3176509737968445 -2.0305349826812744
-0.3454124629497528 0.41331952810287476 -0.8425302505493164 0.0015617759199813008 -0.016159486025571823 -0.9002746939659119 -0.4350222647190094 -0.5177656412124634 -0.9383118748664856 -0.13664723932743073 0.3176451027393341 -2.0305886268615723
-0.3453027307987213 0.4132670760154724 -0.84260094165802 0.001544457976706326 -0.016171321272850037 -0.9003117680549622 -0.43494516611099243 -0.5177788138389587 -0.9383520483970642 -0.136561781167984 0.31756314635276794 -2.0305705070495605
-0.3452952802181244 0.41330602765083313 -0.8425849080085754 0.001539998920634389 -0.01621057651937008 -0.9002979397773743 -0.43497234582901 -0.517776608467102 -0.9383541345596313 -0.13653509318828583 0.31756851077079773 -2.030608892440796
-0.34530842304229736 0.41336777806282043 -0.842549204826355 0.0015696201007813215 -0.016166651621460915 -0.9002586603164673 -0.4350552260875702 -0.517772376537323 -0.9383500218391418 -0.13660702109336853 0.3175496459007263 -2.0306010246276855
-0.3452816307544708 0.4133601784706116 -0.8425639271736145 0.001528551452793181 -0.016102079302072525 -0.9002552032470703 -0.43506476283073425 -0.5178040862083435 -0.9383609890937805 -0.1366528421640396 0.31749752163887024 -2.0305428504943848
-0.3451952636241913 0.41335514187812805 -0.8426017761230469 0.0015504893381148577 -0.016078224405646324 -0.9002608060836792 -0.4350540339946747 -0.5177862048149109 -0.9383931756019592 -0.136631041765213 0.31741175055503845 -2.030566453933716
-0.34520450234413147 0.4133027493953705 -0.8426237106323242 0.001550597371533513 -0.016063455492258072 -0.900285005569458 -0.43500450253486633 -0.5177804231643677 -0.9383900165557861 -0.13663004338741302 0.31742146611213684 -2.0305728912353516
-0.3452819883823395 0.41337043046951294 -0.842558741569519 0.0015506589552387595 -0.01604922115802765 -0.9002421498298645 -0.4350936710834503 -0.5177927613258362 -0.9383617639541626 -0.136707603931427 0.3174716532230377 -2.030543327331543
-0.3452863097190857 0.4132779538631439 -0.8426023721694946 0.0015402608551084995 -0.016050420701503754 -0.90028977394104 -0.4349951148033142 -0.5177805423736572 -0.9383601546287537 -0.1366737186908722 0.31749096512794495 -2.0305335521698
-0.34526243805885315 0.4134034216403961 -0.8425505757331848 0.0015863804146647453 -0.016040269285440445 -0.9002252817153931 -0.43512892723083496 -0.5177583694458008 -0.93836909532547 -0.13671892881393433 0.3174450397491455 -2.030529499053955
-0.34530457854270935 0.41337916254997253 -0.842545211315155 0.0015629288973286748 -0.01606454886496067 -0.9002382159233093 -0.43510133028030396 -0.5177688002586365 -0.9383531808853149 -0.1367073655128479 0.3174970746040344 -2.030498504638672
-0.34527915716171265 0.4133712947368622 -0.8425595164299011 0.001555227325297892 -0.016084041446447372 -0.9002470374107361 -0.4350823760032654 -0.5177683234214783 -0.9383622407913208 -0.13667310774326324 0.31748518347740173 -2.0305731296539307
-0.34532609581947327 0.4133240282535553 -0.8425634503364563 0.001543075661174953 -0.016089394688606262 -0.9002686738967896 -0.4350373446941376 -0.5177667140960693 -0.9383448362350464 -0.13667340576648712 0.3175363540649414 -2.0305562019348145
-0.34535616636276245 0.41339436173439026 -0.8425166010856628 0.001530100591480732 -0.016064058989286423 -0.9002264142036438 -0.43512576818466187 -0.5177323222160339 -0.9383342266082764 -0.136739119887352 0.3175394833087921 -2.030543088912964
-0.34539085626602173 0.41334229707717896 -0.8425279855728149 0.00149733223952353 -0.016080748289823532 -0.9002531170845032 -0.43506985902786255 -0.5177432894706726 -0.9383211731910706 -0.1367206573486328 0.3175860047340393 -2.030505657196045
-0.345337837934494 0.41335809230804443 -0.8425419330596924 0.0015026719775050879 -0.016086190938949585 -0.900249719619751 -0.43507665395736694 -0.5177153944969177 -0.9383406043052673 -0.13669513165950775 0.31753963232040405 -2.030428647994995
-0.3453059792518616 0.4133262038230896 -0.8425706624984741 0.0014607554767280817 -0.016049711033701897 -0.9002633094787598 -0.43504998087882996 -0.5177146792411804 -0.9383529424667358 -0.13670232892036438 0.3175000250339508 -2.0303847789764404
-0.3453010320663452 0.4132705628871918 -0.8425999283790588 0.0014660869492217898 -0.016082195565104485 -0.9002971053123474 -0.43497875332832336 -0.5177415013313293 -0.9383541941642761 -0.13664774596691132 0.31751978397369385 -2.0303852558135986
-0.34523576498031616 0.4132480323314667 -0.8426377177238464 0.0015295601915568113 -0.016063250601291656 -0.9003108739852905 -0.43495094776153564 -0.5177644491195679 -0.9383785128593445 -0.13662511110305786 0.3174575865268707 -2.030437707901001
-0.3452302813529968 0.4132395386695862 -0.8426441550254822 0.0015505101764574647 -0.01607481762766838 -0.900317370891571 -0.43493708968162537 -0.5177647471427917 -0.9383803606033325 -0.1366080939769745 0.3174595236778259 -2.0304384231567383
-0.34526440501213074 0.4132553040981293 -0.8426224589347839 0.0016340657602995634 -0.016109468415379524 -0.9003117084503174 -0.43494752049446106 -0.517781138420105 -0.9383671879768372 -0.13659769296646118 0.31750285625457764 -2.0305089950561523
-0.34527918696403503 0.4132624566555023 -0.8426128625869751 0.0016710272757336497 -0.016117319464683533 -0.9003080725669861 -0.43495482206344604 -0.5177775025367737 -0.938361644744873 -0.13660018146038055 0.31751829385757446 -2.030529260635376
-0.34540438652038574 0.41328680515289307 -0.8425496220588684 0.001665425137616694 -0.01608346588909626 -0.9002811312675476 -0.43501177430152893 -0.5177678465843201 -0.9383161664009094 -0.13670384883880615 0.3176080882549286 -2.0305745601654053
-0.3453850746154785 0.4132404327392578 -0.842580258846283 0.0017068983288481832 -0.016073359176516533 -0.9003050923347473 -0.4349626302719116 -0.5177691578865051 -0.938323438167572 -0.1366865038871765 0.31759408116340637 -2.030595541000366
-0.34535783529281616 0.4131913483142853 -0.84261554479599 0.0016369714867323637 -0.01601015217602253 -0.9003232717514038 -0.4349273443222046 -0.5177668929100037 -0.9383345246315002 -0.13671515882015228 0.3175489008426666 -2.0306060314178467
-0.34530776739120483 0.4131834805011749 -0.8426399230957031 0.001636872417293489 -0.016002699732780457 -0.9003299474716187 -0.43491366505622864 -0.5178040266036987 -0.9383530616760254 -0.1366945505142212 0.3175029456615448 -2.0305323600769043
-0.3453385829925537 0.4132044017314911 -0.8426170349121094 0.0016713396180421114 -0.016028854995965958 -0.9003206491470337 -0.4349319636821747 -0.5177673697471619 -0.9383412599563599 -0.1366925984621048 0.31753864884376526 -2.0304625034332275
-0.34537503123283386 0.4132215082645416 -0.8425936698913574 0.0016436709556728601 -0.01596793346107006 -0.9003002047538757 -0.4349765181541443 -0.5178120136260986 -0.9383289217948914 -0.13677553832530975 0.3175394833087921 -2.030454158782959
-0.3453485369682312 0.41321370005607605 -0.8426083922386169 0.0016563361277803779 -0.01598842442035675 -0.9003092646598816 -0.4349571168422699 -0.5178232789039612 -0.9383383393287659 -0.1367398202419281 0.31752708554267883 -2.030426263809204
-0.345358282327652 0.4131908416748047 -0.8426156044006348 0.001610935665667057 -0.015989843755960464 -0.9003205299377441 -0.43493375182151794 -0.5177454352378845 -0.9383347034454346 -0.13673466444015503 0.3175399601459503 -2.030296564102173
-0.3453681170940399 0.41322192549705505 -0.8425962924957275 0.0016199179226532578 -0.015964703634381294 -0.9003000259399414 -0.4349770247936249 -0.5177465677261353 -0.9383314847946167 -0.13677538931369781 0.31753185391426086 -2.0302460193634033
-0.345412939786911 0.4131728708744049 -0.842602014541626 0.0015712918248027563 -0.016015082597732544 -0.9003293514251709 -0.4349144995212555 -0.5177804827690125 -0.9383141398429871 -0.13673076033592224 0.31760236620903015 -2.0303173065185547
-0.34543758630752563 0.4131110608577728 -0.8426222205162048 0.0015556502621620893 -0.015999047085642815 -0.9003570675849915 -0.43485772609710693 -0.5177866816520691 -0.9383053779602051 -0.13673505187034607 0.3176265060901642 -2.0302820205688477
-0.3454526364803314 0.41314056515693665 -0.8426015377044678 0.0014812025474384427 -0.01596713997423649 -0.9003360271453857 -0.4349024295806885 -0.5178011655807495 -0.938300371170044 -0.13678424060344696 0.31762009859085083 -2.0302863121032715
-0.345411092042923 0.41316232085227966 -0.8426079154014587 0.0014853008324280381 -0.015934573486447334 -0.900323212146759 -0.4349302053451538 -0.5177788734436035 -0.9383162260055542 -0.13680312037467957 0.3175651431083679 -2.0303313732147217
-0.3454422652721405 0.41313162446022034 -0.8426101803779602 0.0014499793760478497 -0.01594776101410389 -0.9003386497497559 -0.4348978102207184 -0.5177841782569885 -0.9383044838905334 -0.1367943286895752 0.3176034986972809 -2.0303142070770264
-0.3455459773540497 0.41307908296585083 -0.8425934314727783 0.0014805089449509978 -0.015934115275740623 -0.9003559350967407 -0.4348624646663666 -0.517758309841156 -0.9382665753364563 -0.13683898746967316 0.31769639253616333 -2.03033709526062
-0.34554073214530945 0.413113534450531 -0.8425787091255188 0.001458479673601687 -0.015995759516954422 -0.9003475308418274 -0.43487754464149475 -0.517754316329956 -0.9382674098014832 -0.1367902159690857 0.31771478056907654 -2.0303354263305664
-0.34558531641960144 0.41312867403030396 -0.8425529599189758 0.001507583074271679 -0.0160339567810297 -0.9003419280052185 -0.43488773703575134 -0.5177528858184814 -0.9382503628730774 -0.13678134977817535 0.31776902079582214 -2.030344247817993
-0.3455623686313629 0.41316652297973633 -0.8425438404083252 0.001485484535805881 -0.016031842678785324 -0.9003238081932068 -0.4349253475666046 -0.5177520513534546 -0.9382588267326355 -0.1367862969636917 0.3177418112754822 -2.0303354263305664
-0.34548473358154297 0.4131816029548645 -0.8425682783126831 0.0015294502954930067 -0.016066689044237137 -0.9003269672393799 -0.4349175691604614 -0.5177427530288696 -0.9382868409156799 -0.13672009110450745 0.31768763065338135 -2.0303404331207275
-0.34547120332717896 0.41311973333358765 -0.8426041603088379 0.0015293295728042722 -0.016062267124652863 -0.9003592729568481 -0.4348508417606354 -0.5177440047264099 -0.9382919073104858 -0.1366942971944809 0.31768378615379333 -2.0303092002868652
-0.3454420864582062 0.41311579942703247 -0.8426180481910706 0.0015025449683889747 -0.0160723477602005 -0.9003649353981018 -0.4348386824131012 -0.5177484750747681 -0.9383024573326111 -0.13666872680187225 0.31766366958618164 -2.030339241027832
-0.3453434109687805 0.4131046533584595 -0.8426639437675476 0.00151312246453017 -0.01610339991748333 -0.9003826379776001 -0.434800922870636 -0.5177323818206787 -0.9383382201194763 -0.13658587634563446 0.3175935745239258 -2.0303449630737305
-0.3453407883644104 0.41310086846351624 -0.8426668643951416 0.0014871610328555107 -0.016114184632897377 -0.900386393070221 -0.43479281663894653 -0.5177409052848816 -0.9383389949798584 -0.13657279312610626 0.3175968825817108 -2.030332565307617
-0.34525400400161743 0.41317281126976013 -0.8426671624183655 0.0015260599320754409 -0.016146205365657806 -0.9003604054450989 -0.43484532833099365 -0.5177613496780396 -0.938370406627655 -0.1365261971950531 0.31752416491508484 -2.030334711074829
-0.3452616035938263 0.41312557458877563 -0.84268718957901 0.0014988139737397432 -0.016130993142724037 -0.9003819823265076 -0.43480122089385986 -0.5177717208862305 -0.9383678436279297 -0.13652677834033966 0.31753143668174744 -2.0303196907043457
-0.34524428844451904 0.41316941380500793 -0.8426728248596191 0.001497785677202046 -0.01611580140888691 -0.9003584384918213 -0.4348505139350891 -0.5177842974662781 -0.9383745193481445 -0.13654929399490356 0.31750214099884033 -2.0303380489349365
-0.34524261951446533 0.4131777584552765 -0.8426693677902222 0.0014719368191435933 -0.01614108867943287 -0.9003579616546631 -0.4348506033420563 -0.5177976489067078 -0.9383746981620789 -0.13652735948562622 0.31751105189323425 -2.0303258895874023
-0.3452812135219574 0.41308388113975525 -0.8426995873451233 0.001440062653273344 -0.016126349568367004 -0.9004013538360596 -0.43476128578186035 -0.5177798271179199 -0.9383607506752014 -0.1365252286195755 0.31755319237709045 -2.0303139686584473
-0.3452453315258026 0.4130535423755646 -0.8427291512489319 0.0014106229646131396 -0.01612250693142414 -0.9004191756248474 -0.4347245991230011 -0.5177974104881287 -0.9383739829063416 -0.13649973273277283 0.3175249397754669 -2.030291795730591
-0.345345139503479 0.41304782032966614 -0.8426910638809204 0.001458679442293942 -0.016141017898917198 -0.9004173278808594 -0.4347277283668518 -0.5178051590919495 -0.938336968421936 -0.13652920722961426 0.31762173771858215 -2.0302367210388184
-0.34533578157424927 0.4129849970340729 -0.8427256941795349 0.001556912437081337 -0.01617058925330639 -0.9004546999931335 -0.43464910984039307 -0.5178204774856567 -0.93833988904953 -0.13647250831127167 0.3176374137401581 -2.0303189754486084
-0.34536415338516235 0.4130394160747528 -0.8426874279975891 0.0016130234580487013 -0.01615484431385994 -0.900422215461731 -0.4347170293331146 -0.5178416967391968 -0.9383296966552734 -0.13652218878269196 0.3176461160182953 -2.030263900756836
-0.34536632895469666 0.41295158863067627 -0.8427295684814453 0.0016624234849587083 -0.016086002811789513 -0.9004573822021484 -0.4346468150615692 -0.5178015232086182 -0.9383301138877869 -0.1365562081336975 0.3176303505897522 -2.030298948287964
-0.3453744053840637 0.41293686628341675 -0.8427334427833557 0.0016900872578844428 -0.01608395017683506 -0.9004640579223633 -0.4346330463886261 -0.517815113067627 -0.9383271336555481 -0.13655664026737213 0.3176388442516327 -2.030268907546997
-0.34532666206359863 0.41298341751098633 -0.8427302241325378 0.0016260124975815415 -0.016105594113469124 -0.9004467725753784 -0.43466803431510925 -0.5177599191665649 -0.9383443593978882 -0.13652978837490082 0.3175995945930481 -2.0303075313568115
-0.34529346227645874 0.4130001962184906 -0.8427355885505676 0.0016131351003423333 -0.016127409413456917 -0.9004437923431396 -0.43467339873313904 -0.517768144607544 -0.9383562207221985 -0.13649873435497284 0.31757792830467224 -2.030280113220215
-0.3452974259853363 0.4130516052246094 -0.8427087664604187 0.0015398714458569884 -0.016092490404844284 -0.9004119038581848 -0.4347407817840576 -0.5177616477012634 -0.9383553266525269 -0.1365535855293274 0.31755688786506653 -2.0302746295928955
-0.3452856242656708 0.4131060540676117 -0.8426869511604309 0.0014890970196574926 -0.016104409471154213 -0.900386393070221 -0.434793084859848 -0.5177772045135498 -0.9383594989776611 -0.13655681908130646 0.31754326820373535 -2.030233144760132
-0.3452986776828766 0.41311296820640564 -0.8426781892776489 0.0014655458508059382 -0.016149254515767097 -0.9003883600234985 -0.4347873032093048 -0.5177528858184814 -0.9383538961410522 -0.13652284443378448 0.31757432222366333 -2.0302810668945312
-0.345310240983963 0.41311115026474 -0.8426743149757385 0.0014478913508355618 -0.01615535467863083 -0.9003893136978149 -0.4347851276397705 -0.5177567601203918 -0.9383495450019836 -0.1365220546722412 0.31758758425712585 -2.030261278152466
-0.3452971875667572 0.4130963385105133 -0.8426869511604309 0.0014890418387949467 -0.016139796003699303 -0.9003956913948059 -0.4347725212574005 -0.5177871584892273 -0.9383546113967896 -0.13652491569519043 0.31757134199142456 -2.0302622318267822
-0.3452760875225067 0.4131324589252472 -0.842677891254425 0.0014711933908984065 -0.016190415248274803 -0.9003860354423523 -0.434790700674057 -0.5177967548370361 -0.9383615255355835 -0.13647951185703278 0.3175705075263977 -2.0302419662475586
-0.3453723192214966 0.4131864011287689 -0.8426120281219482 0.001555927563458681 -0.016151370480656624 -0.9003452658653259 -0.4348765015602112 -0.5177910327911377 -0.9383267760276794 -0.13658495247364044 0.31762781739234924 -2.0302696228027344
-0.34544262290000916 0.4131395220756531 -0.8426061868667603 0.0015770725440233946 -0.01615409180521965 -0.9003645777702332 -0.4348364472389221 -0.5177411437034607 -0.9383008480072021 -0.13659949600696564 0.3176981508731842 -2.0302186012268066
-0.345432311296463 0.4131697714328766 -0.8425955772399902 0.0015775165520608425 -0.016162896528840065 -0.9003509879112244 -0.43486419320106506 -0.5177456140518188 -0.9383044838905334 -0.13659735023975372 0.31768831610679626 -2.0301997661590576
-0.3454741835594177 0.4132125973701477 -0.842557430267334 0.0015575811266899109 -0.01625188998878002 -0.9003387093544006 -0.43488630652427673 -0.5177635550498962 -0.9382875561714172 -0.13654883205890656 0.3177592158317566 -2.030212640762329
-0.34548044204711914 0.41323643922805786 -0.8425431251525879 0.0015369857428595424 -0.016273658722639084 -0.9003291130065918 -0.43490540981292725 -0.5177699327468872 -0.9382848739624023 -0.13654004037380219 0.31777092814445496 -2.0301947593688965
-0.34546658396720886 0.4132361114025116 -0.8425490260124207 0.0015074057737365365 -0.016231153160333633 -0.9003241658210754 -0.43491727113723755 -0.5177214741706848 -0.9382907152175903 -0.13657383620738983 0.3177391588687897 -2.030222177505493
-0.3454548716545105 0.4132382869720459 -0.8425527215003967 0.0014787806430831552 -0.016242489218711853 -0.9003255367279053 -0.4349139332771301 -0.5177203416824341 -0.9382948279380798 -0.13655798137187958 0.3177338242530823 -2.0302040576934814
-0.3453793227672577 0.4132847785949707 -0.842560887336731 0.0014798364136368036 -0.01622762158513069 -0.9003050923347473 -0.4349569082260132 -0.5177412033081055 -0.938322901725769 -0.1365523636341095 0.3176533579826355 -2.030191659927368
-0.34540030360221863 0.4132632315158844 -0.8425628542900085 0.001476325560361147 -0.016209807246923447 -0.9003120064735413 -0.43494316935539246 -0.5177470445632935 -0.9383154511451721 -0.1365717202425003 0.3176669180393219 -2.0301730632781982
-0.3454084098339081 0.4132472574710846 -0.8425673842430115 0.0015485365875065327 -0.01622755080461502 -0.9003222584724426 -0.43492138385772705 -0.5177335143089294 -0.9383121728897095 -0.13655267655849457 0.3176848292350769 -2.0302281379699707
-0.3453720510005951 0.4131927788257599 -0.8426089882850647 0.0015704581746831536 -0.016185320913791656 -0.9003469347953796 -0.4348717927932739 -0.5177249908447266 -0.9383262991905212 -0.13655465841293335 0.31764230132102966 -2.0302488803863525
-0.34535282850265503 0.4131825864315033 -0.8426218628883362 0.001595275360159576 -0.016162613406777382 -0.9003503322601318 -0.4348655939102173 -0.5177230834960938 -0.9383337497711182 -0.13656307756900787 0.31761661171913147 -2.0302340984344482
-0.3453483283519745 0.4131403863430023 -0.8426443934440613 0.0015508983051404357 -0.016086310148239136 -0.9003613591194153 -0.4348456561565399 -0.5177749991416931 -0.9383367300033569 -0.13661816716194153 0.31758415699005127 -2.0302882194519043
-0.3453519344329834 0.41313859820365906 -0.8426437973976135 0.0015531147364526987 -0.016087524592876434 -0.9003621935844421 -0.43484386801719666 -0.5177915096282959 -0.9383353590965271 -0.13661810755729675 0.3175881505012512 -2.0302672386169434
-0.34529948234558105 0.4131792485713959 -0.8426453471183777 0.0015532115940004587 -0.016082163900136948 -0.9003443717956543 -0.43488097190856934 -0.5178134441375732 -0.9383547902107239 -0.13661260902881622 0.3175332248210907 -2.0302767753601074
-0.3452697694301605 0.4131508767604828 -0.8426714539527893 0.0015339417150244117 -0.01601698249578476 -0.9003517627716064 -0.43486809730529785 -0.5178424119949341 -0.9383668303489685 -0.1366497427225113 0.3174816370010376 -2.030249834060669
-0.3453669250011444 0.41315340995788574 -0.8426303863525391 0.0015518584987148643 -0.01598537340760231 -0.9003385305404663 -0.4348966181278229 -0.5178096294403076 -0.9383316040039062 -0.1367291361093521 0.31755152344703674 -2.0302720069885254
-0.3453570306301117 0.41316112875938416 -0.8426306843757629 0.0015261752996593714 -0.016017811372876167 -0.9003400206565857 -0.43489232659339905 -0.5178382992744446 -0.9383347034454346 -0.13669602572917938 0.3175566494464874 -2.0302391052246094
-0.3453189432621002 0.4130908250808716 -0.8426807522773743 0.0015064741019159555 -0.01595122367143631 -0.9003694653511047 -0.434833824634552 -0.5178197026252747 -0.9383498430252075 -0.13671456277370453 0.3175038993358612 -2.0302035808563232
-0.34534335136413574 0.4130890667438507 -0.8426715731620789 0.0015053028473630548 -0.01593472808599472 -0.9003661274909973 -0.4348413348197937 -0.5177988409996033 -0.9383411407470703 -0.13674181699752808 0.31751787662506104 -2.030195474624634
-0.345266729593277 0.4131469130516052 -0.8426746129989624 0.0014717073645442724 -0.01597745530307293 -0.9003482460975647 -0.4348767399787903 -0.5178324580192566 -0.9383686184883118 -0.13668467104434967 0.3174613118171692 -2.0301971435546875
-0.3452586531639099 0.41306501626968384 -0.8427181243896484 0.0014634282561019063 -0.016010798513889313 -0.9003959894180298 -0.4347766935825348 -0.517816960811615 -0.9383710026741028 -0.13661782443523407 0.31748297810554504 -2.0301952362060547
-0.3452508747577667 0.41311243176460266 -0.8426980376243591 0.001418712898157537 -0.01602344773709774 -0.9003739356994629 -0.4348219037055969 -0.5178400874137878 -0.9383736848831177 -0.1366197019815445 0.3174743354320526 -2.030165672302246
-0.34522223472595215 0.41309159994125366 -0.8427199721336365 0.00141530588734895 -0.01606859639286995 -0.9003934264183044 -0.4347798824310303 -0.517795205116272 -0.9383834004402161 -0.13655434548854828 0.3174735903739929 -2.0302398204803467
-0.3452209234237671 0.41310399770736694 -0.8427144289016724 0.0013712653890252113 -0.016051847487688065 -0.9003846645355225 -0.43479859828948975 -0.5178099870681763 -0.9383841753005981 -0.13657443225383759 0.31746265292167664 -2.030207395553589
-0.3452596664428711 0.41314059495925903 -0.8426806330680847 0.0014525745064020157 -0.01608864776790142 -0.9003682136535645 -0.43483126163482666 -0.5178118348121643 -0.9383693337440491 -0.13657209277153015 0.31750768423080444 -2.0302510261535645
-0.34523361921310425 0.413033664226532 -0.8427437543869019 0.0014846535632386804 -0.016067858785390854 -0.9004223346710205 -0.4347200095653534 -0.5177291035652161 -0.9383792281150818 -0.13653886318206787 0.3174925744533539 -2.0303423404693604
-0.3452167510986328 0.4130551218986511 -0.8427401185035706 0.0014466631691902876 -0.01609611138701439 -0.9004166722297668 -0.43473076820373535 -0.517728328704834 -0.9383849501609802 -0.13651148974895477 0.3174874484539032 -2.0303268432617188
-0.3452211618423462 0.4130297303199768 -0.8427507281303406 0.0014263167977333069 -0.016121065244078636 -0.9004330635070801 -0.43469586968421936 -0.5177227854728699 -0.9383829236030579 -0.1364801675081253 0.31750696897506714 -2.030323028564453
-0.3452197313308716 0.4130261540412903 -0.8427531123161316 0.0013744067400693893 -0.01610467955470085 -0.9004325866699219 -0.43469738960266113 -0.5177235007286072 -0.9383837580680847 -0.13649383187294006 0.31749871373176575 -2.030297040939331
