# 3x4 first row second row third row Freq: 100 current Time: 2021-07-29-20:44:12
0.12894344329833984 0.7527673840522766 -0.6455345749855042 0.336620569229126 0.07820074260234833 -0.6566604971885681 -0.7501211166381836 -0.5360782742500305 -0.9885637164115906 0.04624193534255028 -0.14353905618190765 -2.3001062870025635
0.12902899086475372 0.7527991533279419 -0.6454804539680481 0.33660778403282166 0.07833738625049591 -0.6566253304481506 -0.7501376271247864 -0.5360583066940308 -0.9885417819023132 0.046224258840084076 -0.14369603991508484 -2.3000643253326416
0.1289232224225998 0.752780020236969 -0.6455238461494446 0.33661261200904846 0.07825618982315063 -0.6566494703292847 -0.750124990940094 -0.5360918045043945 -0.9885619878768921 0.04619229584932327 -0.14356708526611328 -2.30000638961792
0.1288825273513794 0.752821147441864 -0.6454840302467346 0.33657872676849365 0.07821991294622421 -0.6566022038459778 -0.750170111656189 -0.5360820889472961 -0.9885701537132263 0.04619412124156952 -0.14351017773151398 -2.2999608516693115
0.12899553775787354 0.7528352737426758 -0.645444929599762 0.3365776538848877 0.07829418033361435 -0.6565831303596497 -0.75017911195755 -0.5360904932022095 -0.988549530506134 0.04623518884181976 -0.14363893866539001 -2.29992413520813
0.12890879809856415 0.7528011202812195 -0.6455020904541016 0.33659735321998596 0.07820896804332733 -0.6566235423088074 -0.7501526474952698 -0.5360711812973022 -0.988567590713501 0.04621722921729088 -0.14352037012577057 -2.2999379634857178
0.1289694607257843 0.7527424693107605 -0.6455584168434143 0.33660218119621277 0.0782187208533287 -0.6566888689994812 -0.7500944137573242 -0.536072313785553 -0.9885588884353638 0.04624452814459801 -0.1435713917016983 -2.2999022006988525
0.1288846880197525 0.752734363079071 -0.6455848217010498 0.33662867546081543 0.07824981957674026 -0.656704306602478 -0.7500776052474976 -0.5360833406448364 -0.9885675311088562 0.046156637370586395 -0.14354048669338226 -2.30000376701355
0.12891258299350739 0.7527238130569458 -0.6455914974212646 0.33657339215278625 0.07822974026203156 -0.656714141368866 -0.750071108341217 -0.5360783934593201 -0.9885654449462891 0.046189162880182266 -0.14354412257671356 -2.2999351024627686
0.12889958918094635 0.7527287006378174 -0.6455884575843811 0.3365778923034668 0.07824449986219406 -0.6567098498344421 -0.7500733137130737 -0.5360715985298157 -0.988565981388092 0.04617040604352951 -0.14354652166366577 -2.2999370098114014
0.12886343896389008 0.7527083158493042 -0.6456193923950195 0.336563378572464 0.07810026407241821 -0.6567287445068359 -0.7500718235969543 -0.5360278487205505 -0.9885821342468262 0.04623379930853844 -0.14341506361961365 -2.299933910369873
0.1288633793592453 0.752704918384552 -0.6456233859062195 0.33656859397888184 0.07810230553150177 -0.6567327976226807 -0.7500680685043335 -0.5360191464424133 -0.9885819554328918 0.04623163864016533 -0.14341682195663452 -2.2999441623687744
0.12895730137825012 0.7526789903640747 -0.6456348896026611 0.33659428358078003 0.07808011025190353 -0.6567568182945251 -0.750049352645874 -0.5360314249992371 -0.9885714650154114 0.04631310701370239 -0.14346285164356232 -2.2999308109283447
0.12896229326725006 0.7526598572731018 -0.645656168460846 0.33661192655563354 0.07811587303876877 -0.6567804217338562 -0.7500249147415161 -0.5360224843025208 -0.9885680079460144 0.04628894850611687 -0.1434946060180664 -2.2999420166015625
0.12903548777103424 0.7527269124984741 -0.6455633640289307 0.33657655119895935 0.07816910743713379 -0.6567010283470154 -0.7500889301300049 -0.5360569953918457 -0.9885542392730713 0.046324990689754486 -0.14357775449752808 -2.2998769283294678
0.12906278669834137 0.7527008652687073 -0.6455882787704468 0.33659589290618896 0.07814324647188187 -0.6567286252975464 -0.7500674724578857 -0.5360475182533264 -0.9885526895523071 0.04635744169354439 -0.14357773959636688 -2.2998738288879395
0.12895557284355164 0.7526804208755493 -0.6456335186958313 0.33662453293800354 0.07819251716136932 -0.6567604541778564 -0.7500344514846802 -0.5360593199729919 -0.988562822341919 0.04623742401599884 -0.143546923995018 -2.2999022006988525
0.12899845838546753 0.7526990175247192 -0.6456032991409302 0.3366203010082245 0.0782473012804985 -0.6567391157150269 -0.7500474452972412 -0.536081850528717 -0.9885528683662415 0.046238262206315994 -0.1436150223016739 -2.299863815307617
0.12902559340000153 0.7527239918708801 -0.6455687284469604 0.336611270904541 0.07814070582389832 -0.6567035913467407 -0.7500896453857422 -0.5360279679298401 -0.988557755947113 0.046335574239492416 -0.14354997873306274 -2.2997543811798096
0.12915855646133423 0.7527308464050293 -0.6455341577529907 0.3366102874279022 0.07825382798910141 -0.656693696975708 -0.7500864863395691 -0.5360298752784729 -0.9885314702987671 0.04636458307504654 -0.14372169971466064 -2.2997193336486816
0.12910045683383942 0.7527170777320862 -0.6455618739128113 0.3365996778011322 0.07812270522117615 -0.6567067503929138 -0.7500887513160706 -0.5360345244407654 -0.9885494112968445 0.04640376567840576 -0.1435854583978653 -2.2997443675994873
0.12903229892253876 0.7527194619178772 -0.6455726623535156 0.3366495966911316 0.07812051475048065 -0.6567075848579407 -0.7500882744789124 -0.5360831618309021 -0.9885584712028503 0.04635315015912056 -0.14353933930397034 -2.2998647689819336
0.12903128564357758 0.7527326345443726 -0.6455575823783875 0.33666709065437317 0.07814349979162216 -0.6566934585571289 -0.7500982284545898 -0.5360821485519409 -0.9885568022727966 0.04634002223610878 -0.1435551792383194 -2.2998762130737305
0.1288989931344986 0.7526789903640747 -0.6456465125083923 0.3366362750530243 0.07821746915578842 -0.656766414642334 -0.7500266432762146 -0.5360882878303528 -0.9885681867599487 0.04617685079574585 -0.14352919161319733 -2.299834728240967
0.12890785932540894 0.7526862025260925 -0.6456363201141357 0.33664870262145996 0.07822997868061066 -0.6567580699920654 -0.7500326037406921 -0.5360870957374573 -0.9885660409927368 0.04617699608206749 -0.14354391396045685 -2.299844980239868
0.1288953572511673 0.7526916861534119 -0.6456324458122253 0.3365820646286011 0.07830577343702316 -0.6567559242248535 -0.7500265836715698 -0.5360194444656372 -0.9885616898536682 0.046118203550577164 -0.14359290897846222 -2.299804925918579
0.1288975477218628 0.7527084946632385 -0.6456124186515808 0.3365890085697174 0.07831285148859024 -0.6567366719245911 -0.750042736530304 -0.5360124707221985 -0.9885608553886414 0.046118929982185364 -0.1435985118150711 -2.2998080253601074
0.12896573543548584 0.7526646256446838 -0.6456499695777893 0.336561918258667 0.0782228410243988 -0.6567797064781189 -0.7500144243240356 -0.5359802842140198 -0.9885590672492981 0.04622159153223038 -0.1435776650905609 -2.299715042114258
0.12894532084465027 0.7526552081108093 -0.6456649899482727 0.3365738093852997 0.07822359353303909 -0.6567918062210083 -0.7500037550926208 -0.5359655022621155 -0.9885616898536682 0.04620325192809105 -0.14356563985347748 -2.2997143268585205
0.12881074845790863 0.7526543736457825 -0.6456928253173828 0.3366110324859619 0.07824860513210297 -0.6568012237548828 -0.7499929070472717 -0.5360020399093628 -0.9885772466659546 0.046082593500614166 -0.14349724352359772 -2.2997705936431885
0.12881919741630554 0.7526310086250305 -0.6457183361053467 0.3366299867630005 0.07822934538125992 -0.6568269729614258 -0.7499723434448242 -0.5359848737716675 -0.988577663898468 0.04609673097729683 -0.1434897780418396 -2.2997775077819824
0.12883491814136505 0.7526918649673462 -0.6456442475318909 0.33659133315086365 0.07822185754776001 -0.6567550897598267 -0.7500361204147339 -0.5359804034233093 -0.9885762333869934 0.046127352863550186 -0.14348995685577393 -2.2996902465820312
0.1290181428194046 0.7527011036872864 -0.6455969214439392 0.3365592956542969 0.07819265872240067 -0.6567330360412598 -0.7500584125518799 -0.5359082818031311 -0.9885546565055847 0.04629021883010864 -0.143586203455925 -2.2996277809143066
0.12893472611904144 0.7527242302894592 -0.6455866098403931 0.33653587102890015 0.07809138298034668 -0.6567059755325317 -0.7500926852226257 -0.5359272956848145 -0.9885734915733337 0.046298254281282425 -0.14345349371433258 -2.299644947052002
0.129008948802948 0.7527060508728027 -0.645592987537384 0.33651629090309143 0.07817316800355911 -0.6567268967628479 -0.7500658631324768 -0.5359282493591309 -0.9885573983192444 0.046297166496515274 -0.1435650885105133 -2.299589157104492
0.12905223667621613 0.7527263760566711 -0.645560622215271 0.3365898132324219 0.07812229543924332 -0.6566985249519348 -0.7500959634780884 -0.5359628796577454 -0.9885557293891907 0.04636889696121216 -0.14355315268039703 -2.2996888160705566
0.129121795296669 0.7526828050613403 -0.645597517490387 0.33657070994377136 0.0781138613820076 -0.6567449569702148 -0.7500562071800232 -0.535958468914032 -0.9885473251342773 0.046418506652116776 -0.14359506964683533 -2.29961895942688
0.1291220784187317 0.7526810765266418 -0.6455994844436646 0.3365890681743622 0.07807164639234543 -0.6567450165748596 -0.7500605583190918 -0.5359487533569336 -0.98855060338974 0.04644637182354927 -0.14356334507465363 -2.2996158599853516
0.12913700938224792 0.7526572346687317 -0.6456242799758911 0.3365664482116699 0.07806967943906784 -0.6567717790603638 -0.7500373125076294 -0.5359073281288147 -0.9885488152503967 0.04645390808582306 -0.14357326924800873 -2.299619197845459
0.12922260165214539 0.7526716589927673 -0.6455903649330139 0.33654582500457764 0.07814774662256241 -0.6567540168762207 -0.7500447630882263 -0.5359213948249817 -0.9885314702987671 0.04647131264209747 -0.14368708431720734 -2.2995755672454834
0.1290595382452011 0.7526727914810181 -0.6456217169761658 0.336563378572464 0.07812178134918213 -0.6567603945732117 -0.7500418424606323 -0.5359764099121094 -0.988554835319519 0.04636295512318611 -0.14356134831905365 -2.2996082305908203
0.12897281348705292 0.7526701092720032 -0.645642101764679 0.33654555678367615 0.0783301517367363 -0.6567779183387756 -0.750004768371582 -0.535961925983429 -0.9885496497154236 0.04615699127316475 -0.14366328716278076 -2.2995729446411133
0.12898573279380798 0.7526428699493408 -0.6456713080406189 0.3365877866744995 0.0783189982175827 -0.6568083763122559 -0.7499792575836182 -0.5359202027320862 -0.9885488748550415 0.04616830497980118 -0.1436651647090912 -2.299581527709961
0.12902604043483734 0.7526359558105469 -0.6456713080406189 0.3365805149078369 0.07822343707084656 -0.6568097472190857 -0.7499880790710449 -0.5359219312667847 -0.988551139831543 0.046261366456747055 -0.1436193436384201 -2.299560785293579
0.12895673513412476 0.752590000629425 -0.6457387208938599 0.3365684747695923 0.07823573797941208 -0.656867504119873 -0.7499362230300903 -0.5359704494476318 -0.9885592460632324 0.046189483255147934 -0.1435869336128235 -2.2996511459350586
0.128914013504982 0.7526274919509888 -0.6457035541534424 0.33656197786331177 0.07820966839790344 -0.6568250060081482 -0.7499760985374451 -0.5359222292900085 -0.9885668754577637 0.04618217796087265 -0.14353671669960022 -2.299466133117676
0.12891225516796112 0.752619743347168 -0.6457129120826721 0.33653682470321655 0.07812503725290298 -0.6568301916122437 -0.7499804496765137 -0.535918653011322 -0.9885737895965576 0.0462353378534317 -0.14347192645072937 -2.2994184494018555
0.12883134186267853 0.752644956111908 -0.645699679851532 0.3365883231163025 0.07821007072925568 -0.6568092107772827 -0.749989926815033 -0.5359011292457581 -0.9885776042938232 0.046121995896101 -0.14348204433918 -2.2994604110717773
0.12881514430046082 0.752600371837616 -0.645754873752594 0.3365923762321472 0.07828211039304733 -0.6568652391433716 -0.7499333620071411 -0.5359399318695068 -0.9885740280151367 0.04605172574520111 -0.14352935552597046 -2.2994959354400635
0.12874548137187958 0.7526443600654602 -0.6457175016403198 0.33652886748313904 0.07815253734588623 -0.6568118929862976 -0.7499935626983643 -0.5359414219856262 -0.988593339920044 0.04609382897615433 -0.14338265359401703 -2.2994601726531982
0.1287744641304016 0.7526277303695679 -0.6457310914993286 0.3365379869937897 0.07822997868061066 -0.6568332314491272 -0.7499668002128601 -0.5359351634979248 -0.9885834455490112 0.04606105759739876 -0.1434614211320877 -2.299441337585449
0.12860852479934692 0.7526642680168152 -0.6457215547561646 0.3365479111671448 0.0782298892736435 -0.6567997336387634 -0.7499961256980896 -0.535934567451477 -0.9886050820350647 0.045941177755594254 -0.14335091412067413 -2.2994489669799805
0.12868386507034302 0.7526537775993347 -0.6457188129425049 0.3365342617034912 0.07826787233352661 -0.6568096876144409 -0.7499834895133972 -0.5359494090080261 -0.988592267036438 0.04597175121307373 -0.1434294432401657 -2.2994132041931152
0.1287793517112732 0.7526726126670837 -0.6456778645515442 0.3365177810192108 0.07812093198299408 -0.6567758321762085 -0.7500284910202026 -0.5359029173851013 -0.9885914325714111 0.04614723473787308 -0.14337866008281708 -2.2993273735046387
0.12879109382629395 0.7526721954345703 -0.6456759572029114 0.33651599287986755 0.07809292525053024 -0.6567743420600891 -0.7500326633453369 -0.5358994603157043 -0.9885920882225037 0.04617481678724289 -0.14336508512496948 -2.299290895462036
0.12881751358509064 0.7526786923408508 -0.6456630825996399 0.3365432024002075 0.07809757441282272 -0.6567655205726624 -0.7500398755073547 -0.5358849763870239 -0.9885883331298828 0.04619355872273445 -0.14338530600070953 -2.2993240356445312
0.12885761260986328 0.7526705265045166 -0.645664632320404 0.336539089679718 0.07815053313970566 -0.6567752957344055 -0.7500258088111877 -0.5358713865280151 -0.9885789155960083 0.04618751257658005 -0.14345212280750275 -2.2992799282073975
0.12877130508422852 0.752668559551239 -0.6456841230392456 0.3365326225757599 0.07807096093893051 -0.6567785739898682 -0.7500312924385071 -0.5358812212944031 -0.9885964393615723 0.0461733415722847 -0.14333581924438477 -2.299302577972412
0.12891952693462372 0.7526244521141052 -0.6457059383392334 0.33651912212371826 0.07810976356267929 -0.6568235754966736 -0.749987781047821 -0.535902202129364 -0.9885740280151367 0.04625214263796806 -0.14346472918987274 -2.2992680072784424
0.12891001999378204 0.752639651298523 -0.6456901431083679 0.3365083932876587 0.07803761214017868 -0.6568030714988708 -0.7500132918357849 -0.5358467102050781 -0.9885810017585754 0.046296119689941406 -0.14340271055698395 -2.299328565597534
0.12903223931789398 0.7526234984397888 -0.645684540271759 0.336494505405426 0.07798955589532852 -0.6568129062652588 -0.7500096559524536 -0.5358632206916809 -0.9885688424110413 0.04641877859830856 -0.14344683289527893 -2.299365758895874
0.12903106212615967 0.7526118755340576 -0.6456983685493469 0.3365081250667572 0.07801049947738647 -0.656827449798584 -0.749994695186615 -0.5358519554138184 -0.9885673522949219 0.04640137404203415 -0.14346279203891754 -2.2993743419647217
0.1290692239999771 0.7526589035987854 -0.6456359624862671 0.3365011215209961 0.07797896862030029 -0.6567692756652832 -0.7500489354133606 -0.5358826518058777 -0.9885648488998413 0.046462222933769226 -0.14346028864383698 -2.299344301223755
0.12910224497318268 0.7526503205299377 -0.6456393003463745 0.3365268111228943 0.0779840424656868 -0.6567776799201965 -0.7500410676002502 -0.5358635783195496 -0.988560140132904 0.04648243635892868 -0.14348621666431427 -2.299335479736328
0.129068523645401 0.7527061700820923 -0.6455809473991394 0.33655813336372375 0.07789070159196854 -0.6567102074623108 -0.750109851360321 -0.5358989834785461 -0.9885718822479248 0.0465308278799057 -0.14338944852352142 -2.2993006706237793
0.12912537157535553 0.7526785135269165 -0.6456018090248108 0.3365781605243683 0.07797391712665558 -0.6567431688308716 -0.7500723600387573 -0.5358901619911194 -0.9885579347610474 0.04651327431201935 -0.14349152147769928 -2.2992773056030273
0.1289951652288437 0.7526730298995972 -0.6456342339515686 0.3365703523159027 0.07787884026765823 -0.6567522287368774 -0.7500743269920349 -0.5358741283416748 -0.9885823726654053 0.046474721282720566 -0.14333517849445343 -2.299328565597534
0.12907803058624268 0.7526528835296631 -0.6456412076950073 0.3365671932697296 0.07792235165834427 -0.6567731499671936 -0.7500514388084412 -0.5358695983886719 -0.988568127155304 0.046505291014909744 -0.14342348277568817 -2.299295425415039
0.1290985345840454 0.7526509761810303 -0.6456393003463745 0.3365493714809418 0.07790904492139816 -0.656773567199707 -0.7500524520874023 -0.5358099937438965 -0.988566517829895 0.04652954638004303 -0.14342685043811798 -2.2992513179779053
0.12914307415485382 0.7526748776435852 -0.6456025242805481 0.3365063965320587 0.07802993059158325 -0.6567490696907043 -0.7500613331794739 -0.5358557105064392 -0.9885511994361877 0.0464889220893383 -0.14354579150676727 -2.2991814613342285
0.12912660837173462 0.752658486366272 -0.6456249356269836 0.33651208877563477 0.0780186653137207 -0.6567685008049011 -0.7500454783439636 -0.5358507633209229 -0.9885542392730713 0.046480048447847366 -0.14352773129940033 -2.2991771697998047
0.12905338406562805 0.7526831030845642 -0.6456108689308167 0.3364652693271637 0.0779632031917572 -0.6567413210868835 -0.750075101852417 -0.5359048843383789 -0.988568127155304 0.04646584764122963 -0.14343629777431488 -2.299083948135376
0.12905439734458923 0.7526795864105225 -0.645614743232727 0.33646705746650696 0.07796218991279602 -0.6567452549934387 -0.7500717043876648 -0.5359096527099609 -0.988568127155304 0.04646651819348335 -0.14343643188476562 -2.29906964302063
0.12896427512168884 0.75264972448349 -0.6456676125526428 0.3365062177181244 0.07805628329515457 -0.6567893028259277 -0.750023365020752 -0.5359621047973633 -0.9885724186897278 0.04632782191038132 -0.14345142245292664 -2.2990760803222656
0.12895812094211578 0.7526530027389526 -0.6456650495529175 0.336517333984375 0.07802878320217133 -0.6567845940589905 -0.7500303983688354 -0.535970151424408 -0.9885753989219666 0.04634205624461174 -0.143426313996315 -2.299057960510254
0.12891258299350739 0.7526997327804565 -0.6456196308135986 0.33650434017181396 0.07792089134454727 -0.65672767162323 -0.7500914335250854 -0.5359237790107727 -0.988589882850647 0.04638897627592087 -0.1433115154504776 -2.2991139888763428
0.12897886335849762 0.7526837587356567 -0.6456249952316284 0.33654025197029114 0.0779799222946167 -0.6567453742027283 -0.750069797039032 -0.5358988046646118 -0.9885765314102173 0.046397365629673004 -0.14340050518512726 -2.2990880012512207
0.12899565696716309 0.7526488900184631 -0.6456623077392578 0.33654358983039856 0.07784611731767654 -0.6567786931991577 -0.7500545382499695 -0.5358887314796448 -0.9885849356651306 0.046491485089063644 -0.14331240952014923 -2.2991278171539307
0.12901467084884644 0.7526956796646118 -0.6456039547920227 0.3365230858325958 0.07788820564746857 -0.656725287437439 -0.7500969171524048 -0.535886824131012 -0.9885790944099426 0.046488579362630844 -0.14335332810878754 -2.2991533279418945
0.12908883392810822 0.7527031302452087 -0.6455804109573364 0.3364976942539215 0.077888123691082 -0.656712532043457 -0.7501080632209778 -0.5358647704124451 -0.988569438457489 0.0465475395321846 -0.1434009075164795 -2.2991585731506348
0.12907084822654724 0.7527203559875488 -0.6455639600753784 0.3365093767642975 0.07791249454021454 -0.6566947102546692 -0.7501211762428284 -0.5358625650405884 -0.9885698556900024 0.04652129486203194 -0.143406480550766 -2.299166679382324
0.1290244609117508 0.7526704668998718 -0.6456313729286194 0.33650150895118713 0.07796341180801392 -0.6567575335502625 -0.7500608563423157 -0.5358378887176514 -0.9885718822479248 0.04644058272242546 -0.1434185653924942 -2.299114227294922
0.12895692884922028 0.7526606917381287 -0.6456562280654907 0.3365502655506134 0.07790634781122208 -0.656769871711731 -0.7500559687614441 -0.5358756184577942 -0.9885852336883545 0.04642419517040253 -0.1433320939540863 -2.2991843223571777
0.12892338633537292 0.7527456283569336 -0.6455639600753784 0.33651864528656006 0.0779191330075264 -0.6566736698150635 -0.7501388788223267 -0.5358492732048035 -0.9885885715484619 0.046408671885728836 -0.14331389963626862 -2.299084186553955
0.12891294062137604 0.752747118473053 -0.6455642580986023 0.3365072011947632 0.07795801013708115 -0.656674325466156 -0.750134289264679 -0.5358179807662964 -0.9885869026184082 0.046375125646591187 -0.14333650469779968 -2.2990620136260986
0.12893250584602356 0.7527182102203369 -0.64559406042099 0.33652663230895996 0.07795681804418564 -0.6567068099975586 -0.7501059770584106 -0.535807192325592 -0.9885843992233276 0.04638458788394928 -0.14335039258003235 -2.299065589904785
0.12893755733966827 0.75272536277771 -0.6455847024917603 0.3365139663219452 0.07789640873670578 -0.6566953659057617 -0.7501222491264343 -0.5358303189277649 -0.9885885119438171 0.04643021523952484 -0.14330732822418213 -2.299093723297119
0.12893784046173096 0.752733588218689 -0.6455751061439514 0.3365292549133301 0.07785824686288834 -0.6566839814186096 -0.7501361966133118 -0.535823404788971 -0.9885914921760559 0.04645760729908943 -0.14327795803546906 -2.299100637435913
0.12881578505039215 0.7527484893798828 -0.6455821394920349 0.3365042507648468 0.07796353101730347 -0.656678318977356 -0.7501302361488342 -0.5358766913414001 -0.9885991215705872 0.04629676416516304 -0.14327748119831085 -2.299156427383423
0.12880736589431763 0.7527421712875366 -0.645591139793396 0.3365137279033661 0.07796244323253632 -0.6566860675811768 -0.7501235604286194 -0.5358773469924927 -0.9886003136634827 0.046289581805467606 -0.14327163994312286 -2.299165725708008
0.12875474989414215 0.7527660131454468 -0.6455738544464111 0.336486279964447 0.07802557200193405 -0.6566641926765442 -0.750136137008667 -0.5358366370201111 -0.9886021614074707 0.046212323009967804 -0.1432836502790451 -2.299126148223877
0.1288154572248459 0.7527636289596558 -0.6455645561218262 0.3364660143852234 0.0779644027352333 -0.656660795211792 -0.750145435333252 -0.5357994437217712 -0.9885990619659424 0.0462992861866951 -0.14327684044837952 -2.299093246459961
0.12883347272872925 0.7527514100074768 -0.6455751657485962 0.33647236227989197 0.07798542082309723 -0.6566749811172485 -0.7501308917999268 -0.5357845425605774 -0.9885950684547424 0.04629652574658394 -0.14330536127090454 -2.2990987300872803
0.1288936734199524 0.7527826428413391 -0.6455267071723938 0.33647581934928894 0.07792250066995621 -0.6566324234008789 -0.7501746416091919 -0.5358167886734009 -0.9885922074317932 0.04639171063899994 -0.14329448342323303 -2.29909348487854
0.1288589984178543 0.7527527809143066 -0.6455684304237366 0.33648914098739624 0.07794688642024994 -0.6566701531410217 -0.750139057636261 -0.5358065962791443 -0.9885947704315186 0.04634213075041771 -0.1432926058769226 -2.299097776412964
0.12881380319595337 0.7526293992996216 -0.6457213163375854 0.3365197777748108 0.07796376198530197 -0.6568167805671692 -0.7500089406967163 -0.5358192920684814 -0.9885993599891663 0.04626865312457085 -0.1432849019765854 -2.2990822792053223
0.12886039912700653 0.7526349425315857 -0.6457055807113647 0.3364534378051758 0.07793065160512924 -0.6568062901496887 -0.7500215768814087 -0.5357528328895569 -0.9885959029197693 0.04632783308625221 -0.14328967034816742 -2.2990059852600098
0.128839910030365 0.7526310682296753 -0.6457141637802124 0.3364618718624115 0.07796432822942734 -0.6568134427070618 -0.7500118017196655 -0.5357664227485657 -0.9885959029197693 0.04628878831863403 -0.14330217242240906 -2.298947334289551
0.1286126971244812 0.7526217699050903 -0.6457703113555908 0.3364649713039398 0.07796729356050491 -0.6568366885185242 -0.7499911785125732 -0.5358327031135559 -0.9886252284049988 0.046109434217214584 -0.14315743744373322 -2.298943042755127
0.12860117852687836 0.752613365650177 -0.6457824110984802 0.33646100759506226 0.07800265401601791 -0.6568487286567688 -0.7499769330024719 -0.5358626246452332 -0.9886239767074585 0.04607518017292023 -0.14317737519741058 -2.2990050315856934
0.12871122360229492 0.7526119947433472 -0.645762026309967 0.3364771902561188 0.07814651727676392 -0.656851053237915 -0.7499598860740662 -0.5358590483665466 -0.9885982871055603 0.046064212918281555 -0.14335812628269196 -2.298992156982422
