# 3x4 first row second row third row Freq: 100 current Time: 2021-07-31-20:53:11
0.4489958584308624 -0.6123088598251343 0.6507537961006165 0.003702842630445957 0.0957806408405304 -0.691114604473114 -0.7163704037666321 -0.6691943407058716 0.8883854746818542 0.38397693634033203 -0.25166019797325134 -1.7454702854156494
0.44898539781570435 -0.6123166084289551 0.6507537364959717 0.003692301455885172 0.09577511996030807 -0.6911134123802185 -0.7163722515106201 -0.6691886782646179 0.8883913159370422 0.38396668434143066 -0.25165510177612305 -1.7454310655593872
0.4490337073802948 -0.6123059391975403 0.6507304310798645 0.0036514345556497574 0.09592915326356888 -0.6910355687141418 -0.7164267301559448 -0.6691398620605469 0.8883503079414368 0.3841237723827362 -0.251560240983963 -1.7455374002456665
0.4490104615688324 -0.6123008131980896 0.6507512927055359 0.0036390856839716434 0.09592917561531067 -0.6910523176193237 -0.7164106369018555 -0.6691298484802246 0.8883620500564575 0.38410186767578125 -0.25155213475227356 -1.7455055713653564
0.4489542841911316 -0.612450361251831 0.65064936876297 0.0035064672119915485 0.09590598195791245 -0.6909244656562805 -0.7165369987487793 -0.6690248250961304 0.888392984867096 0.3840934932231903 -0.25145578384399414 -1.7457062005996704
0.44893380999565125 -0.6124501824378967 0.6506636738777161 0.0034876905847340822 0.0959094986319542 -0.6909328699111938 -0.7165284156799316 -0.6690042614936829 0.8884029388427734 0.38407865166664124 -0.2514432966709137 -1.7456750869750977
0.4489637017250061 -0.6124613881111145 0.6506324410438538 0.0033694852609187365 0.09586849063634872 -0.6909239888191223 -0.7165424823760986 -0.6689574718475342 0.8883922100067139 0.38407671451568604 -0.2514840066432953 -1.7457760572433472
0.4489428400993347 -0.6124754548072815 0.6506336331367493 0.0033464462030678988 0.09587173163890839 -0.6909170746803284 -0.7165487408638 -0.6689442992210388 0.8884024620056152 0.38406676054000854 -0.2514631152153015 -1.745743989944458
0.44885000586509705 -0.612555980682373 0.6506218910217285 0.003377256216481328 0.0959818884730339 -0.6908249855041504 -0.7166227698326111 -0.6689666509628296 0.8884374499320984 0.38410401344299316 -0.2512824535369873 -1.7457225322723389
0.4488801658153534 -0.6124969124794006 0.6506566405296326 0.0034736606758087873 0.0959513708949089 -0.6908888220787048 -0.7165653109550476 -0.669031023979187 0.8884255290031433 0.3840833306312561 -0.251356303691864 -1.7456954717636108
0.4488545060157776 -0.6125125885009766 0.6506596207618713 0.003448055125772953 0.09594432264566422 -0.6908868551254272 -0.716568112373352 -0.6690171957015991 0.8884392380714417 0.38406193256378174 -0.2513405382633209 -1.7456728219985962
0.4488750994205475 -0.6124719977378845 0.650683581829071 0.0034782711882144213 0.09603987634181976 -0.6908804178237915 -0.7165615558624268 -0.6690310835838318 0.8884184956550598 0.38413819670677185 -0.2512972354888916 -1.7456870079040527
0.4488462507724762 -0.6124590039253235 0.650715708732605 0.0034523424692451954 0.09606218338012695 -0.6908987760543823 -0.7165408134460449 -0.6690093278884888 0.888430655002594 0.38412582874298096 -0.25127312541007996 -1.7456700801849365
0.4488159716129303 -0.6124950647354126 0.6507026553153992 0.003431493416428566 0.0960824117064476 -0.6908647418022156 -0.7165709137916565 -0.6690147519111633 0.8884437680244446 0.3841295540332794 -0.25122106075286865 -1.7457267045974731
0.4487670063972473 -0.6125130653381348 0.6507195234298706 0.0034007360227406025 0.09609334915876389 -0.6908635497093201 -0.7165706157684326 -0.6689894199371338 0.8884673118591309 0.38410305976867676 -0.2511782944202423 -1.7457094192504883
0.4487892985343933 -0.6125227212905884 0.6506950259208679 0.0035488312132656574 0.0960463285446167 -0.6908625960350037 -0.7165778279304504 -0.6690539717674255 0.888461172580719 0.38408932089805603 -0.2512211501598358 -1.745530128479004
0.4487810730934143 -0.6125068664550781 0.6507156491279602 0.0035160682164132595 0.09606548398733139 -0.6908757090568542 -0.7165626287460327 -0.6690283417701721 0.8884632587432861 0.3840910494327545 -0.25121113657951355 -1.7454956769943237
0.4487338960170746 -0.6124513149261475 0.6508004665374756 0.0035931842867285013 0.09609207510948181 -0.6909478306770325 -0.7164895534515381 -0.6690950989723206 0.8884841799736023 0.3840498924255371 -0.25119996070861816 -1.7455109357833862
0.44875478744506836 -0.6124269366264343 0.6508089900016785 0.003472066717222333 0.09611926972866058 -0.6909530162811279 -0.7164809107780457 -0.6690152883529663 0.8884707093238831 0.3840794861316681 -0.25120237469673157 -1.7457053661346436
0.44872838258743286 -0.6124364733695984 0.6508181691169739 0.003442559391260147 0.09613043814897537 -0.6909502148628235 -0.7164821028709412 -0.6689925193786621 0.8884828090667725 0.3840692639350891 -0.2511751055717468 -1.7456928491592407
0.4487329125404358 -0.6123806238174438 0.6508676409721375 0.0034531611017882824 0.09606064110994339 -0.6910396814346313 -0.7164051532745361 -0.6690194010734558 0.8884881138801575 0.3839972913265228 -0.2512665390968323 -1.7457621097564697
0.44870153069496155 -0.6123903393745422 0.6508800983428955 0.003427153918892145 0.09606005996465683 -0.6910441517829895 -0.7164009213447571 -0.6690024733543396 0.8885039687156677 0.38397374749183655 -0.25124627351760864 -1.7457597255706787
0.44875413179397583 -0.6123586893081665 0.6508736610412598 0.00321238418109715 0.09605762362480164 -0.6910550594329834 -0.7163907289505005 -0.6688535213470459 0.8884776830673218 0.3840046525001526 -0.25129204988479614 -1.7459181547164917
0.4488380253314972 -0.6123011112213135 0.6508700251579285 0.0033624114003032446 0.09595327079296112 -0.6911236643791199 -0.7163385152816772 -0.668971836566925 0.888446569442749 0.38397306203842163 -0.25145021080970764 -1.7457423210144043
0.44888314604759216 -0.6122149229049683 0.6509199738502502 0.0032518517691642046 0.0959436297416687 -0.6912012100219727 -0.7162650227546692 -0.6689842343330383 0.888424813747406 0.38397088646888733 -0.25153040885925293 -1.7458045482635498
0.44892629981040955 -0.6121903657913208 0.6509132385253906 0.003333104308694601 0.09603480249643326 -0.6911682486534119 -0.7162845730781555 -0.6689563393592834 0.8883931636810303 0.3840692937374115 -0.2514919638633728 -1.745760440826416
0.44886207580566406 -0.6122647523880005 0.6508876085281372 0.003252175869420171 0.09605912119150162 -0.6911064386367798 -0.716340959072113 -0.6688480377197266 0.8884230256080627 0.3840619623661041 -0.2513978183269501 -1.7458794116973877
0.44895482063293457 -0.6123177409172058 0.6507737636566162 0.0033526236657053232 0.09595022350549698 -0.6910510659217834 -0.7164089679718018 -0.668945848941803 0.88838791847229 0.38407716155052185 -0.25149863958358765 -1.7458351850509644
0.44893765449523926 -0.6123273372650146 0.6507765650749207 0.0033190122339874506 0.09596629440784454 -0.6910417079925537 -0.7164158821105957 -0.6689181923866272 0.888394832611084 0.38407865166664124 -0.2514718174934387 -1.745832920074463
0.44895416498184204 -0.6123669147491455 0.6507279276847839 0.0032968802843242884 0.09608983248472214 -0.6909368634223938 -0.7165004014968872 -0.6689226031303406 0.8883731365203857 0.3842041790485382 -0.25135672092437744 -1.7458537817001343
0.44894903898239136 -0.6123620867729187 0.6507360339164734 0.00327949202619493 0.09601878374814987 -0.6909753680229187 -0.7164728045463562 -0.6689594388008118 0.8883834481239319 0.3841426372528076 -0.25141441822052 -1.7458972930908203
0.44895219802856445 -0.6123387217521667 0.6507558822631836 0.003348915372043848 0.09608010202646255 -0.6909731030464172 -0.7164667844772339 -0.66902095079422 0.8883752226829529 0.38418400287628174 -0.2513802647590637 -1.7457844018936157
0.4489615857601166 -0.6123310923576355 0.6507565379142761 0.003342416835948825 0.0961458683013916 -0.6909485459327698 -0.716481626033783 -0.668975293636322 0.8883633613586426 0.3842402696609497 -0.2513362169265747 -1.745779037475586
0.4489285945892334 -0.6123480200767517 0.6507633328437805 0.0032882168889045715 0.09613882750272751 -0.6909486055374146 -0.7164825201034546 -0.6689455509185791 0.888380765914917 0.38421308994293213 -0.2513161301612854 -1.7457689046859741
0.44898542761802673 -0.6123143434524536 0.6507558226585388 0.003416918683797121 0.09599225968122482 -0.6910220384597778 -0.7164313197135925 -0.6690533757209778 0.8883678913116455 0.3841347396373749 -0.2514813542366028 -1.7456964254379272
0.4490852355957031 -0.6122364401817322 0.650760293006897 0.0033623469062149525 0.09590562433004379 -0.6910977959632874 -0.7163698673248291 -0.6690236926078796 0.8883268237113953 0.38412269949913025 -0.2516448497772217 -1.7457853555679321
0.44903507828712463 -0.612281084060669 0.6507529020309448 0.003313501365482807 0.09596969932317734 -0.691044807434082 -0.716412365436554 -0.6690226793289185 0.8883452415466309 0.3841468393802643 -0.2515428960323334 -1.7457945346832275
0.449094295501709 -0.6122660636901855 0.6507261395454407 0.0032451823353767395 0.09600988775491714 -0.6910157799720764 -0.7164350152015686 -0.6689128875732422 0.888310968875885 0.38422301411628723 -0.25154760479927063 -1.7458736896514893
0.4491177797317505 -0.6122527718544006 0.6507224440574646 0.003186394227668643 0.0959390178322792 -0.6910498738288879 -0.7164116501808167 -0.6688753366470337 0.888306736946106 0.384182870388031 -0.25162380933761597 -1.7459825277328491
0.4491158425807953 -0.6122373342514038 0.6507383584976196 0.003150424687191844 0.09594463557004929 -0.6910653710365295 -0.716395914554596 -0.6688527464866638 0.8883070945739746 0.38417959213256836 -0.25162747502326965 -1.7459909915924072
0.44918790459632874 -0.6122498512268066 0.6506768465042114 0.0030539873987436295 0.09598231315612793 -0.6910009980201721 -0.716452956199646 -0.6687617301940918 0.8882666230201721 0.3842754662036896 -0.25162407755851746 -1.7461298704147339
0.4492799639701843 -0.6122210025787354 0.6506403684616089 0.0031899018213152885 0.09583009034395218 -0.6910547018051147 -0.7164215445518494 -0.668879508972168 0.8882364630699158 0.3842247724533081 -0.2518078088760376 -1.7460042238235474
0.4492374658584595 -0.6123028993606567 0.6505926251411438 0.0031376045662909746 0.09583429992198944 -0.6909829378128052 -0.7164902091026306 -0.6688405871391296 0.8882575035095215 0.3842233121395111 -0.25173574686050415 -1.746048927307129
0.44922471046447754 -0.6122782826423645 0.6506246328353882 0.0029914716724306345 0.09581010043621063 -0.6910265684127808 -0.7164513468742371 -0.668797492980957 0.8882666230201721 0.3841840326786041 -0.2517637312412262 -1.7461482286453247
0.449166864156723 -0.6123403310775757 0.6506061553955078 0.0029988146852701902 0.09584781527519226 -0.6909695267677307 -0.7165013551712036 -0.668778657913208 0.8882917761802673 0.38418781757354736 -0.25166910886764526 -1.7461397647857666
0.44913363456726074 -0.6123683452606201 0.6506027579307556 0.003021194599568844 0.09592194110155106 -0.6909224390983582 -0.716536819934845 -0.6687935590744019 0.8883005380630493 0.3842278718948364 -0.25157690048217773 -1.7461352348327637
0.44913414120674133 -0.6123669147491455 0.650603711605072 0.0029717781580984592 0.09592162817716599 -0.6909238696098328 -0.7165354490280151 -0.668779730796814 0.888300359249115 0.3842274844646454 -0.2515782415866852 -1.7461509704589844
0.4491482377052307 -0.6123656034469604 0.6505952477455139 0.0030113342218101025 0.09596764296293259 -0.6908987164497375 -0.7165535688400269 -0.6687564253807068 0.8882882595062256 0.38427484035491943 -0.2515485882759094 -1.7461265325546265
0.44912734627723694 -0.61238694190979 0.6505895853042603 0.00295839156024158 0.09595569223165512 -0.690890371799469 -0.7165632247924805 -0.6687239408493042 0.8883001208305359 0.38425591588020325 -0.25153568387031555 -1.7461323738098145
0.44913169741630554 -0.6123468279838562 0.6506243348121643 0.0029726310167461634 0.09586867690086365 -0.6909700632095337 -0.7164980173110962 -0.6687541604042053 0.8883072733879089 0.38417646288871765 -0.25163161754608154 -1.7461470365524292
0.44909846782684326 -0.6122397780418396 0.6507480144500732 0.0029894353356212378 0.09586741775274277 -0.6911043524742126 -0.7163686752319336 -0.6688146591186523 0.8883242607116699 0.3841055929660797 -0.2516799867153168 -1.7461410760879517
0.4490629732608795 -0.6122457385063171 0.6507668495178223 0.0029384067747741938 0.09590667486190796 -0.6910976767539978 -0.7163698673248291 -0.6687933206558228 0.8883379697799683 0.3841080665588379 -0.2516278624534607 -1.7461434602737427
0.4489938020706177 -0.6123067140579224 0.6507572531700134 0.002771512372419238 0.09600188583135605 -0.6910223364830017 -0.7164297699928284 -0.6686797142028809 0.8883626461029053 0.38414645195007324 -0.2514820992946625 -1.7463003396987915
0.44907552003860474 -0.6122298836708069 0.6507731676101685 0.002654546871781349 0.09600351750850677 -0.6910672783851624 -0.7163861989974976 -0.6686221957206726 0.8883211612701416 0.3841879963874817 -0.2515651285648346 -1.746441125869751
0.4492286741733551 -0.6120958924293518 0.6507934927940369 0.0027246950194239616 0.095896877348423 -0.6911879777908325 -0.7162840366363525 -0.6686235666275024 0.88825523853302 0.3841843605041504 -0.25180333852767944 -1.7463881969451904
0.449209064245224 -0.6121041178703308 0.6507992744445801 0.0026705670170485973 0.0959009975194931 -0.6911864876747131 -0.7162849307060242 -0.6685903072357178 0.8882647156715393 0.3841739594936371 -0.2517858147621155 -1.7463957071304321
0.44931232929229736 -0.6120589375495911 0.6507704854011536 0.0027637367602437735 0.09577745944261551 -0.6912404894828796 -0.7162493467330933 -0.6686348915100098 0.888225793838501 0.38414880633354187 -0.2519613802433014 -1.7463295459747314
0.4492895007133484 -0.612051784992218 0.6507929563522339 0.002712632529437542 0.09578094631433487 -0.6912577152252197 -0.7162322402000427 -0.668605387210846 0.888236939907074 0.3841291666030884 -0.2519518733024597 -1.746332049369812
0.4493478834629059 -0.6119933724403381 0.6508076190948486 0.0027129664085805416 0.09567833691835403 -0.6913385987281799 -0.7161678671836853 -0.6686338782310486 0.8882184624671936 0.38407671451568604 -0.2520969808101654 -1.7463358640670776
0.449404239654541 -0.6119785904884338 0.6507826447486877 0.0026809233240783215 0.09565653651952744 -0.6913374662399292 -0.7161718606948853 -0.6686416268348694 0.8881922960281372 0.3841022551059723 -0.25215020775794983 -1.7464104890823364
0.4494057297706604 -0.6119658350944519 0.6507935523986816 0.002633695723488927 0.09568136930465698 -0.6913400292396545 -0.716166079044342 -0.6686227917671204 0.888188898563385 0.3841179609298706 -0.2521384060382843 -1.7464168071746826
0.4492871165275574 -0.6119827628135681 0.650859534740448 0.0029460564255714417 0.09562306851148605 -0.6914030909538269 -0.7161130309104919 -0.668800413608551 0.8882551789283752 0.3839775025844574 -0.2521187663078308 -1.7462248802185059
0.4492824077606201 -0.6119830012321472 0.6508625745773315 0.002913267817348242 0.09564518183469772 -0.6913954615592957 -0.7161174416542053 -0.6687934994697571 0.8882551789283752 0.3839907944202423 -0.25209853053092957 -1.7462276220321655
0.44928503036499023 -0.6119516491889954 0.6508902311325073 0.002917185425758362 0.09564468264579773 -0.6914289593696594 -0.7160851359367371 -0.668779194355011 0.888253927230835 0.38398051261901855 -0.25211870670318604 -1.7462400197982788
0.44929325580596924 -0.6119593381881714 0.6508772969245911 0.003051594365388155 0.09549368172883987 -0.6914818286895752 -0.7160542607307434 -0.6688421964645386 0.8882659673690796 0.38387301564216614 -0.25223982334136963 -1.7461103200912476
0.4492964744567871 -0.6119522452354431 0.6508817672729492 0.0030224500223994255 0.09549642354249954 -0.6914869546890259 -0.7160489559173584 -0.6688315272331238 0.8882640600204468 0.38387513160705566 -0.2522433400154114 -1.7460932731628418
0.4493158459663391 -0.6119301915168762 0.6508890986442566 0.002895679324865341 0.0954880565404892 -0.6915055513381958 -0.7160320281982422 -0.6687740087509155 0.8882551789283752 0.38387665152549744 -0.2522723376750946 -1.7462128400802612
0.44935911893844604 -0.6119105815887451 0.6508777141571045 0.002863185713067651 0.09544604271650314 -0.6915247440338135 -0.7160191535949707 -0.6687424182891846 0.8882377743721008 0.3838734030723572 -0.2523384690284729 -1.7462462186813354
0.4493310749530792 -0.6119107604026794 0.6508968472480774 0.0028431813698261976 0.0954623818397522 -0.6915308237075806 -0.716011106967926 -0.6687330603599548 0.8882502317428589 0.3838621973991394 -0.2523117661476135 -1.7462354898452759
0.44926974177360535 -0.6119580864906311 0.6508947610855103 0.0030133610125631094 0.0954127386212349 -0.691529393196106 -0.7160190939903259 -0.6688231825828552 0.8882865905761719 0.3837893605232239 -0.2522945702075958 -1.7461093664169312
0.44929417967796326 -0.6119546890258789 0.6508810520172119 0.0029865389224141836 0.09539715945720673 -0.6915282011032104 -0.7160223126411438 -0.6688095331192017 0.8882758617401123 0.3837968707084656 -0.2523208260536194 -1.7460905313491821
0.4492468535900116 -0.6119417548179626 0.650925874710083 0.0030963504686951637 0.09542447328567505 -0.6915531754493713 -0.7159945964813232 -0.6688687801361084 0.888296902179718 0.3837725520133972 -0.25228381156921387 -1.7460293769836426
0.4494180977344513 -0.6118271946907043 0.6509153246879578 0.0030427563469856977 0.09544739872217178 -0.6915878057479858 -0.7159580588340759 -0.6688072085380554 0.8882077932357788 0.38389265537261963 -0.252414733171463 -1.7460951805114746
0.44940441846847534 -0.6118507981300354 0.6509026288986206 0.00301369815133512 0.09542471170425415 -0.691578209400177 -0.7159703373908997 -0.6687911748886108 0.8882171511650085 0.3838724195957184 -0.2524125576019287 -1.74607253074646
0.44945865869522095 -0.6118608117103577 0.6508557200431824 0.0030917583499103785 0.09529542922973633 -0.6915972232818604 -0.7159692049026489 -0.668836236000061 0.8882036209106445 0.38382211327552795 -0.2525367736816406 -1.7460191249847412
0.4494427442550659 -0.6118804216384888 0.6508482694625854 0.003069054102525115 0.095267154276371 -0.6915954947471619 -0.7159746885299683 -0.6688221096992493 0.8882147073745728 0.38379406929016113 -0.2525404095649719 -1.7459934949874878
0.44933611154556274 -0.6119174361228943 0.650887131690979 0.003191647119820118 0.09534742683172226 -0.6915707588195801 -0.7159878015518188 -0.6688666939735413 0.888260006904602 0.3837795853614807 -0.2524029016494751 -1.7459291219711304
0.44932350516319275 -0.611930787563324 0.6508832573890686 0.003171029733493924 0.09535857290029526 -0.6915572285652161 -0.71599942445755 -0.6688485145568848 0.8882651925086975 0.38378265500068665 -0.25238001346588135 -1.7459028959274292
0.4494268000125885 -0.6118983626365662 0.6508424878120422 0.0031432337127625942 0.0953778326511383 -0.6915355324745178 -0.7160178422927856 -0.6688631772994995 0.8882108926773071 0.38387352228164673 -0.25243300199508667 -1.7459756135940552
0.44940614700317383 -0.6119247078895569 0.650831937789917 0.0032731378450989723 0.09528648108243942 -0.6915557980537415 -0.7160103917121887 -0.6689439415931702 0.8882311582565308 0.3837949335575104 -0.25248125195503235 -1.7458760738372803
0.44939565658569336 -0.6119247078895569 0.6508392095565796 0.003254622220993042 0.09531503170728683 -0.6915484666824341 -0.7160136699676514 -0.6689302921295166 0.8882333636283875 0.3838081955909729 -0.2524532079696655 -1.745849609375
0.4493985176086426 -0.6119878888130188 0.6507778167724609 0.0031837127171456814 0.09545625001192093 -0.6914165616035461 -0.7161222696304321 -0.6688376665115356 0.8882167339324951 0.3839450776576996 -0.25230348110198975 -1.745943546295166
0.44938528537750244 -0.6119959950447083 0.6507793068885803 0.0031640934757888317 0.09545436501502991 -0.6914147138595581 -0.7161242961883545 -0.668821394443512 0.8882236480712891 0.38393542170524597 -0.2522938549518585 -1.745922327041626
0.44950565695762634 -0.611944854259491 0.6507442593574524 0.0031084539368748665 0.09544144570827484 -0.6914193034172058 -0.7161215543746948 -0.6688059568405151 0.8881641626358032 0.38400864601135254 -0.2523919641971588 -1.7460088729858398
0.44947579503059387 -0.6119185090065002 0.6507896780967712 0.0030693348962813616 0.09546258300542831 -0.6914533972740173 -0.7160858511924744 -0.6688258647918701 0.8881769776344299 0.3839893043041229 -0.2523761987686157 -1.7460887432098389
0.44937193393707275 -0.6119465231895447 0.6508350968360901 0.003150336444377899 0.09555836766958237 -0.6914305686950684 -0.7160950899124146 -0.6688969135284424 0.8882192373275757 0.3839857578277588 -0.2522328495979309 -1.7460094690322876
0.4493480920791626 -0.61195307970047 0.6508452892303467 0.0031340394634753466 0.09555289149284363 -0.6914370059967041 -0.7160896062850952 -0.6688936352729797 0.8882318735122681 0.3839636445045471 -0.2522219717502594 -1.7459949254989624
0.449355810880661 -0.6119545102119446 0.6508386731147766 0.003114137565717101 0.09552688151597977 -0.6914430260658264 -0.716087281703949 -0.6688880920410156 0.8882308006286621 0.38395053148269653 -0.25224578380584717 -1.7459802627563477
0.44931063055992126 -0.6120473742485046 0.6507825255393982 0.0031662792898714542 0.09570226073265076 -0.6912865042686462 -0.7162149548530579 -0.6689114570617676 0.8882347345352173 0.3840843141078949 -0.2520280182361603 -1.7460356950759888
0.44929593801498413 -0.6120393872261047 0.6508001685142517 0.0031443508341908455 0.09571490436792374 -0.6912968754768372 -0.7162032723426819 -0.6689050793647766 0.8882408142089844 0.3840785026550293 -0.25201553106307983 -1.746030569076538
0.44931522011756897 -0.612026035785675 0.6507994532585144 0.003117401385679841 0.09567023068666458 -0.6913216710090637 -0.7161853313446045 -0.6689116954803467 0.888235867023468 0.38405507802963257 -0.2520686388015747 -1.7460464239120483
0.4493085443973541 -0.6120368242263794 0.6507939100265503 0.003089622827246785 0.09566820412874222 -0.6913138628005981 -0.7161931395530701 -0.6689037680625916 0.8882395029067993 0.38405194878578186 -0.2520607113838196 -1.746034860610962
0.4493845999240875 -0.6120768189430237 0.6507037878036499 0.0030669693369418383 0.09574832767248154 -0.691199004650116 -0.7162932753562927 -0.6688379049301147 0.888192355632782 0.384194940328598 -0.2520088255405426 -1.7460602521896362
0.4493914246559143 -0.6120824813842773 0.6506937742233276 0.003040160983800888 0.09574056416749954 -0.6911929249763489 -0.7163001894950867 -0.6688272953033447 0.8881897330284119 0.384196937084198 -0.25201499462127686 -1.7460500001907349
0.44939401745796204 -0.6121965050697327 0.6505846977233887 0.0030869024340063334 0.0957576334476471 -0.6910587549209595 -0.7164273262023926 -0.6688016057014465 0.8881866335868835 0.3842565715312958 -0.25193512439727783 -1.7460379600524902
0.44938576221466064 -0.6121525168418884 0.6506317853927612 0.003211812349036336 0.09571138769388199 -0.6911311149597168 -0.7163637280464172 -0.6689102649688721 0.8881957530975342 0.3841964900493622 -0.25199446082115173 -1.7459701299667358
0.4493790566921234 -0.6121500730514526 0.6506386995315552 0.003194802440702915 0.09571912884712219 -0.6911336183547974 -0.7163602113723755 -0.6688952445983887 0.8881983160972595 0.38419583439826965 -0.25198647379875183 -1.745951533317566
0.44938379526138306 -0.612105131149292 0.6506776809692383 0.003087403019890189 0.09575506299734116 -0.6911652684211731 -0.7163249254226685 -0.6688380241394043 0.8881920576095581 0.384210467338562 -0.2519862651824951 -1.7459980249404907
0.4493447542190552 -0.6121112704277039 0.6506989002227783 0.0031414064578711987 0.0957259014248848 -0.6911897659301758 -0.7163051962852478 -0.6688486337661743 0.8882149457931519 0.3841567039489746 -0.2519875466823578 -1.7460546493530273
0.4493206739425659 -0.6121074557304382 0.6507191061973572 0.003125902032479644 0.09573706984519958 -0.6912005543708801 -0.716293215751648 -0.6688351631164551 0.8882259130477905 0.38414329290390015 -0.25196927785873413 -1.746046543121338
0.4493863880634308 -0.6120349764823914 0.6507418751716614 0.00311827939003706 0.0956687405705452 -0.6912786364555359 -0.7162270545959473 -0.6688663363456726 0.888200044631958 0.38411831855773926 -0.25209853053092957 -1.7460665702819824
0.44934937357902527 -0.6120398640632629 0.6507628560066223 0.0030968976207077503 0.09567012637853622 -0.6912902593612671 -0.7162156105041504 -0.6688538193702698 0.8882186412811279 0.3840895891189575 -0.2520768642425537 -1.7460616827011108
0.4493565559387207 -0.6119893789291382 0.6508054137229919 0.0031184351537376642 0.09566029161214828 -0.6913467049598694 -0.7161625027656555 -0.6688750386238098 0.8882160186767578 0.3840685188770294 -0.2521180510520935 -1.746106505393982
0.4493353068828583 -0.6119963526725769 0.6508134603500366 0.0030949567444622517 0.09566619992256165 -0.6913465261459351 -0.716161847114563 -0.6688639521598816 0.8882261514663696 0.3840576410293579 -0.2520989775657654 -1.7461049556732178
0.44935134053230286 -0.6119513511657715 0.6508446931838989 0.0032551761250942945 0.09564425051212311 -0.6913979053497314 -0.7161151766777039 -0.6689441204071045 0.8882204294204712 0.3840368688106537 -0.25215089321136475 -1.7459694147109985
0.4493428170681 -0.6119503974914551 0.6508515477180481 0.0032375152222812176 0.09563754498958588 -0.6914059519767761 -0.7161083221435547 -0.6689363121986389 0.8882254362106323 0.3840239644050598 -0.25215283036231995 -1.7459590435028076
0.44939032196998596 -0.6118910312652588 0.6508744955062866 0.003291782457381487 0.0956510603427887 -0.6914427876472473 -0.7160709500312805 -0.6689770221710205 0.8881999850273132 0.3840521574020386 -0.25219959020614624 -1.7459230422973633
0.4493968188762665 -0.6118925213813782 0.6508686542510986 0.003276577452197671 0.09563067555427551 -0.6914469003677368 -0.7160696983337402 -0.6689715385437012 0.8881988525390625 0.3840424418449402 -0.2522183060646057 -1.745915412902832
0.4494546353816986 -0.6118487119674683 0.6508699059486389 0.0032071073073893785 0.09567876160144806 -0.6914467811584473 -0.716063380241394 -0.668928861618042 0.8881644010543823 0.3841124176979065 -0.25223299860954285 -1.7460330724716187
0.4493926763534546 -0.6119385361671448 0.6508282423019409 0.0030952978413552046 0.09570804983377457 -0.6913647651672363 -0.7161386609077454 -0.6688511371612549 0.8881925940513611 0.3841169476509094 -0.2521267831325531 -1.7460803985595703
0.44945913553237915 -0.6119019985198975 0.6508166790008545 0.0030633723363280296 0.09577858448028564 -0.691342830657959 -0.7161504030227661 -0.6687568426132202 0.8881514072418213 0.3842146396636963 -0.2521231770515442 -1.7461330890655518
0.44947126507759094 -0.6118046045303345 0.6508998870849609 0.0029975534416735172 0.095784991979599 -0.6914414167404175 -0.7160543203353882 -0.6687649488449097 0.8881445527076721 0.3841922879219055 -0.2521813213825226 -1.7461984157562256
0.44943609833717346 -0.6118249297142029 0.6509050726890564 0.0029677858110517263 0.09577266871929169 -0.6914411187171936 -0.7160562872886658 -0.6687377691268921 0.888163685798645 0.38416042923927307 -0.25216245651245117 -1.7461941242218018
0.4494049847126007 -0.611781120300293 0.6509677171707153 0.003031768137589097 0.09574342519044876 -0.6915168166160583 -0.7159870862960815 -0.6687754988670349 0.8881825804710388 0.3840940594673157 -0.2521970272064209 -1.7461578845977783
0.44936561584472656 -0.6117677092552185 0.6510074734687805 0.0030823098495602608 0.09573830664157867 -0.691552460193634 -0.7159533500671387 -0.668799877166748 0.8882030844688416 0.3840511739253998 -0.2521902322769165 -1.7461364269256592
0.44934114813804626 -0.6117879748344421 0.6510053873062134 0.0030431863851845264 0.09575565159320831 -0.6915343403816223 -0.7159685492515564 -0.6687736511230469 0.888213574886322 0.3840515613555908 -0.25215262174606323 -1.7461351156234741
0.449284166097641 -0.611896276473999 0.6509429216384888 0.0029167411848902702 0.09586094319820404 -0.6913967728614807 -0.716087281703949 -0.6686766147613525 0.8882310390472412 0.3841266632080078 -0.2519766390323639 -1.7463089227676392
0.44929614663124084 -0.6118399500846863 0.6509875655174255 0.002957094693556428 0.09582413733005524 -0.6914689540863037 -0.7160225510597229 -0.6687355637550354 0.8882289528846741 0.3840864598751068 -0.25204524397850037 -1.7462692260742188
0.4493052661418915 -0.6118090152740479 0.6510103344917297 0.0029451048467308283 0.0958225205540657 -0.6914993524551392 -0.7159934043884277 -0.6687538027763367 0.8882244825363159 0.38408103585243225 -0.2520691752433777 -1.7462505102157593
0.4492669999599457 -0.6118278503417969 0.6510190367698669 0.0029018032364547253 0.0958256721496582 -0.6914954781532288 -0.7159967422485352 -0.6687380075454712 0.8882434964179993 0.38405802845954895 -0.2520372271537781 -1.7462517023086548
0.44934096932411194 -0.6118293404579163 0.6509665846824646 0.0030541857704520226 0.09569191187620163 -0.6915164589881897 -0.7159943580627441 -0.6687861680984497 0.8882205486297607 0.38401779532432556 -0.25217950344085693 -1.7461495399475098
0.44932273030281067 -0.6118403077125549 0.6509689092636108 0.003022707300260663 0.09570413082838058 -0.6915078163146973 -0.716001033782959 -0.6687687039375305 0.8882284164428711 0.3840159475803375 -0.25215449929237366 -1.746147632598877
0.4493417739868164 -0.6118093132972717 0.6509848237037659 0.0030778679065406322 0.09563840180635452 -0.691561222076416 -0.7159582376480103 -0.6688523888587952 0.8882258534431458 0.38396909832954407 -0.2522348463535309 -1.746080756187439
0.4493500292301178 -0.6117662787437439 0.6510196328163147 0.003108921693637967 0.09566211700439453 -0.6915944218635559 -0.715923011302948 -0.6688687205314636 0.8882191181182861 0.3839779496192932 -0.25224506855010986 -1.7460906505584717
0.4493432343006134 -0.6117663979530334 0.6510241627693176 0.003078198991715908 0.09568507224321365 -0.691587507724762 -0.7159265875816345 -0.6688563227653503 0.8882201313972473 0.3839900493621826 -0.2522232234477997 -1.7460912466049194
0.4494350850582123 -0.6117106676101685 0.6510131359100342 0.002963053295388818 0.09559791535139084 -0.6916428208351135 -0.715884804725647 -0.6687788963317871 0.8881829977035522 0.3839792311191559 -0.25237026810646057 -1.746190071105957
0.4494534432888031 -0.6116609573364258 0.6510472297668457 0.002974666887894273 0.09551599621772766 -0.6917242407798767 -0.7158170938491821 -0.6687864065170288 0.8881825804710388 0.3839118480682373 -0.2524743974208832 -1.7461872100830078
0.4494326710700989 -0.6116728782653809 0.651050329208374 0.002940006088465452 0.09551355242729187 -0.69172203540802 -0.7158195376396179 -0.6687700748443604 0.8881933093070984 0.3838967978954315 -0.2524593770503998 -1.7461825609207153
0.4494246244430542 -0.6118032336235046 0.6509333848953247 0.003061081748455763 0.09555154293775558 -0.6915661096572876 -0.7159651517868042 -0.6687624454498291 0.8881933093070984 0.3839700520038605 -0.25234806537628174 -1.746121883392334
0.44936272501945496 -0.6117831468582153 0.6509950160980225 0.003108216682448983 0.0955229327082634 -0.6916300058364868 -0.7159072160720825 -0.6687944531440735 0.8882277011871338 0.3838869631290436 -0.25235337018966675 -1.7461045980453491
0.4493252635002136 -0.6118869781494141 0.6509232521057129 0.0028786733746528625 0.09565640240907669 -0.6914758682250977 -0.7160382270812988 -0.6686749458312988 0.8882322907447815 0.3839990496635437 -0.25216662883758545 -1.7462821006774902
0.4493117928504944 -0.611854076385498 0.6509634852409363 0.002832400146871805 0.09560783207416534 -0.691539466381073 -0.7159833312034607 -0.6686949729919434 0.8882443308830261 0.38393694162368774 -0.25221875309944153 -1.7463531494140625
0.4493544101715088 -0.6117938160896301 0.6509906649589539 0.0028388325590640306 0.0955895259976387 -0.6915934085845947 -0.7159336805343628 -0.6686452031135559 0.8882247805595398 0.3839358389377594 -0.25228941440582275 -1.7463728189468384
0.4494149386882782 -0.6117716431617737 0.6509697437286377 0.0029042272362858057 0.09545464813709259 -0.6916472911834717 -0.7158995866775513 -0.6686780452728271 0.8882086277008057 0.3838740587234497 -0.25244012475013733 -1.7463040351867676
0.4494825303554535 -0.6117080450057983 0.6509828567504883 0.002893259981647134 0.09538409858942032 -0.6917155981063843 -0.7158430218696594 -0.6687133312225342 0.8881819844245911 0.3838523328304291 -0.2525668144226074 -1.7462992668151855
0.44946765899658203 -0.6117143630981445 0.6509872078895569 0.002903326414525509 0.09531218558549881 -0.6917468309402466 -0.7158223986625671 -0.6686912775039673 0.8881972432136536 0.38378602266311646 -0.25261396169662476 -1.7463030815124512
0.4494006037712097 -0.6117210388183594 0.6510271430015564 0.0027391158509999514 0.09544648230075836 -0.691713273525238 -0.7158369421958923 -0.6685746312141418 0.8882167339324951 0.3838358223438263 -0.2524696886539459 -1.7465310096740723
0.4493899643421173 -0.6117297410964966 0.6510263681411743 0.002699214732274413 0.09544023126363754 -0.6917114853858948 -0.7158395051956177 -0.6685415506362915 0.8882228136062622 0.3838251829147339 -0.25246453285217285 -1.7465468645095825
0.44939303398132324 -0.6117150187492371 0.6510381102561951 0.0026372573338449 0.09537563472986221 -0.691754162311554 -0.7158069014549255 -0.6685212850570679 0.888228178024292 0.38377177715301514 -0.25252673029899597 -1.7465814352035522
0.4493691623210907 -0.6117185354232788 0.6510512828826904 0.0024499744176864624 0.09547127038240433 -0.6917203068733215 -0.7158268690109253 -0.6684180498123169 0.88823002576828 0.38382720947265625 -0.25243619084358215 -1.7467515468597412
0.4493735432624817 -0.6116309762001038 0.6511304974555969 0.0023582219146192074 0.0954742431640625 -0.6918131709098816 -0.7157367467880249 -0.668401300907135 0.8882274627685547 0.38379934430122375 -0.2524874806404114 -1.746821641921997
0.4493447244167328 -0.6116371750831604 0.6511445641517639 0.0023054343182593584 0.0954875499010086 -0.6918143033981323 -0.7157338261604309 -0.6683753132820129 0.88824063539505 0.3837873935699463 -0.2524593472480774 -1.7468316555023193
0.4493933320045471 -0.6117070913314819 0.6510453224182129 0.0021529400255531073 0.09549291431903839 -0.6917120218276978 -0.715831995010376 -0.6682170629501343 0.8882154226303101 0.383860319852829 -0.252437025308609 -1.7469369173049927
0.4493919312953949 -0.6116888523101807 0.6510634422302246 0.002067799912765622 0.09549566358327866 -0.6917315721511841 -0.7158127427101135 -0.6682257652282715 0.8882158398628235 0.3838541805744171 -0.25244489312171936 -1.7470600605010986
0.44938328862190247 -0.611699640750885 0.6510592103004456 0.002333607291802764 0.09551321715116501 -0.691716194152832 -0.7158252596855164 -0.6683540940284729 0.888218343257904 0.3838646411895752 -0.25242024660110474 -1.7467962503433228
0.44947949051856995 -0.6116266250610352 0.6510614156723022 0.0023416534531861544 0.0953998938202858 -0.6917997598648071 -0.7157596349716187 -0.6683879494667053 0.8881818652153015 0.3838304281234741 -0.25260061025619507 -1.7467694282531738
0.4494669735431671 -0.6116342544555664 0.6510629653930664 0.002301368396729231 0.09539109468460083 -0.691801130771637 -0.7157593965530396 -0.6683661341667175 0.8881891369819641 0.38381582498550415 -0.25259727239608765 -1.746770977973938
0.4493919014930725 -0.6117791533470154 0.6509785652160645 0.002466150326654315 0.09543342888355255 -0.691659152507782 -0.7158910036087036 -0.6684312224388123 0.8882225751876831 0.3838407099246979 -0.25244179368019104 -1.746669888496399
0.44939419627189636 -0.6117848753929138 0.6509716510772705 0.0024345633573830128 0.09540551155805588 -0.6916638612747192 -0.7158901691436768 -0.6684077978134155 0.8882244229316711 0.3838231563568115 -0.2524620592594147 -1.7466684579849243
0.44935494661331177 -0.6118256449699402 0.650960385799408 0.00243943533860147 0.09545975923538208 -0.6916142106056213 -0.7159308791160583 -0.6683675050735474 0.8882384300231934 0.38384759426116943 -0.2523755133152008 -1.746747612953186
0.44935548305511475 -0.6118110418319702 0.6509737372398376 0.0025636875070631504 0.09547615051269531 -0.6916229128837585 -0.7159202694892883 -0.6684536337852478 0.888236403465271 0.3838551640510559 -0.2523711323738098 -1.7466061115264893
0.4493400752544403 -0.6118093132972717 0.6509860157966614 0.002529572695493698 0.09550181776285172 -0.6916211247444153 -0.7159186601638794 -0.6684203147888184 0.8882414102554321 0.3838612735271454 -0.25234413146972656 -1.7466057538986206
0.44931724667549133 -0.6117939352989197 0.6510162353515625 0.0026067933067679405 0.09545031189918518 -0.6916710734367371 -0.7158772349357605 -0.6685044169425964 0.8882585167884827 0.3837956488132477 -0.2523837685585022 -1.7465465068817139
0.4493056833744049 -0.6118952035903931 0.6509290337562561 0.002619687933474779 0.09545210003852844 -0.6915644407272339 -0.7159799933433533 -0.6685030460357666 0.8882641792297363 0.3838264048099518 -0.2523171305656433 -1.7465406656265259
0.4492826759815216 -0.6118972301483154 0.6509429812431335 0.002589630428701639 0.09545237571001053 -0.6915730237960815 -0.7159716486930847 -0.6684777140617371 0.8882758021354675 0.3838077187538147 -0.25230470299720764 -1.746537208557129
0.44924089312553406 -0.611931562423706 0.6509395837783813 0.002679550787433982 0.09550369530916214 -0.6915329098701477 -0.7160035371780396 -0.6685183048248291 0.8882914185523987 0.3838251829147339 -0.25222310423851013 -1.7464826107025146
0.44920480251312256 -0.6119337677955627 0.6509623527526855 0.0026454227045178413 0.09550239145755768 -0.691548228263855 -0.7159889936447144 -0.668488621711731 0.8883097767829895 0.3837941288948059 -0.25220561027526855 -1.7464781999588013
0.449161171913147 -0.6119312047958374 0.6509949564933777 0.002665034495294094 0.09559447318315506 -0.6915320158004761 -0.715992271900177 -0.6685389876365662 0.8883219361305237 0.38382744789123535 -0.2521120607852936 -1.7465152740478516
0.4491588771343231 -0.6119834184646606 0.6509473919868469 0.0026475933846086264 0.09561993181705475 -0.6914646625518799 -0.7160539627075195 -0.6685379147529602 0.8883203864097595 0.3838655352592468 -0.25205960869789124 -1.7465215921401978
0.4491509199142456 -0.6120150089263916 0.6509231925010681 0.0026212544180452824 0.0956064984202385 -0.6914395093917847 -0.7160800695419312 -0.668502151966095 0.8883258104324341 0.3838604986667633 -0.2520480155944824 -1.7465277910232544
0.4491705000400543 -0.6119731068611145 0.6509491205215454 0.0027988580986857414 0.09558848291635513 -0.6914840936660767 -0.7160394191741943 -0.6686385869979858 0.888317883014679 0.3838469982147217 -0.25209662318229675 -1.7464017868041992
0.44916269183158875 -0.61191326379776 0.6510107517242432 0.002888595685362816 0.09559919685125351 -0.6915490031242371 -0.715975284576416 -0.6687577962875366 0.8883206844329834 0.38382548093795776 -0.2521195411682129 -1.7463054656982422
0.4491361677646637 -0.6119866967201233 0.6509600281715393 0.0028826200868934393 0.09559030830860138 -0.6914846301078796 -0.7160386443138123 -0.6687200665473938 0.8883350491523743 0.38382428884506226 -0.25207072496414185 -1.7463184595108032
0.44917577505111694 -0.6119221448898315 0.6509933471679688 0.0028904660139232874 0.095606230199337 -0.6915299296379089 -0.7159927487373352 -0.6687303185462952 0.8883132934570312 0.38384559750556946 -0.252114862203598 -1.7463140487670898
0.4491446018218994 -0.611934244632721 0.6510034799575806 0.0028531451243907213 0.0956210047006607 -0.6915250420570374 -0.7159954905509949 -0.6687086224555969 0.8883274793624878 0.383835107088089 -0.25208091735839844 -1.7463183403015137
0.4491198658943176 -0.6119312047958374 0.6510234475135803 0.002986294450238347 0.09563981741666794 -0.6915320754051208 -0.7159861922264099 -0.6687496304512024 0.8883379697799683 0.3838273882865906 -0.2520557641983032 -1.7461663484573364
0.4491018056869507 -0.6118977665901184 0.651067316532135 0.002916020341217518 0.09562762826681137 -0.6915826797485352 -0.715938925743103 -0.6687442064285278 0.888348400592804 0.3837894797325134 -0.252076655626297 -1.746230959892273
0.4491240978240967 -0.6119163632392883 0.651034414768219 0.0029849065467715263 0.09565473347902298 -0.6915398836135864 -0.7159766554832458 -0.6687520146369934 0.8883342146873474 0.38383686542510986 -0.25205448269844055 -1.7461732625961304
