# 3x4 first row second row third row Freq: 100 current Time: 2021-07-31-20:49:56
0.6073826551437378 -0.42415913939476013 0.6716958284378052 -0.09200485050678253 0.04715989530086517 -0.8247853517532349 -0.5634758472442627 -0.88278728723526 0.7930083274841309 0.37392255663871765 -0.4809570014476776 -1.7292966842651367
0.6073662042617798 -0.4242192506790161 0.6716727614402771 -0.09196227043867111 0.047048721462488174 -0.8247938752174377 -0.5634726881980896 -0.8827974200248718 0.7930275201797485 0.37383559346199036 -0.4809929132461548 -1.7292394638061523
0.6073588728904724 -0.4242478311061859 0.671661376953125 -0.09194262325763702 0.04702965170145035 -0.8247817754745483 -0.563491940498352 -0.8828131556510925 0.7930343151092529 0.37382981181144714 -0.48098626732826233 -1.7291994094848633
0.6073352098464966 -0.4243267774581909 0.6716328263282776 -0.0919441282749176 0.04692128673195839 -0.8247759342193604 -0.5635095238685608 -0.8827937841415405 0.7930588126182556 0.37375304102897644 -0.4810055196285248 -1.729200005531311
0.6073342561721802 -0.4243386387825012 0.6716262102127075 -0.09192223101854324 0.04690795764327049 -0.8247726559638977 -0.5635154247283936 -0.8828082084655762 0.7930603623390198 0.3737468421459198 -0.48100781440734863 -1.7291556596755981
0.6074100732803345 -0.42438989877700806 0.671525239944458 -0.09194737672805786 0.046869441866874695 -0.8247178196907043 -0.5635988712310791 -0.882817804813385 0.79300457239151 0.37380966544151306 -0.4810509979724884 -1.7292253971099854
0.6073246002197266 -0.424529492855072 0.6715143322944641 -0.09205732494592667 0.04680895060300827 -0.824662983417511 -0.5636841654777527 -0.8827110528945923 0.7930735945701599 0.37377211451530457 -0.48096632957458496 -1.7293685674667358
0.6073419451713562 -0.42452728748321533 0.671500027179718 -0.09204252064228058 0.04679755121469498 -0.8246633410453796 -0.5636845827102661 -0.8827221989631653 0.7930609583854675 0.37377384305000305 -0.4809857904911041 -1.7293415069580078
0.6073870062828064 -0.42447608709335327 0.6714916825294495 -0.09204918146133423 0.046910595148801804 -0.8246352076530457 -0.5637163519859314 -0.8827428817749023 0.7930197715759277 0.373894065618515 -0.48096027970314026 -1.729333758354187
0.6074008941650391 -0.4244369566440582 0.6715038418769836 -0.0920407697558403 0.04693099483847618 -0.824652910232544 -0.5636886954307556 -0.8827574849128723 0.7930079698562622 0.3738993704319 -0.4809756875038147 -1.7292981147766113
0.6073817610740662 -0.4245575964450836 0.6714448928833008 -0.0921962633728981 0.04690396413207054 -0.824571967124939 -0.5638093948364258 -0.88263338804245 0.7930241823196411 0.37394094467163086 -0.4809165596961975 -1.729468584060669
0.607388973236084 -0.42466408014297485 0.6713709831237793 -0.09217486530542374 0.04686729237437248 -0.8244969844818115 -0.563922107219696 -0.8826360106468201 0.7930208444595337 0.3739854097366333 -0.4808875024318695 -1.7294586896896362
0.6073734164237976 -0.4246818423271179 0.6713738441467285 -0.09216751158237457 0.04687215015292168 -0.8244858980178833 -0.5639378428459167 -0.8826455473899841 0.7930324673652649 0.3739895820617676 -0.48086509108543396 -1.729422688484192
0.6074535846710205 -0.42465847730636597 0.6713160872459412 -0.09233711659908295 0.04688273370265961 -0.8244687914848328 -0.5639619827270508 -0.8824586272239685 0.7929704189300537 0.37405386567115784 -0.480917364358902 -1.729620099067688
0.6074370741844177 -0.42467281222343445 0.6713219881057739 -0.09233779460191727 0.04687865823507309 -0.8244652152061462 -0.5639675855636597 -0.8824563026428223 0.79298335313797 0.3740454912185669 -0.48090264201164246 -1.729596734046936
0.6074324250221252 -0.4246408939361572 0.6713463664054871 -0.09250417351722717 0.047009289264678955 -0.8244322538375854 -0.5640048384666443 -0.8822817802429199 0.7929791808128357 0.37415435910224915 -0.4808248281478882 -1.7298201322555542
0.6074201464653015 -0.42465364933013916 0.6713494062423706 -0.09250729531049728 0.04701341316103935 -0.8244244456291199 -0.5640159249305725 -0.8822737336158752 0.7929883599281311 0.37415704131126404 -0.4808075726032257 -1.7298064231872559
0.6073420643806458 -0.42474743723869324 0.6713607311248779 -0.09247881919145584 0.046868208795785904 -0.8244451284408569 -0.5639978647232056 -0.8823109269142151 0.7930567264556885 0.37400510907173157 -0.48081305623054504 -1.7297545671463013
0.6073179841041565 -0.4247942864894867 0.6713528633117676 -0.09243763238191605 0.04683272913098335 -0.8244320154190063 -0.5640199184417725 -0.8823370933532715 0.7930772304534912 0.37398073077201843 -0.4807981252670288 -1.729764461517334
0.6073315143585205 -0.42480698227882385 0.671332597732544 -0.0924331471323967 0.046809785068035126 -0.8244268298149109 -0.5640294551849365 -0.882331132888794 0.7930682301521301 0.37397778034210205 -0.48081526160240173 -1.7297422885894775
0.6073021292686462 -0.4248674809932709 0.6713208556175232 -0.09252150356769562 0.046738918870687485 -0.8244210481643677 -0.5640437602996826 -0.8823007345199585 0.7930949330329895 0.37392178177833557 -0.4808148145675659 -1.7298136949539185
0.6073034405708313 -0.42486265301704407 0.671322762966156 -0.0925225019454956 0.04673244059085846 -0.8244276642799377 -0.564034640789032 -0.8822911977767944 0.7930943369865417 0.3739126920700073 -0.4808228611946106 -1.7297884225845337
0.6074117422103882 -0.4248082637786865 0.6712591648101807 -0.09268677234649658 0.04679354280233383 -0.8244016170501709 -0.5640676021575928 -0.8821607828140259 0.7930077314376831 0.3740319013595581 -0.4808729588985443 -1.7299546003341675
0.6074290871620178 -0.42481574416160583 0.6712387204170227 -0.09269283711910248 0.04677576571702957 -0.8243968486785889 -0.5640760660171509 -0.8821545839309692 0.7929955124855042 0.37403392791748047 -0.48089152574539185 -1.7299381494522095
0.6074778437614441 -0.4247586727142334 0.6712307333946228 -0.09260855615139008 0.046786919236183167 -0.8244202136993408 -0.564041018486023 -0.8821632862091064 0.7929575443267822 0.3740472197532654 -0.48094382882118225 -1.7298986911773682
0.6074004173278809 -0.4247857928276062 0.6712836623191833 -0.09246381372213364 0.04685129597783089 -0.8243977427482605 -0.5640684366226196 -0.8823831677436829 0.7930130362510681 0.37406590580940247 -0.48083773255348206 -1.7297468185424805
0.6073933243751526 -0.42479971051216125 0.6712812185287476 -0.09245827794075012 0.0468391589820385 -0.8243945837020874 -0.5640741586685181 -0.8823931217193604 0.79301917552948 0.3740571141242981 -0.4808345139026642 -1.729724407196045
0.6073240637779236 -0.4249272644519806 0.6712632179260254 -0.0922878235578537 0.04667314514517784 -0.8243931531906128 -0.5640899538993835 -0.882506787776947 0.7930819988250732 0.3739153742790222 -0.4808410704135895 -1.7295819520950317
0.6072896718978882 -0.4250110685825348 0.671241283416748 -0.09223305433988571 0.04659251496195793 -0.8243743777275085 -0.5641241073608398 -0.8825733661651611 0.793113112449646 0.37386155128479004 -0.48083168268203735 -1.7295118570327759
0.6072468161582947 -0.4251033067703247 0.6712216138839722 -0.09223029762506485 0.04648599773645401 -0.8243640065193176 -0.5641480088233948 -0.8825612664222717 0.7931521534919739 0.3737794756889343 -0.4808310270309448 -1.7295007705688477
0.60726398229599 -0.4251015782356262 0.6712071895599365 -0.09220471978187561 0.04646429046988487 -0.8243688941001892 -0.564142644405365 -0.8825726509094238 0.7931402921676636 0.37377068400382996 -0.4808574616909027 -1.7294658422470093
0.6072552800178528 -0.42509347200393677 0.6712201833724976 -0.09239174425601959 0.04657827690243721 -0.8243253827095032 -0.564196765422821 -0.8825305104255676 0.7931402325630188 0.37387576699256897 -0.4807758331298828 -1.729660153388977
0.6072515249252319 -0.42509573698043823 0.6712221503257751 -0.09237851202487946 0.04657086730003357 -0.8243284821510315 -0.5641928911209106 -0.882554829120636 0.7931435704231262 0.37386640906333923 -0.48077765107154846 -1.7296324968338013
0.607240617275238 -0.4251897931098938 0.6711724400520325 -0.09237115830183029 0.046512942761182785 -0.8242810368537903 -0.5642669796943665 -0.8825557827949524 0.793155312538147 0.3738640248775482 -0.4807601273059845 -1.729655385017395
0.6072337627410889 -0.42517974972724915 0.6711850166320801 -0.09235449880361557 0.046527475118637085 -0.8242853879928589 -0.5642594695091248 -0.882575511932373 0.7931597232818604 0.37386593222618103 -0.4807513356208801 -1.7296313047409058
0.6073210835456848 -0.4250178337097168 0.6712085604667664 -0.09227699786424637 0.046696823090314865 -0.8243070244789124 -0.5642138123512268 -0.8825666308403015 0.7930828928947449 0.37400224804878235 -0.4807720482349396 -1.7295606136322021
0.6072968244552612 -0.42502152919769287 0.6712281703948975 -0.0922636091709137 0.046697258949279785 -0.8243133425712585 -0.5642045736312866 -0.8825758099555969 0.79310142993927 0.3739841878414154 -0.4807555377483368 -1.7295368909835815
0.6072794795036316 -0.42505258321762085 0.6712242364883423 -0.09224481880664825 0.046640943735837936 -0.8243206739425659 -0.5641985535621643 -0.8826488256454468 0.7931180596351624 0.37393271923065186 -0.4807681441307068 -1.7295053005218506
0.6072683930397034 -0.4250531494617462 0.6712338924407959 -0.09222327917814255 0.0466265007853508 -0.8243314027786255 -0.5641840696334839 -0.8826740384101868 0.7931274175643921 0.3739084303379059 -0.48077163100242615 -1.7294727563858032
0.6073173880577087 -0.4250607192516327 0.6711847186088562 -0.09228532016277313 0.04667440801858902 -0.8242830038070679 -0.5642507672309875 -0.8826029300689697 0.7930870652198792 0.374006450176239 -0.48076191544532776 -1.7295500040054321
0.6071913242340088 -0.42525428533554077 0.6711761951446533 -0.09242812544107437 0.04651632532477379 -0.8242447972297668 -0.5643196702003479 -0.8824328780174255 0.7931928634643555 0.3738706707954407 -0.480692982673645 -1.7297576665878296
0.6071799993515015 -0.4252548813819885 0.6711860299110413 -0.0924028679728508 0.04653751105070114 -0.8242387771606445 -0.5643267035484314 -0.8824470639228821 0.7932002544403076 0.3738832175731659 -0.4806709885597229 -1.7297366857528687
0.6072506308555603 -0.42511069774627686 0.6712135076522827 -0.09241272509098053 0.0466182641685009 -0.8242939114570618 -0.5642394423484802 -0.882379949092865 0.7931414842605591 0.3739255964756012 -0.48073509335517883 -1.7297695875167847
0.6072406768798828 -0.42511245608329773 0.6712213754653931 -0.09238746017217636 0.04662688821554184 -0.8242923617362976 -0.5642411112785339 -0.882388710975647 0.7931485772132874 0.3739270865917206 -0.4807221293449402 -1.7297511100769043
0.6072422862052917 -0.42514315247535706 0.6712004542350769 -0.09243844449520111 0.046552933752536774 -0.8243007659912109 -0.5642349123954773 -0.8824042677879333 0.7931516766548157 0.37387365102767944 -0.4807586073875427 -1.72982656955719
0.6072493195533752 -0.42513373494148254 0.6712000966072083 -0.0924082100391388 0.046587977558374405 -0.8242893815040588 -0.5642486214637756 -0.882427453994751 0.7931442856788635 0.37390944361686707 -0.48074302077293396 -1.729811429977417
0.6072691679000854 -0.42510494589805603 0.6712003350257874 -0.0923428013920784 0.046626221388578415 -0.8242876529693604 -0.5642479658126831 -0.8825297355651855 0.7931268215179443 0.373945951461792 -0.4807434380054474 -1.7296817302703857
0.6072555184364319 -0.42517703771591187 0.6711670756340027 -0.09233700484037399 0.046538207679986954 -0.824273943901062 -0.5642752647399902 -0.882585883140564 0.7931424379348755 0.3738941550254822 -0.4807579219341278 -1.7296550273895264
0.6072314381599426 -0.4251694977283478 0.6711935997009277 -0.09230808913707733 0.04654562100768089 -0.8242863416671753 -0.5642565488815308 -0.882618248462677 0.7931604385375977 0.3738754093647003 -0.48074278235435486 -1.7296302318572998
0.6072409152984619 -0.425259530544281 0.67112797498703 -0.09230493754148483 0.04648520052433014 -0.8242353796958923 -0.5643359422683716 -0.8826324939727783 0.7931567430496216 0.3738853931427002 -0.4807411730289459 -1.7296061515808105
0.6072500944137573 -0.4252451956272125 0.6711287498474121 -0.09227243065834045 0.04650427773594856 -0.8242347836494446 -0.564335286617279 -0.8826651573181152 0.7931485772132874 0.3739030063152313 -0.4807409346103668 -1.729565978050232
0.6072416305541992 -0.42527830600738525 0.6711154580116272 -0.09231150150299072 0.04643670469522476 -0.8242421746253967 -0.5643301010131836 -0.8826393485069275 0.793159008026123 0.37384912371635437 -0.48076561093330383 -1.7295995950698853
0.6073873043060303 -0.4251646101474762 0.6710556745529175 -0.09217221289873123 0.04653586447238922 -0.8242332935333252 -0.5643348693847656 -0.8826571106910706 0.7930416464805603 0.3739979863166809 -0.4808433949947357 -1.7294820547103882
0.607379138469696 -0.4251541495323181 0.6710696816444397 -0.09211814403533936 0.046517513692379 -0.8242539167404175 -0.5643061995506287 -0.8826900720596313 0.7930489778518677 0.3739643096923828 -0.4808575510978699 -1.7294358015060425
0.607414960861206 -0.42510831356048584 0.6710662841796875 -0.0922674909234047 0.046564120799303055 -0.8242563009262085 -0.5642988681793213 -0.8824946880340576 0.7930188179016113 0.37401118874549866 -0.4808708131313324 -1.7296254634857178
0.6074514985084534 -0.4251537322998047 0.6710044741630554 -0.092371366918087 0.04656173288822174 -0.8242047429084778 -0.5643743872642517 -0.8823792934417725 0.7929909825325012 0.37407320737838745 -0.48086851835250854 -1.7297651767730713
0.6074050664901733 -0.4250105023384094 0.6711372137069702 -0.09223535656929016 0.046607956290245056 -0.8243218064308167 -0.5641996264457703 -0.8824734687805176 0.7930238246917725 0.37397804856300354 -0.48088836669921875 -1.7296355962753296
0.6073247790336609 -0.4250316917896271 0.671196460723877 -0.09214553982019424 0.04663511738181114 -0.8243229985237122 -0.5641955733299255 -0.882617175579071 0.7930837273597717 0.373951256275177 -0.48081037402153015 -1.7295054197311401
0.6073233485221863 -0.4250320792198181 0.6711974740028381 -0.0920979306101799 0.04664338380098343 -0.8243193626403809 -0.5642002820968628 -0.8826421499252319 0.7930843234062195 0.37395891547203064 -0.4808034300804138 -1.7294658422470093
0.6074233651161194 -0.4246935546398163 0.6713212728500366 -0.09216730296611786 0.046822357922792435 -0.8244798183441162 -0.5639509558677673 -0.8826367259025574 0.7929971814155579 0.3739898204803467 -0.4809231460094452 -1.7294697761535645
0.6074419021606445 -0.42457717657089233 0.6713780760765076 -0.09230579435825348 0.04699477553367615 -0.8244888782501221 -0.5639232993125916 -0.8824763894081116 0.7929727435112 0.3741019368171692 -0.4808761775493622 -1.729642391204834
0.6074228286743164 -0.4245937466621399 0.671384871006012 -0.09228383004665375 0.04698106274008751 -0.8244889974594116 -0.5639243125915527 -0.8824910521507263 0.7929881811141968 0.37408286333084106 -0.4808655381202698 -1.7296243906021118
0.607445240020752 -0.4244762361049652 0.6714388728141785 -0.09223640710115433 0.047171782702207565 -0.8244888186454773 -0.5639086365699768 -0.8826156854629517 0.7929596900939941 0.37421658635139465 -0.48080846667289734 -1.7295563220977783
0.6075259447097778 -0.4244163930416107 0.671403706073761 -0.09241070598363876 0.04717152193188667 -0.8245072364807129 -0.5638817548751831 -0.8824131488800049 0.7928978800773621 0.37424391508102417 -0.48088914155960083 -1.7297425270080566
0.6075957417488098 -0.4243370592594147 0.6713906526565552 -0.0921076238155365 0.04721318185329437 -0.8245264887809753 -0.5638500452041626 -0.8826307058334351 0.792841911315918 0.37429139018058777 -0.4809444844722748 -1.729390263557434
0.6075982451438904 -0.42433154582977295 0.6713919639587402 -0.09206907451152802 0.04721634462475777 -0.8245286345481873 -0.5638466477394104 -0.8826433420181274 0.7928398251533508 0.37429288029670715 -0.48094674944877625 -1.7293437719345093
0.6075930595397949 -0.42434781789779663 0.6713863611221313 -0.09206672757863998 0.047278113663196564 -0.8244878649711609 -0.5639010667800903 -0.8826606869697571 0.7928401231765747 0.3743642568588257 -0.4808907210826874 -1.729404091835022
0.6075964570045471 -0.4243415296077728 0.6713871955871582 -0.09203220903873444 0.04729850962758064 -0.8244821429252625 -0.5639077425003052 -0.8826781511306763 0.7928363084793091 0.37438395619392395 -0.4808816909790039 -1.7293721437454224
0.6075572967529297 -0.42434364557266235 0.6714212894439697 -0.09212485700845718 0.04730433598160744 -0.8244931697845459 -0.5638911724090576 -0.8826224207878113 0.7928659319877625 0.37435731291770935 -0.4808535575866699 -1.7294529676437378
0.6075399518013 -0.4243113398551941 0.6714574098587036 -0.09220729768276215 0.047291725873947144 -0.8245331048965454 -0.5638338327407837 -0.8825671672821045 0.7928799986839294 0.37430596351623535 -0.48087039589881897 -1.729520320892334
0.6075429916381836 -0.4243048131465912 0.6714588403701782 -0.09219050407409668 0.047283098101615906 -0.8245415091514587 -0.5638222694396973 -0.8825785517692566 0.7928782105445862 0.3742949068546295 -0.480881929397583 -1.7294892072677612
0.6074591279029846 -0.42424288392066956 0.67157381772995 -0.09228429198265076 0.047340162098407745 -0.8245998024940491 -0.5637322664260864 -0.8825395107269287 0.7929390072822571 0.37423670291900635 -0.4808269441127777 -1.7295678853988647
0.6074231863021851 -0.4242563247680664 0.6715978384017944 -0.09226341545581818 0.04738611727952957 -0.8245810270309448 -0.5637557506561279 -0.8825573921203613 0.7929638028144836 0.3742627501487732 -0.48076578974723816 -1.7295178174972534
0.6074492335319519 -0.42416128516197205 0.671634316444397 -0.09226167947053909 0.04741937294602394 -0.8246347904205322 -0.5636743903160095 -0.8824903964996338 0.7929418683052063 0.3742520213127136 -0.480810284614563 -1.7295384407043457
0.6073654890060425 -0.42410019040107727 0.6717485785484314 -0.09228909760713577 0.047540925443172455 -0.8246618509292603 -0.5636245012283325 -0.8824914693832397 0.792998731136322 0.37426164746284485 -0.480709046125412 -1.729629397392273
0.6073376536369324 -0.42418983578681946 0.6717171669006348 -0.0923416018486023 0.04747568443417549 -0.824628472328186 -0.5636789202690125 -0.882443368434906 0.793023943901062 0.3742336630821228 -0.4806891977787018 -1.7296808958053589
0.6073153018951416 -0.42419731616973877 0.6717326641082764 -0.09233446419239044 0.047477323561906815 -0.8246302604675293 -0.563676118850708 -0.8824462294578552 0.7930409908294678 0.37422120571136475 -0.4806708097457886 -1.7296602725982666
0.6072952151298523 -0.4241991937160492 0.6717496514320374 -0.09234896302223206 0.04748508334159851 -0.824633002281189 -0.5636714696884155 -0.8824461698532104 0.7930558919906616 0.3742130696773529 -0.48065251111984253 -1.7296372652053833
0.6072814464569092 -0.4242261052131653 0.6717450618743896 -0.09234349429607391 0.04747038707137108 -0.8246227502822876 -0.5636876821517944 -0.8824517726898193 0.7930673360824585 0.3742050528526306 -0.4806399345397949 -1.729608416557312
0.6072565913200378 -0.42432713508605957 0.6717037558555603 -0.09251588582992554 0.04738691449165344 -0.8245872259140015 -0.5637466907501221 -0.882302463054657 0.793091356754303 0.37416884303092957 -0.48062846064567566 -1.7298022508621216
0.6071990132331848 -0.42440497875213623 0.6717065572738647 -0.09232842922210693 0.04733539745211601 -0.8245689868927002 -0.56377774477005 -0.8824983239173889 0.7931385040283203 0.3741207718849182 -0.48058807849884033 -1.7296019792556763
0.6071834564208984 -0.42441853880882263 0.6717121005058289 -0.09232959151268005 0.04732050374150276 -0.8245707750320435 -0.5637763142585754 -0.8825070858001709 0.793151319026947 0.3741013705730438 -0.48058199882507324 -1.7295714616775513
0.6071516871452332 -0.4244343936443329 0.6717307567596436 -0.09222300350666046 0.047345880419015884 -0.8245580792427063 -0.5637927651405334 -0.8825656175613403 0.7931740880012512 0.37411144375801086 -0.4805366098880768 -1.7294857501983643
0.607140839099884 -0.4244270622730255 0.671745240688324 -0.09221696853637695 0.04734859988093376 -0.8245672583580017 -0.5637791156768799 -0.8825715780258179 0.7931822538375854 0.3740995228290558 -0.4805324375629425 -1.72946298122406
0.6071540117263794 -0.4244611859321594 0.6717117428779602 -0.09210585057735443 0.04738817736506462 -0.8245146870613098 -0.5638526082038879 -0.8826955556869507 0.7931697964668274 0.37417659163475037 -0.4804929792881012 -1.7293773889541626
0.607149064540863 -0.4245278239250183 0.6716741323471069 -0.09206663072109222 0.04729098081588745 -0.8245065808296204 -0.5638726353645325 -0.8827686905860901 0.7931793928146362 0.3741188943386078 -0.4805220663547516 -1.729325532913208
0.6071586012840271 -0.42450228333473206 0.6716815829277039 -0.09205752611160278 0.04730457440018654 -0.8245178461074829 -0.5638551115989685 -0.8827824592590332 0.7931712865829468 0.37412309646606445 -0.4805321991443634 -1.7292815446853638
0.6071949005126953 -0.4245847761631012 0.6715967059135437 -0.09210837632417679 0.04725857824087143 -0.8244559168815613 -0.563949465751648 -0.882654070854187 0.7931462526321411 0.37416595220565796 -0.48054012656211853 -1.7293906211853027
0.6071509122848511 -0.4247165322303772 0.6715531349182129 -0.09213034063577652 0.04715423658490181 -0.8244118690490723 -0.5640225410461426 -0.8825894594192505 0.7931861281394958 0.37411338090896606 -0.4805152416229248 -1.7294292449951172
0.6071504950523376 -0.42473503947257996 0.6715418100357056 -0.09211111813783646 0.04711643606424332 -0.8244143724441528 -0.5640221238136292 -0.8825901746749878 0.7931886911392212 0.37408697605133057 -0.48053157329559326 -1.7294014692306519
0.6071979403495789 -0.4246712327003479 0.6715392470359802 -0.09222480654716492 0.04717211052775383 -0.8244228959083557 -0.5640050172805786 -0.8825125694274902 0.7931490540504456 0.3741406202316284 -0.4805552363395691 -1.729523777961731
0.6071885228157043 -0.42471492290496826 0.6715201735496521 -0.0920969769358635 0.047128211706876755 -0.824410617351532 -0.5640265345573425 -0.882669985294342 0.7931588888168335 0.37411800026893616 -0.4805566072463989 -1.7294063568115234
0.6071503162384033 -0.42474350333213806 0.6715366244316101 -0.09197427332401276 0.04708908498287201 -0.8244202136993408 -0.5640158653259277 -0.882799506187439 0.7931904792785645 0.37406444549560547 -0.48054617643356323 -1.7292907238006592
0.6072414517402649 -0.42464733123779297 0.6715150475502014 -0.09201604872941971 0.0470912903547287 -0.8244638442993164 -0.5639519095420837 -0.8827298879623413 0.7931205630302429 0.3740774691104889 -0.4806514084339142 -1.7293643951416016
0.6072558760643005 -0.4245445728302002 0.6715669631958008 -0.09212392568588257 0.04717087373137474 -0.8245068788528442 -0.5638822913169861 -0.8826258182525635 0.7931047677993774 0.3740992546081543 -0.48066049814224243 -1.7294830083847046
0.6072406768798828 -0.42459097504615784 0.6715513467788696 -0.09221073985099792 0.047240786254405975 -0.8244409561157227 -0.5639728307723999 -0.8825501799583435 0.7931122779846191 0.37419185042381287 -0.4805760383605957 -1.7295796871185303
0.6072190403938293 -0.42451387643814087 0.671619713306427 -0.09219112992286682 0.04726550728082657 -0.8245025873184204 -0.5638806223869324 -0.882546067237854 0.7931273579597473 0.37414348125457764 -0.48058879375457764 -1.7295753955841064
0.6071981191635132 -0.424350380897522 0.6717419028282166 -0.0923723429441452 0.04739177227020264 -0.8245885372161865 -0.563744306564331 -0.8824329376220703 0.7931358814239502 0.3741395175457001 -0.48057788610458374 -1.7297531366348267
0.6071969270706177 -0.4243261218070984 0.6717582941055298 -0.09236595034599304 0.047421183437108994 -0.8245955109596252 -0.5637316703796387 -0.8824424743652344 0.7931349873542786 0.37415170669555664 -0.4805698096752167 -1.7297475337982178
0.6073067784309387 -0.4242797791957855 0.6716882586479187 -0.09237809479236603 0.047462861984968185 -0.8245712518692017 -0.5637636184692383 -0.8824222087860107 0.7930483818054199 0.3742577135562897 -0.48063015937805176 -1.729722261428833
0.6073206067085266 -0.42429012060165405 0.6716692447662354 -0.09236206859350204 0.047471098601818085 -0.8245531916618347 -0.5637893676757812 -0.8824542164802551 0.7930372953414917 0.3742857873439789 -0.4806266129016876 -1.7296409606933594
0.6073371767997742 -0.42428767681121826 0.6716557741165161 -0.0923684760928154 0.04746584594249725 -0.8245511651039124 -0.5637927651405334 -0.8824581503868103 0.7930249571800232 0.3742929995059967 -0.48064136505126953 -1.7296175956726074
0.607348620891571 -0.4242045283317566 0.6716979742050171 -0.09236204624176025 0.047540757805109024 -0.8245810866355896 -0.5637427568435669 -0.8824917078018188 0.7930116653442383 0.3743214011192322 -0.4806411564350128 -1.7295929193496704
0.6072725653648376 -0.4243515133857727 0.6716738939285278 -0.092404305934906 0.04739329218864441 -0.8245574235916138 -0.5637897253036499 -0.8824038505554199 0.7930787801742554 0.37420687079429626 -0.4806196689605713 -1.7297195196151733
0.6072617769241333 -0.42437511682510376 0.6716687083244324 -0.09239470213651657 0.047391172498464584 -0.8245428800582886 -0.563811182975769 -0.8824095726013184 0.7930871248245239 0.3742121458053589 -0.4806017577648163 -1.729709267616272
0.6072648763656616 -0.4244057834148407 0.6716465353965759 -0.09233961254358292 0.04736820235848427 -0.8245267271995544 -0.5638366937637329 -0.8824902772903442 0.7930861115455627 0.37421292066574097 -0.48060277104377747 -1.7297086715698242
0.6072638034820557 -0.4243866503238678 0.6716596484184265 -0.0923224687576294 0.047386977821588516 -0.8245344161987305 -0.563823938369751 -0.8824998736381531 0.7930858731269836 0.37421777844429016 -0.48059946298599243 -1.7297041416168213
0.6072443723678589 -0.42444318532943726 0.67164146900177 -0.09221097826957703 0.04730655997991562 -0.8245325684547424 -0.5638333559036255 -0.8826149106025696 0.7931055426597595 0.3741576671600342 -0.4806137681007385 -1.7295763492584229
0.6072602272033691 -0.42442330718040466 0.6716396808624268 -0.09211871027946472 0.04739169403910637 -0.8245027661323547 -0.5638697743415833 -0.8827287554740906 0.7930882573127747 0.374245822429657 -0.4805735945701599 -1.72947359085083
0.607299268245697 -0.4243353307247162 0.6716599464416504 -0.09213102608919144 0.04735342785716057 -0.8245792388916016 -0.5637612342834473 -0.8826453685760498 0.7930606603622437 0.3741771876811981 -0.4806726276874542 -1.7294542789459229
0.6073018908500671 -0.42432916164398193 0.6716614961624146 -0.09210468828678131 0.04735977202653885 -0.8245803713798523 -0.5637589693069458 -0.8826591372489929 0.7930582761764526 0.3741815984249115 -0.48067307472229004 -1.7294234037399292
0.6073037981987 -0.4242109954357147 0.6717343926429749 -0.09224284440279007 0.04736587405204773 -0.8246759176254272 -0.5636187195777893 -0.8825133442878723 0.7930564880371094 0.3741050660610199 -0.4807356894016266 -1.729581356048584
0.6073045134544373 -0.42420023679733276 0.6717405915260315 -0.0922221764922142 0.0473526269197464 -0.8246909379959106 -0.5635978579521179 -0.8825160264968872 0.7930567264556885 0.3740841746330261 -0.48075148463249207 -1.7295572757720947
0.6072404980659485 -0.4242909550666809 0.6717411279678345 -0.09216494113206863 0.047192513942718506 -0.8247156143188477 -0.5635751485824585 -0.8825746178627014 0.7931152582168579 0.3739267885684967 -0.4807773530483246 -1.7295112609863281
0.6072409152984619 -0.4243045747280121 0.6717321276664734 -0.09215044975280762 0.047189924865961075 -0.8247052431106567 -0.5635905265808105 -0.8825839757919312 0.7931150794029236 0.37393423914909363 -0.48077186942100525 -1.7294914722442627
0.6072341799736023 -0.42425861954689026 0.6717672348022461 -0.0923064649105072 0.047229617834091187 -0.8247277736663818 -0.5635542869567871 -0.8825355172157288 0.793117880821228 0.3739367425441742 -0.48076531291007996 -1.729689121246338
0.6072624921798706 -0.4241626262664795 0.671802282333374 -0.09220802038908005 0.047283146530389786 -0.8247718214988708 -0.5634852647781372 -0.8826772570610046 0.7930930256843567 0.3739483952522278 -0.48079726099967957 -1.72956120967865
0.6072552800178528 -0.42416444420814514 0.6718076467514038 -0.09219551831483841 0.047305166721343994 -0.8247628211975098 -0.5634966492652893 -0.8827005624771118 0.7930972576141357 0.3739662766456604 -0.4807763695716858 -1.7295434474945068
0.6072837114334106 -0.4242723286151886 0.6717138290405273 -0.09240008145570755 0.04726359248161316 -0.8246806263923645 -0.563620388507843 -0.8823968768119812 0.7930779457092285 0.3740250766277313 -0.4807624816894531 -1.7297312021255493
0.6072862148284912 -0.42428043484687805 0.6717064380645752 -0.09239013493061066 0.04725346714258194 -0.8246776461601257 -0.5636256337165833 -0.8824033737182617 0.7930766344070435 0.37402254343032837 -0.480766624212265 -1.7297106981277466
0.6074023842811584 -0.42426010966300964 0.6716142296791077 -0.09247905761003494 0.047264546155929565 -0.8246434926986694 -0.5636746883392334 -0.8822616338729858 0.7929869890213013 0.37412089109420776 -0.48083794116973877 -1.7298526763916016
0.607398509979248 -0.42425811290740967 0.6716189980506897 -0.09246743470430374 0.04725176841020584 -0.8246527314186096 -0.5636622309684753 -0.8822596669197083 0.7929907441139221 0.37410277128219604 -0.4808458983898163 -1.7298409938812256
0.6074166893959045 -0.4243090748786926 0.671570360660553 -0.09245040267705917 0.04726756736636162 -0.8245952725410461 -0.5637449026107788 -0.8822718858718872 0.7929758429527283 0.37417155504226685 -0.48081687092781067 -1.7298414707183838
0.6073880791664124 -0.4243282377719879 0.6715841889381409 -0.09242895990610123 0.04725890979170799 -0.8245946168899536 -0.5637465715408325 -0.8822791576385498 0.7929983139038086 0.3741512596607208 -0.48079562187194824 -1.7298321723937988
0.6074178814888 -0.4242198169231415 0.6716256737709045 -0.09250440448522568 0.04736848920583725 -0.8246220946311951 -0.5636971592903137 -0.8822788000106812 0.7929689288139343 0.37421363592147827 -0.48079556226730347 -1.7298821210861206
0.6073751449584961 -0.42429491877555847 0.6716169118881226 -0.09235478192567825 0.04729250818490982 -0.8246119022369385 -0.5637185573577881 -0.8824810981750488 0.7930062413215637 0.3741510808467865 -0.48078274726867676 -1.729695200920105
0.6073638200759888 -0.42429986596107483 0.6716240048408508 -0.09233991801738739 0.04728081822395325 -0.8246176838874817 -0.5637109875679016 -0.882501482963562 0.7930155992507935 0.37413257360458374 -0.4807816743850708 -1.7296816110610962
0.6074205040931702 -0.4242105484008789 0.6716291308403015 -0.09240492433309555 0.04728017374873161 -0.8246704936027527 -0.5636337995529175 -0.8824053406715393 0.792972207069397 0.3741174638271332 -0.4808650314807892 -1.7298073768615723
0.6074109673500061 -0.42420274019241333 0.6716427206993103 -0.09238430857658386 0.04729081690311432 -0.8246757984161377 -0.563625156879425 -0.8824225068092346 0.792978823184967 0.37411463260650635 -0.4808562397956848 -1.7297978401184082
0.6073732376098633 -0.4241809844970703 0.6716905832290649 -0.09241936355829239 0.04726969078183174 -0.8247190117835999 -0.5635637640953064 -0.8823872804641724 0.7930090427398682 0.37404415011405945 -0.4808613061904907 -1.7297303676605225
0.607364296913147 -0.42420440912246704 0.6716838479042053 -0.09240464866161346 0.0472312867641449 -0.8247209787368774 -0.5635640621185303 -0.882402241230011 0.7930181622505188 0.37401315569877625 -0.4808703362941742 -1.7297039031982422
0.6074041128158569 -0.42414015531539917 0.671688437461853 -0.0923645868897438 0.04726755991578102 -0.8247420191764832 -0.5635302066802979 -0.8824948668479919 0.7929854989051819 0.3740396201610565 -0.48090359568595886 -1.729647159576416
0.6073411107063293 -0.4242759943008423 0.6716595888137817 -0.09221317619085312 0.04715355485677719 -0.8247067332267761 -0.5635913610458374 -0.8826598525047302 0.7930405139923096 0.3739633560180664 -0.48087218403816223 -1.7295024394989014
0.6073333024978638 -0.42428863048553467 0.6716586947441101 -0.09213104844093323 0.0471687987446785 -0.8246920704841614 -0.563611626625061 -0.8827266097068787 0.7930456399917603 0.37398141622543335 -0.4808497428894043 -1.7294392585754395
0.6073252558708191 -0.42428842186927795 0.6716660857200623 -0.0921110287308693 0.047175634652376175 -0.8246921896934509 -0.563610851764679 -0.8827531933784485 0.7930513620376587 0.37398141622543335 -0.4808403253555298 -1.729414701461792
0.6073407530784607 -0.42433446645736694 0.6716229915618896 -0.09217580407857895 0.04712910205125809 -0.824669361114502 -0.5636481642723083 -0.8826448917388916 0.7930423021316528 0.37397947907447815 -0.4808567762374878 -1.7295109033584595
0.6073458790779114 -0.42434361577033997 0.6716126203536987 -0.09215134382247925 0.04713234305381775 -0.8246581554412842 -0.5636643171310425 -0.8826696276664734 0.7930381894111633 0.373993843793869 -0.4808523952960968 -1.7294840812683105
0.607302188873291 -0.42440053820610046 0.6716161370277405 -0.09222446382045746 0.046978164464235306 -0.8247003555297852 -0.5636154413223267 -0.8826087713241577 0.793080747127533 0.3738361597061157 -0.4809047281742096 -1.7295929193496704
0.6073078513145447 -0.42432788014411926 0.6716569662094116 -0.09226755797863007 0.04699628800153732 -0.824750542640686 -0.5635404586791992 -0.8825448155403137 0.7930753827095032 0.3738079071044922 -0.48093560338020325 -1.7296652793884277
0.6072995662689209 -0.424335241317749 0.6716597676277161 -0.09224122017621994 0.04700528457760811 -0.824743390083313 -0.5635501742362976 -0.8825674653053284 0.7930811643600464 0.3738153576850891 -0.48092028498649597 -1.7296444177627563
0.6072641611099243 -0.4242274761199951 0.671759843826294 -0.0923018679022789 0.04710764065384865 -0.8247995376586914 -0.5634594559669495 -0.8824964761734009 0.7931022047996521 0.3738137185573578 -0.4808868169784546 -1.7297204732894897
0.6072496175765991 -0.42421862483024597 0.6717785596847534 -0.09228692948818207 0.047129642218351364 -0.8248023390769958 -0.5634534955024719 -0.8825119137763977 0.7931119799613953 0.3738176226615906 -0.4808676242828369 -1.7296968698501587
0.6073623299598694 -0.42411884665489197 0.6717396974563599 -0.09234873950481415 0.047075074166059494 -0.8248671889305115 -0.5633630752563477 -0.8824564814567566 0.7930289506912231 0.3737877309322357 -0.4810278117656708 -1.7297435998916626
0.607361912727356 -0.42400097846984863 0.6718144416809082 -0.09250631928443909 0.04717589169740677 -0.8249186873435974 -0.5632792711257935 -0.8822923302650452 0.7930232882499695 0.3738078474998474 -0.48102155327796936 -1.7298563718795776
0.6073690056800842 -0.4240140914916992 0.6717997789382935 -0.09250331670045853 0.04716744273900986 -0.8249088525772095 -0.5632943511009216 -0.8822982311248779 0.7930183410644531 0.3738146424293518 -0.4810244143009186 -1.729820728302002
0.6074137091636658 -0.423926442861557 0.6718146800994873 -0.09258429706096649 0.0471876859664917 -0.8249551057815552 -0.5632249116897583 -0.8822142481803894 0.7929829359054565 0.37381190061569214 -0.481084942817688 -1.7299100160598755
0.6074196100234985 -0.42401424050331116 0.6717538833618164 -0.09241858124732971 0.0471249483525753 -0.8249087333679199 -0.5632980465888977 -0.8823981285095215 0.7929821014404297 0.3738146722316742 -0.48108410835266113 -1.7296717166900635
0.6074357628822327 -0.4240089952945709 0.6717426180839539 -0.09227456152439117 0.04717486724257469 -0.824883222579956 -0.5633312463760376 -0.8826051354408264 0.7929667830467224 0.3738768994808197 -0.4810609817504883 -1.729541301727295
0.6073749661445618 -0.42413926124572754 0.6717153191566467 -0.0921502411365509 0.04712396487593651 -0.8248220086097717 -0.5634251832962036 -0.882723867893219 0.7930163741111755 0.37386423349380493 -0.48098912835121155 -1.7294182777404785
0.6073822975158691 -0.42421358823776245 0.6716617941856384 -0.09227149188518524 0.04711899906396866 -0.8247591257095337 -0.563517689704895 -0.8826286196708679 0.7930110692977905 0.37391868233680725 -0.4809555411338806 -1.7295246124267578
0.6073306202888489 -0.4243695139884949 0.6716099977493286 -0.09209980070590973 0.046981703490018845 -0.824713408946991 -0.5635959506034851 -0.8827628493309021 0.7930587530136108 0.3738424777984619 -0.48093611001968384 -1.7293570041656494
0.6073251962661743 -0.42436498403549194 0.6716177463531494 -0.0920754075050354 0.046971872448921204 -0.824724018573761 -0.5635812878608704 -0.8827909231185913 0.7930635213851929 0.37382426857948303 -0.4809424579143524 -1.7293044328689575
0.607306718826294 -0.4244637191295624 0.6715720891952515 -0.09215111285448074 0.04696439951658249 -0.8246520161628723 -0.563687264919281 -0.882615864276886 0.7930781245231628 0.3738710284233093 -0.4808819890022278 -1.729453682899475
0.6073485612869263 -0.42444556951522827 0.6715457439422607 -0.09228111803531647 0.047054171562194824 -0.8246083855628967 -0.5637436509132385 -0.8824462890625 0.7930407524108887 0.37398791313171387 -0.48085275292396545 -1.729620337486267
0.6073269248008728 -0.4244800806045532 0.671543538570404 -0.09216492623090744 0.04703500121831894 -0.8245970010757446 -0.563761830329895 -0.882596492767334 0.793058454990387 0.3739737868309021 -0.4808345139026642 -1.7294842004776
0.607330858707428 -0.4244474470615387 0.671560525894165 -0.09227876365184784 0.04701326787471771 -0.8246330618858337 -0.5637109279632568 -0.8824858665466309 0.7930567264556885 0.37393128871917725 -0.48087042570114136 -1.729644536972046
0.6073223948478699 -0.4243883192539215 0.6716055274009705 -0.09236002713441849 0.04700283333659172 -0.8246909379959106 -0.5636270642280579 -0.88242506980896 0.7930638194084167 0.37387073040008545 -0.48090583086013794 -1.7297027111053467
0.6072731614112854 -0.42449086904525757 0.6715852618217468 -0.09250865131616592 0.04693291336297989 -0.8246573209762573 -0.5636821389198303 -0.8822683691978455 0.7931056618690491 0.3738285005092621 -0.4808696508407593 -1.72989022731781
0.6071889996528625 -0.42461034655570984 0.6715858578681946 -0.092455193400383 0.04686058312654495 -0.8246244192123413 -0.5637362599372864 -0.8822980523109436 0.7931743860244751 0.37376534938812256 -0.480805367231369 -1.7298855781555176
0.607154369354248 -0.42462965846061707 0.6716049313545227 -0.09252830594778061 0.04676230996847153 -0.8246682286262512 -0.5636803507804871 -0.8823258876800537 0.7932066917419434 0.3736467957496643 -0.4808442294597626 -1.729902982711792
0.6072235107421875 -0.4245331585407257 0.6716034412384033 -0.09232769906520844 0.04675585776567459 -0.8247249126434326 -0.5635979771614075 -0.8825074434280396 0.7931541204452515 0.3736313283443451 -0.48094290494918823 -1.7296401262283325
0.6072688698768616 -0.42453479766845703 0.6715614199638367 -0.09234397113323212 0.046774912625551224 -0.8246966004371643 -0.5636377334594727 -0.8825016617774963 0.7931182980537415 0.3736918866634369 -0.48095500469207764 -1.7296348810195923
0.6073481440544128 -0.4245695173740387 0.6714677810668945 -0.0924970880150795 0.04679381102323532 -0.8246272206306458 -0.5637377500534058 -0.8822334408760071 0.7930564880371094 0.37380558252334595 -0.48096853494644165 -1.729900598526001
0.6073583960533142 -0.42458224296569824 0.6714504361152649 -0.09245771914720535 0.04677983373403549 -0.8246190547943115 -0.5637508630752563 -0.8823624849319458 0.7930494546890259 0.37380915880203247 -0.4809774160385132 -1.729840874671936
0.6073219776153564 -0.4246780574321747 0.6714227795600891 -0.09230103343725204 0.04673480615019798 -0.8245742321014404 -0.5638201236724854 -0.8825808763504028 0.7930799722671509 0.3737991452217102 -0.4809347987174988 -1.7296029329299927
0.6073091626167297 -0.4247026741504669 0.6714188456535339 -0.09213084727525711 0.04673146829009056 -0.8245602250099182 -0.5638408660888672 -0.8827335834503174 0.7930899858474731 0.3738020956516266 -0.48091596364974976 -1.7294280529022217
0.6072511076927185 -0.4248247444629669 0.6713941097259521 -0.09206569939851761 0.046585481613874435 -0.8245494365692139 -0.5638687014579773 -0.8827105760574341 0.7931430339813232 0.37368708848953247 -0.48091787099838257 -1.7294325828552246
0.6071946024894714 -0.4248107969760895 0.6714540123939514 -0.09196548908948898 0.04662330076098442 -0.8245657086372375 -0.5638418197631836 -0.882851243019104 0.7931840419769287 0.3736671209335327 -0.4808657765388489 -1.7293064594268799
