# 3x4 first row second row third row Freq: 100 current Time: 2021-07-31-20:50:11
0.42616796493530273 -0.6259818077087402 0.65309077501297 0.01147156860679388 0.1207379475235939 -0.6761147379875183 -0.7268364429473877 -0.6255906224250793 0.896550714969635 0.3886072337627411 -0.21255864202976227 -1.660285472869873
0.42616549134254456 -0.6259939670562744 0.6530808210372925 0.011416751891374588 0.12074756622314453 -0.6760982871055603 -0.726850152015686 -0.6255544424057007 0.8965505957603455 0.3886163532733917 -0.21254247426986694 -1.660337209701538
0.4261024594306946 -0.6259821057319641 0.6531332731246948 0.011537580750882626 0.12068615108728409 -0.6761684417724609 -0.7267950773239136 -0.6256284117698669 0.8965888023376465 0.3885132968425751 -0.21256962418556213 -1.6602450609207153
0.42609843611717224 -0.6259933114051819 0.6531251668930054 0.01147559192031622 0.1207079365849495 -0.6761484742164612 -0.7268099784851074 -0.625586211681366 0.8965877890586853 0.3885299861431122 -0.21254342794418335 -1.6603063344955444
0.4261220097541809 -0.6259699463844299 0.6531322002410889 0.011306208558380604 0.12075459957122803 -0.6761428713798523 -0.7268074154853821 -0.6254722476005554 0.8965703248977661 0.38857734203338623 -0.21253059804439545 -1.660469651222229
0.42613425850868225 -0.6259613037109375 0.6531324982643127 0.011241034604609013 0.12075293064117432 -0.6761473417282104 -0.7268036007881165 -0.6254241466522217 0.8965647220611572 0.38858354091644287 -0.2125428467988968 -1.6605346202850342
0.4260850250720978 -0.6260250806808472 0.6531034708023071 0.011459811590611935 0.1207059770822525 -0.6761204600334167 -0.7268363833427429 -0.6255615949630737 0.8965944647789001 0.38852760195732117 -0.2125198096036911 -1.660359263420105
0.4261478781700134 -0.6260053515434265 0.6530813574790955 0.011350026354193687 0.12073198705911636 -0.6761007905006409 -0.7268503308296204 -0.6255024075508118 0.8965610861778259 0.38859355449676514 -0.21254004538059235 -1.6604403257369995
0.42615094780921936 -0.625995397567749 0.6530889272689819 0.011285604909062386 0.12073876708745956 -0.6761074662208557 -0.726842999458313 -0.6254640817642212 0.8965587019920349 0.3885979652404785 -0.21254190802574158 -1.6605024337768555
0.42616379261016846 -0.62599778175354 0.6530782580375671 0.011450035497546196 0.12075225263834 -0.6760927438735962 -0.7268544435501099 -0.6255213022232056 0.8965507745742798 0.38861969113349915 -0.21253558993339539 -1.6603355407714844
0.4261496663093567 -0.6259945034980774 0.6530905961990356 0.011389746330678463 0.12076187133789062 -0.6760990619659424 -0.7268469929695129 -0.6254783272743225 0.8965561985969543 0.38861405849456787 -0.21252308785915375 -1.6603952646255493
0.42624717950820923 -0.6259143352508545 0.6531038284301758 0.011262312531471252 0.12084256857633591 -0.6761062741279602 -0.7268269062042236 -0.6253997683525085 0.89649897813797 0.38873064517974854 -0.2125512659549713 -1.660534143447876
0.42626872658729553 -0.6258971095085144 0.6531062126159668 0.011201364919543266 0.1208382397890091 -0.6761168837547302 -0.7268177270889282 -0.6253554224967957 0.8964893221855164 0.38873985409736633 -0.21257515251636505 -1.6606017351150513
0.4262107014656067 -0.6259015798568726 0.6531398296356201 0.011416208930313587 0.12075895816087723 -0.6761742830276489 -0.7267774939537048 -0.6255179643630981 0.8965275883674622 0.3886328339576721 -0.21260948479175568 -1.6603976488113403
0.4260421395301819 -0.6260232925415039 0.6531331539154053 0.011779310181736946 0.1207105964422226 -0.676141083240509 -0.7268164157867432 -0.6256959438323975 0.8966141939163208 0.3884945213794708 -0.21249693632125854 -1.6600433588027954
0.426065593957901 -0.6260097026824951 0.6531308889389038 0.011734304018318653 0.12071797251701355 -0.6761417388916016 -0.7268146276473999 -0.6256635189056396 0.8966020345687866 0.38851532340049744 -0.21251007914543152 -1.6600898504257202
0.4260687232017517 -0.6260164976119995 0.6531223654747009 0.011611279100179672 0.12070290744304657 -0.676139235496521 -0.7268194556236267 -0.6256210207939148 0.8966025710105896 0.38850879669189453 -0.21251974999904633 -1.660169243812561
0.4260709583759308 -0.6260085105895996 0.6531285047531128 0.011559889651834965 0.12070242315530777 -0.6761471629142761 -0.7268121242523193 -0.6255839467048645 0.8966016173362732 0.3885077238082886 -0.21252591907978058 -1.6602123975753784
0.42606180906295776 -0.6260886192321777 0.6530576944351196 0.011581470258533955 0.12066703289747238 -0.6760777831077576 -0.7268825769424438 -0.625587522983551 0.8966107368469238 0.3884994387626648 -0.21250265836715698 -1.6601983308792114
0.42605119943618774 -0.6261070966720581 0.6530469059944153 0.011533552780747414 0.12066663056612015 -0.6760625243186951 -0.7268968224525452 -0.6255518794059753 0.8966158032417297 0.3884962201118469 -0.21248698234558105 -1.6602381467819214
0.42606794834136963 -0.6260508298873901 0.6530899405479431 0.011466708965599537 0.12062619626522064 -0.6761345863342285 -0.7268365025520325 -0.6255817413330078 0.8966132998466492 0.38846147060394287 -0.21256111562252045 -1.6602859497070312
0.42605605721473694 -0.6260210275650024 0.6531262397766113 0.011415037326514721 0.12066489458084106 -0.6761566996574402 -0.7268095016479492 -0.6255478858947754 0.8966137170791626 0.38847097754478455 -0.2125418782234192 -1.6603256464004517
0.4261157810688019 -0.6260061264038086 0.6531015634536743 0.011290735565125942 0.12060418725013733 -0.6761707663536072 -0.7268064618110657 -0.6254796981811523 0.8965935111045837 0.38847047090530396 -0.2126280665397644 -1.6604424715042114
0.42624902725219727 -0.6258746981620789 0.6531405448913574 0.011133858002722263 0.12075567245483398 -0.6761871576309204 -0.7267661094665527 -0.6253711581230164 0.8965097665786743 0.3886537551879883 -0.21264617145061493 -1.6606029272079468
0.42625436186790466 -0.6258761882781982 0.6531356573104858 0.011077369563281536 0.12074592709541321 -0.6761871576309204 -0.7267677187919617 -0.6253299713134766 0.8965085744857788 0.38865137100219727 -0.2126556932926178 -1.6606534719467163
0.4262444078922272 -0.6259368062019348 0.6530840992927551 0.011338381096720695 0.12078486382961273 -0.67610764503479 -0.7268351912498474 -0.6254406571388245 0.8965080380439758 0.38869211077690125 -0.21258339285850525 -1.6604381799697876
0.42621687054634094 -0.6259393095970154 0.6530996561050415 0.011282986961305141 0.12079399824142456 -0.6761142015457153 -0.7268276214599609 -0.6253955364227295 0.8965198993682861 0.3886767029762268 -0.21256153285503387 -1.6604872941970825
0.4263048768043518 -0.6258381009101868 0.6531391739845276 0.01112852618098259 0.12089785933494568 -0.676139235496521 -0.7267870306968689 -0.6253005862236023 0.8964640498161316 0.38879597187042236 -0.21257895231246948 -1.6606652736663818
0.42619460821151733 -0.625830352306366 0.6532185673713684 0.011317562311887741 0.12095005065202713 -0.6761784553527832 -0.7267418503761292 -0.6254174709320068 0.8965094685554504 0.38874027132987976 -0.21248938143253326 -1.6604374647140503
0.4261895716190338 -0.6258546710014343 0.6531985402107239 0.011245254427194595 0.12092805653810501 -0.6761633157730103 -0.7267595529556274 -0.6253671050071716 0.8965148329734802 0.3887273669242859 -0.21249035000801086 -1.660492181777954
0.4261840879917145 -0.6258446574211121 0.6532117128372192 0.011174209415912628 0.12093676626682281 -0.6761733889579773 -0.7267487645149231 -0.625316858291626 0.8965162634849548 0.3887260854244232 -0.21248668432235718 -1.660542607307434
0.426236629486084 -0.6258128881454468 0.6532078981399536 0.011010573245584965 0.12093362212181091 -0.6761847734451294 -0.726738691329956 -0.6252421736717224 0.8964917063713074 0.38875746726989746 -0.2125328779220581 -1.6606842279434204
0.4262439012527466 -0.6258222460746765 0.6531941294670105 0.010935942642390728 0.12089813500642776 -0.676186203956604 -0.7267432808876038 -0.6251893043518066 0.8964930176734924 0.38873985409736633 -0.21255947649478912 -1.660733938217163
0.4261924922466278 -0.6258286833763123 0.6532215476036072 0.010936534963548183 0.1208006888628006 -0.6762461066246033 -0.7267037630081177 -0.6253305077552795 0.8965306282043457 0.38862529397010803 -0.21261045336723328 -1.6608000993728638
0.42618799209594727 -0.6258212924003601 0.6532315611839294 0.01086405012756586 0.12083947658538818 -0.6762396693229675 -0.7267032861709595 -0.625298798084259 0.8965275287628174 0.3886483609676361 -0.2125813066959381 -1.660860300064087
0.42617908120155334 -0.6258496046066284 0.6532102823257446 0.01079451572149992 0.12070634216070175 -0.6762701869010925 -0.7266970276832581 -0.6253056526184082 0.8965497016906738 0.38854968547821045 -0.21266816556453705 -1.6609596014022827
0.42607730627059937 -0.6259713172912598 0.653160035610199 0.011136778630316257 0.12068676948547363 -0.6761923432350159 -0.7267727255821228 -0.6254338026046753 0.8966007232666016 0.38848912715911865 -0.21256372332572937 -1.6606241464614868
0.4260927736759186 -0.6259546875953674 0.653165876865387 0.011068122461438179 0.12068811804056168 -0.6762027740478516 -0.7267627716064453 -0.6253921985626221 0.8965931534767151 0.3884977102279663 -0.21257981657981873 -1.6606824398040771
0.42606598138809204 -0.6259031891822815 0.6532326936721802 0.01079675555229187 0.12071401625871658 -0.6762617230415344 -0.7267035841941833 -0.625211775302887 0.8966023921966553 0.38847801089286804 -0.21257680654525757 -1.6608970165252686
0.4261157810688019 -0.6258388161659241 0.6532618999481201 0.01053564716130495 0.12079387903213501 -0.6762747764587402 -0.726678192615509 -0.6250075697898865 0.8965680003166199 0.3885590732097626 -0.2125738561153412 -1.661161184310913
0.42625415325164795 -0.6257669925689697 0.6532403826713562 0.01063312217593193 0.12076570093631744 -0.6763001084327698 -0.7266592979431152 -0.6251182556152344 0.8965060114860535 0.38863056898117065 -0.21270452439785004 -1.6611909866333008
0.4263824224472046 -0.6257131695747375 0.6532082557678223 0.010278466157615185 0.12062091380357742 -0.6763609051704407 -0.7266267538070679 -0.6249919533729553 0.896464467048645 0.38861146569252014 -0.21291430294513702 -1.6614699363708496
0.42643287777900696 -0.6257447600364685 0.6531450748443604 0.010216846130788326 0.12067115306854248 -0.6762796640396118 -0.7266940474510193 -0.6249331831932068 0.8964337706565857 0.3887019753456116 -0.2128785103559494 -1.661545753479004
0.42650389671325684 -0.6256857514381409 0.6531552672386169 0.010144460946321487 0.12060295045375824 -0.676340639591217 -0.7266485691070557 -0.624877393245697 0.8964091539382935 0.38869088888168335 -0.21300235390663147 -1.6616572141647339
0.4265669584274292 -0.6256672143936157 0.6531317830085754 0.010227006860077381 0.120606429874897 -0.6763293147087097 -0.7266585826873779 -0.6249340176582336 0.8963786363601685 0.3887404203414917 -0.21304023265838623 -1.6615759134292603
0.4265631437301636 -0.6256715059280396 0.6531301736831665 0.010169248096644878 0.12058819830417633 -0.6763342618942261 -0.726656973361969 -0.6248924732208252 0.8963829278945923 0.3887248635292053 -0.21305066347122192 -1.6616418361663818
0.4265044033527374 -0.625760018825531 0.6530837416648865 0.010262034833431244 0.1205509677529335 -0.6762802600860596 -0.7267134189605713 -0.6248266696929932 0.8964158892631531 0.38867634534835815 -0.21300052106380463 -1.6615568399429321
0.42642995715141296 -0.6257743239402771 0.6531186103820801 0.010498525574803352 0.120619036257267 -0.6762707829475403 -0.7267109751701355 -0.6248900294303894 0.896442174911499 0.38866984844207764 -0.21290180087089539 -1.661314845085144
0.4262755215167999 -0.6257905960083008 0.6532039046287537 0.010671048425137997 0.1207558885216713 -0.6762678623199463 -0.726690948009491 -0.6250385642051697 0.8964971899986267 0.38864877820014954 -0.21270853281021118 -1.6611357927322388
0.4261813461780548 -0.6258241534233093 0.6532331705093384 0.010885420255362988 0.12076747417449951 -0.6762709021568298 -0.7266861796379089 -0.6251614093780518 0.8965404033660889 0.38858941197395325 -0.21263481676578522 -1.660902500152588
0.4262048900127411 -0.6257537007331848 0.6532853245735168 0.010673359967768192 0.12082774937152863 -0.6763117909431458 -0.7266380786895752 -0.6250938773155212 0.8965210914611816 0.3886317014694214 -0.2126389741897583 -1.6610702276229858
0.4261363446712494 -0.6257981061935425 0.6532874703407288 0.010709840804338455 0.12070286273956299 -0.6763495802879333 -0.7266237139701843 -0.6251975893974304 0.8965704441070557 0.38849443197250366 -0.21268150210380554 -1.6610544919967651
0.4259413778781891 -0.625990629196167 0.6532301306724548 0.011104854755103588 0.12065934389829636 -0.6762481927871704 -0.7267252802848816 -0.6253311038017273 0.8966689705848694 0.3883606791496277 -0.21251046657562256 -1.6606343984603882
0.42599597573280334 -0.6259498000144958 0.6532337069511414 0.011254562065005302 0.12078428268432617 -0.6762132048606873 -0.7267370820045471 -0.6253927946090698 0.8966262340545654 0.38848742842674255 -0.21245917677879333 -1.6605397462844849
0.42604440450668335 -0.6258839964866638 0.6532651782035828 0.010973654687404633 0.12084092199802399 -0.6762385368347168 -0.7267041206359863 -0.6252509951591492 0.8965955972671509 0.3885493576526642 -0.2124752253293991 -1.6607860326766968
0.426137775182724 -0.6258856058120728 0.6532027125358582 0.011037560179829597 0.12087585031986237 -0.6761766076087952 -0.7267559170722961 -0.6253169775009155 0.896546483039856 0.38865458965301514 -0.21248991787433624 -1.6607409715652466
0.4262091815471649 -0.6258837580680847 0.6531579494476318 0.010950646363198757 0.12085069715976715 -0.6761550903320312 -0.726780116558075 -0.625301718711853 0.896515965461731 0.3886949419975281 -0.2125450074672699 -1.6608065366744995
0.4262275993824005 -0.6258739233016968 0.6531553268432617 0.010893072001636028 0.1208529993891716 -0.6761561632156372 -0.7267787456512451 -0.6252694129943848 0.8965068459510803 0.3887089490890503 -0.21255765855312347 -1.6608691215515137
0.4263070821762085 -0.6258574724197388 0.6531192064285278 0.010737928561866283 0.12092398852109909 -0.6761053204536438 -0.7268142104148865 -0.6252010464668274 0.8964595198631287 0.38882380723953247 -0.21254727244377136 -1.6610394716262817
0.4263688623905182 -0.625876247882843 0.6530608534812927 0.010611972771584988 0.12088486552238464 -0.6760715842247009 -0.7268521189689636 -0.6251672506332397 0.8964353799819946 0.3888522982597351 -0.21259687840938568 -1.6611487865447998
0.42635607719421387 -0.6258838176727295 0.6530619859695435 0.010577067732810974 0.12087973207235336 -0.6760715842247009 -0.7268530130386353 -0.6251524686813354 0.896442174911499 0.3888401389122009 -0.2125905305147171 -1.6611878871917725
0.42636778950691223 -0.6259270906448364 0.6530128121376038 0.010925441049039364 0.12076608091592789 -0.6760669946670532 -0.7268761396408081 -0.6253179311752319 0.8964518904685974 0.38877835869789124 -0.21266241371631622 -1.6609091758728027
0.42635634541511536 -0.6259372234344482 0.6530106067657471 0.010880072601139545 0.12076956033706665 -0.6760597229003906 -0.72688227891922 -0.6252957582473755 0.8964568972587585 0.38877466320991516 -0.2126481831073761 -1.6609667539596558
0.42630311846733093 -0.6259891986846924 0.6529955267906189 0.01113145798444748 0.12076690047979355 -0.6760287284851074 -0.7269115447998047 -0.6253910064697266 0.8964825868606567 0.38874492049217224 -0.21259437501430511 -1.6606731414794922
0.42629632353782654 -0.6259830594062805 0.653005838394165 0.011098658666014671 0.12078721821308136 -0.6760300397872925 -0.7269070148468018 -0.6253703236579895 0.8964830636978149 0.3887525200843811 -0.21257834136486053 -1.6607087850570679
0.42623457312583923 -0.6260837912559509 0.6529495716094971 0.011407559737563133 0.12075329571962357 -0.6759624481201172 -0.7269755005836487 -0.6255403757095337 0.8965169787406921 0.3887079060077667 -0.2125168740749359 -1.6603657007217407
0.42618703842163086 -0.6260485053062439 0.6530144810676575 0.011208350770175457 0.12074581533670425 -0.6760278940200806 -0.7269158363342285 -0.6254400014877319 0.8965405821800232 0.3886508643627167 -0.21252158284187317 -1.66048264503479
0.4261949062347412 -0.6260342001914978 0.6530230045318604 0.01116342842578888 0.12074097990989685 -0.6760420799255371 -0.72690349817276 -0.6254183053970337 0.8965374827384949 0.38864919543266296 -0.21253767609596252 -1.6605031490325928
0.4261268377304077 -0.6261074542999268 0.6529971957206726 0.011537924408912659 0.12066804617643356 -0.6760250329971313 -0.7269314527511597 -0.6256446838378906 0.8965796828269958 0.3885608911514282 -0.21252122521400452 -1.6602061986923218
0.42609748244285583 -0.6261588335037231 0.652967095375061 0.011782361194491386 0.12056896835565567 -0.6760249137878418 -0.7269479632377625 -0.6257777214050293 0.896606981754303 0.38847827911376953 -0.21255718171596527 -1.659997582435608
0.4260927736759186 -0.626160740852356 0.6529683470726013 0.011763743124902248 0.12058456987142563 -0.6760182976722717 -0.726951539516449 -0.6257724165916443 0.8966071009635925 0.38848668336868286 -0.21254117786884308 -1.6600143909454346
0.4261261224746704 -0.6260936260223389 0.6530109643936157 0.011518068611621857 0.12061361223459244 -0.6760643720626831 -0.7269039154052734 -0.6255766153335571 0.8965873122215271 0.38851475715637207 -0.21257326006889343 -1.6602091789245605
0.42612573504447937 -0.6260744333267212 0.6530295610427856 0.011706524528563023 0.12064157426357269 -0.6760737299919128 -0.726890504360199 -0.6256929039955139 0.8965837359428406 0.3885292708873749 -0.21256180107593536 -1.6600396633148193
0.4262159466743469 -0.6259978413581848 0.6530441641807556 0.01164274848997593 0.12068145722150803 -0.6760982871055603 -0.7268611192703247 -0.6256949305534363 0.8965355157852173 0.3886100947856903 -0.21261750161647797 -1.6601107120513916
0.4261845350265503 -0.6259928941726685 0.6530693769454956 0.011613477021455765 0.12066389620304108 -0.6761265397071838 -0.7268377542495728 -0.6256823539733887 0.8965528011322021 0.3885688781738281 -0.21261990070343018 -1.660125970840454
0.4262503385543823 -0.6260677576065063 0.652954638004303 0.011831481009721756 0.12074197083711624 -0.6759775280952454 -0.7269633412361145 -0.6257243752479553 0.8965110182762146 0.38870739936828613 -0.21254298090934753 -1.6599715948104858
0.42623332142829895 -0.6260764598846436 0.6529574394226074 0.011819899082183838 0.1207285150885582 -0.6759819388389587 -0.7269614338874817 -0.6257070899009705 0.8965209126472473 0.38868576288223267 -0.21254073083400726 -1.6599935293197632
0.4263570010662079 -0.6260938048362732 0.6528600454330444 0.011952612549066544 0.12078946828842163 -0.6758764386177063 -0.7270494103431702 -0.6257604360580444 0.8964539170265198 0.3888412415981293 -0.21253909170627594 -1.6598914861679077
0.426310658454895 -0.6261104941368103 0.6528742909431458 0.011886813677847385 0.12070002406835556 -0.6759190559387207 -0.7270246744155884 -0.6258390545845032 0.8964880108833313 0.38874030113220215 -0.21257992088794708 -1.659881353378296
0.42631247639656067 -0.626092255115509 0.6528905630111694 0.011861576698720455 0.12071002274751663 -0.6759341359138489 -0.7270089983940125 -0.6258334517478943 0.8964857459068298 0.38874346017837524 -0.2125835120677948 -1.659896731376648
0.4262683093547821 -0.6261065602302551 0.6529057025909424 0.012058003805577755 0.1205986961722374 -0.6759877800941467 -0.7269775867462158 -0.6259431838989258 0.8965217471122742 0.3886270821094513 -0.2126445174217224 -1.6597187519073486
0.4262416660785675 -0.6261012554168701 0.6529282331466675 0.012042081914842129 0.12064683437347412 -0.6759857535362244 -0.7269715070724487 -0.6259410381317139 0.8965279459953308 0.38863927125930786 -0.212596133351326 -1.6597354412078857
0.42623522877693176 -0.6260974407196045 0.6529360413551331 0.011906294152140617 0.12053447961807251 -0.6760417222976685 -0.7269380688667297 -0.6258774995803833 0.8965461254119873 0.3885478973388672 -0.2126864492893219 -1.6598650217056274
0.4262833595275879 -0.62603759765625 0.6529620289802551 0.011796848848462105 0.12054184079170227 -0.6760820150375366 -0.7268993854522705 -0.6258074641227722 0.8965222239494324 0.38857436180114746 -0.2127387523651123 -1.659981369972229
0.4263322651386261 -0.6260133981704712 0.6529532670974731 0.01163704413920641 0.12060293555259705 -0.6760587692260742 -0.7269108295440674 -0.6256614923477173 0.896490752696991 0.38865360617637634 -0.21272659301757812 -1.660126805305481
0.42631280422210693 -0.6260039210319519 0.6529750823974609 0.011608685366809368 0.12064612656831741 -0.6760600209236145 -0.7269025444984436 -0.6256344318389893 0.8964942097663879 0.3886667788028717 -0.21268807351589203 -1.6601444482803345
0.4262631833553314 -0.6259970664978027 0.653014063835144 0.011611470021307468 0.12073212116956711 -0.6760543584823608 -0.7268935441970825 -0.6255629658699036 0.8965062499046326 0.38868772983551025 -0.21259911358356476 -1.6601362228393555
0.4262578785419464 -0.6259515881538391 0.6530610918998718 0.011389224790036678 0.12076351791620255 -0.6760938763618469 -0.7268515229225159 -0.6254342794418335 0.8965045213699341 0.38869214057922363 -0.21259820461273193 -1.660343885421753
0.4262096583843231 -0.625899076461792 0.6531428694725037 0.01126494724303484 0.12082038074731827 -0.676150918006897 -0.7267889976501465 -0.6253328919410706 0.8965197801589966 0.3886774480342865 -0.21256066858768463 -1.6604859828948975
0.4261602461338043 -0.6259582042694092 0.6531184911727905 0.011492094025015831 0.12082654982805252 -0.676106333732605 -0.7268295288085938 -0.6254240870475769 0.8965424299240112 0.38865989446640015 -0.21249724924564362 -1.6602561473846436
0.42618924379348755 -0.6259363889694214 0.6531204581260681 0.01173761859536171 0.12083486467599869 -0.6761130094528198 -0.7268218994140625 -0.6256192326545715 0.8965275287628174 0.38868337869644165 -0.2125171273946762 -1.6600886583328247
0.4262954294681549 -0.6258730888366699 0.6531118750572205 0.011674733832478523 0.12091095000505447 -0.6760992407798767 -0.7268220782279968 -0.6255864500999451 0.8964667916297913 0.3888092637062073 -0.2125430852174759 -1.660151720046997
0.4263767600059509 -0.6257736682891846 0.6531540155410767 0.01162878517061472 0.12093455344438553 -0.6761603355407715 -0.7267612814903259 -0.6256466507911682 0.8964249491691589 0.3888629972934723 -0.21262139081954956 -1.6601786613464355
0.4263574481010437 -0.6257701516151428 0.6531699895858765 0.011596324853599072 0.12093952298164368 -0.6761714220046997 -0.7267501354217529 -0.625626802444458 0.8964334726333618 0.3888494074344635 -0.2126103788614273 -1.6602087020874023
0.42634567618370056 -0.6257545948028564 0.6531925201416016 0.011552942916750908 0.12082583457231522 -0.6762437224388123 -0.7267017960548401 -0.6256690621376038 0.896454393863678 0.3887487053871155 -0.21270623803138733 -1.660217523574829
0.4262472093105316 -0.6258039474487305 0.6532095670700073 0.011711644940078259 0.12076497077941895 -0.6762626767158508 -0.7266942262649536 -0.6257731318473816 0.8965094089508057 0.3886362314224243 -0.2126798778772354 -1.6600737571716309
0.42627835273742676 -0.6257795691490173 0.6532126069068909 0.011680015362799168 0.12076940387487411 -0.6762729287147522 -0.726684033870697 -0.6257658004760742 0.8964940309524536 0.38865774869918823 -0.21270544826984406 -1.6601018905639648
0.4263726472854614 -0.6258031725883484 0.6531283855438232 0.0115701574832201 0.12080996483564377 -0.6761835217475891 -0.7267604470252991 -0.6256351470947266 0.8964436650276184 0.38877519965171814 -0.2127028852701187 -1.660237193107605
0.4263700246810913 -0.6258111000061035 0.6531225442886353 0.011543042957782745 0.12082615494728088 -0.6761689782142639 -0.7267712950706482 -0.625618040561676 0.8964427709579468 0.38878777623176575 -0.21268382668495178 -1.6602703332901
0.42636507749557495 -0.6258214116096497 0.6531158685684204 0.01151574868708849 0.1208016499876976 -0.6761705279350281 -0.7267739176750183 -0.6255977749824524 0.8964484333992004 0.3887684941291809 -0.21269522607326508 -1.6603069305419922
0.4263503849506378 -0.6258333921432495 0.6531139612197876 0.011507146060466766 0.12081851065158844 -0.6761569380760193 -0.7267837524414062 -0.6255782246589661 0.8964531421661377 0.38877278566360474 -0.21266748011112213 -1.6603047847747803
0.426294207572937 -0.6258649230003357 0.6531204581260681 0.011794181540608406 0.12082468718290329 -0.6761463284492493 -0.7267926335334778 -0.625706672668457 0.8964790105819702 0.38874053955078125 -0.21261730790138245 -1.660029411315918
0.42637860774993896 -0.6258289813995361 0.653099775314331 0.011575674638152122 0.1208784431219101 -0.67612224817276 -0.726806104183197 -0.6255896687507629 0.8964316248893738 0.3888402581214905 -0.21263480186462402 -1.6602216958999634
0.42636606097221375 -0.6258294582366943 0.6531075239181519 0.011542039923369884 0.1208890974521637 -0.6761231422424316 -0.7268034815788269 -0.6255657076835632 0.8964361548423767 0.38883790373802185 -0.21261997520923615 -1.660252332687378
0.4261709451675415 -0.6260101795196533 0.6530616879463196 0.011883671395480633 0.12076449394226074 -0.6760702133178711 -0.7268733978271484 -0.6257527470588684 0.8965457081794739 0.388638973236084 -0.21252165734767914 -1.6599258184432983
0.42618685960769653 -0.6260149478912354 0.653046727180481 0.011863527819514275 0.1207476556301117 -0.6760645508766174 -0.7268814444541931 -0.6257333755493164 0.8965404033660889 0.3886411786079407 -0.21253998577594757 -1.6599504947662354
0.42607370018959045 -0.6261112689971924 0.6530282497406006 0.012041980400681496 0.12055180221796036 -0.6760967969894409 -0.7268840074539185 -0.6258428692817688 0.8966205716133118 0.3884298801422119 -0.21258819103240967 -1.6597650051116943
0.42609718441963196 -0.6261051893234253 0.6530187726020813 0.012027250602841377 0.12055312842130661 -0.6760916709899902 -0.7268885374069214 -0.6258266568183899 0.8966092467308044 0.3884485960006714 -0.21260181069374084 -1.6597806215286255
0.4260624945163727 -0.6261138916015625 0.6530330181121826 0.01211005263030529 0.1206468790769577 -0.6760580539703369 -0.7269042134284973 -0.6258870959281921 0.8966131210327148 0.38849300146102905 -0.21250426769256592 -1.6597145795822144
0.4261102080345154 -0.6260004043579102 0.653110682964325 0.01209433563053608 0.12064849585294724 -0.6761606931686401 -0.726808488368988 -0.6259174346923828 0.8965902328491211 0.38849735260009766 -0.2125929445028305 -1.6597093343734741
0.42610329389572144 -0.626004159450531 0.6531116366386414 0.012078976258635521 0.12065150588750839 -0.6761585474014282 -0.7268099784851074 -0.6259079575538635 0.8965930938720703 0.3884950280189514 -0.21258501708507538 -1.659727931022644
0.42615965008735657 -0.6260173916816711 0.6530621647834778 0.012238298542797565 0.1205672025680542 -0.6761531233787537 -0.7268289923667908 -0.6259772777557373 0.8965776562690735 0.38848307728767395 -0.21267201006412506 -1.659594178199768
0.42614462971687317 -0.6260082721710205 0.6530807018280029 0.012231471948325634 0.1205921471118927 -0.6761597394943237 -0.7268187403678894 -0.6259657740592957 0.8965814113616943 0.3884862959384918 -0.2126501500606537 -1.659610629081726
0.4261867105960846 -0.6259781122207642 0.6530821323394775 0.01215150486677885 0.1206267699599266 -0.6761580109596252 -0.7268145680427551 -0.625921368598938 0.8965567946434021 0.3885379135608673 -0.2126598209142685 -1.6596614122390747
0.42621973156929016 -0.6259188652038574 0.6531174182891846 0.011969071812927723 0.12056992202997208 -0.676232635974884 -0.7267546057701111 -0.6258537769317627 0.8965487480163574 0.38850343227386475 -0.2127566933631897 -1.6597999334335327
0.42621758580207825 -0.6259148716926575 0.65312260389328 0.01193549856543541 0.12057912349700928 -0.6762341260910034 -0.7267516851425171 -0.6258330345153809 0.8965485095977783 0.38850730657577515 -0.2127506136894226 -1.6598221063613892
0.4262669086456299 -0.6259239315986633 0.6530817151069641 0.011852693744003773 0.12056011706590652 -0.67620849609375 -0.7267786860466003 -0.6257858872413635 0.8965275883674622 0.38853731751441956 -0.2127838134765625 -1.6598970890045166
0.42631906270980835 -0.6259546279907227 0.6530182957649231 0.011795055121183395 0.12055660784244537 -0.6761507391929626 -0.7268329858779907 -0.6257690191268921 0.8965032696723938 0.38858842849731445 -0.21279296278953552 -1.6599713563919067
0.42630288004875183 -0.6259476542472839 0.6530355215072632 0.011762572452425957 0.12058376520872116 -0.6761544942855835 -0.7268249988555908 -0.6257407665252686 0.8965073227882385 0.38859307765960693 -0.21276746690273285 -1.6599993705749512
0.4261365234851837 -0.6259995698928833 0.6530942916870117 0.011697678826749325 0.12070600688457489 -0.6761239767074585 -0.7268331050872803 -0.6256803870201111 0.8965699672698975 0.38856253027915955 -0.21255920827388763 -1.6601017713546753
0.42607808113098145 -0.6258917450904846 0.6532357335090637 0.011545677669346333 0.1209118515253067 -0.6761829257011414 -0.7267440557479858 -0.6255196332931519 0.8965700268745422 0.3886336386203766 -0.2124289572238922 -1.6602399349212646
0.4261903762817383 -0.6258333921432495 0.6532184481620789 0.011613741517066956 0.12085617333650589 -0.676217794418335 -0.7267208695411682 -0.6255672574043274 0.8965241312980652 0.38866689801216125 -0.21256166696548462 -1.6602020263671875
0.42615336179733276 -0.6258084774017334 0.653266429901123 0.011450125835835934 0.12084220349788666 -0.6762694716453552 -0.7266750931739807 -0.6255381107330322 0.8965436220169067 0.3886171877384186 -0.2125704288482666 -1.6603466272354126
0.4260954260826111 -0.6258037090301514 0.6533088088035583 0.011506232433021069 0.12083171308040619 -0.676307201385498 -0.7266417145729065 -0.6255391836166382 0.8965725302696228 0.38855913281440735 -0.212554469704628 -1.6603327989578247
0.4260455071926117 -0.6257762312889099 0.6533676981925964 0.011720405891537666 0.1208113431930542 -0.6763706803321838 -0.7265860438346863 -0.6256363391876221 0.8965990543365479 0.3884929418563843 -0.21256379783153534 -1.6600700616836548
0.426034539937973 -0.6257838606834412 0.6533675193786621 0.011686248704791069 0.12082457542419434 -0.6763617396354675 -0.7265921831130981 -0.6256051659584045 0.8966024518013 0.38849619030952454 -0.21254335343837738 -1.6601017713546753
0.42598047852516174 -0.6258123517036438 0.6533754467964172 0.011623725295066833 0.1208740696310997 -0.6763346791267395 -0.7266091108322144 -0.625546932220459 0.8966214656829834 0.3884974420070648 -0.21246086061000824 -1.660141110420227
0.4259657561779022 -0.6258640885353088 0.6533355712890625 0.011864261701703072 0.1209099292755127 -0.6762686967849731 -0.7266645431518555 -0.6257034540176392 0.8966236114501953 0.388528972864151 -0.2123941034078598 -1.6599246263504028
0.4259710907936096 -0.6258494257926941 0.653346061706543 0.011817920953035355 0.12093944102525711 -0.6762695908546448 -0.726658821105957 -0.6256611943244934 0.8966171145439148 0.38855093717575073 -0.21238140761852264 -1.65997314453125
0.42610618472099304 -0.6258144378662109 0.6532915234565735 0.011810624971985817 0.1208910122513771 -0.6762644052505493 -0.7266716957092285 -0.6257043480873108 0.896559476852417 0.3886163532733917 -0.21250508725643158 -1.6600124835968018
0.42610612511634827 -0.625857949256897 0.6532498598098755 0.011819351464509964 0.12088865786790848 -0.6762170791625977 -0.726716160774231 -0.6257041096687317 0.8965598344802856 0.38862869143486023 -0.2124810814857483 -1.6599822044372559
0.42611104249954224 -0.6258609294891357 0.6532437801361084 0.011781785637140274 0.12089455127716064 -0.6762087941169739 -0.7267228960990906 -0.6256753206253052 0.8965566754341125 0.3886382579803467 -0.21247681975364685 -1.660020351409912
0.4260333478450775 -0.6259356141090393 0.653222918510437 0.011925901286303997 0.12080538272857666 -0.6762018203735352 -0.7267441749572754 -0.6257586479187012 0.8966056108474731 0.38853010535240173 -0.21246811747550964 -1.6598842144012451
0.42602458596229553 -0.6259331107139587 0.6532310247421265 0.011888986453413963 0.12083148211240768 -0.6761975288391113 -0.7267438173294067 -0.625730574131012 0.8966062664985657 0.3885416090488434 -0.21244432032108307 -1.6599195003509521
0.4260871112346649 -0.6258939504623413 0.6532278060913086 0.012006363831460476 0.12083067744970322 -0.6762112975120544 -0.7267311215400696 -0.6258060932159424 0.8965766429901123 0.38858070969581604 -0.21249771118164062 -1.6598196029663086
0.4261641204357147 -0.6258630752563477 0.6532071232795715 0.0120800556614995 0.12078480422496796 -0.676228404045105 -0.7267228960990906 -0.6258571743965149 0.8965462446212769 0.3886007070541382 -0.21258951723575592 -1.6597317457199097
0.4261181652545929 -0.6259133219718933 0.653188943862915 0.012133928947150707 0.12068676203489304 -0.6762371063232422 -0.7267310619354248 -0.6259151697158813 0.8965812921524048 0.3885045647621155 -0.21261745691299438 -1.6596790552139282
0.4261293113231659 -0.6259077191352844 0.6531870365142822 0.012094232253730297 0.12069222331047058 -0.6762356162071228 -0.726731538772583 -0.6258890628814697 0.8965752720832825 0.3885161876678467 -0.21262161433696747 -1.6597129106521606
0.4260120093822479 -0.6259568333625793 0.6532164812088013 0.012027912773191929 0.12066738307476044 -0.67624831199646 -0.726723849773407 -0.6258627772331238 0.8966343402862549 0.38841500878334045 -0.21255730092525482 -1.6597318649291992
0.42602482438087463 -0.6259486079216003 0.6532160043716431 0.011987349949777126 0.12068573385477066 -0.6762433052062988 -0.7267254590988159 -0.6258398294448853 0.8966257572174072 0.3884369134902954 -0.21255335211753845 -1.6597622632980347
0.4259229600429535 -0.6260079741477966 0.6532255411148071 0.012093400582671165 0.12073823064565659 -0.6762036085128784 -0.7267536520957947 -0.6259036064147949 0.8966671228408813 0.388410359621048 -0.2124275416135788 -1.6596530675888062
0.42588329315185547 -0.6259734630584717 0.65328449010849 0.012041041627526283 0.12082944810390472 -0.6762216091156006 -0.7267217636108398 -0.6258211135864258 0.8966736793518066 0.38843464851379395 -0.21235541999340057 -1.659666657447815
0.4259268641471863 -0.6260017156600952 0.6532289981842041 0.011992238461971283 0.12069626152515411 -0.6762268543243408 -0.7267389893531799 -0.6258822083473206 0.8966708779335022 0.3883799612522125 -0.21246710419654846 -1.6597599983215332
0.4258817136287689 -0.626024067401886 0.6532370448112488 0.012079612351953983 0.12075558304786682 -0.6761981248855591 -0.7267559170722961 -0.6259022951126099 0.8966843485832214 0.3883940577507019 -0.21238449215888977 -1.6596999168395996
0.42610299587249756 -0.6259878873825073 0.6531273722648621 0.012020349502563477 0.12080952525138855 -0.6761083006858826 -0.7268305420875549 -0.6258326768875122 0.896571934223175 0.3886086642742157 -0.21246643364429474 -1.6598427295684814
0.425895094871521 -0.6262262463569641 0.653034508228302 0.012025895528495312 0.1205434575676918 -0.6760585308074951 -0.7269209623336792 -0.6258580088615417 0.8967065215110779 0.38831111788749695 -0.21244250237941742 -1.6597622632980347
0.42588454484939575 -0.6262134313583374 0.6530536413192749 0.011962494812905788 0.12061425298452377 -0.6760472059249878 -0.7269197106361389 -0.6257423758506775 0.8967020511627197 0.3883514702320099 -0.2123877853155136 -1.659784197807312
0.4257415533065796 -0.6263275146484375 0.6530374884605408 0.01207592710852623 0.12061913311481476 -0.6759870052337646 -0.7269749045372009 -0.6258400082588196 0.8967692852020264 0.388272225856781 -0.21224865317344666 -1.6596928834915161
0.4257657527923584 -0.6262921094894409 0.6530556678771973 0.01206097099930048 0.12069094181060791 -0.675983726978302 -0.7269660830497742 -0.6257697939872742 0.8967481255531311 0.3883351683616638 -0.21222291886806488 -1.6596765518188477
0.42581072449684143 -0.6262362599372864 0.6530799269676208 0.011846489273011684 0.12079993635416031 -0.6759769916534424 -0.7269542217254639 -0.6256842017173767 0.8967121243476868 0.3884369134902954 -0.21218891441822052 -1.659873127937317
0.4258663058280945 -0.62614905834198 0.6531272530555725 0.011614897288382053 0.12091064453125 -0.6759992241859436 -0.7269151210784912 -0.6255698204040527 0.8966707587242126 0.3885386884212494 -0.21217720210552216 -1.660110592842102
0.4258512556552887 -0.6261656284332275 0.6531211733818054 0.01155637577176094 0.1209036111831665 -0.6759911179542542 -0.7269238829612732 -0.6255208849906921 0.8966788649559021 0.38852614164352417 -0.2121659517288208 -1.660160779953003
0.42599865794181824 -0.6261553168296814 0.6530349254608154 0.011395968496799469 0.12095072120428085 -0.675911009311676 -0.7269904613494873 -0.625469446182251 0.8966025114059448 0.3886820077896118 -0.2122032344341278 -1.6603622436523438
0.4259987473487854 -0.6260792016983032 0.6531078815460205 0.011186669580638409 0.12097624689340591 -0.6759847402572632 -0.7269176840782166 -0.6253889799118042 0.8965989947319031 0.38867655396461487 -0.21222791075706482 -1.660539150238037
0.42600899934768677 -0.6260632276535034 0.6531164646148682 0.01111780758947134 0.12098103761672974 -0.675995409488678 -0.726906955242157 -0.6253454685211182 0.8965935111045837 0.38868361711502075 -0.2122383415699005 -1.660598874092102
0.42598915100097656 -0.6260626912117004 0.6531299352645874 0.01104949414730072 0.12101217359304428 -0.6759921312332153 -0.7269048094749451 -0.6252990961074829 0.896598756313324 0.3886902332305908 -0.21220408380031586 -1.660657286643982
0.4259779751300812 -0.6261333227157593 0.6530694961547852 0.011331167072057724 0.12087832391262054 -0.6759768724441528 -0.7269412875175476 -0.6254252195358276 0.8966221213340759 0.3886029124259949 -0.21226529777050018 -1.6604734659194946
0.4260219931602478 -0.6261417865753174 0.653032660484314 0.011547376401722431 0.12077611684799194 -0.6759905219078064 -0.7269455790519714 -0.6255683898925781 0.8966149687767029 0.3885655403137207 -0.2123638391494751 -1.660277009010315
0.42596644163131714 -0.6261734962463379 0.653038501739502 0.011623420752584934 0.12079828232526779 -0.6759724020957947 -0.7269587516784668 -0.6255912184715271 0.8966383337974548 0.3885459303855896 -0.2123008519411087 -1.66015625
0.42597129940986633 -0.6261888146400452 0.6530206799507141 0.011579165235161781 0.12078338116407394 -0.6759595274925232 -0.7269731760025024 -0.6255576014518738 0.896638035774231 0.3885437548160553 -0.21230612695217133 -1.6601959466934204
0.42592930793762207 -0.6261754631996155 0.6530608534812927 0.01170571893453598 0.12089423090219498 -0.6759465932846069 -0.7269667983055115 -0.6256824731826782 0.8966430425643921 0.3885877728462219 -0.2122044563293457 -1.6600821018218994
0.42590275406837463 -0.6262052059173584 0.6530497074127197 0.011664965189993382 0.1208791434764862 -0.6759328246116638 -0.726982057094574 -0.6256581544876099 0.8966577053070068 0.38856375217437744 -0.21218650043010712 -1.6601219177246094
0.42592737078666687 -0.6262277960777283 0.6530119776725769 0.01179173868149519 0.12079385668039322 -0.675932765007019 -0.7269963026046753 -0.6257935166358948 0.8966575264930725 0.38852745294570923 -0.21225377917289734 -1.6599829196929932
0.4259820282459259 -0.6261764764785767 0.6530254483222961 0.011704723350703716 0.12072762101888657 -0.6759921908378601 -0.726952075958252 -0.6257848739624023 0.8966404795646667 0.3885067403316498 -0.21236370503902435 -1.660051703453064
0.4259774684906006 -0.626185417175293 0.653019905090332 0.011664656922221184 0.12071941792964935 -0.6759880185127258 -0.7269573211669922 -0.6257770657539368 0.8966437578201294 0.3884996175765991 -0.21236290037631989 -1.6600902080535889
0.4259496331214905 -0.6262108683586121 0.6530136466026306 0.011990554630756378 0.12060480564832687 -0.6760227680206299 -0.7269440293312073 -0.6259042620658875 0.8966723680496216 0.38839811086654663 -0.21242757141590118 -1.6598188877105713
0.42593544721603394 -0.6262036561965942 0.6530298590660095 0.01196762453764677 0.12063480168581009 -0.6760246753692627 -0.7269372940063477 -0.6258936524391174 0.8966751098632812 0.3884064853191376 -0.212400883436203 -1.659851312637329
0.4259519875049591 -0.626131534576416 0.6530882120132446 0.011966328136622906 0.12074989825487137 -0.6760470867156982 -0.7268972992897034 -0.625810980796814 0.8966517448425293 0.3884836733341217 -0.2123582810163498 -1.6598631143569946
