# 3x4 first row second row third row Freq: 100 current Time: 2021-07-31-20:49:11
0.5197121500968933 0.21968431770801544 0.825613796710968 0.027242133393883705 0.41212818026542664 -0.9109666347503662 -0.017033293843269348 -0.8186877369880676 0.7483646273612976 0.3491111099720001 -0.5639784932136536 -1.503088116645813
0.5197104215621948 0.21966448426246643 0.8256201148033142 0.02722105383872986 0.412108838558197 -0.9109752178192139 -0.01703972928225994 -0.8186858892440796 0.7483764886856079 0.34910106658935547 -0.5639690160751343 -1.503097653388977
0.5197345018386841 0.21976658701896667 0.8255777955055237 0.02732294239103794 0.41222459077835083 -0.9109231233596802 -0.01702669821679592 -0.8187207579612732 0.7482960224151611 0.34917283058166504 -0.5640313029289246 -1.503050446510315
0.5197096467018127 0.21978265047073364 0.825589120388031 0.02731388621032238 0.41224217414855957 -0.9109154939651489 -0.017009425908327103 -0.8187212944030762 0.7483035922050476 0.3491826355457306 -0.5640152096748352 -1.5030609369277954
0.5196641087532043 0.21964547038078308 0.8256543278694153 0.027309363707900047 0.41211673617362976 -0.9109715819358826 -0.01704283244907856 -0.8187070488929749 0.748404324054718 0.3491225242614746 -0.5639187693595886 -1.5030637979507446
0.519661009311676 0.21966208517551422 0.8256518244743347 0.027300676330924034 0.4121197760105133 -0.9109705686569214 -0.017025189474225044 -0.8187013268470764 0.7484047412872314 0.3491147756576538 -0.5639229416847229 -1.5030711889266968
0.5197197198867798 0.219474196434021 0.8256648778915405 0.027291087433695793 0.4120117425918579 -0.9110165238380432 -0.01718132011592388 -0.8186182379722595 0.7484234571456909 0.3491131067276001 -0.5638991594314575 -1.5030871629714966
0.5198038816452026 0.21961349248886108 0.8255748152732849 0.027246486395597458 0.4120599031448364 -0.91099613904953 -0.017107214778661728 -0.8185961246490479 0.748338520526886 0.3490786850452423 -0.5640332102775574 -1.5031203031539917
0.5197250247001648 0.21965251863002777 0.8256140947341919 0.02702370099723339 0.41202470660209656 -0.9110140800476074 -0.016997041180729866 -0.8184841275215149 0.7484126687049866 0.34900718927383423 -0.5639790892601013 -1.5033310651779175
0.5198506116867065 0.2196081131696701 0.8255468606948853 0.026847785338759422 0.4120181202888489 -0.9110150337219238 -0.01710573397576809 -0.8183827996253967 0.7483290433883667 0.3490327000617981 -0.5640742182731628 -1.5035560131072998
0.519797146320343 0.2195703089237213 0.8255906105041504 0.027093930169939995 0.4120175242424011 -0.9110150337219238 -0.017119446769356728 -0.8184775710105896 0.7483665347099304 0.3490564525127411 -0.5640097856521606 -1.503363013267517
0.5197995901107788 0.21957425773143768 0.8255879878997803 0.027081172913312912 0.41201329231262207 -0.9110170602798462 -0.017113178968429565 -0.8184614181518555 0.7483671307563782 0.3490486443042755 -0.5640138387680054 -1.5033832788467407
0.5198720693588257 0.219621941447258 0.8255296349525452 0.027006536722183228 0.4120748043060303 -0.9109886884689331 -0.01714424416422844 -0.8183681964874268 0.7482829093933105 0.3490927815437317 -0.5640982389450073 -1.5035227537155151
0.5198467969894409 0.21963325142860413 0.8255425691604614 0.027096817269921303 0.41206926107406616 -0.9109917283058167 -0.017114542424678802 -0.8184356689453125 0.7483035922050476 0.34907764196395874 -0.5640802383422852 -1.5034066438674927
0.5198452472686768 0.21963238716125488 0.8255437612533569 0.02708074264228344 0.4120604991912842 -0.9109958410263062 -0.017108114436268806 -0.8184141516685486 0.7483094334602356 0.3490675389766693 -0.564078688621521 -1.5034382343292236
0.5198156237602234 0.21979807317256927 0.8255183100700378 0.027215035632252693 0.41210421919822693 -0.910979151725769 -0.016942990943789482 -0.8185319900512695 0.7483059763908386 0.3490068316459656 -0.564120888710022 -1.5032020807266235
0.5197976231575012 0.21996796131134033 0.8254843950271606 0.027258306741714478 0.4122103452682495 -0.910933256149292 -0.016826240345835686 -0.8186129927635193 0.7482600212097168 0.34901943802833557 -0.5641739964485168 -1.5031274557113647
0.5197880268096924 0.219960555434227 0.8254924416542053 0.027242744341492653 0.4122072756290436 -0.9109346270561218 -0.016827186569571495 -0.8186079859733582 0.7482683658599854 0.3490205705165863 -0.5641622543334961 -1.5031358003616333
0.5197567939758301 0.2200756072998047 0.8254814147949219 0.027288882061839104 0.41232460737228394 -0.9108825325965881 -0.01677260361611843 -0.8186615705490112 0.7482254505157471 0.3490839898586273 -0.5641799569129944 -1.5031118392944336
0.5197699666023254 0.22006827592849731 0.8254750967025757 0.02727094665169716 0.4123148024082184 -0.910886824131012 -0.016780082136392593 -0.818656325340271 0.7482216954231262 0.34907740354537964 -0.5641890168190002 -1.5031236410140991
0.5196678638458252 0.22015178203582764 0.8255171179771423 0.027337808161973953 0.4124283492565155 -0.9108365178108215 -0.0167209692299366 -0.8187108635902405 0.7482300400733948 0.3491560220718384 -0.5641292929649353 -1.503057837486267
0.5196712017059326 0.22014206647872925 0.8255175948143005 0.027324765920639038 0.41243064403533936 -0.9108352065086365 -0.016735156998038292 -0.8187047839164734 0.7482264041900635 0.34916555881500244 -0.5641281604766846 -1.50307035446167
0.519669771194458 0.21997657418251038 0.825562596321106 0.027381854131817818 0.4122311770915985 -0.9109249711036682 -0.016766658052802086 -0.8186227679252625 0.7483373284339905 0.34903576970100403 -0.5640613436698914 -1.5030535459518433
0.5196865797042847 0.21996024250984192 0.8255563974380493 0.027490217238664627 0.4121454656124115 -0.9109644293785095 -0.016728699207305908 -0.8187270164489746 0.7483729124069214 0.34894299507141113 -0.564071536064148 -1.502917766571045
0.5196686387062073 0.21997575461864471 0.8255635499954224 0.027491066604852676 0.4121409058570862 -0.9109670519828796 -0.016698943451046944 -0.8187164068222046 0.7483878135681152 0.3489264249801636 -0.5640619993209839 -1.5029224157333374
0.5197181105613708 0.21983465552330017 0.8255699872970581 0.027483047917485237 0.41200247406959534 -0.911028265953064 -0.016775747761130333 -0.818681538105011 0.7484297156333923 0.34885552525520325 -0.5640502572059631 -1.5029407739639282
0.5197967290878296 0.21975326538085938 0.825542151927948 0.027333885431289673 0.4119862914085388 -0.9110333919525146 -0.01689382642507553 -0.8185593485832214 0.7483839988708496 0.348893404006958 -0.5640875101089478 -1.5031300783157349
0.5197939276695251 0.21976368129253387 0.8255411386489868 0.02734016813337803 0.4120011031627655 -0.9110267162322998 -0.016892023384571075 -0.8185440301895142 0.748377799987793 0.34890425205230713 -0.5640890002250671 -1.503141164779663
0.5198211073875427 0.2197856605052948 0.8255181908607483 0.02728280797600746 0.4120588004589081 -0.9110000133514404 -0.016925273463129997 -0.8185887336730957 0.7483271956443787 0.34896016120910645 -0.5641216039657593 -1.5031704902648926
0.5198100805282593 0.21980951726436615 0.8255187273025513 0.027280312031507492 0.41206932067871094 -0.9109957218170166 -0.016901198774576187 -0.8185845017433167 0.7483290433883667 0.3489563763141632 -0.5641214847564697 -1.5031863451004028
0.5197670459747314 0.21989774703979492 0.8255223631858826 0.02724812924861908 0.412056565284729 -0.911003828048706 -0.016772059723734856 -0.8186324834823608 0.7483659386634827 0.34887948632240295 -0.5641200542449951 -1.503135323524475
0.519860029220581 0.2198725789785385 0.825470507144928 0.02711041085422039 0.41203343868255615 -0.9110132455825806 -0.016830237582325935 -0.8185368776321411 0.7483140826225281 0.3488708436489105 -0.5641942024230957 -1.5032978057861328
0.5196772813796997 0.21981219947338104 0.8256016373634338 0.02744988352060318 0.41193100810050964 -0.9110614657402039 -0.016725687310099602 -0.8187723755836487 0.7484973669052124 0.34878289699554443 -0.564005434513092 -1.5029146671295166
0.5197352766990662 0.2198287844657898 0.8255607485771179 0.027217470109462738 0.4119812846183777 -0.9110378623008728 -0.016775095835328102 -0.8186091780662537 0.7484294176101685 0.34883418679237366 -0.5640638470649719 -1.5031814575195312
0.5196577310562134 0.2197152078151703 0.8256397843360901 0.02745591290295124 0.41188064217567444 -0.9110831618309021 -0.01678469032049179 -0.8187493085861206 0.7485386729240417 0.3487873375415802 -0.563947856426239 -1.5029332637786865
0.5196812152862549 0.21961580216884613 0.8256514668464661 0.027501467615365982 0.4118075668811798 -0.9111149907112122 -0.01685142330825329 -0.8187927007675171 0.7485625743865967 0.34876689314842224 -0.5639287829399109 -1.5028595924377441
0.5196895003318787 0.21962301433086395 0.825644314289093 0.027502167969942093 0.4117928445339203 -0.9111219048500061 -0.01683662459254265 -0.8187960982322693 0.7485649585723877 0.3487442433834076 -0.56393963098526 -1.5028539896011353
0.5197241902351379 0.21958930790424347 0.8256314396858215 0.027488460764288902 0.41176772117614746 -0.9111325740814209 -0.016872741281986237 -0.8186836838722229 0.7485546469688416 0.34873756766319275 -0.5639573931694031 -1.5029442310333252
0.5197159647941589 0.21958544850349426 0.8256376385688782 0.027492627501487732 0.4117772579193115 -0.9111281633377075 -0.01687995158135891 -0.8186816573143005 0.7485551238059998 0.34875157475471497 -0.5639481544494629 -1.5029418468475342
0.5196371078491211 0.21950992941856384 0.8257073163986206 0.02751968242228031 0.4117327034473419 -0.9111480712890625 -0.016889210790395737 -0.8188560009002686 0.7486343383789062 0.34874698519706726 -0.5638458132743835 -1.5027775764465332
0.5195760130882263 0.21937698125839233 0.8257811665534973 0.0274644885212183 0.41163119673728943 -0.9111932516098022 -0.016928035765886307 -0.8188437819480896 0.7487326264381409 0.348712682723999 -0.5637365579605103 -1.5028095245361328
0.5195683836936951 0.21939951181411743 0.825779914855957 0.027453141286969185 0.41163304448127747 -0.9111928939819336 -0.016900667920708656 -0.8188567161560059 0.7487368583679199 0.3486993610858917 -0.5637391209602356 -1.502795934677124
0.5195807218551636 0.21927408874034882 0.8258054852485657 0.027467207983136177 0.411490797996521 -0.9112564921379089 -0.016938287764787674 -0.8188283443450928 0.7488065361976624 0.3486121594905853 -0.5637005567550659 -1.502787709236145
0.5195685029029846 0.21926896274089813 0.8258145451545715 0.02745676226913929 0.41148245334625244 -0.9112603664398193 -0.01693139784038067 -0.8188367486000061 0.7488195300102234 0.348605215549469 -0.5636875033378601 -1.5027663707733154
0.5195683240890503 0.21927300095558167 0.8258135914802551 0.027645649388432503 0.41148412227630615 -0.911259651184082 -0.016928110271692276 -0.8189032673835754 0.7488187551498413 0.3486044704914093 -0.5636889934539795 -1.5026657581329346
0.5195391774177551 0.21917323768138885 0.8258584141731262 0.027622288092970848 0.4113931655883789 -0.9113002419471741 -0.016954757273197174 -0.8188950419425964 0.7488889694213867 0.34856116771698 -0.5636225342750549 -1.5026932954788208
0.5195564031600952 0.21915936470031738 0.8258512616157532 0.02762938290834427 0.4113715887069702 -0.9113098382949829 -0.016962692141532898 -0.8189018368721008 0.7488888502120972 0.3485448360443115 -0.5636327862739563 -1.502676010131836
0.5196434855461121 0.21930855512619019 0.825756847858429 0.027556883171200752 0.4115124046802521 -0.9112465381622314 -0.016948778182268143 -0.8188708424568176 0.7487511038780212 0.34861651062965393 -0.5637714862823486 -1.5027891397476196
0.5196348428726196 0.21944135427474976 0.8257270455360413 0.02760271169245243 0.41166117787361145 -0.9111800193786621 -0.016909826546907425 -0.8189487457275391 0.7486752867698669 0.3487067222595215 -0.5638163685798645 -1.5027002096176147
0.5196535587310791 0.21943536400794983 0.8257168531417847 0.027604758739471436 0.4116658568382263 -0.9111775755882263 -0.016929564997553825 -0.8189678192138672 0.7486597299575806 0.34871694445610046 -0.5638306736946106 -1.502683401107788
0.519713282585144 0.2195948362350464 0.8256368637084961 0.02761874347925186 0.4117913842201233 -0.9111217856407166 -0.016878832131624222 -0.818983256816864 0.748549222946167 0.34876230359077454 -0.5639493465423584 -1.502668857574463
0.5197537541389465 0.21957434713840485 0.8256168365478516 0.027396854013204575 0.4118245244026184 -0.9111055135726929 -0.016947239637374878 -0.8188010454177856 0.7485029101371765 0.3488176763057709 -0.5639765858650208 -1.5029488801956177
0.5197316408157349 0.21958588063716888 0.8256276249885559 0.027396025136113167 0.41183581948280334 -0.9111007452011108 -0.016931654885411263 -0.8188104629516602 0.7485120296478271 0.3488229513168335 -0.5639612078666687 -1.5029453039169312
0.5197652578353882 0.21951885521411896 0.8256243467330933 0.027608858421444893 0.4117596745491028 -0.9111344814300537 -0.016965530812740326 -0.8188785910606384 0.7485305666923523 0.3487769067287445 -0.5639650225639343 -1.5027375221252441
0.5197633504867554 0.219525545835495 0.8256237506866455 0.02761734649538994 0.41175469756126404 -0.9111369848251343 -0.016953445971012115 -0.8188804984092712 0.748534619808197 0.3487662374973297 -0.5639662742614746 -1.5027261972427368
0.5197482109069824 0.21948927640914917 0.8256429433822632 0.02758980169892311 0.41182345151901245 -0.9111043214797974 -0.01703745871782303 -0.8189170360565186 0.7485073208808899 0.3488743305206299 -0.5639356374740601 -1.5027341842651367
0.5197395086288452 0.21948854625225067 0.8256486058235168 0.027515728026628494 0.4118739664554596 -0.9110808372497559 -0.01707185059785843 -0.8188883662223816 0.7484855651855469 0.3489361107349396 -0.5639262795448303 -1.5027867555618286
0.5197575092315674 0.21950560808181763 0.8256326913833618 0.02751019224524498 0.41189104318618774 -0.9110730886459351 -0.017075149342417717 -0.8189005255699158 0.7484636902809143 0.34894564747810364 -0.563949465751648 -1.502767562866211
0.5196646451950073 0.21938174962997437 0.8257241249084473 0.027488108724355698 0.4117482304573059 -0.9111379981040955 -0.01705646701157093 -0.8188546895980835 0.7486067414283752 0.34885409474372864 -0.5638161897659302 -1.5027437210083008
0.5195536017417908 0.21940451860427856 0.8257879018783569 0.027657046914100647 0.41174963116645813 -0.9111388325691223 -0.016975320875644684 -0.8189715147018433 0.7486830353736877 0.3488374650478363 -0.5637251734733582 -1.5025895833969116
0.5195280909538269 0.2195177674293518 0.8257738947868347 0.027703069150447845 0.41187432408332825 -0.9110833406448364 -0.016931120306253433 -0.8189828395843506 0.7486321926116943 0.34891125559806824 -0.5637470483779907 -1.5025790929794312
0.5195461511611938 0.21940486133098602 0.8257925510406494 0.027751503512263298 0.41178807616233826 -0.9111210107803345 -0.01700005680322647 -0.8189667463302612 0.7486670613288879 0.34888383746147156 -0.5637177228927612 -1.502559781074524
0.5195555090904236 0.21954019367694855 0.8257506489753723 0.027706073597073555 0.4118829071521759 -0.9110795259475708 -0.0169269610196352 -0.8188955783843994 0.748608410358429 0.34890708327293396 -0.563781201839447 -1.502673625946045
0.519585132598877 0.2195693701505661 0.8257242441177368 0.027728227898478508 0.4118908941745758 -0.9110761284828186 -0.016916023567318916 -0.8188981413841248 0.7485834360122681 0.3488976061344147 -0.5638202428817749 -1.5026670694351196
0.5195497274398804 0.21953779458999634 0.8257549405097961 0.027766454964876175 0.4118422865867615 -0.9110984802246094 -0.016896022483706474 -0.8189717531204224 0.7486347556114197 0.34885913133621216 -0.563775897026062 -1.5025352239608765
0.5195522904396057 0.2195202261209488 0.8257579803466797 0.027780573815107346 0.4118503928184509 -0.9110943078994751 -0.016922861337661743 -0.8189796805381775 0.7486284971237183 0.3488810658454895 -0.563770592212677 -1.5025192499160767
0.5195770859718323 0.21945124864578247 0.8257607221603394 0.02762489952147007 0.41178709268569946 -0.9111221432685852 -0.016964038833975792 -0.8188802003860474 0.7486461400985718 0.3488517105579376 -0.5637654066085815 -1.502668857574463
0.5196082592010498 0.21959428489208221 0.8257030844688416 0.02755303680896759 0.41193050146102905 -0.9110579490661621 -0.016930250450968742 -0.8188395500183105 0.7485455870628357 0.34892937541007996 -0.5638508200645447 -1.5027996301651
0.5195924639701843 0.2195933610200882 0.8257132768630981 0.027560414746403694 0.41196706891059875 -0.9110410213470459 -0.016950711607933044 -0.8188490867614746 0.7485364079475403 0.3489741384983063 -0.5638352632522583 -1.5027934312820435
0.5195749402046204 0.21976305544376373 0.8256791830062866 0.027728235349059105 0.4120562672615051 -0.911003053188324 -0.01682162657380104 -0.8189637064933777 0.7484995126724243 0.3489663898944855 -0.5638890862464905 -1.5025969743728638
0.5195509195327759 0.21986882388591766 0.8256661295890808 0.027720605954527855 0.4121559262275696 -0.910959005355835 -0.016767671331763268 -0.8189669847488403 0.7484613060951233 0.34901484847068787 -0.5639097690582275 -1.502634048461914
0.5195583701133728 0.2198704034090042 0.8256610035896301 0.0277305506169796 0.4121553301811218 -0.9109592437744141 -0.016769330948591232 -0.8189800977706909 0.7484564185142517 0.34901323914527893 -0.5639172792434692 -1.5026302337646484
0.5196146368980408 0.2200067788362503 0.8255892992019653 0.027690531685948372 0.4122657775878906 -0.9109099507331848 -0.016731033101677895 -0.8189928531646729 0.7483565807342529 0.3490559160709381 -0.5640233755111694 -1.5026562213897705
0.5195924043655396 0.2200229912996292 0.8255988955497742 0.027690133079886436 0.4122728705406189 -0.9109071493148804 -0.0167070459574461 -0.8190079927444458 0.7483680844306946 0.34905290603637695 -0.564009964466095 -1.5026555061340332
0.5196112394332886 0.21999049186706543 0.8255957365036011 0.027788959443569183 0.41223520040512085 -0.9109238982200623 -0.01672421209514141 -0.8190515041351318 0.7483757734298706 0.3490297198295593 -0.5640141367912292 -1.5025097131729126
0.5196428298950195 0.22003279626369476 0.8255646228790283 0.027798449620604515 0.4123164117336273 -0.9108865857124329 -0.016754981130361557 -0.8190532326698303 0.7483091354370117 0.3491004407405853 -0.564058780670166 -1.5024887323379517
0.5196225047111511 0.22004829347133636 0.8255732655525208 0.0277995727956295 0.41234296560287476 -0.9108747243881226 -0.01674743928015232 -0.8190603852272034 0.7483085989952087 0.34912165999412537 -0.564046323299408 -1.5024815797805786
0.5196059942245483 0.22003009915351868 0.8255884647369385 0.027796410024166107 0.4123605489730835 -0.9108663201332092 -0.016772281378507614 -0.8190671801567078 0.7483103275299072 0.34915509819984436 -0.5640233159065247 -1.502470850944519
0.5196300148963928 0.21997322142124176 0.8255885243415833 0.027869397774338722 0.4122791886329651 -0.9109028577804565 -0.016786077991127968 -0.8190551996231079 0.748338520526886 0.34909552335739136 -0.5640228390693665 -1.5024079084396362
0.5196458101272583 0.21990615129470825 0.8255964517593384 0.027859430760145187 0.4122012257575989 -0.9109377264976501 -0.016809456050395966 -0.8190423250198364 0.7483704686164856 0.34904685616493225 -0.564010500907898 -1.5024126768112183
0.5196787714958191 0.21992148458957672 0.825571596622467 0.027857327833771706 0.4122026860713959 -0.9109370112419128 -0.016810594126582146 -0.8190407752990723 0.7483468055725098 0.3490389585494995 -0.5640468597412109 -1.5023976564407349
0.519676685333252 0.2199281007051468 0.8255711793899536 0.02769460715353489 0.4122983515262604 -0.9108925461769104 -0.01687435992062092 -0.8189622759819031 0.7482954859733582 0.3491508662700653 -0.5640456080436707 -1.5025806427001953
0.5197071433067322 0.219804584980011 0.825584888458252 0.0276732686907053 0.41221150755882263 -0.9109302759170532 -0.01696082204580307 -0.8189021348953247 0.7483222484588623 0.3491302728652954 -0.5640228986740112 -1.5026761293411255
0.5196917057037354 0.21981681883335114 0.8255913257598877 0.02767363376915455 0.41222676634788513 -0.9109235405921936 -0.016950897872447968 -0.8188982009887695 0.7483245134353638 0.34914010763168335 -0.5640137791633606 -1.5026813745498657
0.5196772217750549 0.21985752880573273 0.825589656829834 0.02766326442360878 0.4122408628463745 -0.9109179377555847 -0.016909118741750717 -0.8189285397529602 0.74832683801651 0.3491290807723999 -0.5640175342559814 -1.5026744604110718
0.5195712447166443 0.21968691051006317 0.8257017135620117 0.027660999447107315 0.412100613117218 -0.9109808802604675 -0.01693716086447239 -0.8189318776130676 0.7484776377677917 0.34907224774360657 -0.5638525485992432 -1.502681851387024
0.5195897817611694 0.2197069674730301 0.8256847262382507 0.027661366388201714 0.4121057987213135 -0.9109786748886108 -0.016928482800722122 -0.818939745426178 0.748461902141571 0.349065363407135 -0.5638777017593384 -1.5026893615722656
0.519592821598053 0.21977144479751587 0.8256657123565674 0.027607416734099388 0.41217678785324097 -0.9109468460083008 -0.016912395134568214 -0.8189188838005066 0.7484207153320312 0.3491078019142151 -0.5639060735702515 -1.5027451515197754
0.5195252895355225 0.21975788474082947 0.8257117867469788 0.02755269594490528 0.4120962619781494 -0.9109848141670227 -0.01683192513883114 -0.818848729133606 0.7485119700431824 0.34901735186576843 -0.5638409852981567 -1.5028040409088135
0.5195362567901611 0.21973848342895508 0.8257099986076355 0.027550281956791878 0.41208282113075256 -0.9109905362129211 -0.016848867759108543 -0.8188496232032776 0.7485117316246033 0.3490145206451416 -0.5638430714607239 -1.502814531326294
0.51949542760849 0.2199067920446396 0.8256909251213074 0.027583662420511246 0.4122296869754791 -0.9109258651733398 -0.01675279811024666 -0.8189088106155396 0.7484592199325562 0.3490773141384125 -0.5638738870620728 -1.5027910470962524
0.5195248126983643 0.21997173130512238 0.8256551623344421 0.027606835588812828 0.41230371594429016 -0.9108923673629761 -0.016752058640122414 -0.8189311623573303 0.7483980059623718 0.3491238057613373 -0.5639263391494751 -1.5027475357055664
0.5195134282112122 0.2199763059616089 0.8256610631942749 0.02760479412972927 0.4123097360134125 -0.9108898043632507 -0.016745684668421745 -0.8189353942871094 0.7484025955200195 0.34912770986557007 -0.563917875289917 -1.5027652978897095
0.5195967555046082 0.22001707553863525 0.8255977630615234 0.02748275175690651 0.41233715415000916 -0.9108770489692688 -0.016764266416430473 -0.8188349604606628 0.7483296394348145 0.34913530945777893 -0.564009964466095 -1.5029399394989014
0.5195111632347107 0.2199307084083557 0.8256746530532837 0.027619611471891403 0.41215938329696655 -0.910959005355835 -0.016681546345353127 -0.8189288377761841 0.7484869956970215 0.34897580742836 -0.5638998746871948 -1.5027070045471191
0.5195282697677612 0.21980343759059906 0.8256977796554565 0.027586443349719048 0.4120613932609558 -0.9110019207000732 -0.016756955534219742 -0.8188842535018921 0.7485290765762329 0.34894388914108276 -0.5638637542724609 -1.5027538537979126
0.5196079611778259 0.21975599229335785 0.825660228729248 0.027413710951805115 0.412043035030365 -0.9110087752342224 -0.016836460679769516 -0.8187457323074341 0.7484838366508484 0.3489559292793274 -0.5639163255691528 -1.5029985904693604
0.5195881128311157 0.21965444087982178 0.8256997466087341 0.0274253711104393 0.4119057059288025 -0.9110709428787231 -0.016834834590554237 -0.8187519907951355 0.7485732436180115 0.3488576114177704 -0.5638585090637207 -1.5029354095458984
0.5195637941360474 0.21951596438884735 0.8257519006729126 0.02743765152990818 0.4117453396320343 -0.9111430644989014 -0.016854355111718178 -0.818783164024353 0.7486783266067505 0.3487564027309418 -0.5637815594673157 -1.5028904676437378
0.5195450186729431 0.2195259928703308 0.8257610201835632 0.027413757517933846 0.41175198554992676 -0.9111403226852417 -0.016838625073432922 -0.8187729716300964 0.7486876845359802 0.34875717759132385 -0.5637686848640442 -1.50290048122406
0.5195561647415161 0.21951113641262054 0.8257579803466797 0.027399389073252678 0.4117507338523865 -0.911140501499176 -0.016859831288456917 -0.8187668323516846 0.7486806511878967 0.3487660884857178 -0.5637724995613098 -1.5029056072235107
0.5195580720901489 0.2194996178150177 0.8257598280906677 0.02738288976252079 0.41176486015319824 -0.9111336469650269 -0.016884174197912216 -0.8187676668167114 0.7486715316772461 0.3487912118434906 -0.5637691020965576 -1.5029157400131226
0.5195297598838806 0.2195061296224594 0.8257759213447571 0.02736297808587551 0.4117600619792938 -0.911136269569397 -0.016858797520399094 -0.8187646865844727 0.7486938238143921 0.34878021478652954 -0.5637462735176086 -1.5029277801513672
0.5195342898368835 0.21951714158058167 0.8257701396942139 0.02734571322798729 0.41178175806999207 -0.9111263751983643 -0.016865292564034462 -0.8187585473060608 0.7486788034439087 0.3487991690635681 -0.5637544989585876 -1.5029358863830566
0.519533097743988 0.2195199429988861 0.8257701396942139 0.02731235697865486 0.41177797317504883 -0.9111282229423523 -0.016858769580721855 -0.8187557458877563 0.7486816644668579 0.3487926423549652 -0.5637547373771667 -1.502954363822937
0.5196380019187927 0.21941062808036804 0.8257331848144531 0.027682729065418243 0.41169530153274536 -0.9111634492874146 -0.016971081495285034 -0.8189319372177124 0.748654305934906 0.34876930713653564 -0.5638055205345154 -1.5026339292526245
0.5197696685791016 0.21934165060520172 0.8256686329841614 0.027554072439670563 0.41168370842933655 -0.9111661911010742 -0.017106151208281517 -0.8188104033470154 0.7485693097114563 0.34880560636520386 -0.5638959407806396 -1.5028349161148071
0.5196236371994019 0.21930983662605286 0.8257690072059631 0.027683110907673836 0.41156652569770813 -0.9112215638160706 -0.016977891325950623 -0.8189662098884583 0.7487351298332214 0.3486810028553009 -0.5637527704238892 -1.5026391744613647
0.5196276903152466 0.21929579973220825 0.8257701992988586 0.02768281102180481 0.4115767478942871 -0.9112164378166199 -0.01700318232178688 -0.8189737200737 0.7487266659736633 0.34870314598083496 -0.5637503266334534 -1.5026477575302124
0.5195767879486084 0.21908719837665558 0.8258575797080994 0.027552355080842972 0.41138893365859985 -0.9113000631332397 -0.017065830528736115 -0.8188608884811401 0.7488651871681213 0.3486156761646271 -0.563620388507843 -1.5027908086776733
0.5195700526237488 0.2190876454114914 0.8258616924285889 0.02755172923207283 0.4113849103450775 -0.9113020300865173 -0.017058856785297394 -0.8188632130622864 0.7488721013069153 0.3486103117465973 -0.5636146068572998 -1.5027920007705688
0.5192995071411133 0.21899577975273132 0.826056182384491 0.027610860764980316 0.4114094078540802 -0.9112913012504578 -0.017039695754647255 -0.8190219402313232 0.749046266078949 0.3486960232257843 -0.5633300542831421 -1.5027000904083252
0.5192779898643494 0.2190600335597992 0.8260526657104492 0.027860600501298904 0.4113336503505707 -0.911328136920929 -0.01690077595412731 -0.8191038370132446 0.749102771282196 0.3485594689846039 -0.5633394122123718 -1.5024173259735107
0.5193819403648376 0.21904835104942322 0.8259904384613037 0.02794460952281952 0.41128525137901306 -0.9113494157791138 -0.016930636018514633 -0.8191057443618774 0.7490572929382324 0.34851112961769104 -0.5634297728538513 -1.50236177444458
0.5193741321563721 0.21904462575912476 0.8259963393211365 0.027958085760474205 0.4112655818462372 -0.9113585352897644 -0.01691594161093235 -0.8191123604774475 0.7490735054016113 0.34848955273628235 -0.5634215474128723 -1.5023472309112549
0.5192887783050537 0.21902866661548615 0.8260542154312134 0.028033815324306488 0.4111722409725189 -0.9114024639129639 -0.01681954227387905 -0.8191879391670227 0.7491838932037354 0.3483847677707672 -0.5633395314216614 -1.5021555423736572
0.5192837715148926 0.2190297245979309 0.8260571360588074 0.028043108060956 0.41118061542510986 -0.9113986492156982 -0.016822097823023796 -0.8191989660263062 0.7491828203201294 0.34839412569999695 -0.5633352398872375 -1.5021251440048218
0.5192577838897705 0.2190043181180954 0.8260801434516907 0.028208555653691292 0.41112181544303894 -0.9114257097244263 -0.01679258979856968 -0.8193046450614929 0.749233067035675 0.3483392894268036 -0.5633023381233215 -1.5019803047180176
0.5193533301353455 0.2190113365650177 0.826018214225769 0.028046542778611183 0.411233514547348 -0.9113729596138 -0.016917869448661804 -0.8192962408065796 0.7491055130958557 0.3484727442264557 -0.5633893609046936 -1.5021635293960571
0.5193440318107605 0.21902026236057281 0.8260217308998108 0.028049176558852196 0.4112408459186554 -0.9113698601722717 -0.016908755525946617 -0.819318950176239 0.7491079568862915 0.3484753668308258 -0.5633845329284668 -1.5021498203277588
0.5193930864334106 0.21912962198257446 0.8259618282318115 0.027971504256129265 0.4112973213195801 -0.911345362663269 -0.016855768859386444 -0.8192080855369568 0.7490429282188416 0.34847068786621094 -0.5634738802909851 -1.5022683143615723
0.5194621086120605 0.21908853948116302 0.8259293437004089 0.0279532540589571 0.4112794101238251 -0.9113521575927734 -0.01692303642630577 -0.8191360235214233 0.7490049004554749 0.34847861528396606 -0.5635194778442383 -1.5023555755615234
0.5194610953330994 0.21910487115383148 0.8259256482124329 0.02797265537083149 0.4112878739833832 -0.9113485813140869 -0.016910862177610397 -0.8191503882408142 0.7490009665489197 0.3484777510166168 -0.5635253190994263 -1.5023541450500488
0.5195116996765137 0.21917425096035004 0.825875461101532 0.027744688093662262 0.4113606810569763 -0.9113156199455261 -0.0169150922447443 -0.8189989924430847 0.7489258646965027 0.34852027893066406 -0.5635988116264343 -1.5026212930679321
0.5196196436882019 0.2191205471754074 0.8258217573165894 0.02763507515192032 0.4113081395626068 -0.9113379716873169 -0.016990242525935173 -0.8188962936401367 0.7488798499107361 0.3484956920146942 -0.5636751651763916 -1.502722978591919
0.5196079015731812 0.21912340819835663 0.8258284330368042 0.027638528496026993 0.4113277792930603 -0.9113289713859558 -0.016995813697576523 -0.8188981413841248 0.748877227306366 0.3485173285007477 -0.5636652708053589 -1.5027267932891846
0.5196300148963928 0.21923060715198517 0.8257860541343689 0.0274690929800272 0.4114844501018524 -0.9112580418586731 -0.017006805166602135 -0.8187814950942993 0.748775839805603 0.34863534569740295 -0.5637269616127014 -1.5029209852218628
0.5195679664611816 0.21913830935955048 0.8258495926856995 0.027500968426465988 0.41140180826187134 -0.9112952351570129 -0.01701459474861622 -0.8188415169715881 0.7488642334938049 0.3485962450504303 -0.5636336803436279 -1.5028403997421265
0.5195604562759399 0.2191234827041626 0.8258582353591919 0.02750440686941147 0.4113738238811493 -0.9113079905509949 -0.017006022855639458 -0.8188463449478149 0.7488848567008972 0.34857213497161865 -0.5636212229728699 -1.5028481483459473
0.5195934772491455 0.21924640238285065 0.8258048295974731 0.027506988495588303 0.41147229075431824 -0.9112643599510193 -0.01696149632334709 -0.8188068270683289 0.7488077878952026 0.34860891103744507 -0.5637008547782898 -1.5028820037841797
0.5195938348770142 0.21924354135990143 0.8258053660392761 0.027515310794115067 0.411459743976593 -0.9112701416015625 -0.016955392435193062 -0.818809986114502 0.7488144636154175 0.34859558939933777 -0.563700258731842 -1.5028929710388184
0.5196342468261719 0.21938927471637726 0.8257412314414978 0.027433188632130623 0.4115842878818512 -0.9112147688865662 -0.01690908521413803 -0.8187701106071472 0.7487179636955261 0.34864866733551025 -0.5637955665588379 -1.5030102729797363
0.5195849537849426 0.21925297379493713 0.8258084654808044 0.027470462024211884 0.4115309417247772 -0.9112372994422913 -0.016993986442685127 -0.8188271522521973 0.7487815022468567 0.34867554903030396 -0.5636945366859436 -1.5029391050338745
0.5195586085319519 0.21925146877765656 0.8258253931999207 0.02746959961950779 0.4115208387374878 -0.9112422466278076 -0.016974536702036858 -0.8188378810882568 0.7488052845001221 0.34866365790367126 -0.56367027759552 -1.5029433965682983
0.5194967985153198 0.21912971138954163 0.8258966207504272 0.027347711846232414 0.411406546831131 -0.9112935066223145 -0.01699107140302658 -0.8187229633331299 0.7489110231399536 0.3486061096191406 -0.5635654330253601 -1.5030100345611572
0.5194341540336609 0.21900880336761475 0.8259680867195129 0.027296261861920357 0.41132572293281555 -0.9113292694091797 -0.017031501978635788 -0.8186938762664795 0.7489988803863525 0.3485886752605438 -0.5634594559669495 -1.5030288696289062
0.5192788243293762 0.2189609855413437 0.8260784149169922 0.027329789474606514 0.41131356358528137 -0.9113354086875916 -0.016995372250676155 -0.8187559843063354 0.7491132020950317 0.3486025929450989 -0.5632988214492798 -1.5029737949371338
0.5192581415176392 0.21901147067546844 0.8260780572891235 0.027511097490787506 0.41131260991096497 -0.9113370776176453 -0.016928352415561676 -0.8188665509223938 0.7491281032562256 0.3485665023326874 -0.5633013844490051 -1.5027613639831543
0.519277811050415 0.21900640428066254 0.8260670304298401 0.027590306475758553 0.41128575801849365 -0.9113492965698242 -0.016923850402235985 -0.8188895583152771 0.7491291761398315 0.348537802696228 -0.5633176565170288 -1.5026847124099731
0.5192484855651855 0.2187398225069046 0.8261560797691345 0.02757948637008667 0.411063015460968 -0.9114477038383484 -0.01703544147312641 -0.8189208507537842 0.7492717504501343 0.34844785928726196 -0.5631836652755737 -1.502619981765747
0.5192506313323975 0.21890421211719513 0.8261111974716187 0.027637409046292305 0.4112110733985901 -0.9113821983337402 -0.016966475173830986 -0.8189833760261536 0.749189019203186 0.34851592779159546 -0.5632516145706177 -1.5026198625564575
0.5193216800689697 0.2190248817205429 0.8260345458984375 0.02756611816585064 0.4113096594810486 -0.9113381505012512 -0.016943957656621933 -0.8189065456390381 0.7490856647491455 0.3485553562641144 -0.5633646845817566 -1.5027637481689453
0.5193809866905212 0.21906480193138123 0.8259866833686829 0.027621163055300713 0.41130387783050537 -0.9113410711288452 -0.016925999894738197 -0.8189032077789307 0.7490477561950684 0.3485225737094879 -0.5634353756904602 -1.5026835203170776
0.5194259881973267 0.2189224660396576 0.8259961009025574 0.027583623304963112 0.41114726662635803 -0.9114105701446533 -0.01698833331465721 -0.8188380599021912 0.7491025328636169 0.34843021631240845 -0.5634196996688843 -1.502734661102295
0.519507884979248 0.21900181472301483 0.8259235620498657 0.02748539298772812 0.41131699085235596 -0.9113324880599976 -0.017070509493350983 -0.8188091516494751 0.7489525079727173 0.3485846519470215 -0.5635235905647278 -1.5028877258300781
0.5192986130714417 0.21902985870838165 0.8260477185249329 0.027658559381961823 0.4113282859325409 -0.9113298058509827 -0.016940604895353317 -0.8189599514007568 0.7490914463996887 0.34857404232025146 -0.5633454322814941 -1.5026861429214478
0.5194203853607178 0.21902981400489807 0.8259711861610413 0.027435071766376495 0.41128313541412354 -0.9113496541976929 -0.016969194635748863 -0.8188015222549438 0.7490318417549133 0.3485221564769745 -0.5634568333625793 -1.5029302835464478
0.5192908048629761 0.2189553827047348 0.8260723948478699 0.027601763606071472 0.41120678186416626 -0.9113848805427551 -0.016927408054471016 -0.8189510703086853 0.7491635680198669 0.3484768271446228 -0.5633097290992737 -1.5027045011520386
0.5192052721977234 0.21883967518806458 0.8261567950248718 0.02760329283773899 0.4111460745334625 -0.9114115238189697 -0.016965530812740326 -0.8189409375190735 0.7492561340332031 0.3484797179698944 -0.5631847381591797 -1.502672791481018
0.519208550453186 0.2189258337020874 0.8261319398880005 0.0277218297123909 0.41112831234931946 -0.911421537399292 -0.016858812421560287 -0.8189839124679565 0.7492636442184448 0.34839946031570435 -0.5632244348526001 -1.5025315284729004
0.5192416310310364 0.21888254582881927 0.8261225819587708 0.02764313481748104 0.411050021648407 -0.9114567637443542 -0.01686469279229641 -0.8189433813095093 0.7492836117744446 0.34833455085754395 -0.5632379651069641 -1.5026116371154785
0.5192509293556213 0.21889840066432953 0.8261125683784485 0.02764120139181614 0.4110480546951294 -0.911457896232605 -0.016850486397743225 -0.8189411163330078 0.7492783069610596 0.3483215868473053 -0.5632531046867371 -1.5025917291641235
0.5193003416061401 0.2190539687871933 0.8260402679443359 0.027636803686618805 0.4111681282520294 -0.9114047884941101 -0.01679445616900921 -0.8189297318458557 0.7491781711578369 0.3483628034591675 -0.5633608102798462 -1.5025910139083862
0.5192894339561462 0.2190427929162979 0.8260500431060791 0.027633504942059517 0.4111647307872772 -0.9114062190055847 -0.01679864153265953 -0.8189265131950378 0.7491875886917114 0.34836599230766296 -0.563346266746521 -1.502577304840088
0.5193491578102112 0.21900174021720886 0.8260233998298645 0.02768522873520851 0.4111582040786743 -0.9114078283309937 -0.016869692131876945 -0.8189423084259033 0.749149739742279 0.34838756918907166 -0.5633832812309265 -1.502553939819336
0.5193968415260315 0.21894121170043945 0.8260095119476318 0.027699420228600502 0.41109588742256165 -0.9114351272583008 -0.01691405661404133 -0.8189564347267151 0.7491509318351746 0.3483542203903198 -0.5634023547172546 -1.502549648284912
0.5194476842880249 0.21885274350643158 0.826000988483429 0.027741210535168648 0.4110550284385681 -0.9114518165588379 -0.017007028684020042 -0.819019079208374 0.7491381168365479 0.3483661115169525 -0.5634120106697083 -1.5025544166564941
0.5194436311721802 0.21884682774543762 0.8260050415992737 0.02774834632873535 0.411065936088562 -0.9114466905593872 -0.017019692808389664 -0.819030225276947 0.74913489818573 0.3483833074569702 -0.5634056329727173 -1.5025466680526733
0.5194646716117859 0.2189989537000656 0.8259515166282654 0.02775450050830841 0.4111765921115875 -0.91139817237854 -0.016945870593190193 -0.8190425634384155 0.7490595579147339 0.34841471910476685 -0.5634863972663879 -1.502562403678894
0.5195937156677246 0.2191018909215927 0.8258430361747742 0.027643512934446335 0.41128864884376526 -0.9113469123840332 -0.016982823610305786 -0.8189861178398132 0.7489085793495178 0.3484840393066406 -0.5636441707611084 -1.5027167797088623
0.5195803642272949 0.21911080181598663 0.8258490562438965 0.027647284790873528 0.4112910330295563 -0.9113460779190063 -0.01696794666349888 -0.8190016150474548 0.748916506767273 0.34848055243492126 -0.5636358261108398 -1.502716064453125
0.5195351243019104 0.21898844838142395 0.8259099721908569 0.0276204701513052 0.41116607189178467 -0.91140216588974 -0.016985688358545303 -0.8189525604248047 0.749016523361206 0.34841081500053406 -0.5635460019111633 -1.5026694536209106
0.5196017026901245 0.21912239491939545 0.8258326053619385 0.027708962559700012 0.41125813126564026 -0.9113614559173584 -0.016941340640187263 -0.8190193176269531 0.7489197850227356 0.34843313694000244 -0.5636608004570007 -1.5025832653045654
0.5196031928062439 0.21913287043571472 0.8258288502693176 0.027713218703866005 0.41126763820648193 -0.9113572239875793 -0.016937702894210815 -0.8190255761146545 0.7489135265350342 0.3484375774860382 -0.5636663436889648 -1.5025794506072998
0.5195387601852417 0.21901769936084747 0.8258999586105347 0.027736911550164223 0.41114675998687744 -0.911411702632904 -0.01694074273109436 -0.8190449476242065 0.7490245699882507 0.34836745262145996 -0.5635620951652527 -1.502540111541748
0.5195246934890747 0.21902333199977875 0.825907289981842 0.027741458266973495 0.4111488163471222 -0.9114109873771667 -0.016928864642977715 -0.8190503716468811 0.7490332126617432 0.34836575388908386 -0.563551664352417 -1.502537727355957
0.5194886326789856 0.21899138391017914 0.8259384036064148 0.02783289924263954 0.4111252427101135 -0.9114216566085815 -0.016927892342209816 -0.8190971612930298 0.7490711212158203 0.34835800528526306 -0.5635060667991638 -1.5024216175079346
0.5194910764694214 0.21899503469467163 0.825935959815979 0.02784131094813347 0.41111746430397034 -0.9114252924919128 -0.016919247806072235 -0.8191052079200745 0.7490737438201904 0.348346084356308 -0.5635099411010742 -1.5024120807647705
