# 3x4 first row second row third row Freq: 100 current Time: 2021-07-31-20:55:29
0.23424968123435974 -0.26909440755844116 0.9341922998428345 0.020972533151507378 0.9493154883384705 -0.14384837448596954 -0.27947738766670227 -0.7102077007293701 0.20958788692951202 0.9523107409477234 0.22175909578800201 -1.917189121246338
0.23434530198574066 -0.26908808946609497 0.934170126914978 0.02070513181388378 0.9493085741996765 -0.14375168085098267 -0.27955061197280884 -0.7100569009780884 0.20951232314109802 0.9523271322250366 0.22176015377044678 -1.917352318763733
0.23438867926597595 -0.26908251643180847 0.9341608285903931 0.020782556384801865 0.9493040442466736 -0.14371487498283386 -0.2795848846435547 -0.7101185321807861 0.20948426425457 0.9523342251777649 0.22175602614879608 -1.917273998260498
0.23445694148540497 -0.2690907120704651 0.9341413378715515 0.02093958854675293 0.9492790699005127 -0.14373326301574707 -0.2796603739261627 -0.7101843357086182 0.20952124893665314 0.952329158782959 0.22174297273159027 -1.9172247648239136
0.23443959653377533 -0.2691751718521118 0.9341213703155518 0.020881986245512962 0.9492765069007874 -0.14374318718910217 -0.27966395020484924 -0.7101107239723206 0.20955222845077515 0.9523037672042847 0.22182263433933258 -1.9172664880752563
0.2344052493572235 -0.2691875696182251 0.9341264367103577 0.02096841111779213 0.9492908716201782 -0.1437208205461502 -0.27962660789489746 -0.7101714611053467 0.209525465965271 0.9523036479949951 0.22184844315052032 -1.9171898365020752
0.23446674644947052 -0.2692241668701172 0.9341004490852356 0.02096620574593544 0.9492323398590088 -0.14389222860336304 -0.2797372043132782 -0.7101672291755676 0.2097218632698059 0.9522674083709717 0.22181838750839233 -1.9171756505966187
0.23445191979408264 -0.26922693848609924 0.9341033697128296 0.021072613075375557 0.9492435455322266 -0.14386069774627686 -0.2797154188156128 -0.7102400660514832 0.209687739610672 0.9522714018821716 0.22183355689048767 -1.9170756340026855
0.2344498336315155 -0.2691640257835388 0.9341220259666443 0.020917527377605438 0.9492281079292297 -0.14395251870155334 -0.27972060441970825 -0.7101794481277466 0.20975999534130096 0.9522753357887268 0.2217484414577484 -1.9171980619430542
0.23444393277168274 -0.26914775371551514 0.9341281652450562 0.021000705659389496 0.9492359161376953 -0.14392976462841034 -0.279705673456192 -0.7102462649345398 0.2097310572862625 0.9522833824157715 0.22174131870269775 -1.9171169996261597
0.2344147115945816 -0.26910972595214844 0.9341464638710022 0.020943691954016685 0.9492283463478088 -0.1440153419971466 -0.27968737483024597 -0.7101837396621704 0.20979808270931244 0.9522811770439148 0.22168733179569244 -1.9171944856643677
0.23443692922592163 -0.2691015303134918 0.9341432452201843 0.02102886512875557 0.9492254257202148 -0.14400067925453186 -0.2797047197818756 -0.7102512717247009 0.2097862958908081 0.9522857069969177 0.22167900204658508 -1.9171106815338135
0.2344384640455246 -0.2690586447715759 0.9341552257537842 0.020954720675945282 0.949216365814209 -0.1440526247024536 -0.27970874309539795 -0.7101942300796509 0.20982562005519867 0.9522899389266968 0.22162345051765442 -1.9171979427337646
0.23444390296936035 -0.269051730632782 0.9341558218002319 0.021053628996014595 0.9492205381393433 -0.1440284103155136 -0.2797071039676666 -0.7102686762809753 0.20980072021484375 0.9522956013679504 0.22162291407585144 -1.9170998334884644
0.2345106154680252 -0.26903367042541504 0.9341443181037903 0.020849039778113365 0.9492102265357971 -0.14399001002311707 -0.2797619104385376 -0.7101097106933594 0.20977286994457245 0.9523065090179443 0.22160238027572632 -1.9172838926315308
0.23451560735702515 -0.26907098293304443 0.9341322779655457 0.0209369994699955 0.9492109417915344 -0.14396867156028748 -0.2797703742980957 -0.7101758122444153 0.20976392924785614 0.952299177646637 0.22164228558540344 -1.9171977043151855
0.23456977307796478 -0.2691366374492645 0.9340997934341431 0.020999863743782043 0.9491751194000244 -0.1440381109714508 -0.27985629439353943 -0.7101917266845703 0.20986559987068176 0.9522700905799866 0.22167086601257324 -1.9171388149261475
0.2345501333475113 -0.26913923025131226 0.9341039657592773 0.021092064678668976 0.9491830468177795 -0.1440279334783554 -0.2798345386981964 -0.7102569937705994 0.20985157787799835 0.9522709250450134 0.2216806709766388 -1.9170448780059814
0.23461344838142395 -0.26923006772994995 0.9340618848800659 0.021083712577819824 0.9491602182388306 -0.14401835203170776 -0.2799169719219208 -0.7102294564247131 0.2098841667175293 0.9522467255592346 0.22175388038158417 -1.9170315265655518
0.23461486399173737 -0.2692345380783081 0.934060275554657 0.021168051287531853 0.9491632580757141 -0.14400120079517365 -0.2799154222011566 -0.7102870941162109 0.20986874401569366 0.9522480368614197 0.2217627465724945 -1.9169398546218872
0.23454216122627258 -0.2693259119987488 0.9340521693229675 0.021005885675549507 0.9491709470748901 -0.14403791725635529 -0.27987056970596313 -0.7102363109588623 0.2099153846502304 0.952216625213623 0.22185342013835907 -1.9171003103256226
0.23449942469596863 -0.2693014144897461 0.9340699315071106 0.020983556285500526 0.9491889476776123 -0.14402146637439728 -0.2798178195953369 -0.7102683782577515 0.20988152921199799 0.9522260427474976 0.22184504568576813 -1.9171147346496582
0.23454029858112335 -0.2693813741207123 0.9340366721153259 0.021128160879015923 0.9491763114929199 -0.143999382853508 -0.2798721194267273 -0.7102858424186707 0.2098930925130844 0.9522067904472351 0.2219168096780777 -1.917038917541504
0.23452526330947876 -0.2692975103855133 0.9340646266937256 0.020838182419538498 0.9491940140724182 -0.14396469295024872 -0.2798299789428711 -0.710081160068512 0.2098298966884613 0.952235758304596 0.22185227274894714 -1.9172606468200684
0.23451873660087585 -0.26931753754615784 0.9340604543685913 0.020940400660037994 0.9491947293281555 -0.14396432042121887 -0.279827743768692 -0.7101492881774902 0.20983394980430603 0.9522301554679871 0.2218724936246872 -1.9171615839004517
0.23450304567813873 -0.2692100703716278 0.9340953826904297 0.020827462896704674 0.9492043852806091 -0.14397397637367249 -0.2797899842262268 -0.7101243734359741 0.20980775356292725 0.9522590637207031 0.22177310287952423 -1.917248249053955
0.2345508486032486 -0.2692555785179138 0.9340702891349792 0.02096545323729515 0.9491606950759888 -0.14409363269805908 -0.27987661957740784 -0.7102020978927612 0.2099519670009613 0.9522281289100647 0.2217695713043213 -1.9171334505081177
0.23448462784290314 -0.26922503113746643 0.9340956807136536 0.02088164910674095 0.9491778016090393 -0.14411500096321106 -0.279807448387146 -0.710126519203186 0.20994842052459717 0.9522334933280945 0.22174973785877228 -1.9172486066818237
0.23449420928955078 -0.2692227363586426 0.9340939521789551 0.02097858488559723 0.9491761922836304 -0.1441100388765335 -0.27981552481651306 -0.710199236869812 0.20994508266448975 0.9522349238395691 0.22174690663814545 -1.9171533584594727
0.23457621037960052 -0.2691076397895813 0.9341065287590027 0.021036779507994652 0.9491738080978394 -0.14404389262199402 -0.27985766530036926 -0.710233211517334 0.20986422896385193 0.952277421951294 0.2216407209634781 -1.917164921760559
0.23457449674606323 -0.26911741495132446 0.9341041445732117 0.021140804514288902 0.9491766691207886 -0.14403030276298523 -0.279854953289032 -0.7103129625320435 0.20985320210456848 0.9522767066955566 0.22165419161319733 -1.917067050933838
0.23455770313739777 -0.2691175043582916 0.934108316898346 0.02080615796148777 0.9491891860961914 -0.1439962238073349 -0.2798299789428711 -0.7101605534553528 0.20981527864933014 0.9522818922996521 0.2216680645942688 -1.917343020439148
0.23454472422599792 -0.26913294196128845 0.9341071248054504 0.020905962213873863 0.9492009878158569 -0.14395570755004883 -0.2798108160495758 -0.7102510929107666 0.20977641642093658 0.9522836208343506 0.22169727087020874 -1.9172414541244507
0.23463013768196106 -0.2690300941467285 0.9341152906417847 0.020648250356316566 0.9491817355155945 -0.14395777881145477 -0.2798750698566437 -0.7100324034690857 0.20976804196834564 0.9523123502731323 0.22158168256282806 -1.9174020290374756
0.23466134071350098 -0.26896095275878906 0.9341273903846741 0.02057253010571003 0.9491788148880005 -0.14394952356815338 -0.27988937497138977 -0.7100033164024353 0.2097465544939041 0.9523331522941589 0.22151269018650055 -1.9174387454986572
0.23465950787067413 -0.26896873116493225 0.9341256022453308 0.02063276804983616 0.9491787552833557 -0.1439497321844101 -0.2798892855644226 -0.7100552916526794 0.20974865555763245 0.9523309469223022 0.2215203046798706 -1.9173685312271118
0.23455539345741272 -0.2689255475997925 0.9341641664505005 0.020698942244052887 0.9492067694664001 -0.14397716522216797 -0.27978023886680603 -0.7101280689239502 0.20973843336105347 0.9523389935493469 0.2214953899383545 -1.9173026084899902
0.23458999395370483 -0.26907268166542053 0.9341131448745728 0.02083485946059227 0.9491593837738037 -0.14410102367401123 -0.2798771262168884 -0.7101699709892273 0.20991399884223938 0.9522786736488342 0.22158826887607574 -1.9172378778457642
0.23458319902420044 -0.26909133791923523 0.9341094493865967 0.020976407453417778 0.9491596817970276 -0.14410333335399628 -0.2798749506473541 -0.7102693319320679 0.209920272231102 0.9522730708122253 0.22160649299621582 -1.9170877933502197
0.2347639501094818 -0.269118070602417 0.9340563416481018 0.021048495545983315 0.9491058588027954 -0.1440938115119934 -0.28006237745285034 -0.7101996541023254 0.2099616378545761 0.9522669315338135 0.22159354388713837 -1.9171196222305298
0.23479323089122772 -0.2690580487251282 0.9340662956237793 0.0208255834877491 0.9491097331047058 -0.1440543234348297 -0.280069500207901 -0.710049033164978 0.2099113017320633 0.952289879322052 0.22154270112514496 -1.9173189401626587
0.23481471836566925 -0.26907414197921753 0.934056282043457 0.02095986157655716 0.9491053223609924 -0.14404025673866272 -0.28009167313575745 -0.7101237773895264 0.2099071741104126 0.9522874355316162 0.22155697643756866 -1.9172030687332153
0.23480504751205444 -0.26916906237602234 0.9340313673019409 0.021177370101213455 0.9490929841995239 -0.1440810114145279 -0.2801125943660736 -0.7102718949317932 0.20997387170791626 0.9522544741630554 0.22163556516170502 -1.91702401638031
0.23485271632671356 -0.2691192924976349 0.9340336918830872 0.021032234653830528 0.9490876197814941 -0.14405548572540283 -0.28014394640922546 -0.7101666927337646 0.20994487404823303 0.9522724151611328 0.22158601880073547 -1.9171442985534668
0.2348182499408722 -0.26913508772850037 0.9340378046035767 0.02115851826965809 0.9490934014320374 -0.14407138526439667 -0.28011614084243774 -0.7102429270744324 0.2099572718143463 0.9522655010223389 0.22160381078720093 -1.9170297384262085
0.23477983474731445 -0.2691909670829773 0.9340313673019409 0.021368512883782387 0.9490754008293152 -0.1441885232925415 -0.2801169157028198 -0.7104323506355286 0.21008160710334778 0.9522320032119751 0.2216300219297409 -1.9168930053710938
0.2349405139684677 -0.2691679298877716 0.9339975714683533 0.021313799545168877 0.9490614533424377 -0.14404013752937317 -0.2802404761314392 -0.7103728652000427 0.20996494591236115 0.9522609710693359 0.22161608934402466 -1.916978120803833
0.23499372601509094 -0.26912951469421387 0.933995246887207 0.02125462517142296 0.9490361213684082 -0.14409391582012177 -0.28029847145080566 -0.7103517651557922 0.21001967787742615 0.9522637128829956 0.2215525358915329 -1.9170143604278564
0.23501327633857727 -0.269132524728775 0.9339895248413086 0.021359287202358246 0.9490376710891724 -0.144059419631958 -0.2803109586238861 -0.7104186415672302 0.20999082922935486 0.9522680640220642 0.22156107425689697 -1.9169293642044067
0.23509593307971954 -0.26912930607795715 0.9339696168899536 0.02131321094930172 0.9490025043487549 -0.1441073715686798 -0.2804054021835327 -0.7103590369224548 0.21005727350711823 0.9522616863250732 0.2215253859758377 -1.9169278144836426
0.2351481169462204 -0.26915132999420166 0.9339501261711121 0.021083807572722435 0.9490194320678711 -0.14395290613174438 -0.2804274260997772 -0.7102555632591248 0.20992229878902435 0.9522788524627686 0.2215796560049057 -1.9171288013458252
0.23513327538967133 -0.269134521484375 0.9339587092399597 0.021206073462963104 0.9490209817886353 -0.143971249461174 -0.28041285276412964 -0.7103307247161865 0.20993202924728394 0.9522808194160461 0.22156192362308502 -1.917038083076477
0.23513317108154297 -0.2691640257835388 0.9339502453804016 0.021223196759819984 0.9490112662315369 -0.14400649070739746 -0.2804275453090668 -0.7103469967842102 0.2099759578704834 0.9522671699523926 0.22157904505729675 -1.91701078414917
0.2351214587688446 -0.2691461443901062 0.9339583516120911 0.021031437441706657 0.9490138292312622 -0.14401617646217346 -0.2804138958454132 -0.710211992263794 0.20997747778892517 0.9522707462310791 0.22156217694282532 -1.91717529296875
0.23512746393680573 -0.26915082335472107 0.9339554905891418 0.02117024175822735 0.949015736579895 -0.143997922539711 -0.2804167866706848 -0.7102972865104675 0.20996211469173431 0.9522721767425537 0.22157056629657745 -1.9170629978179932
0.23509205877780914 -0.26916855573654175 0.9339593052864075 0.021059496328234673 0.9490156173706055 -0.14404144883155823 -0.28039491176605225 -0.7102236151695251 0.21000240743160248 0.9522606134414673 0.22158221900463104 -1.917148232460022
0.2350638508796692 -0.26916590332984924 0.9339671730995178 0.02108175866305828 0.9490075707435608 -0.14411725103855133 -0.28038328886032104 -0.7102541327476501 0.21007046103477478 0.9522498846054077 0.22156377136707306 -1.9171366691589355
0.2350262850522995 -0.2691599428653717 0.9339783191680908 0.02126952074468136 0.9490224123001099 -0.1441027969121933 -0.28034043312072754 -0.710371196269989 0.21004535257816315 0.9522537589073181 0.2215709239244461 -1.9169774055480957
0.2349361628293991 -0.26911696791648865 0.9340133666992188 0.021195754408836365 0.9490443468093872 -0.1441388875246048 -0.28024759888648987 -0.7103443741798401 0.21004709601402283 0.952260434627533 0.22154054045677185 -1.917041301727295
0.2349613904953003 -0.2691231071949005 0.9340052604675293 0.021397031843662262 0.9490267038345337 -0.14418254792690277 -0.2802847921848297 -0.7104648351669312 0.21009843051433563 0.9522520899772644 0.22152774035930634 -1.9169167280197144
0.2349381148815155 -0.2691560387611389 0.934001624584198 0.021542895585298538 0.9490373730659485 -0.1441560536623001 -0.2802623510360718 -0.7105687260627747 0.21007634699344635 0.9522467851638794 0.2215714305639267 -1.91679847240448
0.23491033911705017 -0.2691446840763092 0.9340118765830994 0.02162890136241913 0.9490432143211365 -0.14417089521884918 -0.28023505210876465 -0.7106096744537354 0.21008114516735077 0.9522477388381958 0.22156275808811188 -1.9167275428771973
0.23491978645324707 -0.26915082335472107 0.9340077638626099 0.021771501749753952 0.9490421414375305 -0.1441609263420105 -0.2802436947822571 -0.7107115983963013 0.21007530391216278 0.9522475004196167 0.2215692549943924 -1.91660475730896
0.23469586670398712 -0.2692060172557831 0.9340481162071228 0.021475553512573242 0.9490735530853271 -0.14430645108222961 -0.28006240725517273 -0.7105912566184998 0.21018370985984802 0.9522098898887634 0.22162821888923645 -1.9168026447296143
0.23463751375675201 -0.2692442238330841 0.9340517520904541 0.021403752267360687 0.9490805864334106 -0.14434224367141724 -0.2800200283527374 -0.7105547189712524 0.2102169543504715 0.9521936774253845 0.22166641056537628 -1.9168543815612793
0.23464561998844147 -0.2692393660545349 0.9340511560440063 0.021528055891394615 0.9490761160850525 -0.14435309171676636 -0.28002968430519104 -0.7106536626815796 0.21022823452949524 0.9521933794021606 0.2216568887233734 -1.9167400598526
0.23480284214019775 -0.2691653072834015 0.9340329766273499 0.02155298739671707 0.9490393400192261 -0.1443282961845398 -0.2801670730113983 -0.7106363773345947 0.21021869778633118 0.9522180557250977 0.2215598225593567 -1.916743278503418
0.23477108776569366 -0.2691296637058258 0.9340512156486511 0.021436326205730438 0.9490503668785095 -0.14433209598064423 -0.2801276743412018 -0.7105562686920166 0.21020428836345673 0.9522275924682617 0.2215326428413391 -1.9168537855148315
0.23478484153747559 -0.2691590189933777 0.934039294719696 0.021639784798026085 0.9490508437156677 -0.14430256187915802 -0.28014135360717773 -0.7107084393501282 0.2101868838071823 0.9522237777709961 0.2215655893087387 -1.9166830778121948
0.23488594591617584 -0.2691594064235687 0.9340137839317322 0.02143740840256214 0.9490344524383545 -0.1442391723394394 -0.2802294194698334 -0.7105501294136047 0.21014781296253204 0.9522332549095154 0.22156184911727905 -1.9168963432312012
0.23489001393318176 -0.26916956901550293 0.934009850025177 0.0214247964322567 0.9490175247192383 -0.1443072110414505 -0.280251681804657 -0.7105135917663574 0.2102196365594864 0.95222008228302 0.2215503603219986 -1.9168918132781982
0.23487727344036102 -0.269178569316864 0.9340104460716248 0.02153378166258335 0.949020266532898 -0.14430949091911316 -0.2802412807941437 -0.7105881571769714 0.2102215737104416 0.952217161655426 0.22156095504760742 -1.9168022871017456
0.23499903082847595 -0.26914864778518677 0.9339884519577026 0.02160438895225525 0.9489861130714417 -0.14430773258209229 -0.28035786747932434 -0.7106021642684937 0.21023975312709808 0.952225923538208 0.22150619328022003 -1.9167683124542236
0.23499713838100433 -0.2691479027271271 0.9339891076087952 0.021459756419062614 0.9490024447441101 -0.14423643052577972 -0.28033921122550964 -0.7105014324188232 0.2101680189371109 0.9522369503974915 0.22152692079544067 -1.9169018268585205
0.23499231040477753 -0.26915857195854187 0.9339872598648071 0.02161475084722042 0.9490059614181519 -0.14422395825386047 -0.2803337872028351 -0.7105947136878967 0.2101576328277588 0.9522358179092407 0.2215416133403778 -1.9167858362197876
0.235027477145195 -0.2691494822502136 0.9339810609817505 0.021475262939929962 0.9490001201629639 -0.14420534670352936 -0.28036314249038696 -0.710494875907898 0.21014471352100372 0.9522411823272705 0.2215307205915451 -1.9168592691421509
0.23500584065914154 -0.26909592747688293 0.9340019226074219 0.02149340696632862 0.949000358581543 -0.14424975216388702 -0.28033947944641113 -0.7105289101600647 0.2101678103208542 0.9522495865821838 0.22147265076637268 -1.9168124198913574
0.23500539362430573 -0.2690739929676056 0.9340083599090576 0.02167908102273941 0.9490089416503906 -0.14421801269054413 -0.2803267240524292 -0.7106534838676453 0.210129514336586 0.9522606134414673 0.22146166861057281 -1.9166388511657715
0.2349262833595276 -0.26906856894493103 0.9340298175811768 0.021539827808737755 0.9490178823471069 -0.14428670704364777 -0.2802610993385315 -0.7105531096458435 0.21017760038375854 0.9522517323493958 0.2214541882276535 -1.9167593717575073
0.23478662967681885 -0.26909685134887695 0.9340567588806152 0.021344652399420738 0.9490444660186768 -0.14434751868247986 -0.2801397144794464 -0.7104548811912537 0.2102135419845581 0.9522345066070557 0.22149406373500824 -1.9169237613677979
0.23478630185127258 -0.26910653710365295 0.9340540766716003 0.02147696353495121 0.9490492939949036 -0.14432315528392792 -0.2801358699798584 -0.7105512022972107 0.21019208431243896 0.9522354602813721 0.22151032090187073 -1.9168034791946411
0.23478737473487854 -0.2691410183906555 0.9340438842773438 0.02141030877828598 0.9490365386009216 -0.1443692147731781 -0.2801554203033447 -0.7104707956314087 0.21024854481220245 0.9522187113761902 0.22152864933013916 -1.9168636798858643
0.23476779460906982 -0.2691352367401123 0.934050440788269 0.021537501364946365 0.9490400552749634 -0.14438167214393616 -0.2801371216773987 -0.7105586528778076 0.21025459468364716 0.9522184729576111 0.22152400016784668 -1.9167488813400269
0.23480314016342163 -0.2692011892795563 0.9340225458145142 0.021181123331189156 0.9490470886230469 -0.1442820429801941 -0.2801646590232849 -0.7103599309921265 0.21018339693546295 0.9522149562835693 0.2216067612171173 -1.9170197248458862
0.2348070591688156 -0.2691957950592041 0.9340231418609619 0.021287186071276665 0.9490469694137573 -0.1442788988351822 -0.2801666855812073 -0.7104401588439941 0.21017958223819733 0.9522169232368469 0.22160179913043976 -1.9169223308563232
0.234797403216362 -0.2691041827201843 0.9340519309043884 0.021148644387722015 0.9490594267845154 -0.1442629098892212 -0.28013259172439575 -0.7103527188301086 0.21013395488262177 0.9522452354431152 0.22152337431907654 -1.917073369026184
0.23481348156929016 -0.269107848405838 0.9340468645095825 0.02131832204759121 0.9490454196929932 -0.14430350065231323 -0.28015923500061035 -0.7104098200798035 0.21017932891845703 0.9522380828857422 0.22151121497154236 -1.9169962406158447
0.2348228245973587 -0.26908451318740845 0.9340512156486511 0.02144799754023552 0.9490526914596558 -0.1442648023366928 -0.2801544666290283 -0.7104886174201965 0.21013599634170532 0.9522505402565002 0.2214987725019455 -1.916900873184204
0.2348443865776062 -0.26902464032173157 0.9340630769729614 0.021431487053632736 0.9490588903427124 -0.14422547817230225 -0.2801538109779358 -0.7104236483573914 0.21008402109146118 0.952273428440094 0.22144971787929535 -1.916946530342102
0.23477664589881897 -0.2689453065395355 0.9341029524803162 0.021105486899614334 0.9490844011306763 -0.14422552287578583 -0.28006720542907715 -0.7102533578872681 0.21004429459571838 0.9522958397865295 0.22139105200767517 -1.917170524597168
0.2347794622182846 -0.26892879605293274 0.9341069459915161 0.021215271204710007 0.9490836262702942 -0.14423015713691711 -0.28006744384765625 -0.7103258371353149 0.21004465222358704 0.9522997736930847 0.22137369215488434 -1.9170849323272705
0.2348300963640213 -0.26882636547088623 0.934123694896698 0.02100723795592785 0.9490692615509033 -0.14425718784332275 -0.2801022231578827 -0.7102118134498596 0.2100529819726944 0.9523245692253113 0.2212589830160141 -1.9171783924102783
0.23489314317703247 -0.2688032388687134 0.9341145157814026 0.021095197647809982 0.9490528106689453 -0.14425306022167206 -0.280160129070282 -0.7102752923965454 0.210056871175766 0.9523317813873291 0.22122445702552795 -1.91709303855896
0.2348925918340683 -0.2687958776950836 0.934116780757904 0.0211997851729393 0.9490630626678467 -0.14420941472053528 -0.2801477909088135 -0.7103539705276489 0.2100110650062561 0.9523404240608215 0.22123058140277863 -1.9169906377792358
0.23492199182510376 -0.26886820793151855 0.9340885877609253 0.021036744117736816 0.9490338563919067 -0.14428041875362396 -0.28021037578582764 -0.710239052772522 0.2101103961467743 0.952309250831604 0.22127042710781097 -1.9171335697174072
0.2349477857351303 -0.26888787746429443 0.9340764284133911 0.021091489121317863 0.949027419090271 -0.14426860213279724 -0.28023824095726013 -0.7102629542350769 0.2101106196641922 0.9523054957389832 0.22128643095493317 -1.9170961380004883
0.23495067656040192 -0.2689099609851837 0.9340693354606628 0.021231846883893013 0.9490238428115845 -0.1442740559577942 -0.28024739027023315 -0.710374116897583 0.21012334525585175 0.9522984623908997 0.2213047444820404 -1.9169522523880005
0.23506885766983032 -0.2689617872238159 0.9340246915817261 0.021069053560495377 0.9489874243736267 -0.14426301419734955 -0.28037652373313904 -0.7102254629135132 0.21015584468841553 0.9522854685783386 0.22132965922355652 -1.9171242713928223
0.23497770726680756 -0.26900434494018555 0.9340353608131409 0.021081961691379547 0.9490021467208862 -0.14430725574493408 -0.2803037166595459 -0.7102740406990051 0.2101910561323166 0.9522667527198792 0.22137676179409027 -1.9171277284622192
0.23497948050498962 -0.2690129280090332 0.9340324401855469 0.02119763009250164 0.949004590511322 -0.14429141581058502 -0.2803037762641907 -0.7103698253631592 0.21017825603485107 0.9522667527198792 0.2213890254497528 -1.9170136451721191
0.23490791022777557 -0.26903948187828064 0.9340428113937378 0.02117564156651497 0.9490125179290771 -0.1443447470664978 -0.2802494168281555 -0.71039217710495 0.21022237837314606 0.952251136302948 0.22141414880752563 -1.9170726537704468
0.23490750789642334 -0.26895672082901 0.9340667128562927 0.020895423367619514 0.9490060806274414 -0.14439937472343445 -0.2802431285381317 -0.7101914286613464 0.21025198698043823 0.9522662162780762 0.22132112085819244 -1.917258858680725
0.23489037156105042 -0.2689298689365387 0.9340787529945374 0.02099939063191414 0.9490109086036682 -0.14440877735614777 -0.2802218794822693 -0.7102839946746826 0.21024927496910095 0.9522724151611328 0.22129720449447632 -1.9171593189239502
0.2348947674036026 -0.26893478631973267 0.9340762495994568 0.02084476873278618 0.9490177631378174 -0.14437022805213928 -0.2802184820175171 -0.7102324366569519 0.21021334826946259 0.952276885509491 0.22131212055683136 -1.917257308959961
0.23490050435066223 -0.2689809799194336 0.9340615272521973 0.02101120911538601 0.9489859938621521 -0.14449244737625122 -0.28026309609413147 -0.7102993726730347 0.21035033464431763 0.95224529504776 0.22131788730621338 -1.917151689529419
0.2349076122045517 -0.2689898610115051 0.9340571761131287 0.02111169882118702 0.9489859938621521 -0.14448018372058868 -0.28026944398880005 -0.7103860974311829 0.21034245193004608 0.9522446393966675 0.22132816910743713 -1.9170536994934082
0.23499369621276855 -0.2689868211746216 0.934036374092102 0.02110086940228939 0.9489596486091614 -0.1444832682609558 -0.2803569734096527 -0.7102856636047363 0.21036501228809357 0.9522449970245361 0.22130504250526428 -1.9171056747436523
0.23496286571025848 -0.26903626322746277 0.9340299367904663 0.020962407812476158 0.9489638805389404 -0.1444912701845169 -0.2803385853767395 -0.7102116942405701 0.2103804647922516 0.9522298574447632 0.22135566174983978 -1.9172141551971436
0.23493388295173645 -0.26896199584007263 0.9340586066246033 0.020909013226628304 0.9489845037460327 -0.1444595903158188 -0.280285120010376 -0.7101788520812988 0.21031981706619263 0.9522556066513062 0.22130237519741058 -1.9172827005386353
0.23504650592803955 -0.2689436078071594 0.9340355396270752 0.020731819793581963 0.9489736557006836 -0.14436112344264984 -0.2803725302219391 -0.71006840467453 0.2102428823709488 0.9522757530212402 0.22128887474536896 -1.9174152612686157
0.23508045077323914 -0.26886704564094543 0.9340490698814392 0.020398864522576332 0.9489670991897583 -0.14436772465705872 -0.2803913950920105 -0.7098387479782104 0.21023458242416382 0.9522963762283325 0.22120800614356995 -1.9176549911499023
0.23504315316677094 -0.2688789665699005 0.9340550303459167 0.020512407645583153 0.9489771127700806 -0.14436954259872437 -0.28035658597946167 -0.7099234461784363 0.21023114025592804 0.9522927403450012 0.22122694551944733 -1.9175691604614258
0.2351531684398651 -0.2687957286834717 0.9340512752532959 0.020409664139151573 0.948964536190033 -0.1443018913269043 -0.2804339826107025 -0.7098371982574463 0.210164874792099 0.9523264765739441 0.22114461660385132 -1.9176697731018066
0.23516349494457245 -0.2687106132507324 0.9340731501579285 0.020219704136252403 0.9489602446556091 -0.14433278143405914 -0.2804325520992279 -0.7097188830375671 0.2101726233959198 0.9523457884788513 0.22105392813682556 -1.9177802801132202
0.2351730465888977 -0.26870250701904297 0.9340730905532837 0.020302090793848038 0.9489634037017822 -0.14430786669254303 -0.28043466806411743 -0.709780752658844 0.2101476490497589 0.9523518681526184 0.22105158865451813 -1.917710781097412
0.23531915247440338 -0.2686949372291565 0.9340384602546692 0.020270442590117455 0.9489303231239319 -0.14426127076148987 -0.2805705964565277 -0.7097114324569702 0.21013352274894714 0.9523610472679138 0.22102539241313934 -1.9177461862564087
0.23530179262161255 -0.268721342086792 0.9340352416038513 0.020350567996501923 0.9489133358001709 -0.1443537324666977 -0.2805803418159485 -0.7097819447517395 0.21022944152355194 0.9523395895957947 0.22102662920951843 -1.9176974296569824
0.23528040945529938 -0.2687382996082306 0.9340357780456543 0.020448198541998863 0.9489253163337708 -0.14432372152805328 -0.2805554270744324 -0.7098561525344849 0.21019954979419708 0.9523393511772156 0.22105607390403748 -1.9176117181777954
0.2352757304906845 -0.26876258850097656 0.9340299367904663 0.020498517900705338 0.9488977193832397 -0.14444775879383087 -0.2805849313735962 -0.709908127784729 0.2103293091058731 0.9523137211799622 0.221043199300766 -1.9175587892532349
0.2353077530860901 -0.2687566578388214 0.9340235590934753 0.02058313973248005 0.9488930106163025 -0.14442716538906097 -0.2806113362312317 -0.7099774479866028 0.2103145867586136 0.9523184895515442 0.22103653848171234 -1.9174861907958984
0.2353677600622177 -0.2687847912311554 0.9340003728866577 0.020741822198033333 0.9488711357116699 -0.1444360315799713 -0.28068068623542786 -0.7100329995155334 0.210346058011055 0.952309250831604 0.22104661166667938 -1.9174402952194214
0.2353709489107132 -0.2687949538230896 0.9339966177940369 0.02083488181233406 0.9488784074783325 -0.14439578354358673 -0.28067687153816223 -0.7100914716720581 0.21030975878238678 0.9523124694824219 0.22106721997261047 -1.9173774719238281
0.23542821407318115 -0.268785297870636 0.9339849948883057 0.02089715003967285 0.9488535523414612 -0.1444334089756012 -0.2807416021823883 -0.7100971341133118 0.2103579044342041 0.9523094892501831 0.2210342288017273 -1.9173097610473633
0.23538371920585632 -0.2688151001930237 0.9339876174926758 0.02096852846443653 0.9488406181335449 -0.14454349875450134 -0.28072863817214966 -0.7101766467094421 0.21046599745750427 0.9522843360900879 0.2210395485162735 -1.9172264337539673
0.2353845238685608 -0.2688237428665161 0.9339849352836609 0.02110143005847931 0.948843777179718 -0.14452537894248962 -0.28072717785835266 -0.7102645635604858 0.21045070886611938 0.9522846937179565 0.22105275094509125 -1.9171159267425537
0.2352716475725174 -0.2688250243663788 0.9340130090713501 0.02095569297671318 0.9488555788993835 -0.14462512731552124 -0.2806359529495239 -0.7102006673812866 0.21052376925945282 0.9522691965103149 0.2210499793291092 -1.9172040224075317
0.23526814579963684 -0.26881954073905945 0.9340154528617859 0.021009394899010658 0.9488614201545715 -0.1446051299571991 -0.2806265354156494 -0.7102174162864685 0.21050137281417847 0.9522737860679626 0.22105154395103455 -1.917201280593872
0.23524411022663116 -0.2688259780406952 0.9340196847915649 0.021114276722073555 0.9488673806190491 -0.14460885524749756 -0.28060442209243774 -0.7102900743484497 0.2105013132095337 0.9522714018821716 0.22106187045574188 -1.9171209335327148
0.2352045327425003 -0.2688300609588623 0.9340284466743469 0.02108362875878811 0.9488807320594788 -0.14460104703903198 -0.2805633246898651 -0.7102982401847839 0.21048539876937866 0.9522714018821716 0.22107690572738647 -1.9171934127807617
0.23521077632904053 -0.26881155371665955 0.9340322017669678 0.021157661452889442 0.9488845467567444 -0.14458085596561432 -0.28056082129478455 -0.710354208946228 0.21046122908592224 0.9522796869277954 0.22106420993804932 -1.9171401262283325
0.23514963686466217 -0.2686793804168701 0.9340856075286865 0.020958764478564262 0.9489152431488037 -0.14456461369991302 -0.2804652750492096 -0.7102357745170593 0.21039102971553802 0.9523194432258606 0.22095970809459686 -1.9172534942626953
0.2351963222026825 -0.2686004936695099 0.9340965747833252 0.0207147765904665 0.9489099979400635 -0.14454865455627441 -0.28049129247665405 -0.7100651860237122 0.21036255359649658 0.9523441195487976 0.2208804488182068 -1.9174108505249023
0.23516662418842316 -0.2686050236225128 0.9341027140617371 0.0208089891821146 0.9489256143569946 -0.14451706409454346 -0.2804548144340515 -0.7101367115974426 0.2103254199028015 0.9523476362228394 0.22090065479278564 -1.9173272848129272
0.2351282685995102 -0.26864346861839294 0.9341013431549072 0.020855987444519997 0.9489116072654724 -0.1446211040019989 -0.2804486155509949 -0.7101772427558899 0.21043150126934052 0.9523209929466248 0.22091445326805115 -1.9173104763031006
0.23508208990097046 -0.2686707377433777 0.9341050982475281 0.020826496183872223 0.9489193558692932 -0.14464037120342255 -0.2804122865200043 -0.7101229429244995 0.21044795215129852 0.9523103833198547 0.2209445685148239 -1.9173834323883057
0.23509936034679413 -0.268667072057724 0.9341018199920654 0.020917970687150955 0.9489198327064514 -0.1446160525083542 -0.2804233729839325 -0.7101896405220032 0.2104267030954361 0.9523151516914368 0.22094441950321198 -1.9173195362091064
0.23498103022575378 -0.2687366008758545 0.9341115951538086 0.020809000357985497 0.9489334225654602 -0.14469419419765472 -0.2803369164466858 -0.7101476192474365 0.21049737930297852 0.9522836208343506 0.22101281583309174 -1.9174131155014038
0.23502202332019806 -0.2687070965766907 0.9341097474098206 0.02083095721900463 0.9489240646362305 -0.14468985795974731 -0.28037092089653015 -0.7101348638534546 0.21049392223358154 0.9522926211357117 0.22097738087177277 -1.9173504114151
0.23497897386550903 -0.26870647072792053 0.934120774269104 0.020853891968727112 0.9489351511001587 -0.1446983963251114 -0.28032901883125305 -0.7101205587387085 0.2104920595884323 0.9522914886474609 0.22098396718502045 -1.9173495769500732
0.23495186865329742 -0.2687322795391083 0.9341201782226562 0.02078377455472946 0.9489266872406006 -0.1447657197713852 -0.2803229093551636 -0.7100768089294434 0.21056044101715088 0.952273964881897 0.22099429368972778 -1.9173803329467773
0.2349381148815155 -0.26867756247520447 0.9341393709182739 0.020777951925992966 0.9489363431930542 -0.14475712180137634 -0.28029465675354004 -0.7100781202316284 0.2105322629213333 0.9522907137870789 0.2209489941596985 -1.917400598526001
0.23493798077106476 -0.2686665654182434 0.9341425895690918 0.020849213004112244 0.9489394426345825 -0.14474645256996155 -0.28028956055641174 -0.710136353969574 0.21051831543445587 0.9522954821586609 0.2209419310092926 -1.9173377752304077
0.23500101268291473 -0.2686614692211151 0.9341281652450562 0.02065885439515114 0.9489328861236572 -0.14469212293624878 -0.2803398668766022 -0.710025429725647 0.2104775607585907 0.9523051381111145 0.22093896567821503 -1.917458176612854
0.23492926359176636 -0.2686222791671753 0.9341574907302856 0.020514046773314476 0.9489476084709167 -0.14473481476306915 -0.2802680730819702 -0.710003674030304 0.21049141883850098 0.9523097276687622 0.2209060788154602 -1.9175423383712769
0.23490780591964722 -0.2686103284358978 0.9341663122177124 0.020593861117959023 0.9489508867263794 -0.1447526067495346 -0.2802477180957794 -0.7100812792778015 0.21050049364566803 0.9523103833198547 0.22089454531669617 -1.9174648523330688
0.23488733172416687 -0.2686217725276947 0.9341682195663452 0.020570427179336548 0.9489424228668213 -0.14481526613235474 -0.28024402260780334 -0.7099992036819458 0.21056151390075684 0.9522976279258728 0.22089138627052307 -1.91749906539917
0.23486652970314026 -0.2686111032962799 0.934176504611969 0.020677998661994934 0.9489495158195496 -0.1448146253824234 -0.2802203595638275 -0.7100844979286194 0.21055276691913605 0.9523007273674011 0.22088633477687836 -1.9174116849899292
0.23484928905963898 -0.2686810791492462 0.9341607093811035 0.020696040242910385 0.9489387273788452 -0.14486569166183472 -0.28023040294647217 -0.710074782371521 0.21062049269676208 0.9522732496261597 0.22094035148620605 -1.9174096584320068
0.2348886877298355 -0.2685988247394562 0.9341744780540466 0.020422719419002533 0.9489313960075378 -0.14487013220787048 -0.28025296330451965 -0.7098625302314758 0.21060965955257416 0.9522957801818848 0.2208535522222519 -1.9176400899887085
0.23497450351715088 -0.2685331106185913 0.934171736240387 0.0202748104929924 0.9489279985427856 -0.14478884637355804 -0.28030654788017273 -0.7097663283348083 0.21052929759025574 0.9523266553878784 0.22079694271087646 -1.9177558422088623
0.23496948182582855 -0.26855355501174927 0.9341671466827393 0.020384125411510468 0.9489130973815918 -0.14485681056976318 -0.28032180666923523 -0.7098369002342224 0.21060194075107574 0.9523105621337891 0.2207971215248108 -1.9176582098007202
0.2352605164051056 -0.2685495913028717 0.934095025062561 0.020431140437722206 0.9488599896430969 -0.14470307528972626 -0.28058087825775146 -0.70985347032547 0.21051636338233948 0.9523350596427917 0.2207731008529663 -1.9176511764526367
0.23529212176799774 -0.2685098350048065 0.934098482131958 0.02050161175429821 0.948871374130249 -0.14462053775787354 -0.2805849313735962 -0.7099090814590454 0.21042969822883606 0.9523587822914124 0.2207532823085785 -1.9175885915756226
0.23540300130844116 -0.2685631513595581 0.9340552687644958 0.020411420613527298 0.9488394856452942 -0.14459799230098724 -0.2807042896747589 -0.709827184677124 0.21044939756393433 0.9523471593856812 0.22078457474708557 -1.9176703691482544
0.2354908585548401 -0.2686130106449127 0.9340187311172485 0.020626608282327652 0.948817789554596 -0.14456187188625336 -0.2807963788509369 -0.7099562883377075 0.21044911444187164 0.9523385763168335 0.22082185745239258 -1.9175121784210205
0.23543374240398407 -0.268526166677475 0.9340581297874451 0.020550109446048737 0.9488204121589661 -0.14465376734733582 -0.2807401716709137 -0.7099668383598328 0.21050116419792175 0.9523491263389587 0.22072678804397583 -1.917538046836853
0.23547746241092682 -0.26848551630973816 0.9340587854385376 0.020369455218315125 0.9488196969032288 -0.1446097195148468 -0.28076523542404175 -0.7098603248596191 0.21045544743537903 0.9523673057556152 0.22069206833839417 -1.9176958799362183
0.23550951480865479 -0.26850831508636475 0.9340441823005676 0.020440272986888885 0.9488127827644348 -0.14459039270877838 -0.28079843521118164 -0.7099292874336243 0.21045057475566864 0.9523637890815735 0.22071176767349243 -1.9176305532455444
0.23564516007900238 -0.2684389352798462 0.9340298771858215 0.020401591435074806 0.9487780332565308 -0.14458417892456055 -0.2809191942214966 -0.7098984718322754 0.21045565605163574 0.9523842930793762 0.22061844170093536 -1.9176617860794067
0.23562338948249817 -0.268442302942276 0.9340344071388245 0.020515359938144684 0.9487882256507874 -0.14456655085086823 -0.2808937728404999 -0.7100120782852173 0.2104339599609375 0.9523860216140747 0.2206316888332367 -1.9175446033477783
0.23555763065814972 -0.26851505041122437 0.9340300559997559 0.02053631842136383 0.9487796425819397 -0.1446729302406311 -0.28086796402931213 -0.7100341320037842 0.21054619550704956 0.9523493647575378 0.22068285942077637 -1.917512059211731
0.2355508804321289 -0.26853814721107483 0.9340251684188843 0.020587395876646042 0.9487712383270264 -0.14471331238746643 -0.28087562322616577 -0.7100026607513428 0.21059174835681915 0.9523367285728455 0.22069397568702698 -1.9174824953079224
0.23551537096500397 -0.26853057742118835 0.9340362548828125 0.0206027552485466 0.9487797617912292 -0.14472536742687225 -0.280840665102005 -0.7099934816360474 0.2105930894613266 0.9523370265960693 0.22069136798381805 -1.9174718856811523
0.235503152012825 -0.2686220705509186 0.9340130686759949 0.020408272743225098 0.9487643241882324 -0.14478419721126556 -0.2808624505996704 -0.7098836302757263 0.21067623794078827 0.9523022770881653 0.22076193988323212 -1.9176464080810547
0.23558230698108673 -0.2686366140842438 0.9339889287948608 0.020347699522972107 0.9487479329109192 -0.1447463035583496 -0.2809373438358307 -0.7098420858383179 0.21066154539585114 0.952303946018219 0.22076880931854248 -1.9176963567733765
0.23579226434230804 -0.26857122778892517 0.9339547157287598 0.020423855632543564 0.9486835598945618 -0.14477144181728363 -0.2811417281627655 -0.7098612785339355 0.2107166051864624 0.952318549156189 0.22065316140651703 -1.9175697565078735
0.23579974472522736 -0.26865676045417786 0.9339282512664795 0.02060205116868019 0.948668360710144 -0.14480404555797577 -0.2811761200428009 -0.7099804878234863 0.21077650785446167 0.9522894620895386 0.22072146832942963 -1.9174250364303589
0.2358759194612503 -0.2686578631401062 0.9339087009429932 0.020270055159926414 0.9486668109893799 -0.14470720291137695 -0.2812312841415405 -0.7097634673118591 0.21069836616516113 0.9523038864135742 0.2207338958978653 -1.9177312850952148
