# 3x4 first row second row third row Freq: 100 current Time: 2021-07-31-20:53:39
0.449911504983902 -0.610743522644043 0.6515918970108032 0.2778400778770447 0.09681370109319687 -0.6919525265693665 -0.7154219746589661 -0.6784565448760986 0.8878100514411926 0.3849595785140991 -0.252189040184021 -1.6503747701644897
0.449845552444458 -0.6107845902442932 0.6515988707542419 0.27786585688591003 0.09679551422595978 -0.6919466853141785 -0.7154301404953003 -0.6784818768501282 0.8878454566001892 0.3849048912525177 -0.2521478831768036 -1.6503406763076782
0.449741005897522 -0.6107399463653564 0.6517128348350525 0.2777605950832367 0.09692516177892685 -0.6919892430305481 -0.7153713703155518 -0.6784535646438599 0.887884259223938 0.38489922881126404 -0.25201982259750366 -1.6504390239715576
0.44977056980133057 -0.6107165217399597 0.6517144441604614 0.2776792049407959 0.09693808108568192 -0.6919953227043152 -0.7153637409210205 -0.6784321069717407 0.8878678679466248 0.3849254846572876 -0.2520374059677124 -1.6505005359649658
0.4497353732585907 -0.6107956171035767 0.6516646146774292 0.27773144841194153 0.0969279408454895 -0.6919296979904175 -0.7154286503791809 -0.6784313917160034 0.8878868222236633 0.38491806387901306 -0.25198206305503845 -1.650418758392334
0.4497125744819641 -0.6108027100563049 0.6516736745834351 0.27776816487312317 0.09690666943788528 -0.6919419169425964 -0.7154196500778198 -0.6784526109695435 0.887900710105896 0.3848847448825836 -0.2519840896129608 -1.650372862815857
0.44968026876449585 -0.6108220219612122 0.6516778469085693 0.27787962555885315 0.09689738601446152 -0.6919400691986084 -0.7154226899147034 -0.6785182952880859 0.8879180550575256 0.3848573565483093 -0.2519647181034088 -1.650343418121338
0.4496898353099823 -0.6108309626579285 0.6516628861427307 0.27792325615882874 0.09689708054065704 -0.6919258832931519 -0.7154365181922913 -0.6785452365875244 0.8879132866859436 0.38486871123313904 -0.2519642412662506 -1.650311827659607
0.4496919810771942 -0.6108170747756958 0.6516744494438171 0.27793601155281067 0.09694092720746994 -0.6919211149215698 -0.7154352068901062 -0.6785702109336853 0.8879073858261108 0.384899377822876 -0.251938134431839 -1.6503148078918457
0.4496957063674927 -0.6108196973800659 0.6516693830490112 0.27798283100128174 0.09693451970815659 -0.691919207572937 -0.7154378294944763 -0.6785987019538879 0.8879061937332153 0.3848985731601715 -0.25194355845451355 -1.6502776145935059
0.4497183561325073 -0.610797107219696 0.6516749858856201 0.2781374752521515 0.09700963646173477 -0.6919007301330566 -0.7154455780982971 -0.6786627769470215 0.8878865242004395 0.38496774435043335 -0.25190719962120056 -1.6501253843307495
0.4497111439704895 -0.6108012795448303 0.6516760587692261 0.2781786620616913 0.09700258821249008 -0.6919026374816895 -0.7154446840286255 -0.6786878108978271 0.8878909349441528 0.3849577009677887 -0.25190696120262146 -1.6500879526138306
0.4497193694114685 -0.6107877492904663 0.65168297290802 0.2782571017742157 0.09697689116001129 -0.6919246315956116 -0.7154268622398376 -0.6786975264549255 0.887889564037323 0.3849394917488098 -0.2519395649433136 -1.6500803232192993
0.44971850514411926 -0.6107962131500244 0.6516757011413574 0.2783009707927704 0.09698564559221268 -0.6919119954109192 -0.7154378890991211 -0.6787216663360596 0.8878890872001648 0.38494881987571716 -0.25192710757255554 -1.650046706199646
0.4498156011104584 -0.6107449531555176 0.6516567468643188 0.2782823145389557 0.09702133387327194 -0.6919065713882446 -0.7154383063316345 -0.6786389946937561 0.8878359794616699 0.38503989577293396 -0.25197502970695496 -1.6500277519226074
0.4499085545539856 -0.6107425093650818 0.6515948176383972 0.2781410813331604 0.0970345139503479 -0.691859245300293 -0.7154822945594788 -0.6785758137702942 0.8877874612808228 0.38512876629829407 -0.2520102560520172 -1.650129795074463
0.4498886168003082 -0.6107441186904907 0.651607096195221 0.2781834304332733 0.09706152975559235 -0.6918553113937378 -0.7154824733734131 -0.6785946488380432 0.8877946138381958 0.3851333558559418 -0.2519780099391937 -1.6500906944274902
0.4498968720436096 -0.6107078790664673 0.6516353487968445 0.2780058979988098 0.09706355631351471 -0.6918902397155762 -0.7154483795166016 -0.6785366535186768 0.8877902030944824 0.3851280212402344 -0.2520017623901367 -1.6502035856246948
0.44991016387939453 -0.6107093095779419 0.651624858379364 0.27803725004196167 0.09705118834972382 -0.6918877363204956 -0.7154524922370911 -0.6785590648651123 0.8877847790718079 0.38513028621673584 -0.25201719999313354 -1.6501657962799072
0.4499276578426361 -0.6106837391853333 0.6516367197036743 0.27791860699653625 0.09698588401079178 -0.6919357776641846 -0.7154148817062378 -0.6785136461257935 0.8877830505371094 0.38508450984954834 -0.25209328532218933 -1.6502825021743774
0.44991534948349 -0.6106835007667542 0.6516454219818115 0.2779492735862732 0.0969994068145752 -0.6919360756874084 -0.7154127955436707 -0.6785375475883484 0.8877878189086914 0.3850843906402588 -0.252076655626297 -1.6502532958984375
0.44991829991340637 -0.6106916666030884 0.6516357660293579 0.27778294682502747 0.09698635339736938 -0.6919313073158264 -0.7154191136360168 -0.6784271001815796 0.8877877593040466 0.38507992029190063 -0.25208374857902527 -1.650344729423523
0.44987979531288147 -0.6107783913612366 0.6515810489654541 0.2777440547943115 0.09691783040761948 -0.6918841600418091 -0.715474009513855 -0.678434431552887 0.8878147602081299 0.38502711057662964 -0.252069354057312 -1.6503808498382568
0.4498863220214844 -0.6107715368270874 0.6515829563140869 0.277775377035141 0.0969347357749939 -0.6918812394142151 -0.715474545955658 -0.6784600019454956 0.8878096342086792 0.3850432336330414 -0.2520628869533539 -1.6503571271896362
0.44997438788414 -0.6107267141342163 0.6515641808509827 0.2777446508407593 0.09693821519613266 -0.6918870806694031 -0.7154684662818909 -0.6784730553627014 0.887764573097229 0.3851039409637451 -0.2521286606788635 -1.650415301322937
0.449974000453949 -0.6107181310653687 0.6515724658966064 0.2777763307094574 0.09694991260766983 -0.6918915510177612 -0.7154625058174133 -0.6785006523132324 0.887763500213623 0.38510942459106445 -0.2521241009235382 -1.650399923324585
0.4500006437301636 -0.6107301712036133 0.6515427827835083 0.2777506709098816 0.096918985247612 -0.6918790340423584 -0.7154788374900818 -0.6784607172012329 0.8877533674240112 0.38511279225349426 -0.2521546185016632 -1.6504284143447876
0.449986070394516 -0.6107680797576904 0.6515173316001892 0.2776537537574768 0.09683049470186234 -0.6918827295303345 -0.7154872417449951 -0.6783952116966248 0.887770414352417 0.38504600524902344 -0.2521965801715851 -1.6504888534545898
0.4499707818031311 -0.6107770204544067 0.6515194773674011 0.27768638730049133 0.09682256728410721 -0.6918836236000061 -0.7154874205589294 -0.678413450717926 0.8877790570259094 0.38503021001815796 -0.25219038128852844 -1.6504663228988647
0.4499630928039551 -0.6107978820800781 0.6515052318572998 0.27764445543289185 0.09675827622413635 -0.6918922662734985 -0.7154877781867981 -0.6783618330955505 0.8877899646759033 0.38498157262802124 -0.25222617387771606 -1.650582194328308
0.44997504353523254 -0.610784649848938 0.6515094041824341 0.277678519487381 0.09677891433238983 -0.691892147064209 -0.7154850959777832 -0.6783774495124817 0.8877816200256348 0.3850027918815613 -0.25222310423851013 -1.6505731344223022
0.450048565864563 -0.6107045412063599 0.6515337824821472 0.2775877118110657 0.09685374051332474 -0.6919127106666565 -0.7154550552368164 -0.6783910393714905 0.8877362012863159 0.38509300351142883 -0.2522452771663666 -1.6506402492523193
0.45005711913108826 -0.6106746792793274 0.6515557765960693 0.27765563130378723 0.0968618169426918 -0.6919378638267517 -0.7154296636581421 -0.678432822227478 0.8877310156822205 0.38509508967399597 -0.2522604763507843 -1.6506068706512451
0.45003950595855713 -0.6106211543083191 0.6516181230545044 0.2774063050746918 0.0967603400349617 -0.6920490860939026 -0.7153358459472656 -0.6783104538917542 0.8877509832382202 0.384980171918869 -0.25236546993255615 -1.6507039070129395
0.45006662607192993 -0.6107439994812012 0.6514842510223389 0.2773265838623047 0.09668148308992386 -0.6919354796409607 -0.7154563665390015 -0.6782435178756714 0.8877458572387695 0.38498950004577637 -0.25236940383911133 -1.6507742404937744
0.450092613697052 -0.6107204556465149 0.6514883637428284 0.2773549556732178 0.09670240432024002 -0.6919398307800293 -0.715449333190918 -0.6782692074775696 0.8877303600311279 0.3850189447402954 -0.25237882137298584 -1.6507532596588135
0.45010536909103394 -0.6107459664344788 0.6514557003974915 0.277349591255188 0.09659682959318161 -0.6919516324996948 -0.7154521942138672 -0.6782806515693665 0.8877354264259338 0.3849574327468872 -0.2524549663066864 -1.650697112083435
0.4501211941242218 -0.6107356548309326 0.6514543890953064 0.27737048268318176 0.09661320596933365 -0.6919482946395874 -0.7154532074928284 -0.6783086061477661 0.8877255916595459 0.3849797546863556 -0.2524554133415222 -1.6506764888763428
0.4501315653324127 -0.6106659770011902 0.6515125632286072 0.2773306369781494 0.09658075869083405 -0.6920338869094849 -0.715374767780304 -0.6783496141433716 0.8877238631248474 0.3849363327026367 -0.2525276839733124 -1.6507289409637451
0.4499722123146057 -0.6107722520828247 0.6515229940414429 0.27808335423469543 0.09672972559928894 -0.691928505897522 -0.7154566049575806 -0.6786406636238098 0.8877884149551392 0.3849572241306305 -0.2522687315940857 -1.6502773761749268
0.4499072730541229 -0.6107405424118042 0.6515975594520569 0.2777857482433319 0.0969093069434166 -0.6919163465499878 -0.7154440879821777 -0.6784564852714539 0.8878017663955688 0.3850293457508087 -0.2521117031574249 -1.6504706144332886
0.44975513219833374 -0.6108464002609253 0.6516033411026001 0.2778601050376892 0.09688479453325272 -0.6918832063674927 -0.7154794335365295 -0.6785114407539368 0.8878815174102783 0.38492098450660706 -0.251996248960495 -1.6503742933273315
0.449841171503067 -0.6107678413391113 0.6516175866127014 0.2777511179447174 0.09690079092979431 -0.6919215321540833 -0.7154402136802673 -0.6784292459487915 0.8878361582756042 0.38497671484947205 -0.2520708739757538 -1.6504271030426025
0.4498451352119446 -0.6107686161994934 0.6516141295433044 0.27790918946266174 0.09688843041658401 -0.6919241547584534 -0.7154393196105957 -0.6785195469856262 0.8878355622291565 0.3849707543849945 -0.2520822584629059 -1.650356411933899
0.4498366415500641 -0.6107910871505737 0.6515989899635315 0.2779410183429718 0.09687162935733795 -0.6919108629226685 -0.7154544591903687 -0.6785473823547363 0.8878416419029236 0.38495907187461853 -0.25207847356796265 -1.6503205299377441
0.4498375952243805 -0.6107763051986694 0.6516121625900269 0.2779836356639862 0.09687773138284683 -0.691923975944519 -0.7154409885406494 -0.6785705089569092 0.8878405094146729 0.384958952665329 -0.2520827353000641 -1.6502882242202759
0.4498838484287262 -0.6107069849967957 0.6516452431678772 0.27784258127212524 0.09691962599754333 -0.6919599175453186 -0.7154005169868469 -0.6784530878067017 0.8878124952316284 0.38500434160232544 -0.2521120607852936 -1.6502913236618042
0.4498908519744873 -0.6107041239738464 0.6516430377960205 0.2778836786746979 0.09689830243587494 -0.6919689178466797 -0.7153946757316589 -0.6784632802009583 0.8878113031387329 0.3849926292896271 -0.2521342635154724 -1.6502299308776855
0.44992539286613464 -0.610741376876831 0.651584267616272 0.2777792513370514 0.09684065729379654 -0.6919366121292114 -0.7154337763786316 -0.6783642768859863 0.8878000974655151 0.3849916458129883 -0.2521752119064331 -1.6503576040267944
0.4498864710330963 -0.6108130216598511 0.6515439748764038 0.2778457999229431 0.09677855670452118 -0.6919033527374268 -0.7154743075370789 -0.678444504737854 0.8878265619277954 0.38493767380714417 -0.2521643042564392 -1.6504037380218506
0.44986072182655334 -0.6108130216598511 0.6515617370605469 0.27781611680984497 0.09686650335788727 -0.6918774843215942 -0.7154874205589294 -0.678429901599884 0.8878300189971924 0.38498419523239136 -0.25208112597465515 -1.650443434715271
0.44995397329330444 -0.6107274889945984 0.6515775322914124 0.2777230739593506 0.09696415066719055 -0.6918846368789673 -0.7154672741889954 -0.6784045100212097 0.8877721428871155 0.38510698080062866 -0.2520975172519684 -1.6505047082901
0.45001640915870667 -0.6106454133987427 0.651611328125 0.27786239981651306 0.09686187654733658 -0.6919893622398376 -0.7153798341751099 -0.6785239577293396 0.8877516388893127 0.3850489556789398 -0.2522582709789276 -1.6503868103027344
0.4500032663345337 -0.6106556057929993 0.6516109108924866 0.2779045104980469 0.09685204178094864 -0.6919887661933899 -0.7153817415237427 -0.6785535216331482 0.8877593874931335 0.3850339651107788 -0.252253919839859 -1.650354266166687
0.45001277327537537 -0.6106466054916382 0.6516127586364746 0.27780401706695557 0.09683072566986084 -0.6920033693313599 -0.7153705358505249 -0.6784818768501282 0.887756884098053 0.38502198457717896 -0.25228095054626465 -1.650363802909851
0.4500235617160797 -0.6106493473052979 0.6516027450561523 0.27783796191215515 0.09680850803852081 -0.6920048594474792 -0.7153720855712891 -0.6785045862197876 0.8877538442611694 0.38501498103141785 -0.2523024082183838 -1.6503273248672485
0.44999319314956665 -0.6106112003326416 0.6516594290733337 0.2778364419937134 0.09688392281532288 -0.6920284628868103 -0.7153390645980835 -0.6784983277320862 0.8877609968185425 0.3850330114364624 -0.2522496283054352 -1.650343894958496
0.4500545561313629 -0.6105508208274841 0.6516736745834351 0.27773192524909973 0.0968816950917244 -0.692066490650177 -0.7153025269508362 -0.6784226298332214 0.8877301216125488 0.3850603997707367 -0.2523164451122284 -1.6504789590835571
0.4500529170036316 -0.6105457544326782 0.651679515838623 0.2777670919895172 0.09688965231180191 -0.692069411277771 -0.7152986526489258 -0.6784359812736511 0.887730062007904 0.3850632607936859 -0.25231224298477173 -1.6504552364349365
0.4500892758369446 -0.6104558110237122 0.6517386436462402 0.27774739265441895 0.09686705470085144 -0.6921605467796326 -0.7152135372161865 -0.6785004138946533 0.887714147567749 0.3850419223308563 -0.2524009346961975 -1.650418996810913
0.4500744342803955 -0.6104258894920349 0.6517769694328308 0.27772781252861023 0.09682445973157883 -0.6922189593315125 -0.7151627540588379 -0.6784989237785339 0.8877263069152832 0.38498440384864807 -0.25244584679603577 -1.6504133939743042
0.4500628411769867 -0.6104301810264587 0.6517809629440308 0.2776540219783783 0.09679816663265228 -0.6922311782836914 -0.7151545286178589 -0.6784548163414001 0.8877350687980652 0.38495564460754395 -0.25245895981788635 -1.6504793167114258
0.4500349462032318 -0.6104663610458374 0.651766300201416 0.2778642773628235 0.09687601029872894 -0.6921709775924683 -0.715202271938324 -0.6785445213317871 0.8877406716346741 0.38500648736953735 -0.2523615062236786 -1.6503528356552124
0.4500376284122467 -0.6104708313941956 0.6517602801322937 0.2779023051261902 0.09687909483909607 -0.6921634674072266 -0.7152090668678284 -0.6785691976547241 0.8877390027046204 0.3850129246711731 -0.25235769152641296 -1.6503162384033203
0.45002737641334534 -0.610500693321228 0.6517393589019775 0.2776915729045868 0.09681720286607742 -0.6921623945236206 -0.7152184844017029 -0.6783968210220337 0.8877509236335754 0.38496747612953186 -0.2523850202560425 -1.6505409479141235
0.44988813996315 -0.610507607460022 0.6518290042877197 0.277604877948761 0.09684503823518753 -0.6922089457511902 -0.7151696681976318 -0.6783773899078369 0.887818455696106 0.3848727345466614 -0.2522919178009033 -1.6505526304244995
0.4498794972896576 -0.6105058193206787 0.651836633682251 0.277629017829895 0.09684094786643982 -0.6922168135643005 -0.7151625752449036 -0.6783878207206726 0.8878232836723328 0.38486143946647644 -0.25229212641716003 -1.6505295038223267
0.44987913966178894 -0.6105493307113647 0.6517961621284485 0.2774885594844818 0.09684042632579803 -0.6921694874763489 -0.7152084708213806 -0.6782617568969727 0.8878235220909119 0.38487759232521057 -0.25226670503616333 -1.650648593902588
0.44986680150032043 -0.6105746030807495 0.6517810225486755 0.2775137722492218 0.09682556241750717 -0.6921541094779968 -0.7152253985404968 -0.6782611012458801 0.8878313899040222 0.3848652243614197 -0.2522578835487366 -1.6506246328353882
0.44990429282188416 -0.6106215119361877 0.6517111659049988 0.2773829698562622 0.09675157815217972 -0.6921167969703674 -0.7152714729309082 -0.6781785488128662 0.8878204822540283 0.38485777378082275 -0.2523076832294464 -1.650704026222229
0.4497656524181366 -0.6107354760169983 0.6517000794410706 0.2774510979652405 0.0967521071434021 -0.6920574307441711 -0.7153288722038269 -0.678263783454895 0.887890636920929 0.38478368520736694 -0.25217369198799133 -1.6506850719451904
0.4496784508228302 -0.6107122898101807 0.6517819762229919 0.2772892713546753 0.09685568511486053 -0.6920795440673828 -0.7152934670448303 -0.6781793832778931 0.887923538684845 0.3847808539867401 -0.25206226110458374 -1.6508153676986694
0.449629545211792 -0.6107459664344788 0.6517841815948486 0.27724599838256836 0.09681675583124161 -0.6920827031135559 -0.715295672416687 -0.6781795620918274 0.8879525661468506 0.38472166657447815 -0.25205034017562866 -1.650830864906311
0.44963061809539795 -0.61075758934021 0.6517724990844727 0.2773972749710083 0.0968015193939209 -0.6920759677886963 -0.7153041958808899 -0.6782830357551575 0.8879536986351013 0.3847152292728424 -0.2520562410354614 -1.6507387161254883
0.44962337613105774 -0.6107692718505859 0.6517665386199951 0.27741366624832153 0.09681031107902527 -0.6920627951622009 -0.7153158187866211 -0.6782935857772827 0.8879563808441162 0.38472041487693787 -0.2520388066768646 -1.6507234573364258
0.44969913363456726 -0.6107549667358398 0.6517276763916016 0.2775435745716095 0.09677087515592575 -0.6920595765113831 -0.7153242826461792 -0.6783562302589417 0.8879223465919495 0.3847489356994629 -0.25211524963378906 -1.6506203413009644
0.4496932327747345 -0.610762357711792 0.6517248153686523 0.2775604724884033 0.09674367308616638 -0.6920660138130188 -0.7153216600418091 -0.6783888339996338 0.8879282474517822 0.38472554087638855 -0.2521299719810486 -1.6505835056304932
0.44969481229782104 -0.6108539700508118 0.6516379117965698 0.2778298258781433 0.09671034663915634 -0.691979169845581 -0.7154102325439453 -0.678528904914856 0.8879311084747314 0.3847363591194153 -0.2521035075187683 -1.6503748893737793
0.44982779026031494 -0.6106896996498108 0.6517000794410706 0.2776634693145752 0.09681317955255508 -0.6920516490936279 -0.715326189994812 -0.6784411668777466 0.8878525495529175 0.38486674427986145 -0.25218120217323303 -1.6504725217819214
0.44979724287986755 -0.6107014417648315 0.6517101526260376 0.2776827812194824 0.09681368619203568 -0.6920530796051025 -0.7153247594833374 -0.678455650806427 0.8878679275512695 0.3848455250263214 -0.2521592676639557 -1.6504430770874023
0.4498026371002197 -0.6107600927352905 0.6516514420509338 0.2778492867946625 0.09676933288574219 -0.6920053362846375 -0.7153769135475159 -0.6784887313842773 0.8878700733184814 0.3848382830619812 -0.25216296315193176 -1.650337815284729
0.44984760880470276 -0.6107624173164368 0.651618242263794 0.2777129113674164 0.09682226926088333 -0.691958487033844 -0.7154151201248169 -0.6784219145774841 0.887841522693634 0.3849188983440399 -0.2521404027938843 -1.6505130529403687
0.44984257221221924 -0.6107990741729736 0.6515873670578003 0.2777404487133026 0.0968182161450386 -0.6919224262237549 -0.7154505252838135 -0.6784342527389526 0.8878445029258728 0.38492560386657715 -0.25211963057518005 -1.6504937410354614
0.44982755184173584 -0.6107602119445801 0.651634156703949 0.2779270112514496 0.09692616015672684 -0.6919254064559937 -0.7154330015182495 -0.6785373687744141 0.8878403306007385 0.38498184084892273 -0.25204843282699585 -1.650315284729004
0.44984525442123413 -0.6107584238052368 0.6516236066818237 0.27795547246932983 0.09691015630960464 -0.6919258832931519 -0.715434730052948 -0.6785535216331482 0.8878331184387207 0.3849838376045227 -0.2520708441734314 -1.6502885818481445
0.4497183561325073 -0.6108081936836243 0.6516645550727844 0.27789610624313354 0.09680820256471634 -0.6919758319854736 -0.715400218963623 -0.6785345077514648 0.8879085183143616 0.3848150670528412 -0.25206294655799866 -1.6503260135650635
0.4497119188308716 -0.6107948422431946 0.6516814827919006 0.27792561054229736 0.09682115912437439 -0.691987931728363 -0.7153867483139038 -0.6785516142845154 0.8879103660583496 0.3848145008087158 -0.2520573139190674 -1.6502964496612549
0.4497877359390259 -0.6108443737030029 0.6515827178955078 0.27772441506385803 0.09675364941358566 -0.6919267177581787 -0.7154551148414612 -0.6784031987190247 0.8878793120384216 0.38484591245651245 -0.25211867690086365 -1.6504456996917725
0.4497716724872589 -0.6108580231666565 0.6515810489654541 0.27769678831100464 0.09670697897672653 -0.691939651966095 -0.7154489159584045 -0.6784061193466187 0.8878925442695618 0.38480105996131897 -0.2521405518054962 -1.6504839658737183
0.44976356625556946 -0.6108469367027283 0.6515970230102539 0.2777214050292969 0.09671289473772049 -0.6919530630111694 -0.7154350876808167 -0.678415834903717 0.8878960013389587 0.3847944736480713 -0.2521384656429291 -1.6504615545272827
0.4497184157371521 -0.6108782887458801 0.6515988111495972 0.27749159932136536 0.09665168821811676 -0.6919666528701782 -0.7154302597045898 -0.6782795786857605 0.8879255056381226 0.3847202658653259 -0.2521476745605469 -1.6505926847457886
0.44979342818260193 -0.6108008623123169 0.6516196131706238 0.2774583101272583 0.09669797122478485 -0.6919959783554077 -0.7153956294059753 -0.6782682538032532 0.8878824710845947 0.3847905397415161 -0.2521919906139374 -1.650648832321167
0.44977909326553345 -0.6108008027076721 0.651629626750946 0.2774757444858551 0.09668529778718948 -0.692008376121521 -0.715385377407074 -0.6782706379890442 0.8878911137580872 0.38476836681365967 -0.2521953880786896 -1.650628924369812
0.4498271048069 -0.6107434630393982 0.6516501903533936 0.2773474454879761 0.0968695729970932 -0.691968560218811 -0.7153989672660828 -0.6782070994377136 0.8878467082977295 0.38493087887763977 -0.25210368633270264 -1.6507610082626343
0.4498109817504883 -0.6107546091079712 0.6516508460044861 0.27735888957977295 0.0968765914440155 -0.6919609308242798 -0.7154053449630737 -0.6782037615776062 0.8878540992736816 0.3849268853664398 -0.25208377838134766 -1.650750756263733
0.4498208463191986 -0.6107466816902161 0.6516515016555786 0.27747946977615356 0.09681199491024017 -0.6919929385185242 -0.7153831124305725 -0.6782746911048889 0.8878561854362488 0.3848819136619568 -0.2521452009677887 -1.65068519115448
0.4498817026615143 -0.6107218861579895 0.6516327261924744 0.2776050269603729 0.09673488140106201 -0.6920246481895447 -0.7153629064559937 -0.6783493757247925 0.8878337144851685 0.38486427068710327 -0.2522510886192322 -1.6505836248397827
0.44988057017326355 -0.6107192039489746 0.651636004447937 0.2776263952255249 0.09673507511615753 -0.6920280456542969 -0.715359628200531 -0.6783506274223328 0.8878343105316162 0.38486242294311523 -0.2522519528865814 -1.650566577911377
0.4498561918735504 -0.6106528639793396 0.6517149806022644 0.2775304615497589 0.09682688862085342 -0.6920726299285889 -0.7153040170669556 -0.6783275604248047 0.8878366351127625 0.3848874568939209 -0.252205491065979 -1.6506314277648926
0.4498631954193115 -0.6106551885604858 0.6517079472541809 0.2775457501411438 0.09681319445371628 -0.6920726895332336 -0.7153058648109436 -0.6783343553543091 0.8878346085548401 0.38488367199897766 -0.25221848487854004 -1.6506177186965942
0.44992563128471375 -0.610659122467041 0.6516611576080322 0.27751386165618896 0.09681522846221924 -0.6920377612113953 -0.7153393626213074 -0.6783378720283508 0.8878027200698853 0.3849402368068695 -0.25224438309669495 -1.6506068706512451
0.44991350173950195 -0.6107000112533569 0.651631236076355 0.27745798230171204 0.09686734527349472 -0.6919760704040527 -0.7153919339179993 -0.6783257126808167 0.8878031969070435 0.3849862813949585 -0.25217244029045105 -1.6506553888320923
0.4498768150806427 -0.6107354164123535 0.6516234278678894 0.2776205241680145 0.09686513245105743 -0.6919556260108948 -0.7154120206832886 -0.6783891916275024 0.8878220319747925 0.3849668502807617 -0.2521357834339142 -1.6505333185195923
0.44992178678512573 -0.610650360584259 0.6516720652580261 0.2775436341762543 0.09695545583963394 -0.6919884085655212 -0.7153680920600891 -0.6783389449119568 0.8877893686294556 0.38504281640052795 -0.2521347403526306 -1.6505855321884155
0.44994062185287476 -0.6106619834899902 0.6516481637954712 0.2775556147098541 0.09693575650453568 -0.6919752359390259 -0.7153835296630859 -0.6783470511436462 0.8877819776535034 0.3850480914115906 -0.2521527409553528 -1.6505757570266724
0.4499518573284149 -0.6106776595115662 0.6516256928443909 0.2777036726474762 0.09694571048021317 -0.6919483542442322 -0.7154081463813782 -0.6784184575080872 0.887775182723999 0.3850715458393097 -0.2521408200263977 -1.6505240201950073
0.449954092502594 -0.6106652021408081 0.6516358256340027 0.27772587537765503 0.09694681316614151 -0.6919604539871216 -0.7153962850570679 -0.6784274578094482 0.8877739310264587 0.38506948947906494 -0.2521483600139618 -1.6505162715911865
0.45002758502960205 -0.6106394529342651 0.6516092419624329 0.27779141068458557 0.09687856584787369 -0.6919834017753601 -0.7153833508491516 -0.6784856915473938 0.887744128704071 0.38506919145584106 -0.2522537112236023 -1.6504720449447632
0.44999754428863525 -0.6106686592102051 0.6516026258468628 0.2778208553791046 0.09684229642152786 -0.6919813752174377 -0.7153902649879456 -0.678501307964325 0.8877633213996887 0.3850265443325043 -0.2522513270378113 -1.6504565477371216
0.45001357793807983 -0.6105884313583374 0.6516667008399963 0.2776641249656677 0.09687700867652893 -0.6920467615127563 -0.7153222560882568 -0.6784110069274902 0.8877514004707336 0.3850362300872803 -0.2522784173488617 -1.6505523920059204
0.45003536343574524 -0.6106077432632446 0.6516335606575012 0.27780774235725403 0.09677174687385559 -0.6920608282089233 -0.7153229117393494 -0.6784660816192627 0.8877518773078918 0.38498029112815857 -0.2523622214794159 -1.650420069694519
0.4500349760055542 -0.6106568574905396 0.6515877842903137 0.27794742584228516 0.09665289521217346 -0.6920586228370667 -0.7153411507606506 -0.6785286664962769 0.8877649903297424 0.3849063515663147 -0.25242879986763 -1.6503041982650757
0.4500901997089386 -0.6106829047203064 0.6515252590179443 0.27783069014549255 0.09661707282066345 -0.6920192837715149 -0.7153840661048889 -0.6784482598304749 0.8877409100532532 0.38493579626083374 -0.25246864557266235 -1.6503595113754272
0.45014896988868713 -0.6106536984443665 0.6515120267868042 0.27766668796539307 0.09656696021556854 -0.6920450925827026 -0.7153657674789429 -0.6783856153488159 0.88771653175354 0.3849356770515442 -0.25255438685417175 -1.6504379510879517
0.4501297175884247 -0.6106611490249634 0.6515183448791504 0.2776728868484497 0.0965835303068161 -0.6920388340950012 -0.7153695821762085 -0.6783913969993591 0.8877245187759399 0.38493505120277405 -0.2525273859500885 -1.6504026651382446
0.4500916600227356 -0.610674262046814 0.6515323519706726 0.27744343876838684 0.09679354727268219 -0.6919515132904053 -0.7154257297515869 -0.6782926917076111 0.8877209424972534 0.3850712776184082 -0.25233224034309387 -1.6506259441375732
0.4500974416732788 -0.6106765866279602 0.651526153087616 0.27748385071754456 0.09679065644741058 -0.6919474601745605 -0.7154300212860107 -0.678313672542572 0.8877183198928833 0.38507482409477234 -0.25233593583106995 -1.6505725383758545
0.4500764310359955 -0.6107211112976074 0.6514989137649536 0.27738845348358154 0.09674710780382156 -0.691927433013916 -0.7154552340507507 -0.6782561540603638 0.8877336978912354 0.38504016399383545 -0.25233468413352966 -1.6506457328796387
0.45012518763542175 -0.6107125878334045 0.6514732241630554 0.27733537554740906 0.09675128012895584 -0.6919118165969849 -0.7154698371887207 -0.6782596707344055 0.8877085447311401 0.38508185744285583 -0.25235965847969055 -1.6506993770599365
0.45022210478782654 -0.6107452511787415 0.6513756513595581 0.27745428681373596 0.09680816531181335 -0.6918050646781921 -0.7155653238296509 -0.6782715320587158 0.8876531720161438 0.38522180914878845 -0.25234076380729675 -1.6506714820861816
0.4503258466720581 -0.6107275485992432 0.6513205766677856 0.27743107080459595 0.09683241695165634 -0.6917645335197449 -0.7156012654304504 -0.6782741546630859 0.887597918510437 0.3853226602077484 -0.25238117575645447 -1.6507127285003662
0.45023810863494873 -0.6107352375984192 0.6513739824295044 0.2775285840034485 0.09686706215143204 -0.6917828917503357 -0.7155787944793701 -0.6783373355865479 0.8876386284828186 0.38527753949165344 -0.25230684876441956 -1.6506402492523193
0.45023638010025024 -0.6107431650161743 0.651367723941803 0.2775465250015259 0.09686042368412018 -0.6917778849601746 -0.7155845761299133 -0.6783501505851746 0.8876402378082275 0.3852739632129669 -0.2523066997528076 -1.650627851486206
0.4501706659793854 -0.6107567548751831 0.6514004468917847 0.2775055170059204 0.09690133482217789 -0.6917765140533447 -0.7155803442001343 -0.6783702969551086 0.8876691460609436 0.385254830121994 -0.2522343099117279 -1.6506901979446411
0.4501258432865143 -0.6107246279716492 0.6514614820480347 0.27736541628837585 0.09681284427642822 -0.6918715238571167 -0.7155004143714905 -0.6783075928688049 0.8877015113830566 0.38513505458831787 -0.25230324268341064 -1.6507678031921387
0.4501180350780487 -0.6107041835784912 0.6514860987663269 0.27737727761268616 0.09684738516807556 -0.6918827295303345 -0.7154849171638489 -0.6783232092857361 0.887701690196991 0.385147362947464 -0.2522837519645691 -1.6507576704025269
0.4502134621143341 -0.6106772422790527 0.6514453887939453 0.2773541212081909 0.0968080461025238 -0.69188392162323 -0.7154890894889832 -0.6782822608947754 0.8876575827598572 0.3851879835128784 -0.2523769438266754 -1.6507517099380493
0.45020800828933716 -0.6106939315795898 0.651433527469635 0.27726641297340393 0.09677398949861526 -0.6918830275535583 -0.7154946327209473 -0.6782008409500122 0.8876640796661377 0.38516318798065186 -0.2523919343948364 -1.6507962942123413
0.450210303068161 -0.6106845140457153 0.6514407396316528 0.27727586030960083 0.09678613394498825 -0.6918869018554688 -0.7154891490936279 -0.6782016158103943 0.8876615762710571 0.38517099618911743 -0.25238877534866333 -1.6507798433303833
0.45024776458740234 -0.6106698513031006 0.6514285802841187 0.27729812264442444 0.09680648148059845 -0.6918763518333435 -0.7154966592788696 -0.6781712770462036 0.8876403570175171 0.3852132558822632 -0.25239893794059753 -1.650787353515625
0.45015132427215576 -0.6106725931167603 0.651492714881897 0.27725329995155334 0.09685400873422623 -0.6918987035751343 -0.7154685854911804 -0.678224503993988 0.8876841068267822 0.38516879081726074 -0.2523129880428314 -1.6508216857910156
0.4501630961894989 -0.6106497645378113 0.6515059471130371 0.27725982666015625 0.09686336666345596 -0.6919141411781311 -0.7154524326324463 -0.6782301664352417 0.8876770734786987 0.3851773142814636 -0.25232458114624023 -1.6508140563964844
0.4501034915447235 -0.6106517910957336 0.6515452265739441 0.27746129035949707 0.0969361662864685 -0.6919086575508118 -0.7154478430747986 -0.6783374547958374 0.8876993656158447 0.38518384099006653 -0.2522362172603607 -1.6506680250167847
0.4501402974128723 -0.6106538772583008 0.6515178084373474 0.27747172117233276 0.09692278504371643 -0.6918946504592896 -0.7154632210731506 -0.6783456802368164 0.8876821398735046 0.3852057456970215 -0.2522633373737335 -1.6506624221801758
0.4499923288822174 -0.6107015609741211 0.6515753269195557 0.27754688262939453 0.09701678156852722 -0.6918720006942749 -0.7154723405838013 -0.678382396697998 0.8877469301223755 0.3851707875728607 -0.252088725566864 -1.6506309509277344
0.4499955475330353 -0.6107032299041748 0.6515715718269348 0.27755478024482727 0.09700210392475128 -0.6918750405311584 -0.7154713869094849 -0.6783910989761353 0.8877468705177307 0.3851627707481384 -0.2521011531352997 -1.6506284475326538
0.44988420605659485 -0.6107412576675415 0.6516128182411194 0.2777191996574402 0.09704475104808807 -0.6918678283691406 -0.7154726386070251 -0.6784709095954895 0.8877986669540405 0.3851154148578644 -0.2519911527633667 -1.6505082845687866
0.44988879561424255 -0.6108583211898804 0.65149986743927 0.27760887145996094 0.09697455167770386 -0.6917675137519836 -0.7155791521072388 -0.6783539056777954 0.8878040313720703 0.38510993123054504 -0.2519806921482086 -1.650627851486206
0.4498835802078247 -0.6108574867248535 0.6515042781829834 0.2776311933994293 0.0969887301325798 -0.691764771938324 -0.7155798673629761 -0.6783634424209595 0.8878051042556763 0.38511618971824646 -0.25196725130081177 -1.6506291627883911
0.44988149404525757 -0.6108404994010925 0.6515216827392578 0.27766862511634827 0.09699227660894394 -0.6917828917503357 -0.7155618667602539 -0.6783887147903442 0.8878057599067688 0.3851105868816376 -0.2519734799861908 -1.6505883932113647
0.44985732436180115 -0.6108605861663818 0.6515195369720459 0.27769240736961365 0.09698899835348129 -0.6917737722396851 -0.7155711054801941 -0.6784020662307739 0.8878183960914612 0.38509511947631836 -0.2519527077674866 -1.650588870048523
0.44994044303894043 -0.6107239723205566 0.6515901684761047 0.2776504158973694 0.09705619513988495 -0.6918550133705139 -0.7154834270477295 -0.6783871650695801 0.8877689242362976 0.3851657807826996 -0.2520189583301544 -1.650608777999878
0.4499243497848511 -0.6107360124588013 0.6515899896621704 0.27766910195350647 0.09705371409654617 -0.6918505430221558 -0.715488076210022 -0.6783950924873352 0.8877773284912109 0.38515472412109375 -0.2520061731338501 -1.6506075859069824
0.44990625977516174 -0.6107622385025024 0.651577889919281 0.27765122056007385 0.09699641168117523 -0.691855251789093 -0.7154913544654846 -0.6783472299575806 0.8877927660942078 0.3851047456264496 -0.252028226852417 -1.65057373046875
0.4499278664588928 -0.6107822060585022 0.6515442728996277 0.27749863266944885 0.09698748588562012 -0.6918268799781799 -0.7155199646949768 -0.6782809495925903 0.8877828121185303 0.3851240277290344 -0.25203391909599304 -1.6506426334381104
0.44992753863334656 -0.6107849478721619 0.6515419483184814 0.2775079607963562 0.0969732329249382 -0.6918302178382874 -0.7155186533927917 -0.6782837510108948 0.8877845406532288 0.3851136565208435 -0.25204363465309143 -1.6506316661834717
0.4499281048774719 -0.6108099818229675 0.6515181064605713 0.27752992510795593 0.09692051261663437 -0.6918253302574158 -0.7155305743217468 -0.6783364415168762 0.8877899646759033 0.38508275151252747 -0.2520716190338135 -1.6506599187850952
0.4499017000198364 -0.6108253002166748 0.6515219211578369 0.2775435745716095 0.09692580997943878 -0.6918187737464905 -0.7155361771583557 -0.6783437728881836 0.88780277967453 0.38507020473480225 -0.2520456314086914 -1.6506547927856445
0.4498935043811798 -0.6107885241508484 0.6515620946884155 0.27730122208595276 0.09697575867176056 -0.6918413639068604 -0.7155075669288635 -0.6782246828079224 0.887801468372345 0.38508790731430054 -0.25202322006225586 -1.6508346796035767
0.44994086027145386 -0.610729992389679 0.6515842080116272 0.27713584899902344 0.09691301733255386 -0.6919103264808655 -0.7154493927955627 -0.6781300902366638 0.8877843618392944 0.38505691289901733 -0.25213098526000977 -1.6509068012237549
0.4500117599964142 -0.6107152104377747 0.6515491604804993 0.27712172269821167 0.09692738205194473 -0.6918866038322449 -0.7154703736305237 -0.6781603693962097 0.8877468109130859 0.38512304425239563 -0.25216203927993774 -1.650895118713379
0.4498976767063141 -0.6107140183448792 0.6516290307044983 0.2769849896430969 0.0970287024974823 -0.6918982267379761 -0.7154453992843628 -0.6780893802642822 0.8877936005592346 0.38510391116142273 -0.25202658772468567 -1.6510095596313477
0.4498465359210968 -0.6107764840126038 0.6516057848930359 0.27707162499427795 0.09705276042222977 -0.691843569278717 -0.7154949903488159 -0.6781299710273743 0.8878169059753418 0.3851030468940735 -0.2519458532333374 -1.6509655714035034
0.4498511552810669 -0.6107772588729858 0.6516019105911255 0.27706459164619446 0.09704307466745377 -0.6918447613716125 -0.7154951095581055 -0.678126335144043 0.8878155946731567 0.38509976863861084 -0.25195541977882385 -1.6509696245193481
0.44983136653900146 -0.6107845306396484 0.6516087651252747 0.27717676758766174 0.09704232960939407 -0.6918465495109558 -0.7154935598373413 -0.6781999468803406 0.8878257274627686 0.3850850462913513 -0.2519422769546509 -1.6509137153625488
0.4498646855354309 -0.6108320355415344 0.6515411734580994 0.2771267592906952 0.09696076065301895 -0.6918138265609741 -0.7155361771583557 -0.6780998110771179 0.8878177404403687 0.3850683867931366 -0.25199583172798157 -1.650950312614441
0.4499342739582062 -0.6108132600784302 0.6515107750892639 0.27724915742874146 0.09688787162303925 -0.691832959651947 -0.7155275940895081 -0.6781830191612244 0.8877904415130615 0.38506388664245605 -0.2520989179611206 -1.6508703231811523
0.44987595081329346 -0.6108000874519348 0.6515634059906006 0.27740034461021423 0.09694238007068634 -0.6918515563011169 -0.7155022621154785 -0.6782597899436951 0.8878140449523926 0.38505133986473083 -0.25203490257263184 -1.6507765054702759
0.44988730549812317 -0.6107507944107056 0.6516017317771912 0.27740001678466797 0.09696707129478455 -0.6918895244598389 -0.7154621481895447 -0.6782954931259155 0.8878055810928345 0.38506123423576355 -0.2520495653152466 -1.6508164405822754
0.44985082745552063 -0.6107591986656189 0.651619017124176 0.2774238586425781 0.09698998928070068 -0.6918877363204956 -0.7154607772827148 -0.6783161759376526 0.8878215551376343 0.3850511312484741 -0.25200870633125305 -1.6508255004882812
0.4498886466026306 -0.6107525825500488 0.651599109172821 0.2774833142757416 0.09689635783433914 -0.6919175982475281 -0.7154445648193359 -0.6783527135848999 0.887812614440918 0.38500794768333435 -0.2521061301231384 -1.6507434844970703
0.4499082863330841 -0.6107295155525208 0.6516072154045105 0.27750539779663086 0.09691741317510605 -0.6919244527816772 -0.7154350876808167 -0.6783755421638489 0.887800395488739 0.3850322365760803 -0.25211217999458313 -1.6507420539855957
0.4499356150627136 -0.6107614636421204 0.6515583395957947 0.2774413526058197 0.09694256633520126 -0.6918654441833496 -0.7154887914657593 -0.6783449649810791 0.8877837657928467 0.38508760929107666 -0.2520860731601715 -1.6507831811904907
0.45006805658340454 -0.6106428503990173 0.6515780687332153 0.27720263600349426 0.09695478528738022 -0.6919273138046265 -0.7154272794723511 -0.6781904697418213 0.8877153396606445 0.3851645588874817 -0.2522095739841461 -1.6508936882019043
0.4500597417354584 -0.6106356978416443 0.6515905261039734 0.27720755338668823 0.09696251153945923 -0.6919357776641846 -0.7154180407524109 -0.6781947016716003 0.887718677520752 0.3851606845855713 -0.25220364332199097 -1.6508816480636597
0.4501029849052429 -0.6105656623840332 0.6516262888908386 0.27718132734298706 0.0969650000333786 -0.6919909715652466 -0.7153643369674683 -0.6782004237174988 0.8876965045928955 0.3851725459098816 -0.2522636651992798 -1.650833249092102
0.4501015543937683 -0.6105788946151733 0.6516149044036865 0.27718040347099304 0.09694939851760864 -0.6919839382171631 -0.7153732776641846 -0.678209125995636 0.8876988887786865 0.3851642906665802 -0.2522677481174469 -1.6508179903030396
0.4500770568847656 -0.6105982661247253 0.6516136527061462 0.27718502283096313 0.09697381407022476 -0.6919636726379395 -0.7153894901275635 -0.6782243847846985 0.8877086639404297 0.3851698637008667 -0.2522248923778534 -1.6509259939193726
0.4501541256904602 -0.6106012463569641 0.6515576243400574 0.2772521674633026 0.09701203554868698 -0.6919071674346924 -0.7154390215873718 -0.6782392263412476 0.8876653909683228 0.3852667510509491 -0.25222915410995483 -1.6508320569992065
