# 3x4 first row second row third row Freq: 100 current Time: 2021-07-31-20:50:35
0.5301064252853394 0.06884278357028961 0.8451318144798279 0.3987332284450531 0.09291363507509232 -0.9954129457473755 0.022804589942097664 -0.9289845824241638 0.8428251147270203 0.06643541157245636 -0.5340712070465088 -1.6305756568908691
0.530129611492157 0.06882672011852264 0.8451185822486877 0.39875149726867676 0.09291398525238037 -0.9954134225845337 0.022783292457461357 -0.9289861917495728 0.8428105115890503 0.0664452388882637 -0.5340930819511414 -1.6305707693099976
0.5300846695899963 0.06884592771530151 0.8451452255249023 0.3986489474773407 0.09293845295906067 -0.9954108595848083 0.022794589400291443 -0.9289131760597229 0.8428360819816589 0.06646343320608139 -0.5340504050254822 -1.6306453943252563
0.5300795435905457 0.06885137408971786 0.8451480269432068 0.39865994453430176 0.09293938428163528 -0.9954106211662292 0.02280089072883129 -0.9289129376411438 0.842839241027832 0.06646125018596649 -0.5340457558631897 -1.630642056465149
0.5300779342651367 0.06884738802909851 0.8451493382453918 0.3984887897968292 0.09287422895431519 -0.9954158663749695 0.02283763512969017 -0.9288134574890137 0.8428474068641663 0.0663868635892868 -0.5340421199798584 -1.6307696104049683
0.5300754308700562 0.06884421408176422 0.8451511263847351 0.39849960803985596 0.09286544471979141 -0.9954166412353516 0.022839687764644623 -0.9288098812103271 0.8428499102592468 0.06637858599424362 -0.5340391397476196 -1.630765676498413
0.5301137566566467 0.06876923888921738 0.8451331853866577 0.3986310064792633 0.09282322227954865 -0.9954220652580261 0.022774577140808105 -0.9289054870605469 0.84283047914505 0.06637486815452576 -0.5340703129768372 -1.6306153535842896
0.5301246643066406 0.06878000497817993 0.8451254963874817 0.3986442983150482 0.09283433854579926 -0.9954209327697754 0.022779203951358795 -0.9289053082466125 0.8428223729133606 0.06638085097074509 -0.534082293510437 -1.6306043863296509
0.5301065444946289 0.06870658695697784 0.8451428413391113 0.3986295163631439 0.09275756031274796 -0.9954289197921753 0.02274305745959282 -0.9289169311523438 0.8428422212600708 0.06633714586496353 -0.5340564250946045 -1.630659580230713
0.5300959348678589 0.06865611672401428 0.8451535701751709 0.3986711800098419 0.09282679110765457 -0.9954248070716858 0.022640731185674667 -0.9289830923080444 0.8428413271903992 0.06645113974809647 -0.5340437293052673 -1.6306214332580566
0.5300925970077515 0.06865014880895615 0.845156192779541 0.39867380261421204 0.09282560646533966 -0.9954250454902649 0.02263476699590683 -0.9289834499359131 0.8428435325622559 0.06645361334085464 -0.5340399146080017 -1.6306198835372925
0.5300763249397278 0.06867846101522446 0.8451641201972961 0.3984665870666504 0.09279556572437286 -0.995426595211029 0.02268865704536438 -0.9288316369056702 0.8428571224212646 0.06640076637268066 -0.5340250730514526 -1.6307660341262817
0.5301245450973511 0.06863855570554733 0.8451371192932129 0.3982628583908081 0.09278304129838943 -0.995428740978241 0.022645121440291405 -0.9286956787109375 0.8428281545639038 0.06640966236591339 -0.5340696573257446 -1.6309210062026978
0.5300898551940918 0.06860730797052383 0.8451613783836365 0.398210734128952 0.09271916002035141 -0.995434582233429 0.022652003914117813 -0.928670346736908 0.8428570032119751 0.06635505706071854 -0.5340309739112854 -1.6309492588043213
0.5300498008728027 0.06863099336624146 0.8451845645904541 0.39841097593307495 0.09280312806367874 -0.9954272508621216 0.022630413994193077 -0.9288032650947571 0.8428729176521301 0.06644053012132645 -0.5339951515197754 -1.630824089050293
0.530053973197937 0.0685984194278717 0.8451846241950989 0.3984256982803345 0.09279070794582367 -0.9954290986061096 0.022599538788199425 -0.9287971258163452 0.8428716659545898 0.06644630432128906 -0.5339964032173157 -1.6308315992355347
0.5301635265350342 0.06853486597537994 0.8451210856437683 0.3985835015773773 0.09280421584844589 -0.9954299330711365 0.022505952045321465 -0.9288603067398071 0.8428012728691101 0.06649896502494812 -0.5341009497642517 -1.6307345628738403
0.5301677584648132 0.06856386363506317 0.8451160192489624 0.39860761165618896 0.09280422329902649 -0.9954291582107544 0.02253970317542553 -0.928856611251831 0.8427985906600952 0.06648051738739014 -0.5341074466705322 -1.6307343244552612
0.5301409363746643 0.06856753677129745 0.84513258934021 0.3985196352005005 0.09270253777503967 -0.9954370260238647 0.02261095866560936 -0.9288079738616943 0.8428266644477844 0.06635894626379013 -0.5340782999992371 -1.6307669878005981
0.5301500558853149 0.06859263777732849 0.8451247811317444 0.3985435664653778 0.09270403534173965 -0.9954362511634827 0.022638734430074692 -0.9288010001182556 0.8428207635879517 0.06634455174207687 -0.5340894460678101 -1.6307698488235474
0.5301178693771362 0.0685301125049591 0.8451500535011292 0.39836767315864563 0.09267269819974899 -0.9954403638839722 0.02258792519569397 -0.9287073016166687 0.8428444862365723 0.06634807586669922 -0.5340515375137329 -1.630888819694519
0.5300800204277039 0.0685548335313797 0.8451718091964722 0.39843276143074036 0.09263788908720016 -0.9954423308372498 0.022642606869339943 -0.9287384152412415 0.8428720831871033 0.06629253923892975 -0.534014880657196 -1.6308499574661255
0.5300805568695068 0.06857138872146606 0.8451701402664185 0.39845043420791626 0.0926443338394165 -0.9954413771629333 0.02265797182917595 -0.9287312030792236 0.8428710699081421 0.06628967821598053 -0.5340168476104736 -1.6308531761169434
0.5300764441490173 0.06854590028524399 0.8451747894287109 0.3986073434352875 0.09254681318998337 -0.9954497218132019 0.022690119221806526 -0.928832471370697 0.842884361743927 0.06619073450565338 -0.5340081453323364 -1.6307227611541748
0.5300860404968262 0.06853557378053665 0.8451696038246155 0.3986351788043976 0.09256772696971893 -0.9954484105110168 0.022663820534944534 -0.9288296699523926 0.8428760170936584 0.06622165441513062 -0.5340174436569214 -1.6307214498519897
0.5300657749176025 0.06856761872768402 0.8451796770095825 0.3985585570335388 0.09255597740411758 -0.9954484105110168 0.022710876539349556 -0.9287963509559631 0.8428900241851807 0.06618817895650864 -0.5339994430541992 -1.6307783126831055
0.5300784111022949 0.06859011203050613 0.8451699614524841 0.3984871804714203 0.09250568598508835 -0.9954517483711243 0.022768065333366394 -0.9287793636322021 0.8428876399993896 0.0661141648888588 -0.5340124368667603 -1.6308082342147827
0.5300537347793579 0.06857834756374359 0.8451864123344421 0.3985169231891632 0.09250720590353012 -0.9954519271850586 0.02275552600622177 -0.9287766814231873 0.8429030179977417 0.06612417846918106 -0.5339869856834412 -1.6308118104934692
0.530055046081543 0.06859409064054489 0.845184326171875 0.39847394824028015 0.09252678602933884 -0.995449960231781 0.022761546075344086 -0.928753674030304 0.8429000377655029 0.06613732129335403 -0.5339900255203247 -1.6308016777038574
0.5300512313842773 0.06861092895269394 0.8451853394508362 0.39849260449409485 0.09254170954227448 -0.9954483509063721 0.022772274911403656 -0.9287438988685608 0.8429007530212402 0.0661444216966629 -0.5339879393577576 -1.6308022737503052
0.5301403403282166 0.06865663826465607 0.8451257348060608 0.3984625041484833 0.09250480681657791 -0.9954501986503601 0.022841261699795723 -0.9287887215614319 0.8428487777709961 0.0660691186785698 -0.5340793132781982 -1.6307965517044067
0.5301378965377808 0.06864907592535019 0.8451278805732727 0.3984728753566742 0.0925193801522255 -0.9954492449760437 0.022823341190814972 -0.928787112236023 0.8428487181663513 0.06609119474887848 -0.5340766906738281 -1.6307944059371948
0.5301346778869629 0.06869533658027649 0.8451260924339294 0.3983616530895233 0.09254723787307739 -0.9954457879066467 0.022860482335090637 -0.9287211894989014 0.8428477048873901 0.06609495729207993 -0.5340778827667236 -1.6308915615081787
0.5302777886390686 0.06871357560157776 0.8450348377227783 0.3982928991317749 0.0925465077161789 -0.9954456686973572 0.022869203239679337 -0.9286853671073914 0.8427577018737793 0.06607799232006073 -0.5342219471931458 -1.6309508085250854
0.5302627086639404 0.06869404017925262 0.8450459241867065 0.39830833673477173 0.09254100918769836 -0.9954465627670288 0.02285107411444187 -0.9286827445030212 0.8427678346633911 0.06608433276414871 -0.5342051982879639 -1.6309583187103271
0.5302444696426392 0.06869125366210938 0.8450576066970825 0.3981271982192993 0.09249816834926605 -0.995449960231781 0.02287663333117962 -0.9285775423049927 0.8427839875221252 0.06603607535362244 -0.5341856479644775 -1.6310622692108154
0.5302463173866272 0.06870855391025543 0.8450550436973572 0.3981301784515381 0.09250587224960327 -0.9954489469528198 0.022891955450177193 -0.9285743832588196 0.8427820205688477 0.06603417545557022 -0.5341890454292297 -1.6310724020004272
0.5302824974060059 0.06874451041221619 0.845029354095459 0.3980114161968231 0.09256285429000854 -0.99544358253479 0.022894851863384247 -0.9284845590591431 0.842752993106842 0.0660775899887085 -0.5342294573783875 -1.631186842918396
0.5303089022636414 0.06875669211149216 0.8450117707252502 0.3981229364871979 0.092545285820961 -0.995444655418396 0.022917892783880234 -0.9285959005355835 0.8427382707595825 0.06604829430580139 -0.5342562794685364 -1.6310559511184692
0.5303207039833069 0.06874401867389679 0.845005452632904 0.39811909198760986 0.09254626929759979 -0.9954449534416199 0.0229012593626976 -0.928595781326294 0.8427307605743408 0.06605708599090576 -0.5342670679092407 -1.6310667991638184
0.5303055047988892 0.06867345422506332 0.8450207114219666 0.39817944169044495 0.09259751439094543 -0.995442807674408 0.022787043824791908 -0.9286789894104004 0.842734694480896 0.06616272032260895 -0.5342478156089783 -1.6310144662857056
0.5302838087081909 0.06866961717605591 0.845034658908844 0.3982654809951782 0.0927315205335617 -0.9954323172569275 0.02269958332180977 -0.9287437796592712 0.84273362159729 0.06632412225008011 -0.5342294573783875 -1.6309601068496704
0.530314564704895 0.06859046965837479 0.8450217843055725 0.3985186219215393 0.09266684204339981 -0.9954395890235901 0.02264450117945671 -0.9288710951805115 0.8427213430404663 0.06629679352045059 -0.5342521667480469 -1.6307177543640137
0.5303085446357727 0.06856873631477356 0.8450273275375366 0.3985564708709717 0.09262149035930634 -0.9954437613487244 0.02264820598065853 -0.9288640022277832 0.8427301645278931 0.06625715643167496 -0.5342432260513306 -1.6307450532913208
0.5302833318710327 0.06856559216976166 0.8450433611869812 0.3985792100429535 0.09260676801204681 -0.9954449534416199 0.02265617437660694 -0.9288666248321533 0.8427476286888123 0.06624254584312439 -0.5342174768447876 -1.6307480335235596
0.5303067564964294 0.06856409460306168 0.845028817653656 0.3986096978187561 0.0925736129283905 -0.9954476356506348 0.022673260420560837 -0.9288665056228638 0.842736542224884 0.06620358675718307 -0.5342398285865784 -1.6307518482208252
0.5302563905715942 0.06861516833305359 0.8450562357902527 0.3985143303871155 0.09261833876371384 -0.9954426288604736 0.022709723562002182 -0.9288232922554016 0.8427633047103882 0.06622573733329773 -0.534194827079773 -1.6307364702224731
0.5302667617797852 0.06861265003681183 0.8450499773025513 0.39852774143218994 0.09262686222791672 -0.9954420328140259 0.022700397297739983 -0.9288246035575867 0.8427558541297913 0.06623706966638565 -0.5342051982879639 -1.6307381391525269
0.5302813649177551 0.06860580295324326 0.8450413346290588 0.39842653274536133 0.09259524196386337 -0.9954447746276855 0.022711021825671196 -0.9287838339805603 0.8427501320838928 0.06620357930660248 -0.5342183709144592 -1.6308568716049194
0.5302702784538269 0.06859518587589264 0.8450492024421692 0.39844486117362976 0.09257947653532028 -0.9954462647438049 0.022709541022777557 -0.9287866950035095 0.84275883436203 0.06619201600551605 -0.5342060327529907 -1.630869746208191
0.5303058624267578 0.068580262362957 0.8450280427932739 0.398483008146286 0.09255746006965637 -0.9954484701156616 0.022702623158693314 -0.9288397431373596 0.8427388668060303 0.06617432087659836 -0.5342397689819336 -1.6307941675186157
0.5303124189376831 0.06855043768882751 0.8450263738632202 0.3984896242618561 0.09255366027355194 -0.9954495429992676 0.022669294849038124 -0.9288560748100281 0.8427351713180542 0.06618847697973251 -0.5342438220977783 -1.6307942867279053
0.5303277969360352 0.06854189187288284 0.8450174331665039 0.3985038101673126 0.09253828972578049 -0.995451033115387 0.022667543962597847 -0.9288644790649414 0.8427271842956543 0.06617524474859238 -0.5342580676078796 -1.6308009624481201
0.5302802324295044 0.06857923418283463 0.8450442552566528 0.39838308095932007 0.09251320362091064 -0.9954519271850586 0.022731836885213852 -0.9287763833999634 0.8427598476409912 0.06612350791692734 -0.5342128872871399 -1.6308611631393433
0.530299723148346 0.06857969611883163 0.8450319766998291 0.39839980006217957 0.09251216799020767 -0.9954519867897034 0.0227312371134758 -0.9287833571434021 0.842747688293457 0.06612137705087662 -0.5342323184013367 -1.6308640241622925
0.5302561521530151 0.06858591735363007 0.845058798789978 0.39824536442756653 0.09249647706747055 -0.9954530000686646 0.022752543911337852 -0.9286859035491943 0.8427768349647522 0.06610029190778732 -0.534188985824585 -1.6309574842453003
0.5302119255065918 0.0685921385884285 0.8450860381126404 0.3982003927230835 0.09250848740339279 -0.995451807975769 0.022756341844797134 -0.928648829460144 0.8428033590316772 0.06611195206642151 -0.534145712852478 -1.6309778690338135
0.530235230922699 0.06861712038516998 0.845069408416748 0.39820337295532227 0.09251348674297333 -0.9954507946968079 0.022780442610383034 -0.9286416172981262 0.8427881598472595 0.0661013275384903 -0.5341710448265076 -1.6309781074523926
0.5301680564880371 0.06867539882659912 0.8451067805290222 0.3983410894870758 0.09263521432876587 -0.9954394698143005 0.02277815341949463 -0.9287775158882141 0.8428170084953308 0.06621040403842926 -0.5341119766235352 -1.630867600440979
0.5300999879837036 0.06867636740207672 0.8451493978500366 0.3985203802585602 0.09274080395698547 -0.9954310059547424 0.022718695923686028 -0.9289286732673645 0.8428482413291931 0.06633666157722473 -0.5340470671653748 -1.630724549293518
0.5300968289375305 0.06867050379514694 0.8451518416404724 0.3985273540019989 0.09273245930671692 -0.9954318404197693 0.022717365995049477 -0.9289377927780151 0.8428511023521423 0.06633061170578003 -0.5340432524681091 -1.6307272911071777
0.5301175117492676 0.06859898567199707 0.8451447486877441 0.3983548879623413 0.09269309788942337 -0.9954369068145752 0.022656161338090897 -0.9287923574447632 0.8428424596786499 0.06632865965366364 -0.5340571403503418 -1.630833625793457
0.5301595330238342 0.06842968612909317 0.8451321125030518 0.3983401358127594 0.09263519197702408 -0.9954460859298706 0.02248954586684704 -0.9288005828857422 0.8428223729133606 0.06636592745780945 -0.5340842008590698 -1.6308411359786987
0.5301544070243835 0.0684439092874527 0.8451341390609741 0.39834481477737427 0.09265599399805069 -0.9954440593719482 0.02249358966946602 -0.9288043975830078 0.842823326587677 0.06638166308403015 -0.5340808033943176 -1.6308397054672241
0.5300953388214111 0.0684342011809349 0.8451719880104065 0.39853039383888245 0.09276172518730164 -0.9954358339309692 0.022420646622776985 -0.9289255142211914 0.8428488373756409 0.0665145292878151 -0.5340240001678467 -1.6307346820831299
0.5301003456115723 0.06842797994613647 0.8451693654060364 0.39853915572166443 0.0927451103925705 -0.9954373240470886 0.022423382848501205 -0.9289329051971436 0.8428475260734558 0.06649868190288544 -0.5340279936790466 -1.6307348012924194
0.5301831364631653 0.06838247925043106 0.8451210856437683 0.39865994453430176 0.0926656723022461 -0.9954449534416199 0.022412436082959175 -0.9289892315864563 0.8428041934967041 0.06643101572990417 -0.5341048240661621 -1.630609154701233
0.5301998257637024 0.06837286055088043 0.8451113700866699 0.3986752927303314 0.09265350550413132 -0.9954462051391602 0.02240726724267006 -0.9289955496788025 0.8427950143814087 0.06642220914363861 -0.5341203808784485 -1.630602478981018
0.5301122665405273 0.06833355128765106 0.8451694846153259 0.3986876904964447 0.09277808666229248 -0.9954372644424438 0.02229015901684761 -0.9290472269058228 0.8428363800048828 0.06659692525863647 -0.5340333580970764 -1.6305794715881348
0.5301173329353333 0.06832204759120941 0.8451672792434692 0.39866113662719727 0.0927332267165184 -0.9954410791397095 0.02230456843972206 -0.9289720058441162 0.8428381681442261 0.06655105203390121 -0.5340362787246704 -1.6306157112121582
0.5301090478897095 0.06834431737661362 0.8451706767082214 0.39863649010658264 0.09270370751619339 -0.995442807674408 0.022350262850522995 -0.9289185404777527 0.8428466320037842 0.06650237739086151 -0.5340290069580078 -1.6306605339050293
0.5300790071487427 0.06834392994642258 0.8451895117759705 0.398663192987442 0.09271630644798279 -0.9954417943954468 0.022344617173075676 -0.9289127588272095 0.8428640961647034 0.06651844084262848 -0.5339993834495544 -1.6306593418121338
0.5300448536872864 0.06833957880735397 0.8452112674713135 0.3986767828464508 0.09261216223239899 -0.9954500198364258 0.02240864187479019 -0.9289039373397827 0.8428970575332642 0.06639926135540009 -0.5339622497558594 -1.6306573152542114
0.5300357341766357 0.0683666244149208 0.84521484375 0.3987126350402832 0.09263730049133301 -0.9954473376274109 0.022425414994359016 -0.9289031624794006 0.8429000377655029 0.06641215085983276 -0.5339559316635132 -1.6306532621383667
0.5300104022026062 0.06847313791513443 0.8452221155166626 0.39890217781066895 0.09270567446947098 -0.9954390525817871 0.022509904578328133 -0.929061770439148 0.8429084420204163 0.06642640382051468 -0.533940851688385 -1.6304370164871216
0.5299627780914307 0.06849105656147003 0.8452504873275757 0.39889827370643616 0.09268181771039963 -0.9954403638839722 0.022550534456968307 -0.9290500283241272 0.8429409861564636 0.06638840585947037 -0.5338941812515259 -1.6304444074630737
0.5299628973007202 0.06849454343318939 0.845250129699707 0.39892342686653137 0.09266556799411774 -0.9954415559768677 0.022564921528100967 -0.9290497899055481 0.8429427146911621 0.0663670152425766 -0.5338941216468811 -1.6304312944412231
0.5299810171127319 0.0684889703989029 0.8452392220497131 0.39885273575782776 0.09266147762537003 -0.9954420328140259 0.02255927585065365 -0.9289965033531189 0.8429317474365234 0.06636513024568558 -0.5339116454124451 -1.6304758787155151
0.5299867391586304 0.06848181039094925 0.8452362418174744 0.3990553319454193 0.09277021884918213 -0.9954336881637573 0.022481421008706093 -0.929140567779541 0.8429161906242371 0.06649789959192276 -0.5339197516441345 -1.63037109375
0.5299342274665833 0.06853016465902328 0.8452652096748352 0.39919060468673706 0.09286682307720184 -0.9954246282577515 0.022482067346572876 -0.9292829036712646 0.8429386019706726 0.06658308207988739 -0.5338737368583679 -1.630271315574646
0.529960572719574 0.06851819157600403 0.8452496528625488 0.3992123007774353 0.09287048876285553 -0.995424747467041 0.022463185712695122 -0.9292974472045898 0.8429216146469116 0.06659415364265442 -0.533899188041687 -1.6302653551101685
0.5299275517463684 0.06855053454637527 0.8452677726745605 0.3990823030471802 0.09287033975124359 -0.9954237937927246 0.022504448890686035 -0.9292206168174744 0.8429423570632935 0.0665745735168457 -0.5338688492774963 -1.6303261518478394
0.5298894643783569 0.0685572400689125 0.8452910780906677 0.39890551567077637 0.09286578744649887 -0.9954239130020142 0.02251877263188362 -0.9291046857833862 0.8429668545722961 0.06656616181135178 -0.5338312387466431 -1.630466341972351
0.5298923850059509 0.06857258826494217 0.8452880382537842 0.39891934394836426 0.0928531065583229 -0.9954245090484619 0.022544609382748604 -0.9291107654571533 0.8429664373397827 0.0665414035320282 -0.5338349938392639 -1.6304636001586914
0.5299606323242188 0.06853879243135452 0.8452479839324951 0.3989548981189728 0.0927976742386818 -0.9954299330711365 0.022533569484949112 -0.9291473031044006 0.8429296016693115 0.0664951428771019 -0.5338989496231079 -1.630409836769104
0.5299632549285889 0.06854844093322754 0.8452455401420593 0.39897456765174866 0.0927935540676117 -0.9954299926757812 0.022547297179698944 -0.9291530847549438 0.842928409576416 0.06648410111665726 -0.5339021682739258 -1.630403995513916
0.530032217502594 0.06849578022956848 0.8452065587043762 0.3990005850791931 0.0927368625998497 -0.9954360127449036 0.02251478284597397 -0.9291664958000183 0.842891275882721 0.06644824892282486 -0.5339652299880981 -1.6303253173828125
0.5299973487854004 0.06848712265491486 0.8452291488647461 0.3990830183029175 0.09271243959665298 -0.9954380989074707 0.0225233007222414 -0.9291398525238037 0.8429158926010132 0.06642597168684006 -0.5339291095733643 -1.630300521850586
0.529987096786499 0.0684586763381958 0.8452378511428833 0.3991129994392395 0.09267827123403549 -0.9954415559768677 0.022512387484312057 -0.9291359186172485 0.8429260849952698 0.06640391051769257 -0.5339158177375793 -1.630286455154419
0.5300478935241699 0.06849191337823868 0.8451970815658569 0.3991445302963257 0.09262125939130783 -0.9954452514648438 0.02258201129734516 -0.9292182326316833 0.8428941369056702 0.06631366908550262 -0.5339774489402771 -1.630237102508545
0.5300403237342834 0.06849514693021774 0.8452015519142151 0.39914289116859436 0.09253386408090591 -0.9954520463943481 0.022641891613602638 -0.9292020797729492 0.842908501625061 0.06620865315198898 -0.5339677929878235 -1.63021981716156
0.5300478935241699 0.06850738078355789 0.8451957702636719 0.3991633355617523 0.09253678470849991 -0.9954515099525452 0.022653747349977493 -0.9292078018188477 0.8429033756256104 0.06620413064956665 -0.5339764356613159 -1.6302045583724976
0.5300162434577942 0.06857579201459885 0.8452101349830627 0.3991113305091858 0.09254052489995956 -0.9954493045806885 0.022734878584742546 -0.929262638092041 0.8429229259490967 0.06616633385419846 -0.5339503288269043 -1.6302491426467896
0.5300073623657227 0.06853041052818298 0.8452193737030029 0.39913439750671387 0.09261231869459152 -0.9954448342323303 0.022636769339442253 -0.9292800426483154 0.8429206013679504 0.0662800744175911 -0.5339398384094238 -1.630228042602539
0.5300016403198242 0.0685332864522934 0.8452227115631104 0.39915230870246887 0.09261808544397354 -0.9954442977905273 0.022637030109763145 -0.9292906522750854 0.8429235219955444 0.06628524512052536 -0.5339345335960388 -1.6302199363708496
0.5299878716468811 0.06856125593185425 0.8452290892601013 0.3989439010620117 0.09263039380311966 -0.9954425692558289 0.022663451731204987 -0.929119348526001 0.8429308533668518 0.06628254801034927 -0.533923327922821 -1.6304491758346558
0.5299800038337708 0.06854109466075897 0.8452356457710266 0.39896151423454285 0.09261787682771683 -0.9954440593719482 0.022648362442851067 -0.9291238188743591 0.842937171459198 0.06628075242042542 -0.5339136123657227 -1.6304551362991333
0.5300843715667725 0.0685528889298439 0.8451692461967468 0.398878812789917 0.09264642000198364 -0.995441734790802 0.02263450436294079 -0.9290621876716614 0.842868447303772 0.06630370765924454 -0.5340192914009094 -1.6305533647537231
0.5300889611244202 0.06855452805757523 0.8451662063598633 0.3988941013813019 0.09265344589948654 -0.9954411387443542 0.022631561383605003 -0.9290629029273987 0.8428647518157959 0.0663108229637146 -0.534024178981781 -1.630560278892517
0.5300851464271545 0.0685819759964943 0.8451663851737976 0.3986462354660034 0.09266447275876999 -0.9954395294189453 0.022657258436083794 -0.9289194941520691 0.8428659439086914 0.06630662083625793 -0.5340228080749512 -1.6306670904159546
0.5300875306129456 0.06859658658504486 0.8451637029647827 0.39865049719810486 0.09266019612550735 -0.9954394698143005 0.02267695590853691 -0.9289166927337646 0.8428649306297302 0.06629226356744766 -0.5340262651443481 -1.6306705474853516
0.5300877690315247 0.06858650594949722 0.8451643586158752 0.3983563482761383 0.09265550971031189 -0.9954401254653931 0.022668030112981796 -0.9287535548210144 0.8428652882575989 0.06629309058189392 -0.5340255498886108 -1.6308622360229492
0.530042827129364 0.06859368830919266 0.8451919555664062 0.3982677459716797 0.09266520291566849 -0.9954390525817871 0.02267451025545597 -0.9286882877349854 0.8428924679756165 0.06630142778158188 -0.5339816212654114 -1.6309285163879395
0.5300277471542358 0.06860512495040894 0.8452004790306091 0.3982695937156677 0.09267047792673111 -0.9954383373260498 0.022686034440994263 -0.9286733865737915 0.842901349067688 0.0663009062409401 -0.5339676141738892 -1.6309435367584229
0.5300315022468567 0.06864583492279053 0.8451948761940002 0.39824506640434265 0.09268226474523544 -0.9954363107681274 0.02272617258131504 -0.9286378026008606 0.8428977727890015 0.06628899276256561 -0.533974826335907 -1.6309797763824463
0.5300213694572449 0.06862550228834152 0.8452028632164001 0.39824607968330383 0.09266362339258194 -0.995438277721405 0.02271496318280697 -0.9286208152770996 0.84290611743927 0.06628014147281647 -0.5339626669883728 -1.6309951543807983
0.5299910306930542 0.06866820156574249 0.8452184200286865 0.39838260412216187 0.0926547721028328 -0.9954378008842468 0.022773677483201027 -0.9287867546081543 0.8429262042045593 0.06624367833137512 -0.5339354872703552 -1.6308844089508057
0.5300157070159912 0.06863593310117722 0.845205545425415 0.3983493745326996 0.09251657873392105 -0.9954495429992676 0.022820929065346718 -0.9287438988685608 0.8429258465766907 0.06610007584095001 -0.533953845500946 -1.6309163570404053
0.530010998249054 0.06865663826465607 0.8452068567276001 0.3983543813228607 0.09251216799020767 -0.9954493045806885 0.022848540917038918 -0.928738534450531 0.8429293036460876 0.0660819411277771 -0.5339506268501282 -1.6309267282485962
0.5299864411354065 0.0686386451125145 0.8452237248420715 0.39834675192832947 0.09246096014976501 -0.9954537749290466 0.02286205068230629 -0.9287456274032593 0.8429504036903381 0.06603361666202545 -0.5339233875274658 -1.6309189796447754
0.5300007462501526 0.06862254440784454 0.8452160358428955 0.39834892749786377 0.09242916852235794 -0.9954567551612854 0.02286190167069435 -0.9287458062171936 0.842944860458374 0.06600578874349594 -0.533935546875 -1.6309223175048828
0.5300438404083252 0.06858997792005539 0.8451916575431824 0.39831945300102234 0.09247323870658875 -0.9954542517662048 0.022791655734181404 -0.9287979006767273 0.8429129123687744 0.06607703119516373 -0.5339770913124084 -1.630834937095642
0.5300823450088501 0.06842542439699173 0.8451808094978333 0.3982950448989868 0.09241758286952972 -0.9954631328582764 0.022629544138908386 -0.9287969470024109 0.8428947925567627 0.06611404567956924 -0.5340011119842529 -1.630844235420227
0.530084490776062 0.06841577589511871 0.8451802730560303 0.398291677236557 0.09241455793380737 -0.9954636096954346 0.022619903087615967 -0.9288016557693481 0.8428937792778015 0.06611650437116623 -0.534002423286438 -1.6308420896530151
0.5301074385643005 0.0683474913239479 0.8451713919639587 0.39849990606307983 0.09240644425153732 -0.9954661130905151 0.022542493417859077 -0.9289182424545288 0.8428802490234375 0.06614934653043747 -0.5340197086334229 -1.6307034492492676
0.5301198959350586 0.06835702061653137 0.8451628088951111 0.39856451749801636 0.09242361783981323 -0.995464563369751 0.02254168689250946 -0.9289580583572388 0.8428705334663391 0.06616321206092834 -0.5340333580970764 -1.6307250261306763
0.5301138162612915 0.06835149228572845 0.8451671004295349 0.3985835313796997 0.09241310507059097 -0.9954655170440674 0.022542402148246765 -0.9289600849151611 0.8428755402565002 0.06615447998046875 -0.534026563167572 -1.6307275295257568
0.5300602912902832 0.06826025247573853 0.8452080488204956 0.3987938165664673 0.09246831387281418 -0.995463490486145 0.02240491472184658 -0.9290775656700134 0.8429031372070312 0.06627900153398514 -0.5339675545692444 -1.6305272579193115
0.5300602316856384 0.0682462528347969 0.8452091813087463 0.3988163471221924 0.09247352927923203 -0.9954634308815002 0.022385122254490852 -0.9290805459022522 0.8429026007652283 0.06629401445388794 -0.5339665412902832 -1.6305301189422607
0.5301217436790466 0.06819423288106918 0.8451747894287109 0.39892855286598206 0.09242890775203705 -0.9954684376716614 0.022346433252096176 -0.9291070103645325 0.8428688049316406 0.06627225130796432 -0.5340225696563721 -1.630475640296936
0.5300357937812805 0.06823311001062393 0.8452255725860596 0.3990614712238312 0.09256646037101746 -0.9954564571380615 0.02231304720044136 -0.9292243719100952 0.8429077863693237 0.06641282886266708 -0.5339435935020447 -1.630380630493164
0.5300549268722534 0.06826009601354599 0.8452114462852478 0.3989952802658081 0.09251002967357635 -0.9954602122306824 0.022378798574209213 -0.9291360974311829 0.8429019451141357 0.06632854044437408 -0.5339632630348206 -1.6304371356964111
0.5299933552742004 0.06825633347034454 0.8452503085136414 0.398850679397583 0.09251023828983307 -0.9954601526260376 0.022379934787750244 -0.9290415048599243 0.842940628528595 0.0663330927491188 -0.5339016318321228 -1.6305406093597412
0.5300154089927673 0.06824743002653122 0.8452371954917908 0.3988776206970215 0.09251408278942108 -0.9954601526260376 0.02236497960984707 -0.9290456771850586 0.8429263234138489 0.0663425624370575 -0.5339230298995972 -1.6305381059646606
0.5299199819564819 0.06824969500303268 0.8452968597412109 0.39907294511795044 0.09255295991897583 -0.9954568147659302 0.022351868450641632 -0.9291992783546448 0.8429820537567139 0.0663900300860405 -0.5338291525840759 -1.6303445100784302
0.5300319194793701 0.0682070255279541 0.8452301025390625 0.3991720974445343 0.09247898310422897 -0.995464026927948 0.02233809605240822 -0.9292656183242798 0.8429198265075684 0.06632611900568008 -0.5339353680610657 -1.630217432975769
0.5300838351249695 0.06819140166044235 0.8451988101005554 0.3991939425468445 0.09239823371171951 -0.9954708814620972 0.022366037592291832 -0.9292948842048645 0.842896044254303 0.06623900681734085 -0.5339837670326233 -1.630228042602539
0.5300718545913696 0.06819204986095428 0.8452062606811523 0.3992268443107605 0.09239707887172699 -0.9954709410667419 0.02236863225698471 -0.9293047189712524 0.8429036736488342 0.06623761355876923 -0.5339718461036682 -1.630218744277954
0.5300288796424866 0.06824365258216858 0.8452290892601013 0.39901864528656006 0.09243128448724747 -0.9954667687416077 0.02241172268986702 -0.9291638135910034 0.8429269194602966 0.06624674797058105 -0.5339339971542358 -1.6303632259368896
0.530043363571167 0.06823194772005081 0.8452209234237671 0.3990399241447449 0.0924195945262909 -0.995468020439148 0.022404007613658905 -0.929167628288269 0.842919111251831 0.06623988598585129 -0.5339471697807312 -1.6303585767745972
0.5300533771514893 0.06827110797166824 0.8452115058898926 0.3988010883331299 0.09241397678852081 -0.995467483997345 0.022452756762504578 -0.9290202856063843 0.8429134488105774 0.06620819866657257 -0.5339600443840027 -1.6305359601974487
0.5299894213676453 0.06831374764442444 0.8452481031417847 0.3986347019672394 0.09240111708641052 -0.9954671859741211 0.02251703478395939 -0.928916871547699 0.8429550528526306 0.06616808474063873 -0.5338993668556213 -1.6306535005569458
0.5300038456916809 0.06831558793783188 0.8452389240264893 0.398632287979126 0.09240003675222397 -0.9954672455787659 0.02251855656504631 -0.928906261920929 0.8429461121559143 0.06616519391536713 -0.5339138507843018 -1.6306521892547607
0.529992938041687 0.06835346668958664 0.8452427387237549 0.3984561562538147 0.09236957877874374 -0.9954686164855957 0.02258346416056156 -0.9288078546524048 0.8429563045501709 0.06610564142465591 -0.5339050889015198 -1.630760908126831
0.5299946665763855 0.06834524124860764 0.8452423214912415 0.39844685792922974 0.09237433224916458 -0.9954684972763062 0.022570602595806122 -0.9287969470024109 0.842954695224762 0.06611639261245728 -0.5339063405990601 -1.630759596824646
0.5299872756004333 0.06840314716100693 0.8452422618865967 0.3983437418937683 0.09236883372068405 -0.9954673647880554 0.02264297381043434 -0.9287274479866028 0.8429599404335022 0.06607355177402496 -0.5339033007621765 -1.6308528184890747
0.5300073027610779 0.0684330016374588 0.8452273011207581 0.39855626225471497 0.09239188581705093 -0.9954648017883301 0.022661684080958366 -0.9288910031318665 0.8429448008537292 0.06608128547668457 -0.533926248550415 -1.6306486129760742
0.530032217502594 0.06844059377908707 0.8452110290527344 0.39855536818504333 0.09238563477993011 -0.995465099811554 0.022672275081276894 -0.9288837313652039 0.8429298400878906 0.06606832146644592 -0.5339515209197998 -1.6306426525115967
0.530046820640564 0.06843989342451096 0.8452019095420837 0.39845001697540283 0.09239017963409424 -0.9954648017883301 0.022667232900857925 -0.9288040995597839 0.8429201245307922 0.06607366353273392 -0.5339661240577698 -1.6307742595672607
0.5300399661064148 0.06844358146190643 0.8452059626579285 0.39845073223114014 0.0923895612359047 -0.9954647421836853 0.02267260104417801 -0.9287939667701721 0.8429245352745056 0.06607082486152649 -0.5339595675468445 -1.6307728290557861
0.530058741569519 0.06840357929468155 0.8451974391937256 0.3982025384902954 0.09236164391040802 -0.995468020439148 0.022641437128186226 -0.9286609888076782 0.8429158329963684 0.06606253236532211 -0.5339743494987488 -1.6309784650802612
0.5300554633140564 0.06840348988771439 0.845199465751648 0.3981250524520874 0.09233535826206207 -0.9954701066017151 0.02265828475356102 -0.9285913705825806 0.84292072057724 0.06603164970874786 -0.5339704155921936 -1.6310449838638306
0.5300464034080505 0.068410225212574 0.8452045917510986 0.398125559091568 0.09233810007572174 -0.9954696893692017 0.022665316238999367 -0.9285784959793091 0.8429261445999146 0.06603091955184937 -0.5339620113372803 -1.6310515403747559
0.5300486087799072 0.06838641315698624 0.8452051281929016 0.3981885612010956 0.09223619103431702 -0.9954782724380493 0.022701626643538475 -0.9285779595375061 0.8429359197616577 0.06592553853988647 -0.5339595675468445 -1.630996823310852
0.5300537347793579 0.06838575005531311 0.8452020287513733 0.39819633960723877 0.09223218262195587 -0.995478630065918 0.022702908143401146 -0.928561806678772 0.8429331183433533 0.06592106819152832 -0.5339645147323608 -1.6310040950775146
0.5301442742347717 0.06834466755390167 0.845148503780365 0.39842599630355835 0.09215786308050156 -0.9954857230186462 0.022693268954753876 -0.9287159442901611 0.8428843021392822 0.06585637480020523 -0.5340495705604553 -1.6308338642120361
0.5301564931869507 0.06834522634744644 0.845140814781189 0.39844265580177307 0.09213879704475403 -0.9954872727394104 0.02270488254725933 -0.9287056922912598 0.8428786993026733 0.06583312153816223 -0.5340612530708313 -1.630834698677063
0.5302773714065552 0.06839188188314438 0.845061182975769 0.398435115814209 0.09218090772628784 -0.9954829812049866 0.022722028195858 -0.9287458658218384 0.8427980542182922 0.06584952771663666 -0.5341865420341492 -1.6308940649032593
0.5302539467811584 0.06840438395738602 0.8450748920440674 0.3982888162136078 0.09218136221170425 -0.9954825639724731 0.022738629952073097 -0.9286719560623169 0.8428127765655518 0.06584291160106659 -0.5341641306877136 -1.6309640407562256
0.5302277207374573 0.06841222196817398 0.8450907468795776 0.3982993960380554 0.09218292683362961 -0.9954821467399597 0.0227492805570364 -0.9286678433418274 0.8428291082382202 0.06584063917398453 -0.5341386198997498 -1.6309651136398315
0.5302507877349854 0.06832454353570938 0.8450832962989807 0.3983878195285797 0.09215184301137924 -0.9954869747161865 0.022663572803139687 -0.9287242889404297 0.8428179621696472 0.06585860997438431 -0.5341539978981018 -1.6309064626693726
0.5303022265434265 0.06846264749765396 0.8450399041175842 0.39837121963500977 0.0922713354229927 -0.9954740405082703 0.022745788097381592 -0.9287793040275574 0.8427725434303284 0.06591082364320755 -0.5342192053794861 -1.6309183835983276
0.5303013324737549 0.0684482753276825 0.8450416326522827 0.3983783721923828 0.09226517379283905 -0.9954748749732971 0.022732850164175034 -0.9287837147712708 0.8427737951278687 0.0659126490354538 -0.5342170000076294 -1.6309248208999634
0.5303444266319275 0.0683981403708458 0.8450186252593994 0.39849749207496643 0.09225153923034668 -0.9954773783683777 0.022678446024656296 -0.9288654923439026 0.8427481055259705 0.06592687964439392 -0.5342557430267334 -1.6307536363601685
0.5303911566734314 0.06832057982683182 0.8449955582618713 0.398579478263855 0.09220510721206665 -0.9954832196235657 0.022612210363149643 -0.9289300441741943 0.8427238464355469 0.06591959297657013 -0.5342949628829956 -1.630652666091919
0.5303247570991516 0.0683421865105629 0.8450354933738708 0.3987498879432678 0.09234882891178131 -0.9954712390899658 0.022552674636244774 -0.9290538430213928 0.842749834060669 0.06607779860496521 -0.534234344959259 -1.6305317878723145
0.5303193926811218 0.0683312937617302 0.8450397253036499 0.39876440167427063 0.09231039136648178 -0.9954745173454285 0.022564707323908806 -0.9290617108345032 0.8427574634552002 0.06603944301605225 -0.5342271327972412 -1.6305160522460938
0.5302643179893494 0.06834828108549118 0.8450729250907898 0.3986305296421051 0.09233032912015915 -0.9954724311828613 0.02257716655731201 -0.9289431571960449 0.842789888381958 0.06605399399995804 -0.5341741442680359 -1.630658507347107
0.5302362442016602 0.06836701929569244 0.8450890183448792 0.3984993100166321 0.09236589074134827 -0.9954690337181091 0.022579295560717583 -0.9288327097892761 0.8428037166595459 0.06608504056930542 -0.5341485142707825 -1.6307916641235352
0.5302349328994751 0.06841583549976349 0.8450859189033508 0.3984099328517914 0.09235483407974243 -0.9954686164855957 0.022643927484750748 -0.9287511706352234 0.8428057432174683 0.06604116410017014 -0.5341507196426392 -1.6308742761611938
0.530234694480896 0.068399578332901 0.8450873494148254 0.3984246551990509 0.09236479550600052 -0.995468258857727 0.02261848747730255 -0.9287452697753906 0.8428047895431519 0.06606321036815643 -0.5341495275497437 -1.6308754682540894
0.5302203893661499 0.06846393644809723 0.8450911641120911 0.39851322770118713 0.09247637540102005 -0.9954577684402466 0.022624900564551353 -0.9288343787193298 0.842801570892334 0.06615478545427322 -0.5341432690620422 -1.6307965517044067
0.5302176475524902 0.06839955598115921 0.8450980186462402 0.39841172099113464 0.09243138134479523 -0.9954630136489868 0.022577829658985138 -0.9287731051445007 0.842808187007904 0.06614241749048233 -0.5341343283653259 -1.6308491230010986
0.5302342772483826 0.0684124156832695 0.8450865745544434 0.3984200954437256 0.09244415163993835 -0.9954617023468018 0.02258335053920746 -0.9287673234939575 0.8427963256835938 0.06614884734153748 -0.5341522097587585 -1.6308448314666748
0.5303691029548645 0.06845100224018097 0.844998836517334 0.3983835279941559 0.09244725853204727 -0.9954606890678406 0.02261437475681305 -0.9287396669387817 0.8427111506462097 0.06612386554479599 -0.5342897176742554 -1.6308869123458862
0.5303173065185547 0.06841174513101578 0.8450345396995544 0.39831703901290894 0.09237851202487946 -0.9954670667648315 0.022616488859057426 -0.9286943078041077 0.8427512645721436 0.0660691186785698 -0.5342331528663635 -1.6309378147125244
0.5303629040718079 0.06839539110660553 0.8450072407722473 0.39840805530548096 0.09237238764762878 -0.9954680800437927 0.022596893832087517 -0.928759753704071 0.8427232503890991 0.06607078015804291 -0.5342772006988525 -1.6308215856552124
0.530447244644165 0.06839651614427567 0.8449541926383972 0.3984913229942322 0.09245719760656357 -0.9954615235328674 0.02253665030002594 -0.9287909269332886 0.8426609039306641 0.06616760045289993 -0.5343635678291321 -1.6307649612426758
0.5304497480392456 0.06839686632156372 0.8449525833129883 0.39850249886512756 0.09246442466974258 -0.9954609870910645 0.02253224514424801 -0.9287818670272827 0.842658519744873 0.06617583334445953 -0.5343663096427917 -1.6307544708251953
