# 3x4 first row second row third row Freq: 100 current Time: 2021-07-31-20:52:53
0.41099679470062256 -0.0684916079044342 0.9090602397918701 0.14237546920776367 0.08932847529649734 -0.9893492460250854 -0.11492729932069778 -0.6171276569366455 0.9072496891021729 0.12843970954418182 -0.4005010426044464 -1.6453793048858643
0.4109860956668854 -0.06860480457544327 0.909056544303894 0.142525315284729 0.08924713730812073 -0.9893466234207153 -0.11501294374465942 -0.6172035336494446 0.9072625637054443 0.12839941680431366 -0.4004848599433899 -1.6451424360275269
0.41095924377441406 -0.06861654669046402 0.9090677499771118 0.14254769682884216 0.08924836665391922 -0.9893454909324646 -0.11502213031053543 -0.6171618700027466 0.907274603843689 0.1284022182226181 -0.4004566967487335 -1.645160436630249
0.4109468460083008 -0.06870238482952118 0.909066915512085 0.14261692762374878 0.08925040066242218 -0.9893345236778259 -0.11511453986167908 -0.6172494292259216 0.9072799682617188 0.12844054400920868 -0.40043213963508606 -1.6450984477996826
0.4109540283679962 -0.06864903122186661 0.909067690372467 0.1424151062965393 0.08930745720863342 -0.9893330931663513 -0.1150827556848526 -0.6172073483467102 0.907271146774292 0.1284802407026291 -0.40043947100639343 -1.6452860832214355
0.41094496846199036 -0.06864535063505173 0.9090720415115356 0.14243184030056 0.08930139243602753 -0.9893345832824707 -0.11507467925548553 -0.6171745657920837 0.9072758555412292 0.1284707635641098 -0.40043190121650696 -1.6453193426132202
0.410929411649704 -0.06867773085832596 0.9090766310691833 0.14248205721378326 0.08923061192035675 -0.9893407821655273 -0.11507628113031387 -0.6172236204147339 0.9072898626327515 0.12840569019317627 -0.40042102336883545 -1.645172119140625
0.41093385219573975 -0.06868665665388107 0.9090739488601685 0.14249277114868164 0.0892343670129776 -0.9893390536308289 -0.1150883361697197 -0.6171932220458984 0.9072874784469604 0.1284143328666687 -0.4004236161708832 -1.6451940536499023
0.41101446747779846 -0.06870414316654205 0.9090362191200256 0.14261050522327423 0.08926953375339508 -0.9893304109573364 -0.1151353120803833 -0.6173452138900757 0.9072474837303162 0.1284715086221695 -0.40049585700035095 -1.6451033353805542
0.41101953387260437 -0.06875115633010864 0.9090303182601929 0.14268435537815094 0.08920307457447052 -0.9893337488174438 -0.11515792459249496 -0.6173893809318542 0.9072517156600952 0.12842045724391937 -0.40050262212753296 -1.6449402570724487
0.41102418303489685 -0.06873638927936554 0.9090293645858765 0.14269477128982544 0.08922458440065384 -0.9893324971199036 -0.11515206098556519 -0.617366373538971 0.9072474837303162 0.1284380555152893 -0.40050655603408813 -1.6449496746063232
0.4109673500061035 -0.06877320259809494 0.9090522527694702 0.14281238615512848 0.0892210453748703 -0.9893293380737305 -0.1151818037033081 -0.617476761341095 0.9072735905647278 0.12844255566596985 -0.40044599771499634 -1.6448701620101929
0.41095206141471863 -0.06873069703578949 0.909062385559082 0.14283162355422974 0.08924183994531631 -0.9893320798873901 -0.11514237523078918 -0.6174564957618713 0.9072784781455994 0.12844440340995789 -0.40043431520462036 -1.6448873281478882
0.4109917879104614 -0.0687422826886177 0.909043550491333 0.1427716463804245 0.08909442275762558 -0.9893507361412048 -0.11509603261947632 -0.6174490451812744 0.9072749614715576 0.12829424440860748 -0.4004904329776764 -1.6449029445648193
0.41098830103874207 -0.06870684772729874 0.9090477824211121 0.1427907794713974 0.08911243081092834 -0.9893527626991272 -0.11506487429141998 -0.6174229383468628 0.9072747826576233 0.12829777598381042 -0.4004897177219391 -1.644918441772461
0.41102176904678345 -0.06869221478700638 0.9090337753295898 0.14265920221805573 0.08920014649629593 -0.9893416166305542 -0.11509282886981964 -0.617335855960846 0.9072510004043579 0.12839160859584808 -0.40051352977752686 -1.645037293434143
0.4109998345375061 -0.06871218979358673 0.9090421795845032 0.14267666637897491 0.08916717022657394 -0.9893441200256348 -0.11509663611650467 -0.6173000931739807 0.9072641730308533 0.12836141884326935 -0.4004933536052704 -1.6450563669204712
0.41096195578575134 -0.06864447146654129 0.9090644717216492 0.1425989419221878 0.08923245221376419 -0.9893441200256348 -0.11504591256380081 -0.6173188090324402 0.9072749018669128 0.12839753925800323 -0.4004574120044708 -1.6450899839401245
0.4109339714050293 -0.06863299012184143 0.9090779423713684 0.1425618678331375 0.08924899995326996 -0.9893437623977661 -0.11503641307353973 -0.6173350214958191 0.9072859883308411 0.12840667366981506 -0.40042948722839355 -1.645103931427002
0.4109204411506653 -0.0686095580458641 0.9090858697891235 0.14256615936756134 0.089262455701828 -0.9893450736999512 -0.11501476168632507 -0.6173089146614075 0.9072907567024231 0.12840914726257324 -0.4004177749156952 -1.6451257467269897
0.4109896719455719 -0.0688156858086586 0.9090389609336853 0.14271588623523712 0.08926698565483093 -0.9893170595169067 -0.11525176465511322 -0.6173370480537415 0.9072589874267578 0.12851445376873016 -0.4004560708999634 -1.644993782043457
0.41096067428588867 -0.06879355758428574 0.9090537428855896 0.14257661998271942 0.08922687917947769 -0.9893260598182678 -0.11520550400018692 -0.6172676682472229 0.9072760343551636 0.1284569650888443 -0.40043580532073975 -1.6451218128204346
0.4109592139720917 -0.06881812959909439 0.9090525507926941 0.14260058104991913 0.08911503106355667 -0.9893388152122498 -0.11518266052007675 -0.6173073649406433 0.9072877168655396 0.12834562361240387 -0.4004451036453247 -1.6450227499008179
0.4109414517879486 -0.06879357248544693 0.9090624451637268 0.14260120689868927 0.08914365619421005 -0.9893381595611572 -0.1151658371090889 -0.6172717809677124 0.9072929620742798 0.12836356461048126 -0.40042752027511597 -1.6450393199920654
0.4109315574169159 -0.06889559328556061 0.9090591669082642 0.14280281960964203 0.0890403613448143 -0.98934006690979 -0.11522974818944931 -0.6173737049102783 0.9073075652122498 0.12829449772834778 -0.4004165232181549 -1.6448299884796143
0.4109393358230591 -0.06887447088956833 0.9090572595596313 0.14281237125396729 0.08905387669801712 -0.9893406629562378 -0.11521392315626144 -0.617334246635437 0.907302737236023 0.1283010095357895 -0.40042540431022644 -1.6448431015014648
0.4109533131122589 -0.06889752298593521 0.9090492129325867 0.14265017211437225 0.08913193643093109 -0.9893264770507812 -0.11527561396360397 -0.6172829866409302 0.9072887301445007 0.12839820981025696 -0.4004259705543518 -1.6450945138931274
0.41102713346481323 -0.06900689750909805 0.9090075492858887 0.1428648829460144 0.08908309787511826 -0.9893181920051575 -0.11538446694612503 -0.6173061728477478 0.9072600603103638 0.12840335071086884 -0.4004891812801361 -1.6448965072631836
0.41098737716674805 -0.06886918097734451 0.9090359210968018 0.14274853467941284 0.0890711173415184 -0.9893380403518677 -0.11522316932678223 -0.6173111796379089 0.9072792530059814 0.12832412123680115 -0.40047115087509155 -1.6449488401412964
0.41099289059638977 -0.06908799707889557 0.9090168476104736 0.14296211302280426 0.08901336789131165 -0.9893183708190918 -0.11543667316436768 -0.6173987984657288 0.9072824120521545 0.12835830450057983 -0.40045300126075745 -1.6447304487228394
0.4110051393508911 -0.0690673366189003 0.9090129137039185 0.14298832416534424 0.08900249004364014 -0.989322304725647 -0.11541127413511276 -0.6173646450042725 0.9072779417037964 0.1283390372991562 -0.4004693329334259 -1.6447415351867676
0.4110865294933319 -0.06909038871526718 0.9089743494987488 0.14304456114768982 0.08906345814466476 -0.9893092513084412 -0.11547581851482391 -0.6174384355545044 0.9072350859642029 0.1284269541501999 -0.40053823590278625 -1.6446384191513062
0.4110722541809082 -0.06909224390983582 0.908980667591095 0.14306676387786865 0.08903776109218597 -0.9893129467964172 -0.11546429246664047 -0.6174046397209167 0.907244086265564 0.12839776277542114 -0.4005272090435028 -1.6446415185928345
0.41102078557014465 -0.06909054517745972 0.9090040326118469 0.14311034977436066 0.08892909437417984 -0.98932945728302 -0.11540655046701431 -0.6175035238265991 0.9072780609130859 0.12827140092849731 -0.40049076080322266 -1.6445176601409912
0.4110287129878998 -0.06919603049755096 0.9089924693107605 0.14301958680152893 0.08897005766630173 -0.989310085773468 -0.11554065346717834 -0.6175051331520081 0.9072704315185547 0.12836363911628723 -0.40047842264175415 -1.6446526050567627
0.41102826595306396 -0.06924384832382202 0.9089890122413635 0.14305701851844788 0.08891358226537704 -0.9893120527267456 -0.11556770652532578 -0.6175838112831116 0.9072761535644531 0.12832306325435638 -0.40047845244407654 -1.6446458101272583
0.41101542115211487 -0.06922206282615662 0.9089964628219604 0.14308680593967438 0.08896428346633911 -0.9893078804016113 -0.11556439101696014 -0.6175528168678284 0.9072770476341248 0.12836696207523346 -0.40046244859695435 -1.6446661949157715
0.4110083281993866 -0.06935674697160721 0.908989429473877 0.14301177859306335 0.0889398455619812 -0.9892942905426025 -0.11569909751415253 -0.6175020337104797 0.9072826504707336 0.12839867174625397 -0.4004395604133606 -1.6447275876998901
0.4110864996910095 -0.06947728246450424 0.908944845199585 0.1428557187318802 0.08897515386343002 -0.9892725348472595 -0.11585790663957596 -0.6173883080482483 0.9072437882423401 0.12850113213062286 -0.400494784116745 -1.6448737382888794
0.41105493903160095 -0.06947100907564163 0.9089596271514893 0.14286860823631287 0.08898568898439407 -0.98927241563797 -0.11585086584091187 -0.6173558831214905 0.9072570204734802 0.12850546836853027 -0.400463342666626 -1.6448969841003418
0.41104191541671753 -0.06931283324956894 0.9089775681495667 0.14255578815937042 0.08889802545309067 -0.9893051981925964 -0.11563801765441895 -0.6172862648963928 0.9072715044021606 0.12833838164806366 -0.4004840850830078 -1.6451009511947632
0.4110569953918457 -0.06929641962051392 0.9089720249176025 0.14255641400814056 0.08892005681991577 -0.9893038868904114 -0.11563219875097275 -0.6172494888305664 0.9072625637054443 0.12835726141929626 -0.4004983901977539 -1.645137071609497
0.4111108183860779 -0.06935587525367737 0.9089431166648865 0.14263802766799927 0.08886170387268066 -0.9893036484718323 -0.11567943543195724 -0.6173081398010254 0.9072438478469849 0.12832731008529663 -0.40055030584335327 -1.6450583934783936
0.4110924303531647 -0.06933319568634033 0.9089531898498535 0.14264768362045288 0.0888492539525032 -0.9893085956573486 -0.11564642935991287 -0.6172729730606079 0.9072534441947937 0.12830118834972382 -0.40053704380989075 -1.6450896263122559
0.41110938787460327 -0.06948816776275635 0.9089336395263672 0.1427479386329651 0.08889688551425934 -0.9892818331718445 -0.11583872884511948 -0.6173934936523438 0.9072410464286804 0.1284237653017044 -0.4005257189273834 -1.6449450254440308
0.4111369848251343 -0.06956900656223297 0.9089149832725525 0.14287276566028595 0.0889543890953064 -0.9892628788948059 -0.1159563660621643 -0.6174517273902893 0.9072229266166687 0.12852592766284943 -0.4005340337753296 -1.6448850631713867
0.41112878918647766 -0.06955587863922119 0.9089196920394897 0.14290808141231537 0.0889538824558258 -0.9892647862434387 -0.11594057828187943 -0.6174262762069702 0.9072266817092896 0.12851844727993011 -0.4005279242992401 -1.6449130773544312
0.4109888970851898 -0.0694546103477478 0.908990740776062 0.14281055331230164 0.08877488225698471 -0.9893055558204651 -0.11572980880737305 -0.6174636483192444 0.9073076248168945 0.12825921177864075 -0.4004277288913727 -1.64488685131073
0.41093897819519043 -0.06954000145196915 0.9090067744255066 0.1427866667509079 0.08884444832801819 -0.9892857074737549 -0.11584574729204178 -0.6174371838569641 0.90732342004776 0.12836574018001556 -0.40035775303840637 -1.644911766052246
0.41093289852142334 -0.06954111903905869 0.9090094566345215 0.14280301332473755 0.08883056044578552 -0.9892876744270325 -0.11583990603685379 -0.6174110174179077 0.9073275327682495 0.12835024297237396 -0.40035340189933777 -1.6449320316314697
0.41100218892097473 -0.06948605924844742 0.9089823365211487 0.14281713962554932 0.0888015627861023 -0.9892975091934204 -0.11577785760164261 -0.6173813343048096 0.9072989821434021 0.12830400466918945 -0.40043291449546814 -1.6448155641555786
0.411099374294281 -0.06946437060832977 0.9089400172233582 0.14278019964694977 0.08890200406312943 -0.989284336566925 -0.11581355333328247 -0.6173877120018005 0.9072450995445251 0.1284174621105194 -0.40051859617233276 -1.6448884010314941
0.41109055280685425 -0.06945338100194931 0.908944845199585 0.1428241729736328 0.08887732028961182 -0.989289402961731 -0.11578933149576187 -0.6173465251922607 0.9072515368461609 0.12838448584079742 -0.4005146324634552 -1.6449185609817505
0.41105225682258606 -0.06953316926956177 0.9089560508728027 0.14286832511425018 0.08888546377420425 -0.9892787337303162 -0.11587387323379517 -0.6173788905143738 0.9072681069374084 0.12842319905757904 -0.4004647135734558 -1.6449530124664307
0.41117775440216064 -0.06948134303092957 0.9089032411575317 0.14274874329566956 0.08892182260751724 -0.9892779588699341 -0.11585285514593124 -0.6173755526542664 0.9072076678276062 0.1284574568271637 -0.4005906283855438 -1.6450480222702026
0.41118472814559937 -0.06946592032909393 0.9089012742042542 0.14278456568717957 0.08891694992780685 -0.9892804622650146 -0.11583498865365982 -0.6173402070999146 0.9072049856185913 0.1284463107585907 -0.40060028433799744 -1.6450848579406738
0.411145955324173 -0.06928819417953491 0.9089323878288269 0.14269642531871796 0.0890352725982666 -0.9892870187759399 -0.11568781733512878 -0.6173842549324036 0.9072109460830688 0.1284916251897812 -0.4005722105503082 -1.6450622081756592
0.4111512303352356 -0.06925586611032486 0.9089324474334717 0.1427186280488968 0.08904177695512772 -0.9892901182174683 -0.1156563088297844 -0.6173564791679382 0.9072079062461853 0.12848520278930664 -0.40058112144470215 -1.6450921297073364
0.4110967218875885 -0.0692918449640274 0.908954381942749 0.14287269115447998 0.08901628106832504 -0.989290177822113 -0.11567581444978714 -0.6174609065055847 0.9072350859642029 0.1284656971693039 -0.4005258083343506 -1.6448440551757812
0.4111395478248596 -0.06917334347963333 0.9089440107345581 0.1427234411239624 0.08907875418663025 -0.9892956018447876 -0.11558102816343307 -0.6174073815345764 0.907209575176239 0.12848754227161407 -0.4005766212940216 -1.644998550415039
0.41112715005874634 -0.06917194277048111 0.9089497327804565 0.1427406668663025 0.08908767253160477 -0.9892947673797607 -0.11558152735233307 -0.6173795461654663 0.9072142839431763 0.12849491834640503 -0.400563508272171 -1.6450207233428955
0.41109809279441833 -0.06901876628398895 0.9089745283126831 0.1426072120666504 0.08905303478240967 -0.9893196225166321 -0.11539504677057266 -0.6173484921455383 0.9072308540344238 0.12838561832904816 -0.40056103467941284 -1.645097255706787
0.41110509634017944 -0.0690038800239563 0.9089725017547607 0.14262014627456665 0.08906717598438263 -0.989319384098053 -0.11538616567850113 -0.6173144578933716 0.9072263240814209 0.1283954530954361 -0.4005682170391083 -1.6451200246810913
0.4111035168170929 -0.06904655694961548 0.9089699983596802 0.14266690611839294 0.08906234800815582 -0.9893146753311157 -0.11543023586273193 -0.6173262000083923 0.9072275161743164 0.1284087747335434 -0.40056124329566956 -1.645006537437439
0.4111146032810211 -0.06909522414207458 0.9089612364768982 0.14272114634513855 0.089053213596344 -0.9893096089363098 -0.11548087745904922 -0.6173557043075562 0.9072234034538269 0.12842179834842682 -0.400566428899765 -1.644946575164795
0.4111088216304779 -0.0690651684999466 0.9089661836624146 0.14273466169834137 0.08905459940433502 -0.9893133640289307 -0.11544789373874664 -0.6173044443130493 0.9072258472442627 0.1284092664718628 -0.4005647897720337 -1.64496910572052
0.4110787510871887 -0.06910325586795807 0.9089768528938293 0.14270029962062836 0.08905286341905594 -0.9893093109130859 -0.11548394709825516 -0.6173434853553772 0.9072396755218506 0.12841999530792236 -0.4005301296710968 -1.6449402570724487
0.411064475774765 -0.06916342675685883 0.9089787602424622 0.14264124631881714 0.08904615044593811 -0.9893028736114502 -0.11554426699876785 -0.6173345446586609 0.9072467684745789 0.12843720614910126 -0.40050846338272095 -1.6449596881866455
0.4110652804374695 -0.06916440278291702 0.908978283405304 0.14264638721942902 0.0890437662601471 -0.9893030524253845 -0.1155444011092186 -0.6172953248023987 0.9072466492652893 0.1284351497888565 -0.40050941705703735 -1.6449748277664185
0.41107648611068726 -0.06923970580101013 0.9089674949645996 0.1425941288471222 0.08902402967214584 -0.9892960786819458 -0.11561937630176544 -0.6172782182693481 0.9072434902191162 0.12844835221767426 -0.4005122780799866 -1.6450470685958862
0.4110342860221863 -0.06925978511571884 0.9089850783348083 0.1425994634628296 0.08901593834161758 -0.9892954230308533 -0.11563115566968918 -0.6172999739646912 0.9072633981704712 0.12844252586364746 -0.4004690647125244 -1.645042061805725
0.4110448658466339 -0.06925065815448761 0.9089809656143188 0.14261029660701752 0.08904058486223221 -0.9892929196357727 -0.11563373357057571 -0.6172632575035095 0.9072561860084534 0.12846684455871582 -0.4004775881767273 -1.6450644731521606
0.4110722541809082 -0.06927774846553802 0.9089665412902832 0.14261974394321442 0.08906622231006622 -0.9892853498458862 -0.11567874997854233 -0.6172933578491211 0.9072412848472595 0.12851053476333618 -0.4004973769187927 -1.6450726985931396
0.41109949350357056 -0.06935548037290573 0.9089482426643372 0.14263413846492767 0.08908549696207047 -0.9892721772193909 -0.11577606201171875 -0.6173054575920105 0.9072270393371582 0.1285695880651474 -0.4005106985569 -1.6450848579406738
0.41110867261886597 -0.0693325325846672 0.9089458584785461 0.14265169203281403 0.0890875831246376 -0.9892746806144714 -0.1157534271478653 -0.6172727942466736 0.9072226881980896 0.1285630315542221 -0.4005226790904999 -1.6451185941696167
0.4110026955604553 -0.06925836950540543 0.9089994430541992 0.1428212970495224 0.08899792283773422 -0.9892987012863159 -0.11561679095029831 -0.6174218654632568 0.9072794914245605 0.12841787934303284 -0.400440514087677 -1.6449099779129028
0.4109729528427124 -0.06927360594272614 0.909011721611023 0.1428411900997162 0.08899880945682526 -0.9892972111701965 -0.11562918871641159 -0.617397665977478 0.907292902469635 0.12842142581939697 -0.4004090428352356 -1.6449370384216309
0.4108809232711792 -0.06915676593780518 0.9090622663497925 0.14272379875183105 0.08900365233421326 -0.989313006401062 -0.11548998951911926 -0.6173709630966187 0.9073340892791748 0.1283624917268753 -0.40033456683158875 -1.6450284719467163
0.41087040305137634 -0.06914812326431274 0.9090676307678223 0.14274685084819794 0.08901733160018921 -0.9893123507499695 -0.11548499763011932 -0.6173405051231384 0.907337486743927 0.12837214767932892 -0.400323748588562 -1.6450645923614502
0.41088947653770447 -0.0690680593252182 0.9090651273727417 0.14277635514736176 0.08893034607172012 -0.9893344640731812 -0.11536242812871933 -0.6173649430274963 0.9073374271392822 0.12824468314647675 -0.40036481618881226 -1.6449825763702393
0.4108949303627014 -0.06906760483980179 0.9090626835823059 0.14279693365097046 0.08893632888793945 -0.9893335700035095 -0.1153654083609581 -0.6173303127288818 0.9073343276977539 0.12825176119804382 -0.4003694951534271 -1.6450135707855225
0.41107526421546936 -0.06907927244901657 0.9089802503585815 0.14279267191886902 0.08898840844631195 -0.9893215298652649 -0.11542884260416031 -0.6173093318939209 0.9072475433349609 0.12833864986896515 -0.40053826570510864 -1.645018458366394
0.4110051095485687 -0.06900247186422348 0.90901780128479 0.1427459716796875 0.08897754549980164 -0.9893340468406677 -0.11532966792583466 -0.6173043847084045 0.9072803854942322 0.12828326225280762 -0.400481641292572 -1.6450122594833374
0.4109785556793213 -0.0689397007226944 0.9090346097946167 0.14268414676189423 0.08902013301849365 -0.9893364906311035 -0.11527605354785919 -0.617343008518219 0.9072882533073425 0.12829837203025818 -0.4004589915275574 -1.6450146436691284
0.4109392762184143 -0.06892271339893341 0.9090536236763 0.14269119501113892 0.08903569728136063 -0.989337146282196 -0.11525839567184448 -0.6173049807548523 0.9073045253753662 0.1283024251461029 -0.4004208445549011 -1.6450368165969849
0.41093528270721436 -0.06895437836647034 0.9090530276298523 0.14269976317882538 0.08899438381195068 -0.9893390536308289 -0.11527401208877563 -0.6173540353775024 0.9073103666305542 0.12827077507972717 -0.4004177153110504 -1.6449658870697021
0.41091224551200867 -0.06892161071300507 0.9090659618377686 0.14265622198581696 0.0889691635966301 -0.9893471598625183 -0.11522367596626282 -0.6173672676086426 0.9073233008384705 0.1282256543636322 -0.4004029333591461 -1.6449744701385498
0.41089263558387756 -0.0689372569322586 0.9090736508369446 0.14267072081565857 0.08901207894086838 -0.9893394708633423 -0.11525662243366241 -0.6173206567764282 0.9073279500007629 0.12827663123607635 -0.40037599205970764 -1.6449947357177734
0.41088780760765076 -0.06873206794261932 0.9090913534164429 0.14238180220127106 0.08904767781496048 -0.989360511302948 -0.11504828184843063 -0.6172333359718323 0.9073266386985779 0.12822440266609192 -0.4003956615924835 -1.6453030109405518
0.4109361469745636 -0.06884322315454483 0.909061074256897 0.1423901617527008 0.08905306458473206 -0.9893448352813721 -0.11517907679080963 -0.6171690225601196 0.9073042273521423 0.12828591465950012 -0.40042680501937866 -1.6453027725219727
0.41102898120880127 -0.06866157054901123 0.9090328216552734 0.14222925901412964 0.08912777155637741 -0.9893555641174316 -0.11502863466739655 -0.6170154809951782 0.9072548151016235 0.12830017507076263 -0.40053412318229675 -1.6454628705978394
0.4110448360443115 -0.06860366463661194 0.909030020236969 0.14225469529628754 0.0890381932258606 -0.9893752932548523 -0.11492850631475449 -0.6169961094856262 0.9072564840316772 0.1281791627407074 -0.40056920051574707 -1.6454359292984009
0.4110244810581207 -0.06861413270235062 0.9090384840965271 0.1423599272966385 0.08897083252668381 -0.9893838167190552 -0.11490702629089355 -0.6171088814735413 0.9072722792625427 0.12810750305652618 -0.4005562663078308 -1.6452769041061401
0.4111173152923584 -0.068523108959198 0.9090033173561096 0.1424681842327118 0.08898676931858063 -0.9893914461135864 -0.11482925713062286 -0.6171774864196777 0.9072286486625671 0.1280975639820099 -0.4006582498550415 -1.645186424255371
0.41111189126968384 -0.06853832304477692 0.9090046286582947 0.1424771398305893 0.08899328857660294 -0.9893887042999268 -0.11484786123037338 -0.6171454787254333 0.9072304964065552 0.1281106323003769 -0.40064993500709534 -1.6452138423919678
0.41111838817596436 -0.06846831738948822 0.9090070128440857 0.14252302050590515 0.08902518451213837 -0.9893929362297058 -0.11478674411773682 -0.6172342300415039 0.9072244167327881 0.1281154602766037 -0.4006621539592743 -1.645151138305664
0.41110387444496155 -0.06845111399888992 0.9090148210525513 0.14253492653369904 0.08903270214796066 -0.9893943071365356 -0.1147691160440445 -0.6171992421150208 0.9072302579879761 0.12811407446861267 -0.40064939856529236 -1.6451866626739502
0.41111305356025696 -0.06850907951593399 0.9090063571929932 0.14247746765613556 0.08910553902387619 -0.9893764853477478 -0.11486577987670898 -0.6171919703483582 0.9072189331054688 0.1282203197479248 -0.40064099431037903 -1.645228385925293
0.4110832214355469 -0.06845467537641525 0.9090239405632019 0.1422712802886963 0.08911071717739105 -0.9893831610679626 -0.11480426043272018 -0.6171725988388062 0.9072319269180298 0.12819787859916687 -0.40061870217323303 -1.6453969478607178
0.4111188054084778 -0.06852991133928299 0.9090021252632141 0.14236080646514893 0.08912502974271774 -0.9893710017204285 -0.1148979514837265 -0.6172603368759155 0.9072144031524658 0.1282515525817871 -0.4006412625312805 -1.6452404260635376
0.4110996425151825 -0.0686800479888916 0.908999502658844 0.1423800140619278 0.0890824943780899 -0.9893583655357361 -0.11503962427377701 -0.6172596216201782 0.9072272777557373 0.12826868891716003 -0.400606632232666 -1.6452312469482422
0.41109246015548706 -0.0686734989285469 0.9090032577514648 0.1423722356557846 0.08908793330192566 -0.9893585443496704 -0.11503379791975021 -0.6172307133674622 0.907230019569397 0.12827074527740479 -0.40059980750083923 -1.6452584266662598
0.4110551178455353 -0.0687936320900917 0.9090110659599304 0.14244429767131805 0.08905942738056183 -0.9893480539321899 -0.1151462122797966 -0.6172576546669006 0.9072496891021729 0.1282874494791031 -0.4005497992038727 -1.645186185836792
0.4110501706600189 -0.06876454502344131 0.9090154767036438 0.14244578778743744 0.08905300498008728 -0.9893527626991272 -0.11511094868183136 -0.61722332239151 0.9072526097297668 0.12826693058013916 -0.40054985880851746 -1.645212173461914
0.41109293699264526 -0.06889636069536209 0.9089861512184143 0.14247722923755646 0.08904053270816803 -0.9893370270729065 -0.11525549739599228 -0.6172567009925842 0.9072344303131104 0.12831732630729675 -0.40057483315467834 -1.6451599597930908
0.41108426451683044 -0.06888923048973083 0.9089906215667725 0.14248111844062805 0.08904845267534256 -0.9893369674682617 -0.11524990200996399 -0.617222785949707 0.9072375893592834 0.12832163274288177 -0.40056633949279785 -1.6451830863952637
0.41107991337776184 -0.06895586103200912 0.9089875221252441 0.14242036640644073 0.08904395252466202 -0.9893292188644409 -0.11531976610422134 -0.6172252893447876 0.9072400331497192 0.12834548950195312 -0.4005531966686249 -1.645216703414917
0.4110434651374817 -0.06899965554475784 0.9090006947517395 0.14236900210380554 0.08907698839902878 -0.9893196821212769 -0.11537640541791916 -0.6171997785568237 0.9072532653808594 0.12839576601982117 -0.4005070626735687 -1.6453052759170532
0.4110410511493683 -0.06896115839481354 0.9090046882629395 0.14237679541110992 0.08909597992897034 -0.9893218874931335 -0.11534251272678375 -0.6171651482582092 0.9072524905204773 0.12839917838573456 -0.40050771832466125 -1.6453425884246826
0.41105911135673523 -0.06888341158628464 0.909002423286438 0.14237146079540253 0.08897962421178818 -0.9893478751182556 -0.11520931124687195 -0.6171998977661133 0.9072557687759399 0.12824052572250366 -0.4005511701107025 -1.6452853679656982
0.410996675491333 -0.06893587857484818 0.9090266823768616 0.14239035546779633 0.08903582394123077 -0.9893344044685364 -0.1152816116809845 -0.6172118186950684 0.9072785377502441 0.12831629812717438 -0.40047532320022583 -1.645322561264038
0.4111332297325134 -0.06908690929412842 0.9089534878730774 0.14249072968959808 0.08902342617511749 -0.9893145561218262 -0.1154615506529808 -0.6172383427619934 0.9072178602218628 0.12838824093341827 -0.4005896747112274 -1.6451940536499023
0.4111356735229492 -0.06907685846090317 0.9089531302452087 0.14250317215919495 0.08903398364782333 -0.9893142580986023 -0.11545564234256744 -0.6172083616256714 0.9072157144546509 0.12839564681053162 -0.4005921483039856 -1.6452161073684692
0.4111042618751526 -0.06910226494073868 0.9089654088020325 0.14251689612865448 0.08900570869445801 -0.9893156290054321 -0.11546597629785538 -0.6172559857368469 0.9072327017784119 0.12837167084217072 -0.4005613327026367 -1.6451830863952637
0.4110524654388428 -0.06902249157428741 0.9089949131011963 0.14246000349521637 0.08885057270526886 -0.9893485903739929 -0.1153026819229126 -0.6172483563423157 0.9072713851928711 0.12816016376018524 -0.40054142475128174 -1.6451492309570312
0.41104957461357117 -0.06902054697275162 0.9089963436126709 0.1424674093723297 0.08884923160076141 -0.9893491268157959 -0.1152995303273201 -0.6172191500663757 0.9072728157043457 0.12815745174884796 -0.4005390405654907 -1.6451627016067505
0.4110553562641144 -0.0690159946680069 0.9089940786361694 0.14248554408550262 0.08881929516792297 -0.9893537759780884 -0.11528225243091583 -0.6172167062759399 0.9072731733322144 0.12812359631061554 -0.40054917335510254 -1.6451406478881836
0.41106292605400085 -0.06900731474161148 0.9089913368225098 0.14249709248542786 0.08882828056812286 -0.9893534779548645 -0.11527793109416962 -0.6171808838844299 0.9072688221931458 0.12813061475753784 -0.40055668354034424 -1.6451525688171387
0.41105934977531433 -0.06897321343421936 0.908995509147644 0.14256271719932556 0.08892100304365158 -0.9893447756767273 -0.11528120934963226 -0.6173337697982788 0.9072613716125488 0.1282162070274353 -0.40054619312286377 -1.6451066732406616
0.41103294491767883 -0.06893979012966156 0.9090099930763245 0.1427527517080307 0.08888556808233261 -0.9893544912338257 -0.11522512882947922 -0.6174516081809998 0.9072768092155457 0.12815919518470764 -0.40052950382232666 -1.6449288129806519
0.4110358655452728 -0.06891895085573196 0.9090102314949036 0.14276428520679474 0.08887381106615067 -0.9893587827682495 -0.11519770324230194 -0.6174328327178955 0.9072766304016113 0.12813758850097656 -0.40053677558898926 -1.6449401378631592
0.41110849380493164 -0.06895393878221512 0.9089747667312622 0.14273595809936523 0.0888829305768013 -0.989351749420166 -0.11525097489356995 -0.617408275604248 0.9072428345680237 0.12817299365997314 -0.4006020128726959 -1.6449569463729858
0.4110824167728424 -0.06904502958059311 0.9089796543121338 0.14266522228717804 0.08878292888402939 -0.9893547892570496 -0.1153019592165947 -0.6173712015151978 0.9072644710540771 0.12810048460960388 -0.40057629346847534 -1.6450196504592896
0.41105586290359497 -0.06903212517499924 0.9089926481246948 0.14267228543758392 0.08879508078098297 -0.9893551468849182 -0.11528918892145157 -0.6173471212387085 0.9072753190994263 0.12810437381267548 -0.4005504846572876 -1.6450284719467163
0.4111413061618805 -0.06891168653964996 0.908963143825531 0.14257706701755524 0.08888020366430283 -0.9893568754196167 -0.11520881950855255 -0.617328941822052 0.9072282314300537 0.1281559318304062 -0.4006405472755432 -1.645124912261963
0.4111431837081909 -0.06891220062971115 0.9089622497558594 0.142582505941391 0.0888909175992012 -0.9893552660942078 -0.11521440744400024 -0.6173034310340881 0.9072263240814209 0.12816810607910156 -0.40064093470573425 -1.645143985748291
0.41118288040161133 -0.06884387135505676 0.9089494347572327 0.14246053993701935 0.08891376107931137 -0.989359974861145 -0.11515622586011887 -0.6172773241996765 0.907206118106842 0.12816838920116425 -0.40068668127059937 -1.6451563835144043
0.41116902232170105 -0.06882120668888092 0.9089574217796326 0.1424560248851776 0.08894217014312744 -0.9893590807914734 -0.11514197289943695 -0.617250382900238 0.9072096347808838 0.12818746268749237 -0.40067264437675476 -1.6451679468154907
0.41116687655448914 -0.06882180273532867 0.908958375453949 0.1423298418521881 0.08897382766008377 -0.9893546104431152 -0.11515627801418304 -0.6172329783439636 0.9072074890136719 0.12822195887565613 -0.4006664454936981 -1.6452834606170654
0.4111436903476715 -0.06882373243570328 0.9089686870574951 0.14232900738716125 0.08895488828420639 -0.9893574118614197 -0.1151464432477951 -0.6172065734863281 0.9072198271751404 0.12819893658161163 -0.40064579248428345 -1.6452990770339966
0.41114866733551025 -0.06887172162532806 0.9089628458023071 0.14233209192752838 0.08898518979549408 -0.989346981048584 -0.1152128204703331 -0.6172082424163818 0.9072146415710449 0.12825383245944977 -0.400640070438385 -1.6453289985656738
0.41115716099739075 -0.068956658244133 0.908952534198761 0.1422753483057022 0.08897141367197037 -0.9893379807472229 -0.1153004914522171 -0.6172008514404297 0.9072121381759644 0.12827740609645844 -0.4006381630897522 -1.6453323364257812
0.41117456555366516 -0.06894224137067795 0.9089457392692566 0.14226819574832916 0.08894681185483932 -0.989342987537384 -0.11527661234140396 -0.6171576380729675 0.907206654548645 0.12824663519859314 -0.4006604254245758 -1.6453574895858765
0.4111226201057434 -0.06908093392848969 0.9089587330818176 0.1423763930797577 0.08882879465818405 -0.989342987537384 -0.11536747217178345 -0.6171658635139465 0.9072417616844177 0.1281718909740448 -0.40060484409332275 -1.6452189683914185
0.41110408306121826 -0.06903836131095886 0.9089703559875488 0.1425715982913971 0.08885625749826431 -0.9893448948860168 -0.11533040553331375 -0.6172786355018616 0.9072474837303162 0.12818050384521484 -0.4005891680717468 -1.6450319290161133
0.4111323356628418 -0.06923956423997879 0.9089422821998596 0.1427406221628189 0.08877132087945938 -0.9893308281898499 -0.11551624536514282 -0.6172910332679749 0.9072429537773132 0.12818047404289246 -0.40059933066368103 -1.644965648651123
0.4111451506614685 -0.06925850361585617 0.908935010433197 0.1428893804550171 0.08876687288284302 -0.9893288016319275 -0.11553686857223511 -0.617419421672821 0.9072375893592834 0.12818574905395508 -0.4006098210811615 -1.6447585821151733
0.41109395027160645 -0.06930305063724518 0.9089547991752625 0.1428127884864807 0.08878479897975922 -0.9893215298652649 -0.11558538675308228 -0.6174381375312805 0.9072590470314026 0.12821783125400543 -0.4005509912967682 -1.6448055505752563
0.41109296679496765 -0.0692560225725174 0.9089587926864624 0.1428258866071701 0.08880869299173355 -0.989324152469635 -0.11554460227489471 -0.617405354976654 0.9072571396827698 0.1282230168581009 -0.4005536139011383 -1.6448167562484741
0.4111199975013733 -0.06922998279333115 0.908948540687561 0.1425999104976654 0.08885134756565094 -0.9893209338188171 -0.11553926020860672 -0.6173853874206543 0.9072406888008118 0.12826180458068848 -0.40057840943336487 -1.6450883150100708
0.4111177921295166 -0.06923884898424149 0.9089488983154297 0.1425158679485321 0.08883337676525116 -0.9893224239349365 -0.11554063111543655 -0.6173565983772278 0.9072434902191162 0.12824581563472748 -0.40057727694511414 -1.6451820135116577
0.41117843985557556 -0.0691702738404274 0.9089266657829285 0.14243030548095703 0.08887667208909988 -0.9893239140510559 -0.11549443751573563 -0.6172877550125122 0.9072117805480957 0.1282711923122406 -0.40064096450805664 -1.6453050374984741
0.41127949953079224 -0.06912494450807571 0.9088844060897827 0.14223960041999817 0.08894941210746765 -0.9893175363540649 -0.11549278348684311 -0.6171973347663879 0.9071587920188904 0.1283445507287979 -0.40073734521865845 -1.6454776525497437
0.4112738072872162 -0.06908386200666428 0.9088901281356812 0.1422319859266281 0.08896429091691971 -0.9893207550048828 -0.11545376479625702 -0.6171706914901733 0.9071599245071411 0.1283418834209442 -0.40073567628860474 -1.645503044128418
0.41123104095458984 -0.0690516009926796 0.9089118838310242 0.14208266139030457 0.08896104246377945 -0.9893261194229126 -0.11541062593460083 -0.617114245891571 0.9071796536445618 0.128318190574646 -0.40069863200187683 -1.645539402961731
0.41121384501457214 -0.06904254853725433 0.9089203476905823 0.1420615315437317 0.08895012736320496 -0.9893290996551514 -0.11539330333471298 -0.6170717477798462 0.9071885347366333 0.12829990684986115 -0.4006844162940979 -1.645573377609253
0.4112466871738434 -0.06916062533855438 0.9088965654373169 0.14214283227920532 0.08896613866090775 -0.9893112182617188 -0.11553395539522171 -0.6170766949653625 0.9071720242500305 0.12837398052215576 -0.4006979465484619 -1.645443081855774
0.41122063994407654 -0.06921449303627014 0.9089042544364929 0.142300546169281 0.08883810043334961 -0.9893229603767395 -0.1155320256948471 -0.6171704530715942 0.9071964025497437 0.1282544732093811 -0.4006810784339905 -1.6452491283416748
0.41122791171073914 -0.06920298933982849 0.9089018106460571 0.1422915905714035 0.08885214477777481 -0.989322304725647 -0.11552682518959045 -0.6171320080757141 0.9071917533874512 0.12826572358608246 -0.4006880819797516 -1.645262598991394
0.4112142324447632 -0.06927143782377243 0.9089027643203735 0.14231818914413452 0.08885398507118225 -0.9893136024475098 -0.11560003459453583 -0.6171675324440002 0.9071977734565735 0.12829601764678955 -0.40066471695899963 -1.645240306854248
0.4112011194229126 -0.06928405910730362 0.9089077711105347 0.14231282472610474 0.08886880427598953 -0.9893101453781128 -0.11561830341815948 -0.617127537727356 0.9072022438049316 0.12831592559814453 -0.40064817667007446 -1.6452590227127075
0.411212295293808 -0.06934743374586105 0.908897876739502 0.1423802673816681 0.08882788568735123 -0.9893076419830322 -0.11567093431949615 -0.6171976327896118 0.9072011709213257 0.12830078601837158 -0.4006554186344147 -1.6452007293701172
0.4111858606338501 -0.06938550621271133 0.9089069366455078 0.1424335241317749 0.08881357312202454 -0.989305317401886 -0.11570198088884354 -0.6172851324081421 0.9072145819664001 0.1282982975244522 -0.40062591433525085 -1.6451510190963745
0.41114217042922974 -0.06942054629325867 0.9089239835739136 0.1424841433763504 0.08872382342815399 -0.9893143177032471 -0.11569377034902573 -0.6173109412193298 0.9072431325912476 0.12820979952812195 -0.4005895256996155 -1.645053744316101
0.41115275025367737 -0.06945127993822098 0.9089168906211853 0.14257483184337616 0.08874660730361938 -0.9893069863319397 -0.11573890596628189 -0.6173849701881409 0.9072361588478088 0.1282496601343155 -0.4005926847457886 -1.6449872255325317
0.4111229479312897 -0.06945069134235382 0.9089303612709045 0.14256812632083893 0.08873018622398376 -0.9893099665641785 -0.11572643369436264 -0.6173574924468994 0.907251238822937 0.1282273530960083 -0.40056559443473816 -1.6450074911117554
0.41116106510162354 -0.06951034814119339 0.9089086055755615 0.14257381856441498 0.08872317522764206 -0.9893026351928711 -0.11579413712024689 -0.6173653602600098 0.9072346687316895 0.12825129926204681 -0.400595486164093 -1.6450310945510864
0.4111417531967163 -0.06948987394571304 0.9089189171791077 0.1424250304698944 0.08873414993286133 -0.9893040657043457 -0.11577372997999191 -0.6172763705253601 0.9072423577308655 0.1282515525817871 -0.40057802200317383 -1.6451747417449951
0.4111188054084778 -0.0695059597492218 0.9089280366897583 0.14244148135185242 0.08874479681253433 -0.9893009066581726 -0.1157924011349678 -0.6172590851783752 0.9072517156600952 0.1282670646905899 -0.40055185556411743 -1.6452027559280396
0.41111209988594055 -0.06949303299188614 0.908932089805603 0.1424444019794464 0.08874990791082382 -0.9893019795417786 -0.11577955633401871 -0.61722731590271 0.9072542190551758 0.12826602160930634 -0.40054643154144287 -1.6452288627624512
0.4111291766166687 -0.06947769224643707 0.9089255332946777 0.1424206793308258 0.08872469514608383 -0.989307165145874 -0.11575435847043991 -0.6172256469726562 0.9072489738464355 0.1282341331243515 -0.4005686044692993 -1.6452412605285645
0.4110819399356842 -0.06954255700111389 0.908941924571991 0.14251750707626343 0.08874420821666718 -0.9892969727516174 -0.11582630127668381 -0.6172804236412048 0.9072684645652771 0.12827743589878082 -0.4005105793476105 -1.6451364755630493
0.4110856354236603 -0.06955447793006897 0.9089393615722656 0.14252832531929016 0.08873077481985092 -0.9892973303794861 -0.11583391577005386 -0.6172969341278076 0.9072681069374084 0.1282685548067093 -0.4005142152309418 -1.6451188325881958
0.4110410511493683 -0.06950443238019943 0.9089633226394653 0.14250436425209045 0.08871033042669296 -0.9893074035644531 -0.11576355993747711 -0.6172852516174316 0.9072902798652649 0.12821801006793976 -0.40048012137413025 -1.6451367139816284
0.41103407740592957 -0.06956043839454651 0.9089621901512146 0.14241603016853333 0.08873482048511505 -0.9892969131469727 -0.11583425849676132 -0.6172625422477722 0.907291054725647 0.12826843559741974 -0.40046226978302 -1.645159125328064
0.41107887029647827 -0.0695883184671402 0.908939778804779 0.14241814613342285 0.0887555256485939 -0.9892896413803101 -0.11588063836097717 -0.617210865020752 0.907268762588501 0.12830951809883118 -0.4004996716976166 -1.6451587677001953
0.4110148847103119 -0.06963714212179184 0.908964991569519 0.14242951571941376 0.08877971023321152 -0.9892811179161072 -0.1159345954656601 -0.6172661185264587 0.9072953462600708 0.12834849953651428 -0.40042683482170105 -1.6452127695083618
