# 3x4 first row second row third row Freq: 100 current Time: 2021-07-28-14:05:29
-0.2367015928030014 0.6928296089172363 -0.6811455488204956 0.158810093998909 0.042725760489702225 -0.6929672956466675 -0.7197016477584839 -0.6253090500831604 -0.9706423878669739 -0.1994570791721344 0.13442501425743103 -2.2827115058898926
-0.23670800030231476 0.6928591132164001 -0.6811133027076721 0.15879756212234497 0.042709626257419586 -0.6929380297660828 -0.719730794429779 -0.6253165006637573 -0.9706414937973022 -0.19945622980594635 0.13443243503570557 -2.2827224731445312
-0.23674632608890533 0.6928396224975586 -0.6811197996139526 0.15881402790546417 0.04265938326716423 -0.6929606199264526 -0.7197120189666748 -0.6252892017364502 -0.970634400844574 -0.1994454264640808 0.13449999690055847 -2.2827346324920654
-0.23674757778644562 0.6928048133850098 -0.681154727935791 0.1588035523891449 0.04268758371472359 -0.692991316318512 -0.7196807861328125 -0.6252920031547546 -0.9706328511238098 -0.19945962727069855 0.13449007272720337 -2.2827484607696533
-0.23675541579723358 0.6927806735038757 -0.6811765432357788 0.15882954001426697 0.04267645254731178 -0.6930174231529236 -0.7196563482284546 -0.6253039240837097 -0.9706314206123352 -0.19945283234119415 0.13451041281223297 -2.282712697982788
-0.2367609739303589 0.6927581429481506 -0.6811975836753845 0.15883275866508484 0.04263251647353172 -0.6930490136146545 -0.7196284532546997 -0.6252996325492859 -0.9706319570541382 -0.19942119717597961 0.13455316424369812 -2.282721996307373
-0.23682092130184174 0.6927646994590759 -0.6811700463294983 0.15884211659431458 0.04262392967939377 -0.6930308938026428 -0.7196465134620667 -0.6252644658088684 -0.9706177115440369 -0.19946157932281494 0.1345960646867752 -2.2826762199401855
-0.2369038164615631 0.6927214860916138 -0.6811851859092712 0.1588720828294754 0.042619746178388596 -0.6930593848228455 -0.7196192741394043 -0.6252959966659546 -0.9705976843833923 -0.19951258599758148 0.13466501235961914 -2.2827537059783936
-0.2368338406085968 0.6927282214164734 -0.6812026500701904 0.15886779129505157 0.04265763983130455 -0.6930596828460693 -0.7196167707443237 -0.6252880096435547 -0.9706131219863892 -0.19948819279670715 0.1345900446176529 -2.2827682495117188
-0.23689164221286774 0.6926968097686768 -0.6812145113945007 0.1588682383298874 0.0425959974527359 -0.693092942237854 -0.7195883393287659 -0.6253021359443665 -0.9706016778945923 -0.1994815617799759 0.13468202948570251 -2.282818078994751
-0.23689165711402893 0.6926891803741455 -0.6812222599983215 0.15886029601097107 0.04259798675775528 -0.6931005716323853 -0.719580888748169 -0.6253010034561157 -0.9706016182899475 -0.19948148727416992 0.1346828043460846 -2.282837390899658
-0.23682864010334015 0.6927611827850342 -0.6811710000038147 0.1588539034128189 0.04267134517431259 -0.6930232048034668 -0.7196510434150696 -0.6253239512443542 -0.9706137776374817 -0.19950056076049805 0.13456690311431885 -2.2828001976013184
-0.23681102693080902 0.6927822828292847 -0.6811556816101074 0.15884889662265778 0.04266494885087013 -0.6930060386657715 -0.7196679711341858 -0.6253203749656677 -0.9706183671951294 -0.1994868665933609 0.1345541626214981 -2.2828187942504883
-0.2368842214345932 0.6927925944328308 -0.6811196804046631 0.15886719524860382 0.04259951785206795 -0.6929926872253418 -0.7196847200393677 -0.6252495050430298 -0.970603346824646 -0.19949741661548615 0.13464660942554474 -2.282726764678955
-0.23688305914402008 0.6927889585494995 -0.6811237931251526 0.15885840356349945 0.042598649859428406 -0.6929969787597656 -0.7196806073188782 -0.6252405047416687 -0.9706037044525146 -0.19949519634246826 0.13464757800102234 -2.2827351093292236
-0.23688142001628876 0.6927900910377502 -0.6811231970787048 0.1588527262210846 0.04258329048752785 -0.6929992437362671 -0.7196793556213379 -0.6252346038818359 -0.9706047773361206 -0.1994832307100296 0.1346575766801834 -2.2827389240264893
-0.23697364330291748 0.6927788853645325 -0.6811025738716125 0.15883420407772064 0.04271649569272995 -0.692963719367981 -0.7197057008743286 -0.6252678632736206 -0.9705764055252075 -0.19964568316936493 0.134621262550354 -2.2826740741729736
-0.2369718849658966 0.6927455067634583 -0.6811370849609375 0.15881550312042236 0.042712923139333725 -0.693000078201294 -0.719670832157135 -0.6252819895744324 -0.9705770015716553 -0.19963520765304565 0.13463255763053894 -2.282679319381714
-0.2369651347398758 0.6927688717842102 -0.6811156272888184 0.1588020771741867 0.04270214959979057 -0.6929790377616882 -0.7196917533874512 -0.6252865791320801 -0.9705790877342224 -0.19962705671787262 0.13462936878204346 -2.2826783657073975
-0.23690730333328247 0.6927286982536316 -0.6811766624450684 0.1587800681591034 0.042707186192274094 -0.6930330395698547 -0.7196394205093384 -0.6253184676170349 -0.9705929756164551 -0.19957907497882843 0.13460031151771545 -2.28269624710083
-0.23687076568603516 0.692792534828186 -0.6811243891716003 0.15876175463199615 0.042763952165842056 -0.6929618120193481 -0.7197046875953674 -0.6253170967102051 -0.9705994129180908 -0.19960466027259827 0.13451607525348663 -2.282667398452759
-0.23685437440872192 0.6927852034568787 -0.6811376214027405 0.1587516814470291 0.04275907203555107 -0.6929741501808167 -0.7196930646896362 -0.6253213286399841 -0.9706036448478699 -0.1995873600244522 0.1345113217830658 -2.2826693058013916
-0.23691321909427643 0.6927303075790405 -0.6811729669570923 0.15881924331188202 0.04276899993419647 -0.6930173635482788 -0.7196508646011353 -0.6252270340919495 -0.9705888032913208 -0.19962799549102783 0.1345578134059906 -2.2826642990112305
-0.2368907928466797 0.6927365064620972 -0.6811744570732117 0.15881772339344025 0.042765699326992035 -0.6930163502693176 -0.7196520566940308 -0.6252261400222778 -0.9705944657325745 -0.19960995018482208 0.13454404473304749 -2.2826616764068604
-0.23680852353572845 0.6927238702774048 -0.6812158823013306 0.15882405638694763 0.04279421642422676 -0.6930416822433472 -0.7196259498596191 -0.6253019571304321 -0.9706132411956787 -0.19956575334072113 0.13447381556034088 -2.2826924324035645
-0.23682637512683868 0.6927308440208435 -0.6812026500701904 0.15882158279418945 0.0427975133061409 -0.6930298209190369 -0.7196372151374817 -0.6253088712692261 -0.9706087708473206 -0.19958294928073883 0.1344807893037796 -2.282689332962036
-0.23683178424835205 0.6927252411842346 -0.6812064051628113 0.1588512510061264 0.0428357794880867 -0.693026602268219 -0.7196379899978638 -0.6253220438957214 -0.970605731010437 -0.19961325824260712 0.134457528591156 -2.282655954360962
-0.23679867386817932 0.6927130222320557 -0.681230366230011 0.15885841846466064 0.04286712408065796 -0.6930403113365173 -0.7196229696273804 -0.6253259778022766 -0.9706124663352966 -0.1996082365512848 0.1344166249036789 -2.282656192779541
-0.23679496347904205 0.69268798828125 -0.6812571287155151 0.15888868272304535 0.04289385303854942 -0.6930620670318604 -0.7196003794670105 -0.6252531409263611 -0.9706121683120728 -0.1996195912361145 0.13440175354480743 -2.2825965881347656
-0.23680192232131958 0.6927207112312317 -0.6812214255332947 0.1589021533727646 0.042847149074077606 -0.6930356025695801 -0.7196286916732788 -0.6252490282058716 -0.9706125259399414 -0.19959793984889984 0.13443127274513245 -2.282592296600342
-0.23679548501968384 0.6927529573440552 -0.6811908483505249 0.1588752269744873 0.042842455208301544 -0.6930038928985596 -0.7196594476699829 -0.6252576112747192 -0.9706143140792847 -0.199596107006073 0.1344211846590042 -2.2825610637664795
-0.23686271905899048 0.6927233338356018 -0.6811975836753845 0.15889404714107513 0.042774345725774765 -0.6930345296859741 -0.7196339964866638 -0.6252623200416565 -0.9706009030342102 -0.19959233701229095 0.13452346622943878 -2.282653331756592
-0.23686735332012177 0.6927028894424438 -0.6812167763710022 0.1589076817035675 0.04279186949133873 -0.6930515170097351 -0.7196165919303894 -0.625259518623352 -0.9705989956855774 -0.1996043175458908 0.13451944291591644 -2.2826526165008545
-0.23684142529964447 0.692750871181488 -0.6811769604682922 0.15891797840595245 0.04280729219317436 -0.6930032968521118 -0.7196621298789978 -0.6252697110176086 -0.970604658126831 -0.19960524141788483 0.13447731733322144 -2.2826385498046875
-0.23685136437416077 0.6927528381347656 -0.6811715364456177 0.15892764925956726 0.04276004806160927 -0.6930088400840759 -0.7196596264839172 -0.625266969203949 -0.9706043004989624 -0.1995793879032135 0.13451814651489258 -2.2826404571533203
-0.23691041767597198 0.6927129626274109 -0.6811915636062622 0.15894679725170135 0.04282931238412857 -0.6930238604545593 -0.7196410298347473 -0.6252801418304443 -0.9705868363380432 -0.19966553151607513 0.1345163732767105 -2.282651901245117
-0.2369018942117691 0.6926774382591248 -0.6812306642532349 0.1589135229587555 0.04286359250545502 -0.6930562257766724 -0.7196078300476074 -0.6253037452697754 -0.970587432384491 -0.19967655837535858 0.13449591398239136 -2.282681465148926
-0.23685480654239655 0.6926547884941101 -0.6812700033187866 0.15890198945999146 0.0428442507982254 -0.6930943131446838 -0.7195723056793213 -0.6253011226654053 -0.9705997705459595 -0.1996227651834488 0.13448666036128998 -2.2827019691467285
-0.23686528205871582 0.6926894783973694 -0.6812311410903931 0.15890473127365112 0.042815111577510834 -0.6930614113807678 -0.7196057438850403 -0.6253058910369873 -0.9705985188484192 -0.1996167004108429 0.13450480997562408 -2.2827067375183105
-0.23682379722595215 0.6926782131195068 -0.6812570095062256 0.15886589884757996 0.042824093252420425 -0.693080484867096 -0.7195868492126465 -0.6252821683883667 -0.9706082344055176 -0.1995895951986313 0.13447485864162445 -2.282698631286621
-0.23682117462158203 0.6926937699317932 -0.6812421083450317 0.1588636338710785 0.04278358817100525 -0.6930729150772095 -0.7195965051651001 -0.6252816319465637 -0.9706106781959534 -0.19956175982952118 0.13449862599372864 -2.2827019691467285
-0.2367805391550064 0.6927314400672913 -0.6812179088592529 0.15883047878742218 0.04282161220908165 -0.6930341124534607 -0.7196316123008728 -0.6252824664115906 -0.9706189036369324 -0.19956570863723755 0.1344333291053772 -2.2826976776123047
-0.23677848279476166 0.6927335262298584 -0.6812165379524231 0.15882450342178345 0.04283102601766586 -0.6930304765701294 -0.7196345925331116 -0.6252759695053101 -0.9706189632415771 -0.19957128167152405 0.13442441821098328 -2.2827036380767822
-0.2368626594543457 0.6926916241645813 -0.6812298893928528 0.15882214903831482 0.04276478290557861 -0.6930700540542603 -0.7196003794670105 -0.625269889831543 -0.9706013798713684 -0.19957920908927917 0.13453982770442963 -2.28262996673584
-0.23684996366500854 0.6926793456077576 -0.6812467575073242 0.15882857143878937 0.04276155307888985 -0.6930864453315735 -0.7195847630500793 -0.6252456307411194 -0.9706045985221863 -0.19956490397453308 0.13453766703605652 -2.2826387882232666
-0.2368420511484146 0.6926767230033875 -0.6812521815299988 0.15882724523544312 0.0427485816180706 -0.6930935978889465 -0.7195786833763123 -0.6252323985099792 -0.9706071019172668 -0.19954913854599 0.13454297184944153 -2.2826449871063232
-0.23685888946056366 0.6926437020301819 -0.6812798976898193 0.1588638573884964 0.04270903021097183 -0.6931329369544983 -0.7195431590080261 -0.6252059936523438 -0.9706047177314758 -0.1995270848274231 0.13459277153015137 -2.2826433181762695
-0.23686715960502625 0.692662239074707 -0.6812581419944763 0.15887179970741272 0.04268011078238487 -0.6931174993515015 -0.7195597290992737 -0.6251867413520813 -0.9706040024757385 -0.19951634109020233 0.13461408019065857 -2.282654047012329
-0.2368672788143158 0.6926848888397217 -0.6812350749969482 0.15886324644088745 0.042628005146980286 -0.6931042671203613 -0.7195755839347839 -0.6252124905586243 -0.97060626745224 -0.1994836926460266 0.13464616239070892 -2.282681941986084
-0.2368527352809906 0.692704975605011 -0.6812196969985962 0.15886467695236206 0.042591072618961334 -0.6930937767028809 -0.7195878028869629 -0.6252040863037109 -0.9706113934516907 -0.1994503140449524 0.1346583217382431 -2.2826881408691406
-0.23684442043304443 0.692699670791626 -0.68122798204422 0.158863365650177 0.04264179989695549 -0.6930907964706421 -0.7195877432823181 -0.6252652406692505 -0.9706112146377563 -0.19947922229766846 0.1346169412136078 -2.2826898097991943
-0.23682370781898499 0.6926682591438293 -0.6812672019004822 0.15885721147060394 0.04264438524842262 -0.6931279897689819 -0.7195517420768738 -0.6252671480178833 -0.9706161618232727 -0.1994592249393463 0.13461093604564667 -2.282696008682251
-0.236822709441185 0.6927483677864075 -0.6811860799789429 0.15883496403694153 0.04264381527900696 -0.6930436491966248 -0.7196329832077026 -0.6252687573432922 -0.9706164002418518 -0.19947390258312225 0.13458725810050964 -2.2826809883117676
-0.23680423200130463 0.6927923560142517 -0.6811476945877075 0.15884891152381897 0.0426618829369545 -0.6929974555969238 -0.7196764349937439 -0.6252851486206055 -0.9706201553344727 -0.1994815617799759 0.1345491260290146 -2.2827115058898926
-0.2368190586566925 0.6927530765533447 -0.6811825633049011 0.15887202322483063 0.04269200563430786 -0.6930295825004578 -0.7196436524391174 -0.6252911686897278 -0.9706152081489563 -0.1995064914226532 0.13454781472682953 -2.2826428413391113
-0.23682746291160583 0.6928080320358276 -0.6811237335205078 0.15883135795593262 0.04267844930291176 -0.6929724812507629 -0.719699501991272 -0.6252735257148743 -0.9706137180328369 -0.1995140165090561 0.134547159075737 -2.2826123237609863
-0.23683491349220276 0.6927391290664673 -0.6811912059783936 0.158849835395813 0.04272633418440819 -0.693033754825592 -0.7196376323699951 -0.6252714991569519 -0.9706098437309265 -0.19954021275043488 0.13453660905361176 -2.2826128005981445
-0.23674272000789642 0.6927819848060608 -0.6811797022819519 0.15885332226753235 0.04266950860619545 -0.693020224571228 -0.7196540236473083 -0.6253184676170349 -0.9706348180770874 -0.19943854212760925 0.13450704514980316 -2.2826008796691895
-0.23673290014266968 0.692800760269165 -0.681164026260376 0.15885835886001587 0.04269461706280708 -0.692997395992279 -0.7196745276451111 -0.6253474354743958 -0.9706361293792725 -0.19945277273654938 0.13447663187980652 -2.282567262649536
-0.2367371767759323 0.692818284034729 -0.6811447143554688 0.15884923934936523 0.04263325408101082 -0.6929905414581299 -0.7196847796440125 -0.6253145933151245 -0.9706377387046814 -0.1994156539440155 0.13451974093914032 -2.282613515853882
-0.2367405891418457 0.6928141713142395 -0.6811476945877075 0.15884184837341309 0.04261651635169983 -0.6929975748062134 -0.7196789979934692 -0.6253223419189453 -0.9706376791000366 -0.1994054615497589 0.1345355361700058 -2.282607078552246
-0.23681791126728058 0.6927556395530701 -0.6811803579330444 0.15883900225162506 0.04267945885658264 -0.6930297017097473 -0.71964430809021 -0.6252545118331909 -0.9706160426139832 -0.19949716329574585 0.1345556229352951 -2.2825684547424316
-0.23684418201446533 0.6927170157432556 -0.681210458278656 0.15883126854896545 0.04267740622162819 -0.6930652260780334 -0.7196102142333984 -0.6252514719963074 -0.970609724521637 -0.19950789213180542 0.13458532094955444 -2.2825558185577393
-0.23689094185829163 0.6926964521408081 -0.6812151074409485 0.15881556272506714 0.04266495630145073 -0.6930793523788452 -0.719597339630127 -0.6252683401107788 -0.9705988764762878 -0.1995301991701126 0.13463056087493896 -2.2825448513031006
-0.23686599731445312 0.6926999092102051 -0.681220293045044 0.15880964696407318 0.04262799397110939 -0.693088710308075 -0.7195905447006226 -0.625266432762146 -0.9706065654754639 -0.1994856894016266 0.13464096188545227 -2.2825300693511963
-0.23679809272289276 0.6927202939987183 -0.6812231540679932 0.15884287655353546 0.042603157460689545 -0.6930870413780212 -0.7195936441421509 -0.6252952218055725 -0.9706242084503174 -0.1994207501411438 0.13460983335971832 -2.282597064971924
-0.23679323494434357 0.69273841381073 -0.6812064051628113 0.15884004533290863 0.042634688317775726 -0.693062424659729 -0.7196154594421387 -0.6253035664558411 -0.9706240296363831 -0.19944317638874054 0.13457801938056946 -2.2825915813446045
-0.23683716356754303 0.6927012205123901 -0.6812289953231812 0.15884286165237427 0.04264877736568451 -0.6930893063545227 -0.7195887565612793 -0.625281810760498 -0.9706127047538757 -0.19947904348373413 0.13460665941238403 -2.282620429992676
-0.23683001101016998 0.6927062273025513 -0.681226372718811 0.15883490443229675 0.042614202946424484 -0.6930927038192749 -0.719587504863739 -0.6252899169921875 -0.9706159234046936 -0.19944994151592255 0.13462623953819275 -2.2826168537139893
-0.23682020604610443 0.6926986575126648 -0.681237518787384 0.1588134616613388 0.04264076054096222 -0.6930973529815674 -0.7195814251899719 -0.6252847909927368 -0.9706171751022339 -0.1994599997997284 0.13460247218608856 -2.2826058864593506
-0.2368149310350418 0.6926671862602234 -0.6812713146209717 0.15882378816604614 0.04264288768172264 -0.6931312680244446 -0.7195486426353455 -0.6252990961074829 -0.9706183671951294 -0.19945132732391357 0.1346067190170288 -2.282675266265869
-0.2367965131998062 0.69267737865448 -0.6812673807144165 0.1588226556777954 0.042628463357686996 -0.6931275129318237 -0.7195531725883484 -0.62530517578125 -0.9706234931945801 -0.19942915439605713 0.1346026211977005 -2.2826764583587646
-0.23673926293849945 0.6926572918891907 -0.6813076734542847 0.1588289886713028 0.04272564500570297 -0.6931411623954773 -0.7195342183113098 -0.6253086924552917 -0.9706332087516785 -0.19945140182971954 0.1344997137784958 -2.2827279567718506
-0.23675230145454407 0.6926518678665161 -0.6813086867332458 0.15882225334644318 0.04269768297672272 -0.6931498050689697 -0.719527542591095 -0.6253148317337036 -0.9706312417984009 -0.19944019615650177 0.13453039526939392 -2.282740592956543
-0.23668789863586426 0.6926087737083435 -0.6813747882843018 0.15884190797805786 0.04271776229143143 -0.6932051181793213 -0.7194730639457703 -0.6253489255905151 -0.97064608335495 -0.199397474527359 0.13448677957057953 -2.2827157974243164
-0.23670527338981628 0.6926108002662659 -0.6813667416572571 0.158843532204628 0.04270161688327789 -0.693202555179596 -0.7194765210151672 -0.6253569722175598 -0.9706425070762634 -0.1993994414806366 0.13450931012630463 -2.2827322483062744
-0.23675204813480377 0.6926147937774658 -0.6813464760780334 0.15891212224960327 0.04262393340468407 -0.6932041645050049 -0.7194795608520508 -0.6252799034118652 -0.9706345200538635 -0.19938001036643982 0.13459575176239014 -2.282766342163086
-0.23674607276916504 0.6926220059394836 -0.6813411712646484 0.15892423689365387 0.04262473061680794 -0.6931976675987244 -0.7194857597351074 -0.6252764463424683 -0.9706359505653381 -0.19937750697135925 0.13458921015262604 -2.2827792167663574
-0.23671337962150574 0.692621111869812 -0.6813534498214722 0.15891912579536438 0.04260275885462761 -0.6932101845741272 -0.7194749712944031 -0.6253135800361633 -0.9706448912620544 -0.19933699071407318 0.13458476960659027 -2.282749891281128
-0.23671063780784607 0.6926014423370361 -0.6813744306564331 0.15893098711967468 0.04259185120463371 -0.693233847618103 -0.7194528579711914 -0.6253117322921753 -0.9706460237503052 -0.19932323694229126 0.13459686934947968 -2.2827646732330322
-0.23669065535068512 0.6926741003990173 -0.6813074946403503 0.15886160731315613 0.042644429951906204 -0.6931506395339966 -0.719529926776886 -0.6253095269203186 -0.9706485867500305 -0.19936007261276245 0.13452379405498505 -2.28275728225708
-0.23669856786727905 0.6926673054695129 -0.6813116073608398 0.15885698795318604 0.04260917007923126 -0.693163275718689 -0.7195197939872742 -0.6253094673156738 -0.9706482291221619 -0.19933952391147614 0.13455699384212494 -2.2827720642089844
-0.2367500364780426 0.6927136778831482 -0.6812465786933899 0.15882843732833862 0.04261539876461029 -0.6931018829345703 -0.7195786237716675 -0.6252787709236145 -0.9706354141235352 -0.1993919461965561 0.134571835398674 -2.2826948165893555
-0.23673324286937714 0.6927064061164856 -0.68125981092453 0.15881791710853577 0.04260369390249252 -0.6931156516075134 -0.7195660471916199 -0.6252738833427429 -0.9706400036811829 -0.19936949014663696 0.1345718801021576 -2.2827048301696777
-0.23670561611652374 0.6927275657653809 -0.6812479496002197 0.15884645283222198 0.04264705628156662 -0.6930904388427734 -0.7195877432823181 -0.6252849102020264 -0.9706448316574097 -0.19938378036022186 0.13451582193374634 -2.282616138458252
-0.23669718205928802 0.6927361488342285 -0.6812421083450317 0.15884457528591156 0.042630866169929504 -0.6930865049362183 -0.7195925116539001 -0.6252799034118652 -0.9706476330757141 -0.19936755299568176 0.13451988995075226 -2.2826201915740967
-0.23676782846450806 0.6926741600036621 -0.6812806129455566 0.1588430553674698 0.04273486137390137 -0.6931152939796448 -0.719558596611023 -0.6253014206886292 -0.9706258177757263 -0.19948285818099976 0.13450628519058228 -2.282625675201416
-0.23679406940937042 0.6926617622375488 -0.6812840700149536 0.1588391661643982 0.04274439066648483 -0.6931206583976746 -0.7195528149604797 -0.6252985596656799 -0.9706190228462219 -0.19950701296329498 0.13451966643333435 -2.2826290130615234
-0.23674310743808746 0.6926915645599365 -0.681271493434906 0.15879766643047333 0.04274703934788704 -0.6930997371673584 -0.7195728421211243 -0.6253699660301208 -0.9706313014030457 -0.19947634637355804 0.13447628915309906 -2.282741069793701
-0.2367667257785797 0.6927028298377991 -0.6812518239021301 0.15880019962787628 0.04280945286154747 -0.6930698752403259 -0.7195979356765747 -0.6253374218940735 -0.9706227779388428 -0.19954095780849457 0.13444186747074127 -2.2827060222625732
-0.23675893247127533 0.6926912665367126 -0.6812663078308105 0.158792644739151 0.04280732199549675 -0.6930842399597168 -0.7195842266082764 -0.6253387331962585 -0.9706248044967651 -0.19953127205371857 0.13444183766841888 -2.2827138900756836
-0.23682653903961182 0.692715048789978 -0.6812186241149902 0.1588277518749237 0.042767416685819626 -0.6930526494979858 -0.7196170091629028 -0.6253046989440918 -0.9706100821495056 -0.19955846667289734 0.13450783491134644 -2.282710313796997
-0.23685799539089203 0.69269198179245 -0.6812311410903931 0.15882736444473267 0.042760346084833145 -0.6930716037750244 -0.7195991277694702 -0.6252997517585754 -0.9706026911735535 -0.1995725929737091 0.13454002141952515 -2.282711982727051
-0.2368180751800537 0.6926940083503723 -0.6812430024147034 0.15883129835128784 0.04279719665646553 -0.6930705904960632 -0.7195979356765747 -0.6253210306167603 -0.9706107974052429 -0.19956918060779572 0.13448649644851685 -2.2827069759368896
-0.23685598373413086 0.6926819086074829 -0.681242048740387 0.1588348150253296 0.04280395060777664 -0.6930736899375916 -0.7195945382118225 -0.6253206729888916 -0.9706012606620789 -0.1996002197265625 0.13450933992862701 -2.282705307006836
-0.23681451380252838 0.6926785111427307 -0.6812599301338196 0.1588333249092102 0.04280054569244385 -0.6930869817733765 -0.7195819616317749 -0.6252985000610352 -0.9706115126609802 -0.1995658427476883 0.13448625802993774 -2.28267240524292
-0.2367897629737854 0.6926873326301575 -0.6812595725059509 0.15883322060108185 0.042811766266822815 -0.6930807828903198 -0.7195872664451599 -0.6252954602241516 -0.9706170558929443 -0.19955691695213318 0.1344594806432724 -2.2826733589172363
-0.23677664995193481 0.6927193403244019 -0.6812315583229065 0.15883930027484894 0.04276356101036072 -0.6930596828460693 -0.7196104526519775 -0.6252530813217163 -0.9706224203109741 -0.19951893389225006 0.1344774216413498 -2.28266978263855
-0.23675373196601868 0.6927502155303955 -0.6812081336975098 0.15883585810661316 0.042737074196338654 -0.6930375099182129 -0.7196334004402161 -0.625251054763794 -0.9706291556358337 -0.1994888186454773 0.1344733089208603 -2.282667636871338
-0.23672233521938324 0.692687451839447 -0.6812828779220581 0.15884241461753845 0.04280858114361763 -0.6930959224700928 -0.7195728421211243 -0.6252825856208801 -0.9706336855888367 -0.1995038241147995 0.1344185322523117 -2.2826242446899414
-0.23671942949295044 0.6926904320716858 -0.6812808513641357 0.15884599089622498 0.04279358685016632 -0.6930965185165405 -0.7195731997489929 -0.6252833008766174 -0.9706350564956665 -0.1994915008544922 0.13442690670490265 -2.2826218605041504
-0.2367299497127533 0.692621648311615 -0.681347131729126 0.15886664390563965 0.04278932511806488 -0.6931677460670471 -0.7195048332214355 -0.6253190040588379 -0.9706326723098755 -0.19948282837867737 0.13445697724819183 -2.2826502323150635
-0.236709326505661 0.6926003098487854 -0.6813759803771973 0.15889626741409302 0.04272208735346794 -0.6932085156440735 -0.7194695472717285 -0.6253446936607361 -0.9706406593322754 -0.19941504299640656 0.13449980318546295 -2.2826645374298096
-0.2367413192987442 0.6925722360610962 -0.6813933849334717 0.15890704095363617 0.04275575280189514 -0.693224310874939 -0.7194523215293884 -0.6252878308296204 -0.9706313610076904 -0.19945767521858215 0.13450360298156738 -2.282651901245117
-0.2366953045129776 0.6926115155220032 -0.6813694834709167 0.15890498459339142 0.042705338448286057 -0.6932031512260437 -0.7194756865501404 -0.6252805590629578 -0.9706448316574097 -0.19939471781253815 0.1344999372959137 -2.2826263904571533
-0.23666253685951233 0.6926568150520325 -0.6813348531723022 0.1588708609342575 0.04277386888861656 -0.6931484341621399 -0.7195243835449219 -0.6253008842468262 -0.970649778842926 -0.19942788779735565 0.13441486656665802 -2.2826199531555176
-0.23658199608325958 0.6926883459091187 -0.6813307404518127 0.15885111689567566 0.0427890308201313 -0.6931294798851013 -0.7195417284965515 -0.6253148317337036 -0.9706687331199646 -0.1993841826915741 0.1343427151441574 -2.2825872898101807
-0.23658739030361176 0.692686140537262 -0.6813310980796814 0.15885499119758606 0.0428110733628273 -0.6931260824203491 -0.7195436954498291 -0.6253183484077454 -0.9706664681434631 -0.1994035691022873 0.13433046638965607 -2.282580852508545
-0.2365591675043106 0.692638635635376 -0.6813892126083374 0.15885299444198608 0.04279560223221779 -0.693185567855835 -0.7194872498512268 -0.62533038854599 -0.9706740379333496 -0.1993618756532669 0.13433773815631866 -2.2825534343719482
-0.23658081889152527 0.6926695108413696 -0.6813502907752991 0.15886764228343964 0.04273165389895439 -0.6931614279747009 -0.7195143699645996 -0.6253082752227783 -0.970671534538269 -0.1993386149406433 0.1343899965286255 -2.2826056480407715
-0.23650740087032318 0.6926755309104919 -0.6813696622848511 0.15887698531150818 0.04273427277803421 -0.693170428276062 -0.7195055484771729 -0.6253213882446289 -0.9706893563270569 -0.1992863118648529 0.13433915376663208 -2.2825980186462402
-0.23654130101203918 0.692611813545227 -0.6814226508140564 0.15885503590106964 0.042810894548892975 -0.6932146549224854 -0.7194583415985107 -0.6253343224525452 -0.9706776738166809 -0.19935402274131775 0.13432277739048004 -2.2826361656188965
-0.2365913987159729 0.692592978477478 -0.6814243793487549 0.15885132551193237 0.042739786207675934 -0.6932381987571716 -0.7194398641586304 -0.6253302097320557 -0.970668613910675 -0.19933731853961945 0.13441313803195953 -2.2825992107391357
-0.23659227788448334 0.6926012635231018 -0.6814156770706177 0.1588561236858368 0.04273553937673569 -0.6932302117347717 -0.7194478511810303 -0.6253389120101929 -0.970668613910675 -0.19933657348155975 0.1344144344329834 -2.2826051712036133
-0.23663701117038727 0.6926318407058716 -0.6813690662384033 0.15879981219768524 0.04270446300506592 -0.693194568157196 -0.7194840312004089 -0.6253145337104797 -0.970659077167511 -0.1993541419506073 0.13445724546909332 -2.282599925994873
-0.23662635684013367 0.692611038684845 -0.6813938617706299 0.15879595279693604 0.04271387681365013 -0.693216860294342 -0.719461977481842 -0.625322163105011 -0.9706612229347229 -0.19934874773025513 0.13444949686527252 -2.2826051712036133
-0.23666983842849731 0.6925251483917236 -0.6814661026000977 0.15885713696479797 0.04280376061797142 -0.6932796835899353 -0.7193961143493652 -0.6253331899642944 -0.9706466794013977 -0.1994287669658661 0.13443593680858612 -2.2826411724090576
-0.23669210076332092 0.6925327181816101 -0.6814506649971008 0.15885627269744873 0.04279667139053345 -0.6932682991027832 -0.7194074988365173 -0.6253421902656555 -0.970641553401947 -0.19944198429584503 0.13445325195789337 -2.282644748687744
-0.2366553246974945 0.6924667358398438 -0.6815304756164551 0.15887333452701569 0.04283306002616882 -0.6933384537696838 -0.7193377017974854 -0.6253919005393982 -0.9706489443778992 -0.19942723214626312 0.13442198932170868 -2.282609224319458
-0.23667457699775696 0.6924946904182434 -0.6814953684806824 0.15887963771820068 0.04282888025045395 -0.6933056712150574 -0.7193695902824402 -0.6254094243049622 -0.9706444144248962 -0.19944427907466888 0.13442926108837128 -2.2826056480407715
-0.23670163750648499 0.6925444006919861 -0.6814354658126831 0.15882830321788788 0.0428222119808197 -0.6932486891746521 -0.7194249033927917 -0.6253719329833984 -0.97063809633255 -0.19946971535682678 0.13443702459335327 -2.282599925994873
-0.2367476373910904 0.6925064921379089 -0.6814579963684082 0.15881521999835968 0.04288044199347496 -0.693266749382019 -0.7194040417671204 -0.6253783702850342 -0.9706243276596069 -0.19953852891921997 0.13443449139595032 -2.282581090927124
-0.23680293560028076 0.6924869418144226 -0.6814587116241455 0.15883700549602509 0.04285886883735657 -0.6932798624038696 -0.7193926572799683 -0.6253789067268372 -0.9706117510795593 -0.1995609551668167 0.1344917118549347 -2.282492160797119
-0.23674049973487854 0.6925249099731445 -0.6814418435096741 0.15882626175880432 0.04282122105360031 -0.6932610869407654 -0.7194130420684814 -0.6253789067268372 -0.9706286787986755 -0.19949446618556976 0.1344684213399887 -2.2824792861938477
-0.23681332170963287 0.6925186514854431 -0.6814228296279907 0.15885010361671448 0.04278905317187309 -0.6932584047317505 -0.7194174528121948 -0.6252963542938232 -0.9706123471260071 -0.19952517747879028 0.13454082608222961 -2.2824604511260986
-0.23683182895183563 0.6924774050712585 -0.6814583539962769 0.1588446944952011 0.04284650832414627 -0.6932861804962158 -0.7193873524665833 -0.6252936720848083 -0.9706052541732788 -0.19957202672958374 0.1345221996307373 -2.28243088722229
-0.23687806725502014 0.6924474835395813 -0.6814727187156677 0.1588156819343567 0.042909130454063416 -0.693294882774353 -0.7193751931190491 -0.6252924203872681 -0.9705912470817566 -0.19964571297168732 0.1345142424106598 -2.2824714183807373
-0.23679660260677338 0.6924912929534912 -0.681456446647644 0.158832848072052 0.042822159826755524 -0.6932841539382935 -0.7193906903266907 -0.6253155469894409 -0.9706149697303772 -0.19953081011772156 0.13451357185840607 -2.2824771404266357
-0.23673228919506073 0.6924645304679871 -0.6815060377120972 0.15883424878120422 0.04289354383945465 -0.6933116912841797 -0.7193598747253418 -0.6253376603126526 -0.97062748670578 -0.1995280236005783 0.1344272345304489 -2.282457113265991
-0.23681128025054932 0.6924786567687988 -0.6814641952514648 0.15883749723434448 0.0429065078496933 -0.6932769417762756 -0.7193925976753235 -0.6253344416618347 -0.9706076383590698 -0.19959963858127594 0.13446418941020966 -2.2825064659118652
-0.2368084192276001 0.6924938559532166 -0.6814497709274292 0.15883398056030273 0.04287441819906235 -0.6932681202888489 -0.7194030284881592 -0.6253482699394226 -0.9706097841262817 -0.19957755506038666 0.13448168337345123 -2.2824997901916504
-0.23686112463474274 0.6924516558647156 -0.6814743280410767 0.15882956981658936 0.04295283183455467 -0.6932851076126099 -0.7193819880485535 -0.6253400444984436 -0.9705934524536133 -0.19966496527194977 0.13446974754333496 -2.282477378845215
-0.23686811327934265 0.6924665570259094 -0.6814567446708679 0.15882562100887299 0.042942989617586136 -0.6932698488235474 -0.7193973064422607 -0.6253516674041748 -0.9705921411514282 -0.19966615736484528 0.1344771534204483 -2.282470941543579
-0.23698057234287262 0.6923750638961792 -0.6815106272697449 0.15883423388004303 0.042958904057741165 -0.6933387517929077 -0.7193299531936646 -0.6253859400749207 -0.9705640077590942 -0.19974425435066223 0.1345643550157547 -2.2824199199676514
-0.23698477447032928 0.6923961639404297 -0.6814877390861511 0.15883591771125793 0.042959943413734436 -0.6933153867721558 -0.7193523645401001 -0.6254007816314697 -0.9705629348754883 -0.1997523307800293 0.13456010818481445 -2.2824103832244873
-0.23699308931827545 0.6924198269844055 -0.6814607977867126 0.15884146094322205 0.04289400950074196 -0.6933021545410156 -0.719369113445282 -0.6253699660301208 -0.9705638289451599 -0.19971619546413422 0.13460737466812134 -2.282463550567627
-0.23697640001773834 0.6924014091491699 -0.6814852952957153 0.15883111953735352 0.04291592165827751 -0.6933206915855408 -0.7193499207496643 -0.6253654360771179 -0.9705669283866882 -0.19971561431884766 0.13458581268787384 -2.2824320793151855
-0.23698656260967255 0.6924354434013367 -0.6814471483230591 0.15884971618652344 0.04295255243778229 -0.6932750344276428 -0.7193917632102966 -0.6253387928009033 -0.9705628156661987 -0.19975616037845612 0.13455520570278168 -2.2824325561523438
-0.23694241046905518 0.6924959421157837 -0.6814010143280029 0.15884722769260406 0.042901553213596344 -0.6932312250137329 -0.7194370031356812 -0.6253421902656555 -0.9705758690834045 -0.19969838857650757 0.1345469355583191 -2.2824254035949707
-0.23697379231452942 0.6924638748168945 -0.681422770023346 0.15887212753295898 0.04290216043591499 -0.6932581663131714 -0.7194109559059143 -0.6252930760383606 -0.9705681800842285 -0.19971615076065063 0.13457605242729187 -2.2824385166168213
-0.237019345164299 0.6924404501914978 -0.6814306974411011 0.1588863581418991 0.042934294790029526 -0.6932663917541504 -0.7194011211395264 -0.6252961158752441 -0.9705556035041809 -0.1997688263654709 0.1345883160829544 -2.2824316024780273
-0.23699207603931427 0.6924501657485962 -0.6814303398132324 0.15883317589759827 0.042986586689949036 -0.6932513117790222 -0.7194125652313232 -0.6253413558006287 -0.9705599546432495 -0.19978752732276917 0.1345292180776596 -2.28245210647583
-0.2369798719882965 0.6924306750297546 -0.6814543604850769 0.15884168446063995 0.0429810956120491 -0.6932756900787354 -0.7193893790245056 -0.6253488659858704 -0.9705631732940674 -0.19977056980133057 0.134531170129776 -2.2824459075927734
-0.23699134588241577 0.6924411654472351 -0.6814396977424622 0.15885962545871735 0.04303865134716034 -0.6932502388954163 -0.7194104790687561 -0.6253412961959839 -0.9705578684806824 -0.19982239603996277 0.13449278473854065 -2.2824349403381348
-0.23693032562732697 0.6925015449523926 -0.6813995838165283 0.15882833302021027 0.04309290647506714 -0.6931886076927185 -0.7194666266441345 -0.6253349781036377 -0.9705703258514404 -0.19982704520225525 0.13439571857452393 -2.282517433166504
-0.23691299557685852 0.6925206780433655 -0.6813861727714539 0.15882687270641327 0.043062273412942886 -0.6931784749031067 -0.7194782495498657 -0.625336766242981 -0.9705759286880493 -0.19979587197303772 0.13440169394016266 -2.282517433166504
-0.23688514530658722 0.6924617290496826 -0.6814557313919067 0.15887674689292908 0.04303981736302376 -0.693251371383667 -0.7194093465805054 -0.6253426671028137 -0.9705837368965149 -0.1997472047805786 0.13441772758960724 -2.282482862472534
-0.23689059913158417 0.6924483776092529 -0.6814674139022827 0.15888266265392303 0.043076690286397934 -0.6932567358016968 -0.7194019556045532 -0.625346302986145 -0.9705807566642761 -0.19977501034736633 0.13439783453941345 -2.2824831008911133
-0.23684793710708618 0.692486584186554 -0.681443452835083 0.15885397791862488 0.04309224337339401 -0.6932224631309509 -0.7194340825080872 -0.6253275275230408 -0.9705904722213745 -0.1997614949941635 0.13434772193431854 -2.2824928760528564
-0.23682527244091034 0.6924878358840942 -0.6814500093460083 0.15885217487812042 0.043076783418655396 -0.6932291984558105 -0.7194284200668335 -0.6253277659416199 -0.9705966711044312 -0.19973361492156982 0.13434426486492157 -2.282487630844116
-0.2366652935743332 0.692582905292511 -0.6814090013504028 0.15884633362293243 0.04308406263589859 -0.6931620836257935 -0.7194926738739014 -0.6253548860549927 -0.9706353545188904 -0.19963692128658295 0.1342083364725113 -2.282451629638672
-0.2366490215063095 0.6925819516181946 -0.6814155578613281 0.15884830057621002 0.043103110045194626 -0.6931626796722412 -0.7194910049438477 -0.625357985496521 -0.9706385135650635 -0.19963805377483368 0.13418404757976532 -2.2824442386627197
-0.2366618812084198 0.6926669478416443 -0.6813247799873352 0.15884217619895935 0.04308398813009262 -0.693074107170105 -0.719577431678772 -0.6253452301025391 -0.970636248588562 -0.1996508240699768 0.13418158888816833 -2.282524585723877
-0.23667168617248535 0.6926460862159729 -0.6813425421714783 0.15884004533290863 0.04308217763900757 -0.6930943727493286 -0.7195580005645752 -0.6253491044044495 -0.9706339240074158 -0.19965283572673798 0.13419534265995026 -2.2825214862823486
-0.23670542240142822 0.692582368850708 -0.6813955903053284 0.1588457077741623 0.04319094866514206 -0.6931319832801819 -0.719515323638916 -0.6253519654273987 -0.97062087059021 -0.199743390083313 0.1341550201177597 -2.2825264930725098
-0.23668304085731506 0.6926448345184326 -0.6813399195671082 0.1588454395532608 0.043184343725442886 -0.6930721998214722 -0.7195732593536377 -0.6253606677055359 -0.9706265926361084 -0.19973409175872803 0.13412724435329437 -2.2825260162353516
-0.23667705059051514 0.6926782131195068 -0.6813079714775085 0.15883712470531464 0.0431489571928978 -0.6930454969406128 -0.7196010947227478 -0.6253487467765808 -0.9706296324729919 -0.1997108906507492 0.13413983583450317 -2.2825489044189453
-0.23673339188098907 0.6926248669624329 -0.6813426613807678 0.15885315835475922 0.0430983267724514 -0.6931000351905823 -0.7195516228675842 -0.6253818869590759 -0.9706181287765503 -0.19970671832561493 0.1342291682958603 -2.2824885845184326
-0.23671190440654755 0.692621648311615 -0.6813534498214722 0.1588568538427353 0.04312928393483162 -0.6931017637252808 -0.7195481061935425 -0.6253869533538818 -0.9706220030784607 -0.19971197843551636 0.13419337570667267 -2.282487392425537
-0.23666511476039886 0.6926423907279968 -0.6813485622406006 0.1588338017463684 0.043102893978357315 -0.6930953860282898 -0.7195557951927185 -0.6253793835639954 -0.9706345796585083 -0.1996619552373886 0.1341768205165863 -2.2824618816375732
-0.23668746650218964 0.6926669478416443 -0.6813158392906189 0.15886124968528748 0.0431380495429039 -0.6930573582649231 -0.7195903062820435 -0.6253446936607361 -0.9706276059150696 -0.1997087299823761 0.1341579109430313 -2.282494068145752
-0.23674753308296204 0.6926248073577881 -0.681337833404541 0.15887002646923065 0.04325244575738907 -0.693065345287323 -0.7195757627487183 -0.6253414750099182 -0.9706078171730042 -0.1998274177312851 0.1341240108013153 -2.282539129257202
-0.2367543876171112 0.6926237940788269 -0.6813364624977112 0.15886841714382172 0.043260421603918076 -0.6930632591247559 -0.7195773124694824 -0.6253471970558167 -0.9706057906150818 -0.1998380869626999 0.1341227889060974 -2.2825334072113037
-0.23673462867736816 0.6925873756408691 -0.6813803911209106 0.15882357954978943 0.04326242581009865 -0.6931056380271912 -0.7195363640785217 -0.6253668665885925 -0.9706105589866638 -0.1998174488544464 0.13411930203437805 -2.2824974060058594
-0.23674260079860687 0.692584753036499 -0.6813802719116211 0.1588151454925537 0.04321550577878952 -0.693116307258606 -0.7195289134979248 -0.6253767013549805 -0.9706106781959534 -0.19978943467140198 0.13415998220443726 -2.2824907302856445
-0.236770361661911 0.6925595998764038 -0.6813961863517761 0.1588108092546463 0.043175891041755676 -0.6931449770927429 -0.71950364112854 -0.6253882050514221 -0.9706056714057922 -0.19977712631225586 0.13421453535556793 -2.2824699878692627
-0.23676897585391998 0.6925932765007019 -0.6813623905181885 0.15880970656871796 0.04318958520889282 -0.6931068897247314 -0.7195395827293396 -0.625397801399231 -0.9706054329872131 -0.1997925043106079 0.13419361412525177 -2.2824621200561523
