# 3x4 first row second row third row Freq: 100 current Time: 2021-07-28-14:07:29
-0.3028750419616699 -0.2774312198162079 -0.9117556214332581 0.0314045175909996 0.9390266537666321 -0.25027182698249817 -0.23578092455863953 -0.6875784397125244 -0.16277387738227844 -0.9275751709938049 0.3363165855407715 -2.4500961303710938
-0.30282026529312134 -0.2774818539619446 -0.9117584228515625 0.031370364129543304 0.9390661120414734 -0.25014105439186096 -0.23576277494430542 -0.6876916289329529 -0.16264842450618744 -0.927595317363739 0.33632177114486694 -2.449862241744995
-0.3028438687324524 -0.2772972583770752 -0.9118067622184753 0.03138081356883049 0.939044177532196 -0.25018346309661865 -0.23580504953861237 -0.687588095664978 -0.16273099184036255 -0.9276390671730042 0.3361611068248749 -2.4500999450683594
-0.30282652378082275 -0.27733010053634644 -0.9118025302886963 0.031367406249046326 0.939075231552124 -0.2500404119491577 -0.2358330935239792 -0.6876869797706604 -0.16258397698402405 -0.9276677966117859 0.3361528813838959 -2.4499270915985107
-0.30284518003463745 -0.2773977518081665 -0.9117757678031921 0.031435396522283554 0.9390195608139038 -0.2503476142883301 -0.23572875559329987 -0.6875889301300049 -0.1628703773021698 -0.9275647401809692 0.33629870414733887 -2.450150489807129
-0.30291303992271423 -0.27742329239845276 -0.9117454290390015 0.0313664935529232 0.9390131831169128 -0.2502906620502472 -0.2358146756887436 -0.6876104474067688 -0.1627810001373291 -0.9275724291801453 0.3363206386566162 -2.4500222206115723
-0.30289867520332336 -0.27737122774124146 -0.9117660522460938 0.031467683613300323 0.9389895796775818 -0.2504328489303589 -0.2357577532529831 -0.6877341270446777 -0.16294386982917786 -0.9275496602058411 0.3363046646118164 -2.4499125480651855
-0.30292296409606934 -0.27737775444984436 -0.9117559790611267 0.031386829912662506 0.9389686584472656 -0.25051766633987427 -0.23575083911418915 -0.6876183748245239 -0.163019061088562 -0.9275248050689697 0.33633676171302795 -2.450157642364502
-0.30287444591522217 -0.27742260694503784 -0.9117584824562073 0.031390249729156494 0.9390076398849487 -0.2503788471221924 -0.23574306070804596 -0.6877418756484985 -0.1628846824169159 -0.9275488257408142 0.33633551001548767 -2.4499940872192383
-0.30288445949554443 -0.2774675488471985 -0.9117414355278015 0.0313950851559639 0.9389661550521851 -0.2506120204925537 -0.23566068708896637 -0.6876019239425659 -0.16310527920722961 -0.9274724125862122 0.336439311504364 -2.4501593112945557
-0.30294859409332275 -0.27752575278282166 -0.9117024540901184 0.03136412054300308 0.9389748573303223 -0.250482976436615 -0.23576299846172333 -0.6877005696296692 -0.1629357486963272 -0.9274898767471313 0.33647337555885315 -2.4499733448028564
-0.30292630195617676 -0.2775300145149231 -0.9117085337638855 0.031409237533807755 0.9389613270759583 -0.2505938410758972 -0.23569904267787933 -0.6875211596488953 -0.16305510699748993 -0.927458643913269 0.3365015983581543 -2.4500861167907715
-0.3029479384422302 -0.2775219678878784 -0.9117038249969482 0.03138718754053116 0.9389824867248535 -0.2504395842552185 -0.23577874898910522 -0.6875710487365723 -0.16289304196834564 -0.9275027513504028 0.33645862340927124 -2.4499640464782715
-0.30286726355552673 -0.27750444412231445 -0.9117359519004822 0.03140127286314964 0.9389695525169373 -0.2506272792816162 -0.23563076555728912 -0.6875087022781372 -0.1631174087524414 -0.9274572730064392 0.3364752233028412 -2.450303554534912
-0.30286312103271484 -0.2775232195854187 -0.9117316007614136 0.03135218098759651 0.9390021562576294 -0.2504528760910034 -0.23568636178970337 -0.6875765323638916 -0.1629374623298645 -0.9274987578392029 0.3364480435848236 -2.4501354694366455
-0.30291837453842163 -0.27775177359580994 -0.9116436243057251 0.031378958374261856 0.9390113353729248 -0.25037845969200134 -0.235728919506073 -0.6877186894416809 -0.16278192400932312 -0.92745041847229 0.33665651082992554 -2.4501075744628906
-0.3029071092605591 -0.2777519226074219 -0.9116473197937012 0.03129428252577782 0.939005434513092 -0.2504284083843231 -0.23569917678833008 -0.6875529289245605 -0.16283661127090454 -0.927436888217926 0.33666732907295227 -2.4502522945404053
-0.30296826362609863 -0.2777431011199951 -0.9116297364234924 0.03135205805301666 0.9389526844024658 -0.25063642859458923 -0.2356882244348526 -0.6873998641967773 -0.16302695870399475 -0.9273833632469177 0.3367227017879486 -2.450399160385132
-0.30301669239997864 -0.27742108702659607 -0.9117116332054138 0.03143858537077904 0.9388962388038635 -0.25080299377441406 -0.23573599755764008 -0.6875582933425903 -0.1632619947195053 -0.9274346828460693 0.33646729588508606 -2.450192451477051
-0.30298730731010437 -0.2774999439716339 -0.9116974472999573 0.03141583874821663 0.9389491081237793 -0.2505660951137543 -0.23577739298343658 -0.6877238750457764 -0.16301235556602478 -0.9274751543998718 0.3364768624305725 -2.449906587600708
-0.30294033885002136 -0.2773137092590332 -0.911769688129425 0.03154987469315529 0.9389399290084839 -0.25063925981521606 -0.2357362061738968 -0.6876003742218018 -0.1631525158882141 -0.9275110960006714 0.33630985021591187 -2.45005202293396
-0.3029480278491974 -0.2773352563381195 -0.9117605686187744 0.031506169587373734 0.9389733076095581 -0.2504434585571289 -0.23581121861934662 -0.6877354979515076 -0.16294583678245544 -0.9275575280189514 0.336281955242157 -2.449775218963623
-0.3029731810092926 -0.2773645222187042 -0.9117433428764343 0.03142247349023819 0.9389579892158508 -0.25050127506256104 -0.23581086099147797 -0.6876620650291443 -0.16298739612102509 -0.9275331497192383 0.33632898330688477 -2.4500339031219482
-0.30306917428970337 -0.27739766240119934 -0.9117013216018677 0.03145818039774895 0.9389395117759705 -0.25047364830970764 -0.23591376841068268 -0.6877373456954956 -0.16291534900665283 -0.9275307059288025 0.33637064695358276 -2.4499568939208984
-0.3031063377857208 -0.2774817943572998 -0.9116634130477905 0.03144598752260208 0.9388938546180725 -0.250700443983078 -0.23585453629493713 -0.6875839829444885 -0.1631091833114624 -0.9274442791938782 0.33651503920555115 -2.4500691890716553
-0.3030475974082947 -0.277484267950058 -0.9116821885108948 0.03143690899014473 0.9389371275901794 -0.2505415081977844 -0.2358512431383133 -0.6876877546310425 -0.16296933591365814 -0.9274864792823792 0.3364664614200592 -2.4498910903930664
-0.3030415177345276 -0.2775275409221649 -0.911670982837677 0.03146352618932724 0.9389437437057495 -0.25052371621131897 -0.23584359884262085 -0.6877894997596741 -0.16294223070144653 -0.9274783134460449 0.3365020453929901 -2.449700355529785
-0.3029562532901764 -0.27744626998901367 -0.9117240905761719 0.03142080828547478 0.9389370679855347 -0.2506662905216217 -0.23571878671646118 -0.6877179741859436 -0.16313931345939636 -0.9274641275405884 0.33644571900367737 -2.4499154090881348
-0.3029884397983551 -0.2774493396282196 -0.9117124676704407 0.03134310618042946 0.9389265775680542 -0.25067925453186035 -0.23574666678905487 -0.6875520348548889 -0.16313976049423218 -0.927459716796875 0.3364576995372772 -2.450039863586426
-0.30296385288238525 -0.2774714529514313 -0.9117138981819153 0.03130044415593147 0.938958466053009 -0.2505399286746979 -0.2357679009437561 -0.6876120567321777 -0.16300198435783386 -0.927490770816803 0.3364388942718506 -2.449861764907837
-0.30299538373947144 -0.27732136845588684 -0.9117490649223328 0.03141007944941521 0.9389165043830872 -0.25069332122802734 -0.23577192425727844 -0.687642514705658 -0.16318494081497192 -0.9274941682815552 0.3363407254219055 -2.449826955795288
-0.3029758334159851 -0.2773153781890869 -0.9117574095726013 0.03133930265903473 0.9389197826385498 -0.25070175528526306 -0.23574979603290558 -0.687462329864502 -0.16320224106311798 -0.927493691444397 0.336333692073822 -2.449941635131836
-0.30302196741104126 -0.27736422419548035 -0.9117271900177002 0.0313747264444828 0.9388802647590637 -0.25087133049964905 -0.2357269525527954 -0.6875986456871033 -0.1633441150188446 -0.9274332523345947 0.33643150329589844 -2.4497556686401367
-0.3029603958129883 -0.2773510217666626 -0.9117516875267029 0.031381793320178986 0.9388903379440308 -0.2509009838104248 -0.23565518856048584 -0.68745356798172 -0.1634003072977066 -0.9274291396141052 0.33641546964645386 -2.4498438835144043
-0.30309101939201355 -0.27739158272743225 -0.9116959571838379 0.03129049390554428 0.9388817548751831 -0.2507684528827667 -0.2358304262161255 -0.6874822378158569 -0.1632073074579239 -0.9274528622627258 0.3364437520503998 -2.449613571166992
-0.30307820439338684 -0.27726566791534424 -0.9117385149002075 0.031212739646434784 0.9388506412506104 -0.2509312331676483 -0.2357810139656067 -0.687390148639679 -0.16340979933738708 -0.9274464845657349 0.3363630473613739 -2.4498977661132812
-0.3030773401260376 -0.27722930908203125 -0.9117498397827148 0.031198199838399887 0.9388603568077087 -0.2508681118488312 -0.23580962419509888 -0.6874352097511292 -0.1633557230234146 -0.9274744391441345 0.3363122344017029 -2.449768304824829
-0.3032130002975464 -0.27734342217445374 -0.9116700291633606 0.03116823174059391 0.9387964010238647 -0.251061350107193 -0.2358585000038147 -0.687313973903656 -0.16347141563892365 -0.9273880124092102 0.3364942669868469 -2.4500155448913574
-0.3030409812927246 -0.2773101329803467 -0.911737322807312 0.031351808458566666 0.9388551712036133 -0.25097164511680603 -0.2357199490070343 -0.687660276889801 -0.16345280408859253 -0.927422285079956 0.33640894293785095 -2.4496748447418213
-0.3031250238418579 -0.2772529721260071 -0.9117267727851868 0.031229419633746147 0.9387978911399841 -0.2511586844921112 -0.2357490211725235 -0.6873998641967773 -0.16362608969211578 -0.9273887276649475 0.33641719818115234 -2.4500558376312256
-0.30283817648887634 -0.27752965688705444 -0.9117379188537598 0.03130751848220825 0.9389258027076721 -0.2509250044822693 -0.2354881912469864 -0.6876051425933838 -0.16342298686504364 -0.927369236946106 0.3365696370601654 -2.4500532150268555
-0.3029484152793884 -0.277590811252594 -0.911682665348053 0.03134361281991005 0.9389028549194336 -0.25090935826301575 -0.23559631407260895 -0.6876735091209412 -0.163350448012352 -0.927355170249939 0.33664360642433167 -2.44978666305542
-0.30303138494491577 -0.2775103747844696 -0.9116796255111694 0.03131498396396637 0.9388401508331299 -0.2511228322982788 -0.23561885952949524 -0.6875206232070923 -0.1635570079088211 -0.9273214340209961 0.33663618564605713 -2.4499409198760986
-0.3029615879058838 -0.2776620388031006 -0.9116566181182861 0.031346872448921204 0.9388869404792786 -0.2509988248348236 -0.2355644702911377 -0.6875772476196289 -0.1634175330400467 -0.9273096323013306 0.3367364704608917 -2.449768543243408
-0.30297067761421204 -0.2776983678340912 -0.9116425514221191 0.03134408965706825 0.938907265663147 -0.25087958574295044 -0.23561054468154907 -0.6876865029335022 -0.16328395903110504 -0.9273310303688049 0.3367423713207245 -2.4495906829833984
-0.3029491603374481 -0.27742695808410645 -0.9117323160171509 0.03139791265130043 0.9388747811317444 -0.2510254681110382 -0.23558467626571655 -0.687645435333252 -0.16351060569286346 -0.9273727536201477 0.336517333984375 -2.4498744010925293
-0.3028917610645294 -0.27749523520469666 -0.9117305874824524 0.03142242133617401 0.9389073252677917 -0.2509423792362213 -0.23554332554340363 -0.6877394318580627 -0.16342979669570923 -0.9273748397827148 0.33655089139938354 -2.449733257293701
-0.30285176634788513 -0.27725303173065186 -0.9118175506591797 0.03140208497643471 0.9388602375984192 -0.25120535492897034 -0.23545072972774506 -0.6877027153968811 -0.16377413272857666 -0.9273760318756104 0.3363800346851349 -2.44999623298645
-0.30288374423980713 -0.2773032486438751 -0.9117916822433472 0.031392116099596024 0.9388797879219055 -0.25106096267700195 -0.2355268895626068 -0.6877761483192444 -0.1636030524969101 -0.9274001717567444 0.3363969027996063 -2.449878692626953
-0.30283161997795105 -0.27730193734169006 -0.9118093848228455 0.031423747539520264 0.9388686418533325 -0.2511999309062958 -0.23542305827140808 -0.687608540058136 -0.16376329958438873 -0.9273629188537598 0.33642157912254333 -2.4499194622039795
-0.3028164505958557 -0.2772879898548126 -0.9118186831474304 0.031436651945114136 0.9388840794563293 -0.2511310279369354 -0.23543497920036316 -0.6877191066741943 -0.16370278596878052 -0.9273857474327087 0.33638808131217957 -2.44970440864563
-0.3028256595134735 -0.27730366587638855 -0.9118108749389648 0.031386397778987885 0.9388822913169861 -0.25113195180892944 -0.23544125258922577 -0.6875707507133484 -0.16369622945785522 -0.9273808002471924 0.3364048898220062 -2.449819564819336
-0.30282628536224365 -0.2772698402404785 -0.9118209481239319 0.0313752256333828 0.938905656337738 -0.2509898543357849 -0.23549959063529968 -0.6876855492591858 -0.16356098651885986 -0.9274293780326843 0.33633673191070557 -2.4496426582336426
-0.30284303426742554 -0.27727648615837097 -0.9118133187294006 0.03130877763032913 0.9388963580131531 -0.2510194778442383 -0.2355048805475235 -0.687523365020752 -0.16358304023742676 -0.9274193644523621 0.336353600025177 -2.4497649669647217
-0.3027994632720947 -0.27730607986450195 -0.91181880235672 0.03129496052861214 0.9389381408691406 -0.2508540749549866 -0.23551462590694427 -0.6876300573348999 -0.16342392563819885 -0.9274553060531616 0.33633193373680115 -2.4495973587036133
-0.30278924107551575 -0.27734583616256714 -0.9118101000785828 0.03121155872941017 0.9389450550079346 -0.2508399784564972 -0.23550200462341309 -0.687459409236908 -0.16340303421020508 -0.9274471998214722 0.33636435866355896 -2.449714422225952
-0.3028232753276825 -0.27750706672668457 -0.9117497801780701 0.03136388584971428 0.9389378428459167 -0.2508726119995117 -0.23549596965312958 -0.6876678466796875 -0.16338135302066803 -0.9273901581764221 0.3365321457386017 -2.4497053623199463
-0.30284515023231506 -0.2775212824344635 -0.9117381572723389 0.031352873891592026 0.938951849937439 -0.25076478719711304 -0.235555037856102 -0.6877722144126892 -0.16326040029525757 -0.9274150729179382 0.3365222215652466 -2.449582576751709
-0.302875280380249 -0.27749940752983093 -0.9117348194122314 0.03127135708928108 0.9389436841011047 -0.2507614195346832 -0.23559126257896423 -0.6876135468482971 -0.163251593708992 -0.9274225234985352 0.3365059494972229 -2.449700355529785
-0.3028193414211273 -0.27744126319885254 -0.9117711186408997 0.031341303139925 0.9389715790748596 -0.25066977739334106 -0.23557741940021515 -0.6877548098564148 -0.1631946712732315 -0.9274646639823914 0.3364173173904419 -2.449646472930908
-0.30287685990333557 -0.2775327265262604 -0.9117241501808167 0.0313698910176754 0.938945472240448 -0.25075745582580566 -0.23558828234672546 -0.6876170635223389 -0.1632382869720459 -0.9274136424064636 0.3365369439125061 -2.4497103691101074
-0.3028275668621063 -0.2775441110134125 -0.9117370843887329 0.03136497363448143 0.9389793872833252 -0.2506401836872101 -0.23557798564434052 -0.6876986622810364 -0.16313478350639343 -0.9274418950080872 0.3365091383457184 -2.449578285217285
-0.3028925657272339 -0.27762654423713684 -0.911690354347229 0.03126300498843193 0.9389510154724121 -0.2507270872592926 -0.23559847474098206 -0.6875904202461243 -0.16317717730998993 -0.9273937344551086 0.33662131428718567 -2.449805974960327
-0.30286335945129395 -0.2777068018913269 -0.9116756319999695 0.0313950777053833 0.9389313459396362 -0.25090259313583374 -0.2354901283979416 -0.6877384185791016 -0.16334469616413116 -0.927322268486023 0.3367370069026947 -2.449711322784424
-0.302923321723938 -0.27769675850868225 -0.911658763885498 0.03141719102859497 0.9389250874519348 -0.2508474886417389 -0.23557372391223907 -0.6877882480621338 -0.16326935589313507 -0.9273401498794556 0.3367242217063904 -2.449647903442383
-0.3029485046863556 -0.2777792811393738 -0.9116252660751343 0.031430162489414215 0.9388845562934875 -0.2510617971420288 -0.2355068325996399 -0.6876803636550903 -0.16345548629760742 -0.9272574782371521 0.33686167001724243 -2.449833393096924
-0.3029468357563019 -0.27771857380867004 -0.9116442799568176 0.03131378814578056 0.9388968348503113 -0.2509790360927582 -0.23554620146751404 -0.6875510811805725 -0.1633881777524948 -0.9272980093955994 0.3367826044559479 -2.4498677253723145
-0.30292198061943054 -0.2778199017047882 -0.9116216897964478 0.03151923418045044 0.938877522945404 -0.25115108489990234 -0.2354397028684616 -0.6876571774482727 -0.16354505717754364 -0.9272211194038391 0.33691826462745667 -2.4499363899230957
-0.30298537015914917 -0.2778788208961487 -0.9115826487541199 0.03146164119243622 0.9388936161994934 -0.25098228454589844 -0.23555563390254974 -0.6877737045288086 -0.16333527863025665 -0.9272491335868835 0.3369428217411041 -2.4497029781341553
-0.3029230237007141 -0.27790263295173645 -0.9115961194038391 0.031527839601039886 0.9389016032218933 -0.2510344386100769 -0.23546814918518066 -0.6876336336135864 -0.1634049266576767 -0.9272279143333435 0.3369675278663635 -2.449814558029175
-0.30306825041770935 -0.2779383361339569 -0.9115369915962219 0.031467124819755554 0.9388723969459534 -0.2509963810443878 -0.23562505841255188 -0.6877338290214539 -0.16330334544181824 -0.9272274971008301 0.33701786398887634 -2.4496426582336426
-0.30300799012184143 -0.27786582708358765 -0.9115791320800781 0.031449344009160995 0.9389083981513977 -0.25086164474487305 -0.23562513291835785 -0.6876624822616577 -0.16320815682411194 -0.9272856712341309 0.336903840303421 -2.449810028076172
-0.30297404527664185 -0.27772003412246704 -0.9116348028182983 0.0314166322350502 0.9389079213142395 -0.25087663531303406 -0.23561114072799683 -0.6878014206886292 -0.16327404975891113 -0.9273253083229065 0.33676284551620483 -2.449692487716675
-0.30297327041625977 -0.27775275707244873 -0.9116250872612 0.03134807199239731 0.9389122724533081 -0.2508612275123596 -0.2356099933385849 -0.6876669526100159 -0.16325019299983978 -0.9273196458816528 0.33678993582725525 -2.449796199798584
-0.3028970956802368 -0.2776872217655182 -0.9116703867912292 0.03136495128273964 0.9389288425445557 -0.2508620321750641 -0.2355431467294693 -0.6877731084823608 -0.16329628229141235 -0.9273390769958496 0.33671411871910095 -2.4496796131134033
-0.3029640316963196 -0.2777344286441803 -0.9116337299346924 0.03130403906106949 0.9388866424560547 -0.2510157823562622 -0.23554767668247223 -0.6876001954078674 -0.1634148806333542 -0.9272833466529846 0.3368101119995117 -2.449765682220459
-0.3029279410839081 -0.27773869037628174 -0.911644458770752 0.0313204824924469 0.9389141201972961 -0.2509138286113739 -0.2355467826128006 -0.6876388192176819 -0.16332386434078217 -0.9273096919059753 0.336781769990921 -2.4496731758117676
-0.30287137627601624 -0.2777309715747833 -0.9116656184196472 0.031337086111307144 0.9389130473136902 -0.25100091099739075 -0.23545828461647034 -0.6875203251838684 -0.1634349524974823 -0.9272884130477905 0.3367864191532135 -2.449786901473999
-0.30286651849746704 -0.27782726287841797 -0.9116379022598267 0.03142303600907326 0.9389368891716003 -0.2508974075317383 -0.2354734092950821 -0.6877617835998535 -0.16330675780773163 -0.9272875785827637 0.3368508815765381 -2.4498019218444824
-0.30287399888038635 -0.277866929769516 -0.9116232991218567 0.03136509656906128 0.9389338493347168 -0.2509140372276306 -0.23546788096427917 -0.6876253485679626 -0.1633104532957077 -0.9272711873054504 0.3368941843509674 -2.4499173164367676
-0.3028715252876282 -0.2779052257537842 -0.9116124510765076 0.03145216032862663 0.9389219284057617 -0.25099506974220276 -0.23542892932891846 -0.687693178653717 -0.16338340938091278 -0.9272378087043762 0.33695077896118164 -2.4497382640838623
-0.3028557002544403 -0.277889221906662 -0.9116225838661194 0.03139622509479523 0.9389272332191467 -0.2509840726852417 -0.23541955649852753 -0.6875399351119995 -0.16338230669498444 -0.927245557308197 0.33692988753318787 -2.449855327606201
-0.3029745817184448 -0.2778452932834625 -0.9115964770317078 0.03137196972966194 0.938866138458252 -0.2511453330516815 -0.23549136519432068 -0.6876641511917114 -0.16351313889026642 -0.927215039730072 0.3369503617286682 -2.4496662616729736
-0.30301278829574585 -0.2778434157371521 -0.9115843176841736 0.03130749985575676 0.9388571977615356 -0.2511395812034607 -0.23553314805030823 -0.6875225305557251 -0.16349369287490845 -0.9272171854972839 0.3369539976119995 -2.449773073196411
-0.3029586672782898 -0.2777940630912781 -0.9116173982620239 0.03136010840535164 0.9388818144798279 -0.2510663866996765 -0.23551295697689056 -0.6876884698867798 -0.16345249116420746 -0.9272517561912537 0.3368787169456482 -2.4496819972991943
-0.3029478192329407 -0.27779996395111084 -0.9116191864013672 0.03135526180267334 0.9388956427574158 -0.2510053515434265 -0.23552289605140686 -0.6877388954162598 -0.16339315474033356 -0.927266538143158 0.3368668854236603 -2.4495742321014404
-0.30301612615585327 -0.27767762541770935 -0.9116337299346924 0.0313667468726635 0.9388427138328552 -0.25117379426956177 -0.2355542778968811 -0.6876028776168823 -0.16357046365737915 -0.9272575974464417 0.336805522441864 -2.449692726135254
-0.303047239780426 -0.2776852250099182 -0.91162109375 0.03133784234523773 0.9388569593429565 -0.251049280166626 -0.23563015460968018 -0.6876940727233887 -0.16343091428279877 -0.9272890090942383 0.336786687374115 -2.4494845867156982
-0.30291998386383057 -0.2776201665401459 -0.911683201789856 0.03136885538697243 0.9388522505760193 -0.25124555826187134 -0.23543962836265564 -0.6876078248023987 -0.16369366645812988 -0.9272553324699402 0.3367518186569214 -2.4496066570281982
-0.302998811006546 -0.2775384485721588 -0.9116818904876709 0.031011391431093216 0.9388139843940735 -0.2513258755207062 -0.23550647497177124 -0.6871421337127686 -0.1637672632932663 -0.9272580146789551 0.3367086350917816 -2.4497592449188232
-0.3027731478214264 -0.27764278650283813 -0.9117251038551331 0.0313354916870594 0.9388509392738342 -0.25147342681884766 -0.23520153760910034 -0.6876387596130371 -0.16397275030612946 -0.9271867871284485 0.3368048071861267 -2.449510335922241
-0.30279257893562317 -0.2776568830013275 -0.9117143154144287 0.03127962350845337 0.938835859298706 -0.25153395533561707 -0.23519699275493622 -0.6875138878822327 -0.16402316093444824 -0.9271661639213562 0.3368370532989502 -2.4495949745178223
-0.3027815520763397 -0.2775926887989044 -0.9117375612258911 0.03137897700071335 0.9388360381126404 -0.25153252482414246 -0.23519784212112427 -0.6876220703125 -0.16404254734516144 -0.9271857738494873 0.3367736339569092 -2.4495115280151367
-0.30288833379745483 -0.2775688171386719 -0.9117093682289124 0.03130408376455307 0.9388302564620972 -0.2514030337333679 -0.23535917699337006 -0.6876436471939087 -0.16387824714183807 -0.9272280335426331 0.3367372453212738 -2.4493460655212402
-0.30276551842689514 -0.277466356754303 -0.9117813110351562 0.03141368180513382 0.9388384222984314 -0.25150975584983826 -0.23521262407302856 -0.6877186894416809 -0.16405843198299408 -0.9272297620773315 0.3366447687149048 -2.449551582336426
-0.30273568630218506 -0.27743348479270935 -0.9118012189865112 0.03145373612642288 0.938827395439148 -0.2516070306301117 -0.23515258729457855 -0.6876236796379089 -0.16417650878429413 -0.927213191986084 0.33663275837898254 -2.4496960639953613
-0.3027747869491577 -0.27747806906700134 -0.9117746949195862 0.03138210251927376 0.9388493299484253 -0.25143781304359436 -0.23524615168571472 -0.6877416372299194 -0.16397908329963684 -0.9272457361221313 0.33663931488990784 -2.449455738067627
-0.3027932345867157 -0.27741894125938416 -0.9117865562438965 0.03134702146053314 0.938833475112915 -0.2514852285385132 -0.23525871336460114 -0.6876538991928101 -0.16403573751449585 -0.9272505640983582 0.33659839630126953 -2.4495973587036133
-0.30280402302742004 -0.27751868963241577 -0.9117526412010193 0.03133091330528259 0.9388587474822998 -0.2513520419597626 -0.2353000044822693 -0.6877665519714355 -0.16387085616588593 -0.9272568225860596 0.3366614580154419 -2.449442148208618
-0.30279067158699036 -0.27734193205833435 -0.9118108153343201 0.03131352365016937 0.9388567805290222 -0.2513372004032135 -0.23532380163669586 -0.6876606345176697 -0.16390693187713623 -0.9273137450218201 0.3364871144294739 -2.4495489597320557
-0.30277392268180847 -0.2773805260658264 -0.9118046760559082 0.031332727521657944 0.9388725161552429 -0.25128254294395447 -0.2353193759918213 -0.6877530813217163 -0.1638476848602295 -0.9273170232772827 0.3365069627761841 -2.4494149684906006
-0.3027667999267578 -0.2774878144264221 -0.9117743968963623 0.03136848285794258 0.9388479590415955 -0.2514595687389374 -0.2352282553911209 -0.6876947283744812 -0.16400152444839478 -0.9272369146347046 0.3366526663303375 -2.4495933055877686
-0.3026708960533142 -0.27759605646133423 -0.9117732644081116 0.03139764443039894 0.9388606548309326 -0.25155553221702576 -0.2350749373435974 -0.6878055930137634 -0.1641058474779129 -0.9271785020828247 0.33676275610923767 -2.44946551322937
-0.30265122652053833 -0.2775776982307434 -0.911785364151001 0.03132646530866623 0.9388612508773804 -0.2515762448310852 -0.2350504994392395 -0.6876457929611206 -0.16413888335227966 -0.9271783828735352 0.3367469906806946 -2.4495747089385986
-0.3027365505695343 -0.27729442715644836 -0.9118432402610779 0.03145093843340874 0.9388064742088318 -0.2516879439353943 -0.23514947295188904 -0.6876775622367859 -0.16429440677165985 -0.9272328019142151 0.3365211486816406 -2.449519157409668
-0.3027205765247345 -0.27729490399360657 -0.9118484258651733 0.031395211815834045 0.9388142824172974 -0.2516672909259796 -0.23514039814472198 -0.6875303387641907 -0.16427931189537048 -0.9272382855415344 0.336513489484787 -2.4496161937713623
-0.30281710624694824 -0.2773456871509552 -0.9118009209632874 0.031303636729717255 0.9387998580932617 -0.2516214847564697 -0.2352471798658371 -0.6876670122146606 -0.16418401896953583 -0.9272355437278748 0.33656755089759827 -2.4495012760162354
-0.30290988087654114 -0.2773989140987396 -0.9117538928985596 0.031296659260988235 0.9387925267219543 -0.2515411674976349 -0.23536215722560883 -0.6877179741859436 -0.16405455768108368 -0.9272413849830627 0.3366145193576813 -2.4493839740753174
-0.302890807390213 -0.2774466574192047 -0.9117457270622253 0.031189512461423874 0.9387850761413574 -0.25162366032600403 -0.2353038489818573 -0.687633216381073 -0.16413263976573944 -0.9272047281265259 0.3366774618625641 -2.4496116638183594
-0.30285099148750305 -0.27747705578804016 -0.9117496609687805 0.03124149888753891 0.9388083815574646 -0.25155767798423767 -0.23528128862380981 -0.68775874376297 -0.16407258808612823 -0.9272135496139526 0.3366824984550476 -2.449517250061035
-0.30285435914993286 -0.27729058265686035 -0.911805272102356 0.03128652647137642 0.938811719417572 -0.2514857053756714 -0.23534484207630157 -0.687705397605896 -0.16404719650745392 -0.927288830280304 0.33648738265037537 -2.449711322784424
-0.3028765320777893 -0.27733975648880005 -0.91178297996521 0.03130948171019554 0.938819408416748 -0.2514227330684662 -0.2353815883398056 -0.6877793669700623 -0.16396242380142212 -0.927291214466095 0.3365221917629242 -2.4496259689331055
-0.30290961265563965 -0.2772514820098877 -0.9117988348007202 0.03133527189493179 0.9387825727462769 -0.2515597641468048 -0.23538197576999664 -0.687648594379425 -0.16411201655864716 -0.9272804260253906 0.33647891879081726 -2.4496922492980957
-0.30293434858322144 -0.27732720971107483 -0.9117676019668579 0.03132041543722153 0.938804566860199 -0.25141891837120056 -0.23544476926326752 -0.6877439618110657 -0.16394048929214478 -0.927295982837677 0.33651968836784363 -2.4495112895965576
-0.3028433918952942 -0.2770581841468811 -0.9118795990943909 0.031430236995220184 0.938812255859375 -0.25143885612487793 -0.23539288341999054 -0.6877877116203308 -0.16406454145908356 -0.9273710250854492 0.3362524211406708 -2.449427604675293
-0.3029435873031616 -0.2770552933216095 -0.9118471741676331 0.03143686056137085 0.9387402534484863 -0.25169873237609863 -0.23540233075618744 -0.6877425909042358 -0.1642914116382599 -0.9273014068603516 0.33633366227149963 -2.449674367904663
-0.30292144417762756 -0.277071088552475 -0.9118497371673584 0.031383465975522995 0.9387488961219788 -0.25168636441230774 -0.2353811115026474 -0.6875848770141602 -0.16428294777870178 -0.9273000359535217 0.33634158968925476 -2.4497838020324707
-0.30293652415275574 -0.2772385776042938 -0.9117938280105591 0.03143225610256195 0.9387516379356384 -0.2516918480396271 -0.2353641241788864 -0.6877144575119019 -0.16423916816711426 -0.927248477935791 0.3365050256252289 -2.449620485305786
-0.3029283285140991 -0.2772485613822937 -0.9117934703826904 0.03135787323117256 0.9387542605400085 -0.2516918480396271 -0.23535384237766266 -0.6875282526016235 -0.16423958539962769 -0.9272454977035522 0.33651307225227356 -2.4497387409210205
-0.302919864654541 -0.2772762179374695 -0.9117879271507263 0.03142330422997475 0.9387441277503967 -0.2517683207988739 -0.2353123426437378 -0.6874247193336487 -0.16431289911270142 -0.9272164702415466 0.3365572392940521 -2.449918031692505
-0.30299443006515503 -0.2773435413837433 -0.911742627620697 0.03136736527085304 0.9387736916542053 -0.25151002407073975 -0.23547060787677765 -0.6876513957977295 -0.1640062928199768 -0.9272664189338684 0.3365691304206848 -2.4494330883026123
-0.3029969334602356 -0.2771952152252197 -0.9117869138717651 0.031314052641391754 0.9387567639350891 -0.2515636384487152 -0.23548072576522827 -0.6875481009483337 -0.16409842669963837 -0.9272962212562561 0.33644211292266846 -2.4496116638183594
-0.302883118391037 -0.27722951769828796 -0.9118143320083618 0.03135088086128235 0.9388147592544556 -0.25141096115112305 -0.23541270196437836 -0.6876203417778015 -0.16397687792778015 -0.9273273944854736 0.33641549944877625 -2.4494473934173584
-0.3028928339481354 -0.27725574374198914 -0.911803126335144 0.03124895878136158 0.9387946128845215 -0.25151750445365906 -0.23537924885749817 -0.6875140070915222 -0.16407431662082672 -0.9272906184196472 0.33646923303604126 -2.4496803283691406
-0.30290061235427856 -0.2772793471813202 -0.9117933511734009 0.03128943219780922 0.9388197064399719 -0.25137022137641907 -0.23543642461299896 -0.6876468062400818 -0.16391615569591522 -0.9273235201835632 0.33645570278167725 -2.449519395828247
-0.302933007478714 -0.2772854268550873 -0.9117807149887085 0.03138350695371628 0.9387983679771423 -0.2514450252056122 -0.23544152081012726 -0.6878093481063843 -0.16397833824157715 -0.9273014068603516 0.3364863097667694 -2.449424982070923
-0.3029123842716217 -0.2773105204105377 -0.9117799401283264 0.03141775354743004 0.9387519359588623 -0.2517440915107727 -0.23530715703964233 -0.6877349615097046 -0.1642821878194809 -0.9272127747535706 0.33658239245414734 -2.4495866298675537
-0.3029311001300812 -0.2773212492465973 -0.9117704629898071 0.031375445425510406 0.9387447237968445 -0.2517603039741516 -0.2353186160326004 -0.6876088380813599 -0.16428887844085693 -0.9272051453590393 0.33660009503364563 -2.4496819972991943
-0.3028899133205414 -0.2771587669849396 -0.9118335843086243 0.03148346021771431 0.9387146234512329 -0.2519480884075165 -0.235237717628479 -0.6878265142440796 -0.16453664004802704 -0.9272027611732483 0.33648571372032166 -2.4497365951538086
-0.3028821051120758 -0.27724698185920715 -0.9118093252182007 0.03145640343427658 0.9387440085411072 -0.25181660056114197 -0.23526127636432648 -0.6879265904426575 -0.16438336670398712 -0.9272120594978333 0.33653488755226135 -2.449577808380127
-0.30277737975120544 -0.27718740701675415 -0.9118622541427612 0.03150152042508125 0.93877112865448 -0.25180062651634216 -0.23517011106014252 -0.68789142370224 -0.16442140936851501 -0.9272342324256897 0.33645525574684143 -2.4497721195220947
-0.30281636118888855 -0.27719444036483765 -0.9118471741676331 0.031433120369911194 0.9387832283973694 -0.25167733430862427 -0.2352537214756012 -0.6879582405090332 -0.16428035497665405 -0.9272655844688416 0.3364377021789551 -2.449631929397583
-0.3027980923652649 -0.2772292196750641 -0.9118426442146301 0.03141925856471062 0.9387543797492981 -0.2518755793571472 -0.23515664041042328 -0.6878436803817749 -0.16447871923446655 -0.9272013902664185 0.3365177810192108 -2.4497005939483643
-0.3027733266353607 -0.2772105038166046 -0.9118565320968628 0.03139367699623108 0.9387843012809753 -0.25173792243003845 -0.23518450558185577 -0.6879438161849976 -0.1643533855676651 -0.9272443652153015 0.33646059036254883 -2.449540138244629
-0.3028680086135864 -0.27710309624671936 -0.9118577837944031 0.031390175223350525 0.9387295842170715 -0.25188130140304565 -0.23524954915046692 -0.6878043413162231 -0.164491668343544 -0.9272375106811523 0.33641186356544495 -2.4495768547058105
-0.3029254972934723 -0.27712446451187134 -0.9118321537971497 0.03138227015733719 0.9387295246124268 -0.25180333852767944 -0.2353331297636032 -0.687846302986145 -0.16438591480255127 -0.9272522926330566 0.33642277121543884 -2.4494926929473877
-0.302794873714447 -0.27709656953811646 -0.9118840098381042 0.03136749938130379 0.938744068145752 -0.25190427899360657 -0.23516711592674255 -0.6876353621482849 -0.16454361379146576 -0.9272332191467285 0.33639827370643616 -2.4495010375976562
-0.30272743105888367 -0.2771278917789459 -0.9118968844413757 0.03141999617218971 0.938728392124176 -0.25209835171699524 -0.23502156138420105 -0.6877771019935608 -0.16475678980350494 -0.9271711111068726 0.33646509051322937 -2.4494779109954834
-0.30276650190353394 -0.27715930342674255 -0.9118743538856506 0.031391628086566925 0.9387364387512207 -0.2520046830177307 -0.23509003221988678 -0.6878886818885803 -0.16463935375213623 -0.9271872043609619 0.3364783227443695 -2.4493014812469482
-0.30278152227401733 -0.27723681926727295 -0.9118458032608032 0.031310513615608215 0.9387426972389221 -0.25196751952171326 -0.23510481417179108 -0.6877989172935486 -0.16457591950893402 -0.9271741509437561 0.33654534816741943 -2.4494283199310303
-0.3027808666229248 -0.2773391306400299 -0.9118149280548096 0.03130898252129555 0.9387741684913635 -0.2518174350261688 -0.23513992130756378 -0.6879024505615234 -0.16439750790596008 -0.9271842837333679 0.336604505777359 -2.4492626190185547
-0.30276915431022644 -0.2774646580219269 -0.9117806553840637 0.0314045287668705 0.938747763633728 -0.2520155608654022 -0.23503297567367554 -0.6878799796104431 -0.164569690823555 -0.9270929098129272 0.33677205443382263 -2.449432373046875
-0.30273929238319397 -0.27746009826660156 -0.9117919206619263 0.03139650821685791 0.9387672543525696 -0.2519479990005493 -0.23502761125564575 -0.6879363656044006 -0.1645134836435318 -0.9271126389503479 0.3367452025413513 -2.449321746826172
-0.3028382956981659 -0.27741342782974243 -0.9117732644081116 0.03141751512885094 0.9387196898460388 -0.25206005573272705 -0.23509737849235535 -0.6878377795219421 -0.16460256278514862 -0.9270961284637451 0.33674710988998413 -2.4494423866271973
-0.3028188943862915 -0.2774834930896759 -0.9117584228515625 0.031440287828445435 0.9387450814247131 -0.2519635260105133 -0.235099658370018 -0.6879413723945618 -0.16449369490146637 -0.9271014332771301 0.33678576350212097 -2.4493110179901123
-0.30286940932273865 -0.2774612307548523 -0.9117484092712402 0.03142563998699188 0.9387195706367493 -0.2520279884338379 -0.23513232171535492 -0.6878481507301331 -0.16454611718654633 -0.9270905256271362 0.3367900550365448 -2.4494130611419678
-0.3029569983482361 -0.2775036692619324 -0.9117063879966736 0.03143403306603432 0.9386897683143616 -0.2520796060562134 -0.23519597947597504 -0.6879486441612244 -0.16455495357513428 -0.9270638227462769 0.3368593454360962 -2.4494290351867676
-0.30294936895370483 -0.277527779340744 -0.9117015600204468 0.03137743100523949 0.9386903643608093 -0.2520936131477356 -0.2351786345243454 -0.6878346800804138 -0.16456563770771027 -0.9270527958869934 0.33688443899154663 -2.4495251178741455
-0.30297204852104187 -0.277555912733078 -0.9116854667663574 0.03140360116958618 0.9386951327323914 -0.252040833234787 -0.23521602153778076 -0.6878979802131653 -0.1644964963197708 -0.9270586967468262 0.3369019031524658 -2.4494690895080566
-0.3028538227081299 -0.2776848077774048 -0.9116854667663574 0.031344011425971985 0.9387524724006653 -0.2519228756427765 -0.23511362075805664 -0.6879289746284485 -0.1643870621919632 -0.9270521998405457 0.33697330951690674 -2.4493236541748047
-0.3027627766132355 -0.27767157554626465 -0.9117197394371033 0.031377941370010376 0.9387779831886292 -0.2519080340862274 -0.23502768576145172 -0.6879016160964966 -0.16440913081169128 -0.9270601868629456 0.3369405269622803 -2.4494993686676025
-0.3027808964252472 -0.27771076560020447 -0.9117017984390259 0.03137105330824852 0.9387868046760559 -0.2518419623374939 -0.23506319522857666 -0.6879569888114929 -0.1643252968788147 -0.9270663857460022 0.33696433901786804 -2.449411630630493
-0.30284711718559265 -0.27774128317832947 -0.9116705060005188 0.031312670558691025 0.9387418031692505 -0.25200724601745605 -0.2350657433271408 -0.6877614259719849 -0.164460226893425 -0.9270123243331909 0.3370472192764282 -2.4494218826293945
-0.3028188645839691 -0.2777665853500366 -0.9116721749305725 0.03136833757162094 0.9387356042861938 -0.2520899474620819 -0.23500195145606995 -0.687788724899292 -0.16454781591892242 -0.9269822835922241 0.33708715438842773 -2.449413537979126
-0.30278995633125305 -0.2777622640132904 -0.9116830825805664 0.03132278844714165 0.9387433528900146 -0.252086877822876 -0.23497410118579865 -0.687679648399353 -0.16455653309822083 -0.9269843697547913 0.3370770514011383 -2.4494831562042236
-0.30276814103126526 -0.27779972553253174 -0.9116789698600769 0.031357988715171814 0.9387506246566772 -0.252087265253067 -0.23494462668895721 -0.6877824664115906 -0.16455520689487457 -0.9269730448722839 0.337108850479126 -2.4493210315704346
-0.30287840962409973 -0.27783524990081787 -0.9116314649581909 0.03142450749874115 0.938731849193573 -0.2520420551300049 -0.23506814241409302 -0.6878111958503723 -0.16445937752723694 -0.9269747138023376 0.33715108036994934 -2.4491689205169678
-0.302813321352005 -0.2778119742870331 -0.9116601943969727 0.03140226751565933 0.9387261271476746 -0.2521628439426422 -0.23496143519878387 -0.6877371668815613 -0.1646118313074112 -0.9269488453865051 0.3371478319168091 -2.4493448734283447
-0.3028097152709961 -0.27778446674346924 -0.9116697907447815 0.03134703263640404 0.9387497901916504 -0.25202760100364685 -0.23501192033290863 -0.6878132820129395 -0.16448341310024261 -0.9269938468933105 0.3370867073535919 -2.4490978717803955
-0.30271726846694946 -0.27757957577705383 -0.9117628931999207 0.031413719058036804 0.9387381672859192 -0.25217440724372864 -0.2349008470773697 -0.6878315210342407 -0.16471971571445465 -0.9270153045654297 0.3369123041629791 -2.4494099617004395
-0.302684485912323 -0.2775668799877167 -0.9117776155471802 0.031363677233457565 0.9387702941894531 -0.252037912607193 -0.23491902649402618 -0.6879050135612488 -0.16459691524505615 -0.9270562529563904 0.33685970306396484 -2.4492294788360596
-0.302701473236084 -0.27761754393577576 -0.9117565751075745 0.03135190159082413 0.9387356638908386 -0.2522212564945221 -0.2348606139421463 -0.6878083348274231 -0.16476306319236755 -0.9269912242889404 0.3369574248790741 -2.449348211288452
-0.3026902377605438 -0.27764877676963806 -0.9117507934570312 0.03131599351763725 0.9387520551681519 -0.25215330719947815 -0.23486803472042084 -0.6878471970558167 -0.16469025611877441 -0.9270003437995911 0.33696791529655457 -2.449216604232788
-0.3026800751686096 -0.27761390805244446 -0.9117648005485535 0.03133047744631767 0.9387325048446655 -0.2522691488265991 -0.23482182621955872 -0.6877617239952087 -0.16482043266296387 -0.9269792437553406 0.3369622230529785 -2.449309825897217
-0.3027092218399048 -0.277658075094223 -0.9117416739463806 0.03131311386823654 0.9387529492378235 -0.2521233558654785 -0.23489674925804138 -0.687846839427948 -0.16465051472187042 -0.9270057082176208 0.33697259426116943 -2.4491419792175293
-0.3026866018772125 -0.2776796817779541 -0.9117425680160522 0.031248582527041435 0.9387586116790771 -0.2521297335624695 -0.2348671853542328 -0.6877133250236511 -0.16465967893600464 -0.9269974827766418 0.33699068427085876 -2.4492204189300537
