# 3x4 first row second row third row Freq: 100 current Time: 2021-07-28-13:47:51
-0.32947564125061035 -0.08538520336151123 -0.9402952790260315 0.32643067836761475 0.06650611013174057 -0.9955275058746338 0.06709718704223633 -0.8084160089492798 -0.94181889295578 -0.04042849317193031 0.3336806297302246 -2.621408462524414
-0.32942357659339905 -0.08544774353504181 -0.9403078556060791 0.3264099359512329 0.06656514108181 -0.9955203533172607 0.06714486330747604 -0.8083855509757996 -0.9418329000473022 -0.04047262296080589 0.3336356580257416 -2.621234893798828
-0.32947543263435364 -0.08551457524299622 -0.9402835965156555 0.326430082321167 0.06652073562145233 -0.9955176115036011 0.06722899526357651 -0.8084008693695068 -0.9418179392814636 -0.04039805382490158 0.3336870074272156 -2.6213624477386475
-0.3294697105884552 -0.08556953817605972 -0.9402806162834167 0.3263939619064331 0.06658536940813065 -0.9955109357833862 0.06726454198360443 -0.8083784580230713 -0.9418153762817383 -0.04044730216264725 0.33368831872940063 -2.621173143386841
-0.3294517695903778 -0.0854468122124672 -0.9402980804443359 0.3264327347278595 0.06665048003196716 -0.995516836643219 0.06711236387491226 -0.8084594011306763 -0.941817045211792 -0.04056103527545929 0.3336697816848755 -2.621218204498291
-0.32940980792045593 -0.0854792445898056 -0.9403098225593567 0.3263990879058838 0.06666027754545212 -0.9955139756202698 0.06714513897895813 -0.8083658814430237 -0.9418309926986694 -0.04056304693222046 0.3336300849914551 -2.6211366653442383
-0.3294767141342163 -0.08548296988010406 -0.9402860403060913 0.3263978064060211 0.06657527387142181 -0.9955175518989563 0.06717615574598312 -0.8084162473678589 -0.941813588142395 -0.04046681895852089 0.3336908519268036 -2.6213138103485107
-0.3294794261455536 -0.08537512272596359 -0.9402948617935181 0.3263964354991913 0.06657724827528 -0.9955251812934875 0.06706114858388901 -0.8084227442741394 -0.9418125152587891 -0.04050697758793831 0.33368903398513794 -2.621366500854492
-0.32948824763298035 -0.08538609743118286 -0.9402908086776733 0.3263484537601471 0.06656983494758606 -0.9955247640609741 0.06707499176263809 -0.8083248138427734 -0.9418099522590637 -0.040494583547115326 0.33369776606559753 -2.6212942600250244
-0.3294975459575653 -0.08536714315414429 -0.9402892589569092 0.3262976408004761 0.06663934886455536 -0.9955230951309204 0.06702986359596252 -0.8082135319709778 -0.9418017864227295 -0.0405740924179554 0.3337111473083496 -2.621215343475342
-0.32952195405960083 -0.08536193519830704 -0.9402811527252197 0.32623833417892456 0.06662020832300186 -0.9955244064331055 0.06703002005815506 -0.8080824613571167 -0.9417946338653564 -0.04055386409163475 0.3337339162826538 -2.621131658554077
-0.32951611280441284 -0.08537366986274719 -0.9402821660041809 0.32618314027786255 0.06658648699522018 -0.9955250024795532 0.06705465912818909 -0.8079596161842346 -0.9417990446090698 -0.040514491498470306 0.3337261974811554 -2.6210553646087646
-0.3294391930103302 -0.08542938530445099 -0.9403040409088135 0.3263501822948456 0.06633242219686508 -0.9955316781997681 0.06720715016126633 -0.8083047270774841 -0.9418438673019409 -0.04023197665810585 0.3336338400840759 -2.621314764022827
-0.32939016819000244 -0.08545830845832825 -0.9403185844421387 0.32632413506507874 0.06634265184402466 -0.9955289959907532 0.06723637133836746 -0.8083689212799072 -0.9418603181838989 -0.040236227214336395 0.3335869312286377 -2.6209442615509033
-0.32953426241874695 -0.08539671450853348 -0.9402737021446228 0.32636797428131104 0.06634598970413208 -0.9955337047576904 0.06716345250606537 -0.8084769248962402 -0.9418096542358398 -0.04025072976946831 0.3337281346321106 -2.6213157176971436
-0.32942721247673035 -0.08543921262025833 -0.9403073787689209 0.3263571858406067 0.06636673957109451 -0.9955294728279114 0.06720594316720963 -0.8084164261817932 -0.9418456554412842 -0.04026566818356514 0.3336247503757477 -2.6211729049682617
-0.3295542001724243 -0.08539889752864838 -0.940266489982605 0.32639744877815247 0.06628982722759247 -0.9955360293388367 0.06718476861715317 -0.8084752559661865 -0.9418066143989563 -0.04018907994031906 0.3337441086769104 -2.621387004852295
-0.3294811248779297 -0.08550577610731125 -0.94028240442276 0.3264395296573639 0.06646557152271271 -0.9955206513404846 0.0672389566898346 -0.8084294199943542 -0.9418198466300964 -0.04034244269132614 0.3336883783340454 -2.6212244033813477
-0.32949620485305786 -0.08551473170518875 -0.9402763247489929 0.32644230127334595 0.06646779179573059 -0.9955199360847473 0.06724698096513748 -0.8085160851478577 -0.9418143630027771 -0.04034046456217766 0.3337039649486542 -2.621288776397705
-0.3295130729675293 -0.08549796044826508 -0.9402719140052795 0.3264128863811493 0.06646160781383514 -0.9955214858055115 0.06723064184188843 -0.8084280490875244 -0.9418089389801025 -0.04033861309289932 0.3337196111679077 -2.621218204498291
-0.3295069634914398 -0.0855664536356926 -0.9402678608894348 0.32647258043289185 0.06650541722774506 -0.9955146908760071 0.06728791445493698 -0.8085173964500427 -0.9418079853057861 -0.04036106541752815 0.3337195813655853 -2.621248960494995
-0.3294197916984558 -0.08548028767108917 -0.9403062462806702 0.32647043466567993 0.06642209738492966 -0.9955241084098816 0.06723015755414963 -0.8085677027702332 -0.9418443441390991 -0.04031016677618027 0.3336230516433716 -2.621365547180176
-0.3293496072292328 -0.08552015572786331 -0.9403271675109863 0.3264485001564026 0.06648164242506027 -0.9955185055732727 0.0672544538974762 -0.8085243701934814 -0.9418646693229675 -0.04036426916718483 0.3335590660572052 -2.6212825775146484
-0.32943862676620483 -0.08544044941663742 -0.9403032660484314 0.32646194100379944 0.06655500084161758 -0.9955213665962219 0.06714004278182983 -0.8085787892341614 -0.9418283700942993 -0.04046335816383362 0.3336496353149414 -2.6214232444763184
-0.32936397194862366 -0.08544845134019852 -0.9403286576271057 0.32644936442375183 0.06656379252672195 -0.9955201745033264 0.06714879721403122 -0.8085538744926453 -0.9418538808822632 -0.04047544673085213 0.3335762023925781 -2.6212947368621826
-0.3293668329715729 -0.08549819886684418 -0.9403231143951416 0.3264504373073578 0.06648313999176025 -0.9955200552940369 0.06722989678382874 -0.808599054813385 -0.9418585300445557 -0.040372334420681 0.33357542753219604 -2.621422529220581
-0.3293156027793884 -0.08552952855825424 -0.9403382539749146 0.3264665901660919 0.06649018079042435 -0.995517373085022 0.06726290285587311 -0.8085539937019348 -0.9418759942054749 -0.040372539311647415 0.3335261940956116 -2.6213369369506836
-0.32948458194732666 -0.08550061285495758 -0.9402816891670227 0.3264985978603363 0.06654167920351028 -0.9955177307128906 0.06720636785030365 -0.8085372447967529 -0.9418132305145264 -0.04042445868253708 0.33369702100753784 -2.6214020252227783
-0.3294188380241394 -0.0855085626244545 -0.9403039813041687 0.32650521397590637 0.06659810245037079 -0.9955145716667175 0.06719779223203659 -0.8084814548492432 -0.9418322443962097 -0.04048624262213707 0.3336358666419983 -2.6213157176971436
-0.32938602566719055 -0.08550996333360672 -0.9403153657913208 0.3265037536621094 0.06666753441095352 -0.9955113530158997 0.06717617809772491 -0.8085491061210632 -0.941838800907135 -0.04056161269545555 0.3336082100868225 -2.6214752197265625
-0.32930901646614075 -0.08557061851024628 -0.9403368234634399 0.3264729380607605 0.06664960086345673 -0.9955075979232788 0.06725025177001953 -0.8085188865661621 -0.9418669939041138 -0.04052695631980896 0.33353281021118164 -2.6213572025299072
-0.32929277420043945 -0.08551427721977234 -0.9403476119041443 0.32646438479423523 0.06670905649662018 -0.9955089688301086 0.06717029213905334 -0.8085595369338989 -0.9418684840202332 -0.040611010044813156 0.3335184156894684 -2.6213250160217285
-0.32930272817611694 -0.08539624512195587 -0.9403548836708069 0.3264775574207306 0.06657949090003967 -0.9955230355262756 0.06709076464176178 -0.8086032271385193 -0.9418741464614868 -0.040515173226594925 0.3335140347480774 -2.6214780807495117
-0.32925453782081604 -0.08543757349252701 -0.9403679966926575 0.32649466395378113 0.06654579937458038 -0.9955213665962219 0.06714863330125809 -0.8085564970970154 -0.9418933987617493 -0.040468547493219376 0.3334653675556183 -2.621403694152832
-0.32926562428474426 -0.085362009704113 -0.9403709769248962 0.3264245390892029 0.06652583181858063 -0.9955276846885681 0.0670752003788948 -0.8085103631019592 -0.9418909549713135 -0.04047340527176857 0.33347174525260925 -2.6213526725769043
-0.3292446732521057 -0.08534500747919083 -0.9403798580169678 0.3264397382736206 0.06654339283704758 -0.9955280423164368 0.0670519471168518 -0.8085059523582458 -0.9418970346450806 -0.04049956798553467 0.33345139026641846 -2.6212058067321777
-0.3292531371116638 -0.08537297695875168 -0.9403743147850037 0.32641318440437317 0.06654223054647446 -0.995526134967804 0.06708157807588577 -0.808433473110199 -0.9418941140174866 -0.04048778489232063 0.3334609270095825 -2.621143102645874
-0.3293322026729584 -0.08527498692274094 -0.9403555393218994 0.32645881175994873 0.06661782413721085 -0.9955301284790039 0.06694746017456055 -0.8084521889686584 -0.9418611526489258 -0.04059648886322975 0.3335408866405487 -2.6212992668151855
-0.32932156324386597 -0.08535432815551758 -0.9403520822525024 0.3264043629169464 0.0665842592716217 -0.9955258965492249 0.06704383343458176 -0.808396577835083 -0.9418672323226929 -0.04053366556763649 0.33353132009506226 -2.621171236038208
-0.3293301463127136 -0.08538743853569031 -0.9403460621833801 0.3264501690864563 0.06667372584342957 -0.9955196976661682 0.06704681366682053 -0.8084893822669983 -0.9418579339981079 -0.040615834295749664 0.3335476815700531 -2.6212551593780518
-0.3293515741825104 -0.08537331968545914 -0.9403398633003235 0.32642030715942383 0.06666465103626251 -0.9955211281776428 0.06703410297632217 -0.8084108233451843 -0.9418510794639587 -0.040609635412693024 0.3335677683353424 -2.621190071105957
-0.3293747007846832 -0.08528594672679901 -0.9403396844863892 0.32642731070518494 0.0666487067937851 -0.9955281019210815 0.06694618612527847 -0.8084599375724792 -0.94184410572052 -0.0406220443546772 0.3335859179496765 -2.6212387084960938
-0.32941901683807373 -0.08524824678897858 -0.940327525138855 0.3263952136039734 0.06671512126922607 -0.9955281019210815 0.0668807327747345 -0.8083823919296265 -0.9418238997459412 -0.04070227965712547 0.333633154630661 -2.621175765991211
-0.32936790585517883 -0.08534606546163559 -0.9403365850448608 0.3264094889163971 0.06659023463726044 -0.9955263137817383 0.06703086197376251 -0.8084906339645386 -0.9418506026268005 -0.040539421141147614 0.33357757329940796 -2.6212515830993652
-0.329370379447937 -0.08534044772386551 -0.9403362274169922 0.3263780176639557 0.06661759316921234 -0.995525598526001 0.06701511144638062 -0.8084317445755005 -0.9418478012084961 -0.04057013988494873 0.33358174562454224 -2.6211986541748047
-0.32936543226242065 -0.08544232696294785 -0.9403287172317505 0.3263998031616211 0.06653235852718353 -0.9955219626426697 0.06715337932109833 -0.8084996938705444 -0.9418555498123169 -0.04044428840279579 0.33357512950897217 -2.6212432384490967
-0.3293232321739197 -0.08547388762235641 -0.9403406381607056 0.3264179527759552 0.06650833040475845 -0.9955205917358398 0.06719722598791122 -0.8085376620292664 -0.9418720006942749 -0.040410883724689484 0.3335327208042145 -2.6213691234588623
-0.3292880952358246 -0.0854610949754715 -0.9403541088104248 0.3264266848564148 0.0665697529911995 -0.9955187439918518 0.06716352701187134 -0.8085006475448608 -0.9418799877166748 -0.040482986718416214 0.33350154757499695 -2.621244430541992
-0.3292872905731201 -0.08534826338291168 -0.9403645992279053 0.3264065086841583 0.06656729429960251 -0.995526909828186 0.06704498827457428 -0.8084784150123596 -0.9418804049491882 -0.04052047058939934 0.33349570631980896 -2.6212589740753174
-0.3292437493801117 -0.08537963032722473 -0.9403769969940186 0.32640647888183594 0.06665152311325073 -0.9955209493637085 0.06705035269260406 -0.8084523677825928 -0.9418897032737732 -0.04060165211558342 0.33345964550971985 -2.6210997104644775
-0.3293497860431671 -0.08527560532093048 -0.9403493404388428 0.3263939619064331 0.06656172126531601 -0.9955325126647949 0.0669671893119812 -0.8085101246833801 -0.9418589472770691 -0.040535639971494675 0.3335544764995575 -2.621242046356201
-0.32931914925575256 -0.0853336751461029 -0.9403547644615173 0.3263859748840332 0.06653744727373123 -0.9955293536186218 0.0670386552810669 -0.8084532618522644 -0.9418714046478271 -0.040491700172424316 0.3335246741771698 -2.62113094329834
-0.32923823595046997 -0.08534841239452362 -0.9403817653656006 0.3264283835887909 0.06639014929533005 -0.995534360408783 0.0671100839972496 -0.8085154294967651 -0.9419100880622864 -0.040336884558200836 0.33343422412872314 -2.6211705207824707
-0.3292555510997772 -0.08535852283239365 -0.9403747916221619 0.32640501856803894 0.06642597168684006 -0.9955321550369263 0.06710731983184814 -0.8084484338760376 -0.9419015049934387 -0.040369853377342224 0.3334544599056244 -2.621108293533325
-0.32921135425567627 -0.08535724133253098 -0.940390408039093 0.32643091678619385 0.06633561104536057 -0.9955359697341919 0.06713995337486267 -0.8084610104560852 -0.9419233202934265 -0.04027814045548439 0.33340391516685486 -2.621218204498291
-0.32918626070022583 -0.08534197509288788 -0.9404005408287048 0.3264249861240387 0.06629210710525513 -0.9955388903617859 0.06714031845331192 -0.808417022228241 -0.941935122013092 -0.04023946449160576 0.33337515592575073 -2.6210968494415283
-0.3291119635105133 -0.08538981527090073 -0.9404222369194031 0.32646864652633667 0.06625942885875702 -0.9955366253852844 0.06720589101314545 -0.8084901571273804 -0.9419634342193604 -0.0401935800909996 0.3333008289337158 -2.62115478515625
-0.3289965093135834 -0.08536463230848312 -0.9404649138450623 0.32646846771240234 0.06617331504821777 -0.9955417513847351 0.06721491366624832 -0.8084743022918701 -0.9420098066329956 -0.0401202067732811 0.3331785500049591 -2.6211979389190674
-0.328980952501297 -0.08537771552801132 -0.9404691457748413 0.32645827531814575 0.06619064509868622 -0.9955400228500366 0.06722333282232285 -0.8084144592285156 -0.9420140385627747 -0.04013507068157196 0.33316484093666077 -2.6210920810699463
-0.32914286851882935 -0.08518809825181961 -0.9404296875 0.3264318108558655 0.06615428626537323 -0.995555579662323 0.06702815741300583 -0.8084827065467834 -0.9419599771499634 -0.04015161842107773 0.33331552147865295 -2.6212499141693115
-0.329095721244812 -0.08528091013431549 -0.9404377937316895 0.32640907168388367 0.06624078005552292 -0.9955451488494873 0.06709793955087662 -0.8084602952003479 -0.9419704079627991 -0.0402136854827404 0.3332786560058594 -2.6210856437683105
-0.3292502462863922 -0.08521237969398499 -0.9403899312019348 0.3264215588569641 0.06624557822942734 -0.995550274848938 0.06701670587062836 -0.8085599541664124 -0.9419160485267639 -0.040231406688690186 0.33343008160591125 -2.621314764022827
-0.32921114563941956 -0.08525526523590088 -0.940399706363678 0.32642579078674316 0.06621816754341125 -0.9955483078956604 0.06707358360290527 -0.8085377216339111 -0.9419316649436951 -0.04019017890095711 0.3333909511566162 -2.6211965084075928
-0.32925117015838623 -0.08520762622356415 -0.9403899908065796 0.32645031809806824 0.06629244238138199 -0.9955486059188843 0.0669950470328331 -0.808554470539093 -0.9419124126434326 -0.04028255119919777 0.333434134721756 -2.6212809085845947
-0.32921892404556274 -0.08524397015571594 -0.9403980374336243 0.32645705342292786 0.06631475687026978 -0.995544970035553 0.06702707707881927 -0.808491587638855 -0.941922128200531 -0.04029568284749985 0.33340510725975037 -2.6212093830108643
-0.32926180958747864 -0.08527731895446777 -0.9403799772262573 0.3264588415622711 0.06633368879556656 -0.9955419301986694 0.06705374270677567 -0.8084911108016968 -0.9419057965278625 -0.0403006337583065 0.3334506154060364 -2.62129545211792
-0.32919007539749146 -0.08528413623571396 -0.94040447473526 0.32642436027526855 0.06632613390684128 -0.9955415725708008 0.06706687808036804 -0.8084351420402527 -0.941931426525116 -0.040295641869306564 0.3333789110183716 -2.6212098598480225
-0.3292657732963562 -0.08523032069206238 -0.9403828382492065 0.3264607787132263 0.06635328382253647 -0.99554443359375 0.06699687242507935 -0.8084360957145691 -0.9419030547142029 -0.04033771529793739 0.3334539532661438 -2.6213247776031494
-0.32920241355895996 -0.08527680486440659 -0.9404008388519287 0.3264257609844208 0.06641116738319397 -0.9955384731292725 0.0670284628868103 -0.8084124326705933 -0.9419211149215698 -0.04038718342781067 0.33339694142341614 -2.6211700439453125
-0.32930541038513184 -0.0852118581533432 -0.9403706192970276 0.3264084756374359 0.0664118304848671 -0.995543360710144 0.06695479899644852 -0.8084193468093872 -0.9418850541114807 -0.040403157472610474 0.3334968388080597 -2.621272563934326
-0.3292669653892517 -0.08531108498573303 -0.9403750896453857 0.3263746500015259 0.06638160347938538 -0.9955374598503113 0.067072294652462 -0.8084784746170044 -0.9419006109237671 -0.040338918566703796 0.33346062898635864 -2.621338367462158
-0.32924485206604004 -0.08532346785068512 -0.9403817057609558 0.3263925313949585 0.06633733958005905 -0.9955384135246277 0.06710207462310791 -0.8084640502929688 -0.941911518573761 -0.04028940945863724 0.33343595266342163 -2.6211931705474854
-0.32931146025657654 -0.08527009189128876 -0.9403632283210754 0.3263913094997406 0.06640946865081787 -0.9955393671989441 0.06701700389385223 -0.8084825873374939 -0.9418830871582031 -0.04037955403327942 0.33350521326065063 -2.621307373046875
-0.3293370008468628 -0.08531170338392258 -0.9403505325317383 0.32636842131614685 0.06639084219932556 -0.995537281036377 0.0670664981007576 -0.80838942527771 -0.9418755173683167 -0.040343184024095535 0.33353111147880554 -2.6212708950042725
-0.32937008142471313 -0.0852755457162857 -0.9403421878814697 0.32637718319892883 0.06638874858617783 -0.9955400228500366 0.06702746450901031 -0.8083561658859253 -0.9418640732765198 -0.040351297706365585 0.33356237411499023 -2.621154308319092
-0.3293905556201935 -0.08532995730638504 -0.9403301477432251 0.3264346718788147 0.0665091797709465 -0.9955310225486755 0.06704147905111313 -0.8084220290184021 -0.9418484568595886 -0.04045775905251503 0.3335936665534973 -2.621203660964966
-0.3294470012187958 -0.08529563248157501 -0.940313458442688 0.3264119327068329 0.06649895757436752 -0.9955341219902039 0.0670061931014061 -0.8083412051200867 -0.9418293833732605 -0.04045487567782402 0.333647757768631 -2.6211531162261963
-0.3293451964855194 -0.08530566096305847 -0.940348207950592 0.32644882798194885 0.06640361994504929 -0.9955371618270874 0.06705520302057266 -0.8083719611167908 -0.941871702671051 -0.04035821557044983 0.3335399329662323 -2.621319055557251
-0.3293408155441284 -0.0853833258152008 -0.9403427243232727 0.32647213339805603 0.06644105166196823 -0.9955300092697144 0.0671243742108345 -0.8084285855293274 -0.9418706297874451 -0.04037056118249893 0.33354154229164124 -2.6213412284851074
-0.32941001653671265 -0.08537760376930237 -0.9403189420700073 0.32645583152770996 0.06642758101224899 -0.9955312013626099 0.06711994111537933 -0.808348536491394 -0.9418473839759827 -0.040353137999773026 0.33360931277275085 -2.6213042736053467
-0.32935115694999695 -0.08544126898050308 -0.9403337836265564 0.32643604278564453 0.06645817309617996 -0.9955251812934875 0.06717918068170547 -0.8082634210586548 -0.9418658018112183 -0.04036732390522957 0.33355557918548584 -2.6212635040283203
-0.329325407743454 -0.08540115505456924 -0.9403464794158936 0.32641634345054626 0.06654903292655945 -0.9955240488052368 0.06710571050643921 -0.8084359765052795 -0.9418683648109436 -0.04047953337430954 0.3335346579551697 -2.6211533546447754
-0.32930999994277954 -0.08539332449436188 -0.9403525590896606 0.326387882232666 0.06655097007751465 -0.9955244660377502 0.06709743291139603 -0.8083615303039551 -0.9418736100196838 -0.04048552364110947 0.3335191309452057 -2.62109375
-0.3294224143028259 -0.08543308079242706 -0.9403095841407776 0.32640641927719116 0.06661165505647659 -0.9955193996429443 0.06711290776729584 -0.8084512948989868 -0.941830039024353 -0.04052708297967911 0.33363717794418335 -2.621166944503784
-0.3293790817260742 -0.08539769798517227 -0.9403280019760132 0.3264038860797882 0.0665166825056076 -0.9955258369445801 0.0671110674738884 -0.8084560632705688 -0.9418519139289856 -0.040442515164613724 0.3335856795310974 -2.621234893798828
-0.32934558391571045 -0.08542915433645248 -0.9403368830680847 0.32641926407814026 0.06650145351886749 -0.9955241680145264 0.06715127825737 -0.808431088924408 -0.9418646693229675 -0.04041779413819313 0.33355259895324707 -2.621083974838257
-0.32930123805999756 -0.08541417866945267 -0.9403537511825562 0.3264090418815613 0.06650114804506302 -0.9955251216888428 0.06713754683732986 -0.8084200024604797 -0.9418802261352539 -0.04042612761259079 0.3335077166557312 -2.6211440563201904
-0.32923635840415955 -0.08548186719417572 -0.9403703212738037 0.3264016807079315 0.06654083728790283 -0.9955183863639832 0.06719810515642166 -0.808398425579071 -0.9419000744819641 -0.04044896736741066 0.3334488272666931 -2.6209962368011475
-0.32939109206199646 -0.08534324169158936 -0.9403287172317505 0.32640761137008667 0.06652741134166718 -0.995529294013977 0.0670490637421608 -0.8084689378738403 -0.9418469667434692 -0.04047226905822754 0.3335960805416107 -2.621169090270996
-0.3293454945087433 -0.0854080319404602 -0.9403387904167175 0.32641422748565674 0.06656195223331451 -0.9955230951309204 0.06710749864578247 -0.8084532618522644 -0.9418604373931885 -0.040489234030246735 0.3335559070110321 -2.6210381984710693
-0.3294716477394104 -0.0854349434375763 -0.9402921795845032 0.3264493942260742 0.06660810112953186 -0.9955195784568787 0.06711390614509583 -0.8085004091262817 -0.941813051700592 -0.040518950670957565 0.33368608355522156 -2.621166706085205
-0.32939037680625916 -0.08546817302703857 -0.9403176307678223 0.3264005184173584 0.06663519144058228 -0.995515763759613 0.06714318692684174 -0.8084774613380432 -0.9418395757675171 -0.04054192826151848 0.3336084187030792 -2.6210460662841797
-0.329376220703125 -0.08541642874479294 -0.9403272867202759 0.32640549540519714 0.06657566875219345 -0.9955219626426697 0.06711013615131378 -0.8085422515869141 -0.9418487548828125 -0.040498435497283936 0.3335878551006317 -2.621103048324585
-0.3294109106063843 -0.08540823310613632 -0.9403159022331238 0.3263678252696991 0.06657473742961884 -0.9955227375030518 0.06710020452737808 -0.8084797263145447 -0.9418366551399231 -0.04049774259328842 0.333622008562088 -2.6210367679595947
-0.3293786942958832 -0.0854102224111557 -0.940326988697052 0.326373815536499 0.06653985381126404 -0.995523989200592 0.0671161338686943 -0.8084928393363953 -0.9418504238128662 -0.040462594479322433 0.33358749747276306 -2.621114492416382
-0.3292587399482727 -0.0854736790060997 -0.9403632283210754 0.32644960284233093 0.06644292175769806 -0.99552321434021 0.06722308695316315 -0.8085203170776367 -0.9418991804122925 -0.04034668952226639 0.33346378803253174 -2.6211652755737305
-0.32923248410224915 -0.08549162745475769 -0.9403707981109619 0.32644712924957275 0.06644929200410843 -0.995521605014801 0.06724102050065994 -0.8084809184074402 -0.9419079422950745 -0.040349047631025314 0.33343884348869324 -2.6210713386535645
-0.32933562994003296 -0.08546965569257736 -0.9403366446495056 0.32645413279533386 0.06653637439012527 -0.995519757270813 0.06718225032091141 -0.8085142970085144 -0.9418656826019287 -0.04044108837842941 0.333546906709671 -2.6211862564086914
-0.3293524980545044 -0.08551935851573944 -0.9403262138366699 0.32644057273864746 0.0665484070777893 -0.9955157041549683 0.06722984462976456 -0.8084843754768372 -0.9418589472770691 -0.04043489694595337 0.33356669545173645 -2.6210813522338867
-0.32943907380104065 -0.08541183173656464 -0.9403056502342224 0.32644200325012207 0.06650868058204651 -0.9955253601074219 0.06712613254785538 -0.8085474371910095 -0.9418314695358276 -0.040424518287181854 0.3336455225944519 -2.621241331100464
-0.32951584458351135 -0.08541480451822281 -0.9402785301208496 0.3263447880744934 0.06647083908319473 -0.9955270290374756 0.06713920086622238 -0.808344841003418 -0.9418073296546936 -0.0403776690363884 0.3337194621562958 -2.621037006378174
-0.32951536774635315 -0.08539209514856339 -0.9402807354927063 0.3264285624027252 0.066445492208004 -0.9955297112464905 0.06712416559457779 -0.8085011839866638 -0.9418092370033264 -0.04035897180438042 0.33371618390083313 -2.6211588382720947
-0.3295295238494873 -0.08541293442249298 -0.9402738809585571 0.32646501064300537 0.0664844661951065 -0.9955266118049622 0.06713177263736725 -0.8085445761680603 -0.9418015480041504 -0.040391705930233 0.3337339758872986 -2.6212387084960938
-0.32955265045166016 -0.08537808060646057 -0.9402689337730408 0.3264477550983429 0.06648747622966766 -0.995529055595398 0.06709275394678116 -0.808486819267273 -0.9417932629585266 -0.0404055118560791 0.3337557315826416 -2.621206760406494
-0.3294766843318939 -0.08544410020112991 -0.9402895569801331 0.3264395296573639 0.06651914119720459 -0.9955227375030518 0.06715487688779831 -0.8084520101547241 -0.941817581653595 -0.04042128846049309 0.33368515968322754 -2.621100664138794
-0.3295493423938751 -0.08532986044883728 -0.9402744770050049 0.3263912498950958 0.06650970876216888 -0.9955314993858337 0.06703397631645203 -0.8084962368011475 -0.9417928457260132 -0.04044638201594353 0.33375194668769836 -2.6212007999420166
-0.3294963240623474 -0.08536276966333389 -0.940290093421936 0.3264212906360626 0.06649172306060791 -0.9955297708511353 0.06707759946584702 -0.8085306286811829 -0.9418126344680786 -0.04041969031095505 0.3336992561817169 -2.6212525367736816
-0.3294751048088074 -0.08536983281373978 -0.9402968883514404 0.3263944685459137 0.06654062122106552 -0.9955270886421204 0.06706871837377548 -0.8084707260131836 -0.9418166279792786 -0.040470466017723083 0.3336819112300873 -2.621216058731079
-0.3295116126537323 -0.08535466343164444 -0.9402854442596436 0.3263908624649048 0.0665530189871788 -0.9955277442932129 0.06704660505056381 -0.808470606803894 -0.941802978515625 -0.04048620164394379 0.33371850848197937 -2.6212451457977295
-0.3294799327850342 -0.08543246239423752 -0.9402894973754883 0.3263949155807495 0.06652921438217163 -0.9955231547355652 0.06713884323835373 -0.8084585666656494 -0.9418157339096069 -0.04043581709265709 0.3336885869503021 -2.621107339859009
-0.32942965626716614 -0.085347481071949 -0.9403148293495178 0.3263775408267975 0.06658657640218735 -0.9955266118049622 0.06703083962202072 -0.8084496259689331 -0.941829264163971 -0.04053040221333504 0.33363890647888184 -2.6211557388305664
-0.3294050693511963 -0.08540157973766327 -0.9403185248374939 0.3263862729072571 0.06659478694200516 -0.9955223202705383 0.06708632409572601 -0.8084190487861633 -0.9418373107910156 -0.04052174091339111 0.33361729979515076 -2.6210193634033203
-0.32946425676345825 -0.08537138253450394 -0.9403005242347717 0.3263832926750183 0.06661555916070938 -0.9955237507820129 0.06704430282115936 -0.8084506392478943 -0.9418151378631592 -0.04054994508624077 0.3336764872074127 -2.6211345195770264
-0.329378217458725 -0.08537006378173828 -0.9403308033943176 0.32636794447898865 0.06658635288476944 -0.9955248236656189 0.06705717742443085 -0.8084125518798828 -0.9418472647666931 -0.040526024997234344 0.3335886001586914 -2.6210315227508545
-0.329294890165329 -0.08540032804012299 -0.9403572082519531 0.32640647888183594 0.06657622009515762 -0.9955228567123413 0.06709659844636917 -0.8084544539451599 -0.9418771266937256 -0.040510863065719604 0.33350613713264465 -2.6210718154907227
-0.32934194803237915 -0.08542907238006592 -0.940338134765625 0.32641223073005676 0.06655360013246536 -0.9955219030380249 0.06713289767503738 -0.8084697723388672 -0.9418622851371765 -0.04047321155667305 0.33355268836021423 -2.6211626529693604
-0.3292619287967682 -0.08550560474395752 -0.9403592348098755 0.3263709843158722 0.06651321798563004 -0.995517909526825 0.06723185628652573 -0.8084324598312378 -0.9418931007385254 -0.040409427136182785 0.3334733545780182 -2.6210405826568604
-0.3293282985687256 -0.08546725660562515 -0.9403394460678101 0.3264259696006775 0.06650541722774506 -0.9955211877822876 0.06719100475311279 -0.8084313869476318 -0.9418704509735107 -0.040409766137599945 0.3335372805595398 -2.6211307048797607
-0.3293002247810364 -0.08545045554637909 -0.9403508305549622 0.3263915479183197 0.0664476677775383 -0.9955248236656189 0.06719493865966797 -0.8084192872047424 -0.9418843388557434 -0.04035681113600731 0.33350446820259094 -2.621004104614258
-0.32936203479766846 -0.08537057787179947 -0.9403364062309265 0.3264158070087433 0.06643682718276978 -0.9955311417579651 0.06711141020059586 -0.8084296584129333 -0.941863477230072 -0.04036901891231537 0.33356186747550964 -2.621103286743164
-0.3293364346027374 -0.08545652031898499 -0.940337598323822 0.32644397020339966 0.06646690517663956 -0.9955236315727234 0.06719290465116501 -0.8083922266960144 -0.9418703317642212 -0.04037225618958473 0.33354219794273376 -2.621000051498413
-0.3293924331665039 -0.0854480192065239 -0.940318763256073 0.32642486691474915 0.06655977666378021 -0.9955204725265503 0.06714846938848495 -0.8084253072738647 -0.9418442249298096 -0.0404692068696022 0.33360421657562256 -2.6211154460906982
-0.3293548822402954 -0.08547038584947586 -0.9403298497200012 0.3264339566230774 0.06657707691192627 -0.9955179691314697 0.067167729139328 -0.8084017634391785 -0.9418560862541199 -0.04048239439725876 0.3335690200328827 -2.6209876537323
-0.329410195350647 -0.08541832119226456 -0.9403151869773865 0.3264111578464508 0.06652817130088806 -0.995523989200592 0.06712741404771805 -0.8084313273429871 -0.9418402314186096 -0.0404449962079525 0.3336184322834015 -2.621098518371582
-0.3292715549468994 -0.08535858243703842 -0.940369188785553 0.32639849185943604 0.06643645465373993 -0.9955317378044128 0.06710294634103775 -0.8084684610366821 -0.9418951869010925 -0.04037969931960106 0.3334711492061615 -2.6211025714874268
-0.32928359508514404 -0.08535835146903992 -0.9403650164604187 0.32637715339660645 0.06642443686723709 -0.9955323338508606 0.06710641086101532 -0.808399498462677 -0.9418917894363403 -0.04036618024110794 0.3334822654724121 -2.621060848236084
-0.3292067050933838 -0.08541709184646606 -0.9403865933418274 0.32644060254096985 0.06645283102989197 -0.9955266714096069 0.06716202944517136 -0.8084457516670227 -0.9419167041778564 -0.040381159633398056 0.33341020345687866 -2.6210620403289795
-0.32921844720840454 -0.08542082458734512 -0.9403821229934692 0.32642054557800293 0.06644930690526962 -0.9955266118049622 0.06716669350862503 -0.8083776831626892 -0.941912829875946 -0.040375228971242905 0.33342182636260986 -2.6210196018218994
-0.3292975425720215 -0.08536089211702347 -0.940359890460968 0.32639285922050476 0.06642375141382217 -0.995532214641571 0.06710871309041977 -0.8084676861763 -0.9418869614601135 -0.04036350175738335 0.33349624276161194 -2.621093511581421
-0.3292727768421173 -0.08537082374095917 -0.9403676390647888 0.32635870575904846 0.066472627222538 -0.9955293536186218 0.06710304319858551 -0.8083992004394531 -0.9418922066688538 -0.0404135063290596 0.3334754705429077 -2.6210429668426514
-0.3293106257915497 -0.08536595851182938 -0.9403548240661621 0.3264043927192688 0.06649041920900345 -0.995529055595398 0.06708987057209015 -0.8084115386009216 -0.9418777227401733 -0.040431179106235504 0.3335142433643341 -2.6210713386535645
-0.32926875352859497 -0.08537845313549042 -0.9403683543205261 0.326377272605896 0.06655503809452057 -0.9955252408981323 0.06708212941884995 -0.8083524703979492 -0.9418877959251404 -0.04049820452928543 0.3334776759147644 -2.6209542751312256
-0.3293008804321289 -0.08526094257831573 -0.9403677582740784 0.32636141777038574 0.06654475629329681 -0.9955341815948486 0.06695990264415741 -0.8083890676498413 -0.9418772459030151 -0.04052659124135971 0.3335038721561432 -2.621110677719116
-0.3293024003505707 -0.08530474454164505 -0.9403632879257202 0.3263895809650421 0.06659874320030212 -0.9955286979675293 0.06698708981275558 -0.808443009853363 -0.9418728947639465 -0.04056800156831741 0.3335111439228058 -2.6211111545562744
-0.3292880952358246 -0.08528192341327667 -0.9403703808784485 0.3263877034187317 0.06663787364959717 -0.9955286383628845 0.06694972515106201 -0.8083792328834534 -0.941875159740448 -0.04061853513121605 0.33349868655204773 -2.6209797859191895
-0.3292687237262726 -0.0852724239230156 -0.9403780102729797 0.32639336585998535 0.06657902151346207 -0.9955317974090576 0.0669613927602768 -0.8083580732345581 -0.9418860673904419 -0.04056115821003914 0.3334747552871704 -2.621037483215332
-0.3292435109615326 -0.08530217409133911 -0.9403841495513916 0.3263813555240631 0.06657464802265167 -0.9955297708511353 0.06699558347463608 -0.8082988262176514 -0.9418952465057373 -0.04054788127541542 0.333450585603714 -2.6209030151367188
-0.32937362790107727 -0.08518986403942108 -0.940348744392395 0.3264077305793762 0.0665980726480484 -0.9955371618270874 0.06686245650053024 -0.808372437953949 -0.9418480396270752 -0.040602680295705795 0.33357709646224976 -2.6210885047912598
-0.3293030560016632 -0.08519198000431061 -0.9403733015060425 0.3264094591140747 0.06648609787225723 -0.9955415725708008 0.06690756231546402 -0.8083941340446472 -0.9418806433677673 -0.04048888385295868 0.33349889516830444 -2.6211109161376953
-0.3292749524116516 -0.08518850803375244 -0.9403834342956543 0.32642921805381775 0.06654620170593262 -0.9955391883850098 0.06688389182090759 -0.8083907961845398 -0.9418862462043762 -0.04055576026439667 0.3334750235080719 -2.620964765548706
-0.32922977209091187 -0.08525674045085907 -0.9403930902481079 0.32645493745803833 0.06649104505777359 -0.9955365657806396 0.06697770953178406 -0.8083908557891846 -0.9419059157371521 -0.040476664900779724 0.3334290087223053 -2.6210546493530273
-0.3291698098182678 -0.08531638979911804 -0.9404086470603943 0.32642996311187744 0.06646419316530228 -0.995533287525177 0.06705307960510254 -0.8083792924880981 -0.9419287443161011 -0.04043164849281311 0.3333699405193329 -2.6209285259246826
-0.3292435109615326 -0.08534198254346848 -0.9403805136680603 0.32642826437950134 0.0664357841014862 -0.9955328702926636 0.06708689033985138 -0.8083606958389282 -0.9419050216674805 -0.040386997163295746 0.33344244956970215 -2.620973825454712
-0.32920995354652405 -0.08539768308401108 -0.9403871893882751 0.32647210359573364 0.06645435839891434 -0.9955280423164368 0.06714080274105072 -0.8083643317222595 -0.9419154524803162 -0.04038941115140915 0.33341270685195923 -2.6209521293640137
-0.32917875051498413 -0.08534646034240723 -0.9404028058052063 0.3264327347278595 0.06643576174974442 -0.9955323934555054 0.06709457188844681 -0.8083606958389282 -0.9419276714324951 -0.040390271693468094 0.3333780765533447 -2.620966672897339
-0.3291984796524048 -0.08517194539308548 -0.9404116868972778 0.3263855278491974 0.06651406735181808 -0.995541512966156 0.0668812096118927 -0.8084968328475952 -0.9419152140617371 -0.04053341597318649 0.3333958089351654 -2.621018171310425
-0.32919490337371826 -0.08517742156982422 -0.9404124617576599 0.3263610601425171 0.06650828570127487 -0.9955413341522217 0.0668892189860344 -0.8084452748298645 -0.9419168829917908 -0.04052563011646271 0.33339208364486694 -2.620978832244873
-0.32925906777381897 -0.08514431118965149 -0.9403929710388184 0.326410174369812 0.06653188914060593 -0.9955428838729858 0.06684289127588272 -0.8085060715675354 -0.9418928027153015 -0.04055749252438545 0.33345627784729004 -2.6210997104644775
-0.3291783928871155 -0.08520481735467911 -0.9404157400131226 0.3264171779155731 0.06652968376874924 -0.9955384135246277 0.06691139936447144 -0.8084602355957031 -0.9419211149215698 -0.04053977504372597 0.3333783447742462 -2.621023178100586
-0.32927584648132324 -0.08524744212627411 -0.9403777718544006 0.3264180123806 0.06663498282432556 -0.9955311417579651 0.06691480427980423 -0.8084906339645386 -0.9418796300888062 -0.04062863066792488 0.3334847688674927 -2.6211366653442383
-0.32919999957084656 -0.08528920263051987 -0.9404005408287048 0.3263786733150482 0.06662400811910629 -0.9955283999443054 0.06696636229753494 -0.8084629774093628 -0.9419069290161133 -0.04060792922973633 0.33341020345687866 -2.6210620403289795
-0.3292771577835083 -0.08534149080514908 -0.9403687715530396 0.3264316916465759 0.06667987257242203 -0.9955224990844727 0.06699841469526291 -0.8084718585014343 -0.9418759942054749 -0.040642622858285904 0.33349332213401794 -2.621183395385742
-0.32923898100852966 -0.08540675789117813 -0.9403762221336365 0.3264090418815613 0.06666349619626999 -0.9955184459686279 0.06707505881786346 -0.8084319233894348 -0.9418905377388 -0.04060504212975502 0.33345693349838257 -2.6211283206939697
-0.3292955160140991 -0.08536040037870407 -0.9403606653213501 0.3264247477054596 0.06671717762947083 -0.9955196380615234 0.06700439006090164 -0.8083909749984741 -0.941866934299469 -0.040673960000276566 0.33351507782936096 -2.621166467666626
-0.32925471663475037 -0.08534595370292664 -0.9403762221336365 0.32640063762664795 0.06667976826429367 -0.995522141456604 0.06700420379638672 -0.8083779215812683 -0.9418838620185852 -0.040642619132995605 0.3334711492061615 -2.621058702468872
-0.32927170395851135 -0.08529727905988693 -0.9403746724128723 0.32639190554618835 0.06671396642923355 -0.9955241680145264 0.06693978607654572 -0.8083717823028564 -0.9418755173683167 -0.04069474712014198 0.333488404750824 -2.621119499206543
-0.3292386531829834 -0.0852266177535057 -0.9403926730155945 0.32636815309524536 0.06676103919744492 -0.9955270886421204 0.06684982776641846 -0.8084126710891724 -0.9418837428092957 -0.04077204689383507 0.33345574140548706 -2.6209802627563477
-0.3293491303920746 -0.08515704423189163 -0.9403603076934814 0.3263589143753052 0.06681276112794876 -0.9955301284790039 0.06675279140472412 -0.8084089756011963 -0.9418414235115051 -0.04084309563040733 0.33356648683547974 -2.6210663318634033
-0.3293799161911011 -0.0851929560303688 -0.9403462409973145 0.32635506987571716 0.06688418984413147 -0.9955245852470398 0.06676410138607025 -0.8083730340003967 -0.9418255686759949 -0.040903545916080475 0.33360379934310913 -2.6208977699279785
-0.3293568789958954 -0.08519548922777176 -0.9403541088104248 0.3263603150844574 0.06672767549753189 -0.9955310821533203 0.06682327389717102 -0.8083978891372681 -0.9418447613716125 -0.04073893651366234 0.33356985449790955 -2.621022939682007
-0.32930493354797363 -0.08522747457027435 -0.9403694272041321 0.3263963460922241 0.06675741076469421 -0.9955273866653442 0.066848985850811 -0.808395266532898 -0.9418607950210571 -0.04076292738318443 0.3335215747356415 -2.6208837032318115
-0.32933175563812256 -0.08514340966939926 -0.9403676390647888 0.32635578513145447 0.06677906215190887 -0.9955325126647949 0.06675109267234802 -0.808383584022522 -0.9418498873710632 -0.04081360995769501 0.3335462212562561 -2.620914936065674
-0.32928213477134705 -0.0852448120713234 -0.940375804901123 0.3263474106788635 0.06678646057844162 -0.9955248236656189 0.06685809791088104 -0.8083621859550476 -0.9418666958808899 -0.04078919440507889 0.3335016667842865 -2.620805263519287
-0.3292524516582489 -0.08523262292146683 -0.9403873085975647 0.32631805539131165 0.06680779159069061 -0.9955246448516846 0.06683900207281113 -0.8082998991012573 -0.9418755769729614 -0.04081829637289047 0.3334730565547943 -2.6207516193389893
-0.3293409049510956 -0.08534886687994003 -0.9403457641601562 0.3263583183288574 0.06684020161628723 -0.9955152869224548 0.06694652885198593 -0.8084001541137695 -0.9418423771858215 -0.040804676711559296 0.3335685729980469 -2.620842695236206
-0.32928135991096497 -0.0853603258728981 -0.9403656125068665 0.32638686895370483 0.06676597148180008 -0.9955174922943115 0.06698767095804214 -0.8084450364112854 -0.9418684244155884 -0.04072663187980652 0.33350443840026855 -2.620974540710449
