# 3x4 first row second row third row Freq: 100 current Time: 2021-07-28-13:47:01
-0.3270263671875 -0.1741541177034378 -0.9288294315338135 0.0810367688536644 0.38956141471862793 -0.9203199744224548 0.035400111228227615 -0.7575089931488037 -0.8609853386878967 -0.35025933384895325 0.36881256103515625 -2.6012933254241943
-0.3270304501056671 -0.1741570085287094 -0.9288274645805359 0.08100804686546326 0.3896365165710449 -0.9202893376350403 0.0353691466152668 -0.7575202584266663 -0.8609497547149658 -0.35033831000328064 0.36882051825523376 -2.6012566089630127
-0.3270118534564972 -0.17414133250713348 -0.9288369417190552 0.08102633059024811 0.3896491229534149 -0.9202845692634583 0.03535572066903114 -0.7575297951698303 -0.8609511256217957 -0.3503587543964386 0.3687978982925415 -2.6012535095214844
-0.3270183801651001 -0.17409422993659973 -0.9288434982299805 0.08101645112037659 0.38967543840408325 -0.9202756881713867 0.03529515862464905 -0.7575244307518005 -0.8609367609024048 -0.35040533542633057 0.3687872588634491 -2.601252794265747
-0.32701241970062256 -0.1741045117378235 -0.9288436770439148 0.08103147149085999 0.3896735906600952 -0.9202759861946106 0.03530852124094963 -0.7575320601463318 -0.8609398603439331 -0.35039952397346497 0.368785560131073 -2.601256847381592
-0.3269568085670471 -0.1742146611213684 -0.9288426041603088 0.0810433179140091 0.3897295892238617 -0.9202481508255005 0.035416100174188614 -0.7575583457946777 -0.860935628414154 -0.3504178822040558 0.36877793073654175 -2.601233959197998
-0.3269678056240082 -0.1742372363805771 -0.9288344979286194 0.08104990422725677 0.3897090554237366 -0.9202558398246765 0.03544282913208008 -0.7575576901435852 -0.8609407544136047 -0.35038653016090393 0.368795782327652 -2.601238250732422
-0.326946496963501 -0.1742832064628601 -0.9288333654403687 0.08104897290468216 0.3897733986377716 -0.9202275276184082 0.03546938672661781 -0.7575624585151672 -0.860919713973999 -0.3504379391670227 0.36879608035087585 -2.601236343383789
-0.3269369602203369 -0.17426340281963348 -0.9288404583930969 0.08105169981718063 0.3897591531276703 -0.9202339053153992 0.0354597307741642 -0.7575647234916687 -0.8609297871589661 -0.350430965423584 0.36877918243408203 -2.6012415885925293
-0.326895534992218 -0.17422565817832947 -0.9288620948791504 0.08105412125587463 0.38968461751937866 -0.9202650785446167 0.03547096624970436 -0.7575862407684326 -0.8609792590141296 -0.3503679633140564 0.3687235414981842 -2.6012442111968994
-0.32687997817993164 -0.174234077334404 -0.9288659691810608 0.08106616884469986 0.38968580961227417 -0.9202640056610107 0.03548507019877434 -0.7576051354408264 -0.8609846234321594 -0.3503665328025818 0.3687123656272888 -2.601266860961914
-0.3268866539001465 -0.17429721355438232 -0.9288517832756042 0.08101213723421097 0.3897114396095276 -0.9202513098716736 0.035533931106328964 -0.7575990557670593 -0.8609704971313477 -0.35036858916282654 0.3687434196472168 -2.6012139320373535
-0.32685109972953796 -0.17432564496994019 -0.9288589954376221 0.08100544661283493 0.3896903395652771 -0.9202582240104675 0.03558548167347908 -0.7575966715812683 -0.860993504524231 -0.3503362238407135 0.3687203824520111 -2.601222038269043
-0.3268524706363678 -0.1742897480726242 -0.9288651943206787 0.08102848380804062 0.38967689871788025 -0.9202650785446167 0.035555124282836914 -0.7575684189796448 -0.8609991073608398 -0.3503360152244568 0.3687075674533844 -2.6011409759521484
-0.3267437815666199 -0.17431430518627167 -0.9288988709449768 0.08108266443014145 0.389639288187027 -0.9202777743339539 0.035639382898807526 -0.7576147317886353 -0.8610574007034302 -0.35029053688049316 0.36861467361450195 -2.601193904876709
-0.3267253637313843 -0.1743304282426834 -0.9289023280143738 0.08106415718793869 0.3896335959434509 -0.9202791452407837 0.03566519916057587 -0.7575817108154297 -0.8610669374465942 -0.3502788245677948 0.3686034679412842 -2.6012980937957764
-0.32677319645881653 -0.17434175312519073 -0.9288833737373352 0.08103381097316742 0.3896373510360718 -0.9202779531478882 0.03565552458167076 -0.7575547695159912 -0.861047089099884 -0.350276380777359 0.3686521649360657 -2.6012675762176514
-0.3267571032047272 -0.1743766963481903 -0.9288824796676636 0.08103765547275543 0.3896467089653015 -0.9202725291252136 0.03569263964891434 -0.7575492262840271 -0.8610489368438721 -0.35027316212654114 0.3686508536338806 -2.6012775897979736
-0.32683098316192627 -0.1743914932012558 -0.9288536906242371 0.08099182695150375 0.3896116316318512 -0.9202874302864075 0.03569253534078598 -0.757551372051239 -0.8610367774963379 -0.3502267897129059 0.3687233030796051 -2.601243019104004
-0.32687699794769287 -0.17434969544410706 -0.9288453459739685 0.08096883445978165 0.38962283730506897 -0.920285165309906 0.035627782344818115 -0.757524311542511 -0.8610142469406128 -0.3502534329891205 0.3687506318092346 -2.6012253761291504
-0.32688337564468384 -0.17431768774986267 -0.9288491010665894 0.08097273856401443 0.3896251916885376 -0.9202855229377747 0.035592492669820786 -0.7575234174728394 -0.8610107898712158 -0.3502683937549591 0.36874455213546753 -2.6012306213378906
-0.32691285014152527 -0.17430488765239716 -0.9288411140441895 0.08096654713153839 0.3896702527999878 -0.920268177986145 0.035548627376556396 -0.7575075030326843 -0.8609791994094849 -0.3503204584121704 0.3687688708305359 -2.601238965988159
-0.32692381739616394 -0.17433837056159973 -0.9288309812545776 0.08099471777677536 0.38969120383262634 -0.9202585220336914 0.03556841239333153 -0.7574814558029175 -0.8609655499458313 -0.35032910108566284 0.36879247426986694 -2.6012802124023438
-0.32679298520088196 -0.17435385286808014 -0.928874135017395 0.08103282004594803 0.38961151242256165 -0.9202883243560791 0.03567061200737953 -0.757500171661377 -0.8610512614250183 -0.35024312138557434 0.36867398023605347 -2.6013479232788086
-0.3268493115901947 -0.17432668805122375 -0.9288594126701355 0.08103989064693451 0.3895915150642395 -0.9202983975410461 0.03562955558300018 -0.7574971914291382 -0.8610389232635498 -0.35023021697998047 0.3687150180339813 -2.601349115371704
-0.32679641246795654 -0.174326553940773 -0.9288780689239502 0.08104207366704941 0.38958048820495605 -0.9203020334243774 0.03565546125173569 -0.7574823498725891 -0.8610640168190002 -0.3502206802368164 0.36866557598114014 -2.601356267929077
-0.3268192410469055 -0.17431984841823578 -0.9288712739944458 0.08101948350667953 0.389606773853302 -0.9202919602394104 0.03562838211655617 -0.7574899792671204 -0.8610434532165527 -0.3502504825592041 0.368685245513916 -2.601292610168457
-0.3268292546272278 -0.17437534034252167 -0.9288573265075684 0.08101563155651093 0.389616459608078 -0.9202860593795776 0.03567517548799515 -0.7575114369392395 -0.8610352873802185 -0.3502383828163147 0.3687158226966858 -2.601219892501831
-0.32683226466178894 -0.1743728518486023 -0.9288567304611206 0.08100686222314835 0.3896104395389557 -0.920288622379303 0.03567405045032501 -0.7575055360794067 -0.8610368371009827 -0.3502328395843506 0.3687174320220947 -2.601217746734619
-0.3267960548400879 -0.1744014471769333 -0.9288641214370728 0.08103545010089874 0.389651358127594 -0.9202703237533569 0.03569946438074112 -0.7575183510780334 -0.8610320687294006 -0.350266695022583 0.3686964213848114 -2.601191520690918
-0.32683297991752625 -0.17436429858207703 -0.9288581013679504 0.081034354865551 0.38963890075683594 -0.9202774167060852 0.03565311059355736 -0.7575138211250305 -0.8610236644744873 -0.35026663541793823 0.3687160611152649 -2.6011862754821777
-0.32692599296569824 -0.17435406148433685 -0.9288272857666016 0.08103281259536743 0.3896847665309906 -0.9202605485916138 0.035585835576057434 -0.7574723958969116 -0.8609676361083984 -0.3503158986568451 0.36880016326904297 -2.6011695861816406
-0.32693663239479065 -0.17435702681541443 -0.9288229942321777 0.08103249967098236 0.38967183232307434 -0.9202659130096436 0.035590022802352905 -0.7574616074562073 -0.8609694242477417 -0.35030046105384827 0.36881059408187866 -2.6011674404144287
-0.3268299698829651 -0.17438192665576935 -0.928855836391449 0.0810244157910347 0.3896855413913727 -0.9202576875686646 0.03565181791782379 -0.7575215101242065 -0.8610036969184875 -0.3503095805644989 0.3687218427658081 -2.601145029067993
-0.3268204927444458 -0.17437219619750977 -0.9288610219955444 0.08101088553667068 0.38971471786499023 -0.9202460646629333 0.03563350439071655 -0.7575183510780334 -0.8609941005706787 -0.35034504532814026 0.36871060729026794 -2.601133346557617
-0.3268866240978241 -0.17433902621269226 -0.9288439750671387 0.08097482472658157 0.38969042897224426 -0.9202582240104675 0.035584378987550735 -0.7575410604476929 -0.8609799742698669 -0.35032954812049866 0.36875829100608826 -2.6011788845062256
-0.3269200623035431 -0.17436543107032776 -0.9288272261619568 0.08099775016307831 0.3896985352039337 -0.9202544689178467 0.03559359163045883 -0.7575280070304871 -0.8609636425971985 -0.3503263294696808 0.3687995374202728 -2.6011669635772705
-0.3269071578979492 -0.17436370253562927 -0.9288321137428284 0.08099555969238281 0.38970687985420227 -0.9202508926391602 0.035593513399362564 -0.7575292587280273 -0.8609647750854492 -0.3503364622592926 0.3687872886657715 -2.601165533065796
-0.32689884305000305 -0.17434194684028625 -0.9288390874862671 0.08100075274705887 0.38971269130706787 -0.9202492237091064 0.035572804510593414 -0.7575384378433228 -0.8609653115272522 -0.3503516912460327 0.36877161264419556 -2.601151943206787
-0.3269095718860626 -0.17433907091617584 -0.9288358688354492 0.08101604878902435 0.38970592617988586 -0.92025226354599 0.03556854650378227 -0.7575505375862122 -0.860964298248291 -0.3503451347351074 0.3687801957130432 -2.6011412143707275
-0.32690292596817017 -0.1743064969778061 -0.9288443326950073 0.08102831989526749 0.3896806836128235 -0.9202637076377869 0.03554975986480713 -0.7575497627258301 -0.8609782457351685 -0.3503313660621643 0.36876073479652405 -2.6011717319488525
-0.32690659165382385 -0.1742936074733734 -0.9288454651832581 0.08103150129318237 0.3896898627281189 -0.920260488986969 0.035531580448150635 -0.7575584053993225 -0.8609727025032043 -0.3503461480140686 0.3687596023082733 -2.6011710166931152
-0.3269682228565216 -0.17424505949020386 -0.9288328886032104 0.08101774752140045 0.3896394371986389 -0.920283854007721 0.035480234771966934 -0.7575574517250061 -0.8609721064567566 -0.35030898451805115 0.3687962591648102 -2.601173162460327
-0.3269742727279663 -0.17421284317970276 -0.9288367629051208 0.08102180808782578 0.389653742313385 -0.920279324054718 0.035439733415842056 -0.7575619220733643 -0.8609633445739746 -0.35033684968948364 0.36879029870033264 -2.6011712551116943
-0.32698649168014526 -0.17418110370635986 -0.9288384318351746 0.08101367205381393 0.3895658254623413 -0.9203165173530579 0.035441022366285324 -0.7575598955154419 -0.8609984517097473 -0.35025498270988464 0.3687860071659088 -2.601214647293091
-0.32692384719848633 -0.1742303967475891 -0.9288512468338013 0.08103658258914948 0.38957369327545166 -0.9203104376792908 0.03551173955202103 -0.7575750350952148 -0.861018717288971 -0.3502463698387146 0.36874696612358093 -2.601247787475586
-0.3269718289375305 -0.17420275509357452 -0.9288395047187805 0.08102710545063019 0.38953930139541626 -0.9203262329101562 0.035479750484228134 -0.7575781345367432 -0.861016035079956 -0.35021862387657166 0.3687795400619507 -2.601208448410034
-0.3268963396549225 -0.17423497140407562 -0.928860068321228 0.08103484660387039 0.38953307271003723 -0.9203263521194458 0.035544753074645996 -0.757582426071167 -0.8610475063323975 -0.3502022624015808 0.36872154474258423 -2.601215124130249
-0.32682326436042786 -0.17426158487796783 -0.9288808107376099 0.0810185968875885 0.3895977735519409 -0.9202979207038879 0.035572875291109085 -0.7575685381889343 -0.8610460162162781 -0.3502638339996338 0.3686666190624237 -2.6011757850646973
-0.32682982087135315 -0.17426609992980957 -0.9288776516914368 0.08098868280649185 0.3896089494228363 -0.9202932715415955 0.0355699323117733 -0.7575418949127197 -0.8610384464263916 -0.3502737283706665 0.3686748445034027 -2.601147174835205
-0.3268539607524872 -0.17421896755695343 -0.9288780093193054 0.08096303045749664 0.38952308893203735 -0.9203304052352905 0.03555026277899742 -0.7575437426567078 -0.8610681295394897 -0.3501996695995331 0.3686758875846863 -2.601088523864746
-0.3268167972564697 -0.1742311269044876 -0.9288887977600098 0.08094462007284164 0.38956522941589355 -0.920312225818634 0.03555922582745552 -0.7575379610061646 -0.8610631823539734 -0.35024142265319824 0.36864781379699707 -2.6010689735412598
-0.32681506872177124 -0.17425024509429932 -0.928885817527771 0.08095427602529526 0.3895993232727051 -0.9202975630760193 0.03556428849697113 -0.7575439810752869 -0.8610484004020691 -0.3502703309059143 0.36865484714508057 -2.6010754108428955
-0.3266882002353668 -0.1743064671754837 -0.9289198517799377 0.08094825595617294 0.38953039050102234 -0.9203214645385742 0.03570060431957245 -0.7575496435165405 -0.8611277341842651 -0.3501795530319214 0.36855578422546387 -2.601085662841797
-0.32671892642974854 -0.17429548501968384 -0.9289111495018005 0.08101000636816025 0.38950464129447937 -0.9203328490257263 0.0356883704662323 -0.7575068473815918 -0.8611277341842651 -0.3501551151275635 0.3685790002346039 -2.6011650562286377
-0.32676029205322266 -0.17433208227157593 -0.9288896918296814 0.08099457621574402 0.38950273394584656 -0.9203328490257263 0.035708777606487274 -0.7575434446334839 -0.8611128926277161 -0.3501368761062622 0.3686310052871704 -2.6011407375335693
-0.32676416635513306 -0.17432382702827454 -0.9288898706436157 0.080991230905056 0.38948607444763184 -0.9203400015830994 0.03570616617798805 -0.7575475573539734 -0.8611189126968384 -0.3501221835613251 0.3686307966709137 -2.601147174835205
-0.3267723619937897 -0.17437796294689178 -0.9288768768310547 0.08098167926073074 0.3895491659641266 -0.9203124046325684 0.03572950139641762 -0.7575494647026062 -0.8610873222351074 -0.35016778111457825 0.36866140365600586 -2.601151943206787
-0.3267963230609894 -0.17436504364013672 -0.9288708567619324 0.08101309835910797 0.389495313167572 -0.9203351736068726 0.03573010116815567 -0.7575350999832153 -0.8611025810241699 -0.3501143753528595 0.36867645382881165 -2.6011478900909424
-0.3268098831176758 -0.174358069896698 -0.9288673996925354 0.08102940768003464 0.3894791603088379 -0.920342206954956 0.03572464734315872 -0.7575284242630005 -0.8611047267913818 -0.3500992953777313 0.3686857223510742 -2.6011393070220947
-0.32680490612983704 -0.17444100975990295 -0.9288535714149475 0.08104146271944046 0.38950207829475403 -0.9203296303749084 0.035799019038677216 -0.7575369477272034 -0.8610962629318237 -0.3500910997390747 0.3687133193016052 -2.601152181625366
-0.3267914354801178 -0.17442740499973297 -0.9288608431816101 0.08101676404476166 0.38952985405921936 -0.9203186631202698 0.035779085010290146 -0.757534384727478 -0.8610888123512268 -0.350126713514328 0.3686968684196472 -2.6011099815368652
-0.32675060629844666 -0.17439258098602295 -0.9288817644119263 0.08104418218135834 0.38951417803764343 -0.920325756072998 0.035767730325460434 -0.7575606107711792 -0.8611114025115967 -0.3501254916191101 0.3686453104019165 -2.6011457443237305
-0.3267492353916168 -0.17437759041786194 -0.9288850426673889 0.08101753890514374 0.3895234167575836 -0.9203225374221802 0.035749491304159164 -0.7575498223304749 -0.8611077070236206 -0.35014134645462036 0.3686387836933136 -2.6011128425598145
-0.3268264830112457 -0.1743919402360916 -0.9288551807403564 0.08099738508462906 0.389536589384079 -0.9203178286552429 0.03572692722082138 -0.7575263381004333 -0.8610724210739136 -0.3501465916633606 0.3687162399291992 -2.6010780334472656
-0.32687684893608093 -0.17438746988773346 -0.928838312625885 0.0809897780418396 0.3895535171031952 -0.9203119277954102 0.03569495305418968 -0.7575138211250305 -0.8610456585884094 -0.35016438364982605 0.3687618374824524 -2.601083278656006
-0.3268892765045166 -0.17442071437835693 -0.928827702999115 0.08097321540117264 0.38954031467437744 -0.920316219329834 0.03572855144739151 -0.7575256824493408 -0.8610469102859497 -0.35013651847839355 0.3687853217124939 -2.6011152267456055
-0.32687169313430786 -0.17437061667442322 -0.9288432598114014 0.08095186203718185 0.38954493403434753 -0.9203159809112549 0.035684019327163696 -0.7575377821922302 -0.8610514998435974 -0.3501620888710022 0.3687503933906555 -2.6011312007904053
-0.3268159329891205 -0.17438450455665588 -0.9288603067398071 0.0809531882405281 0.38955578207969666 -0.9203101396560669 0.035715583711862564 -0.7575262188911438 -0.8610677719116211 -0.35017046332359314 0.3687044680118561 -2.601145029067993
-0.3268173038959503 -0.17438216507434845 -0.9288602471351624 0.08095584064722061 0.389572411775589 -0.9203035235404968 0.03570561110973358 -0.7575433254241943 -0.8610597252845764 -0.35018908977508545 0.36870551109313965 -2.601135730743408
-0.3269121050834656 -0.17432929575443268 -0.9288368225097656 0.08097107708454132 0.389550119638443 -0.9203161001205444 0.03562457114458084 -0.7575280070304871 -0.8610338568687439 -0.3501823842525482 0.36877238750457764 -2.601149082183838
-0.32682910561561584 -0.17439550161361694 -0.9288536310195923 0.08100376278162003 0.3895137310028076 -0.9203270077705383 0.03573919087648392 -0.7575390934944153 -0.8610817790031433 -0.3501206338405609 0.36871904134750366 -2.601177215576172
-0.32682764530181885 -0.17439106106758118 -0.9288549423217773 0.08098940551280975 0.3895341157913208 -0.9203189015388489 0.035726647824048996 -0.7575502991676331 -0.8610731363296509 -0.35014423727989197 0.36871686577796936 -2.60115122795105
-0.32681161165237427 -0.1744532585144043 -0.928848922252655 0.08100586384534836 0.3895564377307892 -0.9203071594238281 0.03578517958521843 -0.7575230598449707 -0.8610690832138062 -0.35014405846595764 0.3687264025211334 -2.601116418838501
-0.32684656977653503 -0.17443525791168213 -0.9288399815559387 0.0810348391532898 0.38952142000198364 -0.9203226566314697 0.035768259316682816 -0.7575032711029053 -0.8610717058181763 -0.35011231899261475 0.36875051259994507 -2.6011407375335693
-0.32689252495765686 -0.17442956566810608 -0.9288249015808105 0.0810106173157692 0.3895961046218872 -0.9202932119369507 0.0357121080160141 -0.7574938535690308 -0.8610204458236694 -0.35019251704216003 0.3687939941883087 -2.601137161254883
-0.3268391191959381 -0.1744643747806549 -0.9288371205329895 0.08100398629903793 0.38963550329208374 -0.9202750325202942 0.03575123846530914 -0.7575188279151917 -0.8610228896141052 -0.35022303462028503 0.3687593340873718 -2.6010806560516357
-0.326854944229126 -0.17442965507507324 -0.9288380742073059 0.08100694417953491 0.3897089660167694 -0.9202467203140259 0.035679008811712265 -0.7575169205665588 -0.8609836101531982 -0.3503146767616272 0.36876392364501953 -2.6010804176330566
-0.32681751251220703 -0.17446748912334442 -0.928844153881073 0.08101285994052887 0.38974303007125854 -0.9202308058738708 0.03571699559688568 -0.7575101852416992 -0.8609824180603027 -0.35033759474754333 0.36874496936798096 -2.601074457168579
-0.3267705738544464 -0.1744968593120575 -0.9288551807403564 0.08103684335947037 0.3896726965904236 -0.920257568359375 0.03579512611031532 -0.7575424313545227 -0.8610320687294006 -0.3502526879310608 0.3687097132205963 -2.601118326187134
-0.3267616927623749 -0.1744537651538849 -0.9288663864135742 0.08104870468378067 0.38965365290641785 -0.9202668070793152 0.035764168947935104 -0.7575425505638123 -0.8610440492630005 -0.3502497971057892 0.36868444085121155 -2.6011064052581787
-0.3268126845359802 -0.17442657053470612 -0.9288535714149475 0.08102776855230331 0.3896121680736542 -0.9202855229377747 0.035734426230192184 -0.7575044631958008 -0.8610434532165527 -0.3502141833305359 0.3687196373939514 -2.6010711193084717
-0.3268071711063385 -0.1744142323732376 -0.9288578033447266 0.08103310316801071 0.38964301347732544 -0.9202734231948853 0.03571123257279396 -0.7574986815452576 -0.8610316514968872 -0.350252240896225 0.3687111735343933 -2.601062774658203
-0.3267805576324463 -0.17433853447437286 -0.9288813471794128 0.08103498816490173 0.389591783285141 -0.9202967286109924 0.03566887602210045 -0.7575201392173767 -0.8610649108886719 -0.3502286672592163 0.36865589022636414 -2.601085901260376
-0.3267761766910553 -0.17431864142417908 -0.9288866519927979 0.08102516829967499 0.3896206021308899 -0.920285701751709 0.03563860431313515 -0.7575027942657471 -0.8610535264015198 -0.35026752948760986 0.36864548921585083 -2.601097583770752
-0.32677051424980164 -0.17429807782173157 -0.9288924932479858 0.08101293444633484 0.3896649181842804 -0.9202683568000793 0.035601552575826645 -0.7575164437294006 -0.8610356450080872 -0.35032325983047485 0.36863434314727783 -2.6010937690734863
-0.3267885744571686 -0.17434442043304443 -0.9288774728775024 0.08101534098386765 0.3896954357624054 -0.9202544689178467 0.03562711924314499 -0.7575138211250305 -0.8610149621963501 -0.3503367602825165 0.3686697781085968 -2.6010937690734863
-0.32684314250946045 -0.17429319024085999 -0.9288678765296936 0.08104269206523895 0.38963231444358826 -0.9202829599380493 0.035581398755311966 -0.7575207352638245 -0.8610228300094604 -0.35028737783432007 0.3686983585357666 -2.601163625717163
-0.32686853408813477 -0.17420335114002228 -0.9288758039474487 0.081027552485466 0.3896399140357971 -0.9202836751937866 0.03547888994216919 -0.7575086951255798 -0.8610097169876099 -0.3503301441669464 0.36868831515312195 -2.6011643409729004
-0.3269502818584442 -0.174200639128685 -0.9288474917411804 0.08101566880941391 0.3896283209323883 -0.9202898144721985 0.035448215901851654 -0.7575042843818665 -0.8609839677810669 -0.35031548142433167 0.36876246333122253 -2.601173162460327
-0.3269769847393036 -0.17421478033065796 -0.9288354516029358 0.08100461959838867 0.3895888328552246 -0.9203057289123535 0.03546838089823723 -0.7575133442878723 -0.8609916567802429 -0.35026657581329346 0.368790864944458 -2.6012065410614014
-0.32697421312332153 -0.1741962730884552 -0.928839921951294 0.08096355199813843 0.3896128535270691 -0.9202966094017029 0.03544086590409279 -0.7575321793556213 -0.860981822013855 -0.3502997159957886 0.36878231167793274 -2.601179361343384
-0.3269895613193512 -0.17417530715465546 -0.9288384318351746 0.08098448067903519 0.3895663917064667 -0.9203165769577026 0.03543379530310631 -0.7575182318687439 -0.8609970211982727 -0.3502577543258667 0.36878669261932373 -2.601182222366333
-0.32700228691101074 -0.17419882118701935 -0.928829550743103 0.0810156762599945 0.3895608186721802 -0.9203181266784668 0.03545435890555382 -0.7575194239616394 -0.8609947562217712 -0.3502419590950012 0.3688070774078369 -2.6012017726898193
-0.3270065486431122 -0.17423614859580994 -0.9288210272789001 0.08099883794784546 0.38967421650886536 -0.9202706217765808 0.03544105589389801 -0.7575017809867859 -0.8609418272972107 -0.35034817457199097 0.36882978677749634 -2.601200580596924
-0.32707124948501587 -0.17422112822532654 -0.9288011193275452 0.0810060128569603 0.3896532654762268 -0.9202807545661926 0.03540906310081482 -0.7574906349182129 -0.8609266877174377 -0.35032907128334045 0.3688831329345703 -2.601202964782715
-0.3270978331565857 -0.17421773076057434 -0.9287923574447632 0.08100209385156631 0.3897036910057068 -0.9202607274055481 0.03537336364388466 -0.757469654083252 -0.8608937859535217 -0.3503832519054413 0.36890852451324463 -2.601182222366333
-0.3270600736141205 -0.17423546314239502 -0.9288023114204407 0.08098520338535309 0.3897469639778137 -0.9202418923377991 0.03538762405514717 -0.7574923038482666 -0.8608885407447815 -0.35042399168014526 0.36888206005096436 -2.601126194000244
-0.3270857632160187 -0.17419911921024323 -0.928800106048584 0.08099095523357391 0.3897472321987152 -0.9202435612678528 0.035341136157512665 -0.7574884295463562 -0.8608786463737488 -0.3504376709461212 0.3688921332359314 -2.6011290550231934
-0.32704851031303406 -0.1742059737443924 -0.9288119077682495 0.08096583932638168 0.38978111743927 -0.920228898525238 0.035348422825336456 -0.7575101852416992 -0.8608774542808533 -0.35047268867492676 0.3688616454601288 -2.6010584831237793
-0.3269924521446228 -0.17423906922340393 -0.9288254380226135 0.08097439259290695 0.38973063230514526 -0.9202473163604736 0.03542545437812805 -0.7575307488441467 -0.8609216213226318 -0.3504078686237335 0.3688201904296875 -2.6010758876800537
-0.32697588205337524 -0.174255833029747 -0.9288281798362732 0.08095960319042206 0.3897389769554138 -0.9202430248260498 0.035445187240839005 -0.757529079914093 -0.8609241247177124 -0.3504107892513275 0.3688114881515503 -2.6010568141937256
-0.32687702775001526 -0.17426010966300964 -0.9288621544837952 0.08097481727600098 0.38968420028686523 -0.9202636480331421 0.03551272675395012 -0.7575622200965881 -0.8609864711761475 -0.3503546118736267 0.3687193691730499 -2.601053237915039
-0.32686156034469604 -0.17429333925247192 -0.9288613796234131 0.08096793293952942 0.3896908164024353 -0.920259416103363 0.03554905951023102 -0.7575616240501404 -0.8609893321990967 -0.3503491282463074 0.36871787905693054 -2.601038932800293
-0.32680198550224304 -0.17431099712848663 -0.9288790225982666 0.08097824454307556 0.38966184854507446 -0.9202696084976196 0.03560297563672066 -0.7575477957725525 -0.8610250949859619 -0.35031357407569885 0.36866822838783264 -2.601057767868042
-0.326814204454422 -0.17428673803806305 -0.9288792610168457 0.0809706524014473 0.3896883428096771 -0.920259952545166 0.0355626717209816 -0.7575482130050659 -0.8610084652900696 -0.3503510057926178 0.3686714470386505 -2.6010420322418213
-0.32688382267951965 -0.1742836982011795 -0.9288553595542908 0.08097559213638306 0.3896902799606323 -0.9202603697776794 0.03553077206015587 -0.7575260400772095 -0.8609811663627625 -0.3503514528274536 0.36873480677604675 -2.601052761077881
-0.32693976163864136 -0.17418374121189117 -0.9288544058799744 0.08096819370985031 0.3896506428718567 -0.920281171798706 0.035426151007413864 -0.757532000541687 -0.860977828502655 -0.35034650564193726 0.3687472641468048 -2.601047992706299
-0.3268733620643616 -0.174209326505661 -0.9288729429244995 0.08096680790185928 0.38964223861694336 -0.9202826023101807 0.03548186272382736 -0.7575235366821289 -0.8610068559646606 -0.35033005475997925 0.36869511008262634 -2.6010305881500244
-0.3269166052341461 -0.17421340942382812 -0.9288569688796997 0.08097153902053833 0.3896177411079407 -0.9202930927276611 0.03547897934913635 -0.7575588822364807 -0.8610014915466309 -0.35030046105384827 0.368735671043396 -2.6010570526123047
-0.3268740177154541 -0.1742473542690277 -0.9288656115531921 0.0809735581278801 0.3896138072013855 -0.9202927350997925 0.03553146868944168 -0.7575401663780212 -0.861019492149353 -0.35028451681137085 0.36870887875556946 -2.601067304611206
-0.32691431045532227 -0.17420564591884613 -0.9288592338562012 0.08092374354600906 0.3896300494670868 -0.9202883243560791 0.03546693176031113 -0.7575172781944275 -0.8609968423843384 -0.3503168225288391 0.3687311112880707 -2.601022481918335
-0.32697904109954834 -0.1742301732301712 -0.9288318753242493 0.08096984028816223 0.3896518349647522 -0.9202795624732971 0.035455815494060516 -0.7574746608734131 -0.8609623908996582 -0.350327730178833 0.36880114674568176 -2.601069211959839
-0.3269873559474945 -0.17417535185813904 -0.9288392066955566 0.08094070851802826 0.38968947529792786 -0.9202664494514465 0.03538202494382858 -0.7574775218963623 -0.8609421849250793 -0.35038936138153076 0.3687897026538849 -2.601067304611206
-0.3269459307193756 -0.17422643303871155 -0.9288442134857178 0.08096328377723694 0.38968515396118164 -0.9202656149864197 0.03545118123292923 -0.7574796080589294 -0.8609598875045776 -0.35036617517471313 0.3687704801559448 -2.6010313034057617
-0.326965868473053 -0.17421314120292664 -0.9288396835327148 0.08097483217716217 0.38957923650741577 -0.9203095436096191 0.035475339740514755 -0.7574889659881592 -0.8610002398490906 -0.35025742650032043 0.36877956986427307 -2.6010870933532715
-0.32693666219711304 -0.1742243617773056 -0.9288478493690491 0.08096975833177567 0.38957616686820984 -0.9203099012374878 0.03549955412745476 -0.7574822902679443 -0.8610126972198486 -0.35025086998939514 0.36875665187835693 -2.601081132888794
-0.32688117027282715 -0.17427299916744232 -0.9288582801818848 0.08105451613664627 0.38957083225250244 -0.92030930519104 0.035572394728660583 -0.7575242519378662 -0.8610361814498901 -0.35022813081741333 0.36872339248657227 -2.601154088973999
-0.326865017414093 -0.1742691546678543 -0.9288646578788757 0.0810612216591835 0.3895569443702698 -0.9203148484230042 0.03558102622628212 -0.7575263977050781 -0.8610485792160034 -0.35021546483039856 0.36870643496513367 -2.6011605262756348
-0.326890230178833 -0.17417337000370026 -0.9288737773895264 0.08104227483272552 0.3895176351070404 -0.9203349351882935 0.035492800176143646 -0.7575308084487915 -0.8610568046569824 -0.3502104580402374 0.3686920404434204 -2.6012299060821533
-0.3269113600254059 -0.17414118349552155 -0.9288723468780518 0.0810428038239479 0.3895053565502167 -0.9203414916992188 0.03545765578746796 -0.7575365900993347 -0.8610543608665466 -0.35020923614501953 0.36869895458221436 -2.6012399196624756
-0.326945960521698 -0.17417113482952118 -0.9288545846939087 0.08100957423448563 0.389504998922348 -0.9203410148620605 0.0354735367000103 -0.7575380802154541 -0.8610413670539856 -0.3501955568790436 0.3687422573566437 -2.601177930831909
-0.32690975069999695 -0.17422792315483093 -0.9288566708564758 0.08099939674139023 0.38953250646591187 -0.9203270673751831 0.035532619804143906 -0.7575523257255554 -0.8610426783561707 -0.35020390152931213 0.3687312602996826 -2.6012020111083984
-0.3269192576408386 -0.174219012260437 -0.9288550019264221 0.08100555092096329 0.3895076811313629 -0.9203376770019531 0.035530585795640945 -0.7575778365135193 -0.8610503077507019 -0.3501805067062378 0.368735671043396 -2.6011962890625
-0.32689017057418823 -0.17421439290046692 -0.9288660883903503 0.08100182563066483 0.38952869176864624 -0.9203288555145264 0.035528749227523804 -0.7575874924659729 -0.8610518574714661 -0.3502059876918793 0.36870789527893066 -2.6012067794799805
-0.32693636417388916 -0.17420804500579834 -0.9288510084152222 0.08105035126209259 0.3894680440425873 -0.9203544855117798 0.03552980720996857 -0.7575541138648987 -0.8610617518424988 -0.3501417934894562 0.36874574422836304 -2.601257562637329
-0.32696694135665894 -0.17415432631969452 -0.9288503527641296 0.08100911229848862 0.3895254135131836 -0.9203336834907532 0.03543967381119728 -0.7575372457504272 -0.8610242009162903 -0.35022321343421936 0.36875614523887634 -2.601254940032959
-0.3270076513290405 -0.1741742193698883 -0.9288322925567627 0.08101779967546463 0.38952815532684326 -0.9203324317932129 0.035441819578409195 -0.7575396299362183 -0.8610075116157532 -0.3502165675163269 0.36880144476890564 -2.6012589931488037
-0.32697156071662903 -0.17415767908096313 -0.9288480877876282 0.08101789653301239 0.38957348465919495 -0.9203140735626221 0.035420551896095276 -0.7575382590293884 -0.861000657081604 -0.350273072719574 0.36876368522644043 -2.6012535095214844
-0.32695409655570984 -0.17418509721755981 -0.9288491010665894 0.08102036267518997 0.38962486386299133 -0.9202918410301208 0.03543275594711304 -0.7575550079345703 -0.8609840273857117 -0.3503178060054779 0.36875998973846436 -2.6012380123138428
-0.3270207643508911 -0.17417295277118683 -0.9288278818130493 0.0810304805636406 0.3896692991256714 -0.9202752709388733 0.035374823957681656 -0.7575036883354187 -0.8609386086463928 -0.35036739706993103 0.36881890892982483 -2.6011815071105957
-0.3269827663898468 -0.17424830794334412 -0.928827166557312 0.08103495836257935 0.3897017538547516 -0.9202585816383362 0.03545088320970535 -0.7575091123580933 -0.8609383702278137 -0.3503737449645996 0.36881351470947266 -2.601188898086548
-0.32704833149909973 -0.17417503893375397 -0.9288178086280823 0.08103697001934052 0.38975170254707336 -0.9202420711517334 0.03533045947551727 -0.757490873336792 -0.8608908653259277 -0.35045352578163147 0.3688485622406006 -2.601158380508423
-0.3270639479160309 -0.17416273057460785 -0.9288145899772644 0.08104413002729416 0.3897347152233124 -0.9202497005462646 0.035319238901138306 -0.757486879825592 -0.8608925938606262 -0.3504396378993988 0.3688577115535736 -2.601156711578369
-0.3269912600517273 -0.17417529225349426 -0.9288378357887268 0.08106742799282074 0.38966798782348633 -0.9202752709388733 0.035389579832553864 -0.7574962973594666 -0.8609504103660583 -0.3503662943840027 0.36879244446754456 -2.601238489151001
-0.32699868083000183 -0.17418700456619263 -0.9288330674171448 0.0810776948928833 0.3896659016609192 -0.9202757477760315 0.035399097949266434 -0.7574938535690308 -0.8609485626220703 -0.35035911202430725 0.36880362033843994 -2.601243495941162
-0.326987087726593 -0.17422258853912354 -0.9288304448127747 0.08104968070983887 0.38963085412979126 -0.9202885031700134 0.035454027354717255 -0.7575321197509766 -0.860968828201294 -0.35030800104141235 0.3688049018383026 -2.6012094020843506
-0.3270103633403778 -0.1742292195558548 -0.9288210272789001 0.08106039464473724 0.3895699977874756 -0.9203133583068848 0.03547729179263115 -0.7575482726097107 -0.8609874844551086 -0.3502393364906311 0.36882641911506653 -2.601236581802368
-0.32697567343711853 -0.17424269020557404 -0.9288306832313538 0.08106155693531036 0.3895898461341858 -0.9203042387962341 0.03549611195921898 -0.7575483918190002 -0.8609917163848877 -0.35025665163993835 0.36880019307136536 -2.601250410079956
-0.32697153091430664 -0.17419491708278656 -0.9288411140441895 0.08104569464921951 0.3895503282546997 -0.920322060585022 0.035467375069856644 -0.757529079914093 -0.8610111474990845 -0.3502335250377655 0.36877673864364624 -2.601217031478882
-0.32700538635253906 -0.17421665787696838 -0.9288251399993896 0.08104432374238968 0.3895718455314636 -0.9203130006790161 0.03546607121825218 -0.7575300931930542 -0.8609885573387146 -0.35024648904800415 0.36881715059280396 -2.6012144088745117
-0.32693707942962646 -0.17424312233924866 -0.9288442134857178 0.08105787634849548 0.389485239982605 -0.9203461408615112 0.03555690124630928 -0.7575331330299377 -0.8610537052154541 -0.35014623403549194 0.368760347366333 -2.6012234687805176
-0.3269476890563965 -0.17422790825366974 -0.9288433194160461 0.08103790134191513 0.3894946873188019 -0.9203430414199829 0.035533517599105835 -0.7575430870056152 -0.8610454201698303 -0.35016191005706787 0.36876481771469116 -2.6012160778045654
-0.3269420564174652 -0.1742752492427826 -0.9288364052772522 0.08103951811790466 0.38946470618247986 -0.920353353023529 0.035595521330833435 -0.7575364112854004 -0.8610610961914062 -0.35011133551597595 0.36877623200416565 -2.6012110710144043
-0.3269255757331848 -0.17424263060092926 -0.9288483262062073 0.08101027458906174 0.3894450068473816 -0.9203623533248901 0.03557828813791275 -0.7575557827949524 -0.8610762357711792 -0.35010388493537903 0.36874786019325256 -2.601165533065796
-0.32694971561431885 -0.17425115406513214 -0.9288382530212402 0.08097374439239502 0.38948217034339905 -0.920347273349762 0.03556108847260475 -0.7575494647026062 -0.8610503077507019 -0.35013923048973083 0.368774950504303 -2.601158857345581
-0.32687219977378845 -0.1742447465658188 -0.9288667440414429 0.08098742365837097 0.3894819915294647 -0.9203463792800903 0.03558604419231415 -0.7575617432594299 -0.8610798120498657 -0.35014477372169495 0.36870077252388 -2.601147174835205
-0.3268855810165405 -0.17427726089954376 -0.9288558959960938 0.08098059147596359 0.38952142000198364 -0.9203293323516846 0.03559598699212074 -0.757541298866272 -0.8610568642616272 -0.3501734733581543 0.36872702836990356 -2.6011199951171875
-0.32691195607185364 -0.1742965131998062 -0.9288430213928223 0.08101057261228561 0.3895606994628906 -0.9203130006790161 0.0355876125395298 -0.7575275301933289 -0.8610290884971619 -0.3502067029476166 0.368760347366333 -2.601146936416626
-0.3269039988517761 -0.17429853975772858 -0.9288454651832581 0.08100622892379761 0.3895852863788605 -0.9203028082847595 0.035582300275564194 -0.7575186491012573 -0.8610209822654724 -0.3502325117588043 0.3687547445297241 -2.6011297702789307
-0.32694047689437866 -0.1742836833000183 -0.928835391998291 0.08102011680603027 0.38956955075263977 -0.920310378074646 0.03555961698293686 -0.7575303912162781 -0.8610142469406128 -0.35022011399269104 0.36878225207328796 -2.601104736328125
-0.3269692361354828 -0.17427875101566315 -0.9288262128829956 0.0810105949640274 0.38955023884773254 -0.9203188419342041 0.03555140644311905 -0.7575075030326843 -0.8610120415687561 -0.35020026564598083 0.36880624294281006 -2.6010806560516357
-0.3269933760166168 -0.17426767945289612 -0.9288197755813599 0.08101574331521988 0.3895357549190521 -0.9203255772590637 0.03553692623972893 -0.7575045228004456 -0.8610094785690308 -0.35018816590309143 0.368823766708374 -2.601073741912842
-0.32684773206710815 -0.17430861294269562 -0.9288633465766907 0.08103381097316742 0.3895237445831299 -0.9203265905380249 0.03564131259918213 -0.7575691342353821 -0.8610702157020569 -0.3501650393009186 0.3687039315700531 -2.601105213165283
-0.32686588168144226 -0.17431244254112244 -0.9288562536239624 0.08103881031274796 0.389535516500473 -0.9203219413757324 0.03563274070620537 -0.7575794458389282 -0.8610579967498779 -0.3501753807067871 0.3687226474285126 -2.6011035442352295
-0.32685813307762146 -0.17434051632881165 -0.9288536906242371 0.08105310052633286 0.3894869089126587 -0.9203405380249023 0.0356844998896122 -0.7575927972793579 -0.861082911491394 -0.35011258721351624 0.3687240779399872 -2.60113525390625
-0.32692793011665344 -0.17428836226463318 -0.9288389086723328 0.08103761076927185 0.3894546329975128 -0.9203567504882812 0.03561852127313614 -0.7575809359550476 -0.861070990562439 -0.3500959277153015 0.3687676787376404 -2.601109743118286
-0.3269455134868622 -0.17434129118919373 -0.9288228154182434 0.0810299962759018 0.3894525170326233 -0.9203558564186096 0.03566479682922363 -0.7575693726539612 -0.8610652685165405 -0.3500719368457794 0.36880379915237427 -2.6011245250701904
-0.3269665837287903 -0.17434434592723846 -0.9288148283958435 0.08103623241186142 0.3894512355327606 -0.9203565716743469 0.03565989062190056 -0.757564902305603 -0.8610578775405884 -0.35006847977638245 0.36882439255714417 -2.601120948791504
-0.3269677758216858 -0.1743016541004181 -0.92882239818573 0.08103561401367188 0.38944485783576965 -0.920360803604126 0.03561984375119209 -0.7575411200523376 -0.8610603213310242 -0.3500785529613495 0.36880913376808167 -2.601152181625366
-0.3270081877708435 -0.1742890626192093 -0.9288105368614197 0.08104261010885239 0.389418363571167 -0.9203726649284363 0.03560241684317589 -0.7575291395187378 -0.861056923866272 -0.350053608417511 0.36884069442749023 -2.601133108139038
-0.327007919549942 -0.17426235973834991 -0.9288156628608704 0.08099246025085449 0.38942578434944153 -0.9203706979751587 0.035572897642850876 -0.7575397491455078 -0.8610537052154541 -0.35007214546203613 0.36883071064949036 -2.6010961532592773
-0.3269719183444977 -0.1742403358221054 -0.928832471370697 0.08100301772356033 0.3894318640232086 -0.920368492603302 0.035562966018915176 -0.7575501203536987 -0.861064612865448 -0.35008886456489563 0.36878934502601624 -2.6010847091674805
-0.32695791125297546 -0.1742306351661682 -0.9288392066955566 0.08100979775190353 0.3894672989845276 -0.9203542470932007 0.035543832927942276 -0.7575533986091614 -0.8610538840293884 -0.35013115406036377 0.3687741756439209 -2.601085662841797
-0.32696905732154846 -0.17415288090705872 -0.9288498759269714 0.08102390915155411 0.38934624195098877 -0.9204066395759583 0.03551413118839264 -0.7575619220733643 -0.861104428768158 -0.35003218054771423 0.3687502145767212 -2.601088523864746
-0.32694876194000244 -0.17416876554489136 -0.9288540482521057 0.08104616403579712 0.38931846618652344 -0.9204170107841492 0.035549942404031754 -0.7575321793556213 -0.8611246943473816 -0.34999701380729675 0.36873626708984375 -2.601133108139038
