# 3x4 first row second row third row Freq: 100 current Time: 2021-07-28-14:06:40
-0.20600199699401855 0.6061638593673706 -0.7681980729103088 0.12224211543798447 0.07434619963169098 -0.7730716466903687 -0.6299464702606201 -0.7215487957000732 -0.9757230877876282 -0.18688292801380157 0.1141885370016098 -2.0678300857543945
-0.20611310005187988 0.6061186194419861 -0.7682039737701416 0.12222738564014435 0.07429555058479309 -0.7731009721755981 -0.6299164295196533 -0.7214996814727783 -0.9757034778594971 -0.18690824508666992 0.11431454122066498 -2.0677716732025146
-0.2061145007610321 0.6061685681343079 -0.7681641578674316 0.12218482792377472 0.07428259402513504 -0.7730622887611389 -0.6299654245376587 -0.7215282320976257 -0.9757041931152344 -0.18690632283687592 0.11431178450584412 -2.067829132080078
-0.20610567927360535 0.6061129570007324 -0.7682104706764221 0.12224722653627396 0.07425617426633835 -0.7731143832206726 -0.6299046277999878 -0.7214677929878235 -0.9757080674171448 -0.18687136471271515 0.11433585733175278 -2.067796468734741
-0.20613448321819305 0.606179416179657 -0.768150269985199 0.12223920971155167 0.07425490766763687 -0.7730555534362793 -0.6299769282341003 -0.7215113639831543 -0.9757020473480225 -0.18689899146556854 0.11434183269739151 -2.0678203105926514
-0.20610623061656952 0.6061006188392639 -0.7682200074195862 0.12229692935943604 0.07426372170448303 -0.7731229066848755 -0.6298931837081909 -0.7214561700820923 -0.9757073521614075 -0.18687587976455688 0.11433438211679459 -2.067756175994873
-0.2061000019311905 0.6061291098594666 -0.7681992650032043 0.12230171263217926 0.07426698505878448 -0.773099958896637 -0.629921019077301 -0.7214998006820679 -0.9757084250450134 -0.18687865138053894 0.11432074010372162 -2.067758560180664
-0.20599547028541565 0.6061062812805176 -0.768245279788971 0.12234111875295639 0.07423093914985657 -0.7731419801712036 -0.6298736929893494 -0.7214844822883606 -0.9757332801818848 -0.18677878379821777 0.11427212506532669 -2.0677590370178223
-0.20598161220550537 0.6061108708381653 -0.7682453989982605 0.12234283238649368 0.07418662309646606 -0.7731488943099976 -0.6298704743385315 -0.721524178981781 -0.9757395386695862 -0.1867353469133377 0.11428935080766678 -2.0677905082702637
-0.20602388679981232 0.606099009513855 -0.7682433724403381 0.1222861185669899 0.07431085407733917 -0.7731281518936157 -0.6298812627792358 -0.721514880657196 -0.9757211804389954 -0.18685948848724365 0.11424335092306137 -2.067817449569702
-0.20599815249443054 0.6060773134231567 -0.7682673931121826 0.12227782607078552 0.07428845018148422 -0.7731543183326721 -0.6298518180847168 -0.7215388417243958 -0.9757283329963684 -0.18682178854942322 0.11424402892589569 -2.067883253097534
-0.20597165822982788 0.6060841083526611 -0.7682691216468811 0.12231873720884323 0.07420656085014343 -0.7731685638427734 -0.6298439502716064 -0.7214978337287903 -0.9757401347160339 -0.1867406964302063 0.11427560448646545 -2.067875385284424
-0.20590095221996307 0.6061524748802185 -0.768234133720398 0.12229815870523453 0.07416149228811264 -0.7731322050094604 -0.6298938989639282 -0.721558690071106 -0.9757584929466248 -0.1866692304611206 0.11423570662736893 -2.0678858757019043
-0.20595312118530273 0.6061520576477051 -0.7682204842567444 0.12231200933456421 0.07410259544849396 -0.7731356024742126 -0.6298965811729431 -0.7215486764907837 -0.9757519364356995 -0.1866563856601715 0.11431246995925903 -2.067837953567505
-0.20598827302455902 0.6061407327651978 -0.7682200074195862 0.12226960062980652 0.07406928390264511 -0.7731457948684692 -0.6298880577087402 -0.721529483795166 -0.9757470488548279 -0.18665115535259247 0.11436277627944946 -2.067835807800293
-0.2059704214334488 0.6061914563179016 -0.7681847810745239 0.12224233895540237 0.07404458522796631 -0.7731117010116577 -0.6299328207969666 -0.7215760946273804 -0.9757527112960815 -0.18662753701210022 0.11435316503047943 -2.0678625106811523
-0.20602957904338837 0.6062338948249817 -0.7681354284286499 0.1222127228975296 0.07408086955547333 -0.77306067943573 -0.6299911737442017 -0.7215100526809692 -0.975737452507019 -0.18670102953910828 0.11436324566602707 -2.067814588546753
-0.20600077509880066 0.6062226295471191 -0.7681519985198975 0.12222431600093842 0.07402266561985016 -0.7730855345726013 -0.629967451095581 -0.7215444445610046 -0.9757479429244995 -0.18663452565670013 0.11438222229480743 -2.067868232727051
-0.2059691846370697 0.6061809062957764 -0.7681934237480164 0.12219620496034622 0.07412141561508179 -0.7731058597564697 -0.6299309134483337 -0.7214956283569336 -0.9757471084594727 -0.18668602406978607 0.11430521309375763 -2.0678164958953857
-0.2059670090675354 0.6062480807304382 -0.768140971660614 0.12220241874456406 0.07406564801931381 -0.7730617523193359 -0.6299915909767151 -0.7215206027030945 -0.9757518172264099 -0.18665042519569397 0.11432328075170517 -2.0678646564483643
-0.20606137812137604 0.6062152981758118 -0.7681415677070618 0.12222931534051895 0.07408570498228073 -0.7730699777603149 -0.629979133605957 -0.721458375453949 -0.9757303595542908 -0.1867227554321289 0.11438819766044617 -2.0678138732910156
-0.20587725937366486 0.6061650514602661 -0.7682305574417114 0.12227998673915863 0.07406291365623474 -0.7731444239616394 -0.6298904418945312 -0.7214797139167786 -0.9757709503173828 -0.18657758831977844 0.11427871882915497 -2.0677802562713623
-0.20585599541664124 0.6061684489250183 -0.768233597278595 0.12226023524999619 0.07409996539354324 -0.7731379270553589 -0.6298940777778625 -0.7215206027030945 -0.9757726192474365 -0.18659363687038422 0.11423823237419128 -2.067808151245117
-0.20589928328990936 0.6061742901802063 -0.7682173848152161 0.12225053459405899 0.07409213483333588 -0.7731278538703918 -0.6299073696136475 -0.7215544581413269 -0.9757640957832336 -0.1866164356470108 0.11427394300699234 -2.067858934402466
-0.20595650374889374 0.6061991453170776 -0.7681824564933777 0.1222199872136116 0.07401521503925323 -0.7731131911277771 -0.6299344301223755 -0.7215451598167419 -0.975757896900177 -0.1865963637828827 0.11435995250940323 -2.06779408454895
-0.20602759718894958 0.6062175631523132 -0.7681488394737244 0.12222950160503387 0.07408224046230316 -0.7730741500854492 -0.6299744844436646 -0.7214920520782471 -0.9757377505302429 -0.18669840693473816 0.1143648698925972 -2.067735195159912
-0.20600314438343048 0.6062178015708923 -0.7681552171707153 0.12222430855035782 0.07398949563503265 -0.7730955481529236 -0.6299591064453125 -0.7215563654899597 -0.9757499694824219 -0.18660905957221985 0.11440657824277878 -2.06773042678833
-0.20595882833003998 0.6062103509902954 -0.7681729793548584 0.12222760915756226 0.07400283962488174 -0.7731059789657593 -0.6299446821212769 -0.7214723229408264 -0.9757583141326904 -0.18658973276615143 0.11436693370342255 -2.067600727081299
-0.20595821738243103 0.6061885356903076 -0.7681903839111328 0.12224666029214859 0.07394538074731827 -0.7731350064277649 -0.6299158334732056 -0.7215100526809692 -0.9757627844810486 -0.18654055893421173 0.11440888792276382 -2.0676229000091553
-0.2058642953634262 0.6061705350875854 -0.7682297229766846 0.12225090712308884 0.07390592247247696 -0.7731720209121704 -0.6298750638961792 -0.7214266061782837 -0.9757856130599976 -0.18644559383392334 0.11436913907527924 -2.0675275325775146
-0.2058727890253067 0.6061739325523376 -0.7682247757911682 0.122242771089077 0.07390182465314865 -0.773168683052063 -0.6298795938491821 -0.7214388251304626 -0.9757841229438782 -0.1864483654499054 0.11437725275754929 -2.0675625801086426
-0.20593127608299255 0.6061776876449585 -0.7682061195373535 0.12224555015563965 0.07395242899656296 -0.7731467485427856 -0.6299005746841431 -0.721422553062439 -0.975767970085144 -0.18652702867984772 0.11438699811697006 -2.0675485134124756
-0.2059018760919571 0.6061872839927673 -0.7682064771652222 0.12221243977546692 0.07388801872730255 -0.7731558084487915 -0.6298970580101013 -0.7214564681053162 -0.9757790565490723 -0.18645831942558289 0.11440446972846985 -2.0675525665283203
-0.2059214860200882 0.6062114834785461 -0.768182098865509 0.12218354642391205 0.07397228479385376 -0.7731167674064636 -0.629935085773468 -0.7214546203613281 -0.975768506526947 -0.18654142320156097 0.11435871571302414 -2.06758975982666
-0.2059403955936432 0.6061720848083496 -0.7682080864906311 0.12220293283462524 0.07390119135379791 -0.7731596827507019 -0.6298907399177551 -0.7214942574501038 -0.9757699370384216 -0.18649151921272278 0.11442819237709045 -2.0676355361938477
-0.20590293407440186 0.6062394380569458 -0.7681649923324585 0.12220874428749084 0.07395254820585251 -0.7731005549430847 -0.6299573183059692 -0.7215054035186768 -0.9757739305496216 -0.1865178942680359 0.11435092985630035 -2.0676660537719727
-0.20600275695323944 0.6062224507331848 -0.7681516408920288 0.12225375324487686 0.07395299524068832 -0.7730987071990967 -0.6299594640731812 -0.7214290499687195 -0.9757528305053711 -0.1865805834531784 0.11442872136831284 -2.0676138401031494
-0.20595067739486694 0.606203019618988 -0.7681809067726135 0.12224605679512024 0.0739598348736763 -0.7731215357780457 -0.6299307346343994 -0.7214431166648865 -0.9757633209228516 -0.18654927611351013 0.11439044773578644 -2.067676305770874
-0.20603959262371063 0.6061786413192749 -0.7681763172149658 0.12228138744831085 0.07392518222332001 -0.7731342315673828 -0.629919171333313 -0.721442699432373 -0.9757471680641174 -0.18657594919204712 0.11448460817337036 -2.067715883255005
-0.20596647262573242 0.6062300205230713 -0.7681553959846497 0.1222582757472992 0.07387690991163254 -0.7731127142906189 -0.6299511790275574 -0.721508264541626 -0.9757662415504456 -0.18649786710739136 0.11444912105798721 -2.067676544189453
-0.20600226521492004 0.6062161326408386 -0.7681567668914795 0.1222485676407814 0.07388775050640106 -0.7731164693832397 -0.6299453973770142 -0.7214691638946533 -0.975757896900177 -0.18652762472629547 0.11447200924158096 -2.0676321983337402
-0.20601727068424225 0.6062191724777222 -0.7681503295898438 0.12222672998905182 0.07387807220220566 -0.773113489151001 -0.6299501657485962 -0.7215078473091125 -0.9757554531097412 -0.18653017282485962 0.1144886389374733 -2.0676419734954834
-0.20604228973388672 0.6062479615211487 -0.7681209444999695 0.12217586487531662 0.07386387139558792 -0.7730886936187744 -0.6299822926521301 -0.7215340733528137 -0.9757512211799622 -0.1865394562482834 0.11450936645269394 -2.067697286605835
-0.20601795613765717 0.6062930226325989 -0.7680918574333191 0.12217427045106888 0.0738905668258667 -0.7730504274368286 -0.63002610206604 -0.7215666770935059 -0.9757543206214905 -0.1865515261888504 0.11446315050125122 -2.067761182785034
-0.2060478925704956 0.6062667369842529 -0.768104612827301 0.12220076471567154 0.07395604252815247 -0.7730547785758972 -0.6300130486488342 -0.7215240597724915 -0.9757430553436279 -0.18661892414093018 0.11444944143295288 -2.0677154064178467
-0.2060401886701584 0.6062654256820679 -0.7681077122688293 0.1221870705485344 0.07399986684322357 -0.7730486989021301 -0.6300153732299805 -0.7215840816497803 -0.9757413864135742 -0.1866484433412552 0.11441575735807419 -2.0677356719970703
-0.20594722032546997 0.6062496304512024 -0.7681450843811035 0.12227558344602585 0.07400485128164291 -0.7730752229690552 -0.6299821734428406 -0.7215328812599182 -0.9757606387138367 -0.18658962845802307 0.11434750258922577 -2.0676679611206055
-0.20588013529777527 0.6062605381011963 -0.7681544423103333 0.12228387594223022 0.07389724254608154 -0.7730973362922668 -0.6299676895141602 -0.7215232253074646 -0.9757829308509827 -0.1864624172449112 0.1143646165728569 -2.067802906036377
-0.2058645635843277 0.6062682271003723 -0.7681525349617004 0.12229587137699127 0.07387284934520721 -0.7730981707572937 -0.6299695372581482 -0.72150719165802 -0.9757880568504333 -0.18643410503864288 0.11436697095632553 -2.0677762031555176
-0.20586150884628296 0.6062934994697571 -0.7681334614753723 0.12227021902799606 0.07388116419315338 -0.7730763554573059 -0.6299953460693359 -0.7215462923049927 -0.9757880568504333 -0.18644246459007263 0.11435320973396301 -2.0678107738494873
-0.20586445927619934 0.6063011884689331 -0.7681266069412231 0.1222875788807869 0.07392110675573349 -0.7730619311332703 -0.630008339881897 -0.7214974164962769 -0.975784420967102 -0.1864771842956543 0.11432774364948273 -2.067749261856079
-0.20593315362930298 0.6063404679298401 -0.7680771350860596 0.12227709591388702 0.07389476150274277 -0.7730239629745483 -0.6300580501556396 -0.7215271592140198 -0.9757719039916992 -0.18650679290294647 0.11438609659671783 -2.0677926540374756
-0.2059027999639511 0.6063570380210876 -0.7680721879005432 0.12225665152072906 0.07392475754022598 -0.7730094194412231 -0.6300723552703857 -0.7215198874473572 -0.9757760763168335 -0.18651330471038818 0.11434023082256317 -2.0678040981292725
-0.20597489178180695 0.6062997579574585 -0.7680980563163757 0.12220346927642822 0.07400093972682953 -0.7730305194854736 -0.6300375461578369 -0.7215226292610168 -0.9757550954818726 -0.18661198019981384 0.1143583357334137 -2.0678021907806396
-0.20597922801971436 0.6062721610069275 -0.7681187391281128 0.12226003408432007 0.07398764044046402 -0.7730550169944763 -0.6300089955329895 -0.7214739322662354 -0.9757551550865173 -0.18660014867782593 0.11437685787677765 -2.067690134048462
-0.20604920387268066 0.6062483191490173 -0.7681187987327576 0.12224788218736649 0.07406012713909149 -0.7730497717857361 -0.6300069689750671 -0.7214131951332092 -0.9757348895072937 -0.1866994947195053 0.11438768357038498 -2.067626953125
-0.2060224562883377 0.606330156326294 -0.7680613398551941 0.12225720286369324 0.07405219972133636 -0.7729883193969727 -0.6300833225250244 -0.7214630246162415 -0.9757411479949951 -0.18668803572654724 0.11435309052467346 -2.067631483078003
-0.2060222029685974 0.6063435077667236 -0.7680508494377136 0.12224920094013214 0.07406757026910782 -0.7729744911193848 -0.6300984621047974 -0.7214827537536621 -0.9757400155067444 -0.18670202791690826 0.11433972418308258 -2.067668914794922
-0.20605769753456116 0.6063240170478821 -0.7680567502975464 0.12225204706192017 0.07411260157823563 -0.772976279258728 -0.6300910115242004 -0.7214568257331848 -0.9757291078567505 -0.1867578625679016 0.11434166878461838 -2.067615032196045
-0.20605230331420898 0.6062549352645874 -0.7681127190589905 0.12226107716560364 0.07413041591644287 -0.7730304002761841 -0.6300224661827087 -0.7214956879615784 -0.9757288694381714 -0.18675817549228668 0.11434298008680344 -2.067633867263794
-0.20600906014442444 0.6063323616981506 -0.7680631875991821 0.12222899496555328 0.07415968924760818 -0.772968053817749 -0.6300955414772034 -0.7215270400047302 -0.9757357835769653 -0.18676480650901794 0.11427322030067444 -2.067688465118408
-0.2060421258211136 0.606327474117279 -0.7680582404136658 0.12218233197927475 0.07424324750900269 -0.7729508876800537 -0.6301067471504211 -0.7215275764465332 -0.9757224917411804 -0.18685175478458405 0.11424494534730911 -2.0676662921905518
-0.20603595674037933 0.6063499450683594 -0.7680420875549316 0.12217453867197037 0.07420329004526138 -0.7729410529136658 -0.6301235556602478 -0.7215741276741028 -0.9757267832756042 -0.1868194341659546 0.11426069587469101 -2.0677084922790527
-0.20600922405719757 0.6063101291656494 -0.7680807113647461 0.12218067049980164 0.0742117390036583 -0.772976279258728 -0.6300792694091797 -0.721517026424408 -0.9757317900657654 -0.18680283427238464 0.11424512416124344 -2.067617416381836
-0.20603656768798828 0.6063118577003479 -0.7680720090866089 0.12217772752046585 0.07419453561306 -0.7729738354682922 -0.6300842761993408 -0.7215421199798584 -0.9757273197174072 -0.18680723011493683 0.11427607387304306 -2.0676980018615723
-0.20602008700370789 0.6063429117202759 -0.7680519223213196 0.12219178676605225 0.07421381771564484 -0.7729472517967224 -0.6301146149635315 -0.7214922308921814 -0.9757293462753296 -0.18681642413139343 0.11424386501312256 -2.067629337310791
-0.20599552989006042 0.606284499168396 -0.768104612827301 0.12219839543104172 0.07420676201581955 -0.7730004191398621 -0.6300503015518188 -0.7215290069580078 -0.975735068321228 -0.18678617477416992 0.11424443125724792 -2.067692518234253
-0.20600876212120056 0.6063087582588196 -0.7680819034576416 0.12218756973743439 0.07425374537706375 -0.7729694247245789 -0.6300827264785767 -0.7214908003807068 -0.9757286906242371 -0.1868356168270111 0.11421800404787064 -2.067645788192749
-0.20594331622123718 0.6062793135643005 -0.768122673034668 0.12225492298603058 0.07423198223114014 -0.7730080485343933 -0.6300379633903503 -0.7214931845664978 -0.9757441878318787 -0.1867714524269104 0.1141907349228859 -2.0676681995391846
-0.2059570699930191 0.6062662601470947 -0.768129289150238 0.12224875390529633 0.07423689216375351 -0.7730156779289246 -0.6300280094146729 -0.721520721912384 -0.975740909576416 -0.1867823451757431 0.11420093476772308 -2.0677220821380615
-0.20587275922298431 0.6062262058258057 -0.7681835293769836 0.12226594239473343 0.07430944591760635 -0.7730478644371033 -0.6299799680709839 -0.7215250730514526 -0.9757531881332397 -0.18677908182144165 0.11410138010978699 -2.0677552223205566
-0.20584751665592194 0.6062610745429993 -0.7681627869606018 0.12225395441055298 0.0742446705698967 -0.7730356454849243 -0.6300025582313538 -0.7215434908866882 -0.9757634401321411 -0.18671654164791107 0.11411603540182114 -2.0678346157073975
-0.20586887001991272 0.6061944365501404 -0.7682096362113953 0.12227310240268707 0.07429613173007965 -0.7730770707130432 -0.629945695400238 -0.72149258852005 -0.9757550358772278 -0.1867612898349762 0.11411482095718384 -2.0677828788757324
-0.20586976408958435 0.6062218546867371 -0.7681877613067627 0.12225241959095001 0.0742497444152832 -0.7730633020401001 -0.629967987537384 -0.7215160727500916 -0.9757583737373352 -0.18672919273376465 0.11413876712322235 -2.0678343772888184
-0.20595614612102509 0.6062583327293396 -0.7681358456611633 0.12224813550710678 0.07424553483724594 -0.7730206847190857 -0.6300208568572998 -0.721454918384552 -0.9757404327392578 -0.186787411570549 0.11419660598039627 -2.0677740573883057
-0.20590908825397491 0.6063162684440613 -0.7681027054786682 0.12223382294178009 0.0742468312382698 -0.772980272769928 -0.6300702691078186 -0.7215144038200378 -0.9757502675056458 -0.18676646053791046 0.11414682120084763 -2.067781448364258
-0.2060474008321762 0.6062409281730652 -0.768125057220459 0.12229877710342407 0.07426280528306961 -0.7730172872543335 -0.6300230026245117 -0.7214536666870117 -0.9757198691368103 -0.18685780465602875 0.11425726115703583 -2.0677690505981445
-0.206022247672081 0.6062720417976379 -0.7681072950363159 0.12226084619760513 0.07429755479097366 -0.7729890942573547 -0.6300534605979919 -0.7215176224708557 -0.9757225513458252 -0.18687361478805542 0.1142086386680603 -2.067739248275757
-0.20605111122131348 0.6062572598457336 -0.7681111693382263 0.12223925441503525 0.07439577579498291 -0.7729778289794922 -0.6300557255744934 -0.721443772315979 -0.9757089614868164 -0.18696799874305725 0.11417017877101898 -2.0676608085632324
-0.20611198246479034 0.6063029766082764 -0.7680587768554688 0.12228108197450638 0.07433826476335526 -0.7729418277740479 -0.6301066875457764 -0.721444845199585 -0.9757004976272583 -0.18696877360343933 0.11424127221107483 -2.0677433013916016
-0.206128790974617 0.6062613129615784 -0.7680871486663818 0.12233606725931168 0.07427980750799179 -0.772984504699707 -0.6300612092018127 -0.7214183211326599 -0.9757013916969299 -0.1869271993637085 0.11430159956216812 -2.0677809715270996
-0.20612722635269165 0.6062414050102234 -0.768103301525116 0.1223110556602478 0.07428872585296631 -0.7729994058609009 -0.6300418972969055 -0.7214542627334595 -0.9757010340690613 -0.18693028390407562 0.11429952830076218 -2.0678048133850098
-0.20611612498760223 0.6063135266304016 -0.7680493593215942 0.12229151278734207 0.07426827400922775 -0.7729458808898926 -0.630109965801239 -0.7214909195899963 -0.9757049083709717 -0.18691758811473846 0.11428695917129517 -2.0678141117095947
-0.2061951905488968 0.6062936186790466 -0.7680438160896301 0.1222376748919487 0.07431455701589584 -0.7729409337043762 -0.6301105618476868 -0.7214323878288269 -0.9756847023963928 -0.18700268864631653 0.11432047188282013 -2.0677196979522705
-0.20620755851268768 0.6062809824943542 -0.768050491809845 0.1222211942076683 0.074330173432827 -0.7729463577270508 -0.6301020383834839 -0.721450686454773 -0.9756808876991272 -0.18702121078968048 0.11432263255119324 -2.067756414413452
-0.20622898638248444 0.6062377691268921 -0.7680788636207581 0.12222155183553696 0.07435517013072968 -0.7729736566543579 -0.6300656199455261 -0.7214257717132568 -0.9756744503974915 -0.1870485097169876 0.1143328845500946 -2.067765951156616
-0.20623628795146942 0.6062459349632263 -0.7680704593658447 0.12220664322376251 0.07439017295837402 -0.7729590535163879 -0.6300793290138245 -0.7214402556419373 -0.9756702780723572 -0.1870822161436081 0.11431369185447693 -2.067805051803589
-0.20626752078533173 0.6061971783638 -0.7681005597114563 0.12227773666381836 0.07428446412086487 -0.7730144262313843 -0.6300238966941833 -0.7214470505714417 -0.9756717085838318 -0.1870114952325821 0.11441695690155029 -2.0678558349609375
-0.20628243684768677 0.6062015891075134 -0.7680930495262146 0.12227531522512436 0.07430402934551239 -0.7730047106742859 -0.630033552646637 -0.7214590907096863 -0.9756670594215393 -0.18703734874725342 0.1144142895936966 -2.0678985118865967
-0.2061721831560135 0.6062286496162415 -0.7681013345718384 0.12226638942956924 0.07435817271471024 -0.7729895114898682 -0.6300458312034607 -0.7214844226837158 -0.975686252117157 -0.18701261281967163 0.11429109424352646 -2.0677287578582764
-0.20615479350090027 0.6062199473381042 -0.76811283826828 0.12226085364818573 0.07437008619308472 -0.7729970812797546 -0.6300351023674011 -0.7215014696121216 -0.9756889939308167 -0.18700946867465973 0.11427263915538788 -2.067770481109619
-0.20623455941677094 0.6062602996826172 -0.7680595517158508 0.12222546339035034 0.0744236558675766 -0.7729411125183105 -0.6300973892211914 -0.7214328050613403 -0.9756680727005005 -0.18710973858833313 0.11428728699684143 -2.0676841735839844
-0.20627912878990173 0.6061924695968628 -0.7681010961532593 0.12225507199764252 0.07445579022169113 -0.7729836106300354 -0.6300415396690369 -0.7214221358299255 -0.9756562113761902 -0.18715408444404602 0.11431605368852615 -2.067701816558838
-0.2063056230545044 0.6061893701553345 -0.7680964469909668 0.12224692106246948 0.07446466386318207 -0.772980272769928 -0.6300445199012756 -0.721430242061615 -0.975649893283844 -0.1871778517961502 0.1143307089805603 -2.0677475929260254
-0.20613843202590942 0.6062473654747009 -0.7680956125259399 0.12230779975652695 0.07443080097436905 -0.7729655504226685 -0.6300666332244873 -0.7214327454566956 -0.9756878614425659 -0.18705101311206818 0.11421464383602142 -2.067641019821167
-0.2060561627149582 0.6062741279602051 -0.7680965065956116 0.12230730056762695 0.07449041306972504 -0.7729450464248657 -0.6300846934318542 -0.7214731574058533 -0.9757006764411926 -0.1870487481355667 0.11410869657993317 -2.067626714706421
-0.20610620081424713 0.6062453389167786 -0.7681058645248413 0.1223084107041359 0.07447849959135056 -0.7729631066322327 -0.6300639510154724 -0.7214581370353699 -0.975691020488739 -0.18706755340099335 0.1141604632139206 -2.0676045417785645
-0.20607446134090424 0.6062354445457458 -0.768122136592865 0.12230303138494492 0.0744522213935852 -0.7729812264442444 -0.6300448179244995 -0.7214776873588562 -0.9756997227668762 -0.18702463805675507 0.1141563430428505 -2.067636728286743
-0.20613127946853638 0.6062494516372681 -0.768095850944519 0.12229928374290466 0.0743953287601471 -0.7729717493057251 -0.6300632357597351 -0.721449613571167 -0.9756920337677002 -0.18701857328414917 0.11423174291849136 -2.067622184753418
-0.2061159759759903 0.6063172817230225 -0.7680464386940002 0.12227464467287064 0.07438270002603531 -0.7729209065437317 -0.6301270127296448 -0.7214586138725281 -0.9756962656974792 -0.18700869381427765 0.1142120510339737 -2.067655086517334
-0.20619262754917145 0.6062379479408264 -0.7680884599685669 0.12235077470541 0.07440969347953796 -0.7729687690734863 -0.6300651431083679 -0.7214563488960266 -0.9756779670715332 -0.18706810474395752 0.11427070945501328 -2.067676067352295
-0.20618467032909393 0.6062833070755005 -0.7680547833442688 0.122344009578228 0.07433736324310303 -0.7729466557502747 -0.6301007866859436 -0.7214889526367188 -0.975685179233551 -0.18701238930225372 0.11430047452449799 -2.0676677227020264
-0.2061348408460617 0.6062768697738647 -0.7680732607841492 0.12233137339353561 0.07442506402730942 -0.7729429602622986 -0.6300950050354004 -0.7214959263801575 -0.9756890535354614 -0.1870485097169876 0.11420849710702896 -2.067683696746826
-0.20613230764865875 0.6062976717948914 -0.7680575251579285 0.12233489006757736 0.07433708012104034 -0.7729431986808777 -0.6301050782203674 -0.7215408086776733 -0.9756962656974792 -0.1869802474975586 0.11425837874412537 -2.067683458328247
-0.20612861216068268 0.6062466502189636 -0.768098771572113 0.12228545546531677 0.07440748065710068 -0.7729721069335938 -0.6300613284111023 -0.7215210199356079 -0.9756916761398315 -0.18702605366706848 0.11422259360551834 -2.0676302909851074
-0.2060692012310028 0.6063238382339478 -0.7680537700653076 0.12227417528629303 0.07438457012176514 -0.7729225158691406 -0.6301248669624329 -0.7215453386306763 -0.9757059812545776 -0.18698075413703918 0.11417460441589355 -2.0676867961883545
-0.20610499382019043 0.6063149571418762 -0.7680512070655823 0.12225333601236343 0.07436292618513107 -0.7729283571243286 -0.6301202774047852 -0.7215567231178284 -0.9757000803947449 -0.1869855523109436 0.11421725153923035 -2.067702531814575
-0.20611891150474548 0.606346607208252 -0.7680224776268005 0.12223189324140549 0.0743107795715332 -0.7729101181030273 -0.6301487684249878 -0.7215892672538757 -0.975701093673706 -0.18695801496505737 0.11425352841615677 -2.067746162414551
-0.2061903476715088 0.6063249707221985 -0.7680203914642334 0.12219110876321793 0.07435986399650574 -0.7729072570800781 -0.6301464438438416 -0.7215465903282166 -0.975682258605957 -0.18704010546207428 0.11428000777959824 -2.06770396232605
-0.20619219541549683 0.6062895059585571 -0.7680479288101196 0.12221860140562057 0.0743677094578743 -0.77293461561203 -0.6301120519638062 -0.7214585542678833 -0.9756813049316406 -0.187042236328125 0.1142849400639534 -2.06760573387146
-0.20615549385547638 0.6062749028205872 -0.7680692672729492 0.12223566323518753 0.07429396361112595 -0.7729665040969849 -0.6300816535949707 -0.7214981913566589 -0.9756946563720703 -0.18695779144763947 0.11430894583463669 -2.0676374435424805
-0.20624889433383942 0.6062642931938171 -0.7680525779724121 0.1222139298915863 0.07431346923112869 -0.7729567289352417 -0.6300912499427795 -0.72145015001297 -0.9756734371185303 -0.18703235685825348 0.11436808854341507 -2.0675668716430664
-0.20616701245307922 0.6062195897102356 -0.7681097984313965 0.12223205715417862 0.07422532141208649 -0.7730231881141663 -0.6300202012062073 -0.7214837670326233 -0.9756974577903748 -0.18690265715122223 0.11437524855136871 -2.0676052570343018
-0.20627203583717346 0.6062292456626892 -0.7680740356445312 0.12226825207471848 0.07427319139242172 -0.7729895710945129 -0.6300557255744934 -0.7214226722717285 -0.9756715893745422 -0.1870102733373642 0.11441978067159653 -2.0675435066223145
-0.20618543028831482 0.6062834858894348 -0.7680544257164001 0.12224479019641876 0.0742698609828949 -0.7729593515396118 -0.6300932168960571 -0.7214704155921936 -0.9756901860237122 -0.1869594156742096 0.11434457451105118 -2.067518711090088
-0.20626437664031982 0.6062578558921814 -0.7680534720420837 0.12226933985948563 0.07430464774370193 -0.7729613184928894 -0.6300867199897766 -0.7215181589126587 -0.9756708145141602 -0.187034472823143 0.11438682675361633 -2.0674753189086914
-0.20621970295906067 0.6062819361686707 -0.768046498298645 0.1222400814294815 0.07418288290500641 -0.7729718685150146 -0.6300880908966064 -0.7215058207511902 -0.9756895303726196 -0.18691256642341614 0.11442650854587555 -2.0674853324890137
-0.2062283754348755 0.606296718120575 -0.7680324912071228 0.12220990657806396 0.07415470480918884 -0.7729637622833252 -0.6301013231277466 -0.7214515805244446 -0.9756898283958435 -0.18689808249473572 0.11444751918315887 -2.0673999786376953
-0.20615710318088531 0.6063458323478699 -0.7680128812789917 0.1222338080406189 0.07419059425592422 -0.7729278206825256 -0.6301411986351013 -0.7214796543121338 -0.975702166557312 -0.18688750267028809 0.11435962468385696 -2.0674655437469482
-0.2061259150505066 0.6063649654388428 -0.7680060863494873 0.12222573161125183 0.07417871803045273 -0.7729192972183228 -0.6301531195640564 -0.7214657068252563 -0.9757096767425537 -0.18686068058013916 0.11433953791856766 -2.067655563354492
-0.2061207890510559 0.6063448190689087 -0.7680233716964722 0.12219872325658798 0.07418946921825409 -0.7729345560073853 -0.6301330924034119 -0.7214893102645874 -0.9757099151611328 -0.18686285614967346 0.11433369666337967 -2.067704677581787
-0.20616871118545532 0.6063645482063293 -0.7679949402809143 0.12220517545938492 0.07412828505039215 -0.7729225754737854 -0.6301549673080444 -0.7214937210083008 -0.9757044911384583 -0.1868484765291214 0.11440391093492508 -2.06767201423645
-0.20620188117027283 0.6064115762710571 -0.7679489254951477 0.12222692370414734 0.07421592622995377 -0.7728619575500488 -0.6302189826965332 -0.7214502096176147 -0.9756907820701599 -0.18694646656513214 0.11436040699481964 -2.067647933959961
-0.2061559408903122 0.6064305901527405 -0.767946183681488 0.1222463995218277 0.07421361654996872 -0.7728540301322937 -0.6302289962768555 -0.7214539647102356 -0.9757006764411926 -0.18691761791706085 0.11432325839996338 -2.067749261856079
-0.20617561042308807 0.6064263582229614 -0.7679442763328552 0.12228165566921234 0.07417675107717514 -0.7728614807128906 -0.6302242279052734 -0.7213964462280273 -0.9756993055343628 -0.1869005560874939 0.1143626719713211 -2.0676817893981934
-0.20610345900058746 0.6064377427101135 -0.7679547071456909 0.12227185815572739 0.07421863079071045 -0.7728554606437683 -0.6302266716957092 -0.7214738130569458 -0.9757114052772522 -0.18688851594924927 0.11427942663431168 -2.0676376819610596
-0.2062259018421173 0.6064215898513794 -0.7679345607757568 0.12229447811841965 0.07418858259916306 -0.7728552222251892 -0.6302304863929749 -0.7214715480804443 -0.9756878018379211 -0.18694192171096802 0.11439342796802521 -2.067657947540283
-0.206192746758461 0.6064087152481079 -0.767953634262085 0.12233832478523254 0.0741189569234848 -0.7728843688964844 -0.6302029490470886 -0.7215251922607422 -0.9757000803947449 -0.18686328828334808 0.11441698670387268 -2.0676815509796143
-0.20622625946998596 0.6064187288284302 -0.7679367065429688 0.12228299677371979 0.07413735240697861 -0.7728673219680786 -0.6302216649055481 -0.7214778065681458 -0.9756916165351868 -0.18690113723278046 0.11442747712135315 -2.067626953125
-0.20614464581012726 0.6064213514328003 -0.767956554889679 0.12226995080709457 0.07408595830202103 -0.7728878259658813 -0.63020259141922 -0.7214949131011963 -0.975712776184082 -0.1868077665567398 0.11439958959817886 -2.067692995071411
-0.20622867345809937 0.6063536405563354 -0.7679874300956726 0.12219328433275223 0.07403723150491714 -0.7729395627975464 -0.6301448941230774 -0.7215409874916077 -0.975698709487915 -0.18681369721889496 0.11450976133346558 -2.067781448364258
-0.20605234801769257 0.6063889265060425 -0.7680069208145142 0.12220320850610733 0.07407374680042267 -0.7729312777519226 -0.6301507353782654 -0.7215511202812195 -0.9757331609725952 -0.18673327565193176 0.11434702575206757 -2.0677781105041504
-0.2060844600200653 0.6064081788063049 -0.767983078956604 0.12225968390703201 0.07399724423885345 -0.772925078868866 -0.6301673054695129 -0.7215169668197632 -0.9757322072982788 -0.18669641017913818 0.11441553384065628 -2.0677480697631836
-0.20603333413600922 0.6063606142997742 -0.7680343985557556 0.12228640913963318 0.07394863665103912 -0.7729814648628235 -0.6301038861274719 -0.7214959263801575 -0.9757466912269592 -0.18661758303642273 0.11442063003778458 -2.067784070968628
-0.2061273455619812 0.6063724756240845 -0.7679997682571411 0.1222662627696991 0.07396703958511353 -0.772953450679779 -0.6301360726356506 -0.7214575409889221 -0.9757254719734192 -0.18669503927230835 0.11447547376155853 -2.067746162414551
-0.20609968900680542 0.6063874363899231 -0.7679954171180725 0.12222255021333694 0.07406367361545563 -0.7729269862174988 -0.6301571726799011 -0.7214982509613037 -0.9757239818572998 -0.18675585091114044 0.11438895761966705 -2.0677027702331543
-0.20605558156967163 0.6064323782920837 -0.7679717540740967 0.12219077348709106 0.07405859977006912 -0.7728980183601379 -0.630193293094635 -0.7215158939361572 -0.9757336378097534 -0.18672984838485718 0.1143486350774765 -2.067755699157715
-0.20619094371795654 0.6063880920410156 -0.7679703831672668 0.1222255751490593 0.07407938688993454 -0.7729091048240662 -0.6301772594451904 -0.7214494347572327 -0.9757034778594971 -0.18682770431041718 0.11444622278213501 -2.0676698684692383
-0.2061772346496582 0.6063825488090515 -0.7679784297943115 0.12221545726060867 0.07406266033649445 -0.7729190587997437 -0.6301670670509338 -0.7214717864990234 -0.9757076501846313 -0.18680471181869507 0.11444821953773499 -2.067699909210205
-0.20608894526958466 0.6062957644462585 -0.7680706977844238 0.12227911502122879 0.07404856383800507 -0.773006796836853 -0.6300610303878784 -0.7214537858963013 -0.975727379322052 -0.1867232322692871 0.11441303789615631 -2.0676584243774414
-0.20603902637958527 0.6063632965087891 -0.7680307030677795 0.12226248532533646 0.07406674325466156 -0.7729557156562805 -0.6301215291023254 -0.7214969992637634 -0.9757365584373474 -0.1867152452468872 0.1143479123711586 -2.067674160003662
-0.20606639981269836 0.6063768267631531 -0.7680127024650574 0.12229584902524948 0.07409961521625519 -0.7729340195655823 -0.6301442980766296 -0.7214922904968262 -0.9757282733917236 -0.18676109611988068 0.11434366554021835 -2.0676827430725098
-0.20604167878627777 0.6064488291740417 -0.7679624557495117 0.1222902238368988 0.07410842925310135 -0.7728771567344666 -0.6302130222320557 -0.7215168476104736 -0.9757328033447266 -0.186762735247612 0.11430215835571289 -2.067735195159912
-0.20611771941184998 0.6064074635505676 -0.7679747343063354 0.12226932495832443 0.07410863786935806 -0.7728991508483887 -0.6301860809326172 -0.7215183973312378 -0.9757167100906372 -0.18680615723133087 0.11436840146780014 -2.067730188369751
-0.2060592770576477 0.606480598449707 -0.7679327130317688 0.12228024750947952 0.07402504980564117 -0.7728643417358398 -0.6302385926246643 -0.7214950323104858 -0.9757354259490967 -0.186712846159935 0.11436132341623306 -2.0676841735839844
-0.20608672499656677 0.6065147519111633 -0.7678983211517334 0.12229090183973312 0.07396809011697769 -0.7728428840637207 -0.6302716135978699 -0.7215083241462708 -0.9757339358329773 -0.18669065833091736 0.11441013216972351 -2.067739248275757
-0.2060757875442505 0.6065227389335632 -0.7678949236869812 0.12225830554962158 0.07404537498950958 -0.7728232145309448 -0.6302865743637085 -0.7215257883071899 -0.9757304191589355 -0.18674595654010773 0.11435016244649887 -2.0677437782287598
-0.2059587836265564 0.6065705418586731 -0.767888605594635 0.12228511273860931 0.07404441386461258 -0.7728025317192078 -0.6303120255470276 -0.7215290665626526 -0.9757551550865173 -0.1866762489080429 0.11425253748893738 -2.0677411556243896
-0.20600873231887817 0.6066112518310547 -0.7678430676460266 0.12226733565330505 0.07411792874336243 -0.7727472186088562 -0.6303712129592896 -0.7215104103088379 -0.975739061832428 -0.18677300214767456 0.1142321228981018 -2.067706346511841
-0.2059975564479828 0.6066007614135742 -0.7678543329238892 0.12225934863090515 0.07404600828886032 -0.7727713584899902 -0.6303501129150391 -0.7214938998222351 -0.9757468700408936 -0.18670722842216492 0.11427285522222519 -2.0678179264068604
-0.20597031712532043 0.6065728664398193 -0.7678836584091187 0.12223180383443832 0.07412336021661758 -0.7727836966514587 -0.6303258538246155 -0.7214488983154297 -0.975746750831604 -0.18674662709236145 0.11420951038599014 -2.0677428245544434
-0.20593394339084625 0.6065848469734192 -0.7678839564323425 0.12221910804510117 0.0741397812962532 -0.7727764844894409 -0.6303328275680542 -0.7214945554733276 -0.9757531881332397 -0.18673774600028992 0.11416905373334885 -2.0677475929260254
-0.20596767961978912 0.6065188050270081 -0.7679271101951599 0.12224788963794708 0.07418452948331833 -0.7728168368339539 -0.6302780508995056 -0.7214605808258057 -0.9757426381111145 -0.18678531050682068 0.11418119072914124 -2.0676982402801514
-0.20591333508491516 0.6065026521682739 -0.767954409122467 0.12226901203393936 0.07415471971035004 -0.7728443145751953 -0.6302478909492493 -0.7214847803115845 -0.9757564067840576 -0.1867239624261856 0.11416412889957428 -2.0677521228790283
-0.20605400204658508 0.6064304113388062 -0.7679737210273743 0.12230231612920761 0.07413840293884277 -0.7728846073150635 -0.6302003860473633 -0.7214852571487427 -0.975727915763855 -0.18679174780845642 0.11429640650749207 -2.0677855014801025
-0.20595009624958038 0.6064245700836182 -0.7680062055587769 0.12231741845607758 0.07407417893409729 -0.7729180455207825 -0.6301669478416443 -0.7215011715888977 -0.9757547378540039 -0.18667246401309967 0.11426235735416412 -2.0678532123565674
-0.2059699296951294 0.606350839138031 -0.7680590748786926 0.12231383472681046 0.07409247756004333 -0.7729718685150146 -0.6300987005233765 -0.7214371562004089 -0.9757491946220398 -0.1866888850927353 0.11428315192461014 -2.0677647590637207
-0.20602096617221832 0.6063994765281677 -0.7680069804191589 0.12229879200458527 0.074142225086689 -0.7729144096374512 -0.630163311958313 -0.7214484810829163 -0.9757345914840698 -0.18676869571208954 0.11427699029445648 -2.0676920413970947
-0.20598241686820984 0.6063796877861023 -0.768032968044281 0.12230325490236282 0.07405292987823486 -0.7729538083076477 -0.6301255226135254 -0.7214428186416626 -0.9757495522499084 -0.1866699606180191 0.11431092023849487 -2.0677878856658936
-0.2059946209192276 0.6063874363899231 -0.7680235505104065 0.1223130151629448 0.07410521805286407 -0.7729355096817017 -0.6301417946815491 -0.721402108669281 -0.9757429957389832 -0.18672046065330505 0.11428429931402206 -2.0677454471588135
-0.20594796538352966 0.606416642665863 -0.768013060092926 0.12227984517812729 0.07413352280855179 -0.7729135155677795 -0.6301654577255249 -0.7214651107788086 -0.9757506847381592 -0.18671689927577972 0.1142243817448616 -2.0676982402801514
-0.20604506134986877 0.6064055562019348 -0.7679957747459412 0.1222655400633812 0.07416260242462158 -0.7729017734527588 -0.6301764249801636 -0.721442699432373 -0.9757279753684998 -0.18680140376091003 0.11428020149469376 -2.0676791667938232
-0.20607589185237885 0.6064921617507935 -0.76791912317276 0.12229233235120773 0.07408343255519867 -0.7728410363197327 -0.6302602887153625 -0.7214615941047668 -0.9757274985313416 -0.18677161633968353 0.11433310061693192 -2.067720890045166
-0.2061305046081543 0.6064090132713318 -0.767970085144043 0.12224738299846649 0.07425136864185333 -0.7728685140609741 -0.630206823348999 -0.7213829159736633 -0.9757031798362732 -0.18692776560783386 0.11428529024124146 -2.0676071643829346
-0.2061094045639038 0.6064087748527527 -0.7679759860038757 0.12223616242408752 0.07426030933856964 -0.7728703022003174 -0.6302035450935364 -0.7213910818099976 -0.975706934928894 -0.18692108988761902 0.11426395922899246 -2.0676190853118896
-0.2061634659767151 0.6063675284385681 -0.7679940462112427 0.12226039171218872 0.07429452985525131 -0.7728891372680664 -0.6301764249801636 -0.7214351892471313 -0.9756929278373718 -0.18697719275951385 0.11429192870855331 -2.0676627159118652
-0.20613358914852142 0.6063594818115234 -0.7680084109306335 0.12223450839519501 0.07424578815698624 -0.7729097604751587 -0.6301568746566772 -0.721449077129364 -0.9757029414176941 -0.1869179755449295 0.11430324614048004 -2.067694902420044
