# 3x4 first row second row third row Freq: 100 current Time: 2021-07-28-14:05:59
-0.2372356802225113 0.6921685338020325 -0.6816316246986389 -0.09227881580591202 0.04510553926229477 -0.6930574178695679 -0.7194696664810181 -0.6471248269081116 -0.9704042673110962 -0.2014293223619461 0.13319751620292664 -2.431495428085327
-0.23721462488174438 0.6921727061271667 -0.6816347241401672 -0.09230092912912369 0.04505382850766182 -0.6930683851242065 -0.7194623351097107 -0.6471152305603027 -0.9704118371009827 -0.20137733221054077 0.13322113454341888 -2.4315104484558105
-0.23722168803215027 0.6921772956848145 -0.681627631187439 -0.09230317175388336 0.04505316913127899 -0.6930621266365051 -0.7194684147834778 -0.6471104025840759 -0.9704101085662842 -0.2013830989599228 0.13322480022907257 -2.431490898132324
-0.23732364177703857 0.6921365857124329 -0.681633472442627 -0.09229812771081924 0.045018620789051056 -0.6930899620056152 -0.7194437384605408 -0.6471560597419739 -0.970386803150177 -0.20142731070518494 0.13332781195640564 -2.4315197467803955
-0.237306609749794 0.6921445727348328 -0.6816312670707703 -0.09229601919651031 0.044992007315158844 -0.6930907368659973 -0.7194446325302124 -0.6471531391143799 -0.9703922271728516 -0.20139701664447784 0.13333426415920258 -2.431499719619751
-0.23734928667545319 0.692116379737854 -0.6816450953483582 -0.09227586537599564 0.0449204184114933 -0.6931260228157043 -0.7194151282310486 -0.6471213102340698 -0.9703850746154785 -0.20137253403663635 0.13342303037643433 -2.4315671920776367
-0.23736727237701416 0.692121148109436 -0.6816339492797852 -0.09227345138788223 0.044942937791347504 -0.6931123733520508 -0.7194268703460693 -0.6471177339553833 -0.970379650592804 -0.20140312612056732 0.13341644406318665 -2.4315602779388428
-0.23739445209503174 0.692100465297699 -0.6816454529762268 -0.09229637682437897 0.04493303596973419 -0.6931302547454834 -0.719410240650177 -0.6471707820892334 -0.9703734517097473 -0.20141249895095825 0.1334473192691803 -2.431591272354126
-0.2373010367155075 0.692091166973114 -0.6816874742507935 -0.09232041239738464 0.04493270814418793 -0.6931606531143188 -0.7193809747695923 -0.6471441984176636 -0.9703963398933411 -0.20134001970291138 0.1333904266357422 -2.4316117763519287
-0.23731662333011627 0.692089855670929 -0.681683361530304 -0.09233422577381134 0.04493699222803116 -0.6931576728820801 -0.7193835377693176 -0.6471449136734009 -0.9703922867774963 -0.20135457813739777 0.13339762389659882 -2.431612968444824
-0.23729847371578217 0.6921088695526123 -0.6816703677177429 -0.09233031421899796 0.04488930478692055 -0.6931515336036682 -0.7193924784660339 -0.6471452713012695 -0.9703989624977112 -0.20131054520606995 0.13341572880744934 -2.4316163063049316
-0.2372913509607315 0.6921362280845642 -0.6816450953483582 -0.09231261163949966 0.04487205669283867 -0.6931278109550476 -0.7194164395332336 -0.6471696496009827 -0.9704014658927917 -0.20129820704460144 0.13341587781906128 -2.4316842555999756
-0.23728454113006592 0.6921835541725159 -0.6815993785858154 -0.0923047885298729 0.04486589878797531 -0.6930805444717407 -0.7194623351097107 -0.6471560001373291 -0.9704034328460693 -0.20129795372486115 0.13340207934379578 -2.4316601753234863
-0.2372959405183792 0.6921764612197876 -0.6816025972366333 -0.09230822324752808 0.04488525539636612 -0.6930815577507019 -0.7194601893424988 -0.6471524238586426 -0.9703997373580933 -0.20131897926330566 0.13339713215827942 -2.4316556453704834
-0.23727288842201233 0.6921923160552979 -0.6815945506095886 -0.09229015558958054 0.04491673782467842 -0.6930633783340454 -0.7194757461547852 -0.6471571326255798 -0.9704039692878723 -0.20132717490196228 0.1333543360233307 -2.431680917739868
-0.23731376230716705 0.6921988725662231 -0.6815736293792725 -0.09228862822055817 0.044922418892383575 -0.6930462718009949 -0.7194917798042297 -0.6471539735794067 -0.9703936576843262 -0.20136334002017975 0.1333743929862976 -2.431670665740967
-0.23728355765342712 0.692191481590271 -0.6815916299819946 -0.09228085726499557 0.04502753168344498 -0.6930388808250427 -0.7194923758506775 -0.647140383720398 -0.9703962206840515 -0.20141419768333435 0.13327927887439728 -2.4315710067749023
-0.23732951283454895 0.6921898722648621 -0.6815772652626038 -0.0922754555940628 0.04502801224589348 -0.6930304169654846 -0.7195004820823669 -0.6471251249313354 -0.970384955406189 -0.20144887268543243 0.13330884277820587 -2.431551218032837
-0.2373625934123993 0.6921399235725403 -0.6816165447235107 -0.09225454181432724 0.04507403075695038 -0.6930663585662842 -0.7194629907608032 -0.6470988988876343 -0.9703747034072876 -0.2014968991279602 0.1333107203245163 -2.4314980506896973
-0.23736663162708282 0.6921661496162415 -0.6815884709358215 -0.09224899858236313 0.045065365731716156 -0.69303959608078 -0.719489336013794 -0.647087574005127 -0.9703741073608398 -0.201498880982399 0.13331197202205658 -2.431471824645996
-0.23734131455421448 0.6921864748001099 -0.681576669216156 -0.09223815053701401 0.045170072466135025 -0.693001925945282 -0.7195190191268921 -0.6471054553985596 -0.9703754186630249 -0.20155854523181915 0.13321208953857422 -2.431442975997925
-0.23734420537948608 0.6921707391738892 -0.6815916299819946 -0.09222771972417831 0.04514448344707489 -0.6930232644081116 -0.7195001244544983 -0.647091269493103 -0.9703759551048279 -0.20153938233852386 0.1332375705242157 -2.431410551071167
-0.23737284541130066 0.6921107769012451 -0.6816425323486328 -0.09221820533275604 0.0451454296708107 -0.6930800676345825 -0.7194452881813049 -0.6471372246742249 -0.9703688621520996 -0.20154991745948792 0.1332729607820511 -2.4314656257629395
-0.23735424876213074 0.692154049873352 -0.6816051006317139 -0.09223689138889313 0.04511897638440132 -0.6930439472198486 -0.7194817662239075 -0.6470915675163269 -0.9703746438026428 -0.2015254646539688 0.1332678496837616 -2.4314157962799072
-0.23744124174118042 0.6921966075897217 -0.681531548500061 -0.09225956350564957 0.04496104270219803 -0.6930127739906311 -0.719521701335907 -0.647158145904541 -0.9703606963157654 -0.20148658752441406 0.13342814147472382 -2.4315011501312256
-0.23747791349887848 0.6922067403793335 -0.681508481502533 -0.09228114038705826 0.04500047117471695 -0.6929857730865479 -0.7195451855659485 -0.6471209526062012 -0.970349907875061 -0.201544389128685 0.13341940939426422 -2.431476593017578
-0.2374132126569748 0.6922741532325745 -0.6814625263214111 -0.09230178594589233 0.04492049291729927 -0.6929454207420349 -0.7195890545845032 -0.6471731066703796 -0.9703694581985474 -0.20145168900489807 0.1334173083305359 -2.4315695762634277
-0.23740598559379578 0.6922662258148193 -0.6814731359481812 -0.09230937063694 0.044953517615795135 -0.692948579788208 -0.7195839881896973 -0.6471739411354065 -0.9703696966171265 -0.20146825909614563 0.13339054584503174 -2.4315595626831055
-0.23741666972637177 0.6922728419303894 -0.6814627051353455 -0.09230433404445648 0.04490594565868378 -0.6929490566253662 -0.7195864319801331 -0.6471550464630127 -0.970369279384613 -0.2014436423778534 0.13343071937561035 -2.4316346645355225
-0.23737549781799316 0.6922160983085632 -0.6815346479415894 -0.09226755052804947 0.0449967086315155 -0.6929991245269775 -0.7195325493812561 -0.6471080183982849 -0.970375120639801 -0.20146632194519043 0.13335378468036652 -2.4315569400787354
-0.23739638924598694 0.6922103762626648 -0.6815332174301147 -0.09227027744054794 0.045002538710832596 -0.6929994225502014 -0.7195319533348083 -0.6470926403999329 -0.9703697562217712 -0.20148509740829468 0.13336454331874847 -2.4315388202667236
-0.23744434118270874 0.692206621170044 -0.6815202832221985 -0.09225014597177505 0.04501964896917343 -0.6929893493652344 -0.7195405960083008 -0.6470955014228821 -0.9703572392463684 -0.2015327513217926 0.13338370621204376 -2.4315381050109863
-0.2374195009469986 0.6921462416648865 -0.6815902590751648 -0.0922807902097702 0.0449671745300293 -0.6930693984031677 -0.7194668054580688 -0.6471300721168518 -0.9703657627105713 -0.2014647275209427 0.1334245353937149 -2.43158221244812
-0.23743528127670288 0.6920932531356812 -0.6816385984420776 -0.09226767718791962 0.04496728628873825 -0.6931218504905701 -0.7194162011146545 -0.6471232771873474 -0.9703618884086609 -0.20146632194519043 0.13345025479793549 -2.4315268993377686
-0.23742707073688507 0.6921157240867615 -0.6816186308860779 -0.0922665074467659 0.044967807829380035 -0.6930997967720032 -0.7194374203681946 -0.6471188068389893 -0.9703638553619385 -0.2014649212360382 0.13343794643878937 -2.4315149784088135
-0.23729994893074036 0.6921133995056152 -0.6816652417182922 -0.09230098128318787 0.04504287242889404 -0.6931145787239075 -0.7194185256958008 -0.6471161842346191 -0.9703914523124695 -0.20142224431037903 0.1333014816045761 -2.43151593208313
-0.2372862994670868 0.6921423077583313 -0.6816406846046448 -0.09230517596006393 0.045025184750556946 -0.6930907368659973 -0.71944260597229 -0.6471064686775208 -0.9703956246376038 -0.20140495896339417 0.13329730927944183 -2.4314985275268555
-0.23738081753253937 0.6920841336250305 -0.6816667914390564 -0.09231814742088318 0.04499920830130577 -0.6931368112564087 -0.7193998098373413 -0.6471520066261292 -0.9703737497329712 -0.2014462798833847 0.13339434564113617 -2.431535243988037
-0.2373606413602829 0.6920844316482544 -0.681673526763916 -0.0923224687576294 0.045006800442934036 -0.6931393146514893 -0.7193969488143921 -0.6471438407897949 -0.9703782796859741 -0.20143654942512512 0.13337570428848267 -2.4315290451049805
-0.2373586744070053 0.6920738220214844 -0.6816849708557129 -0.09231670200824738 0.04504281282424927 -0.6931434869766235 -0.7193906903266907 -0.6471637487411499 -0.9703770875930786 -0.20145872235298157 0.13335087895393372 -2.4315268993377686
-0.23736964166164398 0.6920763254165649 -0.6816786527633667 -0.0923243910074234 0.045049674808979034 -0.693136990070343 -0.7193964719772339 -0.6471637487411499 -0.9703741073608398 -0.20147238671779633 0.13335208594799042 -2.431523561477661
-0.23727424442768097 0.6920498013496399 -0.6817387938499451 -0.092317134141922 0.04511326178908348 -0.6931726932525635 -0.7193580865859985 -0.6471538543701172 -0.970394492149353 -0.201440691947937 0.1332516074180603 -2.431534767150879
-0.23721715807914734 0.6921365857124329 -0.6816704869270325 -0.09231845289468765 0.045037802308797836 -0.6931092143058777 -0.7194239497184753 -0.647157609462738 -0.9704119563102722 -0.20136074721813202 0.1332453042268753 -2.431548833847046
-0.2372337132692337 0.6921747326850891 -0.6816260814666748 -0.09234094619750977 0.04505161568522453 -0.6930625438690186 -0.7194680571556091 -0.6471640467643738 -0.970407247543335 -0.20139053463935852 0.1332344263792038 -2.431565523147583
-0.23723609745502472 0.6921482086181641 -0.6816521286964417 -0.09231026470661163 0.04505462199449539 -0.6930893659591675 -0.7194420099258423 -0.6471787095069885 -0.9704065322875977 -0.20138929784297943 0.13324154913425446 -2.4316017627716064
-0.2372399866580963 0.6922407150268555 -0.6815568804740906 -0.09231151640415192 0.04512758553028107 -0.6929757595062256 -0.719546914100647 -0.6471545696258545 -0.970402181148529 -0.20146241784095764 0.13316261768341064 -2.4315149784088135
-0.23723535239696503 0.692250669002533 -0.6815482974052429 -0.0923035517334938 0.04513021558523178 -0.6929656267166138 -0.7195565104484558 -0.6471487879753113 -0.9704031944274902 -0.2014627605676651 0.1331547349691391 -2.431504487991333
-0.23716455698013306 0.6922019720077515 -0.6816224455833435 -0.0923006534576416 0.045160070061683655 -0.6930263638496399 -0.7194960713386536 -0.6471577286720276 -0.9704191088676453 -0.20142118632793427 0.13310161232948303 -2.431530475616455
-0.23719635605812073 0.6921822428703308 -0.6816314458847046 -0.09226521104574203 0.045199982821941376 -0.6930319666862488 -0.7194882035255432 -0.6471810936927795 -0.9704095125198364 -0.2014698088169098 0.13309824466705322 -2.431555986404419
-0.23722970485687256 0.6921148300170898 -0.6816882491111755 -0.0922335833311081 0.04522915557026863 -0.6930897235870361 -0.7194307446479797 -0.6471615433692932 -0.9703999757766724 -0.20150262117385864 0.1331179291009903 -2.431560516357422
-0.2372572422027588 0.6921002864837646 -0.681693434715271 -0.09224622696638107 0.04523443803191185 -0.6930979490280151 -0.719422459602356 -0.6471470594406128 -0.9703930020332336 -0.2015243023633957 0.13313595950603485 -2.4315662384033203
-0.23722204566001892 0.6920735239982605 -0.6817328333854675 -0.09223873168230057 0.04529810696840286 -0.6931206583976746 -0.7193965911865234 -0.6471705436706543 -0.9703986644744873 -0.20153804123401642 0.1330741047859192 -2.431562900543213
-0.23727549612522125 0.6921256184577942 -0.6816613674163818 -0.09226692467927933 0.04525427147746086 -0.6930630803108215 -0.719454824924469 -0.6471990942955017 -0.9703876376152039 -0.2015571892261505 0.13312546908855438 -2.431556224822998
-0.23723773658275604 0.6921309232711792 -0.6816690564155579 -0.09226401150226593 0.04527187719941139 -0.6930621266365051 -0.7194546461105347 -0.6472060680389404 -0.9703960418701172 -0.20154233276844025 0.13308663666248322 -2.4315576553344727
-0.2372937947511673 0.6920879483222961 -0.6816932559013367 -0.09226484596729279 0.04525654390454292 -0.6930983662605286 -0.7194206714630127 -0.6471785306930542 -0.9703830480575562 -0.2015652358531952 0.13314665853977203 -2.4315526485443115
-0.23731598258018494 0.6920641660690308 -0.6817096471786499 -0.09226028621196747 0.0452631339430809 -0.6931172013282776 -0.7194021344184875 -0.6471839547157288 -0.9703773260116577 -0.20158202946186066 0.13316302001476288 -2.4315497875213623
-0.2373281717300415 0.6920993328094482 -0.6816697120666504 -0.09228596836328506 0.045234810560941696 -0.6930833458900452 -0.7194365859031677 -0.6471917629241943 -0.970375657081604 -0.20157785713672638 0.13318143784999847 -2.431598663330078
-0.23733867704868317 0.6920991539955139 -0.6816661953926086 -0.0922873467206955 0.04522417485713959 -0.6930834054946899 -0.7194371223449707 -0.6471971869468689 -0.9703735709190369 -0.20157814025878906 0.13319610059261322 -2.4315967559814453
-0.23736457526683807 0.6920879483222961 -0.6816685795783997 -0.09231723099946976 0.04523877799510956 -0.693086564540863 -0.7194331884384155 -0.6471846699714661 -0.9703665375709534 -0.2016059011220932 0.13320519030094147 -2.4315755367279053
-0.23739880323410034 0.6920555233955383 -0.6816896200180054 -0.09232017397880554 0.04527116194367409 -0.6931065917015076 -0.7194118499755859 -0.6471877694129944 -0.9703567028045654 -0.20164848864078522 0.13321273028850555 -2.431565761566162
-0.2373254895210266 0.6920601725578308 -0.681710422039032 -0.09232650697231293 0.04530477523803711 -0.6931107640266418 -0.7194057106971741 -0.6471654176712036 -0.9703730344772339 -0.20161814987659454 0.13313943147659302 -2.4315104484558105
-0.23734095692634583 0.692082941532135 -0.6816819310188293 -0.0923551470041275 0.04531664028763771 -0.6930808424949646 -0.7194337844848633 -0.6471849679946899 -0.9703686833381653 -0.2016427367925644 0.13313381373882294 -2.431504249572754
-0.23735986649990082 0.6920457482337952 -0.6817131042480469 -0.09236302226781845 0.04532567039132118 -0.6931141018867493 -0.7194011807441711 -0.6471936702728271 -0.9703636765480042 -0.20165617763996124 0.13315024971961975 -2.4314863681793213
-0.23731458187103271 0.6920827627182007 -0.6816912293434143 -0.09235750138759613 0.04526790231466293 -0.693096935749054 -0.71942138671875 -0.6472108960151672 -0.9703774452209473 -0.20158801972866058 0.13315309584140778 -2.431480646133423
-0.23726901412010193 0.6920293569564819 -0.6817613244056702 -0.09233370423316956 0.045245636254549026 -0.6931678652763367 -0.7193543910980225 -0.6471897959709167 -0.9703896045684814 -0.20152732729911804 0.1331561654806137 -2.431405782699585
-0.23724466562271118 0.6920392513275146 -0.6817597150802612 -0.09236706793308258 0.04516563192009926 -0.6931793689727783 -0.7193483710289001 -0.6472256183624268 -0.9703992605209351 -0.2014537751674652 0.13319693505764008 -2.4314792156219482
-0.23727291822433472 0.6920361518859863 -0.6817530393600464 -0.09237170219421387 0.04514917731285095 -0.6931799054145813 -0.7193489074707031 -0.6472374796867371 -0.9703931212425232 -0.20146270096302032 0.13322816789150238 -2.431467294692993
-0.23731201887130737 0.6920413970947266 -0.6817341446876526 -0.09236565232276917 0.04521583020687103 -0.6931519508361816 -0.7193716168403625 -0.6472275853157043 -0.9703804850578308 -0.20154081284999847 0.13320226967334747 -2.431480646133423
-0.23725023865699768 0.6920573115348816 -0.6817395091056824 -0.09237340092658997 0.045209914445877075 -0.6931499242782593 -0.7193739414215088 -0.647236168384552 -0.9703958630561829 -0.20149311423301697 0.13316234946250916 -2.4314701557159424
-0.23726382851600647 0.6920897364616394 -0.6817018389701843 -0.09234821796417236 0.04519218951463699 -0.6931164264678955 -0.719407320022583 -0.6472329497337341 -0.9703933596611023 -0.20149703323841095 0.13317462801933289 -2.4314968585968018
-0.2372605949640274 0.6921023726463318 -0.6816901564598083 -0.09235174208879471 0.045215457677841187 -0.6930989623069763 -0.7194226980209351 -0.6472340822219849 -0.9703930616378784 -0.20151369273662567 0.133151575922966 -2.4314825534820557
-0.2373185008764267 0.6920628547668457 -0.6817101240158081 -0.09233911335468292 0.04521167650818825 -0.693128764629364 -0.7193942070007324 -0.6472300887107849 -0.970379114151001 -0.20154690742492676 0.1332031637430191 -2.4314889907836914
-0.23730789124965668 0.6920426487922668 -0.6817343235015869 -0.09233810007572174 0.045206815004348755 -0.693153440952301 -0.7193707823753357 -0.6472291350364685 -0.9703819155693054 -0.20153149962425232 0.13320595026016235 -2.4314794540405273
-0.23727181553840637 0.6920264363288879 -0.6817633509635925 -0.09232550114393234 0.04515334963798523 -0.6931895613670349 -0.7193393111228943 -0.6471812129020691 -0.9703932404518127 -0.20146293938159943 0.13322724401950836 -2.4314465522766113
-0.23732173442840576 0.6920801401138306 -0.6816914081573486 -0.0923350527882576 0.045187629759311676 -0.6931147575378418 -0.7194092273712158 -0.6471619606018066 -0.9703794121742249 -0.20153555274009705 0.1332179456949234 -2.4314258098602295
-0.23736713826656342 0.6920996308326721 -0.6816558241844177 -0.09232489764690399 0.04507846385240555 -0.6931069493293762 -0.7194235920906067 -0.6471239328384399 -0.9703733921051025 -0.20149561762809753 0.13332223892211914 -2.4314510822296143
-0.23738622665405273 0.6921159625053406 -0.6816325783729553 -0.09226664900779724 0.04509875923395157 -0.6930813193321228 -0.7194470167160034 -0.6471437811851501 -0.9703677892684937 -0.2015276998281479 0.1333146095275879 -2.431478500366211
-0.23734056949615479 0.6921241879463196 -0.6816401481628418 -0.09227414429187775 0.045179858803749084 -0.6930658221244812 -0.7194569110870361 -0.6471282839775085 -0.9703751802444458 -0.20155280828475952 0.1332227736711502 -2.431410312652588
-0.23732486367225647 0.6921104192733765 -0.6816596388816833 -0.09227670729160309 0.04523744806647301 -0.6930718421936035 -0.7194474339485168 -0.6471667885780334 -0.9703763127326965 -0.20157940685749054 0.1331740915775299 -2.431424379348755
-0.23729227483272552 0.6921058297157288 -0.6816756129264832 -0.0922747403383255 0.04521738365292549 -0.6930879950523376 -0.7194331288337708 -0.6471624970436096 -0.9703852534294128 -0.20153960585594177 0.13316942751407623 -2.4314072132110596
-0.23732265830039978 0.6921225190162659 -0.6816480755805969 -0.0922921821475029 0.04522375762462616 -0.6930623650550842 -0.7194574475288391 -0.64714115858078 -0.970377504825592 -0.2015703320503235 0.13317924737930298 -2.4313900470733643
-0.23728375136852264 0.6921706795692444 -0.6816127300262451 -0.09232619404792786 0.04523336887359619 -0.6930180788040161 -0.7194995284080505 -0.647184431552887 -0.9703865647315979 -0.20155727863311768 0.1331329345703125 -2.4313857555389404
-0.237181156873703 0.692154049873352 -0.6816653609275818 -0.09233299642801285 0.045263200998306274 -0.6930519342422485 -0.7194650173187256 -0.6471813321113586 -0.9704102873802185 -0.20149800181388855 0.13304997980594635 -2.431394338607788
-0.23718558251857758 0.6921941637992859 -0.681623101234436 -0.09232963621616364 0.045178864151239395 -0.6930261850357056 -0.7194951176643372 -0.6472051739692688 -0.970413088798523 -0.2014489322900772 0.13310348987579346 -2.4314041137695312
-0.23716388642787933 0.6921961903572083 -0.6816285252571106 -0.09234410524368286 0.04518866166472435 -0.6930267214775085 -0.7194939851760864 -0.647225022315979 -0.9704179763793945 -0.2014399617910385 0.13308170437812805 -2.4313888549804688
-0.23719948530197144 0.6921502351760864 -0.6816628575325012 -0.09234875440597534 0.04516150429844856 -0.6930730938911438 -0.7194510698318481 -0.6471999883651733 -0.9704105257987976 -0.20143842697143555 0.1331382393836975 -2.4314165115356445
-0.2371988296508789 0.692182183265686 -0.6816306114196777 -0.09236083179712296 0.045126304030418396 -0.6930468082427979 -0.7194785475730896 -0.6472110748291016 -0.9704123139381409 -0.20141904056072235 0.1331544816493988 -2.4314072132110596
-0.2371869683265686 0.6920883059501648 -0.6817300319671631 -0.09239313751459122 0.045272015035152435 -0.6931182146072388 -0.7194005846977234 -0.647202730178833 -0.9704084396362305 -0.20149584114551544 0.1330665946006775 -2.431307315826416
-0.23712751269340515 0.6921148300170898 -0.6817238330841064 -0.09235136210918427 0.04528458043932915 -0.69310063123703 -0.7194167375564575 -0.6471993923187256 -0.9704223871231079 -0.2014651745557785 0.1330113261938095 -2.431359052658081
-0.23716522753238678 0.6921020746231079 -0.6817236542701721 -0.09235835075378418 0.045264244079589844 -0.6931101083755493 -0.7194089293479919 -0.6472064256668091 -0.9704141020774841 -0.201476588845253 0.13305434584617615 -2.4313454627990723
-0.23724953830242157 0.6921146512031555 -0.6816815733909607 -0.09233506768941879 0.04516430199146271 -0.6930990815162659 -0.7194257974624634 -0.6472272872924805 -0.9703981280326843 -0.201471209526062 0.13317878544330597 -2.431396484375
-0.23722074925899506 0.6921185851097107 -0.681687593460083 -0.09233122318983078 0.04520696401596069 -0.693092405796051 -0.719429612159729 -0.6472383737564087 -0.9704031944274902 -0.20148074626922607 0.13312754034996033 -2.4313838481903076
-0.23724481463432312 0.6921186447143555 -0.6816791296005249 -0.09231528639793396 0.04515494033694267 -0.6930978298187256 -0.7194275856018066 -0.6471814513206482 -0.9703997373580933 -0.20146174728870392 0.13318151235580444 -2.431408166885376
-0.2372223436832428 0.6921265721321106 -0.6816788911819458 -0.09231580048799515 0.045152951031923294 -0.693094789981842 -0.719430685043335 -0.647186815738678 -0.9704053401947021 -0.20144493877887726 0.13316622376441956 -2.431396722793579
-0.23731659352779388 0.6921613812446594 -0.6816107630729675 -0.09233056008815765 0.04516047239303589 -0.6930358409881592 -0.7194869518280029 -0.6472203135490417 -0.9703819155693054 -0.2015281468629837 0.13321079313755035 -2.4314632415771484
-0.23731786012649536 0.6921498775482178 -0.6816219687461853 -0.09233405441045761 0.04513882100582123 -0.6930521726608276 -0.7194725871086121 -0.6472249627113342 -0.9703826308250427 -0.20151139795780182 0.1332310438156128 -2.431457996368408
-0.23722520470619202 0.6921494007110596 -0.681654691696167 -0.09229902178049088 0.045254163444042206 -0.6930490732192993 -0.719468355178833 -0.6472241878509521 -0.9703999161720276 -0.20152384042739868 0.13308627903461456 -2.4314770698547363
-0.23735764622688293 0.6922005414962769 -0.6815566420555115 -0.09227071702480316 0.045168496668338776 -0.6929838061332703 -0.7195366024971008 -0.6471737027168274 -0.9703715443611145 -0.2015724927186966 0.13321955502033234 -2.431541919708252
-0.2373429238796234 0.6922212839126587 -0.6815407276153564 -0.09227001667022705 0.04516853392124176 -0.6929651498794556 -0.7195545434951782 -0.6471705436706543 -0.970375120639801 -0.2015654742717743 0.13320396840572357 -2.4315428733825684
-0.23732954263687134 0.6921942830085754 -0.6815727949142456 -0.09228125959634781 0.04511907696723938 -0.6930068731307983 -0.7195174694061279 -0.6471441388130188 -0.9703807234764099 -0.20151479542255402 0.13324004411697388 -2.4315640926361084
-0.23735225200653076 0.6921761631965637 -0.6815832853317261 -0.09225824475288391 0.045144785195589066 -0.6930156946182251 -0.7195073962211609 -0.6471598148345947 -0.9703739285469055 -0.20154672861099243 0.13324090838432312 -2.4315476417541504
-0.2373741716146469 0.6921200752258301 -0.6816326379776001 -0.09224897623062134 0.045119673013687134 -0.6930752992630005 -0.7194515466690063 -0.6471244692802429 -0.9703697562217712 -0.20153436064720154 0.1332901567220688 -2.431535243988037
-0.2373846024274826 0.6921151280403137 -0.6816340088844299 -0.09223829209804535 0.04516114667057991 -0.6930696368217468 -0.7194544076919556 -0.647115170955658 -0.9703652858734131 -0.20157086849212646 0.13326755166053772 -2.4315290451049805
-0.23737674951553345 0.6921723484992981 -0.6815786361694336 -0.09228384494781494 0.04521483555436134 -0.6929997801780701 -0.7195183038711548 -0.6471325755119324 -0.9703646898269653 -0.20161446928977966 0.13320578634738922 -2.431537389755249
-0.23737183213233948 0.6921733617782593 -0.6815792918205261 -0.09228236228227615 0.04519867151975632 -0.6930031180381775 -0.7195160984992981 -0.6471238136291504 -0.9703666567802429 -0.20159943401813507 0.1332143247127533 -2.4315333366394043
-0.23733441531658173 0.6922554969787598 -0.6815089583396912 -0.0923411175608635 0.045212481170892715 -0.6929217576980591 -0.7195935249328613 -0.6471507549285889 -0.9703751802444458 -0.20159712433815002 0.13315582275390625 -2.4315056800842285
-0.2373998463153839 0.692263126373291 -0.6814783811569214 -0.0923498198390007 0.04520894214510918 -0.6929000616073608 -0.7196146845817566 -0.6471477746963501 -0.9703593254089355 -0.20164543390274048 0.1331981122493744 -2.4314913749694824
-0.23734621703624725 0.6922376751899719 -0.6815229654312134 -0.0923333615064621 0.045146968215703964 -0.6929516196250916 -0.7195689082145691 -0.6471418142318726 -0.9703752994537354 -0.2015557587146759 0.1332172304391861 -2.4315924644470215
-0.23733995854854584 0.6922329664230347 -0.6815298795700073 -0.09233883023262024 0.045157380402088165 -0.6929557919502258 -0.7195642590522766 -0.6471404433250427 -0.9703763723373413 -0.20155754685401917 0.13320688903331757 -2.431588649749756
-0.23739849030971527 0.6921449899673462 -0.6815989017486572 -0.09226737916469574 0.04524192214012146 -0.6930182576179504 -0.7194987535476685 -0.6471557021141052 -0.97035813331604 -0.20164485275745392 0.13320773839950562 -2.4315240383148193
-0.2373858541250229 0.6921587586402893 -0.6815893054008484 -0.09223812073469162 0.0452481284737587 -0.6930052042007446 -0.7195109724998474 -0.6471712589263916 -0.9703609347343445 -0.2016424536705017 0.13319095969200134 -2.4315295219421387
-0.23746004700660706 0.6921752095222473 -0.6815467476844788 -0.09225105494260788 0.045196566730737686 -0.6929822564125061 -0.719536304473877 -0.6471569538116455 -0.970345139503479 -0.2016647905111313 0.13327187299728394 -2.4314377307891846
-0.23750482499599457 0.6922448873519897 -0.6814603805541992 -0.092289499938488 0.045118238776922226 -0.6929152011871338 -0.7196058034896851 -0.6471465229988098 -0.9703378677368164 -0.2016562521457672 0.1333380490541458 -2.4314584732055664
-0.2375234216451645 0.6922358870506287 -0.6814630031585693 -0.09228548407554626 0.04512711614370346 -0.6929187774658203 -0.7196018099784851 -0.6471413373947144 -0.9703328609466553 -0.20167484879493713 0.13334603607654572 -2.431448459625244
-0.23752188682556152 0.6922780275344849 -0.6814207434654236 -0.09229253977537155 0.045036520808935165 -0.692893385887146 -0.7196319103240967 -0.6471219062805176 -0.970337450504303 -0.20161724090576172 0.13339975476264954 -2.4314355850219727
-0.23753534257411957 0.6922756433486938 -0.6814184188842773 -0.09228937327861786 0.04504907876253128 -0.6928903460502625 -0.7196341156959534 -0.6471061110496521 -0.9703335762023926 -0.20163589715957642 0.13339976966381073 -2.431424617767334
-0.23750677704811096 0.6922983527183533 -0.6814053654670715 -0.09228233993053436 0.04515930637717247 -0.6928497552871704 -0.7196662425994873 -0.6471223831176758 -0.9703354835510254 -0.20169749855995178 0.1332930028438568 -2.431441068649292
-0.23746275901794434 0.6922478079795837 -0.6814720630645752 -0.09229417890310287 0.04499839246273041 -0.692946195602417 -0.7195834517478943 -0.6471459865570068 -0.9703537225723267 -0.2015395164489746 0.133399099111557 -2.4314846992492676
-0.23742394149303436 0.6922886371612549 -0.6814441084861755 -0.09228043258190155 0.04496645927429199 -0.6929182410240173 -0.7196123600006104 -0.6471887826919556 -0.9703646898269653 -0.20149542391300201 0.1333858221769333 -2.4315826892852783
-0.23742634057998657 0.6922377943992615 -0.6814948916435242 -0.09226374328136444 0.045020610094070435 -0.6929601430892944 -0.71956866979599 -0.64716637134552 -0.970361590385437 -0.2015259563922882 0.13336223363876343 -2.431600332260132
-0.23745311796665192 0.6922430396080017 -0.6814802289009094 -0.0922405868768692 0.045018941164016724 -0.692949116230011 -0.7195793986320496 -0.6471817493438721 -0.9703550934791565 -0.20154598355293274 0.13337908685207367 -2.431617259979248
-0.23743881285190582 0.6921712756156921 -0.6815581321716309 -0.09226188063621521 0.045043837279081345 -0.6930227875709534 -0.7195068597793579 -0.6471638679504395 -0.9703574776649475 -0.20153895020484924 0.13337267935276031 -2.431558132171631
-0.2374553084373474 0.6921823024749756 -0.6815411448478699 -0.09224457293748856 0.04498091712594032 -0.6930206418037415 -0.7195128798484802 -0.6471704840660095 -0.9703563451766968 -0.20150859653949738 0.13342663645744324 -2.4315619468688965
-0.23740865290164948 0.6921678781509399 -0.6815720796585083 -0.09227912873029709 0.044986505061388016 -0.6930449604988098 -0.7194890975952148 -0.6472116708755493 -0.9703674912452698 -0.20147457718849182 0.13339686393737793 -2.431537628173828
-0.23745959997177124 0.6922184228897095 -0.6815029978752136 -0.09226634353399277 0.04506557807326317 -0.6929639577865601 -0.7195621728897095 -0.6471658945083618 -0.9703513383865356 -0.20157936215400696 0.13335593044757843 -2.4314351081848145
-0.23762595653533936 0.6922740340232849 -0.6813885569572449 -0.09235558658838272 0.0451226606965065 -0.6928569078445435 -0.7196616530418396 -0.6471750736236572 -0.9703080058097839 -0.20175644755363464 0.1334037482738495 -2.4313998222351074
-0.23764079809188843 0.6922643184661865 -0.6813932061195374 -0.09235204756259918 0.04515419155359268 -0.6928572654724121 -0.7196593284606934 -0.6471890807151794 -0.9703028798103333 -0.2017882615327835 0.13339273631572723 -2.4313805103302
-0.23754236102104187 0.692209005355835 -0.6814837455749512 -0.09231897443532944 0.04507942870259285 -0.6929528713226318 -0.7195719480514526 -0.6471515893936157 -0.9703304767608643 -0.20164981484413147 0.13340148329734802 -2.43143367767334
-0.2375681847333908 0.6922057271003723 -0.6814780235290527 -0.09230919182300568 0.04510873928666115 -0.6929445862770081 -0.7195780873298645 -0.6471612453460693 -0.9703227877616882 -0.20168957114219666 0.13339728116989136 -2.431429624557495
-0.23748454451560974 0.6921111941337585 -0.681603193283081 -0.0922662615776062 0.045175038278102875 -0.6930489540100098 -0.7194734215736389 -0.6471027731895447 -0.9703401923179626 -0.20165535807609558 0.13332247734069824 -2.431380271911621
-0.23754605650901794 0.6921055912971497 -0.6815874576568604 -0.09222070127725601 0.04520324245095253 -0.6930354833602905 -0.7194846272468567 -0.6471135020256042 -0.9703238010406494 -0.20172078907489777 0.13334263861179352 -2.4313912391662598
-0.2374856173992157 0.6921053528785706 -0.6816087365150452 -0.09227701276540756 0.04519859328866005 -0.693049967288971 -0.7194709181785583 -0.6471701860427856 -0.9703388214111328 -0.20167185366153717 0.13330744206905365 -2.431424140930176
-0.23746928572654724 0.6921350955963135 -0.6815842390060425 -0.09230290353298187 0.04520813003182411 -0.6930201649665833 -0.7194990515708923 -0.6471391916275024 -0.9703423380851746 -0.20167216658592224 0.13328108191490173 -2.431413173675537
-0.23745021224021912 0.6920895576477051 -0.6816371083259583 -0.09231571108102798 0.04519165679812431 -0.6930758953094482 -0.7194464802742004 -0.647173285484314 -0.9703478217124939 -0.2016371190547943 0.13329456746578217 -2.431467056274414
-0.23744083940982819 0.6920871734619141 -0.6816428303718567 -0.09228968620300293 0.045209333300590515 -0.6930767893791199 -0.7194444537162781 -0.6471818685531616 -0.9703492522239685 -0.2016422003507614 0.13327614963054657 -2.4314796924591064
-0.23734766244888306 0.6920846700668335 -0.6816777586936951 -0.09229568392038345 0.04523357376456261 -0.693094789981842 -0.719425618648529 -0.6471795439720154 -0.9703709483146667 -0.20158880949020386 0.13319918513298035 -2.431499719619751
-0.23736026883125305 0.6920363903045654 -0.6817224621772766 -0.09227793663740158 0.04529522731900215 -0.6931301951408386 -0.7193875908851624 -0.6471856236457825 -0.9703649878501892 -0.20163290202617645 0.1331758350133896 -2.431487798690796
-0.23735947906970978 0.6920387744903564 -0.6817203164100647 -0.0922754555940628 0.045307762920856476 -0.6931252479553223 -0.7193915843963623 -0.6471893787384033 -0.9703645706176758 -0.2016417235136032 0.13316532969474792 -2.43147873878479
-0.2373264729976654 0.6920877695083618 -0.6816820502281189 -0.09231919050216675 0.04524686560034752 -0.6930934190750122 -0.7194260954856873 -0.6471601128578186 -0.9703754782676697 -0.2015829235315323 0.1331748217344284 -2.4314818382263184
-0.2372829169034958 0.6920832991600037 -0.6817017197608948 -0.09232356399297714 0.04521896690130234 -0.6931134462356567 -0.7194085121154785 -0.6471610069274902 -0.9703874588012695 -0.20152929425239563 0.13316890597343445 -2.4314723014831543
-0.23732127249240875 0.6920347213745117 -0.6817377209663391 -0.09234276413917542 0.04528328403830528 -0.6931429505348206 -0.7193760275840759 -0.6471770405769348 -0.9703750610351562 -0.20159465074539185 0.13316017389297485 -2.431495428085327
-0.23731550574302673 0.6920209527015686 -0.6817536950111389 -0.0923474058508873 0.045310746878385544 -0.6931530833244324 -0.719364583492279 -0.6471830010414124 -0.9703751802444458 -0.20160722732543945 0.1331402063369751 -2.431489944458008
-0.23738627135753632 0.6920101046562195 -0.6817400455474854 -0.09233630448579788 0.04523402452468872 -0.6931649446487427 -0.719357967376709 -0.6471989154815674 -0.9703614711761475 -0.20160365104675293 0.13324564695358276 -2.431529998779297
-0.2373994141817093 0.6920426487922668 -0.6817024350166321 -0.09234115481376648 0.04521384462714195 -0.6931319236755371 -0.7193911075592041 -0.6472019553184509 -0.970359206199646 -0.20160549879074097 0.13325941562652588 -2.431523561477661
-0.2374110072851181 0.6919711828231812 -0.681770920753479 -0.09235572814941406 0.04527471959590912 -0.6931921243667603 -0.7193292379379272 -0.6471784710884094 -0.9703535437583923 -0.20164376497268677 0.13324284553527832 -2.4314684867858887
-0.237379252910614 0.6919927000999451 -0.6817601323127747 -0.09235956519842148 0.04523921757936478 -0.6931837201118469 -0.7193395495414734 -0.6471752524375916 -0.9703629612922668 -0.20159867405891418 0.1332424432039261 -2.4314498901367188
-0.23745229840278625 0.6919729709625244 -0.6817547678947449 -0.092320017516613 0.04524337872862816 -0.6931877136230469 -0.7193354368209839 -0.6471677422523499 -0.9703449010848999 -0.20165283977985382 0.1332920342683792 -2.4314417839050293
-0.23747286200523376 0.6919863820075989 -0.6817339658737183 -0.09229383617639542 0.045280758291482925 -0.6931612491607666 -0.7193585634231567 -0.6471726894378662 -0.9703381061553955 -0.20169766247272491 0.13327352702617645 -2.431445837020874
-0.23742079734802246 0.6919613480567932 -0.6817775368690491 -0.09230151027441025 0.045255228877067566 -0.6932044625282288 -0.7193185687065125 -0.6472029089927673 -0.970352053642273 -0.20163528621196747 0.13326649367809296 -2.4315361976623535
-0.23740386962890625 0.69195556640625 -0.6817893385887146 -0.09228795021772385 0.045215994119644165 -0.6932224035263062 -0.7193037271499634 -0.6471895575523376 -0.9703580141067505 -0.20159336924552917 0.13328644633293152 -2.4315829277038574
-0.23736989498138428 0.6919407248497009 -0.6818162202835083 -0.09227774292230606 0.045229438692331314 -0.6932426691055298 -0.7192833423614502 -0.6471866369247437 -0.9703657031059265 -0.20157447457313538 0.13325907289981842 -2.4315712451934814
-0.23737959563732147 0.6919265985488892 -0.6818271279335022 -0.09224443137645721 0.045218877494335175 -0.6932576298713684 -0.7192695736885071 -0.6471925973892212 -0.9703637957572937 -0.2015714794397354 0.1332772970199585 -2.431576728820801
-0.23735789954662323 0.6919265389442444 -0.6818347573280334 -0.09222050756216049 0.04525556042790413 -0.6932548880577087 -0.7192699909210205 -0.6471902132034302 -0.970367431640625 -0.20158131420612335 0.13323621451854706 -2.431563138961792
-0.23731428384780884 0.6919355392456055 -0.6818408370018005 -0.09220806509256363 0.045242276042699814 -0.6932576894760132 -0.7192680835723877 -0.6471772193908691 -0.9703786969184875 -0.20154070854187012 0.13321542739868164 -2.431551218032837
-0.23737290501594543 0.6919146180152893 -0.6818416118621826 -0.09218432009220123 0.0451941192150116 -0.6932768821716309 -0.7192525863647461 -0.6471753716468811 -0.9703665971755981 -0.20154641568660736 0.13329489529132843 -2.4315285682678223
-0.23732537031173706 0.691987931728363 -0.6817837357521057 -0.09224744886159897 0.045160483568906784 -0.6932169198989868 -0.7193124890327454 -0.6471934914588928 -0.9703797698020935 -0.20150089263916016 0.13326767086982727 -2.4315545558929443
-0.23731449246406555 0.691979169845581 -0.6817964315414429 -0.09223136305809021 0.04518374428153038 -0.6932237148284912 -0.7193045020103455 -0.6471875309944153 -0.9703813791275024 -0.2015075832605362 0.1332460343837738 -2.4315433502197266
-0.23742368817329407 0.6920846700668335 -0.6816513538360596 -0.09225628525018692 0.04506317153573036 -0.6931135654449463 -0.7194182276725769 -0.6471578478813171 -0.970360279083252 -0.20152439177036285 0.13337425887584686 -2.4315197467803955
-0.2374127060174942 0.6920796632766724 -0.6816602349281311 -0.0922471135854721 0.04509936645627022 -0.6931137442588806 -0.7194157838821411 -0.6471530795097351 -0.9703612923622131 -0.2015409916639328 0.13334186375141144 -2.431509494781494
-0.237332284450531 0.6921425461769104 -0.6816244125366211 -0.09227202087640762 0.04514110088348389 -0.6930562853813171 -0.7194684743881226 -0.6471407413482666 -0.9703789949417114 -0.20152246952056885 0.13324077427387238 -2.4315102100372314
-0.2373238503932953 0.6921477317810059 -0.6816220879554749 -0.09226717799901962 0.04516448453068733 -0.693047821521759 -0.7194751501083374 -0.6471366286277771 -0.9703799486160278 -0.20153382420539856 0.1332165002822876 -2.431500196456909
-0.23729892075061798 0.6921752095222473 -0.6816028356552124 -0.0923093631863594 0.04518391937017441 -0.693020224571228 -0.7195005416870117 -0.6471755504608154 -0.9703851938247681 -0.20153428614139557 0.1331779807806015 -2.4314963817596436
-0.2372921109199524 0.692240297794342 -0.6815391182899475 -0.09228069335222244 0.04524797946214676 -0.6929396986961365 -0.7195740342140198 -0.6471600532531738 -0.9703838229179382 -0.20158761739730835 0.13310687243938446 -2.4314939975738525
-0.2372591346502304 0.6921939253807068 -0.6815977096557617 -0.0922575294971466 0.04529673978686333 -0.6929857730865479 -0.7195266485214233 -0.6471789479255676 -0.9703896641731262 -0.20158851146697998 0.13306328654289246 -2.4315438270568848
-0.23725184798240662 0.6921952366828918 -0.6815989017486572 -0.092253677546978 0.04529877007007599 -0.6929855346679688 -0.7195267081260681 -0.6471779346466064 -0.9703913331031799 -0.20158472657203674 0.13305673003196716 -2.4315407276153564
-0.2372981309890747 0.6922762989997864 -0.6815004348754883 -0.09223438054323196 0.045271046459674835 -0.6928955912590027 -0.71961510181427 -0.6471974849700928 -0.9703813195228577 -0.20161566138267517 0.13308297097682953 -2.4316110610961914
