# 3x4 first row second row third row Freq: 100 current Time: 2021-07-28-14:05:43
-0.2376442849636078 0.6934736967086792 -0.68016117811203 -0.04329989477992058 0.045148711651563644 -0.6915781497955322 -0.7208889722824097 -0.6359046697616577 -0.9703022837638855 -0.20202364027500153 0.13304036855697632 -2.2069144248962402
-0.2376326620578766 0.6934696435928345 -0.6801693439483643 -0.04332243651151657 0.04522596299648285 -0.691568911075592 -0.7208929657936096 -0.635919451713562 -0.9703015089035034 -0.20206913352012634 0.1329767405986786 -2.2069056034088135
-0.23757272958755493 0.69346684217453 -0.6801931262016296 -0.043270550668239594 0.045223962515592575 -0.6915855407714844 -0.7208771705627441 -0.6359331011772156 -0.9703162908554077 -0.20202188193798065 0.13294076919555664 -2.206939697265625
-0.2375849187374115 0.6934645175933838 -0.6801912188529968 -0.0432492271065712 0.04520495608448982 -0.6915892362594604 -0.7208747863769531 -0.6359407901763916 -0.9703142046928406 -0.20201708376407623 0.13296334445476532 -2.206951141357422
-0.23755931854248047 0.6934701800346375 -0.6801943778991699 -0.04324042797088623 0.04522118717432022 -0.6915855407714844 -0.7208773493766785 -0.635921835899353 -0.9703197479248047 -0.20201042294502258 0.13293325901031494 -2.2068943977355957
-0.23756353557109833 0.6934882402420044 -0.6801744699478149 -0.0432361476123333 0.04523106664419174 -0.6915633678436279 -0.7208979725837708 -0.6359288692474365 -0.9703181982040405 -0.2020241916179657 0.13292324542999268 -2.206874132156372
-0.23762297630310059 0.6935155987739563 -0.6801258325576782 -0.04325604438781738 0.045118432492017746 -0.6915447115898132 -0.7209229469299316 -0.635894775390625 -0.9703088998794556 -0.2019941657781601 0.1330367922782898 -2.2068774700164795
-0.23764553666114807 0.6934741735458374 -0.6801602244377136 -0.04325989633798599 0.045100074261426926 -0.6915874481201172 -0.7208830714225769 -0.635908842086792 -0.9703042507171631 -0.2019900232553482 0.13307715952396393 -2.206840991973877
-0.2376171499490738 0.6934972405433655 -0.6801465749740601 -0.043288446962833405 0.04522303491830826 -0.691543698310852 -0.7209173440933228 -0.6359140276908875 -0.9703055024147034 -0.20206071436405182 0.13296079635620117 -2.2068252563476562
-0.23769788444042206 0.6934852600097656 -0.680130660533905 -0.043294768780469894 0.04517434537410736 -0.691548764705658 -0.7209155559539795 -0.6359049677848816 -0.9702879786491394 -0.20208466053009033 0.13305214047431946 -2.206827402114868
-0.23757454752922058 0.6935158967971802 -0.6801424622535706 -0.04324875399470329 0.04521390423178673 -0.691535234451294 -0.72092604637146 -0.6359418630599976 -0.9703163504600525 -0.20202568173408508 0.1329348236322403 -2.2068281173706055
-0.2376030683517456 0.693496584892273 -0.680152177810669 -0.04324548318982124 0.04519052430987358 -0.6915542483329773 -0.7209092378616333 -0.6359233260154724 -0.9703104496002197 -0.20202678442001343 0.13297615945339203 -2.206805467605591
-0.2375946044921875 0.6934942007064819 -0.6801576018333435 -0.04324531927704811 0.045201659202575684 -0.6915563344955444 -0.7209065556526184 -0.6359378099441528 -0.9703119993209839 -0.20202785730361938 0.1329631805419922 -2.206782102584839
-0.23766951262950897 0.693453848361969 -0.6801725625991821 -0.043240275233983994 0.045108262449502945 -0.6916020512580872 -0.7208685874938965 -0.6359243392944336 -0.9702979922294617 -0.20200997591018677 0.13309243321418762 -2.206777334213257
-0.23761193454265594 0.6934552788734436 -0.6801912188529968 -0.04325371980667114 0.04516220465302467 -0.6916019916534424 -0.7208652496337891 -0.6359543204307556 -0.9703095555305481 -0.20200522243976593 0.13301514089107513 -2.2067816257476807
-0.23763248324394226 0.693467915058136 -0.6801711320877075 -0.04324987530708313 0.045079708099365234 -0.6916012167930603 -0.7208711504936218 -0.6359435319900513 -0.9703083634376526 -0.20196440815925598 0.13308580219745636 -2.206813335418701
-0.23760011792182922 0.693463146686554 -0.6801872849464417 -0.043285246938467026 0.04517311975359917 -0.6915939450263977 -0.7208722829818726 -0.6359748840332031 -0.9703119397163391 -0.20200560986995697 0.13299712538719177 -2.206813097000122
-0.23760877549648285 0.6934402585029602 -0.6802076101303101 -0.04326970875263214 0.04510857164859772 -0.6916297674179077 -0.7208419442176819 -0.6359376907348633 -0.9703128337860107 -0.2019616663455963 0.13305741548538208 -2.206876039505005
-0.23771348595619202 0.6934418678283691 -0.680169403553009 -0.04326709359884262 0.045050330460071564 -0.6916170716285706 -0.7208577990531921 -0.6359226107597351 -0.9702898859977722 -0.20199957489967346 0.13316713273525238 -2.2068746089935303
-0.23767994344234467 0.6934544444084167 -0.6801683306694031 -0.04325539246201515 0.04504965990781784 -0.6916112899780273 -0.7208633422851562 -0.6359080076217651 -0.970298171043396 -0.2019762098789215 0.13314247131347656 -2.206822395324707
-0.23769573867321014 0.693428099155426 -0.6801896095275879 -0.04324009642004967 0.044973086565732956 -0.6916516423225403 -0.720829427242279 -0.6358956098556519 -0.9702978134155273 -0.20192840695381165 0.13321726024150848 -2.206822633743286
-0.23765839636325836 0.6934563517570496 -0.6801738739013672 -0.043198347091674805 0.04490357264876366 -0.6916444301605225 -0.7208406925201416 -0.6359009742736816 -0.9703102111816406 -0.20185618102550507 0.13323664665222168 -2.2068450450897217
-0.23771154880523682 0.6934505701065063 -0.6801612377166748 -0.04318546876311302 0.04484215006232262 -0.6916516423225403 -0.7208375930786133 -0.6358715295791626 -0.970300018787384 -0.20185139775276184 0.1333179771900177 -2.2068777084350586
-0.23765912652015686 0.6934760212898254 -0.6801536083221436 -0.04319412633776665 0.04492717608809471 -0.6916185617446899 -0.7208640575408936 -0.6358872056007385 -0.9703089594841003 -0.2018774002790451 0.13321374356746674 -2.2069175243377686
-0.23773235082626343 0.6934798955917358 -0.680124044418335 -0.04323657974600792 0.04484668746590614 -0.6916150450706482 -0.7208724617958069 -0.6358698010444641 -0.970294713973999 -0.20187610387802124 0.1333192139863968 -2.206897497177124
-0.237736314535141 0.6934548020362854 -0.6801482439041138 -0.04324480518698692 0.044940922409296036 -0.6916211247444153 -0.7208607196807861 -0.6358366012573242 -0.970289409160614 -0.2019413560628891 0.13325917720794678 -2.206864595413208
-0.23781654238700867 0.6934545040130615 -0.6801204681396484 -0.0432758629322052 0.0448991097509861 -0.6916124224662781 -0.7208716869354248 -0.6358550190925598 -0.970271646976471 -0.2019721120595932 0.13334159553050995 -2.206793785095215
-0.2378225475549698 0.6934564113616943 -0.6801164746284485 -0.04327241703867912 0.04487478360533714 -0.6916141510009766 -0.7208715081214905 -0.6358655691146851 -0.9702713489532471 -0.20195966958999634 0.13336294889450073 -2.2068309783935547
-0.23777590692043304 0.6934449076652527 -0.6801444888114929 -0.04325767606496811 0.04493068903684616 -0.6916249990463257 -0.7208576798439026 -0.6358961462974548 -0.9702801704406738 -0.20196203887462616 0.13329501450061798 -2.2068519592285156
-0.23774689435958862 0.6934419870376587 -0.6801576018333435 -0.043259669095277786 0.044909749180078506 -0.6916388273239136 -0.7208456993103027 -0.6358946561813354 -0.9702882170677185 -0.2019246220588684 0.13329289853572845 -2.2068417072296143
-0.23771260678768158 0.6934543251991272 -0.6801570057868958 -0.043258149176836014 0.04494724050164223 -0.6916255354881287 -0.7208560705184937 -0.6359050869941711 -0.9702948927879333 -0.20192785561084747 0.13323946297168732 -2.206829309463501
-0.2376469522714615 0.6935272216796875 -0.6801055669784546 -0.04320063441991806 0.04498116672039032 -0.6915556788444519 -0.7209210395812988 -0.6358835697174072 -0.9703094363212585 -0.20191672444343567 0.1331506371498108 -2.206801176071167
-0.2376907765865326 0.6934767961502075 -0.6801417469978333 -0.043177761137485504 0.044915035367012024 -0.6916132569313049 -0.7208698987960815 -0.6358583569526672 -0.9703017473220825 -0.20189280807971954 0.13324275612831116 -2.206820011138916
-0.2376609444618225 0.6935339570045471 -0.6800938248634338 -0.04320352524518967 0.044929128140211105 -0.6915562748908997 -0.720923662185669 -0.635833203792572 -0.9703084230422974 -0.20189152657985687 0.13319626450538635 -2.2068755626678467
-0.23761531710624695 0.6935551166534424 -0.680088222026825 -0.043252408504486084 0.04496372863650322 -0.6915367245674133 -0.7209402918815613 -0.6358925700187683 -0.9703179597854614 -0.20188584923744202 0.1331351101398468 -2.2069058418273926
-0.2376176118850708 0.6935518383979797 -0.6800907850265503 -0.04330375790596008 0.04510699585080147 -0.6915099024772644 -0.7209570407867432 -0.635898768901825 -0.9703107476234436 -0.2019890397787094 0.13303110003471375 -2.206909656524658
-0.2376059591770172 0.693532407283783 -0.6801146864891052 -0.04329716041684151 0.0450996533036232 -0.6915345788002014 -0.7209338545799255 -0.6359023451805115 -0.9703139662742615 -0.20197120308876038 0.13303488492965698 -2.206900119781494
-0.23759116232395172 0.6935444474220276 -0.680107593536377 -0.04326716065406799 0.04507911577820778 -0.691529393196106 -0.720940113067627 -0.6358740925788879 -0.9703185558319092 -0.20194774866104126 0.13303712010383606 -2.2069272994995117
-0.2376076877117157 0.6935529112815857 -0.6800931692123413 -0.043270159512758255 0.04505712166428566 -0.6915213465690613 -0.7209491729736328 -0.6358678340911865 -0.9703155159950256 -0.2019461989402771 0.1330614984035492 -2.2069177627563477
-0.23753918707370758 0.6935880184173584 -0.6800812482833862 -0.043251752853393555 0.04505928233265877 -0.6914987564086914 -0.7209707498550415 -0.6359154582023621 -0.9703322052955627 -0.2019028663635254 0.13300569355487823 -2.206911325454712
-0.23755775392055511 0.6935885548591614 -0.6800742745399475 -0.043262116611003876 0.0451025553047657 -0.6914851069450378 -0.7209811210632324 -0.6358999013900757 -0.9703256487846375 -0.20194783806800842 0.13298524916172028 -2.2069053649902344
-0.23761595785617828 0.6935749053955078 -0.6800678372383118 -0.04326041042804718 0.04502501338720322 -0.6915028691291809 -0.7209689021110535 -0.6358855366706848 -0.9703149795532227 -0.2019338756799698 0.13308411836624146 -2.2069103717803955
-0.23758332431316376 0.6935733556747437 -0.6800808310508728 -0.043234143406152725 0.04501330107450485 -0.6915141344070435 -0.7209588289260864 -0.6358999609947205 -0.9703235030174255 -0.20190057158470154 0.13307242095470428 -2.20692777633667
-0.23762501776218414 0.6935368776321411 -0.6801034212112427 -0.04325640946626663 0.04501517117023468 -0.6915432214736938 -0.720930814743042 -0.6358931064605713 -0.9703131914138794 -0.20192627608776093 0.13310851156711578 -2.2069027423858643
-0.23754873871803284 0.6935924291610718 -0.6800734400749207 -0.04327380657196045 0.045124929398298264 -0.6914783716201782 -0.7209861874580383 -0.6358970999717712 -0.9703267812728882 -0.20195773243904114 0.1329617202281952 -2.206885576248169
-0.23764054477214813 0.6935936808586121 -0.6800400614738464 -0.043280720710754395 0.04502765089273453 -0.6914769411087036 -0.7209935784339905 -0.63588947057724 -0.9703088402748108 -0.20195801556110382 0.1330922693014145 -2.206873893737793
-0.2375393807888031 0.6935749650001526 -0.6800945401191711 -0.043277475982904434 0.04513683542609215 -0.6914964318275452 -0.7209681272506714 -0.6359027624130249 -0.9703285098075867 -0.20195572078227997 0.13295206427574158 -2.206871271133423
-0.23755565285682678 0.6935528516769409 -0.6801114082336426 -0.04327527806162834 0.04508649930357933 -0.6915267705917358 -0.7209421992301941 -0.6359056830406189 -0.9703269004821777 -0.20192782580852509 0.13300642371177673 -2.206864595413208
-0.23760715126991272 0.6935319900512695 -0.6801146864891052 -0.04323161393404007 0.045031819492578506 -0.6915488839149475 -0.7209243178367615 -0.6359116435050964 -0.9703168272972107 -0.2019236832857132 0.1330861747264862 -2.206883192062378
-0.2375875562429428 0.6935945749282837 -0.6800577044487 -0.0432286262512207 0.044945742934942245 -0.6915047764778137 -0.7209720015525818 -0.6359248161315918 -0.9703255891799927 -0.20185977220535278 0.13311901688575745 -2.20692777633667
-0.23754413425922394 0.6936035752296448 -0.6800636649131775 -0.043231301009655 0.04497619345784187 -0.6914984583854675 -0.7209761738777161 -0.635936975479126 -0.9703348278999329 -0.20185042917728424 0.13306596875190735 -2.2069180011749268
-0.23758649826049805 0.6936118602752686 -0.6800404191017151 -0.04324929416179657 0.04496600106358528 -0.691482424736023 -0.7209922075271606 -0.6359161734580994 -0.9703249335289001 -0.20187680423259735 0.13309815526008606 -2.2069380283355713
-0.23764090240001678 0.6936200857162476 -0.6800130605697632 -0.04326532036066055 0.04488619416952133 -0.6914783716201782 -0.7210010886192322 -0.6358952522277832 -0.9703152775764465 -0.201862633228302 0.13318979740142822 -2.206953763961792
-0.2376265972852707 0.6936255693435669 -0.6800124645233154 -0.04327835515141487 0.04486675187945366 -0.6914797425270081 -0.7210009694099426 -0.6358973979949951 -0.9703196883201599 -0.20183904469013214 0.1331934630870819 -2.206947088241577
-0.23762133717536926 0.6936118602752686 -0.6800282597541809 -0.04325277730822563 0.044914573431015015 -0.6914854645729065 -0.7209925055503845 -0.6359059810638428 -0.9703187942504883 -0.20186646282672882 0.1331586390733719 -2.206902503967285
-0.23765325546264648 0.6936102509498596 -0.6800187826156616 -0.043264541774988174 0.04501032456755638 -0.6914602518081665 -0.7210107445716858 -0.6358785033226013 -0.9703065156936646 -0.20195850729942322 0.13310836255550385 -2.206841468811035
-0.23767103254795074 0.6935572624206543 -0.6800665855407715 -0.04323682188987732 0.04495998099446297 -0.6915229558944702 -0.7209537029266357 -0.6358892321586609 -0.9703044891357422 -0.20192569494247437 0.133172869682312 -2.206836462020874
-0.23766151070594788 0.6936026811599731 -0.6800235509872437 -0.043258193880319595 0.045045919716358185 -0.6914590001106262 -0.7210096716880798 -0.6359220147132874 -0.9703028202056885 -0.20198863744735718 0.13308943808078766 -2.206885576248169
-0.2377091348171234 0.6935542225837708 -0.6800563931465149 -0.043223705142736435 0.0449940524995327 -0.6915106773376465 -0.7209633588790894 -0.6359012126922607 -0.9702935814857483 -0.2019781619310379 0.13317281007766724 -2.20696759223938
-0.23771466314792633 0.6935712099075317 -0.6800370812416077 -0.04324651136994362 0.04503776133060455 -0.6914823651313782 -0.7209877967834473 -0.6358975172042847 -0.9702901840209961 -0.20201681554317474 0.13313880562782288 -2.206968069076538
-0.23771288990974426 0.6935763359069824 -0.68003249168396 -0.043218158185482025 0.04494832456111908 -0.6914958953857422 -0.7209804058074951 -0.6359187960624695 -0.9702947735786438 -0.2019527405500412 0.13320261240005493 -2.206965208053589
-0.23770266771316528 0.6935462951660156 -0.680066704750061 -0.043253280222415924 0.04502569139003754 -0.6915138959884644 -0.7209582924842834 -0.635867714881897 -0.9702937006950378 -0.20199427008628845 0.13314750790596008 -2.206981897354126
-0.2376573383808136 0.693477988243103 -0.680152177810669 -0.04323373734951019 0.04508650302886963 -0.6915836930274963 -0.7208875417709351 -0.635890007019043 -0.9703019857406616 -0.20198999345302582 0.13309365510940552 -2.206998586654663
-0.23772269487380981 0.6934415102005005 -0.6801665425300598 -0.043212324380874634 0.04500485956668854 -0.6916248798370361 -0.7208530902862549 -0.6358906626701355 -0.9702897667884827 -0.2019740343093872 0.13320690393447876 -2.207010507583618
-0.23773780465126038 0.6934411525726318 -0.6801616549491882 -0.04320592060685158 0.04492702707648277 -0.691638171672821 -0.7208452224731445 -0.6359012722969055 -0.9702896475791931 -0.20192991197109222 0.13327451050281525 -2.2069478034973145
-0.23778750002384186 0.6934472322463989 -0.6801380515098572 -0.04323771595954895 0.0449414886534214 -0.6916177272796631 -0.720863938331604 -0.6358745098114014 -0.9702768325805664 -0.20197895169258118 0.13329371809959412 -2.206982374191284
-0.2377062439918518 0.6934798955917358 -0.6801331639289856 -0.04322711005806923 0.04505930468440056 -0.6915765404701233 -0.7208961248397827 -0.6358988285064697 -0.970291256904602 -0.2020079344511032 0.1331445425748825 -2.2069952487945557
-0.23777149617671967 0.6934750080108643 -0.6801153421401978 -0.04322165623307228 0.04496891424059868 -0.6915860772132874 -0.720892608165741 -0.6358997821807861 -0.9702794551849365 -0.20199185609817505 0.13325485587120056 -2.206965684890747
-0.23774591088294983 0.6934918761253357 -0.680107057094574 -0.043198686093091965 0.04489055275917053 -0.6915901899337769 -0.7208935618400574 -0.6359307169914246 -0.9702893495559692 -0.20191997289657593 0.13329172134399414 -2.2070207595825195
-0.2377801388502121 0.6935021877288818 -0.6800845861434937 -0.04318619892001152 0.044837165623903275 -0.6915827989578247 -0.7209039330482483 -0.6359150409698486 -0.9702834486961365 -0.20190979540348053 0.1333501935005188 -2.207047939300537
-0.23772361874580383 0.6935279369354248 -0.6800781488418579 -0.04319731518626213 0.044850338250398636 -0.6915652751922607 -0.7209199666976929 -0.6359013319015503 -0.9702966809272766 -0.2018815279006958 0.1332966536283493 -2.2070608139038086
-0.23780353367328644 0.6934873461723328 -0.6800915598869324 -0.043186694383621216 0.04481865465641022 -0.6915972828865051 -0.7208912372589111 -0.6359078884124756 -0.9702785611152649 -0.20191136002540588 0.13338331878185272 -2.207054615020752
-0.23771217465400696 0.6935588717460632 -0.6800505518913269 -0.04318840801715851 0.04488658159971237 -0.6915274858474731 -0.7209539413452148 -0.6358904242515564 -0.9702978134155273 -0.2019047737121582 0.13325323164463043 -2.207040786743164
-0.23772738873958588 0.6935194730758667 -0.6800853610038757 -0.04319169744849205 0.04479307308793068 -0.6915853023529053 -0.7209042906761169 -0.6358808875083923 -0.9702984094619751 -0.20184190571308136 0.13334409892559052 -2.2070374488830566
-0.2377452552318573 0.6935566067695618 -0.6800413131713867 -0.0432269386947155 0.04490168020129204 -0.6915193796157837 -0.7209607362747192 -0.6359139680862427 -0.9702889919281006 -0.20194008946418762 0.13326381146907806 -2.20709490776062
-0.23777006566524506 0.6935396790504456 -0.6800498962402344 -0.04323861375451088 0.04487915709614754 -0.6915366053581238 -0.7209456562995911 -0.6359131932258606 -0.9702839851379395 -0.20193946361541748 0.13330143690109253 -2.2070906162261963
-0.23773908615112305 0.6935465335845947 -0.6800537109375 -0.0432407408952713 0.04494396224617958 -0.6915225982666016 -0.7209550142288208 -0.6358765363693237 -0.9702885746955872 -0.2019636034965515 0.13323144614696503 -2.2070391178131104
-0.23782220482826233 0.6935563087463379 -0.6800147294998169 -0.043246522545814514 0.044848743826150894 -0.6915137767791748 -0.7209694385528564 -0.6358581185340881 -0.9702726006507874 -0.20196044445037842 0.13335241377353668 -2.2070417404174805
-0.2378103882074356 0.6935231685638428 -0.680052638053894 -0.04322744160890579 0.04488368704915047 -0.691544234752655 -0.7209380865097046 -0.6358806490898132 -0.9702739119529724 -0.2019699364900589 0.13332873582839966 -2.207111120223999
-0.23774825036525726 0.6935300827026367 -0.6800673007965088 -0.04322339594364166 0.044953424483537674 -0.6915360689163208 -0.7209415435791016 -0.6358761787414551 -0.9702858924865723 -0.2019740343093872 0.1332351565361023 -2.2070794105529785
-0.2378326654434204 0.6934718489646912 -0.6800971627235413 -0.04318825900554657 0.044922709465026855 -0.6915855407714844 -0.7208960056304932 -0.6358676552772522 -0.9702666401863098 -0.20200450718402863 0.13332921266555786 -2.2071166038513184
-0.23779745399951935 0.6934692859649658 -0.6801121234893799 -0.043183863162994385 0.04500381648540497 -0.6915791630744934 -0.7208970189094543 -0.6358491778373718 -0.9702714681625366 -0.20203521847724915 0.1332472264766693 -2.207087516784668
-0.23782563209533691 0.6934840679168701 -0.6800872087478638 -0.04319484531879425 0.0449974425137043 -0.6915586590766907 -0.7209171056747437 -0.6358570456504822 -0.9702648520469666 -0.20205485820770264 0.13326558470726013 -2.2070541381835938
-0.23773059248924255 0.6934542655944824 -0.6801508069038391 -0.04320809617638588 0.045092616230249405 -0.6915913820266724 -0.7208797931671143 -0.6358718872070312 -0.9702837467193604 -0.20204505324363708 0.13314297795295715 -2.207059621810913
-0.23776277899742126 0.6934404969215393 -0.6801536083221436 -0.04322292283177376 0.04504885897040367 -0.6916080117225647 -0.7208665609359741 -0.635857343673706 -0.9702779054641724 -0.20203547179698944 0.13320015370845795 -2.207051992416382
-0.23774082958698273 0.6934821605682373 -0.68011873960495 -0.043215129524469376 0.04499859735369682 -0.6915791034698486 -0.7208974361419678 -0.6358774900436401 -0.9702855944633484 -0.2019912451505661 0.13321107625961304 -2.2071046829223633
-0.2377399057149887 0.6934636831283569 -0.6801378726959229 -0.04322491213679314 0.04501403123140335 -0.6915956735610962 -0.7208805680274963 -0.6359122395515442 -0.9702851176261902 -0.20199793577194214 0.13320450484752655 -2.20703125
-0.23766261339187622 0.6935114860534668 -0.6801162362098694 -0.0432579480111599 0.04506053775548935 -0.6915524005889893 -0.7209191918373108 -0.6359180212020874 -0.9703019261360168 -0.2019820362329483 0.13310636579990387 -2.206976890563965
-0.2376440167427063 0.693523108959198 -0.6801108717918396 -0.04326809197664261 0.04505808278918266 -0.6915447115898132 -0.7209267020225525 -0.6359264254570007 -0.9703065752983093 -0.2019685059785843 0.13309285044670105 -2.2069501876831055
-0.23759518563747406 0.6935938596725464 -0.6800557971000671 -0.04327289015054703 0.04510103911161423 -0.6914715766906738 -0.720994234085083 -0.6359260082244873 -0.9703165292739868 -0.20197607576847076 0.13300871849060059 -2.20688796043396
-0.23757146298885345 0.6935980319976807 -0.6800597906112671 -0.04325999692082405 0.04509332403540611 -0.6914739608764648 -0.720992386341095 -0.6359192132949829 -0.9703226685523987 -0.2019534707069397 0.1329980492591858 -2.2069015502929688
-0.23761604726314545 0.6936104893684387 -0.6800314784049988 -0.043200381100177765 0.04508952423930168 -0.6914516687393188 -0.7210139632225037 -0.6358665227890015 -0.9703119397163391 -0.2019868791103363 0.133025661110878 -2.2069342136383057
-0.23766474425792694 0.6936066150665283 -0.680018424987793 -0.04322340711951256 0.045105841010808945 -0.6914416551589966 -0.7210226058959961 -0.6358532309532166 -0.970299243927002 -0.20203454792499542 0.13304580748081207 -2.206953763961792
-0.2376389056444168 0.6936215758323669 -0.6800122261047363 -0.04322499781847 0.04510224610567093 -0.6914322376251221 -0.7210317850112915 -0.6358526349067688 -0.9703057408332825 -0.20201538503170013 0.13302752375602722 -2.206935167312622
-0.2376747876405716 0.6936157941818237 -0.6800056099891663 -0.04319599270820618 0.04503222554922104 -0.6914450526237488 -0.7210239171981812 -0.6358460783958435 -0.9703002572059631 -0.201991468667984 0.13310420513153076 -2.2069485187530518
-0.2376081347465515 0.6936208009719849 -0.6800237894058228 -0.043219950050115585 0.04496270790696144 -0.6914688944816589 -0.721005380153656 -0.6358780860900879 -0.9703198075294495 -0.20189253985881805 0.13311178982257843 -2.2069787979125977
-0.23767809569835663 0.6935827136039734 -0.6800381541252136 -0.043205294758081436 0.04496986046433449 -0.6914923191070557 -0.7209824323654175 -0.6358696818351746 -0.9703022837638855 -0.2019430547952652 0.1331624686717987 -2.2070155143737793
-0.23758752644062042 0.6935985684394836 -0.6800536513328552 -0.04324258118867874 0.045076411217451096 -0.6914733648300171 -0.7209939956665039 -0.6358997225761414 -0.9703195691108704 -0.20195364952087402 0.13302072882652283 -2.2070422172546387
-0.23763032257556915 0.6935746669769287 -0.680063009262085 -0.043248437345027924 0.04502066969871521 -0.6915008425712585 -0.7209711670875549 -0.6358771324157715 -0.9703116416931152 -0.2019415944814682 0.1330965757369995 -2.2070765495300293
-0.2375314086675644 0.6936419606208801 -0.6800289750099182 -0.04324135184288025 0.04507800191640854 -0.6914393901824951 -0.7210264801979065 -0.6358722448348999 -0.9703332185745239 -0.20192088186740875 0.13297079503536224 -2.20707106590271
-0.23747292160987854 0.6936572194099426 -0.6800338625907898 -0.043246399611234665 0.04509905353188515 -0.6914317607879639 -0.7210325002670288 -0.6358764171600342 -0.9703465700149536 -0.20189467072486877 0.1329132616519928 -2.2070484161376953
-0.237555593252182 0.6936283707618713 -0.6800343990325928 -0.043219152837991714 0.04504505544900894 -0.6914553046226501 -0.7210132479667664 -0.6358550190925598 -0.9703288078308105 -0.2019130140542984 0.1330147683620453 -2.2070891857147217
-0.23750530183315277 0.6936243772506714 -0.6800559759140015 -0.04316933453083038 0.04507972672581673 -0.6914634108543396 -0.7210033535957336 -0.6358470916748047 -0.9703395366668701 -0.2018989473581314 0.1329580396413803 -2.207106351852417
-0.237523153424263 0.6936498880386353 -0.6800237894058228 -0.04314733296632767 0.04503525048494339 -0.6914417147636414 -0.7210269570350647 -0.6358258724212646 -0.9703372120857239 -0.20188573002815247 0.13299493491649628 -2.2071444988250732
-0.23751378059387207 0.6936850547790527 -0.6799911856651306 -0.04313118755817413 0.045027781277894974 -0.6914080381393433 -0.7210596799850464 -0.635819137096405 -0.970339834690094 -0.20188018679618835 0.13298405706882477 -2.2071704864501953
-0.23753707110881805 0.6936953067779541 -0.6799725890159607 -0.04310551658272743 0.04497388377785683 -0.6914032697677612 -0.7210676670074463 -0.6358524560928345 -0.9703366756439209 -0.2018613964319229 0.13303594291210175 -2.207127332687378
-0.23753352463245392 0.6936957836151123 -0.679973304271698 -0.04314809292554855 0.0450303740799427 -0.6913917660713196 -0.721075177192688 -0.6358453035354614 -0.9703348875045776 -0.20189906656742096 0.13299155235290527 -2.207150459289551
-0.2376457303762436 0.6936587691307068 -0.6799718737602234 -0.043142035603523254 0.04492896422743797 -0.6914273500442505 -0.7210473418235779 -0.6358351707458496 -0.9703121185302734 -0.20190434157848358 0.13314960896968842 -2.2071709632873535
-0.2376367747783661 0.6936773061752319 -0.6799560785293579 -0.04316629841923714 0.044917911291122437 -0.6914119720458984 -0.7210627794265747 -0.6358622908592224 -0.9703148603439331 -0.20189334452152252 0.13314658403396606 -2.2071032524108887
-0.23766377568244934 0.6936692595481873 -0.6799548864364624 -0.04316195473074913 0.0449267141520977 -0.6914127469062805 -0.7210614681243896 -0.6358689069747925 -0.9703078269958496 -0.20191842317581177 0.13315969705581665 -2.2070999145507812
-0.23762229084968567 0.6937279105186462 -0.6799095273017883 -0.04317907243967056 0.04501103237271309 -0.6913421154022217 -0.7211239337921143 -0.6358881592750549 -0.970314085483551 -0.20195865631103516 0.13305310904979706 -2.2071313858032227
-0.23772071301937103 0.693726122379303 -0.6798769235610962 -0.04321065545082092 0.04492809623479843 -0.6913395524024963 -0.7211315631866455 -0.6358805894851685 -0.9702938199043274 -0.2019735872745514 0.13317814469337463 -2.207123041152954
-0.23769231140613556 0.6937403082847595 -0.6798723936080933 -0.043220799416303635 0.04488790035247803 -0.6913391351699829 -0.7211344838142395 -0.635890007019043 -0.9703026413917542 -0.20192626118659973 0.13318565487861633 -2.2071280479431152
-0.2376679629087448 0.6937527656555176 -0.6798681616783142 -0.04323000833392143 0.04494090378284454 -0.6913202404975891 -0.7211492657661438 -0.6358915567398071 -0.9703061580657959 -0.20194806158542633 0.13312701880931854 -2.2071328163146973
-0.23770932853221893 0.6936945915222168 -0.6799131035804749 -0.04326814413070679 0.04490986838936806 -0.6913793087005615 -0.7210946083068848 -0.6358934044837952 -0.9702974557876587 -0.20194581151008606 0.13319379091262817 -2.207132339477539
-0.2376995086669922 0.6937383413314819 -0.6798719167709351 -0.04323229193687439 0.04491710290312767 -0.6913335919380188 -0.7211380004882812 -0.6358810067176819 -0.970299482345581 -0.20195211470127106 0.13316914439201355 -2.207118034362793
-0.23766638338565826 0.6937395334243774 -0.679882287979126 -0.04324442893266678 0.044914498925209045 -0.6913401484489441 -0.7211318016052246 -0.6358875036239624 -0.9703077673912048 -0.20192545652389526 0.13314956426620483 -2.20711350440979
-0.23772580921649933 0.6936798691749573 -0.679922342300415 -0.043249987065792084 0.044891417026519775 -0.691395103931427 -0.7210806012153625 -0.6358396410942078 -0.9702942371368408 -0.20194223523139954 0.13322241604328156 -2.2071030139923096
-0.23771549761295319 0.6936661601066589 -0.6799399256706238 -0.04323958232998848 0.04487040266394615 -0.691416323184967 -0.7210615873336792 -0.6358276009559631 -0.9702977538108826 -0.20191678404808044 0.13323551416397095 -2.2071282863616943
-0.23768378794193268 0.6936700344085693 -0.6799470782279968 -0.043226856738328934 0.044879332184791565 -0.6914173364639282 -0.721060037612915 -0.6358219385147095 -0.9703050851821899 -0.2018999457359314 0.13320745527744293 -2.2071478366851807
-0.2377322018146515 0.6936379671096802 -0.6799628734588623 -0.04320616275072098 0.044841915369033813 -0.691448450088501 -0.7210325002670288 -0.6358173489570618 -0.9702949523925781 -0.2019035816192627 0.13327573239803314 -2.207160234451294
-0.2377374917268753 0.6936290860176086 -0.6799700856208801 -0.04317795857787132 0.04486081749200821 -0.6914528012275696 -0.7210271954536438 -0.6358212828636169 -0.9702928066253662 -0.2019193023443222 0.13326770067214966 -2.2071919441223145
-0.237732395529747 0.693650484085083 -0.6799499988555908 -0.04315916448831558 0.04488521069288254 -0.6914260983467102 -0.7210512757301331 -0.635823130607605 -0.9702929258346558 -0.20193703472614288 0.1332399547100067 -2.2072014808654785
-0.23772305250167847 0.6936593055725098 -0.6799442768096924 -0.043190713971853256 0.04492194578051567 -0.6914111971855164 -0.7210632562637329 -0.6358375549316406 -0.9702935218811035 -0.20195788145065308 0.13320405781269073 -2.2072246074676514
-0.2377311736345291 0.6936319470405579 -0.6799693703651428 -0.043179403990507126 0.044819869101047516 -0.6914596557617188 -0.7210231423377991 -0.6358209252357483 -0.9702962636947632 -0.2018859088420868 0.13329322636127472 -2.2072417736053467
-0.23767653107643127 0.6936492919921875 -0.6799707412719727 -0.04317509010434151 0.044875744730234146 -0.6914416551589966 -0.7210369110107422 -0.6358428597450256 -0.9703070521354675 -0.201887845993042 0.1332116425037384 -2.2072594165802
-0.23767860233783722 0.6936408877372742 -0.679978609085083 -0.04316951334476471 0.04487136751413345 -0.6914510130882263 -0.721028208732605 -0.6358850598335266 -0.9703067541122437 -0.20188464224338531 0.13321872055530548 -2.207227945327759
-0.23771321773529053 0.6936522722244263 -0.6799549460411072 -0.04317931830883026 0.044756002724170685 -0.6914553642272949 -0.7210312485694885 -0.635849118232727 -0.9703035950660706 -0.20183081924915314 0.13332319259643555 -2.2072484493255615
-0.23772257566452026 0.6936441659927368 -0.6799599528312683 -0.043173953890800476 0.04478718340396881 -0.6914554238319397 -0.7210292816162109 -0.6358413696289062 -0.9702998399734497 -0.2018585205078125 0.13330839574337006 -2.2072489261627197
-0.2376168966293335 0.6936829090118408 -0.6799573302268982 -0.04317757114768028 0.0448886938393116 -0.6914165019989014 -0.7210602164268494 -0.6358045935630798 -0.9703210592269897 -0.20185858011245728 0.13315393030643463 -2.2072105407714844
-0.2376718521118164 0.6936807036399841 -0.6799403429031372 -0.04317454993724823 0.044841550290584564 -0.6914165019989014 -0.7210631370544434 -0.6358075141906738 -0.9703097939491272 -0.20186609029769897 0.1332247406244278 -2.207223415374756
-0.23770055174827576 0.6936957836151123 -0.6799149513244629 -0.04317314177751541 0.044827900826931 -0.6913970112800598 -0.7210826873779297 -0.6358022093772888 -0.9703033566474915 -0.20188100636005402 0.13324874639511108 -2.2072246074676514
-0.2376164048910141 0.6938056349754333 -0.6798322796821594 -0.043214187026023865 0.04485439136624336 -0.6912935376167297 -0.721180260181427 -0.6358571648597717 -0.9703227877616882 -0.2018578201532364 0.13314267992973328 -2.2071824073791504
-0.2376057654619217 0.6937813758850098 -0.6798607110977173 -0.0432039238512516 0.04481988772749901 -0.6913288235664368 -0.7211486101150513 -0.6358414888381958 -0.9703269600868225 -0.20182044804096222 0.13316872715950012 -2.2072036266326904
-0.23758816719055176 0.6937903165817261 -0.6798577904701233 -0.043218981474637985 0.04485396668314934 -0.6913161873817444 -0.7211586236953735 -0.6358127593994141 -0.9703297019004822 -0.20183315873146057 0.13312950730323792 -2.2071657180786133
-0.237645223736763 0.6937283277511597 -0.679901123046875 -0.043192390352487564 0.04486185312271118 -0.6913676857948303 -0.7211087346076965 -0.6358364224433899 -0.9703153371810913 -0.20186975598335266 0.1331785023212433 -2.207139730453491
-0.23752601444721222 0.6937502026557922 -0.6799204349517822 -0.04322490096092224 0.04492818936705589 -0.6913569569587708 -0.7211148738861084 -0.6358705163002014 -0.9703415036201477 -0.20183123648166656 0.13304653763771057 -2.2071645259857178
-0.2375330775976181 0.6936841011047363 -0.6799854040145874 -0.04322534427046776 0.04494539275765419 -0.6914219260215759 -0.7210515141487122 -0.6358560919761658 -0.9703389406204224 -0.20183588564395905 0.13305789232254028 -2.207176923751831
-0.23746713995933533 0.6936784982681274 -0.6800141334533691 -0.04322444647550583 0.04501199722290039 -0.691428542137146 -0.7210409641265869 -0.6358595490455627 -0.9703519940376282 -0.20183244347572327 0.13296793401241302 -2.2071688175201416
-0.23757460713386536 0.6936633586883545 -0.6799920797348022 -0.04323951527476311 0.04495101049542427 -0.6914336085319519 -0.7210399508476257 -0.6358419060707092 -0.9703285098075867 -0.2018672078847885 0.1330864131450653 -2.207166910171509
-0.237545445561409 0.6936688423156738 -0.6799966096878052 -0.04323254153132439 0.04502464085817337 -0.6914188861846924 -0.7210494875907898 -0.635826051235199 -0.9703322649002075 -0.2018987238407135 0.13301143050193787 -2.2071173191070557
-0.23754774034023285 0.6936972737312317 -0.6799668073654175 -0.04323582351207733 0.04503370821475983 -0.691386342048645 -0.7210801243782043 -0.6358473896980286 -0.9703312516212463 -0.20191247761249542 0.13299772143363953 -2.207059860229492
-0.23752647638320923 0.6937362551689148 -0.6799345016479492 -0.043228235095739365 0.045146554708480835 -0.6913262009620667 -0.7211307287216187 -0.6358482241630554 -0.9703312516212463 -0.2019844353199005 0.13288868963718414 -2.207040548324585
-0.2375616431236267 0.6936677098274231 -0.679992139339447 -0.0431668721139431 0.0450347438454628 -0.6914144158363342 -0.7210531830787659 -0.6358317136764526 -0.9703277945518494 -0.20191794633865356 0.13301460444927216 -2.2070775032043457
-0.23744747042655945 0.6936456561088562 -0.6800545454025269 -0.043149519711732864 0.04510703310370445 -0.6914479732513428 -0.7210164070129395 -0.6358912587165833 -0.9703524112701416 -0.2018788605928421 0.13289448618888855 -2.207103967666626
-0.23746435344219208 0.69371098279953 -0.6799820065498352 -0.04316837713122368 0.044946253299713135 -0.6914083957672119 -0.7210643887519836 -0.6358647346496582 -0.970355749130249 -0.20178984105587006 0.13300536572933197 -2.207148551940918
-0.23746787011623383 0.6937165856361389 -0.6799750328063965 -0.04316183552145958 0.04495582729578018 -0.6913996934890747 -0.7210721969604492 -0.6358655691146851 -0.970354437828064 -0.2018004059791565 0.13299882411956787 -2.2071354389190674
-0.23753035068511963 0.693684995174408 -0.6799854040145874 -0.04318062588572502 0.04484058544039726 -0.6914433240890503 -0.7210375070571899 -0.6358261704444885 -0.9703444838523865 -0.20175933837890625 0.13313375413417816 -2.207155704498291
-0.2374507486820221 0.6936829090118408 -0.6800153851509094 -0.043162185698747635 0.04481762647628784 -0.6914678812026978 -0.7210153937339783 -0.6358368992805481 -0.9703649878501892 -0.2016824185848236 0.13310056924819946 -2.207186460494995
-0.23741865158081055 0.6936512589454651 -0.6800588369369507 -0.043182842433452606 0.04485384374856949 -0.6915010213851929 -0.7209813594818115 -0.6358518600463867 -0.9703711867332458 -0.20167776942253113 0.13306252658367157 -2.207179307937622
-0.23740996420383453 0.6936485171318054 -0.6800646781921387 -0.043182287365198135 0.04483466595411301 -0.6915097832679749 -0.7209741473197937 -0.6358529925346375 -0.9703742265701294 -0.2016570121049881 0.13307203352451324 -2.207169771194458
-0.23740077018737793 0.6936674118041992 -0.6800485849380493 -0.04321616515517235 0.04483402892947197 -0.6914919018745422 -0.720991313457489 -0.6358792781829834 -0.9703764915466309 -0.20165331661701202 0.133061021566391 -2.207212209701538
-0.23747014999389648 0.6936742663383484 -0.6800174117088318 -0.043225884437561035 0.0448758639395237 -0.6914606690406799 -0.7210186719894409 -0.6358943581581116 -0.9703575968742371 -0.20173688232898712 0.13307225704193115 -2.2071995735168457
-0.23743773996829987 0.6936575174331665 -0.6800458431243896 -0.04323415085673332 0.04484934359788895 -0.6914911270141602 -0.7209911346435547 -0.6359052062034607 -0.9703667163848877 -0.201690211892128 0.13307622075080872 -2.2071924209594727
-0.2374539077281952 0.6936545968055725 -0.68004310131073 -0.04320381209254265 0.04485328495502472 -0.6914898157119751 -0.7209921479225159 -0.635894775390625 -0.9703626036643982 -0.20170466601848602 0.1330844759941101 -2.2071681022644043
-0.23747675120830536 0.6936788558959961 -0.6800104379653931 -0.04323666915297508 0.04498163238167763 -0.6914323568344116 -0.7210392355918884 -0.6358944773674011 -0.9703510403633118 -0.20181813836097717 0.13299652934074402 -2.2072184085845947
-0.2374676764011383 0.6936498880386353 -0.6800431609153748 -0.043229278177022934 0.044982362538576126 -0.6914649605751038 -0.7210079431533813 -0.6358848214149475 -0.9703532457351685 -0.20180612802505493 0.1329987794160843 -2.2072582244873047
-0.23737291991710663 0.6936765313148499 -0.6800490021705627 -0.04321727156639099 0.04503372684121132 -0.6914469003677368 -0.7210220694541931 -0.6358934044837952 -0.9703740477561951 -0.20177635550498962 0.13289214670658112 -2.2072665691375732
-0.23744048178195953 0.6936262845993042 -0.6800767183303833 -0.043195538222789764 0.044983912259340286 -0.6914955973625183 -0.7209784388542175 -0.6359164118766785 -0.9703598618507385 -0.20178207755088806 0.13298724591732025 -2.2072484493255615
-0.23736342787742615 0.693648099899292 -0.6800813674926758 -0.04318760707974434 0.04507448896765709 -0.6914706826210022 -0.7209966778755188 -0.6358795166015625 -0.9703744649887085 -0.2017926573753357 0.13286423683166504 -2.2072060108184814
-0.23740875720977783 0.6936174631118774 -0.6800967454910278 -0.043196819722652435 0.045042574405670166 -0.6914997696876526 -0.7209708094596863 -0.6358746886253357 -0.9703648686408997 -0.2017981857061386 0.13292600214481354 -2.207216739654541
-0.2373722642660141 0.6936112642288208 -0.680115818977356 -0.04319002479314804 0.045123860239982605 -0.6914975047111511 -0.7209678888320923 -0.6358961462974548 -0.9703700542449951 -0.20182733237743378 0.13284412026405334 -2.207223653793335
-0.2374689131975174 0.6935831904411316 -0.68011075258255 -0.04318440333008766 0.04508836567401886 -0.6915132999420166 -0.720954954624176 -0.6358974575996399 -0.9703480005264282 -0.20186956226825714 0.1329406052827835 -2.207225799560547
-0.2374458611011505 0.6935908198356628 -0.6801109910011292 -0.04319119080901146 0.04518130049109459 -0.6914910078048706 -0.7209705114364624 -0.6358742713928223 -0.9703493714332581 -0.20191986858844757 0.13285455107688904 -2.2071692943573
-0.23744316399097443 0.6936129331588745 -0.6800894141197205 -0.04319208860397339 0.045241378247737885 -0.6914556622505188 -0.7210006713867188 -0.6358935832977295 -0.9703472256660461 -0.20196495950222015 0.1328016221523285 -2.2071659564971924
-0.23743674159049988 0.6936205625534058 -0.6800838708877563 -0.04319408908486366 0.04522254317998886 -0.6914529204368591 -0.7210044860839844 -0.6359046697616577 -0.9703496694564819 -0.20194818079471588 0.13280925154685974 -2.2071502208709717
