# 3x4 first row second row third row Freq: 100 current Time: 2021-07-28-14:01:13
-0.3262087106704712 -0.08383774757385254 -0.9415727257728577 0.39029598236083984 0.06692907214164734 -0.9956080317497253 0.0654614195227623 -0.7739689350128174 -0.9429254531860352 -0.04166450724005699 0.330387145280838 -2.0788023471832275
-0.3262004554271698 -0.0838082954287529 -0.941578209400177 0.3903094530105591 0.06690401583909988 -0.9956111907958984 0.06543944776058197 -0.7739861607551575 -0.9429301023483276 -0.0416489876806736 0.33037588000297546 -2.078834295272827
-0.32616451382637024 -0.08378246426582336 -0.9415929317474365 0.3903113007545471 0.06688066571950912 -0.9956138730049133 0.06542199850082397 -0.7739633917808533 -0.9429441690444946 -0.04163602739572525 0.3303372859954834 -2.0788259506225586
-0.3261682689189911 -0.08378704637289047 -0.9415912628173828 0.39030787348747253 0.06691858172416687 -0.9956119060516357 0.06541337817907333 -0.7739959955215454 -0.9429402351379395 -0.041674185544252396 0.3303438425064087 -2.078873872756958
-0.3261704742908478 -0.08381103724241257 -0.9415883421897888 0.3902992904186249 0.06694504618644714 -0.9956091046333313 0.06542937457561493 -0.7739901542663574 -0.9429375529289246 -0.041693542152643204 0.3303489685058594 -2.078873634338379
-0.32609567046165466 -0.08383610099554062 -0.9416120052337646 0.3903396427631378 0.06693704426288605 -0.9956074953079224 0.06546217203140259 -0.7739726901054382 -0.9429640173912048 -0.04168180003762245 0.33027493953704834 -2.0787949562072754
-0.32611083984375 -0.08384618163108826 -0.9416058659553528 0.3903404176235199 0.06695668399333954 -0.9956059455871582 0.06546524167060852 -0.7739663124084473 -0.94295734167099 -0.04169788584113121 0.33029189705848694 -2.078788995742798
-0.32613345980644226 -0.08392437547445297 -0.9415910840034485 0.39036208391189575 0.06702795624732971 -0.9955974221229553 0.06552189588546753 -0.7739660739898682 -0.9429444670677185 -0.04174404218792915 0.33032286167144775 -2.07888126373291
-0.3261210024356842 -0.08395005762577057 -0.9415931105613708 0.3903685212135315 0.06703517585992813 -0.9955952763557434 0.06554710865020752 -0.7739596366882324 -0.9429482817649841 -0.04174357280135155 0.3303120732307434 -2.078885555267334
-0.3261527717113495 -0.08399564772844315 -0.9415780305862427 0.39037296175956726 0.0670800507068634 -0.9955902099609375 0.06557810306549072 -0.7739981412887573 -0.9429340958595276 -0.04177262261509895 0.3303488790988922 -2.0788769721984863
-0.32615387439727783 -0.08400332927703857 -0.9415769577026367 0.3903905153274536 0.0670776292681694 -0.9955897927284241 0.06558702141046524 -0.773998498916626 -0.9429338574409485 -0.041767291724681854 0.3303501307964325 -2.078888177871704
-0.3261619508266449 -0.08397603034973145 -0.9415766000747681 0.3903389871120453 0.06708937138319016 -0.9955912232398987 0.06555366516113281 -0.7740060687065125 -0.9429302215576172 -0.04178867116570473 0.3303578197956085 -2.0789172649383545
-0.3261161148548126 -0.08398790657520294 -0.9415913820266724 0.39033108949661255 0.06703435629606247 -0.9955926537513733 0.06558763980865479 -0.7739951610565186 -0.9429500102996826 -0.04172978922724724 0.33030882477760315 -2.078906536102295
-0.326183021068573 -0.08406450599431992 -0.9415614008903503 0.3903208076953888 0.06701117753982544 -0.9955885410308838 0.06567362695932388 -0.7740273475646973 -0.9429285526275635 -0.04167351499199867 0.3303772807121277 -2.078896999359131
-0.3262288570404053 -0.0840068981051445 -0.9415506720542908 0.39030152559280396 0.0669412836432457 -0.9955958127975464 0.06563505530357361 -0.7740119099617004 -0.9429176449775696 -0.04161656275391579 0.3304155468940735 -2.07887601852417
-0.32619065046310425 -0.08401260524988174 -0.9415633678436279 0.3902915120124817 0.06693229079246521 -0.9955956935882568 0.06564603000879288 -0.7740117907524109 -0.9429314732551575 -0.04160787910223007 0.33037707209587097 -2.0788776874542236
-0.32622453570365906 -0.08395793288946152 -0.9415565133094788 0.39028775691986084 0.06697700917720795 -0.9955976009368896 0.06557097285985947 -0.7740455865859985 -0.9429165720939636 -0.04167178273200989 0.33041155338287354 -2.078880548477173
-0.3262103199958801 -0.08394381403923035 -0.9415627121925354 0.39027976989746094 0.066990427672863 -0.9955979585647583 0.0655520036816597 -0.7740457653999329 -0.9429205656051636 -0.04169195145368576 0.33039772510528564 -2.0788748264312744
-0.3261963129043579 -0.08396479487419128 -0.9415656924247742 0.39032450318336487 0.06705603003501892 -0.9955935478210449 0.06555185467004776 -0.7740160226821899 -0.9429207444190979 -0.04175487905740738 0.33038923144340515 -2.078930139541626
-0.3261929154396057 -0.08393537998199463 -0.9415695071220398 0.3903219699859619 0.06706751883029938 -0.9955950975418091 0.0655168890953064 -0.7740047574043274 -0.9429211020469666 -0.041777584701776505 0.33038532733917236 -2.0789177417755127
-0.3262375295162201 -0.08400553464889526 -0.9415477514266968 0.3903638422489166 0.06705909222364426 -0.9955906867980957 0.06559193134307861 -0.7740094661712646 -0.9429062604904175 -0.041740790009498596 0.33043232560157776 -2.0788705348968506
-0.32633325457572937 -0.0839371532201767 -0.9415206909179688 0.3903622031211853 0.06710001826286316 -0.9955939650535583 0.06550079584121704 -0.7740022540092468 -0.9428701996803284 -0.04180096834897995 0.33052754402160645 -2.0788588523864746
-0.3262919485569 -0.08400227129459381 -0.9415292143821716 0.3903493881225586 0.06712600588798523 -0.9955881237983704 0.06556247919797897 -0.7740035653114319 -0.9428826570510864 -0.041808586567640305 0.3304910957813263 -2.078869104385376
-0.3262659013271332 -0.08399835973978043 -0.9415385723114014 0.3903238773345947 0.06707409769296646 -0.9955906271934509 0.06557776033878326 -0.7739738821983337 -0.9428953528404236 -0.041757065802812576 0.330461323261261 -2.0788097381591797
-0.3262612819671631 -0.08394087105989456 -0.941545307636261 0.3903087377548218 0.06710481643676758 -0.995593249797821 0.06550642102956772 -0.7740063667297363 -0.9428948163986206 -0.041810017079114914 0.33045631647109985 -2.078798532485962
-0.3262535333633423 -0.08394825458526611 -0.9415473341941833 0.39033401012420654 0.06711781769990921 -0.9955921769142151 0.06551003456115723 -0.7740349173545837 -0.9428965449333191 -0.04182172566652298 0.33044978976249695 -2.078847885131836
-0.3262653350830078 -0.0840001180768013 -0.9415386319160461 0.39033839106559753 0.06713856011629105 -0.9955876469612122 0.06555705517530441 -0.7740252017974854 -0.942891001701355 -0.041824549436569214 0.33046531677246094 -2.078856945037842
-0.32629597187042236 -0.08401285856962204 -0.9415268898010254 0.39037027955055237 0.06713683903217316 -0.9955869317054749 0.0655696913599968 -0.774051308631897 -0.9428805112838745 -0.04181601107120514 0.33049631118774414 -2.0788750648498535
-0.32630762457847595 -0.08401630073785782 -0.9415225386619568 0.39037588238716125 0.06711594760417938 -0.9955876469612122 0.0655800998210907 -0.7740616202354431 -0.9428779482841492 -0.0417918860912323 0.3305066227912903 -2.0788679122924805
-0.3262734115123749 -0.08400513231754303 -0.9415353536605835 0.3903546929359436 0.06716622412204742 -0.995586097240448 0.06555227935314178 -0.7740653157234192 -0.942886233329773 -0.04185141623020172 0.33047550916671753 -2.078876256942749
-0.3262973725795746 -0.08397305756807327 -0.9415299296379089 0.39035964012145996 0.06717262417078018 -0.9955881237983704 0.06551498919725418 -0.7740734815597534 -0.942877471446991 -0.04186766594648361 0.3304983973503113 -2.078864812850952
-0.3262237310409546 -0.08401855826377869 -0.9415513873100281 0.39033079147338867 0.06719397008419037 -0.9955837726593018 0.06555908173322678 -0.7739940285682678 -0.9429014325141907 -0.041879646480083466 0.3304285407066345 -2.0788142681121826
-0.3262014389038086 -0.08405068516731262 -0.9415562152862549 0.39032459259033203 0.06723137944936752 -0.9955798387527466 0.06558099389076233 -0.773993730545044 -0.9429064989089966 -0.041909512132406235 0.330410361289978 -2.078794240951538
-0.32631149888038635 -0.08406933397054672 -0.9415164589881897 0.39037325978279114 0.06725730001926422 -0.9955776929855347 0.06558645516633987 -0.7739958763122559 -0.9428665637969971 -0.04192223772406578 0.33052268624305725 -2.0788328647613525
-0.3263346552848816 -0.08407427370548248 -0.9415079951286316 0.3903782069683075 0.0672098845243454 -0.9955795407295227 0.0656072124838829 -0.7739937901496887 -0.9428619146347046 -0.04186873137950897 0.330542653799057 -2.0788211822509766
-0.32629650831222534 -0.08412427455186844 -0.9415167570114136 0.39040660858154297 0.06716269254684448 -0.9955780506134033 0.06567841023206711 -0.7740260362625122 -0.9428784847259521 -0.04180416092276573 0.33050358295440674 -2.0788583755493164
-0.32624784111976624 -0.0841289535164833 -0.9415332078933716 0.39041128754615784 0.06716904789209366 -0.9955772757530212 0.06568341702222824 -0.7740317583084106 -0.9428948760032654 -0.04181281477212906 0.3304557204246521 -2.0788514614105225
-0.32641109824180603 -0.08412463963031769 -0.9414770007133484 0.39037609100341797 0.06712161004543304 -0.9955801963806152 0.06568784266710281 -0.7740722298622131 -0.9428417682647705 -0.04175220802426338 0.33061492443084717 -2.0789051055908203
-0.3263816833496094 -0.08414269238710403 -0.941485583782196 0.3903805613517761 0.06714657694101334 -0.9955776929855347 0.06569954752922058 -0.7740795612335205 -0.9428501725196838 -0.041774407029151917 0.330588161945343 -2.0789079666137695
-0.3264048397541046 -0.0841476246714592 -0.9414771199226379 0.3903215825557709 0.06704520434141159 -0.9955819249153137 0.0657392218708992 -0.7740229368209839 -0.942849338054657 -0.04166392236948013 0.3306044042110443 -2.078869581222534
-0.32639241218566895 -0.08414195477962494 -0.94148188829422 0.3903194069862366 0.06703899800777435 -0.9955825805664062 0.06573598831892014 -0.7740209102630615 -0.942854106426239 -0.04166027531027794 0.3305913209915161 -2.078871965408325
-0.3263474106788635 -0.0840805247426033 -0.9415029883384705 0.3903023898601532 0.06710030883550644 -0.9955840110778809 0.06565163284540176 -0.7740009427070618 -0.9428653120994568 -0.041749902069568634 0.3305480480194092 -2.0788724422454834
-0.3263604938983917 -0.08406233042478561 -0.9415000677108765 0.39029765129089355 0.06708619743585587 -0.9955859184265137 0.06563673168420792 -0.7739959955215454 -0.942861795425415 -0.04174042493104935 0.33055928349494934 -2.078875780105591
-0.3263646364212036 -0.0840689018368721 -0.9414980411529541 0.39034900069236755 0.06707145273685455 -0.9955861568450928 0.06564866006374359 -0.7740132808685303 -0.9428613781929016 -0.04172224551439285 0.33056265115737915 -2.0789103507995605
-0.32635393738746643 -0.08407767117023468 -0.9415009617805481 0.39034977555274963 0.06709323078393936 -0.9955845475196838 0.06565079092979431 -0.7740078568458557 -0.9428635239601135 -0.041742950677871704 0.33055391907691956 -2.0789151191711426
-0.32629185914993286 -0.0840490534901619 -0.9415250420570374 0.3903224766254425 0.0671527236700058 -0.995583713054657 0.06560258567333221 -0.774010181427002 -0.9428808093070984 -0.041820380836725235 0.3304949104785919 -2.0788979530334473
-0.32629159092903137 -0.08404156565666199 -0.9415258169174194 0.39031699299812317 0.06717845797538757 -0.9955830574035645 0.0655856654047966 -0.7739963531494141 -0.9428790807723999 -0.04185020551085472 0.3304961323738098 -2.0789029598236084
-0.3262668550014496 -0.08404868096113205 -0.9415337443351746 0.3903168737888336 0.067134328186512 -0.9955844879150391 0.06560981273651123 -0.7739906907081604 -0.9428907632827759 -0.04180293157696724 0.33046868443489075 -2.078906774520874
-0.3262942135334015 -0.08398544043302536 -0.9415299296379089 0.39034268260002136 0.06710727512836456 -0.9955901503562927 0.06555114686489105 -0.7740053534507751 -0.9428831934928894 -0.0417945459485054 0.3304912745952606 -2.0789411067962646
-0.3263102173805237 -0.0840461403131485 -0.9415189623832703 0.3903786540031433 0.06710334122180939 -0.9955861568450928 0.06561595946550369 -0.7739795446395874 -0.9428779482841492 -0.0417679101228714 0.33050966262817383 -2.078949213027954
-0.32630017399787903 -0.08405749499797821 -0.941521406173706 0.39035603404045105 0.06721181422472 -0.9955804944038391 0.06559041142463684 -0.7739719748497009 -0.9428737163543701 -0.04187919944524765 0.33050766587257385 -2.0789337158203125
-0.3262825608253479 -0.08405616134405136 -0.9415276646614075 0.39036205410957336 0.06719609349966049 -0.9955812692642212 0.06559533625841141 -0.7739688158035278 -0.9428809285163879 -0.041864361613988876 0.33048900961875916 -2.0789413452148438
-0.32630518078804016 -0.08414538204669952 -0.941511869430542 0.3903906047344208 0.06721771508455276 -0.9955741167068481 0.06568104028701782 -0.7740381956100464 -0.9428715705871582 -0.04185421019792557 0.3305169939994812 -2.0789785385131836
-0.3263348937034607 -0.08414649963378906 -0.9415014386177063 0.39039695262908936 0.06723671406507492 -0.9955733418464661 0.06567417085170746 -0.7740465998649597 -0.942859947681427 -0.04187168926000595 0.3305479884147644 -2.0789828300476074
-0.32639238238334656 -0.08414621651172638 -0.9414815306663513 0.39035356044769287 0.06717166304588318 -0.9955763816833496 0.06569398194551468 -0.774044930934906 -0.9428446292877197 -0.04179886355996132 0.3306007385253906 -2.0789222717285156
-0.3263903558254242 -0.08414685726165771 -0.9414821863174438 0.39035654067993164 0.06721842288970947 -0.9955742955207825 0.06567835062742233 -0.7740546464920044 -0.9428420066833496 -0.04184816777706146 0.3306019902229309 -2.078925609588623
-0.3263760507106781 -0.08427978307008743 -0.9414752721786499 0.390339732170105 0.06720015406608582 -0.9955657720565796 0.06582599133253098 -0.7740539908409119 -0.942848265171051 -0.041783254593610764 0.3305923640727997 -2.078895092010498
-0.32638540863990784 -0.0842910036444664 -0.9414709806442261 0.3903365731239319 0.06720884889364243 -0.9955646395683289 0.06583436578512192 -0.7740655541419983 -0.9428443908691406 -0.04178781062364578 0.3306027948856354 -2.0788938999176025
-0.32636961340904236 -0.08421006798744202 -0.941483736038208 0.39027923345565796 0.06710224598646164 -0.995574951171875 0.06578690558671951 -0.7740163803100586 -0.9428575038909912 -0.041704826056957245 0.3305760324001312 -2.0788936614990234
-0.3263283967971802 -0.08424530923366547 -0.941494882106781 0.39026519656181335 0.06714058667421341 -0.9955706596374512 0.06581266224384308 -0.7740184664726257 -0.9428690075874329 -0.04173597693443298 0.33053919672966003 -2.078895330429077
-0.32632681727409363 -0.08430114388465881 -0.9414904117584229 0.3903302848339081 0.06719502061605453 -0.995564341545105 0.06585268676280975 -0.7740262150764465 -0.9428656697273254 -0.0417739674448967 0.3305439054965973 -2.0789284706115723
-0.3263515830039978 -0.08429952710866928 -0.9414819478988647 0.39032745361328125 0.06716187298297882 -0.9955660104751587 0.06586144119501114 -0.7740340232849121 -0.9428594708442688 -0.04173770546913147 0.3305661976337433 -2.078930139541626
-0.3264048993587494 -0.08426890522241592 -0.941466212272644 0.39032453298568726 0.06719280779361725 -0.9955669045448303 0.06581571698188782 -0.7740206122398376 -0.9428388476371765 -0.04177718609571457 0.3306201100349426 -2.078873872756958
-0.32638081908226013 -0.08426684886217117 -0.9414747357368469 0.39032238721847534 0.06717333942651749 -0.9955678582191467 0.06582149863243103 -0.774025559425354 -0.9428485631942749 -0.04175913333892822 0.3305946886539459 -2.0788655281066895
-0.3263416290283203 -0.08428455889225006 -0.9414867758750916 0.3903648257255554 0.06718427687883377 -0.9955660104751587 0.06583821773529053 -0.7740216851234436 -0.9428613185882568 -0.04176735132932663 0.3305571973323822 -2.0788869857788086
-0.326352596282959 -0.08427787572145462 -0.9414835572242737 0.39036887884140015 0.067159004509449 -0.9955676198005676 0.0658395066857338 -0.7740222811698914 -0.9428593516349792 -0.04174220561981201 0.33056601881980896 -2.0788769721984863
-0.3264337182044983 -0.08433949947357178 -0.9414499402046204 0.390318363904953 0.06715498119592667 -0.9955637454986572 0.06590227782726288 -0.7740722298622131 -0.9428315162658691 -0.04171032831072807 0.33064934611320496 -2.0789127349853516
-0.3264830410480499 -0.08432983607053757 -0.9414336681365967 0.3903096914291382 0.0671093612909317 -0.9955666065216064 0.06590575724840164 -0.7740396857261658 -0.9428176879882812 -0.04166189953684807 0.33069485425949097 -2.078869581222534
-0.3264627456665039 -0.08434092253446579 -0.9414397478103638 0.39030757546424866 0.06711462140083313 -0.9955655336380005 0.06591658294200897 -0.774044394493103 -0.9428243637084961 -0.04166506230831146 0.33067551255226135 -2.0788774490356445
-0.3264070153236389 -0.08436519652605057 -0.9414568543434143 0.39034390449523926 0.06702371686697006 -0.9955676794052124 0.06597673892974854 -0.7740306854248047 -0.9428501129150391 -0.04156467318534851 0.3306146562099457 -2.0789084434509277
-0.32643845677375793 -0.08437406271696091 -0.9414451718330383 0.39034396409988403 0.06701790541410446 -0.9955673813819885 0.06598668545484543 -0.7740306854248047 -0.9428396224975586 -0.04155309498310089 0.33064597845077515 -2.0789077281951904
-0.32644036412239075 -0.08439985662698746 -0.9414421916007996 0.39036521315574646 0.06702583283185959 -0.9955652356147766 0.06601108610630035 -0.7740257382392883 -0.9428384304046631 -0.04155226796865463 0.33064958453178406 -2.0789315700531006
-0.32641124725341797 -0.08436914533376694 -0.941455066204071 0.39036640524864197 0.0670194923877716 -0.9955676198005676 0.06598220020532608 -0.7740232944488525 -0.9428489804267883 -0.041558507829904556 0.3306187689304352 -2.078930139541626
-0.32637783885002136 -0.08438680320978165 -0.9414650201797485 0.3903772830963135 0.06701948493719101 -0.9955662488937378 0.06600242853164673 -0.774006724357605 -0.9428605437278748 -0.0415547713637352 0.3305862545967102 -2.0789308547973633
-0.32639533281326294 -0.08439222723245621 -0.941458523273468 0.3903796970844269 0.06700409203767776 -0.9955666065216064 0.06601274013519287 -0.7740000486373901 -0.9428555369377136 -0.04153532162308693 0.33060285449028015 -2.078930616378784
-0.3263261318206787 -0.08434900641441345 -0.9414863586425781 0.39035677909851074 0.06706394255161285 -0.9955667853355408 0.06594928354024887 -0.7739682197570801 -0.9428752660751343 -0.041618816554546356 0.3305361568927765 -2.0788793563842773
-0.32634180784225464 -0.08432526141405106 -0.9414830803871155 0.39036116003990173 0.06704054772853851 -0.9955695271492004 0.06593164801597595 -0.7739598155021667 -0.9428715109825134 -0.041601285338401794 0.33054909110069275 -2.078875780105591
-0.3263438940048218 -0.08437594771385193 -0.9414777755737305 0.39035001397132874 0.06697257608175278 -0.9955689907073975 0.06600897759199142 -0.7739872336387634 -0.9428756237030029 -0.041511569172143936 0.33054864406585693 -2.0788733959198
-0.3262704014778137 -0.08436533808708191 -0.941504180431366 0.39031365513801575 0.06689994782209396 -0.9955726861953735 0.06602663546800613 -0.7740034461021423 -0.9429062008857727 -0.041444044560194016 0.33046987652778625 -2.0788755416870117
-0.3262552320957184 -0.08436670899391174 -0.9415093660354614 0.39031410217285156 0.06692319363355637 -0.995571494102478 0.06602063775062561 -0.7740039229393005 -0.9429097771644592 -0.041469234973192215 0.3304564356803894 -2.078868865966797
-0.32621926069259644 -0.08438754081726074 -0.9415199160575867 0.39037835597991943 0.06693949550390244 -0.9955692291259766 0.06603862345218658 -0.774000883102417 -0.9429211020469666 -0.04148180037736893 0.33042266964912415 -2.078946113586426
-0.3262453079223633 -0.08439779281616211 -0.941510021686554 0.390389084815979 0.06693089753389359 -0.9955689907073975 0.06605127453804016 -0.773999810218811 -0.9429126977920532 -0.04146719351410866 0.3304484784603119 -2.0789425373077393
-0.3262617290019989 -0.08440584689378738 -0.9415035843849182 0.3904384970664978 0.06696730852127075 -0.9955668449401855 0.06604626029729843 -0.7740143537521362 -0.9429044127464294 -0.041501592844724655 0.33046773076057434 -2.078951835632324
-0.3262525498867035 -0.08440309017896652 -0.9415069818496704 0.39045390486717224 0.06696505099534988 -0.9955671429634094 0.06604456901550293 -0.7740117907524109 -0.9429077506065369 -0.04150085896253586 0.33045831322669983 -2.0789501667022705
-0.326402485370636 -0.0843392163515091 -0.9414607882499695 0.3903878629207611 0.06695899367332458 -0.9955723285675049 0.06597217172384262 -0.7740226984024048 -0.9428563117980957 -0.041505783796310425 0.3306044936180115 -2.078921318054199
-0.3264203667640686 -0.08433379977941513 -0.941455066204071 0.3903809189796448 0.06700127571821213 -0.9955708980560303 0.06595078110694885 -0.7740037441253662 -0.9428470730781555 -0.04155100882053375 0.3306250274181366 -2.0788798332214355
-0.326341450214386 -0.08426427096128464 -0.9414886236190796 0.3903901278972626 0.0670589879155159 -0.9955729842185974 0.06586070358753204 -0.7740180492401123 -0.9428703188896179 -0.0416422002017498 0.3305473327636719 -2.078826904296875
-0.32633161544799805 -0.08426090329885483 -0.9414923787117004 0.39039692282676697 0.06708892434835434 -0.9955718517303467 0.06584709882736206 -0.7740404009819031 -0.9428715705871582 -0.04167572036385536 0.3305394649505615 -2.0788729190826416
-0.3263299763202667 -0.08414801210165024 -0.9415029883384705 0.39033880829811096 0.06705554574728012 -0.9955812096595764 0.06573951244354248 -0.7740345597267151 -0.9428744912147522 -0.041680220514535904 0.3305305242538452 -2.078922986984253
-0.3263293206691742 -0.0841478556394577 -0.9415032267570496 0.39033856987953186 0.06705622375011444 -0.9955812096595764 0.06573913991451263 -0.7740345597267151 -0.9428747296333313 -0.041681043803691864 0.3305298984050751 -2.078922986984253
-0.32640182971954346 -0.08420991152524948 -0.941472589969635 0.39032259583473206 0.06702645868062973 -0.995578408241272 0.06581180542707443 -0.7740347385406494 -0.942851722240448 -0.041622478514909744 0.33060285449028015 -2.0789437294006348
-0.3264400064945221 -0.08416709303855896 -0.9414631724357605 0.3903251588344574 0.06701423227787018 -0.9955820441246033 0.06576903164386749 -0.7740511894226074 -0.9428393840789795 -0.04162178561091423 0.3306381404399872 -2.0789554119110107
-0.32644206285476685 -0.08418624103069305 -0.9414607286453247 0.3903146982192993 0.0670258104801178 -0.9955801963806152 0.06578512489795685 -0.7740544676780701 -0.9428378343582153 -0.04162713885307312 0.33064183592796326 -2.0789568424224854
-0.3264335095882416 -0.0841657817363739 -0.9414655566215515 0.3902762234210968 0.06704084575176239 -0.9955809712409973 0.065758615732193 -0.7739940285682678 -0.9428397417068481 -0.04165082797408104 0.3306334614753723 -2.078890323638916
-0.3264468014240265 -0.08420208096504211 -0.9414576888084412 0.39026501774787903 0.06703150272369385 -0.9955788850784302 0.06579965353012085 -0.7739902138710022 -0.942835807800293 -0.04162723571062088 0.33064767718315125 -2.07889461517334
-0.32640931010246277 -0.08421981334686279 -0.9414690732955933 0.3902885913848877 0.0670480728149414 -0.995576798915863 0.06581434607505798 -0.7740219235420227 -0.9428476095199585 -0.04164127632975578 0.3306122422218323 -2.0789644718170166
-0.32644277811050415 -0.08419528603553772 -0.9414596557617188 0.39032480120658875 0.06698460876941681 -0.9955813884735107 0.06580910086631775 -0.7740162014961243 -0.9428405165672302 -0.04158040136098862 0.33064010739326477 -2.0789194107055664
-0.32641154527664185 -0.08412230014801025 -0.9414770603179932 0.3903464376926422 0.06698200106620789 -0.9955865144729614 0.06573429703712463 -0.7740427851676941 -0.9428514838218689 -0.04160558432340622 0.33060556650161743 -2.0789670944213867
-0.3263833820819855 -0.08413973450660706 -0.9414852261543274 0.3903844654560089 0.0669514536857605 -0.9955865740776062 0.06576475501060486 -0.7740063071250916 -0.942863404750824 -0.04156928509473801 0.3305761218070984 -2.0789685249328613
-0.3264915943145752 -0.0841364935040474 -0.9414480328559875 0.3903910219669342 0.06693568080663681 -0.9955878257751465 0.06576181203126907 -0.7740030288696289 -0.9428271055221558 -0.04154578596353531 0.3306826949119568 -2.0789687633514404
-0.3264457583427429 -0.08415672928094864 -0.9414620995521545 0.39036330580711365 0.06690442562103271 -0.9955876469612122 0.06579630821943283 -0.7739570140838623 -0.9428451657295227 -0.041509054601192474 0.3306357264518738 -2.0789096355438232
-0.32645562291145325 -0.08419440686702728 -0.9414553046226501 0.39035946130752563 0.06686219573020935 -0.9955868721008301 0.06585050374269485 -0.7739821672439575 -0.9428447484970093 -0.04145050421357155 0.33064430952072144 -2.0788803100585938
-0.3263857662677765 -0.0841747596859932 -0.9414812922477722 0.3903781771659851 0.06680557876825333 -0.9955905079841614 0.0658528208732605 -0.7739912867546082 -0.942872941493988 -0.041402775794267654 0.330569863319397 -2.078906774520874
-0.32637330889701843 -0.08414912223815918 -0.9414879083633423 0.3903568685054779 0.0668378472328186 -0.99559086561203 0.06581497937440872 -0.7739922404289246 -0.9428749680519104 -0.04144677147269249 0.33055856823921204 -2.078887462615967
-0.3264053761959076 -0.0842103585600853 -0.94147127866745 0.3903861939907074 0.06686289608478546 -0.995585560798645 0.06586946547031403 -0.774024486541748 -0.9428620934486389 -0.04144934564828873 0.3305949866771698 -2.078951358795166
-0.3264181613922119 -0.08422017842531204 -0.9414659738540649 0.39039167761802673 0.0669068694114685 -0.9955829977989197 0.06586384028196335 -0.7740235924720764 -0.9428545832633972 -0.041491392999887466 0.3306112289428711 -2.078958749771118
-0.32636868953704834 -0.084281325340271 -0.9414776563644409 0.3903999626636505 0.06672019511461258 -0.9955867528915405 0.06599623709917068 -0.7740471959114075 -0.9428849220275879 -0.041276466101408005 0.33055153489112854 -2.0789735317230225
-0.32646167278289795 -0.08426721394062042 -0.9414467215538025 0.3903946876525879 0.06680005043745041 -0.9955845475196838 0.06594901531934738 -0.7740440964698792 -0.9428470730781555 -0.041358862072229385 0.33064916729927063 -2.0790369510650635
-0.32639947533607483 -0.08422163873910904 -0.9414723515510559 0.3903125524520874 0.06684345006942749 -0.9955856204032898 0.06588847935199738 -0.7739982604980469 -0.9428655505180359 -0.04142529517412186 0.3305882215499878 -2.0789449214935303
-0.3264200985431671 -0.08430119603872299 -0.9414580464363098 0.3903069496154785 0.06682807952165604 -0.995580792427063 0.06597704440355301 -0.773999810218811 -0.9428594708442688 -0.041379597038030624 0.3306112289428711 -2.0788843631744385
-0.32640302181243896 -0.08428116142749786 -0.9414657950401306 0.3902951776981354 0.0668129250407219 -0.9955828189849854 0.06596197187900543 -0.7740010023117065 -0.9428664445877075 -0.041371896862983704 0.33059224486351013 -2.078885316848755
-0.32642263174057007 -0.08429176360368729 -0.9414580464363098 0.3902818262577057 0.06681227684020996 -0.9955821633338928 0.06597249954938889 -0.7740004658699036 -0.9428597092628479 -0.04136603698134422 0.3306122124195099 -2.078885555267334
-0.3263392746448517 -0.0843556672334671 -0.9414812326431274 0.39035674929618835 0.06689079850912094 -0.9955739974975586 0.06601642072200775 -0.7740214467048645 -0.9428830146789551 -0.04143267869949341 0.33053743839263916 -2.0789334774017334
-0.32634323835372925 -0.08433603495359421 -0.9414815902709961 0.390340656042099 0.06685328483581543 -0.9955770373344421 0.06600861996412277 -0.7740059494972229 -0.9428842663764954 -0.041399672627449036 0.33053791522979736 -2.0789716243743896
-0.32633593678474426 -0.08430443704128265 -0.9414869546890259 0.3903566598892212 0.06684055179357529 -0.9955797791481018 0.06598000973463058 -0.7740208506584167 -0.9428877234458923 -0.041397858411073685 0.3305283486843109 -2.079009532928467
-0.3263438642024994 -0.08434128016233444 -0.9414808750152588 0.3903650641441345 0.0668819323182106 -0.9955753684043884 0.06600409001111984 -0.7740545272827148 -0.9428820610046387 -0.04142802953720093 0.3305407762527466 -2.0789859294891357
-0.32638680934906006 -0.08433251082897186 -0.9414668083190918 0.39038750529289246 0.06688874214887619 -0.9955758452415466 0.06599044054746628 -0.7740642428398132 -0.9428666830062866 -0.0414351187646389 0.3305836617946625 -2.0790114402770996
-0.32637733221054077 -0.08434829860925674 -0.9414686560630798 0.39037609100341797 0.06687450408935547 -0.9955753087997437 0.06601256132125854 -0.7740675210952759 -0.9428709745407104 -0.041415248066186905 0.3305738866329193 -2.07901668548584
-0.32641029357910156 -0.08429840207099915 -0.9414617419242859 0.39036422967910767 0.0669308453798294 -0.9955764412879944 0.06593851000070572 -0.7740550637245178 -0.9428555965423584 -0.04148981720209122 0.3306085169315338 -2.0790042877197266
-0.3263864815235138 -0.08426443487405777 -0.9414730072021484 0.39036262035369873 0.06689636409282684 -0.99558025598526 0.0659157931804657 -0.7740541100502014 -0.9428662657737732 -0.041467100381851196 0.33058086037635803 -2.0790131092071533
-0.32637524604797363 -0.08432561159133911 -0.9414714574813843 0.3903536796569824 0.06691740453243256 -0.9955750107765198 0.06597363203763962 -0.7740322351455688 -0.9428686499595642 -0.04146866872906685 0.33057382702827454 -2.0789313316345215
-0.3263927400112152 -0.08428924530744553 -0.9414685964584351 0.39035147428512573 0.06690612435340881 -0.9955781102180481 0.0659383162856102 -0.7740359306335449 -0.942863404750824 -0.04146822914481163 0.3305888772010803 -2.0789341926574707
-0.3263534903526306 -0.08422733843326569 -0.9414877891540527 0.3903540074825287 0.06688778847455978 -0.9955831170082092 0.06588111072778702 -0.7740314602851868 -0.9428783059120178 -0.04147350415587425 0.3305457532405853 -2.078923225402832
-0.32633790373802185 -0.08421413600444794 -0.941494345664978 0.39035552740097046 0.06685381382703781 -0.9955855011940002 0.06587977707386017 -0.7740381956100464 -0.9428861141204834 -0.04144342243671417 0.33052724599838257 -2.0789337158203125
-0.3262645900249481 -0.08415675163269043 -0.941524863243103 0.39032337069511414 0.06684641540050507 -0.9955896139144897 0.06582510471343994 -0.7740285992622375 -0.9429119825363159 -0.041461169719696045 0.3304511606693268 -2.0789332389831543
-0.3262871503829956 -0.08413709700107574 -0.9415188431739807 0.39031004905700684 0.06690925359725952 -0.9955883026123047 0.06578124314546585 -0.7740369439125061 -0.9428997039794922 -0.041532743722200394 0.33047717809677124 -2.078951120376587
-0.32627928256988525 -0.08421764522790909 -0.9415143728256226 0.39030933380126953 0.0669461116194725 -0.9955810308456421 0.06585387140512466 -0.7740334868431091 -0.9428998231887817 -0.04154397174715996 0.33047544956207275 -2.0789260864257812
-0.32631218433380127 -0.08419570326805115 -0.9415048956871033 0.39029064774513245 0.0669516921043396 -0.9955824017524719 0.06582716852426529 -0.7740009427070618 -0.942888081073761 -0.04155514016747475 0.33050766587257385 -2.078873634338379
-0.32631099224090576 -0.08419738709926605 -0.9415051937103271 0.3903227746486664 0.06692443788051605 -0.9955834746360779 0.06583856046199799 -0.7740068435668945 -0.9428904056549072 -0.041525859385728836 0.3305046558380127 -2.078852891921997
-0.32635122537612915 -0.08427801728248596 -0.9414840340614319 0.3903871774673462 0.06699298322200775 -0.995574951171875 0.06589791923761368 -0.7740151286125183 -0.942871630191803 -0.04156695678830147 0.3305530846118927 -2.0789270401000977
-0.32635238766670227 -0.08428575843572617 -0.9414829015731812 0.3904014825820923 0.06699661165475845 -0.9955742359161377 0.06590478122234344 -0.7740127444267273 -0.9428709745407104 -0.04156798496842384 0.3305548429489136 -2.0789334774017334
-0.32633161544799805 -0.084245465695858 -0.9414937496185303 0.39036795496940613 0.06697025150060654 -0.9955781698226929 0.06587238609790802 -0.7740211486816406 -0.9428800344467163 -0.04155582934617996 0.3305305242538452 -2.0789542198181152
-0.32632583379745483 -0.08424729853868484 -0.9414955973625183 0.3903716802597046 0.06697074323892593 -0.9955779910087585 0.06587442010641098 -0.7740188837051392 -0.9428820013999939 -0.041556134819984436 0.33052486181259155 -2.07896089553833
-0.32643285393714905 -0.08420674502849579 -0.9414620995521545 0.39039716124534607 0.06698490679264069 -0.9955805540084839 0.0658215805888176 -0.7740123867988586 -0.9428439140319824 -0.041577428579330444 0.33063071966171265 -2.078916311264038
-0.3264308273792267 -0.08421240746974945 -0.9414622783660889 0.3904123604297638 0.0669974535703659 -0.9955796003341675 0.0658232569694519 -0.7740128636360168 -0.9428437352180481 -0.041588835418224335 0.330629825592041 -2.0789175033569336
-0.3264334797859192 -0.08416751772165298 -0.9414653778076172 0.39039233326911926 0.06704255938529968 -0.9955807328224182 0.06575984507799149 -0.7739992141723633 -0.9428396224975586 -0.04165203496813774 0.33063364028930664 -2.0789449214935303
-0.3264373540878296 -0.08414855599403381 -0.9414657354354858 0.3904038369655609 0.06704828143119812 -0.9955818057060242 0.06573761254549026 -0.7740008234977722 -0.9428378939628601 -0.04166444391012192 0.3306370675563812 -2.078947067260742
-0.32637760043144226 -0.08419782668352127 -0.9414820671081543 0.39039990305900574 0.06700686365365982 -0.9955800175666809 0.0658070296049118 -0.7740446329116821 -0.9428614974021912 -0.0416078194975853 0.3305767774581909 -2.078981399536133
-0.32638296484947205 -0.08417579531669617 -0.9414821863174438 0.3904375433921814 0.06699471920728683 -0.995582103729248 0.06578773260116577 -0.7740762829780579 -0.94286048412323 -0.04160233959555626 0.33058032393455505 -2.079033374786377
-0.3263742923736572 -0.0841355249285698 -0.9414887428283691 0.39043405652046204 0.0669870376586914 -0.9955852627754211 0.06574825197458267 -0.7740854024887085 -0.9428640604019165 -0.04160900413990021 0.3305693566799164 -2.079033374786377
-0.3263697624206543 -0.08414926379919052 -0.9414891004562378 0.3904365301132202 0.06698725372552872 -0.99558424949646 0.06576291471719742 -0.7740849256515503 -0.9428656101226807 -0.04160473868250847 0.330565482378006 -2.0790233612060547
-0.326393723487854 -0.08412542939186096 -0.9414829611778259 0.39045450091362 0.06697548925876617 -0.9955865144729614 0.06574071198701859 -0.7740761041641235 -0.9428581595420837 -0.04159892722964287 0.3305874764919281 -2.0790507793426514
-0.3263501226902008 -0.0841226577758789 -0.9414982795715332 0.3903787136077881 0.06702291965484619 -0.9955844879150391 0.06572319567203522 -0.7740640640258789 -0.9428699016571045 -0.04165319353342056 0.33054718375205994 -2.078925848007202
-0.3263344168663025 -0.0841134712100029 -0.9415045380592346 0.3903723657131195 0.06701523810625076 -0.9955854415893555 0.06571690738201141 -0.7740588784217834 -0.942875862121582 -0.0416494645178318 0.3305306136608124 -2.0789177417755127
-0.3263220489025116 -0.08410439640283585 -0.9415096640586853 0.3903796970844269 0.06699657440185547 -0.9955868721008301 0.06571442633867264 -0.7740526795387268 -0.9428814649581909 -0.04163385555148125 0.33051660656929016 -2.0789103507995605
-0.3264009356498718 -0.08415206521749496 -0.9414780735969543 0.3903696835041046 0.06708411127328873 -0.9955798983573914 0.06573045998811722 -0.7740320563316345 -0.9428479075431824 -0.041703734546899796 0.33060339093208313 -2.078922748565674
-0.32640546560287476 -0.08420214802026749 -0.9414719939231873 0.3903586268424988 0.06702220439910889 -0.9955791234970093 0.06580492109060287 -0.7740229368209839 -0.9428507685661316 -0.041620444506406784 0.33060580492019653 -2.0788803100585938
-0.32639986276626587 -0.08419525623321533 -0.9414745569229126 0.39035341143608093 0.0669950321316719 -0.995580792427063 0.06580742448568344 -0.7740191221237183 -0.942854642868042 -0.04159458354115486 0.33059805631637573 -2.0788638591766357
-0.3264021575450897 -0.08415678888559341 -0.9414771795272827 0.3903645873069763 0.06706347316503525 -0.9955804944038391 0.06574264168739319 -0.7740151286125183 -0.9428489804267883 -0.041680194437503815 0.33060339093208313 -2.078925132751465
-0.3264203667640686 -0.08415883779525757 -0.9414706826210022 0.3903619050979614 0.06705805659294128 -0.9955806136131287 0.06574585288763046 -0.7740065455436707 -0.9428430795669556 -0.04167240858078003 0.33062127232551575 -2.078916311264038
-0.3264034688472748 -0.08409947156906128 -0.94148188829422 0.3903309106826782 0.06704709678888321 -0.9955852031707764 0.06568770110607147 -0.7740191221237183 -0.9428496956825256 -0.04168293625116348 0.3306010365486145 -2.0789265632629395
-0.3264206349849701 -0.08408232778310776 -0.9414774775505066 0.39031943678855896 0.0670529156923294 -0.9955862164497375 0.06566672772169113 -0.7740061283111572 -0.9428433179855347 -0.04169383645057678 0.330617755651474 -2.0789132118225098
-0.32645100355148315 -0.08417017012834549 -0.941459059715271 0.39033639430999756 0.06705030053853989 -0.99558025598526 0.06575912237167358 -0.7740380764007568 -0.9428330063819885 -0.041657984256744385 0.33065176010131836 -2.078901767730713
-0.32642102241516113 -0.08415012061595917 -0.94147127866745 0.390348345041275 0.06705915927886963 -0.9955812096595764 0.06573621183633804 -0.774041473865509 -0.9428427219390869 -0.0416765920817852 0.3306216299533844 -2.0789051055908203
-0.3264354467391968 -0.08418689668178558 -0.9414629936218262 0.3903871178627014 0.06705915927886963 -0.9955786466598511 0.06577443331480026 -0.7740039229393005 -0.9428377747535706 -0.041662607342004776 0.3306376039981842 -2.078880786895752
-0.3264860212802887 -0.08412495255470276 -0.9414509534835815 0.39041075110435486 0.06707563251256943 -0.9955824017524719 0.06570078432559967 -0.7739928364753723 -0.9428190588951111 -0.04169802740216255 0.33068642020225525 -2.078873634338379
-0.3264669179916382 -0.08406475186347961 -0.9414629936218262 0.39037907123565674 0.06705531477928162 -0.9955874681472778 0.06564514338970184 -0.7740181684494019 -0.9428271055221558 -0.0416991263628006 0.3306632936000824 -2.078843355178833
-0.32643842697143555 -0.08406775444746017 -0.941472589969635 0.39040708541870117 0.06708941608667374 -0.9955856800079346 0.06563769280910492 -0.7740288376808167 -0.9428345561027527 -0.0417361818253994 0.3306373953819275 -2.0788426399230957
-0.3264092803001404 -0.0840504914522171 -0.9414842128753662 0.39036786556243896 0.0671045184135437 -0.995586097240448 0.06561550498008728 -0.7739984393119812 -0.9428435564041138 -0.04176033288240433 0.33060866594314575 -2.0788745880126953
-0.3264448642730713 -0.0840408205986023 -0.9414727687835693 0.39030957221984863 0.06711976230144501 -0.9955862164497375 0.065598264336586 -0.7740097641944885 -0.9428302049636841 -0.04177721217274666 0.33064475655555725 -2.078862428665161
-0.3263743221759796 -0.08408751338720322 -0.941493034362793 0.39031320810317993 0.06706517934799194 -0.9955851435661316 0.06567008048295975 -0.7740167379379272 -0.9428585171699524 -0.04170837625861168 0.3305726945400238 -2.0788679122924805
-0.3263319730758667 -0.08403749763965607 -0.9415121674537659 0.3903375267982483 0.06708379089832306 -0.9955877065658569 0.06561265885829926 -0.7740342020988464 -0.9428718090057373 -0.04174869880080223 0.3305295705795288 -2.0788462162017822
-0.3263676166534424 -0.08409330248832703 -0.941494882106781 0.3903142213821411 0.06706930696964264 -0.9955845475196838 0.06567507237195969 -0.774070143699646 -0.9428605437278748 -0.04171118885278702 0.33056655526161194 -2.078862190246582
-0.3263150751590729 -0.08404181152582169 -0.9415176510810852 0.3903215527534485 0.06706472486257553 -0.9955881834030151 0.06562469154596329 -0.7740511298179626 -0.9428790211677551 -0.041728295385837555 0.33051159977912903 -2.0788848400115967
-0.32629692554473877 -0.08405817300081253 -0.941522479057312 0.39035657048225403 0.06703095883131027 -0.995588481426239 0.0656546801328659 -0.7740558385848999 -0.9428877234458923 -0.04168824106454849 0.3304918706417084 -2.0789082050323486
-0.326327919960022 -0.08398895710706711 -0.9415179491043091 0.39033016562461853 0.06700525432825089 -0.9955945014953613 0.0655890479683876 -0.774057149887085 -0.9428788423538208 -0.04168311506509781 0.3305179178714752 -2.0789263248443604
