# 3x4 first row second row third row Freq: 100 current Time: 2021-07-28-14:07:42
-0.185449481010437 0.45386481285095215 -0.8715589642524719 0.11518335342407227 0.9302197098731995 -0.20477019250392914 -0.3045656383037567 -0.6524863243103027 -0.3167010247707367 -0.8672229647636414 -0.38421934843063354 -2.1081628799438477
-0.18555378913879395 0.4539366066455841 -0.8714993596076965 0.11510054767131805 0.930206298828125 -0.2046819031238556 -0.30466583371162415 -0.6524901390075684 -0.3166792392730713 -0.8672062158584595 -0.3842751085758209 -2.10802960395813
-0.1856241375207901 0.4539569020271301 -0.8714737892150879 0.11508601903915405 0.9302006363868713 -0.20462298393249512 -0.30472269654273987 -0.6524994969367981 -0.31665465235710144 -0.8672094941139221 -0.38428792357444763 -2.1079368591308594
-0.185577854514122 0.4539025127887726 -0.8715119957923889 0.11512916535139084 0.9301984310150146 -0.20469240844249725 -0.3046828806400299 -0.6525154113769531 -0.31668832898139954 -0.8672215938568115 -0.38423293828964233 -2.1080079078674316
-0.18565355241298676 0.453962117433548 -0.8714647889137268 0.11510779708623886 0.9301889538764954 -0.20462511479854584 -0.30475708842277527 -0.6525453329086304 -0.31667187809944153 -0.8672062754631042 -0.3842810392379761 -2.107924699783325
-0.18562211096286774 0.45390790700912476 -0.8714997172355652 0.11512372642755508 0.9301964044570923 -0.20465369522571564 -0.3047150671482086 -0.6525160074234009 -0.3166683316230774 -0.8672279119491577 -0.384235143661499 -2.1080026626586914
-0.18565329909324646 0.4538995027542114 -0.8714974522590637 0.11510007083415985 0.9302029609680176 -0.20460879802703857 -0.30472517013549805 -0.6525861024856567 -0.3166307806968689 -0.8672428727149963 -0.3842322528362274 -2.1079342365264893
-0.18566159904003143 0.4539112150669098 -0.8714895844459534 0.11514301598072052 0.9301987290382385 -0.20460832118988037 -0.3047384023666382 -0.652555525302887 -0.316638320684433 -0.867236852645874 -0.3842396140098572 -2.1079726219177246
-0.18563446402549744 0.45389601588249207 -0.8715032935142517 0.11511968076229095 0.9301779270172119 -0.2046966850757599 -0.3047426640987396 -0.6525622010231018 -0.31671544909477234 -0.8672239780426025 -0.3842051923274994 -2.108013391494751
-0.18564915657043457 0.45389819145202637 -0.8714990615844727 0.11516261845827103 0.9301838874816895 -0.20466552674770355 -0.3047453761100769 -0.6525336503982544 -0.31668931245803833 -0.8672301769256592 -0.3842127025127411 -2.1080634593963623
-0.1856403946876526 0.453980952501297 -0.8714578151702881 0.11511354893445969 0.9301579594612122 -0.20471586287021637 -0.30479058623313904 -0.6525653004646301 -0.3167704641819 -0.8671749830245972 -0.3842703700065613 -2.1079959869384766
-0.18562151491641998 0.45397624373435974 -0.8714642524719238 0.11515627801418304 0.9301547408103943 -0.20474442839622498 -0.3047812581062317 -0.6525315046310425 -0.31679102778434753 -0.8671706914901733 -0.3842630982398987 -2.108041286468506
-0.18572373688220978 0.45398473739624023 -0.8714380860328674 0.11509400606155396 0.9301183819770813 -0.20474310219287872 -0.3048931062221527 -0.6525619626045227 -0.316837877035141 -0.8671665787696838 -0.3842338025569916 -2.108060836791992
-0.18570181727409363 0.4539915919303894 -0.8714391589164734 0.11512810736894608 0.9301186800003052 -0.2047608345746994 -0.3048802316188812 -0.6525318026542664 -0.31684979796409607 -0.8671587705612183 -0.38424152135849 -2.1081106662750244
-0.1856696754693985 0.4539247751235962 -0.8714808225631714 0.11507061868906021 0.9301519989967346 -0.2047237604856491 -0.30480343103408813 -0.6525978446006775 -0.3167707920074463 -0.8672025203704834 -0.38420793414115906 -2.1079659461975098
-0.18562835454940796 0.4538811445236206 -0.8715123534202576 0.11510740965604782 0.9301578998565674 -0.2047625482082367 -0.30475950241088867 -0.6526119709014893 -0.3167777955532074 -0.8672162294387817 -0.3841712772846222 -2.1079397201538086
-0.18561327457427979 0.4538496434688568 -0.8715319633483887 0.1151329055428505 0.9301365613937378 -0.20484627783298492 -0.30476823449134827 -0.6526119709014893 -0.31684914231300354 -0.8672129511833191 -0.3841198682785034 -2.1080353260040283
-0.18559737503528595 0.4538341760635376 -0.8715434074401855 0.11513970047235489 0.9301520586013794 -0.20482449233531952 -0.30473557114601135 -0.6526331305503845 -0.31681299209594727 -0.8672261834144592 -0.38411980867385864 -2.107978343963623
-0.18555031716823578 0.4537650942802429 -0.8715894222259521 0.1151314228773117 0.9301753044128418 -0.2048301100730896 -0.3046609163284302 -0.6525548100471497 -0.31677237153053284 -0.8672609925270081 -0.38407468795776367 -2.1080563068389893
-0.18558089435100555 0.4537489712238312 -0.8715912699699402 0.11510532349348068 0.9301812052726746 -0.2047903686761856 -0.30466967821121216 -0.652603805065155 -0.31673717498779297 -0.8672788143157959 -0.3840634822845459 -2.107949733734131
-0.18555127084255219 0.45381924510002136 -0.8715609908103943 0.11517099291086197 0.9301779270172119 -0.20480315387248993 -0.30467110872268677 -0.6525835394859314 -0.3167641758918762 -0.8672389984130859 -0.3841310441493988 -2.108081817626953
-0.1854775995016098 0.4537869095802307 -0.8715935349464417 0.11512216925621033 0.930156946182251 -0.20494239032268524 -0.3046415448188782 -0.6526128649711609 -0.31686893105506897 -0.8672230243682861 -0.384080708026886 -2.1080734729766846
-0.18551592528820038 0.4537928104400635 -0.8715822696685791 0.11516521871089935 0.9301547408103943 -0.2049095630645752 -0.30467021465301514 -0.6525903940200806 -0.3168528079986572 -0.8672277331352234 -0.38408347964286804 -2.1081275939941406
-0.1855023056268692 0.45388567447662354 -0.8715368509292603 0.11512469500303268 0.9301608800888062 -0.20487338304519653 -0.3046758472919464 -0.6526365280151367 -0.31684282422065735 -0.8671876788139343 -0.3841820955276489 -2.1081016063690186
-0.1854977309703827 0.45390424132347107 -0.871528148651123 0.115157850086689 0.9301565885543823 -0.20488302409648895 -0.30468249320983887 -0.6526201963424683 -0.31685811281204224 -0.8671756386756897 -0.38419657945632935 -2.1081526279449463
-0.18557845056056976 0.45394086837768555 -0.8714918494224548 0.115098737180233 0.9301500916481018 -0.2048107236623764 -0.30475088953971863 -0.6526833772659302 -0.3168298900127411 -0.8671735525131226 -0.3842245936393738 -2.1081182956695557
-0.18559126555919647 0.45392516255378723 -0.8714973330497742 0.11512793600559235 0.9301488399505615 -0.2048073261976242 -0.30475693941116333 -0.6526674032211304 -0.3168260157108307 -0.8671826124191284 -0.38420742750167847 -2.108185052871704
-0.18563799560070038 0.45387589931488037 -0.8715130090713501 0.11515609174966812 0.9301585555076599 -0.20475327968597412 -0.30476364493370056 -0.6526785492897034 -0.31677013635635376 -0.8672211170196533 -0.3841664791107178 -2.1082026958465576
-0.1855929046869278 0.453882098197937 -0.8715193867683411 0.11519989371299744 0.9301570653915405 -0.2047983705997467 -0.30473792552948 -0.6526572704315186 -0.316800981760025 -0.8672072291374207 -0.3841724097728729 -2.108264923095703
-0.1855841428041458 0.4538881480693817 -0.8715181350708008 0.11514423042535782 0.9301559925079346 -0.20480762422084808 -0.3047350347042084 -0.6526507139205933 -0.3168092966079712 -0.8672018647193909 -0.38417762517929077 -2.108236312866211
-0.18562515079975128 0.453880250453949 -0.8715134859085083 0.11511841416358948 0.9301459193229675 -0.20479872822761536 -0.3047717809677124 -0.6526795029640198 -0.3168148696422577 -0.8672081232070923 -0.3841589391231537 -2.1081719398498535
-0.18577976524829865 0.4538380801677704 -0.8715025186538696 0.11513318866491318 0.9301340579986572 -0.204697847366333 -0.3048756718635559 -0.6526110172271729 -0.31675902009010315 -0.8672540187835693 -0.38410142064094543 -2.1080756187438965
-0.1857355684041977 0.45381441712379456 -0.8715242743492126 0.11513575166463852 0.9301486611366272 -0.20470856130123138 -0.30482399463653564 -0.6526117324829102 -0.3167421221733093 -0.8672638535499573 -0.3840930759906769 -2.108018398284912
-0.18567855656147003 0.4538358449935913 -0.871525228023529 0.11511193215847015 0.9301767349243164 -0.20467877388000488 -0.30475834012031555 -0.6526370644569397 -0.31669309735298157 -0.867259681224823 -0.3841429650783539 -2.1079659461975098
-0.18564996123313904 0.45387962460517883 -0.8715085387229919 0.11512576788663864 0.9301594495773315 -0.204738050699234 -0.3047711253166199 -0.6526078581809998 -0.31676048040390015 -0.867222785949707 -0.3841707110404968 -2.108140707015991
-0.18570709228515625 0.45383623242378235 -0.8715189695358276 0.11507117748260498 0.9301573634147644 -0.20470435917377472 -0.30480027198791504 -0.6525861620903015 -0.3167332708835602 -0.8672534823417664 -0.38412392139434814 -2.1080057621002197
-0.18566767871379852 0.45386847853660583 -0.8715105652809143 0.11505337059497833 0.9301635026931763 -0.20471389591693878 -0.3047749996185303 -0.6525932550430298 -0.31673821806907654 -0.8672342896461487 -0.3841630518436432 -2.1079533100128174
-0.18564140796661377 0.45390233397483826 -0.8714985251426697 0.11504966020584106 0.9301561713218689 -0.20474733412265778 -0.3047749698162079 -0.6525592803955078 -0.31677520275115967 -0.86720871925354 -0.3841903805732727 -2.1080474853515625
-0.185553178191185 0.45390328764915466 -0.8715168237686157 0.11505193263292313 0.930161714553833 -0.20481634140014648 -0.3047117292881012 -0.6526023149490356 -0.316810667514801 -0.8671919107437134 -0.38419902324676514 -2.107970714569092
-0.1855853945016861 0.45389169454574585 -0.8715159893035889 0.11508868634700775 0.930158793926239 -0.2047974318265915 -0.3047332465648651 -0.6525742411613464 -0.3168002665042877 -0.8672024607658386 -0.3841838538646698 -2.1080069541931152
-0.18565057218074799 0.4539088010787964 -0.8714932203292847 0.11506126075983047 0.9301560521125793 -0.204736590385437 -0.304782509803772 -0.6525971293449402 -0.31677013635635376 -0.8672078847885132 -0.3841964304447174 -2.1079912185668945
-0.18562118709087372 0.4539344608783722 -0.8714861273765564 0.11512038111686707 0.9301865696907043 -0.20467215776443481 -0.3047325909137726 -0.6526197791099548 -0.3166976869106293 -0.8672096133232117 -0.3842521607875824 -2.1080310344696045
-0.18562297523021698 0.45394274592399597 -0.8714814186096191 0.11510452628135681 0.9301801323890686 -0.2046852856874466 -0.30474355816841125 -0.6526409983634949 -0.31671568751335144 -0.8672022223472595 -0.38425412774086 -2.1079649925231934
-0.18565209209918976 0.45396044850349426 -0.8714659810066223 0.11514762789011002 0.9301787614822388 -0.20465496182441711 -0.30476808547973633 -0.6526144742965698 -0.31670263409614563 -0.8672000765800476 -0.384269654750824 -2.10800838470459
-0.1856701523065567 0.4539066255092621 -0.8714901804924011 0.11508559435606003 0.9301778674125671 -0.20465883612632751 -0.3047681152820587 -0.6526089310646057 -0.31669455766677856 -0.8672273755073547 -0.38421475887298584 -2.107940673828125
-0.1857171654701233 0.4539138972759247 -0.8714763522148132 0.11512286216020584 0.9301654100418091 -0.20464549958705902 -0.30481523275375366 -0.6525790691375732 -0.3167037069797516 -0.8672267198562622 -0.38420870900154114 -2.1079795360565186
-0.18572773039340973 0.4539544880390167 -0.8714529871940613 0.11512193828821182 0.9301654696464539 -0.20462101697921753 -0.30483147501945496 -0.6525802612304688 -0.3166973292827606 -0.8672112226486206 -0.38424888253211975 -2.1079859733581543
-0.1857963651418686 0.4539843797683716 -0.8714227676391602 0.11515572667121887 0.9301394820213318 -0.20461584627628326 -0.30491408705711365 -0.6525683403015137 -0.3167332708835602 -0.867196798324585 -0.38425183296203613 -2.108022928237915
-0.18572647869586945 0.4538753032684326 -0.871494472026825 0.11514709889888763 0.9301671981811523 -0.2046450525522232 -0.30480992794036865 -0.6525800228118896 -0.31669285893440247 -0.8672469854354858 -0.38417184352874756 -2.1079885959625244
-0.18579596281051636 0.4538622498512268 -0.871486485004425 0.11502882838249207 0.9301438927650452 -0.20464690029621124 -0.3048798143863678 -0.6525821685791016 -0.316720575094223 -0.8672533631324768 -0.38413453102111816 -2.107924699783325
-0.18588081002235413 0.4539894759654999 -0.8714020848274231 0.11506659537553787 0.930099368095398 -0.20464301109313965 -0.30501824617385864 -0.6526374816894531 -0.3168015480041504 -0.8671877384185791 -0.3842160105705261 -2.1079297065734863
-0.18591420352458954 0.45400184392929077 -0.8713885545730591 0.11505283415317535 0.930091142654419 -0.20462925732135773 -0.30505260825157166 -0.6526520252227783 -0.3168061673641205 -0.8671845197677612 -0.3842194974422455 -2.1078855991363525
-0.18581849336624146 0.45395299792289734 -0.8714343905448914 0.11509830504655838 0.9301056265830994 -0.20469842851161957 -0.30496206879615784 -0.6526045799255371 -0.31681981682777405 -0.8671937584877014 -0.38418737053871155 -2.1079039573669434
-0.18584945797920227 0.4539755880832672 -0.8714160323143005 0.11514900624752045 0.9301027059555054 -0.20466873049736023 -0.3049907684326172 -0.6525620818138123 -0.31681010127067566 -0.8671889305114746 -0.38420626521110535 -2.107959032058716
-0.18581995368003845 0.4539417326450348 -0.8714399933815002 0.11513905227184296 0.9301273822784424 -0.20464134216308594 -0.30493393540382385 -0.6526059508323669 -0.3167549967765808 -0.8672131299972534 -0.38419708609580994 -2.107917070388794
-0.18587861955165863 0.45395928621292114 -0.871418297290802 0.11518220603466034 0.9301149845123291 -0.20461294054985046 -0.30499082803726196 -0.6525759100914001 -0.3167569935321808 -0.8672106266021729 -0.3842010498046875 -2.1079626083374023
-0.18581821024417877 0.4539737403392792 -0.8714236617088318 0.1151176169514656 0.9301115274429321 -0.20467524230480194 -0.30495956540107727 -0.6526031494140625 -0.31680259108543396 -0.8671883344650269 -0.38421371579170227 -2.1079704761505127
-0.1858186423778534 0.4539862275123596 -0.8714170455932617 0.11514892429113388 0.9301156401634216 -0.20465923845767975 -0.3049578070640564 -0.6525788307189941 -0.31679031252861023 -0.8671855926513672 -0.3842300772666931 -2.10801362991333
-0.18579185009002686 0.4539886713027954 -0.8714215159416199 0.11509538441896439 0.9301047921180725 -0.2047136276960373 -0.30495429039001465 -0.6526381373405457 -0.31683775782585144 -0.8671714663505554 -0.3842228353023529 -2.10797119140625
-0.1857738047838211 0.45402342081069946 -0.8714072108268738 0.11506342887878418 0.9301151037216187 -0.20469054579734802 -0.30493834614753723 -0.652675986289978 -0.31681811809539795 -0.8671587109565735 -0.38426780700683594 -2.107940912246704
-0.1857963353395462 0.4540446102619171 -0.8713914155960083 0.11510265618562698 0.9301131367683411 -0.20466700196266174 -0.3049602210521698 -0.6526498794555664 -0.3168107271194458 -0.8671531677246094 -0.38428637385368347 -2.1079964637756348
-0.18582120537757874 0.4540872573852539 -0.8713638782501221 0.11509308218955994 0.930118203163147 -0.2046142965555191 -0.3049800395965576 -0.6526659727096558 -0.3167811632156372 -0.8671432733535767 -0.3843330442905426 -2.1079626083374023
-0.18575911223888397 0.45398998260498047 -0.8714277744293213 0.11510352045297623 0.9301522374153137 -0.2046147584915161 -0.30487602949142456 -0.6526287198066711 -0.3167177736759186 -0.8671941161155701 -0.38427063822746277 -2.1078338623046875
-0.18585935235023499 0.4540787637233734 -0.871360182762146 0.11509335786104202 0.9301448464393616 -0.2045077681541443 -0.30497023463249207 -0.6526777148246765 -0.31668055057525635 -0.86717289686203 -0.3843492269515991 -2.1077468395233154
-0.18586328625679016 0.45402321219444275 -0.8713882565498352 0.11505710333585739 0.9301521182060242 -0.20450367033481598 -0.3049509525299072 -0.6526243090629578 -0.31665703654289246 -0.8672029376029968 -0.3843008279800415 -2.1077792644500732
-0.18590182065963745 0.45406070351600647 -0.8713605403900146 0.11508737504482269 0.9301384091377258 -0.20449115335941315 -0.3050011396408081 -0.6525851488113403 -0.31667467951774597 -0.8671862483024597 -0.3843238949775696 -2.1078193187713623
-0.1858103722333908 0.4540640413761139 -0.8713783025741577 0.11507158726453781 0.9301537275314331 -0.20453564822673798 -0.30492454767227173 -0.6526219248771667 -0.3166833221912384 -0.8671740293502808 -0.3843443989753723 -2.1078670024871826
-0.18583281338214874 0.454064279794693 -0.8713733553886414 0.11506174504756927 0.9301522374153137 -0.204518124461174 -0.3049408495426178 -0.652621865272522 -0.31667453050613403 -0.8671780228614807 -0.38434264063835144 -2.107823371887207
-0.1858142763376236 0.4540092349052429 -0.8714060187339783 0.11510923504829407 0.9301714897155762 -0.20450235903263092 -0.3048925995826721 -0.652594804763794 -0.3166287839412689 -0.8672105669975281 -0.3843068778514862 -2.1078128814697266
-0.18579840660095215 0.45401421189308167 -0.8714067935943604 0.11510670930147171 0.9301828742027283 -0.204484760761261 -0.30486980080604553 -0.652594268321991 -0.31660476326942444 -0.8672121167182922 -0.3843231797218323 -2.107764959335327
-0.18577207624912262 0.4539686441421509 -0.8714361190795898 0.11515408754348755 0.9302029013633728 -0.20447103679180145 -0.30481788516044617 -0.6525983214378357 -0.31656134128570557 -0.8672391772270203 -0.38429781794548035 -2.1078243255615234
-0.18572580814361572 0.45398858189582825 -0.8714356422424316 0.1150776669383049 0.9301921725273132 -0.20453765988349915 -0.30480578541755676 -0.652625322341919 -0.316619873046875 -0.8672130107879639 -0.3843086063861847 -2.1077704429626465
-0.18571078777313232 0.454011470079422 -0.8714268803596497 0.11510451138019562 0.9301964640617371 -0.20453231036663055 -0.3047962784767151 -0.6525899767875671 -0.31661608815193176 -0.8672023415565491 -0.3843359053134918 -2.107816696166992
-0.18574613332748413 0.4540153443813324 -0.8714173436164856 0.11505326628684998 0.9301581382751465 -0.20460212230682373 -0.3048664629459381 -0.6526318192481995 -0.3167080283164978 -0.8671838045120239 -0.38430190086364746 -2.107912302017212
-0.1857469081878662 0.4540436863899231 -0.8714024424552917 0.11507894098758698 0.9301578402519226 -0.20459222793579102 -0.3048739433288574 -0.6525952816009521 -0.31670835614204407 -0.8671713471412659 -0.38432982563972473 -2.1079750061035156
-0.185760959982872 0.45398014783859253 -0.8714325428009033 0.1150067150592804 0.9301841259002686 -0.2045290470123291 -0.3048361837863922 -0.6526303887367249 -0.3166229724884033 -0.8672195076942444 -0.38429149985313416 -2.107929229736328
-0.18575447797775269 0.4540080726146698 -0.871419370174408 0.11502427607774734 0.9301780462265015 -0.20454220473766327 -0.30484598875045776 -0.6525973677635193 -0.31664469838142395 -0.8672017455101013 -0.3843136131763458 -2.1079912185668945
-0.1858309656381607 0.45402804017066956 -0.8713926672935486 0.11499886959791183 0.9301773905754089 -0.2044636309146881 -0.304900586605072 -0.652612030506134 -0.3166016638278961 -0.8672098517417908 -0.3843308389186859 -2.1079773902893066
-0.18578001856803894 0.4539969265460968 -0.8714197278022766 0.11504831910133362 0.9301998615264893 -0.20446185767650604 -0.3048332929611206 -0.6526241302490234 -0.316565603017807 -0.8672265410423279 -0.384322851896286 -2.1079859733581543
-0.18579331040382385 0.45399126410484314 -0.8714198470115662 0.11505395174026489 0.9302188754081726 -0.20439888536930084 -0.3048173785209656 -0.6526817679405212 -0.31650179624557495 -0.8672443628311157 -0.3843351900577545 -2.1079232692718506
-0.18578378856182098 0.4539414048194885 -0.8714478611946106 0.11508796364068985 0.9302201271057129 -0.20442214608192444 -0.30479809641838074 -0.6526537537574768 -0.3165038228034973 -0.867264986038208 -0.3842869997024536 -2.107968330383301
-0.18574342131614685 0.45397844910621643 -0.871437132358551 0.11504796892404556 0.930237352848053 -0.20440064370632172 -0.3047598898410797 -0.6526760458946228 -0.31647685170173645 -0.8672506809234619 -0.3843415379524231 -2.1079156398773193
-0.18576538562774658 0.45401930809020996 -0.8714112043380737 0.11507720500230789 0.9302322268486023 -0.2043793648481369 -0.30478984117507935 -0.6526504755020142 -0.31647905707359314 -0.8672342896461487 -0.3843766748905182 -2.1079647541046143
-0.18573319911956787 0.4539640247821808 -0.8714468479156494 0.11509864777326584 0.9302631616592407 -0.2043447494506836 -0.30471861362457275 -0.6526802182197571 -0.3164069950580597 -0.867271363735199 -0.38435229659080505 -2.1078410148620605
-0.18573155999183655 0.45398658514022827 -0.8714354634284973 0.11513622850179672 0.9302507042884827 -0.20437254011631012 -0.30473795533180237 -0.6526527404785156 -0.3164445459842682 -0.8672530055046082 -0.3843627870082855 -2.107882261276245
-0.18572595715522766 0.4539058804512024 -0.8714786767959595 0.11510549485683441 0.9302396774291992 -0.20443642139434814 -0.30472883582115173 -0.6526679396629333 -0.3164803087711334 -0.8672801852226257 -0.3842720091342926 -2.1077492237091064
-0.18570639193058014 0.45385125279426575 -0.8715112805366516 0.11508064717054367 0.930237352848053 -0.20448064804077148 -0.30470627546310425 -0.6526812314987183 -0.31649863719940186 -0.8672983646392822 -0.3842158913612366 -2.107733726501465
-0.18569673597812653 0.4538593590259552 -0.8715091347694397 0.11511047184467316 0.9302366971969604 -0.20448875427246094 -0.3047027289867401 -0.6526580452919006 -0.31650611758232117 -0.8672922253608704 -0.3842236399650574 -2.1077651977539062
-0.1857801228761673 0.45386141538619995 -0.8714902997016907 0.11506406962871552 0.9302043318748474 -0.20449693500995636 -0.30479612946510315 -0.6526349186897278 -0.31655243039131165 -0.8672891855239868 -0.38419225811958313 -2.1077563762664795
-0.18576714396476746 0.4538731873035431 -0.8714869022369385 0.11509208381175995 0.9302049875259399 -0.20450341701507568 -0.3047897517681122 -0.6526012420654297 -0.3165580630302429 -0.8672814965248108 -0.3842049837112427 -2.1077959537506104
-0.1857767254114151 0.45385098457336426 -0.8714964389801025 0.1150534525513649 0.9302272796630859 -0.20444098114967346 -0.30476367473602295 -0.6526674032211304 -0.31648698449134827 -0.8673078417778015 -0.38420408964157104 -2.107736587524414
-0.18577268719673157 0.45385119318962097 -0.8714972138404846 0.11507700383663177 0.9302196502685547 -0.2044655829668045 -0.3047703504562378 -0.6526387929916382 -0.31651169061660767 -0.8673019409179688 -0.38419708609580994 -2.107774496078491
-0.18583418428897858 0.45381858944892883 -0.871501088142395 0.11507245898246765 0.9301936626434326 -0.20448926091194153 -0.3048337697982788 -0.6526363492012024 -0.31655195355415344 -0.8673134446144104 -0.38413798809051514 -2.1077685356140137
-0.1857673078775406 0.45375651121139526 -0.8715476393699646 0.11509229242801666 0.9302220344543457 -0.20449738204479218 -0.3047417998313904 -0.6526021957397461 -0.31650790572166443 -0.8673439621925354 -0.38410526514053345 -2.107841730117798
-0.1857120394706726 0.45377305150032043 -0.8715507984161377 0.11506575345993042 0.9302354454994202 -0.20450767874717712 -0.3046938180923462 -0.6526355147361755 -0.31650081276893616 -0.8673328757286072 -0.3841361403465271 -2.1077687740325928
-0.18570482730865479 0.4537970721721649 -0.871539831161499 0.11509401351213455 0.9302290081977844 -0.2045239508152008 -0.3047026991844177 -0.6526029109954834 -0.31652408838272095 -0.867316484451294 -0.38415399193763733 -2.10780668258667
-0.18573227524757385 0.45379725098609924 -0.8715338706970215 0.11504007875919342 0.930237889289856 -0.20447321236133575 -0.3047095835208893 -0.6526859402656555 -0.3164818286895752 -0.867328405380249 -0.3841620087623596 -2.1077561378479004
-0.18570679426193237 0.4538334608078003 -0.871520459651947 0.11504419893026352 0.930241584777832 -0.20447483658790588 -0.304697185754776 -0.6526774168014526 -0.3164859116077423 -0.867309033870697 -0.3842022716999054 -2.1076958179473877
-0.18571919202804565 0.45383256673812866 -0.8715183138847351 0.11507014185190201 0.9302415251731873 -0.2044634222984314 -0.30470502376556396 -0.6526464223861694 -0.31647878885269165 -0.8673121929168701 -0.3842010200023651 -2.1077191829681396
-0.18571673333644867 0.45388883352279663 -0.8714895248413086 0.11498603224754333 0.9302421808242798 -0.2044442743062973 -0.3047158420085907 -0.6526666879653931 -0.31647828221321106 -0.867287278175354 -0.3842577040195465 -2.1076536178588867
-0.18574300408363342 0.4538952708244324 -0.8714805841445923 0.11499875783920288 0.9302306771278381 -0.20444843173027039 -0.3047482371330261 -0.6526376008987427 -0.31649675965309143 -0.8672829270362854 -0.3842523396015167 -2.1076743602752686
-0.18565866351127625 0.4538770318031311 -0.8715080618858337 0.11497253179550171 0.9302515387535095 -0.20447850227355957 -0.30466440320014954 -0.652633547782898 -0.3164849579334259 -0.8672853708267212 -0.3842564821243286 -2.1076321601867676
-0.1856362521648407 0.4538811445236206 -0.8715106844902039 0.11498383432626724 0.9302590489387512 -0.204477921128273 -0.30464184284210205 -0.6525964140892029 -0.3164760172367096 -0.8672833442687988 -0.3842684328556061 -2.107649803161621
-0.18559183180332184 0.4538576006889343 -0.8715323805809021 0.11498457938432693 0.9302434325218201 -0.20457147061824799 -0.3046267032623291 -0.6526015400886536 -0.3165479302406311 -0.8672736287117004 -0.38423117995262146 -2.1076130867004395
-0.18558542430400848 0.4538858234882355 -0.8715190291404724 0.11500278115272522 0.9302375316619873 -0.20458386838436127 -0.3046363592147827 -0.6525670886039734 -0.3165690004825592 -0.8672559261322021 -0.38425374031066895 -2.107628583908081
-0.18559274077415466 0.4538750648498535 -0.8715230822563171 0.11499577015638351 0.9302313923835754 -0.20459747314453125 -0.30464601516723633 -0.6525752544403076 -0.3165827691555023 -0.8672583699226379 -0.3842369318008423 -2.107558012008667
-0.18562498688697815 0.45390447974205017 -0.8715009093284607 0.11501240730285645 0.9302428960800171 -0.20452480018138885 -0.3046596944332123 -0.652540922164917 -0.3165300786495209 -0.8672600984573364 -0.3842763900756836 -2.107579469680786
-0.18554039299488068 0.4539015293121338 -0.871520459651947 0.11502790451049805 0.9302173852920532 -0.20467665791511536 -0.30463552474975586 -0.652582585811615 -0.3166545629501343 -0.8672258257865906 -0.384251207113266 -2.1076560020446777
-0.18552513420581818 0.45389503240585327 -0.8715270757675171 0.11505046486854553 0.9302234053611755 -0.20467711985111237 -0.30461692810058594 -0.6525526642799377 -0.31664589047431946 -0.8672291040420532 -0.3842509090900421 -2.107680559158325
-0.1855623573064804 0.4538409411907196 -0.8715473413467407 0.1150234043598175 0.9302237033843994 -0.20465952157974243 -0.30462774634361267 -0.6526035666465759 -0.31662312150001526 -0.8672615885734558 -0.384196400642395 -2.107638359069824
-0.18554037809371948 0.4538673758506775 -0.8715382218360901 0.11504430323839188 0.9302314519882202 -0.20465004444122314 -0.3046104311943054 -0.6525711417198181 -0.31661319732666016 -0.8672499656677246 -0.38423076272010803 -2.10766863822937
-0.18559017777442932 0.4538383185863495 -0.8715428113937378 0.11506052315235138 0.9302051663398743 -0.20468458533287048 -0.30466753244400024 -0.6526124477386475 -0.3166612982749939 -0.8672570586204529 -0.384175181388855 -2.107692241668701
-0.18561623990535736 0.4538195729255676 -0.8715469837188721 0.11508747935295105 0.9302089810371399 -0.20465579628944397 -0.30467531085014343 -0.6525891423225403 -0.3166348934173584 -0.8672736287117004 -0.38415947556495667 -2.107722282409668
-0.18558011949062347 0.45386043190956116 -0.8715333938598633 0.11503896862268448 0.9302237629890442 -0.20463550090789795 -0.3046436607837677 -0.6526050567626953 -0.31661251187324524 -0.8672570586204529 -0.384215384721756 -2.107680320739746
-0.18554891645908356 0.45385026931762695 -0.8715453147888184 0.11499729007482529 0.9302462935447693 -0.20460721850395203 -0.30459389090538025 -0.6526162624359131 -0.3165646195411682 -0.8672690391540527 -0.38422778248786926 -2.1076345443725586
-0.1855395883321762 0.4538567364215851 -0.8715439438819885 0.11501924693584442 0.9302481412887573 -0.20460881292819977 -0.30458715558052063 -0.6525906920433044 -0.3165646493434906 -0.8672652840614319 -0.38423627614974976 -2.107652187347412
-0.18559060990810394 0.4538362920284271 -0.8715437650680542 0.11504384875297546 0.930234968662262 -0.20460332930088043 -0.30463123321533203 -0.6525607109069824 -0.3165735900402069 -0.8672772645950317 -0.3842018246650696 -2.107672691345215
-0.18554362654685974 0.45385217666625977 -0.8715454936027527 0.1150394007563591 0.9302408695220947 -0.20462654531002045 -0.30459755659103394 -0.652638852596283 -0.3165837228298187 -0.8672634959220886 -0.3842245936393738 -2.10776424407959
-0.18562430143356323 0.4538145661354065 -0.8715478777885437 0.11502403765916824 0.9302188754081726 -0.20462267100811005 -0.30466726422309875 -0.6526549458503723 -0.316601037979126 -0.8672840595245361 -0.38416382670402527 -2.1077444553375244
-0.1856197714805603 0.45372435450553894 -0.8715957999229431 0.11505188047885895 0.9302047491073608 -0.20469726622104645 -0.3046603202819824 -0.6525996327400208 -0.31664520502090454 -0.8673136830329895 -0.3840605616569519 -2.107849597930908
-0.18562641739845276 0.4536581337451935 -0.8716288805007935 0.11505178362131119 0.9302014708518982 -0.20472297072410583 -0.30465301871299744 -0.6525834798812866 -0.3166508972644806 -0.8673422336578369 -0.3839913606643677 -2.1078720092773438
-0.18563108146190643 0.4536644518375397 -0.8716245889663696 0.11508060991764069 0.930193305015564 -0.20473867654800415 -0.3046674132347107 -0.6525465846061707 -0.316672146320343 -0.8673352003097534 -0.3839896619319916 -2.1079137325286865
-0.1856241673231125 0.453719824552536 -0.8715972304344177 0.11510778218507767 0.9301869869232178 -0.2047431915998459 -0.3046835958957672 -0.6526072025299072 -0.3166947066783905 -0.8673052191734314 -0.38403889536857605 -2.107912063598633
-0.18565253913402557 0.45370399951934814 -0.8715994358062744 0.1151493564248085 0.9301892518997192 -0.20471547544002533 -0.3046954274177551 -0.6525776386260986 -0.31667155027389526 -0.8673200011253357 -0.3840245306491852 -2.1079554557800293
-0.1855592429637909 0.45383748412132263 -0.8715497851371765 0.11508289724588394 0.9302100539207458 -0.20470105111598969 -0.3046414852142334 -0.652657687664032 -0.31666502356529236 -0.8672536015510559 -0.3841799199581146 -2.107811450958252
-0.18555022776126862 0.4538022577762604 -0.8715700507164001 0.1151166558265686 0.9302176237106323 -0.20470134913921356 -0.3046182692050934 -0.6526293754577637 -0.3166481554508209 -0.8672719597816467 -0.3841523826122284 -2.1078550815582275
-0.18550413846969604 0.45384618639945984 -0.8715569972991943 0.1150679662823677 0.9302176237106323 -0.20473013818264008 -0.30459895730018616 -0.6526795029640198 -0.31667518615722656 -0.867242157459259 -0.38419732451438904 -2.1078391075134277
-0.18549701571464539 0.4538569450378418 -0.8715528845787048 0.11508918553590775 0.9302078485488892 -0.20475995540618896 -0.3046087622642517 -0.6526566743850708 -0.3167080581188202 -0.8672294616699219 -0.3841988146305084 -2.107880115509033
-0.18545697629451752 0.453879714012146 -0.8715495467185974 0.11507867276668549 0.9302791357040405 -0.20459504425525665 -0.30450183153152466 -0.6526893377304077 -0.3165220618247986 -0.8672564625740051 -0.3842911720275879 -2.107893705368042
-0.18536178767681122 0.45384785532951355 -0.8715864419937134 0.11509816348552704 0.9302709698677063 -0.2047196924686432 -0.30444303154945374 -0.6526812314987183 -0.31660184264183044 -0.867243766784668 -0.3842541575431824 -2.107921600341797
-0.1854303777217865 0.4538342356681824 -0.8715789318084717 0.11511392146348953 0.9302471876144409 -0.2047238051891327 -0.30451276898384094 -0.6527363657951355 -0.31663140654563904 -0.8672499060630798 -0.38421592116355896 -2.1079084873199463
-0.1854010820388794 0.453837513923645 -0.8715834617614746 0.11513561755418777 0.9302545785903931 -0.20473046600818634 -0.3044857382774353 -0.6527162194252014 -0.3166268467903137 -0.8672466278076172 -0.38422706723213196 -2.1079461574554443
-0.18540602922439575 0.4538593888282776 -0.8715710043907166 0.11500155925750732 0.9302344918251038 -0.20477312803268433 -0.3045184314250946 -0.6526836156845093 -0.31668299436569214 -0.8672251105308533 -0.3842293918132782 -2.107872724533081
-0.18539752066135406 0.4538729190826416 -0.8715657591819763 0.11501191556453705 0.9302276372909546 -0.20479539036750793 -0.3045244812965393 -0.6526593565940857 -0.31670820713043213 -0.8672127723693848 -0.38423648476600647 -2.1079094409942627
-0.18538857996463776 0.4538921117782593 -0.8715576529502869 0.11499349027872086 0.9302295446395874 -0.20479202270507812 -0.30452093482017517 -0.6526892185211182 -0.3167078495025635 -0.8672034740447998 -0.38425764441490173 -2.1078343391418457
-0.1853453814983368 0.45394715666770935 -0.8715382218360901 0.11497950553894043 0.930231511592865 -0.20480875670909882 -0.3045037090778351 -0.6526469588279724 -0.3167273700237274 -0.8671707510948181 -0.38431546092033386 -2.1077442169189453
-0.18532653152942657 0.4539622366428375 -0.8715343475341797 0.11499107629060745 0.9302353858947754 -0.20481085777282715 -0.3044903874397278 -0.6526108980178833 -0.316726952791214 -0.8671623468399048 -0.3843347430229187 -2.1077721118927
-0.18528015911579132 0.4539342224597931 -0.8715587854385376 0.11501007527112961 0.9302642345428467 -0.20478595793247223 -0.3044189512729645 -0.6526218056678772 -0.3166693150997162 -0.8671829104423523 -0.38433587551116943 -2.107767105102539
-0.1853215992450714 0.45395606756210327 -0.8715386390686035 0.11502719670534134 0.9302461743354797 -0.20478813350200653 -0.3044726550579071 -0.6525805592536926 -0.3166980743408203 -0.8671709299087524 -0.3843391239643097 -2.107801675796509
-0.18534670770168304 0.45394882559776306 -0.8715370297431946 0.11501321941614151 0.9302425384521484 -0.2047765851020813 -0.3044915199279785 -0.6526184678077698 -0.31669408082962036 -0.8671774864196777 -0.3843277394771576 -2.1077985763549805
-0.18535806238651276 0.45396000146865845 -0.8715288043022156 0.11503639817237854 0.930239200592041 -0.20477096736431122 -0.30450549721717834 -0.6525825262069702 -0.31669723987579346 -0.8671729564666748 -0.38433533906936646 -2.1078290939331055
-0.18544287979602814 0.4539473056793213 -0.8715173602104187 0.1150282770395279 0.930225670337677 -0.204731285572052 -0.3045734763145447 -0.6525916457176208 -0.31668731570243835 -0.8671889901161194 -0.3843073844909668 -2.1077582836151123
-0.1854339838027954 0.45394670963287354 -0.8715195655822754 0.11504542827606201 0.9302253723144531 -0.20474088191986084 -0.30456802248954773 -0.6525589823722839 -0.3166934549808502 -0.8671870231628418 -0.38430672883987427 -2.1077847480773926
-0.18538321554660797 0.4539000689983368 -0.8715546727180481 0.11502811312675476 0.9302250742912292 -0.20480658113956451 -0.3045247495174408 -0.6526273488998413 -0.3167240619659424 -0.8671959042549133 -0.38426142930984497 -2.1076953411102295
-0.18536828458309174 0.45393332839012146 -0.8715405464172363 0.11504591256380081 0.9302195310592651 -0.20482449233531952 -0.30452972650527954 -0.6526004076004028 -0.3167491555213928 -0.8671742677688599 -0.38428956270217896 -2.107719659805298
-0.18543574213981628 0.4538719952106476 -0.8715581297874451 0.11502926051616669 0.9302104711532593 -0.20480608940124512 -0.30456966161727905 -0.6526218056678772 -0.3167361915111542 -0.8672106862068176 -0.3842180073261261 -2.1076242923736572
-0.18541651964187622 0.45386093854904175 -0.871567964553833 0.1150502935051918 0.9302204251289368 -0.20480112731456757 -0.3045426309108734 -0.6525900959968567 -0.3167182207107544 -0.8672176599502563 -0.38421711325645447 -2.1076502799987793
-0.18542194366455078 0.4538680911064148 -0.8715630769729614 0.11507552862167358 0.9302172064781189 -0.20480221509933472 -0.3045516908168793 -0.6526875495910645 -0.3167244791984558 -0.8672136664390564 -0.3842209577560425 -2.1076126098632812
-0.18544600903987885 0.45387715101242065 -0.8715532422065735 0.11510676890611649 0.9302070736885071 -0.20480377972126007 -0.3045816123485565 -0.6526643633842468 -0.31674015522003174 -0.8672085404396057 -0.38421958684921265 -2.107632637023926
-0.1853797435760498 0.45392554998397827 -0.8715421557426453 0.11503720283508301 0.9302449822425842 -0.20474639534950256 -0.3045043349266052 -0.6526419520378113 -0.3166675269603729 -0.867196798324585 -0.38430604338645935 -2.1076395511627197
-0.1853240430355072 0.4539192318916321 -0.8715572953224182 0.11500504612922668 0.9302464723587036 -0.20479784905910492 -0.3044652044773102 -0.6526614427566528 -0.31669577956199646 -0.8671879172325134 -0.38430270552635193 -2.107699394226074
-0.185358464717865 0.45392176508903503 -0.8715486526489258 0.1150304451584816 0.930223286151886 -0.20482757687568665 -0.30451610684394836 -0.6526381969451904 -0.31674379110336304 -0.8671795725822449 -0.3842819631099701 -2.107724189758301
-0.1853388249874115 0.45389243960380554 -0.8715680837631226 0.1150413528084755 0.9302301406860352 -0.20483781397342682 -0.30448824167251587 -0.6526685953140259 -0.3167351484298706 -0.8671925067901611 -0.3842599093914032 -2.107689380645752
-0.18535743653774261 0.4538857936859131 -0.8715676069259644 0.115071140229702 0.930228054523468 -0.20482809841632843 -0.3045012056827545 -0.652647852897644 -0.31673043966293335 -0.8671982884407043 -0.3842507600784302 -2.107719898223877
-0.18531185388565063 0.45390334725379944 -0.8715681433677673 0.11510246247053146 0.9302433729171753 -0.2048235982656479 -0.304457426071167 -0.6526246070861816 -0.31671208143234253 -0.8671901822090149 -0.38428422808647156 -2.1077497005462646
-0.18534134328365326 0.4539097249507904 -0.8715585470199585 0.11507773399353027 0.9302436709403992 -0.20479241013526917 -0.3044775426387787 -0.6526729464530945 -0.3166940212249756 -0.8671941757202148 -0.38429003953933716 -2.1077237129211426
-0.18533331155776978 0.45387551188468933 -0.8715780973434448 0.11513591557741165 0.9302293658256531 -0.20485106110572815 -0.3044816255569458 -0.6527078747749329 -0.31674057245254517 -0.8671982288360596 -0.3842425048351288 -2.1076741218566895
-0.18531885743141174 0.4538693428039551 -0.8715843558311462 0.11518584936857224 0.9302532076835632 -0.2048017382621765 -0.3044419586658478 -0.6526825428009033 -0.3166790008544922 -0.8672131299972534 -0.3842597007751465 -2.1077044010162354
-0.18536317348480225 0.45389530062675476 -0.8715614080429077 0.11512017995119095 0.9302237629890442 -0.20483095943927765 -0.3045123219490051 -0.6527256369590759 -0.31673958897590637 -0.8671926259994507 -0.384255975484848 -2.1076974868774414
-0.18542183935642242 0.453927606344223 -0.8715320825576782 0.1150817722082138 0.9302064776420593 -0.20481090247631073 -0.30457863211631775 -0.6526427865028381 -0.3167560398578644 -0.8671804666519165 -0.3842698931694031 -2.1076440811157227
-0.18544870615005493 0.45396777987480164 -0.8715054392814636 0.11500750482082367 0.9302082657814026 -0.20476633310317993 -0.3046032190322876 -0.6527069211006165 -0.3167351484298706 -0.867169976234436 -0.3843108117580414 -2.1076972484588623
-0.18545421957969666 0.4539930522441864 -0.8714911341667175 0.11498183012008667 0.930199921131134 -0.20477494597434998 -0.3046227693557739 -0.652656078338623 -0.31675630807876587 -0.8671547174453735 -0.38432782888412476 -2.1076831817626953
-0.1854303628206253 0.4539671540260315 -0.8715096712112427 0.11497639864683151 0.9301856756210327 -0.20484581589698792 -0.30461862683296204 -0.6526709198951721 -0.31681209802627563 -0.8671514987945557 -0.384289026260376 -2.1076955795288086
-0.1854223608970642 0.45397406816482544 -0.8715078234672546 0.11499441415071487 0.9301862716674805 -0.20484952628612518 -0.30461442470550537 -0.6526552438735962 -0.3168151378631592 -0.8671470284461975 -0.3842966556549072 -2.1077442169189453
-0.18543288111686707 0.45395639538764954 -0.8715147972106934 0.11500461399555206 0.9301843047142029 -0.204850971698761 -0.3046194016933441 -0.6526638269424438 -0.31681469082832336 -0.8671559691429138 -0.3842768967151642 -2.107783317565918
-0.18541637063026428 0.4539925456047058 -0.8714994788169861 0.11504504084587097 0.9301669597625732 -0.20490162074565887 -0.3046383261680603 -0.6526567935943604 -0.31687530875205994 -0.8671250343322754 -0.38429662585258484 -2.1078479290008545
