# 3x4 first row second row third row Freq: 100 current Time: 2021-07-28-13:47:18
-0.32716113328933716 -0.1745922714471817 -0.9286997318267822 0.16203966736793518 0.38968625664711 -0.9202544689178467 0.03572642058134079 -0.6510095000267029 -0.8608776330947876 -0.3502132296562195 0.3691076636314392 -2.5308213233947754
-0.32717129588127136 -0.1746302843093872 -0.9286890029907227 0.16205482184886932 0.389675110578537 -0.9202577471733093 0.03576478734612465 -0.6509866118431091 -0.8608788251876831 -0.3501857817173004 0.369130939245224 -2.5308125019073486
-0.32718759775161743 -0.17462004721164703 -0.928685188293457 0.16205385327339172 0.3896850049495697 -0.9202543497085571 0.0357438400387764 -0.6509838700294495 -0.8608681559562683 -0.35019972920417786 0.3691425621509552 -2.530806064605713
-0.3271349370479584 -0.17457014322280884 -0.9287131428718567 0.1620420217514038 0.38971224427223206 -0.9202443361282349 0.03570391982793808 -0.6509426236152649 -0.8608757853507996 -0.35025086998939514 0.369076132774353 -2.530825138092041
-0.32709169387817383 -0.174540713429451 -0.9287338852882385 0.16201995313167572 0.3896831274032593 -0.9202566742897034 0.03570467606186867 -0.6509769558906555 -0.8609054088592529 -0.3502332270145416 0.3690238296985626 -2.5308940410614014
-0.32709285616874695 -0.1745559126138687 -0.9287306070327759 0.16202300786972046 0.38964882493019104 -0.9202700257301331 0.035733964294195175 -0.6509802937507629 -0.8609204888343811 -0.3501904606819153 0.3690291941165924 -2.5309011936187744
-0.327218621969223 -0.174525648355484 -0.9286919832229614 0.1620142012834549 0.38970521092414856 -0.9202502369880676 0.03562910482287407 -0.6509354710578918 -0.8608471751213074 -0.3502575755119324 0.3691365122795105 -2.530766725540161
-0.32721492648124695 -0.17454858124256134 -0.9286890029907227 0.1620190143585205 0.3896946609020233 -0.920253574848175 0.035657849162817 -0.650933027267456 -0.860853374004364 -0.35023733973503113 0.36914128065109253 -2.5307564735412598
-0.3271992802619934 -0.17456433176994324 -0.928691565990448 0.16202911734580994 0.38963720202445984 -0.9202761054039001 0.03570440411567688 -0.6509905457496643 -0.8608853220939636 -0.3501703143119812 0.36913037300109863 -2.530834913253784
-0.3271927833557129 -0.17457982897758484 -0.9286909103393555 0.1620335876941681 0.3896584212779999 -0.9202668070793152 0.03571327403187752 -0.6509911417961121 -0.8608781695365906 -0.35018712282180786 0.36913108825683594 -2.530832052230835
-0.3272293508052826 -0.17459465563297272 -0.9286752343177795 0.16203564405441284 0.38967815041542053 -0.9202587604522705 0.03570477291941643 -0.6509634256362915 -0.8608553409576416 -0.3502007722854614 0.3691713511943817 -2.530858278274536
-0.3272477984428406 -0.17457029223442078 -0.9286733269691467 0.1620396226644516 0.3896515965461731 -0.9202708005905151 0.035684578120708466 -0.6509602069854736 -0.8608603477478027 -0.35018134117126465 0.3691781461238861 -2.53085994720459
-0.3272371292114258 -0.17461517453193665 -0.9286686778068542 0.1620631068944931 0.3896695375442505 -0.9202616214752197 0.0357256643474102 -0.6509745717048645 -0.860856294631958 -0.3501831293106079 0.3691858947277069 -2.5308895111083984
-0.3272238075733185 -0.17461274564266205 -0.9286738038063049 0.16208411753177643 0.3896518647670746 -0.9202686548233032 0.03573621064424515 -0.6509911417961121 -0.8608693480491638 -0.3501657247543335 0.3691719174385071 -2.530911922454834
-0.3272196650505066 -0.17461368441581726 -0.9286750555038452 0.16206763684749603 0.3896797299385071 -0.9202572703361511 0.03572686389088631 -0.6509649157524109 -0.8608583211898804 -0.3501952886581421 0.3691696226596832 -2.5308754444122314
-0.327191025018692 -0.17461928725242615 -0.9286841154098511 0.16210369765758514 0.3896996080875397 -0.9202485084533691 0.03573542833328247 -0.6509543657302856 -0.8608602285385132 -0.35021552443504333 0.36914607882499695 -2.530869245529175
-0.32718515396118164 -0.1745542734861374 -0.9286984205245972 0.16207945346832275 0.3897157311439514 -0.9202443361282349 0.035666462033987045 -0.6509669423103333 -0.8608551621437073 -0.35025885701179504 0.36911675333976746 -2.530874013900757
-0.327160507440567 -0.1745833456516266 -0.928701639175415 0.1621006727218628 0.38972699642181396 -0.9202382564544678 0.03570038452744484 -0.6509660482406616 -0.8608593940734863 -0.35026031732559204 0.36910539865493774 -2.5308773517608643
-0.32719293236732483 -0.17459049820899963 -0.9286888837814331 0.16208763420581818 0.38975468277931213 -0.9202272295951843 0.03568250685930252 -0.6509361863136292 -0.860834538936615 -0.35028576850891113 0.36913925409317017 -2.530785322189331
-0.32720595598220825 -0.17459246516227722 -0.9286839365959167 0.1621033251285553 0.3897407054901123 -0.9202330112457275 0.0356852151453495 -0.6509323120117188 -0.8608359694480896 -0.35026949644088745 0.36915144324302673 -2.5307796001434326
-0.3272098898887634 -0.17454397678375244 -0.9286916255950928 0.16209463775157928 0.38972073793411255 -0.9202430844306946 0.03564413636922836 -0.6509152054786682 -0.8608434796333313 -0.35026729106903076 0.3691359758377075 -2.530751943588257
-0.3272109925746918 -0.174540713429451 -0.9286918640136719 0.16210846602916718 0.3897019028663635 -0.9202508926391602 0.03564854711294174 -0.6509084701538086 -0.8608515858650208 -0.3502483665943146 0.3691349923610687 -2.530744791030884
-0.32726091146469116 -0.17453114688396454 -0.9286760687828064 0.1620720624923706 0.38961994647979736 -0.9202854037284851 0.03565407916903496 -0.6509726047515869 -0.8608697056770325 -0.350162535905838 0.36917418241500854 -2.5307908058166504
-0.32727569341659546 -0.17454937100410461 -0.928667426109314 0.1620783656835556 0.3896365761756897 -0.9202781319618225 0.035659048706293106 -0.6509791016578674 -0.8608565926551819 -0.3501724600791931 0.36919543147087097 -2.530789613723755
-0.3272581398487091 -0.1745275855064392 -0.9286777377128601 0.16204775869846344 0.38957467675209045 -0.9203038811683655 0.03567107766866684 -0.6510749459266663 -0.8608912229537964 -0.35011565685272217 0.36916840076446533 -2.5308339595794678
-0.3272775113582611 -0.1745595782995224 -0.9286648631095886 0.162047877907753 0.38953733444213867 -0.9203181266784668 0.03571098670363426 -0.651057243347168 -0.8609007596969604 -0.35006222128868103 0.3691968321800232 -2.530876874923706
-0.3272436559200287 -0.1745535433292389 -0.9286779165267944 0.16205085813999176 0.38947275280952454 -0.9203441143035889 0.035746362060308456 -0.651074230670929 -0.8609429001808167 -0.349996954202652 0.369160532951355 -2.5308725833892822
-0.32722902297973633 -0.1745360642671585 -0.9286863803863525 0.16206905245780945 0.3895047903060913 -0.9203315377235413 0.035721179097890854 -0.6510711312294006 -0.8609339594841003 -0.3500387966632843 0.36914175748825073 -2.5308942794799805
-0.3270787298679352 -0.17456281185150146 -0.928734302520752 0.16209959983825684 0.3894747793674469 -0.920340359210968 0.035821106284856796 -0.65106600522995 -0.861004650592804 -0.350002259016037 0.3690114915370941 -2.530942916870117
-0.32715532183647156 -0.17452487349510193 -0.9287144541740417 0.16208487749099731 0.38951680064201355 -0.9203259348869324 0.035734642297029495 -0.6510575413703918 -0.8609564900398254 -0.3500590920448303 0.36906981468200684 -2.5309126377105713
-0.3271501958370209 -0.17447000741958618 -0.9287265539169312 0.16209524869918823 0.38950666785240173 -0.9203320741653442 0.035686686635017395 -0.651019275188446 -0.8609630465507507 -0.3500702679157257 0.3690439760684967 -2.5308990478515625
-0.32715195417404175 -0.1744534820318222 -0.9287290573120117 0.16210944950580597 0.3894767463207245 -0.920344889163971 0.03568241000175476 -0.6510255336761475 -0.8609759211540222 -0.35004478693008423 0.3690381646156311 -2.5309064388275146
-0.32715609669685364 -0.17441736161708832 -0.9287343621253967 0.16207580268383026 0.3894086480140686 -0.9203740358352661 0.03567413613200188 -0.6510125398635864 -0.8610051274299622 -0.34998619556427 0.3690255284309387 -2.5309600830078125
-0.32711005210876465 -0.17440052330493927 -0.9287537336349487 0.16204604506492615 0.38940978050231934 -0.9203734993934631 0.03567551076412201 -0.6509922742843628 -0.8610221147537231 -0.3499959707260132 0.3689766228199005 -2.5309295654296875
-0.32711172103881836 -0.1743813306093216 -0.9287567734718323 0.1620343029499054 0.38936948776245117 -0.9203906655311584 0.035673096776008606 -0.6509812474250793 -0.8610396981239319 -0.34996044635772705 0.36896929144859314 -2.5309085845947266
-0.3271372318267822 -0.17444363236427307 -0.9287360906600952 0.16204512119293213 0.38939303159713745 -0.9203790426254272 0.035714466124773026 -0.6509819030761719 -0.8610193729400635 -0.3499598205089569 0.3690173625946045 -2.5309197902679443
-0.3271551728248596 -0.1744224727153778 -0.928733766078949 0.16205038130283356 0.3894089460372925 -0.9203736782073975 0.035679444670677185 -0.6509665846824646 -0.8610053658485413 -0.3499844968318939 0.36902663111686707 -2.530926465988159
-0.3271893560886383 -0.1744379848241806 -0.9287188053131104 0.16209374368190765 0.3894311487674713 -0.9203646183013916 0.03567153960466385 -0.6510095596313477 -0.860982358455658 -0.35000064969062805 0.3690650165081024 -2.530987024307251
-0.32717716693878174 -0.17444796860218048 -0.9287211894989014 0.16210100054740906 0.3894484043121338 -0.9203569889068604 0.035678934305906296 -0.651017427444458 -0.8609791398048401 -0.35001567006111145 0.369058221578598 -2.5309979915618896
-0.32710814476013184 -0.1744002401828766 -0.928754448890686 0.16203510761260986 0.3894900679588318 -0.9203408360481262 0.03564160317182541 -0.650987982749939 -0.8609865307807922 -0.3500819802284241 0.3689780831336975 -2.5308921337127686
-0.32712307572364807 -0.17441286146640778 -0.9287468194961548 0.16201886534690857 0.3894968032836914 -0.9203378558158875 0.03564521297812462 -0.650968611240387 -0.860977828502655 -0.35008352994918823 0.3689969480037689 -2.530923366546631
-0.32714927196502686 -0.17440727353096008 -0.9287386536598206 0.1619962900876999 0.38949182629585266 -0.9203404784202576 0.03563123941421509 -0.6509944200515747 -0.8609700798988342 -0.35007938742637634 0.36901888251304626 -2.530956745147705
-0.3271442949771881 -0.17440208792686462 -0.9287413954734802 0.16198882460594177 0.38946667313575745 -0.9203508496284485 0.03563889488577843 -0.6509971618652344 -0.8609833717346191 -0.3500547707080841 0.369011253118515 -2.5309619903564453
-0.32709768414497375 -0.17432627081871033 -0.9287720322608948 0.16203047335147858 0.3894539177417755 -0.9203581809997559 0.035588011145591736 -0.650978147983551 -0.8610068559646606 -0.3500731587409973 0.36893901228904724 -2.530940055847168
-0.32708704471588135 -0.17425744235515594 -0.9287887215614319 0.16202972829341888 0.3895208239555359 -0.9203334450721741 0.035495419055223465 -0.6509974598884583 -0.8609806299209595 -0.3501724600791931 0.3689059913158417 -2.530837059020996
-0.3270537257194519 -0.17423292994499207 -0.9288050532341003 0.1620400846004486 0.38953813910484314 -0.920326828956604 0.03547714650630951 -0.6510066390037537 -0.8609854578971863 -0.3502020537853241 0.3688666522502899 -2.530848264694214
-0.3270483911037445 -0.1742907017469406 -0.928796112537384 0.16200941801071167 0.3896934688091278 -0.9202613830566406 0.035469986498355865 -0.6510095596313477 -0.8609172105789185 -0.35034534335136414 0.36888986825942993 -2.5308315753936768
-0.3270770311355591 -0.17430177330970764 -0.9287838935852051 0.16201907396316528 0.38970503211021423 -0.9202566742897034 0.03546445071697235 -0.6510266065597534 -0.8609010577201843 -0.35035213828086853 0.36892104148864746 -2.530846357345581
-0.32707342505455017 -0.17434659600257874 -0.9287768006324768 0.1620509773492813 0.3897067904472351 -0.9202541708946228 0.03550954908132553 -0.6510365605354309 -0.8609016537666321 -0.3503364026546478 0.368934690952301 -2.530830144882202
-0.3270677328109741 -0.174327552318573 -0.9287823438644409 0.16205482184886932 0.38970857858657837 -0.920254111289978 0.03549220785498619 -0.6510547399520874 -0.8609030246734619 -0.35034608840942383 0.36892232298851013 -2.530825138092041
-0.3270905017852783 -0.17433291673660278 -0.9287733435630798 0.16208282113075256 0.3897255063056946 -0.9202473759651184 0.03548109903931618 -0.6510430574417114 -0.8608866930007935 -0.3503611087799072 0.3689461052417755 -2.5308704376220703
-0.3270528018474579 -0.17434778809547424 -0.9287838339805603 0.1620938628911972 0.3897329270839691 -0.9202432036399841 0.03550786152482033 -0.6510595083236694 -0.8608976602554321 -0.35036468505859375 0.3689171075820923 -2.530867576599121
-0.32710590958595276 -0.17436258494853973 -0.9287623167037964 0.16206619143486023 0.389771044254303 -0.9202279448509216 0.03548477217555046 -0.6510412693023682 -0.8608602285385132 -0.35039737820625305 0.36897340416908264 -2.530850648880005
-0.32704800367355347 -0.1743793785572052 -0.9287795424461365 0.16207264363765717 0.3897598385810852 -0.9202309250831604 0.03552955016493797 -0.651056706905365 -0.8608872890472412 -0.35038110613822937 0.36892572045326233 -2.5308444499969482
-0.32705581188201904 -0.17433571815490723 -0.9287850260734558 0.16203950345516205 0.3896622061729431 -0.9202724695205688 0.03552499786019325 -0.651058554649353 -0.8609285354614258 -0.35029375553131104 0.3689124286174774 -2.5308244228363037
-0.3270682990550995 -0.17435459792613983 -0.9287770986557007 0.16204193234443665 0.38964587450027466 -0.9202786087989807 0.03554566204547882 -0.651069700717926 -0.8609311580657959 -0.35026830434799194 0.368930459022522 -2.530817985534668
-0.32712942361831665 -0.17440615594387054 -0.9287458658218384 0.16205327212810516 0.3897240459918976 -0.9202457666397095 0.03553859889507294 -0.6510092616081238 -0.8608725666999817 -0.35032886266708374 0.36900967359542847 -2.5308444499969482
-0.3271728754043579 -0.17437465488910675 -0.9287365078926086 0.16204264760017395 0.38970303535461426 -0.9202561974525452 0.035498879849910736 -0.6510076522827148 -0.8608655333518982 -0.3503171503543854 0.36903712153434753 -2.5308115482330322
-0.3271715044975281 -0.174371600151062 -0.9287375211715698 0.16204434633255005 0.3896920680999756 -0.9202607274055481 0.035501107573509216 -0.6510182023048401 -0.8608710765838623 -0.3503067195415497 0.3690342605113983 -2.530797004699707
-0.3273054361343384 -0.1743471473455429 -0.9286949634552002 0.16206009685993195 0.3898076117038727 -0.9202167391777039 0.03537331894040108 -0.6509901285171509 -0.8607678413391113 -0.35043445229530334 0.3691537380218506 -2.5308163166046143
-0.3272683620452881 -0.17435488104820251 -0.9287065267562866 0.16206994652748108 0.38982489705085754 -0.9202088117599487 0.035388533025979996 -0.6509974002838135 -0.8607740998268127 -0.35045138001441956 0.36912304162979126 -2.5308055877685547
-0.32739484310150146 -0.17432385683059692 -0.9286677837371826 0.16206127405166626 0.38983649015426636 -0.9202072620391846 0.03530178591609001 -0.6509696245193481 -0.8607207536697388 -0.35047096014022827 0.3692288398742676 -2.530769109725952
-0.32735738158226013 -0.17433427274227142 -0.9286790490150452 0.1620677262544632 0.38986632227897644 -0.920194149017334 0.03531443327665329 -0.6509745121002197 -0.8607214689254761 -0.350500226020813 0.36919933557510376 -2.530754804611206
-0.32736116647720337 -0.17430883646011353 -0.9286825060844421 0.1620519459247589 0.3898230791091919 -0.9202127456665039 0.03530624881386757 -0.650974690914154 -0.8607396483421326 -0.35046395659446716 0.3691914677619934 -2.5307960510253906
-0.3274405002593994 -0.17432978749275208 -0.9286505579948425 0.1620313972234726 0.38995361328125 -0.9201600551605225 0.03523899242281914 -0.6509639024734497 -0.8606503009796143 -0.3505919575691223 0.3692781329154968 -2.530745506286621
-0.3274117112159729 -0.17428451776504517 -0.9286692142486572 0.16200456023216248 0.38993123173713684 -0.9201704263687134 0.035215336829423904 -0.6509348750114441 -0.8606714010238647 -0.35058721899986267 0.36923348903656006 -2.5307815074920654
-0.3273601830005646 -0.17420531809329987 -0.9287022352218628 0.162005215883255 0.3898490071296692 -0.9202061295509338 0.035192929208278656 -0.6509612202644348 -0.8607282638549805 -0.3505328893661499 0.36915257573127747 -2.53080153465271
-0.3273818790912628 -0.17420007288455963 -0.9286956191062927 0.16199974715709686 0.38982656598091125 -0.9202157855033875 0.03518862649798393 -0.650958776473999 -0.8607301712036133 -0.3505100905895233 0.3691697120666504 -2.530791759490967
-0.3272407054901123 -0.17427055537700653 -0.92873215675354 0.1620379388332367 0.38979125022888184 -0.9202253222465515 0.03533056005835533 -0.6510552763938904 -0.8607998490333557 -0.3504500687122345 0.36906424164772034 -2.530876636505127
-0.3271772265434265 -0.17435413599014282 -0.9287388324737549 0.16207970678806305 0.3897530734539032 -0.9202367067337036 0.03545532748103142 -0.6510867476463318 -0.8608412742614746 -0.3503786325454712 0.3690354824066162 -2.5308985710144043
-0.3271470069885254 -0.17438016831874847 -0.9287445545196533 0.16208361089229584 0.38980311155319214 -0.920214831829071 0.03547186404466629 -0.6510477066040039 -0.8608300685882568 -0.35042300820350647 0.36901938915252686 -2.5309290885925293
-0.32720616459846497 -0.17440487444400787 -0.9287191033363342 0.16205079853534698 0.389852374792099 -0.9201947450637817 0.03545135632157326 -0.651003360748291 -0.8607853055000305 -0.3504634499549866 0.36908549070358276 -2.5308690071105957
-0.3271462619304657 -0.17443600296974182 -0.9287343621253967 0.1620779186487198 0.3898598551750183 -0.920189619064331 0.03550317510962486 -0.6509642601013184 -0.8608046770095825 -0.350461483001709 0.3690420985221863 -2.5308661460876465
-0.3271918296813965 -0.17446266114711761 -0.9287132620811462 0.16205629706382751 0.3899705708026886 -0.9201442003250122 0.035463716834783554 -0.650947630405426 -0.8607372045516968 -0.35056740045547485 0.3690989017486572 -2.5308170318603516
-0.3271868824958801 -0.17449982464313507 -0.928708016872406 0.16204048693180084 0.38991907238960266 -0.9201636910438538 0.035524625331163406 -0.650925874710083 -0.8607624173164368 -0.3504977524280548 0.3691062331199646 -2.530823230743408
-0.3272012174129486 -0.1744956076145172 -0.928703784942627 0.16202937066555023 0.38993778824806213 -0.9201564192771912 0.03550662472844124 -0.6509522795677185 -0.8607484698295593 -0.3505188822746277 0.36911869049072266 -2.5307960510253906
-0.3271997570991516 -0.17450030148029327 -0.9287034273147583 0.16202685236930847 0.3899475336074829 -0.9201523065567017 0.03550770506262779 -0.6509499549865723 -0.8607446551322937 -0.35052746534347534 0.3691194951534271 -2.5307791233062744
-0.3272285759449005 -0.17455507814884186 -0.9286829829216003 0.16203951835632324 0.3898315131664276 -0.9201978445053101 0.03560009226202965 -0.6509741544723511 -0.8607861995697021 -0.3503805100917816 0.36916205286979675 -2.5308165550231934
-0.3272165358066559 -0.17457012832164764 -0.9286843538284302 0.16203269362449646 0.38983672857284546 -0.9201949834823608 0.03561762347817421 -0.6509708762168884 -0.8607884049415588 -0.3503805994987488 0.3691568076610565 -2.5307915210723877
-0.3272431790828705 -0.17455725371837616 -0.9286774396896362 0.16202297806739807 0.38981130719184875 -0.9202062487602234 0.03560503572225571 -0.6509777903556824 -0.8607898354530334 -0.35035744309425354 0.3691755533218384 -2.530893087387085
-0.3272702097892761 -0.17450907826423645 -0.928676962852478 0.16197656095027924 0.38987836241722107 -0.9201812148094177 0.03551764786243439 -0.6509135365486145 -0.8607491850852966 -0.3504471480846405 0.3691851496696472 -2.5307750701904297
-0.3272864818572998 -0.1745002567768097 -0.9286728501319885 0.16196730732917786 0.3898791968822479 -0.9201814532279968 0.03550197556614876 -0.650909960269928 -0.8607426285743713 -0.35045090317726135 0.36919689178466797 -2.530756711959839
-0.3273395895957947 -0.17455123364925385 -0.9286445379257202 0.1619819849729538 0.38998985290527344 -0.9201352596282959 0.03548358380794525 -0.6509332060813904 -0.8606722950935364 -0.35054677724838257 0.36926984786987305 -2.5307106971740723
-0.32734933495521545 -0.17451365292072296 -0.9286481738090515 0.1619759202003479 0.38998109102249146 -0.9201404452323914 0.035446178168058395 -0.6509351134300232 -0.8606725335121155 -0.35055193305015564 0.36926430463790894 -2.530684232711792
-0.3272565007209778 -0.17451511323451996 -0.9286806583404541 0.16199210286140442 0.389905720949173 -0.9201695919036865 0.035517409443855286 -0.6509543657302856 -0.8607419729232788 -0.35047459602355957 0.36917585134506226 -2.530755043029785
-0.327280730009079 -0.17451472580432892 -0.9286721348762512 0.161990225315094 0.3899179995059967 -0.9201650023460388 0.035501983016729355 -0.6509597897529602 -0.8607271909713745 -0.3504868745803833 0.36919865012168884 -2.5307350158691406
-0.3273838758468628 -0.17450302839279175 -0.9286379814147949 0.16206234693527222 0.3898964822292328 -0.9201758503913879 0.035458002239465714 -0.6509742140769958 -0.8606977462768555 -0.3504643142223358 0.3692888021469116 -2.5307767391204834
-0.32735154032707214 -0.17446032166481018 -0.9286574125289917 0.16207289695739746 0.38988614082336426 -0.920181155204773 0.03543318063020706 -0.6509779691696167 -0.8607147336006165 -0.350471556186676 0.3692423105239868 -2.5307657718658447
-0.3273027241230011 -0.17446862161159515 -0.9286730885505676 0.16209201514720917 0.3898826837539673 -0.9201815128326416 0.03546256572008133 -0.650979220867157 -0.8607348203659058 -0.3504665493965149 0.3692001402378082 -2.5307822227478027
-0.32730162143707275 -0.1744460016489029 -0.9286777377128601 0.16210685670375824 0.38985320925712585 -0.9201943278312683 0.03545325994491577 -0.6509802341461182 -0.8607486486434937 -0.35044407844543457 0.3691893517971039 -2.5307741165161133
-0.327287882566452 -0.1744682788848877 -0.9286783933639526 0.16204385459423065 0.38982751965522766 -0.9202037453651428 0.03549189120531082 -0.6509665250778198 -0.8607655167579651 -0.35040831565856934 0.3691839873790741 -2.5307977199554443
-0.327324777841568 -0.17447684705257416 -0.9286637902259827 0.16203930974006653 0.3898451328277588 -0.9201968312263489 0.035477928817272186 -0.6509693264961243 -0.8607434630393982 -0.3504222333431244 0.36922210454940796 -2.5307886600494385
-0.32726240158081055 -0.1744529753923416 -0.9286902546882629 0.16205260157585144 0.3898211419582367 -0.9202065467834473 0.035489730536937714 -0.6510019302368164 -0.8607780337333679 -0.3504086136817932 0.3691543936729431 -2.530816078186035
-0.327252060174942 -0.17446227371692657 -0.9286921620368958 0.16205263137817383 0.3898055851459503 -0.9202123284339905 0.035509783774614334 -0.6510096192359924 -0.8607890009880066 -0.3503887355327606 0.3691476881504059 -2.530813217163086
-0.32715681195259094 -0.17444360256195068 -0.9287291765213013 0.1620824933052063 0.3896709978580475 -0.920266330242157 0.035587411373853683 -0.6510525941848755 -0.8608861565589905 -0.35025617480278015 0.3690469563007355 -2.5309600830078125
-0.3272145092487335 -0.1743852198123932 -0.9287198185920715 0.16204054653644562 0.38969168066978455 -0.9202610850334167 0.03549741581082344 -0.651033341884613 -0.8608548641204834 -0.3502991199493408 0.3690791726112366 -2.530891180038452
-0.32717302441596985 -0.17435985803604126 -0.9287391901016235 0.1620459109544754 0.3897574841976166 -0.9202346205711365 0.035460807383060455 -0.6509811878204346 -0.8608408570289612 -0.3503812253475189 0.36903393268585205 -2.530836820602417
-0.32721275091171265 -0.17444992065429688 -0.9287083148956299 0.16205064952373505 0.38975754380226135 -0.9202317595481873 0.03553399071097374 -0.6509920954704285 -0.8608257174491882 -0.35034388303756714 0.36910468339920044 -2.530836343765259
-0.3272221088409424 -0.17441797256469727 -0.9287109971046448 0.16204534471035004 0.38968968391418457 -0.9202607274055481 0.03552766889333725 -0.6510023474693298 -0.8608528971672058 -0.3502836525440216 0.3690984547138214 -2.530888795852661
-0.3272041082382202 -0.17446358501911163 -0.9287087917327881 0.16206564009189606 0.38970571756362915 -0.9202522039413452 0.03557324409484863 -0.6510277986526489 -0.8608524799346924 -0.3502834141254425 0.3690997064113617 -2.5309176445007324
-0.32717055082321167 -0.17443566024303436 -0.9287258386611938 0.1620490998029709 0.38966602087020874 -0.9202688932418823 0.035576123744249344 -0.65104740858078 -0.8608831763267517 -0.3502534329891205 0.36905646324157715 -2.5309624671936035
-0.3270295262336731 -0.17440947890281677 -0.9287804365158081 0.1620475947856903 0.3896634578704834 -0.920268714427948 0.03560813143849373 -0.6510251760482788 -0.8609379529953003 -0.35026687383651733 0.36891600489616394 -2.5309078693389893
-0.32704776525497437 -0.17439264059066772 -0.9287771582603455 0.16204319894313812 0.3896251916885376 -0.9202852249145508 0.03560049086809158 -0.6510260701179504 -0.8609483242034912 -0.35023191571235657 0.36892494559288025 -2.530913829803467
-0.32710734009742737 -0.17438149452209473 -0.9287582635879517 0.1620231568813324 0.3896116018295288 -0.9202921390533447 0.03557126224040985 -0.6509796977043152 -0.8609318733215332 -0.35021936893463135 0.36897528171539307 -2.5309009552001953
-0.32710251212120056 -0.17444193363189697 -0.928748607635498 0.16201624274253845 0.3896191418170929 -0.9202866554260254 0.03562987223267555 -0.650972843170166 -0.8609302639961243 -0.35020360350608826 0.36899393796920776 -2.5309033393859863
-0.32704800367355347 -0.17454427480697632 -0.928748607635498 0.16203373670578003 0.3897024095058441 -0.9202480316162109 0.03571756184101105 -0.6509668827056885 -0.8609132766723633 -0.35025420784950256 0.36898553371429443 -2.5309159755706787
-0.32703956961631775 -0.1745517998933792 -0.9287501573562622 0.16203062236309052 0.3897036910057068 -0.9202470779418945 0.03572786599397659 -0.6509580612182617 -0.8609158992767334 -0.3502529263496399 0.36898061633110046 -2.5309202671051025
-0.3269752264022827 -0.1745690107345581 -0.928769588470459 0.16201746463775635 0.38973289728164673 -0.9202334880828857 0.03575833886861801 -0.6509977579116821 -0.860927164554596 -0.35027995705604553 0.3689287602901459 -2.530860424041748
-0.32700473070144653 -0.17459435760974884 -0.928754448890686 0.16202665865421295 0.3897351026535034 -0.9202321171760559 0.03577062115073204 -0.6510062217712402 -0.860914945602417 -0.3502710163593292 0.368965744972229 -2.5308685302734375
-0.32701873779296875 -0.174610435962677 -0.9287464618682861 0.16203069686889648 0.3897428810596466 -0.9202285408973694 0.035777557641267776 -0.6509966254234314 -0.8609060645103455 -0.35027238726615906 0.3689850866794586 -2.5308470726013184
-0.32706934213638306 -0.17460717260837555 -0.928729236125946 0.16205650568008423 0.3897673189640045 -0.9202194809913635 0.035743456333875656 -0.6509292721748352 -0.8608757853507996 -0.3502977192401886 0.369031697511673 -2.5308361053466797
-0.3271545469760895 -0.1745671033859253 -0.9287067651748657 0.16203024983406067 0.3897899091243744 -0.9202131628990173 0.035659708082675934 -0.6508904099464417 -0.8608331680297852 -0.3503343164920807 0.3690963387489319 -2.5308382511138916
-0.3271830379962921 -0.17454594373703003 -0.9287007451057434 0.1619957834482193 0.38973742723464966 -0.920235812664032 0.03564976528286934 -0.6509659290313721 -0.8608461618423462 -0.35028544068336487 0.3691125512123108 -2.5308523178100586
-0.3271785378456116 -0.17454583942890167 -0.9287023544311523 0.16204410791397095 0.3896632790565491 -0.9202659130096436 0.03568326681852341 -0.6509971022605896 -0.8608813881874084 -0.3502064049243927 0.3691052794456482 -2.5307884216308594
-0.32719019055366516 -0.17458635568618774 -0.9286906123161316 0.16208018362522125 0.38969263434410095 -0.9202525615692139 0.035706136375665665 -0.6510018110275269 -0.8608636856079102 -0.350221186876297 0.3691325783729553 -2.53084659576416
-0.327188640832901 -0.17461569607257843 -0.9286856651306152 0.1620945781469345 0.38972070813179016 -0.9202399849891663 0.03572380170226097 -0.6510093212127686 -0.8608515858650208 -0.3502395749092102 0.36914336681365967 -2.5308542251586914
-0.32715630531311035 -0.17464585602283478 -0.9286913275718689 0.16206172108650208 0.38969850540161133 -0.9202473759651184 0.03577622398734093 -0.6509696841239929 -0.8608739376068115 -0.3502052128314972 0.3691239058971405 -2.5308423042297363
-0.327137291431427 -0.17470431327819824 -0.9286870360374451 0.16209940612316132 0.3896975815296173 -0.9202451705932617 0.03584221377968788 -0.6509981155395508 -0.8608815670013428 -0.3501817584037781 0.3691283166408539 -2.5309035778045654
-0.32712575793266296 -0.17464245855808258 -0.9287027716636658 0.16205419600009918 0.38968950510025024 -0.920250654220581 0.03578903526067734 -0.6510027050971985 -0.8608896136283875 -0.3501982092857361 0.36909398436546326 -2.530982732772827
-0.3270990252494812 -0.17462553083896637 -0.9287153482437134 0.1620328426361084 0.38964277505874634 -0.9202699065208435 0.035803068429231644 -0.6509813070297241 -0.8609209060668945 -0.3501560688018799 0.3690609037876129 -2.5309691429138184
-0.3270721733570099 -0.17460846900939941 -0.9287280440330505 0.1620318740606308 0.38964736461639404 -0.9202682971954346 0.03579501435160637 -0.6509807109832764 -0.860929012298584 -0.3501688539981842 0.36902981996536255 -2.5309855937957764
-0.3270800709724426 -0.1746206283569336 -0.9287229776382446 0.16202643513679504 0.3896421790122986 -0.9202700853347778 0.03580610081553459 -0.6509959697723389 -0.8609283566474915 -0.3501581847667694 0.3690415024757385 -2.5310397148132324
-0.327111154794693 -0.17468500137329102 -0.9286999106407166 0.16204775869846344 0.38967618346214294 -0.9202542304992676 0.03584279119968414 -0.6509853601455688 -0.8609011769294739 -0.3501676619052887 0.36909595131874084 -2.5309677124023438
-0.32707881927490234 -0.17469966411590576 -0.928708553314209 0.16205210983753204 0.3896923363208771 -0.9202466011047363 0.035863421857357025 -0.6509819030761719 -0.8609061241149902 -0.35018041729927063 0.36907222867012024 -2.5309784412384033
-0.32715877890586853 -0.17468732595443726 -0.9286826848983765 0.16205695271492004 0.3897574841976166 -0.9202218055725098 0.03579103946685791 -0.6509354710578918 -0.8608462810516357 -0.3502516746520996 0.3691442906856537 -2.5309371948242188
-0.32716891169548035 -0.17469505965709686 -0.9286776781082153 0.16206403076648712 0.38974466919898987 -0.9202268719673157 0.035800106823444366 -0.6509264707565308 -0.8608482480049133 -0.3502344787120819 0.36915603280067444 -2.5309431552886963
-0.32713061571121216 -0.17456494271755219 -0.9287156462669373 0.16201850771903992 0.3897745609283447 -0.9202191233634949 0.03567379340529442 -0.6509045362472534 -0.8608492612838745 -0.3503197133541107 0.3690727651119232 -2.530869245529175
-0.32717251777648926 -0.17458760738372803 -0.9286965727806091 0.16204196214675903 0.3898025453090668 -0.9202075600624084 0.03566736355423927 -0.6509218811988831 -0.8608206510543823 -0.3503389060497284 0.369121253490448 -2.530907154083252
-0.3272421360015869 -0.17456983029842377 -0.9286754131317139 0.16201888024806976 0.38979649543762207 -0.9202117919921875 0.035624273121356964 -0.6509432196617126 -0.8607969284057617 -0.35033664107322693 0.3691786825656891 -2.530872344970703
-0.3271779417991638 -0.17458505928516388 -0.9286951422691345 0.16201049089431763 0.3897331953048706 -0.9202359318733215 0.03569238632917404 -0.6509730815887451 -0.8608499765396118 -0.35026559233665466 0.3691224157810211 -2.530841112136841
-0.32718855142593384 -0.17460334300994873 -0.9286879897117615 0.16200876235961914 0.38972851634025574 -0.9202373027801514 0.035708237439394 -0.6509750485420227 -0.860848069190979 -0.3502528667449951 0.3691389560699463 -2.530841588973999
-0.3271271884441376 -0.1745990663766861 -0.928710401058197 0.1620422601699829 0.3897375762462616 -0.9202328324317932 0.035724837332963943 -0.6510070562362671 -0.8608672618865967 -0.35026678442955017 0.36908093094825745 -2.5308845043182373
-0.32702985405921936 -0.17456473410129547 -0.9287511706352234 0.1620403677225113 0.38967087864875793 -0.9202597737312317 0.03575865551829338 -0.6510022878646851 -0.8609344363212585 -0.3502131402492523 0.36897513270378113 -2.530879259109497
-0.3269794285297394 -0.17460674047470093 -0.9287610054016113 0.16206461191177368 0.3896861672401428 -0.9202511310577393 0.035814058035612106 -0.6510140299797058 -0.8609467148780823 -0.3502148389816284 0.3689449727535248 -2.530881881713867
-0.32690805196762085 -0.17457544803619385 -0.9287919998168945 0.1620500236749649 0.38963425159454346 -0.9202723503112793 0.03583404794335365 -0.6509906053543091 -0.8609973192214966 -0.3501747250556946 0.3688649535179138 -2.530900239944458
-0.3269128203392029 -0.17457221448421478 -0.9287909269332886 0.16205132007598877 0.3896425664424896 -0.9202691316604614 0.03582536801695824 -0.6509904265403748 -0.8609917163848877 -0.35018470883369446 0.36886847019195557 -2.530906915664673
-0.3268496096134186 -0.17460475862026215 -0.9288070797920227 0.16203711926937103 0.38965409994125366 -0.9202622175216675 0.03587814420461655 -0.6509747505187988 -0.8610104918479919 -0.35018670558929443 0.36882272362709045 -2.530888795852661
-0.32686731219291687 -0.17456163465976715 -0.9288089275360107 0.16203340888023376 0.3895425498485565 -0.9203094840049744 0.035876065492630005 -0.6509893536567688 -0.8610542416572571 -0.3500838875770569 0.3688182234764099 -2.5309255123138428
-0.32680806517601013 -0.17450936138629913 -0.9288396239280701 0.16203293204307556 0.3895832896232605 -0.9202940464019775 0.035830698907375336 -0.6509562730789185 -0.8610582947731018 -0.35015061497688293 0.3687453866004944 -2.5308756828308105
-0.3268052935600281 -0.17453604936599731 -0.9288355708122253 0.1620369255542755 0.38957080245018005 -0.9202980399131775 0.03586360812187195 -0.6509530544281006 -0.8610650300979614 -0.3501267731189728 0.3687523603439331 -2.530883550643921
-0.32684433460235596 -0.17454804480075836 -0.9288195967674255 0.16205854713916779 0.3895564079284668 -0.9203040599822998 0.03586592897772789 -0.65096515417099 -0.8610566854476929 -0.35010504722595215 0.36879241466522217 -2.5308713912963867
-0.32685256004333496 -0.1745537370443344 -0.9288156032562256 0.16203710436820984 0.38956528902053833 -0.9203003644943237 0.0358644500374794 -0.6509345173835754 -0.8610495924949646 -0.3501119315624237 0.3688025176525116 -2.530832290649414
-0.32686564326286316 -0.17449890077114105 -0.928821325302124 0.1620539426803589 0.38953134417533875 -0.9203164577484131 0.03581937775015831 -0.6509347558021545 -0.8610599637031555 -0.3500968813896179 0.3687925636768341 -2.5308239459991455
-0.32690367102622986 -0.17451345920562744 -0.9288052320480347 0.16203813254833221 0.3895159065723419 -0.9203227758407593 0.03582511097192764 -0.6509344577789307 -0.8610525131225586 -0.3500730097293854 0.3688325881958008 -2.5308637619018555
-0.3269098699092865 -0.17447762191295624 -0.9288097620010376 0.16203996539115906 0.38952696323394775 -0.9203197360038757 0.035782355815172195 -0.6509279608726501 -0.8610451817512512 -0.3500988185405731 0.3688252866268158 -2.5308704376220703
-0.32692500948905945 -0.1745152622461319 -0.9287973642349243 0.16207188367843628 0.38953256607055664 -0.9203162789344788 0.03581114858388901 -0.6508628129959106 -0.8610368371009827 -0.35008925199508667 0.36885371804237366 -2.530855655670166
-0.3269319534301758 -0.17453821003437042 -0.9287906289100647 0.16207817196846008 0.38953959941864014 -0.9203126430511475 0.03582807257771492 -0.6508460640907288 -0.8610310554504395 -0.35008737444877625 0.3688690960407257 -2.5308618545532227
-0.32696154713630676 -0.1744987964630127 -0.9287875890731812 0.16201475262641907 0.3895188868045807 -0.9203230142593384 0.035785969346761703 -0.6509224772453308 -0.8610292077064514 -0.35007965564727783 0.3688807785511017 -2.5308539867401123
-0.3269438147544861 -0.1745169758796692 -0.9287903904914856 0.1620161384344101 0.389532208442688 -0.9203166365623474 0.03580543026328087 -0.6509166955947876 -0.861029863357544 -0.35008740425109863 0.3688717484474182 -2.5308592319488525
-0.3268722593784332 -0.17445074021816254 -0.9288280606269836 0.1620112508535385 0.38951125741004944 -0.9203265905380249 0.035777587443590164 -0.6509220004081726 -0.8610665202140808 -0.3500942587852478 0.368779718875885 -2.530777931213379
-0.3268880844116211 -0.17445309460163116 -0.9288220405578613 0.16201505064964294 0.389532208442688 -0.9203182458877563 0.03576458618044853 -0.6509161591529846 -0.8610510230064392 -0.3501150608062744 0.36879611015319824 -2.530773878097534
-0.32697370648384094 -0.17448043823242188 -0.9287867546081543 0.16203953325748444 0.38963183760643005 -0.920278012752533 0.035714492201805115 -0.6509339213371277 -0.8609734773635864 -0.3502071797847748 0.36888977885246277 -2.5307576656341553
-0.32689929008483887 -0.17453455924987793 -0.9288027882575989 0.162052720785141 0.38960787653923035 -0.9202845096588135 0.03580836206674576 -0.6509498357772827 -0.8610125184059143 -0.35016316175460815 0.3688403367996216 -2.530808687210083
-0.32691800594329834 -0.1745276153087616 -0.9287974834442139 0.16206519305706024 0.38961338996887207 -0.9202828407287598 0.03579157963395119 -0.6509552001953125 -0.8610029816627502 -0.3501710295677185 0.3688552677631378 -2.5308032035827637
-0.3269089162349701 -0.17451731860637665 -0.9288026094436646 0.16201752424240112 0.3896711468696594 -0.9202595949172974 0.0357603058218956 -0.6509591937065125 -0.8609802722930908 -0.3502372205257416 0.3688453733921051 -2.5306758880615234
-0.32690033316612244 -0.1744704693555832 -0.9288144707679749 0.16202384233474731 0.38965436816215515 -0.9202680587768555 0.03572453558444977 -0.650968074798584 -0.8609911203384399 -0.35023823380470276 0.36881905794143677 -2.5306596755981445
-0.32689857482910156 -0.17451488971710205 -0.928806722164154 0.16203227639198303 0.389589786529541 -0.9202926158905029 0.03579691797494888 -0.6509963870048523 -0.8610209822654724 -0.3501516580581665 0.3688315153121948 -2.5307328701019287
-0.3268735408782959 -0.17447052896022797 -0.9288238883018494 0.1620357781648636 0.3895954489707947 -0.9202916026115417 0.03576062619686127 -0.6510100960731506 -0.8610279560089111 -0.3501763641834259 0.3687918484210968 -2.5307235717773438
-0.3269940912723541 -0.1744966357946396 -0.9287765622138977 0.1620054692029953 0.38967835903167725 -0.9202587604522705 0.035702385008335114 -0.6509515047073364 -0.8609446287155151 -0.35024964809417725 0.36891669034957886 -2.5307159423828125
-0.3269898593425751 -0.17448967695236206 -0.9287793040275574 0.16200710833072662 0.38967669010162354 -0.9202596545219421 0.03569791465997696 -0.6509509086608887 -0.8609470129013062 -0.350250780582428 0.3689100742340088 -2.530707597732544
-0.32699674367904663 -0.1745099425315857 -0.9287731051445007 0.16202589869499207 0.3897264897823334 -0.920238733291626 0.035693880170583725 -0.6509568095207214 -0.8609218597412109 -0.35029569268226624 0.36892616748809814 -2.5306851863861084
-0.3269580006599426 -0.17449252307415009 -0.9287900328636169 0.16203062236309052 0.38976553082466125 -0.9202228784561157 0.03567551448941231 -0.6509649753570557 -0.8609188795089722 -0.3503459393978119 0.368885338306427 -2.5306763648986816
-0.32695555686950684 -0.17453601956367493 -0.9287827014923096 0.16203975677490234 0.3897763788700104 -0.9202167987823486 0.03571494668722153 -0.6509398221969604 -0.860914945602417 -0.3503403663635254 0.368899941444397 -2.5307083129882812
-0.32696494460105896 -0.17457839846611023 -0.928771436214447 0.16204535961151123 0.38977447152137756 -0.9202160835266113 0.035753972828388214 -0.6509391069412231 -0.8609122037887573 -0.35032108426094055 0.3689245283603668 -2.530704975128174
-0.32697078585624695 -0.17455194890499115 -0.928774356842041 0.16203638911247253 0.38973021507263184 -0.9202351570129395 0.035744380205869675 -0.6509649157524109 -0.8609300255775452 -0.35028403997421265 0.36891812086105347 -2.5307624340057373
-0.32702282071113586 -0.1745326817035675 -0.9287596344947815 0.16203688085079193 0.38972634077072144 -0.9202383160591125 0.03570596128702164 -0.6509680151939392 -0.860912024974823 -0.3502854108810425 0.36895886063575745 -2.530764579772949
