# 3x4 first row second row third row Freq: 100 current Time: 2021-07-28-14:01:33
0.6552774906158447 0.7292236685752869 -0.19708915054798126 -0.06749911606311798 0.3870996832847595 -0.5482151508331299 -0.741359293460846 -0.3203917443752289 -0.648664116859436 0.40950289368629456 -0.64151531457901 -2.089705228805542
0.6553102731704712 0.7292041778564453 -0.19705238938331604 -0.06747545301914215 0.3871188461780548 -0.5482228398323059 -0.74134361743927 -0.3203781247138977 -0.6486195921897888 0.40952739119529724 -0.6415446996688843 -2.089806079864502
0.6553134322166443 0.7292013764381409 -0.19705229997634888 -0.06747937947511673 0.38701504468917847 -0.5481603145599365 -0.7414440512657166 -0.320378839969635 -0.6486783623695374 0.40961599349975586 -0.6414287090301514 -2.0898427963256836
0.6553019881248474 0.7292113900184631 -0.1970532238483429 -0.0674908459186554 0.38708385825157166 -0.5481932759284973 -0.7413837909698486 -0.3203548491001129 -0.6486488580703735 0.409554123878479 -0.6414980292320251 -2.089794874191284
0.6553505063056946 0.7291690707206726 -0.1970483958721161 -0.06748766452074051 0.387050062417984 -0.5482158064842224 -0.741384744644165 -0.32036635279655457 -0.6486200094223022 0.409599244594574 -0.6414983868598938 -2.089813470840454
0.655312180519104 0.729202926158905 -0.19705064594745636 -0.06745976209640503 0.3871186375617981 -0.5482228398323059 -0.7413437962532043 -0.3203481435775757 -0.6486178040504456 0.40952956676483154 -0.6415451169013977 -2.0899128913879395
0.6553081274032593 0.7292039394378662 -0.19706042110919952 -0.06746651232242584 0.3871162235736847 -0.5482271909713745 -0.741341769695282 -0.3203626275062561 -0.6486232876777649 0.40952199697494507 -0.6415444016456604 -2.0899198055267334
0.6553240418434143 0.7291964292526245 -0.19703519344329834 -0.06746318936347961 0.3871172070503235 -0.5482181906700134 -0.7413479089736938 -0.32037249207496643 -0.6486065983772278 0.4095473885536194 -0.6415450572967529 -2.0899498462677
0.6553053259849548 0.7291983962059021 -0.1970902532339096 -0.06747326254844666 0.38706764578819275 -0.5482240319252014 -0.7413694858551025 -0.32036086916923523 -0.6486551761627197 0.40953606367111206 -0.6415032148361206 -2.0899240970611572
0.6553114652633667 0.7291842699050903 -0.19712211191654205 -0.06745750457048416 0.3870459198951721 -0.5482488870620728 -0.741362452507019 -0.3203657865524292 -0.6486619114875793 0.4095279574394226 -0.6415015459060669 -2.089928150177002
0.6553242206573486 0.7291828989982605 -0.19708476960659027 -0.06753024458885193 0.38706132769584656 -0.5482334494590759 -0.7413657903671265 -0.32040631771087646 -0.6486397981643677 0.40955105423927307 -0.6415091156959534 -2.0897951126098633
0.6553274393081665 0.7291743755340576 -0.19710563123226166 -0.06752964109182358 0.3870529532432556 -0.5482525825500488 -0.7413560152053833 -0.32033059000968933 -0.6486415863037109 0.409540593624115 -0.6415140628814697 -2.0897436141967773
0.655340850353241 0.7291660308837891 -0.1970917284488678 -0.06752921640872955 0.38701221346855164 -0.5482262372970581 -0.7413967847824097 -0.3203307092189789 -0.6486523151397705 0.4095906615257263 -0.6414712071418762 -2.0897533893585205
0.6553173661231995 0.7291680574417114 -0.19716250896453857 -0.0674656555056572 0.3869571089744568 -0.5482398271560669 -0.7414155006408691 -0.3203437328338623 -0.6487089395523071 0.40956899523735046 -0.6414278149604797 -2.0897254943847656
0.6553083658218384 0.7291735410690308 -0.1971721649169922 -0.0674506276845932 0.38698965311050415 -0.5482611060142517 -0.7413827776908875 -0.32035547494888306 -0.648698627948761 0.4095306992530823 -0.6414626836776733 -2.0897395610809326
0.6553695201873779 0.7291284203529358 -0.19713561236858368 -0.06749672442674637 0.3869248032569885 -0.5482445359230042 -0.7414289116859436 -0.32031989097595215 -0.6486755013465881 0.40963321924209595 -0.6414206027984619 -2.089876413345337
0.6553860902786255 0.7291191220283508 -0.1971150040626526 -0.06751266121864319 0.38687554001808167 -0.5482090711593628 -0.741480827331543 -0.32036182284355164 -0.6486881375312805 0.40969720482826233 -0.6413669586181641 -2.0899100303649902
0.6553828120231628 0.7291194200515747 -0.19712473452091217 -0.06752344965934753 0.38686758279800415 -0.5482106804847717 -0.741483747959137 -0.32037806510925293 -0.6486961841583252 0.40969452261924744 -0.6413605213165283 -2.089937210083008
0.6553584337234497 0.7291437387466431 -0.19711576402187347 -0.06752121448516846 0.3868523836135864 -0.5481674075126648 -0.7415236830711365 -0.3203885555267334 -0.6487299203872681 0.40970906615257263 -0.6413171291351318 -2.0899486541748047
0.6553959250450134 0.729092538356781 -0.19718073308467865 -0.06751392036676407 0.3868750035762787 -0.5482854843139648 -0.7414246201515198 -0.320382684469223 -0.6486785411834717 0.4096423089504242 -0.6414117217063904 -2.0899219512939453
0.6553994417190552 0.7290909886360168 -0.19717466831207275 -0.06751490384340286 0.3868865966796875 -0.5482901930809021 -0.7414150834083557 -0.320390909910202 -0.6486680507659912 0.40963876247406006 -0.6414245963096619 -2.0899415016174316
0.6553776264190674 0.7291092276573181 -0.19717955589294434 -0.06750927120447159 0.3869440257549286 -0.5483095049858093 -0.7413708567619324 -0.3203582167625427 -0.6486558318138123 0.40958037972450256 -0.6414742469787598 -2.0898146629333496
0.6553909778594971 0.7290852069854736 -0.19722409546375275 -0.06747940927743912 0.38693520426750183 -0.5483626127243042 -0.7413361072540283 -0.3203672468662262 -0.6486476063728333 0.4095520079135895 -0.6415006518363953 -2.089787483215332
0.6553454399108887 0.7291170358657837 -0.1972579061985016 -0.06747002899646759 0.3869502544403076 -0.5483607053756714 -0.7413296699523926 -0.32035383582115173 -0.6486846804618835 0.409498006105423 -0.6414976716041565 -2.089827537536621
0.655390202999115 0.7290651798248291 -0.19730061292648315 -0.06745557487010956 0.3869096338748932 -0.5484235286712646 -0.7413044571876526 -0.32033824920654297 -0.6486636400222778 0.4095061421394348 -0.6415137052536011 -2.0897936820983887
0.6553217172622681 0.7291293144226074 -0.19729118049144745 -0.06746524572372437 0.3869153559207916 -0.5483486652374268 -0.7413568496704102 -0.32031968235969543 -0.6487294435501099 0.4094921946525574 -0.6414560675621033 -2.0898029804229736
0.655346691608429 0.7291101217269897 -0.19727908074855804 -0.06746210157871246 0.3868832588195801 -0.5483412146568298 -0.7413790822029114 -0.3203173279762268 -0.6487233638763428 0.40953633189201355 -0.6414340734481812 -2.089813232421875
0.655316174030304 0.7291173934936523 -0.19735360145568848 -0.06749246269464493 0.38684865832328796 -0.5483644604682922 -0.7413799166679382 -0.32037803530693054 -0.6487748026847839 0.40949225425720215 -0.6414101719856262 -2.0897445678710938
0.6553168296813965 0.7291210889816284 -0.19733788073062897 -0.06748708337545395 0.3868561387062073 -0.5483538508415222 -0.7413838505744934 -0.3203802704811096 -0.6487696766853333 0.4094999432563782 -0.6414104700088501 -2.0897603034973145
0.6553198099136353 0.7291272878646851 -0.19730503857135773 -0.06748910993337631 0.3868812024593353 -0.548339307308197 -0.7413815855979919 -0.32037457823753357 -0.6487517356872559 0.4095084071159363 -0.641423225402832 -2.0897669792175293
0.6553300023078918 0.7291202545166016 -0.19729721546173096 -0.0674806609749794 0.3868836760520935 -0.5483431220054626 -0.7413774728775024 -0.32037627696990967 -0.6487399935722351 0.40951576828956604 -0.6414303779602051 -2.0897769927978516
0.6553240418434143 0.7291278839111328 -0.1972889006137848 -0.06750021129846573 0.3868754506111145 -0.5483234524726868 -0.7413962483406067 -0.320326566696167 -0.648750901222229 0.409528523683548 -0.6414111852645874 -2.089827299118042
0.6553729176521301 0.7290889620780945 -0.19727016985416412 -0.06749016046524048 0.3868344724178314 -0.5483276844024658 -0.741414487361908 -0.32032158970832825 -0.6487259268760681 0.40959203243255615 -0.6413958668708801 -2.089845657348633
0.6553754210472107 0.729081392288208 -0.1972898691892624 -0.06747926771640778 0.38681820034980774 -0.5483399629592896 -0.741413950920105 -0.32031792402267456 -0.6487331390380859 0.40958914160728455 -0.6413904428482056 -2.089830160140991
0.6553611755371094 0.7290790677070618 -0.19734573364257812 -0.0674469843506813 0.3868039846420288 -0.5483734607696533 -0.7413966059684753 -0.320290744304657 -0.6487560272216797 0.40954840183258057 -0.6413933634757996 -2.089724540710449
0.6553418040275574 0.7290893197059631 -0.1973721832036972 -0.06742829829454422 0.3868086338043213 -0.548383891582489 -0.7413864731788635 -0.32030239701271057 -0.6487727761268616 0.40951624512672424 -0.6413968801498413 -2.0897021293640137
0.6553841829299927 0.7290723919868469 -0.19729408621788025 -0.06744897365570068 0.38682258129119873 -0.5483558177947998 -0.7413999438285828 -0.320355087518692 -0.6487216949462891 0.4095839262008667 -0.6414053440093994 -2.0898306369781494
0.6553413271903992 0.7290842533111572 -0.1973925530910492 -0.06747249513864517 0.3867603540420532 -0.5483735799789429 -0.74141925573349 -0.3203626275062561 -0.6488020420074463 0.40953901410102844 -0.6413527131080627 -2.089672803878784
0.655312716960907 0.7291106581687927 -0.19739003479480743 -0.06743539869785309 0.38677358627319336 -0.5483506321907043 -0.741429328918457 -0.32035765051841736 -0.648823082447052 0.40952280163764954 -0.6413418650627136 -2.0897011756896973
0.6553201079368591 0.7291086912155151 -0.1973728984594345 -0.06744933128356934 0.3867645561695099 -0.5483349561691284 -0.7414456605911255 -0.3203592002391815 -0.6488209962844849 0.409547358751297 -0.6413282752037048 -2.0897271633148193
0.6553907990455627 0.7290550470352173 -0.1973361074924469 -0.06749303638935089 0.3867272436618805 -0.5483450293540955 -0.7414576411247253 -0.3203382194042206 -0.6487718224525452 0.409629225730896 -0.6413257122039795 -2.0897111892700195
0.6553547382354736 0.7290757894515991 -0.19737911224365234 -0.06749330461025238 0.386705219745636 -0.5483386516571045 -0.7414738535881042 -0.3203578293323517 -0.6488213539123535 0.4096008539199829 -0.6412937641143799 -2.0897278785705566
0.655346691608429 0.729095995426178 -0.1973314881324768 -0.06751193851232529 0.3867853581905365 -0.548332691192627 -0.7414364814758301 -0.3203730285167694 -0.6487817168235779 0.4095729887485504 -0.6413516402244568 -2.0896739959716797
0.6553372144699097 0.7290922999382019 -0.1973765641450882 -0.06752297282218933 0.3867127001285553 -0.5483230948448181 -0.7414814233779907 -0.32036730647087097 -0.6488346457481384 0.40959233045578003 -0.64128577709198 -2.089632749557495
0.6553731560707092 0.7290565967559814 -0.19738909602165222 -0.06754390895366669 0.38669353723526 -0.5483598709106445 -0.7414642572402954 -0.3203255236148834 -0.6488097310066223 0.4096066355705261 -0.6413018107414246 -2.0896377563476562
0.6553325653076172 0.7290867567062378 -0.19741234183311462 -0.06752397865056992 0.3867325782775879 -0.5483673810958862 -0.7414383292198181 -0.32032644748687744 -0.6488274335861206 0.40954285860061646 -0.6413245797157288 -2.0896573066711426
0.655300498008728 0.7291218638420105 -0.19738918542861938 -0.06753527373075485 0.3868430554866791 -0.5483813285827637 -0.7413703799247742 -0.32030776143074036 -0.6487939953804016 0.40946170687675476 -0.6414102911949158 -2.089651584625244
0.6553156971931458 0.7290964126586914 -0.19743287563323975 -0.06749356538057327 0.3868057429790497 -0.5484174489974976 -0.7413631081581116 -0.3202979862689972 -0.6488009095191956 0.4094586670398712 -0.6414052248001099 -2.089622735977173
0.6553161144256592 0.7291065454483032 -0.1973937451839447 -0.06748520582914352 0.3867899477481842 -0.5483681559562683 -0.7414078116416931 -0.3203105926513672 -0.6488098502159119 0.40950655937194824 -0.6413655877113342 -2.0896706581115723
0.6553167104721069 0.7291176915168762 -0.19735071063041687 -0.06748811155557632 0.3868243992328644 -0.5483466982841492 -0.741405725479126 -0.3202933967113495 -0.6487887501716614 0.4095154404640198 -0.6413812637329102 -2.0896806716918945
0.655283510684967 0.7291396260261536 -0.19738009572029114 -0.06751083582639694 0.3867574632167816 -0.5483009815216064 -0.741474449634552 -0.32031336426734924 -0.6488621830940247 0.40953773260116577 -0.6412927508354187 -2.0897231101989746
0.6552819013595581 0.729136049747467 -0.19739851355552673 -0.06750085949897766 0.38677480816841125 -0.5483290553092957 -0.7414446473121643 -0.3203197121620178 -0.6488534212112427 0.4095064699649811 -0.6413215398788452 -2.0897183418273926
0.6552945971488953 0.7291238307952881 -0.1974015086889267 -0.06749114394187927 0.3867558538913727 -0.5483328700065613 -0.7414517402648926 -0.32031238079071045 -0.6488519906997681 0.409523069858551 -0.6413124203681946 -2.0897250175476074
0.655218243598938 0.729189395904541 -0.19741278886795044 -0.06749499589204788 0.3867816627025604 -0.5482839345932007 -0.741474449634552 -0.3202965557575226 -0.6489136815071106 0.40947189927101135 -0.6412826776504517 -2.0897586345672607
0.655210554599762 0.7291799187660217 -0.19747333228588104 -0.06749849021434784 0.3867265582084656 -0.548302948474884 -0.7414891123771667 -0.3203044533729553 -0.6489542722702026 0.4094632565975189 -0.6412470936775208 -2.089783191680908
0.6552464365959167 0.7291505932807922 -0.19746248424053192 -0.0675206407904625 0.3867506980895996 -0.5483432412147522 -0.7414467334747314 -0.32034385204315186 -0.6489036679267883 0.4094615578651428 -0.6412994265556335 -2.0896718502044678
0.6552342176437378 0.7291684746742249 -0.19743715226650238 -0.06752170622348785 0.3867780864238739 -0.5483224987983704 -0.7414478063583374 -0.3203379809856415 -0.6488996744155884 0.40945756435394287 -0.6413059830665588 -2.089676856994629
0.6552292704582214 0.7291626334190369 -0.19747498631477356 -0.0675167515873909 0.3867329955101013 -0.5483275651931763 -0.7414675951004028 -0.32032912969589233 -0.6489315032958984 0.4094611406326294 -0.6412714719772339 -2.089672803878784
0.6552557945251465 0.7291383147239685 -0.19747671484947205 -0.06750018894672394 0.3867074251174927 -0.54833984375 -0.7414718270301819 -0.32031920552253723 -0.6489199995994568 0.4094879925251007 -0.6412660479545593 -2.089601755142212
0.6552834510803223 0.7290967106819153 -0.1975385546684265 -0.06746362894773483 0.3866482377052307 -0.548393189907074 -0.7414632439613342 -0.3203473687171936 -0.6489273309707642 0.4094906449317932 -0.6412569284439087 -2.08961820602417
0.6552672386169434 0.7291266322135925 -0.19748200476169586 -0.06746495515108109 0.38660430908203125 -0.5482916235923767 -0.741561233997345 -0.32032153010368347 -0.648969829082489 0.40957334637641907 -0.6411610245704651 -2.089601993560791
0.6552757024765015 0.7291193008422852 -0.19748100638389587 -0.06745219230651855 0.38660159707069397 -0.5482974052429199 -0.7415583729743958 -0.32031142711639404 -0.6489629745483398 0.40957868099212646 -0.6411646008491516 -2.0895955562591553
0.6553081274032593 0.7290920615196228 -0.19747397303581238 -0.0674508810043335 0.3865419626235962 -0.548285186290741 -0.7415984869003296 -0.32032665610313416 -0.6489657163619995 0.4096435308456421 -0.6411203742027283 -2.089665174484253
0.6553531289100647 0.7290627956390381 -0.19743266701698303 -0.06749541312456131 0.38653093576431274 -0.5482814311981201 -0.7416070103645325 -0.3202991187572479 -0.648926854133606 0.4097006022930145 -0.6411232352256775 -2.089625120162964
0.655357837677002 0.7290557622909546 -0.19744284451007843 -0.06748780608177185 0.38651904463768005 -0.5482890605926514 -0.7416076064109802 -0.3202933967113495 -0.6489291191101074 0.40970292687416077 -0.6411194205284119 -2.0896220207214355
0.6553646326065063 0.7290661931037903 -0.19738174974918365 -0.0675479844212532 0.3866162896156311 -0.5482951402664185 -0.7415524125099182 -0.3202707767486572 -0.6488643288612366 0.409676194190979 -0.6412020921707153 -2.0895960330963135
0.6553921699523926 0.7290381789207458 -0.19739395380020142 -0.06756339967250824 0.38659361004829407 -0.5483208298683167 -0.7415452003479004 -0.320269376039505 -0.6488500833511353 0.40969163179397583 -0.6412066221237183 -2.089583158493042
0.6554018259048462 0.7290487885475159 -0.19732257723808289 -0.06757292151451111 0.3866397440433502 -0.5482870936393738 -0.741546094417572 -0.3202580213546753 -0.6488128304481506 0.4097178876399994 -0.6412276029586792 -2.0895602703094482
0.65535569190979 0.729082465171814 -0.19735154509544373 -0.06754177808761597 0.38665369153022766 -0.5482789874076843 -0.7415448427200317 -0.32026436924934387 -0.6488511562347412 0.40966886281967163 -0.6412201523780823 -2.0895848274230957
0.655358076095581 0.729090690612793 -0.19731327891349792 -0.06754960864782333 0.3867354989051819 -0.5482941269874573 -0.7414909601211548 -0.32026487588882446 -0.6487999558448792 0.4096340239048004 -0.6412941813468933 -2.089609146118164
0.6553874611854553 0.7290579080581665 -0.19733667373657227 -0.06751030683517456 0.3866997957229614 -0.5483249425888062 -0.7414867877960205 -0.3202793300151825 -0.648791491985321 0.4096510708332062 -0.6412918567657471 -2.0896146297454834
0.6553857326507568 0.729034423828125 -0.19742925465106964 -0.06748602539300919 0.3866167664527893 -0.5483649373054504 -0.7415005564689636 -0.3202979862689972 -0.6488428115844727 0.4096393883228302 -0.6412474513053894 -2.0896315574645996
0.6553943157196045 0.7290428876876831 -0.19736924767494202 -0.06749565154314041 0.38665512204170227 -0.5483367443084717 -0.7415013909339905 -0.32027146220207214 -0.6488112211227417 0.4096619486808777 -0.6412649750709534 -2.0896377563476562
0.6554132699966431 0.7290399074554443 -0.19731758534908295 -0.06751488149166107 0.38667741417884827 -0.5483173131942749 -0.7415041327476501 -0.32025307416915894 -0.6487787961959839 0.4096933603286743 -0.6412776708602905 -2.0896966457366943
0.6554072499275208 0.7290347814559937 -0.1973564326763153 -0.06753410398960114 0.3866996765136719 -0.5483648777008057 -0.7414573431015015 -0.320271760225296 -0.6487715840339661 0.4096388518810272 -0.6413198113441467 -2.0895843505859375
0.6554416418075562 0.7289982438087463 -0.19737721979618073 -0.0675259530544281 0.3866874873638153 -0.5484128594398499 -0.7414282560348511 -0.3202569782733917 -0.6487441658973694 0.4096395969390869 -0.6413470506668091 -2.0895841121673584
0.65544593334198 0.7289919257164001 -0.19738638401031494 -0.06750905513763428 0.3867146670818329 -0.548443615436554 -0.7413913011550903 -0.3202514350414276 -0.6487236618995667 0.4096096456050873 -0.6413869857788086 -2.089590072631836
0.6554279327392578 0.7290056943893433 -0.19739510118961334 -0.06751693040132523 0.3866351544857025 -0.5483842492103577 -0.7414766550064087 -0.32029446959495544 -0.6487891674041748 0.4096646010875702 -0.6412855386734009 -2.0896294116973877
0.6553342938423157 0.7290942072868347 -0.19737914204597473 -0.06748277693986893 0.3867284655570984 -0.5483328104019165 -0.7414660453796387 -0.3203195333480835 -0.6488281488418579 0.4095759987831116 -0.641302764415741 -2.0895986557006836
0.6553524136543274 0.729091465473175 -0.1973290890455246 -0.06751558184623718 0.38675007224082947 -0.5483137369155884 -0.7414688467979431 -0.32031893730163574 -0.6487969756126404 0.40960636734962463 -0.6413149237632751 -2.089651584625244
0.6553635597229004 0.7290861010551453 -0.19731205701828003 -0.06750409305095673 0.3867655098438263 -0.5483173131942749 -0.7414581775665283 -0.3203510344028473 -0.6487765312194824 0.40961113572120667 -0.6413325071334839 -2.0896143913269043
0.6553448438644409 0.7291166186332703 -0.1972612887620926 -0.06748499721288681 0.3867826759815216 -0.5482577085494995 -0.741493284702301 -0.32031023502349854 -0.6487852334976196 0.4096364974975586 -0.641307532787323 -2.089693069458008
0.6553260684013367 0.729131281375885 -0.19726942479610443 -0.0674835741519928 0.3867339789867401 -0.5482164025306702 -0.7415492534637451 -0.3203328847885132 -0.6488332152366638 0.4096657335758209 -0.6412402987480164 -2.089717388153076
0.655351459980011 0.7291103601455688 -0.19726240634918213 -0.06749039143323898 0.38670507073402405 -0.5482165217399597 -0.7415642142295837 -0.3203332722187042 -0.6488247513771057 0.40970277786254883 -0.6412251591682434 -2.0896995067596436
0.6553817987442017 0.7290846109390259 -0.19725674390792847 -0.06749405711889267 0.3866700828075409 -0.5482192039489746 -0.7415804862976074 -0.3203440010547638 -0.6488149762153625 0.4097450375556946 -0.6412080526351929 -2.089712619781494
0.6553819179534912 0.7290798425674438 -0.19727391004562378 -0.06750808656215668 0.38665637373924255 -0.5482281446456909 -0.7415810227394104 -0.3203311264514923 -0.6488230228424072 0.4097415804862976 -0.6412021517753601 -2.0897293090820312
0.655380129814148 0.7290915250778198 -0.19723691046237946 -0.06753241270780563 0.3866890072822571 -0.5482092499732971 -0.7415779829025269 -0.3203478157520294 -0.6488053798675537 0.40974608063697815 -0.6412171125411987 -2.089782476425171
0.6553860902786255 0.7290958166122437 -0.1972011774778366 -0.06751493364572525 0.38668903708457947 -0.5481789112091064 -0.7416003942489624 -0.3203573226928711 -0.6487993597984314 0.40977898240089417 -0.6412021517753601 -2.089782238006592
0.6553388833999634 0.7291393280029297 -0.19719715416431427 -0.06751960515975952 0.3867359757423401 -0.5481570363044739 -0.7415921092033386 -0.3203558921813965 -0.648819088935852 0.4097308814525604 -0.6412129998207092 -2.0897812843322754
0.6553563475608826 0.7291354537010193 -0.1971534639596939 -0.06751043349504471 0.3867335915565491 -0.5481286644935608 -0.7416143417358398 -0.3203575611114502 -0.6488028168678284 0.4097757637500763 -0.6412007212638855 -2.0897953510284424
0.6553654074668884 0.7291114330291748 -0.19721224904060364 -0.0674930214881897 0.3866908550262451 -0.5481705069541931 -0.7416056394577026 -0.32037320733070374 -0.6488192081451416 0.4097624719142914 -0.6411926746368408 -2.0897703170776367
0.6553958654403687 0.7290968894958496 -0.19716481864452362 -0.06748300790786743 0.3866889476776123 -0.5481517314910889 -0.7416205406188965 -0.3203747570514679 -0.6487895250320435 0.4098135232925415 -0.6411900520324707 -2.0897834300994873
0.6553700566291809 0.729120671749115 -0.19716264307498932 -0.06747286766767502 0.38668686151504517 -0.548122227191925 -0.7416434288024902 -0.32036343216896057 -0.6488168239593506 0.4098106324672699 -0.641164243221283 -2.0898008346557617
0.655342698097229 0.7291402220726013 -0.19718126952648163 -0.06747037172317505 0.3867565989494324 -0.5481577515602112 -0.7415807843208313 -0.3203252851963043 -0.6488028764724731 0.40972834825515747 -0.6412309408187866 -2.089768886566162
0.6553577780723572 0.7291378378868103 -0.19713981449604034 -0.06748706102371216 0.3867835998535156 -0.5481477975845337 -0.7415740489959717 -0.3203389644622803 -0.6487715840339661 0.40974587202072144 -0.6412514448165894 -2.0897276401519775
0.6553714871406555 0.7291336059570312 -0.19711002707481384 -0.06745639443397522 0.3868273198604584 -0.5481588840484619 -0.7415430545806885 -0.3203529119491577 -0.6487316489219666 0.40973860025405884 -0.6412964463233948 -2.089743137359619
0.6553988456726074 0.7291069030761719 -0.19711774587631226 -0.06747769564390182 0.3868659734725952 -0.5482186675071716 -0.7414787411689758 -0.3203432559967041 -0.6486809849739075 0.40970611572265625 -0.6413685083389282 -2.0897223949432373
0.6554152369499207 0.7290928363800049 -0.1971152424812317 -0.06747694313526154 0.3868343234062195 -0.5482126474380493 -0.741499662399292 -0.3203403651714325 -0.6486832499504089 0.409739226102829 -0.6413450241088867 -2.089728355407715
0.6554713845252991 0.7290579080581665 -0.1970577985048294 -0.06748596578836441 0.3868486285209656 -0.5482196807861328 -0.7414870262145996 -0.3203405737876892 -0.6486180424690247 0.4097919464111328 -0.641377329826355 -2.089761257171631
0.6554543375968933 0.7290869355201721 -0.19700707495212555 -0.06751377880573273 0.38690727949142456 -0.5481879711151123 -0.7414798736572266 -0.32029783725738525 -0.6486002802848816 0.40978267788887024 -0.6414012312889099 -2.0897696018218994
0.6554756164550781 0.7290680408477783 -0.1970062106847763 -0.06749578565359116 0.3869023621082306 -0.5482054352760315 -0.7414695024490356 -0.320302277803421 -0.6485816836357117 0.4097929894924164 -0.6414133906364441 -2.0897819995880127
0.6554722189903259 0.7290899753570557 -0.1969362497329712 -0.06750103086233139 0.3869856595993042 -0.5481834411621094 -0.7414422631263733 -0.32033073902130127 -0.648535430431366 0.409783273935318 -0.6414663791656494 -2.089815378189087
0.6554709672927856 0.7290804386138916 -0.19697576761245728 -0.06750483065843582 0.386965811252594 -0.5482098460197449 -0.7414331436157227 -0.3203239142894745 -0.6485485434532166 0.40976497530937195 -0.6414648294448853 -2.089817523956299
0.6554041504859924 0.729131817817688 -0.19700796902179718 -0.06748176366090775 0.3869955241680145 -0.5481942296028137 -0.7414292097091675 -0.32030847668647766 -0.648598313331604 0.4096945524215698 -0.6414594650268555 -2.089876413345337
0.6554062962532043 0.7291308641433716 -0.19700437784194946 -0.06747619807720184 0.38699981570243835 -0.5481954216957092 -0.7414261102676392 -0.32030192017555237 -0.6485936045646667 0.4096946120262146 -0.6414641737937927 -2.089879274368286
0.6553688049316406 0.7291678786277771 -0.19699209928512573 -0.06749991327524185 0.3869948387145996 -0.5481420755386353 -0.741468071937561 -0.3202928900718689 -0.6486344337463379 0.40970009565353394 -0.6414194107055664 -2.08990478515625
0.6553709506988525 0.7291833758354187 -0.1969274878501892 -0.06750503182411194 0.38705554604530334 -0.54811692237854 -0.7414550185203552 -0.32026734948158264 -0.6485960483551025 0.409706175327301 -0.6414543390274048 -2.0899293422698975
0.6553804874420166 0.7291788458824158 -0.19691255688667297 -0.06751555949449539 0.38710376620292664 -0.5481417775154114 -0.7414114475250244 -0.3202935457229614 -0.6485576033592224 0.4096809923648834 -0.6415092945098877 -2.0898549556732178
0.6553539633750916 0.7291787266731262 -0.1970011293888092 -0.06746775656938553 0.3870219886302948 -0.5481535196304321 -0.7414454817771912 -0.320309042930603 -0.6486332416534424 0.40966543555259705 -0.6414427757263184 -2.089810371398926
0.6553564071655273 0.7291833758354187 -0.19697599112987518 -0.06748642772436142 0.38707926869392395 -0.5481665730476379 -0.7414059042930603 -0.32033640146255493 -0.6485965847969055 0.40963974595069885 -0.6414961814880371 -2.0897467136383057
0.6553519368171692 0.7292015552520752 -0.1969234198331833 -0.06746481359004974 0.38708531856536865 -0.5481124520301819 -0.7414427399635315 -0.32035812735557556 -0.6485974788665771 0.40967974066734314 -0.6414697766304016 -2.089733839035034
0.6553915739059448 0.7291666269302368 -0.19692076742649078 -0.06747464090585709 0.3870992958545685 -0.5481584072113037 -0.7414014935493469 -0.32037079334259033 -0.6485490798950195 0.4096803665161133 -0.6415182948112488 -2.089707374572754
0.6553839445114136 0.7291557192802429 -0.19698667526245117 -0.0674559473991394 0.3870089650154114 -0.5481606721878052 -0.7414469718933105 -0.32039734721183777 -0.6486107707023621 0.4096967577934265 -0.6414454579353333 -2.08966326713562
0.6553888916969299 0.7291406989097595 -0.197025865316391 -0.06746149808168411 0.38706591725349426 -0.5482414960861206 -0.7413574457168579 -0.32039874792099 -0.6485717296600342 0.4096153974533081 -0.6415368914604187 -2.089642286300659
0.655411958694458 0.7291168570518494 -0.19703735411167145 -0.06748608499765396 0.38701510429382324 -0.548244297504425 -0.7413819432258606 -0.3204057514667511 -0.6485787630081177 0.4096541106700897 -0.6415050625801086 -2.0896716117858887
0.6553766131401062 0.7291516661643982 -0.19702602922916412 -0.06747603416442871 0.38706934452056885 -0.5482314825057983 -0.7413631081581116 -0.3203528821468353 -0.6485821008682251 0.40960925817489624 -0.6415303349494934 -2.0897233486175537
0.6553047299385071 0.7292112708091736 -0.19704468548297882 -0.06749382615089417 0.38711023330688477 -0.5482039451599121 -0.7413620948791504 -0.32031938433647156 -0.6486303210258484 0.4095400273799896 -0.6415257453918457 -2.0897469520568848
0.6553487777709961 0.7291594743728638 -0.19708986580371857 -0.06747540831565857 0.3869999647140503 -0.5482245683670044 -0.7414044141769409 -0.3203034996986389 -0.648651659488678 0.40960466861724854 -0.6414629817008972 -2.0896952152252197
0.6553289294242859 0.7291814684867859 -0.19707435369491577 -0.06746961176395416 0.3870341181755066 -0.5482103824615479 -0.7413970828056335 -0.3203006982803345 -0.6486513018608093 0.4095844030380249 -0.6414762139320374 -2.0896925926208496
0.6553833484649658 0.7291362285614014 -0.19706062972545624 -0.06749024987220764 0.3868868947029114 -0.5481582283973694 -0.7415124773979187 -0.32031211256980896 -0.6486841440200806 0.4097347557544708 -0.6413469910621643 -2.0897622108459473
0.6553672552108765 0.7291538119316101 -0.19704915583133698 -0.06743139028549194 0.3868938088417053 -0.5481347441673279 -0.7415262460708618 -0.32031968235969543 -0.64869624376297 0.4097348749637604 -0.6413346529006958 -2.0898287296295166
0.6553549766540527 0.7291660904884338 -0.19704464077949524 -0.06741678714752197 0.3868991434574127 -0.5481211543083191 -0.7415335178375244 -0.3203170895576477 -0.6487054824829102 0.4097312390804291 -0.6413276195526123 -2.0898396968841553
0.6553260684013367 0.7291899919509888 -0.1970525085926056 -0.06746856123209 0.386970192193985 -0.5481449365615845 -0.7414788603782654 -0.32032129168510437 -0.6486923694610596 0.40965691208839417 -0.6413884162902832 -2.089784860610962
0.6553433537483215 0.7291871905326843 -0.19700521230697632 -0.06747142970561981 0.38697996735572815 -0.5481204390525818 -0.7414918541908264 -0.3202823996543884 -0.6486690640449524 0.409694641828537 -0.6413878798484802 -2.089798927307129
0.6553277969360352 0.7291906476020813 -0.19704420864582062 -0.06746486574411392 0.38692042231559753 -0.548106849193573 -0.7415329813957214 -0.32032880187034607 -0.6487202644348145 0.4097066819667816 -0.6413283944129944 -2.0898430347442627
0.6553482413291931 0.7291726469993591 -0.1970428228378296 -0.06745945662260056 0.38691678643226624 -0.5481236577033997 -0.7415224313735962 -0.32032984495162964 -0.6487017869949341 0.4097162187099457 -0.6413410305976868 -2.0898518562316895
0.6553543210029602 0.7291720509529114 -0.19702476263046265 -0.06749030947685242 0.3869650363922119 -0.5481418967247009 -0.7414838075637817 -0.32038745284080505 -0.6486668586730957 0.4096928834915161 -0.6413912177085876 -2.0897653102874756
0.6553049683570862 0.7291820645332336 -0.1971517950296402 -0.06749244034290314 0.38691845536231995 -0.5481920838356018 -0.741470992565155 -0.32035377621650696 -0.6487444639205933 0.4096079170703888 -0.6413669586181641 -2.0897738933563232
0.6553076505661011 0.7291671633720398 -0.19719794392585754 -0.06747648864984512 0.3868813216686249 -0.5482182502746582 -0.7414710521697998 -0.32034942507743835 -0.6487639546394348 0.4095994234085083 -0.6413527131080627 -2.0897483825683594
0.6552804708480835 0.7292150855064392 -0.19711118936538696 -0.0674755722284317 0.3869568109512329 -0.548150360584259 -0.7414818406105042 -0.32034531235694885 -0.6487463712692261 0.4096050262451172 -0.6413668990135193 -2.089742422103882
0.6552707552909851 0.7292135953903198 -0.19714881479740143 -0.06746508181095123 0.38693174719810486 -0.5481630563735962 -0.7414855360984802 -0.32036370038986206 -0.6487711071968079 0.40959063172340393 -0.6413511037826538 -2.089745044708252
0.655279815196991 0.7292053699493408 -0.1971491128206253 -0.06748824566602707 0.3869549334049225 -0.5481870770454407 -0.741455614566803 -0.32036349177360535 -0.6487480998039246 0.4095730781555176 -0.641385555267334 -2.0896997451782227
0.655232310295105 0.7292319536209106 -0.19720891118049622 -0.06748548150062561 0.3869114816188812 -0.5481727123260498 -0.7414889931678772 -0.32037806510925293 -0.6488220691680908 0.40954509377479553 -0.6413286328315735 -2.089669942855835
0.6552608609199524 0.7292129993438721 -0.19718390703201294 -0.06748732179403305 0.38690635561943054 -0.5481727719306946 -0.7414915561676025 -0.3203480839729309 -0.6487962603569031 0.40957868099212646 -0.641333281993866 -2.0896661281585693
0.655283510684967 0.7291989922523499 -0.19716055691242218 -0.06749004870653152 0.38687554001808167 -0.5481523275375366 -0.7415227890014648 -0.32033684849739075 -0.6487917304039001 0.40963104367256165 -0.6413043737411499 -2.0896451473236084
0.6552610993385315 0.7292109131813049 -0.1971909999847412 -0.06748177856206894 0.3868870735168457 -0.5481680035591125 -0.7415051460266113 -0.32031917572021484 -0.6488075256347656 0.4095887839794159 -0.6413154006004333 -2.0896425247192383
0.6552804708480835 0.7292051911354065 -0.19714780151844025 -0.06749876588582993 0.3869011104106903 -0.5481523871421814 -0.7415093779563904 -0.32030829787254333 -0.648779571056366 0.40961986780166626 -0.6413238644599915 -2.089667797088623
0.6552302241325378 0.7292582988739014 -0.19711841642856598 -0.0674920529127121 0.38695022463798523 -0.5481030344963074 -0.7415202260017395 -0.3202996850013733 -0.6488010883331299 0.4095914363861084 -0.6413202881813049 -2.089651107788086
0.6552149057388306 0.7292678952217102 -0.19713382422924042 -0.0675075426697731 0.38696417212486267 -0.5481120944023132 -0.7415062785148621 -0.320275217294693 -0.6488082408905029 0.40956220030784607 -0.6413317322731018 -2.089696168899536
0.6552886962890625 0.7292120456695557 -0.1970948427915573 -0.0675288587808609 0.38698771595954895 -0.548161506652832 -0.741457462310791 -0.32028457522392273 -0.6487196087837219 0.4095953702926636 -0.641400158405304 -2.0895957946777344
0.655268669128418 0.7292170524597168 -0.19714316725730896 -0.06752919405698776 0.3869694471359253 -0.5481789708137512 -0.7414541244506836 -0.32028138637542725 -0.6487507820129395 0.40956321358680725 -0.6413891315460205 -2.089592695236206
0.655271053314209 0.7292220592498779 -0.19711682200431824 -0.06748947501182556 0.38699543476104736 -0.5481709837913513 -0.7414464354515076 -0.32029080390930176 -0.6487329006195068 0.4095650315284729 -0.6414061188697815 -2.089632987976074
0.6552683115005493 0.7292174696922302 -0.19714277982711792 -0.06748809665441513 0.3870271146297455 -0.5482146143913269 -0.7413976192474365 -0.32030513882637024 -0.6487167477607727 0.40951472520828247 -0.6414545774459839 -2.0896358489990234
0.6552490592002869 0.7292482256889343 -0.19709305465221405 -0.06750902533531189 0.3870781660079956 -0.5481769442558289 -0.741398811340332 -0.3203035891056061 -0.6487057209014893 0.40951043367385864 -0.6414684653282166 -2.0896620750427246
0.6552966237068176 0.7291982769966125 -0.1971196085214615 -0.06753044575452805 0.38703036308288574 -0.5482215285301208 -0.7413907647132874 -0.32031604647636414 -0.6486862301826477 0.4095395505428314 -0.6414695382118225 -2.0895750522613525
0.6552884578704834 0.7292108535766602 -0.1971002221107483 -0.06753980368375778 0.3870421350002289 -0.5482010841369629 -0.7413998246192932 -0.32032322883605957 -0.6486874222755432 0.40954458713531494 -0.6414651274681091 -2.0895984172821045
0.6553284525871277 0.729194700717926 -0.19702699780464172 -0.06756134331226349 0.3870369791984558 -0.5481635928153992 -0.7414302229881287 -0.32028451561927795 -0.6486501097679138 0.40962353348731995 -0.6414524912834167 -2.0896215438842773
0.6553122997283936 0.7291973233222961 -0.19707094132900238 -0.06754206866025925 0.38699960708618164 -0.5481684803962708 -0.7414460778236389 -0.32033857703208923 -0.6486886739730835 0.40961235761642456 -0.6414206027984619 -2.0896763801574707
0.6552911996841431 0.7292274832725525 -0.19702953100204468 -0.06754951924085617 0.3870597183704376 -0.5481430888175964 -0.7414335012435913 -0.3203287720680237 -0.6486741304397583 0.4095926284790039 -0.641447901725769 -2.0896730422973633
0.6553026437759399 0.7292309999465942 -0.19697853922843933 -0.0675714835524559 0.3870973587036133 -0.5481265187263489 -0.7414261102676392 -0.32031288743019104 -0.6486401557922363 0.40960854291915894 -0.6414721012115479 -2.0896987915039062
0.655299186706543 0.7292087078094482 -0.1970725804567337 -0.06752032786607742 0.3869644105434418 -0.5481346845626831 -0.7414894104003906 -0.3203105330467224 -0.6487229466438293 0.40963730216026306 -0.6413699984550476 -2.0897302627563477
0.6552673578262329 0.7292417883872986 -0.19705595076084137 -0.06752433627843857 0.3870050609111786 -0.5481114387512207 -0.7414854168891907 -0.3202948272228241 -0.6487308740615845 0.40960946679115295 -0.6413797736167908 -2.089717149734497
0.6552965044975281 0.7291991114616394 -0.19711700081825256 -0.06748993694782257 0.38693737983703613 -0.5481600761413574 -0.7414847612380981 -0.3203108012676239 -0.6487417817115784 0.40962040424346924 -0.6413617730140686 -2.089695692062378
0.6553524136543274 0.7291619777679443 -0.19706843793392181 -0.06752344965934753 0.3869331479072571 -0.5481642484664917 -0.7414838671684265 -0.32029643654823303 -0.6486878395080566 0.40968093276023865 -0.6413776874542236 -2.0896389484405518
0.6553372740745544 0.7291815280914307 -0.19704630970954895 -0.06752043217420578 0.38698577880859375 -0.5481597781181335 -0.7414597272872925 -0.3202632665634155 -0.6486717462539673 0.40965205430984497 -0.6414123773574829 -2.089653253555298
0.6553807258605957 0.7291390299797058 -0.19705915451049805 -0.06753180176019669 0.3869283199310303 -0.5481802225112915 -0.7414746284484863 -0.32028526067733765 -0.6486621499061584 0.4097003638744354 -0.6413912177085876 -2.0896573066711426
0.6554209589958191 0.7290990352630615 -0.19707316160202026 -0.06752429902553558 0.3869137465953827 -0.5482257604598999 -0.7414485812187195 -0.32027819752693176 -0.6486301422119141 0.4097105860710144 -0.6414170861244202 -2.089656352996826
0.655424177646637 0.7291184067726135 -0.19699080288410187 -0.06753243505954742 0.3869383931159973 -0.5481607913970947 -0.7414836883544922 -0.3202986419200897 -0.6486121416091919 0.40976300835609436 -0.6414017081260681 -2.089630126953125
0.655413806438446 0.7291111350059509 -0.19705232977867126 -0.06754577904939651 0.3869294226169586 -0.5482072830200195 -0.741454005241394 -0.32032811641693115 -0.6486279964447021 0.40971383452415466 -0.6414171457290649 -2.089613676071167
0.6553401947021484 0.7291656732559204 -0.19709539413452148 -0.06751853227615356 0.3869363069534302 -0.5481813549995422 -0.7414696216583252 -0.3203296959400177 -0.6486982703208923 0.40965142846107483 -0.6413859128952026 -2.0895819664001465
0.6554155945777893 0.7290909886360168 -0.19712087512016296 -0.0675581768155098 0.3869171738624573 -0.5482710599899292 -0.7414132952690125 -0.32040339708328247 -0.6486334800720215 0.4096643328666687 -0.6414431929588318 -2.08957576751709
0.6554011106491089 0.7290958762168884 -0.1971508413553238 -0.06755620986223221 0.3868643045425415 -0.5482535362243652 -0.7414538264274597 -0.3203815221786499 -0.6486796736717224 0.40967899560928345 -0.6413871645927429 -2.0894083976745605
0.655396044254303 0.7291154265403748 -0.19709551334381104 -0.06756525486707687 0.3868451714515686 -0.548180103302002 -0.7415180802345276 -0.32032808661460876 -0.6486961841583252 0.4097425639629364 -0.641329824924469 -2.089498996734619
0.6554062366485596 0.7291123270988464 -0.19707299768924713 -0.06754010915756226 0.3868284523487091 -0.5481569170951843 -0.7415439486503601 -0.320360004901886 -0.6486958861351013 0.40977907180786133 -0.6413068175315857 -2.089512825012207
0.6553876996040344 0.7291252017021179 -0.19708696007728577 -0.06751616299152374 0.3868677616119385 -0.5481773018836975 -0.7415083646774292 -0.3203434646129608 -0.6486911177635193 0.40972885489463806 -0.6413437128067017 -2.0895514488220215
0.6554012894630432 0.7291345596313477 -0.19700710475444794 -0.06753843277692795 0.3869180381298065 -0.5481415390968323 -0.7415086030960083 -0.3203214704990387 -0.6486474275588989 0.409760057926178 -0.6413679718971252 -2.089578866958618
0.6553943157196045 0.7291735410690308 -0.1968863159418106 -0.0675198882818222 0.38698309659957886 -0.5480527281761169 -0.741540253162384 -0.32028934359550476 -0.6486157178878784 0.40980955958366394 -0.6413684487342834 -2.089695453643799
0.6554157137870789 0.7291591167449951 -0.19686833024024963 -0.06751418113708496 0.38700559735298157 -0.5480701923370361 -0.7415156364440918 -0.3202818036079407 -0.6485806107521057 0.4098118245601654 -0.6414024233818054 -2.0897040367126465
