# 3x4 first row second row third row Freq: 100 current Time: 2021-07-28-14:01:58
-0.33683398365974426 -0.04201320558786392 -0.9406260848045349 -0.08090264350175858 0.0028688344173133373 -0.9990449547767639 0.04359517991542816 -0.3357931673526764 -0.9415595531463623 0.011985842138528824 0.3366330862045288 -2.00038480758667
-0.3368683457374573 -0.041967809200286865 -0.9406158328056335 -0.08086766302585602 0.0027844153810292482 -0.9990459680557251 0.043577611446380615 -0.3357580006122589 -0.9415475130081177 0.012060859240591526 0.3366641104221344 -2.0003721714019775
-0.33687591552734375 -0.04203413426876068 -0.9406101703643799 -0.08091875910758972 0.002837080741301179 -0.9990435242652893 0.04362932965159416 -0.3358311355113983 -0.9415446519851685 0.012029089964926243 0.3366732597351074 -2.000516176223755
-0.33687955141067505 -0.04200373589992523 -0.9406102299690247 -0.08089185506105423 0.0027226493693888187 -0.9990434646606445 0.04363800957798958 -0.33579912781715393 -0.941543698310852 0.012139806523919106 0.33667194843292236 -2.000518321990967
-0.33688366413116455 -0.042055051773786545 -0.9406064748764038 -0.08090638369321823 0.0028123839292675257 -0.999042272567749 0.0436604842543602 -0.33577534556388855 -0.9415419101715088 0.01206316240131855 0.3366795480251312 -2.0005991458892822
-0.3369072675704956 -0.04208318889141083 -0.9405967593193054 -0.08092311024665833 0.0027499538846313953 -0.9990401268005371 0.04371301457285881 -0.33577752113342285 -0.9415336847305298 0.012140640057623386 0.33669987320899963 -2.0004703998565674
-0.3369106352329254 -0.042092349380254745 -0.9405950903892517 -0.08088096976280212 0.0026858681812882423 -0.9990388751029968 0.04374570772051811 -0.33577048778533936 -0.9415326714515686 0.012212085537612438 0.3367001712322235 -2.0005390644073486
-0.3369559645652771 -0.042092666029930115 -0.9405788779258728 -0.0808701366186142 0.0026486781425774097 -0.9990383386611938 0.04375997185707092 -0.3357541561126709 -0.9415165185928345 0.012253898195922375 0.33674371242523193 -2.0004749298095703
-0.33698537945747375 -0.04204058274626732 -0.9405706524848938 -0.08086863905191422 0.002631676848977804 -0.9990405440330505 0.043711137026548386 -0.3357667624950409 -0.941506028175354 0.012254741974174976 0.33677294850349426 -2.0006067752838135
-0.3369414508342743 -0.04209040477871895 -0.9405841827392578 -0.08085756748914719 0.002639364916831255 -0.9990383386611938 0.04376069828867912 -0.33575737476348877 -0.9415217638015747 0.012262254022061825 0.3367287814617157 -2.0005276203155518
-0.3369741141796112 -0.04202143847942352 -0.9405755400657654 -0.08090688288211823 0.0026185177266597748 -0.9990412592887878 0.0436953529715538 -0.3357997536659241 -0.9415101408958435 0.01226129475980997 0.33676135540008545 -2.0007245540618896
-0.33699044585227966 -0.04200825095176697 -0.9405702948570251 -0.08099641650915146 0.002678021090105176 -0.9990426301956177 0.04366029053926468 -0.3357960879802704 -0.9415041208267212 0.012194239534437656 0.3367806077003479 -2.0006797313690186
-0.33701732754707336 -0.041938744485378265 -0.9405637383460999 -0.08098717033863068 0.002580629661679268 -0.9990445971488953 0.043621670454740524 -0.3357619345188141 -0.9414947628974915 0.012274018488824368 0.3368038535118103 -2.0007009506225586
-0.3368719518184662 -0.042000140994787216 -0.9406130909919739 -0.08099877089262009 0.002538336208090186 -0.9990412592887878 0.04369998723268509 -0.3358343541622162 -0.9415469169616699 0.012333713471889496 0.336655855178833 -2.0007383823394775
-0.33687132596969604 -0.041959021240472794 -0.940615177154541 -0.08097949624061584 0.0024571241810917854 -0.9990420937538147 0.043685343116521835 -0.3358112871646881 -0.9415473341941833 0.012405138462781906 0.3366520404815674 -2.0007622241973877
-0.33683329820632935 -0.04195166379213333 -0.9406291246414185 -0.08094975352287292 0.002574753016233444 -0.9990440011024475 0.04363494738936424 -0.3357854187488556 -0.9415606260299683 0.012275820598006248 0.3366195857524872 -2.000760555267334
-0.3367919921875 -0.041978031396865845 -0.9406427145004272 -0.08096683770418167 0.002577434526756406 -0.9990428686141968 0.04366141930222511 -0.3357957601547241 -0.9415754079818726 0.012280376628041267 0.3365781009197235 -2.0006637573242188
-0.3367627263069153 -0.042013250291347504 -0.9406515955924988 -0.08088401705026627 0.0026900062803179026 -0.9990426898002625 0.04365818575024605 -0.3358290493488312 -0.9415855407714844 0.012172096408903599 0.3365536332130432 -2.0007355213165283
-0.33673083782196045 -0.04201497137546539 -0.9406629800796509 -0.08089132606983185 0.002671053633093834 -0.9990423917770386 0.04366634786128998 -0.3358370363712311 -0.9415969848632812 0.012191250920295715 0.33652088046073914 -2.0006697177886963
-0.33681556582450867 -0.04193664342164993 -0.9406360983848572 -0.08087772130966187 0.002592172473669052 -0.9990449547767639 0.0436125211417675 -0.3358210623264313 -0.9415669441223145 0.012251090258359909 0.3366028666496277 -2.0007171630859375
-0.3367871642112732 -0.041974131017923355 -0.9406446218490601 -0.08091683685779572 0.002551626181229949 -0.9990426898002625 0.04366643726825714 -0.33586862683296204 -0.9415771961212158 0.012306127697229385 0.33657214045524597 -2.0005931854248047
-0.33675870299339294 -0.04192979633808136 -0.9406567811965942 -0.08092649281024933 0.002583642490208149 -0.999045193195343 0.04360751062631607 -0.335860013961792 -0.9415872693061829 0.012254893779754639 0.33654576539993286 -2.0007143020629883
-0.3367909789085388 -0.041972700506448746 -0.940643310546875 -0.0809321179986 0.0026767454110085964 -0.9990444183349609 0.04362024739384651 -0.3358471393585205 -0.9415754675865173 0.012173048220574856 0.3365817666053772 -2.0007143020629883
-0.3368185758590698 -0.04194830730557442 -0.940634548664093 -0.08089116960763931 0.002611965872347355 -0.99904465675354 0.04361787438392639 -0.3358190953731537 -0.9415658116340637 0.01223441120237112 0.3366066515445709 -2.0007331371307373
-0.33679839968681335 -0.042007699608802795 -0.940639078617096 -0.08089476078748703 0.0027205990627408028 -0.999043345451355 0.043641842901706696 -0.3358035385608673 -0.9415727257728577 0.012139406055212021 0.3365907371044159 -2.000749349594116
-0.3368276059627533 -0.0419730618596077 -0.9406301975250244 -0.08084258437156677 0.0026387725956737995 -0.999043881893158 0.04363470897078514 -0.33576884865760803 -0.9415624737739563 0.012215270660817623 0.336616575717926 -2.0007691383361816
-0.3367866277694702 -0.041928935796022415 -0.9406468272209167 -0.08087668567895889 0.0026814930606633425 -0.9990465044975281 0.04357200488448143 -0.3358154594898224 -0.9415770173072815 0.01215213630348444 0.3365781903266907 -2.000706672668457
-0.3368275463581085 -0.04192326217889786 -0.9406324625015259 -0.0808834508061409 0.0025930250994861126 -0.9990455508232117 0.04359816759824753 -0.3358406126499176 -0.9415626525878906 0.012245985679328442 0.33661505579948425 -2.0005528926849365
-0.33678746223449707 -0.041950877755880356 -0.9406455755233765 -0.0808708444237709 0.002601096872240305 -0.9990444183349609 0.04362406209111214 -0.33580172061920166 -0.9415769577026367 0.012245331890881062 0.3365750312805176 -2.0006263256073
-0.3368167579174042 -0.04189010709524155 -0.9406377673149109 -0.08082307130098343 0.0025222867261618376 -0.9990462064743042 0.04358809441328049 -0.3357686996459961 -0.9415667057037354 0.012308647856116295 0.3366014361381531 -2.000638723373413
-0.3367144465446472 -0.04183974862098694 -0.9406766295433044 -0.08087180554866791 0.0025657895021140575 -0.9990491271018982 0.043517645448446274 -0.3358049690723419 -0.9416031837463379 0.012239447794854641 0.33650192618370056 -2.00067138671875
-0.33670535683631897 -0.04181583970785141 -0.9406809210777283 -0.08089780062437057 0.0025455893483012915 -0.9990500211715698 0.04349934682250023 -0.33582931756973267 -0.9416064620018005 0.012251880951225758 0.3364922106266022 -2.0005381107330322
-0.33679550886154175 -0.04180643707513809 -0.9406490921974182 -0.08089853823184967 0.002633545082062483 -0.9990515112876892 0.04345916211605072 -0.33579838275909424 -0.941573977470398 0.012159615755081177 0.33658644556999207 -2.0006182193756104
-0.3368021845817566 -0.041796598583459854 -0.9406471252441406 -0.08090939372777939 0.0026146082673221827 -0.9990517497062683 0.0434555746614933 -0.3358122706413269 -0.9415716528892517 0.01217651553452015 0.3365923762321472 -2.000541925430298
-0.3367721438407898 -0.0417812243103981 -0.9406585693359375 -0.08087817579507828 0.0026073441840708256 -0.9990523457527161 0.04344143345952034 -0.3358200490474701 -0.9415823817253113 0.01217725034803152 0.33656224608421326 -2.0006821155548096
-0.33677172660827637 -0.04178768768906593 -0.940658450126648 -0.08089911937713623 0.002632019342854619 -0.9990524053573608 0.04343947023153305 -0.33584219217300415 -0.9415825009346008 0.012153360061347485 0.3365628719329834 -2.000582456588745
-0.33673468232154846 -0.04185515642166138 -0.9406687021255493 -0.08087638020515442 0.0027098848950117826 -0.9990503191947937 0.043482787907123566 -0.33583149313926697 -0.9415955543518066 0.012093063443899155 0.33652856945991516 -2.0006766319274902
-0.3367527723312378 -0.04194088652729988 -0.9406583905220032 -0.08092857152223587 0.0027646285016089678 -0.999047040939331 0.04355451837182045 -0.33581578731536865 -0.9415888786315918 0.012066539376974106 0.3365480601787567 -2.0005455017089844
-0.336790531873703 -0.04185229912400246 -0.9406488537788391 -0.08089721947908401 0.0026513966731727123 -0.9990496635437012 0.04350142180919647 -0.3357863128185272 -0.9415757060050964 0.012156840413808823 0.3365817070007324 -2.00055193901062
-0.33673298358917236 -0.04188453406095505 -0.940667986869812 -0.08096510171890259 0.0026423137169331312 -0.9990480542182922 0.04353811591863632 -0.3358111083507538 -0.9415963292121887 0.012175185605883598 0.3365233838558197 -2.00056791305542
-0.3367343246936798 -0.04182535037398338 -0.9406701326370239 -0.08094079047441483 0.0025558113120496273 -0.9990496635437012 0.0435061939060688 -0.3357803523540497 -0.9415960907936096 0.012245859950780869 0.3365215063095093 -2.0005764961242676
-0.336733341217041 -0.041870445013046265 -0.940668523311615 -0.08089704066514969 0.0025511200074106455 -0.9990475177764893 0.04355575144290924 -0.3358193635940552 -0.9415964484214783 0.012266920879483223 0.33651968836784363 -2.000528573989868
-0.33675163984298706 -0.04178599268198013 -0.9406657218933105 -0.08085617423057556 0.0024384537246078253 -0.999049961566925 0.04350657761096954 -0.3357906639575958 -0.9415901899337769 0.01235714741051197 0.33653387427330017 -2.0005338191986084
-0.33678004145622253 -0.04192223399877548 -0.9406495094299316 -0.08091304451227188 0.00252458150498569 -0.9990447759628296 0.04362088441848755 -0.3357890248298645 -0.9415798187255859 0.01231590285897255 0.33656445145606995 -2.0005598068237305
-0.3367663621902466 -0.04187692329287529 -0.9406564235687256 -0.0808870866894722 0.002454250818118453 -0.9990459680557251 0.04359770938754082 -0.33575335144996643 -0.9415848851203918 0.01237364113330841 0.3365481197834015 -2.0005650520324707
-0.3367214500904083 -0.04192052036523819 -0.9406705498695374 -0.08096306025981903 0.0025343038141727448 -0.9990450143814087 0.04361477866768837 -0.3357904553413391 -0.9416007399559021 0.012302092276513577 0.3365063965320587 -2.000535488128662
-0.3367791175842285 -0.04186190292239189 -0.9406524896621704 -0.08094662427902222 0.002462845528498292 -0.9990467429161072 0.0435788668692112 -0.3357602655887604 -0.9415802955627441 0.01235977653414011 0.3365614712238312 -2.000542640686035
-0.33676156401634216 -0.04195414111018181 -0.9406546950340271 -0.0808873325586319 0.0025215509813278913 -0.9990432262420654 0.043655600398778915 -0.3358133137226105 -0.941586434841156 0.012329624965786934 0.3365454375743866 -2.00050687789917
-0.3367587924003601 -0.041904691606760025 -0.9406578540802002 -0.08085564523935318 0.0024500840809196234 -0.9990445971488953 0.04362858459353447 -0.33578765392303467 -0.9415876269340515 0.012387624941766262 0.33654001355171204 -2.0005173683166504
-0.33670374751091003 -0.04200451821088791 -0.9406731128692627 -0.08085905015468597 0.002478770911693573 -0.9990403652191162 0.04372358322143555 -0.3358103930950165 -0.9416072368621826 0.012390187941491604 0.3364850580692291 -2.0004799365997314
-0.33665621280670166 -0.04196106642484665 -0.9406920671463013 -0.08088085800409317 0.0023862053640186787 -0.9990411996841431 0.04370984807610512 -0.3357714116573334 -0.9416244626045227 0.012470514513552189 0.33643385767936707 -2.0004212856292725
-0.3367077112197876 -0.04193505272269249 -0.9406747817993164 -0.08086859434843063 0.00243839411996305 -0.9990430474281311 0.043664295226335526 -0.3358185589313507 -0.9416059255599976 0.012408374808728695 0.3364880383014679 -2.0005948543548584
-0.33667367696762085 -0.04192980006337166 -0.9406872391700745 -0.08093925565481186 0.002502034418284893 -0.9990441799163818 0.043635498732328415 -0.3358469605445862 -0.9416179060935974 0.01233729813247919 0.3364570736885071 -2.000643253326416
-0.3366820812225342 -0.04190972447395325 -0.9406850934028625 -0.08091028779745102 0.002439007395878434 -0.9990442991256714 0.04363681748509407 -0.335830956697464 -0.9416150450706482 0.01239740289747715 0.3364628255367279 -2.0006728172302246
-0.33674412965774536 -0.04201571270823479 -0.9406581521034241 -0.08088772743940353 0.002558158477768302 -0.9990409016609192 0.04370766505599022 -0.3358404040336609 -0.9415925741195679 0.012311953119933605 0.3365289270877838 -2.0006518363952637
-0.3367239832878113 -0.041953831911087036 -0.9406681656837463 -0.08085619658231735 0.0024874561931937933 -0.9990428686141968 0.04366693273186684 -0.335820734500885 -0.94159996509552 0.012363838963210583 0.33650630712509155 -2.0006818771362305
-0.3366924226284027 -0.041942376643419266 -0.9406799674034119 -0.08090302348136902 0.0025626083370298147 -0.9990443587303162 0.04362747073173523 -0.3358387351036072 -0.9416110515594482 0.012278450652956963 0.33647844195365906 -2.0006728172302246
-0.33668574690818787 -0.04191964119672775 -0.9406833648681641 -0.08087574690580368 0.002480392809957266 -0.9990443587303162 0.043632615357637405 -0.3358187675476074 -0.9416136741638184 0.01235722005367279 0.33646824955940247 -2.0007026195526123
-0.33664268255233765 -0.041976962238550186 -0.9406962394714355 -0.08091026544570923 0.0025123211089521646 -0.9990421533584595 0.04368147999048233 -0.3358498513698578 -0.9416289925575256 0.012341725639998913 0.3364259600639343 -2.0007152557373047
-0.3366493284702301 -0.04192516952753067 -0.940696120262146 -0.08087532222270966 0.0024269388522952795 -0.9990434050559998 0.043657075613737106 -0.33583134412765503 -0.941626787185669 0.012414119206368923 0.33642932772636414 -2.0007479190826416
-0.33663418889045715 -0.04199157655239105 -0.9406986236572266 -0.08087507635354996 0.0025271999184042215 -0.9990416765213013 0.043691568076610565 -0.33584317564964294 -0.9416319727897644 0.012330747209489346 0.3364179730415344 -2.000696897506714
-0.3366321325302124 -0.042027074843645096 -0.9406977295875549 -0.08087855577468872 0.0025218811351805925 -0.9990399479866028 0.043731141835451126 -0.3358599841594696 -0.9416327476501465 0.012348984368145466 0.33641520142555237 -2.000629186630249
-0.3367464244365692 -0.041957736015319824 -0.9406599402427673 -0.0808500126004219 0.002655690535902977 -0.9990448355674744 0.04361126571893692 -0.33582979440689087 -0.9415915012359619 0.012187842279672623 0.3365364968776703 -2.000682830810547
-0.33673572540283203 -0.04189691320061684 -0.9406664967536926 -0.08081067353487015 0.002560076769441366 -0.9990464448928833 0.04358069226145744 -0.33580282330513 -0.9415955543518066 0.012267002835869789 0.3365221619606018 -2.0007126331329346
-0.33683767914772034 -0.041986871510744095 -0.9406259655952454 -0.08086878061294556 0.00265618902631104 -0.9990434646606445 0.0436432883143425 -0.33579978346824646 -0.941558837890625 0.012202228419482708 0.3366272747516632 -2.0006773471832275
-0.3368562161922455 -0.0419597364962101 -0.9406205415725708 -0.08083541691303253 0.002597435377538204 -0.9990439414978027 0.04363572597503662 -0.3357687294483185 -0.9415524005889893 0.012255769222974777 0.33664339780807495 -2.000699996948242
-0.3368184268474579 -0.041951537132263184 -0.9406344294548035 -0.08093372732400894 0.0026841217186301947 -0.9990454316139221 0.043595507740974426 -0.33578813076019287 -0.9415656328201294 0.012158998288214207 0.33660978078842163 -2.00073504447937
-0.3368573784828186 -0.04190533980727196 -0.9406225681304932 -0.08090958744287491 0.0026097872760146856 -0.9990466237068176 0.04357355087995529 -0.33575692772865295 -0.941551923751831 0.012223252095282078 0.33664584159851074 -2.000760793685913
-0.33692502975463867 -0.04197696968913078 -0.9405951499938965 -0.08090512454509735 0.002774943830445409 -0.9990453720092773 0.04359149932861328 -0.33576351404190063 -0.941527247428894 0.012076973915100098 0.33672013878822327 -2.000718116760254
-0.3369615077972412 -0.04191106557846069 -0.9405850172042847 -0.0808790922164917 0.00267774797976017 -0.9990471601486206 0.04355676472187042 -0.3357330858707428 -0.9415144920349121 0.012158309109508991 0.3367529511451721 -2.0007457733154297
-0.33691006898880005 -0.04203128069639206 -0.9405980706214905 -0.08087748289108276 0.002797170775011182 -0.9990431666374207 0.04364103451371193 -0.3357844948768616 -0.941532552242279 0.012072096578776836 0.3367055356502533 -2.000746011734009
-0.3369061052799225 -0.04199178144335747 -0.9406012296676636 -0.08087049424648285 0.002761203795671463 -0.9990445375442505 0.04361188784241676 -0.33578410744667053 -0.9415340423583984 0.012095925398170948 0.336700439453125 -2.000718593597412
-0.3368983864784241 -0.04195624217391014 -0.9406055808067322 -0.08091156929731369 0.002803074661642313 -0.9990466833114624 0.04355906322598457 -0.33575814962387085 -0.9415366649627686 0.01203839760273695 0.33669513463974 -2.0008351802825928
-0.33680739998817444 -0.04202023893594742 -0.9406353235244751 -0.08095329999923706 0.002849985146895051 -0.9990444183349609 0.04360903054475784 -0.335814505815506 -0.9415690898895264 0.012007053010165691 0.33660557866096497 -2.0007691383361816
-0.3368135094642639 -0.042000092566013336 -0.94063401222229 -0.08093129098415375 0.002752161817625165 -0.9990440607070923 0.043622683733701706 -0.335794597864151 -0.9415671825408936 0.012103937566280365 0.3366073966026306 -2.0008037090301514
-0.33680352568626404 -0.04203898087143898 -0.9406358599662781 -0.08099033683538437 0.002747694496065378 -0.9990422129631042 0.04366545006632805 -0.3358432352542877 -0.9415708184242249 0.01212210301309824 0.3365967273712158 -2.000812292098999
-0.3368172347545624 -0.042001597583293915 -0.9406326413154602 -0.0809754878282547 0.0026610051281750202 -0.999042809009552 0.04365692287683487 -0.3358229696750641 -0.9415661096572876 0.012201381847262383 0.33660688996315 -2.0008418560028076
-0.3367310166358948 -0.04211211949586868 -0.9406585693359375 -0.08090725541114807 0.002725443569943309 -0.999038577079773 0.0437500886619091 -0.335824579000473 -0.9415968060493469 0.012168306857347488 0.33652234077453613 -2.000767946243286
-0.33672088384628296 -0.04204962030053139 -0.9406650066375732 -0.08088376373052597 0.002659482415765524 -0.9990406632423401 0.043707143515348434 -0.33579859137535095 -0.9416006207466125 0.012215431779623032 0.33650994300842285 -2.0007853507995605
-0.3366943597793579 -0.042016588151454926 -0.9406759738922119 -0.08094175159931183 0.0027401400730013847 -0.9990432262420654 0.04364287480711937 -0.3357941806316376 -0.9416098594665527 0.012116731144487858 0.33648762106895447 -2.0007517337799072
-0.33667808771133423 -0.0419478565454483 -0.9406848549842834 -0.08091052621603012 0.002630386734381318 -0.9990450143814087 0.04360887408256531 -0.335762083530426 -0.9416159987449646 0.012207793071866035 0.3364671766757965 -2.000770092010498
-0.3367292881011963 -0.04197385907173157 -0.9406653642654419 -0.08083121478557587 0.0026653273962438107 -0.9990442395210266 0.04362470656633377 -0.3357374668121338 -0.941597580909729 0.012182541191577911 0.33651959896087646 -2.0006556510925293
-0.33668938279151917 -0.041991617530584335 -0.9406788349151611 -0.0808413103222847 0.0027108765207231045 -0.9990440011024475 0.04362674430012703 -0.33577337861061096 -0.9416117072105408 0.012138603255152702 0.33648163080215454 -2.000558614730835
-0.33669301867485046 -0.0419456772506237 -0.9406796097755432 -0.08085682988166809 0.0026586928870528936 -0.9990454912185669 0.043596651405096054 -0.3357890844345093 -0.94161057472229 0.012177716940641403 0.3364834487438202 -2.0004429817199707
-0.33680644631385803 -0.0420357771217823 -0.9406349658966064 -0.08085513114929199 0.0028063964564353228 -0.9990431070327759 0.0436411015689373 -0.3357408046722412 -0.9415695667266846 0.012058814987540245 0.3366023898124695 -2.000519275665283
-0.3367692530155182 -0.04203692078590393 -0.9406481981277466 -0.0808199793100357 0.0027595926076173782 -0.9990425109863281 0.0436585396528244 -0.33571308851242065 -0.9415830373764038 0.012107053771615028 0.3365630805492401 -2.00051212310791
-0.336711585521698 -0.042079947888851166 -0.9406669735908508 -0.08088543266057968 0.0028033785056322813 -0.9990410804748535 0.04368779808282852 -0.33578822016716003 -0.9416034817695618 0.012073148973286152 0.3365069627761841 -2.0004897117614746
-0.3367568850517273 -0.042093392461538315 -0.9406501054763794 -0.08089946955442429 0.0027688166592270136 -0.9990400075912476 0.04371505230665207 -0.33585286140441895 -0.9415873885154724 0.012116862460970879 0.33655041456222534 -2.0005271434783936
-0.3367807865142822 -0.0420493558049202 -0.9406435489654541 -0.08087032288312912 0.002716303803026676 -0.9990413784980774 0.043687377125024796 -0.3358396589756012 -0.9415790438652039 0.012158001773059368 0.33657243847846985 -2.000523090362549
-0.3367263674736023 -0.04210299625992775 -0.9406606554985046 -0.08092982321977615 0.002714951289817691 -0.9990388751029968 0.04374408349394798 -0.33590930700302124 -0.9415984749794006 0.01217594463378191 0.3365173041820526 -2.0006656646728516
-0.3367583155632019 -0.04202194884419441 -0.9406527876853943 -0.08091775327920914 0.002656381344422698 -0.9990418553352356 0.043679378926754 -0.3359014391899109 -0.9415872097015381 0.012210667133331299 0.3365475535392761 -2.000680446624756
-0.33674710988998413 -0.0421379953622818 -0.9406516551971436 -0.08093145489692688 0.002849554643034935 -0.9990389347076416 0.04373342916369438 -0.33582624793052673 -0.9415906667709351 0.012046673335134983 0.33654382824897766 -2.0006160736083984
-0.33677938580513 -0.04211915284395218 -0.940640926361084 -0.08091115951538086 0.002783338539302349 -0.9990389943122864 0.04373752698302269 -0.3358038067817688 -0.9415793418884277 0.012111782096326351 0.3365732431411743 -2.0006186962127686
-0.33678191900253296 -0.0421106219291687 -0.940640389919281 -0.08100064098834991 0.0027714804746210575 -0.9990392327308655 0.043732739984989166 -0.3358556926250458 -0.9415784478187561 0.012121436186134815 0.33657535910606384 -2.000657558441162
-0.3368090093135834 -0.04209316521883011 -0.9406315088272095 -0.08098907768726349 0.0027626908849924803 -0.999039888381958 0.04371771216392517 -0.33584272861480713 -0.9415687918663025 0.012125850655138493 0.33660221099853516 -2.000666618347168
-0.33677223324775696 -0.04207731783390045 -0.9406453371047974 -0.08091340959072113 0.002731104614213109 -0.9990402460098267 0.043711669743061066 -0.33580201864242554 -0.9415820240974426 0.012151881121098995 0.33656421303749084 -2.0007691383361816
-0.33668288588523865 -0.04219144955277443 -0.9406722187995911 -0.08086244016885757 0.0027266782708466053 -0.9990349411964417 0.04383323714137077 -0.33581510186195374 -0.9416139721870422 0.012192996218800545 0.336473286151886 -2.0007946491241455
-0.33672091364860535 -0.04214140772819519 -0.940660834312439 -0.08091894537210464 0.0027119203004986048 -0.9990370273590088 0.04378588870167732 -0.33581364154815674 -0.9416004419326782 0.012192633002996445 0.3365112245082855 -2.000839948654175
-0.3367891013622284 -0.04210681468248367 -0.94063800573349 -0.0808921679854393 0.002708836691454053 -0.999038577079773 0.04375118762254715 -0.3358076214790344 -0.9415760636329651 0.01218689326196909 0.33657965064048767 -2.000889778137207
-0.3367961347103119 -0.04214808717370033 -0.9406336545944214 -0.08085470646619797 0.0028433394618332386 -0.9990383982658386 0.04374704137444496 -0.3357638716697693 -0.9415731430053711 0.012059299275279045 0.3365924060344696 -2.0007574558258057
-0.33677396178245544 -0.04214002192020416 -0.9406419396400452 -0.08082981407642365 0.002892155200242996 -0.9990394115447998 0.04372072219848633 -0.3357941508293152 -0.9415809512138367 0.012003523297607899 0.3365726172924042 -2.000849962234497
-0.3367499113082886 -0.04210762307047844 -0.9406520128250122 -0.08079666644334793 0.002768241800367832 -0.999039351940155 0.043730273842811584 -0.33575883507728577 -0.941589891910553 0.012122220359742641 0.3365432620048523 -2.000875473022461
-0.3367796242237091 -0.04209825396537781 -0.9406417608261108 -0.08078555017709732 0.0027943879831582308 -0.9990400671958923 0.04371138662099838 -0.33572477102279663 -0.9415792226791382 0.0120925921946764 0.3365742564201355 -2.000946283340454
-0.33682048320770264 -0.04204145818948746 -0.9406296610832214 -0.08075110614299774 0.0027043516747653484 -0.9990415573120117 0.04368380829691887 -0.3356906473636627 -0.9415648579597473 0.01216981466859579 0.33661162853240967 -2.0009729862213135
-0.33687421679496765 -0.042044833302497864 -0.9406102895736694 -0.08086895197629929 0.002941664308309555 -0.9990443587303162 0.04360327497124672 -0.3357270359992981 -0.9415448904037476 0.011921864934265614 0.3366762399673462 -2.000718116760254
-0.3368517756462097 -0.04208023101091385 -0.9406167268753052 -0.08090914040803909 0.0030065227765589952 -0.9990435838699341 0.043617378920316696 -0.33581453561782837 -0.9415527582168579 0.011864611878991127 0.336656391620636 -2.000751495361328
-0.3368370831012726 -0.04209420830011368 -0.9406213760375977 -0.08088232576847076 0.002910713665187359 -0.999041736125946 0.043666280806064606 -0.33579444885253906 -0.941558301448822 0.011970549821853638 0.33663710951805115 -2.0007596015930176
-0.33678847551345825 -0.04206475242972374 -0.9406400918960571 -0.0809180811047554 0.0029144014697521925 -0.9990431666374207 0.043633025139570236 -0.3358098864555359 -0.9415756464004517 0.011953703127801418 0.33658909797668457 -2.000845193862915
-0.3367657959461212 -0.04202935844659805 -0.9406498074531555 -0.08089994639158249 0.0028840405866503716 -0.9990444183349609 0.0436059795320034 -0.33578619360923767 -0.9415838718414307 0.011972134932875633 0.33656546473503113 -2.000870704650879
-0.3367418348789215 -0.04204080253839493 -0.9406578540802002 -0.08097043633460999 0.002843142719939351 -0.9990434050559998 0.04363242909312248 -0.3358134627342224 -0.9415925741195679 0.012018444947898388 0.33653950691223145 -2.0008811950683594
-0.33675089478492737 -0.04200911521911621 -0.9406560659408569 -0.08095908164978027 0.002756554400548339 -0.9990437626838684 0.04362984374165535 -0.3357838988304138 -0.9415895938873291 0.012099424377083778 0.336544930934906 -2.000915288925171
-0.3367091119289398 -0.04206195846199989 -0.9406686425209045 -0.08096420764923096 0.002913338365033269 -0.999043345451355 0.04362936690449715 -0.33580923080444336 -0.9416040778160095 0.011949924752116203 0.3365097939968109 -2.000948429107666
-0.33669599890708923 -0.04205393046140671 -0.9406737089157104 -0.08095347136259079 0.002825425937771797 -0.9990425705909729 0.04365207627415657 -0.3357810080051422 -0.9416090250015259 0.01203968282788992 0.33649274706840515 -2.0009753704071045
-0.33668017387390137 -0.04198973625898361 -0.9406822323799133 -0.08092449605464935 0.0029109311290085316 -0.9990466833114624 0.04355313256382942 -0.33574968576431274 -0.9416143894195557 0.011925221420824528 0.3364817202091217 -2.0010128021240234
-0.3366990387439728 -0.042056698352098465 -0.9406724572181702 -0.08088015019893646 0.003093818435445428 -0.9990458488464355 0.04355914145708084 -0.33576276898384094 -0.9416071176528931 0.011756056919693947 0.3365081548690796 -2.000983476638794
-0.33670082688331604 -0.04201069846749306 -0.9406738877296448 -0.08085016906261444 0.0030411265324801207 -0.9990473389625549 0.04352914169430733 -0.33573439717292786 -0.9416066408157349 0.011795595288276672 0.3365080952644348 -2.001000165939331
-0.3367452621459961 -0.04194074124097824 -0.9406611323356628 -0.08083650469779968 0.0029315596912056208 -0.9990491271018982 0.04349460080265999 -0.33567944169044495 -0.9415910840034485 0.011889001354575157 0.3365482985973358 -2.0010056495666504
-0.33670541644096375 -0.0419771783053875 -0.9406737685203552 -0.08086030930280685 0.0030676121823489666 -0.999049186706543 0.04348414018750191 -0.33576104044914246 -0.9416049122810364 0.011755729094147682 0.33651432394981384 -2.00093674659729
-0.33668410778045654 -0.04201602190732956 -0.9406796097755432 -0.08086171001195908 0.0031793180387467146 -0.9990488290786743 0.043485190719366074 -0.3357902467250824 -0.9416121244430542 0.01165005937218666 0.3364977240562439 -2.0008749961853027
-0.3366833031177521 -0.04199850559234619 -0.9406806826591492 -0.0808320865035057 0.0030956785194575787 -0.9990485906600952 0.04349646717309952 -0.33576324582099915 -0.941612720489502 0.01173249538987875 0.33649328351020813 -2.000878095626831
-0.33665886521339417 -0.042049191892147064 -0.9406871795654297 -0.08085187524557114 0.0031536021269857883 -0.9990469813346863 0.04352927580475807 -0.33578774333000183 -0.9416212439537048 0.011687969788908958 0.33647090196609497 -2.0008506774902344
-0.3366650640964508 -0.04203866422176361 -0.9406854510307312 -0.08082271367311478 0.003136147279292345 -0.9990472197532654 0.04352441430091858 -0.33576104044914246 -0.9416190981864929 0.011703027412295341 0.3364764153957367 -2.000854730606079
-0.3367087244987488 -0.042118266224861145 -0.9406662583351135 -0.08080988377332687 0.003257823409512639 -0.9990450143814087 0.04356604814529419 -0.33574527502059937 -0.9416030645370483 0.0116045493632555 0.33652469515800476 -2.0008184909820557
-0.33663418889045715 -0.04203605279326439 -0.9406965970993042 -0.08080097287893295 0.003128094132989645 -0.9990472793579102 0.043524108827114105 -0.3357035219669342 -0.9416301846504211 0.011709121987223625 0.33644524216651917 -2.000824451446533
-0.3366207182407379 -0.04201766103506088 -0.9407022595405579 -0.08083499222993851 0.003176991594955325 -0.9990487098693848 0.043486930429935455 -0.33577004075050354 -0.9416348338127136 0.011650004424154758 0.3364342451095581 -2.0009679794311523
-0.33672448992729187 -0.042011357843875885 -0.9406654238700867 -0.08083020895719528 0.0032196694519370794 -0.9990494847297668 0.04346634820103645 -0.3357205390930176 -0.941597580909729 0.011607557535171509 0.33653998374938965 -2.000993013381958
-0.336751252412796 -0.042043864727020264 -0.9406543374061584 -0.08086194843053818 0.003275881055742502 -0.99904865026474 0.04348113015294075 -0.3357483446598053 -0.9415878057479858 0.011560858227312565 0.3365688920021057 -2.0009169578552246
-0.3366986811161041 -0.04208545759320259 -0.9406713247299194 -0.08089721202850342 0.003430025652050972 -0.99904865026474 0.04346952959895134 -0.335784912109375 -0.9416060447692871 0.011409611441195011 0.33652299642562866 -2.000919818878174
-0.33673426508903503 -0.04207748547196388 -0.9406589269638062 -0.08088438957929611 0.0033679106272757053 -0.9990482330322266 0.04348371922969818 -0.335758239030838 -0.9415935277938843 0.011474409140646458 0.3365557789802551 -2.000929594039917
-0.33672526478767395 -0.0420907661318779 -0.9406615495681763 -0.08094421774148941 0.003410323988646269 -0.9990481734275818 0.04348255321383476 -0.3357817232608795 -0.9415966272354126 0.011433718726038933 0.3365485966205597 -2.0009360313415527
-0.33671003580093384 -0.04204424470663071 -0.9406691193580627 -0.08094295114278793 0.0032955582719296217 -0.9990488886833191 0.04347396269440651 -0.3357504606246948 -0.9416024684906006 0.011538095772266388 0.33652862906455994 -2.000951051712036
-0.33674368262290955 -0.041973862797021866 -0.9406601786613464 -0.0809413492679596 0.0033895266242325306 -0.9990532994270325 0.04336605966091156 -0.33577728271484375 -0.9415901303291321 0.01141485944390297 0.3365674316883087 -2.001039743423462
-0.3367563784122467 -0.04196212813258171 -0.9406561851501465 -0.08092931658029556 0.0033157127909362316 -0.9990529417991638 0.043380144983530045 -0.33575141429901123 -0.9415858387947083 0.011489600874483585 0.3365768790245056 -2.00106143951416
-0.33682626485824585 -0.04195340350270271 -0.9406315684318542 -0.0808933675289154 0.0033920526038855314 -0.9990541934967041 0.043344493955373764 -0.33574530482292175 -0.9415605664253235 0.011408898048102856 0.3366502821445465 -2.001028299331665
-0.3368171751499176 -0.04193033277988434 -0.9406358003616333 -0.08085282891988754 0.0033129851799458265 -0.9990543127059937 0.04334814101457596 -0.33572667837142944 -0.9415640830993652 0.01148409117013216 0.33663785457611084 -2.001051902770996
-0.33678996562957764 -0.04198791831731796 -0.9406430125236511 -0.08087101578712463 0.0033353480976074934 -0.9990519881248474 0.04340095445513725 -0.3357826769351959 -0.9415737390518188 0.011479639448225498 0.3366110026836395 -2.0010085105895996
-0.33684539794921875 -0.04197822883725166 -0.9406235814094543 -0.08083496242761612 0.0032911375164985657 -0.9990518093109131 0.04340719059109688 -0.3357588052749634 -0.941554069519043 0.011525795795023441 0.33666443824768066 -2.001038074493408
-0.33679842948913574 -0.04200870171189308 -0.9406390190124512 -0.08086814731359482 0.003295615781098604 -0.999050498008728 0.04343734309077263 -0.33577147126197815 -0.9415708780288696 0.011529650539159775 0.3366173803806305 -2.000990390777588
-0.3368512690067291 -0.04199381172657013 -0.9406207799911499 -0.08088825643062592 0.0033291501458734274 -0.999051570892334 0.043410222977399826 -0.33581262826919556 -0.9415518045425415 0.011491326615214348 0.3366718888282776 -2.000960111618042
-0.3368477523326874 -0.04197421669960022 -0.9406229257583618 -0.08087130635976791 0.003258917946368456 -0.9990516304969788 0.04341447725892067 -0.3357873558998108 -0.9415533542633057 0.011558662168681622 0.3366653621196747 -2.0009727478027344
-0.33682557940483093 -0.04204495623707771 -0.9406276941299438 -0.0808638259768486 0.003301017452031374 -0.9990488886833191 0.04347427189350128 -0.33578699827194214 -0.9415611028671265 0.01153822336345911 0.3366442918777466 -2.000905752182007
-0.33684173226356506 -0.042025648057460785 -0.9406228065490723 -0.08084139227867126 0.0032501090317964554 -0.9990491271018982 0.04347217455506325 -0.33575639128685 -0.9415555000305176 0.011586121283471584 0.3366582989692688 -2.0009121894836426
-0.33678799867630005 -0.0419989749789238 -0.9406431913375854 -0.08091139793395996 0.0032717592548578978 -0.9990506768226624 0.04343540221452713 -0.3357709050178528 -0.9415746927261353 0.011550970375537872 0.336605966091156 -2.0008480548858643
-0.3368307054042816 -0.04196808859705925 -0.9406293034553528 -0.08089227229356766 0.0032113792840391397 -0.9990513324737549 0.04342474415898323 -0.33574378490448 -0.9415596127510071 0.011606074869632721 0.3366461992263794 -2.0008544921875
-0.33678677678108215 -0.0419929064810276 -0.9406439065933228 -0.08089914172887802 0.003248663851991296 -0.9990506768226624 0.04343720152974129 -0.3358056843280792 -0.9415751695632935 0.011573245748877525 0.3366037607192993 -2.0009963512420654
-0.3368161618709564 -0.041903719305992126 -0.9406373500823975 -0.08087840676307678 0.003154078498482704 -0.9990535974502563 0.04337667301297188 -0.33578625321388245 -0.9415649771690369 0.011643126606941223 0.33662983775138855 -2.0010159015655518
-0.33684566617012024 -0.041941095143556595 -0.9406251311302185 -0.08089606463909149 0.0031345353927463293 -0.9990516304969788 0.04342374950647354 -0.335850328207016 -0.9415544867515564 0.011678684502840042 0.33665794134140015 -2.000999689102173
-0.336826354265213 -0.041919123381376266 -0.9406330585479736 -0.08087169378995895 0.0030964785255491734 -0.9990521669387817 0.043413762003183365 -0.33583515882492065 -0.9415615200996399 0.011710255406796932 0.3366371691226959 -2.0010194778442383
-0.3368138372898102 -0.041991621255874634 -0.9406343102455139 -0.0808766707777977 0.0032530520111322403 -0.9990507960319519 0.04343461990356445 -0.3358418941497803 -0.9415655136108398 0.011569453403353691 0.33663100004196167 -2.001025438308716
-0.33686381578445435 -0.04205350950360298 -0.9406136274337769 -0.08085399866104126 0.003282129531726241 -0.9990482330322266 0.04349060729146004 -0.335849791765213 -0.9415475130081177 0.011563202366232872 0.3366815149784088 -2.0010461807250977
-0.33691370487213135 -0.04193464666604996 -0.9406010508537292 -0.08082021027803421 0.0031796914990991354 -0.9990524649620056 0.04340164363384247 -0.33579209446907043 -0.9415299892425537 0.011631793342530727 0.3367280662059784 -2.001106023788452
-0.3369903564453125 -0.04196244850754738 -0.9405723810195923 -0.08085799217224121 0.003131347708404064 -0.999050498008728 0.04344947263598442 -0.33581122756004333 -0.9415027499198914 0.011696800589561462 0.33680206537246704 -2.0010573863983154
-0.3369026184082031 -0.04197803512215614 -0.9406030774116516 -0.08085334300994873 0.0031394262332469225 -0.999049961566925 0.043461982160806656 -0.33580872416496277 -0.9415341019630432 0.011689507402479649 0.33671459555625916 -2.0010035037994385
-0.3369125723838806 -0.04196245223283768 -0.9406002163887024 -0.08083558082580566 0.0031036073341965675 -0.9990501999855042 0.043458372354507446 -0.3357824683189392 -0.9415306448936462 0.011722424067556858 0.33672308921813965 -2.00101375579834
-0.33695995807647705 -0.0420144684612751 -0.9405809044837952 -0.08086896687746048 0.00332732149399817 -0.9990505576133728 0.043434228748083115 -0.33577704429626465 -0.941512942314148 0.011505987495183945 0.3367801010608673 -2.0009868144989014
-0.3369845747947693 -0.04196961596608162 -0.9405741095542908 -0.08085504174232483 0.003281711833551526 -0.9990520477294922 0.04340321943163872 -0.33575060963630676 -0.9415042996406555 0.011539528146386147 0.336803138256073 -2.000990152359009
-0.33692240715026855 -0.04205932095646858 -0.9405924081802368 -0.08088596165180206 0.003317940980195999 -0.9990483522415161 0.04348473623394966 -0.3357880413532257 -0.9415264129638672 0.011530157178640366 0.3367415964603424 -2.0009067058563232
-0.3369517922401428 -0.04203256592154503 -0.9405830502510071 -0.08087707310914993 0.003266698680818081 -0.9990489482879639 0.04347502812743187 -0.3357656002044678 -0.941516101360321 0.011576392687857151 0.3367689251899719 -2.000903606414795
-0.3369080126285553 -0.042007703334093094 -0.9405998587608337 -0.08092514425516129 0.003247625892981887 -0.9990499019622803 0.04345487058162689 -0.335796594619751 -0.9415318369865417 0.011585582979023457 0.3367246091365814 -2.0008866786956787
-0.3369365334510803 -0.041984304785728455 -0.9405906796455383 -0.08091896772384644 0.0032196976244449615 -0.9990506172180176 0.043440379202365875 -0.33577147126197815 -0.9415217041969299 0.011608239263296127 0.33675211668014526 -2.000885009765625
-0.33692580461502075 -0.0420590415596962 -0.9405911564826965 -0.08086800575256348 0.003239385550841689 -0.9990473985671997 0.043512579053640366 -0.3357671797275543 -0.9415254592895508 0.011613579466938972 0.3367413878440857 -2.0007927417755127
-0.3368802070617676 -0.042081281542778015 -0.9406065344810486 -0.08087604492902756 0.0031684376299381256 -0.9990455508232117 0.04356097802519798 -0.3357889950275421 -0.9415420293807983 0.011694583110511303 0.33669227361679077 -2.0008504390716553
-0.33690932393074036 -0.04204317554831505 -0.9405977725982666 -0.08085519075393677 0.0030869832262396812 -0.999046266078949 0.04355001822113991 -0.33576804399490356 -0.9415318965911865 0.011768803000450134 0.3367180824279785 -2.000845432281494
