# 3x4 first row second row third row Freq: 100 current Time: 2021-07-28-17:23:25
0.6593660712242126 0.73549485206604 -0.15583209693431854 -0.07481732964515686 -0.061966344714164734 -0.15340156853199005 -0.9862191081047058 -0.24713164567947388 -0.7492640018463135 0.6599357724189758 -0.05557186156511307 -2.188292980194092
0.6594472527503967 0.7354472279548645 -0.15571343898773193 -0.07482807338237762 -0.0620044581592083 -0.15321697294712067 -0.9862453937530518 -0.24710017442703247 -0.7491893768310547 0.6600317358970642 -0.05543750151991844 -2.188659906387329
0.6594862341880798 0.7354413270950317 -0.1555762141942978 -0.0749025046825409 -0.06190909817814827 -0.15312081575393677 -0.9862663149833679 -0.247077077627182 -0.7491629719734192 0.6600606441497803 -0.05545056238770485 -2.1887893676757812
0.6594559550285339 0.7354703545570374 -0.15556716918945312 -0.07488633692264557 -0.061892878264188766 -0.15311996638774872 -0.9862674474716187 -0.2470952570438385 -0.7491909265518188 0.6600284576416016 -0.05545549839735031 -2.1889536380767822
0.6595633625984192 0.7353556752204895 -0.1556539684534073 -0.07493036240339279 -0.06186646968126297 -0.15327033400535583 -0.9862457513809204 -0.24708202481269836 -0.7490985989570618 0.6601213216781616 -0.05559762567281723 -2.1886353492736816
0.6593900322914124 0.7355060577392578 -0.15567797422409058 -0.07499994337558746 -0.06199584901332855 -0.15317131578922272 -0.986253023147583 -0.24719297885894775 -0.749240517616272 0.6599767804145813 -0.055401306599378586 -2.1889278888702393
0.6595554351806641 0.7353463172912598 -0.15573176741600037 -0.07501324266195297 -0.061980605125427246 -0.15327328443527222 -0.9862381219863892 -0.24716675281524658 -0.749096155166626 0.6601310968399048 -0.05551501736044884 -2.188748836517334
0.6595146656036377 0.7353728413581848 -0.155779168009758 -0.07502062618732452 -0.062043722718954086 -0.153277188539505 -0.9862335920333862 -0.2472068965435028 -0.7491267919540405 0.6601006388664246 -0.0554632842540741 -2.18888258934021
0.6595879793167114 0.7353078126907349 -0.15577588975429535 -0.07493023574352264 -0.062086671590805054 -0.15324223041534424 -0.9862363338470459 -0.24714061617851257 -0.749058723449707 0.6601812243461609 -0.05542391538619995 -2.1888201236724854
0.6594799757003784 0.7353953123092651 -0.15581996738910675 -0.07496806234121323 -0.062160782516002655 -0.15322533249855042 -0.9862342476844788 -0.24724045395851135 -0.7491476535797119 0.6600876450538635 -0.05533628538250923 -2.189009189605713
0.6595234870910645 0.7353459000587463 -0.1558692753314972 -0.07487593591213226 -0.062131840735673904 -0.1533212810754776 -0.986221194267273 -0.24722087383270264 -0.7491117715835571 0.66012042760849 -0.055430587381124496 -2.188835620880127
0.6594467759132385 0.7353919744491577 -0.15597622096538544 -0.07486522942781448 -0.062285859137773514 -0.15332138538360596 -0.9862114191055298 -0.2473190724849701 -0.7491664886474609 0.6600690484046936 -0.05530276149511337 -2.189011812210083
0.6594899296760559 0.7353560924530029 -0.1559629738330841 -0.07484220713376999 -0.06221982464194298 -0.1533660888671875 -0.9862086772918701 -0.24723580479621887 -0.7491339445114136 0.660098671913147 -0.055389661341905594 -2.188857078552246
0.6593194603919983 0.7354946136474609 -0.15603049099445343 -0.07486090809106827 -0.06230888515710831 -0.1533612608909607 -0.9862037897109985 -0.24726983904838562 -0.7492766380310059 0.6599454283714294 -0.055286213755607605 -2.189026117324829
0.6593954563140869 0.7354297041893005 -0.1560155302286148 -0.0748428925871849 -0.06223412975668907 -0.15341459214687347 -0.986200213432312 -0.2472408413887024 -0.7492159605026245 0.6600053906440735 -0.055392056703567505 -2.188842535018921
0.6594902873039246 0.735336422920227 -0.15605418384075165 -0.0749952420592308 -0.06226695701479912 -0.15344691276550293 -0.9861931204795837 -0.24719786643981934 -0.7491297125816345 0.6601018309593201 -0.05540958419442177 -2.1889116764068604
0.6593536734580994 0.735464870929718 -0.15602609515190125 -0.07502193748950958 -0.062256619334220886 -0.15340480208396912 -0.9862003326416016 -0.24727177619934082 -0.7492508292198181 0.6599684953689575 -0.05536046251654625 -2.189082384109497
0.6594139933586121 0.7353887557983398 -0.15612977743148804 -0.07503578811883926 -0.06227162852883339 -0.1535366028547287 -0.9861788749694824 -0.24724170565605164 -0.7491965293884277 0.6600226163864136 -0.055450327694416046 -2.1888608932495117
0.6593025922775269 0.7354788780212402 -0.15617574751377106 -0.07503233850002289 -0.062265049666166306 -0.15359298884868622 -0.9861704707145691 -0.2472878396511078 -0.7492951154708862 0.6599090695381165 -0.05546962469816208 -2.188967704772949
0.6593664288520813 0.7354223728179932 -0.15617245435714722 -0.07500717788934708 -0.062268562614917755 -0.1535918116569519 -0.9861704707145691 -0.24722909927368164 -0.7492386102676392 0.6599723100662231 -0.055479589849710464 -2.188861131668091
0.6592851877212524 0.7354723215103149 -0.15628011524677277 -0.07496771216392517 -0.062328316271305084 -0.15367548167705536 -0.9861536622047424 -0.24728399515151978 -0.7493051290512085 0.6598971486091614 -0.05547521263360977 -2.188922166824341
0.6593500971794128 0.7354044914245605 -0.15632537007331848 -0.07496009767055511 -0.06232446804642677 -0.15374600887298584 -0.9861428737640381 -0.247245192527771 -0.7492483258247375 0.6599563360214233 -0.05553874745965004 -2.1887192726135254
0.6593791246414185 0.7353792190551758 -0.15632197260856628 -0.07483182102441788 -0.06232477352023125 -0.15374405682086945 -0.986143171787262 -0.24718675017356873 -0.7492228150367737 0.6599849462509155 -0.05554326996207237 -2.1886157989501953
0.6593735814094543 0.7354015707969666 -0.1562400758266449 -0.07497168332338333 -0.06228715553879738 -0.15366682410240173 -0.9861575961112976 -0.24719563126564026 -0.7492308020591736 0.6599780321121216 -0.0555177703499794 -2.1888065338134766
0.659389853477478 0.7353914976119995 -0.15621910989284515 -0.07483857870101929 -0.0622745119035244 -0.15365146100521088 -0.9861608147621155 -0.247127503156662 -0.7492175698280334 0.6599928736686707 -0.05552006512880325 -2.1887094974517822
0.6594920754432678 0.7353137731552124 -0.1561533808708191 -0.07489011436700821 -0.062214698642492294 -0.15362617373466492 -0.9861685037612915 -0.2470489740371704 -0.749132513999939 0.6600853204727173 -0.0555679127573967 -2.1885440349578857
0.659415602684021 0.7353806495666504 -0.15616124868392944 -0.0749254897236824 -0.0623285137116909 -0.1535288542509079 -0.9861764907836914 -0.2472255527973175 -0.7491903901100159 0.6600334644317627 -0.05540413409471512 -2.1891162395477295
0.659503698348999 0.7353025078773499 -0.1561572402715683 -0.074886254966259 -0.06235107406973839 -0.15351232886314392 -0.9861776232719421 -0.2471163272857666 -0.749110996723175 0.6601243019104004 -0.05539504066109657 -2.1889591217041016
0.6594205498695374 0.7353726029396057 -0.15617823600769043 -0.07490276545286179 -0.062312785536050797 -0.15356597304344177 -0.9861716628074646 -0.24717026948928833 -0.7491872906684875 0.6600338220596313 -0.055441442877054214 -2.1892361640930176
0.6594390273094177 0.7353565096855164 -0.15617617964744568 -0.07485800236463547 -0.06228421628475189 -0.15359023213386536 -0.986169695854187 -0.24713456630706787 -0.7491734623908997 0.6600461006164551 -0.05548228323459625 -2.189023017883301
0.6593418121337891 0.7354406118392944 -0.15619051456451416 -0.07487361133098602 -0.0622783862054348 -0.15360493957996368 -0.9861677885055542 -0.24719417095184326 -0.7492594718933105 0.6599489450454712 -0.055476102977991104 -2.1892688274383545
0.6594149470329285 0.735373854637146 -0.15619614720344543 -0.07484105974435806 -0.06224716082215309 -0.1536472588777542 -0.9861631393432617 -0.24715858697891235 -0.7491977214813232 0.6600134968757629 -0.05554236099123955 -2.1890482902526855
0.6594431400299072 0.735354483127594 -0.15616841614246368 -0.07501672208309174 -0.0621887668967247 -0.15366430580615997 -0.9861642122268677 -0.24717897176742554 -0.7491777539253235 0.6600311398506165 -0.05560208112001419 -2.1890861988067627
0.659294843673706 0.7354741096496582 -0.15623101592063904 -0.07500138878822327 -0.06233590096235275 -0.1536039263010025 -0.9861643314361572 -0.2472282350063324 -0.7492960691452026 0.6599118113517761 -0.05542382597923279 -2.189201593399048
0.6593735814094543 0.7354017496109009 -0.156239315867424 -0.07499164342880249 -0.06225870922207832 -0.1536908596754074 -0.98615562915802 -0.247231125831604 -0.7492331266403198 0.6599722504615784 -0.055554524064064026 -2.1890151500701904
0.6592800617218018 0.7354710102081299 -0.1563081592321396 -0.07501333951950073 -0.06232718378305435 -0.15371356904506683 -0.9861477613449097 -0.24728059768676758 -0.749309778213501 0.659889817237854 -0.05550044775009155 -2.1891775131225586
0.6593124270439148 0.7354474067687988 -0.15628239512443542 -0.07499653846025467 -0.06231717765331268 -0.15369105339050293 -0.986151933670044 -0.2471998631954193 -0.7492821216583252 0.6599212884902954 -0.05549940839409828 -2.189035415649414
0.659303605556488 0.7354416847229004 -0.15634670853614807 -0.0749911442399025 -0.06233590468764305 -0.1537599116563797 -0.9861400127410889 -0.2472095489501953 -0.7492883205413818 0.6599116921424866 -0.055530037730932236 -2.18911075592041
0.6593838930130005 0.7353928685188293 -0.1562376320362091 -0.07499684393405914 -0.06223149597644806 -0.15371359884738922 -0.9861538410186768 -0.2471308410167694 -0.7492263317108154 0.6599768400192261 -0.05559167265892029 -2.188964366912842
0.6592613458633423 0.7354927659034729 -0.15628473460674286 -0.0749412402510643 -0.06229357048869133 -0.15370991826057434 -0.9861505031585693 -0.24717283248901367 -0.7493290305137634 0.6598663926124573 -0.05551852658390999 -2.1890411376953125
0.6593419313430786 0.735422670841217 -0.15627433359622955 -0.07495418936014175 -0.062274008989334106 -0.15372119843959808 -0.9861499667167664 -0.24716565012931824 -0.7492597103118896 0.6599418520927429 -0.05555710941553116 -2.1888134479522705
0.6592176556587219 0.7355213761329651 -0.15633423626422882 -0.07498735934495926 -0.06234003230929375 -0.15373103320598602 -0.9861442446708679 -0.2472730278968811 -0.7493636012077332 0.6598295569419861 -0.05548977479338646 -2.1890573501586914
0.659209132194519 0.7355128526687622 -0.15641020238399506 -0.07507853209972382 -0.06236555799841881 -0.1538095623254776 -0.9861303567886353 -0.24731558561325073 -0.7493689656257629 0.6598207950592041 -0.055521994829177856 -2.189131736755371
0.6592361927032471 0.7354959845542908 -0.15637536346912384 -0.07500514388084412 -0.06232791021466255 -0.1537986844778061 -0.9861344695091248 -0.2472895383834839 -0.7493482828140259 0.6598420739173889 -0.05554772913455963 -2.1890742778778076
0.6592857241630554 0.7354512214660645 -0.15637695789337158 -0.07498244941234589 -0.0623503103852272 -0.15378603339195251 -0.9861350059509277 -0.24723225831985474 -0.7493028044700623 0.6598949432373047 -0.05553331971168518 -2.18892765045166
0.659218966960907 0.7355130314826965 -0.1563681662082672 -0.07499532401561737 -0.06232477352023125 -0.15379007160663605 -0.9861360192298889 -0.2472858726978302 -0.7493637204170227 0.6598251461982727 -0.055540647357702255 -2.1890876293182373
0.6593092083930969 0.7354461550712585 -0.15630194544792175 -0.07495710253715515 -0.06231296807527542 -0.1537206470966339 -0.9861475825309753 -0.2471933364868164 -0.7492852807044983 0.6599158644676208 -0.055521611124277115 -2.1889612674713135
0.6593441963195801 0.7353944182395935 -0.1563979983329773 -0.07510709762573242 -0.06238550320267677 -0.15378904342651367 -0.9861323237419128 -0.24721336364746094 -0.7492485046386719 0.6599575877189636 -0.05552195757627487 -2.1890084743499756
0.6593773365020752 0.7353605628013611 -0.15641723573207855 -0.07502257078886032 -0.06240953132510185 -0.1537969708442688 -0.9861295819282532 -0.24715915322303772 -0.7492173314094543 0.6599934101104736 -0.055516719818115234 -2.1889350414276123
0.6592721939086914 0.7354535460472107 -0.15642334520816803 -0.07499707490205765 -0.06238149106502533 -0.15381941199302673 -0.9861278533935547 -0.2471979558467865 -0.749312162399292 0.6598846316337585 -0.05553017184138298 -2.1890344619750977
0.6593676805496216 0.7353498339653015 -0.1565084308385849 -0.07496477663516998 -0.06240108981728554 -0.15392573177814484 -0.9861100316047668 -0.24718919396400452 -0.7492265105247498 0.6599753499031067 -0.055607009679079056 -2.1888208389282227
0.6593186259269714 0.7353959083557129 -0.15649865567684174 -0.07496985793113708 -0.06239031255245209 -0.15391725301742554 -0.9861119985580444 -0.24721798300743103 -0.7492705583572388 0.6599259972572327 -0.055598922073841095 -2.188997507095337
0.6593585014343262 0.7353606820106506 -0.1564961075782776 -0.07491638511419296 -0.06237127631902695 -0.1539345532655716 -0.986110508441925 -0.24713289737701416 -0.749237060546875 0.6599612236022949 -0.05563267320394516 -2.188951253890991
0.6593522429466248 0.735366702079773 -0.1564941257238388 -0.07500111311674118 -0.062383074313402176 -0.15392088890075684 -0.9861118793487549 -0.2472202479839325 -0.7492415904998779 0.6599577069282532 -0.05561364069581032 -2.1891143321990967
0.6593716740608215 0.7353543639183044 -0.15647023916244507 -0.07489302009344101 -0.062368981540203094 -0.15390320122241974 -0.986115574836731 -0.24716371297836304 -0.7492256760597229 0.6599755883216858 -0.0556160993874073 -2.189042568206787
0.6593613028526306 0.7353499531745911 -0.15653474628925323 -0.07499514520168304 -0.06240767240524292 -0.15395459532737732 -0.9861050844192505 -0.24719399213790894 -0.7492315769195557 0.6599684953689575 -0.055620227009058 -2.1890742778778076
0.6593043208122253 0.7354004979133606 -0.15653745830059052 -0.07498558610677719 -0.06240162253379822 -0.15395788848400116 -0.9861049652099609 -0.24722754955291748 -0.7492822408676147 0.6599114537239075 -0.055614907294511795 -2.189256191253662
0.6594384908676147 0.7352823615074158 -0.1565270572900772 -0.07499034702777863 -0.06233574450016022 -0.15401534736156464 -0.9861001372337341 -0.24721071124076843 -0.7491695880889893 0.6600296497344971 -0.055729273706674576 -2.1890435218811035
0.6593599915504456 0.7353407740592957 -0.15658344328403473 -0.07497481256723404 -0.062412843108177185 -0.1540151983499527 -0.9860953092575073 -0.24723440408706665 -0.749232292175293 0.6599646210670471 -0.05565675348043442 -2.189256191253662
0.6593815684318542 0.7353213429450989 -0.15658392012119293 -0.07492118328809738 -0.06233806908130646 -0.15408386290073395 -0.986089289188385 -0.24720615148544312 -0.749219536781311 0.659970223903656 -0.055761538445949554 -2.1890571117401123
0.6593406200408936 0.7353460788726807 -0.15664003789424896 -0.0748896673321724 -0.06245611980557442 -0.1540510654449463 -0.9860869646072388 -0.24724555015563965 -0.7492457628250122 0.659950315952301 -0.05564524978399277 -2.18920636177063
0.659447968006134 0.7352796792984009 -0.15649975836277008 -0.07494088262319565 -0.06240217387676239 -0.15392114222049713 -0.9861106872558594 -0.24712735414505005 -0.7491557598114014 0.6600545644760132 -0.05561993271112442 -2.1890389919281006
0.6593954563140869 0.7353203892707825 -0.15652987360954285 -0.07491587102413177 -0.06238708272576332 -0.15396958589553833 -0.9861040711402893 -0.2471407949924469 -0.7492032647132874 0.6599979400634766 -0.055652353912591934 -2.1891818046569824
0.6594547629356384 0.7352797985076904 -0.1564704328775406 -0.07490701973438263 -0.06232596933841705 -0.15394963324069977 -0.986111044883728 -0.24711355566978455 -0.74915611743927 0.6600477695465088 -0.055695790797472 -2.188938617706299
0.6594424843788147 0.735266387462616 -0.15658529102802277 -0.07496284693479538 -0.06232469901442528 -0.1541035771369934 -0.9860870838165283 -0.2472190260887146 -0.7491670250892639 0.6600268483161926 -0.055797189474105835 -2.188887119293213
0.6595187783241272 0.7352108359336853 -0.15652456879615784 -0.07487848401069641 -0.06232264265418053 -0.15403157472610474 -0.9860984683036804 -0.2471144199371338 -0.7491000294685364 0.6601054668426514 -0.055766429752111435 -2.1888082027435303
0.6594330668449402 0.735284149646759 -0.156541645526886 -0.07495449483394623 -0.062274955213069916 -0.15408791601657867 -0.9860926270484924 -0.24725037813186646 -0.749179482460022 0.6600106954574585 -0.055820874869823456 -2.1888301372528076
0.659447431564331 0.7352721691131592 -0.1565372198820114 -0.07483310997486115 -0.06228930130600929 -0.15407077968120575 -0.9860944151878357 -0.24720525741577148 -0.7491655945777893 0.6600280404090881 -0.055801983922719955 -2.188736915588379
0.6594399809837341 0.7352794408798218 -0.15653464198112488 -0.07492964714765549 -0.06235016882419586 -0.15401293337345123 -0.9860996007919312 -0.2472236156463623 -0.7491671442985535 0.6600334644317627 -0.05571748688817024 -2.1889469623565674
0.6593395471572876 0.7353576421737671 -0.15659011900424957 -0.07491528242826462 -0.06246110796928406 -0.1539796143770218 -0.9860978126525879 -0.24723327159881592 -0.7492462992668152 0.6599540710449219 -0.055593591183423996 -2.189091920852661
0.6595007181167603 0.7352147102355957 -0.1565825492143631 -0.07497235387563705 -0.06242654100060463 -0.15401597321033478 -0.9860942959785461 -0.24717095494270325 -0.749107301235199 0.6601048111915588 -0.05567672848701477 -2.188896656036377
0.6594319343566895 0.7352720499038696 -0.15660305321216583 -0.07494513690471649 -0.06246459484100342 -0.1540030837059021 -0.9860939383506775 -0.24716681241989136 -0.7491646409034729 0.6600439548492432 -0.05562607944011688 -2.189046621322632
0.659454882144928 0.7352522611618042 -0.15659938752651215 -0.07489188015460968 -0.062396056950092316 -0.15406082570552826 -0.9860892295837402 -0.24714866280555725 -0.7491501569747925 0.6600525379180908 -0.05571932718157768 -2.1888539791107178
0.6593857407569885 0.73534095287323 -0.15647412836551666 -0.07490402460098267 -0.062340542674064636 -0.15393486618995667 -0.9861124157905579 -0.24716246128082275 -0.7492156624794006 0.6599830985069275 -0.055660899728536606 -2.1890921592712402
0.6593042016029358 0.7354077696800232 -0.15650337934494019 -0.07501480728387833 -0.06240679323673248 -0.1539076268672943 -0.9861124753952026 -0.24726763367652893 -0.7492818832397461 0.6599149703979492 -0.05557750165462494 -2.189162492752075
0.6593142151832581 0.735397219657898 -0.15651096403598785 -0.07490311563014984 -0.062422335147857666 -0.15390509366989136 -0.9861118793487549 -0.24721750617027283 -0.7492717504501343 0.6599273681640625 -0.05556660518050194 -2.1890974044799805
0.6593008637428284 0.7354259490966797 -0.15643218159675598 -0.07497602701187134 -0.06243789196014404 -0.15378443896770477 -0.9861297011375427 -0.24724730849266052 -0.7492822408676147 0.6599234938621521 -0.055471763014793396 -2.189201831817627
0.6593407392501831 0.7353847026824951 -0.15645813941955566 -0.0749208927154541 -0.0623917393386364 -0.15386386215686798 -0.9861202836036682 -0.24727126955986023 -0.7492510080337524 0.6599509716033936 -0.05556677281856537 -2.188988447189331
0.6592767834663391 0.7354643940925598 -0.1563529521226883 -0.07493508607149124 -0.06237034872174263 -0.15373529493808746 -0.9861416816711426 -0.2472074329853058 -0.7493090033531189 0.6598921418190002 -0.05548294261097908 -2.1890926361083984
0.6593078970909119 0.7354664206504822 -0.15621210634708405 -0.07488078624010086 -0.06222759187221527 -0.15367524325847626 -0.9861600399017334 -0.24715211987495422 -0.7492935061454773 0.6599038243293762 -0.055553000420331955 -2.188826084136963
0.6593321561813354 0.7354618906974792 -0.15613116323947906 -0.07499444484710693 -0.06218956410884857 -0.15360261499881744 -0.9861737489700317 -0.24720892310142517 -0.7492753267288208 0.6599258184432983 -0.055537089705467224 -2.188856601715088
0.6592346429824829 0.7355524897575378 -0.15611597895622253 -0.07498116791248322 -0.06223909929394722 -0.15352895855903625 -0.9861820936203003 -0.24726778268814087 -0.7493570446968079 0.6598419547080994 -0.055431488901376724 -2.1890692710876465
0.6593247652053833 0.7354984283447266 -0.15599004924297333 -0.0749671533703804 -0.0621124804019928 -0.15348055958747864 -0.9861975908279419 -0.2471904158592224 -0.7492882609367371 0.6599134802818298 -0.05550990626215935 -2.1888904571533203
0.6594090461730957 0.7354279160499573 -0.15596628189086914 -0.07502439618110657 -0.062124479562044144 -0.1534465104341507 -0.9862021803855896 -0.2471928596496582 -0.7492130398750305 0.6599999666213989 -0.055495940148830414 -2.1889843940734863
0.659328281879425 0.7355080246925354 -0.15592996776103973 -0.07496590912342072 -0.062003955245018005 -0.1534959226846695 -0.9862020611763 -0.2471127212047577 -0.7492941617965698 0.6598991751670837 -0.055599797517061234 -2.1888813972473145
0.6593655347824097 0.7354742288589478 -0.15593169629573822 -0.07501035183668137 -0.06211350858211517 -0.15340547263622284 -0.9862092137336731 -0.24719855189323425 -0.7492522597312927 0.6599578261375427 -0.055467389523983 -2.189051866531372
0.6593645811080933 0.7354773879051208 -0.15592102706432343 -0.07491294294595718 -0.06208346039056778 -0.15341752767562866 -0.9862092733383179 -0.24714502692222595 -0.7492556571960449 0.6599515676498413 -0.055497102439403534 -2.1889760494232178
0.6593738198280334 0.7354534864425659 -0.15599463880062103 -0.07505414634943008 -0.062124915421009064 -0.1534806340932846 -0.9861968159675598 -0.2472587525844574 -0.7492440342903137 0.6599635481834412 -0.055511124432086945 -2.1889798641204834
0.6593011617660522 0.735522449016571 -0.15597660839557648 -0.0750841349363327 -0.06208483502268791 -0.1534845381975174 -0.9861987233161926 -0.24728631973266602 -0.7493113279342651 0.6598857641220093 -0.055527735501527786 -2.189107656478882
0.6594176888465881 0.7354100942611694 -0.15601368248462677 -0.07511468976736069 -0.06208588555455208 -0.15354490280151367 -0.9861892461776733 -0.24727508425712585 -0.7492086887359619 0.6599969267845154 -0.0555916391313076 -2.188941717147827
0.6592990756034851 0.7355160117149353 -0.15601591765880585 -0.07511156052350998 -0.06214245408773422 -0.15348629653453827 -0.9861948490142822 -0.24732297658920288 -0.7493084073066711 0.6598925590515137 -0.05548660084605217 -2.189053773880005
0.6593647003173828 0.7354755997657776 -0.15592889487743378 -0.07507753372192383 -0.06203135848045349 -0.15347397327423096 -0.9862037301063538 -0.2472924292087555 -0.7492598295211792 0.6599404215812683 -0.05557277053594589 -2.18898606300354
0.6592636108398438 0.7355563044548035 -0.15597568452358246 -0.07507771253585815 -0.062074583023786545 -0.15348860621452332 -0.9861987233161926 -0.24736252427101135 -0.7493451833724976 0.65984708070755 -0.05553010106086731 -2.189124345779419
0.6593639254570007 0.7354575395584106 -0.15601716935634613 -0.07505661994218826 -0.06204845756292343 -0.15357720851898193 -0.9861866235733032 -0.24729129672050476 -0.7492590546607971 0.6599364876747131 -0.05562925711274147 -2.1890828609466553
0.6592692136764526 0.7355328798294067 -0.15606237947940826 -0.07508144527673721 -0.06206894665956497 -0.15361034870147705 -0.9861801266670227 -0.2473296821117401 -0.7493407726287842 0.6598448157310486 -0.055616818368434906 -2.189241647720337
0.6593499183654785 0.7354668974876404 -0.15603236854076385 -0.07505165785551071 -0.06206894665956497 -0.15357816219329834 -0.9861851930618286 -0.2472670078277588 -0.7492697238922119 0.6599258780479431 -0.05561209097504616 -2.1891353130340576
0.6593652367591858 0.7354466915130615 -0.1560630053281784 -0.07511306554079056 -0.0620737187564373 -0.1536165475845337 -0.9861788749694824 -0.24723628163337708 -0.7492558360099792 0.6599394679069519 -0.05563750118017197 -2.1891865730285645
0.659389853477478 0.7354246973991394 -0.15606261789798737 -0.07503480464220047 -0.06207682564854622 -0.15361574292182922 -0.9861788153648376 -0.24717873334884644 -0.7492339015007019 0.6599642038345337 -0.055639833211898804 -2.18912672996521
0.6594383716583252 0.7353476285934448 -0.15622062981128693 -0.07511574029922485 -0.0621173121035099 -0.15379680693149567 -0.9861480593681335 -0.24721577763557434 -0.7491878867149353 0.6600078344345093 -0.05574169009923935 -2.189143657684326
0.6594655513763428 0.7353253364562988 -0.1562107801437378 -0.07503340393304825 -0.062116388231515884 -0.15378713607788086 -0.9861496090888977 -0.247163325548172 -0.7491640448570251 0.6600349545478821 -0.055741555988788605 -2.1890792846679688
0.6594231724739075 0.7353578805923462 -0.15623676776885986 -0.07506851106882095 -0.0621241070330143 -0.15381096303462982 -0.9861454367637634 -0.247243732213974 -0.749200701713562 0.6599931716918945 -0.05574304983019829 -2.1890978813171387
0.6594532132148743 0.7353320717811584 -0.1562313288450241 -0.07498151808977127 -0.062131449580192566 -0.15380020439624786 -0.9861466288566589 -0.24719810485839844 -0.749173641204834 0.6600244045257568 -0.055736783891916275 -2.1890296936035156
0.659370481967926 0.7353975772857666 -0.1562720090150833 -0.0749661922454834 -0.06217256933450699 -0.1538102626800537 -0.9861424565315247 -0.2472161054611206 -0.7492430806159973 0.6599490642547607 -0.055696383118629456 -2.189167022705078
0.6593520641326904 0.7354153394699097 -0.15626642107963562 -0.07507111877202988 -0.062186650931835175 -0.15378853678703308 -0.9861449599266052 -0.24727347493171692 -0.7492581009864807 0.659934401512146 -0.05566776916384697 -2.1893529891967773
0.6593982577323914 0.7353954315185547 -0.1561649590730667 -0.07503657788038254 -0.06211990863084793 -0.15371586382389069 -0.9861605167388916 -0.24721524119377136 -0.749222993850708 0.6599734425544739 -0.055677272379398346 -2.1892998218536377
0.6593826413154602 0.7353959679603577 -0.15622825920581818 -0.07501081377267838 -0.062177013605833054 -0.15374889969825745 -0.9861517548561096 -0.24723747372627258 -0.7492319345474243 0.6599651575088501 -0.05565463379025459 -2.189427614212036
0.6595039963722229 0.7352810502052307 -0.1562570333480835 -0.0750783383846283 -0.06214531138539314 -0.1538275182247162 -0.9861415028572083 -0.24723148345947266 -0.7491277456283569 0.6600748896598816 -0.05575559288263321 -2.1892037391662598
0.6594996452331543 0.7352843880653381 -0.15625964105129242 -0.07499204576015472 -0.06214047968387604 -0.15383483469486237 -0.9861406683921814 -0.24717798829078674 -0.7491320371627808 0.660069465637207 -0.055763088166713715 -2.1891350746154785
0.6595107316970825 0.7352654337882996 -0.15630201995372772 -0.07512209564447403 -0.062144264578819275 -0.15388944745063782 -0.9861319065093994 -0.2472839057445526 -0.749121904373169 0.6600778698921204 -0.0557992085814476 -2.1891403198242188
0.6594289541244507 0.7353280186653137 -0.15635277330875397 -0.0751238763332367 -0.062233537435531616 -0.15387068688869476 -0.9861291646957397 -0.24731183052062988 -0.7491865158081055 0.6600124835968018 -0.05570472031831741 -2.1892058849334717
0.659431517124176 0.7353248000144958 -0.15635694563388824 -0.07506882399320602 -0.06219901517033577 -0.1539069563150406 -0.9861257076263428 -0.24730050563812256 -0.7491871118545532 0.6600075960159302 -0.055754609405994415 -2.189096212387085
0.6593216061592102 0.7354099154472351 -0.1564202606678009 -0.07509957998991013 -0.0622318871319294 -0.15395194292068481 -0.9861165881156921 -0.2472972869873047 -0.749281108379364 0.6599023342132568 -0.05573788657784462 -2.189202070236206
0.6594048142433167 0.7353464961051941 -0.15636740624904633 -0.07509613782167435 -0.062198664993047714 -0.15391863882541656 -0.9861239194869995 -0.24722552299499512 -0.7492106556892395 0.6599807143211365 -0.05575712025165558 -2.189173460006714
0.659376323223114 0.7353537082672119 -0.15645389258861542 -0.07510162144899368 -0.0622650682926178 -0.1539732664823532 -0.9861111640930176 -0.2472301423549652 -0.7492302656173706 0.6599599719047546 -0.055739469826221466 -2.1892499923706055
0.6594603657722473 0.7352814078330994 -0.1564393788576126 -0.07511458545923233 -0.0622514933347702 -0.15397416055202484 -0.9861118793487549 -0.24714472889900208 -0.7491573691368103 0.6600402593612671 -0.0557674840092659 -2.1891660690307617
0.6594043970108032 0.7353100776672363 -0.15654052793979645 -0.07510630786418915 -0.06235437095165253 -0.15401358902454376 -0.9860992431640625 -0.24720114469528198 -0.7491980791091919 0.6599991917610168 -0.05570743605494499 -2.189270257949829
0.6594533920288086 0.7352749109268188 -0.15649937093257904 -0.07509810477495193 -0.062245626002550125 -0.15405908226966858 -0.9860990047454834 -0.24721646308898926 -0.7491639852523804 0.6600277423858643 -0.05582712963223457 -2.1890995502471924
0.6593282222747803 0.7353729605674744 -0.15656602382659912 -0.0751037523150444 -0.062305327504873276 -0.15408337116241455 -0.9860914349555969 -0.2472688853740692 -0.7492691874504089 0.6599128246307373 -0.05577385425567627 -2.189213752746582
0.6594007611274719 0.7353081107139587 -0.15656480193138123 -0.07509278506040573 -0.0622696615755558 -0.15412040054798126 -0.9860879182815552 -0.24723243713378906 -0.7492083311080933 0.6599763631820679 -0.055839717388153076 -2.189152717590332
0.6593874096870422 0.7353095412254333 -0.15661464631557465 -0.0750856027007103 -0.06228857487440109 -0.1541692614555359 -0.9860790967941284 -0.2472659945487976 -0.7492185235023499 0.6599634289741516 -0.055855877697467804 -2.189218521118164
0.6594241857528687 0.7352779507637024 -0.1566079705953598 -0.07507987320423126 -0.062218714505434036 -0.15422552824020386 -0.986074686050415 -0.24725571274757385 -0.74919193983078 0.6599854826927185 -0.05595199763774872 -2.189077615737915
0.659367024898529 0.7353203296661377 -0.1566496044397354 -0.07506143301725388 -0.06228776276111603 -0.15421481430530548 -0.9860720038414001 -0.24729815125465393 -0.749236524105072 0.6599407196044922 -0.05588270351290703 -2.1891531944274902
0.6592987775802612 0.7353728413581848 -0.1566905528306961 -0.07511827349662781 -0.062241602689027786 -0.15430355072021484 -0.9860610365867615 -0.24731090664863586 -0.7493004202842712 0.6598615050315857 -0.055961351841688156 -2.189297676086426
0.6593436598777771 0.7353305816650391 -0.15669995546340942 -0.07502500712871552 -0.062231142073869705 -0.15432985126972198 -0.9860575795173645 -0.24722930788993835 -0.749261736869812 0.6599024534225464 -0.05599595233798027 -2.1892189979553223
0.6593087911605835 0.7353430986404419 -0.15678788721561432 -0.07507174462080002 -0.062295012176036835 -0.15438802540302277 -0.9860444664955139 -0.24726727604866028 -0.7492871880531311 0.6598748564720154 -0.055981166660785675 -2.189274549484253
0.6592623591423035 0.735372006893158 -0.15684762597084045 -0.07507092505693436 -0.06231086701154709 -0.15444950759410858 -0.9860337972640991 -0.24725502729415894 -0.7493267059326172 0.6598283052444458 -0.05600108206272125 -2.189157724380493
0.6592068672180176 0.7354112267494202 -0.15689688920974731 -0.07513290643692017 -0.062373604625463486 -0.15445476770401 -0.9860290288925171 -0.24730107188224792 -0.749370276927948 0.6597833037376404 -0.05594739690423012 -2.1893656253814697
0.6592273712158203 0.7353885769844055 -0.15691687166690826 -0.07511908560991287 -0.06239839643239975 -0.1544617861509323 -0.9860263466835022 -0.24729323387145996 -0.7493501901626587 0.6598069071769714 -0.055938370525836945 -2.1893584728240967
0.6593081951141357 0.7353412508964539 -0.15679898858070374 -0.07512906193733215 -0.06230900064110756 -0.15439054369926453 -0.9860431551933289 -0.24725157022476196 -0.7492864727973938 0.6598763465881348 -0.055972568690776825 -2.18928861618042
0.6593042612075806 0.7353289723396301 -0.1568731665611267 -0.07512529194355011 -0.062350571155548096 -0.15445300936698914 -0.9860307574272156 -0.24725106358528137 -0.7492865324020386 0.6598753929138184 -0.05598334223031998 -2.189371347427368
0.6594178676605225 0.7352415323257446 -0.15680551528930664 -0.07515481114387512 -0.062307149171829224 -0.1544119119644165 -0.986039936542511 -0.2472510039806366 -0.7491901516914368 0.659982442855835 -0.05601116642355919 -2.1892199516296387
0.6593952178955078 0.7352539300918579 -0.1568426489830017 -0.07515046745538712 -0.06236574798822403 -0.1544078141450882 -0.9860368967056274 -0.24726146459579468 -0.7492052316665649 0.6599695682525635 -0.05596110597252846 -2.1893253326416016
0.6594930291175842 0.7351720929145813 -0.15681494772434235 -0.07515968382358551 -0.06227443367242813 -0.15446092188358307 -0.9860343337059021 -0.24724704027175903 -0.7491267323493958 0.6600483059883118 -0.056083470582962036 -2.189188241958618
0.659455418586731 0.7351832389831543 -0.1569209098815918 -0.07514006644487381 -0.06242392584681511 -0.15446755290031433 -0.9860238432884216 -0.24725842475891113 -0.7491474151611328 0.6600343585014343 -0.05597143620252609 -2.1892693042755127
0.6594883799552917 0.735159695148468 -0.1568925380706787 -0.07510732859373093 -0.06238885968923569 -0.15446369349956512 -0.9860266447067261 -0.2472209334373474 -0.7491212487220764 0.6600614786148071 -0.05600123852491379 -2.1892178058624268
0.6594220399856567 0.7352182865142822 -0.15689688920974731 -0.0750836580991745 -0.06238839402794838 -0.1544632911682129 -0.9860267639160156 -0.24727106094360352 -0.7491797208786011 0.6599963307380676 -0.0559874065220356 -2.1893362998962402
0.6594852805137634 0.7351672649383545 -0.15686999261379242 -0.07505007833242416 -0.06233706325292587 -0.1544787883758545 -0.9860275983810425 -0.24724629521369934 -0.7491283416748047 0.6600494980812073 -0.05604832246899605 -2.189180850982666
0.6594064831733704 0.7352262735366821 -0.15692473948001862 -0.07504825294017792 -0.06239968538284302 -0.1544891595840454 -0.9860219955444336 -0.24727597832679749 -0.749192476272583 0.659981369972229 -0.05599325895309448 -2.1892781257629395
0.6595006585121155 0.7351473569869995 -0.15689876675605774 -0.07506183534860611 -0.06232110410928726 -0.1545329988002777 -0.9860200881958008 -0.24726757407188416 -0.7491161227226257 0.6600589752197266 -0.05609941855072975 -2.189073085784912
0.6594281196594238 0.7351946234703064 -0.1569824069738388 -0.07505511492490768 -0.062419239431619644 -0.1545514315366745 -0.9860109686851501 -0.24732691049575806 -0.749171793460846 0.6600020527839661 -0.05602526664733887 -2.1892189979553223
0.659486711025238 0.7351491451263428 -0.15694908797740936 -0.07503866404294968 -0.062405481934547424 -0.15452474355697632 -0.986016035079956 -0.24723070859909058 -0.749121367931366 0.6600589752197266 -0.05602966994047165 -2.1891510486602783
0.659446120262146 0.7351776957511902 -0.15698584914207458 -0.07508618384599686 -0.06240590289235115 -0.1545695960521698 -0.9860090017318726 -0.24726271629333496 -0.7491570711135864 0.660016655921936 -0.05605088919401169 -2.1891660690307617
0.6594749093055725 0.735150158405304 -0.1569938063621521 -0.07501178979873657 -0.06241438537836075 -0.15457569062709808 -0.9860075116157532 -0.2472221553325653 -0.7491310238838196 0.660045862197876 -0.056054841727018356 -2.189113140106201
0.6593915224075317 0.7352152466773987 -0.15703946352005005 -0.07505825161933899 -0.06235712021589279 -0.15467900037765503 -0.9859949350357056 -0.24728983640670776 -0.7492091655731201 0.6599492430686951 -0.056148115545511246 -2.1891143321990967
0.6593294739723206 0.7352692484855652 -0.1570468246936798 -0.07504817843437195 -0.06249304488301277 -0.15456292033195496 -0.9860045313835144 -0.24732020497322083 -0.749252438545227 0.6599161624908447 -0.05595867335796356 -2.1892857551574707
0.6593970060348511 0.7352296710014343 -0.15694893896579742 -0.07507076114416122 -0.06238840892910957 -0.1545305848121643 -0.9860162138938904 -0.24727073311805725 -0.749201774597168 0.6599678993225098 -0.056027188897132874 -2.1892006397247314
0.6593917012214661 0.7352305054664612 -0.15696711838245392 -0.07511238008737564 -0.062411826103925705 -0.15453380346298218 -0.9860142469406128 -0.2472761571407318 -0.7492044568061829 0.659966230392456 -0.05601123347878456 -2.1893391609191895
0.6594692468643188 0.7351704239845276 -0.15692277252674103 -0.07509725540876389 -0.062309589236974716 -0.15457217395305634 -0.9860146641731262 -0.24724987149238586 -0.7491447329521179 0.6600241661071777 -0.05612742900848389 -2.1891775131225586
0.6594427824020386 0.7352026700973511 -0.1568828970193863 -0.0750848725438118 -0.06226491183042526 -0.15455539524555206 -0.9860201478004456 -0.24722972512245178 -0.7491717338562012 0.6599921584129333 -0.056143101304769516 -2.1892971992492676
0.659433126449585 0.7352129817008972 -0.15687516331672668 -0.07500357180833817 -0.06225450336933136 -0.15455321967601776 -0.986021101474762 -0.24716731905937195 -0.7491810917854309 0.6599811315536499 -0.05614718794822693 -2.1892449855804443
0.6594144105911255 0.7352314591407776 -0.15686734020709991 -0.07504388689994812 -0.062336113303899765 -0.15446895360946655 -0.9860291481018066 -0.24717456102371216 -0.7491908073425293 0.6599803566932678 -0.05602758750319481 -2.1892735958099365
0.659509539604187 0.7351629734039307 -0.15678824484348297 -0.0750856027007103 -0.06222124025225639 -0.15447364747524261 -0.9860357046127319 -0.2471162974834442 -0.7491165995597839 0.6600555181503296 -0.05613408610224724 -2.1891636848449707
0.6594203114509583 0.7352375984191895 -0.15681378543376923 -0.07508823275566101 -0.06226007267832756 -0.1544647067785263 -0.986034631729126 -0.24717280268669128 -0.74919193983078 0.6599744558334351 -0.05608121678233147 -2.1893310546875
0.6594012975692749 0.7352291345596313 -0.15693329274654388 -0.07516209781169891 -0.062312278896570206 -0.1545770913362503 -0.9860137104988098 -0.24729064106941223 -0.7492043375968933 0.6599575877189636 -0.056114520877599716 -2.189305543899536
0.6594215631484985 0.7352128028869629 -0.15692460536956787 -0.07509578764438629 -0.062318965792655945 -0.1545615941286087 -0.9860157370567322 -0.2472483515739441 -0.7491859197616577 0.6599794030189514 -0.05610353872179985 -2.189253568649292
0.659395158290863 0.7352412939071655 -0.15690213441848755 -0.07515937089920044 -0.062228068709373474 -0.1546088606119156 -0.9860140681266785 -0.24730399250984192 -0.7492167353630066 0.6599366068840027 -0.056195683777332306 -2.189357042312622
0.6594710946083069 0.735197901725769 -0.1567859798669815 -0.07519405335187912 -0.062131643295288086 -0.15454567968845367 -0.9860300421714783 -0.24725639820098877 -0.7491578459739685 0.6599997282028198 -0.05623934790492058 -2.1892690658569336
0.6594595909118652 0.7352044582366943 -0.15680384635925293 -0.07519979774951935 -0.062195781618356705 -0.154511958360672 -0.9860312938690186 -0.24728405475616455 -0.7491626739501953 0.6600003242492676 -0.05616777390241623 -2.1893839836120605
0.6594861149787903 0.7351791858673096 -0.15681086480617523 -0.0751291960477829 -0.06218346953392029 -0.15453489124774933 -0.9860284924507141 -0.24727895855903625 -0.7491403818130493 0.6600230932235718 -0.05619761720299721 -2.1893320083618164
0.6594347953796387 0.7352204918861389 -0.15683302283287048 -0.0750872939825058 -0.06223095580935478 -0.15451762080192566 -0.9860281944274902 -0.24737033247947693 -0.7491816282272339 0.6599811315536499 -0.05614081025123596 -2.1894659996032715
0.6594923734664917 0.7351778745651245 -0.1567908227443695 -0.07507259398698807 -0.06217264011502266 -0.15451818704605103 -0.9860317707061768 -0.24733516573905945 -0.7491357922554016 0.6600285172462463 -0.05619560927152634 -2.18939208984375
0.6593889594078064 0.7352712750434875 -0.15678764879703522 -0.07507047057151794 -0.06211094558238983 -0.15455786883831024 -0.9860294461250305 -0.24738222360610962 -0.7492319345474243 0.6599151492118835 -0.0562453456223011 -2.1894800662994385
0.6593050956726074 0.7353352904319763 -0.1568400263786316 -0.07510580867528915 -0.062098428606987 -0.15463069081306458 -0.9860188364982605 -0.24739938974380493 -0.7493067383766174 0.6598267555236816 -0.05628563463687897 -2.1895692348480225
0.6593166589736938 0.7353063225746155 -0.15692706406116486 -0.07506317645311356 -0.06214144825935364 -0.15471068024635315 -0.986003577709198 -0.24740904569625854 -0.7492929697036743 0.6598402261734009 -0.05631032586097717 -2.18949818611145
0.6593711972236633 0.7352730631828308 -0.15685391426086426 -0.07514560967683792 -0.06215720996260643 -0.1546042114496231 -0.9860192537307739 -0.24733847379684448 -0.7492436766624451 0.6599023342132568 -0.05623903498053551 -2.189697504043579
