# 3x4 first row second row third row Freq: 100 current Time: 2021-07-28-17:24:06
-0.5155104994773865 0.26628392934799194 -0.8144579529762268 0.23528635501861572 0.6752408742904663 -0.4589282274246216 -0.5774379968643188 -0.6105409264564514 -0.5275402069091797 -0.8476306796073914 0.05677654966711998 -2.0128896236419678
-0.5155591368675232 0.266336053609848 -0.8144101500511169 0.23526905477046967 0.6751928925514221 -0.45891299843788147 -0.5775061845779419 -0.6104239821434021 -0.5275541543960571 -0.8476225137710571 0.05676857382059097 -2.0128490924835205
-0.5155189633369446 0.26633307337760925 -0.8144365549087524 0.23529522120952606 0.6752344369888306 -0.45889410376548767 -0.5774726271629333 -0.6104981899261475 -0.5275402069091797 -0.8476337194442749 0.05673132836818695 -2.0128791332244873
-0.5155515074729919 0.2663160562515259 -0.8144214749336243 0.2352762520313263 0.6752133965492249 -0.45890286564826965 -0.5774902701377869 -0.6103962659835815 -0.5275353193283081 -0.8476343154907227 0.056767914444208145 -2.012834072113037
-0.5154849886894226 0.2664095163345337 -0.8144330382347107 0.2352587729692459 0.6752004027366638 -0.4589333236217499 -0.5774812698364258 -0.6104176640510559 -0.5276169776916504 -0.8475884199142456 0.0566934235394001 -2.0127294063568115
-0.5155169367790222 0.26641005277633667 -0.8144126534461975 0.235290065407753 0.6751867532730103 -0.45891842246055603 -0.5775090456008911 -0.6104074716567993 -0.5276032090187073 -0.8475963473320007 0.056703682988882065 -2.012857675552368
-0.5155551433563232 0.2664095461368561 -0.814388632774353 0.23524262011051178 0.6751783490180969 -0.4588887095451355 -0.5775424838066101 -0.6104352474212646 -0.5275765657424927 -0.8476126194000244 0.056708477437496185 -2.0127267837524414
-0.5155609846115112 0.26639524102211 -0.8143896460533142 0.235263392329216 0.6751978397369385 -0.45886093378067017 -0.5775417685508728 -0.6104263067245483 -0.5275459885597229 -0.847632110118866 0.056701306253671646 -2.0128509998321533
-0.5155302882194519 0.26643648743629456 -0.814395546913147 0.23526892066001892 0.6751700043678284 -0.45891138911247253 -0.5775341987609863 -0.6104460954666138 -0.5276116132736206 -0.8475918173789978 0.056692786514759064 -2.012815237045288
-0.5154587030410767 0.26642706990242004 -0.8144439458847046 0.23529742658138275 0.6752268075942993 -0.458908349275589 -0.5774702429771423 -0.6104599833488464 -0.5276088118553162 -0.8475964665412903 0.056649599224328995 -2.012904405593872
-0.5155009627342224 0.2663799524307251 -0.8144326210021973 0.23527300357818604 0.6751699447631836 -0.45898500084877014 -0.5774758458137512 -0.6103784441947937 -0.5276403427124023 -0.8475697636604309 0.05675549432635307 -2.012892961502075
-0.5155767798423767 0.26638472080230713 -0.8143830299377441 0.2352840155363083 0.6751536726951599 -0.4589214026927948 -0.5775454044342041 -0.6104470491409302 -0.5275870561599731 -0.8476027250289917 0.056758612394332886 -2.0129082202911377
-0.5155993700027466 0.2664092183113098 -0.8143607378005981 0.23527087271213531 0.6751546263694763 -0.45887669920921326 -0.5775797963142395 -0.6103613972663879 -0.527563750743866 -0.8476191759109497 0.056729111820459366 -2.0129177570343018
-0.515537679195404 0.2664516866207123 -0.8143858909606934 0.23526233434677124 0.6751297116279602 -0.45895692706108093 -0.577545166015625 -0.6104432344436646 -0.5276558995246887 -0.8475624322891235 0.056720148772001266 -2.012956380844116
-0.5155183672904968 0.26653411984443665 -0.8143711686134338 0.23527687788009644 0.6750838160514832 -0.4589941203594208 -0.5775692462921143 -0.6103876829147339 -0.5277335047721863 -0.8475163578987122 0.056687042117118835 -2.013019323348999
-0.5155026912689209 0.26654112339019775 -0.8143787980079651 0.23523566126823425 0.6751294136047363 -0.45893383026123047 -0.5775638818740845 -0.6104009747505188 -0.5276904702186584 -0.8475468158721924 0.05663187801837921 -2.012827157974243
-0.5154927372932434 0.26652848720550537 -0.8143892288208008 0.23525290191173553 0.6751289367675781 -0.4589548707008362 -0.5775476694107056 -0.6103917360305786 -0.5277007818222046 -0.8475393652915955 0.05664680153131485 -2.012951374053955
-0.5154970288276672 0.2664710283279419 -0.8144053220748901 0.2352360337972641 0.6751989722251892 -0.45887821912765503 -0.5775266885757446 -0.6104079484939575 -0.5276069641113281 -0.8475989699363708 0.056629400700330734 -2.012828826904297
-0.5154229402542114 0.26644858717918396 -0.814459502696991 0.23524557054042816 0.6752273440361023 -0.4589329957962036 -0.5774500966072083 -0.6104722619056702 -0.527643084526062 -0.8475763201713562 0.056631237268447876 -2.012885570526123
-0.5154300928115845 0.26650887727737427 -0.8144353032112122 0.23523670434951782 0.6751978397369385 -0.4589294195175171 -0.5774873495101929 -0.6104341745376587 -0.5276738405227661 -0.8475593328475952 0.05659981444478035 -2.0129430294036865
-0.5154263377189636 0.26648959517478943 -0.8144440054893494 0.2352549284696579 0.6752047538757324 -0.4589363634586334 -0.5774738192558289 -0.6105202436447144 -0.5276687145233154 -0.8475616574287415 0.05661284178495407 -2.0129449367523193
-0.515505850315094 0.2664582133293152 -0.8144038915634155 0.23524291813373566 0.6752047538757324 -0.45886796712875366 -0.5775281190872192 -0.610400915145874 -0.5275909900665283 -0.8476085066795349 0.056635256856679916 -2.0128517150878906
-0.5154579281806946 0.2664514482021332 -0.8144364953041077 0.2352922111749649 0.6752127408981323 -0.458914577960968 -0.577481746673584 -0.6104502081871033 -0.5276276469230652 -0.8475854396820068 0.05663974583148956 -2.012896776199341
-0.515448272228241 0.26640984416007996 -0.8144561648368835 0.2352716624736786 0.6752048134803772 -0.45896774530410767 -0.5774487257003784 -0.6103807687759399 -0.5276471376419067 -0.8475697040557861 0.05669292062520981 -2.012864112854004
-0.5154505372047424 0.26643839478492737 -0.8144453763961792 0.23528164625167847 0.6752038598060608 -0.4589464068412781 -0.5774667859077454 -0.6104309558868408 -0.5276461243629456 -0.8475722670555115 0.05666394531726837 -2.0128941535949707
-0.5154708623886108 0.26645225286483765 -0.8144279718399048 0.23524749279022217 0.675193190574646 -0.4589306712150574 -0.577491819858551 -0.6103546619415283 -0.5276399850845337 -0.8475764393806458 0.05665864795446396 -2.012864828109741
-0.5154188275337219 0.2664636969566345 -0.8144572377204895 0.2352719008922577 0.6752103567123413 -0.45895421504974365 -0.5774530172348022 -0.6104231476783752 -0.527668833732605 -0.8475601077079773 0.0566345751285553 -2.012885570526123
-0.5154255032539368 0.2664066255092621 -0.8144716620445251 0.23529152572155 0.6751818060874939 -0.45903289318084717 -0.5774238705635071 -0.6103887557983398 -0.527698814868927 -0.8475354313850403 0.056724339723587036 -2.0129573345184326
-0.5153635740280151 0.26639872789382935 -0.8145133852958679 0.23532365262508392 0.6752082109451294 -0.45906662940979004 -0.5773661732673645 -0.6104782223701477 -0.5277255773544312 -0.8475196361541748 0.056711629033088684 -2.012955665588379
-0.5153937339782715 0.266285240650177 -0.8145314455032349 0.23534487187862396 0.6752215027809143 -0.4590913951396942 -0.5773309469223022 -0.6104395389556885 -0.5276790857315063 -0.847541868686676 0.05681128427386284 -2.0130300521850586
-0.5154569745063782 0.2663376033306122 -0.81447434425354 0.2352861613035202 0.6751570105552673 -0.4590859115123749 -0.5774107575416565 -0.6104007363319397 -0.527699887752533 -0.8475283980369568 0.05681932717561722 -2.012932538986206
-0.5154561996459961 0.2664341628551483 -0.8144432306289673 0.2352602630853653 0.675103485584259 -0.4591042101383209 -0.5774587392807007 -0.6104608774185181 -0.5277690291404724 -0.8474881649017334 0.056777480989694595 -2.0129668712615967
-0.5155019760131836 0.26643577218055725 -0.8144136667251587 0.23524141311645508 0.6750810742378235 -0.45908695459365845 -0.5774986743927002 -0.6103898882865906 -0.5277529954910278 -0.8474969863891602 0.056794505566358566 -2.0129599571228027
-0.5154396295547485 0.26637935638427734 -0.8144716024398804 0.23528507351875305 0.6751202940940857 -0.459134966135025 -0.5774146318435669 -0.6104491353034973 -0.5277637243270874 -0.8474887013435364 0.05681826174259186 -2.013009786605835
-0.515519917011261 0.26631978154182434 -0.8144403100013733 0.23525600135326385 0.675112783908844 -0.45909786224365234 -0.5774528980255127 -0.6104028820991516 -0.5276949405670166 -0.8475275635719299 0.05687820911407471 -2.013025999069214
-0.5154629349708557 0.26640063524246216 -0.8144499063491821 0.2352588176727295 0.6751196980476379 -0.4590942859649658 -0.5774476528167725 -0.6104834675788879 -0.5277417302131653 -0.8475040793418884 0.05679377168416977 -2.013071060180664
-0.515458345413208 0.26641467213630676 -0.8144482374191284 0.23521484434604645 0.6751406192779541 -0.45905598998069763 -0.5774536728858948 -0.6104206442832947 -0.5277194380760193 -0.8475204110145569 0.056756872683763504 -2.013025999069214
-0.5154467225074768 0.2664124667644501 -0.8144562840461731 0.23523113131523132 0.6751261949539185 -0.4590938985347748 -0.5774403810501099 -0.6104673743247986 -0.527749240398407 -0.8475005626678467 0.05677643418312073 -2.01310658454895
-0.5154625773429871 0.26633092761039734 -0.8144729137420654 0.23519150912761688 0.6751837730407715 -0.45904117822647095 -0.5774149298667908 -0.6103644967079163 -0.527660071849823 -0.8475547432899475 0.05679621547460556 -2.0130069255828857
-0.5154839158058167 0.26636815071105957 -0.814447283744812 0.2352294921875 0.675178587436676 -0.4589988887310028 -0.577454686164856 -0.6104265451431274 -0.5276458859443665 -0.8475659489631653 0.05676048994064331 -2.013021945953369
-0.5155158042907715 0.2663331925868988 -0.81443852186203 0.23525698482990265 0.6751576662063599 -0.4590210020542145 -0.5774616003036499 -0.6103648543357849 -0.5276415348052979 -0.8475649356842041 0.056815676391124725 -2.013044595718384
-0.5155208706855774 0.26633813977241516 -0.8144336938858032 0.2352539449930191 0.6751617789268494 -0.45900511741638184 -0.5774694085121155 -0.6103529334068298 -0.5276313424110413 -0.8475719690322876 0.05680539086461067 -2.012958526611328
-0.5155083537101746 0.26637163758277893 -0.8144306540489197 0.23527346551418304 0.6751616597175598 -0.4589956998825073 -0.577476978302002 -0.6103470325469971 -0.5276436805725098 -0.847566545009613 0.05677221715450287 -2.0130724906921387
-0.5155056118965149 0.2664582133293152 -0.8144040703773499 0.23530027270317078 0.6751106977462769 -0.45901936292648315 -0.5775178074836731 -0.6103700399398804 -0.5277115702629089 -0.8475265502929688 0.05673830211162567 -2.0130276679992676
-0.5155271291732788 0.26647719740867615 -0.8143842816352844 0.2353266477584839 0.6750727891921997 -0.4590422809123993 -0.5775438547134399 -0.6104257106781006 -0.5277390480041504 -0.8475081920623779 0.05675723776221275 -2.013096570968628
-0.5155467391014099 0.2663911283016205 -0.8143999576568604 0.23533561825752258 0.6750915050506592 -0.45905089378356934 -0.5775151252746582 -0.6103962659835815 -0.5276959538459778 -0.8475305438041687 0.05682380869984627 -2.013150691986084
-0.5155057907104492 0.2664569020271301 -0.8144043684005737 0.23529210686683655 0.6751137375831604 -0.4590151906013489 -0.577517569065094 -0.6104974746704102 -0.5277075171470642 -0.8475292325019836 0.056736286729574203 -2.013137102127075
-0.5156261324882507 0.2663862705230713 -0.8143513202667236 0.2352198362350464 0.675096333026886 -0.45895615220069885 -0.5775848031044006 -0.6104622483253479 -0.5276122093200684 -0.8475833535194397 0.05681341141462326 -2.013073682785034
-0.5155799388885498 0.26633960008621216 -0.8143957853317261 0.2352759838104248 0.6751596331596375 -0.45894014835357666 -0.5775234699249268 -0.6105300784111023 -0.5275763273239136 -0.8476067185401917 0.056798577308654785 -2.013136386871338
-0.5155976414680481 0.2663424015045166 -0.8143836855888367 0.23518022894859314 0.6751831769943237 -0.4588801860809326 -0.5775436162948608 -0.6104113459587097 -0.5275288820266724 -0.8476383090019226 0.056767649948596954 -2.012950897216797
-0.5155828595161438 0.26635807752609253 -0.8143879175186157 0.2351834923028946 0.6751537322998047 -0.4589332640171051 -0.5775359272956848 -0.6103670597076416 -0.5275810360908508 -0.8476046323776245 0.05678549408912659 -2.0129361152648926
-0.5155878067016602 0.2663455307483673 -0.8143888711929321 0.23519064486026764 0.6751409769058228 -0.4589569866657257 -0.5775319337844849 -0.6103654503822327 -0.5275925397872925 -0.847595751285553 0.056811846792697906 -2.013019561767578
-0.5155487060546875 0.26641759276390076 -0.8143900632858276 0.23526631295681 0.6751798987388611 -0.45888790488243103 -0.5775413513183594 -0.6104355454444885 -0.5275809168815613 -0.8476104736328125 0.056699275970458984 -2.0129494667053223
-0.5155883431434631 0.2664153277873993 -0.8143656849861145 0.2352828085422516 0.6751478910446167 -0.45889580249786377 -0.5775725245475769 -0.6103944778442383 -0.5275831818580627 -0.8476069569587708 0.05673159286379814 -2.012960195541382
-0.5155522227287292 0.2664202153682709 -0.8143869638442993 0.23530501127243042 0.6751689314842224 -0.45889967679977417 -0.5775448083877563 -0.6103991270065308 -0.5275915265083313 -0.8476033210754395 0.05670810863375664 -2.0130722522735596
-0.5156164765357971 0.266348659992218 -0.8143697381019592 0.23528176546096802 0.6751748919487 -0.4588676393032074 -0.5775632858276367 -0.6103984713554382 -0.5275211334228516 -0.8476431369781494 0.0567677803337574 -2.012946128845215
-0.5155985355377197 0.2663900554180145 -0.8143675327301025 0.23529131710529327 0.6752177476882935 -0.4587898552417755 -0.5775749683380127 -0.610368549823761 -0.5274837613105774 -0.8476722240447998 0.05668007954955101 -2.01291823387146
-0.5155578851699829 0.26643505692481995 -0.8143784999847412 0.2352357655763626 0.6751945614814758 -0.4588415026664734 -0.57756108045578 -0.6104646921157837 -0.5275532007217407 -0.8476301431655884 0.056663867086172104 -2.0129237174987793
-0.5155743360519409 0.26640164852142334 -0.8143790364265442 0.2352118045091629 0.6752079725265503 -0.45882487297058105 -0.5775585770606995 -0.6104015707969666 -0.527519941329956 -0.8476496338844299 0.05668182298541069 -2.0128586292266846
-0.515577495098114 0.2664240002632141 -0.8143697381019592 0.2352321445941925 0.6751947402954102 -0.4588266909122467 -0.5775725841522217 -0.6104798316955566 -0.527533769607544 -0.84764164686203 0.05667264759540558 -2.0128509998321533
-0.5155918598175049 0.2664048373699188 -0.8143669366836548 0.23524586856365204 0.6751859784126282 -0.45883798599243164 -0.5775738954544067 -0.610491931438446 -0.5275309681892395 -0.8476415276527405 0.056700319051742554 -2.012930393218994
-0.5155766606330872 0.2664119601249695 -0.8143742084503174 0.23526789247989655 0.6751973032951355 -0.45883211493492126 -0.5775653719902039 -0.6105026006698608 -0.5275313258171082 -0.8476424813270569 0.05668249726295471 -2.0130159854888916
-0.515550434589386 0.2664039134979248 -0.8143934607505798 0.23530744016170502 0.6752203106880188 -0.45883071422576904 -0.5775395631790161 -0.610506534576416 -0.5275275111198425 -0.8476457595825195 0.05666905269026756 -2.013120651245117
-0.5156040787696838 0.2664029598236084 -0.8143597841262817 0.23525109887123108 0.6752329468727112 -0.4587498903274536 -0.5775889158248901 -0.6103122234344482 -0.5274588465690613 -0.8476898074150085 0.05664927139878273 -2.012995958328247
-0.5155754089355469 0.2663910388946533 -0.8143818378448486 0.2352752983570099 0.6752633452415466 -0.4587421715259552 -0.5775595307350159 -0.6102940440177917 -0.5274479985237122 -0.8476977348327637 0.05663206800818443 -2.0130770206451416
-0.5155925750732422 0.2663836181163788 -0.8143733739852905 0.23523986339569092 0.6752751469612122 -0.45870891213417053 -0.5775721669197083 -0.6103039383888245 -0.5274161100387573 -0.8477180600166321 0.05662468820810318 -2.0128514766693115
-0.5156176090240479 0.26637864112854004 -0.814359188079834 0.23525935411453247 0.6752560138702393 -0.45871469378471375 -0.5775899887084961 -0.6102936267852783 -0.5274161696434021 -0.8477165102958679 0.05664759501814842 -2.012908458709717
-0.515545129776001 0.2663986384868622 -0.8143985271453857 0.23527711629867554 0.67527836561203 -0.4587472081184387 -0.5775379538536072 -0.6102902293205261 -0.5274583697319031 -0.847692608833313 0.05661163851618767 -2.0128982067108154
-0.5155978202819824 0.26647475361824036 -0.8143402934074402 0.235250785946846 0.6752192974090576 -0.45872804522514343 -0.5776222348213196 -0.6103514432907104 -0.5274824500083923 -0.847679078578949 0.05659027770161629 -2.0128633975982666
-0.515625536441803 0.2664138972759247 -0.8143426775932312 0.2352542132139206 0.675183117389679 -0.4587978422641754 -0.577609121799469 -0.6103073358535767 -0.5275017619132996 -0.8476604223251343 0.05668971315026283 -2.0129001140594482
-0.515630304813385 0.2664199471473694 -0.8143376111984253 0.2352651208639145 0.6751595735549927 -0.4588259160518646 -0.5776143670082092 -0.6103636026382446 -0.5275272130966187 -0.8476433157920837 0.05670856311917305 -2.0129189491271973
-0.5156978964805603 0.266441285610199 -0.8142878413200378 0.2352750152349472 0.6750966310501099 -0.4588348865509033 -0.577680766582489 -0.6103246212005615 -0.5275416970252991 -0.8476317524909973 0.05674656108021736 -2.0129361152648926
-0.515623927116394 0.26653245091438293 -0.8143048286437988 0.23529881238937378 0.6750599145889282 -0.4589134156703949 -0.5776612758636475 -0.6103385090827942 -0.5276609063148499 -0.8475605845451355 0.05670136213302612 -2.0130109786987305
-0.5156285762786865 0.26649010181427 -0.8143157958984375 0.2352989912033081 0.6750965714454651 -0.45887938141822815 -0.5776455402374268 -0.6102563142776489 -0.5276095271110535 -0.8475923538208008 0.056704774498939514 -2.012960195541382
-0.5155810117721558 0.26657265424728394 -0.8143188953399658 0.2352830022573471 0.6751112341880798 -0.4588514268398285 -0.5776506066322327 -0.6103005409240723 -0.527637243270874 -0.8475815057754517 0.05660887807607651 -2.012922763824463
-0.5156174302101135 0.266475647687912 -0.8143275380134583 0.23529283702373505 0.675049364566803 -0.4589780569076538 -0.5776222348213196 -0.6103101968765259 -0.5276807546615601 -0.8475434184074402 0.0567728690803051 -2.0130133628845215
-0.5155873894691467 0.26649075746536255 -0.8143416047096252 0.23529136180877686 0.6750401854515076 -0.4590163230895996 -0.5776025652885437 -0.6103792786598206 -0.5277218222618103 -0.8475179672241211 0.05677106976509094 -2.01302170753479
-0.5156133770942688 0.2664942443370819 -0.8143240213394165 0.23528550565242767 0.6750599145889282 -0.45895251631736755 -0.5776302218437195 -0.6103258728981018 -0.527671217918396 -0.8475514054298401 0.056742481887340546 -2.012972354888916
-0.5155737400054932 0.2665049135684967 -0.81434565782547 0.23525629937648773 0.6750871539115906 -0.45894643664360046 -0.577603280544281 -0.6103948950767517 -0.5276751518249512 -0.8475513458251953 0.05670670047402382 -2.012985944747925
-0.5156226754188538 0.266396164894104 -0.8143502473831177 0.23520126938819885 0.6751002073287964 -0.4589468538761139 -0.5775876641273499 -0.6103437542915344 -0.5276105999946594 -0.8475853204727173 0.056799303740262985 -2.0129339694976807
-0.5155710577964783 0.2663995921611786 -0.8143818378448486 0.23519082367420197 0.6750954985618591 -0.4590107500553131 -0.5775423645973206 -0.6104183197021484 -0.5276670455932617 -0.8475496172904968 0.0568074993789196 -2.012941837310791
-0.5155850052833557 0.26643720269203186 -0.8143606781959534 0.23525585234165192 0.67506343126297 -0.4590197801589966 -0.5775727033615112 -0.6104167699813843 -0.5276945233345032 -0.8475329279899597 0.0568016916513443 -2.0129289627075195
-0.515601396560669 0.2664530873298645 -0.814345121383667 0.23526228964328766 0.6750503778457642 -0.4590107798576355 -0.577595055103302 -0.610345184803009 -0.5276951789855957 -0.8475328087806702 0.0567973256111145 -2.0128540992736816
-0.5155919790267944 0.26642289757728577 -0.8143609166145325 0.23523929715156555 0.6750653386116028 -0.45901891589164734 -0.5775711536407471 -0.6103939414024353 -0.527685284614563 -0.8475378751754761 0.05681360885500908 -2.0128934383392334
-0.5155957937240601 0.2664186954498291 -0.8143599033355713 0.23522694408893585 0.6750515103340149 -0.45903971791267395 -0.5775707364082336 -0.6103532910346985 -0.5276991724967957 -0.8475279211997986 0.05683258920907974 -2.012880802154541
-0.5155776143074036 0.26644185185432434 -0.8143638372421265 0.23523245751857758 0.6750829219818115 -0.458993524312973 -0.5775707364082336 -0.6104303002357483 -0.5276767611503601 -0.8475456833839417 0.05677643418312073 -2.012855291366577
-0.5156093835830688 0.2663574814796448 -0.8143713474273682 0.23520728945732117 0.6751159429550171 -0.45896413922309875 -0.5775555372238159 -0.6103853583335876 -0.5276034474372864 -0.8475881218910217 0.056824035942554474 -2.012798547744751
-0.5154886245727539 0.26634740829467773 -0.8144510388374329 0.235239177942276 0.6751718521118164 -0.4590190052986145 -0.5774465203285217 -0.6104070544242859 -0.5276499390602112 -0.8475615382194519 0.05678883194923401 -2.012866258621216
-0.5155450105667114 0.26627904176712036 -0.814437747001648 0.23525020480155945 0.6751419901847839 -0.45905131101608276 -0.5774558186531067 -0.610385537147522 -0.5276330709457397 -0.8475655317306519 0.056885458528995514 -2.0128724575042725
-0.5154843330383301 0.2662928104400635 -0.8144716620445251 0.23525886237621307 0.6751490235328674 -0.45909932255744934 -0.5774093866348267 -0.6104030013084412 -0.5276833772659302 -0.8475351929664612 0.05687117576599121 -2.0129647254943848
-0.5155097842216492 0.26632359623908997 -0.814445436000824 0.23523113131523132 0.675137460231781 -0.45906710624694824 -0.5774485468864441 -0.6103482842445374 -0.5276733040809631 -0.8475430011749268 0.05684855580329895 -2.0129122734069824
-0.5155144929885864 0.26634225249290466 -0.8144363760948181 0.23524215817451477 0.675116240978241 -0.4590825140476227 -0.5774610638618469 -0.6103628873825073 -0.5276957750320435 -0.8475287556648254 0.05685169994831085 -2.0129759311676025
-0.5155203938484192 0.26637595891952515 -0.8144215941429138 0.23524120450019836 0.6750655770301819 -0.4591333568096161 -0.577479898929596 -0.6103241443634033 -0.5277549028396606 -0.847490668296814 0.056871362030506134 -2.0129902362823486
-0.5155020952224731 0.26636725664138794 -0.8144360184669495 0.2352663278579712 0.6750695109367371 -0.459153950214386 -0.577458918094635 -0.6103434562683105 -0.5277676582336426 -0.8474822044372559 0.05687839537858963 -2.0130627155303955
-0.515527606010437 0.26639294624328613 -0.814411461353302 0.2352793961763382 0.6750395894050598 -0.45915472507476807 -0.5774932503700256 -0.6102874875068665 -0.5277810096740723 -0.8474737405776978 0.056881144642829895 -2.0130584239959717
-0.5155170559883118 0.26640236377716064 -0.8144150972366333 0.23529233038425446 0.6750416159629822 -0.4591568112373352 -0.5774891972541809 -0.6103529930114746 -0.5277887582778931 -0.8474696278572083 0.0568704828619957 -2.0130584239959717
-0.5155779123306274 0.26636046171188354 -0.814390242099762 0.23523779213428497 0.6750380992889404 -0.4591229259967804 -0.5775203108787537 -0.6103198528289795 -0.5277338027954102 -0.8475011587142944 0.0569101944565773 -2.01308536529541
-0.515487551689148 0.2664155960083008 -0.8144294023513794 0.235212504863739 0.6750643253326416 -0.45914456248283386 -0.577472448348999 -0.610357403755188 -0.527788519859314 -0.8474721312522888 0.05683564394712448 -2.013134479522705
-0.5155768990516663 0.26629942655563354 -0.8144108653068542 0.23518158495426178 0.6750656962394714 -0.45912304520606995 -0.5774879455566406 -0.6102656722068787 -0.5276995301246643 -0.8475202918052673 0.056943628937006 -2.0130527019500732
-0.5155426859855652 0.2663043141365051 -0.8144309520721436 0.23518502712249756 0.6750662326812744 -0.4591576159000397 -0.5774598121643066 -0.610302209854126 -0.5277321934700012 -0.8475000262260437 0.05694229155778885 -2.013076066970825
-0.515580952167511 0.26629117131233215 -0.8144109845161438 0.23521389067173004 0.6750066876411438 -0.4592190086841583 -0.5774806141853333 -0.6102392077445984 -0.52777099609375 -0.8474708795547485 0.05701624974608421 -2.013115406036377
-0.5155609846115112 0.2662438452243805 -0.8144391179084778 0.23522540926933289 0.6750549674034119 -0.4591978192329407 -0.5774410367012024 -0.6103283762931824 -0.527728796005249 -0.8474972248077393 0.05701525881886482 -2.013078212738037
-0.5156567692756653 0.2662716507911682 -0.8143693804740906 0.23527027666568756 0.6749929189682007 -0.4591686725616455 -0.5775367617607117 -0.6102786660194397 -0.5277145504951477 -0.8475043177604675 0.05704193934798241 -2.0131161212921143
-0.5156590342521667 0.26620978116989136 -0.8143881559371948 0.2352893352508545 0.6750159859657288 -0.4591728746891022 -0.577506422996521 -0.6103336811065674 -0.5276828408241272 -0.8475214242935181 0.057080790400505066 -2.013113260269165
-0.5156833529472351 0.26616621017456055 -0.8143870234489441 0.23532231152057648 0.6749982833862305 -0.4592045247554779 -0.5775019526481628 -0.6103079319000244 -0.5276817083358765 -0.8475180268287659 0.05714239552617073 -2.013155937194824
-0.5157228708267212 0.26616066694259644 -0.8143638372421265 0.23531338572502136 0.6750277280807495 -0.4591161906719208 -0.5775378346443176 -0.6103056073188782 -0.5276054739952087 -0.847567617893219 0.057110872119665146 -2.013091802597046
-0.5157616138458252 0.2661442160606384 -0.8143446445465088 0.2353416383266449 0.6749690175056458 -0.45917800068855286 -0.5775572657585144 -0.6102887988090515 -0.5276426672935486 -0.8475393056869507 0.057187288999557495 -2.0131492614746094
-0.5157001614570618 0.2662128806114197 -0.8143611550331116 0.23527733981609344 0.6749582886695862 -0.45921650528907776 -0.5775391459465027 -0.610260009765625 -0.5277164578437805 -0.8474968671798706 0.057135406881570816 -2.0131189823150635
-0.5156068801879883 0.26620668172836304 -0.8144221901893616 0.2352839708328247 0.6750228404998779 -0.4592234492301941 -0.5774582028388977 -0.6103041768074036 -0.5277249813079834 -0.8474950194358826 0.05708317831158638 -2.0131402015686035
-0.5156325697898865 0.2661975920200348 -0.8144088983535767 0.23526877164840698 0.6750189065933228 -0.4592069387435913 -0.577475905418396 -0.6102504730224609 -0.5277049541473389 -0.8475068211555481 0.05709363520145416 -2.013108253479004
-0.5157451033592224 0.26610395312309265 -0.8143682479858398 0.23523974418640137 0.6750117540359497 -0.45915666222572327 -0.5775242447853088 -0.6103290915489197 -0.5276041030883789 -0.8475634455680847 0.057184506207704544 -2.0131351947784424
-0.515692949295044 0.2661231458187103 -0.814395010471344 0.23523567616939545 0.6750218272209167 -0.459186315536499 -0.577488899230957 -0.6103755831718445 -0.5276422500610352 -0.8475413918495178 0.057160209864377975 -2.013178825378418
-0.515693187713623 0.26604220271110535 -0.8144213557243347 0.23520922660827637 0.6750649809837341 -0.45917418599128723 -0.5774481296539307 -0.61034095287323 -0.527586817741394 -0.8475733995437622 0.05719722807407379 -2.013230800628662
-0.5157484412193298 0.26605960726737976 -0.8143806457519531 0.23524008691310883 0.6750091314315796 -0.4591885507106781 -0.5775019526481628 -0.6103304028511047 -0.5276042222976685 -0.8475601077079773 0.05723311007022858 -2.0132291316986084
-0.5156692266464233 0.266034334897995 -0.814439058303833 0.23526747524738312 0.675041139125824 -0.4592452943325043 -0.5774194598197937 -0.6103563904762268 -0.527640700340271 -0.8475373387336731 0.05723452940583229 -2.0132901668548584
-0.5157753229141235 0.2659702003002167 -0.8143928647041321 0.23523302376270294 0.6750796437263489 -0.45910802483558655 -0.5774835348129272 -0.6102871894836426 -0.5274876952171326 -0.8476318120956421 0.05724552273750305 -2.013212203979492
-0.5157710909843445 0.2660047113895416 -0.8143842220306396 0.2352530062198639 0.6750514507293701 -0.45913368463516235 -0.5774961113929749 -0.6102781891822815 -0.527527928352356 -0.8476070761680603 0.05724100023508072 -2.013214349746704
-0.5157301425933838 0.26604893803596497 -0.8143957257270813 0.23525471985340118 0.6750501990318298 -0.4591509997844696 -0.5774838328361511 -0.6102951169013977 -0.527569591999054 -0.8475838303565979 0.05720164626836777 -2.013249158859253
-0.5158069729804993 0.2660157382488251 -0.8143578767776489 0.235280379652977 0.675010085105896 -0.45915138721466064 -0.5775303840637207 -0.610221803188324 -0.5275457501411438 -0.8475940227508545 0.057270199060440063 -2.0132503509521484
-0.5157729983329773 0.2660626769065857 -0.8143640756607056 0.23527133464813232 0.6750365495681763 -0.4591144025325775 -0.5775289535522461 -0.6102380752563477 -0.527545154094696 -0.8475993275642395 0.05719679966568947 -2.0132927894592285
-0.5157690048217773 0.2660464942455292 -0.8143718838691711 0.23527678847312927 0.6750805974006653 -0.45905956625938416 -0.5775209665298462 -0.6101796627044678 -0.5274926424026489 -0.8476340770721436 0.05716586858034134 -2.0132815837860107
-0.5158191919326782 0.2660747170448303 -0.8143308758735657 0.23525673151016235 0.6750281453132629 -0.4590666890144348 -0.5775766968727112 -0.610257089138031 -0.5275107622146606 -0.8476213812828064 0.05718750134110451 -2.0132689476013184
-0.5158052444458008 0.26611027121543884 -0.8143280744552612 0.2353026121854782 0.6750345230102539 -0.4590471088886261 -0.5775847434997559 -0.6102068424224854 -0.5275161862373352 -0.8476208448410034 0.057145290076732635 -2.0133204460144043
-0.5157980918884277 0.26616162061691284 -0.8143158555030823 0.2352689504623413 0.6749915480613708 -0.45908790826797485 -0.5776025652885437 -0.6101992130279541 -0.5275782346725464 -0.8475825786590576 0.05713983625173569 -2.0132243633270264
-0.5157984495162964 0.26615265011787415 -0.8143185973167419 0.23529529571533203 0.6750137209892273 -0.4590582549571991 -0.5776002407073975 -0.6101775169372559 -0.5275495052337646 -0.8476014733314514 0.05712486431002617 -2.0133004188537598
-0.5158048272132874 0.2662191390991211 -0.8142927885055542 0.23530974984169006 0.6749895811080933 -0.459042489528656 -0.5776408910751343 -0.6101279854774475 -0.5275740623474121 -0.8475891351699829 0.057081177830696106 -2.0133416652679443
-0.5158095955848694 0.26622775197029114 -0.8142869472503662 0.2353247106075287 0.6749708652496338 -0.4590610861778259 -0.5776480436325073 -0.6101067662239075 -0.5275933742523193 -0.847576379776001 0.05709214136004448 -2.0134167671203613
-0.5158378481864929 0.2661975622177124 -0.8142789006233215 0.23526641726493835 0.6749631762504578 -0.4590626060962677 -0.5776557922363281 -0.6100807189941406 -0.5275755524635315 -0.8475850224494934 0.057128313928842545 -2.013484239578247
-0.5158379077911377 0.26622316241264343 -0.814270555973053 0.2352762669324875 0.6749683022499084 -0.4590362012386322 -0.5776708126068115 -0.6100547909736633 -0.5275689959526062 -0.8475912809371948 0.05709606781601906 -2.013563871383667
-0.5157824754714966 0.2661876976490021 -0.8143172264099121 0.23527738451957703 0.6750522255897522 -0.458989679813385 -0.577609658241272 -0.6102200746536255 -0.5275158286094666 -0.8476276397705078 0.05704822391271591 -2.013127326965332
-0.5157870650291443 0.26616382598876953 -0.8143221139907837 0.23529377579689026 0.6750480532646179 -0.4590080678462982 -0.5775999426841736 -0.6102125644683838 -0.5275166630744934 -0.8476251363754272 0.05707704275846481 -2.013178586959839
-0.5157936215400696 0.2661864459514618 -0.8143105506896973 0.2353118509054184 0.6750314831733704 -0.4590111970901489 -0.577616810798645 -0.610252857208252 -0.5275314450263977 -0.8476163744926453 0.05707081779837608 -2.01310133934021
-0.5157751441001892 0.2662472128868103 -0.814302384853363 0.23529869318008423 0.675009548664093 -0.4590243399143219 -0.5776320099830627 -0.610300600528717 -0.5275775194168091 -0.8475901484489441 0.05703392252326012 -2.013108491897583
-0.5158390998840332 0.2662198543548584 -0.8142708539962769 0.23525381088256836 0.6750192046165466 -0.45895540714263916 -0.5776755213737488 -0.6102474331855774 -0.527502715587616 -0.8476360440254211 0.05704363062977791 -2.0130369663238525
-0.5158467292785645 0.26619577407836914 -0.8142738938331604 0.23524290323257446 0.6750249862670898 -0.45895448327064514 -0.5776695013046265 -0.6102836728096008 -0.5274878144264221 -0.8476441502571106 0.057061389088630676 -2.0130295753479004
-0.5158094167709351 0.26619234681129456 -0.8142986297607422 0.23523171246051788 0.6750052571296692 -0.4590311050415039 -0.5776316523551941 -0.6102705597877502 -0.5275495648384094 -0.8476037383079529 0.05709134042263031 -2.013101816177368
-0.5158355236053467 0.26623037457466125 -0.8142696619033813 0.23517979681491852 0.6749874353408813 -0.4590030610561371 -0.5776747465133667 -0.6103314757347107 -0.5275468230247498 -0.8476069569587708 0.057067934423685074 -2.0130910873413086
-0.5158049464225769 0.26624366641044617 -0.8142846822738647 0.23518021404743195 0.6750087738037109 -0.45899420976638794 -0.5776568651199341 -0.6102774143218994 -0.5275494456291199 -0.8476076126098633 0.05703466758131981 -2.013111114501953
-0.5158156752586365 0.2661970555782318 -0.8142931461334229 0.23523057997226715 0.6749929189682007 -0.4590405523777008 -0.5776386260986328 -0.610257089138031 -0.5275592803955078 -0.8475971221923828 0.05709918960928917 -2.0130186080932617
-0.5158118009567261 0.2661806643009186 -0.8143009543418884 0.23522701859474182 0.6750109791755676 -0.459027498960495 -0.5776278376579285 -0.6102567911148071 -0.5275399088859558 -0.8476093411445618 0.0570969358086586 -2.013073205947876
-0.5157828330993652 0.2661602199077606 -0.8143259882926941 0.23520059883594513 0.6749915480613708 -0.4591062366962433 -0.5775879621505737 -0.6102760434150696 -0.5275930762290955 -0.8475731015205383 0.0571432039141655 -2.0130505561828613
-0.5158522725105286 0.2661318778991699 -0.81429123878479 0.23520155251026154 0.6749347448348999 -0.45913851261138916 -0.5776287317276001 -0.6102789044380188 -0.5275979042053223 -0.8475645184516907 0.057225991040468216 -2.013073205947876
-0.515774130821228 0.26607730984687805 -0.8143585920333862 0.23523537814617157 0.6749964952468872 -0.4591669738292694 -0.5775339007377625 -0.6102634072303772 -0.5275952219963074 -0.8475662469863892 0.057225197553634644 -2.0130388736724854
-0.515805721282959 0.2660691440105438 -0.8143412470817566 0.2352335900068283 0.6749696731567383 -0.45917996764183044 -0.5775549411773682 -0.6102781891822815 -0.5275987386703491 -0.847561776638031 0.05725906416773796 -2.0130550861358643
-0.5157943367958069 0.26605167984962463 -0.8143541812896729 0.23527325689792633 0.6749687194824219 -0.45920681953430176 -0.5775346755981445 -0.6102878451347351 -0.5276110768318176 -0.8475527167320251 0.05727970600128174 -2.0130929946899414
-0.5158118605613708 0.2660345733165741 -0.8143486380577087 0.2352798581123352 0.6749549508094788 -0.4592210352420807 -0.5775394439697266 -0.6102923154830933 -0.527611494064331 -0.8475503921508789 0.0573103092610836 -2.013110876083374
-0.5157496333122253 0.2661139667034149 -0.814362108707428 0.23523880541324615 0.6749321818351746 -0.45927223563194275 -0.5775253772735596 -0.6102235317230225 -0.5277014970779419 -0.8474977016448975 0.057260606437921524 -2.0131211280822754
-0.5157837867736816 0.2661004066467285 -0.8143449425697327 0.23522011935710907 0.6749257445335388 -0.4592532813549042 -0.5775479674339294 -0.6102476119995117 -0.5276763439178467 -0.8475122451782227 0.0572773702442646 -2.0131263732910156
-0.5157379508018494 0.26608482003211975 -0.8143790364265442 0.23522551357746124 0.6749542951583862 -0.459270715713501 -0.5775007605552673 -0.6102680563926697 -0.5276846289634705 -0.8475077152252197 0.057268235832452774 -2.0130884647369385
-0.5158568620681763 0.2660713493824005 -0.8143081665039062 0.23519600927829742 0.6748353242874146 -0.45933595299720764 -0.577587902545929 -0.6102460026741028 -0.52772057056427 -0.8474765419960022 0.057397257536649704 -2.013169527053833
-0.5157817602157593 0.2660703957080841 -0.8143560290336609 0.23521891236305237 0.6748560667037964 -0.459388792514801 -0.5775216221809387 -0.610231339931488 -0.5277674198150635 -0.8474482297897339 0.0573851577937603 -2.013185977935791
-0.5158483982086182 0.26606112718582153 -0.8143168687820435 0.23521754145622253 0.6748130917549133 -0.45938849449157715 -0.5775720477104187 -0.6102328896522522 -0.5277572274208069 -0.8474512696266174 0.057433269917964935 -2.0132174491882324
-0.5158181190490723 0.26606684923171997 -0.8143341541290283 0.23526734113693237 0.6748257279396057 -0.4593985974788666 -0.5775492787361145 -0.6102138161659241 -0.5277706980705261 -0.8474439978599548 0.0574173778295517 -2.013230800628662
-0.5158616304397583 0.2660773694515228 -0.8143031597137451 0.2352977693080902 0.6748203039169312 -0.4593503773212433 -0.577593982219696 -0.6102283596992493 -0.52773517370224 -0.8474668264389038 0.05740683153271675 -2.0131959915161133
-0.5158481597900391 0.2661232650279999 -0.8142967224121094 0.23528467118740082 0.6747780442237854 -0.4594009816646576 -0.5776031017303467 -0.6102518439292908 -0.5278022885322571 -0.8474249839782715 0.05740701034665108 -2.013174057006836
-0.5158718824386597 0.2661091685295105 -0.8142862319946289 0.23526041209697723 0.6747720837593079 -0.4593934714794159 -0.5776159763336182 -0.610297441482544 -0.5277867317199707 -0.8474335074424744 0.05742514878511429 -2.013176918029785
-0.5157984495162964 0.2661629617214203 -0.8143151998519897 0.23526500165462494 0.6747749447822571 -0.4594343602657318 -0.5775801539421082 -0.610248327255249 -0.527854859828949 -0.8473944067955017 0.05737544223666191 -2.0132129192352295
-0.5158213376998901 0.26617687940597534 -0.8142961263656616 0.23526017367839813 0.6747748851776123 -0.4593985974788666 -0.5776087045669556 -0.610264778137207 -0.527832567691803 -0.8474094867706299 0.05735813081264496 -2.013137102127075
-0.5158453583717346 0.26620692014694214 -0.8142711520195007 0.23523801565170288 0.6747568845748901 -0.45937874913215637 -0.5776454210281372 -0.6103075742721558 -0.5278320908546448 -0.8474107980728149 0.057343434542417526 -2.013136625289917
-0.5157313942909241 0.2662474811077118 -0.8143300414085388 0.23524004220962524 0.6748104095458984 -0.45939385890960693 -0.5775709748268127 -0.6102598905563354 -0.5278750061988831 -0.8473898768424988 0.0572572760283947 -2.0131397247314453
-0.5157846212387085 0.26624593138694763 -0.8142968416213989 0.2352464199066162 0.674752414226532 -0.45942744612693787 -0.5776119828224182 -0.6102666854858398 -0.5278971791267395 -0.8473721146583557 0.05731553956866264 -2.0131657123565674
-0.5157505869865417 0.2662647068500519 -0.814312219619751 0.2352602183818817 0.6747905015945435 -0.4593917429447174 -0.5775958895683289 -0.6102548837661743 -0.5278817415237427 -0.847385585308075 0.057258669286966324 -2.0131173133850098
-0.5158070921897888 0.2662935256958008 -0.8142670392990112 0.23523741960525513 0.674778401851654 -0.45932644605636597 -0.5776619911193848 -0.6102968454360962 -0.5278420448303223 -0.8474119305610657 0.05723471939563751 -2.0131173133850098
-0.5157820582389832 0.2663116455078125 -0.8142769932746887 0.23523898422718048 0.6747227907180786 -0.45943135023117065 -0.5776435136795044 -0.6102924942970276 -0.5279375910758972 -0.8473493456840515 0.05727989599108696 -2.0131399631500244
-0.515743613243103 0.2662871479988098 -0.8143093585968018 0.2352110594511032 0.6747242212295532 -0.4594901502132416 -0.577595055103302 -0.6102797985076904 -0.5279732346534729 -0.8473252058029175 0.05730871111154556 -2.013178586959839
-0.5157387256622314 0.26628777384757996 -0.814312219619751 0.2352093756198883 0.6747245788574219 -0.4594946503639221 -0.5775910019874573 -0.6102932691574097 -0.5279775261878967 -0.8473225235939026 0.05730828270316124 -2.013244152069092
-0.5157071352005005 0.2662631869316101 -0.8143402338027954 0.23521846532821655 0.6747541427612305 -0.45950061082839966 -0.5775517225265503 -0.6103033423423767 -0.5279706120491028 -0.8473270535469055 0.05730557069182396 -2.013230323791504
-0.51575767993927 0.26626157760620117 -0.814308762550354 0.23522835969924927 0.6747199296951294 -0.45949915051460266 -0.5775928497314453 -0.6103135347366333 -0.5279649496078491 -0.8473283648490906 0.057338204234838486 -2.0132691860198975
