# 3x4 first row second row third row Freq: 100 current Time: 2021-07-28-17:23:49
-0.3608410656452179 0.45640555024147034 -0.8133189678192139 0.02586008422076702 -0.039086710661649704 -0.8787074089050293 -0.47575780749320984 -0.5457363724708557 -0.9318078756332397 -0.13988299667835236 0.33491313457489014 -1.9995142221450806
-0.3608511984348297 0.45640474557876587 -0.8133149147033691 0.025860868394374847 -0.03907932713627815 -0.8787058591842651 -0.4757612645626068 -0.5457331538200378 -0.9318042993545532 -0.1398952305316925 0.3349180519580841 -1.999509334564209
-0.36085423827171326 0.45631179213523865 -0.8133656978607178 0.025863250717520714 -0.0390155091881752 -0.8787503838539124 -0.475684255361557 -0.5457168221473694 -0.9318057894706726 -0.13991880416870117 0.3349040448665619 -1.9995191097259521
-0.3608730733394623 0.45629823207855225 -0.8133649230003357 0.02586532197892666 -0.03899313881993294 -0.8787533044815063 -0.47568070888519287 -0.5457135438919067 -0.9317994117736816 -0.13994471728801727 0.33491092920303345 -1.9995112419128418
-0.36082401871681213 0.4563354551792145 -0.8133658170700073 0.02585439197719097 -0.03895503655076027 -0.8787301182746887 -0.4757266640663147 -0.5457148551940918 -0.9318200349807739 -0.13996891677379608 0.3348435163497925 -1.9994806051254272
-0.3608260452747345 0.45636337995529175 -0.8133492469787598 0.02585587278008461 -0.03896743059158325 -0.8787155151367188 -0.47575268149375916 -0.5457158088684082 -0.9318187236785889 -0.1399698257446289 0.33484673500061035 -1.9994745254516602
-0.36079108715057373 0.4564715623855591 -0.81330406665802 0.025832032784819603 -0.03904479742050171 -0.878666877746582 -0.4758360981941223 -0.5457682013511658 -0.931829035282135 -0.1399221271276474 0.33483803272247314 -1.9995626211166382
-0.3608095645904541 0.4564622938632965 -0.8133010864257812 0.025828778743743896 -0.0390525758266449 -0.8786718845367432 -0.47582629323005676 -0.5457695722579956 -0.9318215250968933 -0.139921173453331 0.3348592519760132 -1.9995615482330322
-0.36075130105018616 0.4565361440181732 -0.8132854700088501 0.025801002979278564 -0.03910748288035393 -0.8786420226097107 -0.47587689757347107 -0.5457267165184021 -0.9318417906761169 -0.1398676633834839 0.33482521772384644 -1.9995266199111938
-0.3607562780380249 0.4565604627132416 -0.8132696151733398 0.02579719014465809 -0.03910982981324196 -0.8786277174949646 -0.47590312361717224 -0.5457201600074768 -0.9318397641181946 -0.13987819850444794 0.3348264694213867 -1.9995290040969849
-0.36074936389923096 0.45652371644973755 -0.8132932782173157 0.02586830034852028 -0.03905694931745529 -0.8786418437957764 -0.47588130831718445 -0.5457326173782349 -0.9318446516990662 -0.13990913331508636 0.3347999155521393 -1.9995214939117432
-0.36073926091194153 0.4565286636352539 -0.8132950067520142 0.02588028833270073 -0.039045076817274094 -0.8786380887031555 -0.47588929533958435 -0.5457261800765991 -0.9318490624427795 -0.13991679251194 0.33478444814682007 -1.999518871307373
-0.3607541024684906 0.45656153559684753 -0.8132699728012085 0.025893228128552437 -0.03902639076113701 -0.8786147236824036 -0.4759339392185211 -0.5457387566566467 -0.9318441152572632 -0.13995613157749176 0.33478182554244995 -1.9995596408843994
-0.3607654273509979 0.4565502107143402 -0.8132712841033936 0.025893742218613625 -0.038996901363134384 -0.8786159157752991 -0.47593411803245544 -0.5457274913787842 -0.9318409562110901 -0.13998550176620483 0.3347782790660858 -1.9995445013046265
-0.3607676029205322 0.4565533697605133 -0.8132685422897339 0.025907697156071663 -0.038942206650972366 -0.8786056637763977 -0.4759575426578522 -0.5457298755645752 -0.9318423867225647 -0.1400395780801773 0.3347516655921936 -1.99955153465271
-0.3607223927974701 0.45661166310310364 -0.8132559061050415 0.025871243327856064 -0.03894916921854019 -0.8785765767097473 -0.47601068019866943 -0.5457476377487183 -0.9318596124649048 -0.1400320678949356 0.3347069025039673 -1.9995661973953247
-0.36075031757354736 0.45659297704696655 -0.8132539987564087 0.025874998420476913 -0.038913529366254807 -0.8785797357559204 -0.4760077893733978 -0.5457533597946167 -0.931850254535675 -0.14007337391376495 0.3347155451774597 -1.9995595216751099
-0.36073386669158936 0.45667120814323425 -0.8132173418998718 0.025861505419015884 -0.038902755826711655 -0.8785337209701538 -0.4760935306549072 -0.545744776725769 -0.9318571090698242 -0.140106663107872 0.3346826434135437 -1.9995355606079102
-0.36075493693351746 0.4566863179206848 -0.813199520111084 0.025847213342785835 -0.03886016830801964 -0.8785166144371033 -0.47612857818603516 -0.5457344651222229 -0.9318507313728333 -0.14016465842723846 0.3346761167049408 -1.9995499849319458
-0.36074501276016235 0.45671314001083374 -0.813188910484314 0.02584023028612137 -0.03887468948960304 -0.8785039782524109 -0.4761506915092468 -0.5457363724708557 -0.9318539500236511 -0.14015652239322662 0.3346705138683319 -1.999545693397522
-0.3607237935066223 0.4567227363586426 -0.8131929039955139 0.025835858657956123 -0.03894871100783348 -0.878511369228363 -0.47613105177879333 -0.5457791090011597 -0.9318590760231018 -0.14007899165153503 0.3346887230873108 -1.9995478391647339
-0.3607445955276489 0.45672184228897095 -0.8131841421127319 0.025830119848251343 -0.03892011567950249 -0.8785057663917542 -0.4761437475681305 -0.545788586139679 -0.9318522214889526 -0.14011706411838531 0.3346918821334839 -1.9995434284210205
-0.36072099208831787 0.4567159414291382 -0.8131979703903198 0.025824280455708504 -0.03899557143449783 -0.8785226345062256 -0.4761064350605011 -0.5457820892333984 -0.9318581819534302 -0.14003045856952667 0.3347114622592926 -1.999584674835205
-0.3607230484485626 0.45673730969429016 -0.8131850361824036 0.02582239918410778 -0.03900399059057236 -0.8785111904144287 -0.4761268198490143 -0.545784056186676 -0.9318570494651794 -0.14003245532512665 0.33471381664276123 -1.9995839595794678
-0.3607897460460663 0.4567905366420746 -0.8131255507469177 0.025831256061792374 -0.03901852294802666 -0.8784763216972351 -0.4761899411678314 -0.5457924604415894 -0.931830644607544 -0.14007750153541565 0.3347685635089874 -1.9995911121368408
-0.3607422709465027 0.4567875266075134 -0.8131483197212219 0.025825172662734985 -0.03907027468085289 -0.8784900903701782 -0.4761603772640228 -0.5457985401153564 -0.9318468570709229 -0.14000125229358673 0.3347553312778473 -1.9995917081832886
-0.3607299029827118 0.4567967355251312 -0.8131486177444458 0.025837264955043793 -0.039017755538225174 -0.8784778714179993 -0.47618716955184937 -0.5457923412322998 -0.9318538308143616 -0.14004771411418915 0.33471640944480896 -1.9995646476745605
-0.3606938421726227 0.4568329155445099 -0.8131442666053772 0.0258330125361681 -0.039026062935590744 -0.8784611225128174 -0.47621744871139526 -0.5458001494407654 -0.9318674206733704 -0.14003488421440125 0.334683895111084 -1.9995598793029785
-0.36072343587875366 0.4568486213684082 -0.8131223320960999 0.025849949568510056 -0.039045341312885284 -0.8784521818161011 -0.47623226046562195 -0.5457884669303894 -0.9318551421165466 -0.14003950357437134 0.3347161114215851 -1.999549388885498
-0.3607572317123413 0.4568132758140564 -0.8131272196769714 0.025855444371700287 -0.03904210403561592 -0.8784694671630859 -0.47620075941085815 -0.5457860231399536 -0.9318422079086304 -0.14004667103290558 0.33474916219711304 -1.9995622634887695
-0.360773503780365 0.4567914605140686 -0.8131322264671326 0.02587565779685974 -0.03899141028523445 -0.878473162651062 -0.4761980175971985 -0.5457613468170166 -0.9318380355834961 -0.14009445905685425 0.3347407877445221 -1.9995046854019165
-0.36075928807258606 0.4568258225917816 -0.8131192326545715 0.02588137425482273 -0.03897107392549515 -0.8784512281417847 -0.4762401580810547 -0.5457642674446106 -0.9318444132804871 -0.14011992514133453 0.334712415933609 -1.9994914531707764
-0.3607484996318817 0.4567868709564209 -0.8131459355354309 0.02587461657822132 -0.038906048983335495 -0.8784652352333069 -0.47621968388557434 -0.5457489490509033 -0.931851327419281 -0.1401592344045639 0.3346767723560333 -1.9994784593582153
-0.3607971668243408 0.4567062556743622 -0.8131695985794067 0.02586359716951847 -0.03894946724176407 -0.8785146474838257 -0.47612491250038147 -0.5457683801651001 -0.931830644607544 -0.1401119828224182 0.3347540497779846 -1.999431848526001
-0.36088821291923523 0.4566740393638611 -0.8131473064422607 0.02581688016653061 -0.038872040808200836 -0.8785138726234436 -0.47613269090652466 -0.5457877516746521 -0.9317986369132996 -0.1402219831943512 0.3347971737384796 -1.9994850158691406
-0.3609023690223694 0.4565429091453552 -0.8132146596908569 0.025825679302215576 -0.038844600319862366 -0.8785852789878845 -0.4760031998157501 -0.545768141746521 -0.931794285774231 -0.14020168781280518 0.3348177373409271 -1.9994397163391113
-0.3608911633491516 0.4565495252609253 -0.8132159113883972 0.025817740708589554 -0.03882712870836258 -0.8785797357559204 -0.47601479291915894 -0.5457740426063538 -0.9317993521690369 -0.1402146816253662 0.3347981870174408 -1.9994215965270996
-0.3608839213848114 0.45654910802841187 -0.8132193684577942 0.02583126351237297 -0.03879493847489357 -0.8785758018493652 -0.47602471709251404 -0.5457824468612671 -0.9318034648895264 -0.140240877866745 0.3347756862640381 -1.999477744102478
-0.36089614033699036 0.45654788613319397 -0.8132146000862122 0.025827964767813683 -0.03882531821727753 -0.8785799741744995 -0.47601446509361267 -0.5457855463027954 -0.9317975044250488 -0.14021846652030945 0.3348017632961273 -1.999457836151123
-0.360884428024292 0.456465482711792 -0.8132660388946533 0.025810208171606064 -0.03883212059736252 -0.8786302804946899 -0.4759211242198944 -0.5457972884178162 -0.9318017363548279 -0.14017166197299957 0.3348095118999481 -1.9994949102401733
-0.3608834147453308 0.45646506547927856 -0.8132667541503906 0.02580350823700428 -0.03883872181177139 -0.878631591796875 -0.47591811418533325 -0.5458076596260071 -0.9318018555641174 -0.14016471803188324 0.33481210470199585 -1.9994794130325317
-0.3609599173069 0.45647960901260376 -0.8132246136665344 0.02582508511841297 -0.038854438811540604 -0.8786187171936035 -0.47594064474105835 -0.5457836985588074 -0.9317715764045715 -0.14019811153411865 0.3348824083805084 -1.999453067779541
-0.360967218875885 0.45642122626304626 -0.813254177570343 0.025816785171628 -0.03887579217553139 -0.8786554336547852 -0.4758710563182831 -0.5457949042320251 -0.9317678809165955 -0.14015795290470123 0.3349095582962036 -1.9994170665740967
-0.3609296977519989 0.45647192001342773 -0.8132423758506775 0.025812579318881035 -0.03889846056699753 -0.8786324858665466 -0.47591155767440796 -0.5457907915115356 -0.9317814707756042 -0.1401367336511612 0.33488062024116516 -1.999402403831482
-0.36088600754737854 0.456451416015625 -0.8132732510566711 0.025836030021309853 -0.039018724113702774 -0.8786664009094238 -0.47583910822868347 -0.5458040237426758 -0.9317933320999146 -0.13999079167842865 0.3349085748195648 -1.9994605779647827
-0.3608916401863098 0.4564814269542694 -0.8132539391517639 0.025838742032647133 -0.03900996595621109 -0.8786470293998718 -0.475875586271286 -0.5458110570907593 -0.9317915439605713 -0.14001451432704926 0.33490368723869324 -1.9994468688964844
-0.36089131236076355 0.4565308094024658 -0.8132263422012329 0.02587130293250084 -0.03905666619539261 -0.878625214099884 -0.4759121239185333 -0.5457813143730164 -0.9317896962165833 -0.1399906426668167 0.3349187672138214 -1.9995087385177612
-0.36088645458221436 0.45651906728744507 -0.8132351040840149 0.02587427757680416 -0.039053335785865784 -0.8786320090293884 -0.4758998155593872 -0.5457870960235596 -0.9317917227745056 -0.13998624682426453 0.3349149823188782 -1.9995006322860718
-0.36085987091064453 0.4565642178058624 -0.8132215142250061 0.025869786739349365 -0.03902963176369667 -0.8786043524742126 -0.47595280408859253 -0.5458065867424011 -0.9318029880523682 -0.14001253247261047 0.33487260341644287 -1.999481439590454
-0.3608693778514862 0.4565577507019043 -0.8132209777832031 0.02587742917239666 -0.03897327184677124 -0.8785988092422485 -0.4759676158428192 -0.5457779765129089 -0.9318016767501831 -0.14006826281547546 0.3348529636859894 -1.9994544982910156
-0.3608416020870209 0.4565333425998688 -0.8132469654083252 0.025852827355265617 -0.0389263890683651 -0.8786085247993469 -0.4759535789489746 -0.5458148121833801 -0.9318143725395203 -0.1400870829820633 0.33480972051620483 -1.9994359016418457
-0.3608352541923523 0.4565097987651825 -0.8132629990577698 0.025850558653473854 -0.03893376886844635 -0.8786239624023438 -0.4759244918823242 -0.5458255410194397 -0.9318165183067322 -0.1400669515132904 0.3348121643066406 -1.9994235038757324
-0.3607749044895172 0.45658034086227417 -0.8132501840591431 0.025864478200674057 -0.038975492119789124 -0.8785942196846008 -0.475975900888443 -0.5458192229270935 -0.9318381547927856 -0.140023335814476 0.33477020263671875 -1.9994847774505615
-0.360778272151947 0.4565797448158264 -0.8132489919662476 0.025856563821434975 -0.038963425904512405 -0.8785924911499023 -0.47598013281822205 -0.5458342432975769 -0.9318373799324036 -0.14003632962703705 0.33476701378822327 -1.9994772672653198
-0.3607851266860962 0.456539124250412 -0.813268780708313 0.025879982858896255 -0.03894125670194626 -0.8786123394966125 -0.4759453237056732 -0.5458307862281799 -0.9318356513977051 -0.14004428684711456 0.33476847410202026 -1.9994632005691528
-0.3607732057571411 0.4565412998199463 -0.8132728338241577 0.025879530236124992 -0.03894319385290146 -0.8786123991012573 -0.47594502568244934 -0.5458459258079529 -0.931840181350708 -0.14003676176071167 0.334758996963501 -1.9994515180587769
-0.36083847284317017 0.4565768241882324 -0.8132239580154419 0.025834904983639717 -0.03892093896865845 -0.8785825371742249 -0.4760020077228546 -0.545783281326294 -0.9318158626556396 -0.1401083916425705 0.3347967565059662 -1.9994724988937378
-0.360847145318985 0.45656532049179077 -0.813226580619812 0.025832077488303185 -0.03893246129155159 -0.8785902261734009 -0.47598686814308167 -0.5457857847213745 -0.9318119883537292 -0.14009758830070496 0.3348119854927063 -1.9994620084762573
-0.3608390688896179 0.4565946161746979 -0.8132137060165405 0.025818293914198875 -0.03888455778360367 -0.878566563129425 -0.47603440284729004 -0.5457698106765747 -0.9318171143531799 -0.14015035331249237 0.3347756266593933 -1.9994542598724365
-0.36080124974250793 0.45660221576690674 -0.8132262229919434 0.025812974199652672 -0.03890644386410713 -0.8785687685012817 -0.47602859139442444 -0.5457810163497925 -0.931830883026123 -0.14011196792125702 0.33475348353385925 -1.999441385269165
-0.36078086495399475 0.4566391706466675 -0.8132145404815674 0.025825081393122673 -0.03887752443552017 -0.8785445690155029 -0.4760756194591522 -0.5458033084869385 -0.9318399429321289 -0.14014320075511932 0.3347150683403015 -1.9994583129882812
-0.3607950210571289 0.45663148164749146 -0.813212513923645 0.02582048624753952 -0.03887711092829704 -0.878547728061676 -0.47606974840164185 -0.5458107590675354 -0.9318345189094543 -0.14014825224876404 0.3347281813621521 -1.9994502067565918
-0.36074474453926086 0.45666128396987915 -0.8132181167602539 0.025843478739261627 -0.03887644782662392 -0.8785346150398254 -0.47609400749206543 -0.5457747578620911 -0.9318540096282959 -0.14013338088989258 0.33468014001846313 -1.9994717836380005
-0.36070048809051514 0.45670217275619507 -0.8132147789001465 0.02585957571864128 -0.03887895867228508 -0.8785149455070496 -0.47613009810447693 -0.545768678188324 -0.9318709969520569 -0.1401234120130539 0.3346368670463562 -1.9994878768920898
-0.3607546091079712 0.45667603611946106 -0.8132054805755615 0.0258216243237257 -0.03883126378059387 -0.8785183429718018 -0.4761277735233307 -0.5457916855812073 -0.9318520426750183 -0.14018748700618744 0.3346628248691559 -1.9995474815368652
-0.3608264923095703 0.45659786462783813 -0.8132174611091614 0.02581237442791462 -0.03886132687330246 -0.8785622715950012 -0.476044237613678 -0.5457779765129089 -0.9318229556083679 -0.14016665518283844 0.33475252985954285 -1.9995514154434204
-0.3608270287513733 0.45657598972320557 -0.813229501247406 0.02580839768052101 -0.038857072591781616 -0.8785744309425354 -0.47602221369743347 -0.5457744002342224 -0.9318229556083679 -0.14016196131706238 0.33475461602211 -1.9995354413986206
-0.3607594668865204 0.45663779973983765 -0.8132247924804688 0.025841398164629936 -0.03892449662089348 -0.8785543441772461 -0.47605377435684204 -0.5457796454429626 -0.9318462610244751 -0.14008653163909912 0.334721177816391 -1.999576210975647
-0.3607966899871826 0.4566579759120941 -0.8131969571113586 0.02583710104227066 -0.038920626044273376 -0.8785386681556702 -0.47608301043510437 -0.5457796454429626 -0.9318320155143738 -0.1401190459728241 0.3347472548484802 -1.9995825290679932
-0.360787957906723 0.45653462409973145 -0.8132700324058533 0.02582201361656189 -0.03887692093849182 -0.87860506772995 -0.4759640395641327 -0.5457194447517395 -0.931837260723114 -0.14010465145111084 0.33473876118659973 -1.9995099306106567
-0.3608054220676422 0.4565482437610626 -0.8132546544075012 0.025820668786764145 -0.03881605714559555 -0.8785863518714905 -0.4760034680366516 -0.5457111597061157 -0.931833028793335 -0.14017727971076965 0.3347201347351074 -1.9995102882385254
-0.3607751131057739 0.45654717087745667 -0.8132687211036682 0.02586229331791401 -0.03877905383706093 -0.878584086894989 -0.47601065039634705 -0.545698344707489 -0.9318462610244751 -0.14019499719142914 0.33467572927474976 -1.9994524717330933
-0.3607722222805023 0.4565870463848114 -0.8132476210594177 0.025857524946331978 -0.038748402148485184 -0.8785564303398132 -0.4760642647743225 -0.5457020998001099 -0.9318487048149109 -0.1402387171983719 0.33465078473091125 -1.9994136095046997
-0.36076775193214417 0.45659857988357544 -0.8132430911064148 0.025874940678477287 -0.038711369037628174 -0.8785444498062134 -0.47608932852745056 -0.5456774830818176 -0.9318519234657288 -0.14027592539787292 0.33462607860565186 -1.999436616897583
-0.36078378558158875 0.4565581977367401 -0.813258707523346 0.025854934006929398 -0.038745127618312836 -0.8785718083381653 -0.4760361611843109 -0.5456984043121338 -0.9318443536758423 -0.14023630321025848 0.33466386795043945 -1.9993696212768555
-0.3607538342475891 0.4565516412258148 -0.8132756352424622 0.025869883596897125 -0.03871855139732361 -0.8785742521286011 -0.4760337769985199 -0.5457250475883484 -0.9318570494651794 -0.14024215936660767 0.33462604880332947 -1.99943208694458
-0.360784649848938 0.4565540552139282 -0.8132606148719788 0.02588082291185856 -0.03868502005934715 -0.8785650730133057 -0.4760534167289734 -0.5457318425178528 -0.9318464994430542 -0.1402917504310608 0.33463460206985474 -1.999549150466919
-0.3607906401157379 0.45653173327445984 -0.8132705092430115 0.025885550305247307 -0.03871171176433563 -0.8785816431045532 -0.4760206937789917 -0.5457298159599304 -0.931843101978302 -0.140260711312294 0.3346571624279022 -1.9995564222335815
-0.36081087589263916 0.4565242826938629 -0.8132656812667847 0.02582024224102497 -0.03874398022890091 -0.8785890936851501 -0.47600436210632324 -0.5457510352134705 -0.9318339228630066 -0.14023840427398682 0.3346920609474182 -1.99957275390625
-0.36082860827445984 0.4565213620662689 -0.813259482383728 0.025813164189457893 -0.03873832896351814 -0.8785883784294128 -0.47600609064102173 -0.5457504391670227 -0.9318272471427917 -0.14025230705738068 0.3347046971321106 -1.9995782375335693
-0.36081624031066895 0.45647889375686646 -0.8132888078689575 0.025824571028351784 -0.038736458867788315 -0.8786140084266663 -0.4759588837623596 -0.5457693338394165 -0.9318321347236633 -0.14022977650165558 0.3347005844116211 -1.999585747718811
-0.36079975962638855 0.45645448565483093 -0.8133097887039185 0.02581610158085823 -0.0387602299451828 -0.8786333203315735 -0.47592130303382874 -0.5457710027694702 -0.9318374991416931 -0.14018821716308594 0.3347029983997345 -1.999589204788208
-0.3608013987541199 0.45648178458213806 -0.8132937550544739 0.02583647146821022 -0.038855984807014465 -0.8786316514015198 -0.47591668367385864 -0.5457674264907837 -0.9318329095840454 -0.1401100754737854 0.3347485661506653 -1.9996330738067627
-0.3607589602470398 0.4565918743610382 -0.8132507801055908 0.02584206871688366 -0.038943082094192505 -0.8785840272903442 -0.4759974181652069 -0.5457738637924194 -0.9318456649780273 -0.14004984498023987 0.334738165140152 -1.999560832977295
-0.3608056902885437 0.45652762055397034 -0.8132660984992981 0.025827443227171898 -0.03895452991127968 -0.8786192536354065 -0.47593146562576294 -0.5457918047904968 -0.9318271279335022 -0.1400383859872818 0.33479464054107666 -1.999534249305725
-0.3608268201351166 0.4564600884914398 -0.8132946491241455 0.025835152715444565 -0.038849249482154846 -0.8786410689353943 -0.47589975595474243 -0.545756459236145 -0.9318233728408813 -0.14012150466442108 0.3347703814506531 -1.9994962215423584
-0.3607809245586395 0.4565204679965973 -0.8132811188697815 0.025850344449281693 -0.038865964859724045 -0.8786122798919678 -0.47595155239105225 -0.5457438230514526 -0.9318404197692871 -0.14010527729988098 0.3347296714782715 -1.9995335340499878
-0.36081942915916443 0.4564715325832367 -0.8132914900779724 0.025864947587251663 -0.03880432993173599 -0.8786282539367676 -0.47592708468437195 -0.5457592010498047 -0.9318280816078186 -0.14016450941562653 0.33473923802375793 -1.9995520114898682
-0.3608788549900055 0.4563470780849457 -0.8133350014686584 0.02585899457335472 -0.03874547407031059 -0.8786870241165161 -0.47582340240478516 -0.5457813739776611 -0.9318075180053711 -0.14020155370235443 0.3347809612751007 -1.999550223350525
-0.36089563369750977 0.4563367962837219 -0.8133333325386047 0.025865331292152405 -0.0387326180934906 -0.8786896467208862 -0.4758196473121643 -0.545789897441864 -0.9318015575408936 -0.14021870493888855 0.33479034900665283 -1.9995492696762085
-0.3609533905982971 0.4563117027282715 -0.8133217692375183 0.025848334655165672 -0.038694724440574646 -0.8786935210227966 -0.4758155345916748 -0.5457649230957031 -0.9317807555198669 -0.1402759850025177 0.33482426404953003 -1.9994831085205078
-0.3609161376953125 0.45633912086486816 -0.813322901725769 0.02583247981965542 -0.038732465356588364 -0.8786864280700684 -0.47582554817199707 -0.5457689166069031 -0.9317936301231384 -0.14023111760616302 0.33480724692344666 -1.999550700187683
-0.36091870069503784 0.4563567638397217 -0.8133118748664856 0.025828536599874496 -0.03875699266791344 -0.8786795735359192 -0.47583621740341187 -0.5457762479782104 -0.9317916035652161 -0.140216663479805 0.33481889963150024 -1.9995551109313965
-0.3609621524810791 0.4563508927822113 -0.8132959008216858 0.025823866948485374 -0.0387461856007576 -0.8786775469779968 -0.47584083676338196 -0.5457810759544373 -0.9317752122879028 -0.14024841785430908 0.3348512053489685 -1.9995373487472534
-0.3609490692615509 0.4564039409160614 -0.8132719397544861 0.025845088064670563 -0.038694337010383606 -0.8786398768424988 -0.4759146273136139 -0.5457648634910583 -0.9317824244499207 -0.14031192660331726 0.334804505109787 -1.999550223350525
-0.3609297275543213 0.45640385150909424 -0.8132805228233337 0.025854600593447685 -0.03871351107954979 -0.8786445260047913 -0.4759044945240021 -0.5457627773284912 -0.9317891597747803 -0.14028313755989075 0.3347979187965393 -1.9995545148849487
-0.3609705865383148 0.45643579959869385 -0.8132445216178894 0.025874705985188484 -0.03868504986166954 -0.8786179423332214 -0.47595587372779846 -0.5457221865653992 -0.9317744970321655 -0.14034567773342133 0.3348124623298645 -1.9995988607406616
-0.36097291111946106 0.4564215838909149 -0.8132514357566833 0.0258782971650362 -0.0386667437851429 -0.8786232471466064 -0.4759474992752075 -0.5457169413566589 -0.931774377822876 -0.14035837352275848 0.33480754494667053 -1.99960196018219
-0.3608877658843994 0.45650631189346313 -0.8132416605949402 0.025891605764627457 -0.03875862434506416 -0.8785949945449829 -0.4759921729564667 -0.5457348227500916 -0.9318035244941711 -0.14025962352752686 0.33476772904396057 -1.9996017217636108
-0.36087366938591003 0.45650187134742737 -0.8132504224777222 0.025893552228808403 -0.03877914696931839 -0.8786019682884216 -0.47597771883010864 -0.5457296371459961 -0.9318081140518188 -0.1402306705713272 0.33476707339286804 -1.9996047019958496
-0.36093947291374207 0.4565272033214569 -0.8132069706916809 0.02584509551525116 -0.03883017599582672 -0.8785890340805054 -0.4759974479675293 -0.5457457900047302 -0.9317805171012878 -0.14022929966449738 0.3348444998264313 -1.999584436416626
-0.36096009612083435 0.4564228951931 -0.8132563829421997 0.025828519836068153 -0.038761768490076065 -0.878637969493866 -0.4759126901626587 -0.5457455515861511 -0.9317753911018372 -0.14026223123073578 0.3348449766635895 -1.9995086193084717
-0.3609168529510498 0.4564457833766937 -0.8132627010345459 0.02581249177455902 -0.03878282383084297 -0.8786315321922302 -0.4759228229522705 -0.5457428693771362 -0.9317912459373474 -0.14022794365882874 0.33481520414352417 -1.9995062351226807
-0.36093074083328247 0.4565044045448303 -0.813223659992218 0.025813618674874306 -0.03874766081571579 -0.8785907030105591 -0.4760010540485382 -0.5457369685173035 -0.9317873120307922 -0.14029289782047272 0.3347988724708557 -1.9994558095932007
-0.360931396484375 0.45650678873062134 -0.8132220506668091 0.025804108008742332 -0.0387292318046093 -0.87858647108078 -0.4760103225708008 -0.5457356572151184 -0.9317878484725952 -0.1403116136789322 0.33478960394859314 -1.9994463920593262
-0.36092066764831543 0.4565066695213318 -0.8132268786430359 0.02582741528749466 -0.03871060907840729 -0.8785846829414368 -0.47601518034935 -0.5457336902618408 -0.9317927956581116 -0.140323206782341 0.3347710072994232 -1.9994616508483887
-0.3609275221824646 0.4565058946609497 -0.8132242560386658 0.02582334168255329 -0.03867083415389061 -0.8785785436630249 -0.4760296940803528 -0.545724630355835 -0.9317917823791504 -0.1403641551733017 0.33475664258003235 -1.999454140663147
-0.3610117733478546 0.45641475915908813 -0.8132380247116089 0.025807062163949013 -0.03867638483643532 -0.8786252737045288 -0.475942999124527 -0.5457296371459961 -0.9317588806152344 -0.14036792516708374 0.334846556186676 -1.9994735717773438
-0.36101090908050537 0.45644888281822205 -0.8132192492485046 0.025796882808208466 -0.03865706920623779 -0.8786025047302246 -0.47598665952682495 -0.5457263588905334 -0.9317600131034851 -0.14039970934391022 0.33483007550239563 -1.9994685649871826
-0.36102479696273804 0.4564288556575775 -0.8132243156433105 0.0258343368768692 -0.03855304792523384 -0.8785973191261292 -0.4760046601295471 -0.5457320809364319 -0.9317589402198792 -0.14049720764160156 0.3347921371459961 -1.9994581937789917
-0.36101964116096497 0.45643073320388794 -0.8132255673408508 0.025827204808592796 -0.03853662684559822 -0.878594160079956 -0.4760117530822754 -0.5457289814949036 -0.931761622428894 -0.14051063358783722 0.3347790837287903 -1.9994505643844604
-0.3610494136810303 0.4564613699913025 -0.8131951689720154 0.025837043300271034 -0.0386737659573555 -0.8785942792892456 -0.4760003983974457 -0.5457658171653748 -0.931744396686554 -0.14041033387184143 0.33486902713775635 -1.999457597732544
-0.3610440492630005 0.45643380284309387 -0.8132129907608032 0.025836385786533356 -0.03865237534046173 -0.8786076903343201 -0.47597742080688477 -0.5457664728164673 -0.9317473769187927 -0.1404162049293518 0.33485832810401917 -1.9994510412216187
-0.3609941303730011 0.45653054118156433 -0.8131808638572693 0.025848276913166046 -0.038719452917575836 -0.8785655498504639 -0.4760497212409973 -0.5457574725151062 -0.9317639470100403 -0.14036522805690765 0.33483362197875977 -1.9994697570800781
-0.36094948649406433 0.45654916763305664 -0.813190221786499 0.025854164734482765 -0.03876007720828056 -0.878564715385437 -0.47604799270629883 -0.5457943677902222 -0.9317795634269714 -0.14030995965003967 0.3348133862018585 -1.9995397329330444
-0.36092662811279297 0.45658978819847107 -0.8131775259971619 0.02585211955010891 -0.03877945989370346 -0.878545880317688 -0.4760811924934387 -0.5458076596260071 -0.9317876100540161 -0.14029580354690552 0.3347969055175781 -1.9995347261428833
-0.3608914315700531 0.4565543830394745 -0.813213050365448 0.025825578719377518 -0.03885111212730408 -0.8785805106163025 -0.4760114550590515 -0.5458120703697205 -0.9317982196807861 -0.14019422233104706 0.334809809923172 -1.999532699584961
-0.3609161674976349 0.4565454125404358 -0.8132070899009705 0.02582463249564171 -0.03884361684322357 -0.8785824179649353 -0.47600847482681274 -0.5458215475082397 -0.931788980960846 -0.14021125435829163 0.3348284959793091 -1.9995241165161133
-0.3608161509037018 0.4565269351005554 -0.813261866569519 0.025846052914857864 -0.03890872374176979 -0.8786118626594543 -0.47594889998435974 -0.545820415019989 -0.9318249821662903 -0.1400870680809021 0.334780216217041 -1.9995160102844238
-0.3608100116252899 0.4565119743347168 -0.813273012638092 0.025850338861346245 -0.03892512619495392 -0.8786236047744751 -0.47592583298683167 -0.545828104019165 -0.9318267107009888 -0.14006204903125763 0.33478599786758423 -1.9995046854019165
-0.3607771694660187 0.45657575130462646 -0.8132517337799072 0.02585291676223278 -0.03890940174460411 -0.8785868287086487 -0.4759950339794159 -0.5458002090454102 -0.9318400621414185 -0.14008501172065735 0.33473914861679077 -1.9995179176330566
-0.3608090579509735 0.456572949886322 -0.8132391571998596 0.025864602997899055 -0.03891017660498619 -0.8785857558250427 -0.4759969413280487 -0.54580157995224 -0.9318276643753052 -0.14010071754455566 0.33476704359054565 -1.999509572982788
-0.3607543110847473 0.4565945565700531 -0.8132513165473938 0.025854771956801414 -0.038829877972602844 -0.8785658478736877 -0.47604021430015564 -0.5457650423049927 -0.9318522214889526 -0.1401551216840744 0.33467593789100647 -1.9995007514953613
-0.36076629161834717 0.45662710070610046 -0.8132277727127075 0.02586192637681961 -0.03886738419532776 -0.8785513639450073 -0.4760638475418091 -0.5457643866539001 -0.931846022605896 -0.14013975858688354 0.3346996307373047 -1.9994900226593018
-0.3607320189476013 0.4566383957862854 -0.8132365942001343 0.0258558951318264 -0.038871824741363525 -0.8785484433174133 -0.4760688841342926 -0.545747697353363 -0.9318590760231018 -0.14012129604816437 0.33467093110084534 -1.9995518922805786
-0.36073336005210876 0.45666584372520447 -0.8132206201553345 0.025857482105493546 -0.038872528821229935 -0.8785324096679688 -0.4760984778404236 -0.5457486510276794 -0.9318585395812988 -0.14013268053531647 0.33466771245002747 -1.9995431900024414
-0.3607393205165863 0.45666375756263733 -0.8132191300392151 0.02586895413696766 -0.038809292018413544 -0.878523588180542 -0.4761199355125427 -0.5457517504692078 -0.9318588972091675 -0.14019472897052765 0.3346408009529114 -1.9995572566986084
-0.3607291877269745 0.45667946338653564 -0.8132147789001465 0.025874467566609383 -0.038822513073682785 -0.8785172700881958 -0.47613048553466797 -0.5457477569580078 -0.9318622350692749 -0.14018313586711884 0.33463627099990845 -1.9995503425598145
-0.3608326017856598 0.45659565925598145 -0.813215970993042 0.02587258256971836 -0.03876635432243347 -0.8785487413406372 -0.47607696056365967 -0.5457433462142944 -0.9318245649337769 -0.14025866985321045 0.3347095847129822 -1.999481439590454
-0.36079323291778564 0.45659902691841125 -0.8132315874099731 0.025877978652715683 -0.03878436237573624 -0.8785529732704163 -0.4760676920413971 -0.5457387566566467 -0.9318390488624573 -0.14022134244441986 0.3346848785877228 -1.999474287033081
-0.3607760965824127 0.45660850405693054 -0.8132338523864746 0.025872621685266495 -0.038798440247774124 -0.8785510659217834 -0.4760701060295105 -0.5457601547241211 -0.9318450689315796 -0.14020250737667084 0.3346759080886841 -1.9995249509811401
-0.3607974052429199 0.4565938115119934 -0.8132326602935791 0.025878511369228363 -0.038805168122053146 -0.8785587549209595 -0.4760552942752838 -0.5457610487937927 -0.9318365454673767 -0.1402018815279007 0.33469992876052856 -1.999519944190979
-0.3608342111110687 0.4565970301628113 -0.8132144808769226 0.02583129145205021 -0.03886397182941437 -0.8785625100135803 -0.4760436415672302 -0.5457529425621033 -0.9318198561668396 -0.14016808569431305 0.3347605764865875 -1.9994672536849976
-0.3608047664165497 0.4566044509410858 -0.8132234215736389 0.025825731456279755 -0.03887440264225006 -0.878562331199646 -0.47604310512542725 -0.5457476377487183 -0.9318308234214783 -0.14014504849910736 0.33473968505859375 -1.9994618892669678
-0.3608088493347168 0.45660486817359924 -0.8132213354110718 0.025867529213428497 -0.03890258073806763 -0.8785659670829773 -0.4760340750217438 -0.5457602143287659 -0.9318280816078186 -0.14012089371681213 0.3347574770450592 -1.9994679689407349
-0.36080268025398254 0.45659583806991577 -0.8132291436195374 0.025874530896544456 -0.03888195753097534 -0.8785686492919922 -0.47603076696395874 -0.5457531809806824 -0.9318313002586365 -0.14013324677944183 0.33474329113960266 -1.9994639158248901
-0.3608191907405853 0.4566310942173004 -0.8132020235061646 0.02586631290614605 -0.03885626420378685 -0.8785427212715149 -0.4760807752609253 -0.5457046627998352 -0.9318259954452515 -0.14018109440803528 0.3347380459308624 -1.9994868040084839
-0.3607963025569916 0.45668163895606995 -0.8131837844848633 0.025843186303973198 -0.038844168186187744 -0.8785133361816406 -0.4761359691619873 -0.5457198023796082 -0.9318353533744812 -0.1402006596326828 0.3347037732601166 -1.9994583129882812
-0.3608422875404358 0.4566747546195984 -0.8131672739982605 0.025820909067988396 -0.03879622742533684 -0.878506064414978 -0.47615325450897217 -0.5457242131233215 -0.9318195581436157 -0.14026840031147003 0.33471938967704773 -1.999460220336914
-0.3608399033546448 0.4566788673400879 -0.8131660223007202 0.02581649273633957 -0.03879473730921745 -0.878503680229187 -0.4761578440666199 -0.5457196831703186 -0.9318205714225769 -0.1402701884508133 0.33471593260765076 -1.9994540214538574
-0.3609338402748108 0.45664963126182556 -0.8131407499313354 0.025809964165091515 -0.038778651505708694 -0.878510057926178 -0.476147323846817 -0.5457534193992615 -0.9317848086357117 -0.14032518863677979 0.33479228615760803 -1.9994704723358154
-0.36093419790267944 0.45669323205947876 -0.8131161332130432 0.025800975039601326 -0.03879085183143616 -0.8784863352775574 -0.47619006037712097 -0.5457645058631897 -0.9317842125892639 -0.14033180475234985 0.33479127287864685 -1.999460220336914
-0.3609062433242798 0.4565892219543457 -0.8131869435310364 0.025832314044237137 -0.038842085748910904 -0.8785574436187744 -0.47605475783348083 -0.5457841753959656 -0.9317929148674011 -0.14022524654865265 0.3348117470741272 -1.9994571208953857
-0.36093077063560486 0.4565882384777069 -0.8131765723228455 0.025832081213593483 -0.03886963427066803 -0.8785600066184998 -0.4760477840900421 -0.5457909107208252 -0.9317822456359863 -0.14021241664886475 0.33484676480293274 -1.9994518756866455
-0.36088013648986816 0.4565728008747101 -0.813207745552063 0.025839686393737793 -0.038917891681194305 -0.8785807490348816 -0.47600552439689636 -0.5458142161369324 -0.9317998290061951 -0.1401326209306717 0.33483120799064636 -1.9994430541992188
-0.36086854338645935 0.45654597878456116 -0.8132279515266418 0.02583436854183674 -0.03891077637672424 -0.8785963654518127 -0.47597724199295044 -0.5458213686943054 -0.9318045973777771 -0.14012189209461212 0.3348223567008972 -1.9994404315948486
-0.36088913679122925 0.45650622248649597 -0.8132411241531372 0.025837330147624016 -0.03894846513867378 -0.8786235451698303 -0.4759240746498108 -0.5457948446273804 -0.931795060634613 -0.14008134603500366 0.33486589789390564 -1.9994314908981323
-0.36088499426841736 0.4565371870994568 -0.8132255673408508 0.02582879550755024 -0.03894439712166786 -0.8786051273345947 -0.47595831751823425 -0.545798122882843 -0.9317968487739563 -0.14009563624858856 0.33485499024391174 -1.9994269609451294
-0.3608646094799042 0.4565041661262512 -0.8132531642913818 0.025815851986408234 -0.039053816348314285 -0.878642737865448 -0.4758800268173218 -0.5457937121391296 -0.931800127029419 -0.13996762037277222 0.33489927649497986 -1.9994628429412842
-0.36086103320121765 0.45647141337394714 -0.8132731318473816 0.025811778381466866 -0.03902490809559822 -0.8786578178405762 -0.47585445642471313 -0.545794665813446 -0.9318027496337891 -0.13997942209243774 0.33488714694976807 -1.9994601011276245
-0.36089828610420227 0.4564584791660309 -0.8132638335227966 0.02583654411137104 -0.03890848159790039 -0.8786446452140808 -0.47588837146759033 -0.5457099676132202 -0.931793212890625 -0.14010442793369293 0.3348614573478699 -1.9994553327560425
-0.3608875572681427 0.45646509528160095 -0.8132649064064026 0.025834133848547935 -0.03892330080270767 -0.8786439299583435 -0.4758884310722351 -0.5457013249397278 -0.9317967295646667 -0.14008724689483643 0.33485880494117737 -1.999451756477356
-0.3608543276786804 0.45652705430984497 -0.8132448792457581 0.025876257568597794 -0.038975369185209274 -0.8786184191703796 -0.4759312570095062 -0.5457385778427124 -0.9318073987960815 -0.14004532992839813 0.3348465859889984 -1.9994617700576782
-0.36082735657691956 0.4565460681915283 -0.8132461309432983 0.025859303772449493 -0.03894783556461334 -0.8786055445671082 -0.47595733404159546 -0.5457495450973511 -0.9318190217018127 -0.14006423950195312 0.3348063826560974 -1.9995149374008179
-0.3608599901199341 0.4565224051475525 -0.8132449388504028 0.02585514821112156 -0.038924455642700195 -0.8786129951477051 -0.47594547271728516 -0.5457504391670227 -0.9318073391914368 -0.1400945484638214 0.33482617139816284 -1.9995187520980835
-0.36087751388549805 0.45656588673591614 -0.8132127523422241 0.02585696056485176 -0.038876973092556 -0.8785788416862488 -0.47601234912872314 -0.545742392539978 -0.9318025708198547 -0.14016690850257874 0.334809273481369 -1.9994758367538452
-0.3608948886394501 0.45654234290122986 -0.8132182955741882 0.025856586173176765 -0.0388585701584816 -0.8785883188247681 -0.47599634528160095 -0.5457392930984497 -0.9317966103553772 -0.14018414914608002 0.33481863141059875 -1.9994755983352661
-0.3608461618423462 0.4565953314304352 -0.813210129737854 0.025842854753136635 -0.038920704275369644 -0.8785709738731384 -0.4760233461856842 -0.5457664132118225 -0.9318128824234009 -0.1401204764842987 0.33479997515678406 -1.9995191097259521
-0.3608444035053253 0.4565247595310211 -0.8132505416870117 0.025805439800024033 -0.03896190598607063 -0.878618597984314 -0.4759320020675659 -0.5458049774169922 -0.9318118095397949 -0.14005160331726074 0.33483168482780457 -1.9995087385177612
-0.3608696758747101 0.45652011036872864 -0.8132419586181641 0.02579808421432972 -0.03897496312856674 -0.8786211013793945 -0.47592639923095703 -0.5458109974861145 -0.9318014979362488 -0.14005132019519806 0.33486056327819824 -1.9995118379592896
-0.36087584495544434 0.45651528239250183 -0.8132418990135193 0.025801289826631546 -0.03903666511178017 -0.878632664680481 -0.4759000241756439 -0.5458162426948547 -0.9317965507507324 -0.1399945616722107 0.3348981440067291 -1.9995405673980713
-0.3608657419681549 0.45651450753211975 -0.8132468461990356 0.025793148204684258 -0.039033472537994385 -0.8786334991455078 -0.4758986532688141 -0.5458229184150696 -0.9318006038665771 -0.1399916708469391 0.3348880708217621 -1.999544620513916
-0.3608453869819641 0.4565249979496002 -0.813249945640564 0.025826171040534973 -0.03903822973370552 -0.8786298632621765 -0.47590500116348267 -0.5457848310470581 -0.9318082332611084 -0.139980286359787 0.33487147092819214 -1.9995510578155518
-0.36085474491119385 0.45651692152023315 -0.8132503628730774 0.025828877463936806 -0.03899776190519333 -0.8786277174949646 -0.47591233253479004 -0.5457817316055298 -0.9318063259124756 -0.14002028107643127 0.3348601162433624 -1.9995555877685547
-0.3608378767967224 0.45658421516418457 -0.8132200837135315 0.02586412988603115 -0.03891434893012047 -0.8785772323608398 -0.476012259721756 -0.5457442402839661 -0.9318163394927979 -0.1401173323392868 0.3347916305065155 -1.999501347541809
