# 3x4 first row second row third row Freq: 100 current Time: 2021-07-28-17:25:43
-0.8063957095146179 -0.08100049942731857 -0.5858029723167419 -0.09708037227392197 0.5072304010391235 -0.6040215492248535 -0.6147158145904541 -0.38691335916519165 -0.30404525995254517 -0.7928411960601807 0.5281661152839661 -2.3717756271362305
-0.8064476847648621 -0.081010602414608 -0.5857300162315369 -0.09707977622747421 0.5071859955787659 -0.604005753993988 -0.6147679686546326 -0.38695889711380005 -0.3039815425872803 -0.7928521633148193 0.5281862616539001 -2.371882200241089
-0.8064394593238831 -0.08088867366313934 -0.5857582092285156 -0.09706011414527893 0.5071123838424683 -0.6040921211242676 -0.6147438287734985 -0.38696104288101196 -0.3041260540485382 -0.7927988171577454 0.5281831622123718 -2.3717033863067627
-0.8064565062522888 -0.08090412616729736 -0.5857325792312622 -0.09703975915908813 0.5070929527282715 -0.604112446308136 -0.6147398948669434 -0.38698625564575195 -0.3041132986545563 -0.7927817702293396 0.5282161235809326 -2.3718063831329346
-0.8063824772834778 -0.08087345212697983 -0.5858387351036072 -0.09706546366214752 0.5072203278541565 -0.6039507389068604 -0.6147937178611755 -0.3869394063949585 -0.3040972054004669 -0.7929080724716187 0.5280357599258423 -2.3716883659362793
-0.8064213991165161 -0.08089987188577652 -0.5857815742492676 -0.09704447537660599 0.5071868300437927 -0.6039593815803528 -0.6148128509521484 -0.38695237040519714 -0.30404993891716003 -0.7928988337516785 0.5280768871307373 -2.3718032836914062
-0.8064183592796326 -0.08093476295471191 -0.585780918598175 -0.09709714353084564 0.5072148442268372 -0.6039311289787292 -0.6148174405097961 -0.38689860701560974 -0.30401116609573364 -0.7929167747497559 0.5280722379684448 -2.3716487884521484
-0.8064313530921936 -0.08093416690826416 -0.5857630968093872 -0.09709504246711731 0.5071892738342285 -0.603961706161499 -0.6148085594177246 -0.38692423701286316 -0.30401939153671265 -0.7928935289382935 0.5281023979187012 -2.371706008911133
-0.8063693046569824 -0.08093666285276413 -0.5858482122421265 -0.09714924544095993 0.507327675819397 -0.603773295879364 -0.6148794293403625 -0.38685736060142517 -0.3039531111717224 -0.7930367588996887 0.527925431728363 -2.3716020584106445
-0.8063967227935791 -0.08092512935400009 -0.585811972618103 -0.0971464067697525 0.5072781443595886 -0.6038150787353516 -0.6148792505264282 -0.38686713576316833 -0.3039628565311432 -0.7930061221122742 0.5279658436775208 -2.3716959953308105
-0.8063541054725647 -0.08096247166395187 -0.5858654975891113 -0.09705778956413269 0.5073461532592773 -0.6037936806678772 -0.6148441433906555 -0.3869602382183075 -0.3039625287055969 -0.7930185794830322 0.5279473066329956 -2.3716254234313965
-0.8063989877700806 -0.08094330877065659 -0.5858063697814941 -0.09702841937541962 0.5072622895240784 -0.6038694381713867 -0.6148389577865601 -0.3869728147983551 -0.3039833605289459 -0.792962908744812 0.5280189514160156 -2.3717434406280518
-0.8063341975212097 -0.08086707442998886 -0.5859060883522034 -0.09712866693735123 0.507333517074585 -0.6037810444831848 -0.6148669719696045 -0.38692501187324524 -0.304036408662796 -0.7930379509925842 0.5278756618499756 -2.37164568901062
-0.806363046169281 -0.08084416389465332 -0.585869550704956 -0.09711650013923645 0.5072842836380005 -0.6038063764572144 -0.6148827075958252 -0.38694706559181213 -0.3040420114994049 -0.793021023273468 0.5278978943824768 -2.37176513671875
-0.8063188195228577 -0.08085101842880249 -0.5859294533729553 -0.09714119136333466 0.5072957873344421 -0.6039046049118042 -0.6147767901420593 -0.3869454860687256 -0.3041400909423828 -0.7929455041885376 0.5279548168182373 -2.3716771602630615
-0.8063529133796692 -0.08085204660892487 -0.5858824253082275 -0.09711612015962601 0.5072588920593262 -0.6039086580276489 -0.6148032546043396 -0.386959433555603 -0.3041112720966339 -0.7929423451423645 0.5279761552810669 -2.371823310852051
-0.8063812851905823 -0.08077221363782883 -0.5858543515205383 -0.0971771851181984 0.5072447657585144 -0.6037840843200684 -0.6149372458457947 -0.38690483570098877 -0.3040596544742584 -0.7930453419685364 0.5278512239456177 -2.3717010021209717
-0.8063174486160278 -0.08088064193725586 -0.5859272480010986 -0.097067691385746 0.5073501467704773 -0.6037976741790771 -0.6148369312286377 -0.38690704107284546 -0.30405303835868835 -0.7930238842964172 0.527887225151062 -2.371792793273926
-0.8063715696334839 -0.08086537569761276 -0.5858549475669861 -0.09703440964221954 0.5072665214538574 -0.6038517355918884 -0.6148528456687927 -0.38693439960479736 -0.30404913425445557 -0.7929843068122864 0.5279489159584045 -2.3719193935394287
-0.8063243627548218 -0.08083284646272659 -0.5859243273735046 -0.0970614105463028 0.5073471665382385 -0.6037364602088928 -0.6148995161056519 -0.3869251012802124 -0.30403974652290344 -0.7930753827095032 0.5278174877166748 -2.371764659881592
-0.8063440322875977 -0.0808703824877739 -0.5858921408653259 -0.097044438123703 0.5073279142379761 -0.6037721633911133 -0.6148802638053894 -0.3869609534740448 -0.3040196895599365 -0.79304438829422 0.5278756618499756 -2.371844530105591
-0.806372880935669 -0.08080482482910156 -0.5858614444732666 -0.09708241373300552 0.5072554349899292 -0.6038134098052979 -0.6148996353149414 -0.38694334030151367 -0.3040640652179718 -0.793019711971283 0.527887225151062 -2.3717384338378906
-0.8063530921936035 -0.08086013048887253 -0.5858809947967529 -0.09704474359750748 0.5073313117027283 -0.6037277579307556 -0.6149211525917053 -0.38689592480659485 -0.3039899468421936 -0.7930792570114136 0.5278403759002686 -2.3717386722564697
-0.8063594102859497 -0.0808134600520134 -0.585878849029541 -0.09702476859092712 0.5072926878929138 -0.6037623286247253 -0.6149190664291382 -0.3869270384311676 -0.30403774976730347 -0.7930576801300049 0.5278452634811401 -2.371858596801758
-0.8062983155250549 -0.08083286136388779 -0.5859602093696594 -0.09706079959869385 0.5073679685592651 -0.6037535071372986 -0.6148656010627747 -0.38694676756858826 -0.30407410860061646 -0.7930623888969421 0.5278172492980957 -2.3718276023864746
-0.8062915802001953 -0.08086452633142471 -0.5859650373458862 -0.09705150872468948 0.5073663592338562 -0.6038092970848083 -0.6148121356964111 -0.3869926929473877 -0.3040945827960968 -0.7930167317390442 0.5278741121292114 -2.371922731399536
-0.8062805533409119 -0.08070544898509979 -0.5860022306442261 -0.09705429524183273 0.5072909593582153 -0.6038691401481628 -0.6148155927658081 -0.3869950771331787 -0.3042495846748352 -0.7929873466491699 0.5278288722038269 -2.371875286102295
-0.8063134551048279 -0.08073469251394272 -0.585952877998352 -0.09702620655298233 0.5072429776191711 -0.6039348840713501 -0.6147905588150024 -0.38702818751335144 -0.3042423725128174 -0.7929342985153198 0.5279127359390259 -2.3720266819000244
-0.8063281178474426 -0.08075057715177536 -0.5859305262565613 -0.0970647782087326 0.5072698593139648 -0.6038413643836975 -0.6148602366447449 -0.3870088756084442 -0.3041587173938751 -0.7930039167404175 0.5278564095497131 -2.371931791305542
-0.806348443031311 -0.08074121177196503 -0.5859038829803467 -0.09703922271728516 0.507228672504425 -0.6038833856582642 -0.6148529648780823 -0.38704201579093933 -0.3041735589504242 -0.7929728627204895 0.5278944373130798 -2.372080087661743
-0.8062876462936401 -0.08070395886898041 -0.5859925746917725 -0.09710998833179474 0.5073352456092834 -0.603732705116272 -0.6149130463600159 -0.3870016634464264 -0.3041568994522095 -0.7930914163589478 0.5277259349822998 -2.3718934059143066
-0.8063469529151917 -0.08070354163646698 -0.5859110951423645 -0.0970768854022026 0.5072475075721741 -0.6037986874580383 -0.6149206161499023 -0.38701286911964417 -0.3041459918022156 -0.7930411696434021 0.5278077125549316 -2.3720526695251465
-0.8063294887542725 -0.08067014068365097 -0.5859397649765015 -0.09712672233581543 0.5072904825210571 -0.6036993861198425 -0.6149826049804688 -0.38695529103279114 -0.3041206896305084 -0.7931201457977295 0.527703583240509 -2.3719065189361572
-0.8062751889228821 -0.08084491640329361 -0.5859903693199158 -0.0970868393778801 0.5074447989463806 -0.6036291122436523 -0.6149243712425232 -0.38688188791275024 -0.30400726199150085 -0.7931559085845947 0.527715265750885 -2.3718743324279785
-0.8062995076179504 -0.08082849532365799 -0.5859591364860535 -0.0971262976527214 0.5074065923690796 -0.6036447286605835 -0.6149404644966125 -0.38696855306625366 -0.30400633811950684 -0.7931456565856934 0.52773118019104 -2.371856451034546
-0.8062074780464172 -0.08073483407497406 -0.5860986709594727 -0.0970911905169487 0.5074760913848877 -0.6036171913146973 -0.6149101853370667 -0.386910080909729 -0.3041344881057739 -0.7931761741638184 0.527611494064331 -2.371891498565674
-0.8062102794647217 -0.08075045049190521 -0.5860927104949951 -0.09713276475667953 0.5074781775474548 -0.6036204695701599 -0.6149052381515503 -0.38700947165489197 -0.3041236102581024 -0.7931720614433289 0.5276238918304443 -2.3718783855438232
-0.806277334690094 -0.08079701662063599 -0.5859940052032471 -0.09706557542085648 0.5074004530906677 -0.6036885380744934 -0.6149026155471802 -0.3869175612926483 -0.3040754795074463 -0.7931155562400818 0.5277366042137146 -2.37188458442688
-0.8062852025032043 -0.08083388209342957 -0.585978090763092 -0.0971037968993187 0.5074079632759094 -0.6036860942840576 -0.6148988008499146 -0.3870199918746948 -0.30404210090637207 -0.793113648891449 0.5277586579322815 -2.371873378753662
-0.8062835335731506 -0.08089426159858704 -0.585972011089325 -0.09702380746603012 0.5073999762535095 -0.6037748456001282 -0.614818274974823 -0.38695886731147766 -0.30405983328819275 -0.7930399179458618 0.5278592109680176 -2.371934652328491
-0.8063199520111084 -0.08089682459831238 -0.585921585559845 -0.09701201319694519 0.5073415637016296 -0.6038301587104797 -0.6148120760917664 -0.3870182931423187 -0.304060697555542 -0.7929975390434265 0.5279224514961243 -2.3720180988311768
-0.8062764406204224 -0.0809025913476944 -0.5859807133674622 -0.0970725268125534 0.5073869824409485 -0.6038370132446289 -0.6147679090499878 -0.3869559168815613 -0.3041004538536072 -0.7929916977882385 0.5279082655906677 -2.371948480606079
-0.8062998056411743 -0.08095388114452362 -0.5859414339065552 -0.09703986346721649 0.5073654651641846 -0.6038828492164612 -0.6147405505180359 -0.38696765899658203 -0.30407431721687317 -0.7929515838623047 0.5279836058616638 -2.3720877170562744
-0.8062976002693176 -0.08087300509214401 -0.5859556794166565 -0.09707269072532654 0.5073279142379761 -0.6039020419120789 -0.6147527694702148 -0.38695192337036133 -0.3041428327560425 -0.7929452061653137 0.5279536843299866 -2.371926784515381
-0.8063413500785828 -0.08089365810155869 -0.5858926177024841 -0.09705586731433868 0.507264256477356 -0.6039700508117676 -0.6147385239601135 -0.3869819641113281 -0.3041330575942993 -0.7928913235664368 0.5280402302742004 -2.3720364570617676
-0.8063180446624756 -0.08101144433021545 -0.5859083533287048 -0.09705246239900589 0.5073800086975098 -0.603855311870575 -0.6147556304931641 -0.38692063093185425 -0.3040015399456024 -0.7929666638374329 0.5280027985572815 -2.371896982192993
-0.8062994480133057 -0.08101560175418854 -0.5859333872795105 -0.0970299243927002 0.5073889493942261 -0.6038873195648193 -0.6147168278694153 -0.38677749037742615 -0.304036021232605 -0.7929418683052063 0.5280202031135559 -2.3719184398651123
-0.8063043355941772 -0.08102421462535858 -0.5859254598617554 -0.09704914689064026 0.5073930025100708 -0.6038724780082703 -0.6147280931472778 -0.38683515787124634 -0.3040163218975067 -0.792952299118042 0.5280159115791321 -2.3719019889831543
-0.8062816858291626 -0.08095875382423401 -0.5859656929969788 -0.09697151184082031 0.5074020028114319 -0.6038422584533691 -0.614750325679779 -0.3867621123790741 -0.3040613532066345 -0.7929819822311401 0.527945339679718 -2.372006416320801
-0.8063036203384399 -0.08093586564064026 -0.5859386920928955 -0.09698695689439774 0.5073603391647339 -0.6038668751716614 -0.6147605180740356 -0.3868233561515808 -0.3040727376937866 -0.7929655909538269 0.5279634594917297 -2.371995449066162
-0.8063037395477295 -0.08095317333936691 -0.5859360694885254 -0.09700943529605865 0.5073655843734741 -0.6038709878921509 -0.6147521734237671 -0.3869006633758545 -0.3040635883808136 -0.7929607033729553 0.5279760956764221 -2.371985912322998
-0.8063848614692688 -0.08096583932638168 -0.5858227014541626 -0.09705135226249695 0.5072740912437439 -0.6039009690284729 -0.6147982478141785 -0.3868507742881775 -0.30400118231773376 -0.7929365634918213 0.5280482172966003 -2.372105836868286
-0.8063865303993225 -0.08102478086948395 -0.5858122706413269 -0.09713231027126312 0.5073181986808777 -0.6038432121276855 -0.6148185729980469 -0.3869074583053589 -0.3039231300354004 -0.7929745316505432 0.5280361771583557 -2.372100591659546
-0.8063551187515259 -0.08108321577310562 -0.5858474373817444 -0.09708192944526672 0.5073750019073486 -0.6038423776626587 -0.6147724986076355 -0.386825829744339 -0.3039117157459259 -0.7929692268371582 0.5280507206916809 -2.3718783855438232
-0.8063023090362549 -0.08101648092269897 -0.5859293341636658 -0.0970945656299591 0.5074392557144165 -0.60374915599823 -0.6148110032081604 -0.3868606388568878 -0.3039444386959076 -0.7930470108985901 0.5279150605201721 -2.3717451095581055
-0.8063663840293884 -0.08106838911771774 -0.5858339071273804 -0.09702449291944504 0.5073440074920654 -0.6038766503334045 -0.614764392375946 -0.38680338859558105 -0.30393341183662415 -0.792944610118866 0.5280752182006836 -2.3720715045928955
-0.8063209652900696 -0.08108710497617722 -0.5858938694000244 -0.09708108007907867 0.5073866844177246 -0.6039093732833862 -0.6146970391273499 -0.38678988814353943 -0.3039827048778534 -0.792917788028717 0.5280870795249939 -2.372004270553589
-0.8062648773193359 -0.0812125876545906 -0.5859537124633789 -0.09706278890371323 0.5075082182884216 -0.6038775444030762 -0.6146279573440552 -0.3867233991622925 -0.3039287030696869 -0.7929291725158691 0.5281010866165161 -2.3720128536224365
-0.8062600493431091 -0.08123795688152313 -0.5859568119049072 -0.0970960482954979 0.5075268149375916 -0.603868842124939 -0.6146211624145508 -0.38679224252700806 -0.30391043424606323 -0.7929331660270691 0.5281055569648743 -2.372006416320801
-0.8063327074050903 -0.08123656362295151 -0.5858570337295532 -0.09708672016859055 0.5074543356895447 -0.6038576364517212 -0.6146920323371887 -0.3868359625339508 -0.30383870005607605 -0.7929418683052063 0.5281338095664978 -2.372080087661743
-0.8062576055526733 -0.08123490959405899 -0.5859605669975281 -0.09703664481639862 0.5075715184211731 -0.6037555932998657 -0.6146954894065857 -0.3868269622325897 -0.3038421869277954 -0.7930197715759277 0.5280148386955261 -2.371896505355835
-0.8062668442726135 -0.08122732490301132 -0.5859489440917969 -0.09699559956789017 0.5075843930244446 -0.6036888360977173 -0.6147504448890686 -0.38680499792099 -0.3037962317466736 -0.7930713295936584 0.5279637575149536 -2.371894359588623
-0.8062735199928284 -0.08124759793281555 -0.5859369039535522 -0.09700867533683777 0.5075801610946655 -0.60370272397995 -0.614740252494812 -0.38688090443611145 -0.303785502910614 -0.7930586934089661 0.5279889702796936 -2.371875762939453
-0.8062726855278015 -0.08113894611597061 -0.5859531760215759 -0.09699442237615585 0.5074928402900696 -0.6038190722465515 -0.6146981716156006 -0.38677629828453064 -0.30393365025520325 -0.7929812669754028 0.5280200242996216 -2.3720381259918213
-0.8062757253646851 -0.08112277835607529 -0.5859512090682983 -0.09701568633317947 0.5074876546859741 -0.6038071513175964 -0.6147140860557556 -0.3868549168109894 -0.30393412709236145 -0.7929919362068176 0.5280036330223083 -2.3720366954803467
-0.8063125014305115 -0.08117575943470001 -0.5858932733535767 -0.0969843715429306 0.5074582695960999 -0.6038389801979065 -0.6147071719169617 -0.3868549168109894 -0.303885817527771 -0.7929623126983643 0.5280759930610657 -2.3720438480377197
-0.806325376033783 -0.08118332922458649 -0.5858744978904724 -0.09700289368629456 0.507458508014679 -0.6038109064102173 -0.6147344708442688 -0.386935830116272 -0.3038511872291565 -0.7929828763008118 0.528065025806427 -2.3720407485961914
-0.8063007593154907 -0.08123000711202621 -0.5859018564224243 -0.09706397354602814 0.5075023770332336 -0.6038127541542053 -0.6146964430809021 -0.3868241310119629 -0.3038431704044342 -0.7929767370223999 0.5280789136886597 -2.3720579147338867
-0.806278645992279 -0.08132009953260422 -0.5859198570251465 -0.09699896723031998 0.5075878500938416 -0.6037448644638062 -0.6146925687789917 -0.3867603540420532 -0.3037591874599457 -0.79301917552948 0.5280634760856628 -2.372065782546997
-0.8062915802001953 -0.08129308372735977 -0.5859057903289795 -0.09702464938163757 0.5075669884681702 -0.6037353873252869 -0.6147190928459167 -0.38684213161468506 -0.3037595748901367 -0.7930291295051575 0.5280482172966003 -2.372058629989624
-0.806303083896637 -0.0814136266708374 -0.5858731865882874 -0.09703001379966736 0.5076065063476562 -0.6037272810935974 -0.6146944761276245 -0.3867715299129486 -0.30366307497024536 -0.7930229902267456 0.5281130075454712 -2.372040033340454
-0.8063109517097473 -0.08140958845615387 -0.5858629941940308 -0.09705627709627151 0.5075990557670593 -0.6037209630012512 -0.6147067546844482 -0.38684049248695374 -0.3036547005176544 -0.7930281758308411 0.5281100273132324 -2.3720340728759766
-0.8062993884086609 -0.08136678487062454 -0.5858848094940186 -0.09700017422437668 0.5075526237487793 -0.6038289070129395 -0.614639163017273 -0.3867446780204773 -0.30376288294792175 -0.7929503917694092 0.5281645655632019 -2.3720643520355225
-0.8063109517097473 -0.08133929967880249 -0.5858727693557739 -0.09702206403017044 0.5075186491012573 -0.6038571000099182 -0.6146394610404968 -0.38681361079216003 -0.3037889897823334 -0.7929317951202393 0.5281775593757629 -2.372058153152466
-0.8062378168106079 -0.08139365166425705 -0.5859658122062683 -0.09696578979492188 0.5076270699501038 -0.6038312911987305 -0.6145752668380737 -0.38680368661880493 -0.30380192399024963 -0.7929458022117615 0.5281490683555603 -2.372093439102173
-0.8062443733215332 -0.08138622343540192 -0.5859578251838684 -0.09698210656642914 0.5076221227645874 -0.6038185954093933 -0.6145918369293213 -0.38688039779663086 -0.3037928640842438 -0.7929562926292419 0.5281385779380798 -2.3720879554748535
-0.806228518486023 -0.08129748702049255 -0.5859919786453247 -0.09696277230978012 0.5075548887252808 -0.6039443016052246 -0.6145238876342773 -0.3868081569671631 -0.30394718050956726 -0.7928696274757385 0.5281798243522644 -2.3720505237579346
-0.8062388300895691 -0.08130563795566559 -0.5859766602516174 -0.09697987139225006 0.5075470209121704 -0.6039451956748962 -0.6145294904708862 -0.3868909180164337 -0.3039329946041107 -0.7928680777549744 0.5281902551651001 -2.372040033340454
-0.8062160611152649 -0.08118546009063721 -0.5860245823860168 -0.09697612375020981 0.5074910521507263 -0.6040273308753967 -0.6144949793815613 -0.38681796193122864 -0.30408674478530884 -0.7928178310394287 0.5281772017478943 -2.372047185897827
-0.8062480688095093 -0.08123206347227097 -0.5859740972518921 -0.09692195802927017 0.507472038269043 -0.6040382385253906 -0.6144999265670776 -0.3867858052253723 -0.3040336072444916 -0.7928047776222229 0.5282274484634399 -2.372058391571045
-0.8062666058540344 -0.08107033371925354 -0.5859709978103638 -0.09700266271829605 0.5073777437210083 -0.6040638089179993 -0.6145526766777039 -0.3867163062095642 -0.3041418194770813 -0.7928017973899841 0.528169572353363 -2.3720955848693848
-0.8062426447868347 -0.08101526647806168 -0.5860115885734558 -0.09698881208896637 0.5073847770690918 -0.6040531992912292 -0.6145572662353516 -0.3866848945617676 -0.3041935861110687 -0.7928155660629272 0.5281191468238831 -2.372093439102173
-0.8062552213668823 -0.08096130937337875 -0.5860017538070679 -0.09696964919567108 0.5073180198669434 -0.6041362881660461 -0.6145307421684265 -0.38679054379463196 -0.3042716681957245 -0.7927577495574951 0.5281609296798706 -2.372056484222412
-0.8062236905097961 -0.08094760775566101 -0.5860470533370972 -0.09705226868391037 0.5073410272598267 -0.6041480898857117 -0.614500105381012 -0.386817067861557 -0.30431681871414185 -0.7927501201629639 0.5281463265419006 -2.37204909324646
-0.8062589764595032 -0.08096534013748169 -0.5859960913658142 -0.09700173139572144 0.5072953104972839 -0.604189395904541 -0.6144972443580627 -0.38677671551704407 -0.30429956316947937 -0.7927168607711792 0.5282062292098999 -2.37222957611084
-0.806242048740387 -0.08097545057535172 -0.5860179662704468 -0.0970054492354393 0.5073398947715759 -0.6041300892829895 -0.6145187616348267 -0.3868178427219391 -0.30427005887031555 -0.7927610278129578 0.5281569361686707 -2.3721463680267334
-0.8062556385993958 -0.08086933195590973 -0.586013913154602 -0.09694752097129822 0.507236123085022 -0.6042519807815552 -0.6144845485687256 -0.3868182301521301 -0.3044070601463318 -0.792678952217102 0.528201162815094 -2.3722174167633057
-0.8062154650688171 -0.08101561665534973 -0.58604896068573 -0.09695659577846527 0.5073514580726624 -0.6042146682739258 -0.6144260764122009 -0.3867686688899994 -0.30432116985321045 -0.7926924824714661 0.5282303690910339 -2.3722541332244873
-0.8062387108802795 -0.08103768527507782 -0.5860138535499573 -0.0969814881682396 0.5073369741439819 -0.6042119264602661 -0.6144406795501709 -0.3868523836135864 -0.30428364872932434 -0.7926923036575317 0.5282522439956665 -2.372251033782959
-0.8062245845794678 -0.0809917077422142 -0.5860397219657898 -0.09694687277078629 0.5073369145393372 -0.6042025685310364 -0.6144499182701111 -0.38675129413604736 -0.3043212890625 -0.7927041053771973 0.52821284532547 -2.3721697330474854
-0.8062386512756348 -0.08101623505353928 -0.5860170125961304 -0.0969652533531189 0.5073370337486267 -0.6041895747184753 -0.6144626140594482 -0.3868403136730194 -0.30428382754325867 -0.7927115559577942 0.5282232761383057 -2.3721632957458496
-0.8062795996665955 -0.08094631880521774 -0.5859703421592712 -0.09696462005376816 0.5072137713432312 -0.604325532913208 -0.6144307255744934 -0.3867186903953552 -0.3043808341026306 -0.7926150560379028 0.5283122062683105 -2.3722341060638428
-0.8062679767608643 -0.08094976842403412 -0.5859857797622681 -0.09699180722236633 0.5072305798530579 -0.6043170094490051 -0.6144251823425293 -0.38679784536361694 -0.3043835461139679 -0.7926211357116699 0.5283014178276062 -2.3722360134124756
-0.8062296509742737 -0.08088184893131256 -0.586047887802124 -0.09699250757694244 0.5072280168533325 -0.604357123374939 -0.6143878698348999 -0.3868144750595093 -0.3044893443584442 -0.7925975322723389 0.5282759666442871 -2.372220277786255
-0.8062839508056641 -0.08086734265089035 -0.5859752297401428 -0.09696151316165924 0.507156252861023 -0.6043804883956909 -0.6144241094589233 -0.3868439495563507 -0.30446508526802063 -0.7925812005996704 0.528314471244812 -2.372344493865967
-0.8062413930892944 -0.08090206235647202 -0.5860289335250854 -0.09700797498226166 0.5072389841079712 -0.6043177843093872 -0.614417552947998 -0.38679689168930054 -0.3044399917125702 -0.7926254868507385 0.5282624363899231 -2.3722124099731445
-0.8062868714332581 -0.0808863416314125 -0.585968554019928 -0.0969819724559784 0.5071895122528076 -0.6043058633804321 -0.6144700646400452 -0.3868199288845062 -0.3044019341468811 -0.7926361560821533 0.5282683372497559 -2.3723206520080566
-0.8062489628791809 -0.08088809251785278 -0.5860204696655273 -0.09696774184703827 0.507285475730896 -0.6041614413261414 -0.6145328879356384 -0.38682058453559875 -0.3043425381183624 -0.7927460670471191 0.5281376838684082 -2.3722012042999268
-0.8062747716903687 -0.08087370544672012 -0.5859869122505188 -0.09693534672260284 0.5072449445724487 -0.6041813492774963 -0.6145467758178711 -0.38684719800949097 -0.3043416440486908 -0.7927323579788208 0.5281587243080139 -2.372316360473633
-0.8062071800231934 -0.08080358058214188 -0.5860896110534668 -0.09702932834625244 0.5073438286781311 -0.6040349006652832 -0.6146091222763062 -0.3867569863796234 -0.3043558895587921 -0.7928510904312134 0.5279722213745117 -2.3722171783447266
-0.8062126636505127 -0.08075563609600067 -0.5860887169837952 -0.09691785275936127 0.507278323173523 -0.6041403412818909 -0.614559531211853 -0.38676607608795166 -0.3044506311416626 -0.7927756309509277 0.5280309319496155 -2.3722639083862305
-0.8062394261360168 -0.08075536787509918 -0.5860519409179688 -0.09692911803722382 0.507246196269989 -0.6041505336761475 -0.614575982093811 -0.3868544399738312 -0.3044332265853882 -0.7927678823471069 0.5280526280403137 -2.3722665309906006
-0.8062791228294373 -0.08074963837862015 -0.5859981179237366 -0.09693349897861481 0.507167398929596 -0.6042413115501404 -0.6145517826080322 -0.3867177367210388 -0.3044593632221222 -0.7926992774009705 0.5281404852867126 -2.372375249862671
-0.806317925453186 -0.08071966469287872 -0.5859488248825073 -0.0969233438372612 0.5071033239364624 -0.6042706966400146 -0.6145757436752319 -0.3867582082748413 -0.30446329712867737 -0.7926799654960632 0.5281673073768616 -2.372459650039673
-0.8062911033630371 -0.08083618432283401 -0.5859696269035339 -0.09697528183460236 0.5071877241134644 -0.6042463183403015 -0.614530086517334 -0.386720210313797 -0.3043936789035797 -0.7926866412162781 0.5281973481178284 -2.372382640838623
-0.8063685894012451 -0.0808289423584938 -0.5858640074729919 -0.09696577489376068 0.5070871114730835 -0.6042892336845398 -0.6145709156990051 -0.38675785064697266 -0.3043561279773712 -0.7926546931266785 0.528266966342926 -2.3724520206451416
-0.8062787055969238 -0.08072540163993835 -0.5860020518302917 -0.0969870314002037 0.5071610808372498 -0.6042335629463196 -0.6145646572113037 -0.38674986362457275 -0.30447104573249817 -0.7927076816558838 0.5281211733818054 -2.372349500656128
-0.8062797784805298 -0.08070369064807892 -0.5860035419464111 -0.09693923592567444 0.5071165561676025 -0.6043236255645752 -0.6145127415657043 -0.38670051097869873 -0.30454227328300476 -0.7926412224769592 0.5281798839569092 -2.372366428375244
-0.8062888383865356 -0.08070683479309082 -0.5859906673431396 -0.0969569981098175 0.5071084499359131 -0.6043234467506409 -0.6145197153091431 -0.3867837190628052 -0.30453187227249146 -0.7926410436630249 0.5281861424446106 -2.3723654747009277
-0.8062893152236938 -0.08074723184108734 -0.5859843492507935 -0.09694528579711914 0.5071051716804504 -0.6043729186058044 -0.6144737005233765 -0.38671454787254333 -0.30453598499298096 -0.7925992012023926 0.5282465815544128 -2.3723599910736084
-0.806271493434906 -0.08076301217079163 -0.5860067009925842 -0.09696366637945175 0.5071292519569397 -0.6043753623962402 -0.6144514679908752 -0.38678357005119324 -0.30454298853874207 -0.7925957441329956 0.5282476544380188 -2.3723599910736084
-0.8062807321548462 -0.08082228899002075 -0.5859858989715576 -0.09697793424129486 0.5071776509284973 -0.6042864918708801 -0.6144989132881165 -0.38670727610588074 -0.304438054561615 -0.7926574945449829 0.5282155275344849 -2.3723394870758057
-0.8062918186187744 -0.08083101361989975 -0.5859693884849548 -0.09700092673301697 0.5071691870689392 -0.6042872667312622 -0.6145051121711731 -0.3867800235748291 -0.3044227063655853 -0.7926559448242188 0.5282266736030579 -2.3723397254943848
-0.8062312602996826 -0.08076164126396179 -0.5860622525215149 -0.09698117524385452 0.5071922540664673 -0.6043197512626648 -0.6144541501998901 -0.3867573142051697 -0.304544597864151 -0.7926382422447205 0.5281829237937927 -2.3723583221435547
-0.8062452673912048 -0.08073368668556213 -0.5860468745231628 -0.09700299054384232 0.5071576833724976 -0.6043422222137451 -0.6144605278968811 -0.38683974742889404 -0.3045651316642761 -0.7926239967346191 0.5281925201416016 -2.372361898422241
-0.8062741756439209 -0.0809268206357956 -0.5859804153442383 -0.09696079045534134 0.5072171092033386 -0.6043111085891724 -0.6144421100616455 -0.38672250509262085 -0.3043895959854126 -0.7926279902458191 0.5282877087593079 -2.3724074363708496
-0.8062878251075745 -0.08092517405748367 -0.5859618782997131 -0.09697675704956055 0.5072055459022522 -0.604302167892456 -0.6144604086875916 -0.38680127263069153 -0.3043726682662964 -0.7926349639892578 0.5282869935035706 -2.3724122047424316
-0.8062913417816162 -0.08095869421958923 -0.5859524011611938 -0.09690594673156738 0.5072128176689148 -0.6043089032173157 -0.6144478917121887 -0.38676121830940247 -0.304351270198822 -0.7926264405250549 0.528312087059021 -2.3724143505096436
-0.8063420057296753 -0.08095848560333252 -0.5858827829360962 -0.09688059240579605 0.5071461200714111 -0.6043440103530884 -0.6144683361053467 -0.38680195808410645 -0.30432823300361633 -0.7925996780395508 0.5283654928207397 -2.372509717941284
-0.8063045740127563 -0.08076302707195282 -0.5859612226486206 -0.09691905975341797 0.5071393251419067 -0.6042589545249939 -0.6145576238632202 -0.38677093386650085 -0.3044387102127075 -0.7926844954490662 0.528174638748169 -2.3724160194396973
-0.8063015937805176 -0.08076978474855423 -0.5859643816947937 -0.09691490978002548 0.507128119468689 -0.6043034195899963 -0.61452317237854 -0.386822909116745 -0.30446529388427734 -0.7926499247550964 0.5282111763954163 -2.372483015060425
-0.8062430620193481 -0.0809173658490181 -0.5860245823860168 -0.0969557985663414 0.5072706937789917 -0.6042466163635254 -0.6144613027572632 -0.38678616285324097 -0.30438271164894104 -0.79267817735672 0.5282164216041565 -2.3723480701446533
-0.8062458038330078 -0.08087576180696487 -0.5860265493392944 -0.09689909964799881 0.5072477459907532 -0.6042553186416626 -0.6144716739654541 -0.38673684000968933 -0.30441373586654663 -0.7926757335662842 0.5282021164894104 -2.3723485469818115
-0.8062567710876465 -0.08079222589731216 -0.5860229730606079 -0.09694970399141312 0.5071879029273987 -0.6042936444282532 -0.6144834756851196 -0.38674089312553406 -0.30448436737060547 -0.7926551103591919 0.5281924605369568 -2.3722951412200928
-0.8062762022018433 -0.08084709197282791 -0.5859886407852173 -0.09694112837314606 0.5071665644645691 -0.6043537259101868 -0.614441990852356 -0.3867012858390808 -0.3044685125350952 -0.7926036715507507 0.5282787084579468 -2.3723278045654297
-0.8063022494316101 -0.08090578019618988 -0.5859447121620178 -0.096953384578228 0.507166862487793 -0.6043431758880615 -0.614452064037323 -0.38662025332450867 -0.30439889430999756 -0.7926056981086731 0.5283157825469971 -2.372386932373047
-0.8063209652900696 -0.08099976927042007 -0.5859059691429138 -0.09695052355527878 0.5072030425071716 -0.6042965650558472 -0.6144680380821228 -0.3866346478462219 -0.3042891323566437 -0.7926316857337952 0.5283401012420654 -2.372441530227661
-0.8063328266143799 -0.08104348182678223 -0.5858835577964783 -0.0969521701335907 0.5072042346000671 -0.6043067574501038 -0.6144570112228394 -0.38668376207351685 -0.3042556047439575 -0.7926194071769714 0.5283777713775635 -2.3724794387817383
-0.8062826991081238 -0.08105301856994629 -0.5859512090682983 -0.0969451367855072 0.5073190331459045 -0.604154646396637 -0.6145118474960327 -0.3866483271121979 -0.3041970729827881 -0.7927343845367432 0.5282389521598816 -2.372335195541382
-0.8063470125198364 -0.08103352040052414 -0.5858654379844666 -0.09690164029598236 0.5072240233421326 -0.6042060256004333 -0.6145397424697876 -0.38665664196014404 -0.30418506264686584 -0.7926971912384033 0.5283016562461853 -2.37241530418396
-0.8063246011734009 -0.08099737763404846 -0.5859013199806213 -0.0968417152762413 0.5072196125984192 -0.604240894317627 -0.614509105682373 -0.3866749107837677 -0.30425184965133667 -0.7926743626594543 0.5282975435256958 -2.37237548828125
-0.8063735365867615 -0.08098509162664413 -0.5858356356620789 -0.09681928157806396 0.5071680545806885 -0.6042285561561584 -0.6145637631416321 -0.38671112060546875 -0.30420807003974915 -0.7926849722862244 0.528306782245636 -2.3724029064178467
-0.8063430190086365 -0.08087819814682007 -0.5858924388885498 -0.09688454866409302 0.5071261525154114 -0.60430908203125 -0.6145191788673401 -0.38665351271629333 -0.3043588399887085 -0.7926345467567444 0.528295636177063 -2.372394561767578
-0.8063765168190002 -0.08085504919290543 -0.5858495235443115 -0.09686647355556488 0.5070859789848328 -0.604297935962677 -0.6145632863044739 -0.3866764008998871 -0.3043370544910431 -0.7926453948020935 0.5282918810844421 -2.372437000274658
-0.8063871264457703 -0.08084790408611298 -0.5858359336853027 -0.09686563909053802 0.5070841312408447 -0.6042662858963013 -0.6145959496498108 -0.38668572902679443 -0.3043120503425598 -0.7926702499389648 0.5282689929008484 -2.3723831176757812
-0.8063652515411377 -0.08069855719804764 -0.5858865976333618 -0.09688643366098404 0.5070083141326904 -0.6043667793273926 -0.6145597100257874 -0.38661977648735046 -0.30449625849723816 -0.7926088571548462 0.5282549858093262 -2.3723907470703125
-0.8063792586326599 -0.08070822805166245 -0.5858659148216248 -0.09690500050783157 0.5069952607154846 -0.604372501373291 -0.614564836025238 -0.38668912649154663 -0.30448073148727417 -0.7926034927368164 0.5282719135284424 -2.372377634048462
-0.806358814239502 -0.08075059205293655 -0.5858882665634155 -0.09688982367515564 0.5070270895957947 -0.604390025138855 -0.614521324634552 -0.3866334855556488 -0.30448204278945923 -0.7925857901573181 0.5282977819442749 -2.3724608421325684
-0.8063693642616272 -0.0807303935289383 -0.5858765840530396 -0.09691023826599121 0.5070079565048218 -0.6043897867202759 -0.6145373582839966 -0.38669291138648987 -0.30448591709136963 -0.7925880551338196 0.5282921195030212 -2.3724591732025146
-0.8063611388206482 -0.08082252740859985 -0.5858751535415649 -0.09691172093153 0.5070276260375977 -0.6044575572013855 -0.614454448223114 -0.38662460446357727 -0.3044748306274414 -0.7925269603729248 0.528390109539032 -2.372509241104126
-0.8064196109771729 -0.08085813373327255 -0.5857897400856018 -0.09687809646129608 0.506965696811676 -0.6044965386390686 -0.614467203617096 -0.3866250514984131 -0.30442315340042114 -0.7924936413764954 0.5284699201583862 -2.37261700630188
-0.8063380718231201 -0.08070255815982819 -0.585923433303833 -0.09691732376813889 0.5069896578788757 -0.6044936180114746 -0.6144503355026245 -0.38660264015197754 -0.30459916591644287 -0.7925117015838623 0.5283413529396057 -2.3725926876068115
-0.8063263297080994 -0.08069118112325668 -0.5859411358833313 -0.09694046527147293 0.5070047974586487 -0.6044743061065674 -0.614456832408905 -0.3866574466228485 -0.30460506677627563 -0.7925276160240173 0.5283141136169434 -2.372598171234131
-0.8063045144081116 -0.08077681809663773 -0.5859594345092773 -0.09692403674125671 0.5070921778678894 -0.604396402835846 -0.614461362361908 -0.38664114475250244 -0.3045174777507782 -0.7925782799720764 0.5282886028289795 -2.3725807666778564
-0.8063747882843018 -0.08075962960720062 -0.5858650803565979 -0.09691135585308075 0.506999135017395 -0.6044285893440247 -0.6145064830780029 -0.38667574524879456 -0.3044862151145935 -0.7925555109977722 0.5283408164978027 -2.3726344108581543
-0.806386411190033 -0.08076155185699463 -0.5858487486839294 -0.09693246334791183 0.5069982409477234 -0.604401171207428 -0.6145341396331787 -0.38660791516304016 -0.304456889629364 -0.7925761938095093 0.528326690196991 -2.3725545406341553
-0.806361198425293 -0.08084721118211746 -0.585871696472168 -0.0969061404466629 0.5070539116859436 -0.6044149994850159 -0.6144746541976929 -0.38658198714256287 -0.3044310212135315 -0.7925569415092468 0.5283704400062561 -2.3725342750549316
-0.8063395023345947 -0.08086502552032471 -0.5858990550041199 -0.09691767394542694 0.5070865154266357 -0.6044079661369324 -0.6144546866416931 -0.3866457939147949 -0.3044340908527374 -0.7925605177879333 0.5283633470535278 -2.3725318908691406
-0.8063205480575562 -0.08081516623497009 -0.5859320759773254 -0.09686729311943054 0.5070396661758423 -0.6045295000076294 -0.6143738031387329 -0.38662591576576233 -0.30456241965293884 -0.7924728989601135 0.5284208059310913 -2.3725271224975586
-0.8063274025917053 -0.08079317212104797 -0.5859256386756897 -0.09688084572553635 0.5070255994796753 -0.6045242547988892 -0.6143905520439148 -0.3867109715938568 -0.3045676350593567 -0.7924790978431702 0.5284084677696228 -2.3725268840789795
-0.8063173294067383 -0.08086134493350983 -0.5859301090240479 -0.096872977912426 0.5070675611495972 -0.6045141220092773 -0.6143658757209778 -0.38663962483406067 -0.3045245110988617 -0.7924798727035522 0.5284321308135986 -2.372528553009033
-0.8062999844551086 -0.08089490979909897 -0.5859493613243103 -0.09688715636730194 0.5071062445640564 -0.6044958829879761 -0.6143518686294556 -0.3867049515247345 -0.30450597405433655 -0.7924903631210327 0.5284271240234375 -2.3725290298461914
-0.8062527179718018 -0.08090263605117798 -0.5860132575035095 -0.0968988686800003 0.5071629881858826 -0.6044851541519165 -0.6143155694007874 -0.3866785168647766 -0.30453649163246155 -0.7924977540969849 0.5283983945846558 -2.372546672821045
-0.8063179850578308 -0.08084288984537125 -0.5859317183494568 -0.09686228632926941 0.5070569515228271 -0.6045204401016235 -0.6143683791160583 -0.3866744041442871 -0.30454033613204956 -0.7924769520759583 0.5284274220466614 -2.372634172439575
-0.806291937828064 -0.08091030269861221 -0.5859583020210266 -0.09686082601547241 0.5071197152137756 -0.6044989228248596 -0.6143377423286438 -0.3866722285747528 -0.3045048415660858 -0.7924864292144775 0.528433620929718 -2.3725993633270264
-0.8062734603881836 -0.08085883408784866 -0.585990846157074 -0.09688954055309296 0.5071235299110413 -0.6044855117797852 -0.6143478155136108 -0.38657474517822266 -0.30454742908477783 -0.7925019860267639 0.5283858180046082 -2.372567892074585
-0.8062884211540222 -0.08084746450185776 -0.5859717726707458 -0.0969085693359375 0.5071056485176086 -0.6044791340827942 -0.6143687963485718 -0.38662809133529663 -0.30453750491142273 -0.7925079464912415 0.5283825397491455 -2.372565746307373
-0.8062975406646729 -0.0809037834405899 -0.5859514474868774 -0.096902996301651 0.5070953965187073 -0.6045400500297546 -0.6143173575401306 -0.3865508735179901 -0.30453044176101685 -0.792455792427063 0.5284648537635803 -2.372565507888794
-0.8063349723815918 -0.0808582454919815 -0.5859062075614929 -0.09689351171255112 0.5070387721061707 -0.6045374870300293 -0.6143666505813599 -0.38657981157302856 -0.30452558398246765 -0.7924624085426331 0.528457760810852 -2.372628688812256
-0.806302011013031 -0.08080632239580154 -0.5859587788581848 -0.09694524854421616 0.5070528984069824 -0.6045362949371338 -0.6143561601638794 -0.3865284025669098 -0.3045894205570221 -0.7924686074256897 0.5284116864204407 -2.372526168823242
-0.8063387274742126 -0.08085177093744278 -0.5859019756317139 -0.09690359234809875 0.5070252418518066 -0.6045557856559753 -0.6143597960472107 -0.38657453656196594 -0.3045382797718048 -0.7924490571022034 0.5284703969955444 -2.372575283050537
-0.8063334226608276 -0.0808771625161171 -0.5859057307243347 -0.09692852199077606 0.5070511698722839 -0.6045293211936951 -0.6143644452095032 -0.3866390585899353 -0.30450910329818726 -0.7924666404724121 0.5284608602523804 -2.372572898864746
-0.8063328266143799 -0.08096054196357727 -0.5858950614929199 -0.09695492684841156 0.5070824027061462 -0.6045370697975159 -0.6143310070037842 -0.3866099715232849 -0.3044586479663849 -0.7924522161483765 0.5285115242004395 -2.3725099563598633
-0.8063492774963379 -0.08093270659446716 -0.5858762264251709 -0.09698445349931717 0.5070524215698242 -0.604541003704071 -0.6143519282341003 -0.3866865336894989 -0.30446499586105347 -0.7924520969390869 0.5285081267356873 -2.3724987506866455
-0.8063103556632996 -0.08080582320690155 -0.5859473943710327 -0.09696260094642639 0.5070658326148987 -0.6044793128967285 -0.6144015192985535 -0.38665252923965454 -0.3045457899570465 -0.792512059211731 0.5283715724945068 -2.3724701404571533
-0.806350827217102 -0.0808006152510643 -0.585892379283905 -0.09694524854421616 0.5070094466209412 -0.6045101881027222 -0.6144177317619324 -0.38667649030685425 -0.3045324981212616 -0.7924890518188477 0.5284137725830078 -2.3725361824035645
