# 3x4 first row second row third row Freq: 100 current Time: 2021-07-28-17:22:40
-0.10575319826602936 0.29597753286361694 -0.9493227005004883 -0.05603360757231712 -0.32538193464279175 -0.9124203324317932 -0.2482251226902008 -0.6973872184753418 -0.9396503567695618 0.28264185786247253 0.19279712438583374 -2.0057802200317383
-0.10574568808078766 0.29601192474365234 -0.9493128061294556 -0.05601274594664574 -0.3253619968891144 -0.9124167561531067 -0.24826444685459137 -0.6973328590393066 -0.9396581053733826 0.2826174199581146 0.19279518723487854 -2.0056955814361572
-0.10561950504779816 0.29602962732315063 -0.9493213295936584 -0.05599755793809891 -0.3253088593482971 -0.9124181866645813 -0.24832883477210999 -0.6973969340324402 -0.9396907091140747 0.2825942635536194 0.19267022609710693 -2.005742311477661
-0.10565295070409775 0.29606765508651733 -0.9493057131767273 -0.05597846955060959 -0.3253346085548401 -0.9124031066894531 -0.24835044145584106 -0.6973294615745544 -0.9396780133247375 0.28260305523872375 0.19271916151046753 -2.0056676864624023
-0.10575232654809952 0.2960899770259857 -0.9492877125740051 -0.05601084232330322 -0.32526683807373047 -0.9124254584312439 -0.24835705757141113 -0.6973565816879272 -0.939690351486206 0.2825074791908264 0.192799374461174 -2.005683183670044
-0.10578695684671402 0.29608041048049927 -0.9492868185043335 -0.056053511798381805 -0.32526010274887085 -0.9124327301979065 -0.24833925068378448 -0.6973915696144104 -0.9396887421607971 0.28249406814575195 0.19282664358615875 -2.005826234817505
-0.10578321665525436 0.29610416293144226 -0.9492798447608948 -0.05603644624352455 -0.3252642750740051 -0.9124249219894409 -0.24836230278015137 -0.6973568797111511 -0.9396877288818359 0.28249427676200867 0.1928313672542572 -2.0057191848754883
-0.10576232522726059 0.2960972785949707 -0.9492843151092529 -0.05602307990193367 -0.32516807317733765 -0.9124540090560913 -0.24838146567344666 -0.6973869800567627 -0.9397233724594116 0.2824075520038605 0.19278466701507568 -2.005841016769409
-0.10574474930763245 0.2961266338825226 -0.9492771029472351 -0.05600083991885185 -0.3251948356628418 -0.9124369025230408 -0.24840927124023438 -0.6973562240600586 -0.939716100692749 0.28243204951286316 0.19278427958488464 -2.005739450454712
-0.10571285337209702 0.29612061381340027 -0.9492825269699097 -0.05606488138437271 -0.3250649571418762 -0.9124749898910522 -0.24843932688236237 -0.6973327398300171 -0.9397646188735962 0.2823152542114258 0.19271878898143768 -2.0058376789093018
-0.10577486455440521 0.29602909088134766 -0.9493041634559631 -0.05605259910225868 -0.3250073194503784 -0.9125211238861084 -0.2483452707529068 -0.6972742080688477 -0.9397776126861572 0.2822621166706085 0.19273343682289124 -2.005749225616455
-0.10567782819271088 0.2960805594921112 -0.9492989182472229 -0.05606880784034729 -0.32505249977111816 -0.9124864935874939 -0.24841350317001343 -0.6973724961280823 -0.93977290391922 0.28232020139694214 0.19267132878303528 -2.0058536529541016
-0.10571704804897308 0.29601943492889404 -0.9493136405944824 -0.05605432018637657 -0.3250606656074524 -0.9125031232833862 -0.24834173917770386 -0.697346031665802 -0.9397656321525574 0.28233057260513306 0.19269143044948578 -2.0057213306427
-0.10565774142742157 0.29606983065605164 -0.9493045210838318 -0.056049738079309464 -0.32500147819519043 -0.9125030636787415 -0.24841943383216858 -0.697431206703186 -0.9397927522659302 0.2822779417037964 0.1926361620426178 -2.0057826042175293
-0.10568925738334656 0.2960667610168457 -0.9493019580841064 -0.05603807047009468 -0.3249724507331848 -0.9125150442123413 -0.2484133243560791 -0.6974042057991028 -0.9397992491722107 0.28224238753318787 0.19265659153461456 -2.0056798458099365
-0.10578075051307678 0.2961525619029999 -0.9492650032043457 -0.05606738477945328 -0.32499435544013977 -0.9124931693077087 -0.2484649270772934 -0.6974148154258728 -0.9397814273834229 0.2822229862213135 0.19277215003967285 -2.005856990814209
-0.10582335293292999 0.2961048483848572 -0.9492751359939575 -0.0560583733022213 -0.3249408006668091 -0.9125251173973083 -0.24841773509979248 -0.6973376274108887 -0.9397951364517212 0.2821698486804962 0.19278302788734436 -2.0058155059814453
-0.10575835406780243 0.2961293160915375 -0.9492747783660889 -0.05608038976788521 -0.3250475823879242 -0.9124815464019775 -0.24843811988830566 -0.6973573565483093 -0.9397655129432678 0.28228503465652466 0.1927586793899536 -2.0058300495147705
-0.1058618500828743 0.296053946018219 -0.9492867588996887 -0.056084129959344864 -0.32506003975868225 -0.9125056266784668 -0.24833323061466217 -0.697274923324585 -0.939749538898468 0.2822861671447754 0.19283485412597656 -2.0057551860809326
-0.10579843819141388 0.29602861404418945 -0.9493017196655273 -0.0560997799038887 -0.3251107931137085 -0.912492036819458 -0.24831677973270416 -0.6973488330841064 -0.9397391676902771 0.28235670924186707 0.19278235733509064 -2.00584077835083
-0.10586035996675491 0.2959562838077545 -0.9493173360824585 -0.05609980970621109 -0.32509079575538635 -0.9125218391418457 -0.24823348224163055 -0.697300374507904 -0.9397391080856323 0.2823362648487091 0.19281257688999176 -2.0057294368743896
-0.1059495359659195 0.2959669530391693 -0.9493041038513184 -0.05607848986983299 -0.32497623562812805 -0.9125604629516602 -0.24824146926403046 -0.6973071694374084 -0.9397686719894409 0.2822001874446869 0.19286759197711945 -2.005842685699463
-0.10585971921682358 0.29599714279174805 -0.9493046998977661 -0.05607512965798378 -0.32494720816612244 -0.9125542044639587 -0.2483023703098297 -0.6973493099212646 -0.939788818359375 0.28218868374824524 0.19278618693351746 -2.005887031555176
-0.10596584528684616 0.2959345579147339 -0.9493123888969421 -0.0560363233089447 -0.3249286711215973 -0.9125844836235046 -0.24821539223194122 -0.6972950100898743 -0.9397832751274109 0.28215643763542175 0.1928604245185852 -2.0058095455169678
-0.10593476891517639 0.29602253437042236 -0.9492884278297424 -0.05605112016201019 -0.3249688744544983 -0.9125469923019409 -0.2483006864786148 -0.6973943710327148 -0.9397728443145752 0.28218549489974976 0.19286857545375824 -2.0059285163879395
-0.1059892475605011 0.29599952697753906 -0.9492895007133484 -0.05603285878896713 -0.32490789890289307 -0.9125755429267883 -0.24827536940574646 -0.6973276734352112 -0.9397878050804138 0.2821171283721924 0.1928957998752594 -2.0058650970458984
-0.10595161467790604 0.2960086166858673 -0.9492908716201782 -0.056068338453769684 -0.3247978091239929 -0.9126032590866089 -0.24831755459308624 -0.6973706483840942 -0.9398301243782043 0.28201794624328613 0.1928347498178482 -2.0059242248535156
-0.10604510456323624 0.29593366384506226 -0.9493038058280945 -0.05603555589914322 -0.32483112812042236 -0.9126202464103699 -0.24821168184280396 -0.6973198652267456 -0.9398080706596375 0.2820417881011963 0.1929073929786682 -2.005838394165039
-0.10611920803785324 0.2959291934967041 -0.9492968916893005 -0.056047189980745316 -0.3248363435268402 -0.9126256704330444 -0.248184934258461 -0.6973592638969421 -0.9397978782653809 0.2820289433002472 0.19297567009925842 -2.005872964859009
-0.10615157335996628 0.29590773582458496 -0.9492999911308289 -0.056091174483299255 -0.3248633146286011 -0.9126256704330444 -0.24814942479133606 -0.6974157691001892 -0.9397848844528198 0.28205129504203796 0.193006232380867 -2.0059778690338135
-0.10613492876291275 0.2958860993385315 -0.9493085741996765 -0.056073147803545 -0.32485657930374146 -0.9126320481300354 -0.2481348216533661 -0.6973877549171448 -0.9397891163825989 0.2820533514022827 0.19298270344734192 -2.0058860778808594
-0.10618603974580765 0.29597803950309753 -0.9492741823196411 -0.0560755729675293 -0.3247973322868347 -0.9126298427581787 -0.24822063744068146 -0.6974022388458252 -0.9398038387298584 0.28196415305137634 0.19304142892360687 -2.0059635639190674
-0.10619349032640457 0.2959747612476349 -0.9492744207382202 -0.05606524646282196 -0.3247776925563812 -0.9126371741294861 -0.2482193559408188 -0.6973724365234375 -0.9398097395896912 0.2819438874721527 0.19304214417934418 -2.00587797164917
-0.10625173896551132 0.29609644412994385 -0.949229896068573 -0.056030433624982834 -0.3248082995414734 -0.9126006960868835 -0.24831326305866241 -0.6974168419837952 -0.9397925734519958 0.28193405270576477 0.19314001500606537 -2.00595760345459
-0.10626755654811859 0.29615387320518494 -0.9492102265357971 -0.0560087189078331 -0.3248043656349182 -0.9125881195068359 -0.24836471676826477 -0.6973592042922974 -0.9397921562194824 0.28191453218460083 0.19317059218883514 -2.0058774948120117
-0.10623389482498169 0.29619303345680237 -0.949201762676239 -0.056027911603450775 -0.3247833847999573 -0.9125815033912659 -0.24841639399528503 -0.6974040865898132 -0.9398032426834106 0.2818947434425354 0.19314567744731903 -2.005927324295044
-0.10627199709415436 0.29615771770477295 -0.9492085576057434 -0.056023336946964264 -0.3247308135032654 -0.9126095175743103 -0.24838227033615112 -0.6973487734794617 -0.9398170709609985 0.2818411886692047 0.1931563913822174 -2.005876064300537
-0.1063089668750763 0.29615500569343567 -0.949205219745636 -0.056022822856903076 -0.3247818052768707 -0.9125978350639343 -0.24835850298404694 -0.6973562836647034 -0.9397952556610107 0.2818818688392639 0.19320310652256012 -2.005869150161743
-0.10635126382112503 0.2961013913154602 -0.9492172598838806 -0.05602993443608284 -0.32477879524230957 -0.9126160740852356 -0.2482953667640686 -0.6972804069519043 -0.9397915601730347 0.28187909722328186 0.19322533905506134 -2.0057778358459473
-0.10636907070875168 0.29614686965942383 -0.9492010474205017 -0.05604330077767372 -0.32480958104133606 -0.9125963449478149 -0.24832764267921448 -0.697327733039856 -0.9397788643836975 0.2818952202796936 0.19326339662075043 -2.0058248043060303
-0.10634654760360718 0.2962089478969574 -0.9491841793060303 -0.056044988334178925 -0.32479724287986755 -0.9125820398330688 -0.2483963668346405 -0.6973777413368225 -0.9397857189178467 0.2818763256072998 0.19325782358646393 -2.005903482437134
-0.10633938014507294 0.29620790481567383 -0.949185311794281 -0.05602707713842392 -0.32480400800704956 -0.9125797152519226 -0.24839602410793304 -0.6973395943641663 -0.9397841691970825 0.28188493847846985 0.19325269758701324 -2.0058095455169678
-0.10640263557434082 0.2962239980697632 -0.9491732120513916 -0.056032657623291016 -0.32476598024368286 -0.9125918745994568 -0.24840109050273895 -0.6972701549530029 -0.9397901296615601 0.2818286418914795 0.19330567121505737 -2.005748987197876
-0.10643333941698074 0.29622575640678406 -0.9491692185401917 -0.056035540997982025 -0.3247460126876831 -0.9125998020172119 -0.24839802086353302 -0.6972624659538269 -0.939793586730957 0.28180110454559326 0.19332920014858246 -2.005708694458008
-0.1063804104924202 0.29630160331726074 -0.9491515159606934 -0.05604810640215874 -0.32468482851982117 -0.9125941395759583 -0.248498797416687 -0.6973286271095276 -0.9398207068443298 0.2817396819591522 0.19328679144382477 -2.0057876110076904
-0.10639450699090958 0.296356737613678 -0.9491326808929443 -0.05602716654539108 -0.3247015178203583 -0.9125757813453674 -0.24854432046413422 -0.6972694993019104 -0.9398133158683777 0.28174108266830444 0.19332055747509003 -2.0056519508361816
-0.10649874061346054 0.2963510751724243 -0.9491227865219116 -0.05603230372071266 -0.3247468173503876 -0.912571907043457 -0.24849951267242432 -0.697250485420227 -0.939785897731781 0.28175970911979675 0.19342684745788574 -2.0055530071258545
-0.10639708489179611 0.2962917387485504 -0.9491527080535889 -0.05609586834907532 -0.3247760534286499 -0.9125707149505615 -0.24846574664115906 -0.6973540186882019 -0.9397872686386108 0.28182604908943176 0.19332334399223328 -2.005697011947632
-0.10639606416225433 0.29622870683670044 -0.9491724967956543 -0.05607959255576134 -0.3248078227043152 -0.9125775694847107 -0.24839890003204346 -0.6972981095314026 -0.9397764205932617 0.2818700075149536 0.19331207871437073 -2.0055835247039795
-0.1063447892665863 0.29615309834480286 -0.9492018222808838 -0.05607699975371361 -0.3250492811203003 -0.9125208854675293 -0.24829134345054626 -0.6974148750305176 -0.9396987557411194 0.2821328639984131 0.19330620765686035 -2.005779266357422
-0.10639424622058868 0.296078622341156 -0.9492195248603821 -0.05601707473397255 -0.3251134157180786 -0.9125249981880188 -0.24819226562976837 -0.697352409362793 -0.939670979976654 0.2821977734565735 0.1933465451002121 -2.005713939666748
-0.10639258474111557 0.2960912585258484 -0.9492157697677612 -0.05605006217956543 -0.3251534402370453 -0.9125095009803772 -0.24819666147232056 -0.6973773837089539 -0.9396572709083557 0.2822344899177551 0.1933593600988388 -2.0059163570404053
-0.10642067342996597 0.2960915267467499 -0.9492125511169434 -0.05602090433239937 -0.32519087195396423 -0.9125004410743713 -0.24818110466003418 -0.6973469257354736 -0.9396411776542664 0.2822636365890503 0.19339518249034882 -2.0058271884918213
-0.10625899583101273 0.2960261106491089 -0.9492510557174683 -0.056007012724876404 -0.32522475719451904 -0.9124946594238281 -0.24815794825553894 -0.6973929405212402 -0.9396477341651917 0.28235092759132385 0.19323579967021942 -2.0058937072753906
-0.10628107935190201 0.29597315192222595 -0.9492650628089905 -0.055966734886169434 -0.32526299357414246 -0.9124987125396729 -0.24809278547763824 -0.697355329990387 -0.939631998538971 0.282393217086792 0.19325047731399536 -2.0058135986328125
-0.10623475164175034 0.29588577151298523 -0.9492975473403931 -0.055981531739234924 -0.32524824142456055 -0.9125223755836487 -0.24802519381046295 -0.6973790526390076 -0.9396423697471619 0.2824084460735321 0.19317792356014252 -2.0059010982513428
-0.10612057894468307 0.29586300253868103 -0.9493173956871033 -0.056058675050735474 -0.32531699538230896 -0.9124986529350281 -0.2480221688747406 -0.6974062919616699 -0.939631462097168 0.28250882029533386 0.19308416545391083 -2.006016731262207
-0.10614187270402908 0.29583701491355896 -0.9493231177330017 -0.05603571608662605 -0.3253559470176697 -0.9124954342842102 -0.24798303842544556 -0.697371780872345 -0.9396155476570129 0.2825465202331543 0.19310632348060608 -2.0059502124786377
-0.10607670247554779 0.2958643138408661 -0.9493218660354614 -0.05599309504032135 -0.32529500126838684 -0.9125015139579773 -0.24804064631462097 -0.6973912715911865 -0.9396440386772156 0.2824983298778534 0.19303834438323975 -2.006009340286255
-0.10609040409326553 0.2958906888961792 -0.949312150478363 -0.05597017705440521 -0.3252538740634918 -0.9125080704689026 -0.24807049334049225 -0.697401225566864 -0.9396567344665527 0.28244954347610474 0.19304795563220978 -2.0060207843780518
-0.10601407289505005 0.2959955930709839 -0.9492879509925842 -0.05602629482746124 -0.3252175450325012 -0.9124855399131775 -0.24820081889629364 -0.6974409818649292 -0.939677894115448 0.2824123203754425 0.19299927353858948 -2.0060815811157227
-0.10601931810379028 0.29600614309310913 -0.9492840766906738 -0.056008316576480865 -0.3252508044242859 -0.912473201751709 -0.2482026368379593 -0.6974223256111145 -0.9396657943725586 0.2824411392211914 0.19301603734493256 -2.006014823913574
-0.1059703528881073 0.2960461974143982 -0.9492770433425903 -0.0560300312936306 -0.32524213194847107 -0.9124614596366882 -0.24825705587863922 -0.6974467635154724 -0.9396743178367615 0.2824369966983795 0.1929805725812912 -2.0060501098632812
-0.10602542012929916 0.296021431684494 -0.9492786526679993 -0.0560159869492054 -0.32524722814559937 -0.9124707579612732 -0.24821630120277405 -0.6974236369132996 -0.9396663308143616 0.28243300318717957 0.19302526116371155 -2.0059664249420166
-0.1060522124171257 0.2959992587566376 -0.9492825269699097 -0.05606283247470856 -0.3251759707927704 -0.9125000834465027 -0.2482018768787384 -0.697425127029419 -0.939687967300415 0.2823615074157715 0.19302450120449066 -2.0059893131256104
-0.10615985840559006 0.29598692059516907 -0.9492743611335754 -0.056038301438093185 -0.32520321011543274 -0.9125036001205444 -0.24815331399440765 -0.6973957419395447 -0.9396663904190063 0.2823631465435028 0.19312715530395508 -2.005932331085205
-0.10609210282564163 0.29596102237701416 -0.9492900371551514 -0.056069955229759216 -0.3251444697380066 -0.9125226736068726 -0.24816007912158966 -0.6974120140075684 -0.9396944046020508 0.2823285758495331 0.19304154813289642 -2.005983591079712
-0.10611781477928162 0.29602500796318054 -0.9492672085762024 -0.05603472888469696 -0.3251577317714691 -0.9125039577484131 -0.24821142852306366 -0.6973714828491211 -0.9396868944168091 0.2823219299316406 0.19308775663375854 -2.0059406757354736
-0.10623502731323242 0.2960362434387207 -0.9492505788803101 -0.056010130792856216 -0.3251038193702698 -0.9125264286994934 -0.248199462890625 -0.6973954439163208 -0.9396923184394836 0.28223752975463867 0.19318480789661407 -2.0059404373168945
-0.10625474154949188 0.29601308703422546 -0.9492555856704712 -0.055992431938648224 -0.3251309096813202 -0.9125258922576904 -0.24816593527793884 -0.6973874568939209 -0.9396806955337524 0.28226351737976074 0.19320322573184967 -2.0058302879333496
-0.10627571493387222 0.2960434854030609 -0.9492437839508057 -0.05605204775929451 -0.3251204192638397 -0.9125227332115173 -0.24819126725196838 -0.6974359750747681 -0.9396819472312927 0.2822418212890625 0.1932288110256195 -2.005969285964966
-0.10631105303764343 0.29606708884239197 -0.9492324590682983 -0.05602041631937027 -0.3251224160194397 -0.9125187397003174 -0.2482033520936966 -0.6974015831947327 -0.9396772384643555 0.2822299897670746 0.19326889514923096 -2.00590181350708
-0.10625416785478592 0.2961224913597107 -0.9492215514183044 -0.05607280880212784 -0.32514792680740356 -0.9124921560287476 -0.2482677847146988 -0.697434663772583 -0.9396748542785645 0.28225794434547424 0.1932397335767746 -2.0059893131256104
-0.10628041625022888 0.29613977670669556 -0.9492132067680359 -0.05604298785328865 -0.3251485526561737 -0.9124894738197327 -0.24827668070793152 -0.6974004507064819 -0.9396716952323914 0.2822483479976654 0.19326919317245483 -2.005941390991211
-0.10621140152215958 0.2960716485977173 -0.9492421746253967 -0.05603734031319618 -0.32513701915740967 -0.9125053286552429 -0.24823348224163055 -0.6974589228630066 -0.9396834969520569 0.28226855397224426 0.1931823343038559 -2.0060105323791504
-0.10625165700912476 0.2960476577281952 -0.9492451548576355 -0.05600156635046005 -0.3251667320728302 -0.9125058650970459 -0.2481927126646042 -0.6974256038665771 -0.9396686553955078 0.28229206800460815 0.1932201385498047 -2.005958080291748
-0.10617048293352127 0.2959948182106018 -0.9492707252502441 -0.05598766729235649 -0.32516545057296753 -0.9125136733055115 -0.24816562235355377 -0.6974279880523682 -0.9396782517433167 0.2823221683502197 0.19312931597232819 -2.0059549808502197
-0.10619291663169861 0.29604408144950867 -0.9492528438568115 -0.05596679821610451 -0.3251533508300781 -0.9125062227249146 -0.24820898473262787 -0.6974043846130371 -0.9396799206733704 0.28229472041130066 0.19316144287586212 -2.0058460235595703
-0.10607234388589859 0.2960246503353119 -0.9492723941802979 -0.056005291640758514 -0.3250560164451599 -0.9125310778617859 -0.24824512004852295 -0.6973894834518433 -0.9397271871566772 0.2822347581386566 0.19301891326904297 -2.0059092044830322
-0.10596448183059692 0.2961094081401825 -0.9492579698562622 -0.055987756699323654 -0.3249411880970001 -0.9125348925590515 -0.24838131666183472 -0.697416365146637 -0.9397791028022766 0.28213343024253845 0.1929144412279129 -2.005945920944214
-0.10597695410251617 0.2960909307003021 -0.9492623805999756 -0.05596077814698219 -0.3249730169773102 -0.9125311374664307 -0.24835339188575745 -0.6973826885223389 -0.9397667050361633 0.28216493129730225 0.19292885065078735 -2.0058586597442627
-0.10588204115629196 0.29611897468566895 -0.9492642283439636 -0.05599391460418701 -0.3249923288822174 -0.9125105738639832 -0.24840378761291504 -0.6974385380744934 -0.9397706985473633 0.2822020947933197 0.1928548812866211 -2.0059726238250732
-0.10593003034591675 0.2961295247077942 -0.9492555856704712 -0.05597487837076187 -0.32500267028808594 -0.9125084280967712 -0.24839796125888824 -0.6974139213562012 -0.9397616982460022 0.2821978032588959 0.19290494918823242 -2.005892515182495
-0.10579290241003036 0.29613620042800903 -0.9492687582969666 -0.05603787302970886 -0.3250739872455597 -0.912474513053894 -0.2484293431043625 -0.6974092721939087 -0.9397525191307068 0.28230050206184387 0.19279950857162476 -2.005998373031616
-0.10581228137016296 0.29607683420181274 -0.9492851495742798 -0.05602419748902321 -0.3251001834869385 -0.9124836921691895 -0.24836128950119019 -0.6973826289176941 -0.9397412538528442 0.2823330760002136 0.19280663132667542 -2.005913496017456
-0.10575978457927704 0.29598698019981384 -0.9493190050125122 -0.05604351684451103 -0.32510194182395935 -0.9125025272369385 -0.24828971922397614 -0.6974028944969177 -0.9397465586662292 0.28236639499664307 0.19273202121257782 -2.0059897899627686
-0.10579143464565277 0.29597195982933044 -0.9493201375007629 -0.05603284016251564 -0.325120210647583 -0.9125034809112549 -0.2482624053955078 -0.6973708868026733 -0.9397366642951965 0.282379150390625 0.19276152551174164 -2.0059096813201904
-0.10588184744119644 0.29596132040023804 -0.9493134021759033 -0.056077200919389725 -0.3250538110733032 -0.9125332832336426 -0.2482396960258484 -0.6974005699157715 -0.9397494792938232 0.2822938561439514 0.1928240805864334 -2.005941390991211
-0.10592185705900192 0.296054482460022 -0.9492799043655396 -0.056100763380527496 -0.3250216543674469 -0.9125217199325562 -0.24832430481910706 -0.6974145770072937 -0.9397560954093933 0.2822335362434387 0.19288013875484467 -2.006056308746338
-0.10591103136539459 0.2960328161716461 -0.9492878317832947 -0.0561005063354969 -0.32497698068618774 -0.9125399589538574 -0.2483157515525818 -0.6973893046379089 -0.9397727251052856 0.28219732642173767 0.19285191595554352 -2.0059876441955566
-0.10595609247684479 0.296072781085968 -0.9492703676223755 -0.056091565638780594 -0.3250043988227844 -0.9125248193740845 -0.2483355551958084 -0.697413444519043 -0.9397581815719604 0.28220435976982117 0.1929125338792801 -2.0060853958129883
-0.10595743358135223 0.29608145356178284 -0.9492675065994263 -0.05607641860842705 -0.3249891400337219 -0.9125272631645203 -0.24834661185741425 -0.6973798274993896 -0.9397633075714111 0.28218746185302734 0.19291231036186218 -2.0060079097747803
-0.10597512871026993 0.2960122525691986 -0.9492871165275574 -0.05606460943818092 -0.3250308632850647 -0.912534236907959 -0.24826642870903015 -0.6974480152130127 -0.9397468566894531 0.28223755955696106 0.192919060587883 -2.006099224090576
-0.10598699748516083 0.295986533164978 -0.9492937922477722 -0.056046996265649796 -0.32501837611198425 -0.9125456213951111 -0.24824084341526031 -0.6974231600761414 -0.9397498369216919 0.28222763538360596 0.192919060587883 -2.006037950515747
-0.10602829605340958 0.2960118353366852 -0.9492812752723694 -0.05602860823273659 -0.32509908080101013 -0.9125180244445801 -0.24823667109012604 -0.6974496841430664 -0.9397172927856445 0.28229036927223206 0.1929859220981598 -2.0061464309692383
-0.10600604116916656 0.2960185706615448 -0.9492816925048828 -0.05601390823721886 -0.3250850439071655 -0.9125187397003174 -0.24825245141983032 -0.6974245309829712 -0.9397246241569519 0.2822810411453247 0.19296371936798096 -2.0060737133026123
-0.10609271377325058 0.2959795892238617 -0.9492841362953186 -0.05601327121257782 -0.32510414719581604 -0.9125299453735352 -0.24818603694438934 -0.6974873542785645 -0.9397082328796387 0.2822854816913605 0.1930370032787323 -2.00612735748291
-0.10611464083194733 0.29598289728164673 -0.9492806792259216 -0.05599602684378624 -0.3250715732574463 -0.91254061460495 -0.24818958342075348 -0.6974693536758423 -0.9397170543670654 0.2822476029396057 0.1930495649576187 -2.0060558319091797
-0.10614968836307526 0.29596516489982605 -0.9492822885513306 -0.0560702346265316 -0.32516342401504517 -0.9125204086303711 -0.2481435388326645 -0.6974731087684631 -0.9396812915802002 0.28233152627944946 0.19310082495212555 -2.006113052368164
-0.10603158175945282 0.29597315192222595 -0.9492930173873901 -0.05608276650309563 -0.3251835107803345 -0.9125030040740967 -0.24818120896816254 -0.6974834203720093 -0.9396877288818359 0.2823793590068817 0.1929997354745865 -2.0061893463134766
-0.10605920106172562 0.29597151279449463 -0.94929039478302 -0.05607987195253372 -0.32516807317733765 -0.9125102758407593 -0.24817481637001038 -0.6974579691886902 -0.9396899342536926 0.28235772252082825 0.19302061200141907 -2.006124496459961
-0.1060413122177124 0.2960585653781891 -0.9492652416229248 -0.05605475977063179 -0.32517558336257935 -0.912483811378479 -0.24826212227344513 -0.6974156498908997 -0.9396893382072449 0.28235185146331787 0.19303201138973236 -2.0060739517211914
-0.10601954907178879 0.29596298933029175 -0.9492974877357483 -0.05601473152637482 -0.32524096965789795 -0.9124874472618103 -0.248163104057312 -0.6974215507507324 -0.9396691918373108 0.28244030475616455 0.19300080835819244 -2.0060434341430664
-0.10599569231271744 0.29601752758026123 -0.9492831826210022 -0.056044481694698334 -0.32520589232444763 -0.9124818444252014 -0.24822960793972015 -0.6974765658378601 -0.9396839737892151 0.2824012041091919 0.19298580288887024 -2.006174325942993
-0.10598760098218918 0.2960365414619446 -0.9492781162261963 -0.05603708326816559 -0.3252258002758026 -0.912470281124115 -0.24824616312980652 -0.6974514126777649 -0.9396780133247375 0.28241872787475586 0.1929892748594284 -2.0061166286468506
-0.10603513568639755 0.29600024223327637 -0.9492841362953186 -0.05606355145573616 -0.3251431882381439 -0.9125083088874817 -0.2482144832611084 -0.6973896622657776 -0.9397012591362 0.2823338210582733 0.1930004209280014 -2.0061280727386475
-0.10601937025785446 0.2959958612918854 -0.9492872953414917 -0.05605553835630417 -0.325185626745224 -0.912495493888855 -0.24820610880851746 -0.697351336479187 -0.9396883249282837 0.2823799252510071 0.1929958164691925 -2.006063222885132
-0.10606026649475098 0.296051561832428 -0.9492653608322144 -0.05605946481227875 -0.3251540958881378 -0.9124935865402222 -0.24825432896614075 -0.6973184943199158 -0.9396946430206299 0.2823275923728943 0.19304171204566956 -2.0059633255004883
-0.10609586536884308 0.29608696699142456 -0.949250340461731 -0.0560574047267437 -0.32510897517204285 -0.9125006794929504 -0.2482873499393463 -0.697342038154602 -0.9397062063217163 0.2822675406932831 0.1930730938911438 -2.005970001220703
-0.10613203793764114 0.2960844933986664 -0.9492470622062683 -0.056052032858133316 -0.3251442015171051 -0.9124935865402222 -0.2482672929763794 -0.6973075866699219 -0.9396899342536926 0.28229305148124695 0.1931149810552597 -2.0058887004852295
-0.10601368546485901 0.29604610800743103 -0.9492722153663635 -0.056080710142850876 -0.3251551687717438 -0.9124910235404968 -0.24826230108737946 -0.6973406672477722 -0.9396995306015015 0.2823415696620941 0.19299747049808502 -2.005971670150757
-0.10600236803293228 0.296143114566803 -0.9492432475090027 -0.05609244853258133 -0.3251004219055176 -0.9124812483787537 -0.24837008118629456 -0.6973875761032104 -0.9397197365760803 0.2822715640068054 0.19300143420696259 -2.006032705307007
-0.10598832368850708 0.29612207412719727 -0.9492513537406921 -0.05608363822102547 -0.3250770568847656 -0.9124926328659058 -0.24835871160030365 -0.6973591446876526 -0.9397293925285339 0.28225672245025635 0.19297607243061066 -2.005965232849121
-0.10608187317848206 0.29608845710754395 -0.9492514133453369 -0.05605600029230118 -0.3249886929988861 -0.9125353097915649 -0.24831752479076385 -0.6973892450332642 -0.9397494196891785 0.2821539640426636 0.19302886724472046 -2.0059497356414795
-0.10608620941638947 0.29603978991508484 -0.9492661356925964 -0.05604344606399536 -0.325007826089859 -0.9125426411628723 -0.24826554954051971 -0.6974291205406189 -0.9397423267364502 0.28218138217926025 0.1930234581232071 -2.0060431957244873
-0.10610461235046387 0.29605594277381897 -0.9492589831352234 -0.05601387098431587 -0.32503199577331543 -0.91253262758255 -0.24827082455158234 -0.6974028944969177 -0.9397318959236145 0.28219687938690186 0.19305159151554108 -2.00595760345459
-0.10618990659713745 0.2959875762462616 -0.9492707848548889 -0.05603654310107231 -0.3250446319580078 -0.9125533699989319 -0.2481778860092163 -0.6973937749862671 -0.9397178888320923 0.2822014093399048 0.19311316311359406 -2.0060336589813232
-0.1061713770031929 0.2960117757320404 -0.9492653012275696 -0.05601874738931656 -0.3250690698623657 -0.9125382900238037 -0.24820147454738617 -0.6973634362220764 -0.9397115111351013 0.2822248935699463 0.19310973584651947 -2.0059640407562256
-0.10623476654291153 0.2959633469581604 -0.9492733478546143 -0.05602268502116203 -0.32504603266716003 -0.9125628471374512 -0.248141348361969 -0.6973787546157837 -0.9397123456001282 0.2821962833404541 0.19314762949943542 -2.00602650642395
-0.10622736066579819 0.2959486246109009 -0.9492787718772888 -0.05600385740399361 -0.32505902647972107 -0.9125621914863586 -0.24812667071819305 -0.6973404288291931 -0.9397086501121521 0.28221380710601807 0.19313986599445343 -2.0059471130371094
-0.10615881532430649 0.296004980802536 -0.9492688775062561 -0.056061629205942154 -0.3250768780708313 -0.9125367403030396 -0.24819694459438324 -0.6974271535873413 -0.9397101998329163 0.28223705291748047 0.19309820234775543 -2.0060484409332275
-0.10614683479070663 0.2960166037082672 -0.9492665529251099 -0.0560493990778923 -0.3250565826892853 -0.9125388264656067 -0.24821576476097107 -0.6974008083343506 -0.9397186040878296 0.2822180390357971 0.19308526813983917 -2.005978584289551
-0.106171153485775 0.2959890067577362 -0.9492724537849426 -0.05608625337481499 -0.3250631093978882 -0.9125459790229797 -0.24818086624145508 -0.6973937749862671 -0.9397135972976685 0.28222379088401794 0.1931011825799942 -2.006007432937622
-0.10619916021823883 0.29599830508232117 -0.9492664337158203 -0.0560777522623539 -0.32504820823669434 -0.9125502705574036 -0.24818478524684906 -0.6973572373390198 -0.939715564250946 0.28220033645629883 0.19312579929828644 -2.005929470062256
-0.1062592938542366 0.2960493266582489 -0.9492437839508057 -0.056061770766973495 -0.32508033514022827 -0.9125319719314575 -0.2482098788022995 -0.6974023580551147 -0.9396976828575134 0.28220587968826294 0.1932048350572586 -2.00604510307312
-0.10616777837276459 0.2961902320384979 -0.9492100477218628 -0.05608534440398216 -0.3251078426837921 -0.9124796390533447 -0.2483661025762558 -0.6974452137947083 -0.9396985173225403 0.28222715854644775 0.1931697279214859 -2.006155014038086
-0.10619761794805527 0.29617875814437866 -0.9492102861404419 -0.05607292056083679 -0.32510659098625183 -0.9124854207038879 -0.2483467012643814 -0.697414219379425 -0.9396955966949463 0.2822206914424896 0.1931934505701065 -2.0060980319976807
-0.10604655742645264 0.29620495438575745 -0.9492189884185791 -0.056057706475257874 -0.32501763105392456 -0.9124934077262878 -0.24843376874923706 -0.6974679231643677 -0.9397433996200562 0.28216737508773804 0.19303862750530243 -2.006143808364868
-0.1060362160205841 0.29620417952537537 -0.9492204189300537 -0.056043047457933426 -0.325036883354187 -0.9124869704246521 -0.24843207001686096 -0.6974446773529053 -0.9397379159927368 0.28218886256217957 0.19303396344184875 -2.0060842037200928
-0.10607150942087173 0.29619765281677246 -0.9492185115814209 -0.05606681481003761 -0.32488715648651123 -0.9125364422798157 -0.24844634532928467 -0.6974098682403564 -0.9397857189178467 0.28203582763671875 0.19302494823932648 -2.0061473846435547
-0.10608166456222534 0.29619020223617554 -0.9492197036743164 -0.05605463311076164 -0.3248884081840515 -0.9125387668609619 -0.24843600392341614 -0.6973770260810852 -0.9397841095924377 0.2820359766483307 0.1930324137210846 -2.0060858726501465
-0.10597766190767288 0.29616299271583557 -0.9492397904396057 -0.05605350062251091 -0.3249659538269043 -0.9125144481658936 -0.24842393398284912 -0.6974303722381592 -0.9397690296173096 0.282143235206604 0.1929490566253662 -2.0061590671539307
-0.10599815100431442 0.2961612045764923 -0.9492380619049072 -0.056041307747364044 -0.32494938373565674 -0.9125215411186218 -0.24841968715190887 -0.6974009871482849 -0.9397724270820618 0.28212231397628784 0.19296300411224365 -2.006103992462158
-0.10601317882537842 0.29609185457229614 -0.949258029460907 -0.05606132000684738 -0.3249804675579071 -0.9125314950942993 -0.24834230542182922 -0.6974616646766663 -0.9397600293159485 0.28216275572776794 0.19296443462371826 -2.006178855895996
-0.1060306578874588 0.29609206318855286 -0.9492560029029846 -0.05605410784482956 -0.3249979317188263 -0.9125275611877441 -0.2483338713645935 -0.6974371671676636 -0.9397519826889038 0.2821752429008484 0.19298522174358368 -2.006120443344116
-0.10588769614696503 0.2959192395210266 -0.9493258595466614 -0.05602537840604782 -0.3249274790287018 -0.9125826954841614 -0.24822348356246948 -0.6974548697471619 -0.9397925138473511 0.28217825293540955 0.19278359413146973 -2.006221055984497
-0.10588544607162476 0.2959020733833313 -0.9493314623832703 -0.056007783859968185 -0.3249228000640869 -0.9125884175300598 -0.24820858240127563 -0.6974310278892517 -0.9397943615913391 0.28217774629592896 0.1927751749753952 -2.006168842315674
-0.10599750280380249 0.2958965599536896 -0.9493206739425659 -0.056055497378110886 -0.3248426020145416 -0.9126227498054504 -0.24818740785121918 -0.6974225044250488 -0.9398094415664673 0.2820725440979004 0.192855566740036 -2.0062239170074463
-0.10598218441009521 0.2959139943122864 -0.9493169188499451 -0.05604725703597069 -0.3248286843299866 -0.9126211404800415 -0.24821144342422485 -0.6973953247070312 -0.9398159980773926 0.28205937147140503 0.19284294545650482 -2.0061752796173096
-0.1060728207230568 0.2959439158439636 -0.9492974877357483 -0.05608038976788521 -0.3248136639595032 -0.9126249551773071 -0.2482171207666397 -0.6973713636398315 -0.9398109316825867 0.28201571106910706 0.19293135404586792 -2.006138801574707
-0.10605601966381073 0.29596608877182007 -0.9492924809455872 -0.05611545965075493 -0.32477205991744995 -0.9126303195953369 -0.24825182557106018 -0.6974061131477356 -0.9398272037506104 0.28197506070137024 0.19291147589683533 -2.006211042404175
-0.10603220760822296 0.2959686517715454 -0.9492943286895752 -0.05611340329051018 -0.324780136346817 -0.9126253724098206 -0.248259499669075 -0.6973752379417419 -0.9398271441459656 0.2819884419441223 0.1928924322128296 -2.006160259246826
-0.1060773953795433 0.29602673649787903 -0.9492711424827576 -0.05610856041312218 -0.32470089197158813 -0.91263747215271 -0.2483185976743698 -0.6974226832389832 -0.9398493766784668 0.2818881869316101 0.19293037056922913 -2.0062458515167236
-0.10609810799360275 0.29604172706604004 -0.9492641687393188 -0.056096889078617096 -0.3247002363204956 -0.9126353859901428 -0.24832715094089508 -0.6973974704742432 -0.9398472905158997 0.2818792462348938 0.19295372068881989 -2.0061984062194824
-0.10612522065639496 0.2959515452384949 -0.9492892622947693 -0.05604839697480202 -0.32472866773605347 -0.9126525521278381 -0.2482268065214157 -0.6974286437034607 -0.9398344159126282 0.28191831707954407 0.19295942783355713 -2.006202459335327
-0.10612356662750244 0.295920729637146 -0.9492990374565125 -0.0560426227748394 -0.3247349262237549 -0.9126586318016052 -0.24819637835025787 -0.6974325180053711 -0.9398324489593506 0.281931072473526 0.19295039772987366 -2.00620436668396
-0.10615836083889008 0.29590073227882385 -0.9493014216423035 -0.056087419390678406 -0.32469862699508667 -0.9126774668693542 -0.2481745481491089 -0.6974447965621948 -0.9398410320281982 0.2818910479545593 0.19296692311763763 -2.00624942779541
-0.1061445102095604 0.2959013879299164 -0.9493027329444885 -0.05607474595308304 -0.32471567392349243 -0.9126710891723633 -0.2481756955385208 -0.6974190473556519 -0.9398367404937744 0.2819110155105591 0.19295887649059296 -2.0061984062194824
-0.10595129430294037 0.29587599635124207 -0.9493322372436523 -0.056045014411211014 -0.3248525559902191 -0.9126214981079102 -0.2481788992881775 -0.6974880695343018 -0.9398112297058105 0.2820981442928314 0.19280952215194702 -2.00628662109375
-0.10596916079521179 0.2959124743938446 -0.9493188858032227 -0.05602756515145302 -0.32485201954841614 -0.9126135110855103 -0.2482089251279831 -0.6974639296531677 -0.9398093819618225 0.282085657119751 0.1928366720676422 -2.0062432289123535
-0.10598643869161606 0.2958332598209381 -0.9493416547775269 -0.05607197806239128 -0.32483983039855957 -0.9126392602920532 -0.24813032150268555 -0.6974601745605469 -0.939811646938324 0.2820855379104614 0.19282583892345428 -2.0062718391418457
-0.1060168445110321 0.2958567440509796 -0.9493309259414673 -0.05606025457382202 -0.32483091950416565 -0.9126381874084473 -0.2481459230184555 -0.6974315047264099 -0.9398112893104553 0.28206440806388855 0.19285845756530762 -2.0062263011932373
-0.10587871819734573 0.29585251212120056 -0.9493476748466492 -0.05605170875787735 -0.32489657402038574 -0.9126087427139282 -0.24816825985908508 -0.6974429488182068 -0.939804196357727 0.282164067029953 0.1927473247051239 -2.0062875747680664
-0.10587014257907867 0.2958431839942932 -0.9493514895439148 -0.05603724718093872 -0.3248979449272156 -0.9126101136207581 -0.24816150963306427 -0.6974124908447266 -0.9398046731948853 0.2821694612503052 0.19273701310157776 -2.0062413215637207
-0.10588200390338898 0.2959526479244232 -0.9493160843849182 -0.05604822561144829 -0.3249000310897827 -0.912581741809845 -0.24826286733150482 -0.6974117159843445 -0.9398025870323181 0.28214627504348755 0.19278103113174438 -2.0062386989593506
-0.10587957501411438 0.2959272861480713 -0.9493242502212524 -0.05603090673685074 -0.3248564600944519 -0.9126012921333313 -0.2482481151819229 -0.6973679661750793 -0.9398179650306702 0.28210970759391785 0.19275975227355957 -2.0061817169189453
-0.10592982172966003 0.29599419236183167 -0.9492977857589722 -0.05604207143187523 -0.324777752161026 -0.9126113653182983 -0.24831409752368927 -0.6973915696144104 -0.9398394823074341 0.2820069193840027 0.19280511140823364 -2.00618052482605
-0.10593752562999725 0.2959999144077301 -0.949295163154602 -0.056025080382823944 -0.32475361227989197 -0.9126177430152893 -0.24832230806350708 -0.6973533034324646 -0.9398469924926758 0.28198036551475525 0.19280752539634705 -2.0061275959014893
-0.10588251054286957 0.29590746760368347 -0.9493300914764404 -0.05603605881333351 -0.3248395323753357 -0.9126117825508118 -0.2482316941022873 -0.6973734498023987 -0.9398234486579895 0.2820965647697449 0.19275209307670593 -2.006131649017334
-0.10593400150537491 0.29585567116737366 -0.9493405222892761 -0.056014180183410645 -0.3248405456542969 -0.9126290678977966 -0.24816681444644928 -0.697328507900238 -0.9398173093795776 0.2820949852466583 0.192784383893013 -2.006061553955078
-0.1057993546128273 0.29586347937583923 -0.9493530988693237 -0.05599451810121536 -0.3248875141143799 -0.9126023650169373 -0.2482035756111145 -0.6973915100097656 -0.9398162364959717 0.28217318654060364 0.19267511367797852 -2.0061211585998535
-0.10583716630935669 0.2959032952785492 -0.9493364691734314 -0.05599311366677284 -0.32487374544143677 -0.9125990271568298 -0.24823375046253204 -0.6973780989646912 -0.9398167729377747 0.28214213252067566 0.19271813333034515 -2.0060207843780518
-0.1058930903673172 0.2959320545196533 -0.9493212699890137 -0.056049611419439316 -0.3248004615306854 -0.9126179218292236 -0.2482602894306183 -0.6973713040351868 -0.939835786819458 0.2820509374141693 0.19275881350040436 -2.006129026412964
-0.10575740039348602 0.2959843575954437 -0.9493200778961182 -0.05605002120137215 -0.3248499631881714 -0.9125787615776062 -0.24833956360816956 -0.6974056959152222 -0.93983393907547 0.2821228504180908 0.19266247749328613 -2.0061514377593994
-0.10577687621116638 0.29599103331565857 -0.9493158459663391 -0.05603331699967384 -0.3248503804206848 -0.9125784039497375 -0.24834027886390686 -0.6973733305931091 -0.9398316144943237 0.28211694955825806 0.19268250465393066 -2.006094455718994
