# 3x4 first row second row third row Freq: 100 current Time: 2021-07-28-17:12:56
-0.22926197946071625 0.6919354200363159 -0.6845905780792236 0.1607377827167511 0.08966319262981415 -0.6853206753730774 -0.7227005362510681 -0.44326135516166687 -0.9692261815071106 -0.22707034647464752 0.09507684409618378 -2.3830196857452393
-0.22928191721439362 0.6919294595718384 -0.6845899224281311 0.1607734113931656 0.08968990296125412 -0.685315728187561 -0.722701907157898 -0.4432845115661621 -0.9692190289497375 -0.22710327804088593 0.09507143497467041 -2.383025884628296
-0.22920623421669006 0.6919116377830505 -0.6846333146095276 0.16076941788196564 0.08978110551834106 -0.6853319406509399 -0.7226752638816833 -0.44330164790153503 -0.9692284464836121 -0.22710880637168884 0.09496176987886429 -2.382941246032715
-0.2292240709066391 0.6919001340866089 -0.6846389770507812 0.16081567108631134 0.08978939801454544 -0.6853377223014832 -0.7226687073707581 -0.44333508610725403 -0.9692234992980957 -0.22712638974189758 0.09497061371803284 -2.382946252822876
-0.2292497158050537 0.6919488906860352 -0.6845811009407043 0.1607000231742859 0.08979976177215576 -0.6852774620056152 -0.7227245569229126 -0.4433215260505676 -0.9692164659500122 -0.22715961933135986 0.09496283531188965 -2.3829123973846436
-0.2292512208223343 0.6919572949409485 -0.6845721006393433 0.16072557866573334 0.08977025747299194 -0.685275137424469 -0.7227303981781006 -0.4433610737323761 -0.9692188501358032 -0.22714105248451233 0.09498299658298492 -2.382917881011963
-0.22922353446483612 0.6919295191764832 -0.6846094727516174 0.16066905856132507 0.09000682085752487 -0.6852558851242065 -0.7227192521095276 -0.44331425428390503 -0.9692034721374512 -0.2272837907075882 0.09479842334985733 -2.3828768730163574
-0.2290845364332199 0.6918909549713135 -0.6846949458122253 0.1607607901096344 0.09021346271038055 -0.6852825284004211 -0.7226682305335999 -0.44341716170310974 -0.9692171216011047 -0.2273208200931549 0.09456976503133774 -2.38291072845459
-0.2292829304933548 0.6919378042221069 -0.6845811605453491 0.1606883406639099 0.09011412411928177 -0.6852072477340698 -0.722752034664154 -0.44333869218826294 -0.9691794514656067 -0.2274051457643509 0.0947529673576355 -2.3828330039978027
-0.2292698621749878 0.6918857097625732 -0.6846382021903992 0.16070464253425598 0.09014534205198288 -0.685258150100708 -0.7226998805999756 -0.44326913356781006 -0.969179630279541 -0.2274102419614792 0.09473877400159836 -2.3828046321868896
-0.22919179499149323 0.6918888688087463 -0.6846611499786377 0.16068080067634583 0.09015563875436783 -0.6852717399597168 -0.722685694694519 -0.443257212638855 -0.9691970944404602 -0.22735969722270966 0.09468099474906921 -2.3828036785125732
-0.22921647131443024 0.6919033527374268 -0.684638261795044 0.1607343554496765 0.09014234691858292 -0.6852534413337708 -0.7227046489715576 -0.4432942569255829 -0.9691925048828125 -0.2273707240819931 0.0947016105055809 -2.382786512374878
-0.2291664332151413 0.6918530464172363 -0.6847058534622192 0.16068342328071594 0.09018383920192719 -0.6853091716766357 -0.7226466536521912 -0.44325968623161316 -0.9692004919052124 -0.22735576331615448 0.09465590864419937 -2.3828442096710205
-0.22927546501159668 0.6919302344322205 -0.6845912933349609 0.16071031987667084 0.09010178595781326 -0.685219943523407 -0.7227414846420288 -0.4432832896709442 -0.9691823124885559 -0.22738979756832123 0.0947599858045578 -2.382829189300537
-0.22927577793598175 0.6918911337852478 -0.6846307516098022 0.160670205950737 0.09002312272787094 -0.6852796077728271 -0.7226946949958801 -0.4432491958141327 -0.9691895842552185 -0.22732898592948914 0.09483183175325394 -2.382760763168335
-0.22934590280056 0.6918669939041138 -0.6846316456794739 0.16070236265659332 0.09001512825489044 -0.6852896213531494 -0.722686231136322 -0.44327837228775024 -0.9691737294197083 -0.22737234830856323 0.09488987922668457 -2.3827531337738037
-0.22925539314746857 0.6918458938598633 -0.6846833229064941 0.16068647801876068 0.09002378582954407 -0.6853322982788086 -0.7226446866989136 -0.44327372312545776 -0.9691943526268005 -0.227307990193367 0.09483355283737183 -2.3827781677246094
-0.22915543615818024 0.69190913438797 -0.6846528649330139 0.16072292625904083 0.08992984145879745 -0.6853122711181641 -0.7226753234863281 -0.4432930052280426 -0.9692267179489136 -0.22717571258544922 0.09481976926326752 -2.3827404975891113
-0.22912806272506714 0.6918615102767944 -0.6847101449966431 0.16068193316459656 0.08997821807861328 -0.6853579878807068 -0.7226260304450989 -0.44330528378486633 -0.9692286849021912 -0.22718289494514465 0.09478229284286499 -2.382716178894043
-0.22912487387657166 0.6918957829475403 -0.6846765875816345 0.16071301698684692 0.0899646133184433 -0.6853258013725281 -0.7226582169532776 -0.44334423542022705 -0.9692307114601135 -0.22717563807964325 0.09477905184030533 -2.3827123641967773
-0.229079931974411 0.6918809413909912 -0.6847065687179565 0.16066019237041473 0.0899895429611206 -0.6853467226028442 -0.7226352691650391 -0.4433181583881378 -0.9692389965057373 -0.22715768218040466 0.09473714232444763 -2.3827645778656006
-0.22913484275341034 0.6918925046920776 -0.6846765875816345 0.16067887842655182 0.0899384468793869 -0.6853329539299011 -0.7226547002792358 -0.4433600902557373 -0.9692307710647583 -0.2271641194820404 0.09480593353509903 -2.3827691078186035
-0.22905771434307098 0.6918891072273254 -0.6847057938575745 0.16064590215682983 0.09003795683383942 -0.6853322386741638 -0.7226429581642151 -0.44330134987831116 -0.9692397713661194 -0.2271764725446701 0.09468437731266022 -2.3826839923858643
-0.22900953888893127 0.6919184327125549 -0.6846922636032104 0.1606719195842743 0.09000561386346817 -0.6853207945823669 -0.7226578593254089 -0.44333770871162415 -0.9692541360855103 -0.22712169587612152 0.09466847777366638 -2.382678508758545
-0.22905519604682922 0.691737949848175 -0.6848593354225159 0.16066007316112518 0.09008964896202087 -0.6854802966117859 -0.7224960923194885 -0.443301796913147 -0.9692355394363403 -0.22719024121761322 0.09469440579414368 -2.3827435970306396
-0.22893741726875305 0.6917107701301575 -0.6849261522293091 0.1606481522321701 0.09011223167181015 -0.6855327486991882 -0.7224435210227966 -0.443259596824646 -0.9692612886428833 -0.22711458802223206 0.0946125015616417 -2.3828282356262207
-0.22901776432991028 0.6916123032569885 -0.6849987506866455 0.16064485907554626 0.09009518474340439 -0.6856207251548767 -0.7223621010780334 -0.4432307779788971 -0.9692438840866089 -0.2271488457918167 0.0947084054350853 -2.3826980590820312
-0.2289714515209198 0.6915926933288574 -0.6850340366363525 0.16065336763858795 0.09021342545747757 -0.6856251955032349 -0.7223431468009949 -0.44322770833969116 -0.9692438244819641 -0.22719523310661316 0.09459766745567322 -2.3827102184295654
-0.2289789319038391 0.6916530728340149 -0.6849705576896667 0.16066960990428925 0.09013886004686356 -0.6855770945549011 -0.7223981022834778 -0.44324353337287903 -0.9692490100860596 -0.22715641558170319 0.0946379080414772 -2.3826746940612793
-0.22891239821910858 0.6916628479957581 -0.68498295545578 0.16066649556159973 0.0902106761932373 -0.6855664253234863 -0.7223992347717285 -0.44323965907096863 -0.9692580103874207 -0.22715891897678375 0.09453929215669632 -2.382685899734497
-0.22898180782794952 0.6917027831077576 -0.6849194169044495 0.16068856418132782 0.09011715650558472 -0.6855290532112122 -0.7224463820457458 -0.44323229789733887 -0.9692503213882446 -0.2271500676870346 0.09463941305875778 -2.382598638534546
-0.22889180481433868 0.6916362047195435 -0.6850166916847229 0.16067272424697876 0.09013877063989639 -0.6856164336204529 -0.7223607897758484 -0.44321462512016296 -0.9692695736885071 -0.2270890325307846 0.09458877146244049 -2.3826146125793457
-0.2289942055940628 0.6916838884353638 -0.6849343180656433 0.1607055813074112 0.0901368260383606 -0.6855412721633911 -0.7224323153495789 -0.4432043731212616 -0.9692455530166626 -0.22717063128948212 0.09463880956172943 -2.3825523853302
-0.22890295088291168 0.6916691064834595 -0.6849797368049622 0.16070230305194855 0.09026709944009781 -0.6855489015579224 -0.7224088311195374 -0.4432006776332855 -0.9692550301551819 -0.22719265520572662 0.0944892168045044 -2.382564067840576
-0.22902826964855194 0.6916916966438293 -0.6849150657653809 0.16069495677947998 0.0902039110660553 -0.6855089068412781 -0.7224546670913696 -0.44321373105049133 -0.9692313075065613 -0.227244570851326 0.0946076363325119 -2.3825299739837646
-0.22892889380455017 0.6916767954826355 -0.6849633455276489 0.160691037774086 0.09032107889652252 -0.6855217218399048 -0.7224278450012207 -0.4432394802570343 -0.9692438244819641 -0.22725124657154083 0.09446275234222412 -2.382474184036255
-0.22898122668266296 0.6917503476142883 -0.6848715543746948 0.1607368439435959 0.09016871452331543 -0.6854669451713562 -0.722498893737793 -0.4432782530784607 -0.9692456722259521 -0.22719267010688782 0.09458483010530472 -2.38246488571167
-0.22889284789562225 0.6918075084686279 -0.6848433613777161 0.16070595383644104 0.0901065543293953 -0.6854430437088013 -0.7225292921066284 -0.4432707130908966 -0.9692723155021667 -0.22709067165851593 0.09455663710832596 -2.382537603378296
-0.22882536053657532 0.6918085813522339 -0.68486487865448 0.16069148480892181 0.0902458056807518 -0.6854259967803955 -0.7225281000137329 -0.44326892495155334 -0.9692752957344055 -0.2271389365196228 0.09441003948450089 -2.38258695602417
-0.22890661656856537 0.6918495297431946 -0.6847962737083435 0.16069447994232178 0.09017397463321686 -0.6853795051574707 -0.7225812077522278 -0.4432837963104248 -0.9692628383636475 -0.2271544337272644 0.09450110048055649 -2.3825058937072754
-0.22883296012878418 0.6918010711669922 -0.6848698854446411 0.16067858040332794 0.09023169428110123 -0.6854353547096252 -0.7225210070610046 -0.44326043128967285 -0.9692748188972473 -0.2271336019039154 0.09442783147096634 -2.382572650909424
-0.2289016842842102 0.6918531060218811 -0.6847943663597107 0.1606920063495636 0.09015116095542908 -0.6853823065757751 -0.7225813865661621 -0.44327646493911743 -0.9692661166191101 -0.22713510692119598 0.09451381862163544 -2.3825390338897705
-0.2289251834154129 0.6918684244155884 -0.6847710013389587 0.16068245470523834 0.09006468206644058 -0.6853806376457214 -0.7225937843322754 -0.44324883818626404 -0.9692685604095459 -0.22709359228610992 0.09458798915147781 -2.3825998306274414
-0.2289343923330307 0.6918861269950867 -0.6847500205039978 0.16070541739463806 0.08992425352334976 -0.6853924989700317 -0.722599983215332 -0.4432756006717682 -0.9692794680595398 -0.22700363397598267 0.09469259530305862 -2.382554769515991
-0.22890006005764008 0.6918385624885559 -0.6848095655441284 0.16070188581943512 0.08995551615953445 -0.6854438781738281 -0.7225473523139954 -0.4432412385940552 -0.9692846536636353 -0.22699353098869324 0.09466345608234406 -2.382620334625244
-0.22885020077228546 0.6918343901634216 -0.6848304271697998 0.16071516275405884 0.08997740596532822 -0.6854555010795593 -0.722533643245697 -0.44324108958244324 -0.9692944288253784 -0.22697123885154724 0.09461718052625656 -2.3825747966766357
-0.22877374291419983 0.6918001770973206 -0.6848905682563782 0.16070768237113953 0.0900755226612091 -0.6854875087738037 -0.7224910259246826 -0.4432344138622284 -0.96930330991745 -0.2269788533449173 0.09450729936361313 -2.3826160430908203
-0.2289193868637085 0.6918501853942871 -0.6847913861274719 0.16067099571228027 0.09004020690917969 -0.6854070425033569 -0.7225717306137085 -0.4432179629802704 -0.969272255897522 -0.2270694375038147 0.09460864216089249 -2.3825204372406006
-0.22886545956134796 0.6918501853942871 -0.6848093867301941 0.16062991321086884 0.0900302454829216 -0.6854226589202881 -0.7225581407546997 -0.44322526454925537 -0.9692859053611755 -0.22702215611934662 0.09458214789628983 -2.3825106620788574
-0.2288312464952469 0.6918084621429443 -0.6848629713058472 0.16068236529827118 0.08991941064596176 -0.6855010986328125 -0.7224975228309631 -0.44324421882629395 -0.9693042635917664 -0.2269124984741211 0.09465707838535309 -2.3824899196624756
-0.22884440422058105 0.6917694807052612 -0.6848979592323303 0.16068367660045624 0.08992274105548859 -0.6855381727218628 -0.7224619388580322 -0.44320663809776306 -0.9693008661270142 -0.2269192785024643 0.09467578679323196 -2.382549285888672
-0.22894661128520966 0.6918237209320068 -0.6848090291023254 0.16069990396499634 0.08986888080835342 -0.685468316078186 -0.7225349545478821 -0.44319450855255127 -0.9692816734313965 -0.22696495056152344 0.09476224333047867 -2.3824656009674072
-0.2290721833705902 0.691741406917572 -0.6848501563072205 0.16063351929187775 0.08978966623544693 -0.6855427026748657 -0.722474217414856 -0.4431735873222351 -0.9692593812942505 -0.2269912213087082 0.09492754936218262 -2.3823373317718506
-0.22904585301876068 0.6917530298233032 -0.6848472356796265 0.16066035628318787 0.08977911621332169 -0.6855394244194031 -0.7224786281585693 -0.4431929588317871 -0.9692665934562683 -0.22696572542190552 0.0949150025844574 -2.3823351860046387
-0.22903946042060852 0.6916812062263489 -0.68492192029953 0.1606437712907791 0.08982247859239578 -0.6856065988540649 -0.7224094867706299 -0.4432027339935303 -0.9692640900611877 -0.22698166966438293 0.09490246325731277 -2.3823018074035645
-0.22902193665504456 0.6916642189025879 -0.6849449276924133 0.1606225073337555 0.08983472734689713 -0.6856259703636169 -0.7223895788192749 -0.44316983222961426 -0.9692670702934265 -0.22697490453720093 0.09488793462514877 -2.382333755493164
-0.22901932895183563 0.6916712522506714 -0.6849386692047119 0.16064421832561493 0.08983049541711807 -0.6856201887130737 -0.7223955988883972 -0.4431958496570587 -0.9692680835723877 -0.22697095572948456 0.09488712251186371 -2.382328510284424
-0.2289694994688034 0.6916077136993408 -0.6850194931030273 0.16060537099838257 0.08990199863910675 -0.6856827139854431 -0.7223273515701294 -0.4431462287902832 -0.9692732095718384 -0.22697556018829346 0.09482353180646896 -2.38227915763855
-0.2289297878742218 0.6915892362594604 -0.685051441192627 0.16061632335186005 0.08982137590646744 -0.6857309341430664 -0.7222916483879089 -0.443198561668396 -0.9692900776863098 -0.2268863469362259 0.09486474841833115 -2.382305860519409
-0.2288532257080078 0.6915380954742432 -0.6851286292076111 0.16066183149814606 0.08993995189666748 -0.6857759952545166 -0.7222340703010559 -0.44320470094680786 -0.9692971706390381 -0.22690604627132416 0.09474516659975052 -2.382338285446167
-0.22891396284103394 0.6915069818496704 -0.6851397156715393 0.16066062450408936 0.0898730456829071 -0.6858094334602356 -0.7222106456756592 -0.4431932866573334 -0.9692890048027039 -0.22689969837665558 0.09484352171421051 -2.382251501083374
-0.22889764606952667 0.6914721131324768 -0.6851803660392761 0.16064853966236115 0.08999389410018921 -0.6858218908309937 -0.7221837639808655 -0.44316884875297546 -0.9692816734313965 -0.2269682139158249 0.09475477039813995 -2.3822875022888184
-0.22894081473350525 0.6914673447608948 -0.6851708292961121 0.16068074107170105 0.08997226506471634 -0.6858214139938354 -0.7221869230270386 -0.44318142533302307 -0.9692734479904175 -0.22698445618152618 0.09479964524507523 -2.382240056991577
-0.22887934744358063 0.6914893984794617 -0.6851691007614136 0.16062748432159424 0.08997385948896408 -0.6858129501342773 -0.7221947908401489 -0.4431704878807068 -0.9692878723144531 -0.226942777633667 0.0947524681687355 -2.382249116897583
-0.22897343337535858 0.6914567351341248 -0.6851705312728882 0.16068512201309204 0.08998334407806396 -0.6858218908309937 -0.7221851348876953 -0.44317805767059326 -0.9692647457122803 -0.2270151525735855 0.09481541067361832 -2.3821938037872314
-0.22891026735305786 0.6914485096931458 -0.6851999759674072 0.16068576276302338 0.09010163694620132 -0.6858184337615967 -0.7221735715866089 -0.44317084550857544 -0.9692686796188354 -0.22705060243606567 0.09469026327133179 -2.382216215133667
-0.2288721352815628 0.6914713382720947 -0.6851896643638611 0.1607363522052765 0.09002659469842911 -0.6858213543891907 -0.722180187702179 -0.44320499897003174 -0.9692846536636353 -0.22697222232818604 0.09471461176872253 -2.3822131156921387
-0.22876548767089844 0.6914927959442139 -0.6852036118507385 0.1606636345386505 0.09005239605903625 -0.6858190298080444 -0.7221791744232178 -0.4431556761264801 -0.9693074226379395 -0.2269139140844345 0.09462115168571472 -2.3822455406188965
-0.22875382006168365 0.6915530562400818 -0.6851467490196228 0.16064396500587463 0.09010963141918182 -0.6857450008392334 -0.7222423553466797 -0.44314706325531006 -0.9693048596382141 -0.22695402801036835 0.0945512130856514 -2.3822717666625977
-0.22875243425369263 0.6915812492370605 -0.6851187348365784 0.1606263369321823 0.09017261862754822 -0.6857008934020996 -0.7222763895988464 -0.44316980242729187 -0.96929931640625 -0.22700142860412598 0.09449406713247299 -2.3822405338287354
-0.22869791090488434 0.6916231513023376 -0.6850946545600891 0.16065043210983276 0.09024769812822342 -0.6856526136398315 -0.722312867641449 -0.4431559145450592 -0.9693052172660828 -0.22701966762542725 0.09438993781805038 -2.382307529449463
-0.22867417335510254 0.6916269063949585 -0.6850987672805786 0.16068503260612488 0.09024488180875778 -0.6856551170349121 -0.7223107814788818 -0.4431888461112976 -0.9693110585212708 -0.22700048983097076 0.0943758487701416 -2.3823275566101074
-0.22862377762794495 0.6915685534477234 -0.6851744651794434 0.1606544405221939 0.09030210226774216 -0.6857156753540039 -0.7222461700439453 -0.44316262006759644 -0.969317615032196 -0.2269953489303589 0.09432081878185272 -2.3824594020843506
-0.22864773869514465 0.6915687918663025 -0.6851662993431091 0.16068977117538452 0.09030161052942276 -0.6857096552848816 -0.7222519516944885 -0.443195104598999 -0.9693120121955872 -0.22701288759708405 0.09433620423078537 -2.382486343383789
-0.228804349899292 0.691544771194458 -0.6851382255554199 0.16066299378871918 0.090220145881176 -0.68571537733078 -0.7222566604614258 -0.44312867522239685 -0.9692826867103577 -0.22706875205039978 0.09450341016054153 -2.3823368549346924
-0.22883427143096924 0.691525936126709 -0.6851472854614258 0.1607009917497635 0.09024383872747421 -0.6857223510742188 -0.7222471237182617 -0.44315335154533386 -0.9692733883857727 -0.22710521519184113 0.09451083838939667 -2.382347822189331
-0.2287721484899521 0.691602885723114 -0.6850903034210205 0.16062088310718536 0.09018494188785553 -0.6856703162193298 -0.7223038673400879 -0.44310691952705383 -0.9692935347557068 -0.22702784836292267 0.09449011832475662 -2.3823931217193604
-0.22893033921718597 0.6916300058364868 -0.6850100755691528 0.16061605513095856 0.09021218121051788 -0.685596227645874 -0.7223707437515259 -0.443065345287323 -0.969253659248352 -0.22716884315013885 0.09456034749746323 -2.3822245597839355
-0.22886887192726135 0.6915466785430908 -0.6851147413253784 0.16063649952411652 0.09033193439245224 -0.6856712698936462 -0.7222846150398254 -0.44313108921051025 -0.9692569971084595 -0.22719621658325195 0.09446007013320923 -2.3821420669555664
-0.22887173295021057 0.6916269659996033 -0.6850327253341675 0.16068623960018158 0.09012038260698318 -0.6856354475021362 -0.7223449945449829 -0.44320985674858093 -0.9692760109901428 -0.22705978155136108 0.09459290653467178 -2.3821897506713867
-0.22890615463256836 0.6916100382804871 -0.6850383281707764 0.16065159440040588 0.0902087464928627 -0.6856241226196289 -0.7223447561264038 -0.44312039017677307 -0.9692596793174744 -0.22714561223983765 0.09455431997776031 -2.382072687149048
-0.22885456681251526 0.6915586590766907 -0.685107409954071 0.16065646708011627 0.09027820825576782 -0.6856747269630432 -0.7222880125045776 -0.4430931508541107 -0.9692654013633728 -0.22714918851852417 0.09448713809251785 -2.38212251663208
-0.22896581888198853 0.6915743350982666 -0.6850544214248657 0.16067592799663544 0.09023722261190414 -0.6856403350830078 -0.7223258018493652 -0.44308581948280334 -0.9692429304122925 -0.2272053360939026 0.0945824682712555 -2.3820641040802
-0.22889357805252075 0.691581666469574 -0.6850711703300476 0.16066712141036987 0.09027797728776932 -0.6856409311294556 -0.7223201394081116 -0.44305795431137085 -0.9692562222480774 -0.22718128561973572 0.0945042222738266 -2.382112503051758
-0.2288874387741089 0.6916089057922363 -0.6850457191467285 0.16066542267799377 0.09026375412940979 -0.6856170296669006 -0.7223445773124695 -0.44309931993484497 -0.9692589640617371 -0.2271704077720642 0.09450192749500275 -2.38211989402771
-0.22883881628513336 0.6916128396987915 -0.6850579977035522 0.16065841913223267 0.09038835763931274 -0.685595691204071 -0.7223492860794067 -0.4431733191013336 -0.9692588448524475 -0.22722283005714417 0.09437717497348785 -2.3820230960845947
-0.22882740199565887 0.6916443705558777 -0.6850299835205078 0.16061899065971375 0.09025837481021881 -0.685595691204071 -0.7223654985427856 -0.44315147399902344 -0.9692736864089966 -0.22712673246860504 0.09445640444755554 -2.3819315433502197
-0.2287682741880417 0.6916517019271851 -0.6850423216819763 0.16058588027954102 0.0903286561369896 -0.685586154460907 -0.7223657965660095 -0.44313451647758484 -0.9692810773849487 -0.22713333368301392 0.09436440467834473 -2.3819594383239746
-0.2288525253534317 0.6917167901992798 -0.6849485039710999 0.16058017313480377 0.09027253836393356 -0.6855098605155945 -0.7224452495574951 -0.4431186020374298 -0.969266414642334 -0.22716546058654785 0.09443764388561249 -2.381871461868286
-0.22882258892059326 0.6917057037353516 -0.6849696636199951 0.16058926284313202 0.09039241075515747 -0.6855008006095886 -0.7224388122558594 -0.44309884309768677 -0.9692623019218445 -0.2272263765335083 0.09433312714099884 -2.3819050788879395
-0.22895380854606628 0.6917237043380737 -0.6849076151847839 0.16058221459388733 0.09031029790639877 -0.6854686141014099 -0.7224795818328857 -0.4431157410144806 -0.9692389965057373 -0.22726868093013763 0.09447089582681656 -2.3818771839141846
-0.22883738577365875 0.6916937232017517 -0.6849768161773682 0.16059483587741852 0.09038663655519485 -0.6855111122131348 -0.7224297523498535 -0.4431037902832031 -0.9692593216896057 -0.2272316813468933 0.09435071796178818 -2.3818976879119873
-0.22892020642757416 0.6917402148246765 -0.6849021911621094 0.16058291494846344 0.09037063270807266 -0.6854453682899475 -0.7224941253662109 -0.44308727979660034 -0.9692412614822388 -0.22728855907917023 0.09439931064844131 -2.3818089962005615
-0.22889100015163422 0.691748321056366 -0.6849037408828735 0.16059912741184235 0.09046481549739838 -0.6854219436645508 -0.7225045561790466 -0.44305241107940674 -0.9692394137382507 -0.22733449935913086 0.094308041036129 -2.3818624019622803
-0.22895310819149017 0.6917115449905396 -0.6849201321601868 0.1606273055076599 0.0902748629450798 -0.6854898929595947 -0.722463846206665 -0.443067342042923 -0.9692424535751343 -0.2272414267063141 0.09450089931488037 -2.381822347640991
-0.22888685762882233 0.6916868686676025 -0.6849671602249146 0.1606183648109436 0.09039432555437088 -0.6855043172836304 -0.7224352359771729 -0.4430529773235321 -0.9692469239234924 -0.22727307677268982 0.09437836706638336 -2.3818325996398926
-0.2289874404668808 0.6916319131851196 -0.6849890351295471 0.1606125682592392 0.09039221704006195 -0.6855378746986389 -0.7224036455154419 -0.4430924355983734 -0.9692233800888062 -0.22733904421329498 0.09446144104003906 -2.3818345069885254
-0.2289118468761444 0.6916167140007019 -0.6850296854972839 0.16060422360897064 0.09049521386623383 -0.6855484843254089 -0.7223806977272034 -0.4430758059024811 -0.9692316055297852 -0.22735342383384705 0.0943421870470047 -2.3818633556365967
-0.2289663553237915 0.6916753649711609 -0.6849522590637207 0.1606280654668808 0.09038357436656952 -0.6854993104934692 -0.7224413156509399 -0.44313329458236694 -0.9692291617393494 -0.22732320427894592 0.09444021433591843 -2.381911277770996
-0.22886571288108826 0.6916707158088684 -0.6849905848503113 0.16060160100460052 0.09036029130220413 -0.6855345964431763 -0.7224107384681702 -0.4431172311306 -0.9692550897598267 -0.2272310107946396 0.09439581632614136 -2.3819289207458496
-0.2289147526025772 0.6916508078575134 -0.6849943399429321 0.16064338386058807 0.09034878015518188 -0.6855461597442627 -0.7224012017250061 -0.44312918186187744 -0.9692445993423462 -0.22725670039653778 0.09444183856248856 -2.3818838596343994
-0.22893089056015015 0.6916604042053223 -0.6849792003631592 0.16061457991600037 0.09023502469062805 -0.6855586767196655 -0.7224035263061523 -0.4430590271949768 -0.9692513942718506 -0.22718960046768188 0.09453357756137848 -2.381866931915283
-0.22892150282859802 0.6915866136550903 -0.6850568652153015 0.1606222540140152 0.09029021859169006 -0.6856259107589722 -0.7223328948020935 -0.44311612844467163 -0.9692484736442566 -0.22721146047115326 0.094511017203331 -2.38181471824646
-0.2289797067642212 0.6916077136993408 -0.6850160956382751 0.16060589253902435 0.09008251130580902 -0.6856379508972168 -0.7223473787307739 -0.44311824440956116 -0.9692540764808655 -0.2271108627319336 0.09469542652368546 -2.381969690322876
-0.2289678454399109 0.6915262341499329 -0.6851022839546204 0.16063851118087769 0.09011465311050415 -0.6857192516326904 -0.7222661972045898 -0.4431501626968384 -0.9692538380622864 -0.2271135002374649 0.09469102323055267 -2.381974935531616
-0.22899183630943298 0.6916617155075073 -0.6849575042724609 0.1605910062789917 0.09008503705263138 -0.685577392578125 -0.7224045395851135 -0.44309619069099426 -0.9692509770393372 -0.22712917625904083 0.09468326717615128 -2.3819332122802734
-0.22897003591060638 0.6916005611419678 -0.6850265264511108 0.16060316562652588 0.0901293084025383 -0.6856369376182556 -0.7223424911499023 -0.44314226508140564 -0.9692519903182983 -0.2271357774734497 0.09465684741735458 -2.381915330886841
-0.22901186347007751 0.6916180849075317 -0.6849948763847351 0.16060976684093475 0.09020300954580307 -0.6855908632278442 -0.7223770022392273 -0.4431135356426239 -0.9692352414131165 -0.2272215187549591 0.0946224182844162 -2.3818881511688232
-0.2290826141834259 0.6916481256484985 -0.6849408745765686 0.16060099005699158 0.09024270623922348 -0.6855323910713196 -0.7224276065826416 -0.44312429428100586 -0.9692148566246033 -0.22730652987957 0.09462736546993256 -2.381911277770996
-0.22910329699516296 0.6916149854660034 -0.6849673986434937 0.16060060262680054 0.09020498394966125 -0.685571014881134 -0.7223955988883972 -0.44319477677345276 -0.9692134857177734 -0.22729068994522095 0.09467946738004684 -2.381856679916382
-0.2290886789560318 0.6916200518608093 -0.6849672198295593 0.16055768728256226 0.09007968008518219 -0.6855986714363098 -0.7223849892616272 -0.4431677460670471 -0.9692285656929016 -0.22719185054302216 0.09476199746131897 -2.381847620010376
-0.22899886965751648 0.6915793418884277 -0.6850383281707764 0.16060185432434082 0.09020044654607773 -0.6856354475021362 -0.7223349809646606 -0.4431898295879364 -0.9692385792732239 -0.22720466554164886 0.09462899714708328 -2.381887197494507
-0.2289731204509735 0.6915780901908875 -0.6850482225418091 0.1606076955795288 0.09015218913555145 -0.6856545209884644 -0.722322940826416 -0.44318559765815735 -0.9692491292953491 -0.22715115547180176 0.09464919567108154 -2.381850481033325
-0.22885039448738098 0.6915184259414673 -0.6851494312286377 0.16067349910736084 0.09022780507802963 -0.68572998046875 -0.7222418189048767 -0.44318920373916626 -0.9692710638046265 -0.22710487246513367 0.09453541040420532 -2.381918430328369
-0.22894905507564545 0.6915629506111145 -0.6850715279579163 0.16062356531620026 0.09017816185951233 -0.6856703162193298 -0.7223047018051147 -0.4430834650993347 -0.9692524075508118 -0.22714948654174805 0.09461971372365952 -2.3818259239196777
-0.22895434498786926 0.691554844379425 -0.6850779056549072 0.16057100892066956 0.0901503935456276 -0.6856840252876282 -0.7222951650619507 -0.44302186369895935 -0.9692537188529968 -0.2271326631307602 0.0946464091539383 -2.3817882537841797
-0.22897298634052277 0.6915515065193176 -0.6850751042366028 0.16059409081935883 0.09015180915594101 -0.6856826543807983 -0.7222962975502014 -0.443037748336792 -0.9692491888999939 -0.22714710235595703 0.09465820342302322 -2.381800651550293
-0.22908931970596313 0.6915438175201416 -0.6850439310073853 0.1605830043554306 0.09022032469511032 -0.6856459379196167 -0.7223225831985474 -0.44299226999282837 -0.9692153334617615 -0.22728128731250763 0.09468286484479904 -2.3817508220672607
-0.22904734313488007 0.6915271282196045 -0.6850748658180237 0.1606084108352661 0.09020662307739258 -0.6856771111488342 -0.7222946882247925 -0.4430066645145416 -0.9692265391349792 -0.22723796963691711 0.09467221051454544 -2.3817577362060547
-0.22899766266345978 0.691510021686554 -0.6851087212562561 0.16059768199920654 0.09026133269071579 -0.6856946349143982 -0.7222712635993958 -0.44305574893951416 -0.9692331552505493 -0.2272372543811798 0.09460586309432983 -2.381708860397339
-0.22908511757850647 0.6915218234062195 -0.6850675344467163 0.16056907176971436 0.09025141596794128 -0.6856628656387329 -0.7223026156425476 -0.4430132806301117 -0.9692134261131287 -0.2272971123456955 0.09466435015201569 -2.3817296028137207
-0.2290956974029541 0.6915420889854431 -0.6850435733795166 0.1605561375617981 0.09017583727836609 -0.6856566071510315 -0.7223179936408997 -0.4429985284805298 -0.9692179560661316 -0.22725433111190796 0.09472060948610306 -2.3816657066345215
-0.22906409204006195 0.6915306448936462 -0.6850656867027283 0.16057337820529938 0.09019262343645096 -0.6856725811958313 -0.7223007678985596 -0.4430199861526489 -0.9692238569259644 -0.22724105417728424 0.09469201415777206 -2.3816661834716797
-0.22905462980270386 0.6915340423583984 -0.6850654482841492 0.16057536005973816 0.09012890607118607 -0.6856862902641296 -0.7222957015037537 -0.4430153965950012 -0.9692320227622986 -0.22718937695026398 0.09473242610692978 -2.3817179203033447
-0.22903557121753693 0.6915157437324524 -0.6850902438163757 0.16060106456279755 0.09014882147312164 -0.6857055425643921 -0.722274899482727 -0.44303998351097107 -0.9692347049713135 -0.22718673944473267 0.09471164643764496 -2.3817291259765625
-0.22902655601501465 0.691478967666626 -0.6851304173469543 0.16055893898010254 0.09007798135280609 -0.6857631802558899 -0.7222290635108948 -0.443011075258255 -0.9692434072494507 -0.22712479531764984 0.09477096050977707 -2.3817830085754395
-0.22906091809272766 0.6914445757865906 -0.6851536631584167 0.16057944297790527 0.09005730599164963 -0.6857958436012268 -0.7222006320953369 -0.4430363178253174 -0.969237208366394 -0.22713103890419006 0.09481939673423767 -2.381800413131714
-0.2291276603937149 0.6914331912994385 -0.6851428151130676 0.1605200469493866 0.09004708379507065 -0.6857936978340149 -0.7222039103507996 -0.4430493414402008 -0.969222366809845 -0.22717201709747314 0.09487278759479523 -2.3816757202148438
-0.22913388907909393 0.691415548324585 -0.6851584911346436 0.1605301946401596 0.09009505808353424 -0.6857995390892029 -0.7221924066543579 -0.44308844208717346 -0.9692164659500122 -0.22720815241336823 0.09484679996967316 -2.381683826446533
-0.22922681272029877 0.6913637518882751 -0.6851797103881836 0.1605665683746338 0.09012582153081894 -0.685823917388916 -0.7221654057502747 -0.4430355429649353 -0.9691916108131409 -0.22729206085205078 0.09489952027797699 -2.381706714630127
-0.2291940450668335 0.6913710236549377 -0.6851832866668701 0.16058826446533203 0.09011054039001465 -0.685827910900116 -0.7221634984016418 -0.4430539906024933 -0.9692007899284363 -0.22725781798362732 0.094887875020504 -2.3817195892333984
-0.22917592525482178 0.6914372444152832 -0.685122549533844 0.16053920984268188 0.08997070789337158 -0.6857954263687134 -0.7222118377685547 -0.4429997503757477 -0.9692180752754211 -0.22715452313423157 0.09495871514081955 -2.381685495376587
-0.22913970053195953 0.6914023756980896 -0.6851698160171509 0.1605597883462906 0.0900678038597107 -0.6858183145523071 -0.7221779823303223 -0.4430319368839264 -0.9692175984382629 -0.22719138860702515 0.09487512707710266 -2.381667375564575
-0.22917036712169647 0.6913973689079285 -0.6851646900177002 0.16052667796611786 0.09000293165445328 -0.6858312487602234 -0.7221737504005432 -0.4429503083229065 -0.9692164063453674 -0.22716766595840454 0.09494442492723465 -2.3815853595733643
-0.22904208302497864 0.6913838982582092 -0.6852211356163025 0.16058379411697388 0.09002608060836792 -0.6858717203140259 -0.7221324443817139 -0.44295307993888855 -0.9692445397377014 -0.22708649933338165 0.09485092759132385 -2.381664514541626
-0.22907721996307373 0.6915163397789001 -0.6850757598876953 0.16055989265441895 0.09002117812633514 -0.6857246160507202 -0.7222727537155151 -0.44300758838653564 -0.9692367315292358 -0.2271275669336319 0.09483278542757034 -2.381568670272827
-0.22906814515590668 0.6914818286895752 -0.6851136088371277 0.160550057888031 0.09019839018583298 -0.6857216954231262 -0.7222534418106079 -0.4429839849472046 -0.969222366809845 -0.2272413969039917 0.0947064608335495 -2.3814377784729004
-0.2290833443403244 0.6914916038513184 -0.6850986480712891 0.16057530045509338 0.09018665552139282 -0.6857103705406189 -0.7222656607627869 -0.44301339983940125 -0.9692198634147644 -0.22724579274654388 0.09472152590751648 -2.3814265727996826
-0.22903206944465637 0.6914830207824707 -0.6851244568824768 0.160570427775383 0.090255506336689 -0.6857159733772278 -0.7222517132759094 -0.44311174750328064 -0.9692255854606628 -0.22725507616996765 0.09464081376791 -2.3814806938171387
-0.22897997498512268 0.6915045380592346 -0.6851201057434082 0.16055704653263092 0.09012281894683838 -0.6857371926307678 -0.7222481369972229 -0.44309285283088684 -0.9692502617835999 -0.22712533175945282 0.09469976276159286 -2.3815410137176514
-0.22899340093135834 0.6915290951728821 -0.6850908398628235 0.16051451861858368 0.0901327133178711 -0.6857056617736816 -0.7222768068313599 -0.44302210211753845 -0.9692461490631104 -0.227145716547966 0.09469269216060638 -2.3814151287078857
-0.22898323833942413 0.6915391683578491 -0.6850841045379639 0.16053050756454468 0.09012069553136826 -0.6857004165649414 -0.7222833037376404 -0.44304800033569336 -0.9692496657371521 -0.22713103890419006 0.0946919322013855 -2.3814034461975098
-0.22911322116851807 0.6915468573570251 -0.6850329041481018 0.16048185527324677 0.09007634222507477 -0.6856705546379089 -0.7223171591758728 -0.44298210740089417 -0.9692230820655823 -0.22719767689704895 0.09480419009923935 -2.3813533782958984
-0.22898344695568085 0.6915093660354614 -0.6851140856742859 0.16054338216781616 0.09020514786243439 -0.6857119798660278 -0.7222617864608765 -0.4429572820663452 -0.969241738319397 -0.22718681395053864 0.09463899582624435 -2.381396532058716
-0.22906623780727386 0.6915450096130371 -0.6850504279136658 0.16055937111377716 0.09007274359464645 -0.6856849789619446 -0.7223039865493774 -0.44300389289855957 -0.9692345261573792 -0.22715984284877777 0.09477792680263519 -2.381418228149414
-0.2290932983160019 0.6915196776390076 -0.6850669980049133 0.16058628261089325 0.09012451767921448 -0.6856928467750549 -0.7222899794578552 -0.44302791357040405 -0.9692233204841614 -0.22721314430236816 0.09476478397846222 -2.381413221359253
-0.22907958924770355 0.691554844379425 -0.6850360631942749 0.16056758165359497 0.09005594998598099 -0.6856752038002014 -0.7223153114318848 -0.4429861307144165 -0.9692329168319702 -0.2271592766046524 0.0947955772280693 -2.381427049636841
-0.22896341979503632 0.6915138363838196 -0.6851163506507874 0.16058221459388733 0.0901607945561409 -0.6857226490974426 -0.7222571969032288 -0.44301846623420715 -0.9692506194114685 -0.2271411269903183 0.09465797245502472 -2.3814103603363037
-0.22904786467552185 0.6915173530578613 -0.6850845217704773 0.16056978702545166 0.09002335369586945 -0.6857302188873291 -0.7222671508789062 -0.44300970435142517 -0.9692434668540955 -0.22710736095905304 0.09481234848499298 -2.3814072608947754
-0.22903668880462646 0.6915181279182434 -0.6850875020027161 0.16059444844722748 0.0900358185172081 -0.6857293248176575 -0.7222664952278137 -0.4430369436740875 -0.9692448973655701 -0.2271079421043396 0.09479578584432602 -2.3814103603363037
-0.2291024625301361 0.6916043162345886 -0.6849784255027771 0.160577192902565 0.08991856873035431 -0.685649573802948 -0.7223567366600037 -0.4430552124977112 -0.9692402482032776 -0.22708599269390106 0.09489595144987106 -2.3813636302948
-0.22906732559204102 0.6915690302848816 -0.6850258111953735 0.1605251133441925 0.09007234126329422 -0.6856594681739807 -0.722328245639801 -0.4429945647716522 -0.9692342877388 -0.2271636724472046 0.09477094560861588 -2.381315231323242
-0.22901391983032227 0.6915701031684875 -0.6850426197052002 0.1605449765920639 0.09006348252296448 -0.6856735944747925 -0.7223159074783325 -0.4430197477340698 -0.9692477583885193 -0.22711773216724396 0.09474360197782516 -2.381310224533081
-0.22898966073989868 0.6916444301605225 -0.6849756836891174 0.16054470837116241 0.09006454050540924 -0.685600996017456 -0.7223846912384033 -0.44299599528312683 -0.9692533612251282 -0.22711065411567688 0.09470290690660477 -2.3813633918762207
-0.22903814911842346 0.6915920376777649 -0.6850123405456543 0.16056595742702484 0.09007447957992554 -0.685641884803772 -0.7223446369171143 -0.4430254399776459 -0.9692409634590149 -0.22714661061763763 0.09474337100982666 -2.3813624382019043
-0.22892890870571136 0.6916105151176453 -0.6850302219390869 0.16055232286453247 0.090068019926548 -0.6856509447097778 -0.7223368287086487 -0.44299882650375366 -0.9692673683166504 -0.2270631194114685 0.09467335790395737 -2.3813390731811523
-0.22893911600112915 0.69160395860672 -0.6850334405899048 0.1605704128742218 0.09004811197519302 -0.6856600046157837 -0.7223306894302368 -0.4430255591869354 -0.9692668318748474 -0.22705572843551636 0.0946967825293541 -2.3813388347625732
-0.22889162600040436 0.6915781497955322 -0.6850754022598267 0.16052819788455963 0.09001385420560837 -0.6857069730758667 -0.7222903966903687 -0.44300511479377747 -0.9692812561988831 -0.22699250280857086 0.09470098465681076 -2.381347894668579
-0.22884120047092438 0.6915069818496704 -0.6851640343666077 0.16055847704410553 0.0901053249835968 -0.6857730150222778 -0.7222163081169128 -0.44302457571029663 -0.9692846536636353 -0.22700977325439453 0.09462467581033707 -2.381352663040161
-0.22883747518062592 0.6915473937988281 -0.6851245164871216 0.16056638956069946 0.0900331512093544 -0.685748279094696 -0.7222487926483154 -0.4430212676525116 -0.9692922234535217 -0.22696150839328766 0.09466272592544556 -2.3814594745635986
-0.22884149849414825 0.6915554404258728 -0.6851150393486023 0.16057564318180084 0.09005220234394073 -0.6857343316078186 -0.7222597002983093 -0.4430685341358185 -0.9692894816398621 -0.2269791215658188 0.09464839100837708 -2.3814399242401123
-0.22887307405471802 0.6915821433067322 -0.6850775480270386 0.16056999564170837 0.08998625725507736 -0.6857138276100159 -0.7222873568534851 -0.44302719831466675 -0.969288170337677 -0.2269597053527832 0.09470855444669724 -2.3813984394073486
-0.2288249284029007 0.691540002822876 -0.6851361989974976 0.16057464480400085 0.08998406678438187 -0.6857706308364868 -0.7222336530685425 -0.44306832551956177 -0.9692997336387634 -0.22691641747951508 0.09469384700059891 -2.381378650665283
-0.22892846167087555 0.6915791630744934 -0.6850619912147522 0.16056528687477112 0.08998122811317444 -0.6857044100761414 -0.7222968935966492 -0.44301798939704895 -0.9692755937576294 -0.22699704766273499 0.0947481244802475 -2.381373643875122
-0.22886541485786438 0.6914865374565125 -0.6851766109466553 0.16055111587047577 0.0899323970079422 -0.6858290433883667 -0.7221845984458923 -0.4429716467857361 -0.9692949652671814 -0.22690266370773315 0.09477552771568298 -2.381451368331909
-0.2288891226053238 0.6914926767349243 -0.6851624846458435 0.16057178378105164 0.08993124961853027 -0.6858170032501221 -0.7221962213516235 -0.44299939274787903 -0.9692894816398621 -0.22692038118839264 0.09478927403688431 -2.381470203399658
