# 3x4 first row second row third row Freq: 100 current Time: 2021-07-28-17:25:01
-0.2528984844684601 0.7029092907905579 -0.6648014187812805 -0.0891609713435173 0.06327033787965775 -0.6736516952514648 -0.7363356947898865 -0.5630123615264893 -0.9654217958450317 -0.22828038036823273 0.12589219212532043 -2.4200706481933594
-0.2529262900352478 0.7028855681419373 -0.6648159027099609 -0.08915556967258453 0.06325794011354446 -0.6736735701560974 -0.7363167405128479 -0.5630250573158264 -0.9654152989387512 -0.22828873991966248 0.1259266585111618 -2.420057773590088
-0.2529701888561249 0.7029011249542236 -0.6647827625274658 -0.0891604796051979 0.06315424293279648 -0.6736694574356079 -0.7363294363021851 -0.5630403757095337 -0.965410590171814 -0.22825324535369873 0.12602709233760834 -2.4200847148895264
-0.25295400619506836 0.7029010057449341 -0.6647890210151672 -0.08914923667907715 0.06314857304096222 -0.6736751198768616 -0.7363247275352478 -0.5630627870559692 -0.9654151797294617 -0.22823677957057953 0.1260216236114502 -2.4200687408447266
-0.25290432572364807 0.7029074430465698 -0.6648011207580566 -0.08916109800338745 0.0631929486989975 -0.6736705303192139 -0.7363250851631165 -0.5630578994750977 -0.9654253125190735 -0.2282305657863617 0.12595540285110474 -2.420074939727783
-0.25293129682540894 0.7028951644897461 -0.6648038625717163 -0.08917183429002762 0.0632636621594429 -0.6736603379249573 -0.7363283634185791 -0.5630642175674438 -0.9654136300086975 -0.22829842567443848 0.1259220540523529 -2.4200551509857178
-0.2528413236141205 0.7028697729110718 -0.6648648977279663 -0.08917869627475739 0.06326214969158173 -0.6737123727798462 -0.7362809181213379 -0.563027024269104 -0.9654372930526733 -0.2282230257987976 0.1258772760629654 -2.4199721813201904
-0.25300225615501404 0.7028825283050537 -0.6647902131080627 -0.08914481103420258 0.06322852522134781 -0.6736640334129333 -0.7363280057907104 -0.5630691051483154 -0.9653973579406738 -0.22832636535167694 0.12599630653858185 -2.420095205307007
-0.2529735267162323 0.7029017210006714 -0.664780855178833 -0.08914215117692947 0.06321234256029129 -0.6736541390419006 -0.7363384366035461 -0.5630875825881958 -0.9654059410095215 -0.22829648852348328 0.12598460912704468 -2.4200875759124756
-0.2530028522014618 0.7029079794883728 -0.6647630333900452 -0.0891546681523323 0.06324935704469681 -0.6736307740211487 -0.7363566756248474 -0.5630828142166138 -0.9653958082199097 -0.22834618389606476 0.12597203254699707 -2.420090436935425
-0.25307750701904297 0.7029138803482056 -0.6647284030914307 -0.08918584883213043 0.06309781223535538 -0.6736404895782471 -0.7363607287406921 -0.5630496144294739 -0.965386152267456 -0.22829926013946533 0.12613093852996826 -2.4200823307037354
-0.2531050443649292 0.7029226422309875 -0.6647086143493652 -0.08918944746255875 0.06312569230794907 -0.6736169457435608 -0.736379861831665 -0.563065230846405 -0.965377151966095 -0.22834163904190063 0.1261233687400818 -2.420071840286255
-0.2531532645225525 0.7029098272323608 -0.6647038459777832 -0.08918449282646179 0.0630621537566185 -0.6736335754394531 -0.7363701462745667 -0.5630460977554321 -0.9653686285018921 -0.22833214700222015 0.12620551884174347 -2.4200963973999023
-0.2531614601612091 0.7028746604919434 -0.6647379398345947 -0.08916974812746048 0.06309640407562256 -0.6736623048782349 -0.7363409399986267 -0.563036322593689 -0.9653642177581787 -0.22835570573806763 0.1261964589357376 -2.4201161861419678
-0.25327268242836 0.7028787136077881 -0.6646912693977356 -0.08918901532888412 0.06308894604444504 -0.67363041639328 -0.7363706827163696 -0.563041627407074 -0.9653355479240417 -0.22843725979328156 0.12626831233501434 -2.4201087951660156
-0.2532691955566406 0.7029088735580444 -0.6646606922149658 -0.08918426185846329 0.06304851174354553 -0.6736075282096863 -0.7363951206207275 -0.5630742907524109 -0.9653391242027283 -0.22841206192970276 0.12628667056560516 -2.420055627822876
-0.25325095653533936 0.70290607213974 -0.6646705865859985 -0.08918508142232895 0.06305745244026184 -0.6736132502555847 -0.7363891005516052 -0.5630897879600525 -0.9653432965278625 -0.22840368747711182 0.12626974284648895 -2.4200429916381836
-0.2531965374946594 0.7028740644454956 -0.6647251844406128 -0.08913425356149673 0.06313566863536835 -0.6736444234848022 -0.736353874206543 -0.5630596876144409 -0.965352475643158 -0.22841012477874756 0.1261880099773407 -2.420085906982422
-0.25317713618278503 0.702885091304779 -0.664720892906189 -0.08912888169288635 0.06312989443540573 -0.6736387014389038 -0.7363596558570862 -0.5630689263343811 -0.9653579592704773 -0.22839318215847015 0.1261768490076065 -2.420074224472046
-0.2531874179840088 0.7029246687889099 -0.6646751761436462 -0.0891602635383606 0.06314792484045029 -0.6735879182815552 -0.736404538154602 -0.5630680322647095 -0.9653540849685669 -0.22842121124267578 0.12615574896335602 -2.420058488845825
-0.2532193958759308 0.7029489874839783 -0.6646372079849243 -0.0891595333814621 0.0631241723895073 -0.6735581755638123 -0.7364338040351868 -0.5630761384963989 -0.9653472304344177 -0.2284339964389801 0.12618492543697357 -2.420046091079712
-0.25320979952812195 0.7030074000358582 -0.6645790934562683 -0.08916739374399185 0.06310036033391953 -0.6735016107559204 -0.7364875674247742 -0.5630754232406616 -0.9653512835502625 -0.22842106223106384 0.12617719173431396 -2.4200870990753174
-0.2531948387622833 0.7030148506164551 -0.6645768880844116 -0.08917003870010376 0.06310348212718964 -0.6734965443611145 -0.7364919185638428 -0.5630888342857361 -0.9653550386428833 -0.22841306030750275 0.12616315484046936 -2.4200758934020996
-0.2531721293926239 0.7029852271080017 -0.6646168828010559 -0.08917515724897385 0.06319914758205414 -0.6735126376152039 -0.7364689707756042 -0.5630959272384644 -0.9653547406196594 -0.22845664620399475 0.12608657777309418 -2.420011281967163
-0.2532213032245636 0.7029856443405151 -0.6645976901054382 -0.08915962278842926 0.06318925321102142 -0.6735016107559204 -0.7364799380302429 -0.5630953311920166 -0.9653424620628357 -0.22848784923553467 0.1261238306760788 -2.419980049133301
-0.2531862258911133 0.7029717564582825 -0.6646258234977722 -0.08914536982774734 0.06316698342561722 -0.6735315322875977 -0.7364544868469238 -0.5630834698677063 -0.9653531312942505 -0.22844253480434418 0.126124307513237 -2.4200029373168945
-0.253150075674057 0.7029728889465332 -0.664638340473175 -0.08913890272378922 0.06320350617170334 -0.6735311150550842 -0.7364517450332642 -0.563089907169342 -0.9653602242469788 -0.2284402996301651 0.12607410550117493 -2.4199564456939697
-0.25320324301719666 0.7029538154602051 -0.6646382808685303 -0.08912011981010437 0.06310857832431793 -0.6735607385635376 -0.7364327907562256 -0.5630770921707153 -0.965352475643158 -0.22841154038906097 0.1261853575706482 -2.419973134994507
-0.25317198038101196 0.7029536366462708 -0.6646503806114197 -0.08915256708860397 0.06309771537780762 -0.6735717058181763 -0.736423671245575 -0.5630803108215332 -0.9653614163398743 -0.2283797711133957 0.1261747181415558 -2.4199371337890625
-0.2531919479370117 0.7029135823249817 -0.6646851301193237 -0.08914900571107864 0.06308042258024216 -0.6736149191856384 -0.7363856434822083 -0.5630568265914917 -0.9653573036193848 -0.22837553918361664 0.12621380388736725 -2.41996431350708
-0.253150999546051 0.7029615640640259 -0.6646499633789062 -0.08919104188680649 0.06303626298904419 -0.6735829710960388 -0.7364186644554138 -0.5630812644958496 -0.9653708934783936 -0.22832216322422028 0.12620612978935242 -2.4199845790863037
-0.25317588448524475 0.7029693722724915 -0.664632260799408 -0.08919672667980194 0.0630216896533966 -0.6735712289810181 -0.7364306449890137 -0.5630991458892822 -0.9653653502464294 -0.22833271324634552 0.1262296736240387 -2.4199657440185547
-0.2530718445777893 0.7029946446418762 -0.6646451354026794 -0.0892200767993927 0.06311321258544922 -0.6735488772392273 -0.736443281173706 -0.563073992729187 -0.9653866291046143 -0.22832095623016357 0.1260880082845688 -2.4199602603912354
-0.25307175517082214 0.7029851675033569 -0.6646552085876465 -0.08922724425792694 0.06311722844839096 -0.6735584735870361 -0.7364341020584106 -0.5630846619606018 -0.9653863906860352 -0.2283218801021576 0.12608815729618073 -2.4199435710906982
-0.253181129693985 0.7029276490211487 -0.6646744012832642 -0.08918262273073196 0.06310916692018509 -0.6735954284667969 -0.7364009618759155 -0.5630796551704407 -0.9653582572937012 -0.22838987410068512 0.1261804699897766 -2.4199280738830566
-0.2532496154308319 0.7029737234115601 -0.6645995378494263 -0.08920866996049881 0.06305553019046783 -0.6735391020774841 -0.736457109451294 -0.5631080269813538 -0.9653437733650208 -0.2284141629934311 0.12624713778495789 -2.419948101043701
-0.25327757000923157 0.702941358089447 -0.6646230816841125 -0.08922441303730011 0.06303448975086212 -0.6735725998878479 -0.7364283204078674 -0.5630748867988586 -0.9653378129005432 -0.22841495275497437 0.12629127502441406 -2.419999361038208
-0.2532722055912018 0.7029064297676086 -0.6646621227264404 -0.0892043337225914 0.06314313411712646 -0.6735870242118835 -0.7364057898521423 -0.5630685091018677 -0.9653321504592896 -0.22847996652126312 0.12621714174747467 -2.419930934906006
-0.25330236554145813 0.7029154300689697 -0.6646410822868347 -0.08923877775669098 0.06310398876667023 -0.6735783815383911 -0.7364170551300049 -0.5630806088447571 -0.9653267860412598 -0.22847768664360046 0.12626221776008606 -2.4198813438415527
-0.25321730971336365 0.7029035091400146 -0.6646860837936401 -0.08921778947114944 0.06313983350992203 -0.6736053824424744 -0.7363892793655396 -0.5631022453308105 -0.9653467535972595 -0.22843468189239502 0.12618733942508698 -2.4198503494262695
-0.2533014416694641 0.7029255628585815 -0.6646307706832886 -0.08919606357812881 0.0630270391702652 -0.6735856533050537 -0.7364169955253601 -0.5630830526351929 -0.96533203125 -0.22842518985271454 0.1263168901205063 -2.4198834896087646
-0.2532581090927124 0.7029222249984741 -0.6646507978439331 -0.08918635547161102 0.06307604908943176 -0.6735890507698059 -0.7364096641540527 -0.5630849003791809 -0.9653401970863342 -0.2284252643585205 0.12625433504581451 -2.419841766357422
-0.25321164727211 0.7029075026512146 -0.6646840572357178 -0.0891731008887291 0.06308794766664505 -0.6736147999763489 -0.7363851070404053 -0.5630820989608765 -0.9653516411781311 -0.22839483618736267 0.12622211873531342 -2.419865131378174
-0.25319328904151917 0.7028976082801819 -0.6647014617919922 -0.08921177685260773 0.06318160891532898 -0.6736083626747131 -0.7363829612731934 -0.5630992650985718 -0.965350329875946 -0.2284441441297531 0.12614291906356812 -2.419869899749756
-0.25324252247810364 0.7029282450675964 -0.6646503210067749 -0.08920788019895554 0.06309616565704346 -0.6735817193984985 -0.7364146709442139 -0.5631137490272522 -0.9653429985046387 -0.22842839360237122 0.12622743844985962 -2.4198620319366455
-0.2532423436641693 0.702953577041626 -0.6646236777305603 -0.08919448405504227 0.06316660344600677 -0.6735370755195618 -0.7364494800567627 -0.5631497502326965 -0.965338408946991 -0.2284822016954422 0.12616491317749023 -2.4198663234710693
-0.25324201583862305 0.7029157876968384 -0.6646637320518494 -0.08915092051029205 0.06311129033565521 -0.6735920906066895 -0.7364038825035095 -0.5631220936775208 -0.9653421640396118 -0.2284361869096756 0.12621989846229553 -2.4199540615081787
-0.25318121910095215 0.702919065952301 -0.6646834015846252 -0.08917402476072311 0.06324660778045654 -0.6735723614692688 -0.7364103198051453 -0.563120424747467 -0.9653492569923401 -0.22848421335220337 0.12607862055301666 -2.419926404953003
-0.2531702518463135 0.7029529809951782 -0.6646517515182495 -0.08917170763015747 0.06322737038135529 -0.6735422611236572 -0.7364395260810852 -0.5631087422370911 -0.9653533697128296 -0.22846876084804535 0.12607499957084656 -2.41995906829834
-0.25310268998146057 0.7028958797454834 -0.6647378206253052 -0.08914631605148315 0.06326991319656372 -0.6736131310462952 -0.7363710403442383 -0.5631402134895325 -0.9653682708740234 -0.22843538224697113 0.1260211169719696 -2.419961452484131
-0.2531425654888153 0.7028733491897583 -0.6647465229034424 -0.0891539454460144 0.0632433071732521 -0.6736339330673218 -0.7363542318344116 -0.5631250143051147 -0.9653595685958862 -0.22844336926937103 0.12607339024543762 -2.4199650287628174
-0.2531968653202057 0.7028304934501648 -0.6647711396217346 -0.0891493409872055 0.06317256391048431 -0.6736839413642883 -0.736314594745636 -0.5630456805229187 -0.9653499722480774 -0.22842784225940704 0.12617506086826324 -2.4199419021606445
-0.2532564401626587 0.7028436660766602 -0.6647345423698425 -0.08917923271656036 0.06318676471710205 -0.6736503839492798 -0.7363440990447998 -0.5630525350570679 -0.9653334021568298 -0.2284863144159317 0.12619587779045105 -2.4199624061584473
-0.2532472312450409 0.7028485536575317 -0.6647328734397888 -0.08917757868766785 0.06316038221120834 -0.6736536026000977 -0.7363433837890625 -0.5630702972412109 -0.9653375744819641 -0.22846171259880066 0.12620873749256134 -2.419938564300537
-0.25326839089393616 0.7028180956840515 -0.6647569537162781 -0.08917468786239624 0.06318074464797974 -0.6736769676208496 -0.7363202571868896 -0.5630783438682556 -0.9653306603431702 -0.22848649322986603 0.12621651589870453 -2.419930934906006
-0.2532728910446167 0.7028318047523499 -0.664740800857544 -0.08917570859193802 0.06310610473155975 -0.6736782789230347 -0.7363255023956299 -0.5631026029586792 -0.9653343558311462 -0.22844049334526062 0.12627148628234863 -2.4199917316436768
-0.253328412771225 0.7028283476829529 -0.66472327709198 -0.08914896845817566 0.06314752995967865 -0.6736577749252319 -0.7363407015800476 -0.5630795955657959 -0.9653171300888062 -0.22851164638996124 0.12627476453781128 -2.419938087463379
-0.2533019781112671 0.7028214335441589 -0.6647406220436096 -0.08915675431489944 0.06315650790929794 -0.6736701726913452 -0.7363285422325134 -0.5630925297737122 -0.9653234481811523 -0.22849617898464203 0.12625423073768616 -2.419924736022949
-0.253430038690567 0.7027888894081116 -0.6647262573242188 -0.08915869146585464 0.06315857172012329 -0.6736721992492676 -0.7363265156745911 -0.563102126121521 -0.9652897119522095 -0.22859042882919312 0.12634164094924927 -2.4199464321136475
-0.25341933965682983 0.7028582096099854 -0.6646570563316345 -0.08916427195072174 0.06310192495584488 -0.6736116409301758 -0.736386775970459 -0.5631193518638611 -0.96529620885849 -0.2285557985305786 0.12635450065135956 -2.419933795928955
-0.253330260515213 0.7029076814651489 -0.6646386981010437 -0.08919768035411835 0.06309112906455994 -0.6735826730728149 -0.7364141941070557 -0.5631436705589294 -0.9653202891349792 -0.22848878800868988 0.12629163265228271 -2.4199376106262207
-0.253329873085022 0.7029182314872742 -0.6646276712417603 -0.08917535096406937 0.06307972222566605 -0.6735738515853882 -0.7364232540130615 -0.5631235241889954 -0.9653211236000061 -0.22848252952098846 0.1262964904308319 -2.4199979305267334
-0.2534538209438324 0.7029135227203369 -0.6645854115486145 -0.08919185400009155 0.0630539208650589 -0.6735526323318481 -0.7364448308944702 -0.5631276369094849 -0.9652903079986572 -0.2285594791173935 0.12639303505420685 -2.4200100898742676
-0.25349223613739014 0.7028954029083252 -0.6645899415016174 -0.08917003124952316 0.06298694759607315 -0.6735785007476807 -0.7364269495010376 -0.5631383061408997 -0.9652845859527588 -0.22853899002075195 0.12647368013858795 -2.4200308322906494
-0.25339454412460327 0.7029247879981995 -0.6645960807800293 -0.08916140347719193 0.06311969459056854 -0.6735401153564453 -0.7364506721496582 -0.563117504119873 -0.9653015732765198 -0.22856168448925018 0.12630300223827362 -2.419956684112549
-0.2533217668533325 0.7029142379760742 -0.6646350026130676 -0.08916416764259338 0.06313283741474152 -0.6735678315162659 -0.7364242076873779 -0.5630922317504883 -0.965319812297821 -0.22851258516311646 0.1262524127960205 -2.4199798107147217
-0.2532382607460022 0.7029508948326111 -0.6646280884742737 -0.0891508162021637 0.06319817155599594 -0.6735336184501648 -0.7364498972892761 -0.5631126761436462 -0.9653374552726746 -0.22850055992603302 0.12613926827907562 -2.4199483394622803
-0.253175288438797 0.7029570937156677 -0.6646454334259033 -0.08917724341154099 0.06318230926990509 -0.6735469698905945 -0.736439049243927 -0.5631143450737 -0.9653549790382385 -0.2284419983625412 0.1261110007762909 -2.4199140071868896
-0.25328055024147034 0.7029485702514648 -0.6646143794059753 -0.0892164334654808 0.06310908496379852 -0.6735461354255676 -0.7364460825920105 -0.5631614327430725 -0.9653321504592896 -0.22847066819667816 0.12623369693756104 -2.4199612140655518
-0.25327205657958984 0.7029776573181152 -0.6645868420600891 -0.08921682834625244 0.06302694976329803 -0.6735355854034424 -0.7364627718925476 -0.5631701946258545 -0.9653397798538208 -0.22841231524944305 0.12628120183944702 -2.4199697971343994
-0.25324389338493347 0.7029922604560852 -0.6645821332931519 -0.08921077847480774 0.06311559677124023 -0.6735058426856995 -0.7364823818206787 -0.5631575584411621 -0.9653413891792297 -0.22845515608787537 0.12619146704673767 -2.419888496398926
-0.25327521562576294 0.7029911875724792 -0.6645713448524475 -0.08920915424823761 0.06307855993509293 -0.6735076308250427 -0.7364839315414429 -0.563165009021759 -0.9653355479240417 -0.22845333814620972 0.1262391209602356 -2.4198954105377197
-0.25324374437332153 0.7030172348022461 -0.6645557880401611 -0.08925921469926834 0.06309134513139725 -0.6734839677810669 -0.7365044355392456 -0.5631920695304871 -0.9653429985046387 -0.22844286262989044 0.12620128691196442 -2.419872283935547
-0.25315698981285095 0.7030282020568848 -0.6645771861076355 -0.08920644968748093 0.06314067542552948 -0.6734828352928162 -0.7365012764930725 -0.5631352066993713 -0.9653624892234802 -0.22841230034828186 0.12610721588134766 -2.4198415279388428
-0.25312477350234985 0.7029876708984375 -0.6646323204040527 -0.08921004831790924 0.06309694796800613 -0.673546552658081 -0.736446738243103 -0.5631135702133179 -0.9653738141059875 -0.22834919393062592 0.1261349469423294 -2.4198520183563232
-0.25313815474510193 0.7030379176139832 -0.664574146270752 -0.08923114091157913 0.06307412683963776 -0.6734927892684937 -0.7364978790283203 -0.5631595849990845 -0.9653717875480652 -0.22835315763950348 0.12614323198795319 -2.419879674911499
-0.2530986964702606 0.7030102014541626 -0.6646184325218201 -0.08920001983642578 0.06305944919586182 -0.6735373139381409 -0.736458420753479 -0.5631284713745117 -0.9653831124305725 -0.22830712795257568 0.12613996863365173 -2.4199352264404297
-0.25308355689048767 0.7030221819877625 -0.6646115779876709 -0.08921755850315094 0.06310675293207169 -0.6735168099403381 -0.7364730834960938 -0.5631443858146667 -0.9653840065002441 -0.22833071649074554 0.12609060108661652 -2.4199111461639404
-0.2530477046966553 0.7030053734779358 -0.6646429896354675 -0.08920187503099442 0.06312959641218185 -0.6735394597053528 -0.7364504337310791 -0.5631385445594788 -0.9653918743133545 -0.22831574082374573 0.12605716288089752 -2.419945001602173
-0.2530796527862549 0.7029626369476318 -0.6646760106086731 -0.08918444067239761 0.06321336328983307 -0.6735585927963257 -0.7364257574081421 -0.5630735158920288 -0.9653780460357666 -0.22839078307151794 0.12602736055850983 -2.41983962059021
-0.2530910074710846 0.7029561400413513 -0.6646785736083984 -0.08919282257556915 0.06314364820718765 -0.6735792756080627 -0.7364128232002258 -0.5631134510040283 -0.9653795957565308 -0.2283496856689453 0.1260896474123001 -2.419760227203369
-0.25305652618408203 0.7029291987419128 -0.6647201776504517 -0.08918775618076324 0.06322742253541946 -0.6735983490943909 -0.7363882064819336 -0.5631099343299866 -0.9653831720352173 -0.2283763736486435 0.12601405382156372 -2.4197001457214355
-0.2530665397644043 0.7028835415840149 -0.6647647023200989 -0.0891670286655426 0.06315438449382782 -0.6736636161804199 -0.7363347411155701 -0.5630795955657959 -0.9653853178024292 -0.22832447290420532 0.12609153985977173 -2.419738292694092
-0.2530924081802368 0.7028900384902954 -0.664747953414917 -0.08919822424650192 0.06316877156496048 -0.6736462116241455 -0.7363494038581848 -0.5630950927734375 -0.9653776288032532 -0.2283557653427124 0.1260940432548523 -2.419767141342163
-0.2531358003616333 0.7029290795326233 -0.6646901369094849 -0.08923818916082382 0.06311812251806259 -0.6736035943031311 -0.7363927364349365 -0.5630938410758972 -0.9653695225715637 -0.2283613681793213 0.1261456310749054 -2.419733762741089
-0.25318774580955505 0.7029026746749878 -0.6646982431411743 -0.08923393487930298 0.06309176236391068 -0.6736254692077637 -0.7363750338554382 -0.5631607174873352 -0.9653576612472534 -0.22837813198566437 0.12620635330677032 -2.4197983741760254
-0.2531556487083435 0.7029092907905579 -0.6647034883499146 -0.08922572433948517 0.06308984756469727 -0.6736269593238831 -0.736373782157898 -0.5631412863731384 -0.9653661847114563 -0.22835323214530945 0.1261860430240631 -2.419837236404419
-0.2531716823577881 0.7029969096183777 -0.6646047234535217 -0.08924043923616409 0.06304808706045151 -0.6735355854034424 -0.7364609241485596 -0.5631672143936157 -0.9653646945953369 -0.2283531278371811 0.12619754672050476 -2.4198484420776367
-0.2531411349773407 0.702966570854187 -0.6646484732627869 -0.08922978490591049 0.06302661448717117 -0.6735823154449463 -0.7364200353622437 -0.5631235837936401 -0.9653741121292114 -0.22830873727798462 0.12620578706264496 -2.419926643371582
-0.25317102670669556 0.7029746770858765 -0.6646285057067871 -0.08923697471618652 0.06298273056745529 -0.6735758781433105 -0.736429750919342 -0.5631298422813416 -0.9653691649436951 -0.22830277681350708 0.1262546181678772 -2.419961929321289
-0.25317034125328064 0.7029573917388916 -0.6646469831466675 -0.08924344182014465 0.06301359087228775 -0.6735878586769104 -0.7364161014556885 -0.5631467700004578 -0.965367317199707 -0.22832050919532776 0.12623660266399384 -2.41995906829834
-0.2531096935272217 0.7029798030853271 -0.6646464467048645 -0.08924100548028946 0.06308294832706451 -0.6735625863075256 -0.7364333271980286 -0.5631274580955505 -0.9653787016868591 -0.22832627594470978 0.12613917887210846 -2.419875144958496
-0.25309690833091736 0.7029342651367188 -0.6646994352340698 -0.08922253549098969 0.06310083717107773 -0.673612117767334 -0.7363864779472351 -0.5631369352340698 -0.965380847454071 -0.22832024097442627 0.12613341212272644 -2.4198966026306152
-0.25315093994140625 0.7028793096542358 -0.6647369861602783 -0.08919335156679153 0.06304240226745605 -0.6736726760864258 -0.7363360524177551 -0.5631082057952881 -0.9653705358505249 -0.22831079363822937 0.1262296885251999 -2.419877052307129
-0.25313881039619446 0.7028412222862244 -0.6647818684577942 -0.0891897976398468 0.06310251355171204 -0.6737037897109985 -0.7363024353981018 -0.563123881816864 -0.9653697609901428 -0.2283361256122589 0.12618954479694366 -2.419860601425171
-0.25309813022613525 0.7028873562812805 -0.6647486090660095 -0.0891735851764679 0.06310112029314041 -0.6736636757850647 -0.736339271068573 -0.5631299614906311 -0.9653805494308472 -0.22831247746944427 0.12615004181861877 -2.4198365211486816
-0.25311872363090515 0.7029106616973877 -0.6647161245346069 -0.08917571604251862 0.0631432980298996 -0.6736225485801697 -0.7363733053207397 -0.5631164908409119 -0.9653723835945129 -0.22836223244667053 0.126122385263443 -2.4197919368743896
-0.2530844211578369 0.7029410600662231 -0.6646970510482788 -0.08920074999332428 0.06317837536334991 -0.6735895276069641 -0.7364004850387573 -0.5631529688835144 -0.9653790593147278 -0.228365957736969 0.12606434524059296 -2.4197962284088135
-0.2530921995639801 0.7029463052749634 -0.6646885275840759 -0.08919195085763931 0.06308051943778992 -0.6736047863960266 -0.7363948822021484 -0.5631577372550964 -0.9653834700584412 -0.2283046841621399 0.12614190578460693 -2.4197981357574463
-0.2531188428401947 0.7029602527618408 -0.6646636128425598 -0.08920235186815262 0.06299223005771637 -0.6736032962799072 -0.7364038228988647 -0.5631732940673828 -0.9653822183609009 -0.22826632857322693 0.12622064352035522 -2.4197998046875
-0.2532392144203186 0.703008234500885 -0.6645669937133789 -0.08921517431735992 0.0628461092710495 -0.6735531091690063 -0.7364622354507446 -0.5631932020187378 -0.965360164642334 -0.22826656699180603 0.12638872861862183 -2.4198710918426514
-0.2531416416168213 0.7030020356178284 -0.664610743522644 -0.08919484913349152 0.06297239661216736 -0.6735556721687317 -0.7364490628242493 -0.5631536245346069 -0.9653775095939636 -0.2282780557870865 0.1262352615594864 -2.419818639755249
-0.2531655430793762 0.7029913067817688 -0.6646129488945007 -0.08919219672679901 0.06301318109035492 -0.673551619052887 -0.7364492416381836 -0.5631411075592041 -0.9653686285018921 -0.22832295298576355 0.12622234225273132 -2.4197511672973633
-0.2531979978084564 0.7029252052307129 -0.6646705269813538 -0.08916821330785751 0.06315136700868607 -0.6735836863517761 -0.7364081144332886 -0.5631011128425598 -0.9653510451316833 -0.22843192517757416 0.12615936994552612 -2.41973876953125
-0.25315916538238525 0.7029635906219482 -0.664644718170166 -0.08925880491733551 0.0631464272737503 -0.6735525131225586 -0.7364370226860046 -0.5631442070007324 -0.9653615951538086 -0.22840572893619537 0.12612636387348175 -2.419750452041626
-0.25316616892814636 0.7029381394386292 -0.6646689772605896 -0.08925449848175049 0.06310929358005524 -0.6735876798629761 -0.7364080548286438 -0.5631242394447327 -0.9653621912002563 -0.22838039696216583 0.1261676847934723 -2.419783353805542
-0.25319844484329224 0.7028979063034058 -0.6646992564201355 -0.08923204243183136 0.06320888549089432 -0.6736002564430237 -0.7363880276679993 -0.5631042718887329 -0.965347170829773 -0.2284672111272812 0.12612514197826385 -2.419715404510498
-0.25327304005622864 0.7028977870941162 -0.6646709442138672 -0.08921942114830017 0.06314617395401001 -0.6735956072807312 -0.7363976240158081 -0.5630998015403748 -0.9653317332267761 -0.22848109900951385 0.12621831893920898 -2.419720411300659
-0.2534313201904297 0.7028653025627136 -0.6646449565887451 -0.0892115980386734 0.0631447285413742 -0.6735904812812805 -0.7364024519920349 -0.5630962252616882 -0.9652902483940125 -0.2285962700843811 0.12632669508457184 -2.4197137355804443
-0.25340497493743896 0.7028287053108215 -0.6646937131881714 -0.08919867873191833 0.06315732002258301 -0.673634946346283 -0.7363607287406921 -0.5631085634231567 -0.9652963876724243 -0.22857773303985596 0.12631365656852722 -2.419696807861328
-0.2533525228500366 0.7028775215148926 -0.6646620631217957 -0.08918794989585876 0.06318479031324387 -0.6735880970954895 -0.7364012598991394 -0.5631477236747742 -0.9653083086013794 -0.22856564819812775 0.12624406814575195 -2.419692277908325
-0.2533019781112671 0.7028824090957642 -0.6646761894226074 -0.0892104059457779 0.0631706714630127 -0.6735993027687073 -0.7363921999931335 -0.5631481409072876 -0.9653224945068359 -0.22851763665676117 0.12622247636318207 -2.4197089672088623
-0.2532665431499481 0.7028681635856628 -0.6647047400474548 -0.08921033143997192 0.06317458301782608 -0.6736234426498413 -0.736369788646698 -0.5631649494171143 -0.9653315544128418 -0.22849027812480927 0.12620286643505096 -2.419682264328003
-0.2534208297729492 0.7028628587722778 -0.6646515727043152 -0.08921943604946136 0.06317627429962158 -0.6735884547233582 -0.7364016175270081 -0.5631805062294006 -0.9652909636497498 -0.22860971093177795 0.12629708647727966 -2.4196794033050537
-0.25337517261505127 0.7028375267982483 -0.6646957397460938 -0.0892227366566658 0.06318679451942444 -0.6736260056495667 -0.7363663911819458 -0.5632027387619019 -0.9653022885322571 -0.22857694327831268 0.12627004086971283 -2.419652223587036
-0.2534215450286865 0.7028167247772217 -0.6647000312805176 -0.08922187238931656 0.06312762200832367 -0.673650860786438 -0.7363486886024475 -0.5631340146064758 -0.9652939438819885 -0.22856755554676056 0.1263504922389984 -2.419668197631836
-0.2534729540348053 0.7028263211250305 -0.6646702885627747 -0.08920923620462418 0.06303805857896805 -0.6736479997634888 -0.7363590002059937 -0.5631335377693176 -0.9652863144874573 -0.2285466194152832 0.12644673883914948 -2.4196650981903076
-0.25345513224601746 0.7028266191482544 -0.6646767854690552 -0.08920608460903168 0.06307011842727661 -0.6736447215080261 -0.7363592386245728 -0.5631901025772095 -0.9652888774871826 -0.22855526208877563 0.12641136348247528 -2.4197065830230713
-0.25341856479644775 0.7028635144233704 -0.6646516919136047 -0.08923094719648361 0.0629669651389122 -0.673637866973877 -0.7363743782043457 -0.5631821155548096 -0.9653052091598511 -0.22846202552318573 0.126455157995224 -2.4196856021881104
-0.2532685697078705 0.7028677463531494 -0.664704442024231 -0.08922073990106583 0.06308799237012863 -0.6736438870429993 -0.7363584637641907 -0.5631268620491028 -0.9653366804122925 -0.2284313142299652 0.12627030909061432 -2.4196560382843018
-0.2532922923564911 0.7028890252113342 -0.6646729111671448 -0.08922069519758224 0.0630338117480278 -0.6736268997192383 -0.7363786697387695 -0.5631427764892578 -0.9653339982032776 -0.22841590642929077 0.12631872296333313 -2.4196324348449707
-0.25321146845817566 0.7029846906661987 -0.664602518081665 -0.0892256647348404 0.06296340376138687 -0.67355877161026 -0.7364470362663269 -0.563184380531311 -0.9653598070144653 -0.22832246124744415 0.12629050016403198 -2.4196949005126953
-0.2532188892364502 0.702974259853363 -0.6646106839179993 -0.08921700716018677 0.06291168928146362 -0.6735805869102478 -0.7364314794540405 -0.5631923079490662 -0.9653612375259399 -0.2282901257276535 0.12633801996707916 -2.419689178466797
-0.25322240591049194 0.7029809951782227 -0.6646022200584412 -0.08922116458415985 0.06292516738176346 -0.6735690236091614 -0.736440896987915 -0.5632182955741882 -0.9653594493865967 -0.22830355167388916 0.12632757425308228 -2.419674873352051
-0.2532743811607361 0.7029738426208496 -0.6645900011062622 -0.08924069255590439 0.0628773421049118 -0.6735746264457703 -0.7364398837089539 -0.5631899833679199 -0.9653488993644714 -0.22830899059772491 0.12639807164669037 -2.419682502746582
-0.2533385157585144 0.7029685378074646 -0.6645711660385132 -0.0892626941204071 0.0628131553530693 -0.6735789179801941 -0.736441433429718 -0.5632339715957642 -0.965336263179779 -0.22831277549266815 0.12648780643939972 -2.419715166091919
-0.25336626172065735 0.702957034111023 -0.6645727157592773 -0.08924869447946548 0.06276416033506393 -0.6735959053039551 -0.7364300489425659 -0.5632332563400269 -0.9653321504592896 -0.2282978743314743 0.1265459656715393 -2.4197781085968018
-0.2533264756202698 0.702963650226593 -0.6645809412002563 -0.08921359479427338 0.0627942830324173 -0.6735919117927551 -0.7364311218261719 -0.5632308721542358 -0.9653406739234924 -0.2282893806695938 0.1264965683221817 -2.4197299480438232
-0.2533327043056488 0.7029171586036682 -0.664627730846405 -0.08919417858123779 0.0628039762377739 -0.6736395359039307 -0.736386775970459 -0.5632017850875854 -0.965338408946991 -0.22829210758209229 0.1265089213848114 -2.4198200702667236
-0.25339221954345703 0.7029458284378052 -0.6645746827125549 -0.08921108394861221 0.06275784224271774 -0.6736030578613281 -0.7364240884780884 -0.5631952881813049 -0.9653257727622986 -0.22831140458583832 0.1265704184770584 -2.419806957244873
-0.2533293068408966 0.7028895616531372 -0.6646581888198853 -0.08920428901910782 0.0627627968788147 -0.6736806631088257 -0.7363526225090027 -0.5631889700889587 -0.9653419256210327 -0.2282555103302002 0.12654775381088257 -2.4198529720306396
-0.2533547580242157 0.7029338479042053 -0.6646016836166382 -0.08921411633491516 0.06279401481151581 -0.6736176013946533 -0.7364076375961304 -0.5631871223449707 -0.9653332233428955 -0.2283053994178772 0.1265241801738739 -2.419841766357422
-0.2533935606479645 0.7028993368148804 -0.6646233797073364 -0.08919564634561539 0.06280476599931717 -0.6736431121826172 -0.7363834381103516 -0.5631864070892334 -0.9653223752975464 -0.22833633422851562 0.12655140459537506 -2.4198782444000244
-0.25329700112342834 0.7029140591621399 -0.6646445989608765 -0.08919710665941238 0.06289852410554886 -0.6736299395561218 -0.7363874912261963 -0.5631881952285767 -0.9653416275978088 -0.22832989692687988 0.1264161765575409 -2.41984224319458
-0.2532942593097687 0.7029004693031311 -0.6646600365638733 -0.08918970078229904 0.06286207586526871 -0.673654317855835 -0.7363682389259338 -0.5631829500198364 -0.9653446674346924 -0.22829976677894592 0.12644699215888977 -2.419867992401123
-0.25331494212150574 0.7028760313987732 -0.6646779775619507 -0.08919473737478256 0.06286730617284775 -0.6736747026443481 -0.7363491654396057 -0.5631328821182251 -0.965338945388794 -0.22831475734710693 0.12646394968032837 -2.4198625087738037
-0.25331732630729675 0.702883243560791 -0.6646694540977478 -0.0891968160867691 0.06290942430496216 -0.673656165599823 -0.7363625168800354 -0.5631445050239563 -0.9653355479240417 -0.22834736108779907 0.12643079459667206 -2.419863224029541
-0.2533096373081207 0.7028553485870361 -0.6647018790245056 -0.08916859328746796 0.06290954351425171 -0.6736890077590942 -0.7363324761390686 -0.5630879998207092 -0.9653375744819641 -0.22833620011806488 0.12643560767173767 -2.41985821723938
-0.25330743193626404 0.7028535008430481 -0.6647046804428101 -0.08916330337524414 0.06287021934986115 -0.6737009882926941 -0.7363248467445374 -0.5630902051925659 -0.9653407335281372 -0.22830668091773987 0.12646491825580597 -2.419856309890747
-0.2533586919307709 0.7028625011444092 -0.6646756529808044 -0.08916063606739044 0.06285746395587921 -0.6736806035041809 -0.736344575881958 -0.5631209015846252 -0.9653280973434448 -0.22833913564682007 0.12650269269943237 -2.4197962284088135
-0.25342169404029846 0.7028625011444092 -0.6646515727043152 -0.08917681127786636 0.06286388635635376 -0.673662543296814 -0.7363605499267578 -0.5631178617477417 -0.9653111100196838 -0.2283923178911209 0.126536026597023 -2.419788360595703
-0.2534347474575043 0.7028308510780334 -0.6646801233291626 -0.08917997777462006 0.0627853274345398 -0.6737127900123596 -0.7363212704658508 -0.5631352066993713 -0.9653128385543823 -0.22834154963493347 0.1266147792339325 -2.419766902923584
-0.2534552812576294 0.702839732170105 -0.6646628379821777 -0.08919943124055862 0.06279542297124863 -0.6736952066421509 -0.7363365888595581 -0.5631535649299622 -0.9653067588806152 -0.2283661812543869 0.1266164928674698 -2.419794797897339
-0.2533401846885681 0.7029083967208862 -0.664634108543396 -0.08919468522071838 0.06280233711004257 -0.6736475825309753 -0.7363795042037964 -0.563137948513031 -0.9653365015983582 -0.22829508781433105 0.12651771306991577 -2.4198360443115234
-0.25338470935821533 0.702864944934845 -0.6646631360054016 -0.08918695896863937 0.06280743330717087 -0.6736828684806824 -0.7363467812538147 -0.5631641745567322 -0.9653245210647583 -0.2283248007297516 0.12655580043792725 -2.4198355674743652
-0.25325340032577515 0.7028963565826416 -0.6646799445152283 -0.08917686343193054 0.06290376931428909 -0.6736597418785095 -0.7363597750663757 -0.5631077885627747 -0.9653527140617371 -0.22829648852348328 0.12639178335666656 -2.4199068546295166
-0.2532554566860199 0.7029101252555847 -0.6646645665168762 -0.0891929417848587 0.06294237822294235 -0.6736347675323486 -0.7363792657852173 -0.5631211400032043 -0.9653496146202087 -0.2283276468515396 0.12635885179042816 -2.419914960861206
-0.25331762433052063 0.7028817534446716 -0.6646708846092224 -0.08922076970338821 0.06289107352495193 -0.6736620664596558 -0.7363587021827698 -0.5631409883499146 -0.9653366804122925 -0.22833450138568878 0.1264454871416092 -2.419900417327881
-0.2533456087112427 0.7028765678405762 -0.6646657586097717 -0.08921774476766586 0.06295070052146912 -0.6736463904380798 -0.73636794090271 -0.5631340146064758 -0.9653254747390747 -0.22839674353599548 0.12641878426074982 -2.4198899269104004
-0.2533390522003174 0.7028860449790955 -0.66465824842453 -0.08921492099761963 0.06291940808296204 -0.67364501953125 -0.7363718748092651 -0.563149631023407 -0.9653292298316956 -0.22837164998054504 0.12643542885780334 -2.4198906421661377
-0.25340190529823303 0.7028565406799316 -0.6646654605865479 -0.08919944614171982 0.06301308423280716 -0.6736390590667725 -0.7363693118095398 -0.5631320476531982 -0.9653065800666809 -0.2284800112247467 0.1264122575521469 -2.41985821723938
-0.2533636689186096 0.7028494477272034 -0.6646875143051147 -0.08919569104909897 0.06302016228437424 -0.6736552715301514 -0.736353874206543 -0.5631394386291504 -0.9653161764144897 -0.22845403850078583 0.12638609111309052 -2.4198782444000244
-0.25341764092445374 0.7028903961181641 -0.6646236181259155 -0.08919797837734222 0.06294727325439453 -0.6736129522323608 -0.7363988161087036 -0.5631166100502014 -0.9653067588806152 -0.22845269739627838 0.12646038830280304 -2.419886589050293
-0.25336703658103943 0.7028983235359192 -0.6646345257759094 -0.08919703215360641 0.06291524320840836 -0.6736250519752502 -0.7363904714584351 -0.5631394982337952 -0.9653221368789673 -0.22839272022247314 0.12645135819911957 -2.419896364212036
-0.2532590925693512 0.7029434442520142 -0.6646279692649841 -0.08921250700950623 0.06294607371091843 -0.6735960245132446 -0.7364144325256348 -0.5631545782089233 -0.9653484225273132 -0.22833935916423798 0.12634678184986115 -2.419971466064453
-0.253300279378891 0.7029626965522766 -0.664591908454895 -0.08921917527914047 0.06299382448196411 -0.6735526323318481 -0.7364500164985657 -0.5631436109542847 -0.9653345346450806 -0.22840818762779236 0.12632878124713898 -2.419956684112549
-0.2532658278942108 0.7030081748962402 -0.6645569205284119 -0.08922781050205231 0.06298663467168808 -0.6735129356384277 -0.7364869117736816 -0.563186764717102 -0.9653440117835999 -0.22838516533374786 0.1262976974248886 -2.419926881790161
-0.25326573848724365 0.703001856803894 -0.6645636558532715 -0.08922772854566574 0.0630103200674057 -0.6735143661499023 -0.7364835739135742 -0.5631904602050781 -0.9653425216674805 -0.22840043902397156 0.1262817531824112 -2.419891595840454
-0.25325366854667664 0.7030017971992493 -0.664568305015564 -0.08921308815479279 0.06300235539674759 -0.673519492149353 -0.7364795804023743 -0.563197910785675 -0.9653462171554565 -0.22838552296161652 0.1262805014848709 -2.419924736022949
-0.2532244324684143 0.7029961347579956 -0.6645854115486145 -0.08919121325016022 0.06317488849163055 -0.6734926104545593 -0.7364894151687622 -0.5631447434425354 -0.9653425812721252 -0.2284822314977646 0.12613308429718018 -2.41980242729187
-0.25321802496910095 0.7029727697372437 -0.6646125912666321 -0.08915216475725174 0.06315270066261292 -0.6735253930091858 -0.7364612817764282 -0.5631189942359924 -0.9653457403182983 -0.22845736145973206 0.12615415453910828 -2.4198343753814697
-0.25326865911483765 0.7029277086257935 -0.6646409630775452 -0.08920830488204956 0.0631716400384903 -0.6735575795173645 -0.7364302277565002 -0.5630718469619751 -0.9653311967849731 -0.22850115597248077 0.12618593871593475 -2.419799566268921
-0.2532166838645935 0.7029672861099243 -0.6646189093589783 -0.08919591456651688 0.06320562958717346 -0.6735193133354187 -0.7364623546600342 -0.5631306767463684 -0.96534264087677 -0.22849220037460327 0.1261148452758789 -2.4198169708251953
-0.25313442945480347 0.7029657959938049 -0.6646518111228943 -0.0892152413725853 0.06319956481456757 -0.6735439896583557 -0.7364403009414673 -0.5631445646286011 -0.9653645753860474 -0.2284240871667862 0.126070037484169 -2.4197778701782227
-0.25317445397377014 0.7030070424079895 -0.6645929217338562 -0.08923257142305374 0.06312648206949234 -0.6735050678253174 -0.7364821434020996 -0.5631652474403381 -0.9653588533401489 -0.22841189801692963 0.1261359304189682 -2.41975998878479
-0.2532009184360504 0.7029960751533508 -0.6645944714546204 -0.08922288566827774 0.06309522688388824 -0.6735177040100098 -0.7364732623100281 -0.5631635189056396 -0.9653539657592773 -0.22840845584869385 0.12617962062358856 -2.419727087020874
