# 3x4 first row second row third row Freq: 100 current Time: 2021-07-29-21:47:10
0.9838496446609497 -0.17711979150772095 -0.025854729115962982 -0.022023234516382217 -0.05784856155514717 -0.17793677747249603 -0.9823399186134338 1.1159948110580444 0.16939134895801544 0.9679704308509827 -0.18530915677547455 -3.6449410915374756
0.9838807582855225 -0.17696835100650787 -0.02570604532957077 -0.021975962445139885 -0.05760056897997856 -0.1775330752134323 -0.9824275374412537 1.1160067319869995 0.16929493844509125 0.9680722951889038 -0.1848648637533188 -3.644897222518921
0.9839161038398743 -0.17679375410079956 -0.02555403672158718 -0.022009000182151794 -0.057447370141744614 -0.1777155101299286 -0.9824035167694092 1.1159861087799072 0.169141486287117 0.9680706858634949 -0.18501348793506622 -3.6448616981506348
0.9838647246360779 -0.1770065724849701 -0.02605578675866127 -0.022132106125354767 -0.05797472968697548 -0.17763400077819824 -0.9823873043060303 1.1158959865570068 0.169260635972023 0.9680467844009399 -0.1850297451019287 -3.6448683738708496
0.9838776588439941 -0.17691728472709656 -0.026171850040555 -0.02207002602517605 -0.05807314068078995 -0.17763152718544006 -0.9823819398880005 1.115883231163025 0.1691514253616333 0.9680635333061218 -0.18504182994365692 -3.6448376178741455
0.9838439226150513 -0.177115797996521 -0.026099056005477905 -0.02219618856906891 -0.0580110065639019 -0.17747527360916138 -0.9824138283729553 1.1158101558685303 0.16936910152435303 0.9680559039115906 -0.18488264083862305 -3.644930839538574
0.9838631749153137 -0.176985502243042 -0.026256145909428596 -0.022081159055233 -0.05812311917543411 -0.17736142873764038 -0.9824277758598328 1.115823745727539 0.16921865940093994 0.9681006073951721 -0.1847863346338272 -3.644972801208496
0.9838295578956604 -0.17717698216438293 -0.02622430957853794 -0.02218124270439148 -0.05810721218585968 -0.1772436499595642 -0.982450008392334 1.1158466339111328 0.16941943764686584 0.9680871367454529 -0.18467280268669128 -3.6450860500335693
0.9838955402374268 -0.17684577405452728 -0.02598368003964424 -0.02204662561416626 -0.05782550945878029 -0.17736764252185822 -0.9824442267417908 1.115866780281067 0.16913245618343353 0.9681249856948853 -0.1847374141216278 -3.6451914310455322
0.9838471412658691 -0.1770927608013153 -0.026134442538022995 -0.022040316835045815 -0.05802810937166214 -0.17739616334438324 -0.9824271202087402 1.1158874034881592 0.16934460401535034 0.96807461977005 -0.18480706214904785 -3.645284652709961
0.9838517308235168 -0.1770586222410202 -0.026191268116235733 -0.022030992433428764 -0.05807189643383026 -0.17735926806926727 -0.9824312329292297 1.1158735752105713 0.16930267214775085 0.9680876135826111 -0.18477734923362732 -3.6452488899230957
0.9839105010032654 -0.17678330838680267 -0.02584112249314785 -0.02208155021071434 -0.05768640711903572 -0.17745433747768402 -0.9824367761611938 1.1159721612930298 0.1690928190946579 0.9681205153465271 -0.18479718267917633 -3.6452269554138184
0.9838865995407104 -0.17681702971458435 -0.026512503623962402 -0.022112898528575897 -0.05834117904305458 -0.1773281693458557 -0.9824208617210388 1.116031289100647 0.16900734603405 0.9681375026702881 -0.18478651344776154 -3.645005702972412
0.9839475154876709 -0.17651422321796417 -0.02626900002360344 -0.022077549248933792 -0.05805276334285736 -0.1773994117975235 -0.9824250936508179 1.1160439252853394 0.16875191032886505 0.9681797027587891 -0.18479883670806885 -3.644960641860962
0.9838890433311462 -0.17680709064006805 -0.026487700641155243 -0.02210334874689579 -0.05831388011574745 -0.17732451856136322 -0.9824231266975403 1.1159273386001587 0.1690024733543396 0.9681399464607239 -0.18477796018123627 -3.6451869010925293
0.9839180111885071 -0.17662402987480164 -0.02663276344537735 -0.022069107741117477 -0.0584544762969017 -0.17750024795532227 -0.9823830723762512 1.115905523300171 0.16878513991832733 0.9681411981582642 -0.18497015535831451 -3.644993543624878
0.9839608669281006 -0.17641577124595642 -0.026428457349538803 -0.022031283006072044 -0.05823071300983429 -0.1776147484779358 -0.9823756217956543 1.115967035293579 0.1686124950647354 0.9681581258773804 -0.18503877520561218 -3.6449921131134033
0.9838835000991821 -0.17681215703487396 -0.026658901944756508 -0.022115260362625122 -0.05855390056967735 -0.1777147352695465 -0.9823383688926697 1.115897297859192 0.16895170509815216 0.968067467212677 -0.1852036416530609 -3.644954204559326
0.9838871359825134 -0.17678634822368622 -0.026695841923356056 -0.022120973095297813 -0.05859572812914848 -0.17777134478092194 -0.9823256134986877 1.115917444229126 0.1689160317182541 0.9680618047714233 -0.18526586890220642 -3.644874334335327
0.9839076399803162 -0.17670691013336182 -0.026466436684131622 -0.022147124633193016 -0.05836210399866104 -0.17783206701278687 -0.9823285341262817 1.1158556938171387 0.16887767612934113 0.9680651426315308 -0.18528330326080322 -3.6451075077056885
0.9839354157447815 -0.1765475571155548 -0.026496779173612595 -0.02204217202961445 -0.058352287858724594 -0.17777664959430695 -0.9823391437530518 1.1158567667007446 0.168719083070755 0.9681044220924377 -0.18522268533706665 -3.6451447010040283
0.983872652053833 -0.17686322331428528 -0.026720475405454636 -0.022019943222403526 -0.05869215726852417 -0.17809870839118958 -0.9822605848312378 1.1158392429351807 0.16896690428256989 0.967987596988678 -0.1856069415807724 -3.6449899673461914
0.9838663339614868 -0.17687104642391205 -0.026900578290224075 -0.022051354870200157 -0.05890515446662903 -0.1782802939414978 -0.9822148680686951 1.1158276796340942 0.1689295470714569 0.9679527282714844 -0.18582259118556976 -3.644928455352783
0.9838670492172241 -0.1768692582845688 -0.02688674069941044 -0.022043997421860695 -0.05889001116156578 -0.17827464640140533 -0.9822167754173279 1.1158369779586792 0.1689307540655136 0.9679540991783142 -0.18581438064575195 -3.6448585987091064
0.983857274055481 -0.17698383331298828 -0.026487432420253754 -0.022182924672961235 -0.05851433426141739 -0.17828045785427094 -0.9822381734848022 1.1159718036651611 0.16911810636520386 0.9679321050643921 -0.18575862050056458 -3.6449949741363525
0.9839102029800415 -0.17673683166503906 -0.026169119402766228 -0.022125471383333206 -0.058154940605163574 -0.17831315100193024 -0.9822536110877991 1.1160353422164917 0.16893410682678223 0.9679712057113647 -0.1857222467660904 -3.6450273990631104
0.9838724732398987 -0.17689190804958344 -0.026537680998444557 -0.022109968587756157 -0.05852347984910011 -0.17814640700817108 -0.9822619557380676 1.1160656213760376 0.16902662813663483 0.9679735898971558 -0.18562567234039307 -3.644850015640259
0.9839465022087097 -0.1765240877866745 -0.026240304112434387 -0.02214445173740387 -0.05815704166889191 -0.17815124988555908 -0.9822828769683838 1.116059422492981 0.16872186958789825 0.9680398106575012 -0.18555741012096405 -3.6447219848632812
0.9838824272155762 -0.17688843607902527 -0.02618960104882717 -0.022202691063284874 -0.05816160887479782 -0.17806801199913025 -0.9822976589202881 1.1159743070602417 0.16909359395503998 0.9679886102676392 -0.1854861080646515 -3.6449084281921387
0.9838177561759949 -0.1772262454032898 -0.026333123445510864 -0.022109830752015114 -0.05837224796414375 -0.17808347940444946 -0.9822824001312256 1.115917444229126 0.16939672827720642 0.9679239988327026 -0.18554678559303284 -3.6448938846588135
0.9838216304779053 -0.17720817029476166 -0.0263102725148201 -0.022103911265730858 -0.05834721401333809 -0.17809057235717773 -0.9822825789451599 1.1159321069717407 0.16938289999961853 0.967926025390625 -0.18554896116256714 -3.6448144912719727
0.9838418960571289 -0.17710448801517487 -0.026250896975398064 -0.02208644337952137 -0.05824447423219681 -0.1779555380344391 -0.9823131561279297 1.1159148216247559 0.16930058598518372 0.9679698348045349 -0.1853954792022705 -3.644744634628296
0.9838215112686157 -0.1771237850189209 -0.026878507807850838 -0.022150184959173203 -0.058889731764793396 -0.1780409961938858 -0.982259213924408 1.1157671213150024 0.1691960096359253 0.9679505825042725 -0.18559132516384125 -3.64487361907959
0.9838294982910156 -0.17707671225070953 -0.02689451538026333 -0.022147174924612045 -0.058949004858732224 -0.17834031581878662 -0.982201337814331 1.1157444715499878 0.1691286265850067 0.9679040908813477 -0.18589496612548828 -3.6449191570281982
0.9838767051696777 -0.17684312164783478 -0.02670569345355034 -0.02209632657468319 -0.05866578593850136 -0.17805422842502594 -0.9822701811790466 1.1158668994903564 0.16895267367362976 0.9679994583129883 -0.1855580359697342 -3.645007610321045
0.9838798642158508 -0.176820307970047 -0.026738211512565613 -0.02209322713315487 -0.058697815984487534 -0.17807675898075104 -0.9822642207145691 1.1158840656280518 0.16892282664775848 0.9679994583129883 -0.1855851113796234 -3.644941568374634
0.9839140176773071 -0.17667381465435028 -0.026449337601661682 -0.02215852029621601 -0.058356575667858124 -0.17793449759483337 -0.9823102951049805 1.1158186197280884 0.16884228587150574 0.9680523872375488 -0.18538232147693634 -3.645192861557007
0.9839170575141907 -0.17666184902191162 -0.02641700953245163 -0.02217322401702404 -0.05832944065332413 -0.17797710001468658 -0.9823042154312134 1.1158322095870972 0.16883406043052673 0.9680467247962952 -0.18541927635669708 -3.6451520919799805
0.9838989973068237 -0.17675372958183289 -0.026474451646208763 -0.022089390084147453 -0.05836515501141548 -0.17775243520736694 -0.9823427796363831 1.1158545017242432 0.16892686486244202 0.9680712223052979 -0.18520669639110565 -3.6453607082366943
0.9839016795158386 -0.1767377108335495 -0.026480944827198982 -0.022095439955592155 -0.05837390571832657 -0.17778296768665314 -0.982336699962616 1.1158744096755981 0.16890808939933777 0.968068540096283 -0.1852378249168396 -3.645334482192993
0.9839090704917908 -0.17671023309230804 -0.02638901025056839 -0.02195829339325428 -0.05826322361826897 -0.17770475149154663 -0.9823574423789978 1.1158500909805298 0.1689031720161438 0.968087911605835 -0.18514102697372437 -3.6453161239624023
0.9838826656341553 -0.1767735779285431 -0.026943389326334 -0.02196851558983326 -0.05880395323038101 -0.1775621622800827 -0.9823510050773621 1.11606764793396 0.16886959969997406 0.9681025147438049 -0.18509532511234283 -3.6449038982391357
0.9838516712188721 -0.1769624948501587 -0.02683602087199688 -0.022213604301214218 -0.058717090636491776 -0.17747214436531067 -0.9823724627494812 1.115913987159729 0.169080451130867 0.9680845141410828 -0.18499697744846344 -3.6451210975646973
0.9838559627532959 -0.17693841457366943 -0.026836957782506943 -0.022241760045289993 -0.05871163308620453 -0.17746184766292572 -0.9823746681213379 1.1159405708312988 0.16905729472637177 0.968090832233429 -0.18498525023460388 -3.6450700759887695
0.9838098287582397 -0.17714595794677734 -0.02715659886598587 -0.02217710018157959 -0.0590633749961853 -0.17742162942886353 -0.98236083984375 1.1158652305603027 0.16920310258865356 0.9680602550506592 -0.18501198291778564 -3.644906759262085
0.9838643074035645 -0.17687036097049713 -0.02698015421628952 -0.022160159423947334 -0.05881445109844208 -0.17730613052845 -0.9823966026306152 1.1160331964492798 0.16897311806678772 0.9681317806243896 -0.18484771251678467 -3.6449666023254395
0.9838217496871948 -0.17706957459449768 -0.027223387733101845 -0.02226845920085907 -0.059040702879428864 -0.17699353396892548 -0.982439398765564 1.1157832145690918 0.16914178431034088 0.9681525826454163 -0.18458440899848938 -3.6450295448303223
0.9838749766349792 -0.1768168807029724 -0.026941433548927307 -0.02214626781642437 -0.058745622634887695 -0.17719167470932007 -0.9824213981628418 1.1158961057662964 0.1689349114894867 0.968162477016449 -0.1847216635942459 -3.6451573371887207
0.9838609099388123 -0.1769242137670517 -0.026748646050691605 -0.022061243653297424 -0.05859808251261711 -0.1773320585489273 -0.982404887676239 1.1159549951553345 0.169067844748497 0.9681171774864197 -0.18483750522136688 -3.6451096534729004
0.9838442206382751 -0.17697077989578247 -0.02705356478691101 -0.022129148244857788 -0.05887138098478317 -0.177102729678154 -0.9824299216270447 1.1159025430679321 0.16907013952732086 0.9681506752967834 -0.18466001749038696 -3.645308494567871
0.9839048385620117 -0.1766931712627411 -0.026661667972803116 -0.02214820496737957 -0.05843725427985191 -0.17716039717197418 -0.9824454188346863 1.115830659866333 0.1688680201768875 0.9681907892227173 -0.18463443219661713 -3.645260810852051
0.9839087128639221 -0.1766858994960785 -0.026565661653876305 -0.022072723135352135 -0.05829566344618797 -0.17690621316432953 -0.9824996590614319 1.1158753633499146 0.1688942164182663 0.9682385921478271 -0.1843595802783966 -3.645369052886963
0.9838535785675049 -0.17700448632240295 -0.026486923918128014 -0.022113507613539696 -0.058247704058885574 -0.1767350435256958 -0.9825332760810852 1.1158559322357178 0.16923165321350098 0.9682117104530334 -0.1841915100812912 -3.645369052886963
0.9838686585426331 -0.1769246757030487 -0.026460722088813782 -0.02197602577507496 -0.0582166351377964 -0.17679378390312195 -0.982524573802948 1.115774393081665 0.16915476322174072 0.9682155251502991 -0.18424181640148163 -3.6453897953033447
0.9838385581970215 -0.1770962029695511 -0.026431480422616005 -0.022025778889656067 -0.05821093171834946 -0.17674176394939423 -0.9825342297554016 1.115767478942871 0.16933155059814453 0.9681937098503113 -0.18419429659843445 -3.645439386367798
0.9838612675666809 -0.17697931826114655 -0.02636820077896118 -0.021968431770801544 -0.058135613799095154 -0.1767994612455368 -0.9825283288955688 1.1157399415969849 0.1692253202199936 0.9682044982910156 -0.18423494696617126 -3.6454386711120605
0.9838209748268127 -0.1771513819694519 -0.026714038103818893 -0.021986819803714752 -0.058577362447977066 -0.17716354131698608 -0.9824365377426147 1.1158161163330078 0.16930724680423737 0.9681065082550049 -0.18467426300048828 -3.6451597213745117
0.9838367104530334 -0.17711810767650604 -0.026352878659963608 -0.022053224965929985 -0.05819088965654373 -0.17705215513706207 -0.9824795722961426 1.1158921718597412 0.16934910416603088 0.9681329727172852 -0.18449707329273224 -3.645075559616089
0.983859658241272 -0.1770344376564026 -0.02605615369975567 -0.022136392071843147 -0.05789237469434738 -0.17713060975074768 -0.9824830293655396 1.1158243417739868 0.16931800544261932 0.9681339263916016 -0.18452060222625732 -3.6450843811035156
0.9838051795959473 -0.17726926505565643 -0.026514315977692604 -0.022164128720760345 -0.05840417742729187 -0.1771852672100067 -0.9824429154396057 1.1158387660980225 0.1694590002298355 0.9680809378623962 -0.18466904759407043 -3.6448252201080322
0.9838528633117676 -0.17704202234745026 -0.02626160718500614 -0.022116750478744507 -0.05811084434390068 -0.17719845473766327 -0.9824579358100891 1.115902066230774 0.16928283870220184 0.9681200981140137 -0.18462525308132172 -3.6448562145233154
0.9838054776191711 -0.17731717228889465 -0.026179242879152298 -0.022153237834572792 -0.0580889992415905 -0.1772441267967224 -0.9824509620666504 1.1158740520477295 0.1695653200149536 0.9680613875389099 -0.18467392027378082 -3.644960641860962
0.9838370084762573 -0.17714953422546387 -0.026130719110369682 -0.022175190970301628 -0.05801823362708092 -0.1772991269826889 -0.982445240020752 1.1158522367477417 0.16940678656101227 0.9680820107460022 -0.18471135199069977 -3.6450388431549072
0.9838776588439941 -0.17694281041622162 -0.02600034698843956 -0.02218889445066452 -0.05784812197089195 -0.1772960126399994 -0.982455849647522 1.1159257888793945 0.16922874748706818 0.9681203961372375 -0.18467338383197784 -3.6450369358062744
0.9838256239891052 -0.17722024023532867 -0.026079032570123672 -0.02215975522994995 -0.058015402406454086 -0.17750081419944763 -0.9824090003967285 1.1159600019454956 0.16947372257709503 0.9680321216583252 -0.1849113553762436 -3.644897699356079
0.9838517904281616 -0.17707863450050354 -0.02605319768190384 -0.02200622670352459 -0.057948917150497437 -0.17742259800434113 -0.9824270606040955 1.1159310340881348 0.1693444401025772 0.9680723547935486 -0.1848190575838089 -3.6448819637298584
0.9838212132453918 -0.17716974020004272 -0.026584194973111153 -0.02209133468568325 -0.05853807553648949 -0.17766019701957703 -0.982349157333374 1.1158483028411865 0.16931961476802826 0.9680120944976807 -0.18515704572200775 -3.6449270248413086
0.9838289022445679 -0.17713041603565216 -0.02656211145222187 -0.02202165313065052 -0.05850593373179436 -0.17764542996883392 -0.9823537468910217 1.1158019304275513 0.1692861169576645 0.9680220484733582 -0.1851358860731125 -3.6448919773101807
0.9837764501571655 -0.1773788183927536 -0.02684391476213932 -0.022132905200123787 -0.05883343517780304 -0.17763784527778625 -0.9823355674743652 1.1157617568969727 0.16947704553604126 0.9679779410362244 -0.18519173562526703 -3.6448843479156494
0.9837756752967834 -0.17738209664821625 -0.02685164101421833 -0.022099468857049942 -0.05882137641310692 -0.17752133309841156 -0.9823573231697083 1.1158257722854614 0.1694858819246292 0.9679986834526062 -0.18507502973079681 -3.6448676586151123
0.9837509393692017 -0.1775139719247818 -0.026887034997344017 -0.022121001034975052 -0.05891035497188568 -0.1776837259531021 -0.982322633266449 1.1158075332641602 0.16959862411022186 0.9679447412490845 -0.18525393307209015 -3.6447224617004395
0.9837566614151001 -0.1775064915418625 -0.026726363226771355 -0.022280294448137283 -0.058740828186273575 -0.17764002084732056 -0.9823406934738159 1.1157934665679932 0.1696242094039917 0.9679540991783142 -0.1851814240217209 -3.6449646949768066
0.9837777018547058 -0.17738653719425201 -0.026747221127152443 -0.022296737879514694 -0.05872446671128273 -0.17755849659442902 -0.9823564291000366 1.1158175468444824 0.16950762271881104 0.967991054058075 -0.18509502708911896 -3.64494252204895
0.9837831258773804 -0.17739319801330566 -0.026503628119826317 -0.022305287420749664 -0.058486130088567734 -0.17757925391197205 -0.9823669195175171 1.115868330001831 0.16955873370170593 0.9679860472679138 -0.18507450819015503 -3.6449666023254395
0.9838110208511353 -0.17722053825855255 -0.026621907949447632 -0.02216651663184166 -0.05856156349182129 -0.17752376198768616 -0.9823724031448364 1.1158642768859863 0.16937056183815002 0.9680278301239014 -0.18502815067768097 -3.6450161933898926
0.9838071465492249 -0.17724479734897614 -0.02660364843904972 -0.022121679037809372 -0.058537229895591736 -0.17746244370937347 -0.982384979724884 1.1157969236373901 0.16940148174762726 0.9680346250534058 -0.18496423959732056 -3.6449854373931885
0.9838311672210693 -0.17716223001480103 -0.026263320818543434 -0.022132182493805885 -0.05815593898296356 -0.17731553316116333 -0.9824341535568237 1.1158212423324585 0.16939334571361542 0.9680767059326172 -0.18475158512592316 -3.644946575164795
0.9838376641273499 -0.17713144421577454 -0.026228617876768112 -0.022128483280539513 -0.05811985582113266 -0.17734089493751526 -0.9824317097663879 1.1158342361450195 0.16936814785003662 0.9680776596069336 -0.18476951122283936 -3.644892692565918
0.9838862419128418 -0.17681896686553955 -0.02651304192841053 -0.02215493842959404 -0.058345600962638855 -0.1773483008146286 -0.9824169874191284 1.1158447265625 0.16900792717933655 0.9681334495544434 -0.1848071664571762 -3.644784927368164
0.9839305877685547 -0.17661511898040771 -0.026223275810480118 -0.022160561755299568 -0.05802655965089798 -0.17740066349506378 -0.9824264049530029 1.1158620119094849 0.1688593477010727 0.9681610465049744 -0.18479830026626587 -3.6446914672851562
0.9838634133338928 -0.17692779004573822 -0.026634108275175095 -0.02229481190443039 -0.05852648243308067 -0.1775730401277542 -0.982365608215332 1.115883708000183 0.1690782904624939 0.9680723547935486 -0.18506257236003876 -3.6446518898010254
0.9838184118270874 -0.177103653550148 -0.02712239883840084 -0.022270677611231804 -0.05903579294681549 -0.17750540375709534 -0.9823473691940308 1.1158615350723267 0.16916294395923615 0.9680526256561279 -0.18508854508399963 -3.6447207927703857
0.9838211536407471 -0.17708691954612732 -0.027132483199238777 -0.022205565124750137 -0.059036243706941605 -0.17746864259243011 -0.9823539853096008 1.11592698097229 0.16914688050746918 0.9680624008178711 -0.18505194783210754 -3.6447455883026123
0.9837339520454407 -0.17755284905433655 -0.02724800445139408 -0.022172877565026283 -0.0592336542904377 -0.17742928862571716 -0.9823492169380188 1.115835189819336 0.16958431899547577 0.9679842591285706 -0.1850603222846985 -3.6446566581726074
0.9837583899497986 -0.17742449045181274 -0.02720165066421032 -0.02215529792010784 -0.05916407331824303 -0.1774362176656723 -0.9823521375656128 1.1158477067947388 0.1694667786359787 0.9680065512657166 -0.18505151569843292 -3.644603967666626
0.9837067127227783 -0.1776323765516281 -0.027710285037755966 -0.0222455020993948 -0.059701986610889435 -0.17738085985183716 -0.9823296070098877 1.1157455444335938 0.16957828402519226 0.9679785370826721 -0.18509574234485626 -3.644723892211914
0.9837684035301208 -0.17732501029968262 -0.02748841792345047 -0.022232158109545708 -0.05943038687109947 -0.17743021249771118 -0.9823371767997742 1.1158157587051392 0.16931569576263428 0.9680258631706238 -0.18508872389793396 -3.644754409790039
0.9837306141853333 -0.1774904876947403 -0.027771256864070892 -0.022254042327404022 -0.05978453904390335 -0.17765945196151733 -0.9822742342948914 1.1157639026641846 0.16941052675247192 0.9679535031318665 -0.185380220413208 -3.6446642875671387
0.9837552905082703 -0.1773732453584671 -0.027646008878946304 -0.022219330072402954 -0.05963801592588425 -0.17766492068767548 -0.9822821617126465 1.115779995918274 0.16931886970996857 0.9679740071296692 -0.1853569895029068 -3.644756317138672
0.9837618470191956 -0.17733484506607056 -0.027657734230160713 -0.02221246249973774 -0.059638381004333496 -0.17764204740524292 -0.982286274433136 1.1157950162887573 0.16928042471408844 0.967985212802887 -0.18533343076705933 -3.644705295562744
0.9837451577186584 -0.17750108242034912 -0.027180930599570274 -0.0222915131598711 -0.05919085443019867 -0.17762376368045807 -0.9823166131973267 1.1158030033111572 0.16953429579734802 0.9679580926895142 -0.18524295091629028 -3.644859552383423
0.9837495684623718 -0.17748156189918518 -0.027150047942996025 -0.02230061963200569 -0.0591607540845871 -0.17764925956726074 -0.9823138117790222 1.1158205270767212 0.16951942443847656 0.9679570198059082 -0.18526232242584229 -3.6448264122009277
0.983802318572998 -0.1772259622812271 -0.026905475184321404 -0.022302495315670967 -0.05887852609157562 -0.1777111440896988 -0.9823195934295654 1.11581289768219 0.16931115090847015 0.9679924845695496 -0.18526744842529297 -3.6449060440063477
0.9838477373123169 -0.17700061202049255 -0.026727968826889992 -0.022199856117367744 -0.058661628514528275 -0.17773059010505676 -0.9823290705680847 1.1158448457717896 0.16912247240543365 0.9680301547050476 -0.18524298071861267 -3.6450018882751465
0.9838074445724487 -0.1772296279668808 -0.02669297531247139 -0.022239286452531815 -0.058646395802497864 -0.17759312689304352 -0.9823548197746277 1.115801453590393 0.1693619042634964 0.9680134654045105 -0.18511131405830383 -3.645089626312256
0.9838283061981201 -0.17709684371948242 -0.026805706322193146 -0.02223469689488411 -0.05870893970131874 -0.17745201289653778 -0.9823765754699707 1.1158255338668823 0.16921907663345337 0.9680636525154114 -0.18497948348522186 -3.6450793743133545
0.9837808012962341 -0.17730246484279633 -0.027186984196305275 -0.022207023575901985 -0.05914752185344696 -0.17755845189094543 -0.9823310375213623 1.115779161453247 0.16934245824813843 0.9680064916610718 -0.18516559898853302 -3.6448545455932617
0.9837920665740967 -0.17723822593688965 -0.027198893949389458 -0.02220045030117035 -0.05914418771862984 -0.1775415539741516 -0.982334315776825 1.1157649755477905 0.16927826404571533 0.9680213332176208 -0.18514657020568848 -3.6447863578796387
0.9837977290153503 -0.17711204290390015 -0.02780831977725029 -0.022197740152478218 -0.059740353375673294 -0.1776088923215866 -0.9822860360145569 1.1157536506652832 0.16903570294380188 0.9680321216583252 -0.185311958193779 -3.6446311473846436
0.9837682247161865 -0.17729520797729492 -0.027684565633535385 -0.02230020985007286 -0.05961985141038895 -0.17742615938186646 -0.9823263883590698 1.1157538890838623 0.16924981772899628 0.9680320620536804 -0.18511652946472168 -3.644810914993286
0.9837716817855835 -0.17727573215961456 -0.02768765203654766 -0.022307271137833595 -0.05961653217673302 -0.17741084098815918 -0.9823293685913086 1.115770697593689 0.16923107206821442 0.9680384397506714 -0.18510031700134277 -3.644766330718994
