# 3x4 first row second row third row Freq: 100 current Time: 2021-07-29-21:49:14
-0.139821395277977 0.6247889399528503 -0.7681721448898315 0.11185386031866074 0.5323218703269958 -0.6067166328430176 -0.5903624892234802 0.9085323214530945 -0.8349149823188782 -0.49146029353141785 -0.24775660037994385 -3.781205177307129
-0.13963967561721802 0.6247155666351318 -0.7682648301124573 0.11177994310855865 0.5322135090827942 -0.6069189310073853 -0.5902522206306458 0.908494234085083 -0.8350144624710083 -0.4913037419319153 -0.24773189425468445 -3.781282663345337
-0.13986074924468994 0.6248361468315125 -0.7681265473365784 0.11181871592998505 0.5322420597076416 -0.6067095398902893 -0.5904417634010315 0.9083974361419678 -0.8349592685699463 -0.491409033536911 -0.2477089911699295 -3.781266450881958
-0.1398620754480362 0.624589741230011 -0.7683266997337341 0.11181618273258209 0.5323390960693359 -0.6068411469459534 -0.5902189612388611 0.9085562229156494 -0.8348972201347351 -0.4915597438812256 -0.24761922657489777 -3.781118392944336
-0.13992837071418762 0.6246916055679321 -0.7682318091392517 0.11181744933128357 0.5323646068572998 -0.6067178845405579 -0.5903226733207703 0.908551037311554 -0.8348698616027832 -0.491582453250885 -0.24766641855239868 -3.78112530708313
-0.13996924459934235 0.6244163513183594 -0.7684481143951416 0.11185777932405472 0.5323463678359985 -0.6069216132164001 -0.5901296734809875 0.9086058735847473 -0.8348746299743652 -0.49168074131011963 -0.2474551796913147 -3.7811291217803955
-0.14004769921302795 0.6245946288108826 -0.7682889103889465 0.1118297427892685 0.5322946906089783 -0.6067795753479004 -0.5903223156929016 0.908584713935852 -0.8348944187164307 -0.49162954092025757 -0.2474900633096695 -3.7811007499694824
-0.14025472104549408 0.6246088743209839 -0.7682395577430725 0.11186100542545319 0.532159686088562 -0.6067544221878052 -0.5904698371887207 0.908547043800354 -0.8349457383155823 -0.49164244532585144 -0.24729125201702118 -3.78108286857605
-0.14012181758880615 0.6244081258773804 -0.7684269547462463 0.11191003024578094 0.5321056842803955 -0.6070005893707275 -0.5902654528617859 0.9085693359375 -0.8350024223327637 -0.491593599319458 -0.24719689786434174 -3.7810635566711426
-0.1401871293783188 0.6244884133338928 -0.768349826335907 0.11187448352575302 0.5321003794670105 -0.6069125533103943 -0.5903608202934265 0.9085450768470764 -0.8349948525428772 -0.49160036444664 -0.24720895290374756 -3.781034231185913
-0.14015688002109528 0.6244887709617615 -0.7683550119400024 0.11179842799901962 0.5320227146148682 -0.6069716215133667 -0.5903700590133667 0.908559262752533 -0.8350494503974915 -0.49152690172195435 -0.24717073142528534 -3.7810873985290527
-0.14033879339694977 0.6246141791343689 -0.7682198882102966 0.1117645800113678 0.5319482088088989 -0.6068368554115295 -0.5905756950378418 0.9085022211074829 -0.8350663185119629 -0.4915340542793274 -0.2470993846654892 -3.7810254096984863
-0.14026884734630585 0.6244094371795654 -0.7683990597724915 0.11180167645215988 0.5319726467132568 -0.6070113778114319 -0.5903742909431458 0.9085052609443665 -0.8350625038146973 -0.4915785789489746 -0.24702373147010803 -3.7810049057006836
-0.14026734232902527 0.6244608163833618 -0.7683576345443726 0.11180539429187775 0.5318986177444458 -0.6070162057876587 -0.5904360413551331 0.9084666967391968 -0.8351099491119385 -0.4915073812007904 -0.24700506031513214 -3.781018018722534
-0.14016486704349518 0.6244979500770569 -0.7683461308479309 0.11177656799554825 0.5320298075675964 -0.6069567799568176 -0.5903789401054382 0.908446729183197 -0.8350435495376587 -0.4915335774421692 -0.24717727303504944 -3.7810733318328857
-0.1402527242898941 0.6246609091758728 -0.7681975960731506 0.11179342865943909 0.5319900512695312 -0.6068152189254761 -0.590560257434845 0.9084128141403198 -0.8350541591644287 -0.4915013313293457 -0.24720565974712372 -3.7810895442962646
-0.1401205211877823 0.6246811151504517 -0.7682053446769714 0.11183035373687744 0.5318623185157776 -0.606934666633606 -0.590552568435669 0.9084721803665161 -0.8351576924324036 -0.4913281500339508 -0.2472001165151596 -3.7809689044952393
-0.13987329602241516 0.6247580051422119 -0.7681878209114075 0.11173520982265472 0.532210648059845 -0.6067823767662048 -0.5903951525688171 0.9085001945495605 -0.8349772095680237 -0.49141842126846313 -0.24762998521327972 -3.781001567840576
-0.13986437022686005 0.6247482299804688 -0.7681974172592163 0.11171452701091766 0.5321881175041199 -0.6068072319030762 -0.5903899669647217 0.9085147976875305 -0.8349930644035339 -0.49140021204948425 -0.24761264026165009 -3.7810497283935547
-0.13967350125312805 0.6246421933174133 -0.7683183550834656 0.11179762333631516 0.5322959423065186 -0.6069115400314331 -0.5901855230331421 0.9084888696670532 -0.8349562883377075 -0.4914062023162842 -0.24772481620311737 -3.7811224460601807
-0.13966961205005646 0.6246294379234314 -0.7683294415473938 0.1117941290140152 0.5323051810264587 -0.606917679309845 -0.5901708602905273 0.9085050821304321 -0.8349510431289673 -0.4914148449897766 -0.24772529304027557 -3.781174659729004
-0.1397157907485962 0.6243876218795776 -0.7685175538063049 0.11185833066701889 0.5323195457458496 -0.6070740222930908 -0.5899971127510071 0.9086161255836487 -0.8349341750144958 -0.49152901768684387 -0.2475557029247284 -3.7811737060546875
-0.1398603767156601 0.624498188495636 -0.7684014439582825 0.11182941496372223 0.5323408246040344 -0.6069111824035645 -0.5901453495025635 0.9085495471954346 -0.8348963856697083 -0.49158957600593567 -0.24756284058094025 -3.781081199645996
-0.1398385614156723 0.6244272589683533 -0.7684630155563354 0.11184189468622208 0.5321159958839417 -0.6071078777313232 -0.5901458263397217 0.9085511565208435 -0.8350433707237244 -0.49143674969673157 -0.24737043678760529 -3.781102180480957
-0.1398589164018631 0.6244410872459412 -0.7684480547904968 0.11184132099151611 0.5321205854415894 -0.6070854067802429 -0.590164840221405 0.9085735082626343 -0.8350370526313782 -0.49144700169563293 -0.24737142026424408 -3.781144380569458
-0.14007030427455902 0.6243925094604492 -0.768449068069458 0.11182400584220886 0.5321364998817444 -0.6070177555084229 -0.5902200937271118 0.9085578918457031 -0.834991455078125 -0.49159225821495056 -0.24723666906356812 -3.7809808254241943
-0.13969233632087708 0.6243076920509338 -0.7685868144035339 0.11180008202791214 0.532182514667511 -0.6072266697883606 -0.5899636149406433 0.9084874987602234 -0.835025429725647 -0.4914419949054718 -0.24742047488689423 -3.7810747623443604
-0.1398167610168457 0.6244562268257141 -0.7684434056282043 0.11179541796445847 0.5321929454803467 -0.6070501804351807 -0.5901357531547546 0.9084804654121399 -0.8349979519844055 -0.49147123098373413 -0.24745520949363708 -3.781107187271118
-0.1398647576570511 0.6242914795875549 -0.7685685753822327 0.11182253807783127 0.5321945548057556 -0.6071540713310242 -0.5900274515151978 0.9085248112678528 -0.8349888920783997 -0.4915522336959839 -0.2473248541355133 -3.781057596206665
-0.13984541594982147 0.6243696808815002 -0.7685086131095886 0.111785888671875 0.5322530269622803 -0.6070683598518372 -0.5900628566741943 0.9085035920143127 -0.8349548578262329 -0.4915587902069092 -0.24742668867111206 -3.781151056289673
-0.1399737298488617 0.6244292259216309 -0.768436849117279 0.1118178740143776 0.5323212146759033 -0.6069244742393494 -0.5901494026184082 0.9084151983261108 -0.8348898887634277 -0.49166080355644226 -0.24744319915771484 -3.7811789512634277
-0.14012058079242706 0.6244608163833618 -0.7683843970298767 0.11189321428537369 0.532387375831604 -0.6067948341369629 -0.5902230143547058 0.9084888100624084 -0.8348230719566345 -0.49178072810173035 -0.24743036925792694 -3.781100034713745
-0.1403142511844635 0.624652087688446 -0.7681935429573059 0.11183995753526688 0.5324975252151489 -0.6064952611923218 -0.5904315114021301 0.9085502028465271 -0.834720253944397 -0.4919072985649109 -0.24752552807331085 -3.7811660766601562
-0.14027592539787292 0.6243849396705627 -0.7684177160263062 0.11184489727020264 0.532488226890564 -0.6067233681678772 -0.5902054905891418 0.9086136817932129 -0.8347326517105103 -0.4919651746749878 -0.2473687082529068 -3.7811038494110107
-0.14036503434181213 0.6245784759521484 -0.7682441473007202 0.11179888993501663 0.5323007106781006 -0.6066448092460632 -0.5904553532600403 0.9085044264793396 -0.8348372578620911 -0.49181634187698364 -0.24731160700321198 -3.7809126377105713
-0.14025238156318665 0.6245962381362915 -0.7682502865791321 0.11180818825960159 0.5321972370147705 -0.6067430973052979 -0.5904476046562195 0.9085575342178345 -0.8349221348762512 -0.491672545671463 -0.24731101095676422 -3.7808926105499268
-0.1402314156293869 0.6247837543487549 -0.7681015729904175 0.1117471307516098 0.5319839119911194 -0.606734037399292 -0.5906491875648499 0.9084804058074951 -0.8350616693496704 -0.4914454221725464 -0.24729149043560028 -3.780874013900757
-0.14026136696338654 0.6246576309204102 -0.7681987285614014 0.11176328361034393 0.5319536328315735 -0.6068352460861206 -0.5905724167823792 0.9084423780441284 -0.8350759148597717 -0.4914807677268982 -0.24717311561107635 -3.780994176864624
-0.14038021862506866 0.6247267127037048 -0.7681207656860352 0.11177589744329453 0.531960129737854 -0.6067245006561279 -0.5906803607940674 0.9084157347679138 -0.8350517749786377 -0.491529643535614 -0.24715737998485565 -3.7810096740722656
-0.1402282863855362 0.6249458193778992 -0.7679703235626221 0.11174657195806503 0.5320937037467957 -0.60654616355896 -0.5907432436943054 0.9084427356719971 -0.8349922299385071 -0.49147123098373413 -0.2474745661020279 -3.781010150909424
-0.14014685153961182 0.6247481107711792 -0.7681460380554199 0.11177714169025421 0.5321104526519775 -0.6067252159118652 -0.5905442237854004 0.9085273146629333 -0.8349952101707458 -0.4915016293525696 -0.24740414321422577 -3.7809197902679443
-0.1399899423122406 0.624893069267273 -0.7680566906929016 0.11174088716506958 0.5322859883308411 -0.606581449508667 -0.5905337333679199 0.9084396362304688 -0.8349096179008484 -0.4914947748184204 -0.2477063089609146 -3.781034469604492
-0.14018261432647705 0.6249375939369202 -0.7679853439331055 0.11176830530166626 0.5323283672332764 -0.6064350008964539 -0.5906459093093872 0.9084181189537048 -0.8348503112792969 -0.491618812084198 -0.24766014516353607 -3.78105092048645
-0.13980984687805176 0.6248154044151306 -0.7681527137756348 0.11180360615253448 0.5323949456214905 -0.6066585183143616 -0.5903562903404236 0.9083979725837708 -0.8348703384399414 -0.4914984405040741 -0.24783150851726532 -3.781067132949829
-0.13995161652565002 0.6248638033866882 -0.7680875062942505 0.11184042692184448 0.5323452949523926 -0.6065863966941833 -0.5904752016067505 0.9083935618400574 -0.8348782062530518 -0.49152591824531555 -0.24775034189224243 -3.7811343669891357
-0.13987788558006287 0.6248063445091248 -0.7681477069854736 0.11179932206869125 0.5323068499565125 -0.6066865921020508 -0.5904069542884827 0.9083618521690369 -0.8349151611328125 -0.49147531390190125 -0.2477264106273651 -3.781222105026245
-0.13985630869865417 0.6248778700828552 -0.768093466758728 0.11180324107408524 0.5323060154914856 -0.6066418290138245 -0.5904536247253418 0.9083855152130127 -0.834919273853302 -0.4914395809173584 -0.2477833330631256 -3.781327724456787
-0.1399829387664795 0.6250684857368469 -0.7679152488708496 0.11178264021873474 0.5322487950325012 -0.606471598148346 -0.5906800627708435 0.9084673523902893 -0.8349345326423645 -0.49140727519989014 -0.24779605865478516 -3.781196355819702
-0.1400052160024643 0.6249641180038452 -0.767996072769165 0.11190029978752136 0.5321091413497925 -0.6066239476203918 -0.590649425983429 0.9085425138473511 -0.8350197672843933 -0.4913519024848938 -0.2476183921098709 -3.7811315059661865
-0.14009644091129303 0.6250707507133484 -0.7678927183151245 0.11185409128665924 0.5321159958839417 -0.6064966320991516 -0.5907739996910095 0.9084354043006897 -0.8350000977516174 -0.4913735091686249 -0.247641921043396 -3.7810323238372803
-0.1401064395904541 0.6249637603759766 -0.7679779529571533 0.11188848316669464 0.5319324135780334 -0.6066824197769165 -0.5907485485076904 0.9085389971733093 -0.8351154327392578 -0.491280198097229 -0.24743813276290894 -3.78090500831604
-0.14001765847206116 0.6246843338012695 -0.7682214975357056 0.11183854192495346 0.5318323969841003 -0.6069962978363037 -0.5905161499977112 0.9085400104522705 -0.8351939916610718 -0.49124789237976074 -0.2472369223833084 -3.7809622287750244
-0.1401662528514862 0.624774158000946 -0.7681213021278381 0.11177778989076614 0.5318588018417358 -0.6068444848060608 -0.5906484127044678 0.9084575772285461 -0.835152268409729 -0.4913211762905121 -0.24723228812217712 -3.780871868133545
-0.13982994854450226 0.6247944235801697 -0.7681661248207092 0.11177165806293488 0.5320712327957153 -0.6068560481071472 -0.5904451012611389 0.9084126353263855 -0.8350732922554016 -0.4912811517715454 -0.24757826328277588 -3.7809643745422363
-0.1398971527814865 0.6248141527175903 -0.7681378126144409 0.11176134645938873 0.5320296883583069 -0.6068349480628967 -0.5905042886734009 0.9083821177482605 -0.8350885510444641 -0.4912821352481842 -0.24752497673034668 -3.780970811843872
-0.13993705809116364 0.6247516870498657 -0.7681813836097717 0.11179111897945404 0.531944990158081 -0.606914758682251 -0.5904985666275024 0.9084553718566895 -0.835135817527771 -0.4912630319595337 -0.24740342795848846 -3.7809457778930664
-0.14005057513713837 0.6248728036880493 -0.768062174320221 0.11179055273532867 0.5319092869758606 -0.6067913174629211 -0.5906575918197632 0.9084638953208923 -0.8351395130157471 -0.49126148223876953 -0.2473939210176468 -3.780966281890869
-0.14022107422351837 0.6246376633644104 -0.7682222723960876 0.11181341856718063 0.5319103598594666 -0.606894314289093 -0.5905507802963257 0.9084727168083191 -0.8351102471351624 -0.49143320322036743 -0.24715164303779602 -3.7809643745422363
-0.14019016921520233 0.6245479583740234 -0.7683008909225464 0.11184965819120407 0.5318241715431213 -0.6070279479026794 -0.590490996837616 0.9085254073143005 -0.8351702690124512 -0.4913821816444397 -0.24705013632774353 -3.7809603214263916
-0.1402999758720398 0.624647855758667 -0.768199622631073 0.1117958128452301 0.5318243503570557 -0.6069014072418213 -0.5906209349632263 0.9085096120834351 -0.835151731967926 -0.4914115071296692 -0.24705445766448975 -3.7809627056121826
-0.1403540074825287 0.6244194507598877 -0.7683753967285156 0.11176550388336182 0.5318303108215332 -0.6070490479469299 -0.5904638171195984 0.9085667729377747 -0.8351388573646545 -0.4915194511413574 -0.24688316881656647 -3.780975818634033
-0.14026062190532684 0.6242688298225403 -0.7685148119926453 0.11180979758501053 0.5318059325218201 -0.6072213053703308 -0.5903086066246033 0.9084814786911011 -0.8351700901985168 -0.4914979338645935 -0.24682040512561798 -3.781026601791382
-0.14027367532253265 0.6242299675941467 -0.7685440182685852 0.11179714649915695 0.5318055748939514 -0.6072454452514648 -0.5902841091156006 0.9084891676902771 -0.8351681232452393 -0.49151745438575745 -0.24678820371627808 -3.781075954437256
-0.14016012847423553 0.6243618130683899 -0.7684575915336609 0.1117379292845726 0.5318868160247803 -0.6071476936340332 -0.5903114676475525 0.9084089398384094 -0.8351354598999023 -0.4914707839488983 -0.24699170887470245 -3.781083106994629
-0.14024493098258972 0.6243409514427185 -0.7684590816497803 0.11173049360513687 0.5318402051925659 -0.6071528196334839 -0.5903481841087341 0.9083636403083801 -0.8351508975028992 -0.4914909601211548 -0.2468993067741394 -3.781095027923584
-0.140204057097435 0.6241909861564636 -0.7685883641242981 0.11179853975772858 0.5317615866661072 -0.607332706451416 -0.5902339220046997 0.9084208607673645 -0.8352078199386597 -0.4914591312408447 -0.24677005410194397 -3.781054735183716
-0.1402139812707901 0.6242098808288574 -0.7685711979866028 0.11176847666501999 0.5317199230194092 -0.6073382496833801 -0.5902657508850098 0.9083846211433411 -0.835232675075531 -0.49142831563949585 -0.24674730002880096 -3.781064033508301
-0.13992758095264435 0.6241889595985413 -0.768640398979187 0.11179421097040176 0.5318770408630371 -0.6073912978172302 -0.5900696516036987 0.9084073305130005 -0.8351806998252869 -0.49138936400413513 -0.24700075387954712 -3.7810187339782715
-0.14007015526294708 0.6242032647132874 -0.7686027884483337 0.11187191307544708 0.5319315791130066 -0.6072837710380554 -0.5901311039924622 0.9085599184036255 -0.8351220488548279 -0.491504043340683 -0.24697087705135345 -3.7810146808624268
-0.14008130133152008 0.6242609024047852 -0.7685539722442627 0.11183832585811615 0.5318989753723145 -0.6072536706924438 -0.5901914238929749 0.9085251092910767 -0.8351408839225769 -0.49146804213523865 -0.24697862565517426 -3.7809603214263916
-0.13993613421916962 0.6241632699966431 -0.7686597108840942 0.1117805615067482 0.5320873856544495 -0.607283353805542 -0.5899910926818848 0.9084985256195068 -0.8350452184677124 -0.491555392742157 -0.24712830781936646 -3.7810134887695312
-0.14009328186511993 0.624301552772522 -0.7685187458992004 0.1117917150259018 0.5320702195167542 -0.6071162223815918 -0.5901784896850586 0.9084818959236145 -0.8350298404693604 -0.4915861487388611 -0.24711914360523224 -3.7809994220733643
-0.1400333195924759 0.6240900158882141 -0.7687014937400818 0.11172418296337128 0.5321773886680603 -0.6072426438331604 -0.5899518132209778 0.908556342124939 -0.8349716067314148 -0.49169862270355225 -0.247092142701149 -3.780813694000244
-0.14023151993751526 0.6242931485176086 -0.7685003876686096 0.1117633506655693 0.5321890711784363 -0.6069902181625366 -0.5902009606361389 0.9085942506790161 -0.8349308967590332 -0.4917524456977844 -0.24712258577346802 -3.7809159755706787
-0.14046944677829742 0.6241661310195923 -0.7685601115226746 0.11177103221416473 0.5321592688560486 -0.6069976687431335 -0.5902201533317566 0.9086096286773682 -0.8349098563194275 -0.49190443754196167 -0.24689093232154846 -3.780963897705078
-0.14040328562259674 0.62395179271698 -0.7687462568283081 0.11183096468448639 0.5321157574653625 -0.6072177886962891 -0.5900329351425171 0.9085414409637451 -0.834948718547821 -0.49190470576286316 -0.24675896763801575 -3.781029462814331
-0.1403934210538864 0.6240296959877014 -0.7686848044395447 0.1118055209517479 0.5321228504180908 -0.6071582436561584 -0.5900877714157104 0.9085273146629333 -0.8349458575248718 -0.4918793737888336 -0.24681921303272247 -3.781036853790283
-0.14010392129421234 0.6241552829742432 -0.768635630607605 0.11177287250757217 0.5322300791740417 -0.6071295738220215 -0.5900205969810486 0.9083861708641052 -0.8349261283874512 -0.4917553663253784 -0.2471327781677246 -3.7810609340667725
-0.14020471274852753 0.6240326166152954 -0.7687168717384338 0.11178163439035416 0.5321507453918457 -0.6072249412536621 -0.5899940729141235 0.9084555506706238 -0.8349598050117493 -0.49179336428642273 -0.2469433844089508 -3.7810420989990234
-0.14036908745765686 0.6241233944892883 -0.7686131596565247 0.1117934137582779 0.5321165919303894 -0.6071010231971741 -0.5901523232460022 0.9084664583206177 -0.8349539637565613 -0.49183112382888794 -0.2468879669904709 -3.7810885906219482
-0.1401827037334442 0.6241251230239868 -0.7686457633972168 0.11183450371026993 0.5321863889694214 -0.6071428656578064 -0.5900463461875916 0.9084338545799255 -0.8349407911300659 -0.491777241230011 -0.24703973531723022 -3.781160593032837
-0.13998869061470032 0.6242779493331909 -0.7685570120811462 0.11183007806539536 0.5323476195335388 -0.6070182919502258 -0.5900290608406067 0.9084205031394958 -0.8348705172538757 -0.4917370676994324 -0.24735696613788605 -3.7810862064361572
-0.140035480260849 0.6243831515312195 -0.7684630155563354 0.11183294653892517 0.5323737859725952 -0.6069009900093079 -0.5901261568069458 0.9084224104881287 -0.834846019744873 -0.4917483329772949 -0.24741731584072113 -3.781118154525757
-0.13998715579509735 0.6242401003837585 -0.7685880064964294 0.11178027838468552 0.5323392152786255 -0.6070529818534851 -0.5900009274482727 0.9085697531700134 -0.8348761796951294 -0.4917422831058502 -0.24732765555381775 -3.7809412479400635
-0.14012682437896729 0.6243860125541687 -0.7684440612792969 0.11175255477428436 0.5323179364204407 -0.6068903207778931 -0.5901874899864197 0.9085733890533447 -0.8348662853240967 -0.4917578101158142 -0.24733003973960876 -3.780918598175049
-0.14023934304714203 0.6242165565490723 -0.7685611248016357 0.11183963716030121 0.5323888063430786 -0.606927752494812 -0.5900850296020508 0.9085396528244019 -0.8348022103309631 -0.4919266700744629 -0.2472105622291565 -3.780970811843872
-0.13995666801929474 0.6242145299911499 -0.7686143517494202 0.11181970685720444 0.5325635671615601 -0.6069542765617371 -0.5899000763893127 0.9084889888763428 -0.8347381949424744 -0.4918965995311737 -0.2474863976240158 -3.78110408782959
-0.14015315473079681 0.6242969036102295 -0.7685115933418274 0.11183589696884155 0.5325209498405457 -0.6068271994590759 -0.5900692343711853 0.9085001349449158 -0.8347324132919312 -0.4919487535953522 -0.24740220606327057 -3.781142234802246
-0.13989657163619995 0.6244545578956604 -0.7684302926063538 0.1118093803524971 0.5325872898101807 -0.6067832112312317 -0.5900546312332153 0.9084866046905518 -0.8347331285476685 -0.49180296063423157 -0.24768942594528198 -3.781216621398926
-0.13996945321559906 0.62444669008255 -0.7684233784675598 0.1118011325597763 0.5325532555580139 -0.6067762970924377 -0.5900924205780029 0.9084255695343018 -0.8347426056861877 -0.4918214678764343 -0.24762077629566193 -3.7811689376831055
-0.13966374099254608 0.6245049238204956 -0.7684316635131836 0.11180222034454346 0.532641589641571 -0.6068177819252014 -0.5899699926376343 0.9084663391113281 -0.8347374200820923 -0.4916962683200836 -0.24788665771484375 -3.781139850616455
-0.13978184759616852 0.6243593096733093 -0.7685285806655884 0.11183059960603714 0.5326135754585266 -0.6068927049636841 -0.5899181962013245 0.9085311889648438 -0.8347355723381042 -0.491788774728775 -0.24770943820476532 -3.781097412109375
-0.13987994194030762 0.6244149208068848 -0.768465518951416 0.11181903630495071 0.532574474811554 -0.6068287491798401 -0.5900194048881531 0.9084595441818237 -0.8347440958023071 -0.49179714918136597 -0.24766401946544647 -3.7810380458831787
-0.14000962674617767 0.6244778633117676 -0.7683907747268677 0.11179955303668976 0.5324018597602844 -0.6068233847618103 -0.5901805758476257 0.9085443019866943 -0.8348324298858643 -0.49172380566596985 -0.2475118190050125 -3.7809979915618896
-0.1400323510169983 0.6246455907821655 -0.7682502865791321 0.11174044758081436 0.5324623584747314 -0.6066486239433289 -0.590305745601654 0.9085031747817993 -0.834790050983429 -0.4917263984680176 -0.24764961004257202 -3.7810370922088623
-0.14006198942661285 0.6247072219848633 -0.7681947350502014 0.11172633618116379 0.5324649810791016 -0.6065862774848938 -0.5903673768043518 0.9085004329681396 -0.8347833752632141 -0.49172499775886536 -0.2476748377084732 -3.7810513973236084
-0.13983654975891113 0.624665379524231 -0.7682698369026184 0.11175218969583511 0.5326007008552551 -0.6066405177116394 -0.5901891589164734 0.9085162281990051 -0.8347346186637878 -0.49171125888824463 -0.24786649644374847 -3.78104567527771
-0.1399098038673401 0.6246935725212097 -0.768233597278595 0.1117234155535698 0.5325610041618347 -0.606609046459198 -0.5902572870254517 0.9085041880607605 -0.8347476720809937 -0.491714209318161 -0.24781668186187744 -3.781043291091919
-0.13978354632854462 0.6246939897537231 -0.7682561874389648 0.11174120754003525 0.532579779624939 -0.6066548228263855 -0.5901933312416077 0.9085112810134888 -0.8347568511962891 -0.49165722727775574 -0.24789881706237793 -3.7810773849487305
-0.13971379399299622 0.6245692372322083 -0.7683703303337097 0.11178140342235565 0.532606840133667 -0.6067662835121155 -0.5900543332099915 0.9084147214889526 -0.8347512483596802 -0.4916782081127167 -0.24787600338459015 -3.7810232639312744
-0.1398443728685379 0.6246709227561951 -0.7682638764381409 0.11180220544338226 0.5325334072113037 -0.6066723465919495 -0.5902171730995178 0.9084002375602722 -0.8347762227058411 -0.49166491627693176 -0.24781818687915802 -3.7810468673706055
