# 3x4 first row second row third row Freq: 100 current Time: 2021-07-29-21:46:04
0.7112674713134766 0.545981228351593 -0.4427223205566406 0.26569584012031555 0.10832663625478745 -0.7074472904205322 -0.6984148025512695 0.9129704236984253 -0.6945242285728455 0.44880107045173645 -0.5623285174369812 -3.5574166774749756
0.7113115191459656 0.5460125803947449 -0.44261279702186584 0.26569485664367676 0.1085602343082428 -0.7075038552284241 -0.6983212828636169 0.9129658341407776 -0.6944425702095032 0.4486737847328186 -0.5625308752059937 -3.5573556423187256
0.7113435864448547 0.5460543036460876 -0.44250980019569397 0.2655390799045563 0.10858093202114105 -0.7074187397956848 -0.6984043121337891 0.9130520224571228 -0.6944065093994141 0.4487572908401489 -0.5625088214874268 -3.5571694374084473
0.7113568186759949 0.5460608005523682 -0.44248053431510925 0.26558399200439453 0.10853873938322067 -0.7073677182197571 -0.6984624862670898 0.9128401875495911 -0.6943995356559753 0.4488297700881958 -0.5624595284461975 -3.5573036670684814
0.7111507058143616 0.5462470054626465 -0.44258201122283936 0.2655608355998993 0.10872211307287216 -0.7074024081230164 -0.6983988285064697 0.9128662943840027 -0.6945819854736328 0.4485483169555664 -0.5624588131904602 -3.5573201179504395
0.7112612724304199 0.5461671352386475 -0.44250285625457764 0.265580952167511 0.1085665300488472 -0.7073152661323547 -0.6985113024711609 0.9128762483596802 -0.6944930553436279 0.4487830102443695 -0.562381386756897 -3.557328462600708
0.711210310459137 0.5462601780891418 -0.442469984292984 0.26559269428253174 0.10879950225353241 -0.707370936870575 -0.6984186768531799 0.912972092628479 -0.6945088505744934 0.4485820233821869 -0.562522292137146 -3.5573770999908447
0.7112525105476379 0.5462234616279602 -0.4424474239349365 0.2656782567501068 0.10870786011219025 -0.7073265910148621 -0.6984778642654419 0.9128347039222717 -0.6944799423217773 0.4486965835094452 -0.562466561794281 -3.5576157569885254
0.711187481880188 0.5463201403617859 -0.44243261218070984 0.2657277286052704 0.10888679325580597 -0.7073558568954468 -0.6984202861785889 0.9128463864326477 -0.694518506526947 0.44853270053863525 -0.5625496506690979 -3.557612180709839
0.7111682891845703 0.5463654398918152 -0.4424075484275818 0.26576825976371765 0.10888862609863281 -0.7073051333427429 -0.6984713673591614 0.9128031730651855 -0.694537878036499 0.4485574960708618 -0.5625059008598328 -3.5577409267425537
0.7110826373100281 0.5464642643928528 -0.44242310523986816 0.265737384557724 0.10918933153152466 -0.7074305415153503 -0.6982974410057068 0.9129360318183899 -0.6945783495903015 0.4482392966747284 -0.562709629535675 -3.557687282562256
0.711073100566864 0.5464708209037781 -0.442430317401886 0.26574233174324036 0.10919220745563507 -0.7074317336082458 -0.6982957720756531 0.9129636287689209 -0.6945876479148865 0.4482294023036957 -0.5627059936523438 -3.557698965072632
0.71104496717453 0.5465714335441589 -0.4423513114452362 0.2657890319824219 0.10942961275577545 -0.7074548006057739 -0.698235273361206 0.9128997325897217 -0.6945791244506836 0.4480702877044678 -0.5628432035446167 -3.557816743850708
0.7109299898147583 0.5467419624328613 -0.4423253536224365 0.26580411195755005 0.10971835255622864 -0.7074888944625854 -0.698155403137207 0.9129305481910706 -0.6946512460708618 0.4478083848953247 -0.5629626512527466 -3.55784273147583
0.7110415101051331 0.5466028451919556 -0.44231802225112915 0.26570966839790344 0.10948491841554642 -0.7074443697929382 -0.6982371211051941 0.9129800200462341 -0.6945739388465881 0.4480484127998352 -0.5628670454025269 -3.557680368423462
0.7110913991928101 0.5465489029884338 -0.44230449199676514 0.26565423607826233 0.10951600223779678 -0.7074987888336182 -0.6981770992279053 0.912962019443512 -0.694517970085144 0.4480282962322235 -0.5629521012306213 -3.557657241821289
0.7108825445175171 0.5467216372489929 -0.4424266815185547 0.2656649351119995 0.1096586361527443 -0.707530677318573 -0.6981224417686462 0.9129399061203003 -0.6947092413902283 0.44776710867881775 -0.5629239082336426 -3.5576884746551514
0.7108110189437866 0.546855628490448 -0.442376047372818 0.26564332842826843 0.10996349900960922 -0.7075884342193604 -0.6980159282684326 0.9129317998886108 -0.6947342157363892 0.4475121796131134 -0.56309574842453 -3.557656764984131
0.7108640670776367 0.5467751622200012 -0.4423902630805969 0.26572176814079285 0.10987948626279831 -0.7076073884963989 -0.6980099678039551 0.9129100441932678 -0.6946932673454285 0.4475805461406708 -0.5630919337272644 -3.5577805042266846
0.710871696472168 0.5467895865440369 -0.44236016273498535 0.2657132148742676 0.11008055508136749 -0.7077063918113708 -0.6978778839111328 0.9128918647766113 -0.6946536302566528 0.4474063813686371 -0.5632792711257935 -3.5577552318573
0.7108851671218872 0.5467562079429626 -0.44237974286079407 0.2657378315925598 0.11005991697311401 -0.7077320218086243 -0.6978551745414734 0.9129730463027954 -0.6946430802345276 0.4474065601825714 -0.5632920861244202 -3.557720422744751
0.7108155488967896 0.5467671155929565 -0.44247809052467346 0.2657034397125244 0.1100834533572197 -0.7078006267547607 -0.6977818608283997 0.912940263748169 -0.6947105526924133 0.44728466868400574 -0.563305675983429 -3.557659387588501
0.7110995054244995 0.546518087387085 -0.4423294961452484 0.26566705107688904 0.10966402292251587 -0.7076346278190613 -0.6980162262916565 0.9130024909973145 -0.6944863200187683 0.4478513300418854 -0.5631319880485535 -3.557561159133911
0.7110778093338013 0.546438992023468 -0.44246208667755127 0.2656302750110626 0.10964427143335342 -0.7077687382698059 -0.6978833079338074 0.9129502773284912 -0.6945116519927979 0.44773587584495544 -0.5631924867630005 -3.5574634075164795
0.7110318541526794 0.5465388298034668 -0.4424126446247101 0.2656761705875397 0.10966406762599945 -0.7076708078384399 -0.6979795694351196 0.9128578305244446 -0.6945555806159973 0.447768896818161 -0.5631120800971985 -3.5576066970825195
0.711128830909729 0.546470582485199 -0.4423410892486572 0.26559457182884216 0.10944993793964386 -0.7075416445732117 -0.6981440782546997 0.912925124168396 -0.6944900751113892 0.44805610179901123 -0.5629643797874451 -3.557494640350342
0.7110760807991028 0.5465825796127319 -0.44228747487068176 0.26556167006492615 0.10954108089208603 -0.7074773907661438 -0.6981949210166931 0.9129435420036316 -0.6945297122001648 0.4480209946632385 -0.5629434585571289 -3.557443141937256
0.7111907005310059 0.5464407801628113 -0.44227835536003113 0.26562368869781494 0.10933558642864227 -0.7074518799781799 -0.6982529759407043 0.9129655361175537 -0.6944447159767151 0.4482342302799225 -0.5628785490989685 -3.5574371814727783
0.711148202419281 0.5464920997619629 -0.4422833323478699 0.2656216621398926 0.1094922125339508 -0.707515299320221 -0.698164165019989 0.91300368309021 -0.6944635510444641 0.44807159900665283 -0.562984824180603 -3.557401418685913
0.7112253308296204 0.5464802384376526 -0.44217395782470703 0.26563265919685364 0.10932907462120056 -0.7073500752449036 -0.698357105255127 0.9129011631011963 -0.6944102644920349 0.44834673404693604 -0.5628314018249512 -3.557504415512085
0.7111828923225403 0.5464210510253906 -0.4423152804374695 0.26560553908348083 0.10934919118881226 -0.7074997425079346 -0.6982023119926453 0.9129193425178528 -0.6944505572319031 0.44818270206451416 -0.5629124045372009 -3.5574936866760254
0.711239218711853 0.5464280247688293 -0.442216157913208 0.265646755695343 0.10917028039693832 -0.7073158621788025 -0.6984165906906128 0.912890613079071 -0.6944210529327393 0.44846436381340027 -0.5627244114875793 -3.5575344562530518
0.7111695408821106 0.5464257597923279 -0.4423309564590454 0.26559966802597046 0.10917101800441742 -0.7073909044265747 -0.6983404755592346 0.9128543138504028 -0.6944922804832458 0.448348730802536 -0.5627287030220032 -3.5575039386749268
0.7111539840698242 0.5464431643486023 -0.44233453273773193 0.2655796408653259 0.10916867852210999 -0.7073778510093689 -0.6983540654182434 0.9128667712211609 -0.6945086121559143 0.44834816455841064 -0.5627089738845825 -3.5574960708618164
0.7113185524940491 0.5461841225624084 -0.4423898458480835 0.26563602685928345 0.1089053675532341 -0.7074489593505859 -0.698323130607605 0.9129854440689087 -0.6943813562393188 0.4485515356063843 -0.5627039074897766 -3.5574429035186768
0.7111690044403076 0.5462931394577026 -0.4424956738948822 0.265628844499588 0.1091184988617897 -0.7075669169425964 -0.6981703042984009 0.9130162596702576 -0.6945011019706726 0.44823259115219116 -0.5628103017807007 -3.5574188232421875
0.7113034725189209 0.5462534427642822 -0.44232848286628723 0.2655656933784485 0.10897016525268555 -0.7073967456817627 -0.6983659267425537 0.9130064845085144 -0.6943866610527039 0.4485494792461395 -0.562699019908905 -3.5574464797973633
0.7112652063369751 0.5463246703147888 -0.44230204820632935 0.26557686924934387 0.10915905982255936 -0.7074453234672546 -0.6982871890068054 0.9129992723464966 -0.6943961381912231 0.4483860731124878 -0.5628175139427185 -3.5573513507843018
0.711308479309082 0.5462976098060608 -0.4422658681869507 0.2655540406703949 0.10904036462306976 -0.7073672413825989 -0.6983848214149475 0.9129343628883362 -0.6943705081939697 0.44854220747947693 -0.562724769115448 -3.557370185852051
0.7111237049102783 0.5464736223220825 -0.4423455595970154 0.2656893730163574 0.1092391386628151 -0.7074060440063477 -0.6983144879341125 0.9128770232200623 -0.6945285201072693 0.44826647639274597 -0.562749445438385 -3.557530403137207
0.7110503315925598 0.5465260148048401 -0.4423987567424774 0.2656722962856293 0.1092732772231102 -0.7074201107025146 -0.6982948780059814 0.9128926396369934 -0.6945981979370117 0.4481804370880127 -0.5627319812774658 -3.5575459003448486
0.7110424637794495 0.5465871691703796 -0.4423358738422394 0.26577141880989075 0.10943707823753357 -0.70743727684021 -0.6982517838478088 0.9129086136817932 -0.6945805549621582 0.4480786919593811 -0.5628347992897034 -3.5577502250671387
0.7109900712966919 0.5466703772544861 -0.44231727719306946 0.26572537422180176 0.10950407385826111 -0.7074025273323059 -0.6982765197753906 0.9129108190536499 -0.694623589515686 0.44803211092948914 -0.5628187656402588 -3.557799816131592
0.7109180092811584 0.5466751456260681 -0.4424271285533905 0.26572030782699585 0.10959749668836594 -0.7075285315513611 -0.698134183883667 0.9129179120063782 -0.6946825981140137 0.4478272497653961 -0.562908947467804 -3.5578064918518066
0.7108566164970398 0.5467319488525391 -0.44245558977127075 0.2657199501991272 0.10963672399520874 -0.7075266242027283 -0.6981299519538879 0.9129870533943176 -0.6947392225265503 0.4477609097957611 -0.5628918409347534 -3.557766914367676
0.7110636830329895 0.5465622544288635 -0.44233256578445435 0.26564934849739075 0.1095660850405693 -0.7075382471084595 -0.6981292963027954 0.9130331873893738 -0.694538414478302 0.44794970750808716 -0.5629894137382507 -3.557682752609253
0.7111007571220398 0.546547532081604 -0.44229111075401306 0.26562926173210144 0.1095779538154602 -0.7075313925743103 -0.6981343626976013 0.9129763841629028 -0.694498598575592 0.44797849655151367 -0.5630156397819519 -3.557512044906616
0.7109866142272949 0.546651303768158 -0.44234639406204224 0.265698105096817 0.10966064780950546 -0.7075371146202087 -0.6981155872344971 0.9130046963691711 -0.6946024298667908 0.4478428065776825 -0.5629954934120178 -3.5575809478759766
0.7109608054161072 0.5466765761375427 -0.44235655665397644 0.26565954089164734 0.1097378209233284 -0.7075731754302979 -0.6980668902397156 0.9129757285118103 -0.6946166157722473 0.44775494933128357 -0.5630478858947754 -3.5575332641601562
0.7109284400939941 0.5466520190238953 -0.44243893027305603 0.26574137806892395 0.10967506468296051 -0.7076044082641602 -0.6980451345443726 0.9129478335380554 -0.6946596503257751 0.44773560762405396 -0.5630101561546326 -3.5576508045196533
0.7108123898506165 0.5466987490653992 -0.4425676167011261 0.2656707763671875 0.10970418155193329 -0.7076674103736877 -0.6979767084121704 0.9129062294960022 -0.69477379322052 0.44757893681526184 -0.5629938840866089 -3.557645320892334
0.7109068036079407 0.5466422438621521 -0.44248586893081665 0.2656041979789734 0.10978984087705612 -0.7077158689498901 -0.6979140639305115 0.9130145907402039 -0.6946637034416199 0.44757136702537537 -0.5631357431411743 -3.557464361190796
0.7109059691429138 0.5466747283935547 -0.44244706630706787 0.26569390296936035 0.10968741774559021 -0.7075994610786438 -0.6980481743812561 0.9129146933555603 -0.6946807503700256 0.44771572947502136 -0.562999963760376 -3.5576953887939453
0.71098393201828 0.5466148257255554 -0.44239580631256104 0.26574885845184326 0.10969609022140503 -0.7076202630996704 -0.6980257034301758 0.912975549697876 -0.6945995688438416 0.44775593280792236 -0.5630680918693542 -3.5578317642211914
0.7109912037849426 0.546495258808136 -0.4425318241119385 0.26572492718696594 0.10958743840456009 -0.7077314853668213 -0.6979300379753113 0.9129552245140076 -0.6946092844009399 0.44772616028785706 -0.5630797743797302 -3.557807207107544
0.7109764814376831 0.546526312828064 -0.4425170421600342 0.2658132016658783 0.10961200296878815 -0.70771324634552 -0.697944700717926 0.9129274487495422 -0.6946204304695129 0.4477170705795288 -0.5630732774734497 -3.5579118728637695
0.7110998034477234 0.5464458465576172 -0.44241833686828613 0.2656717002391815 0.10950697213411331 -0.7076470851898193 -0.6980282664299011 0.9128894209861755 -0.694510817527771 0.4479198157787323 -0.5630472898483276 -3.557642698287964
0.7111027836799622 0.546430766582489 -0.44243210554122925 0.2656620144844055 0.10947057604789734 -0.7076443433761597 -0.6980367302894592 0.912899911403656 -0.6945134401321411 0.4479425549507141 -0.5630258917808533 -3.5576257705688477
0.7111542224884033 0.5463193655014038 -0.44248703122138977 0.26559510827064514 0.10919243097305298 -0.7075883150100708 -0.698137104511261 0.9128692150115967 -0.6945046186447144 0.4481668770313263 -0.5628582835197449 -3.557447671890259
0.7109857797622681 0.5464621782302856 -0.44258129596710205 0.2655635178089142 0.10933893173933029 -0.7076289057731628 -0.6980730295181274 0.912870466709137 -0.6946539878845215 0.44792860746383667 -0.5628636479377747 -3.5574235916137695
0.7111988663673401 0.546347439289093 -0.4423806071281433 0.2656165659427643 0.10902687162160873 -0.7073916792869568 -0.6983622312545776 0.912875771522522 -0.6944848895072937 0.4484430253505707 -0.562662661075592 -3.5574591159820557
0.7110453844070435 0.546430230140686 -0.4425250291824341 0.26570549607276917 0.10902632027864456 -0.7074169516563416 -0.698336660861969 0.9128660559654236 -0.6946421265602112 0.44830211997032166 -0.5625807642936707 -3.5575692653656006
0.711013913154602 0.5464890599250793 -0.4425029754638672 0.26571133732795715 0.10903942584991455 -0.7073646783828735 -0.698387622833252 0.91289222240448 -0.6946722865104675 0.44831299781799316 -0.5625349283218384 -3.557565450668335
0.7110127806663513 0.5464743375778198 -0.44252291321754456 0.2657390534877777 0.10909058153629303 -0.7074220180511475 -0.6983214616775513 0.9128996729850769 -0.6946653723716736 0.44824039936065674 -0.5626012682914734 -3.5576655864715576
0.7110053896903992 0.5464990139007568 -0.44250431656837463 0.26574668288230896 0.10911659896373749 -0.7074074149131775 -0.6983322501182556 0.9129237532615662 -0.6946688294410706 0.448233425617218 -0.5626025795936584 -3.5576589107513428
0.710882306098938 0.546583354473114 -0.4425979554653168 0.2657749354839325 0.10906502604484558 -0.707366406917572 -0.6983818411827087 0.912910521030426 -0.6948029398918152 0.44819527864456177 -0.5624673366546631 -3.557781219482422
0.7108302116394043 0.546613335609436 -0.44264450669288635 0.2657398581504822 0.1089567020535469 -0.7073021531105042 -0.6984637975692749 0.9128791689872742 -0.6948732137680054 0.448260098695755 -0.5623288750648499 -3.5577995777130127
0.7108245491981506 0.5465883612632751 -0.4426845610141754 0.2657321095466614 0.10896657407283783 -0.7073537707328796 -0.6984099745750427 0.9128422737121582 -0.6948775053024292 0.44820910692214966 -0.5623642206192017 -3.557762384414673
0.7109882235527039 0.5464742183685303 -0.4425625801086426 0.26562002301216125 0.10877911746501923 -0.7072462439537048 -0.6985480785369873 0.9129588603973389 -0.6947394013404846 0.4485178589820862 -0.5622886419296265 -3.557520627975464
0.7109764218330383 0.546478271484375 -0.44257649779319763 0.2656037509441376 0.10879085958003998 -0.707259476184845 -0.6985328793525696 0.9130002856254578 -0.6947495937347412 0.4484921395778656 -0.5622966289520264 -3.557499885559082
0.7108948826789856 0.546596348285675 -0.44256168603897095 0.2656503915786743 0.1088426262140274 -0.7071895599365234 -0.6985955834388733 0.9129862785339355 -0.6948249340057373 0.4484584331512451 -0.5622303485870361 -3.5575873851776123
0.7107048630714417 0.546664834022522 -0.4427822232246399 0.2657128572463989 0.10885386168956757 -0.7072822451591492 -0.6985000371932983 0.9129696488380432 -0.6950175166130066 0.44822877645492554 -0.562175452709198 -3.557628631591797
0.7106826901435852 0.5465710759162903 -0.4429335296154022 0.2657378613948822 0.10888027399778366 -0.707469642162323 -0.6983060836791992 0.9130002856254578 -0.6950360536575317 0.44804731011390686 -0.5622971653938293 -3.5575788021087646
0.7106435298919678 0.5465837121009827 -0.4429807662963867 0.26573172211647034 0.10890674591064453 -0.707506537437439 -0.6982645392417908 0.9130436778068542 -0.6950719356536865 0.4479735791683197 -0.562311589717865 -3.557549238204956
0.7108332514762878 0.5465192198753357 -0.4427558481693268 0.26571643352508545 0.10871534794569016 -0.7072919011116028 -0.6985118389129639 0.9130191802978516 -0.6949079036712646 0.44839105010032654 -0.5621815919876099 -3.55757999420166
0.7107484936714172 0.5466451048851013 -0.44273650646209717 0.2657245099544525 0.10893435031175613 -0.7073208093643188 -0.6984484195709229 0.9130458831787109 -0.6949602961540222 0.44819191098213196 -0.5622755885124207 -3.5575528144836426
0.710770845413208 0.5465994477272034 -0.4427569806575775 0.265643835067749 0.10888524353504181 -0.7073383927345276 -0.6984382271766663 0.9130921363830566 -0.6949450969696045 0.44821983575820923 -0.5622720718383789 -3.5574252605438232
0.7107701301574707 0.5466632843017578 -0.44267940521240234 0.26565295457839966 0.1090506762266159 -0.7073452472686768 -0.6984055638313293 0.913129448890686 -0.6949199438095093 0.448131263256073 -0.5623738169670105 -3.5573723316192627
0.7108510732650757 0.5465502142906189 -0.442688912153244 0.26561930775642395 0.10889577865600586 -0.707341194152832 -0.6984337568283081 0.9130702614784241 -0.6948614120483398 0.44827544689178467 -0.5623312592506409 -3.557377815246582
0.7110363841056824 0.5464784502983093 -0.4424799680709839 0.26557883620262146 0.10889584571123123 -0.7072658538818359 -0.6985101103782654 0.913038969039917 -0.6946718096733093 0.44848179817199707 -0.5624008774757385 -3.5575289726257324
0.7110262513160706 0.5463719367980957 -0.4426277279853821 0.2655770778656006 0.10890989005565643 -0.7074533104896545 -0.6983180046081543 0.9130017161369324 -0.6946799159049988 0.44831588864326477 -0.5625231266021729 -3.5574638843536377
0.7110238075256348 0.5463860034942627 -0.4426143169403076 0.2656655013561249 0.10885857790708542 -0.7074005007743835 -0.6983795166015625 0.912839949131012 -0.6946905255317688 0.44838204979896545 -0.5624573826789856 -3.5577261447906494
0.7110535502433777 0.5462937355041504 -0.4426804482936859 0.265666127204895 0.10890130698680878 -0.7075433731079102 -0.6982280611991882 0.9128499031066895 -0.6946533918380737 0.4482690393924713 -0.5625932812690735 -3.557734489440918
0.710945188999176 0.546446681022644 -0.4426657259464264 0.2656756341457367 0.10897709429264069 -0.7074612975120544 -0.6982994079589844 0.912872850894928 -0.6947523951530457 0.4482121467590332 -0.5625163316726685 -3.557748556137085
0.7108981013298035 0.5465130805969238 -0.4426593482494354 0.2657315731048584 0.1090908870100975 -0.707477867603302 -0.6982648968696594 0.9128593802452087 -0.6947827339172363 0.4481050372123718 -0.5625641942024231 -3.5577657222747803
0.7107663750648499 0.546618640422821 -0.4427404999732971 0.26571348309516907 0.10906436294317245 -0.7074282169342041 -0.6983193159103394 0.9128735661506653 -0.694921612739563 0.4480546712875366 -0.5624327659606934 -3.5577847957611084
0.7107703685760498 0.5466040372848511 -0.44275209307670593 0.26571202278137207 0.109042227268219 -0.7074328660964966 -0.6983180642127991 0.9128949046134949 -0.6949210166931152 0.4480650722980499 -0.5624251961708069 -3.5577964782714844
0.7107406854629517 0.5465797781944275 -0.4428296983242035 0.2657659947872162 0.10921894013881683 -0.7076152563095093 -0.6981056332588196 0.9129363894462585 -0.6949236392974854 0.4478066861629486 -0.5626277327537537 -3.55778169631958
0.7108865976333618 0.5465211272239685 -0.4426679015159607 0.2657608091831207 0.10940736532211304 -0.7076809406280518 -0.6980095505714417 0.9129557609558105 -0.6947447061538696 0.4477744698524475 -0.5628742575645447 -3.5577633380889893
0.7108886241912842 0.5465856790542603 -0.44258496165275574 0.26571065187454224 0.1094319224357605 -0.7075929045677185 -0.6980949640274048 0.9129993915557861 -0.6947388052940369 0.4478347897529602 -0.5628336071968079 -3.5577895641326904
0.7108875513076782 0.546615719795227 -0.44254952669143677 0.2656805217266083 0.10951224714517593 -0.7075983881950378 -0.6980767846107483 0.9130212664604187 -0.6947271823883057 0.4477894902229309 -0.5628839135169983 -3.5577750205993652
0.7106861472129822 0.5467422604560852 -0.4427165985107422 0.2657231092453003 0.10965412110090256 -0.7076947689056396 -0.6979568004608154 0.9130128622055054 -0.6949108242988586 0.44748249650001526 -0.5629013776779175 -3.5577898025512695
0.7107439637184143 0.5467314124107361 -0.44263720512390137 0.26573994755744934 0.1096775159239769 -0.7076682448387146 -0.6979799866676331 0.913057804107666 -0.6948480606079102 0.44753769040107727 -0.5629350543022156 -3.5577926635742188
0.7105818390846252 0.546970546245575 -0.4426020085811615 0.2657099962234497 0.10993004590272903 -0.7076183557510376 -0.697990894317627 0.9129890203475952 -0.694973886013031 0.44732439517974854 -0.5629491806030273 -3.557826519012451
0.7107497453689575 0.5468061566352844 -0.4425356388092041 0.2656395733356476 0.10973041504621506 -0.7075785994529724 -0.698062539100647 0.9130551815032959 -0.6948338150978088 0.44758811593055725 -0.5629125237464905 -3.5575544834136963
0.7106612920761108 0.5469302535057068 -0.4425242841243744 0.2656262516975403 0.10990801453590393 -0.7075870633125305 -0.6980260610580444 0.9130593538284302 -0.6948961615562439 0.4474231004714966 -0.5629667043685913 -3.5574965476989746
0.7107496857643127 0.5468581318855286 -0.4424714148044586 0.2655450701713562 0.10984157770872116 -0.7075682282447815 -0.698055624961853 0.9131814241409302 -0.6948162317276001 0.4475410282611847 -0.5629716515541077 -3.557283639907837
0.7107997536659241 0.546833336353302 -0.44242167472839355 0.2655525207519531 0.10993843525648117 -0.7076188921928406 -0.6979889869689941 0.9132571220397949 -0.6947497129440308 0.44749125838279724 -0.5630933046340942 -3.5572450160980225
0.7108064293861389 0.546920657157898 -0.442302942276001 0.26546886563301086 0.10994018614292145 -0.7074753642082214 -0.698134183883667 0.9132319688796997 -0.6947426199913025 0.44761139154434204 -0.563006579875946 -3.557241201400757
0.7108815312385559 0.546842098236084 -0.4422794282436371 0.2654242217540741 0.10998935252428055 -0.7075547575950623 -0.6980460286140442 0.9132978916168213 -0.6946579813957214 0.4475819766521454 -0.5631343722343445 -3.55716609954834
0.7110661268234253 0.5466299057006836 -0.4422450065612793 0.265654057264328 0.10947518050670624 -0.7073703408241272 -0.6983137130737305 0.9130139350891113 -0.6945502758026123 0.44813233613967896 -0.5628294348716736 -3.5575368404388428
