# 3x4 first row second row third row Freq: 100 current Time: 2021-07-29-21:47:55
0.194442480802536 0.8563716411590576 -0.47835075855255127 0.006362412590533495 0.7073537707328796 -0.460269033908844 -0.5364723801612854 0.7263877391815186 -0.6795899868011475 -0.23405030369758606 -0.6952534914016724 -3.3346338272094727
0.19441886246204376 0.8563816547393799 -0.4783424437046051 0.00634484738111496 0.7073569893836975 -0.46024757623672485 -0.5364865064620972 0.7264132499694824 -0.6795933842658997 -0.23405589163303375 -0.6952483057975769 -3.3346877098083496
0.19462306797504425 0.8564404845237732 -0.47815409302711487 0.006492207758128643 0.7075040340423584 -0.4602098762989044 -0.5363249778747559 0.726391077041626 -0.6793818473815918 -0.2339148372411728 -0.6955024600028992 -3.3347818851470947
0.19463291764259338 0.8564020991325378 -0.47821879386901855 0.006584590766578913 0.7075895071029663 -0.46022725105285645 -0.536197304725647 0.7264894843101501 -0.6792899966239929 -0.23402106761932373 -0.6955564022064209 -3.3348679542541504
0.19473643600940704 0.8564139008522034 -0.47815555334091187 0.006629505660384893 0.7076120376586914 -0.4602462649345398 -0.5361512303352356 0.7264977693557739 -0.6792368292808533 -0.23394054174423218 -0.6956353783607483 -3.3348934650421143
0.19443513453006744 0.8564168810844421 -0.47827282547950745 0.0064838784746825695 0.7073953151702881 -0.4602012038230896 -0.5364758372306824 0.7263259291648865 -0.6795488595962524 -0.23401832580566406 -0.6953044533729553 -3.334743022918701
0.19438999891281128 0.8564229011535645 -0.47828030586242676 0.006435071118175983 0.7074241638183594 -0.4601670205593109 -0.5364670753479004 0.7264057397842407 -0.6795316934585571 -0.23406332731246948 -0.6953060626983643 -3.33475923538208
0.19440436363220215 0.8563956022262573 -0.478323370218277 0.006413913797587156 0.7074272036552429 -0.460202157497406 -0.5364329218864441 0.7264294624328613 -0.6795244216918945 -0.23409418761730194 -0.6953027844429016 -3.334667921066284
0.1944464147090912 0.8564199209213257 -0.4782627820968628 0.006414943374693394 0.7074403166770935 -0.4601866602897644 -0.5364289283752441 0.7264604568481445 -0.6794987320899963 -0.23403580486774445 -0.6953475475311279 -3.3347227573394775
0.1947098672389984 0.8564008474349976 -0.4781896770000458 0.006472358480095863 0.7074933052062988 -0.46029147505760193 -0.5362691283226013 0.7264959216117859 -0.6793681383132935 -0.23389922082424164 -0.6955210566520691 -3.334683418273926
0.1946532279253006 0.8563295602798462 -0.47834041714668274 0.0064310538582503796 0.7074187994003296 -0.46037524938583374 -0.536295473575592 0.7263917326927185 -0.6794619560241699 -0.2339954823255539 -0.6953970789909363 -3.334615707397461
0.19466768205165863 0.8563230037689209 -0.4783462584018707 0.00642763078212738 0.7074000239372253 -0.46039462089538574 -0.5363036394119263 0.7264221906661987 -0.679477334022522 -0.23398126661777496 -0.6953867673873901 -3.334672212600708
0.1946498453617096 0.856431782245636 -0.4781588017940521 0.0065087815746665 0.707493782043457 -0.46023350954055786 -0.5363181829452515 0.7264838814735413 -0.6793848276138306 -0.233900249004364 -0.6955044269561768 -3.3347971439361572
0.1946583241224289 0.8564318418502808 -0.478155255317688 0.006512667518109083 0.7075140476226807 -0.4602297246456146 -0.53629469871521 0.7265241146087646 -0.6793612837791443 -0.23390744626522064 -0.6955249905586243 -3.3348724842071533
0.1945229321718216 0.8563737273216248 -0.4783143699169159 0.0064599174074828625 0.7073140740394592 -0.4603114724159241 -0.5364882946014404 0.7264395356178284 -0.6796082854270935 -0.23395931720733643 -0.6952662467956543 -3.3348708152770996
0.1945418268442154 0.8563405275344849 -0.47836607694625854 0.006475625094026327 0.7073063850402832 -0.4603586196899414 -0.5364579558372498 0.7264517545700073 -0.6796108484268188 -0.2339879870414734 -0.6952540874481201 -3.334970235824585
0.19442519545555115 0.8563572764396667 -0.4783835709095001 0.006387465633451939 0.707231342792511 -0.46032068133354187 -0.536589503288269 0.7263752818107605 -0.6797223091125488 -0.23400145769119263 -0.695140540599823 -3.3349053859710693
0.19441507756710052 0.8563728332519531 -0.4783598482608795 0.006368117406964302 0.7072387337684631 -0.46029677987098694 -0.5366002321243286 0.7264003157615662 -0.679717481136322 -0.2339915782213211 -0.6951485872268677 -3.3349900245666504
0.19457972049713135 0.8564041256904602 -0.4782367944717407 0.006516826339066029 0.7074033617973328 -0.4602685272693634 -0.536407470703125 0.7265098094940186 -0.679499089717865 -0.23393240571022034 -0.6953819990158081 -3.3348827362060547
0.1945798546075821 0.856414794921875 -0.47821763157844543 0.006519222632050514 0.7074165344238281 -0.4602521061897278 -0.5364041924476624 0.7265565395355225 -0.6794853210449219 -0.2339257150888443 -0.695397675037384 -3.3349640369415283
0.19451510906219482 0.85654217004776 -0.47801581025123596 0.00644451379776001 0.7075334191322327 -0.46004393696784973 -0.5364285707473755 0.7265700697898865 -0.6793821454048157 -0.2338687926530838 -0.6955175995826721 -3.334998607635498
0.19479244947433472 0.8564931154251099 -0.4779907464981079 0.006468614563345909 0.7076331973075867 -0.46017172932624817 -0.5361872911453247 0.7265126705169678 -0.6791987419128418 -0.23379699885845184 -0.6957208514213562 -3.3347585201263428
0.1946702003479004 0.8565875887870789 -0.47787126898765564 0.006509052123874426 0.707787811756134 -0.459965318441391 -0.5361603498458862 0.7266051173210144 -0.6790726780891418 -0.23385712504386902 -0.6958237290382385 -3.334862232208252
0.1947612464427948 0.8565827012062073 -0.4778429865837097 0.006515397224575281 0.7077845931053162 -0.46000710129737854 -0.5361286997795105 0.7265872955322266 -0.6790499091148376 -0.23379294574260712 -0.6958675384521484 -3.334914445877075
0.19506102800369263 0.8565235137939453 -0.4778268039226532 0.006606082897633314 0.7077376246452332 -0.46020543575286865 -0.5360205173492432 0.7265655398368835 -0.6790128350257874 -0.23361940681934357 -0.6959619522094727 -3.3349874019622803
0.19506753981113434 0.8565173149108887 -0.47783520817756653 0.006627971772104502 0.7077339887619019 -0.46021610498428345 -0.5360161066055298 0.7266042828559875 -0.6790147423744202 -0.23362098634243011 -0.6959595680236816 -3.335049867630005
0.19522494077682495 0.8565438985824585 -0.47772327065467834 0.006610854994505644 0.7079358100891113 -0.46017760038375854 -0.5357826352119446 0.7264991998672485 -0.6787590384483337 -0.23359939455986023 -0.6962161660194397 -3.334984302520752
0.19519972801208496 0.8565550446510315 -0.47771361470222473 0.006627016235142946 0.7079318761825562 -0.46015673875808716 -0.5358057618141174 0.726518452167511 -0.6787704229354858 -0.23359964787960052 -0.6962049603462219 -3.335042715072632
0.19499659538269043 0.8566257953643799 -0.4776696562767029 0.006453600712120533 0.707923948764801 -0.4600016474723816 -0.5359494090080261 0.726355791091919 -0.6788370609283447 -0.23364558815956116 -0.6961246132850647 -3.334845781326294
0.19505180418491364 0.8566319346427917 -0.47763609886169434 0.006486855912953615 0.7078824639320374 -0.46003034710884094 -0.5359795093536377 0.7262980937957764 -0.6788644790649414 -0.233566552400589 -0.6961244344711304 -3.334944248199463
0.19502519071102142 0.8566005229949951 -0.4777033030986786 0.006602087523788214 0.7079751491546631 -0.460023432970047 -0.5358630418777466 0.7263591885566711 -0.6787754893302917 -0.233695387840271 -0.6961679458618164 -3.3349721431732178
0.19514548778533936 0.8566606640815735 -0.477546364068985 0.006561079062521458 0.708087682723999 -0.45996367931365967 -0.5357655882835388 0.726382315158844 -0.6786234974861145 -0.23359256982803345 -0.696350634098053 -3.3349690437316895
0.19514264166355133 0.8566590547561646 -0.47755035758018494 0.00656455522403121 0.7080698609352112 -0.45997050404548645 -0.5357833504676819 0.7263986468315125 -0.6786429286003113 -0.2335849404335022 -0.6963342428207397 -3.3350253105163574
0.19546063244342804 0.856671929359436 -0.47739726305007935 0.006466445978730917 0.7082089185714722 -0.46003100275993347 -0.5355474948883057 0.726457953453064 -0.6784062385559082 -0.23341865837574005 -0.696620523929596 -3.334850549697876
0.19543492794036865 0.8566979169845581 -0.4773610830307007 0.006425731349736452 0.708210825920105 -0.4599912464618683 -0.5355791449546814 0.7265182137489319 -0.678411602973938 -0.23340155184268951 -0.6966210603713989 -3.334855556488037
0.19553682208061218 0.8567255139350891 -0.47726985812187195 0.006445327773690224 0.7083255052566528 -0.4599601626396179 -0.5354541540145874 0.726564884185791 -0.6782625317573547 -0.23336152732372284 -0.6967796087265015 -3.3348443508148193
0.19561176002025604 0.856733500957489 -0.47722476720809937 0.006520794238895178 0.7084224820137024 -0.45994675159454346 -0.5353373885154724 0.7264885306358337 -0.6781396865844727 -0.23335857689380646 -0.6969001889228821 -3.3349921703338623
0.19551020860671997 0.8567834496498108 -0.4771767556667328 0.006554433144629002 0.7084731459617615 -0.45983409881591797 -0.5353671312332153 0.726544976234436 -0.678115963935852 -0.23339731991291046 -0.6969102621078491 -3.3350489139556885
0.1955595761537552 0.8568339347839355 -0.4770658016204834 0.006538479123264551 0.7085428833961487 -0.4597724974155426 -0.5353277325630188 0.7264946699142456 -0.6780288815498352 -0.23333323001861572 -0.6970164179801941 -3.3350830078125
0.19571644067764282 0.856880247592926 -0.4769183397293091 0.0064922203309834 0.7086646556854248 -0.45973923802375793 -0.5351951122283936 0.7264230847358704 -0.6778563857078552 -0.23322880268096924 -0.6972191333770752 -3.3350133895874023
0.195687934756279 0.8568750023841858 -0.4769394099712372 0.006484074052423239 0.708659827709198 -0.4597357213497162 -0.5352045297622681 0.7264333963394165 -0.6778696179389954 -0.23325484991073608 -0.6971975564956665 -3.335045337677002
0.19579896330833435 0.8568406701087952 -0.4769555330276489 0.006537755485624075 0.708789587020874 -0.4597724676132202 -0.5350010395050049 0.7264829874038696 -0.6777018904685974 -0.2333085834980011 -0.6973426342010498 -3.3350274562835693
0.19577251374721527 0.8568174839019775 -0.47700804471969604 0.006565203424543142 0.7088346481323242 -0.4597727358341217 -0.5349411368370056 0.7264881730079651 -0.6776623725891113 -0.23339317739009857 -0.6973527073860168 -3.335078001022339
0.19578075408935547 0.8567215204238892 -0.4771769940853119 0.006480400916188955 0.7086254954338074 -0.4599555730819702 -0.5350610613822937 0.7263885736465454 -0.6778786778450012 -0.23338526487350464 -0.6971451044082642 -3.334859848022461
0.19547626376152039 0.8566707372665405 -0.4773929715156555 0.006482037715613842 0.7084311246871948 -0.4599618911743164 -0.5353129506111145 0.7264548540115356 -0.6781696677207947 -0.23355917632579803 -0.6968037486076355 -3.334805488586426
0.19549934566020966 0.8566550016403198 -0.477411687374115 0.006478304509073496 0.7084161043167114 -0.4599935710430145 -0.5353055596351624 0.7264885902404785 -0.6781787276268005 -0.23355437815189362 -0.6967965960502625 -3.3348145484924316
0.19506092369556427 0.8565475940704346 -0.4777836799621582 0.006417413242161274 0.7082033157348633 -0.46001800894737244 -0.5355661511421204 0.7264164090156555 -0.6785271167755127 -0.2339000552892685 -0.6963412761688232 -3.3345999717712402
0.19508574903011322 0.8565214276313782 -0.4778204560279846 0.0064195143058896065 0.7081890106201172 -0.46006184816360474 -0.5355473756790161 0.7264211177825928 -0.6785349249839783 -0.23390965163707733 -0.6963304877281189 -3.3345963954925537
0.19534362852573395 0.8564893007278442 -0.47777265310287476 0.0064739505760371685 0.7081548571586609 -0.4602092206478119 -0.5354658961296082 0.7265176177024841 -0.6784963607788086 -0.2337372899055481 -0.6964259147644043 -3.334691047668457
0.19528824090957642 0.8565650582313538 -0.4776594340801239 0.006486819125711918 0.7082673907279968 -0.4600641131401062 -0.5354416966438293 0.7264933586120605 -0.6783948540687561 -0.2337452620267868 -0.6965221762657166 -3.3347103595733643
0.19554471969604492 0.8565093278884888 -0.47765442728996277 0.006477501709014177 0.7081956267356873 -0.4602503180503845 -0.5353766679763794 0.7265011072158813 -0.6783958673477173 -0.23358280956745148 -0.6965755820274353 -3.33476185798645
0.19553041458129883 0.8565334677696228 -0.4776169955730438 0.006521396804600954 0.708202064037323 -0.4602155387401581 -0.5353980660438538 0.7265110015869141 -0.6783933043479919 -0.23356282711029053 -0.6965848207473755 -3.3348381519317627
0.19562359154224396 0.8566634058952332 -0.477345734834671 0.006538047455251217 0.7083223462104797 -0.4600643813610077 -0.535368800163269 0.7265587449073792 -0.6782408356666565 -0.23338399827480316 -0.6967931985855103 -3.334989309310913
0.19521166384220123 0.8565968871116638 -0.4776337146759033 0.006474424619227648 0.7081189751625061 -0.4600500166416168 -0.5356501340866089 0.7264729142189026 -0.6785717606544495 -0.23365648090839386 -0.696379542350769 -3.3349976539611816
0.19533203542232513 0.8566141128540039 -0.4775536060333252 0.006501564756035805 0.7081084251403809 -0.4600807726383209 -0.535637617111206 0.7264264225959778 -0.6785481572151184 -0.23353266716003418 -0.6964440941810608 -3.3349833488464355
0.1951945424079895 0.8564726114273071 -0.47786349058151245 0.006470069754868746 0.7080380320549011 -0.4602105915546417 -0.5356191992759705 0.7263572216033936 -0.6786611676216125 -0.23379570245742798 -0.6962457299232483 -3.334810495376587
0.19517232477664948 0.8564771413803101 -0.47786444425582886 0.006487424951046705 0.7080279588699341 -0.4602004289627075 -0.5356412529945374 0.7263498902320862 -0.6786780953407288 -0.23379915952682495 -0.69622802734375 -3.334879159927368
0.1952630579471588 0.8565092086791992 -0.4777699112892151 0.0065970649011433125 0.7080378532409668 -0.4601961076259613 -0.5356318950653076 0.7265118360519409 -0.678641676902771 -0.23369017243385315 -0.6963001489639282 -3.3349850177764893
0.19520710408687592 0.8565327525138855 -0.4777505099773407 0.006589554715901613 0.7080334424972534 -0.4601495862007141 -0.5356776714324951 0.7265679240226746 -0.6786623597145081 -0.2336953580379486 -0.6962782144546509 -3.3350234031677246
0.19539113342761993 0.8566256761550903 -0.47750866413116455 0.006563393399119377 0.7082777619361877 -0.4600323736667633 -0.5354553461074829 0.7265485525131226 -0.6783543825149536 -0.2335856556892395 -0.6966150403022766 -3.335087537765503
0.19538012146949768 0.8566296100616455 -0.4775060713291168 0.0065650478936731815 0.7082806825637817 -0.4600226581096649 -0.5354598164558411 0.726565420627594 -0.6783545017242432 -0.233590230345726 -0.6966134309768677 -3.335117816925049
0.19549183547496796 0.8567290902137756 -0.4772818088531494 0.006583021488040686 0.7084683179855347 -0.45988962054252625 -0.535325825214386 0.726530134677887 -0.678126335144043 -0.2334873229265213 -0.6968700289726257 -3.335110902786255
0.1955040842294693 0.8568385243415833 -0.4770803153514862 0.0066039846278727055 0.7086583971977234 -0.4597061276435852 -0.5352318286895752 0.7264680862426758 -0.6779241561889648 -0.2334470897912979 -0.6970801949501038 -3.3351166248321533
0.19548797607421875 0.8568350076675415 -0.47709330916404724 0.006533283740282059 0.7086359262466431 -0.45971164107322693 -0.5352568626403809 0.7265738248825073 -0.6779522895812988 -0.2334492951631546 -0.6970520615577698 -3.335076332092285
0.1951054483652115 0.8566988706588745 -0.4774942100048065 0.006386301480233669 0.7082589268684387 -0.4598464071750641 -0.5356398820877075 0.7264552116394043 -0.6784562468528748 -0.23368339240550995 -0.6964830756187439 -3.334791421890259
0.19483672082424164 0.8564963340759277 -0.47796696424484253 0.006388578563928604 0.7079347372055054 -0.4600813686847687 -0.5358666777610779 0.7264339327812195 -0.6788716912269592 -0.2339630424976349 -0.6959841847419739 -3.3346941471099854
0.1949164718389511 0.8564270734786987 -0.4780585467815399 0.006438117008656263 0.7078905701637268 -0.4602050483226776 -0.5358188152313232 0.7263859510421753 -0.6788948774337769 -0.23397336900234222 -0.695958137512207 -3.3347792625427246
0.19503122568130493 0.8564561605453491 -0.47795963287353516 0.006450540851801634 0.7078236937522888 -0.46023979783058167 -0.5358773469924927 0.7263906002044678 -0.6789316534996033 -0.23379844427108765 -0.6959810256958008 -3.334801197052002
0.1950291246175766 0.8564309477806091 -0.4780057370662689 0.006465195678174496 0.7078281044960022 -0.46026578545570374 -0.5358492136001587 0.7263714075088501 -0.6789276599884033 -0.23383980989456177 -0.6959710121154785 -3.3348658084869385
0.19505202770233154 0.85654217004776 -0.4777969717979431 0.006548753939568996 0.707956850528717 -0.4601055085659027 -0.5358167290687561 0.7264902591705322 -0.6787868142127991 -0.23374761641025543 -0.6961393356323242 -3.33497953414917
0.19523634016513824 0.8565923571586609 -0.47763171792030334 0.006576684303581715 0.7080205082893372 -0.4600985050201416 -0.5357386469841003 0.7264690399169922 -0.6786674857139587 -0.23357748985290527 -0.6963127851486206 -3.3350419998168945
0.1952003538608551 0.8565947413444519 -0.4776421785354614 0.006580769550055265 0.7080307006835938 -0.4600784480571747 -0.5357424020767212 0.7264967560768127 -0.6786671876907349 -0.23360833525657654 -0.6963027715682983 -3.335103750228882
0.19518713653087616 0.8565310835838318 -0.47776171565055847 0.006483589299023151 0.707955002784729 -0.46017080545425415 -0.535763144493103 0.7264410257339478 -0.6787499189376831 -0.23365984857082367 -0.6962047815322876 -3.3349685668945312
0.19513826072216034 0.8565692901611328 -0.47771313786506653 0.006535506807267666 0.708012580871582 -0.46008920669555664 -0.5357570648193359 0.7264629602432251 -0.6787039041519165 -0.2336803376674652 -0.6962428092956543 -3.3349857330322266
0.19512522220611572 0.8566046357154846 -0.47765517234802246 0.006541826296597719 0.7080123424530029 -0.4600446820259094 -0.5357956886291504 0.7264872193336487 -0.6787078976631165 -0.23363861441612244 -0.6962528824806213 -3.3350508213043213
0.19527465105056763 0.8565980195999146 -0.477605938911438 0.006577638443559408 0.7080360651016235 -0.4601016342639923 -0.5357154011726379 0.7265098690986633 -0.6786401867866516 -0.23355069756507874 -0.6963483691215515 -3.3350019454956055
0.19522176682949066 0.8565452098846436 -0.4777221977710724 0.00654736440628767 0.7081103324890137 -0.46011480689048767 -0.5356058478355408 0.7265641093254089 -0.6785778999328613 -0.23371821641921997 -0.6963528990745544 -3.334984302520752
0.19546374678611755 0.8565579652786255 -0.47760042548179626 0.006571162026375532 0.7080535292625427 -0.46021348237991333 -0.5355961918830872 0.7265702486038208 -0.6785674691200256 -0.2334771603345871 -0.6964438557624817 -3.3349947929382324
0.1951829195022583 0.8564966320991516 -0.4778251349925995 0.00647954735904932 0.7079299688339233 -0.46021637320518494 -0.5357570052146912 0.726597785949707 -0.6787772178649902 -0.23369623720645905 -0.6961659789085388 -3.334836721420288
0.1951531022787094 0.8564792275428772 -0.4778684973716736 0.006549231242388487 0.7079049944877625 -0.4602329730987549 -0.5357757806777954 0.726570725440979 -0.6788119077682495 -0.23372729122638702 -0.6961217522621155 -3.334958553314209
0.1953488439321518 0.8564852476119995 -0.47777774930000305 0.006585800088942051 0.7079163193702698 -0.46029791235923767 -0.5357050895690918 0.7266475558280945 -0.6787437796592712 -0.2335774004459381 -0.6962384581565857 -3.3350772857666016
0.19539983570575714 0.8565506339073181 -0.47763973474502563 0.00654605682939291 0.7079491019248962 -0.46023300290107727 -0.5357174873352051 0.726646363735199 -0.6786949038505554 -0.23346562683582306 -0.696323573589325 -3.3350706100463867
0.19536471366882324 0.8565053343772888 -0.4777352511882782 0.006576259154826403 0.7079340219497681 -0.4602753818035126 -0.5357009768486023 0.7266718745231628 -0.6787207126617432 -0.23354807496070862 -0.696270763874054 -3.3351523876190186
0.19529405236244202 0.8565919399261475 -0.4776088297367096 0.006562122609466314 0.7079939246177673 -0.46013036370277405 -0.5357463955879211 0.7266771793365479 -0.678678572177887 -0.2335161715745926 -0.6963225603103638 -3.335162401199341
0.1952364444732666 0.85648512840271 -0.4778239130973816 0.006503120064735413 0.7079263925552368 -0.46025118231773376 -0.535731852054596 0.7266207337379456 -0.678765594959259 -0.23366990685462952 -0.6961861252784729 -3.3349990844726562
0.19524486362934113 0.8566049933433533 -0.4776056110858917 0.006574882194399834 0.7079557776451111 -0.4601099193096161 -0.5358143448829651 0.7265706062316895 -0.6787325143814087 -0.23350878059864044 -0.6962724328041077 -3.3350889682769775
0.1951359212398529 0.8567103147506714 -0.47746115922927856 0.00654199905693531 0.708260715007782 -0.459844708442688 -0.5356390476226807 0.7265068888664246 -0.6784456372261047 -0.23364467918872833 -0.6965063810348511 -3.3350696563720703
0.19492638111114502 0.8566902875900269 -0.4775826930999756 0.006500349845737219 0.7082499265670776 -0.459789901971817 -0.5357003211975098 0.7263937592506409 -0.6785171031951904 -0.2338259220123291 -0.6963759660720825 -3.334961175918579
0.1949518918991089 0.8565786480903625 -0.47777244448661804 0.0065194605849683285 0.7082728147506714 -0.4599170386791229 -0.5355608463287354 0.7264541387557983 -0.6784858703613281 -0.23398475348949432 -0.696353018283844 -3.3349130153656006
0.19468048214912415 0.8565375208854675 -0.4779568016529083 0.006499991752207279 0.7081721425056458 -0.4598929286003113 -0.5357147455215454 0.7263909578323364 -0.6786689162254333 -0.23418261110782623 -0.6961081027984619 -3.3348333835601807
0.19468311965465546 0.8565824627876282 -0.4778752028942108 0.0064887432381510735 0.7080154418945312 -0.45989760756492615 -0.5359177589416504 0.7264251708984375 -0.6788316369056702 -0.2340089976787567 -0.6960078477859497 -3.334871768951416
0.1946573108434677 0.8565148115158081 -0.4780069589614868 0.006504900753498077 0.7080750465393066 -0.45994293689727783 -0.5358001589775085 0.7264651656150818 -0.6787768602371216 -0.23416750133037567 -0.6960079073905945 -3.3348891735076904
0.1946171671152115 0.8565322160720825 -0.47799211740493774 0.006590616889297962 0.7080627083778381 -0.45991215109825134 -0.5358428955078125 0.7265157103538513 -0.6788012385368347 -0.2341642677783966 -0.6959852576255798 -3.3349406719207764
0.19468608498573303 0.8564863801002502 -0.4780462086200714 0.006595567334443331 0.7080278992652893 -0.46000221371650696 -0.5358115434646606 0.7265303730964661 -0.6788177490234375 -0.23415513336658478 -0.695972204208374 -3.33502197265625
0.19422324001789093 0.8564251661300659 -0.47834402322769165 0.006424915045499802 0.7078335881233215 -0.45995885133743286 -0.5361054539680481 0.7263264060020447 -0.6791529655456543 -0.23446393013000488 -0.6955410838127136 -3.334786891937256
0.19446277618408203 0.8563762307167053 -0.47833430767059326 0.006457166746258736 0.7077073454856873 -0.460149884223938 -0.536108136177063 0.7264649868011475 -0.6792159676551819 -0.23426774144172668 -0.6955456733703613 -3.3348090648651123
0.19450750946998596 0.8563126921653748 -0.478429913520813 0.006503863725811243 0.7077583074569702 -0.4602208137512207 -0.5359799861907959 0.7264804840087891 -0.6791500449180603 -0.2343607246875763 -0.6955787539482117 -3.334839105606079
0.19444085657596588 0.8562718629837036 -0.47853004932403564 0.006403439678251743 0.707667350769043 -0.4602721631526947 -0.5360559821128845 0.7263982892036438 -0.6792638897895813 -0.23440901935100555 -0.6954512596130371 -3.334707736968994
0.19413113594055176 0.8563746213912964 -0.47847193479537964 0.006571408361196518 0.7077405452728271 -0.4600119888782501 -0.5361826419830322 0.7265015244483948 -0.6792762279510498 -0.23454435169696808 -0.6953936219215393 -3.3349077701568604
0.19412106275558472 0.8563729524612427 -0.4784789979457855 0.006526691373437643 0.7077362537384033 -0.46001145243644714 -0.5361887812614441 0.7265926599502563 -0.6792835593223572 -0.23455151915550232 -0.6953839659690857 -3.3349239826202393
0.19417423009872437 0.8563030958175659 -0.4785824120044708 0.00655293557792902 0.7077817320823669 -0.4600945711135864 -0.5360574722290039 0.7266537547111511 -0.6792210340499878 -0.23464344441890717 -0.6954140663146973 -3.334920644760132
