# 3x4 first row second row third row Freq: 100 current Time: 2021-04-08-11:52:47
-0.0076466831378638744 0.2748224437236786 -0.9614645838737488 0.03884506970643997 -0.9911408424377441 -0.1295757293701172 -0.029154878109693527 -0.6255701780319214 -0.13259486854076385 0.9527238607406616 0.27337855100631714 -2.1378731727600098
-0.007640752475708723 0.2748323380947113 -0.9614618420600891 0.03884444013237953 -0.9911357760429382 -0.12961027026176453 -0.029172327369451523 -0.6255652904510498 -0.1326328068971634 0.9527163505554199 0.27338647842407227 -2.1378018856048584
-0.007621816825121641 0.2748119533061981 -0.9614678025245667 0.0388331264257431 -0.9911368489265442 -0.12959903478622437 -0.029185699298977852 -0.6255432367324829 -0.13262586295604706 0.9527237415313721 0.27336403727531433 -2.1377933025360107
-0.007575091440230608 0.2748337388038635 -0.9614619612693787 0.038803596049547195 -0.9911373257637024 -0.12958495318889618 -0.029232950881123543 -0.6255249381065369 -0.13262519240379333 0.9527193903923035 0.2733795642852783 -2.1378519535064697
-0.0075563471764326096 0.27485379576683044 -0.9614563584327698 0.03882070630788803 -0.9911383390426636 -0.12957307696342468 -0.029251744970679283 -0.6255534291267395 -0.13261879980564117 0.9527152180671692 0.27339720726013184 -2.1378633975982666
-0.0075524477288126945 0.27485278248786926 -0.9614566564559937 0.038813985884189606 -0.9911381006240845 -0.12957409024238586 -0.029255906119942665 -0.6255518198013306 -0.1326209157705307 0.9527153372764587 0.2733956277370453 -2.1378724575042725
-0.007525808643549681 0.2748588025569916 -0.9614551663398743 0.038810137659311295 -0.9911364316940308 -0.12957985699176788 -0.029285887256264687 -0.6255499124526978 -0.13263468444347382 0.9527128338813782 0.2733977437019348 -2.1378633975982666
-0.007542592007666826 0.2748093605041504 -0.9614691734313965 0.03881390392780304 -0.9911350607872009 -0.12959501147270203 -0.029265841469168663 -0.6255597472190857 -0.13264411687850952 0.9527249932289124 0.27335065603256226 -2.1378822326660156
-0.007554476615041494 0.27474522590637207 -0.9614874124526978 0.038806039839982986 -0.9911364316940308 -0.1295897513628006 -0.029242878779768944 -0.6255571842193604 -0.132633239030838 0.9527442455291748 0.2732889652252197 -2.137874126434326
-0.007549810688942671 0.2747201919555664 -0.9614945650100708 0.03881276771426201 -0.9911395907402039 -0.12956677377223969 -0.029237503185868263 -0.625566840171814 -0.13260985910892487 0.952754557132721 0.2732642590999603 -2.1378908157348633
-0.007545719854533672 0.27477961778640747 -0.9614776372909546 0.038813427090644836 -0.9911373257637024 -0.12958021461963654 -0.029254106804728508 -0.6255408525466919 -0.13262690603733063 0.9527356028556824 0.27332210540771484 -2.137885570526123
-0.007543938234448433 0.2747263014316559 -0.9614928960800171 0.03881955146789551 -0.9911420941352844 -0.1295471042394638 -0.02923879213631153 -0.6255428194999695 -0.13259127736091614 0.9527555108070374 0.2732700705528259 -2.137892484664917
-0.007569332141429186 0.2747568190097809 -0.9614839553833008 0.038843438029289246 -0.9911444783210754 -0.12953446805477142 -0.02921336703002453 -0.6255216598510742 -0.13257186114788055 0.9527484178543091 0.27330419421195984 -2.1378870010375977
-0.007579169701784849 0.27477362751960754 -0.9614790678024292 0.038848258554935455 -0.991144597530365 -0.1295352578163147 -0.029205866158008575 -0.6255123615264893 -0.13257043063640594 0.9527434706687927 0.2733221650123596 -2.137888193130493
-0.007554401643574238 0.27486279606819153 -0.9614537954330444 0.0388597771525383 -0.991144597530365 -0.12952743470668793 -0.02924194373190403 -0.6255344152450562 -0.13257214426994324 0.9527187943458557 0.2734072804450989 -2.137882947921753
-0.007556031923741102 0.2748398780822754 -0.9614603519439697 0.03887264057993889 -0.9911469221115112 -0.12951165437698364 -0.02923244796693325 -0.6255480647087097 -0.1325545459985733 0.9527275562286377 0.27338528633117676 -2.1379246711730957
-0.007579070050269365 0.2748417854309082 -0.9614595770835876 0.03888994827866554 -0.9911508560180664 -0.1294882744550705 -0.029202263802289963 -0.6255626678466797 -0.13252373039722443 0.9527301788330078 0.27339106798171997 -2.137934684753418
-0.007506680674850941 0.274840772151947 -0.9614604711532593 0.038846828043460846 -0.9911432266235352 -0.1295275241136551 -0.029288005083799362 -0.6255941390991211 -0.13258512318134308 0.9527251720428467 0.273378849029541 -2.1379013061523438
-0.007508926093578339 0.27479714155197144 -0.9614729285240173 0.038828879594802856 -0.9911503195762634 -0.12947829067707062 -0.029265303164720535 -0.6255695223808289 -0.13253188133239746 0.9527444243431091 0.2733375132083893 -2.1378841400146484
-0.00751105323433876 0.27481809258461 -0.961466908454895 0.03884813189506531 -0.9911482930183411 -0.12949270009994507 -0.029270252212882042 -0.625562310218811 -0.13254693150520325 0.9527364373207092 0.2733581066131592 -2.137897491455078
-0.007552077062427998 0.27481186389923096 -0.9614683985710144 0.03886139765381813 -0.991146445274353 -0.12951523065567017 -0.029233530163764954 -0.6255716681480408 -0.13255850970745087 0.9527351260185242 0.2733568847179413 -2.1379096508026123
-0.007509395945817232 0.27485573291778564 -0.9614561796188354 0.03886036574840546 -0.9911380410194397 -0.1295648217201233 -0.029298054054379463 -0.6255746483802795 -0.1326236128807068 0.9527157545089722 0.273392915725708 -2.137887716293335
-0.007498855236917734 0.27483826875686646 -0.9614612460136414 0.0388643816113472 -0.9911418557167053 -0.12953545153141022 -0.02929798886179924 -0.6255707144737244 -0.1325955092906952 0.9527247548103333 0.27337509393692017 -2.137888193130493
-0.007495431695133448 0.27485525608062744 -0.9614564180374146 0.038820404559373856 -0.9911422729492188 -0.12953145802021027 -0.0293028075248003 -0.6255210041999817 -0.13259287178516388 0.9527204036712646 0.2733915448188782 -2.1379406452178955
-0.007464605383574963 0.2748839557170868 -0.9614484310150146 0.03879305720329285 -0.991138219833374 -0.12955285608768463 -0.029344841837882996 -0.6255367398262024 -0.1326248049736023 0.9527092576026917 0.2734150290489197 -2.137906312942505
-0.007471215445548296 0.27486109733581543 -0.9614549279212952 0.03877807408571243 -0.9911379218101501 -0.12955719232559204 -0.029335992410779 -0.6255256533622742 -0.1326267123222351 0.952715277671814 0.2733931839466095 -2.1379120349884033
-0.00745913852006197 0.27487823367118835 -0.9614500999450684 0.03879202529788017 -0.9911311268806458 -0.12960287928581238 -0.02936401218175888 -0.6255205869674683 -0.13267821073532104 0.9527040719985962 0.27340707182884216 -2.137864351272583
-0.007506371475756168 0.27486151456832886 -0.9614545106887817 0.038762908428907394 -0.9911389946937561 -0.12955720722675323 -0.029299817979335785 -0.6254826188087463 -0.13261674344539642 0.9527150988578796 0.2733984589576721 -2.1378421783447266
-0.007514361757785082 0.2748779058456421 -0.9614498019218445 0.0387711301445961 -0.9911332726478577 -0.12959934771060944 -0.029306022450327873 -0.6254881620407104 -0.13265882432460785 0.952704668045044 0.2734144628047943 -2.137820243835449
-0.007458931766450405 0.27487024664878845 -0.9614524245262146 0.03876848891377449 -0.9911428093910217 -0.12951895594596863 -0.02933899685740471 -0.6254837512969971 -0.13259071111679077 0.9527177810668945 0.27340173721313477 -2.1378331184387207
-0.0074833473190665245 0.2748706638813019 -0.9614521265029907 0.03880429267883301 -0.9911423921585083 -0.12952733039855957 -0.029316293075680733 -0.6255108118057251 -0.13259249925613403 0.9527165293693542 0.2734052538871765 -2.137831449508667
-0.007516090292483568 0.2748315632343292 -0.9614630341529846 0.03880378603935242 -0.9911476969718933 -0.1294974386692047 -0.029268352314829826 -0.62552809715271 -0.13255086541175842 0.9527319073677063 0.27337196469306946 -2.1378703117370605
-0.007513230666518211 0.27483826875686646 -0.9614611268043518 0.03879860043525696 -0.9911409020423889 -0.12954558432102203 -0.02928607538342476 -0.6255297660827637 -0.13260197639465332 0.9527233839035034 0.2733767330646515 -2.137882947921753
-0.007504249457269907 0.2748171389102936 -0.9614672660827637 0.03881356865167618 -0.9911444783210754 -0.12951864302158356 -0.02928457222878933 -0.6255190968513489 -0.13257582485675812 0.9527331590652466 0.2733554244041443 -2.1378731727600098
-0.007550578564405441 0.27481427788734436 -0.9614676833152771 0.03880683332681656 -0.9911502599716187 -0.1294872909784317 -0.029227405786514282 -0.6255048513412476 -0.13252992928028107 0.9527382254600525 0.27335992455482483 -2.137894630432129
-0.007591198664158583 0.2747863531112671 -0.9614753723144531 0.03883112594485283 -0.9911540150642395 -0.1294701248407364 -0.029176604002714157 -0.6255068778991699 -0.13249966502189636 0.9527486562728882 0.2733384072780609 -2.137878656387329
-0.007565716281533241 0.27482253313064575 -0.9614652395248413 0.03879261389374733 -0.9911462664604187 -0.12951891124248505 -0.02922205999493599 -0.6255180239677429 -0.13255879282951355 0.9527315497398376 0.2733692228794098 -2.137836456298828
-0.0075185769237577915 0.2748638391494751 -0.9614537954330444 0.03878864273428917 -0.991142749786377 -0.12953253090381622 -0.029280487447977066 -0.6255634427070618 -0.13258767127990723 0.9527177810668945 0.27340319752693176 -2.1378371715545654
-0.0075050098821520805 0.2748684585094452 -0.9614525437355042 0.038782570511102676 -0.9911457896232605 -0.12950757145881653 -0.029287971556186676 -0.6255645155906677 -0.1325657218694687 0.9527198672294617 0.27340665459632874 -2.1378419399261475
-0.007520220708101988 0.2748323380947113 -0.9614627957344055 0.03876780346035957 -0.9911418557167053 -0.12954051792621613 -0.029276562854647636 -0.6255627870559692 -0.1325945109128952 0.9527258276939392 0.27337196469306946 -2.1378490924835205
-0.007539161015301943 0.27486419677734375 -0.9614534974098206 0.038853392004966736 -0.9911441802978516 -0.12952706217765808 -0.029257748275995255 -0.625559389591217 -0.1325761377811432 0.9527184367179871 0.2734065353870392 -2.1379406452178955
-0.007475670892745256 0.27486956119537354 -0.9614524841308594 0.03883812204003334 -0.9911336302757263 -0.1295887678861618 -0.0293416790664196 -0.6255253553390503 -0.13265857100486755 0.9527084827423096 0.2734012305736542 -2.1378579139709473
-0.007472441531717777 0.2747989296913147 -0.9614726901054382 0.038862694054841995 -0.9911408424377441 -0.12953811883926392 -0.029320335015654564 -0.6255521178245544 -0.13260453939437866 0.9527357816696167 0.2733323872089386 -2.1378939151763916
-0.007463444955646992 0.2747965455055237 -0.9614734649658203 0.03882936015725136 -0.9911353588104248 -0.12957586348056793 -0.029340095818042755 -0.6255308985710144 -0.13264629244804382 0.9527313113212585 0.27332761883735657 -2.137885093688965
-0.007506265304982662 0.2747719883918762 -0.9614801406860352 0.03883320093154907 -0.9911389350891113 -0.1295602023601532 -0.02928793616592884 -0.625503659248352 -0.1326170414686203 0.9527405500411987 0.27330970764160156 -2.1378724575042725
-0.0075214640237390995 0.2748181223869324 -0.9614668488502502 0.03882506862282753 -0.9911327362060547 -0.129606693983078 -0.029292231425642967 -0.6255066990852356 -0.1326625496149063 0.9527208805084229 0.27335605025291443 -2.137845516204834
-0.007491099648177624 0.27478548884391785 -0.9614763855934143 0.03880935162305832 -0.9911366105079651 -0.12957337498664856 -0.029309285804629326 -0.6255113482475281 -0.13263548910617828 0.9527348875999451 0.2733205556869507 -2.1378917694091797
-0.007521728985011578 0.27480846643447876 -0.9614695906639099 0.038824453949928284 -0.9911366701126099 -0.12957870960235596 -0.029282541945576668 -0.6255242228507996 -0.13263307511806488 0.9527274966239929 0.2733473777770996 -2.1378896236419678
-0.007502471096813679 0.2747618556022644 -0.9614830613136292 0.03882758691906929 -0.9911374449729919 -0.12957048416137695 -0.029293347150087357 -0.6255103349685669 -0.13262850046157837 0.9527420401573181 0.27329885959625244 -2.1378984451293945
-0.007499600760638714 0.27476227283477783 -0.9614829421043396 0.03883180022239685 -0.991131603717804 -0.1296118050813675 -0.029308214783668518 -0.6255232095718384 -0.13267230987548828 0.9527363181114197 0.27329757809638977 -2.1378796100616455
-0.007510488387197256 0.27475878596305847 -0.961483895778656 0.03882573917508125 -0.9911330938339233 -0.12960337102413177 -0.029294071719050407 -0.6255202293395996 -0.13266034424304962 0.9527384638786316 0.27329587936401367 -2.1378862857818604
-0.00750451534986496 0.27475783228874207 -0.9614841938018799 0.03878830000758171 -0.991134762763977 -0.12959015369415283 -0.029296305030584335 -0.6255218982696533 -0.1326482594013214 0.9527405500411987 0.2732945382595062 -2.1378581523895264
-0.007487666327506304 0.27477967739105225 -0.961478054523468 0.03877899423241615 -0.991138219833374 -0.12956087291240692 -0.02930840663611889 -0.6255204677581787 -0.13262328505516052 0.9527382254600525 0.2733147442340851 -2.1378612518310547
-0.007503227796405554 0.2748091220855713 -0.9614695310592651 0.03879625350236893 -0.9911372065544128 -0.12957091629505157 -0.029299473389983177 -0.6255277991294861 -0.13263024389743805 0.9527283906936646 0.2733457386493683 -2.137863874435425
-0.007501719985157251 0.27481794357299805 -0.9614670276641846 0.03880681097507477 -0.9911394715309143 -0.12955419719219208 -0.029297495260834694 -0.6255820989608765 -0.13261355459690094 0.9527280926704407 0.27335476875305176 -2.137873411178589
-0.007440786808729172 0.27477338910102844 -0.9614802598953247 0.03879304230213165 -0.9911407232284546 -0.12953318655490875 -0.029347889125347137 -0.6255670785903931 -0.1326076090335846 0.9527438282966614 0.27330291271209717 -2.1378161907196045
-0.007481786888092756 0.274759441614151 -0.961483895778656 0.03878598287701607 -0.9911442995071411 -0.1295165717601776 -0.029298853129148483 -0.6255480051040649 -0.13257822394371033 0.9527500867843628 0.27329525351524353 -2.1377832889556885
-0.007440599147230387 0.2747841775417328 -0.9614771604537964 0.03880264610052109 -0.991144061088562 -0.12950874865055084 -0.029342617839574814 -0.6255151033401489 -0.13258257508277893 0.9527440071105957 0.27331429719924927 -2.13779354095459
-0.007410184945911169 0.2747464179992676 -0.9614881873130798 0.03881463780999184 -0.9911532998085022 -0.1294366717338562 -0.02934788353741169 -0.6255073547363281 -0.1325150430202484 0.9527646899223328 0.2732749581336975 -2.1377806663513184
-0.007399777416139841 0.27481144666671753 -0.9614696502685547 0.03883221745491028 -0.9911444783210754 -0.12949593365192413 -0.02938493713736534 -0.6254990100860596 -0.1325817108154297 0.9527378678321838 0.2733360826969147 -2.1377763748168945
-0.007432025857269764 0.2748175859451294 -0.9614676833152771 0.038823820650577545 -0.9911443591117859 -0.12950368225574493 -0.029354795813560486 -0.6255025863647461 -0.13258080184459686 0.9527350664138794 0.2733463644981384 -2.137801170349121
-0.007439174689352512 0.27485814690589905 -0.9614560008049011 0.03881318122148514 -0.9911432862281799 -0.12951186299324036 -0.029355593025684357 -0.6254895925521851 -0.13258856534957886 0.9527222514152527 0.27338725328445435 -2.137810230255127
-0.0074154348112642765 0.27485164999961853 -0.9614580869674683 0.03880329802632332 -0.9911510944366455 -0.12945036590099335 -0.029361486434936523 -0.6254966855049133 -0.13253113627433777 0.952732503414154 0.2733794152736664 -2.1378791332244873
-0.0074447086080908775 0.2748399078845978 -0.9614611864089966 0.038793597370386124 -0.9911500215530396 -0.12946492433547974 -0.029333798214793205 -0.6254836916923523 -0.1325375735759735 0.9527339339256287 0.2733713686466217 -2.1378891468048096
-0.007411913946270943 0.274823933839798 -0.9614660143852234 0.03882332518696785 -0.9911527633666992 -0.12943877279758453 -0.02935781702399254 -0.625514030456543 -0.1325192004442215 0.9527420401573181 0.27335184812545776 -2.1378889083862305
-0.007409415207803249 0.27482783794403076 -0.9614649415016174 0.03881533071398735 -0.9911588430404663 -0.12939436733722687 -0.029348213225603104 -0.6254932284355164 -0.13247384130954742 0.9527469873428345 0.27335676550865173 -2.1378819942474365
-0.007400671485811472 0.2748429477214813 -0.9614606499671936 0.03881458565592766 -0.9911565780639648 -0.12940816581249237 -0.029363352805376053 -0.6255170702934265 -0.13249117136001587 0.9527407288551331 0.27337008714675903 -2.1378705501556396
-0.007387071847915649 0.2748478353023529 -0.9614593982696533 0.03880370408296585 -0.9911620616912842 -0.1293657273054123 -0.029365891590714455 -0.6255452632904053 -0.13245102763175964 0.9527450799942017 0.2733743488788605 -2.137934923171997
-0.007371377665549517 0.2749316096305847 -0.9614355564117432 0.03882793337106705 -0.9911518096923828 -0.12943342328071594 -0.029413510113954544 -0.6255822777748108 -0.13252858817577362 0.9527117013931274 0.273453027009964 -2.1379165649414062
-0.007366919424384832 0.27489137649536133 -0.9614470601081848 0.03881651908159256 -0.9911568760871887 -0.12939724326133728 -0.029401956126093864 -0.6255617141723633 -0.13249093294143677 0.952728271484375 0.2734137177467346 -2.1378934383392334
-0.0073474557138979435 0.27495038509368896 -0.9614303708076477 0.03879910334944725 -0.991151750087738 -0.1294277310371399 -0.029439227655529976 -0.6255823373794556 -0.1325300633907318 0.952707052230835 0.2734684944152832 -2.1378705501556396
-0.007393385749310255 0.27491411566734314 -0.96144038438797 0.038803618401288986 -0.991151750087738 -0.1294390857219696 -0.029389936476945877 -0.6255478262901306 -0.1325276494026184 0.9527159929275513 0.27343857288360596 -2.1377995014190674
-0.007366552483290434 0.2749626338481903 -0.9614267349243164 0.03878028318285942 -0.9911443591117859 -0.1294848471879959 -0.02943769469857216 -0.6255479454994202 -0.13258443772792816 0.9526957869529724 0.27348148822784424 -2.1377830505371094
-0.0073414938524365425 0.274933785200119 -0.9614351391792297 0.03881032019853592 -0.9911410808563232 -0.12950356304645538 -0.029464764520525932 -0.6255416870117188 -0.13261012732982635 0.9527015686035156 0.2734489142894745 -2.13773250579834
-0.0073636118322610855 0.27496838569641113 -0.9614250659942627 0.038816940039396286 -0.9911361932754517 -0.12954281270503998 -0.029458193108439445 -0.6255507469177246 -0.13264577090740204 0.9526862502098083 0.273485004901886 -2.1377124786376953
-0.007369075436145067 0.2749559283256531 -0.9614285826683044 0.03883638605475426 -0.9911328554153442 -0.1295681893825531 -0.02945805713534355 -0.6255311369895935 -0.13267022371292114 0.9526863694190979 0.2734726369380951 -2.1376702785491943
-0.007301348261535168 0.2749924957752228 -0.9614186882972717 0.03878382220864296 -0.991131603717804 -0.12956133484840393 -0.02953115478157997 -0.6255171895027161 -0.13268351554870605 0.9526767730712891 0.2734996974468231 -2.1376190185546875
-0.0072812484577298164 0.2749566435813904 -0.9614290595054626 0.03878467530012131 -0.9911462068557739 -0.12945282459259033 -0.02951558120548725 -0.6255516409873962 -0.13257519900798798 0.9527018666267395 0.27346479892730713 -2.137655019760132
-0.007305483799427748 0.27493569254875183 -0.9614349007606506 0.038769982755184174 -0.9911460876464844 -0.12945973873138428 -0.029489576816558838 -0.625550389289856 -0.13257482647895813 0.9527069926261902 0.273447185754776 -2.137657642364502
-0.007320309057831764 0.2749001383781433 -0.9614449143409729 0.038752250373363495 -0.991151750087738 -0.12942340970039368 -0.029458770528435707 -0.6255413889884949 -0.13253168761730194 0.9527221918106079 0.27341514825820923 -2.1376352310180664
-0.007311474997550249 0.2749021649360657 -0.9614444375038147 0.03873198851943016 -0.9911506175994873 -0.12942951917648315 -0.029469918459653854 -0.625538170337677 -0.13254061341285706 0.9527207612991333 0.273415744304657 -2.1376230716705322
-0.007376573514193296 0.27487266063690186 -0.9614523649215698 0.03873928636312485 -0.9911578893661499 -0.12939254939556122 -0.02938797138631344 -0.625525712966919 -0.13248270750045776 0.9527342915534973 0.27339664101600647 -2.1376240253448486
-0.0073901875875890255 0.27487415075302124 -0.9614518284797668 0.0387197881937027 -0.9911554455757141 -0.1294131726026535 -0.029380064457654953 -0.6255174875259399 -0.13250033557415009 0.9527310729026794 0.27339935302734375 -2.137611150741577
-0.007445146795362234 0.2748841643333435 -0.9614485502243042 0.038750406354665756 -0.9911592602729797 -0.12939751148223877 -0.029320349916815758 -0.6254922151565552 -0.13246873021125793 0.9527302980422974 0.2734173536300659 -2.1376614570617676
-0.007426904980093241 0.27489522099494934 -0.9614455103874207 0.038733746856451035 -0.9911601543426514 -0.1293865144252777 -0.02933758869767189 -0.6254839301109314 -0.13246282935142517 0.9527285695075989 0.2734261155128479 -2.137652635574341
-0.007551855407655239 0.2749062776565552 -0.9614413976669312 0.03877750039100647 -0.9911691546440125 -0.12934869527816772 -0.029199501499533653 -0.6254974603652954 -0.13238829374313354 0.9527305364608765 0.2734554409980774 -2.1376852989196777
-0.007531615439802408 0.27490320801734924 -0.9614424109458923 0.038782574236392975 -0.9911654591560364 -0.12937094271183014 -0.029226314276456833 -0.6255090236663818 -0.13241711258888245 0.9527283906936646 0.2734489142894745 -2.1377322673797607
-0.007507143542170525 0.2749101221561432 -0.9614406228065491 0.03877019137144089 -0.9911662340164185 -0.12936002016067505 -0.029249398037791252 -0.6255056858062744 -0.13241292536258698 0.9527279138565063 0.2734527289867401 -2.137730598449707
-0.007562937680631876 0.27490776777267456 -0.9614408612251282 0.03880123794078827 -0.9911667704582214 -0.12936840951442719 -0.029193948954343796 -0.6255118250846863 -0.13240571320056915 0.9527274370193481 0.2734578251838684 -2.1377480030059814
-0.007543955929577351 0.2749144434928894 -0.9614391326904297 0.0387992300093174 -0.9911684393882751 -0.1293521672487259 -0.029209814965724945 -0.6255089044570923 -0.13239441812038422 0.952727735042572 0.27346232533454895 -2.1377530097961426
-0.007602704223245382 0.2749297022819519 -0.9614343047142029 0.03879398852586746 -0.9911696314811707 -0.12935586273670197 -0.02915249392390251 -0.6255125999450684 -0.13238203525543213 0.9527227878570557 0.273485392332077 -2.1377828121185303
-0.007613741792738438 0.2749655246734619 -0.961423933506012 0.03879890963435173 -0.991163969039917 -0.1293976604938507 -0.029158247634768486 -0.6255102157592773 -0.1324235051870346 0.9527068138122559 0.2735211253166199 -2.137801170349121
-0.007620417978614569 0.274999737739563 -0.961414098739624 0.03878617286682129 -0.9911606311798096 -0.12942227721214294 -0.029163336381316185 -0.6255204677581787 -0.13244830071926117 0.9526935815811157 0.2735551595687866 -2.1377758979797363
-0.007608935236930847 0.27498772740364075 -0.9614176154136658 0.038787320256233215 -0.9911587834358215 -0.12943348288536072 -0.02917667105793953 -0.6255170106887817 -0.13246284425258636 0.9526954889297485 0.27354133129119873 -2.1377811431884766
-0.007628399878740311 0.27493467926979065 -0.9614326357841492 0.03882625699043274 -0.9911617040634155 -0.1294182389974594 -0.02914462424814701 -0.6255227327346802 -0.1324397772550583 0.952712893486023 0.2734919786453247 -2.1377851963043213
-0.007592230569571257 0.27497410774230957 -0.9614216685295105 0.03884107992053032 -0.991157054901123 -0.129442498087883 -0.029194524511694908 -0.6255322098731995 -0.1324765384197235 0.9526982307434082 0.27352526783943176 -2.137784004211426
-0.007547546178102493 0.2749384939670563 -0.9614322185516357 0.03883088007569313 -0.9911655187606812 -0.12937290966510773 -0.029215510934591293 -0.6255552768707275 -0.1324157416820526 0.9527179598808289 0.2734859883785248 -2.1377906799316406
-0.007488483563065529 0.2749089300632477 -0.9614410996437073 0.038845244795084 -0.9911708235740662 -0.12932302057743073 -0.029257843270897865 -0.6255796551704407 -0.1323796957731247 0.9527332782745361 0.27345010638237 -2.1378211975097656
-0.007436835207045078 0.2749500572681427 -0.9614297747612 0.0388486422598362 -0.9911623001098633 -0.1293717920780182 -0.029330981895327568 -0.6255747079849243 -0.13244643807411194 0.9527148008346558 0.27348220348358154 -2.137812852859497
-0.007451922167092562 0.27492308616638184 -0.9614373445510864 0.03883038088679314 -0.9911697506904602 -0.12932199239730835 -0.029297268018126488 -0.6255439519882202 -0.13238947093486786 0.952729344367981 0.27345913648605347 -2.1378064155578613
-0.007395132444798946 0.2749125361442566 -0.9614408016204834 0.03879563882946968 -0.9911688566207886 -0.129316508769989 -0.029352732002735138 -0.625529944896698 -0.13239958882331848 0.9527330994606018 0.27344104647636414 -2.137803554534912
-0.007426179945468903 0.27491509914398193 -0.961439847946167 0.03880426287651062 -0.9911673665046692 -0.1293339878320694 -0.029326103627681732 -0.6255040168762207 -0.1324090212583542 0.9527300000190735 0.27344730496406555 -2.1377780437469482
-0.007406939752399921 0.274917870759964 -0.9614391922950745 0.03878489509224892 -0.9911684393882751 -0.12932197749614716 -0.029342887923121452 -0.6255044937133789 -0.13240209221839905 0.9527308344841003 0.27344775199890137 -2.137779712677002
-0.007379681337624788 0.2748717963695526 -0.9614526033401489 0.038802456110715866 -0.9911676049232483 -0.12932313978672028 -0.029364729300141335 -0.625515878200531 -0.13240958750247955 0.9527439475059509 0.27339836955070496 -2.137798309326172
-0.007377148140221834 0.27490881085395813 -0.9614419937133789 0.03879909962415695 -0.9911637902259827 -0.12934885919094086 -0.029380017891526222 -0.6255128383636475 -0.13243824243545532 0.9527297616004944 0.2734338641166687 -2.137793779373169
-0.0073942458257079124 0.27487912774086 -0.9614503979682922 0.03879430890083313 -0.9911674857139587 -0.12932702898979187 -0.02935187704861164 -0.6255168318748474 -0.1324097216129303 0.9527413249015808 0.273407518863678 -2.1378188133239746
-0.0074593378230929375 0.2748226225376129 -0.9614660143852234 0.03881487250328064 -0.9911647439002991 -0.12936274707317352 -0.029286928474903107 -0.6255285739898682 -0.13242658972740173 0.9527527689933777 0.2733594477176666 -2.1378183364868164
-0.0073679788038134575 0.27488771080970764 -0.9614481329917908 0.03878888487815857 -0.9911543130874634 -0.12941576540470123 -0.02940564975142479 -0.6255607008934021 -0.13250978291034698 0.9527267813682556 0.2734096646308899 -2.1377480030059814
-0.007390549406409264 0.27487286925315857 -0.9614521861076355 0.038782984018325806 -0.9911537766456604 -0.1294250339269638 -0.029382914304733276 -0.6255647540092468 -0.13251252472400665 0.9527298212051392 0.2733978033065796 -2.1377439498901367
-0.007434949744492769 0.27479949593544006 -0.9614728093147278 0.03880668058991432 -0.9911549687385559 -0.12942864000797272 -0.02932765707373619 -0.6255491375923157 -0.13250131905078888 0.9527505040168762 0.2733311653137207 -2.1377387046813965
-0.00745828403159976 0.27474167943000793 -0.9614891409873962 0.03882044553756714 -0.9911576509475708 -0.1294163167476654 -0.029291780665516853 -0.6255488395690918 -0.13248005509376526 0.952768862247467 0.27327752113342285 -2.1377298831939697
-0.007461806293576956 0.2747809588909149 -0.9614779353141785 0.03881954774260521 -0.9911536574363708 -0.1294444054365158 -0.02930184081196785 -0.625558614730835 -0.1325095146894455 0.9527536630630493 0.27331602573394775 -2.137706756591797
-0.00746317021548748 0.27476975321769714 -0.9614810943603516 0.038788169622421265 -0.9911515116691589 -0.1294604390859604 -0.029303425922989845 -0.625557541847229 -0.13252544403076172 0.9527547359466553 0.27330464124679565 -2.1377310752868652
-0.007451617158949375 0.2748614549636841 -0.9614549875259399 0.03879149630665779 -0.9911510348320007 -0.1294585019350052 -0.02932792715728283 -0.6255750060081482 -0.132529616355896 0.9527285695075989 0.2733938992023468 -2.137713670730591
-0.007399167865514755 0.27484944462776184 -0.9614588022232056 0.03877260163426399 -0.9911467432975769 -0.12947838008403778 -0.02938597835600376 -0.6255592703819275 -0.13256484270095825 0.952729344367981 0.27337414026260376 -2.1377086639404297
-0.00743142468854785 0.27484843134880066 -0.9614588618278503 0.03881928324699402 -0.9911472201347351 -0.12948209047317505 -0.02935364656150341 -0.6255360841751099 -0.13255949318408966 0.9527291059494019 0.2733774781227112 -2.137789487838745
-0.007453411817550659 0.2748468220233917 -0.9614591598510742 0.03881588950753212 -0.9911475777626038 -0.12948420643806458 -0.029331356287002563 -0.6255493760108948 -0.13255539536476135 0.9527292847633362 0.273378849029541 -2.1378304958343506
-0.007461571600288153 0.2748735845088959 -0.9614514112472534 0.03879885375499725 -0.9911435842514038 -0.12951411306858063 -0.02933536283671856 -0.6255369782447815 -0.13258503377437592 0.9527174830436707 0.273405522108078 -2.1378366947174072
-0.007493411656469107 0.27482789754867554 -0.9614642262458801 0.03878098726272583 -0.9911483526229858 -0.12948794662952423 -0.029288476333022118 -0.6255111694335938 -0.1325473040342331 0.9527342319488525 0.27336549758911133 -2.137824535369873
-0.007506794761866331 0.2748401463031769 -0.9614606499671936 0.03878561034798622 -0.9911471009254456 -0.1294996738433838 -0.029279805719852448 -0.6255151033401489 -0.13255609571933746 0.9527291059494019 0.2733791172504425 -2.137860059738159
-0.007500696461647749 0.27481886744499207 -0.9614667892456055 0.03878865763545036 -0.9911478161811829 -0.12949390709400177 -0.029281381517648697 -0.6255018711090088 -0.1325511485338211 0.9527360200881958 0.2733573913574219 -2.137843132019043
-0.007477366365492344 0.27484849095344543 -0.9614585041999817 0.03876490890979767 -0.9911418557167053 -0.12953059375286102 -0.029320212081074715 -0.6255335211753845 -0.13259689509868622 0.9527224898338318 0.27338236570358276 -2.137808322906494
-0.007464919704943895 0.27480578422546387 -0.9614707827568054 0.038761481642723083 -0.9911530613899231 -0.1294485330581665 -0.029303373768925667 -0.6255346536636353 -0.13251370191574097 0.9527459740638733 0.2733409106731415 -2.137819528579712
-0.0074804252944886684 0.2748408019542694 -0.9614606499671936 0.03880053013563156 -0.9911532998085022 -0.12944912910461426 -0.029292577877640724 -0.6255269050598145 -0.13251101970672607 0.9527357816696167 0.2733776867389679 -2.1378891468048096
-0.007464767433702946 0.2747995853424072 -0.9614725708961487 0.03880517557263374 -0.9911462664604187 -0.12949752807617188 -0.029316697269678116 -0.6255384683609009 -0.132564514875412 0.9527410864830017 0.27333325147628784 -2.137857675552368
-0.007467984221875668 0.27481576800346375 -0.9614679217338562 0.03880556300282478 -0.9911448955535889 -0.1295078694820404 -0.0293186716735363 -0.625537633895874 -0.1325748860836029 0.9527350068092346 0.273349404335022 -2.137869119644165
-0.00751172099262476 0.2747761309146881 -0.9614788889884949 0.03880654647946358 -0.9911450743675232 -0.12951701879501343 -0.02927052415907383 -0.6255479454994202 -0.13257071375846863 0.9527451992034912 0.2733159065246582 -2.137805223464966
-0.007472232915461063 0.2748948037624359 -0.9614452719688416 0.038806743919849396 -0.9911367893218994 -0.12956450879573822 -0.029341882094740868 -0.625545859336853 -0.13263510167598724 0.9527045488357544 0.27342647314071655 -2.137787103652954
-0.007457837462425232 0.27488502860069275 -0.9614481925964355 0.0388406440615654 -0.9911375045776367 -0.12955664098262787 -0.029353061690926552 -0.6255444288253784 -0.13263070583343506 0.9527084231376648 0.27341505885124207 -2.1378228664398193
-0.0074646370485424995 0.2748420536518097 -0.9614604115486145 0.03884575515985489 -0.991139829158783 -0.1295427680015564 -0.029335901141166687 -0.6255413889884949 -0.13261297345161438 0.9527227282524109 0.27337387204170227 -2.1378347873687744
-0.00752085680142045 0.27481913566589355 -0.9614665508270264 0.03881453722715378 -0.9911373853683472 -0.12957318127155304 -0.02928338758647442 -0.6255256533622742 -0.13262790441513062 0.9527251720428467 0.273358017206192 -2.137873411178589
-0.007511016447097063 0.2748197317123413 -0.9614664316177368 0.038808662444353104 -0.9911368489265442 -0.12957485020160675 -0.0292940903455019 -0.6255213022232056 -0.13263244926929474 0.9527247548103333 0.27335718274116516 -2.1378819942474365
-0.007554188836365938 0.2747945487499237 -0.961473286151886 0.03879312798380852 -0.991134524345398 -0.1296015977859497 -0.029253648594021797 -0.6255277991294861 -0.13264720141887665 0.9527283906936646 0.27333739399909973 -2.137897253036499
-0.007564197760075331 0.2747882604598999 -0.9614750146865845 0.03879993408918381 -0.9911385178565979 -0.12957526743412018 -0.029234878718852997 -0.6255093216896057 -0.1326167732477188 0.9527338147163391 0.2733333706855774 -2.137878179550171
-0.007559958379715681 0.2747802734375 -0.9614773392677307 0.03879106044769287 -0.9911384582519531 -0.12957505881786346 -0.02923804149031639 -0.6255025267601013 -0.1326175034046173 0.9527361392974854 0.2733248770236969 -2.1378839015960693
-0.007565466687083244 0.2747604250907898 -0.9614829421043396 0.03877732902765274 -0.9911396503448486 -0.1295681744813919 -0.029227541759610176 -0.6255127191543579 -0.13260816037654877 0.9527428150177002 0.2733061909675598 -2.137934446334839
-0.007534101139754057 0.27487659454345703 -0.9614500403404236 0.03878646716475487 -0.99113529920578 -0.12958908081054688 -0.02928254008293152 -0.6255700588226318 -0.1326424926519394 0.9527064561843872 0.2734162211418152 -2.1378676891326904
-0.007567576132714748 0.2748814523220062 -0.9614483714103699 0.03878583386540413 -0.9911357760429382 -0.1295929104089737 -0.029249832034111023 -0.6255953311920166 -0.1326371133327484 0.9527044892311096 0.27342554926872253 -2.1378026008605957
-0.007600476965308189 0.27487945556640625 -0.9614486694335938 0.03877526894211769 -0.9911354780197144 -0.1296025961637497 -0.029218409210443497 -0.6255995035171509 -0.13263778388500214 0.9527037739753723 0.273427814245224 -2.137800931930542
-0.00759894447401166 0.27485767006874084 -0.9614549279212952 0.038788456469774246 -0.9911371469497681 -0.12959054112434387 -0.029213402420282364 -0.6255738735198975 -0.13262498378753662 0.9527117013931274 0.27340638637542725 -2.137732744216919
-0.007581385318189859 0.2748962640762329 -0.9614440202713013 0.03881341964006424 -0.9911409616470337 -0.12955820560455322 -0.029227759689092636 -0.6255444884300232 -0.13259755074977875 0.9527049660682678 0.27344316244125366 -2.1377875804901123
-0.00753400381654501 0.2748902142047882 -0.9614461064338684 0.03882433474063873 -0.9911512732505798 -0.12947401404380798 -0.029251571744680405 -0.6255455017089844 -0.13252323865890503 0.9527181386947632 0.27343323826789856 -2.13779878616333
-0.007540050894021988 0.27487269043922424 -0.9614510536193848 0.038828544318675995 -0.9911513328552246 -0.12947531044483185 -0.02924319915473461 -0.6255442500114441 -0.1325223296880722 0.9527230262756348 0.273416668176651 -2.137800693511963
-0.0075404709205031395 0.2748652696609497 -0.9614531993865967 0.038838114589452744 -0.9911540746688843 -0.12945587933063507 -0.02923612669110298 -0.6255418062210083 -0.1325017511844635 0.9527277946472168 0.27340999245643616 -2.137880325317383
-0.007568127941340208 0.27488821744918823 -0.9614464044570923 0.03885098546743393 -0.9911549091339111 -0.12945540249347687 -0.02921076864004135 -0.625516951084137 -0.13249412178993225 0.9527212381362915 0.2734365463256836 -2.1378562450408936
-0.007551134098321199 0.2749280333518982 -0.9614351391792297 0.038854002952575684 -0.9911507964134216 -0.12948009371757507 -0.029241083189845085 -0.6255398988723755 -0.13252589106559753 0.9527063965797424 0.2734728455543518 -2.1378140449523926
-0.007531903218477964 0.2748502194881439 -0.9614575505256653 0.0388745553791523 -0.9911546111106873 -0.12945064902305603 -0.029241297394037247 -0.6255500316619873 -0.13249826431274414 0.9527328610420227 0.27339404821395874 -2.1378262042999268
-0.007508684881031513 0.2748994529247284 -0.9614436626434326 0.03886418789625168 -0.9911513924598694 -0.1294671893119812 -0.02927703969180584 -0.6255480051040649 -0.13252364099025726 0.9527164101600647 0.27343910932540894 -2.137808084487915
-0.007463057525455952 0.27488479018211365 -0.9614481925964355 0.03888373449444771 -0.9911560416221619 -0.12942442297935486 -0.029309703037142754 -0.6255651116371155 -0.13249166309833527 0.9527264833450317 0.2734196186065674 -2.1378087997436523
-0.007410003803670406 0.27495452761650085 -0.961428701877594 0.03884027898311615 -0.9911552667617798 -0.12941598892211914 -0.029371971264481544 -0.62556391954422 -0.13250018656253815 0.9527074694633484 0.2734815776348114 -2.1377594470977783
-0.007440267130732536 0.27495020627975464 -0.9614297151565552 0.038835011422634125 -0.9911472797393799 -0.12948039174079895 -0.029358644038438797 -0.6255480647087097 -0.1325584501028061 0.9526999592781067 0.27347952127456665 -2.1377334594726562
-0.0074426038190722466 0.27497154474258423 -0.9614235758781433 0.03882990777492523 -0.9911414384841919 -0.12952211499214172 -0.029371270909905434 -0.6255484223365784 -0.13260187208652496 0.9526881575584412 0.27349966764450073 -2.1377005577087402
-0.007442388217896223 0.27499112486839294 -0.9614179730415344 0.03883235529065132 -0.9911357164382935 -0.12956278026103973 -0.029385976493358612 -0.6255497932434082 -0.1326448619365692 0.9526769518852234 0.27351775765419006 -2.1376895904541016
-0.007415673229843378 0.2749793529510498 -0.961421549320221 0.03882669657468796 -0.9911329746246338 -0.1295768916606903 -0.029415879398584366 -0.6255078315734863 -0.13266676664352417 0.9526784420013428 0.273501992225647 -2.1377182006835938
-0.007436784449964762 0.27494382858276367 -0.9614315629005432 0.03880804404616356 -0.9911354184150696 -0.12956519424915314 -0.029385656118392944 -0.6255325675010681 -0.13264745473861694 0.9526903033256531 0.27347007393836975 -2.137760639190674
-0.0074366433545947075 0.2749786674976349 -0.9614216089248657 0.038807228207588196 -0.9911303520202637 -0.12960012257099152 -0.029400832951068878 -0.6255373954772949 -0.13268494606018066 0.952675461769104 0.27350348234176636 -2.1377615928649902
-0.00743264751508832 0.2750045657157898 -0.9614142179489136 0.03881845250725746 -0.9911336302757263 -0.12957517802715302 -0.02940150536596775 -0.6255573034286499 -0.13266095519065857 0.9526714086532593 0.2735293209552765 -2.137756824493408
-0.007457574363797903 0.2750328779220581 -0.9614059329032898 0.03881562128663063 -0.9911398887634277 -0.1295347809791565 -0.02936827577650547 -0.6255782842636108 -0.13261273503303528 0.9526687264442444 0.2735620439052582 -2.1377787590026855
-0.007452883757650852 0.2749924659729004 -0.9614174962043762 0.03880014270544052 -0.9911394119262695 -0.12953835725784302 -0.029368339106440544 -0.625572681427002 -0.13261650502681732 0.9526798725128174 0.2735213041305542 -2.1377859115600586
-0.007435316685587168 0.2749193012714386 -0.9614385366439819 0.03878840431571007 -0.9911495447158813 -0.12946411967277527 -0.02935463935136795 -0.6255757808685303 -0.1325419396162033 0.9527111053466797 0.27344873547554016 -2.137789487838745
-0.007416089065372944 0.27498626708984375 -0.9614195823669434 0.038761574774980545 -0.9911458492279053 -0.12948428094387054 -0.02938985265791416 -0.6255802512168884 -0.13257050514221191 0.9526890516281128 0.27351173758506775 -2.137773275375366
-0.00742281973361969 0.2749454081058502 -0.9614312052726746 0.038790348917245865 -0.9911477565765381 -0.12947316467761993 -0.029373863711953163 -0.6255228519439697 -0.1325557380914688 0.9527023434638977 0.2734725773334503 -2.1378190517425537
-0.007421520072966814 0.27500298619270325 -0.9614147543907166 0.03882678598165512 -0.9911406636238098 -0.12952198088169098 -0.029397478327155113 -0.6255654096603394 -0.13260872662067413 0.9526790976524353 0.2735278606414795 -2.137789487838745
-0.007439048495143652 0.2750021815299988 -0.9614148139953613 0.038835685700178146 -0.9911441802978516 -0.12950076162815094 -0.029373200610280037 -0.6255648732185364 -0.13258163630962372 0.9526821970939636 0.27353015542030334 -2.137810468673706
