# 3x4 first row second row third row Freq: 100 current Time: 2021-04-08-11:47:25
0.07134663313627243 0.26961642503738403 -0.9603211283683777 0.11756481975317001 -0.9949957132339478 -0.04828173294663429 -0.08747819066047668 -0.47918036580085754 -0.06995151191949844 0.9617566466331482 0.26482242345809937 -2.160230875015259
0.07137526571750641 0.26959630846977234 -0.9603246450424194 0.11752209812402725 -0.9949933886528015 -0.048279400914907455 -0.08750569075345993 -0.4791507422924042 -0.06995509564876556 0.9617624282836914 0.2648005783557892 -2.1602697372436523
0.07142075151205063 0.26963141560554504 -0.9603114128112793 0.11755887418985367 -0.9949846267700195 -0.04833976924419403 -0.08757209777832031 -0.4791702926158905 -0.07003340870141983 0.9617495536804199 0.2648266553878784 -2.160244941711426
0.07139762490987778 0.26963162422180176 -0.960313081741333 0.11753591895103455 -0.9949875473976135 -0.04832832142710686 -0.0875450000166893 -0.4791370928287506 -0.07001520693302155 0.9617500901222229 0.2648295760154724 -2.160215139389038
0.07143320143222809 0.2697066366672516 -0.9602893590927124 0.11757740378379822 -0.9949799180030823 -0.0483817420899868 -0.08760222792625427 -0.47911301255226135 -0.07008735835552216 0.9617263674736023 0.26489660143852234 -2.1602890491485596
0.07138539105653763 0.26968109607696533 -0.960300087928772 0.11757451295852661 -0.9949876666069031 -0.04833805933594704 -0.08753873407840729 -0.4791201651096344 -0.07002656906843185 0.961735725402832 0.2648787200450897 -2.160324811935425
0.07144072651863098 0.269768625497818 -0.9602713584899902 0.11758942157030106 -0.9949806332588196 -0.048356760293245316 -0.08760782331228256 -0.4791038930416107 -0.07006943970918655 0.9617102146148682 0.2649599015712738 -2.1603639125823975
0.071425661444664 0.2697029113769531 -0.9602909684181213 0.11759383231401443 -0.9949843883514404 -0.048330143094062805 -0.08757992088794708 -0.47909626364707947 -0.0700315460562706 0.9617300033569336 0.2648981809616089 -2.1603684425354004
0.07143529504537582 0.2696276307106018 -0.9603114128112793 0.11758024245500565 -0.9949854016304016 -0.048311278223991394 -0.08757902681827545 -0.4791085422039032 -0.07000758498907089 0.9617520570755005 0.26482439041137695 -2.1604485511779785
0.07144319266080856 0.26960718631744385 -0.96031653881073 0.11757726222276688 -0.9949843287467957 -0.04831835627555847 -0.0875876173377037 -0.4791003167629242 -0.07001515477895737 0.9617574214935303 0.26480287313461304 -2.1604607105255127
0.07142612338066101 0.2696710228919983 -0.9602999091148376 0.11758792400360107 -0.994976818561554 -0.04843655973672867 -0.08760730922222137 -0.4791410267353058 -0.07013875991106033 0.9617335796356201 0.26485675573349 -2.1603450775146484
0.07144641131162643 0.26966115832328796 -0.9603011608123779 0.11758436262607574 -0.9949736595153809 -0.04845540598034859 -0.08763276785612106 -0.4791366755962372 -0.07016292214393616 0.9617353677749634 0.26484376192092896 -2.160344362258911
0.07143083214759827 0.2697184979915619 -0.9602862000465393 0.11759772896766663 -0.9949726462364197 -0.04848368465900421 -0.08762875199317932 -0.4791170656681061 -0.07019329816102982 0.9617179036140442 0.26489928364753723 -2.1604480743408203
0.07146237790584564 0.26979976892471313 -0.9602610468864441 0.1175696924328804 -0.994962751865387 -0.04857200011610985 -0.08769191056489944 -0.4791230261325836 -0.07030104100704193 0.9616906046867371 0.2649696469306946 -2.1604275703430176
0.07140900194644928 0.269756019115448 -0.960277259349823 0.11757303029298782 -0.9949753880500793 -0.04846956580877304 -0.0876050814986229 -0.4791335165500641 -0.07017620652914047 0.9617080688476562 0.26493942737579346 -2.1604669094085693
0.07145071774721146 0.2697218358516693 -0.9602837562561035 0.11757141351699829 -0.994966983795166 -0.048535801470279694 -0.08766396343708038 -0.47915568947792053 -0.07025301456451416 0.9617143273353577 0.2648963928222656 -2.160444736480713
0.07145370543003082 0.2697029411792755 -0.9602888822555542 0.11755331605672836 -0.9949696063995361 -0.04849810153245926 -0.08765523880720139 -0.47912994027137756 -0.07021304965019226 0.9617215394973755 0.26488083600997925 -2.160426616668701
0.07146594673395157 0.26975128054618835 -0.9602743983268738 0.11754819005727768 -0.9949595332145691 -0.048616115003824234 -0.08770409226417542 -0.47913768887519836 -0.07034309208393097 0.9617019891738892 0.2649172246456146 -2.1603777408599854
0.07141052186489105 0.2696923017501831 -0.9602950811386108 0.11754662543535233 -0.9949654936790466 -0.04860907420516014 -0.08764025568962097 -0.4791196286678314 -0.07031494379043579 0.9617189168930054 0.26486334204673767 -2.1603548526763916
0.07138227671384811 0.26981320977211 -0.960263192653656 0.1175345629453659 -0.9949655532836914 -0.04863253980875015 -0.087626613676548 -0.4791189730167389 -0.07034284621477127 0.9616838097572327 0.26498332619667053 -2.160344123840332
0.07136008143424988 0.2697192430496216 -0.9602912664413452 0.11753405630588531 -0.9949759840965271 -0.04852626845240593 -0.08756722509860992 -0.4791335165500641 -0.07021790742874146 0.9617155194282532 0.264901340007782 -2.1603846549987793
0.07142893970012665 0.2697298526763916 -0.9602831602096558 0.11752194911241531 -0.9949735403060913 -0.04847292974591255 -0.0876246839761734 -0.47910502552986145 -0.07018271833658218 0.9617152214050293 0.2649116814136505 -2.160430908203125
0.0714276134967804 0.26971617341041565 -0.9602870941162109 0.11750418692827225 -0.9949740171432495 -0.04846900328993797 -0.08762118965387344 -0.47908899188041687 -0.07017700374126434 0.961719274520874 0.26489853858947754 -2.1604344844818115
0.07138071954250336 0.2697305679321289 -0.960286557674408 0.11755029857158661 -0.9949734210968018 -0.04853489249944687 -0.08759184926748276 -0.4791310727596283 -0.07023359090089798 0.9617119431495667 0.2649102807044983 -2.1603951454162598
0.07139784097671509 0.2697359621524811 -0.9602837562561035 0.11753800511360168 -0.9949716329574585 -0.048537421971559525 -0.08761069178581238 -0.47911766171455383 -0.07024143636226654 0.9617102742195129 0.2649141252040863 -2.1603922843933105
0.07134252786636353 0.26985082030296326 -0.9602555632591248 0.1175210252404213 -0.9949734210968018 -0.04857110232114792 -0.08757134526968002 -0.47913244366645813 -0.07027185708284378 0.9616763591766357 0.2650291919708252 -2.1603474617004395
0.07134126871824265 0.26981276273727417 -0.9602663516998291 0.11749981343746185 -0.9949726462364197 -0.048586875200271606 -0.08757151663303375 -0.4791235625743866 -0.07028423994779587 0.9616862535476685 0.26499006152153015 -2.160343885421753
0.07137271016836166 0.2698764503002167 -0.9602461457252502 0.11752743273973465 -0.9949710369110107 -0.048563625663518906 -0.08760250359773636 -0.4791465699672699 -0.07027487456798553 0.9616695642471313 0.2650531232357025 -2.1603872776031494
0.07141836732625961 0.26981696486473083 -0.9602594375610352 0.11751275509595871 -0.9949662685394287 -0.04857749119400978 -0.08764912933111191 -0.4791663587093353 -0.07029620558023453 0.9616855382919312 0.26498943567276 -2.160405158996582
0.07133977860212326 0.2697864770889282 -0.9602738618850708 0.11751052737236023 -0.994974672794342 -0.04856352508068085 -0.08756154775619507 -0.4791772663593292 -0.07025719434022903 0.9616947770118713 0.2649661898612976 -2.1604206562042236
0.07137172669172287 0.2698153853416443 -0.9602633714675903 0.11759035289287567 -0.9949705004692078 -0.048577792942523956 -0.08760076761245728 -0.47918930649757385 -0.07028349488973618 0.9616859555244446 0.26499125361442566 -2.16048526763916
0.07137709110975266 0.26980099081993103 -0.9602670073509216 0.11760100722312927 -0.9949751496315002 -0.0485091470181942 -0.08758632093667984 -0.4791781008243561 -0.07021259516477585 0.9616934657096863 0.26498281955718994 -2.160459041595459
0.07132004201412201 0.26987648010253906 -0.9602500796318054 0.11756864190101624 -0.9949734807014465 -0.0485958456993103 -0.08755681663751602 -0.47918829321861267 -0.07029367238283157 0.9616678953170776 0.2650540769100189 -2.1603801250457764
0.07127901166677475 0.2698296010494232 -0.9602662920951843 0.11756903678178787 -0.9949800372123718 -0.04856228828430176 -0.08750150352716446 -0.47917643189430237 -0.07024320960044861 0.9616827368736267 0.26501357555389404 -2.1603658199310303
0.07128451764583588 0.2698575258255005 -0.9602580070495605 0.11756080389022827 -0.9949712157249451 -0.048673201352357864 -0.08753989636898041 -0.4791751205921173 -0.07036212086677551 0.9616693258285522 0.26503080129623413 -2.1603291034698486
0.0712679922580719 0.2698056697845459 -0.960273802280426 0.11754650622606277 -0.9949806332588196 -0.04856957122683525 -0.08749028295278549 -0.4791792333126068 -0.07024545222520828 0.9616891145706177 0.2649899423122406 -2.1603689193725586
0.07135964184999466 0.2698543071746826 -0.9602533578872681 0.11757171154022217 -0.9949727654457092 -0.048558320850133896 -0.08758582174777985 -0.4791359007358551 -0.07026369124650955 0.9616760015487671 0.2650325894355774 -2.1604349613189697
0.07135075330734253 0.26986366510391235 -0.9602513909339905 0.11755520850419998 -0.9949730634689331 -0.04856433719396591 -0.08757898211479187 -0.4791238605976105 -0.07026834785938263 0.9616730809211731 0.2650419771671295 -2.160435676574707
0.07138847559690475 0.26978933811187744 -0.9602694511413574 0.11760842800140381 -0.9949772357940674 -0.04846753552556038 -0.08758576959371567 -0.47911038994789124 -0.07017158716917038 0.9616988301277161 0.2649742066860199 -2.1605429649353027
0.07136498391628265 0.26988083124160767 -0.9602454900741577 0.11761993914842606 -0.9949758052825928 -0.04850809648633003 -0.08757952600717545 -0.47912296652793884 -0.07021570205688477 0.9616711139678955 0.2650631070137024 -2.1605331897735596
0.07127539068460464 0.2698182165622711 -0.9602697491645813 0.1176181212067604 -0.9949831366539001 -0.04852517321705818 -0.08748666197061539 -0.47909846901893616 -0.07020273804664612 0.9616878032684326 0.265005886554718 -2.1605591773986816
0.07126857340335846 0.26983529329299927 -0.9602654576301575 0.11760876327753067 -0.9949840307235718 -0.04852009937167168 -0.08747949451208115 -0.4790838062763214 -0.0701972171664238 0.9616832733154297 0.2650238275527954 -2.160565137863159
0.07131267338991165 0.26983845233917236 -0.9602612853050232 0.11760137230157852 -0.994976282119751 -0.04857055842876434 -0.08753933012485504 -0.4791286289691925 -0.0702618956565857 0.9616798758506775 0.26501914858818054 -2.1605496406555176
0.07132823765277863 0.2698478400707245 -0.9602574706077576 0.11759600043296814 -0.9949747920036316 -0.048570726066827774 -0.08755621314048767 -0.47911766171455383 -0.07026724517345428 0.9616771936416626 0.26502731442451477 -2.160555124282837
0.0713290199637413 0.2698884606361389 -0.9602460265159607 0.11761166155338287 -0.9949705600738525 -0.04862384498119354 -0.08757474273443222 -0.47912344336509705 -0.07032625377178192 0.9616631269454956 0.26506274938583374 -2.160524606704712
0.0714474767446518 0.2698806822299957 -0.9602394104003906 0.11757245659828186 -0.9949586987495422 -0.048638924956321716 -0.08770105242729187 -0.4791371524333954 -0.07037381827831268 0.9616645574569702 0.2650449872016907 -2.160479784011841
0.07134313881397247 0.2699098587036133 -0.9602389335632324 0.11758045852184296 -0.9949619174003601 -0.04872271791100502 -0.08761824667453766 -0.47913578152656555 -0.07043446600437164 0.9616521000862122 0.2650739848613739 -2.160440444946289
0.0714348778128624 0.26987358927726746 -0.9602423310279846 0.11755993962287903 -0.994953989982605 -0.04871954023838043 -0.08770967274904251 -0.4791329801082611 -0.07045307755470276 0.9616624712944031 0.26503151655197144 -2.160435199737549
0.07136750221252441 0.2698444426059723 -0.96025550365448 0.11753203719854355 -0.994964063167572 -0.04866896942257881 -0.0876237154006958 -0.4791262447834015 -0.07037940621376038 0.9616732001304626 0.26501211524009705 -2.160487413406372
0.07131753861904144 0.2698393762111664 -0.9602606892585754 0.11752840876579285 -0.9949732422828674 -0.04860631003975868 -0.08755429834127426 -0.479135662317276 -0.07030031085014343 0.9616777896881104 0.26501646637916565 -2.160546064376831
0.07131457328796387 0.26983824372291565 -0.9602612257003784 0.1175071969628334 -0.9949747920036316 -0.04858873039484024 -0.08754628896713257 -0.47912243008613586 -0.07028120011091232 0.9616789817810059 0.26501715183258057 -2.1605422496795654
0.07133784890174866 0.2697843909263611 -0.9602745771408081 0.11753860861063004 -0.994975745677948 -0.048551205545663834 -0.08755598962306976 -0.4791158139705658 -0.0702437162399292 0.9616959691047668 0.26496538519859314 -2.1606318950653076
0.07134590297937393 0.26978522539138794 -0.9602737426757812 0.11751694232225418 -0.9949749708175659 -0.04855170100927353 -0.08756453543901443 -0.4791004955768585 -0.07024653255939484 0.9616957306861877 0.26496556401252747 -2.160630941390991
0.07128145545721054 0.26983413100242615 -0.9602648019790649 0.11758285760879517 -0.9949713945388794 -0.04867701604962349 -0.08753599226474762 -0.4791288673877716 -0.07036301493644714 0.9616757035255432 0.26500746607780457 -2.1605966091156006
0.07131905108690262 0.2698196470737457 -0.96026611328125 0.11754927784204483 -0.994968831539154 -0.048665858805179596 -0.08757077902555466 -0.479140967130661 -0.07036048173904419 0.9616802930831909 0.2649913430213928 -2.1605474948883057
0.07122334092855453 0.2698206603527069 -0.9602729082107544 0.117563895881176 -0.9949777722358704 -0.048663120716810226 -0.08747092634439468 -0.47916069626808167 -0.07033132761716843 0.9616801738739014 0.2649995684623718 -2.160531520843506
0.07135088741779327 0.26981574296951294 -0.9602648019790649 0.11754896491765976 -0.9949644207954407 -0.048687200993299484 -0.08760935068130493 -0.47916337847709656 -0.0703909769654274 0.9616803526878357 0.2649831771850586 -2.160526752471924
0.07119835168123245 0.2698615789413452 -0.9602632522583008 0.11758200824260712 -0.9949735403060913 -0.04874790087342262 -0.08747150003910065 -0.4792076051235199 -0.07041600346565247 0.9616643786430359 0.26503434777259827 -2.160493850708008
0.07124730199575424 0.2697974443435669 -0.9602776765823364 0.11759661138057709 -0.9949690699577332 -0.0487540066242218 -0.08751903474330902 -0.47919490933418274 -0.07042978703975677 0.9616820812225342 0.26496651768684387 -2.1605186462402344
0.0712200403213501 0.2698586881160736 -0.9602624773979187 0.11759578436613083 -0.9949720501899719 -0.04874178022146225 -0.08749207109212875 -0.4791959226131439 -0.07041538506746292 0.9616655111312866 0.2650304436683655 -2.1604678630828857
0.07133717089891434 0.26987895369529724 -0.9602480530738831 0.1175842136144638 -0.9949586391448975 -0.04877713695168495 -0.08762472122907639 -0.4792083203792572 -0.07048621028661728 0.9616580009460449 0.26503875851631165 -2.16045880317688
0.07129568606615067 0.2698313593864441 -0.9602645635604858 0.11760234832763672 -0.9949660897254944 -0.04873189330101013 -0.08756565302610397 -0.479226678609848 -0.07042345404624939 0.9616736769676208 0.2649986445903778 -2.1603915691375732
0.07142532616853714 0.2698131203651428 -0.9602600336074829 0.11758182942867279 -0.9949509501457214 -0.0487782284617424 -0.08771135658025742 -0.47924235463142395 -0.07050544023513794 0.9616764783859253 0.26496678590774536 -2.1603758335113525
0.07138010859489441 0.2699050009250641 -0.9602375626564026 0.11754114925861359 -0.9949517250061035 -0.048816196620464325 -0.08768195658922195 -0.47921982407569885 -0.07054093480110168 0.9616487622261047 0.26505792140960693 -2.1603639125823975
0.07145920395851135 0.26984739303588867 -0.9602478742599487 0.11754509061574936 -0.9949427247047424 -0.048845335841178894 -0.08776755630970001 -0.47920331358909607 -0.07058746367692947 0.9616634249687195 0.26499223709106445 -2.16039776802063
0.07141649723052979 0.26996132731437683 -0.9602190256118774 0.11754746735095978 -0.9949459433555603 -0.04884394630789757 -0.08773159235715866 -0.4791809618473053 -0.07058501243591309 0.9616315364837646 0.2651086449623108 -2.1604042053222656
0.07137827575206757 0.26994839310646057 -0.960225522518158 0.11758969724178314 -0.9949552416801453 -0.048765819519758224 -0.08766946196556091 -0.4792220890522003 -0.07049240171909332 0.9616391062736511 0.2651057243347168 -2.1603355407714844
0.0713801234960556 0.2699434161186218 -0.9602267742156982 0.11758439987897873 -0.9949562549591064 -0.048750247806310654 -0.08766670525074005 -0.47922101616859436 -0.07047633081674576 0.9616413116455078 0.2651020884513855 -2.160323143005371
0.07145148515701294 0.26993831992149353 -0.9602228999137878 0.11763949692249298 -0.9949511885643005 -0.04873085021972656 -0.08773491531610489 -0.47918006777763367 -0.07047548145055771 0.9616436958312988 0.2650935649871826 -2.160428285598755
0.07142706215381622 0.269890695810318 -0.9602380990982056 0.11759380996227264 -0.9949580430984497 -0.04867275059223175 -0.08768998086452484 -0.4791598618030548 -0.07040412724018097 0.9616600275039673 0.2650533616542816 -2.160489082336426
0.0715218260884285 0.2699383497238159 -0.9602176547050476 0.11758933216333389 -0.9949535131454468 -0.048611607402563095 -0.08777493238449097 -0.4791404902935028 -0.07037153095006943 0.9616497159004211 0.26509931683540344 -2.1605963706970215
0.07156039774417877 0.269924521446228 -0.9602186679840088 0.11759626865386963 -0.9949498176574707 -0.048615287989377975 -0.08781486749649048 -0.47910454869270325 -0.070384681224823 0.9616534113883972 0.2650824189186096 -2.160649299621582
0.07153228670358658 0.26989078521728516 -0.9602302312850952 0.11761117726564407 -0.9949584603309631 -0.04853527620434761 -0.08776112645864487 -0.47914454340934753 -0.0702909454703331 0.9616669416427612 0.2650582790374756 -2.160702705383301
0.07162297517061234 0.2698783576488495 -0.9602269530296326 0.11757424473762512 -0.9949484467506409 -0.04856014624238014 -0.08786100894212723 -0.47916093468666077 -0.07034052908420563 0.9616692066192627 0.26503700017929077 -2.1606907844543457
0.07149411737918854 0.2698407471179962 -0.9602471590042114 0.11760639399290085 -0.994956374168396 -0.04861636459827423 -0.08774013072252274 -0.47919461131095886 -0.07035957276821136 0.9616768956184387 0.2650039792060852 -2.160655975341797
0.07161176949739456 0.26988738775253296 -0.9602252840995789 0.11762785911560059 -0.994948148727417 -0.04857697710394859 -0.08785471320152283 -0.4791763722896576 -0.07035570591688156 0.9616658091545105 0.26504525542259216 -2.160738706588745
0.07155724614858627 0.26992595195770264 -0.9602184891700745 0.11764761060476303 -0.9949542284011841 -0.04855867475271225 -0.08779609948396683 -0.47919586300849915 -0.07032537460327148 0.9616559147834778 0.2650892436504364 -2.160743236541748
0.07157713919878006 0.26989197731018066 -0.9602265954017639 0.11761324107646942 -0.9949547648429871 -0.04852936416864395 -0.08780606091022491 -0.47919222712516785 -0.07029732316732407 0.9616668820381165 0.26505669951438904 -2.1608026027679443
0.0716167613863945 0.2699016332626343 -0.9602208733558655 0.11761400103569031 -0.9949547648429871 -0.04847899079322815 -0.0878339633345604 -0.47917506098747253 -0.07025706022977829 0.9616667628288269 0.265067994594574 -2.1608095169067383
0.07166492938995361 0.26994115114212036 -0.9602062106132507 0.1175529807806015 -0.9949500560760498 -0.048479728400707245 -0.08788706362247467 -0.4792107045650482 -0.07027485966682434 0.9616556167602539 0.26510366797447205 -2.1607506275177
0.07157203555107117 0.2699490785598755 -0.960210919380188 0.11761967837810516 -0.9949575662612915 -0.04849216341972351 -0.08779484033584595 -0.47923609614372253 -0.07026282697916031 0.9616527557373047 0.26511719822883606 -2.1606409549713135
0.07166705280542374 0.26989811658859253 -0.9602181315422058 0.1176149770617485 -0.9949480295181274 -0.04850900545716286 -0.08789408206939697 -0.47923776507377625 -0.07030165940523148 0.9616662263870239 0.26505807042121887 -2.1606483459472656
0.0715096965432167 0.2699431777000427 -0.9602171778678894 0.11762356013059616 -0.9949544072151184 -0.048614487051963806 -0.08776351809501648 -0.47920331358909607 -0.070371612906456 0.9616482257843018 0.265104740858078 -2.1605799198150635
0.07160688936710358 0.2699747383594513 -0.9602010846138 0.11763174086809158 -0.9949460029602051 -0.04860487952828407 -0.0878639742732048 -0.4791737496852875 -0.07039149850606918 0.9616398811340332 0.26512983441352844 -2.160592555999756
0.07160421460866928 0.26997458934783936 -0.9602013230323792 0.11763232201337814 -0.9949469566345215 -0.04859462007880211 -0.08785836398601532 -0.47916194796562195 -0.07038012892007828 0.9616404175758362 0.26513078808784485 -2.160594940185547
0.07158105820417404 0.2699982523918152 -0.9601963758468628 0.11759666353464127 -0.9949491620063782 -0.048591528087854385 -0.08783531188964844 -0.4791434705257416 -0.07037278264760971 0.9616339206695557 0.2651562988758087 -2.1606285572052
0.07168108969926834 0.2699909508228302 -0.960191011428833 0.1175578162074089 -0.9949362277984619 -0.0486438050866127 -0.08795282989740372 -0.4791540801525116 -0.07045380026102066 0.9616333246231079 0.2651369273662567 -2.160597085952759
0.07154055684804916 0.2699447274208069 -0.9602144360542297 0.11756202578544617 -0.994950532913208 -0.04862820357084274 -0.08779939264059067 -0.47914305329322815 -0.07039447873830795 0.961647093296051 0.265102744102478 -2.160595655441284
0.07162753492593765 0.2699503004550934 -0.9602063894271851 0.117556132376194 -0.9949427247047424 -0.04862554743885994 -0.08788921684026718 -0.47912153601646423 -0.07041627168655396 0.9616456627845764 0.2651021480560303 -2.16064715385437
0.0715392604470253 0.269940048456192 -0.9602158665657043 0.11756996065378189 -0.994955837726593 -0.04855820909142494 -0.08777840435504913 -0.4791683256626129 -0.07032125443220139 0.9616519808769226 0.26510459184646606 -2.1606850624084473
0.07156364619731903 0.2699487805366516 -0.9602116346359253 0.11754511296749115 -0.9949540495872498 -0.048551253974437714 -0.08780241757631302 -0.47916504740715027 -0.07032161951065063 0.9616498947143555 0.26511210203170776 -2.1606836318969727
0.0714804008603096 0.27001243829727173 -0.9601998925209045 0.1175808385014534 -0.9949538111686707 -0.04865231364965439 -0.08774884790182114 -0.4791506230831146 -0.07040921598672867 0.9616268873214722 0.26517221331596375 -2.160552501678467
0.07156167924404144 0.2700621783733368 -0.96017986536026 0.11759480088949203 -0.9949498772621155 -0.048600614070892334 -0.08782258629798889 -0.47914162278175354 -0.07038287818431854 0.9616155624389648 0.2652203440666199 -2.1606316566467285
0.07157907634973526 0.2700481414794922 -0.9601824879646301 0.11758249998092651 -0.9949502348899841 -0.048575062304735184 -0.0878324955701828 -0.479127436876297 -0.07035991549491882 0.9616207480430603 0.2652074992656708 -2.160628080368042
0.07158392667770386 0.26997825503349304 -0.9602017998695374 0.11756885051727295 -0.9949530363082886 -0.048536740243434906 -0.08782166242599487 -0.4791533648967743 -0.07031499594449997 0.961642324924469 0.26514121890068054 -2.1606645584106445
0.07159316539764404 0.2699917256832123 -0.9601973295211792 0.11755917966365814 -0.9949516654014587 -0.04854283854365349 -0.087833933532238 -0.4791434109210968 -0.07032512873411179 0.9616382122039795 0.2651533782482147 -2.1606616973876953
0.07153446227312088 0.2699218690395355 -0.9602213501930237 0.1175900250673294 -0.9949509501457214 -0.04863262176513672 -0.08779256790876389 -0.47917428612709045 -0.07039520144462585 0.9616532921791077 0.2650800943374634 -2.160593032836914
0.07162623852491379 0.2699003219604492 -0.9602205753326416 0.11757912486791611 -0.9949418902397156 -0.04864370450377464 -0.08788908272981644 -0.4791836440563202 -0.0704299658536911 0.961658775806427 0.2650509476661682 -2.160569906234741
0.07159722596406937 0.26985612511634827 -0.9602351188659668 0.1176028698682785 -0.9949524998664856 -0.04853837564587593 -0.08782663941383362 -0.4792252480983734 -0.07030879706144333 0.9616765379905701 0.2650188207626343 -2.1605992317199707
0.0716523602604866 0.26986774802207947 -0.9602277874946594 0.11762983351945877 -0.9949485659599304 -0.04852261021733284 -0.08788030594587326 -0.4792086184024811 -0.07030880451202393 0.9616740345954895 0.2650277316570282 -2.1606547832489014
0.07163359969854355 0.26989659667015076 -0.9602210521697998 0.11763224005699158 -0.9949485659599304 -0.048543643206357956 -0.08786884695291519 -0.4791933596134186 -0.07032811641693115 0.9616649150848389 0.2650558352470398 -2.1606409549713135
0.07170256227254868 0.2698986232280731 -0.9602153301239014 0.11765290796756744 -0.9949443936347961 -0.04851362854242325 -0.08793218433856964 -0.4791746437549591 -0.07031629234552383 0.9616658687591553 0.2650555670261383 -2.1606831550598145
0.07168743014335632 0.26985862851142883 -0.9602277278900146 0.11765290051698685 -0.9949496388435364 -0.0484645739197731 -0.08789996057748795 -0.4791679084300995 -0.07025758177042007 0.9616795182228088 0.2650214433670044 -2.160733222961426
0.07174619287252426 0.2698184847831726 -0.9602345824241638 0.11760116368532181 -0.9949427843093872 -0.04848851263523102 -0.08796440809965134 -0.4791979491710663 -0.07029476016759872 0.9616895914077759 0.26497507095336914 -2.160649538040161
0.0716293528676033 0.26992085576057434 -0.9602145552635193 0.11759855598211288 -0.9949483871459961 -0.04854855686426163 -0.08786763995885849 -0.4791906774044037 -0.07033433020114899 0.9616578221321106 0.2650798261165619 -2.1606345176696777
0.07167249172925949 0.26986655592918396 -0.9602265954017639 0.11760737001895905 -0.9949460029602051 -0.048532743006944656 -0.08790387213230133 -0.4792223274707794 -0.07032473385334015 0.9616738557815552 0.2650241553783417 -2.160611152648926
0.0716363713145256 0.26987704634666443 -0.9602263569831848 0.11760306358337402 -0.9949490427970886 -0.04853533208370209 -0.08786795288324356 -0.4792174994945526 -0.07031843811273575 0.9616708159446716 0.26503700017929077 -2.1606106758117676
0.07163175940513611 0.269896537065506 -0.9602212309837341 0.11763180047273636 -0.9949449300765991 -0.04859527200460434 -0.0878811627626419 -0.47924068570137024 -0.07038101553916931 0.9616622924804688 0.2650512158870697 -2.1605935096740723
0.07164184749126434 0.2698999345302582 -0.9602195024490356 0.1176275834441185 -0.9949445128440857 -0.048587799072265625 -0.08788982033729553 -0.47923770546913147 -0.07037639617919922 0.961661696434021 0.26505452394485474 -2.160590648651123
0.07162701338529587 0.2698489725589752 -0.9602349400520325 0.1176200658082962 -0.9949456453323364 -0.04859582707285881 -0.08787279576063156 -0.4792220890522003 -0.07037578523159027 0.9616756439208984 0.2650042772293091 -2.160590887069702
0.07163278013467789 0.26986172795295715 -0.9602308869361877 0.1176132932305336 -0.9949458837509155 -0.048584457486867905 -0.08787660300731659 -0.4792155921459198 -0.07036682218313217 0.9616726040840149 0.265017569065094 -2.1605892181396484
0.07169834524393082 0.2697637379169464 -0.9602535367012024 0.11758499592542648 -0.9949489831924438 -0.04846858233213425 -0.08790519088506699 -0.47918346524238586 -0.07025574892759323 0.9617059826850891 0.2649260461330414 -2.1606476306915283
0.07180069386959076 0.269780695438385 -0.9602411389350891 0.11759641021490097 -0.9949429631233215 -0.04842115566134453 -0.08799945563077927 -0.4791596233844757 -0.07023652642965317 0.9617035984992981 0.26493972539901733 -2.1606976985931396
0.0717325508594513 0.2697860300540924 -0.9602447152137756 0.11758206784725189 -0.9949437975883484 -0.04849483445286751 -0.08794954419136047 -0.4791232645511627 -0.07029445469379425 0.9616983532905579 0.26494327187538147 -2.1607115268707275
0.07169200479984283 0.2698702812194824 -0.9602240920066833 0.11760754138231277 -0.9949457049369812 -0.04851173982024193 -0.08791857957839966 -0.4791640341281891 -0.07030873745679855 0.9616739153862 0.26502835750579834 -2.1606812477111816
0.07168194651603699 0.2698693871498108 -0.9602251052856445 0.1176069974899292 -0.9949461221694946 -0.048518676310777664 -0.0879100039601326 -0.4791456162929535 -0.07031305879354477 0.9616737961769104 0.26502758264541626 -2.160675287246704
0.07159020751714706 0.26997438073158264 -0.9602023959159851 0.11759184300899506 -0.9949504137039185 -0.048564840108156204 -0.08783562481403351 -0.4792163670063019 -0.0703454315662384 0.9616419672966003 0.26513436436653137 -2.160641670227051
0.07158799469470978 0.26998212933540344 -0.9602004289627075 0.11758782714605331 -0.9949509501457214 -0.04855990409851074 -0.08783256262540817 -0.47921350598335266 -0.07034044712781906 0.9616400599479675 0.26514264941215515 -2.1606342792510986
0.07149620354175568 0.270047664642334 -0.9601888060569763 0.11761918663978577 -0.9949628114700317 -0.04850616306066513 -0.08772759139537811 -0.47920820116996765 -0.07026569545269012 0.9616243839263916 0.2652193605899811 -2.1607019901275635
0.07151269167661667 0.2700209617614746 -0.9601951241493225 0.1176154762506485 -0.9949612617492676 -0.04850991442799568 -0.08774369210004807 -0.4792063534259796 -0.07027160376310349 0.961631715297699 0.26519128680229187 -2.1607003211975098
0.07155957072973251 0.2699584364891052 -0.9602091908454895 0.11760364472866058 -0.9949590563774109 -0.048486869782209396 -0.08778116852045059 -0.47924283146858215 -0.07025479525327682 0.9616503715515137 0.26512786746025085 -2.160649061203003
0.07154002785682678 0.2699519693851471 -0.9602124691009521 0.11759456247091293 -0.9949605464935303 -0.04849116504192352 -0.08776161819696426 -0.4792430102825165 -0.07025323063135147 0.9616519808769226 0.26512250304222107 -2.16064453125
0.07155543565750122 0.2699531316757202 -0.9602109789848328 0.11761677265167236 -0.9949592351913452 -0.048489999026060104 -0.08777735382318497 -0.4792337715625763 -0.07025638967752457 0.9616517424583435 0.2651226222515106 -2.16068172454834
0.07153891026973724 0.26993489265441895 -0.9602173566818237 0.1176103800535202 -0.9949607849121094 -0.04849111661314964 -0.08775915205478668 -0.47923043370246887 -0.07025125622749329 0.9616568088531494 0.26510560512542725 -2.160679817199707
0.0714862048625946 0.2699568271636963 -0.9602150917053223 0.11756236106157303 -0.9949597716331482 -0.048569224774837494 -0.08772774040699005 -0.47920122742652893 -0.07031959295272827 0.9616466760635376 0.26512411236763 -2.160604953765869
0.07158017158508301 0.2699221670627594 -0.9602178335189819 0.11754699051380157 -0.9949482083320618 -0.048613015562295914 -0.08783455193042755 -0.47920528054237366 -0.07038756459951401 0.9616541862487793 0.2650788128376007 -2.1606130599975586
0.07146114110946655 0.2699096202850342 -0.9602302312850952 0.11758585274219513 -0.9949621558189392 -0.048571888357400894 -0.08769892901182175 -0.4792487919330597 -0.07031096518039703 0.9616597890853882 0.2650788426399231 -2.1605279445648193
0.07145696133375168 0.269842267036438 -0.9602494835853577 0.11757982522249222 -0.9949667453765869 -0.04852016642689705 -0.08767523616552353 -0.47919926047325134 -0.07024993747472763 0.9616813063621521 0.26501697301864624 -2.1606390476226807
0.07146941125392914 0.2698470950126648 -0.9602472186088562 0.11756571382284164 -0.994964599609375 -0.048534125089645386 -0.08769235014915466 -0.47919681668281555 -0.07026827335357666 0.9616792798042297 0.26501959562301636 -2.160637855529785
0.07149214297533035 0.2698976695537567 -0.9602313041687012 0.11756274104118347 -0.9949663281440735 -0.04847700148820877 -0.08770398795604706 -0.47923544049263 -0.0702202245593071 0.9616679549217224 0.26507335901260376 -2.1605849266052246
0.07149960845708847 0.26987800002098083 -0.9602362513542175 0.1175481304526329 -0.9949666857719421 -0.04846468195319176 -0.08770684152841568 -0.479238897562027 -0.07020767778158188 0.9616740942001343 0.2650544047355652 -2.1605842113494873
0.07154235988855362 0.26989084482192993 -0.9602294564247131 0.11761482059955597 -0.9949634075164795 -0.04845514893531799 -0.08774948120117188 -0.47921088337898254 -0.07021082937717438 0.961670994758606 0.26506489515304565 -2.1606879234313965
0.07151570171117783 0.2699258625507355 -0.9602215886116028 0.11760038882493973 -0.994967520236969 -0.048428427428007126 -0.08771713823080063 -0.4792148172855377 -0.07017913460731506 0.9616624712944031 0.2651040554046631 -2.160717248916626
0.0714491680264473 0.2699071168899536 -0.9602318406105042 0.11757602542638779 -0.9949669241905212 -0.048521507531404495 -0.08767244219779968 -0.4792341887950897 -0.07025530189275742 0.9616630673408508 0.26508182287216187 -2.1606881618499756
0.0714411586523056 0.2698904573917389 -0.9602371454238892 0.117552250623703 -0.9949681162834167 -0.04851707071065903 -0.08766165375709534 -0.47923627495765686 -0.07024691998958588 0.9616679549217224 0.2650662660598755 -2.160691976547241
0.07138603180646896 0.2699289917945862 -0.9602304100990295 0.11756239831447601 -0.9949750900268555 -0.04848676919937134 -0.08759909868240356 -0.47922810912132263 -0.070203997194767 0.9616586565971375 0.2651113271713257 -2.1607134342193604
0.07139353454113007 0.26990053057670593 -0.9602378606796265 0.11754601448774338 -0.9949749708175659 -0.048481959849596024 -0.08760339021682739 -0.4792303144931793 -0.07019840180873871 0.9616668820381165 0.2650829553604126 -2.1607236862182617
0.07142633944749832 0.26990145444869995 -0.9602351188659668 0.11758092045783997 -0.9949710965156555 -0.048493918031454086 -0.08764075487852097 -0.479221373796463 -0.07021991908550262 0.9616660475730896 0.26508039236068726 -2.160766124725342
0.0713963732123375 0.2699073851108551 -0.9602357149124146 0.1175815612077713 -0.9949728846549988 -0.04850655049085617 -0.08761363476514816 -0.47923001646995544 -0.07022527605295181 0.9616637229919434 0.2650873363018036 -2.1607940196990967
0.07132956385612488 0.2698590159416199 -0.9602542519569397 0.1175970807671547 -0.994983971118927 -0.048442430794239044 -0.08752308040857315 -0.47921380400657654 -0.0701359286904335 0.96168053150177 0.2650499939918518 -2.1607754230499268
0.07131825387477875 0.2698651850223541 -0.9602533578872681 0.11759219318628311 -0.9949857592582703 -0.04843125492334366 -0.08750874549150467 -0.4792189300060272 -0.07012182474136353 0.9616793990135193 0.2650579512119293 -2.16078519821167
0.07132260501384735 0.2698260247707367 -0.9602640271186829 0.11763355880975723 -0.9949926733970642 -0.04833441600203514 -0.08748360723257065 -0.4792378842830658 -0.07001914083957672 0.9616952538490295 0.26502755284309387 -2.160808563232422
0.07130531966686249 0.2698289752006531 -0.9602645039558411 0.11762971431016922 -0.9949924349784851 -0.048358943313360214 -0.08747267723083496 -0.4792439639568329 -0.0700400248169899 0.9616931676864624 0.26502951979637146 -2.160813808441162
0.07129353284835815 0.2697674632072449 -0.9602826237678528 0.1176321730017662 -0.9950017929077148 -0.04825122654438019 -0.08742614835500717 -0.4792534410953522 -0.06991953402757645 0.961715817451477 0.2649790942668915 -2.160846710205078
0.07131597399711609 0.2698940336704254 -0.9602454304695129 0.11761071532964706 -0.9949834942817688 -0.048462558537721634 -0.08751719444990158 -0.47922399640083313 -0.07015630602836609 0.9616696834564209 0.2650839388370514 -2.160677909851074
0.07133456319570541 0.2698960304260254 -0.9602434635162354 0.11759566515684128 -0.9949821829795837 -0.048457324504852295 -0.08753515779972076 -0.4792223870754242 -0.07015620917081833 0.961669385433197 0.26508504152297974 -2.160674810409546
0.07130439579486847 0.2700120210647583 -0.9602131247520447 0.11755934357643127 -0.9949781894683838 -0.04853904992341995 -0.08753520250320435 -0.4792049825191498 -0.07024338096380234 0.9616327285766602 0.26519498229026794 -2.1605656147003174
0.07131052762269974 0.27001476287841797 -0.9602118730545044 0.11753323674201965 -0.9949765801429749 -0.048553258180618286 -0.08754568547010422 -0.47920385003089905 -0.07026003301143646 0.9616312384605408 0.2651959955692291 -2.1605563163757324
0.07140354812145233 0.26998284459114075 -0.9602139592170715 0.11760970205068588 -0.9949701428413391 -0.04852789640426636 -0.0876326635479927 -0.47925320267677307 -0.07025646418333054 0.9616414904594421 0.2651597857475281 -2.160539150238037
0.07136532664299011 0.26998603343963623 -0.9602158665657043 0.11760479211807251 -0.9949735999107361 -0.048527657985687256 -0.08759323507547379 -0.47926458716392517 -0.07024596631526947 0.9616405963897705 0.265165776014328 -2.160527229309082
0.07138395309448242 0.26999062299728394 -0.9602131843566895 0.11753489822149277 -0.9949761033058167 -0.04846981167793274 -0.08759693056344986 -0.4792120158672333 -0.07019168883562088 0.9616422057151794 0.2651742398738861 -2.160520076751709
0.07139777392148972 0.2699764370918274 -0.9602161645889282 0.11751460283994675 -0.9949770569801331 -0.04844140261411667 -0.08760234713554382 -0.479213684797287 -0.0701647698879242 0.961647629737854 0.2651617228984833 -2.1605074405670166
0.0714278370141983 0.26990196108818054 -0.9602348804473877 0.11760871112346649 -0.9949751496315002 -0.04843669757246971 -0.08762656897306442 -0.4792771637439728 -0.07016117870807648 0.9616687893867493 0.26508599519729614 -2.160548210144043
0.07149563729763031 0.26986607909202576 -0.9602399468421936 0.11766356229782104 -0.9949689507484436 -0.04843946546316147 -0.08769486844539642 -0.479240745306015 -0.07017936557531357 0.961678683757782 0.2650451362133026 -2.160645008087158
0.0714089572429657 0.26988208293914795 -0.9602418541908264 0.11764156818389893 -0.9949724078178406 -0.04849939048290253 -0.08762278407812119 -0.4791857898235321 -0.07021895051002502 0.9616711735725403 0.2650619149208069 -2.160601854324341
0.07133887708187103 0.2698895335197449 -0.9602449536323547 0.11761052161455154 -0.9949725866317749 -0.048583436757326126 -0.08757390081882477 -0.47918811440467834 -0.07028727233409882 0.9616648554801941 0.26506680250167847 -2.160541534423828
0.07135225832462311 0.2699030935764313 -0.9602401852607727 0.11760745942592621 -0.9949722290039062 -0.04857058450579643 -0.08758524805307388 -0.4791732132434845 -0.07027894258499146 0.961661696434021 0.26508045196533203 -2.1605148315429688
0.07138691842556 0.26993516087532043 -0.9602285623550415 0.11755765229463577 -0.9949742555618286 -0.04849643632769585 -0.0876031443476677 -0.47923150658607483 -0.07021482288837433 0.9616564512252808 0.26511651277542114 -2.160391330718994
0.07139017432928085 0.26993951201438904 -0.9602271318435669 0.11754357069730759 -0.9949749708175659 -0.04848264902830124 -0.08760304749011993 -0.4792321026325226 -0.07020186632871628 0.9616559147834778 0.2651218771934509 -2.1603715419769287
0.07147610187530518 0.26984918117523193 -0.9602461457252502 0.11761092394590378 -0.99497389793396 -0.048397812992334366 -0.08766186982393265 -0.47924235463142395 -0.07012928277254105 0.9616855382919312 0.2650336027145386 -2.160532236099243
0.07150401175022125 0.26987510919570923 -0.9602367281913757 0.11760374158620834 -0.9949716329574585 -0.04839134216308594 -0.08769097179174423 -0.47924378514289856 -0.07013273984193802 0.9616786241531372 0.26505789160728455 -2.160524845123291
0.07147977501153946 0.2698631286621094 -0.9602419137954712 0.11759419739246368 -0.9949653148651123 -0.04850926250219345 -0.08769744634628296 -0.4792020618915558 -0.07024691998958588 0.9616760015487671 0.26503700017929077 -2.1605021953582764
0.07146430760622025 0.2698732912540436 -0.9602402448654175 0.11757838726043701 -0.9949694275856018 -0.04847206547856331 -0.08767193555831909 -0.4791966378688812 -0.07020512968301773 0.9616750478744507 0.26505160331726074 -2.1604931354522705
0.07151013612747192 0.26988741755485535 -0.9602328538894653 0.11754947155714035 -0.9949716925621033 -0.04838241636753082 -0.08769578486680984 -0.4791514575481415 -0.07012636214494705 0.9616755843162537 0.26507046818733215 -2.1606132984161377
0.07154720276594162 0.2698635160923004 -0.9602367877960205 0.11752291023731232 -0.9949665665626526 -0.04840806871652603 -0.08773946017026901 -0.4791364371776581 -0.070160873234272 0.9616810083389282 0.26504167914390564 -2.160611391067505
0.0715402141213417 0.26990601420402527 -0.9602253437042236 0.11755307018756866 -0.9949666261672974 -0.04841195419430733 -0.08773649483919144 -0.4791698753833771 -0.07016698271036148 0.9616689085960388 0.26508405804634094 -2.1606404781341553
