# 3x4 first row second row third row Freq: 100 current Time: 2021-04-08-11:50:31
0.10913704335689545 0.24184684455394745 -0.9641572833061218 -0.12954150140285492 -0.9883249998092651 -0.0773390680551529 -0.13127224147319794 -0.39314115047454834 -0.10631479322910309 0.9672273993492126 0.23058271408081055 -2.200669050216675
0.10912376642227173 0.24183215200901031 -0.9641624689102173 -0.12954097986221313 -0.9883235096931458 -0.07737105339765549 -0.1312645971775055 -0.3931303322315216 -0.10634224861860275 0.9672284722328186 0.23056535422801971 -2.200669288635254
0.10914140939712524 0.2418811023235321 -0.9641481637954712 -0.12956605851650238 -0.9883253574371338 -0.07732561230659485 -0.13127736747264862 -0.3930938243865967 -0.10630685091018677 0.967219889163971 0.23061779141426086 -2.2005794048309326
0.10917215794324875 0.2418546825647354 -0.9641513228416443 -0.12957507371902466 -0.9883202910423279 -0.0773373544216156 -0.13130871951580048 -0.39307987689971924 -0.1063225269317627 0.9672255516052246 0.23058678209781647 -2.2005703449249268
0.10919038951396942 0.2418672740459442 -0.964146077632904 -0.12952712178230286 -0.9883224368095398 -0.07729322463274002 -0.13131830096244812 -0.39313212037086487 -0.10628354549407959 0.9672259092330933 0.2306031733751297 -2.2005646228790283
0.10917434841394424 0.2418741136789322 -0.9641461968421936 -0.12953081727027893 -0.9883244633674622 -0.07729410380125046 -0.1313028335571289 -0.39312756061553955 -0.10628156363964081 0.9672241806983948 0.23061154782772064 -2.200554847717285
0.10926516354084015 0.2419811338186264 -0.9641090631484985 -0.1295963078737259 -0.9883142709732056 -0.07725980132818222 -0.13139981031417847 -0.3930891752243042 -0.10628313571214676 0.9672001004219055 0.23071157932281494 -2.200535535812378
0.10924965143203735 0.24200478196144104 -0.9641048908233643 -0.12961441278457642 -0.988317608833313 -0.07724521309137344 -0.13138307631015778 -0.3930796980857849 -0.10626780986785889 0.9671953916549683 0.2307385504245758 -2.2005221843719482
0.10929135978221893 0.2420283406972885 -0.9640942215919495 -0.12958969175815582 -0.9883178472518921 -0.0771879032254219 -0.13141481578350067 -0.39313504099845886 -0.10622251033782959 0.9671940803527832 0.2307649403810501 -2.200557231903076
0.10928421467542648 0.24202530086040497 -0.9640958309173584 -0.12959907948970795 -0.9883196353912354 -0.07718127220869064 -0.13140557706356049 -0.39313387870788574 -0.10621360689401627 0.9671953320503235 0.23076364398002625 -2.200547933578491
0.10926306247711182 0.2420538365840912 -0.9640910625457764 -0.12954005599021912 -0.9883280396461487 -0.07712690532207489 -0.13137412071228027 -0.3931383788585663 -0.10615695267915726 0.967192530632019 0.23080144822597504 -2.2006592750549316
0.10929041355848312 0.24206848442554474 -0.964084267616272 -0.12955603003501892 -0.9883303642272949 -0.07706959545612335 -0.13139013946056366 -0.39312008023262024 -0.10610698163509369 0.9671934247016907 0.2308206558227539 -2.2006092071533203
0.10926403105258942 0.24208076298236847 -0.9640841484069824 -0.129560187458992 -0.9883332252502441 -0.07707493007183075 -0.13136574625968933 -0.3931109309196472 -0.10610783100128174 0.9671899676322937 0.23083491623401642 -2.2006003856658936
0.10932203382253647 0.24209266901016235 -0.9640746116638184 -0.12955361604690552 -0.9883202314376831 -0.07711931318044662 -0.13143713772296906 -0.3931131958961487 -0.1061687245965004 0.9671834111213684 0.2308342307806015 -2.2006149291992188
0.10933206975460052 0.24209369719028473 -0.9640732407569885 -0.1295529007911682 -0.9883186221122742 -0.07712165266275406 -0.13144810497760773 -0.39310210943222046 -0.10617366433143616 0.967182993888855 0.23083382844924927 -2.200606107711792
0.10933957248926163 0.24203522503376007 -0.9640870690345764 -0.12956909835338593 -0.988320529460907 -0.07710260897874832 -0.13144466280937195 -0.3931353688240051 -0.10614785552024841 0.9671991467475891 0.23077800869941711 -2.2006022930145264
0.10935236513614655 0.24202966690063477 -0.9640870094299316 -0.12956930696964264 -0.988318920135498 -0.07710258662700653 -0.1314571499824524 -0.39312610030174255 -0.10615012049674988 0.967200517654419 0.23077112436294556 -2.200587749481201
0.1093207374215126 0.24196818470954895 -0.964106023311615 -0.12950986623764038 -0.9883264303207397 -0.07708152383565903 -0.1314127892255783 -0.3931656777858734 -0.10611246526241302 0.9672175645828247 0.23071692883968353 -2.200679063796997
0.10930923372507095 0.2419518232345581 -0.9641114473342896 -0.12950946390628815 -0.9883278608322144 -0.07708509266376495 -0.13140001893043518 -0.3931671380996704 -0.106111079454422 0.9672213792800903 0.23070159554481506 -2.2006711959838867
0.10928352177143097 0.2419692426919937 -0.9641099572181702 -0.12948741018772125 -0.9883289337158203 -0.0771045982837677 -0.13138025999069214 -0.3931734561920166 -0.10612727701663971 0.9672154784202576 0.2307189404964447 -2.2006866931915283
0.10925666987895966 0.2419748604297638 -0.9641115665435791 -0.1294894963502884 -0.9883309602737427 -0.0771191343665123 -0.1313568353652954 -0.39317500591278076 -0.1061364933848381 0.9672129154205322 0.2307254523038864 -2.200683355331421
0.10930171608924866 0.24204905331134796 -0.9640878438949585 -0.12963353097438812 -0.9883226156234741 -0.07712877541780472 -0.13141365349292755 -0.3931569755077362 -0.10616745799779892 0.967193603515625 0.23079223930835724 -2.200779914855957
0.10931623727083206 0.2420405149459839 -0.9640883803367615 -0.12963028252124786 -0.9883279800415039 -0.0770631954073906 -0.13141193985939026 -0.39316046237945557 -0.10610273480415344 0.9672009348869324 0.2307911515235901 -2.2007744312286377
0.10929977893829346 0.24209868907928467 -0.9640756249427795 -0.12959837913513184 -0.9883214235305786 -0.07713569700717926 -0.13141891360282898 -0.39317789673805237 -0.10618098080158234 0.967180609703064 0.23084038496017456 -2.20072865486145
0.10928390920162201 0.24205219745635986 -0.9640890955924988 -0.12956002354621887 -0.9883227348327637 -0.0771496444940567 -0.13140073418617249 -0.39314791560173035 -0.1061849519610405 0.9671911597251892 0.23079445958137512 -2.200833797454834
0.10927169770002365 0.24207673966884613 -0.9640843272209167 -0.12956155836582184 -0.9883253574371338 -0.07713721692562103 -0.13138802349567413 -0.39314329624176025 -0.10617275536060333 0.9671859741210938 0.2308216542005539 -2.200840473175049
0.10927088558673859 0.24207672476768494 -0.9640843868255615 -0.12957699596881866 -0.9883197546005249 -0.07718927413225174 -0.13139961659908295 -0.3932025134563446 -0.10622575134038925 0.9671818614006042 0.23081466555595398 -2.200718402862549
0.10929331928491592 0.24207310378551483 -0.9640827775001526 -0.12957550585269928 -0.9883167743682861 -0.07718902826309204 -0.13142213225364685 -0.3932054340839386 -0.10623036324977875 0.9671827554702759 0.23080866038799286 -2.2007100582122803
0.10931620001792908 0.2421150505542755 -0.964069664478302 -0.12956412136554718 -0.9883118271827698 -0.07719998806715012 -0.13145293295383453 -0.39311912655830383 -0.10625288635492325 0.9671713709831238 0.23084594309329987 -2.200662136077881
0.10929784178733826 0.24212612211704254 -0.9640689492225647 -0.12956364452838898 -0.988314688205719 -0.07719546556472778 -0.13143427670001984 -0.3931109309196472 -0.10624541342258453 0.9671689867973328 0.23085948824882507 -2.2006471157073975
0.10939060896635056 0.2421596497297287 -0.9640499949455261 -0.12962038815021515 -0.9882991909980774 -0.0772165060043335 -0.13153818249702454 -0.393176794052124 -0.10629379749298096 0.9671589136123657 0.23087941110134125 -2.200693130493164
0.10941294580698013 0.2421405017375946 -0.9640522599220276 -0.12962855398654938 -0.9882975220680237 -0.07720668613910675 -0.13155657052993774 -0.39317870140075684 -0.1062864437699318 0.9671644568443298 0.2308594286441803 -2.2006828784942627
0.10931795090436935 0.24213743209838867 -0.964063823223114 -0.12954244017601013 -0.9883155226707458 -0.07716158777475357 -0.13144807517528534 -0.3931669294834137 -0.10621718317270279 0.9671688675880432 0.2308730185031891 -2.2007651329040527
0.10930746793746948 0.24214641749858856 -0.9640627503395081 -0.12953506410121918 -0.988314151763916 -0.07718583196401596 -0.13144414126873016 -0.3931658864021301 -0.10624070465564728 0.9671646356582642 0.23087972402572632 -2.2007665634155273
0.10933127254247665 0.24214239418506622 -0.9640610814094543 -0.12954963743686676 -0.9883126020431519 -0.07717078179121017 -0.13146449625492096 -0.39316797256469727 -0.10623046010732651 0.9671669006347656 0.2308751791715622 -2.2007622718811035
0.10935669392347336 0.24212826788425446 -0.9640617370605469 -0.12955154478549957 -0.9883115887641907 -0.07715054601430893 -0.13148413598537445 -0.393168568611145 -0.10621390491724014 0.9671720266342163 0.23086123168468475 -2.2007651329040527
0.10931366682052612 0.24214406311511993 -0.9640626311302185 -0.12951163947582245 -0.9883173108100891 -0.07714942842721939 -0.13144153356552124 -0.3931817412376404 -0.10620465874671936 0.9671681523323059 0.2308816760778427 -2.2007501125335693
0.10928668826818466 0.242170050740242 -0.9640591740608215 -0.12950141727924347 -0.9883186221122742 -0.07716722041368484 -0.1314210444688797 -0.3931809067726135 -0.10621999949216843 0.9671602249145508 0.23090781271457672 -2.2007501125335693
0.10928068310022354 0.24227391183376312 -0.9640337824821472 -0.12956395745277405 -0.9883170127868652 -0.07717558741569519 -0.1314285844564438 -0.3931473195552826 -0.10624157637357712 0.9671335220336914 0.2310096025466919 -2.2006871700286865
0.10928879678249359 0.24228721857070923 -0.9640294909477234 -0.12956739962100983 -0.9883155226707458 -0.07717732340097427 -0.13143882155418396 -0.39314237236976624 -0.10624714940786362 0.9671300649642944 0.23102158308029175 -2.2006826400756836
0.10938099026679993 0.24226924777030945 -0.9640235900878906 -0.12958870828151703 -0.9883054494857788 -0.07715679705142975 -0.1315264105796814 -0.3931719660758972 -0.10624576359987259 0.9671362042427063 0.2309965193271637 -2.2007291316986084
0.10936660319566727 0.24226096272468567 -0.9640272855758667 -0.12956549227237701 -0.9883118867874146 -0.07711728662252426 -0.13150128722190857 -0.3931502103805542 -0.10620077699422836 0.9671414494514465 0.230995312333107 -2.200813055038452
0.10932586342096329 0.24228209257125854 -0.9640265703201294 -0.12955135107040405 -0.9883139729499817 -0.0771460235118866 -0.1314687728881836 -0.39316225051879883 -0.10622333735227585 0.9671338796615601 0.23101669549942017 -2.2008304595947266
0.10933025181293488 0.24230609834194183 -0.9640200734138489 -0.12958160042762756 -0.9883137345314026 -0.07713956385850906 -0.13147442042827606 -0.3931669592857361 -0.10622112452983856 0.967128336429596 0.23104074597358704 -2.2009170055389404
0.10932695865631104 0.24230670928955078 -0.9640202522277832 -0.1295873522758484 -0.9883156418800354 -0.07712572067975998 -0.131467804312706 -0.39316388964653015 -0.10620627552270889 0.9671292901039124 0.23104357719421387 -2.200934648513794
0.1092185229063034 0.24226710200309753 -0.9640425443649292 -0.12953156232833862 -0.9883322715759277 -0.07711472362279892 -0.13134954869747162 -0.39317965507507324 -0.10616353154182434 0.9671401381492615 0.23101802170276642 -2.200974225997925
0.10922987014055252 0.24225568771362305 -0.9640440940856934 -0.12952920794487 -0.9883326292037964 -0.07709898054599762 -0.1313561499118805 -0.3931752145290375 -0.10614857822656631 0.967144250869751 0.2310076653957367 -2.200993776321411
0.10924317687749863 0.2422153651714325 -0.9640527367591858 -0.12956011295318604 -0.9883285760879517 -0.07712457329034805 -0.1313713639974594 -0.3931686282157898 -0.10617230832576752 0.9671522974967957 0.23096302151679993 -2.2009756565093994
0.10922828316688538 0.24220947921276093 -0.9640558958053589 -0.12956637144088745 -0.9883319735527039 -0.07711311429738998 -0.13135269284248352 -0.3931654989719391 -0.10615620762109756 0.9671546816825867 0.230960413813591 -2.200985908508301
0.1092098280787468 0.2421630173921585 -0.964069664478302 -0.1295652836561203 -0.9883267283439636 -0.07719001173973083 -0.1313469111919403 -0.3932296633720398 -0.10622390359640121 0.967160165309906 0.23090626299381256 -2.2009530067443848
0.109232097864151 0.24216260015964508 -0.9640672206878662 -0.12957346439361572 -0.9883263111114502 -0.07716645300388336 -0.13136406242847443 -0.39322808384895325 -0.10620509833097458 0.9671621322631836 0.23090659081935883 -2.200958251953125
0.10923578590154648 0.2421422302722931 -0.9640719294548035 -0.12959687411785126 -0.9883203506469727 -0.07721861451864243 -0.13137799501419067 -0.3931736350059509 -0.10625644773244858 0.9671630859375 0.2308790385723114 -2.2009899616241455
0.10925132036209106 0.242132306098938 -0.9640726447105408 -0.12961719930171967 -0.9883152842521667 -0.07724690437316895 -0.13139957189559937 -0.3931841254234314 -0.10628769546747208 0.9671633243560791 0.23086372017860413 -2.2009427547454834
0.10920321941375732 0.24219544231891632 -0.9640622735023499 -0.1295984536409378 -0.988316535949707 -0.07728639990091324 -0.1313667893409729 -0.3932138681411743 -0.10632532835006714 0.9671443700790405 0.23092582821846008 -2.2009472846984863
0.10913266986608505 0.24218487739562988 -0.9640728831291199 -0.1295512467622757 -0.9883259534835815 -0.07728972285985947 -0.13129408657550812 -0.39318588376045227 -0.10631035268306732 0.9671467542648315 0.23092275857925415 -2.2009549140930176
0.10912089049816132 0.24217650294303894 -0.9640763401985168 -0.12954741716384888 -0.9883267879486084 -0.0772981122136116 -0.13128305971622467 -0.39318570494651794 -0.10631493479013443 0.9671481847763062 0.2309146672487259 -2.200957775115967
0.10919896513223648 0.242228165268898 -0.964054524898529 -0.1295907199382782 -0.9883126020431519 -0.07732316106557846 -0.13137491047382355 -0.3932197690010071 -0.10636643320322037 0.9671332240104675 0.23095352947711945 -2.200950860977173
0.10920989513397217 0.24221068620681763 -0.9640576839447021 -0.12959884107112885 -0.9883125424385071 -0.07731246203184128 -0.1313815861940384 -0.39322271943092346 -0.106355682015419 0.9671384692192078 0.23093655705451965 -2.200948476791382
0.10918107628822327 0.24219582974910736 -0.9640646576881409 -0.1295873373746872 -0.9883202910423279 -0.07727982848882675 -0.1313425749540329 -0.39320120215415955 -0.10631336271762848 0.967144787311554 0.23092953860759735 -2.2009496688842773
0.10915965586900711 0.2421943098306656 -0.9640674591064453 -0.12958882749080658 -0.9883249402046204 -0.07726423442363739 -0.13131670653820038 -0.39320090413093567 -0.10629208385944366 0.9671463966369629 0.23093251883983612 -2.2009437084198
0.10917472839355469 0.24226634204387665 -0.9640476703643799 -0.12961460649967194 -0.988320529460907 -0.07727595418691635 -0.1313430815935135 -0.3931872546672821 -0.10631769895553589 0.9671274423599243 0.23100019991397858 -2.2008886337280273
0.10915066301822662 0.24224010109901428 -0.9640569686889648 -0.12961959838867188 -0.9883220195770264 -0.07729575037956238 -0.13132019340991974 -0.39318588376045227 -0.10632850974798203 0.9671324491500854 0.23097433149814606 -2.200871229171753
0.1091122180223465 0.24225068092346191 -0.9640586972236633 -0.12956295907497406 -0.9883298277854919 -0.07727087289094925 -0.13127602636814117 -0.3932246267795563 -0.10629534721374512 0.9671317338943481 0.2309923619031906 -2.200899362564087
0.10914062708616257 0.24220603704452515 -0.9640666842460632 -0.12955738604068756 -0.988332211971283 -0.07721985131502151 -0.13128793239593506 -0.39322808384895325 -0.1062438040971756 0.9671469926834106 0.2309522032737732 -2.2008845806121826
0.1091369166970253 0.2421896606683731 -0.9640712141990662 -0.12953661382198334 -0.9883357286453247 -0.07719497382640839 -0.13127635419368744 -0.39322271943092346 -0.1062152162194252 0.9671531319618225 0.2309398651123047 -2.2009944915771484
0.10910424590110779 0.24215544760227203 -0.9640834927558899 -0.1295330971479416 -0.9883431792259216 -0.07717191427946091 -0.13123349845409393 -0.3932158648967743 -0.10617906600236893 0.9671635031700134 0.23091289401054382 -2.2009975910186768
0.10911372303962708 0.24211327731609344 -0.964093029499054 -0.12954212725162506 -0.9883360862731934 -0.07723058760166168 -0.1312524676322937 -0.39324355125427246 -0.10623542219400406 0.9671694040298462 0.2308623492717743 -2.2010092735290527
0.1091274693608284 0.2421048879623413 -0.9640935659408569 -0.12954330444335938 -0.9883419871330261 -0.0771612599492073 -0.1312490701675415 -0.393237829208374 -0.10616670548915863 0.9671770334243774 0.23086200654506683 -2.2010092735290527
0.10910102725028992 0.2421337217092514 -0.9640893340110779 -0.12954393029212952 -0.9883478879928589 -0.07713603973388672 -0.13121917843818665 -0.39321818947792053 -0.10613860934972763 0.9671717882156372 0.2308967113494873 -2.2010059356689453
0.1091216430068016 0.2421085238456726 -0.9640933275222778 -0.12952494621276855 -0.9883450865745544 -0.07713952660560608 -0.13123831152915955 -0.39323005080223083 -0.10614360868930817 0.9671778678894043 0.23086917400360107 -2.2010040283203125
0.10921340435743332 0.2421175241470337 -0.9640806913375854 -0.1295553743839264 -0.9883326888084412 -0.07713747024536133 -0.1313329041004181 -0.3932456076145172 -0.10616473108530045 0.9671757817268372 0.23086820542812347 -2.2010319232940674
0.1092451959848404 0.24207712709903717 -0.9640872478485107 -0.12954072654247284 -0.9883294105529785 -0.07713349908590317 -0.1313600093126297 -0.39323291182518005 -0.1061626598238945 0.9671862125396729 0.23082545399665833 -2.2009990215301514
0.10925273597240448 0.24207991361618042 -0.9640856385231018 -0.12952423095703125 -0.9883283376693726 -0.07713350653648376 -0.13136805593967438 -0.3932388126850128 -0.1061648577451706 0.9671854972839355 0.23082737624645233 -2.200985908508301
0.10921848565340042 0.24209950864315033 -0.9640846252441406 -0.12956058979034424 -0.9883264899253845 -0.07719004154205322 -0.1313486397266388 -0.393250972032547 -0.1062171533703804 0.967176079750061 0.23084276914596558 -2.20098614692688
0.10917907953262329 0.24204209446907043 -0.9641035199165344 -0.129572331905365 -0.988339900970459 -0.07712484151124954 -0.13128621876239777 -0.39323219656944275 -0.1061331033706665 0.9671956300735474 0.23079942166805267 -2.200990915298462
0.1092081069946289 0.24213561415672302 -0.9640767574310303 -0.12956838309764862 -0.9883293509483337 -0.07717207819223404 -0.13133777678012848 -0.3932369649410248 -0.10620135068893433 0.9671684503555298 0.23088189959526062 -2.201031446456909
0.10919724404811859 0.2421533614397049 -0.9640735387802124 -0.1295650452375412 -0.9883313775062561 -0.07716470956802368 -0.13132688403129578 -0.39323821663856506 -0.10619368404150009 0.9671646356582642 0.2309015691280365 -2.201026678085327
0.10923638939857483 0.24220237135887146 -0.9640567898750305 -0.12959522008895874 -0.9883170127868652 -0.07723986357450485 -0.13139046728610992 -0.39321181178092957 -0.10628668963909149 0.9671463370323181 0.23093532025814056 -2.2010064125061035
0.10922751575708389 0.24219654500484467 -0.9640592336654663 -0.12958386540412903 -0.9883177280426025 -0.07724537700414658 -0.1313820332288742 -0.3932241201400757 -0.10628937929868698 0.9671473503112793 0.23092980682849884 -2.2009875774383545
0.1093132495880127 0.242218479514122 -0.9640439748764038 -0.12962102890014648 -0.9883044362068176 -0.07725726068019867 -0.13147523999214172 -0.39324840903282166 -0.10632511973381042 0.9671409130096436 0.2309403419494629 -2.2009849548339844
0.10927696526050568 0.2421787977218628 -0.9640581011772156 -0.1296175867319107 -0.9883124828338623 -0.07723422348499298 -0.131428062915802 -0.3932495713233948 -0.10628735274076462 0.9671527147293091 0.23090839385986328 -2.200962781906128
0.10934782028198242 0.2421368956565857 -0.9640606045722961 -0.12960666418075562 -0.9883001446723938 -0.07726455479860306 -0.13150322437286377 -0.39322882890701294 -0.10632948577404022 0.9671607613563538 0.23085519671440125 -2.2010817527770996
0.10933918505907059 0.24211572110652924 -0.9640668630599976 -0.12959860265254974 -0.9883053302764893 -0.0772305503487587 -0.13148386776447296 -0.39323416352272034 -0.10628971457481384 0.9671688079833984 0.23083992302417755 -2.2010819911956787
0.10935938358306885 0.24210454523563385 -0.9640673995018005 -0.12957341969013214 -0.9882965683937073 -0.07728704065084457 -0.13151679933071136 -0.39325442910194397 -0.10635071247816086 0.9671670794487 0.2308190017938614 -2.2011020183563232
0.10932433605194092 0.24210810661315918 -0.9640704989433289 -0.1295689195394516 -0.9883014559745789 -0.07728545367717743 -0.1314808875322342 -0.39325758814811707 -0.10634119808673859 0.9671663045883179 0.23082658648490906 -2.2010953426361084
0.10934267193078995 0.24210231006145477 -0.9640698432922363 -0.129585862159729 -0.9882974028587341 -0.07730025053024292 -0.13150255382061005 -0.393280029296875 -0.10635989904403687 0.967166543006897 0.23081685602664948 -2.2011759281158447
0.10935171693563461 0.24209420382976532 -0.9640708565711975 -0.12957851588726044 -0.9882965087890625 -0.07729816436767578 -0.1315104216337204 -0.39328595995903015 -0.10635880380868912 0.9671687483787537 0.23080815374851227 -2.2011709213256836
0.10935360938310623 0.24210135638713837 -0.9640688300132751 -0.12958769500255585 -0.9882980585098267 -0.07728087902069092 -0.13150905072689056 -0.39329034090042114 -0.10634259879589081 0.9671683311462402 0.23081734776496887 -2.201171875
0.10934039950370789 0.24207735061645508 -0.9640763998031616 -0.1295749694108963 -0.9882986545562744 -0.07729503512382507 -0.13149617612361908 -0.3932856321334839 -0.10635055601596832 0.9671732187271118 0.23079323768615723 -2.201176643371582
0.10933137685060501 0.24207793176174164 -0.9640772342681885 -0.1295822709798813 -0.9883001446723938 -0.07729246467351913 -0.13148638606071472 -0.39328762888908386 -0.10634584724903107 0.9671732783317566 0.23079515993595123 -2.2011818885803223
0.10933439433574677 0.24209028482437134 -0.9640738368034363 -0.12956997752189636 -0.9882976412773132 -0.0773099809885025 -0.13149504363536835 -0.39327776432037354 -0.10636618733406067 0.9671688079833984 0.23080460727214813 -2.2011702060699463
0.10932309180498123 0.24205715954303741 -0.9640834331512451 -0.12956304848194122 -0.9882993102073669 -0.0773133635520935 -0.13148052990436554 -0.39329004287719727 -0.10636232048273087 0.9671767950057983 0.23077277839183807 -2.201172351837158
0.1093548834323883 0.24209856986999512 -0.9640694260597229 -0.12957386672496796 -0.9882900714874268 -0.07735245674848557 -0.1315271109342575 -0.3932744562625885 -0.10641565173864365 0.9671633243560791 0.23080472648143768 -2.201185941696167
0.10931237041950226 0.24212531745433807 -0.9640675187110901 -0.1295768916606903 -0.988296627998352 -0.077341727912426 -0.1314840018749237 -0.39327171444892883 -0.10639823228120804 0.9671574831008911 0.23083721101284027 -2.2011876106262207
0.10935959219932556 0.2421032041311264 -0.9640676975250244 -0.12962040305137634 -0.9882805347442627 -0.07743261754512787 -0.131551593542099 -0.3932380974292755 -0.1064993366599083 0.9671557545661926 0.2307978719472885 -2.2011563777923584
0.10938242077827454 0.24204038083553314 -0.9640808701515198 -0.12959110736846924 -0.9882786273956299 -0.077429860830307 -0.13156725466251373 -0.3932049572467804 -0.10649321973323822 0.9671717286109924 0.23073385655879974 -2.2011067867279053
0.10929861664772034 0.2420773208141327 -0.9640811085700989 -0.12957091629505157 -0.9882850646972656 -0.07747051864862442 -0.13149522244930267 -0.3932205140590668 -0.10651986300945282 0.9671592116355896 0.23077397048473358 -2.201122999191284
0.10927647352218628 0.24206845462322235 -0.9640858769416809 -0.12957534193992615 -0.9882918000221252 -0.07743813097476959 -0.13146379590034485 -0.3931995928287506 -0.10648022592067719 0.9671640396118164 0.23077209293842316 -2.201129198074341
0.10922757536172867 0.24212123453617096 -0.9640781283378601 -0.1295822709798813 -0.988298237323761 -0.07743289321660995 -0.1314183622598648 -0.39320051670074463 -0.10647052526473999 0.9671512246131897 0.23083016276359558 -2.201268434524536
0.10923837870359421 0.24205216765403748 -0.9640942811965942 -0.12961645424365997 -0.9882991909980774 -0.0774199590086937 -0.13141855597496033 -0.3932495415210724 -0.10645026713609695 0.9671695232391357 0.23076272010803223 -2.2012784481048584
0.10922444611787796 0.24205173552036285 -0.964095950126648 -0.1296209692955017 -0.9883003830909729 -0.07742692530155182 -0.13140588998794556 -0.3932468891143799 -0.10645399987697601 0.9671691060066223 0.23076288402080536 -2.201286554336548
0.10921639949083328 0.24211682379245758 -0.9640805125236511 -0.12961210310459137 -0.9883001446723938 -0.07742968946695328 -0.13140565156936646 -0.39323854446411133 -0.1064639613032341 0.9671525955200195 0.2308274805545807 -2.2012767791748047
0.10921736061573029 0.2421175092458725 -0.9640802145004272 -0.1296149641275406 -0.9883009791374207 -0.07742111384868622 -0.13140466809272766 -0.39323538541793823 -0.10645552724599838 0.9671530723571777 0.23082922399044037 -2.201279640197754
0.10930150002241135 0.2421310842037201 -0.964067280292511 -0.1295652985572815 -0.9882926940917969 -0.07738998532295227 -0.1314850151538849 -0.3932555019855499 -0.10644575208425522 0.9671521782875061 0.23083753883838654 -2.201298952102661
0.10930505394935608 0.2421395182609558 -0.9640647768974304 -0.12955479323863983 -0.9882897138595581 -0.07741150259971619 -0.13149474561214447 -0.3932549059391022 -0.1064697653055191 0.9671483635902405 0.23084251582622528 -2.2013003826141357
0.10928197205066681 0.24214297533035278 -0.9640665054321289 -0.1295645385980606 -0.9883028864860535 -0.07732042670249939 -0.13144974410533905 -0.3933101296424866 -0.10637165606021881 0.9671548008918762 0.2308608591556549 -2.201417922973633
0.10931342095136642 0.24212923645973206 -0.9640663862228394 -0.1295912265777588 -0.9882994890213013 -0.07731398195028305 -0.13147889077663422 -0.3932779133319855 -0.10637068748474121 0.9671587347984314 0.23084473609924316 -2.2014596462249756
0.10933107137680054 0.24216614663600922 -0.9640551209449768 -0.12958015501499176 -0.9882947206497192 -0.07733044773340225 -0.131505087018013 -0.39328351616859436 -0.10639688372612 0.9671481847763062 0.2308768928050995 -2.2014377117156982
0.10928331315517426 0.24216187000274658 -0.9640616178512573 -0.12956365942955017 -0.9883015155792236 -0.0773283913731575 -0.13145513832569122 -0.39330098032951355 -0.10638274252414703 0.9671494364738464 0.23087823390960693 -2.2014214992523193
0.10931403934955597 0.24215854704380035 -0.9640589952468872 -0.12957298755645752 -0.98829185962677 -0.0773785188794136 -0.13149823248386383 -0.3932896852493286 -0.10644086450338364 0.9671462178230286 0.2308647483587265 -2.201385021209717
0.10928376019001007 0.2421443611383438 -0.9640659689903259 -0.12956437468528748 -0.9882979989051819 -0.07736234366893768 -0.1314617395401001 -0.3932996094226837 -0.10641510784626007 0.9671511054039001 0.23085631430149078 -2.2013840675354004
0.10929597169160843 0.2421451359987259 -0.964064359664917 -0.1295776516199112 -0.9882944822311401 -0.07737907022237778 -0.13147832453250885 -0.3932858407497406 -0.10643523186445236 0.967149555683136 0.23085346817970276 -2.201352834701538
0.10931885987520218 0.2421136498451233 -0.9640697240829468 -0.1295747011899948 -0.988294780254364 -0.07735216617584229 -0.13149182498455048 -0.3932833969593048 -0.10640882700681686 0.9671595692634583 0.2308235913515091 -2.2013492584228516
0.10931302607059479 0.2421744167804718 -0.9640551209449768 -0.1295580118894577 -0.9882954359054565 -0.07734531164169312 -0.1314910650253296 -0.39323845505714417 -0.10640890151262283 0.9671449065208435 0.23088499903678894 -2.2012779712677
0.10931874811649323 0.24217109382152557 -0.9640552997589111 -0.12958063185214996 -0.9882938861846924 -0.07735282182693481 -0.1314983367919922 -0.393280565738678 -0.10641748458147049 0.9671451449394226 0.23088008165359497 -2.2013051509857178
0.10930640250444412 0.24218906462192535 -0.964052140712738 -0.1295810490846634 -0.9882925152778625 -0.07737809419631958 -0.13149374723434448 -0.39327487349510193 -0.10644285380840302 0.9671386480331421 0.23089569807052612 -2.2012948989868164
0.10931549221277237 0.24216584861278534 -0.9640569686889648 -0.12961961328983307 -0.9882957935333252 -0.07734021544456482 -0.13149140775203705 -0.39328962564468384 -0.10640309005975723 0.9671474695205688 0.23087698221206665 -2.201406240463257
0.10932698100805283 0.24217164516448975 -0.9640542268753052 -0.1296267807483673 -0.988294243812561 -0.07733888924121857 -0.13150352239608765 -0.39328399300575256 -0.10640529543161392 0.967146098613739 0.23088160157203674 -2.201404333114624
0.10937391221523285 0.24220284819602966 -0.9640410542488098 -0.129620760679245 -0.9882839322090149 -0.07737036794424057 -0.13156266510486603 -0.39330026507377625 -0.1064530462026596 0.9671357870101929 0.23090286552906036 -2.2014646530151367
0.10938292741775513 0.24220450222492218 -0.9640396237373352 -0.12962406873703003 -0.9882851243019104 -0.07734828442335129 -0.1315668225288391 -0.39330026507377625 -0.10643287003040314 0.9671371579170227 0.23090650141239166 -2.2014658451080322
0.10935627669095993 0.24219079315662384 -0.964046061038971 -0.12960167229175568 -0.9882936477661133 -0.07730530947446823 -0.13152769207954407 -0.3932991325855255 -0.10638066381216049 0.9671440124511719 0.2309017926454544 -2.201521635055542
0.10935108363628387 0.24217954277992249 -0.9640495181083679 -0.1296008676290512 -0.9882917404174805 -0.07733078300952911 -0.13152718544006348 -0.39329686760902405 -0.1064038798213005 0.967144787311554 0.23088781535625458 -2.2015275955200195
0.10932689160108566 0.24220061302185059 -0.9640469551086426 -0.129587784409523 -0.9882941246032715 -0.07733633369207382 -0.131506085395813 -0.39328789710998535 -0.10640669614076614 0.9671390652656555 0.2309104949235916 -2.201545238494873
0.10932090878486633 0.24220475554466248 -0.9640465974807739 -0.1295875757932663 -0.9882939457893372 -0.07734476029872894 -0.1315024346113205 -0.39328473806381226 -0.10641445219516754 0.967137336730957 0.23091408610343933 -2.2015488147735596
0.10933724790811539 0.2422681301832199 -0.9640288352966309 -0.12960462272167206 -0.9882891774177551 -0.07735934853553772 -0.1315298080444336 -0.39327025413513184 -0.10644210875034332 0.9671202898025513 0.23097269237041473 -2.2015109062194824
0.1093231812119484 0.2422521710395813 -0.9640344381332397 -0.12961024045944214 -0.9882929921150208 -0.07734408974647522 -0.1315099447965622 -0.39326268434524536 -0.10642091929912567 0.9671255350112915 0.23096060752868652 -2.2015085220336914
0.10933195054531097 0.24221386015415192 -0.9640430212020874 -0.1296251118183136 -0.9882978796958923 -0.07729392498731613 -0.1315026432275772 -0.3932933211326599 -0.10636641830205917 0.9671391248703003 0.23092874884605408 -2.201510190963745
0.10934828221797943 0.2422289401292801 -0.9640374183654785 -0.129630446434021 -0.9882952570915222 -0.07729574292898178 -0.13152152299880981 -0.39328914880752563 -0.10637429356575012 0.9671351909637451 0.2309415340423584 -2.201508045196533
0.10928498953580856 0.24227027595043182 -0.9640341997146606 -0.12958280742168427 -0.9883044362068176 -0.07728501409292221 -0.13145872950553894 -0.3932684659957886 -0.10635392367839813 0.9671257138252258 0.2309906780719757 -2.201512575149536
0.10926935821771622 0.24226966500282288 -0.9640361070632935 -0.1295776516199112 -0.9883065819740295 -0.0772848129272461 -0.131442591547966 -0.39326027035713196 -0.1063498854637146 0.9671258926391602 0.23099182546138763 -2.201511859893799
0.10923518240451813 0.2422502487897873 -0.9640448689460754 -0.12957075238227844 -0.9883112907409668 -0.07728730142116547 -0.13140596449375153 -0.3933182656764984 -0.10634154081344604 0.9671305418014526 0.2309761345386505 -2.2015628814697266
0.10922428965568542 0.24223454296588898 -0.9640500545501709 -0.12956774234771729 -0.9883106350898743 -0.07730884850025177 -0.13139817118644714 -0.39331701397895813 -0.10635875910520554 0.9671327471733093 0.230958953499794 -2.201566457748413
0.1092069074511528 0.24225835502147675 -0.964046061038971 -0.12959472835063934 -0.9883097410202026 -0.07733531296253204 -0.13138934969902039 -0.3933386206626892 -0.10638495534658432 0.9671247005462646 0.23098072409629822 -2.2016360759735107
0.10921190679073334 0.24223527312278748 -0.9640512466430664 -0.12959708273410797 -0.9883118867874146 -0.07731237262487411 -0.131386399269104 -0.39333993196487427 -0.10635949671268463 0.9671323299407959 0.23096056282520294 -2.201646566390991
0.10926711559295654 0.24226811528205872 -0.964036762714386 -0.129614919424057 -0.9883119463920593 -0.07723935693502426 -0.1314292550086975 -0.39333513379096985 -0.10630268603563309 0.9671298861503601 0.2309967279434204 -2.201629161834717
0.10926435142755508 0.24225211143493652 -0.9640411138534546 -0.12960819900035858 -0.9883130192756653 -0.07723519951105118 -0.13142363727092743 -0.3933561444282532 -0.10629554837942123 0.9671342372894287 0.23098184168338776 -2.201617479324341
0.10929783433675766 0.2422967255115509 -0.9640260934829712 -0.12959939241409302 -0.9883047938346863 -0.07726236432790756 -0.1314694732427597 -0.3933408856391907 -0.1063375473022461 0.967120885848999 0.23101839423179626 -2.2016003131866455
0.10930656641721725 0.24225392937660217 -0.9640358686447144 -0.1296004056930542 -0.9883065819740295 -0.07724075764417648 -0.13146844506263733 -0.393303781747818 -0.10631159693002701 0.9671333432197571 0.23097822070121765 -2.201575756072998
0.10929369926452637 0.24225924909114838 -0.9640359878540039 -0.12960752844810486 -0.988308846950531 -0.07723583281040192 -0.13145466148853302 -0.39329972863197327 -0.10630421340465546 0.9671323895454407 0.23098555207252502 -2.2015719413757324
0.10928007960319519 0.2423044890165329 -0.964026153087616 -0.12961772084236145 -0.9883103370666504 -0.07723260670900345 -0.1314450353384018 -0.3933370113372803 -0.10630396008491516 0.9671213626861572 0.23103204369544983 -2.2015254497528076
0.10925692319869995 0.2423318773508072 -0.9640219211578369 -0.12962619960308075 -0.9883129596710205 -0.07723389565944672 -0.131424680352211 -0.39333415031433105 -0.10630354285240173 0.9671143889427185 0.23106136918067932 -2.2015175819396973
0.10923141241073608 0.2423252910375595 -0.9640264511108398 -0.12959344685077667 -0.9883171319961548 -0.07722827792167664 -0.13139645755290985 -0.3933303952217102 -0.1062907725572586 0.9671164751052856 0.23105847835540771 -2.2015438079833984
0.10920576006174088 0.24231460690498352 -0.9640320539474487 -0.12959755957126617 -0.988322377204895 -0.07721403986215591 -0.13136553764343262 -0.3933248519897461 -0.10626858472824097 0.9671202898025513 0.2310527116060257 -2.201538324356079
0.10924512892961502 0.24237428605556488 -0.9640125632286072 -0.12964485585689545 -0.988311767578125 -0.07725364714860916 -0.13142210245132446 -0.39333412051200867 -0.10632681101560593 0.9671021699905396 0.23110176622867584 -2.2015509605407715
0.10922246426343918 0.2423688918352127 -0.9640164971351624 -0.12965771555900574 -0.9883182048797607 -0.07722406089305878 -0.13139118254184723 -0.39332857728004456 -0.10629039257764816 0.9671058654785156 0.23110295832157135 -2.201543092727661
0.10926305502653122 0.24238643050193787 -0.9640074968338013 -0.12962606549263 -0.9883124828338623 -0.07722313702106476 -0.13143455982208252 -0.39331603050231934 -0.10630162060260773 0.9671015739440918 0.23111587762832642 -2.201601266860962
0.10922698676586151 0.24235819280147552 -0.9640186429023743 -0.1296374797821045 -0.9883169531822205 -0.07723113149404526 -0.1313963085412979 -0.39330244064331055 -0.10629720985889435 0.9671080112457275 0.2310909628868103 -2.2015960216522217
0.10921192169189453 0.24235799908638 -0.9640204310417175 -0.12962549924850464 -0.988316535949707 -0.07725337147712708 -0.1313861459493637 -0.3933146595954895 -0.10631629824638367 0.967106282711029 0.23108941316604614 -2.201643705368042
0.1092044934630394 0.24231530725955963 -0.964031994342804 -0.12962064146995544 -0.9883235096931458 -0.07720533758401871 -0.13136224448680878 -0.3933270275592804 -0.10625948756933212 0.9671208262443542 0.23105473816394806 -2.2016348838806152
0.1092139407992363 0.24234884977340698 -0.9640225172042847 -0.12960724532604218 -0.9883151054382324 -0.0772654265165329 -0.1313900649547577 -0.3933488130569458 -0.10632782429456711 0.9671075940132141 0.23107855021953583 -2.2015557289123535
0.1091986820101738 0.24232515692710876 -0.9640302062034607 -0.1296074539422989 -0.9883188605308533 -0.07725317031145096 -0.13136883080005646 -0.39334532618522644 -0.10630834102630615 0.9671145081520081 0.23105856776237488 -2.2015457153320312
0.10922130942344666 0.2423514723777771 -0.9640210270881653 -0.1296244114637375 -0.9883155226707458 -0.07725221663713455 -0.13139475882053375 -0.3933347761631012 -0.1063164547085762 0.9671080112457275 0.23108212649822235 -2.2015297412872314
0.10923118889331818 0.24235400557518005 -0.964019238948822 -0.12961852550506592 -0.9883121252059937 -0.07727038860321045 -0.13140952587127686 -0.39331239461898804 -0.10633775591850281 0.9671059250831604 0.2310810387134552 -2.201535940170288
0.10921216756105423 0.24234846234321594 -0.9640228152275085 -0.1296214461326599 -0.9883131384849548 -0.07728534191846848 -0.1313929706811905 -0.3933056890964508 -0.1063477098941803 0.9671061038970947 0.23107565939426422 -2.201526641845703
0.10920962691307068 0.2422628402709961 -0.9640446305274963 -0.12961606681346893 -0.9883133769035339 -0.07729799300432205 -0.1313837319612503 -0.3933068513870239 -0.10634809732437134 0.9671265482902527 0.23098991811275482 -2.2015504837036133
0.10919945687055588 0.24228335916996002 -0.9640405774116516 -0.12962131202220917 -0.9883144497871399 -0.07729845494031906 -0.1313757300376892 -0.3933030664920807 -0.10634898394346237 0.9671213626861572 0.23101116716861725 -2.2015392780303955
0.10927513241767883 0.2424052506685257 -0.9640013575553894 -0.12961158156394958 -0.9883074164390564 -0.07725172489881516 -0.13145588338375092 -0.39325594902038574 -0.10633634775876999 0.9670945405960083 0.23112919926643372 -2.2015795707702637
0.10926955938339233 0.24235673248767853 -0.9640142321586609 -0.12960006296634674 -0.9883090853691101 -0.0772499367594719 -0.1314442753791809 -0.39326411485671997 -0.10632643103599548 0.9671068787574768 0.2310822755098343 -2.201547861099243
0.10917830467224121 0.2423798143863678 -0.9640187621116638 -0.1296125054359436 -0.9883207678794861 -0.07725399732589722 -0.13135430216789246 -0.3933592736721039 -0.10631191730499268 0.9671007394790649 0.23111452162265778 -2.2016239166259766
0.10917994379997253 0.24235853552818298 -0.9640238881111145 -0.12960517406463623 -0.9883238077163696 -0.07722712308168411 -0.1313471645116806 -0.3933766782283783 -0.10628188401460648 0.9671082496643066 0.2310970425605774 -2.2016077041625977
0.10917723178863525 0.2423679381608963 -0.9640218615531921 -0.1295924037694931 -0.9883235096931458 -0.0772319957613945 -0.13134659826755524 -0.39336109161376953 -0.10628752410411835 0.967105507850647 0.23110592365264893 -2.2016592025756836
0.10918094962835312 0.24235233664512634 -0.9640253782272339 -0.12960153818130493 -0.988325297832489 -0.07721299678087234 -0.13134410977363586 -0.3933486342430115 -0.10626682639122009 0.9671109318733215 0.23109273612499237 -2.2016639709472656
0.10917358845472336 0.24231338500976562 -0.9640359878540039 -0.12962496280670166 -0.988326907157898 -0.07721278071403503 -0.131332129240036 -0.3933630585670471 -0.10625942051410675 0.9671207070350647 0.23105522990226746 -2.2016921043395996
0.10919927060604095 0.2422657310962677 -0.9640450477600098 -0.1296440213918686 -0.988330066204071 -0.07715869694948196 -0.1313401609659195 -0.3933446705341339 -0.10620366781949997 0.9671369194984436 0.23101282119750977 -2.2017033100128174
0.10918793827295303 0.24223843216896057 -0.964053213596344 -0.12961655855178833 -0.9883265495300293 -0.07720857858657837 -0.13133738934993744 -0.3933771848678589 -0.10624812543392181 0.9671397805213928 0.23098041117191315 -2.201693534851074
