# 3x4 first row second row third row Freq: 100 current Time: 2021-04-08-11:40:29
0.3381541967391968 0.7638964653015137 -0.5496488809585571 -0.09565968811511993 -0.7810329794883728 -0.09803035855293274 -0.6167475581169128 -0.4398336410522461 -0.5250135660171509 0.6378496885299683 0.563478946685791 -2.278264284133911
0.33814769983291626 0.7639231085777283 -0.5496158599853516 -0.0956559106707573 -0.7809957265853882 -0.09805457293987274 -0.6167908906936646 -0.43982067704200745 -0.5250731706619263 0.6378140449523926 0.5634637475013733 -2.2783892154693604
0.33816826343536377 0.7638974189758301 -0.5496389865875244 -0.09565816819667816 -0.781004011631012 -0.09804529696702957 -0.6167818307876587 -0.439821720123291 -0.5250475406646729 0.6378462910652161 0.5634511113166809 -2.2783970832824707
0.3381822109222412 0.7639461755752563 -0.5495625734329224 -0.0957021489739418 -0.7809426784515381 -0.09804607182741165 -0.6168593764305115 -0.43983694911003113 -0.5251297950744629 0.6377877593040466 0.56344074010849 -2.2783679962158203
0.33820366859436035 0.7639524936676025 -0.549540638923645 -0.0957171693444252 -0.7809329032897949 -0.09802162647247314 -0.6168756484985352 -0.4398425221443176 -0.5251305103302002 0.6377840042114258 0.5634443759918213 -2.2783684730529785
0.33814895153045654 0.7639951705932617 -0.5495149493217468 -0.09567280113697052 -0.7809728980064392 -0.09799978882074356 -0.6168285608291626 -0.4399009346961975 -0.5251063704490662 0.6377362012863159 0.5635209679603577 -2.278343677520752
0.33816561102867126 0.764011800289154 -0.5494815707206726 -0.0957084521651268 -0.7809578776359558 -0.09797658026218414 -0.6168512105941772 -0.43988850712776184 -0.5251179337501526 0.6377198100090027 0.5635287165641785 -2.278360605239868
0.3381102979183197 0.7640502452850342 -0.5494621992111206 -0.09572232514619827 -0.7809386849403381 -0.0980321615934372 -0.6168666481971741 -0.43983712792396545 -0.5251820683479309 0.6376652717590332 0.563530683517456 -2.278341770172119
0.33812516927719116 0.7640420794487 -0.5494644045829773 -0.09575361758470535 -0.7809321880340576 -0.09802891314029694 -0.616875410079956 -0.4398209750652313 -0.5251821279525757 0.6376755237579346 0.5635190010070801 -2.278362274169922
0.33805641531944275 0.7640522718429565 -0.5494924783706665 -0.09570223093032837 -0.780907392501831 -0.09814127534627914 -0.6168889403343201 -0.43984538316726685 -0.5252633094787598 0.6376460194587708 0.5634767413139343 -2.2782697677612305
0.3381049633026123 0.7639574408531189 -0.5495944619178772 -0.09568899124860764 -0.7809476256370544 -0.09813272207975388 -0.6168393492698669 -0.4398139417171478 -0.525172233581543 0.6377609372138977 0.5634316205978394 -2.2782418727874756
0.3382017910480499 0.7639155983924866 -0.5495930314064026 -0.09569060802459717 -0.7809643149375916 -0.09802740067243576 -0.6168349981307983 -0.4398197531700134 -0.5250850319862366 0.6378272175788879 0.5634377598762512 -2.2782394886016846
0.338083416223526 0.7639721632003784 -0.5495872497558594 -0.09566895663738251 -0.7810106873512268 -0.09806893020868301 -0.6167696118354797 -0.4398588240146637 -0.5250922441482544 0.6377530694007874 0.5635149478912354 -2.2782394886016846
0.33809664845466614 0.7639790177345276 -0.5495696067810059 -0.09567061811685562 -0.780993640422821 -0.09806395322084427 -0.6167920231819153 -0.43986865878105164 -0.5251091122627258 0.6377456784248352 0.563507616519928 -2.278233528137207
0.3381950855255127 0.763928234577179 -0.5495796203613281 -0.09564659744501114 -0.7810367345809937 -0.09793442487716675 -0.6167580485343933 -0.4398421347141266 -0.5249816179275513 0.6378263831138611 0.5635350346565247 -2.2782700061798096
0.3382137417793274 0.763924241065979 -0.5495737195014954 -0.0956437885761261 -0.7810433506965637 -0.09790544956922531 -0.6167542934417725 -0.4398438036441803 -0.5249598026275635 0.6378356218338013 0.5635449290275574 -2.278270721435547
0.33818671107292175 0.763939619064331 -0.5495689511299133 -0.09569238871335983 -0.7810581922531128 -0.09790695458650589 -0.6167352199554443 -0.43980830907821655 -0.5249550938606262 0.6378169655799866 0.5635704398155212 -2.278226852416992
0.33823174238204956 0.7639417052268982 -0.5495383143424988 -0.09569360315799713 -0.7810373902320862 -0.09786853939294815 -0.6167677044868469 -0.43979978561401367 -0.5249570608139038 0.6378204226493835 0.5635647773742676 -2.2782325744628906
0.338221937417984 0.76395183801651 -0.5495302677154541 -0.09564398229122162 -0.7809953689575195 -0.09792158007621765 -0.6168124675750732 -0.43974992632865906 -0.5250258445739746 0.6378000974655151 0.5635235905647278 -2.278252124786377
0.33830779790878296 0.7638972401618958 -0.5495533347129822 -0.09563545882701874 -0.7810364365577698 -0.0978158637881279 -0.616777241230011 -0.439742773771286 -0.5249094367027283 0.6378817558288574 0.5635396838188171 -2.2782676219940186
0.3382691442966461 0.7639184594154358 -0.5495476722717285 -0.09567111730575562 -0.7810367345809937 -0.09784447401762009 -0.6167723536491394 -0.43973758816719055 -0.524933934211731 0.6378519535064697 0.563550591468811 -2.2782716751098633
0.3383423984050751 0.7638721466064453 -0.549566924571991 -0.09566052258014679 -0.781052827835083 -0.09777689725160599 -0.616762638092041 -0.43973881006240845 -0.5248627066612244 0.6379177570343018 0.5635424256324768 -2.2782692909240723
0.33825942873954773 0.7639577984809875 -0.5494989156723022 -0.09565156698226929 -0.7810453772544861 -0.0978030189871788 -0.616767942905426 -0.43978413939476013 -0.5249273180961609 0.6378111839294434 0.563602864742279 -2.278259038925171
0.33832797408103943 0.7639169692993164 -0.5495134592056274 -0.09565334767103195 -0.7810785174369812 -0.0977150946855545 -0.6167399883270264 -0.43977853655815125 -0.5248338580131531 0.6378735303878784 0.5636193156242371 -2.278273344039917
0.338287889957428 0.7639451622962952 -0.549498975276947 -0.09566471725702286 -0.7810819745063782 -0.09773387014865875 -0.6167325377464294 -0.4398002326488495 -0.5248544812202454 0.6378369331359863 0.5636416077613831 -2.27833890914917
0.3382461369037628 0.7639115452766418 -0.5495713949203491 -0.09570012241601944 -0.7810785174369812 -0.09783272445201874 -0.6167212724685669 -0.4397904574871063 -0.5248865485191345 0.6378620266914368 0.5635833740234375 -2.2783474922180176
0.3382110297679901 0.7639299035072327 -0.549567461013794 -0.09571217000484467 -0.7810577154159546 -0.09788534045219421 -0.6167393326759338 -0.4397718608379364 -0.5249401926994324 0.6378319263458252 0.5635673999786377 -2.2783353328704834
0.3382059335708618 0.7639332413673401 -0.5495659112930298 -0.09572538733482361 -0.7810682058334351 -0.09787576645612717 -0.6167275309562683 -0.4397714138031006 -0.5249278545379639 0.6378293633460999 0.5635817646980286 -2.2783429622650146
0.33820366859436035 0.7638849020004272 -0.549634575843811 -0.09569123387336731 -0.7810730934143066 -0.09792716056108475 -0.6167131066322327 -0.43973833322525024 -0.5249220132827759 0.6378794312477112 0.5635306239128113 -2.2784335613250732
0.33822664618492126 0.7638385891914368 -0.5496847629547119 -0.09567313641309738 -0.7811274528503418 -0.0978817343711853 -0.6166515350341797 -0.43977317214012146 -0.5248263478279114 0.637941837310791 0.5635490417480469 -2.2783868312835693
0.3382108211517334 0.7638264298439026 -0.5497114062309265 -0.09565277397632599 -0.781118631362915 -0.09792766720056534 -0.6166554093360901 -0.43976595997810364 -0.5248496532440186 0.6379493474960327 0.5635188221931458 -2.2783491611480713
0.33823588490486145 0.763809084892273 -0.5497201085090637 -0.09567867964506149 -0.7811081409454346 -0.09792568534612656 -0.6166689395904541 -0.4397849142551422 -0.5248490571975708 0.6379704475402832 0.5634955167770386 -2.278313159942627
0.33820438385009766 0.7638260126113892 -0.5497159957885742 -0.09568553417921066 -0.7811130881309509 -0.09794363379478455 -0.6166598796844482 -0.43977001309394836 -0.5248619914054871 0.6379474401473999 0.5635095238685608 -2.278294563293457
0.33821165561676025 0.7638334035873413 -0.5497012138366699 -0.0956849530339241 -0.781070351600647 -0.09797737002372742 -0.6167086362838745 -0.43983587622642517 -0.5249208807945251 0.6379333734512329 0.5634705424308777 -2.278231620788574
0.3382403552532196 0.7638084888458252 -0.5497181415557861 -0.09567910432815552 -0.7810685038566589 -0.0979684442281723 -0.6167124509811401 -0.4398379921913147 -0.5249052047729492 0.6379645466804504 0.5634498596191406 -2.2781786918640137
0.33824047446250916 0.7638317346572876 -0.5496858358383179 -0.09563032537698746 -0.7810645699501038 -0.09794700145721436 -0.6167207956314087 -0.4398534595966339 -0.5249109864234924 0.6379400491714478 0.5634722113609314 -2.278219223022461
0.3382813334465027 0.7638165950775146 -0.5496817231178284 -0.09565418213605881 -0.7811028957366943 -0.09786169230937958 -0.6166858077049255 -0.43985265493392944 -0.5248275995254517 0.6379712820053101 0.5635145306587219 -2.278268814086914
0.33832940459251404 0.7638131380081177 -0.5496569275856018 -0.09566311538219452 -0.7810591459274292 -0.09785321354866028 -0.6167426109313965 -0.43984395265579224 -0.524861752986908 0.6379767060279846 0.5634765625 -2.278257131576538
0.33835867047309875 0.7637544870376587 -0.5497204065322876 -0.09565544873476028 -0.781055748462677 -0.09788326919078827 -0.6167421340942383 -0.43988507986068726 -0.5248479843139648 0.6380423307418823 0.5634151101112366 -2.2782392501831055
0.3383573889732361 0.7637986540794373 -0.549659788608551 -0.09565954655408859 -0.7810338139533997 -0.09786207228899002 -0.616773247718811 -0.43985992670059204 -0.5248814225196838 0.6379926800727844 0.563440203666687 -2.2782702445983887
0.3384269177913666 0.763728141784668 -0.549714982509613 -0.09568560123443604 -0.7810544967651367 -0.0978211909532547 -0.6167535185813904 -0.43980470299720764 -0.5248057842254639 0.6380833387374878 0.5634079575538635 -2.2782540321350098
0.3384537398815155 0.7637223601341248 -0.5497065186500549 -0.0956934466958046 -0.7810499668121338 -0.09779661893844604 -0.616763174533844 -0.43980565667152405 -0.5247952342033386 0.6380940675735474 0.5634056925773621 -2.278245449066162
0.33841559290885925 0.7637709379196167 -0.5496624708175659 -0.09573815017938614 -0.7810768485069275 -0.09776146709918976 -0.6167347431182861 -0.4398590326309204 -0.5247798562049866 0.6380412578582764 0.5634797215461731 -2.2782251834869385
0.33841755986213684 0.763759434223175 -0.549677312374115 -0.09575479477643967 -0.7810779213905334 -0.09777034819126129 -0.6167318820953369 -0.43986597657203674 -0.5247769355773926 0.6380537152290344 0.5634683966636658 -2.278214454650879
0.33844879269599915 0.7637262344360352 -0.5497041344642639 -0.09567980468273163 -0.7811475396156311 -0.09768030792474747 -0.6166579723358154 -0.43987539410591125 -0.5246531367301941 0.638107180595398 0.5635231137275696 -2.2782227993011475
0.3385131061077118 0.7636752724647522 -0.5497353672981262 -0.09569592773914337 -0.781143307685852 -0.09765490889549255 -0.6166673898696899 -0.43986573815345764 -0.5246179699897766 0.6381720900535583 0.5634823441505432 -2.27821683883667
0.338501513004303 0.7637178301811218 -0.5496833920478821 -0.09570742398500443 -0.7811498641967773 -0.09761497378349304 -0.6166654229164124 -0.4398552179336548 -0.5246157050132751 0.6381272673606873 0.5635352730751038 -2.278226852416992
0.338518351316452 0.7636658549308777 -0.5497452020645142 -0.09571724385023117 -0.7812034487724304 -0.09758514910936356 -0.6166023015975952 -0.4398392140865326 -0.5245250463485718 0.6381940245628357 0.5635440349578857 -2.2781918048858643
0.3384769558906555 0.7636550068855286 -0.5497857928276062 -0.09567233920097351 -0.7812398076057434 -0.09760963171720505 -0.6165523529052734 -0.4398023784160614 -0.5244976282119751 0.6382033228874207 0.5635589957237244 -2.278292179107666
0.33843719959259033 0.7636627554893494 -0.5497995018959045 -0.09569214284420013 -0.7812554240226746 -0.09763611108064651 -0.616528332233429 -0.4397589862346649 -0.5244999527931213 0.638189971446991 0.5635719299316406 -2.278291940689087
0.33835020661354065 0.7636515498161316 -0.5498685836791992 -0.09566222131252289 -0.7812978625297546 -0.09771574288606644 -0.6164619326591492 -0.4397774040699005 -0.5244929194450378 0.6381911635398865 0.5635771751403809 -2.278346061706543
0.3383280336856842 0.7636724710464478 -0.5498531460762024 -0.09567184001207352 -0.7812764048576355 -0.09774862229824066 -0.6164839267730713 -0.439753919839859 -0.5245391726493835 0.6381610631942749 0.5635681748390198 -2.278362512588501
0.3383205235004425 0.7636359333992004 -0.5499085783958435 -0.09564103931188583 -0.7812691330909729 -0.09780865162611008 -0.6164835691452026 -0.4397597312927246 -0.5245547890663147 0.6381956338882446 0.5635144710540771 -2.2784183025360107
0.33828020095825195 0.763658881187439 -0.5499014854431152 -0.09563583880662918 -0.7813459634780884 -0.09774449467658997 -0.616396427154541 -0.4398012161254883 -0.5244664549827576 0.6381779909133911 0.5636166930198669 -2.2784624099731445
0.3383491635322571 0.7636784911155701 -0.5498318076133728 -0.0956488847732544 -0.7812914848327637 -0.09769468754529953 -0.6164733171463013 -0.4398367404937744 -0.5245030522346497 0.6381621360778809 0.5636005997657776 -2.27842378616333
0.3382945954799652 0.7636925578117371 -0.5498458743095398 -0.09565010666847229 -0.781343400478363 -0.09769019484519958 -0.6164082288742065 -0.4398382008075714 -0.5244609117507935 0.6381460428237915 0.5636580586433411 -2.2784194946289062
0.33835071325302124 0.7637491822242737 -0.5497326850891113 -0.09568419307470322 -0.781265377998352 -0.0976451113820076 -0.6165143251419067 -0.4398616552352905 -0.5245409607887268 0.6380851864814758 0.5636524558067322 -2.2783737182617188
0.338278204202652 0.7637583613395691 -0.5497645735740662 -0.0956742987036705 -0.7813172936439514 -0.09767057001590729 -0.61644446849823 -0.43987804651260376 -0.524510383605957 0.638070285320282 0.5636977553367615 -2.278317451477051
0.3383592963218689 0.7637388706207275 -0.5497416853904724 -0.0957135334610939 -0.7813035845756531 -0.09759842604398727 -0.6164732575416565 -0.439855694770813 -0.5244784951210022 0.6381046175956726 0.5636885762214661 -2.278310537338257
0.33836591243743896 0.763753354549408 -0.5497174859046936 -0.09571728110313416 -0.7813009023666382 -0.09757642447948456 -0.6164801716804504 -0.43984588980674744 -0.5244782567024231 0.6380906105041504 0.5637046694755554 -2.278277635574341
0.3383803367614746 0.763762354850769 -0.549696147441864 -0.0956912562251091 -0.7812670469284058 -0.09758789092302322 -0.6165212392807007 -0.43988773226737976 -0.5245193839073181 0.6380781531333923 0.5636804699897766 -2.278280019760132
0.3384261429309845 0.7638031840324402 -0.5496112108230591 -0.09568999707698822 -0.7812814712524414 -0.0974620133638382 -0.6165228486061096 -0.4398919343948364 -0.5244683027267456 0.638048529624939 0.5637615919113159 -2.2783193588256836
0.3384263515472412 0.7638080716133118 -0.5496042966842651 -0.09569520503282547 -0.7812933325767517 -0.09744182229042053 -0.6165110468864441 -0.43990257382392883 -0.5244505405426025 0.6380457282066345 0.5637812614440918 -2.2783188819885254
0.33841773867607117 0.7637737393379211 -0.5496572256088257 -0.09569230675697327 -0.7813416123390198 -0.09743329137563705 -0.6164511442184448 -0.43984225392341614 -0.5243841409683228 0.6380881071090698 0.5637950897216797 -2.2782175540924072
0.33834460377693176 0.7638221383094788 -0.5496350526809692 -0.09571097046136856 -0.7813886404037476 -0.09742165356874466 -0.6163934469223022 -0.4398549497127533 -0.5243613123893738 0.6380319595336914 0.5638797879219055 -2.2782294750213623
0.3383444845676422 0.7638265490531921 -0.5496289730072021 -0.09567929059267044 -0.7813752293586731 -0.09743314236402512 -0.6164085865020752 -0.4398439824581146 -0.5243813395500183 0.6380249261856079 0.5638691782951355 -2.2782816886901855
0.33828920125961304 0.763843834400177 -0.5496390461921692 -0.09569113701581955 -0.7814297676086426 -0.09742286801338196 -0.6163410544395447 -0.439844012260437 -0.5243357419967651 0.6380058526992798 0.5639331936836243 -2.2782726287841797
0.3383421003818512 0.7638892531394958 -0.5495433211326599 -0.09569601714611053 -0.7813709378242493 -0.09737133234739304 -0.6164237856864929 -0.4398549497127533 -0.5243892669677734 0.6379593014717102 0.5639359951019287 -2.2782607078552246
0.338309645652771 0.7639216184616089 -0.549518346786499 -0.09569088369607925 -0.7813548445701599 -0.09739889949560165 -0.6164398193359375 -0.4398427903652191 -0.5244342088699341 0.6379163265228271 0.5639428496360779 -2.27822208404541
0.33832433819770813 0.7638835310935974 -0.5495622158050537 -0.09568463265895844 -0.7813423871994019 -0.09743665903806686 -0.6164496541023254 -0.4398204982280731 -0.5244432091712952 0.6379562020301819 0.5638893842697144 -2.2782609462738037
0.33831244707107544 0.7638982534408569 -0.5495490431785583 -0.09567636996507645 -0.7813055515289307 -0.09748118370771408 -0.6164892911911011 -0.4398075044155121 -0.5245057940483093 0.6379317045211792 0.5638588666915894 -2.278214931488037
0.3383128345012665 0.7638675570487976 -0.5495914816856384 -0.09567534923553467 -0.7812927961349487 -0.09753064066171646 -0.6164976358413696 -0.43980950117111206 -0.5245245695114136 0.6379609704017639 0.5638083219528198 -2.2782130241394043
0.3382701873779297 0.7638517618179321 -0.5496397018432617 -0.09565630555152893 -0.7813469767570496 -0.09754065424203873 -0.6164274215698242 -0.43982353806495667 -0.5244714021682739 0.6379783153533936 0.5638381242752075 -2.2781577110290527
0.3382909595966339 0.763882040977478 -0.5495848059654236 -0.09563015401363373 -0.781318724155426 -0.09751267731189728 -0.6164676547050476 -0.439826637506485 -0.5245000720024109 0.6379463076591492 0.5638476610183716 -2.2781927585601807
0.33828243613243103 0.7638705372810364 -0.5496060848236084 -0.09562700241804123 -0.7812992930412292 -0.09756089746952057 -0.6164847016334534 -0.4398396611213684 -0.5245345234870911 0.6379527449607849 0.5638083219528198 -2.278197765350342
0.33827394247055054 0.7638710141181946 -0.5496105551719666 -0.09566427767276764 -0.7812719345092773 -0.09760510921478271 -0.6165122985839844 -0.4398385286331177 -0.5245806574821472 0.6379453539848328 0.5637737512588501 -2.278146266937256
0.3381672501564026 0.7639335989952087 -0.5495892763137817 -0.09567941725254059 -0.7813175916671753 -0.0976249948143959 -0.6164513230323792 -0.4398697018623352 -0.5245815515518188 0.6378673911094666 0.5638611912727356 -2.2781670093536377
0.3381979763507843 0.7639444470405579 -0.5495553016662598 -0.09568607062101364 -0.7812828421592712 -0.0976131409406662 -0.6164972186088562 -0.4398505687713623 -0.5246134400367737 0.6378562450408936 0.5638441443443298 -2.2782084941864014
0.33820968866348267 0.763931393623352 -0.5495662689208984 -0.09571073204278946 -0.78126060962677 -0.09763885289430618 -0.6165212988853455 -0.43984249234199524 -0.5246389508247375 0.6378679275512695 0.5638070702552795 -2.2782251834869385
0.3382236063480377 0.763953685760498 -0.5495266914367676 -0.09567440301179886 -0.781255304813385 -0.09760133177042007 -0.6165339946746826 -0.4398353397846222 -0.5246379375457764 0.6378470063209534 0.5638317465782166 -2.278301954269409
0.3381342887878418 0.7639488577842712 -0.5495883822441101 -0.09569340199232101 -0.7813379168510437 -0.09762810915708542 -0.6164250373840332 -0.43985605239868164 -0.5245724320411682 0.6378486752510071 0.563890814781189 -2.278473377227783
0.33805522322654724 0.7639873623847961 -0.5495834350585938 -0.09569929540157318 -0.7813728451728821 -0.09765025973320007 -0.6163772940635681 -0.4398542642593384 -0.524571418762207 0.6377991437911987 0.5639477968215942 -2.278463363647461
0.3381175994873047 0.7640009522438049 -0.5495262145996094 -0.09572238475084305 -0.7813279628753662 -0.09760451316833496 -0.6164413690567017 -0.4398636817932129 -0.5245980024337769 0.6377899050712585 0.5639334917068481 -2.2784574031829834
0.33802565932273865 0.7640151381492615 -0.5495629906654358 -0.09572678804397583 -0.7813475728034973 -0.0976901724934578 -0.6164029836654663 -0.4398573040962219 -0.5246281027793884 0.6377597451210022 0.5639395713806152 -2.2784221172332764
0.3380247950553894 0.7640491724014282 -0.5495162606239319 -0.09570828825235367 -0.7813133597373962 -0.09769472479820251 -0.6164456009864807 -0.43987488746643066 -0.5246795415878296 0.6377183198928833 0.563938558101654 -2.27846622467041
0.33792200684547424 0.7640824317932129 -0.5495332479476929 -0.09569209069013596 -0.7813056111335754 -0.09780698269605637 -0.6164376139640808 -0.4398559629917145 -0.5247573256492615 0.6376612782478333 0.5639307498931885 -2.2783854007720947
0.3379160761833191 0.7640708684921265 -0.5495529770851135 -0.09568281471729279 -0.7813007831573486 -0.09783393889665604 -0.6164394617080688 -0.43984150886535645 -0.5247683525085449 0.6376709938049316 0.5639094710350037 -2.278423547744751
0.3379710614681244 0.7640351057052612 -0.5495688915252686 -0.09569458663463593 -0.7813238501548767 -0.09777103364467621 -0.6164202094078064 -0.4398462474346161 -0.5246985554695129 0.637723445892334 0.5639150738716125 -2.278447389602661
0.3380212187767029 0.7640467882156372 -0.5495217442512512 -0.0956992655992508 -0.7812765836715698 -0.09774696081876755 -0.6164839267730713 -0.43984895944595337 -0.5247366428375244 0.6377131342887878 0.5638912916183472 -2.2784433364868164
0.3380492031574249 0.7640219330787659 -0.5495391488075256 -0.09569458663463593 -0.7812369465827942 -0.09778491407632828 -0.6165281534194946 -0.43980681896209717 -0.5247776508331299 0.6377371549606323 0.5638260245323181 -2.2783803939819336
0.33806970715522766 0.7640495896339417 -0.5494880080223083 -0.09569156914949417 -0.7812064290046692 -0.09776299446821213 -0.6165702939033508 -0.43982774019241333 -0.5248098969459534 0.6377072930335999 0.5638297200202942 -2.2783658504486084
0.33813783526420593 0.7639648914337158 -0.5495638847351074 -0.0957215204834938 -0.7812041640281677 -0.0977678969502449 -0.6165724396705627 -0.4398418962955475 -0.5247693657875061 0.6378080248832703 0.5637534856796265 -2.2783360481262207
0.33812016248703003 0.7639530897140503 -0.5495911836624146 -0.09572647511959076 -0.7812187671661377 -0.09778746217489243 -0.6165507435798645 -0.43985238671302795 -0.5247589945793152 0.6378191709518433 0.5637505650520325 -2.278292417526245
0.33813753724098206 0.7639378905296326 -0.5496016144752502 -0.09572535008192062 -0.7811943292617798 -0.09781057387590408 -0.6165781021118164 -0.43985769152641296 -0.5247842073440552 0.637833833694458 0.5637105107307434 -2.2782883644104004
0.33814963698387146 0.7638866305351257 -0.5496653914451599 -0.09573260694742203 -0.781199038028717 -0.09784579277038574 -0.6165664792060852 -0.4398444592952728 -0.5247693657875061 0.6378898620605469 0.5636609792709351 -2.278236150741577
0.3381529450416565 0.7639336585998535 -0.5495980381965637 -0.0957191213965416 -0.781200647354126 -0.09778661280870438 -0.6165738701820374 -0.4398634135723114 -0.5247648358345032 0.63784259557724 0.5637186169624329 -2.2782390117645264
0.3381231725215912 0.7639583945274353 -0.5495819449424744 -0.09574084728956223 -0.7812361717224121 -0.0977562889456749 -0.6165336966514587 -0.4398746192455292 -0.5247311592102051 0.6378176212310791 0.5637782216072083 -2.2782506942749023
0.33811530470848083 0.7639370560646057 -0.5496164560317993 -0.09570811688899994 -0.781257688999176 -0.09776480495929718 -0.6165050864219666 -0.4398598372936249 -0.5247042179107666 0.6378418803215027 0.563775897026062 -2.278308391571045
0.3380551338195801 0.7639750838279724 -0.5496006011962891 -0.09572223573923111 -0.7812759280204773 -0.0977819561958313 -0.616479218006134 -0.4398365616798401 -0.524715781211853 0.6377936601638794 0.5638196468353271 -2.2782821655273438
0.33805903792381287 0.7639659643173218 -0.5496109127998352 -0.09571386128664017 -0.7812579870223999 -0.09780875593423843 -0.6164977550506592 -0.4398287236690521 -0.5247400403022766 0.6378005146980286 0.5637893080711365 -2.278301954269409
0.33807891607284546 0.7639420032501221 -0.5496319532394409 -0.09571561217308044 -0.7812696099281311 -0.09779434651136398 -0.6164852380752563 -0.43981361389160156 -0.5247098803520203 0.6378313899040222 0.5637824535369873 -2.2782704830169678
0.3381028473377228 0.7639509439468384 -0.5496048331260681 -0.09568585455417633 -0.7812550067901611 -0.09776948392391205 -0.6165077090263367 -0.43982651829719543 -0.5247161984443665 0.637824535369873 0.5637843012809753 -2.2782907485961914
0.33799558877944946 0.7639867067337036 -0.549621045589447 -0.09570004045963287 -0.7812957763671875 -0.0978260263800621 -0.6164470911026001 -0.43982285261154175 -0.5247246026992798 0.6377730369567871 0.5638347864151001 -2.2782881259918213
0.33799833059310913 0.7639917135238647 -0.5496124029159546 -0.09567693620920181 -0.7813114523887634 -0.09779754281044006 -0.616431713104248 -0.43982741236686707 -0.5246994495391846 0.6377713680267334 0.5638600587844849 -2.2782797813415527
0.3379857838153839 0.7639892101287842 -0.5496236681938171 -0.09567812085151672 -0.7813242673873901 -0.09780195355415344 -0.6164147853851318 -0.4398253858089447 -0.5246884822845459 0.6377737522125244 0.5638676285743713 -2.278282642364502
0.3379516899585724 0.7640284299850464 -0.5495900511741638 -0.09569896012544632 -0.7813325524330139 -0.09779434651136398 -0.6164054870605469 -0.43982362747192383 -0.5246980786323547 0.6377278566360474 0.5639104843139648 -2.278303861618042
0.33796247839927673 0.7640349864959717 -0.5495743155479431 -0.09570735692977905 -0.7813302278518677 -0.09777513891458511 -0.6164115071296692 -0.43982821702957153 -0.5246946215629578 0.6377229690551758 0.5639193058013916 -2.2783069610595703
0.3379996418952942 0.7640454173088074 -0.549536943435669 -0.09569822996854782 -0.7813023924827576 -0.09774656593799591 -0.6164512634277344 -0.4398481547832489 -0.5247121453285217 0.6377148032188416 0.5639122128486633 -2.278313159942627
0.3380245864391327 0.7640262246131897 -0.5495482683181763 -0.09571072459220886 -0.7813023924827576 -0.09773407131433487 -0.616453230381012 -0.4398415684700012 -0.5246960520744324 0.6377397775650024 0.5638989806175232 -2.2783236503601074
0.3379657566547394 0.7641218304634094 -0.5494515299797058 -0.0957055613398552 -0.781302273273468 -0.09770721197128296 -0.6164577007293701 -0.4398403763771057 -0.5247341394424438 0.6376293301582336 0.5639883875846863 -2.2782959938049316
0.33795878291130066 0.7641092538833618 -0.5494732856750488 -0.09571143239736557 -0.7813159227371216 -0.09771420806646347 -0.6164392232894897 -0.43984681367874146 -0.5247182846069336 0.6376433372497559 0.5639873743057251 -2.278299331665039
0.3379383683204651 0.7641405463218689 -0.5494423508644104 -0.09567394107580185 -0.7813137173652649 -0.09770962595939636 -0.6164427995681763 -0.4398573338985443 -0.5247347354888916 0.6376065015792847 0.564013659954071 -2.2782609462738037
0.3380005359649658 0.7640696167945862 -0.5495027899742126 -0.09567034244537354 -0.7813201546669006 -0.0976966917514801 -0.6164367198944092 -0.4398368000984192 -0.5246851444244385 0.6376935243606567 0.563961386680603 -2.2782769203186035
0.3379240334033966 0.7641211748123169 -0.5494781732559204 -0.09567872434854507 -0.7813231945037842 -0.09773945063352585 -0.6164261102676392 -0.43983837962150574 -0.5247299075126648 0.6376252174377441 0.5639970302581787 -2.27828049659729
0.3379319906234741 0.7641445994377136 -0.5494406819343567 -0.09568632394075394 -0.7812973260879517 -0.0977337434887886 -0.6164597868919373 -0.4398764371871948 -0.524763286113739 0.6375979781150818 0.5639967322349548 -2.2782392501831055
0.3379219174385071 0.7641255855560303 -0.5494732856750488 -0.09567668288946152 -0.7812684178352356 -0.09780393540859222 -0.6164852976799011 -0.43985000252723694 -0.5248128175735474 0.6376100182533264 0.5639370679855347 -2.27817440032959
0.338013231754303 0.7641415596008301 -0.5493949055671692 -0.09570992738008499 -0.7812140583992004 -0.09772759675979614 -0.6165663003921509 -0.4398210644721985 -0.524834930896759 0.6376025676727295 0.5639248490333557 -2.2781643867492676
0.3379576504230499 0.7641620635986328 -0.5494005680084229 -0.09572648257017136 -0.781225323677063 -0.09776661545038223 -0.6165457963943481 -0.4397992491722107 -0.5248539447784424 0.6375719904899597 0.5639417767524719 -2.278141498565674
0.33794641494750977 0.7641305327415466 -0.5494512915611267 -0.09568456560373306 -0.7812485098838806 -0.09778915345668793 -0.6165128350257874 -0.4397944211959839 -0.52482670545578 0.6376063227653503 0.5639283061027527 -2.2781877517700195
0.3379999101161957 0.7640641927719116 -0.549510657787323 -0.0956907868385315 -0.7812780141830444 -0.09775476157665253 -0.6164808869361877 -0.4398023188114166 -0.5247482657432556 0.637691080570221 0.5639054775238037 -2.2781965732574463
0.338022381067276 0.7640867829322815 -0.5494654178619385 -0.09566622972488403 -0.7812502980232239 -0.09773246943950653 -0.616519570350647 -0.43983742594718933 -0.5247750282287598 0.6376674175262451 0.563907265663147 -2.2781779766082764
0.33801499009132385 0.7640907168388367 -0.5494645237922668 -0.09567186236381531 -0.7812460660934448 -0.09774326533079147 -0.6165232062339783 -0.4398430585861206 -0.524786114692688 0.6376610994338989 0.5639041662216187 -2.2781686782836914
0.3380466401576996 0.7640836834907532 -0.5494548082351685 -0.09564267098903656 -0.781221330165863 -0.0977381020784378 -0.616555392742157 -0.43983328342437744 -0.524802565574646 0.6376702785491943 0.5638784170150757 -2.2781929969787598
0.338079571723938 0.7640472650527954 -0.5494852066040039 -0.0956437811255455 -0.7812419533729553 -0.09770899266004562 -0.6165338754653931 -0.43985074758529663 -0.5247506499290466 0.6377183794975281 0.5638723373413086 -2.278207778930664
0.33805733919143677 0.7640373110771179 -0.5495127439498901 -0.0956408679485321 -0.7812584638595581 -0.09773039817810059 -0.6165095567703247 -0.4398091733455658 -0.5247403979301453 0.6377270221710205 0.5638720989227295 -2.2782325744628906
0.3379581868648529 0.7640721797943115 -0.5495252013206482 -0.0956350713968277 -0.7812889814376831 -0.09778936207294464 -0.6164615154266357 -0.4398323595523834 -0.5247588157653809 0.6376762390136719 0.5639124512672424 -2.2782320976257324
0.33803388476371765 0.7640818357467651 -0.5494652390480042 -0.0956883430480957 -0.781244158744812 -0.09772977232933044 -0.6165277361869812 -0.43981805443763733 -0.5247767567634583 0.6376737952232361 0.563898503780365 -2.2781689167022705
0.3380449712276459 0.7640686631202698 -0.5494767427444458 -0.09568531066179276 -0.7812228798866272 -0.09775537997484207 -0.6165506839752197 -0.43980884552001953 -0.5248013734817505 0.6376856565475464 0.563862144947052 -2.278163433074951
0.33805298805236816 0.7640573978424072 -0.5494874715805054 -0.09569142758846283 -0.7812270522117615 -0.09775196760892868 -0.6165459156036377 -0.4398031234741211 -0.5247899293899536 0.6376996636390686 0.5638569593429565 -2.2781617641448975
0.3380129635334015 0.7640646696090698 -0.5495019555091858 -0.09568347036838531 -0.7812307476997375 -0.09779387712478638 -0.6165345907211304 -0.43981611728668213 -0.5248101949691772 0.6376845240592957 0.5638552308082581 -2.278188705444336
0.3380134403705597 0.7640605568885803 -0.5495074391365051 -0.09569145739078522 -0.7812235355377197 -0.0978066548705101 -0.6165416836738586 -0.4398343861103058 -0.5248206853866577 0.6376875042915344 0.5638421177864075 -2.278208017349243
0.3380160927772522 0.7640565633773804 -0.5495113730430603 -0.09568320214748383 -0.7812055945396423 -0.09782932698726654 -0.6165608763694763 -0.4397962689399719 -0.5248456597328186 0.6376888155937195 0.5638173222541809 -2.278249740600586
0.33808279037475586 0.7639912962913513 -0.5495610237121582 -0.09567362815141678 -0.781217634677887 -0.09779691696166992 -0.6165506839752197 -0.4397757351398468 -0.5247847437858582 0.6377719640731812 0.5637800693511963 -2.278217077255249
0.3381004333496094 0.7640030980110168 -0.5495337843894958 -0.09567858278751373 -0.7811909914016724 -0.09779205173254013 -0.6165853142738342 -0.4397588074207306 -0.5248131155967712 0.6377585530281067 0.5637688040733337 -2.278231620788574
0.3380887508392334 0.7639968395233154 -0.5495496392250061 -0.09566609561443329 -0.7812724709510803 -0.09771593660116196 -0.6164941191673279 -0.4397835433483124 -0.5246992707252502 0.6377776861190796 0.5638530254364014 -2.2782413959503174
0.33808496594429016 0.7640012502670288 -0.5495458245277405 -0.09566731750965118 -0.7812351584434509 -0.09776151925325394 -0.6165341138839722 -0.43979090452194214 -0.5247572660446167 0.6377654671669006 0.5638129115104675 -2.2782199382781982
0.33804962038993835 0.7640102505683899 -0.5495551228523254 -0.09566613286733627 -0.7812954187393188 -0.09772639721632004 -0.616463303565979 -0.43980270624160767 -0.5246903300285339 0.6377601027488708 0.5638813376426697 -2.278224468231201
0.33806508779525757 0.764003574848175 -0.5495548844337463 -0.09567626565694809 -0.7812680006027222 -0.0977461189031601 -0.6164949536323547 -0.43981030583381653 -0.5247212052345276 0.6377650499343872 0.5638469457626343 -2.278196096420288
0.3380427360534668 0.7639939188957214 -0.5495820045471191 -0.09567907452583313 -0.7813305258750916 -0.09771141409873962 -0.6164212226867676 -0.4398129880428314 -0.5246425271034241 0.6377819180488586 0.5639011263847351 -2.2781875133514404
0.3380673825740814 0.7639760971069336 -0.5495916604995728 -0.0956614688038826 -0.7813138961791992 -0.09771805256605148 -0.6164412498474121 -0.4398181736469269 -0.5246514081954956 0.6378023028373718 0.563869833946228 -2.2782087326049805
0.3380966782569885 0.7639833688735962 -0.5495635271072388 -0.09564848244190216 -0.7812614440917969 -0.09773364663124084 -0.6165052056312561 -0.4397759735584259 -0.5247105360031128 0.6377911567687988 0.5638273358345032 -2.2782018184661865
0.3380921185016632 0.7639830708503723 -0.5495666861534119 -0.09566120058298111 -0.7812631130218506 -0.09773819893598557 -0.6165024042129517 -0.439762145280838 -0.5247110724449158 0.6377907991409302 0.5638272762298584 -2.2782204151153564
0.3381442427635193 0.7639644145965576 -0.5495606064796448 -0.09566689282655716 -0.7812129259109497 -0.09774908423423767 -0.6165643334388733 -0.439797043800354 -0.5247522592544556 0.6378114819526672 0.5637655258178711 -2.2781901359558105
0.3381730020046234 0.7639769911766052 -0.5495254397392273 -0.09566680341959 -0.7812497019767761 -0.09765103459358215 -0.6165332198143005 -0.4398120045661926 -0.5246789455413818 0.6378114819526672 0.5638338327407837 -2.2781805992126465
0.3381730318069458 0.7639799118041992 -0.5495213270187378 -0.09567737579345703 -0.7812471389770508 -0.09765080362558365 -0.6165364980697632 -0.43981948494911194 -0.5246827006340027 0.6378079652786255 0.5638342499732971 -2.2781822681427
0.33817818760871887 0.7639816403388977 -0.5495157837867737 -0.09568668901920319 -0.7812280654907227 -0.09766500443220139 -0.6165584325790405 -0.4398212432861328 -0.5247077345848083 0.6378037333488464 0.563815712928772 -2.2781805992126465
0.33813875913619995 0.7640162110328674 -0.5494920015335083 -0.09569746255874634 -0.7812620997428894 -0.09763862192630768 -0.6165194511413574 -0.4398576021194458 -0.5246824622154236 0.637766420841217 0.563881516456604 -2.2782037258148193
0.3381466567516327 0.7640222907066345 -0.5494787096977234 -0.09570866823196411 -0.7812654376029968 -0.09761705249547958 -0.6165186762809753 -0.4398620128631592 -0.5246724486351013 0.6377624273300171 0.5638952851295471 -2.2782042026519775
0.3381667733192444 0.7639956474304199 -0.5495033860206604 -0.09572310000658035 -0.7812777161598206 -0.09760458022356033 -0.6165050864219666 -0.43986842036247253 -0.524641215801239 0.6377962827682495 0.5638861060142517 -2.2782070636749268
0.33819204568862915 0.7639997005462646 -0.5494821071624756 -0.0957360491156578 -0.7812615633010864 -0.09758516401052475 -0.6165286302566528 -0.4398753046989441 -0.5246490240097046 0.6377943158149719 0.5638810396194458 -2.2782084941864014
0.33820369839668274 0.7639962434768677 -0.5494797825813293 -0.09566108137369156 -0.7812492251396179 -0.09758812934160233 -0.6165437698364258 -0.4398312270641327 -0.5246598124504089 0.637798011302948 0.5638667941093445 -2.2782785892486572
0.33819150924682617 0.764001727104187 -0.549479603767395 -0.09566834568977356 -0.781287670135498 -0.09755180031061172 -0.6165007948875427 -0.43980732560157776 -0.5246104001998901 0.6377969980239868 0.5639139413833618 -2.278249740600586
0.3381997048854828 0.7640062570571899 -0.5494682788848877 -0.09568551927804947 -0.7812598347663879 -0.09756939858198166 -0.6165332794189453 -0.43984177708625793 -0.5246465802192688 0.6377888917922974 0.5638894438743591 -2.2782163619995117
0.33812665939331055 0.7640171647071838 -0.5494980812072754 -0.09569135308265686 -0.7813058495521545 -0.09760086238384247 -0.6164699792861938 -0.43985745310783386 -0.5246251225471497 0.6377710103988647 0.5639296174049377 -2.2781972885131836
0.3381744623184204 0.7640368342399597 -0.5494412779808044 -0.09568207710981369 -0.7812691926956177 -0.09755812585353851 -0.6165232062339783 -0.4398691952228546 -0.524648904800415 0.637753963470459 0.5639267563819885 -2.278210401535034
0.3381584882736206 0.7640504837036133 -0.5494321584701538 -0.0956750437617302 -0.7812578678131104 -0.09757839888334274 -0.6165343523025513 -0.43986159563064575 -0.5246760845184326 0.6377345323562622 0.5639234781265259 -2.278167486190796
0.3381783068180084 0.7640467882156372 -0.5494250655174255 -0.0957043245434761 -0.7812382578849792 -0.09757934510707855 -0.6165590286254883 -0.43984928727149963 -0.5246924757957458 0.637738823890686 0.5639033913612366 -2.278150796890259
0.33817633986473083 0.7640561461448669 -0.5494133234024048 -0.09570729732513428 -0.7812143564224243 -0.09760060906410217 -0.6165860295295715 -0.43982550501823425 -0.5247293710708618 0.6377243399620056 0.5638853907585144 -2.278113603591919
0.3382260501384735 0.7639987468719482 -0.5494624972343445 -0.09571310132741928 -0.7812139391899109 -0.09759773313999176 -0.6165869832038879 -0.439814031124115 -0.5246979594230652 0.6377935409545898 0.5638363361358643 -2.278111696243286
0.33824869990348816 0.763945460319519 -0.5495226979255676 -0.09565171599388123 -0.7812204360961914 -0.09761875122785568 -0.6165754199028015 -0.4398365020751953 -0.5246737003326416 0.6378542184829712 0.5637903809547424 -2.278109312057495
0.33817851543426514 0.7639772891998291 -0.5495215654373169 -0.09565702825784683 -0.7812690138816833 -0.09761965274810791 -0.616513729095459 -0.43983256816864014 -0.5246465802192688 0.6378158926963806 0.5638589262962341 -2.2781264781951904
0.3382340967655182 0.7639657258987427 -0.54950350522995 -0.09566009789705276 -0.781234860420227 -0.09759838879108429 -0.6165603995323181 -0.4398198425769806 -0.524661660194397 0.6378329992294312 0.5638255476951599 -2.278139352798462
0.33826249837875366 0.7639299035072327 -0.5495358109474182 -0.09566108137369156 -0.7812694907188416 -0.09755773842334747 -0.6165229082107544 -0.43983128666877747 -0.5245917439460754 0.6378821730613708 0.5638349652290344 -2.278130292892456
0.3382057249546051 0.7638970613479614 -0.5496163964271545 -0.09563703835010529 -0.7812731862068176 -0.09766747057437897 -0.6165008544921875 -0.4398290812969208 -0.5246228575706482 0.6379046440124512 0.5637806057929993 -2.278193235397339
0.33825844526290894 0.7638828158378601 -0.5496037602424622 -0.09567653387784958 -0.7813068628311157 -0.09757064282894135 -0.6164734959602356 -0.43980687856674194 -0.5245386958122253 0.6379365921020508 0.5638227462768555 -2.2782583236694336
0.3382381200790405 0.763888955116272 -0.5496077537536621 -0.09566964209079742 -0.781294584274292 -0.09760637581348419 -0.6164833903312683 -0.43982362747192383 -0.5245700478553772 0.6379237174987793 0.5638080835342407 -2.2782745361328125
0.3382101356983185 0.7638912796974182 -0.5496217012405396 -0.09568104147911072 -0.7813512086868286 -0.09757307916879654 -0.6164169311523438 -0.4398360550403595 -0.524503767490387 0.6379260420799255 0.5638671517372131 -2.278298854827881
0.33821240067481995 0.7638826966285706 -0.5496322512626648 -0.09565931558609009 -0.7813265919685364 -0.09760955721139908 -0.6164423823356628 -0.43986034393310547 -0.5245389938354492 0.637930691242218 0.5638290643692017 -2.2783138751983643
