# 3x4 first row second row third row Freq: 100 current Time: 2021-04-08-11:39:50
0.54571533203125 0.49498802423477173 -0.6761521100997925 -0.1171378642320633 -0.37930822372436523 -0.5735825300216675 -0.7260360717773438 -0.4130880534648895 -0.7472081780433655 0.6526790261268616 -0.12525977194309235 -2.161679983139038
0.5456991791725159 0.49503767490386963 -0.6761287450790405 -0.11714986711740494 -0.37930330634117126 -0.5735486745834351 -0.7260653972625732 -0.4131051301956177 -0.7472224831581116 0.6526711583137512 -0.12521563470363617 -2.1617040634155273
0.5457028746604919 0.49502190947532654 -0.6761373281478882 -0.11713893711566925 -0.3793124556541443 -0.5735541582107544 -0.7260562777519226 -0.41310471296310425 -0.7472151517868042 0.6526783108711243 -0.12522216141223907 -2.1617088317871094
0.545708417892456 0.495012491941452 -0.676139771938324 -0.11715194582939148 -0.37933188676834106 -0.5735421180725098 -0.7260556817054749 -0.4131067991256714 -0.7472012042999268 0.6526960730552673 -0.12521274387836456 -2.161747455596924
0.5457054376602173 0.49498501420021057 -0.6761622428894043 -0.11714265495538712 -0.3793523907661438 -0.5735564231872559 -0.726033627986908 -0.4131072461605072 -0.7471929788589478 0.6527042984962463 -0.12521915137767792 -2.161754608154297
0.5456802248954773 0.49498751759529114 -0.6761807799339294 -0.11711090803146362 -0.37939348816871643 -0.573541522026062 -0.7260239124298096 -0.4131094217300415 -0.747190535068512 0.6527155041694641 -0.12517525255680084 -2.1617701053619385
0.5456714034080505 0.49498748779296875 -0.6761879324913025 -0.11709952354431152 -0.37940847873687744 -0.5735368132591248 -0.7260198593139648 -0.41310760378837585 -0.7471894025802612 0.6527196764945984 -0.12516017258167267 -2.1617801189422607
0.5457470417022705 0.49497440457344055 -0.6761364340782166 -0.11712150275707245 -0.3794153034687042 -0.5734738707542419 -0.726065993309021 -0.4130648374557495 -0.7471306324005127 0.6527848839759827 -0.12517079710960388 -2.1618237495422363
0.5457138419151306 0.49499619007110596 -0.6761473417282104 -0.11715107411146164 -0.37938621640205383 -0.5735070705413818 -0.7260549068450928 -0.413086861371994 -0.7471696734428406 0.6527391672134399 -0.12517602741718292 -2.161811351776123
0.5457190871238708 0.4949808716773987 -0.6761542558670044 -0.11714949458837509 -0.379412978887558 -0.5734951496124268 -0.7260503768920898 -0.41308075189590454 -0.7471522092819214 0.6527612805366516 -0.12516510486602783 -2.161823034286499
0.5457205176353455 0.4949933588504791 -0.676144003868103 -0.11717703938484192 -0.3794061243534088 -0.5734864473342896 -0.7260608673095703 -0.4130534529685974 -0.7471546530723572 0.6527594923973083 -0.12515981495380402 -2.161756753921509
0.545715868473053 0.4949912428855896 -0.6761492490768433 -0.11717744916677475 -0.3794035017490387 -0.5734953284263611 -0.7260552048683167 -0.41304734349250793 -0.7471594214439392 0.6527532339096069 -0.12516412138938904 -2.1617610454559326
0.545759379863739 0.4949616491794586 -0.6761358380317688 -0.11714965850114822 -0.3793545961380005 -0.573529064655304 -0.7260540723800659 -0.4130494296550751 -0.7471525073051453 0.6527460813522339 -0.1252429038286209 -2.161540985107422
0.5457485914230347 0.49496394395828247 -0.6761428713798523 -0.11714211851358414 -0.3793630003929138 -0.5735293626785278 -0.7260494828224182 -0.4130488634109497 -0.7471560835838318 0.6527440547943115 -0.12523183226585388 -2.1615264415740967
0.5458154678344727 0.494912326335907 -0.6761266589164734 -0.11714642494916916 -0.3794156312942505 -0.5734760761260986 -0.7260640859603882 -0.41305235028266907 -0.7470805048942566 0.6528300046920776 -0.12523464858531952 -2.161534070968628
0.5458038449287415 0.494915634393692 -0.6761336326599121 -0.11714480072259903 -0.37939876317977905 -0.5734981298446655 -0.7260554432868958 -0.4130549728870392 -0.7470975518226624 0.6528081297874451 -0.12524712085723877 -2.1615209579467773
0.5458081960678101 0.49498552083969116 -0.6760789752006531 -0.11718125641345978 -0.379342257976532 -0.5734683871269226 -0.7261084318161011 -0.4131224751472473 -0.7471230626106262 0.6527812480926514 -0.12523482739925385 -2.1616108417510986
0.5458044409751892 0.494994193315506 -0.6760756373405457 -0.11718780547380447 -0.3793347179889679 -0.5734691619873047 -0.7261117696762085 -0.4131371080875397 -0.7471296191215515 0.6527739763259888 -0.12523354589939117 -2.161607027053833
0.5457688570022583 0.4950387179851532 -0.6760717630386353 -0.11717468500137329 -0.37937578558921814 -0.5734188556671143 -0.7261300683021545 -0.4131302535533905 -0.747134804725647 0.6527844071388245 -0.1251484751701355 -2.1617486476898193
0.5457813739776611 0.49502280354499817 -0.6760733127593994 -0.11718187481164932 -0.3793840706348419 -0.5734170079231262 -0.7261272072792053 -0.41315028071403503 -0.7471214532852173 0.6527981758117676 -0.12515656650066376 -2.1617612838745117
0.5457659363746643 0.49502792954444885 -0.6760820150375366 -0.11720318347215652 -0.37941211462020874 -0.5734015107154846 -0.7261248230934143 -0.4131615459918976 -0.7471184730529785 0.652807891368866 -0.12512341141700745 -2.161830425262451
0.545791745185852 0.49500519037246704 -0.6760778427124023 -0.11721678078174591 -0.3794253468513489 -0.5733901262283325 -0.7261268496513367 -0.41317665576934814 -0.7470929026603699 0.6528351306915283 -0.12513408064842224 -2.1618545055389404
0.5457541942596436 0.49497517943382263 -0.6761301159858704 -0.11716726422309875 -0.3794419765472412 -0.5734429955482483 -0.7260764241218567 -0.41313931345939636 -0.7471118569374084 0.6528114080429077 -0.1251445859670639 -2.161820888519287
0.5457349419593811 0.4949962794780731 -0.6761301755905151 -0.11713257431983948 -0.37942221760749817 -0.5734556913375854 -0.7260767221450806 -0.4131118655204773 -0.7471359372138977 0.6527842879295349 -0.12514223158359528 -2.1617839336395264
0.5457407832145691 0.4949932396411896 -0.6761276721954346 -0.11711926013231277 -0.379411518573761 -0.5734627842903137 -0.7260766625404358 -0.41311752796173096 -0.7471371293067932 0.652780294418335 -0.12515592575073242 -2.1617941856384277
0.5457380414009094 0.4950449466705322 -0.6760920286178589 -0.11710920184850693 -0.37935489416122437 -0.5734593272209167 -0.7261090278625488 -0.413136750459671 -0.7471678853034973 0.6527441740036011 -0.1251608431339264 -2.1617913246154785
0.5457415580749512 0.49503958225250244 -0.6760931611061096 -0.11709417402744293 -0.3793911337852478 -0.5734301805496216 -0.7261131405830383 -0.41314324736595154 -0.7471469044685364 0.6527738571166992 -0.1251310557126999 -2.1617932319641113
0.5456997156143188 0.49501997232437134 -0.6761413216590881 -0.11708224564790726 -0.3793686032295227 -0.5735101699829102 -0.7260617017745972 -0.41308993101119995 -0.747188925743103 0.6527184247970581 -0.1251693218946457 -2.1617658138275146
0.5457219481468201 0.4950055480003357 -0.676133930683136 -0.11706744879484177 -0.37939512729644775 -0.5734816193580627 -0.7260704040527344 -0.41309115290641785 -0.7471592426300049 0.6527544856071472 -0.12515881657600403 -2.161759614944458
0.5456658005714417 0.4950643479824066 -0.6761361956596375 -0.11711263656616211 -0.37934574484825134 -0.5735142827033997 -0.7260704040527344 -0.4130842685699463 -0.747225284576416 0.6526811718940735 -0.12514656782150269 -2.16174054145813
0.5457020401954651 0.4950416088104248 -0.6761236190795898 -0.11711572855710983 -0.379384845495224 -0.5734705328941345 -0.7260844707489014 -0.41308143734931946 -0.7471789717674255 0.6527368426322937 -0.12513276934623718 -2.1617348194122314
0.545691192150116 0.49504342675209045 -0.676131010055542 -0.11713030189275742 -0.37937894463539124 -0.573483943939209 -0.7260770201683044 -0.41307705640792847 -0.7471898794174194 0.6527237296104431 -0.1251360923051834 -2.1617491245269775
0.5457063913345337 0.49501705169677734 -0.6761380434036255 -0.11715398728847504 -0.37934595346450806 -0.5735267996788025 -0.7260603904724121 -0.41309744119644165 -0.7471955418586731 0.6527060270309448 -0.12519453465938568 -2.1617207527160645
0.5457126498222351 0.4950106739997864 -0.6761376261711121 -0.11716019362211227 -0.37933850288391113 -0.5735342502593994 -0.7260583639144897 -0.4131006896495819 -0.747194766998291 0.6527042984962463 -0.12520831823349 -2.161716938018799
0.5457268953323364 0.49501070380210876 -0.6761261820793152 -0.1171625480055809 -0.3793516457080841 -0.5735094547271729 -0.7260711193084717 -0.41310229897499084 -0.7471777200698853 0.6527261137962341 -0.1251964122056961 -2.1617209911346436
0.545676052570343 0.49498820304870605 -0.6761836409568787 -0.11715566366910934 -0.37942254543304443 -0.5735193490982056 -0.7260262370109558 -0.413097620010376 -0.7471787929534912 0.6527344584465027 -0.12514610588550568 -2.1617352962493896
0.5456836819648743 0.4949907064437866 -0.6761756539344788 -0.11715885996818542 -0.3794204294681549 -0.5735113620758057 -0.7260336875915527 -0.413095086812973 -0.7471743226051331 0.6527395844459534 -0.12514621019363403 -2.1617324352264404
0.5457248687744141 0.4949696362018585 -0.6761578321456909 -0.11714919656515121 -0.3794156014919281 -0.5734995603561401 -0.726045548915863 -0.41309064626693726 -0.747146725654602 0.6527659296989441 -0.12517376244068146 -2.1617631912231445
0.5456503033638 0.4950045943260193 -0.6761924624443054 -0.11714096367359161 -0.37944310903549194 -0.5735079050064087 -0.7260245680809021 -0.4130956530570984 -0.7471871972084045 0.6527320742607117 -0.12510868906974792 -2.161778450012207
0.5456894636154175 0.494978666305542 -0.676179826259613 -0.117143414914608 -0.37944427132606506 -0.5734980702400208 -0.7260317206382751 -0.4130925238132477 -0.7471579909324646 0.65276038646698 -0.12513503432273865 -2.161790132522583
0.5457000136375427 0.4950372278690338 -0.6761284470558167 -0.11718755960464478 -0.3794095516204834 -0.5734555721282959 -0.7260833978652954 -0.41309937834739685 -0.7471679449081421 0.6527532935142517 -0.1251128613948822 -2.161802291870117
0.5457062721252441 0.4950311779975891 -0.6761277914047241 -0.11718645691871643 -0.37941378355026245 -0.5734524726867676 -0.7260836362838745 -0.41310709714889526 -0.7471612095832825 0.6527606248855591 -0.12511499226093292 -2.1617984771728516
0.5456836819648743 0.4950307011604309 -0.676146388053894 -0.11715564876794815 -0.3793947696685791 -0.5734907984733582 -0.7260633111000061 -0.4131251275539398 -0.7471873164176941 0.6527273058891296 -0.12513254582881927 -2.1618287563323975
0.5456453561782837 0.4950184226036072 -0.6761863231658936 -0.11714749783277512 -0.37942472100257874 -0.5735138058662415 -0.7260295152664185 -0.41312864422798157 -0.7472001314163208 0.6527163982391357 -0.12511293590068817 -2.1618220806121826
0.5455989241600037 0.49508172273635864 -0.676177442073822 -0.11713346838951111 -0.3794017732143402 -0.5735093951225281 -0.7260449528694153 -0.41309425234794617 -0.747245728969574 0.6526722311973572 -0.12507124245166779 -2.1618547439575195
0.5456386804580688 0.49508246779441833 -0.6761447787284851 -0.11712190508842468 -0.3793986737728119 -0.5734739899635315 -0.7260745763778687 -0.41309911012649536 -0.7472182512283325 0.652702808380127 -0.12507596611976624 -2.161864757537842
0.5456736087799072 0.49507442116737366 -0.6761224865913391 -0.11714557558298111 -0.3793497681617737 -0.5734925866127014 -0.7260854244232178 -0.41312187910079956 -0.7472175359725952 0.6526925563812256 -0.1251334398984909 -2.1618549823760986
0.545704185962677 0.49506375193595886 -0.6761056184768677 -0.11714356392621994 -0.379364937543869 -0.5734621286392212 -0.7261015772819519 -0.4131086468696594 -0.7471874952316284 0.6527274250984192 -0.12513086199760437 -2.1618642807006836
0.545653223991394 0.495145320892334 -0.6760870218276978 -0.11715471744537354 -0.3793245553970337 -0.5734575986862183 -0.7261261940002441 -0.413101464509964 -0.7472452521324158 0.6526695489883423 -0.12508824467658997 -2.1618220806121826
0.5456838011741638 0.49512678384780884 -0.6760759353637695 -0.11713579297065735 -0.3793339729309082 -0.5734406113624573 -0.726134717464447 -0.4131087362766266 -0.747218132019043 0.6526985168457031 -0.12509886920452118 -2.161824941635132
0.5456520318984985 0.49509409070014954 -0.6761255264282227 -0.11712125688791275 -0.37935176491737366 -0.5734899640083313 -0.726086437702179 -0.41309985518455505 -0.7472323179244995 0.6526799201965332 -0.1251111477613449 -2.161830186843872
0.5456437468528748 0.49510952830314636 -0.6761208772659302 -0.11710958927869797 -0.37936341762542725 -0.5734710097312927 -0.7260953187942505 -0.4130939543247223 -0.7472324371337891 0.6526849269866943 -0.12508442997932434 -2.1618382930755615
0.5456458330154419 0.49507829546928406 -0.6761420965194702 -0.11710789799690247 -0.37934187054634094 -0.5735213756561279 -0.7260667681694031 -0.4131019413471222 -0.7472418546676636 0.652664303779602 -0.1251356601715088 -2.1618688106536865
0.5456293225288391 0.4951455891132355 -0.6761061549186707 -0.11715158075094223 -0.3792860209941864 -0.5735134482383728 -0.7261022329330444 -0.41309940814971924 -0.7472822666168213 0.652620255947113 -0.12512394785881042 -2.1618728637695312
0.5456113815307617 0.49516066908836365 -0.6761095523834229 -0.11715161800384521 -0.3792842626571655 -0.5735155940055847 -0.7261014580726624 -0.4131004214286804 -0.7472962737083435 0.6526069641113281 -0.1251099705696106 -2.161874771118164
0.5456246733665466 0.49518242478370667 -0.6760829091072083 -0.11715549975633621 -0.3792446255683899 -0.5735143423080444 -0.7261231541633606 -0.4131203293800354 -0.7473066449165344 0.6525915265083313 -0.12512829899787903 -2.1618921756744385
0.5456157922744751 0.4951697587966919 -0.6760993599891663 -0.1171552985906601 -0.379253625869751 -0.5735284090042114 -0.7261073589324951 -0.41312292218208313 -0.7473085522651672 0.6525887846946716 -0.12513121962547302 -2.161893367767334
0.5456278324127197 0.4951684772968292 -0.6760905385017395 -0.11717448383569717 -0.3792261779308319 -0.5735424757003784 -0.726110577583313 -0.41311803460121155 -0.7473136782646179 0.6525774002075195 -0.12515988945960999 -2.1618728637695312
0.545633852481842 0.4951683282852173 -0.6760858297348022 -0.11717497557401657 -0.3792354464530945 -0.5735288858413696 -0.7261164784431458 -0.4131237268447876 -0.7473046183586121 0.6525894403457642 -0.12515142560005188 -2.1618802547454834
0.5456266403198242 0.4951761066913605 -0.6760859489440918 -0.11718393117189407 -0.3792417645454407 -0.5735217928886414 -0.726118803024292 -0.41309577226638794 -0.7473066449165344 0.6525897979736328 -0.1251373440027237 -2.1618247032165527
0.545644998550415 0.49516451358795166 -0.6760796308517456 -0.1171809658408165 -0.3792518079280853 -0.5735082626342773 -0.7261242270469666 -0.41310471296310425 -0.747288167476654 0.6526104807853699 -0.12513989210128784 -2.161825180053711
0.5455896854400635 0.49523013830184937 -0.6760761737823486 -0.11715289205312729 -0.37920787930488586 -0.573527991771698 -0.7261315584182739 -0.4131219685077667 -0.747350811958313 0.652543306350708 -0.1251157969236374 -2.1618833541870117
0.5456236004829407 0.4952031672000885 -0.6760686039924622 -0.11716040223836899 -0.3792492151260376 -0.5734891295433044 -0.7261406779289246 -0.4131157100200653 -0.747305154800415 0.652597963809967 -0.12510378658771515 -2.1618950366973877
0.5455950498580933 0.4952176511287689 -0.6760810017585754 -0.11712518334388733 -0.379218727350235 -0.573526918888092 -0.7261267900466919 -0.4131193459033966 -0.7473413944244385 0.6525537371635437 -0.12511765956878662 -2.1619160175323486
0.5456259250640869 0.4952051043510437 -0.6760652661323547 -0.11711127310991287 -0.3792365789413452 -0.5734958648681641 -0.7261419892311096 -0.4131331443786621 -0.7473098635673523 0.6525905728340149 -0.1251143217086792 -2.1619179248809814
0.5455681681632996 0.4953402280807495 -0.6760128736495972 -0.11714685708284378 -0.379150927066803 -0.5734796524047852 -0.7261995077133179 -0.41315731406211853 -0.7473954558372498 0.6525022983551025 -0.12506353855133057 -2.161914110183716
0.5455883145332336 0.4953281581401825 -0.676005482673645 -0.11714230477809906 -0.37916091084480286 -0.5734650492668152 -0.7262058258056641 -0.4131612181663513 -0.7473756670951843 0.6525242924690247 -0.12506677210330963 -2.1619088649749756
0.5455463528633118 0.49538716673851013 -0.6759961247444153 -0.11715216189622879 -0.3791285455226898 -0.5734692215919495 -0.7262194156646729 -0.4131413400173187 -0.7474227547645569 0.6524757742881775 -0.12503863871097565 -2.1618895530700684
0.5455690026283264 0.4953632652759552 -0.6759953498840332 -0.11715412884950638 -0.3791694939136505 -0.5734379291534424 -0.7262227535247803 -0.4131395220756531 -0.7473854422569275 0.6525214314460754 -0.12502335011959076 -2.1618895530700684
0.5455427765846252 0.4952729344367981 -0.6760826706886292 -0.11714404821395874 -0.37920817732810974 -0.5735257267951965 -0.7261332273483276 -0.41309604048728943 -0.7473849058151245 0.6525128483772278 -0.12507128715515137 -2.161895990371704
0.5456100106239319 0.49527308344841003 -0.676028311252594 -0.1171317994594574 -0.3792153000831604 -0.573456346988678 -0.7261843085289001 -0.4130786955356598 -0.7473322153091431 0.6525737047195435 -0.12506841123104095 -2.161890983581543
0.5456085205078125 0.4951992630958557 -0.6760835647583008 -0.11711429804563522 -0.37925004959106445 -0.5735066533088684 -0.7261264324188232 -0.41305112838745117 -0.7473157048225403 0.652585506439209 -0.12510578334331512 -2.161891222000122
0.5455753207206726 0.49526384472846985 -0.6760631203651428 -0.11711324751377106 -0.37919262051582336 -0.5735185742378235 -0.726146936416626 -0.41311222314834595 -0.7473690509796143 0.6525260210037231 -0.12509720027446747 -2.1619222164154053
0.5455490350723267 0.4952718913555145 -0.6760783791542053 -0.11710672825574875 -0.37921229004859924 -0.5735174417495728 -0.726137638092041 -0.4131067395210266 -0.7473782896995544 0.6525208950042725 -0.12506869435310364 -2.1619224548339844
0.5455725789070129 0.4952639043331146 -0.6760652661323547 -0.11714399605989456 -0.37922167778015137 -0.5734957456588745 -0.72614985704422 -0.4130900800228119 -0.7473562955856323 0.6525460481643677 -0.1250687539577484 -2.1618525981903076
0.5455770492553711 0.49524039030075073 -0.6760789155960083 -0.1171429231762886 -0.37924471497535706 -0.5734966993331909 -0.7261370420455933 -0.41308093070983887 -0.7473413944244385 0.6525630354881287 -0.12506933510303497 -2.161846876144409
0.5456147789955139 0.49514955282211304 -0.6761149764060974 -0.1171758845448494 -0.3792555630207062 -0.5735493898391724 -0.7260897755622864 -0.4130842089653015 -0.7473083734512329 0.6525856852531433 -0.12514880299568176 -2.1617965698242188
0.5456379652023315 0.49512070417404175 -0.6761174201965332 -0.11718249320983887 -0.37927746772766113 -0.5735394954681396 -0.7260861396789551 -0.4130592346191406 -0.7472802996635437 0.6526162624359131 -0.12515680491924286 -2.1617774963378906
0.5455784201622009 0.4951128363609314 -0.6761711835861206 -0.11715389043092728 -0.3793000876903534 -0.5735840201377869 -0.7260391712188721 -0.41306236386299133 -0.7473123073577881 0.6525830626487732 -0.12513872981071472 -2.161815881729126
0.5456028580665588 0.495089590549469 -0.6761685013771057 -0.11715333163738251 -0.37931278347969055 -0.5735750198364258 -0.7260396480560303 -0.4130570888519287 -0.7472879886627197 0.6526086330413818 -0.12515035271644592 -2.161802291870117
0.5456200242042542 0.4951157867908478 -0.6761354804039001 -0.11715175211429596 -0.379263311624527 -0.5735739469528198 -0.7260662913322449 -0.41307222843170166 -0.7473005652427673 0.6525896787643433 -0.12517417967319489 -2.161876678466797
0.5455777645111084 0.4951546788215637 -0.676141083240509 -0.11712398380041122 -0.3792307674884796 -0.5736002326011658 -0.7260625958442688 -0.4131002426147461 -0.7473479509353638 0.6525371074676514 -0.1251656711101532 -2.1619253158569336
0.5455871820449829 0.49512243270874023 -0.6761570572853088 -0.1171107292175293 -0.3792300522327423 -0.5736266374588013 -0.7260420918464661 -0.4130905866622925 -0.7473414540290833 0.6525382995605469 -0.12519805133342743 -2.161931037902832
0.545586109161377 0.4951346218585968 -0.6761490106582642 -0.11709608137607574 -0.37922608852386475 -0.5736179947853088 -0.7260509729385376 -0.41308218240737915 -0.7473441958427429 0.6525366902351379 -0.12519006431102753 -2.1619315147399902
0.5455923676490784 0.49525776505470276 -0.6760537624359131 -0.11713462322950363 -0.3790914714336395 -0.5735974311828613 -0.7261375188827515 -0.4130837321281433 -0.7474079132080078 0.6524612903594971 -0.12520241737365723 -2.1618752479553223
0.5456055402755737 0.4952332675457001 -0.6760610938072205 -0.11711148917675018 -0.37910887598991394 -0.573596179485321 -0.726129412651062 -0.4130777418613434 -0.7473894953727722 0.6524810194969177 -0.1252099573612213 -2.1618502140045166
0.5455964803695679 0.4952619969844818 -0.6760473847389221 -0.1171640083193779 -0.37906014919281006 -0.5736163854598999 -0.7261388897895813 -0.4130999743938446 -0.7474208474159241 0.6524414420127869 -0.12522901594638824 -2.161813735961914
0.5455759763717651 0.49534231424331665 -0.6760051250457764 -0.11717820912599564 -0.3790377676486969 -0.5735689401626587 -0.726188063621521 -0.41309070587158203 -0.7474471926689148 0.6524221897125244 -0.1251719743013382 -2.1618404388427734
0.5455634593963623 0.49534255266189575 -0.6760149598121643 -0.1171819418668747 -0.37904369831085205 -0.5735751390457153 -0.7261800169944763 -0.41307947039604187 -0.7474532723426819 0.6524165272712708 -0.125165194272995 -2.1618316173553467
0.5456351041793823 0.49531054496765137 -0.6759806275367737 -0.11718358099460602 -0.3790462911128998 -0.5735401511192322 -0.726206362247467 -0.4131009578704834 -0.7473996877670288 0.652471661567688 -0.12519802153110504 -2.161874532699585
0.5456375479698181 0.4953223466873169 -0.6759700179100037 -0.11718153208494186 -0.3790191113948822 -0.5735488533973694 -0.7262136340141296 -0.4130879044532776 -0.7474116683006287 0.6524549722671509 -0.12521319091320038 -2.161872148513794
0.5456398129463196 0.4952528476715088 -0.6760190725326538 -0.11713561415672302 -0.37911033630371094 -0.5735417604446411 -0.726171612739563 -0.4131010174751282 -0.7473637461662292 0.6525139808654785 -0.12519176304340363 -2.1618857383728027
0.5456450581550598 0.4952199161052704 -0.6760390400886536 -0.11712049692869186 -0.37911802530288696 -0.5735655426979065 -0.7261488437652588 -0.413089781999588 -0.7473559975624084 0.652518093585968 -0.12521639466285706 -2.1618828773498535
0.5456685423851013 0.4952245056629181 -0.676016628742218 -0.11713192611932755 -0.37913596630096436 -0.5735228657722473 -0.7261731624603271 -0.4130917489528656 -0.7473297119140625 0.6525521278381348 -0.12519598007202148 -2.1618571281433105
0.5456610321998596 0.4952237904071808 -0.6760233044624329 -0.11712689697742462 -0.37913811206817627 -0.5735288262367249 -0.7261673212051392 -0.41307973861694336 -0.7473341822624207 0.6525474190711975 -0.12519411742687225 -2.161853075027466
0.5456972122192383 0.4951774477958679 -0.6760280132293701 -0.11714141815900803 -0.3791668713092804 -0.5735195875167847 -0.7261596322059631 -0.41304391622543335 -0.7472931742668152 0.6525906920433044 -0.125213161110878 -2.1618223190307617
0.5456985235214233 0.4951727092266083 -0.6760303974151611 -0.11713796108961105 -0.37917080521583557 -0.5735200047492981 -0.7261572480201721 -0.4130265414714813 -0.7472901940345764 0.6525939106941223 -0.12521401047706604 -2.161816120147705
0.5456740856170654 0.4951205551624298 -0.6760883331298828 -0.11714992672204971 -0.3792133331298828 -0.5735617876052856 -0.7261020541191101 -0.413017213344574 -0.7472864389419556 0.6525967717170715 -0.12522150576114655 -2.1617660522460938
0.5456603765487671 0.4951450228691101 -0.6760814785957336 -0.11714627593755722 -0.37922215461730957 -0.5735406875610352 -0.7261140942573547 -0.41300472617149353 -0.7472919821739197 0.6525967717170715 -0.1251884549856186 -2.161759614944458
0.5456829071044922 0.49511203169822693 -0.6760874390602112 -0.11716973036527634 -0.3791986107826233 -0.573575496673584 -0.726098895072937 -0.41302669048309326 -0.7472874522209167 0.6525911688804626 -0.12524454295635223 -2.1617870330810547
0.5456821918487549 0.495106965303421 -0.676091730594635 -0.11716990917921066 -0.37920552492141724 -0.5735755562782288 -0.7260951995849609 -0.41301724314689636 -0.747284471988678 0.6525949835777283 -0.1252426952123642 -2.161785364151001
0.5456718802452087 0.4951298236846924 -0.6760833263397217 -0.11716816574335098 -0.37925291061401367 -0.5735193490982056 -0.7261148691177368 -0.41306424140930176 -0.7472679615020752 0.6526270508766174 -0.12517398595809937 -2.161796808242798
0.5457057356834412 0.495088666677475 -0.6760861277580261 -0.11716470867395401 -0.3792843222618103 -0.5735043287277222 -0.7261103391647339 -0.4130488932132721 -0.7472273111343384 0.6526714563369751 -0.12518525123596191 -2.1618008613586426
0.5456877946853638 0.49504461884498596 -0.67613285779953 -0.11716180294752121 -0.37928569316864014 -0.573567271232605 -0.7260599136352539 -0.4130689203739166 -0.7472397685050964 0.6526495218276978 -0.12522533535957336 -2.1618759632110596
0.5457285046577454 0.49500933289527893 -0.6761258244514465 -0.1171550452709198 -0.3793327808380127 -0.5735258460044861 -0.7260680198669434 -0.41306132078170776 -0.7471860647201538 0.6527127027511597 -0.12521614134311676 -2.1618850231170654
0.5456621050834656 0.49499356746673584 -0.676190972328186 -0.11714445054531097 -0.3794052004814148 -0.5735418200492859 -0.7260175943374634 -0.41310858726501465 -0.7471978068351746 0.6527106165885925 -0.1251569241285324 -2.161959409713745
0.5456651449203491 0.4950511157512665 -0.676146388053894 -0.11714784801006317 -0.3793599307537079 -0.5735166668891907 -0.7260611057281494 -0.4131069481372833 -0.7472185492515564 0.6526890993118286 -0.12514552474021912 -2.161940097808838
0.5456699132919312 0.49503523111343384 -0.6761541962623596 -0.11713802814483643 -0.37937960028648376 -0.5735121369361877 -0.7260543704032898 -0.41310209035873413 -0.7472051382064819 0.6527051329612732 -0.12514205276966095 -2.1619491577148438
0.5456472635269165 0.4950234889984131 -0.6761810779571533 -0.11713605374097824 -0.3793676793575287 -0.5735563635826111 -0.7260257005691528 -0.41309282183647156 -0.7472277283668518 0.6526751518249512 -0.12516355514526367 -2.161868095397949
0.5456870794296265 0.4950149953365326 -0.676155149936676 -0.11713490635156631 -0.37937361001968384 -0.5735229849815369 -0.7260489463806152 -0.41307172179222107 -0.7471956014633179 0.6527109742164612 -0.12516847252845764 -2.161879062652588
0.5456517338752747 0.495025634765625 -0.6761758923530579 -0.11714594066143036 -0.3793623745441437 -0.573554515838623 -0.7260299324989319 -0.4130812883377075 -0.747227132320404 0.652675211429596 -0.12516692280769348 -2.161875009536743
0.5456947088241577 0.49500367045402527 -0.6761572957038879 -0.11713244765996933 -0.3793262839317322 -0.5735692977905273 -0.7260370850563049 -0.4130866527557373 -0.7472140789031982 0.6526788473129272 -0.12522584199905396 -2.1618826389312744
0.5456624627113342 0.49501845240592957 -0.6761724948883057 -0.11715663224458694 -0.3793564438819885 -0.5735573172569275 -0.7260307669639587 -0.4130777418613434 -0.7472223043441772 0.6526781320571899 -0.12518027424812317 -2.1618471145629883
0.5456790924072266 0.49501535296440125 -0.6761613488197327 -0.11714673787355423 -0.3793351352214813 -0.5735636949539185 -0.7260369062423706 -0.41308844089508057 -0.7472209930419922 0.6526749134063721 -0.12520499527454376 -2.161860704421997
0.5456754565238953 0.49500572681427 -0.6761713027954102 -0.11715169996023178 -0.3793700337409973 -0.5735469460487366 -0.7260318994522095 -0.4130924344062805 -0.747205913066864 0.6526969075202942 -0.12518015503883362 -2.1618430614471436
0.5456929206848145 0.4950034022331238 -0.6761589050292969 -0.11714410036802292 -0.3793904781341553 -0.5735151767730713 -0.7260463237762451 -0.41309213638305664 -0.7471827864646912 0.6527265906333923 -0.12516364455223083 -2.1618518829345703
0.545689582824707 0.4949796497821808 -0.6761789917945862 -0.11715391278266907 -0.3793986141681671 -0.5735366940498352 -0.7260250449180603 -0.41307589411735535 -0.7471810579299927 0.6527256965637207 -0.12517842650413513 -2.1618340015411377
0.5456944108009338 0.4949941337108612 -0.676164448261261 -0.11716913431882858 -0.37940752506256104 -0.5735088586807251 -0.7260423898696899 -0.41309547424316406 -0.747173011302948 0.6527391672134399 -0.12515608966350555 -2.1618664264678955
0.5456690192222595 0.49499836564064026 -0.6761819124221802 -0.1171669214963913 -0.3794037699699402 -0.573531448841095 -0.7260265350341797 -0.41308334469795227 -0.7471935153007507 0.6527161002159119 -0.12515410780906677 -2.1618645191192627
0.5456883311271667 0.4950086176395416 -0.6761587858200073 -0.1171547919511795 -0.3793847858905792 -0.5735188722610474 -0.7260463833808899 -0.4130859673023224 -0.7471890449523926 0.6527193784713745 -0.12516383826732635 -2.161851167678833
0.5457057356834412 0.49497953057289124 -0.6761660575866699 -0.11715792119503021 -0.37940850853919983 -0.5735130310058594 -0.7260385751724243 -0.41310158371925354 -0.747164249420166 0.6527465581893921 -0.12516991794109344 -2.161914110183716
0.5456807017326355 0.4950331151485443 -0.6761470437049866 -0.11715367436408997 -0.37934643030166626 -0.5735332369804382 -0.7260550260543823 -0.4130876064300537 -0.7472140789031982 0.652688205242157 -0.12517698109149933 -2.1619303226470947
0.5457163453102112 0.49501654505729675 -0.6761304140090942 -0.1171586662530899 -0.37933018803596497 -0.5735318064689636 -0.7260646820068359 -0.4130747616291046 -0.7471963167190552 0.6527020335197449 -0.1252109557390213 -2.1619646549224854
0.5456857681274414 0.4950500726699829 -0.6761305332183838 -0.11714571714401245 -0.3793737292289734 -0.5734864473342896 -0.7260777354240417 -0.4130859971046448 -0.7471964955329895 0.6527164578437805 -0.1251343935728073 -2.161951780319214
0.5457184314727783 0.4950208067893982 -0.6761255860328674 -0.11715422570705414 -0.3793490529060364 -0.5735087990760803 -0.7260730266571045 -0.41307124495506287 -0.7471851706504822 0.6527190208435059 -0.1251886487007141 -2.161975383758545
0.5456870794296265 0.49513107538223267 -0.6760701537132263 -0.11717803031206131 -0.3792814612388611 -0.5734788179397583 -0.7261319756507874 -0.4130590260028839 -0.7472423911094666 0.6526617407798767 -0.12514592707157135 -2.161947011947632
0.5456936955451965 0.49509960412979126 -0.6760878562927246 -0.11715105921030045 -0.3793099522590637 -0.5734815001487732 -0.7261149883270264 -0.41306912899017334 -0.7472230792045593 0.6526831984519958 -0.12514905631542206 -2.1619253158569336
0.5456836819648743 0.49514108896255493 -0.6760655641555786 -0.11715443432331085 -0.3792794644832611 -0.5734729766845703 -0.726137638092041 -0.41305285692214966 -0.7472459077835083 0.6526592373847961 -0.12513801455497742 -2.161914825439453
0.5456891655921936 0.49510860443115234 -0.6760849356651306 -0.117141954600811 -0.3793192207813263 -0.5734679698944092 -0.7261208295822144 -0.4130572974681854 -0.7472217082977295 0.6526882648468018 -0.12513107061386108 -2.1619045734405518
0.5457317233085632 0.4951625466346741 -0.6760110259056091 -0.11714708805084229 -0.37921345233917236 -0.5734624862670898 -0.726180374622345 -0.41308751702308655 -0.7472442984580994 0.6526521444320679 -0.12518440186977386 -2.161860466003418
0.5457789897918701 0.4951626658439636 -0.6759728193283081 -0.11715003103017807 -0.3792319595813751 -0.5734018683433533 -0.726218581199646 -0.413093626499176 -0.7472004294395447 0.6527053117752075 -0.12516920268535614 -2.1618757247924805
0.5457261204719543 0.4952424168586731 -0.6759570837020874 -0.1171472892165184 -0.3791980743408203 -0.5733953714370728 -0.726241409778595 -0.4131263792514801 -0.7472562193870544 0.6526505351066589 -0.1251218616962433 -2.1618618965148926
0.5457552075386047 0.49524202942848206 -0.6759338974952698 -0.11715566366910934 -0.37914666533470154 -0.5734134316444397 -0.7262539863586426 -0.4131276607513428 -0.7472610473632812 0.6526349782943726 -0.12517398595809937 -2.1618762016296387
0.5457716584205627 0.4952002167701721 -0.6759512424468994 -0.11713237315416336 -0.37920939922332764 -0.5733881592750549 -0.7262412309646606 -0.4131355285644531 -0.7472172379493713 0.6526889204978943 -0.12515442073345184 -2.161879777908325
0.5457921028137207 0.4951724410057068 -0.675955057144165 -0.11714307218790054 -0.3791920840740204 -0.5734139084815979 -0.7262299060821533 -0.41313648223876953 -0.7472110390663147 0.6526873707771301 -0.1251993179321289 -2.1619036197662354
0.545795202255249 0.4951561689376831 -0.6759645342826843 -0.11714301258325577 -0.37922582030296326 -0.573399007320404 -0.7262240648269653 -0.41313445568084717 -0.7471916675567627 0.6527127623558044 -0.12518242001533508 -2.161895751953125
0.5458449721336365 0.49512767791748047 -0.6759451627731323 -0.11714549362659454 -0.3792389929294586 -0.573371410369873 -0.7262389659881592 -0.4131391942501068 -0.7471486330032349 0.6527586579322815 -0.12520016729831696 -2.161895751953125
0.5458121299743652 0.4951817989349365 -0.6759320497512817 -0.11718188971281052 -0.37919989228248596 -0.5733782052993774 -0.7262540459632874 -0.41314324736595154 -0.7471924424171448 0.6527116298675537 -0.12518391013145447 -2.1618831157684326
0.5457865595817566 0.49516698718070984 -0.6759635210037231 -0.11716814339160919 -0.3791995048522949 -0.5734184384346008 -0.7262224555015564 -0.4131423830986023 -0.7472113370895386 0.6526874899864197 -0.12519702315330505 -2.161827325820923
0.5457808971405029 0.49517127871513367 -0.6759649515151978 -0.11717796325683594 -0.3792216181755066 -0.5733998417854309 -0.7262256145477295 -0.41314518451690674 -0.7472042441368103 0.6527006030082703 -0.12517105042934418 -2.1618075370788574
0.5458012223243713 0.49514827132225037 -0.6759653687477112 -0.11718703806400299 -0.3792659342288971 -0.5733667612075806 -0.7262285947799683 -0.4131099283695221 -0.7471668720245361 0.6527470946311951 -0.12515142560005188 -2.16182541847229
0.5457975268363953 0.49515417218208313 -0.6759640574455261 -0.11719071120023727 -0.3792596459388733 -0.5733693838119507 -0.7262297868728638 -0.41310548782348633 -0.7471727728843689 0.6527402997016907 -0.1251516342163086 -2.1618127822875977
0.5457568168640137 0.495140016078949 -0.6760073304176331 -0.11719568818807602 -0.3792310655117035 -0.5734478235244751 -0.726182758808136 -0.41308969259262085 -0.747217059135437 0.6526821851730347 -0.1251905858516693 -2.1617870330810547
0.5457578897476196 0.4951320290565491 -0.6760122776031494 -0.1171983852982521 -0.3792332708835602 -0.573453426361084 -0.7261772155761719 -0.4130822420120239 -0.7472151517868042 0.6526832580566406 -0.12519621849060059 -2.161775588989258
0.545735239982605 0.49509701132774353 -0.6760562062263489 -0.11716841161251068 -0.3793391287326813 -0.5734198093414307 -0.7261484861373901 -0.41309788823127747 -0.7471779584884644 0.652739405632019 -0.1251257359981537 -2.1618592739105225
0.545743465423584 0.49508363008499146 -0.676059365272522 -0.11716338992118835 -0.37933775782585144 -0.573427677154541 -0.726142942905426 -0.4130907654762268 -0.7471726536750793 0.6527426242828369 -0.1251405030488968 -2.16184401512146
0.5457177758216858 0.49507108330726624 -0.6760892868041992 -0.11716030538082123 -0.3793845474720001 -0.5734243988990784 -0.7261211276054382 -0.41307640075683594 -0.7471676468849182 0.6527550220489502 -0.1251055747270584 -2.161844253540039
0.5457422733306885 0.49507516622543335 -0.676066517829895 -0.11715331673622131 -0.37940505146980286 -0.5733790993690491 -0.7261461615562439 -0.41309016942977905 -0.7471393346786499 0.6527917385101318 -0.12508320808410645 -2.1618435382843018
0.5456957221031189 0.495072603225708 -0.6761059761047363 -0.11713539808988571 -0.3794322907924652 -0.573401689529419 -0.7261140942573547 -0.41309940814971924 -0.747159481048584 0.6527737975120544 -0.12505634129047394 -2.1618247032165527
0.5456530451774597 0.495099812746048 -0.6761205196380615 -0.11714340001344681 -0.3794432580471039 -0.5734029412269592 -0.7261073589324951 -0.41309821605682373 -0.7471851110458374 0.6527520418167114 -0.12501677870750427 -2.1618473529815674
0.5456699132919312 0.49507129192352295 -0.6761277914047241 -0.11715328693389893 -0.37945809960365295 -0.5734047889709473 -0.7260981202125549 -0.4130917191505432 -0.7471652626991272 0.652772068977356 -0.12503094971179962 -2.1618306636810303
0.5457165241241455 0.49503636360168457 -0.6761157512664795 -0.11714330315589905 -0.3794562816619873 -0.5734001398086548 -0.7261027693748474 -0.41308385133743286 -0.7471321225166321 0.6528026461601257 -0.12506930530071259 -2.1618101596832275
0.5456636548042297 0.4951094090938568 -0.6761049032211304 -0.11715534329414368 -0.37938424944877625 -0.5734342336654663 -0.726113498210907 -0.4131155014038086 -0.7472073435783386 0.6527172923088074 -0.12506553530693054 -2.1617841720581055
0.5457175374031067 0.49508336186408997 -0.6760805249214172 -0.11716054379940033 -0.37938192486763 -0.5734137296676636 -0.7261309027671814 -0.41313353180885315 -0.7471691370010376 0.652755081653595 -0.12509624660015106 -2.161820650100708
0.5456851720809937 0.4950907230377197 -0.6761012077331543 -0.1171429231762886 -0.37939438223838806 -0.57342529296875 -0.7261152863502502 -0.41311120986938477 -0.7471864819526672 0.6527393460273743 -0.12507504224777222 -2.161848545074463
0.5456756353378296 0.49512237310409546 -0.6760857701301575 -0.11717336624860764 -0.3793375790119171 -0.5734498500823975 -0.7261255383491516 -0.4130864441394806 -0.7472222447395325 0.6526937484741211 -0.12509910762310028 -2.1618337631225586
0.5456737875938416 0.49512648582458496 -0.6760842204093933 -0.11717695742845535 -0.3793528378009796 -0.5734338164329529 -0.7261302471160889 -0.41307973861694336 -0.7472158670425415 0.6527047157287598 -0.1250801980495453 -2.1618313789367676
0.5456414222717285 0.4950721263885498 -0.6761502027511597 -0.11716417223215103 -0.37943771481513977 -0.5734484791755676 -0.7260742783546448 -0.4131022095680237 -0.7471964359283447 0.6527330875396729 -0.1250482201576233 -2.1618285179138184
0.5456409454345703 0.49508363008499146 -0.6761420965194702 -0.11716598272323608 -0.3794212341308594 -0.5734509229660034 -0.7260810136795044 -0.4131043255329132 -0.7472051382064819 0.652722179889679 -0.12505307793617249 -2.1618244647979736
0.5456809997558594 0.49501514434814453 -0.6761599779129028 -0.11715589463710785 -0.3794747292995453 -0.5734401941299438 -0.7260615229606628 -0.41311320662498474 -0.7471486926078796 0.6527835726737976 -0.12506969273090363 -2.1618547439575195
0.5456770658493042 0.495010107755661 -0.676166832447052 -0.11715692281723022 -0.37947505712509155 -0.5734490156173706 -0.7260543704032898 -0.41311708092689514 -0.7471514344215393 0.6527796387672424 -0.12507398426532745 -2.161853313446045
0.5456362962722778 0.4951215386390686 -0.6761181354522705 -0.1171693280339241 -0.3794264495372772 -0.5734100341796875 -0.7261105179786682 -0.4131430685520172 -0.7472058534622192 0.652729332447052 -0.1250111311674118 -2.1619114875793457
0.5455928444862366 0.4951229691505432 -0.6761521100997925 -0.11717967689037323 -0.37944433093070984 -0.5734336376190186 -0.7260825634002686 -0.4131583273410797 -0.7472285032272339 0.652707576751709 -0.12498970329761505 -2.1619510650634766
0.5455784201622009 0.49513089656829834 -0.6761579513549805 -0.1171574741601944 -0.37944862246513367 -0.5734348893165588 -0.7260792851448059 -0.4131610095500946 -0.7472368478775024 0.6527004241943359 -0.1249769851565361 -2.1619718074798584
0.5455670952796936 0.49515384435653687 -0.6761503219604492 -0.11715584248304367 -0.3794402480125427 -0.573428213596344 -0.7260890007019043 -0.413167804479599 -0.74724942445755 0.6526888608932495 -0.12496227771043777 -2.1619789600372314
0.5455715656280518 0.49517837166786194 -0.6761287450790405 -0.11719311028718948 -0.37942424416542053 -0.5734117031097412 -0.7261103987693787 -0.4131290018558502 -0.7472542524337769 0.6526848077774048 -0.12495443969964981 -2.161956787109375
0.5455811619758606 0.49514108896255493 -0.6761482357978821 -0.11719807237386703 -0.379443883895874 -0.5734254717826843 -0.7260892391204834 -0.41313791275024414 -0.7472372651100159 0.6527009606361389 -0.1249719113111496 -2.161953926086426
