# 3x4 first row second row third row Freq: 100 current Time: 2021-04-08-11:41:45
-0.04839194193482399 0.40119972825050354 -0.9147114157676697 0.10860688239336014 -0.9727891087532043 -0.22667500376701355 -0.047956984490156174 -0.5013031363487244 -0.22658254206180573 0.8875005841255188 0.4012519419193268 -2.277963638305664
-0.04842372238636017 0.4011373519897461 -0.9147371053695679 0.10864013433456421 -0.9727824926376343 -0.22671061754226685 -0.04792235046625137 -0.5013555884361267 -0.22660405933856964 0.8875196576118469 0.40119752287864685 -2.2779722213745117
-0.04841989651322365 0.4011151194572449 -0.9147470593452454 0.1086345985531807 -0.972787082195282 -0.22669291496276855 -0.04791238158941269 -0.5013640522956848 -0.2265850454568863 0.8875342607498169 0.4011760354042053 -2.2779619693756104
-0.04846813529729843 0.40106168389320374 -0.9147679209709167 0.10866062343120575 -0.9727955460548401 -0.22667254507541656 -0.04783736914396286 -0.5013211965560913 -0.2265384942293167 0.8875635862350464 0.40113741159439087 -2.278043508529663
-0.048423636704683304 0.40106645226478577 -0.9147682189941406 0.10866308957338333 -0.9728023409843445 -0.22663657367229462 -0.0478697270154953 -0.5013222694396973 -0.22651885449886322 0.8875706195831299 0.4011329412460327 -2.278043270111084
-0.04836968705058098 0.4010425806045532 -0.9147815108299255 0.10868119448423386 -0.9728047847747803 -0.22661706805229187 -0.047911807894706726 -0.5013375878334045 -0.22651977837085724 0.8875863552093506 0.40109750628471375 -2.278055191040039
-0.04841374233365059 0.40114161372184753 -0.9147357940673828 0.10870660841464996 -0.9728129506111145 -0.2265889048576355 -0.04787910729646683 -0.5013362765312195 -0.22647526860237122 0.8875488042831421 0.40120577812194824 -2.2781174182891846
-0.048436641693115234 0.4011456072330475 -0.914732813835144 0.10870973765850067 -0.9728145003318787 -0.22658734023571014 -0.04785512760281563 -0.501340389251709 -0.22646373510360718 0.8875474333763123 0.40121540427207947 -2.2781174182891846
-0.04844853654503822 0.401157021522522 -0.9147271513938904 0.1087140142917633 -0.9727984070777893 -0.22665242850780487 -0.04787500202655792 -0.5013148784637451 -0.2265305072069168 0.8875256180763245 0.40122586488723755 -2.2781383991241455
-0.04846201464533806 0.401134729385376 -0.9147362112998962 0.10872070491313934 -0.9727982878684998 -0.2266567349433899 -0.047856561839580536 -0.5013137459754944 -0.22652804851531982 0.8875346183776855 0.40120741724967957 -2.278143882751465
-0.048458125442266464 0.4010409414768219 -0.9147775769233704 0.10872089117765427 -0.9728010296821594 -0.22665002942085266 -0.04783220589160919 -0.5013362169265747 -0.22651702165603638 0.8875787258148193 0.4011160433292389 -2.2781577110290527
-0.04844260215759277 0.4010469317436218 -0.9147757291793823 0.10872534662485123 -0.9728003144264221 -0.22664928436279297 -0.04785000905394554 -0.5013371706008911 -0.22652335464954376 0.887576162815094 0.40111806988716125 -2.2781639099121094
-0.04844840615987778 0.40102142095565796 -0.9147866368293762 0.1087600588798523 -0.9727911353111267 -0.2266879826784134 -0.04785439744591713 -0.5013461709022522 -0.2265617549419403 0.8875778317451477 0.4010927379131317 -2.2781686782836914
-0.04844615235924721 0.40102362632751465 -0.9147858023643494 0.10877574980258942 -0.9727882742881775 -0.22669844329357147 -0.04786211997270584 -0.5013436079025269 -0.2265743464231491 0.8875741958618164 0.4010937213897705 -2.2781755924224854
-0.048434510827064514 0.4010030925273895 -0.9147953987121582 0.10876579582691193 -0.9727973937988281 -0.2266615480184555 -0.04785225912928581 -0.5012895464897156 -0.22653783857822418 0.8875928521156311 0.40107297897338867 -2.278226613998413
-0.048463910818099976 0.4010240137577057 -0.9147846698760986 0.10877346992492676 -0.9727963209152222 -0.22667071223258972 -0.04783080890774727 -0.5012795925140381 -0.22653618454933167 0.8875810503959656 0.4011000096797943 -2.27823543548584
-0.048402607440948486 0.4010373055934906 -0.9147821068763733 0.1087532714009285 -0.9727834463119507 -0.22670769691467285 -0.04791631922125816 -0.5013132095336914 -0.2266043722629547 0.8875656127929688 0.4010956585407257 -2.2782552242279053
-0.04839054495096207 0.4010080397129059 -0.9147955775260925 0.10875928401947021 -0.9727852940559387 -0.22669965028762817 -0.04791756719350815 -0.5013080835342407 -0.22659915685653687 0.8875808715820312 0.40106481313705444 -2.278261661529541
-0.048344049602746964 0.4010387659072876 -0.9147845506668091 0.10876061767339706 -0.9728032946586609 -0.2266179472208023 -0.04793843254446983 -0.5013158917427063 -0.2265317589044571 0.8875879049301147 0.4010874330997467 -2.2783243656158447
-0.048271067440509796 0.4010297954082489 -0.9147923588752747 0.1087765097618103 -0.9728206396102905 -0.22653549909591675 -0.047976355999708176 -0.5013778209686279 -0.226472869515419 0.8876129984855652 0.4010651409626007 -2.278376340866089
-0.04823819175362587 0.4010659158229828 -0.9147782325744629 0.10875888168811798 -0.9728166460990906 -0.22654251754283905 -0.048024289309978485 -0.5013543963432312 -0.22649705410003662 0.8875948786735535 0.4010915756225586 -2.2783782482147217
-0.04817510396242142 0.4010903537273407 -0.9147708415985107 0.10868208855390549 -0.9728060364723206 -0.22656966745853424 -0.04811028391122818 -0.5012997984886169 -0.22655588388442993 0.8875768780708313 0.4010981321334839 -2.278237819671631
-0.04817211627960205 0.4010853171348572 -0.9147732257843018 0.10867135971784592 -0.9728037714958191 -0.22657819092273712 -0.048115938901901245 -0.5012940764427185 -0.22656624019145966 0.8875769972801208 0.4010920524597168 -2.278235673904419
-0.048112720251083374 0.40107929706573486 -0.914779007434845 0.1086549311876297 -0.9728140830993652 -0.22652602195739746 -0.04815389961004257 -0.5013157725334167 -0.22653476893901825 0.8875930309295654 0.4010743498802185 -2.278247117996216
-0.04812459275126457 0.40108224749565125 -0.9147771000862122 0.10864637792110443 -0.9728167653083801 -0.22651775181293488 -0.0481383353471756 -0.5013155937194824 -0.22652065753936768 0.8875938057899475 0.40108057856559753 -2.2782480716705322
-0.048204563558101654 0.4010438024997711 -0.9147897362709045 0.10871146619319916 -0.9728401303291321 -0.2264445573091507 -0.04800978675484657 -0.5013517737388611 -0.2264031618833542 0.8876298666000366 0.4010671377182007 -2.2783334255218506
-0.04820188134908676 0.4010547995567322 -0.9147850275039673 0.10871580988168716 -0.9728416800498962 -0.2264375239610672 -0.048012442886829376 -0.5013567209243774 -0.22639726102352142 0.8876267075538635 0.4010775089263916 -2.2783455848693848
-0.048190079629421234 0.4010487496852875 -0.9147883057594299 0.1086934432387352 -0.9728488922119141 -0.22640696167945862 -0.04800954833626747 -0.5013077855110168 -0.22636860609054565 0.887637197971344 0.40107038617134094 -2.2783524990081787
-0.048177722841501236 0.4010556936264038 -0.9147859215736389 0.10868576169013977 -0.9728542566299438 -0.2263830453157425 -0.04801376163959503 -0.5013064742088318 -0.22634819149971008 0.8876401782035828 0.4010753333568573 -2.2783658504486084
-0.04815305024385452 0.4011234641075134 -0.914757490158081 0.10870734602212906 -0.9728423357009888 -0.22642114758491516 -0.0480755977332592 -0.5012902021408081 -0.22640466690063477 0.8875998258590698 0.401132732629776 -2.2783265113830566
-0.04825436323881149 0.4011841118335724 -0.9147255420684814 0.10873141884803772 -0.9728240966796875 -0.22651036083698273 -0.048024632036685944 -0.501322329044342 -0.2264615148305893 0.887549638748169 0.401211678981781 -2.2783546447753906
-0.04814956709742546 0.40114668011665344 -0.9147474765777588 0.1087755635380745 -0.9728245735168457 -0.22648896276950836 -0.048116255551576614 -0.501348078250885 -0.2264818698167801 0.8875720500946045 0.4011506736278534 -2.2783360481262207
-0.048251956701278687 0.4011983573436737 -0.9147194623947144 0.10878368467092514 -0.9728060364723206 -0.2265799641609192 -0.0480625219643116 -0.5013570785522461 -0.22653968632221222 0.8875254392623901 0.4012210965156555 -2.2783329486846924
-0.04820505157113075 0.40113842487335205 -0.9147481918334961 0.10870777070522308 -0.9728077054023743 -0.2265668362379074 -0.04809020459651947 -0.501318097114563 -0.2265424132347107 0.8875558972358704 0.40115222334861755 -2.2783141136169434
-0.048275768756866455 0.4011908173561096 -0.9147214889526367 0.10871828347444534 -0.9727989435195923 -0.2266129106283188 -0.04805004224181175 -0.5013391375541687 -0.2265649288892746 0.887520432472229 0.40121787786483765 -2.2783169746398926
-0.048214782029390335 0.401081919670105 -0.9147724509239197 0.10871604830026627 -0.9727993607521057 -0.22660456597805023 -0.04808156192302704 -0.5013512969017029 -0.22657623887062073 0.8875718116760254 0.4010978937149048 -2.278291940689087
-0.04825881868600845 0.4011339247226715 -0.9147473573684692 0.1087244525551796 -0.9727923274040222 -0.22663839161396027 -0.04806414246559143 -0.5013776421546936 -0.22659701108932495 0.8875396847724915 0.40115728974342346 -2.278303861618042
-0.048170384019613266 0.40109527111053467 -0.9147689342498779 0.10872446000576019 -0.9728010892868042 -0.22658786177635193 -0.04812486097216606 -0.5013825297355652 -0.22657817602157593 0.8875700235366821 0.4011007249355316 -2.2783119678497314
-0.0482141338288784 0.4010941684246063 -0.9147671461105347 0.10870631039142609 -0.9728127121925354 -0.22655130922794342 -0.04806151241064072 -0.5013777613639832 -0.22651886940002441 0.8875798583030701 0.40111246705055237 -2.2783241271972656
-0.04822054132819176 0.40110841393470764 -0.9147605299949646 0.10870037227869034 -0.9728139042854309 -0.2265472412109375 -0.04805672913789749 -0.5013741850852966 -0.22651241719722748 0.8875744342803955 0.40112805366516113 -2.278317928314209
-0.04822036251425743 0.40109530091285706 -0.9147663116455078 0.10872486233711243 -0.9728018641471863 -0.22659507393836975 -0.04807497560977936 -0.5013644695281982 -0.2265641689300537 0.8875681757926941 0.40111273527145386 -2.27827787399292
-0.04821569472551346 0.4010904133319855 -0.9147686958312988 0.10872805863618851 -0.9728006720542908 -0.22659920156002045 -0.048080481588840485 -0.5013607740402222 -0.22657045722007751 0.8875693082809448 0.40110665559768677 -2.278272867202759
-0.04824720695614815 0.4010762572288513 -0.9147732257843018 0.10872143507003784 -0.972781777381897 -0.2266804426908493 -0.04807984083890915 -0.5013784766197205 -0.2266448736190796 0.8875550031661987 0.4010963439941406 -2.2782142162323
-0.048241790384054184 0.40106484293937683 -0.9147785305976868 0.10871926695108414 -0.9727816581726074 -0.22668032348155975 -0.04808244854211807 -0.5013808608055115 -0.22664646804332733 0.8875601887702942 0.40108397603034973 -2.2782022953033447
-0.04826696962118149 0.4010854959487915 -0.9147681593894958 0.10867734253406525 -0.9727760553359985 -0.22670629620552063 -0.04807301238179207 -0.5013415217399597 -0.22666506469249725 0.8875442147254944 0.4011087715625763 -2.2782509326934814
-0.048271577805280685 0.4010678827762604 -0.9147756099700928 0.10866650938987732 -0.972776472568512 -0.22670648992061615 -0.04806341603398323 -0.5013341903686523 -0.22666224837303162 0.8875521421432495 0.40109285712242126 -2.278244972229004
-0.048281844705343246 0.4011143445968628 -0.9147546887397766 0.1086803451180458 -0.9727831482887268 -0.22668007016181946 -0.04805317893624306 -0.5013539791107178 -0.22663146257400513 0.8875378370285034 0.40114179253578186 -2.278301954269409
-0.04829321801662445 0.40111151337623596 -0.9147553443908691 0.10867112129926682 -0.9727846384048462 -0.22667676210403442 -0.048038821667432785 -0.5013529658317566 -0.22662268579006195 0.8875399827957153 0.40114206075668335 -2.2783010005950928
-0.04839141294360161 0.40117353200912476 -0.9147229790687561 0.10866979509592056 -0.9727899432182312 -0.22667300701141357 -0.04794953018426895 -0.5013437867164612 -0.22657907009124756 0.8875129222869873 0.40122655034065247 -2.278378963470459
-0.04840042069554329 0.4011608064174652 -0.914728045463562 0.10866249352693558 -0.972785472869873 -0.22669290006160736 -0.04794549196958542 -0.5013413429260254 -0.2265961915254593 0.8875135779380798 0.40121543407440186 -2.2783854007720947
-0.04846404865384102 0.4011276960372925 -0.914739191532135 0.10871357470750809 -0.9727713465690613 -0.22676293551921844 -0.047900497913360596 -0.501352071762085 -0.2266431450843811 0.8875106573104858 0.40119537711143494 -2.278388261795044
-0.04847682639956474 0.40113040804862976 -0.914737343788147 0.10871527343988419 -0.9727727770805359 -0.22675995528697968 -0.04788629710674286 -0.5013536810874939 -0.2266344279050827 0.8875101804733276 0.4012013077735901 -2.278393268585205
-0.048490624874830246 0.40119436383247375 -0.9147085547447205 0.10870197415351868 -0.9727664589881897 -0.22678405046463013 -0.04789988696575165 -0.5013192296028137 -0.22665846347808838 0.8874751329421997 0.40126532316207886 -2.2783849239349365
-0.04856015741825104 0.4012085199356079 -0.9146986603736877 0.10870141535997391 -0.9727618098258972 -0.22681593894958496 -0.04784420132637024 -0.5013178586959839 -0.2266637235879898 0.8874605894088745 0.4012944996356964 -2.278388738632202
-0.04847276955842972 0.4011237323284149 -0.9147405028343201 0.10870781540870667 -0.9727639555931091 -0.22679392993450165 -0.04790414869785309 -0.5013468265533447 -0.22667306661605835 0.887504518032074 0.4011920094490051 -2.278456449508667
-0.0485011450946331 0.40104010701179504 -0.9147756695747375 0.10874102264642715 -0.9727547764778137 -0.22684000432491302 -0.047872092574834824 -0.5013600587844849 -0.22670632600784302 0.8875305652618408 0.40111568570137024 -2.2784433364868164
-0.04848819226026535 0.4010413587093353 -0.9147757887840271 0.10874054580926895 -0.9727578163146973 -0.22682559490203857 -0.047879692167043686 -0.5013575553894043 -0.22669628262519836 0.8875336647033691 0.40111446380615234 -2.2784385681152344
-0.048499107360839844 0.4010961651802063 -0.9147511720657349 0.10867641866207123 -0.9727575778961182 -0.22682571411132812 -0.04788302630186081 -0.5013172626495361 -0.22669477760791779 0.8875088691711426 0.40117016434669495 -2.2784228324890137
-0.04848552495241165 0.40110835433006287 -0.9147465825080872 0.10866342484951019 -0.9727526307106018 -0.2268417626619339 -0.04790804162621498 -0.5013094544410706 -0.22671902179718018 0.8874992728233337 0.4011777341365814 -2.2784130573272705
-0.04857820272445679 0.4011688232421875 -0.9147151112556458 0.10864550620317459 -0.9727364182472229 -0.22692091763019562 -0.04786169156432152 -0.5012953281402588 -0.2267685979604721 0.887451708316803 0.40125492215156555 -2.278351306915283
-0.04865960031747818 0.4011608362197876 -0.9147142767906189 0.10863064974546432 -0.9727325439453125 -0.22695326805114746 -0.04778759181499481 -0.5012791752815247 -0.226767897605896 0.8874469995498657 0.4012656509876251 -2.2783215045928955
-0.048617374151945114 0.40115541219711304 -0.9147189259529114 0.10870055109262466 -0.972752571105957 -0.22686639428138733 -0.047791749238967896 -0.5013107657432556 -0.2266908884048462 0.8874716758728027 0.4012545943260193 -2.278438091278076
-0.0486040934920311 0.40113914012908936 -0.9147267937660217 0.10868918895721436 -0.9727566838264465 -0.22684843838214874 -0.04779332876205444 -0.5012925267219543 -0.2266760915517807 0.8874836564064026 0.40123653411865234 -2.278426170349121
-0.04853392764925957 0.4011024236679077 -0.9147465825080872 0.10873963683843613 -0.9727746844291687 -0.22676558792591095 -0.04782051593065262 -0.5013691782951355 -0.22661396861076355 0.8875213861465454 0.40118807554244995 -2.2785022258758545
-0.048587653785943985 0.4011130928993225 -0.9147390723228455 0.10875961184501648 -0.9727652072906494 -0.2268131971359253 -0.047787800431251526 -0.50138920545578 -0.22664318978786469 0.8875043988227844 0.40120914578437805 -2.2785274982452393
-0.048557765781879425 0.40114375948905945 -0.9147272109985352 0.1087496429681778 -0.9727810025215149 -0.22674354910850525 -0.04779643192887306 -0.5013589262962341 -0.22658172249794006 0.8875083327293396 0.4012351632118225 -2.278538942337036
-0.048567600548267365 0.4011705815792084 -0.9147149324417114 0.1087283343076706 -0.972779393196106 -0.2267504334449768 -0.04779636487364769 -0.5013309121131897 -0.2265864759683609 0.8874944448471069 0.40126317739486694 -2.278526782989502
-0.04855596646666527 0.40117403864860535 -0.9147140383720398 0.10870341211557388 -0.9727708101272583 -0.2267814427614212 -0.0478237010538578 -0.501307487487793 -0.22662577033042908 0.8874849677085876 0.40126198530197144 -2.2784669399261475
-0.048636291176080704 0.40119311213493347 -0.9147014021873474 0.10869299620389938 -0.9727654457092285 -0.2268180102109909 -0.04775998741388321 -0.501291811466217 -0.22663171589374542 0.8874670267105103 0.4012983441352844 -2.278459310531616
-0.048517461866140366 0.4011991322040558 -0.9147050380706787 0.10863741487264633 -0.9727694988250732 -0.22677749395370483 -0.04786967486143112 -0.5013667941093445 -0.2266397774219513 0.8874746561050415 0.40127691626548767 -2.2785446643829346
-0.04853739216923714 0.40116679668426514 -0.9147181510925293 0.10863684117794037 -0.9727692604064941 -0.2267841249704361 -0.04784269258379936 -0.5013778805732727 -0.22663643956184387 0.8874875903129578 0.4012502431869507 -2.278573751449585
-0.04854698106646538 0.4011894762516022 -0.9147077202796936 0.10862408578395844 -0.9727663397789001 -0.22679629921913147 -0.04784416779875755 -0.5013836026191711 -0.22664688527584076 0.8874741792678833 0.4012739062309265 -2.2785797119140625
-0.04852566123008728 0.4011545479297638 -0.9147241711616516 0.10870033502578735 -0.9727690815925598 -0.22678303718566895 -0.047851353883743286 -0.5013540387153625 -0.22663970291614532 0.887493371963501 0.40123552083969116 -2.2784671783447266
-0.04864730313420296 0.4012044072151184 -0.9146958589553833 0.10872423648834229 -0.9727562665939331 -0.22685566544532776 -0.04776836931705475 -0.5013826489448547 -0.2266688048839569 0.8874523043632507 0.4013099670410156 -2.278477430343628
-0.04851827025413513 0.40118178725242615 -0.9147126078605652 0.10872409492731094 -0.9727764129638672 -0.22675152122974396 -0.04785235971212387 -0.5014133453369141 -0.2266099601984024 0.8874891400337219 0.40126174688339233 -2.278430223464966
-0.04856709763407707 0.40124091506004333 -0.9146841168403625 0.10872767865657806 -0.972758412361145 -0.22682882845401764 -0.047851450741291046 -0.5014287829399109 -0.22667667269706726 0.8874426484107971 0.40132689476013184 -2.2784245014190674
-0.04844114929437637 0.40129852294921875 -0.9146655201911926 0.10869967192411423 -0.9727603793144226 -0.22679221630096436 -0.04798448830842972 -0.5013865828514099 -0.22669510543346405 0.88742595911026 0.4013533592224121 -2.278395175933838
-0.04853340983390808 0.4013223946094513 -0.9146501421928406 0.10870596766471863 -0.972746729850769 -0.22686339914798737 -0.04792504757642746 -0.501392126083374 -0.22673402726650238 0.8873969912528992 0.4013954699039459 -2.278386116027832
-0.0485268272459507 0.40124189853668213 -0.9146857857704163 0.10871639847755432 -0.9727489948272705 -0.22685739398002625 -0.04790746420621872 -0.5013837218284607 -0.22672569751739502 0.8874348998069763 0.4013163149356842 -2.278329849243164
-0.04856184124946594 0.4012734889984131 -0.9146701097488403 0.10873359441757202 -0.9727315306663513 -0.22693119943141937 -0.04791218414902687 -0.5013779997825623 -0.2267930507659912 0.8874017596244812 0.40135154128074646 -2.2783384323120117
-0.04853101074695587 0.40126559138298035 -0.9146751761436462 0.10874850302934647 -0.9727611541748047 -0.22680939733982086 -0.04788774251937866 -0.5013957619667053 -0.22667261958122253 0.8874364495277405 0.40134286880493164 -2.278350353240967
-0.04845330864191055 0.40127164125442505 -0.9146766662597656 0.10872433334589005 -0.9727654457092285 -0.22677648067474365 -0.04795714095234871 -0.501408040523529 -0.2266709804534912 0.8874421119689941 0.40133124589920044 -2.2783925533294678
-0.048457127064466476 0.4012630879878998 -0.9146801829338074 0.108726866543293 -0.9727656841278076 -0.22677670419216156 -0.047950852662324905 -0.5014104843139648 -0.2266690582036972 0.8874459266662598 0.4013238847255707 -2.2783892154693604
-0.04840872064232826 0.4012693166732788 -0.9146800637245178 0.1086769849061966 -0.9727712869644165 -0.22674451768398285 -0.04798946529626846 -0.5013735294342041 -0.22665536403656006 0.8874513506889343 0.4013196527957916 -2.2784392833709717
-0.04839729145169258 0.4012698531150818 -0.9146804213523865 0.10866770148277283 -0.9727723598480225 -0.22673802077770233 -0.047998830676078796 -0.5013744831085205 -0.2266532927751541 0.8874527812004089 0.40131768584251404 -2.2784438133239746
-0.04843183606863022 0.401315838098526 -0.9146583676338196 0.1086566224694252 -0.9727506041526794 -0.2268276959657669 -0.04801515117287636 -0.5013734102249146 -0.2267390936613083 0.8874090313911438 0.40136590600013733 -2.278470039367676
-0.04847635701298714 0.4012989401817322 -0.9146634340286255 0.1086384728550911 -0.9727501273155212 -0.22683963179588318 -0.047968607395887375 -0.5013601779937744 -0.22673165798187256 0.8874136209487915 0.4013599455356598 -2.2784667015075684
-0.04844246804714203 0.4013257622718811 -0.914653480052948 0.10861188173294067 -0.9727583527565002 -0.22679908573627472 -0.04799359664320946 -0.5013562440872192 -0.22670362889766693 0.887411892414093 0.40137967467308044 -2.2785191535949707
-0.04845747724175453 0.401322603225708 -0.9146540760993958 0.10859651863574982 -0.9727633595466614 -0.2267826795578003 -0.04796934872865677 -0.5013497471809387 -0.22667887806892395 0.8874174952507019 0.4013812243938446 -2.278533458709717
-0.04849549010396004 0.4013766050338745 -0.9146283864974976 0.10864295065402985 -0.9727569222450256 -0.22681285440921783 -0.04795724153518677 -0.5013453960418701 -0.2266983687877655 0.887385368347168 0.4014412462711334 -2.278625726699829
-0.04857055842876434 0.40137916803359985 -0.9146232604980469 0.10865264385938644 -0.9727551341056824 -0.2268352061510086 -0.04788821563124657 -0.5013606548309326 -0.22669006884098053 0.8873785138130188 0.4014611542224884 -2.2786548137664795
-0.04861384630203247 0.40138813853263855 -0.9146170020103455 0.10870302468538284 -0.9727621674537659 -0.2268160581588745 -0.047835949808359146 -0.5013443827629089 -0.22665059566497803 0.8873793482780457 0.401481568813324 -2.2786567211151123
-0.04865182936191559 0.4014103412628174 -0.9146052598953247 0.10870441049337387 -0.97276371717453 -0.22681652009487152 -0.04780178517103195 -0.5013387799263 -0.22663569450378418 0.8873691558837891 0.4015124440193176 -2.278656482696533
-0.04862105846405029 0.40131092071533203 -0.9146504998207092 0.10876759141683578 -0.972752571105957 -0.22685906291007996 -0.04782675579190254 -0.5013827085494995 -0.2266901433467865 0.8874032497406006 0.40140631794929504 -2.278639078140259
-0.04867890477180481 0.40129831433296204 -0.914652943611145 0.10876334458589554 -0.9727562069892883 -0.22685733437538147 -0.04776103049516678 -0.5013589859008789 -0.22666214406490326 0.8874093890190125 0.4014085829257965 -2.2786290645599365
-0.04855377599596977 0.401313453912735 -0.914652943611145 0.10877922922372818 -0.9727638959884644 -0.22680096328258514 -0.047872722148895264 -0.5013887286186218 -0.22665612399578094 0.8874169588088989 0.4013952612876892 -2.2786011695861816
-0.04861407354474068 0.4013117551803589 -0.9146504998207092 0.10876398533582687 -0.9727672934532166 -0.2268000841140747 -0.047807734459638596 -0.5013506412506104 -0.2266286015510559 0.8874179720878601 0.4014086127281189 -2.278581142425537
-0.048532307147979736 0.4013257622718811 -0.914648711681366 0.10879223793745041 -0.9727873802185059 -0.22670382261276245 -0.0478549562394619 -0.5014023184776306 -0.22655977308750153 0.8874362111091614 0.40140706300735474 -2.2786037921905518
-0.04858996346592903 0.401347279548645 -0.9146361947059631 0.10878637433052063 -0.9727696180343628 -0.22678419947624207 -0.04783584177494049 -0.5013849139213562 -0.22662381827831268 0.8874059319496155 0.4014378488063812 -2.2786033153533936
-0.04850408807396889 0.40130695700645447 -0.9146584868431091 0.10878395289182663 -0.9727820754051208 -0.22671987116336823 -0.04788712039589882 -0.5013951063156128 -0.2265886664390564 0.8874406218528748 0.4013810157775879 -2.2785918712615967
-0.048519887030124664 0.4013303518295288 -0.9146473407745361 0.10877960175275803 -0.9727709293365479 -0.22676555812358856 -0.0478973351418972 -0.5014262795448303 -0.22663316130638123 0.8874183893203735 0.40140509605407715 -2.278576374053955
-0.048453401774168015 0.4013027548789978 -0.9146630167961121 0.10878773778676987 -0.9727822542190552 -0.2267090231180191 -0.047934986650943756 -0.5014421343803406 -0.22659878432750702 0.8874452710151672 0.4013649821281433 -2.2786178588867188
-0.04850779101252556 0.40131765604019165 -0.9146535992622375 0.10877204686403275 -0.9727744460105896 -0.22674991190433502 -0.04789968207478523 -0.501419723033905 -0.2266205996274948 0.8874281048774719 0.4013906717300415 -2.278599262237549
-0.04845128953456879 0.4012489914894104 -0.9146866798400879 0.10874726623296738 -0.9727796912193298 -0.22672142088413239 -0.047928232699632645 -0.5014089345932007 -0.2266102135181427 0.8874664306640625 0.4013117849826813 -2.278538465499878
-0.048511963337659836 0.4012695252895355 -0.9146744608879089 0.10874716192483902 -0.9727740287780762 -0.22675487399101257 -0.04788440838456154 -0.5014092922210693 -0.22662143409252167 0.8874486088752747 0.4013448655605316 -2.278543710708618
-0.048415012657642365 0.40121856331825256 -0.9147019386291504 0.10874642431735992 -0.9727833271026611 -0.22670120000839233 -0.0479494072496891 -0.5014395117759705 -0.2266022115945816 0.8874853849411011 0.4012744426727295 -2.278573989868164
-0.04851192235946655 0.40130913257598877 -0.9146571159362793 0.10873683542013168 -0.9727652668952942 -0.22678706049919128 -0.04790977016091347 -0.501438558101654 -0.22665901482105255 0.887422502040863 0.4013814330101013 -2.278573751449585
-0.048407457768917084 0.4012390673160553 -0.9146933555603027 0.10875283181667328 -0.9727779030799866 -0.2267199456691742 -0.047971490770578384 -0.5014335513114929 -0.22662724554538727 0.8874713182449341 0.4012914299964905 -2.278629779815674
-0.048366326838731766 0.4012552797794342 -0.9146884083747864 0.10871288925409317 -0.9727652668952942 -0.226760134100914 -0.04803779721260071 -0.5014371871948242 -0.22669027745723724 0.8874537348747253 0.4012947082519531 -2.278637409210205
-0.04840639606118202 0.40123388171195984 -0.914695680141449 0.10871490091085434 -0.9727703928947449 -0.22674933075904846 -0.047984495759010315 -0.501457154750824 -0.2266596257686615 0.8874661326408386 0.4012845456600189 -2.278660774230957
-0.048417530953884125 0.40119120478630066 -0.9147137999534607 0.1087709441781044 -0.9727779626846313 -0.22672434151172638 -0.047949764877557755 -0.5014460682868958 -0.22662489116191864 0.8874918222427368 0.40124738216400146 -2.2787563800811768
-0.04846343770623207 0.40123337507247925 -0.9146928787231445 0.10875280201435089 -0.9727656841278076 -0.22677958011627197 -0.04793737456202507 -0.5014335513114929 -0.22666773200035095 0.8874586224555969 0.40129655599594116 -2.2787675857543945
-0.04836636036634445 0.40122780203819275 -0.9147005081176758 0.10874482244253159 -0.9727758169174194 -0.22672021389007568 -0.048012252897024155 -0.5014303922653198 -0.22664491832256317 0.8874763250350952 0.4012703001499176 -2.2786943912506104
-0.048403430730104446 0.401265949010849 -0.9146817922592163 0.1087304875254631 -0.972769558429718 -0.22675029933452606 -0.047996796667575836 -0.5014240741729736 -0.22666382789611816 0.8874514102935791 0.40131479501724243 -2.2786943912506104
-0.04836608096957207 0.401216596364975 -0.9147053956985474 0.10870993137359619 -0.9727824330329895 -0.22669477760791779 -0.04799801483750343 -0.5014330148696899 -0.2266165316104889 0.8874878883361816 0.4012607932090759 -2.2786552906036377
-0.048390015959739685 0.4011898636817932 -0.9147158861160278 0.10874731093645096 -0.9727677702903748 -0.22675853967666626 -0.04799412563443184 -0.5014814138412476 -0.2266743779182434 0.8874836564064026 0.4012373983860016 -2.278675079345703
-0.048395540565252304 0.4012240469455719 -0.9147005677223206 0.10875917226076126 -0.9727658033370972 -0.22676557302474976 -0.04800071194767952 -0.5014682412147522 -0.22668161988258362 0.8874664306640625 0.4012714624404907 -2.2786061763763428
-0.04834297299385071 0.4011853337287903 -0.914720356464386 0.10871385037899017 -0.9727643728256226 -0.22676238417625427 -0.04804466292262077 -0.5014538764953613 -0.22669896483421326 0.8874847292900085 0.4012211561203003 -2.2786219120025635
-0.04838297516107559 0.4012412428855896 -0.9146937131881714 0.10871956497430801 -0.9727639555931091 -0.22676929831504822 -0.04802043363451958 -0.5014880895614624 -0.22669221460819244 0.8874577283859253 0.401284784078598 -2.2786524295806885
-0.04837799072265625 0.40117743611335754 -0.9147219657897949 0.10873604565858841 -0.9727599024772644 -0.22678758203983307 -0.04801667109131813 -0.501526951789856 -0.22671078145503998 0.8874818682670593 0.40122082829475403 -2.278630018234253
-0.048398230224847794 0.4011574983596802 -0.914729654788971 0.10874717682600021 -0.9727640151977539 -0.22677664458751678 -0.047984778881073 -0.5014616847038269 -0.22668875753879547 0.8874936699867249 0.4012071490287781 -2.2785658836364746
-0.048385437577962875 0.4011261761188507 -0.9147440195083618 0.10872010886669159 -0.9727796912193298 -0.22671441733837128 -0.047961752861738205 -0.5014605522155762 -0.22662436962127686 0.8875237107276917 0.4011770486831665 -2.2785873413085938
-0.04837929829955101 0.40112894773483276 -0.9147431254386902 0.10871414840221405 -0.9727771282196045 -0.22672303020954132 -0.047972921282052994 -0.5014567375183105 -0.22663664817810059 0.8875203132629395 0.4011777341365814 -2.2785816192626953
-0.0482979379594326 0.4011101722717285 -0.9147557020187378 0.1087004765868187 -0.9727860689163208 -0.22667227685451508 -0.04803140088915825 -0.5014227628707886 -0.22661562263965607 0.8875417709350586 0.4011421501636505 -2.2785329818725586
-0.04830899462103844 0.4011741280555725 -0.9147270321846008 0.10872667282819748 -0.9727932810783386 -0.22664278745651245 -0.048023682087659836 -0.5014424324035645 -0.2265821248292923 0.8875203728675842 0.40120837092399597 -2.278601884841919
-0.04830242693424225 0.40116414427757263 -0.9147318005561829 0.10871995240449905 -0.9727926850318909 -0.226644366979599 -0.048028670251369476 -0.5014409422874451 -0.22658616304397583 0.8875244855880737 0.40119698643684387 -2.278597354888916
-0.04827845096588135 0.40118607878685 -0.9147233963012695 0.10865197330713272 -0.9727943539619446 -0.22663165628910065 -0.04805438220500946 -0.5014473795890808 -0.22658401727676392 0.8875178098678589 0.4012129604816437 -2.2785744667053223
-0.04829378053545952 0.4011968970298767 -0.9147178530693054 0.10863785445690155 -0.9727960228919983 -0.22662770748138428 -0.048039231449365616 -0.5014470219612122 -0.22657358646392822 0.8875139355659485 0.4012274444103241 -2.278569459915161
-0.048412661999464035 0.4011603891849518 -0.9147276282310486 0.10872694849967957 -0.9728147387504578 -0.22658070921897888 -0.04788163676857948 -0.5014485120773315 -0.22646783292293549 0.8875424265861511 0.4012241065502167 -2.278716802597046
-0.04841524735093117 0.40116873383522034 -0.914723813533783 0.10872690379619598 -0.9728100299835205 -0.2265993058681488 -0.04788957163691521 -0.5014480948448181 -0.22648756206035614 0.8875339031219482 0.4012318253517151 -2.2787230014801025
-0.048345305025577545 0.40112411975860596 -0.9147470593452454 0.10870558768510818 -0.9728381633758545 -0.22647716104984283 -0.047896627336740494 -0.5014136433601379 -0.2263817936182022 0.8875852227210999 0.40117794275283813 -2.2786948680877686
-0.048352133482694626 0.4011399745941162 -0.914739727973938 0.1087009534239769 -0.9728373289108276 -0.22648084163665771 -0.047895338386297226 -0.5014583468437195 -0.2263837456703186 0.8875771164894104 0.4011947512626648 -2.2787771224975586
-0.04836955666542053 0.40116894245147705 -0.9147261381149292 0.1086803674697876 -0.9728384613990784 -0.22647853195667267 -0.04788362234830856 -0.501442551612854 -0.22637523710727692 0.8875646591186523 0.4012272357940674 -2.2787883281707764
-0.048403553664684296 0.4012020230293274 -0.9147098064422607 0.10868176817893982 -0.9728444218635559 -0.22646038234233856 -0.04784822463989258 -0.5014452338218689 -0.2263423204421997 0.8875542879104614 0.4012686014175415 -2.2788047790527344
-0.048398103564977646 0.40120142698287964 -0.9147104024887085 0.10872869193553925 -0.9728386998176575 -0.22648181021213531 -0.04786354675889015 -0.5014668107032776 -0.22636817395687103 0.887549102306366 0.40126553177833557 -2.2788314819335938
-0.048415813595056534 0.40122681856155396 -0.9146983027458191 0.10874288529157639 -0.9728236794471741 -0.22654297947883606 -0.04787925258278847 -0.5014663934707642 -0.22642889618873596 0.8875220417976379 0.4012911915779114 -2.278820753097534
-0.048391345888376236 0.40122830867767334 -0.9146989583969116 0.10877226293087006 -0.9728186726570129 -0.2265574038028717 -0.04791221022605896 -0.5014718174934387 -0.22645553946495056 0.8875176906585693 0.4012857973575592 -2.2788543701171875
-0.04832352325320244 0.40123990178108215 -0.9146974682807922 0.10875842720270157 -0.9728087186813354 -0.2265818566083908 -0.047998543828725815 -0.5014268159866333 -0.22651275992393494 0.8875061869621277 0.40127888321876526 -2.2788639068603516
-0.04833410307765007 0.40124619007110596 -0.9146941304206848 0.10875599086284637 -0.9728059768676758 -0.22659458220005035 -0.04799475148320198 -0.501418948173523 -0.22652243077754974 0.8875001072883606 0.40128690004348755 -2.2788712978363037
-0.04831830784678459 0.4012623429298401 -0.9146878719329834 0.10874314606189728 -0.9728007912635803 -0.22661077976226807 -0.04802325740456581 -0.5014382004737854 -0.22654804587364197 0.8874886631965637 0.40129774808883667 -2.2788608074188232
-0.04832305759191513 0.4012729227542877 -0.9146829843521118 0.10873487591743469 -0.9728035926818848 -0.22660015523433685 -0.048016272485256195 -0.50142902135849 -0.2265349179506302 0.8874865770339966 0.4013097286224365 -2.2788660526275635
-0.04836670681834221 0.4013248682022095 -0.9146578907966614 0.10868388414382935 -0.9728111028671265 -0.2265770435333252 -0.04797349497675896 -0.5014093518257141 -0.22649341821670532 0.8874689936637878 0.4013720452785492 -2.2787981033325195
-0.0483999066054821 0.4013464152812958 -0.9146466851234436 0.10870631039142609 -0.9727987051010132 -0.2266312837600708 -0.04796857386827469 -0.5014243125915527 -0.22653955221176147 0.8874453902244568 0.4013981819152832 -2.278801202774048
-0.04843783751130104 0.40130379796028137 -0.9146633744239807 0.10873573273420334 -0.9728000164031982 -0.22663623094558716 -0.0479188933968544 -0.501421332359314 -0.22652588784694672 0.887463390827179 0.40136605501174927 -2.27882981300354
-0.04838487505912781 0.401288241147995 -0.9146729707717896 0.10873714089393616 -0.9728138446807861 -0.22657199203968048 -0.04794195294380188 -0.5014105439186096 -0.22647780179977417 0.8874868750572205 0.40134140849113464 -2.278822898864746
-0.04838929697871208 0.40122362971305847 -0.9147011041641235 0.10873845219612122 -0.9728149175643921 -0.22657209634780884 -0.04791976511478424 -0.501441478729248 -0.22647227346897125 0.8875160217285156 0.4012799859046936 -2.2787933349609375
-0.04841252788901329 0.40129968523979187 -0.914666473865509 0.10875245928764343 -0.972808837890625 -0.2265966534614563 -0.04792679846286774 -0.5014137625694275 -0.22649335861206055 0.8874753713607788 0.4013579785823822 -2.2787365913391113
-0.04840001463890076 0.4012441039085388 -0.9146915674209595 0.10873976349830627 -0.9728159308433533 -0.2265690565109253 -0.04791254550218582 -0.5014208555221558 -0.22646541893482208 0.8875075578689575 0.40130260586738586 -2.2787234783172607
-0.04841224476695061 0.4012538194656372 -0.9146866202354431 0.10873742401599884 -0.9728356003761292 -0.22649404406547546 -0.04786825552582741 -0.5014203190803528 -0.22637838125228882 0.887522280216217 0.40131908655166626 -2.2787179946899414
-0.04838988557457924 0.4012569785118103 -0.9146864414215088 0.108727365732193 -0.9728346467018127 -0.2264930158853531 -0.04789242520928383 -0.5014277100563049 -0.22638724744319916 0.8875211477279663 0.40131664276123047 -2.278693199157715
-0.04835417866706848 0.40129026770591736 -0.9146737456321716 0.10872149467468262 -0.9728421568870544 -0.22645457088947296 -0.0479220487177372 -0.5014467239379883 -0.2263626754283905 0.8875159025192261 0.40134209394454956 -2.2787129878997803
-0.04836362227797508 0.40121161937713623 -0.9147077202796936 0.1087305024266243 -0.9728456139564514 -0.22644706070423126 -0.04788728058338165 -0.5014475584030151 -0.22634580731391907 0.8875533938407898 0.40126875042915344 -2.278730630874634
-0.04832671955227852 0.4011983573436737 -0.9147154688835144 0.10872015357017517 -0.9728575348854065 -0.22639338672161102 -0.04789866879582405 -0.5014433860778809 -0.2263024002313614 0.8875730633735657 0.4012496769428253 -2.2787179946899414
-0.04833628237247467 0.40123245120048523 -0.9147000312805176 0.10870304703712463 -0.9728760719299316 -0.2263207584619522 -0.04786490276455879 -0.5014191269874573 -0.22622054815292358 0.887576162815094 0.4012889266014099 -2.278775691986084
-0.048360638320446014 0.4011792242527008 -0.9147220849990845 0.10872610658407211 -0.9728766083717346 -0.2263265699148178 -0.04782719537615776 -0.5014410614967346 -0.22621318697929382 0.8875987529754639 0.4012431502342224 -2.2787837982177734
-0.048363491892814636 0.40117761492729187 -0.9147226214408875 0.10872147232294083 -0.9728768467903137 -0.22632628679275513 -0.04782358929514885 -0.5014375448226929 -0.2262115180492401 0.887599527835846 0.40124231576919556 -2.278778076171875
-0.04838840290904045 0.4012185335159302 -0.914703369140625 0.10870782285928726 -0.9728789925575256 -0.22632089257240295 -0.04780575633049011 -0.501395583152771 -0.2261970341205597 0.8875824213027954 0.40128836035728455 -2.278766393661499
-0.048453569412231445 0.40128016471862793 -0.9146729111671448 0.10874216258525848 -0.9728800654411316 -0.22632665932178497 -0.047755759209394455 -0.5014129281044006 -0.22617828845977783 0.8875530958175659 0.4013637900352478 -2.278765916824341
-0.048451803624629974 0.4012276232242584 -0.9146960377693176 0.10873743891716003 -0.9728742241859436 -0.22635212540626526 -0.04775490239262581 -0.5014216899871826 -0.22620396316051483 0.8875703811645508 0.40131115913391113 -2.2787516117095947
-0.04845317825675011 0.4013097882270813 -0.9146599173545837 0.10873578488826752 -0.9728691577911377 -0.2263680100440979 -0.04778290167450905 -0.5014380216598511 -0.22622548043727875 0.8875291347503662 0.4013901352882385 -2.278770685195923
-0.04841962829232216 0.40126898884773254 -0.9146795868873596 0.10874897241592407 -0.9728652834892273 -0.22637847065925598 -0.04781225696206093 -0.5014413595199585 -0.2262493222951889 0.8875449299812317 0.4013417959213257 -2.2787675857543945
-0.04843682050704956 0.401283323764801 -0.9146723747253418 0.10876385122537613 -0.9728649854660034 -0.2263822853565216 -0.047799576073884964 -0.5014615654945374 -0.22624678909778595 0.8875374794006348 0.4013597071170807 -2.278771162033081
-0.048427145928144455 0.40124666690826416 -0.9146890044212341 0.10870721191167831 -0.9728536605834961 -0.22642655670642853 -0.047819942235946655 -0.5014581680297852 -0.22629745304584503 0.8875427842140198 0.4013194739818573 -2.2787106037139893
-0.04846905171871185 0.4012998640537262 -0.9146634340286255 0.10871449112892151 -0.972855806350708 -0.22642414271831512 -0.04778870567679405 -0.5014798045158386 -0.22627946734428406 0.887519359588623 0.4013814330101013 -2.2787058353424072
-0.048520494252443314 0.401266485452652 -0.9146753549575806 0.10874365270137787 -0.9728575944900513 -0.22642932832241058 -0.04772729426622391 -0.5014755129814148 -0.22626067698001862 0.8875330686569214 0.4013616144657135 -2.2787389755249023
