# 3x4 first row second row third row Freq: 100 current Time: 2021-04-08-11:54:09
0.1259775608778 0.014402181841433048 -0.9919285774230957 0.14140665531158447 -0.9891827702522278 0.07756685465574265 -0.12450262904167175 -0.35294803977012634 0.07514767348766327 0.9968831539154053 0.02401806227862835 -2.0870819091796875
0.12598362565040588 0.014393158257007599 -0.9919279217720032 0.1414068341255188 -0.9891809821128845 0.07757864892482758 -0.1245090663433075 -0.35295024514198303 0.07516036182641983 0.9968823194503784 0.024011068046092987 -2.087057590484619
0.12597602605819702 0.014422617852687836 -0.9919284582138062 0.14141176640987396 -0.9891810417175293 0.07759468257427216 -0.1244988813996315 -0.3529413342475891 0.0751727893948555 0.9968806505203247 0.024041639640927315 -2.0870442390441895
0.12600867450237274 0.014390941709280014 -0.9919247627258301 0.1413998007774353 -0.989176869392395 0.0775916576385498 -0.12453389167785645 -0.35293668508529663 0.07517293840646744 0.996881365776062 0.024012397974729538 -2.0870041847229004
0.12603701651096344 0.014368518255650997 -0.9919214844703674 0.14137928187847137 -0.9891664981842041 0.077679343521595 -0.12456173449754715 -0.35288044810295105 0.07526204735040665 0.9968748688697815 0.024003317579627037 -2.0870163440704346
0.12605106830596924 0.014374087564647198 -0.9919196367263794 0.14137239754199982 -0.9891642332077026 0.07768615335226059 -0.124575175344944 -0.35287174582481384 0.07526777684688568 0.9968742728233337 0.02401074767112732 -2.0869879722595215
0.12603116035461426 0.014394598081707954 -0.9919218420982361 0.1413755714893341 -0.9891688823699951 0.07766017317771912 -0.12455439567565918 -0.3528856337070465 0.07523992657661438 0.9968760013580322 0.024026280269026756 -2.0870296955108643
0.1260250210762024 0.014382909052073956 -0.9919227957725525 0.14137428998947144 -0.9891694784164429 0.07766149938106537 -0.12454912811517715 -0.35287970304489136 0.07524284720420837 0.996876060962677 0.024014417082071304 -2.087003469467163
0.1260346919298172 0.014448392204940319 -0.9919206500053406 0.14139646291732788 -0.9891708493232727 0.07763489335775375 -0.12455448508262634 -0.35288020968437195 0.07520805299282074 0.9968771934509277 0.024076608940958977 -2.087040424346924
0.12603870034217834 0.014458460733294487 -0.991919994354248 0.14140614867210388 -0.989170491695404 0.07763451337814331 -0.124557726085186 -0.3528750240802765 0.07520632445812225 0.9968770742416382 0.02408682554960251 -2.08701753616333
0.1260453164577484 0.014524138532578945 -0.99191814661026 0.14141318202018738 -0.989170253276825 0.07763520628213882 -0.12455938011407852 -0.3528924584388733 0.07519866526126862 0.996876060962677 0.024152390658855438 -2.087089776992798
0.1260652393102646 0.014555647037923336 -0.9919151663780212 0.14142751693725586 -0.9891651272773743 0.07767356187105179 -0.12457594275474548 -0.3528849482536316 0.07523231208324432 0.99687260389328 0.024189865216612816 -2.0870532989501953
0.12597782909870148 0.014498194679617882 -0.9919271469116211 0.1414160430431366 -0.9891740083694458 0.0776946097612381 -0.1244925856590271 -0.35288944840431213 0.07526247948408127 0.9968717694282532 0.024129025638103485 -2.0871095657348633
0.12597663700580597 0.014503204263746738 -0.9919272065162659 0.14141549170017242 -0.9891757965087891 0.07767340540885925 -0.12449153512716293 -0.3528861999511719 0.0752408504486084 0.9968733787536621 0.02413124404847622 -2.087064266204834
0.1260560154914856 0.014503021724522114 -0.9919171333312988 0.14139170944690704 -0.9891659617424011 0.07767166942358017 -0.12457074970006943 -0.35288113355636597 0.0752372145652771 0.9968734979629517 0.024136865511536598 -2.087099552154541
0.12608417868614197 0.014527619816362858 -0.9919131994247437 0.1413661688566208 -0.9891645312309265 0.07764657586812973 -0.12459759414196014 -0.35291048884391785 0.07520856708288193 0.9968751072883606 0.024160200729966164 -2.0870370864868164
0.12611424922943115 0.014517628587782383 -0.9919095039367676 0.14136159420013428 -0.9891598224639893 0.07765793800354004 -0.12462805956602097 -0.3529135584831238 0.07522035390138626 0.9968743920326233 0.024154018610715866 -2.087015390396118
0.1259942650794983 0.014489657245576382 -0.9919251799583435 0.1413877010345459 -0.9891742467880249 0.07766251266002655 -0.12451039254665375 -0.35290899872779846 0.07523129880428314 0.9968743920326233 0.024117818102240562 -2.0870277881622314
0.12599611282348633 0.014457345940172672 -0.9919254183769226 0.1413954347372055 -0.9891746044158936 0.07765045017004013 -0.12451495975255966 -0.35290780663490295 0.07522330433130264 0.9968758225440979 0.024084484204649925 -2.0870001316070557
0.12604667246341705 0.01438559964299202 -0.991919994354248 0.14138127863407135 -0.9891675114631653 0.07765200734138489 -0.12457073479890823 -0.35294032096862793 0.07523256540298462 0.9968767166137695 0.024017533287405968 -2.087002754211426
0.12606929242610931 0.01438578125089407 -0.9919171333312988 0.14139187335968018 -0.9891659021377563 0.07763552665710449 -0.12459368258714676 -0.3529442846775055 0.07521563768386841 0.9968780279159546 0.024017369374632835 -2.08697247505188
0.12605418264865875 0.014435878023505211 -0.9919183254241943 0.1413973867893219 -0.9891716837882996 0.07759055495262146 -0.12457593530416489 -0.35290825366973877 0.07516514509916306 0.996880829334259 0.024060165509581566 -2.086947202682495
0.1260937750339508 0.014462899416685104 -0.9919129014015198 0.14142626523971558 -0.9891648888587952 0.07761755585670471 -0.1246127188205719 -0.35290175676345825 0.07518760114908218 0.9968783259391785 0.024093272164463997 -2.08695650100708
0.12612801790237427 0.014527908526360989 -0.9919075965881348 0.14142537117004395 -0.989164412021637 0.0775754302740097 -0.12464301288127899 -0.35290172696113586 0.07513687014579773 0.9968806505203247 0.024154916405677795 -2.08699369430542
0.12611308693885803 0.014601289294660091 -0.9919084310531616 0.14143255352973938 -0.989163339138031 0.07762370258569717 -0.1246214285492897 -0.35289764404296875 0.07517597824335098 0.9968758225440979 0.0242324136197567 -2.0869333744049072
0.1260657161474228 0.014521856792271137 -0.9919155836105347 0.14144334197044373 -0.9891643524169922 0.07767875492572784 -0.12457882612943649 -0.35288017988204956 0.07524167001247406 0.9968726634979248 0.024157121777534485 -2.0868706703186035
0.1261429637670517 0.014443633146584034 -0.9919069409370422 0.1414293348789215 -0.9891524910926819 0.07769806683063507 -0.12466128915548325 -0.3528880774974823 0.0752686932682991 0.9968723058700562 0.02408800832927227 -2.0869030952453613
0.12613798677921295 0.014428392983973026 -0.9919077754020691 0.14144116640090942 -0.9891514182090759 0.07771863788366318 -0.12465698271989822 -0.3528839945793152 0.07529112696647644 0.9968709349632263 0.024075128138065338 -2.086872100830078
0.12625345587730408 0.01438034139573574 -0.9918937683105469 0.14140641689300537 -0.9891380071640015 0.07769779115915298 -0.12477623671293259 -0.35289713740348816 0.07527364790439606 0.9968732595443726 0.024033745750784874 -2.086965560913086
0.12627147138118744 0.014395685866475105 -0.9918912649154663 0.1414022594690323 -0.989137589931488 0.07767509669065475 -0.12479359656572342 -0.3528928756713867 0.07524877041578293 0.9968748092651367 0.024047452956438065 -2.086935520172119
0.12621581554412842 0.014372474513947964 -0.9918987154960632 0.14136435091495514 -0.9891456961631775 0.07765750586986542 -0.12474026530981064 -0.3529060184955597 0.07523556053638458 0.9968764781951904 0.024018066003918648 -2.08687424659729
0.12621717154979706 0.01434602215886116 -0.9918988943099976 0.14135600626468658 -0.9891445636749268 0.07766702026128769 -0.12474338710308075 -0.35290244221687317 0.07524827867746353 0.9968761205673218 0.023993192240595818 -2.086843490600586
0.1262236386537552 0.014320863410830498 -0.9918984174728394 0.1413646936416626 -0.9891449809074402 0.07764703035354614 -0.12475220859050751 -0.352904349565506 0.07523141801357269 0.9968780875205994 0.023966291919350624 -2.0868637561798096
0.1261153668165207 0.014335067011415958 -0.9919120073318481 0.14138539135456085 -0.9891622066497803 0.07760154455900192 -0.12464425712823868 -0.35285326838493347 0.07518713176250458 0.9968814253807068 0.02396644465625286 -2.0868494510650635
0.12615148723125458 0.014272287487983704 -0.9919083118438721 0.1413847804069519 -0.9891606569290161 0.07755394279956818 -0.12468614429235458 -0.3528638184070587 0.07514685392379761 0.9968860149383545 0.023901119828224182 -2.086867332458496
0.12614816427230835 0.01435514260083437 -0.99190753698349 0.14139577746391296 -0.9891607761383057 0.07756835967302322 -0.12467624992132187 -0.3528721332550049 0.07515090703964233 0.9968836903572083 0.02398463897407055 -2.0869557857513428
0.1261550337076187 0.014334374107420444 -0.991907000541687 0.14139768481254578 -0.9891597032546997 0.0775681585073471 -0.12468466907739639 -0.3528691828250885 0.07515313476324081 0.9968839883804321 0.023964589461684227 -2.0869271755218506
0.12611761689186096 0.01426603551954031 -0.9919127225875854 0.14140895009040833 -0.9891629219055176 0.07757923007011414 -0.12465223670005798 -0.3528831899166107 0.07517354190349579 0.9968841075897217 0.02389553189277649 -2.0870442390441895
0.12612004578113556 0.0142613360658288 -0.9919124841690063 0.14141133427619934 -0.9891632199287415 0.07757057249546051 -0.12465520948171616 -0.3528803288936615 0.07516548037528992 0.9968848824501038 0.02388998307287693 -2.0870230197906494
0.12608763575553894 0.014287209138274193 -0.9919162392616272 0.14137616753578186 -0.9891674518585205 0.07757227122783661 -0.12462090700864792 -0.3529163599014282 0.07516472041606903 0.9968843460083008 0.023913336917757988 -2.08711576461792
0.12612077593803406 0.014301224611699581 -0.9919118285179138 0.14136706292629242 -0.9891631603240967 0.07757509499788284 -0.12465284019708633 -0.3529200553894043 0.07516497373580933 0.9968839287757874 0.02393006719648838 -2.087101697921753
0.12602181732654572 0.014327566139400005 -0.991923987865448 0.14138036966323853 -0.9891767501831055 0.07756319642066956 -0.12455245107412338 -0.35287365317344666 0.07515227049589157 0.9968844652175903 0.02394714020192623 -2.08716082572937
0.12601573765277863 0.01432095281779766 -0.9919248819351196 0.14137208461761475 -0.9891775846481323 0.07756184786558151 -0.12454693019390106 -0.35287055373191833 0.07515190541744232 0.9968847036361694 0.023939969018101692 -2.0871498584747314
0.12608861923217773 0.014277921989560127 -0.9919162392616272 0.14138561487197876 -0.9891671538352966 0.07757319509983063 -0.12462256848812103 -0.3528841733932495 0.07516676932573318 0.9968844056129456 0.023904338479042053 -2.0870797634124756
0.12609708309173584 0.014293177984654903 -0.9919149279594421 0.14137829840183258 -0.9891684651374817 0.0775432363152504 -0.12463058531284332 -0.35288363695144653 0.07513493299484253 0.9968865513801575 0.023916326463222504 -2.0870614051818848
0.12615850567817688 0.014416694641113281 -0.9919053316116333 0.1413636952638626 -0.989168107509613 0.07746133953332901 -0.12468452751636505 -0.3528994619846344 0.07503678649663925 0.9968911409378052 0.02403293177485466 -2.087001323699951
0.1262178122997284 0.014459443278610706 -0.9918971657752991 0.14136271178722382 -0.9891583323478699 0.07749722898006439 -0.12473958730697632 -0.3528999984264374 0.07506562769412994 0.996887743473053 0.024084199219942093 -2.0869836807250977
0.12617440521717072 0.014455467462539673 -0.991902768611908 0.14136886596679688 -0.9891685843467712 0.07743331044912338 -0.12469814717769623 -0.35292720794677734 0.07500375807285309 0.9968927502632141 0.024068986997008324 -2.08697509765625
0.12615282833576202 0.014469997026026249 -0.9919052720069885 0.14137093722820282 -0.9891674518585205 0.07748632878065109 -0.12467426061630249 -0.3529230058193207 0.0750550776720047 0.9968883991241455 0.024088360369205475 -2.086942195892334
0.12611891329288483 0.01442559715360403 -0.9919102787971497 0.14135539531707764 -0.9891733527183533 0.07745867967605591 -0.124644435942173 -0.35292133688926697 0.075033999979496 0.99689120054245 0.024038411676883698 -2.086900472640991
0.1261478066444397 0.014430825598537922 -0.9919065237045288 0.1413908749818802 -0.9891679883003235 0.07748230546712875 -0.1246722862124443 -0.3528973460197449 0.07505609095096588 0.9968892931938171 0.02404872328042984 -2.0869510173797607
0.12609556317329407 0.014433720149099827 -0.9919130802154541 0.1414276510477066 -0.9891794919967651 0.07741716504096985 -0.12462154775857925 -0.3529425263404846 0.0749923586845398 0.9968942999839783 0.02403949201107025 -2.0869529247283936
0.12609736621379852 0.014476628974080086 -0.9919122457504272 0.1414160132408142 -0.9891773462295532 0.07744815945625305 -0.12461937963962555 -0.3529631495475769 0.07501772046089172 0.9968912601470947 0.02408595383167267 -2.08689022064209
0.12611640989780426 0.014489633962512016 -0.9919096231460571 0.1413893699645996 -0.9891773462295532 0.07741782069206238 -0.12463812530040741 -0.3529338538646698 0.07498553395271301 0.9968934655189514 0.024096466600894928 -2.086845636367798
0.12599799036979675 0.01440353412181139 -0.9919259548187256 0.14137274026870728 -0.9891883730888367 0.07745826244354248 -0.1245255172252655 -0.35289913415908813 0.07503926753997803 0.9968915581703186 0.024007383733987808 -2.086839199066162
0.1259937435388565 0.014378467574715614 -0.9919268488883972 0.1413695365190506 -0.9891873002052307 0.0774761363863945 -0.12452272325754166 -0.35289791226387024 0.07506022602319717 0.9968905448913574 0.023984495550394058 -2.086805820465088
0.1260785311460495 0.014330417849123478 -0.9919167757034302 0.1413639336824417 -0.9891806840896606 0.0774167999625206 -0.12461231648921967 -0.35288187861442566 0.07500528544187546 0.9968958497047424 0.023935958743095398 -2.0868966579437256
0.1260795295238495 0.014322472736239433 -0.9919167757034302 0.1413576900959015 -0.9891819953918457 0.07739656418561935 -0.1246144026517868 -0.35287967324256897 0.07498617470264435 0.9968975186347961 0.023925645276904106 -2.086869478225708
0.12619531154632568 0.014383845031261444 -0.991901159286499 0.14135527610778809 -0.9891723394393921 0.07733948528766632 -0.12472662329673767 -0.35291361808776855 0.07491908967494965 0.9969010353088379 0.023987971246242523 -2.086832284927368
0.12616503238677979 0.014385943301022053 -0.9919049739837646 0.14134570956230164 -0.989177942276001 0.07731608301401138 -0.12469683587551117 -0.35291701555252075 0.07489633560180664 0.9969028234481812 0.023984834551811218 -2.0868024826049805
0.12608201801776886 0.014408550225198269 -0.9919151663780212 0.14132952690124512 -0.9891823530197144 0.07739827036857605 -0.12461037933826447 -0.35289740562438965 0.0749770775437355 0.9968961477279663 0.02401120401918888 -2.086810827255249
0.12609565258026123 0.014420290477573872 -0.9919132590293884 0.14132452011108398 -0.989179790019989 0.07741162180900574 -0.12462277710437775 -0.3528948128223419 0.07498853653669357 0.9968949556350708 0.02402551844716072 -2.086801290512085
0.12606774270534515 0.01435638777911663 -0.9919177293777466 0.14129211008548737 -0.9891884326934814 0.07733511179685593 -0.1246015802025795 -0.352857768535614 0.07492125779390335 0.99690181016922 0.023950627073645592 -2.0867576599121094
0.12615112960338593 0.014366386458277702 -0.991907000541687 0.1413104087114334 -0.9891760945320129 0.07736068964004517 -0.12468337267637253 -0.3528308868408203 0.07494337111711502 0.9968996644020081 0.023970015347003937 -2.0867879390716553
0.12609493732452393 0.0142884636297822 -0.9919152855873108 0.1413632482290268 -0.9891830086708069 0.0773530825972557 -0.12463335692882538 -0.35291239619255066 0.07494689524173737 0.9969013929367065 0.02388772740960121 -2.086761236190796
0.1260942816734314 0.01431881170719862 -0.9919149279594421 0.14133822917938232 -0.9891815185546875 0.07737778127193451 -0.12462982535362244 -0.35293617844581604 0.0749676376581192 0.9968990087509155 0.02392078936100006 -2.08669114112854
0.12606042623519897 0.01421876810491085 -0.9919206500053406 0.14131464064121246 -0.989185631275177 0.07736766338348389 -0.12460381537675858 -0.3529262840747833 0.07497087866067886 0.996901273727417 0.023817991837859154 -2.086703062057495
0.126189187169075 0.014181006699800491 -0.9919048547744751 0.14133431017398834 -0.9891718626022339 0.07733064144849777 -0.12473592907190323 -0.3529122471809387 0.07493576407432556 0.9969046711921692 0.023785732686519623 -2.0867276191711426
0.12606829404830933 0.01410907693207264 -0.9919212460517883 0.1413072645664215 -0.9891869425773621 0.0773225948214531 -0.1246209517121315 -0.352900892496109 0.07493964582681656 0.9969062805175781 0.02370443195104599 -2.086777687072754
0.1261547952890396 0.014136062003672123 -0.9919098615646362 0.14140726625919342 -0.989176869392395 0.07731590420007706 -0.12470535933971405 -0.3529253304004669 0.07492757588624954 0.9969064593315125 0.023736827075481415 -2.086913824081421
0.12617971003055573 0.014157907105982304 -0.9919064044952393 0.141417995095253 -0.9891731142997742 0.07732653617858887 -0.12472830712795258 -0.35292404890060425 0.07493480294942856 0.9969053268432617 0.023761650547385216 -2.0868873596191406
0.12610524892807007 0.01412176713347435 -0.9919163584709167 0.1414206475019455 -0.9891752600669861 0.0774180218577385 -0.12465459853410721 -0.352865606546402 0.07503186911344528 0.9968987107276917 0.023731712251901627 -2.0868914127349854
0.1261129081249237 0.014122197404503822 -0.9919154047966003 0.1414290964603424 -0.9891756176948547 0.07740072160959244 -0.1246626079082489 -0.35285520553588867 0.07501446455717087 0.9969000816345215 0.023730553686618805 -2.0868661403656006
0.1261443793773651 0.014126889407634735 -0.9919112920761108 0.14143872261047363 -0.9891703724861145 0.07741809636354446 -0.12469322234392166 -0.35288262367248535 0.0750303715467453 0.9968986511230469 0.02373974770307541 -2.0870213508605957
0.1262110471725464 0.014167805202305317 -0.991902232170105 0.14141981303691864 -0.9891627430915833 0.07741380482912064 -0.12475673854351044 -0.3528987467288971 0.07501941174268723 0.9968984127044678 0.023784732446074486 -2.086987018585205
0.12618231773376465 0.014238075353205204 -0.9919049143791199 0.1414051204919815 -0.9891706109046936 0.07736536860466003 -0.12472398579120636 -0.3528722822666168 0.0749632716178894 0.9969011545181274 0.023846019059419632 -2.086946725845337
0.1261998414993286 0.014207511208951473 -0.9919031262397766 0.1414038985967636 -0.9891698956489563 0.07734247297048569 -0.12474428117275238 -0.3528614044189453 0.07494394481182098 0.9969033598899841 0.023814240470528603 -2.086920738220215
0.12615416944026947 0.014175130054354668 -0.991909384727478 0.14137744903564453 -0.9891772866249084 0.07731577008962631 -0.12470179796218872 -0.35285067558288574 0.0749225839972496 0.9969058632850647 0.023775413632392883 -2.0869204998016357
0.12617096304893494 0.014173170551657677 -0.9919072389602661 0.14137065410614014 -0.9891768097877502 0.0772939920425415 -0.12471922487020493 -0.35283929109573364 0.07490081340074539 0.9969075918197632 0.023772019892930984 -2.086890935897827
0.12621931731700897 0.014265517704188824 -0.9918997883796692 0.141376793384552 -0.9891684651374817 0.07733598351478577 -0.12475952506065369 -0.3528476059436798 0.07492979615926743 0.9969030618667603 0.023872286081314087 -2.0869157314300537
0.1262129247188568 0.014259539544582367 -0.9919006824493408 0.14137175679206848 -0.9891698956489563 0.0773264542222023 -0.12475381791591644 -0.35283949971199036 0.07492124289274216 0.9969038367271423 0.02386469580233097 -2.0868868827819824
0.12615855038166046 0.014262434095144272 -0.9919075965881348 0.14134719967842102 -0.9891744256019592 0.07735799252986908 -0.12469862401485443 -0.35286447405815125 0.07495348155498505 0.9969013929367065 0.023867396637797356 -2.086836099624634
0.12616980075836182 0.014204896986484528 -0.9919069409370422 0.14135119318962097 -0.9891688227653503 0.07740631699562073 -0.12471301108598709 -0.3528849482536316 0.0750083401799202 0.9968984723091125 0.02381737157702446 -2.0868301391601562
0.1261638104915619 0.01420304924249649 -0.9919077754020691 0.1413436383008957 -0.9891685843467712 0.07741915434598923 -0.12470686435699463 -0.3528827726840973 0.07502145320177078 0.9968974590301514 0.02381669543683529 -2.086792469024658
0.126217320561409 0.014271135441958904 -0.9918999671936035 0.14133206009864807 -0.9891655445098877 0.07737842947244644 -0.1247560977935791 -0.35291337966918945 0.0749712586402893 0.9968996644020081 0.023883003741502762 -2.0869336128234863
0.12623348832130432 0.014268714003264904 -0.9918979406356812 0.14132635295391083 -0.9891635179519653 0.07737856358289719 -0.12477239221334457 -0.3529164791107178 0.07497131079435349 0.9968996644020081 0.02388184703886509 -2.0869035720825195
0.12623704969882965 0.01422224473208189 -0.9918981790542603 0.1413629949092865 -0.9891662001609802 0.07733117043972015 -0.1247805655002594 -0.3529365360736847 0.07492999732494354 0.9969040155410767 0.023830212652683258 -2.0869476795196533
0.12623345851898193 0.014209246262907982 -0.991898775100708 0.14135804772377014 -0.9891672730445862 0.07732067257165909 -0.12477821111679077 -0.3529372215270996 0.07492128759622574 0.9969050288200378 0.023815767839550972 -2.0869157314300537
0.12622608244419098 0.01414352748543024 -0.9919006824493408 0.1413448601961136 -0.9891674518585205 0.07732304185628891 -0.1247757151722908 -0.3529089689254761 0.07493201643228531 0.9969058036804199 0.023750491440296173 -2.086961507797241
0.12625041604042053 0.01410666387528181 -0.9918981194496155 0.14139476418495178 -0.9891613721847534 0.07735786586999893 -0.12480191886425018 -0.35290825366973877 0.07497059553861618 0.9969035983085632 0.02372022159397602 -2.087021589279175
0.1262732893228531 0.014112054370343685 -0.9918951392173767 0.14139774441719055 -0.9891569018363953 0.07737966626882553 -0.12482380121946335 -0.3529047667980194 0.07499100267887115 0.99690181016922 0.02373001165688038 -2.08699631690979
0.1261671632528305 0.014115682803094387 -0.9919085502624512 0.1414119005203247 -0.9891682863235474 0.07740620523691177 -0.12471707165241241 -0.35291773080825806 0.07501941919326782 0.9968997240066528 0.02372889779508114 -2.0870001316070557
0.12616340816020966 0.014100330881774426 -0.9919092655181885 0.1414158195257187 -0.9891688823699951 0.07740282267332077 -0.12471456080675125 -0.35291823744773865 0.07501807808876038 0.996900200843811 0.02371300384402275 -2.0869827270507812
0.12613320350646973 0.014142544008791447 -0.9919124841690063 0.14139941334724426 -0.9891750812530518 0.07737638056278229 -0.12468189746141434 -0.35287338495254517 0.07498729228973389 0.9969016313552856 0.023749172687530518 -2.086987018585205
0.12613914906978607 0.014132012613117695 -0.9919118881225586 0.1414029598236084 -0.9891738295555115 0.07738179713487625 -0.12468849122524261 -0.35287097096443176 0.07499384135007858 0.9969013929367065 0.023739881813526154 -2.0869667530059814
0.12609504163265228 0.01412745751440525 -0.9919175505638123 0.14136652648448944 -0.989178478717804 0.07739316672086716 -0.12464457750320435 -0.35287365317344666 0.07500674575567245 0.9969005584716797 0.023733461275696754 -2.0869388580322266
0.12609153985977173 0.014128065668046474 -0.9919180274009705 0.14136552810668945 -0.9891776442527771 0.07741031050682068 -0.12464062869548798 -0.3528718948364258 0.07502376288175583 0.9968992471694946 0.02373594231903553 -2.086913824081421
0.1261114478111267 0.014131486415863037 -0.9919154047966003 0.14138878881931305 -0.9891705513000488 0.07747156918048859 -0.12465876340866089 -0.3529006540775299 0.0750836431980133 0.9968944191932678 0.02374849282205105 -2.086866855621338
0.12612301111221313 0.014125978574156761 -0.9919140338897705 0.1413879692554474 -0.9891679286956787 0.07748603075742722 -0.1246703714132309 -0.3529040217399597 0.07509840279817581 0.9968933463096619 0.02374572679400444 -2.0868325233459473
0.126115620136261 0.01413103099912405 -0.9919149279594421 0.14142102003097534 -0.989166796207428 0.07751452922821045 -0.12466192990541458 -0.35291528701782227 0.07512623071670532 0.9968910813331604 0.023753728717565536 -2.0869407653808594
0.12613578140735626 0.014119857922196388 -0.9919124841690063 0.1414288729429245 -0.9891630411148071 0.07752921432256699 -0.12468253821134567 -0.3529195785522461 0.07514170557260513 0.996890127658844 0.02374603971838951 -2.0869157314300537
0.1260652393102646 0.014127418398857117 -0.9919213652610779 0.14137977361679077 -0.9891663789749146 0.07760325819253922 -0.12460985779762268 -0.3529190421104431 0.07521592825651169 0.9968842267990112 0.023757431656122208 -2.086909532546997
0.1260613054037094 0.014134279452264309 -0.9919217824935913 0.14137563109397888 -0.9891667366027832 0.07760567963123322 -0.12460535764694214 -0.3529246151447296 0.07521756738424301 0.9968839287757874 0.023764222860336304 -2.0868866443634033
0.12601351737976074 0.014087900519371033 -0.9919285178184509 0.14138370752334595 -0.9891689419746399 0.07765059918165207 -0.12456012517213821 -0.352899968624115 0.07526906579732895 0.9968811273574829 0.023720329627394676 -2.0868897438049316
0.1260174959897995 0.01408835407346487 -0.991927981376648 0.14138174057006836 -0.9891688823699951 0.07764461636543274 -0.12456419318914413 -0.35290616750717163 0.07526297122240067 0.9968815445899963 0.023720331490039825 -2.0868680477142334
0.12598547339439392 0.014125087298452854 -0.9919315576553345 0.14137963950634003 -0.9891766309738159 0.07760026305913925 -0.12453055381774902 -0.35289767384529114 0.07521515339612961 0.9968845248222351 0.023748701438307762 -2.086973190307617
0.12594765424728394 0.014222542755305767 -0.9919349551200867 0.14137621223926544 -0.9891842007637024 0.07757483422756195 -0.12448612600564957 -0.35290244221687317 0.07517869025468826 0.9968851208686829 0.02383907325565815 -2.0869698524475098
0.12594863772392273 0.014207175932824612 -0.9919350147247314 0.14137117564678192 -0.9891859889030457 0.07754740118980408 -0.12448891252279282 -0.3529038727283478 0.07515335828065872 0.9968874454498291 0.02382051944732666 -2.086953639984131
0.1258767992258072 0.014262694865465164 -0.991943359375 0.14136363565921783 -0.989194929599762 0.07755524665117264 -0.1244129166007042 -0.3528658151626587 0.07515595853328705 0.9968860149383545 0.023870982229709625 -2.0869674682617188
0.12588928639888763 0.01425087545067072 -0.9919419288635254 0.14135202765464783 -0.9891939163208008 0.07754670083522797 -0.1244264617562294 -0.3528674840927124 0.07514864951372147 0.9968868494033813 0.023859167471528053 -2.086948871612549
0.12582683563232422 0.014207854866981506 -0.991950511932373 0.1413547545671463 -0.9892024993896484 0.07753143459558487 -0.12436778098344803 -0.3528846204280853 0.07514035701751709 0.9968886971473694 0.023809971287846565 -2.0869362354278564
0.12582378089427948 0.014220605604350567 -0.9919506907463074 0.14134134352207184 -0.9892023801803589 0.0775398313999176 -0.12436357140541077 -0.35288769006729126 0.07514717429876328 0.9968878626823425 0.02382340095937252 -2.0869202613830566
0.12573815882205963 0.014245379716157913 -0.9919611811637878 0.141367569565773 -0.9892191886901855 0.07746211439371109 -0.12427818030118942 -0.3528592884540558 0.07506903260946274 0.9968935251235962 0.02383173629641533 -2.086918830871582
0.1257162094116211 0.014255493879318237 -0.991963803768158 0.1413622796535492 -0.9892215728759766 0.07746784389019012 -0.12425540387630463 -0.3528619110584259 0.07507398724555969 0.9968929290771484 0.02384079620242119 -2.0868980884552
0.12570171058177948 0.014276433736085892 -0.9919653534889221 0.14134453237056732 -0.9892227053642273 0.07747959345579147 -0.12423908710479736 -0.3528602719306946 0.07508339732885361 0.9968917369842529 0.023861881345510483 -2.0868351459503174
0.12570978701114655 0.014280478470027447 -0.9919642806053162 0.14133566617965698 -0.9892231225967407 0.07746119797229767 -0.12424727529287338 -0.35286349058151245 0.07506444305181503 0.9968931078910828 0.023864200338721275 -2.086810827255249
0.12572544813156128 0.014333510771393776 -0.9919615387916565 0.14133773744106293 -0.9892229437828064 0.07744437456130981 -0.12425931543111801 -0.3528624176979065 0.0750407800078392 0.9968936443328857 0.02391575649380684 -2.0868544578552246
0.12572987377643585 0.014335723593831062 -0.9919609427452087 0.14133058488368988 -0.9892229437828064 0.07743749767541885 -0.12426372617483139 -0.35286563634872437 0.07503357529640198 0.996894121170044 0.0239174235612154 -2.086832046508789
0.12570932507514954 0.014419684186577797 -0.9919623136520386 0.141316756606102 -0.9892266392707825 0.07743243873119354 -0.1242370530962944 -0.35286328196525574 0.07501861453056335 0.9968933463096619 0.023998305201530457 -2.0867791175842285
0.12568578124046326 0.014418025501072407 -0.9919653534889221 0.1413072943687439 -0.9892275929450989 0.0774587020277977 -0.12421306222677231 -0.3528665006160736 0.07504545152187347 0.9968913197517395 0.023998156189918518 -2.08675217628479
0.1256224811077118 0.014332631602883339 -0.9919745922088623 0.14133763313293457 -0.9892364144325256 0.07743686437606812 -0.1241568773984909 -0.35281670093536377 0.07503591477870941 0.9968942403793335 0.023906160145998 -2.086784601211548
0.1256636381149292 0.014347380958497524 -0.9919691681861877 0.14138053357601166 -0.9892389178276062 0.0773363783955574 -0.12419921904802322 -0.35282644629478455 0.07493337988853455 0.99690181016922 0.02391134761273861 -2.086811065673828
0.12567821145057678 0.014250426553189754 -0.9919686913490295 0.14139717817306519 -0.9892327189445496 0.07738228142261505 -0.12421993166208267 -0.35286349058151245 0.07499062269926071 0.9968996644020081 0.023822244256734848 -2.086801052093506
0.12560699880123138 0.014141473919153214 -0.9919793009757996 0.14137448370456696 -0.9892427921295166 0.07735351473093033 -0.12415777891874313 -0.3528319299221039 0.0749773234128952 0.9969034194946289 0.023705484345555305 -2.086775541305542
0.12566018104553223 0.014140157960355282 -0.9919725656509399 0.14137056469917297 -0.9892367124557495 0.07734543830156326 -0.12421109527349472 -0.3528469502925873 0.07496820390224457 0.9969040751457214 0.0237071942538023 -2.086780071258545
0.12560045719146729 0.014100312255322933 -0.9919807314872742 0.14133568108081818 -0.9892405867576599 0.0773886889219284 -0.1241534948348999 -0.3528333902359009 0.07501748949289322 0.996901273727417 0.023668644949793816 -2.0867457389831543
0.12559519708156586 0.01410947646945715 -0.9919812679290771 0.1413280963897705 -0.9892426133155823 0.07737155258655548 -0.12414796650409698 -0.3528362512588501 0.07499948143959045 0.9969025254249573 0.023675180971622467 -2.0867221355438232
0.12572737038135529 0.014144171960651875 -0.9919639825820923 0.14131046831607819 -0.9892182946205139 0.07747911661863327 -0.12427462637424469 -0.35284048318862915 0.07509874552488327 0.9968936443328857 0.023732909932732582 -2.086712121963501
0.1256846785545349 0.014145401306450367 -0.9919694066047668 0.1412985771894455 -0.9892255067825317 0.07745421677827835 -0.12423253804445267 -0.3528446853160858 0.07507490366697311 0.9968955516815186 0.023727791383862495 -2.0866897106170654
0.12567174434661865 0.014159135520458221 -0.9919708371162415 0.14129801094532013 -0.9892242550849915 0.07749462872743607 -0.12421765178442001 -0.35286226868629456 0.07511360943317413 0.9968922138214111 0.02374543435871601 -2.0866589546203613
0.12571071088314056 0.014178595505654812 -0.991965651512146 0.14129170775413513 -0.9892194867134094 0.07749516516923904 -0.12425503879785538 -0.3528706431388855 0.0751107931137085 0.9968919157981873 0.023767706006765366 -2.0866291522979736
0.12570112943649292 0.014064175076782703 -0.9919684529304504 0.14133450388908386 -0.9892217516899109 0.07746688276529312 -0.1242547482252121 -0.3528662919998169 0.07509718090295792 0.9968957304954529 0.02365025319159031 -2.0867013931274414
0.12569253146648407 0.014059115201234818 -0.991969645023346 0.14133939146995544 -0.9892252087593079 0.07743430137634277 -0.12424733489751816 -0.35286957025527954 0.07506567984819412 0.996898353099823 0.02364053577184677 -2.0866758823394775
0.12579533457756042 0.014032954350113869 -0.9919569492340088 0.14140181243419647 -0.9892083406448364 0.07748448103666306 -0.12435062974691391 -0.35286831855773926 0.07511627674102783 0.9968947768211365 0.02362869121134281 -2.0868146419525146
0.12576760351657867 0.01404084824025631 -0.991960346698761 0.14141304790973663 -0.9892129302024841 0.07747019827365875 -0.12432271242141724 -0.35286957025527954 0.07510177791118622 0.9968957901000977 0.02363261952996254 -2.0867972373962402
0.12569516897201538 0.014071082696318626 -0.991969108581543 0.14141780138015747 -0.9892258048057556 0.07742393016815186 -0.12424930185079575 -0.35285472869873047 0.07505383342504501 0.9968989491462708 0.023651281371712685 -2.0868239402770996
0.12571975588798523 0.014056779444217682 -0.991966187953949 0.14143282175064087 -0.9892224073410034 0.07742608338594437 -0.1242748498916626 -0.3528563380241394 0.07505716383457184 0.9968990087509155 0.023639259859919548 -2.0868091583251953
0.12573213875293732 0.014041110873222351 -0.9919648766517639 0.1413896381855011 -0.9892213344573975 0.07741795480251312 -0.12428856641054153 -0.35282033681869507 0.07505075633525848 0.9968998432159424 0.02362368069589138 -2.086780548095703
0.125713512301445 0.014032131060957909 -0.9919673800468445 0.14139732718467712 -0.9892227649688721 0.07742889970541 -0.12427040189504623 -0.35281383991241455 0.07506316900253296 0.9968991279602051 0.023614751175045967 -2.0867578983306885
0.1258750706911087 0.013979839161038399 -0.991947591304779 0.14139094948768616 -0.9892017841339111 0.0774320513010025 -0.12443536520004272 -0.35286033153533936 0.07506896555423737 0.9968996047973633 0.023575635626912117 -2.086840867996216
0.12588712573051453 0.013976313173770905 -0.9919461011886597 0.14139671623706818 -0.9892004132270813 0.07742983847856522 -0.12444770336151123 -0.3528614640235901 0.07506692409515381 0.9968998432159424 0.023572783917188644 -2.0868208408355713
0.12580664455890656 0.014020071364939213 -0.9919556975364685 0.14134326577186584 -0.9892158508300781 0.07736419141292572 -0.12436571717262268 -0.3528459668159485 0.07499824464321136 0.9969043135643005 0.023601796478033066 -2.0868120193481445
0.12581002712249756 0.014010929502546787 -0.9919553995132446 0.14134474098682404 -0.9892153143882751 0.07736411690711975 -0.124369777739048 -0.35284554958343506 0.07499922811985016 0.9969044923782349 0.0235929973423481 -2.086791753768921
0.12583212554454803 0.013994057662785053 -0.9919528365135193 0.1413891762495041 -0.9892067909240723 0.0774383544921875 -0.12439132481813431 -0.3528191149234772 0.07507447153329849 0.9968989491462708 0.023587239906191826 -2.0868418216705322
0.12580905854701996 0.014108341187238693 -0.9919541478157043 0.14141060411930084 -0.9892212152481079 0.07729946076869965 -0.12436304241418839 -0.3528253138065338 0.07492297142744064 0.9969081282615662 0.02368123270571232 -2.0868279933929443
0.12579640746116638 0.014086313545703888 -0.9919560551643372 0.1414068639278412 -0.9892109632492065 0.07745415717363358 -0.12434840202331543 -0.35283350944519043 0.0750795230269432 0.9968963861465454 0.023677779361605644 -2.0868031978607178
0.1257842481136322 0.01413818635046482 -0.991956889629364 0.14142626523971558 -0.9892085790634155 0.07751273363828659 -0.12433099001646042 -0.35286155343055725 0.07513148337602615 0.9968911409378052 0.02373548597097397 -2.0868680477142334
0.12579841911792755 0.014158891513943672 -0.9919548034667969 0.14144161343574524 -0.989207923412323 0.07750007510185242 -0.1243438646197319 -0.3528643846511841 0.07511600852012634 0.9968917965888977 0.02375546470284462 -2.086852788925171
0.1258097141981125 0.014182514511048794 -0.9919530153274536 0.14142926037311554 -0.9892096519470215 0.07746201008558273 -0.12435425817966461 -0.3528352379798889 0.07507503032684326 0.9968944191932678 0.023774942383170128 -2.0868537425994873
0.12579569220542908 0.014169905334711075 -0.9919549822807312 0.14143773913383484 -0.9892091751098633 0.07748948782682419 -0.12434057146310806 -0.35283181071281433 0.07510419934988022 0.9968924522399902 0.02376483380794525 -2.0868377685546875
0.12581603229045868 0.014233347028493881 -0.9919514656066895 0.1413894146680832 -0.9891989231109619 0.07759983092546463 -0.12435344606637955 -0.3528113067150116 0.07520531862974167 0.996882975101471 0.023842904716730118 -2.0868258476257324
0.125848188996315 0.014229071326553822 -0.9919474720954895 0.14138959348201752 -0.9891959428787231 0.07758533954620361 -0.12438618391752243 -0.3528038561344147 0.07519069314002991 0.9968841671943665 0.023839304223656654 -2.0868122577667236
0.1258552521467209 0.014255095273256302 -0.9919462203979492 0.1413462609052658 -0.9891961812973022 0.07757335156202316 -0.12439156323671341 -0.3528069853782654 0.07517538964748383 0.9968847632408142 0.02386409044265747 -2.086820125579834
0.12587209045886993 0.014251090586185455 -0.9919441342353821 0.14133650064468384 -0.9891947507858276 0.07756435871124268 -0.12440886348485947 -0.3528020977973938 0.07516656070947647 0.9968854784965515 0.023860281333327293 -2.0868070125579834
0.12577611207962036 0.014121905900537968 -0.9919581413269043 0.14135803282260895 -0.9892131686210632 0.07746318727731705 -0.12432526797056198 -0.352855384349823 0.07508453726768494 0.9968951940536499 0.023712582886219025 -2.0868079662323
0.12579236924648285 0.014134310185909271 -0.9919559359550476 0.14135053753852844 -0.9892097115516663 0.07748395949602127 -0.12434006482362747 -0.3528614938259125 0.07510322332382202 0.9968934059143066 0.02372867800295353 -2.086792230606079
0.12587356567382812 0.014182795770466328 -0.9919449090957642 0.14135673642158508 -0.9891952276229858 0.07754699885845184 -0.12441589683294296 -0.3528496026992798 0.07515779882669449 0.9968878030776978 0.023790661245584488 -2.0867981910705566
0.1258527934551239 0.014210455119609833 -0.9919471740722656 0.14135189354419708 -0.9891982674598694 0.07754459232091904 -0.12439315021038055 -0.3528556525707245 0.07515246421098709 0.9968876242637634 0.023816151544451714 -2.086780548095703
0.1259223073720932 0.014297734014689922 -0.9919371008872986 0.14135146141052246 -0.9891979694366455 0.07744362950325012 -0.12445832788944244 -0.3528778553009033 0.07503974437713623 0.9968942403793335 0.023895159363746643 -2.0867598056793213
0.1259409636259079 0.01432076096534729 -0.9919343590736389 0.14139202237129211 -0.989197313785553 0.07742401957511902 -0.12447567284107208 -0.35288912057876587 0.07501697540283203 0.996895432472229 0.023916903883218765 -2.0867698192596436
0.1259319931268692 0.01431390829384327 -0.9919356107711792 0.14139358699321747 -0.989198625087738 0.0774209201335907 -0.12446732074022293 -0.35289978981018066 0.07501496374607086 0.9968957304954529 0.023909058421850204 -2.086740016937256
0.12594863772392273 0.014353642240166664 -0.9919329285621643 0.1413741260766983 -0.9891937971115112 0.07746236771345139 -0.12447994202375412 -0.35285067558288574 0.07505074143409729 0.996891975402832 0.023954803124070168 -2.086615562438965
0.12594221532344818 0.014352016150951385 -0.9919337630271912 0.14137697219848633 -0.9891954660415649 0.07745037227869034 -0.1244739443063736 -0.3528493344783783 0.07503920048475266 0.9968929290771484 0.02395121194422245 -2.0865836143493652
0.1259775608778 0.014266867190599442 -0.9919304847717285 0.1413586288690567 -0.9891881346702576 0.07747809588909149 -0.12451492249965668 -0.3528423607349396 0.07507646083831787 0.996891975402832 0.023873107507824898 -2.0865726470947266
0.12595437467098236 0.014218445867300034 -0.9919341206550598 0.14139899611473083 -0.9891875982284546 0.07751820981502533 -0.12449447810649872 -0.3528492748737335 0.07512285560369492 0.9968895316123962 0.023828458040952682 -2.0866708755493164
0.12601031363010406 0.014110911637544632 -0.9919285774230957 0.14138716459274292 -0.9891781210899353 0.07753714174032211 -0.12455789744853973 -0.35285234451293945 0.07515369355678558 0.996889591217041 0.02372867427766323 -2.08677339553833
