# 3x4 first row second row third row Freq: 100 current Time: 2021-07-28-15:06:16
0.6740318536758423 0.7063104510307312 -0.2163480967283249 -0.06922375410795212 0.39435380697250366 -0.5917016267776489 -0.7031173706054688 -0.23061853647232056 -0.624632716178894 0.3886057734489441 -0.6773619651794434 -2.0946335792541504
0.6740526556968689 0.7062877416610718 -0.2163575291633606 -0.06926282495260239 0.39435693621635437 -0.5917353630065918 -0.7030872106552124 -0.2306022047996521 -0.6246083378791809 0.38859567046165466 -0.6773902773857117 -2.094538927078247
0.6740631461143494 0.7062847018241882 -0.21633465588092804 -0.06923698633909225 0.3943663239479065 -0.5917298197746277 -0.7030866146087646 -0.23060736060142517 -0.624591052532196 0.3886096477508545 -0.677398145198822 -2.0945279598236084
0.6740501523017883 0.7062699794769287 -0.2164234220981598 -0.06927747279405594 0.39428913593292236 -0.5917560458183289 -0.7031077742576599 -0.2305886447429657 -0.6246538758277893 0.38859647512435913 -0.6773477792739868 -2.094594955444336
0.6740458607673645 0.7062767744064331 -0.21641455590724945 -0.06925169378519058 0.3943117558956146 -0.5917567014694214 -0.7030946016311646 -0.23059141635894775 -0.6246442198753357 0.38858315348625183 -0.6773643493652344 -2.0945913791656494
0.6740564703941345 0.7062568664550781 -0.2164464294910431 -0.06924258172512054 0.39428868889808655 -0.5917855501174927 -0.7030832171440125 -0.23061934113502502 -0.6246472597122192 0.38857540488243103 -0.6773659586906433 -2.094543933868408
0.6741076707839966 0.7062460780143738 -0.21632221341133118 -0.06930162012577057 0.3942999541759491 -0.591724157333374 -0.7031285762786865 -0.2305833101272583 -0.6245849132537842 0.38868850469589233 -0.6773585677146912 -2.0946173667907715
0.6740244626998901 0.706331729888916 -0.21630176901817322 -0.06926069408655167 0.3943699896335602 -0.5916575193405151 -0.7031453251838684 -0.2305997908115387 -0.6246305108070374 0.38863420486450195 -0.6773476600646973 -2.0945940017700195
0.6740301251411438 0.7063284516334534 -0.21629482507705688 -0.06923390924930573 0.3943713903427124 -0.5916576385498047 -0.7031444907188416 -0.23060649633407593 -0.6246235370635986 0.38864004611968994 -0.6773507595062256 -2.094585418701172
0.6739673614501953 0.7063980102539062 -0.21626317501068115 -0.06922950595617294 0.39443057775497437 -0.5915952324867249 -0.7031638026237488 -0.2305890917778015 -0.6246538758277893 0.3886086344718933 -0.6773408055305481 -2.0945863723754883
0.673915445804596 0.7064632773399353 -0.21621190011501312 -0.06923824548721313 0.39452096819877625 -0.5915443301200867 -0.7031559348106384 -0.23059675097465515 -0.6246528029441833 0.3885674476623535 -0.6773654222488403 -2.094599723815918
0.6739420294761658 0.7064390778541565 -0.21620814502239227 -0.06919965893030167 0.39451172947883606 -0.5915635228157043 -0.703144907951355 -0.23060724139213562 -0.6246299743652344 0.3885822296142578 -0.6773779988288879 -2.094590663909912
0.6739023327827454 0.7064802050590515 -0.21619738638401031 -0.06916234642267227 0.39455997943878174 -0.5915399789810181 -0.7031376957893372 -0.23063012957572937 -0.6246423125267029 0.3885432183742523 -0.6773889660835266 -2.094602346420288
0.673887312412262 0.706489622592926 -0.21621331572532654 -0.06915952265262604 0.3945314884185791 -0.5915219783782959 -0.7031688690185547 -0.23063817620277405 -0.624676525592804 0.38855358958244324 -0.6773515343666077 -2.0947179794311523
0.6739140748977661 0.7064663767814636 -0.21620602905750275 -0.06911442428827286 0.39454060792922974 -0.591549277305603 -0.7031407356262207 -0.23065441846847534 -0.6246418952941895 0.3885543644428253 -0.6773830056190491 -2.0947165489196777
0.6739289164543152 0.7064744234085083 -0.21613352000713348 -0.06917669624090195 0.3945622742176056 -0.5915065407752991 -0.7031645178794861 -0.23064520955085754 -0.6246122121810913 0.3886047303676605 -0.6773815155029297 -2.094683885574341
0.6739408373832703 0.7064644694328308 -0.21612872183322906 -0.06914348155260086 0.39454060792922974 -0.5915011763572693 -0.7031812071800232 -0.23067346215248108 -0.6246129870414734 0.3886309266090393 -0.6773657202720642 -2.0946860313415527
0.6738910675048828 0.7065096497535706 -0.21613633632659912 -0.06915395706892014 0.3946407437324524 -0.5915173292160034 -0.7031114101409912 -0.2306588888168335 -0.6246034502983093 0.38852429389953613 -0.6774356961250305 -2.094693422317505
0.6740028858184814 0.7064157724380493 -0.2160944789648056 -0.0692669004201889 0.3945339024066925 -0.591529905796051 -0.70316082239151 -0.23066535592079163 -0.6245502829551697 0.3886757791042328 -0.6773977875709534 -2.0946006774902344
0.674004077911377 0.7064226865768433 -0.2160681039094925 -0.06928999722003937 0.3945792019367218 -0.5915331840515137 -0.7031326293945312 -0.2306520640850067 -0.6245203614234924 0.3886582851409912 -0.6774354577064514 -2.0946242809295654
0.6740003228187561 0.7064313888549805 -0.21605134010314941 -0.06927350908517838 0.3945801258087158 -0.5915129780769348 -0.7031490802764893 -0.23067212104797363 -0.6245238184928894 0.3886731266975403 -0.6774237155914307 -2.094619035720825
0.6740090250968933 0.7064277529716492 -0.21603618562221527 -0.06925957649946213 0.3945981562137604 -0.5915184617042542 -0.7031343579292297 -0.23070800304412842 -0.6245030760765076 0.3886713981628418 -0.6774438619613647 -2.0946125984191895
0.6740230917930603 0.7064010500907898 -0.21607966721057892 -0.06924789398908615 0.3946066200733185 -0.5915822386741638 -0.7030759453773499 -0.23069491982460022 -0.6244825720787048 0.388622909784317 -0.6774905920028687 -2.094562292098999
0.6740307807922363 0.7063974142074585 -0.21606753766536713 -0.06924290210008621 0.3946107029914856 -0.5915810465812683 -0.7030746936798096 -0.23064899444580078 -0.6244716644287109 0.3886314034461975 -0.6774957776069641 -2.0946624279022217
0.6740313172340393 0.7063939571380615 -0.2160770148038864 -0.0692078024148941 0.3945983946323395 -0.5915833711624146 -0.7030796408653259 -0.23066091537475586 -0.6244788765907288 0.3886340260505676 -0.6774876117706299 -2.0946624279022217
0.6740739941596985 0.7063677310943604 -0.21602965891361237 -0.06923922151327133 0.3946227431297302 -0.5915974378585815 -0.7030541300773621 -0.23058149218559265 -0.6244174242019653 0.3886602520942688 -0.6775292158126831 -2.094641923904419
0.6741010546684265 0.7063467502593994 -0.21601378917694092 -0.06926128268241882 0.39464619755744934 -0.5916255116462708 -0.7030173540115356 -0.23064911365509033 -0.6243733763694763 0.3886556923389435 -0.6775724291801453 -2.0945680141448975
0.6741406917572021 0.7063086032867432 -0.2160147726535797 -0.06923100352287292 0.3945695459842682 -0.5916215777397156 -0.7030636668205261 -0.2306259274482727 -0.6243789792060852 0.3887309432029724 -0.6775240302085876 -2.0944936275482178
0.6741160750389099 0.7063391208648682 -0.21599186956882477 -0.06923834979534149 0.3946191966533661 -0.5916031002998352 -0.7030513286590576 -0.23062261939048767 -0.6243742108345032 0.3887036442756653 -0.677544116973877 -2.0944817066192627
0.674125075340271 0.7063283324241638 -0.21599912643432617 -0.06920582801103592 0.39462152123451233 -0.5916215181350708 -0.703034520149231 -0.23063236474990845 -0.6243630051612854 0.38869529962539673 -0.6775592565536499 -2.094465732574463
0.6740840077400208 0.7063445448875427 -0.21607422828674316 -0.06918766349554062 0.39455848932266235 -0.591612696647644 -0.7030773758888245 -0.2306702435016632 -0.6244471669197083 0.38867929577827454 -0.6774908304214478 -2.094452381134033
0.6741011142730713 0.7063633799552917 -0.21595939993858337 -0.06924542039632797 0.3945975601673126 -0.5915411114692688 -0.7031156420707703 -0.23066332936286926 -0.6244040727615356 0.3887539505958557 -0.6774877905845642 -2.094644546508789
0.6740782856941223 0.7063631415367126 -0.21603117883205414 -0.06919574737548828 0.39456334710121155 -0.5915666818618774 -0.7031133770942688 -0.23065409064292908 -0.6244502663612366 0.3887154459953308 -0.6774672269821167 -2.094712972640991
0.6741236448287964 0.7063365578651428 -0.21597672998905182 -0.06918655335903168 0.3945862054824829 -0.5915756821632385 -0.7030929327011108 -0.23063626885414124 -0.6243869066238403 0.3887501060962677 -0.6775057911872864 -2.0947117805480957
0.6741175055503845 0.7063267827033997 -0.21602770686149597 -0.06923706084489822 0.3946141004562378 -0.5916371941566467 -0.7030255198478699 -0.23064067959785461 -0.6243758797645569 0.38867422938346863 -0.677559494972229 -2.0946438312530518
0.6741222143173218 0.7063248157501221 -0.21601951122283936 -0.06920351833105087 0.394623339176178 -0.5916398167610168 -0.7030181288719177 -0.23065254092216492 -0.624364972114563 0.3886737525463104 -0.6775698065757751 -2.0946426391601562
0.6741349101066589 0.706304669380188 -0.2160457968711853 -0.06922883540391922 0.39458855986595154 -0.5916581153869629 -0.7030222415924072 -0.23061031103134155 -0.624373197555542 0.38868263363838196 -0.677557110786438 -2.0947461128234863
0.6741236448287964 0.7063120007514954 -0.21605706214904785 -0.06920048594474792 0.3945658504962921 -0.5916429758071899 -0.7030477523803711 -0.23062196373939514 -0.6243997812271118 0.38869234919548035 -0.6775270700454712 -2.094747304916382
0.6740860939025879 0.7063287496566772 -0.2161194086074829 -0.0692325085401535 0.39454540610313416 -0.5916516780853271 -0.7030518651008606 -0.23066657781600952 -0.6244532465934753 0.38864853978157043 -0.6775029301643372 -2.094663381576538
0.6740981936454773 0.7063018083572388 -0.21616967022418976 -0.06923377513885498 0.39454513788223267 -0.5917146801948547 -0.7029989957809448 -0.23071512579917908 -0.6244403123855591 0.3886016607284546 -0.6775417327880859 -2.0946531295776367
0.6741377115249634 0.7062829732894897 -0.21610784530639648 -0.06924901157617569 0.3945702016353607 -0.5917114615440369 -0.7029876708984375 -0.23068374395370483 -0.6243817806243896 0.38864079117774963 -0.6775732040405273 -2.0946383476257324
0.6741646528244019 0.7062391638755798 -0.21616703271865845 -0.06923046708106995 0.39452648162841797 -0.591772198677063 -0.7029610872268677 -0.2307054102420807 -0.624380350112915 0.3886278569698334 -0.6775819659233093 -2.094675302505493
0.6741098165512085 0.7062904238700867 -0.21617063879966736 -0.06926718354225159 0.3945198357105255 -0.5917124152183533 -0.7030150890350342 -0.23067110776901245 -0.624443769454956 0.38862574100494385 -0.6775246858596802 -2.0947141647338867
0.6741284728050232 0.7062726020812988 -0.2161708027124405 -0.06926275044679642 0.39454516768455505 -0.5917484760284424 -0.702970564365387 -0.2306998074054718 -0.6244076490402222 0.3886032700538635 -0.6775708794593811 -2.0947325229644775
0.6741567850112915 0.7062488198280334 -0.2161601185798645 -0.06927580386400223 0.3945510685443878 -0.5917721390724182 -0.7029473185539246 -0.23062586784362793 -0.6243733167648315 0.38861045241355896 -0.6775984168052673 -2.0946285724639893
0.674156904220581 0.7062382698059082 -0.21619410812854767 -0.06927268952131271 0.39451465010643005 -0.5917834639549255 -0.7029582262039185 -0.23061498999595642 -0.6243962049484253 0.38861238956451416 -0.6775762438774109 -2.094681739807129
0.6741368174552917 0.706254780292511 -0.21620289981365204 -0.06924567371606827 0.39456379413604736 -0.5918010473251343 -0.7029158473014832 -0.23062703013420105 -0.6243868470191956 0.3885555565357208 -0.6776174306869507 -2.094661235809326
0.6740860342979431 0.7062894701957703 -0.21624793112277985 -0.06926417350769043 0.39455151557922363 -0.5917834043502808 -0.7029376029968262 -0.2306307554244995 -0.6244494318962097 0.38851943612098694 -0.6775804758071899 -2.094576358795166
0.6740651726722717 0.7062990069389343 -0.21628180146217346 -0.06922976672649384 0.3945348858833313 -0.5917842388153076 -0.7029462456703186 -0.23064911365509033 -0.6244824528694153 0.388500839471817 -0.6775606870651245 -2.094571352005005
0.6740869879722595 0.7062768936157227 -0.21628603339195251 -0.06923302263021469 0.39454883337020874 -0.5918206572532654 -0.7029077410697937 -0.23064595460891724 -0.6244500875473022 0.38848549127578735 -0.677599310874939 -2.094564914703369
0.6741169691085815 0.7062499523162842 -0.2162805199623108 -0.06919840723276138 0.3945237100124359 -0.5918319821357727 -0.7029123306274414 -0.23066315054893494 -0.6244335770606995 0.3885173201560974 -0.6775962710380554 -2.0945420265197754
0.6740940809249878 0.7062847018241882 -0.21623839437961578 -0.06928013265132904 0.39456722140312195 -0.5917923450469971 -0.7029212117195129 -0.23063817620277405 -0.6244308352470398 0.3885144293308258 -0.6776005029678345 -2.094503164291382
0.6740813255310059 0.7062749266624451 -0.21630997955799103 -0.06926298141479492 0.3944963812828064 -0.5918058156967163 -0.7029497027397156 -0.2306751310825348 -0.6244893074035645 0.3885117471218109 -0.6775481104850769 -2.0944771766662598
0.674060046672821 0.7062830328941345 -0.21635006368160248 -0.06925931572914124 0.39451277256011963 -0.5918328166007996 -0.7029176950454712 -0.23070377111434937 -0.6245019435882568 0.3884558379650116 -0.6775684952735901 -2.094430446624756
0.6740329265594482 0.7063097357749939 -0.21634706854820251 -0.06926287710666656 0.39450356364250183 -0.5917949080467224 -0.7029548287391663 -0.23064705729484558 -0.6245369911193848 0.3884649872779846 -0.6775309443473816 -2.094461441040039
0.6740207672119141 0.7063202857971191 -0.2163507044315338 -0.06923563778400421 0.39450833201408386 -0.5917883515357971 -0.7029576301574707 -0.23067119717597961 -0.6245471239089966 0.388455867767334 -0.6775268316268921 -2.0944314002990723
0.673984169960022 0.7063447833061218 -0.21638475358486176 -0.069198377430439 0.39449211955070496 -0.5917726755142212 -0.7029799818992615 -0.23068463802337646 -0.6245968341827393 0.3884352743625641 -0.6774928569793701 -2.0944466590881348
0.6739615201950073 0.7063679695129395 -0.2163795828819275 -0.06923609972000122 0.39452895522117615 -0.5917659401893616 -0.7029649615287781 -0.23066827654838562 -0.6245980858802795 0.3884032666683197 -0.6775100827217102 -2.0945017337799072
0.6739320158958435 0.7063896656036377 -0.2164006382226944 -0.06926896423101425 0.3945324718952179 -0.5917572379112244 -0.7029702663421631 -0.23069551587104797 -0.6246276497840881 0.3883771002292633 -0.6774978041648865 -2.094513177871704
0.6739348769187927 0.7063869833946228 -0.2164004147052765 -0.06924592703580856 0.3945450484752655 -0.5917679071426392 -0.7029542326927185 -0.23072046041488647 -0.6246166229248047 0.38836562633514404 -0.6775145530700684 -2.094489336013794
0.6738935112953186 0.7064442038536072 -0.21634256839752197 -0.06925701349973679 0.3945474624633789 -0.5916672348976135 -0.7030376195907593 -0.23065760731697083 -0.6246597170829773 0.38841506838798523 -0.6774464249610901 -2.0946857929229736
0.673902690410614 0.706446647644043 -0.21630582213401794 -0.0692349523305893 0.39457643032073975 -0.5916585326194763 -0.703028678894043 -0.23067960143089294 -0.6246315240859985 0.38842371106147766 -0.6774674654006958 -2.094680070877075
0.6739174723625183 0.7064254879951477 -0.21632887423038483 -0.06927018612623215 0.3945649564266205 -0.5916903614997864 -0.7030083537101746 -0.23068100214004517 -0.6246228218078613 0.38841381669044495 -0.6774811744689941 -2.094604969024658
0.6739174127578735 0.7064201831817627 -0.21634650230407715 -0.06923243403434753 0.3945554494857788 -0.5917019248008728 -0.703004002571106 -0.23068732023239136 -0.6246289014816284 0.3884059190750122 -0.6774801015853882 -2.094637870788574
0.6739243865013123 0.7064266204833984 -0.21630385518074036 -0.06926079839468002 0.39457637071609497 -0.5916799902915955 -0.7030106782913208 -0.23064333200454712 -0.6246081590652466 0.38842761516571045 -0.677486777305603 -2.094614028930664
0.673922598361969 0.706402063369751 -0.21638937294483185 -0.069269098341465 0.39452463388442993 -0.5917310118675232 -0.7029967308044434 -0.23068800568580627 -0.6246427297592163 0.38839444518089294 -0.6774739623069763 -2.0945637226104736
0.6739107370376587 0.7064192891120911 -0.2163701206445694 -0.06926756352186203 0.3945440948009491 -0.591711163520813 -0.7030025720596313 -0.23067620396614075 -0.6246432662010193 0.3883934020996094 -0.6774740815162659 -2.0945374965667725
0.6739009022712708 0.7064226269721985 -0.21638983488082886 -0.06923485547304153 0.3945610523223877 -0.5917306542396545 -0.702976644039154 -0.2306893765926361 -0.6246432065963745 0.388357549905777 -0.6774946451187134 -2.0945608615875244
0.6739299297332764 0.7064077854156494 -0.21634794771671295 -0.06928088515996933 0.39454755187034607 -0.5917119383811951 -0.703000009059906 -0.23064196109771729 -0.6246203780174255 0.38841313123703003 -0.6774837970733643 -2.094572067260742
0.6738764643669128 0.7064573764801025 -0.2163524627685547 -0.06931111961603165 0.3945690095424652 -0.5916720628738403 -0.7030214667320251 -0.23064446449279785 -0.6246644854545593 0.3883836269378662 -0.6774600744247437 -2.094642400741577
0.6738747954368591 0.706457257270813 -0.21635814011096954 -0.06929221004247665 0.39456865191459656 -0.5916756987571716 -0.7030186653137207 -0.23066425323486328 -0.6246665716171265 0.388378381729126 -0.6774612069129944 -2.094628095626831
0.6738733053207397 0.7064568400382996 -0.21636416018009186 -0.06930174678564072 0.3945024311542511 -0.5916389226913452 -0.7030867338180542 -0.23067408800125122 -0.624709963798523 0.3884351849555969 -0.677388608455658 -2.094592332839966
0.6738783121109009 0.7064545154571533 -0.21635621786117554 -0.06928092241287231 0.39450904726982117 -0.5916405320167542 -0.7030816674232483 -0.2307007908821106 -0.6247003674507141 0.3884369730949402 -0.6773964166641235 -2.0945746898651123
0.6739168763160706 0.7064005732536316 -0.21641218662261963 -0.06924591213464737 0.3944755494594574 -0.591717004776001 -0.7030360698699951 -0.23068192601203918 -0.6246799230575562 0.3884185552597046 -0.6774258017539978 -2.0945451259613037
0.6739130020141602 0.7064040303230286 -0.21641290187835693 -0.06921788305044174 0.3944522738456726 -0.5916990637779236 -0.7030642628669739 -0.2307063341140747 -0.62469881772995 0.3884395658969879 -0.6773963570594788 -2.0945258140563965
0.6738913059234619 0.7064225077629089 -0.21642017364501953 -0.06925377249717712 0.39446690678596497 -0.5916919708251953 -0.7030619978904724 -0.2307162880897522 -0.6247130036354065 0.38841673731803894 -0.6773963570594788 -2.0944299697875977
0.673911452293396 0.7064039707183838 -0.21641799807548523 -0.06922750174999237 0.39446157217025757 -0.591708242893219 -0.7030513286590576 -0.2307446300983429 -0.6246946454048157 0.3884257376194 -0.6774081587791443 -2.0944018363952637
0.6739177107810974 0.7063828110694885 -0.21646752953529358 -0.06926489621400833 0.39440077543258667 -0.591726541519165 -0.7030700445175171 -0.23069149255752563 -0.6247262358665466 0.38843637704849243 -0.6773728728294373 -2.0943899154663086
0.673891007900238 0.706406831741333 -0.21647220849990845 -0.06928732246160507 0.3944120407104492 -0.5917093753814697 -0.7030782103538513 -0.2306508719921112 -0.6247479319572449 0.3884187936782837 -0.6773629784584045 -2.0944390296936035
0.6739085912704468 0.7063907980918884 -0.21646970510482788 -0.06926660239696503 0.39439284801483154 -0.5917139053344727 -0.7030850648880005 -0.23066267371177673 -0.6247410774230957 0.38844096660614014 -0.6773566007614136 -2.0944135189056396
0.6739435195922852 0.7063298225402832 -0.21656018495559692 -0.06930036097764969 0.3943246006965637 -0.5917991995811462 -0.7030516266822815 -0.23067894577980042 -0.6247465014457703 0.38842204213142395 -0.6773623824119568 -2.094399929046631
0.6739621162414551 0.7063063979148865 -0.21657854318618774 -0.06930001825094223 0.3942909240722656 -0.5918166041374207 -0.7030557990074158 -0.23063695430755615 -0.6247476935386658 0.38843801617622375 -0.6773521900177002 -2.0944766998291016
0.6739611029624939 0.7063144445419312 -0.21655559539794922 -0.06927448511123657 0.394290030002594 -0.591792106628418 -0.703076958656311 -0.2306482493877411 -0.6247493624687195 0.38846078515052795 -0.6773375868797302 -2.0944581031799316
0.6739389300346375 0.7063208818435669 -0.21660363674163818 -0.0692443922162056 0.39434483647346497 -0.5918500423431396 -0.7029974460601807 -0.23060983419418335 -0.6247386932373047 0.38836076855659485 -0.6774047613143921 -2.0945470333099365
0.6739756464958191 0.7062910795211792 -0.21658651530742645 -0.06926944106817245 0.39435291290283203 -0.5918776988983154 -0.7029696702957153 -0.2306608259677887 -0.6246939897537231 0.38837286829948425 -0.6774390935897827 -2.0945310592651367
0.6739764213562012 0.7062864303588867 -0.21659915149211884 -0.06923885643482208 0.39435258507728577 -0.5918909311294556 -0.7029587030410767 -0.23067662119865417 -0.6246933341026306 0.3883611261844635 -0.6774464249610901 -2.0945205688476562
0.6740092039108276 0.7062713503837585 -0.2165464162826538 -0.06924793124198914 0.3944067358970642 -0.5919074416160583 -0.7029144167900085 -0.2306521236896515 -0.6246238350868225 0.3883633613586426 -0.6775091886520386 -2.0945827960968018
0.674027144908905 0.7062525153160095 -0.2165520340204239 -0.0692158043384552 0.3944011330604553 -0.5919289588928223 -0.7028994560241699 -0.23066365718841553 -0.6246079802513123 0.38836488127708435 -0.6775229573249817 -2.094573497772217
0.6740015149116516 0.7062587738037109 -0.21661138534545898 -0.06922252476215363 0.39437398314476013 -0.5919434428215027 -0.7029024362564087 -0.23067402839660645 -0.6246528029441833 0.3883313834667206 -0.67750084400177 -2.094583749771118
0.6739956736564636 0.7062693238258362 -0.21659502387046814 -0.06918926537036896 0.39437422156333923 -0.5919210314750671 -0.7029212117195129 -0.23068958520889282 -0.6246589422225952 0.3883463442325592 -0.6774865984916687 -2.094575881958008
0.6739294528961182 0.7063151001930237 -0.2166517972946167 -0.06923186033964157 0.3943440914154053 -0.5918872952461243 -0.7029665112495422 -0.23063886165618896 -0.6247493624687195 0.388314425945282 -0.6774214506149292 -2.094567060470581
0.6739168763160706 0.7063179016113281 -0.2166818231344223 -0.06920438259840012 0.39434394240379333 -0.591903567314148 -0.7029529213905334 -0.23064708709716797 -0.624763011932373 0.3882846236228943 -0.6774259805679321 -2.094557762145996
0.6738921999931335 0.7063428163528442 -0.2166772186756134 -0.06924988329410553 0.39434707164764404 -0.5918743014335632 -0.7029758095741272 -0.23065102100372314 -0.6247876286506653 0.3882838785648346 -0.6774036884307861 -2.0945680141448975
0.6739124059677124 0.7063186764717102 -0.21669334173202515 -0.06922856718301773 0.3943396508693695 -0.5919075012207031 -0.702951967716217 -0.23066368699073792 -0.6247705817222595 0.38827723264694214 -0.6774232387542725 -2.0945589542388916
0.673894464969635 0.7063093185424805 -0.2167794555425644 -0.06930696964263916 0.3943319022655487 -0.5919690728187561 -0.702904462814331 -0.23066949844360352 -0.6247947812080383 0.38820040225982666 -0.6774449348449707 -2.0945255756378174
0.6739264130592346 0.7062806487083435 -0.2167735993862152 -0.06929153203964233 0.3943285048007965 -0.5919955968856812 -0.7028840780258179 -0.2306826114654541 -0.6247624754905701 0.38821208477020264 -0.6774680614471436 -2.0945112705230713
0.6739171743392944 0.706279993057251 -0.21680447459220886 -0.0693407952785492 0.3942687511444092 -0.5919792056083679 -0.7029314041137695 -0.23062169551849365 -0.6248101592063904 0.3882382810115814 -0.6774090528488159 -2.0945682525634766
0.6739661693572998 0.7062295079231262 -0.2168165147304535 -0.06936889886856079 0.39426183700561523 -0.5920397639274597 -0.7028842568397522 -0.23061278462409973 -0.6247616410255432 0.38823771476745605 -0.6774541139602661 -2.094517230987549
0.6739515066146851 0.7062420845031738 -0.21682128310203552 -0.06936044245958328 0.394255667924881 -0.5920248627662659 -0.702900230884552 -0.2306210696697235 -0.6247813701629639 0.3882376253604889 -0.6774359345436096 -2.094499111175537
0.6739512085914612 0.706240713596344 -0.2168266326189041 -0.06931556761264801 0.3942607343196869 -0.5920329689979553 -0.7028905749320984 -0.230616956949234 -0.6247785687446594 0.3882277011871338 -0.6774442791938782 -2.0945067405700684
0.6739593744277954 0.7062317728996277 -0.21683016419410706 -0.06929495930671692 0.39425843954086304 -0.592043936252594 -0.7028826475143433 -0.23062744736671448 -0.6247711181640625 0.3882272243499756 -0.6774513721466064 -2.094482898712158
0.6739891171455383 0.7062090039253235 -0.21681195497512817 -0.06933405250310898 0.3941628336906433 -0.5919984579086304 -0.7029745578765869 -0.23061075806617737 -0.624799370765686 0.38833796977996826 -0.6773618459701538 -2.0945305824279785
0.6739777326583862 0.7062157392501831 -0.216825470328331 -0.06931699067354202 0.394182950258255 -0.5920121669769287 -0.7029517292976379 -0.23061680793762207 -0.6247989535331726 0.3883048892021179 -0.6773812174797058 -2.094512462615967
0.6739546060562134 0.7062532901763916 -0.2167750597000122 -0.06928841769695282 0.39421021938323975 -0.5919539332389832 -0.7029855251312256 -0.2305963635444641 -0.6248067617416382 0.3883253335952759 -0.677362322807312 -2.094597101211548
0.6739638447761536 0.7062502503395081 -0.21675613522529602 -0.06926922500133514 0.39421209692955017 -0.5919462442398071 -0.7029908895492554 -0.23060190677642822 -0.6247955560684204 0.3883425295352936 -0.6773627400398254 -2.094590187072754
0.674031138420105 0.7062001824378967 -0.2167101800441742 -0.06927444040775299 0.3942391574382782 -0.5919899344444275 -0.7029389142990112 -0.2305731177330017 -0.6247059106826782 0.38836705684661865 -0.6774314045906067 -2.0945870876312256
0.6740254759788513 0.7062051892280579 -0.2167113572359085 -0.06925018876791 0.39421212673187256 -0.5919681787490845 -0.702972412109375 -0.23057639598846436 -0.6247290968894958 0.38839101791381836 -0.677396297454834 -2.094576358795166
0.6739993691444397 0.7062258124351501 -0.21672534942626953 -0.06929583847522736 0.39425739645957947 -0.5919820666313171 -0.7029352784156799 -0.23064064979553223 -0.6247286796569824 0.388332337141037 -0.677430272102356 -2.094480037689209
0.6740032434463501 0.7062223553657532 -0.21672479808330536 -0.06933420896530151 0.39429113268852234 -0.5920066833496094 -0.7028957009315491 -0.23064333200454712 -0.6247032284736633 0.3883012533187866 -0.6774715781211853 -2.094454288482666
0.6740087270736694 0.7062126994132996 -0.21673902869224548 -0.06931670010089874 0.39429694414138794 -0.5920303463935852 -0.7028724551200867 -0.23065751791000366 -0.6246936321258545 0.3882825970649719 -0.6774911284446716 -2.0944314002990723
0.6740105152130127 0.706215500831604 -0.21672438085079193 -0.06929850578308105 0.3942963778972626 -0.5920173525810242 -0.7028837203979492 -0.23056885600090027 -0.6246920824050903 0.38829734921455383 -0.6774840950965881 -2.094568967819214
0.6740423440933228 0.706196129322052 -0.21668843924999237 -0.0692744255065918 0.3943048119544983 -0.5920212268829346 -0.7028757929801941 -0.2305694818496704 -0.6246523857116699 0.3883267045021057 -0.6775038838386536 -2.094552516937256
0.6740393042564392 0.7061736583709717 -0.21677109599113464 -0.06927809864282608 0.39425772428512573 -0.5920709371566772 -0.7028602957725525 -0.23060232400894165 -0.6246853470802307 0.38829177618026733 -0.6774935126304626 -2.0945231914520264
0.6740506291389465 0.7061758637428284 -0.21672870218753815 -0.06924349814653397 0.39427733421325684 -0.5920531153678894 -0.7028642892837524 -0.23061415553092957 -0.6246607899665833 0.3883148729801178 -0.6775029301643372 -2.0945074558258057
0.6739824414253235 0.7062281966209412 -0.2167702615261078 -0.06926530599594116 0.39426085352897644 -0.5920106768608093 -0.7029092907905579 -0.23062977194786072 -0.6247447729110718 0.38828447461128235 -0.6774429082870483 -2.094564437866211
0.6739876866340637 0.7062222957611084 -0.21677318215370178 -0.06923453509807587 0.39426910877227783 -0.5920243859291077 -0.702893078327179 -0.23064357042312622 -0.6247338652610779 0.38827431201934814 -0.6774587631225586 -2.0945513248443604
0.673989474773407 0.7062421441078186 -0.21670304238796234 -0.06931666284799576 0.39431533217430115 -0.5919852256774902 -0.7029001712799072 -0.23067712783813477 -0.6247028112411499 0.3882979452610016 -0.6774739027023315 -2.0945417881011963
0.6740045547485352 0.7062249779701233 -0.21671201288700104 -0.06929823011159897 0.3942978084087372 -0.5919995307922363 -0.7028979063034058 -0.2306942641735077 -0.6246975660324097 0.3883073329925537 -0.6774733662605286 -2.0945281982421875
0.6739075779914856 0.7062971591949463 -0.21677838265895844 -0.06924235820770264 0.39430567622184753 -0.5919658541679382 -0.7029219269752502 -0.23067083954811096 -0.6247972249984741 0.3882274329662323 -0.6774272322654724 -2.094589948654175
0.6739550828933716 0.7062397599220276 -0.21681763231754303 -0.0692170038819313 0.39424118399620056 -0.5920161008834839 -0.7029157876968384 -0.23069259524345398 -0.6247866749763489 0.38825517892837524 -0.6774210333824158 -2.0945675373077393
0.6739411354064941 0.706266462802887 -0.2167738974094391 -0.06923292577266693 0.394276887178421 -0.5919796824455261 -0.7029263973236084 -0.23064875602722168 -0.6247791647911072 0.3882620632648468 -0.6774240136146545 -2.0945510864257812
0.6739789843559265 0.706232488155365 -0.21676696836948395 -0.06922805309295654 0.39424410462379456 -0.5919932723045349 -0.7029333114624023 -0.2306203842163086 -0.6247590184211731 0.3883031904697418 -0.6774190068244934 -2.0945231914520264
0.6739645004272461 0.706264078617096 -0.21670930087566376 -0.0692746490240097 0.3942945897579193 -0.5919515490531921 -0.7029401659965515 -0.23067134618759155 -0.624742865562439 0.3883093595504761 -0.6774303913116455 -2.0944912433624268
0.6739603281021118 0.7062802314758301 -0.21666932106018066 -0.06925606727600098 0.39433079957962036 -0.5919298529624939 -0.7029381394386292 -0.23068463802337646 -0.6247244477272034 0.38831302523612976 -0.6774452924728394 -2.094477653503418
0.6740008592605591 0.7062522172927856 -0.21663469076156616 -0.0692799910902977 0.39429759979248047 -0.5919184684753418 -0.7029663324356079 -0.23063033819198608 -0.6247016787528992 0.38838136196136475 -0.6774270534515381 -2.094517230987549
0.6740522980690002 0.7062123417854309 -0.21660462021827698 -0.06930671632289886 0.39427998661994934 -0.5919330716133118 -0.7029638886451721 -0.23061513900756836 -0.6246573328971863 0.3884315490722656 -0.6774392127990723 -2.0945425033569336
0.6740645170211792 0.7062038779258728 -0.2165941745042801 -0.06928412616252899 0.3942785859107971 -0.5919350385665894 -0.7029630541801453 -0.23061826825141907 -0.6246449947357178 0.3884439766407013 -0.6774434447288513 -2.094527006149292
0.6741011738777161 0.7061761021614075 -0.21657060086727142 -0.06927721947431564 0.394300639629364 -0.5919649004936218 -0.7029255628585815 -0.230587899684906 -0.6245914697647095 0.3884489834308624 -0.6774899363517761 -2.094592332839966
0.6740976572036743 0.7061715722084045 -0.216596320271492 -0.0692472755908966 0.3942996859550476 -0.5919860601425171 -0.7029082179069519 -0.23059341311454773 -0.6245958805084229 0.38842490315437317 -0.6774996519088745 -2.0945816040039062
0.6740794777870178 0.7061920762062073 -0.21658603847026825 -0.06924732029438019 0.39433297514915466 -0.5919768810272217 -0.702897310256958 -0.2306157350540161 -0.624594509601593 0.388401597738266 -0.6775143146514893 -2.094632387161255
0.6740818619728088 0.706192135810852 -0.21657845377922058 -0.0692148506641388 0.39433974027633667 -0.5919761657714844 -0.7028941512107849 -0.2306252121925354 -0.6245876550674438 0.38840267062187195 -0.6775199770927429 -2.0946249961853027
0.6740941405296326 0.706199049949646 -0.21651768684387207 -0.06930134445428848 0.3943125605583191 -0.591912031173706 -0.7029633522033691 -0.23061752319335938 -0.624591588973999 0.3884878158569336 -0.6774675846099854 -2.094759225845337
0.6741096377372742 0.7061975598335266 -0.21647433936595917 -0.06927970051765442 0.39433541893959045 -0.5918997526168823 -0.7029608488082886 -0.23063033819198608 -0.6245604753494263 0.3885091543197632 -0.6774840354919434 -2.0947611331939697
0.6740562915802002 0.7062340378761292 -0.21652142703533173 -0.06928372383117676 0.3943062722682953 -0.5918709635734558 -0.7030014991760254 -0.2306046187877655 -0.6246364116668701 0.3884868025779724 -0.677426815032959 -2.0948407649993896
0.6740708351135254 0.7062134742736816 -0.21654337644577026 -0.06925953179597855 0.3943313658237457 -0.5919240713119507 -0.7029426693916321 -0.2306097447872162 -0.6246048808097839 0.388443261384964 -0.6774808168411255 -2.094844341278076
0.6740295886993408 0.7062591910362244 -0.2165224850177765 -0.06926000863313675 0.394334077835083 -0.5918604731559753 -0.702994704246521 -0.23063641786575317 -0.6246476769447327 0.3884570002555847 -0.6774335503578186 -2.094888210296631
0.6740363240242004 0.7062429189682007 -0.21655452251434326 -0.06922958046197891 0.39431431889533997 -0.591887354850769 -0.7029831409454346 -0.23065534234046936 -0.6246528029441833 0.3884456157684326 -0.6774352788925171 -2.0949082374572754
0.6740036010742188 0.7062833905220032 -0.2165246158838272 -0.06923610717058182 0.3944261074066162 -0.5918917655944824 -0.7029167413711548 -0.23069247603416443 -0.6246175765991211 0.38836541771888733 -0.6775137782096863 -2.0948500633239746
0.6740222573280334 0.7062729597091675 -0.2165004163980484 -0.06920430064201355 0.3943963944911957 -0.5918693542480469 -0.7029522657394409 -0.23072028160095215 -0.6246162056922913 0.3884184956550598 -0.6774846315383911 -2.094853162765503
0.6739908456802368 0.7063112854957581 -0.21647323668003082 -0.06926969438791275 0.3944341540336609 -0.5918318629264832 -0.7029626369476318 -0.23066776990890503 -0.6246262788772583 0.3884059190750122 -0.677482545375824 -2.0948336124420166
0.6739442944526672 0.7063677310943604 -0.216434046626091 -0.06927457451820374 0.3944981098175049 -0.5917823314666748 -0.702968418598175 -0.23065385222434998 -0.6246361136436462 0.38837870955467224 -0.6774890422821045 -2.0948116779327393
0.6739281415939331 0.7063838243484497 -0.2164318561553955 -0.06924723833799362 0.3945043385028839 -0.5917665958404541 -0.7029781937599182 -0.2306760847568512 -0.6246496438980103 0.3883734345436096 -0.67747962474823 -2.094806671142578
0.6739618182182312 0.7063451409339905 -0.21645313501358032 -0.06927310675382614 0.3944360911846161 -0.591781735420227 -0.7030037641525269 -0.2306397557258606 -0.6246563792228699 0.3884207606315613 -0.6774463057518005 -2.094827651977539
0.6739605665206909 0.7063537836074829 -0.21642889082431793 -0.06924571096897125 0.39445406198501587 -0.5917673707008362 -0.7030057311058044 -0.2306538224220276 -0.6246464252471924 0.38842687010765076 -0.6774519681930542 -2.0948169231414795
0.6739363670349121 0.706333577632904 -0.21657010912895203 -0.06926783919334412 0.3944375514984131 -0.5918715596199036 -0.7029273509979248 -0.230648010969162 -0.6246829628944397 0.38830485939979553 -0.6774882078170776 -2.0948173999786377
0.6739322543144226 0.7063413262367249 -0.21655747294425964 -0.06928218901157379 0.39443153142929077 -0.5918508172035217 -0.7029481530189514 -0.23061203956604004 -0.6246911287307739 0.3883223235607147 -0.6774706244468689 -2.0948097705841064
0.6738588809967041 0.7064130306243896 -0.21655204892158508 -0.06929006427526474 0.39449676871299744 -0.5918067693710327 -0.7029486298561096 -0.23065438866615295 -0.6247290968894958 0.38825905323028564 -0.6774718761444092 -2.0947322845458984
0.673845112323761 0.7064414024353027 -0.21650230884552002 -0.06930631399154663 0.3944871127605438 -0.591736376285553 -0.7030133008956909 -0.2306405007839203 -0.6247500777244568 0.3883146643638611 -0.6774206757545471 -2.0947535037994385
0.6738514304161072 0.7064323425292969 -0.2165122628211975 -0.06928790360689163 0.39448797702789307 -0.5917537212371826 -0.7029982209205627 -0.2306590974330902 -0.6247426867485046 0.38830485939979553 -0.6774331331253052 -2.0947458744049072
0.6738371253013611 0.7064656019210815 -0.21644820272922516 -0.06929410248994827 0.3945402204990387 -0.5917070508003235 -0.703008234500885 -0.2306799292564392 -0.6247251033782959 0.38831549882888794 -0.677443265914917 -2.094730854034424
0.6738542318344116 0.7064530253410339 -0.21643607318401337 -0.06926999241113663 0.39451390504837036 -0.5916970372200012 -0.7030314207077026 -0.23070445656776428 -0.6247233152389526 0.3883536159992218 -0.6774230599403381 -2.094719409942627
0.6738696694374084 0.7064449787139893 -0.216414213180542 -0.06926285475492477 0.39449718594551086 -0.5916815400123596 -0.7030538320541382 -0.23071274161338806 -0.6247171759605408 0.3883918225765228 -0.6774067878723145 -2.094705820083618
0.6738730072975159 0.7064415216445923 -0.21641506254673004 -0.06926991790533066 0.39443403482437134 -0.5916467308998108 -0.7031185626983643 -0.23071452975273132 -0.624753475189209 0.38845112919807434 -0.6773393154144287 -2.0948495864868164
0.673855185508728 0.7064512968063354 -0.21643862128257751 -0.06928194314241409 0.3944358825683594 -0.5916520953178406 -0.7031130194664001 -0.23070570826530457 -0.6247715353965759 0.38842514157295227 -0.6773375272750854 -2.0948643684387207
0.6738543510437012 0.7064571976661682 -0.2164219170808792 -0.06925946474075317 0.39444586634635925 -0.5916407704353333 -0.7031169533729553 -0.23074084520339966 -0.6247661113739014 0.3884316384792328 -0.6773388385772705 -2.0948681831359863
0.673833429813385 0.7064605355262756 -0.21647632122039795 -0.06927105039358139 0.3944050371646881 -0.5916469693183899 -0.7031345963478088 -0.2307213544845581 -0.6248144507408142 0.38841623067855835 -0.6773030757904053 -2.0948219299316406
0.6738882064819336 0.7064210772514343 -0.216434508562088 -0.0692688450217247 0.3943854868412018 -0.5916522741317749 -0.7031410932540894 -0.23073437809944153 -0.6247677803039551 0.3884798288345337 -0.6773096919059753 -2.094810724258423
0.6738556623458862 0.7064322233200073 -0.2164994329214096 -0.06928279995918274 0.39430686831474304 -0.5916329026222229 -0.7032014727592468 -0.2307426929473877 -0.6248524785041809 0.3884890675544739 -0.6772262454032898 -2.0948567390441895
0.6738514304161072 0.7064414024353027 -0.21648266911506653 -0.06925945729017258 0.39431333541870117 -0.5916156768798828 -0.703212320804596 -0.23078513145446777 -0.6248528957366943 0.38849860429763794 -0.677220344543457 -2.094858407974243
0.6738905310630798 0.706413984298706 -0.21645034849643707 -0.06927428394556046 0.39430317282676697 -0.5916193723678589 -0.7032149434089661 -0.23074328899383545 -0.6248171329498291 0.3885428011417389 -0.6772279739379883 -2.094867467880249
0.6739122271537781 0.7063906192779541 -0.21645906567573547 -0.06926833838224411 0.3942699134349823 -0.591630756855011 -0.7032240033149719 -0.23076248168945312 -0.6248148083686829 0.3885679543018341 -0.6772157549858093 -2.094867467880249
0.6739399433135986 0.7063736915588379 -0.2164280265569687 -0.06930878758430481 0.3942875564098358 -0.5916407704353333 -0.7032057046890259 -0.23071688413619995 -0.6247737407684326 0.3885835111141205 -0.6772446632385254 -2.0947957038879395
0.6739275455474854 0.7063939571380615 -0.21640045940876007 -0.06928887218236923 0.3942975103855133 -0.5916061401367188 -0.7032293081283569 -0.2307409644126892 -0.6247808337211609 0.3885993957519531 -0.6772290468215942 -2.094796895980835
0.6738811135292053 0.7063851952552795 -0.21657371520996094 -0.06923698633909225 0.3942563831806183 -0.591702938079834 -0.703170895576477 -0.23073750734329224 -0.6248568296432495 0.3884679973125458 -0.6772342920303345 -2.0947842597961426
0.6739264726638794 0.7063682079315186 -0.21648798882961273 -0.06925683468580246 0.3942292630672455 -0.5916496515274048 -0.7032309174537659 -0.23070529103279114 -0.6248250603675842 0.38857999444007874 -0.6771993637084961 -2.0947792530059814
0.6739388704299927 0.7063469290733337 -0.21651874482631683 -0.06925315409898758 0.3941959738731384 -0.591672956943512 -0.7032299637794495 -0.23062345385551453 -0.6248326897621155 0.3885831832885742 -0.6771904826164246 -2.0948686599731445
0.6739665269851685 0.7063292860984802 -0.21649013459682465 -0.06925781816244125 0.39418667554855347 -0.5916685461997986 -0.7032389044761658 -0.23059526085853577 -0.6248087286949158 0.3886219263076782 -0.677190363407135 -2.094877243041992
