# 3x4 first row second row third row Freq: 100 current Time: 2021-07-28-15:09:14
-0.17297576367855072 0.451876699924469 -0.8751496076583862 0.10982047021389008 0.9341819286346436 -0.20625419914722443 -0.2911413908004761 -0.6267971396446228 -0.3120632767677307 -0.8679093718528748 -0.38645806908607483 -2.106678009033203
-0.17287318408489227 0.45192956924438477 -0.8751425743103027 0.10981404036283493 0.9342148900032043 -0.20623992383480072 -0.2910458445549011 -0.6268026828765869 -0.31202155351638794 -0.8678852319717407 -0.38654595613479614 -2.106580972671509
-0.17289121448993683 0.45184725522994995 -0.8751814961433411 0.10975723713636398 0.9342483878135681 -0.20615732669830322 -0.2909967303276062 -0.6268258690834045 -0.31191113591194153 -0.8679476976394653 -0.38649481534957886 -2.1064865589141846
-0.17288880050182343 0.45185527205467224 -0.8751778602600098 0.10979578644037247 0.9342491030693054 -0.20615489780902863 -0.29099613428115845 -0.6267964243888855 -0.31191033124923706 -0.8679441213607788 -0.38650354743003845 -2.106494665145874
-0.17293304204940796 0.4518156051635742 -0.8751896023750305 0.10980197787284851 0.9342439770698547 -0.2061414122581482 -0.2910221219062805 -0.6267828941345215 -0.31190115213394165 -0.867967963218689 -0.3864573836326599 -2.106503486633301
-0.17287935316562653 0.45187851786613464 -0.875167727470398 0.1097770407795906 0.9342502951622009 -0.20615269243717194 -0.29099398851394653 -0.6267870664596558 -0.31191208958625793 -0.8679325580596924 -0.3865281045436859 -2.1064436435699463
-0.17288461327552795 0.451844185590744 -0.8751844167709351 0.10974564403295517 0.9342641830444336 -0.20612049102783203 -0.2909720838069916 -0.626766562461853 -0.31186747550964355 -0.8679580688476562 -0.3865067958831787 -2.1063694953918457
-0.1728920191526413 0.45187607407569885 -0.8751664757728577 0.10978706926107407 0.9342617392539978 -0.20610982179641724 -0.290987491607666 -0.6267536878585815 -0.3118706941604614 -0.8679440021514893 -0.38653579354286194 -2.106400489807129
-0.17289841175079346 0.45185962319374084 -0.8751737475395203 0.10983692854642868 0.9342628121376038 -0.2061065286397934 -0.2909865081310272 -0.626714289188385 -0.31186404824256897 -0.867953360080719 -0.3865201473236084 -2.1063973903656006
-0.17298413813114166 0.4518643319606781 -0.8751543164253235 0.1098238080739975 0.9342289566993713 -0.20611977577209473 -0.29108574986457825 -0.6267096400260925 -0.31191787123680115 -0.8679477572441101 -0.38648930191993713 -2.1064391136169434
-0.17293503880500793 0.4519220292568207 -0.8751342296600342 0.10976315289735794 0.9342640042304993 -0.20604845881462097 -0.29102370142936707 -0.6267275214195251 -0.3118400573730469 -0.8679346442222595 -0.38658151030540466 -2.106257677078247
-0.17291443049907684 0.45191705226898193 -0.875140905380249 0.10980726033449173 0.9342573881149292 -0.20608757436275482 -0.29101720452308655 -0.626687228679657 -0.3118712902069092 -0.8679279685020447 -0.38657134771347046 -2.1062490940093994
-0.17290525138378143 0.45193031430244446 -0.8751358389854431 0.10973508656024933 0.9342985153198242 -0.20597732067108154 -0.29096338152885437 -0.6266759634017944 -0.3117533028125763 -0.8679472208023071 -0.3866232633590698 -2.106180191040039
-0.17295829951763153 0.4519635736942291 -0.8751081824302673 0.10975676774978638 0.9342454075813293 -0.20606490969657898 -0.2910718023777008 -0.626777708530426 -0.31188294291496277 -0.8679090738296509 -0.38660427927970886 -2.1064155101776123
-0.17290577292442322 0.4519868493080139 -0.8751065731048584 0.10975495725870132 0.9342772364616394 -0.20601719617843628 -0.29100340604782104 -0.6267790794372559 -0.3118166923522949 -0.8679082989692688 -0.3866594731807709 -2.1063501834869385
-0.17287109792232513 0.4520126283168793 -0.8751000761985779 0.10980106145143509 0.9342857003211975 -0.20601709187030792 -0.29097622632980347 -0.6267389059066772 -0.3118104934692383 -0.8678948879241943 -0.3866945505142212 -2.1063449382781982
-0.17280703783035278 0.4520920515060425 -0.8750717043876648 0.10973997414112091 0.9342824816703796 -0.206059068441391 -0.2909570038318634 -0.6267088651657104 -0.3118557929992676 -0.8678435683250427 -0.3867731988430023 -2.1062631607055664
-0.1728714108467102 0.45208680629730225 -0.8750616908073425 0.10976195335388184 0.934243381023407 -0.2061098963022232 -0.2910463809967041 -0.6267841458320618 -0.3119370937347412 -0.867834210395813 -0.3867286145687103 -2.106464147567749
-0.1728893220424652 0.4520948827266693 -0.8750540018081665 0.10978571325540543 0.9342645406723022 -0.2060318887233734 -0.2910338342189789 -0.6267789006233215 -0.3118639290332794 -0.8678485751152039 -0.38675549626350403 -2.1064090728759766
-0.1728937178850174 0.4521058201789856 -0.875047504901886 0.10976088792085648 0.9342552423477173 -0.20605002343654633 -0.2910507917404175 -0.6268296837806702 -0.31188932061195374 -0.8678385615348816 -0.386757493019104 -2.106405735015869
-0.17290151119232178 0.45212772488594055 -0.8750346302986145 0.10980664938688278 0.9342503547668457 -0.20604915916919708 -0.29106712341308594 -0.6268015503883362 -0.31189966201782227 -0.8678273558616638 -0.3867742717266083 -2.1064038276672363
-0.17290303111076355 0.45204317569732666 -0.875078022480011 0.1098080649971962 0.934257984161377 -0.20605458319187164 -0.29103872179985046 -0.6267762780189514 -0.3118759095668793 -0.8678700923919678 -0.3866974711418152 -2.106381416320801
-0.17296075820922852 0.45199933648109436 -0.8750892281532288 0.10978040099143982 0.9342371225357056 -0.2060738503932953 -0.2910921275615692 -0.6267979741096497 -0.31190645694732666 -0.867888331413269 -0.38663187623023987 -2.1064343452453613
-0.17287677526474 0.45198294520378113 -0.8751143217086792 0.10978920012712479 0.9342546463012695 -0.20610815286636353 -0.2910114526748657 -0.6267646551132202 -0.31190040707588196 -0.8678887486457825 -0.3866358697414398 -2.1063854694366455
-0.1729215830564499 0.45199793577194214 -0.8750976920127869 0.109818235039711 0.9342402219772339 -0.2061018943786621 -0.29106226563453674 -0.626822292804718 -0.31191882491111755 -0.8678824305534363 -0.3866351842880249 -2.1065356731414795
-0.17283792793750763 0.45208799839019775 -0.8750677108764648 0.10977141559123993 0.9342589378356934 -0.20609721541404724 -0.2910054326057434 -0.6267959475517273 -0.3119090795516968 -0.867836594581604 -0.3867458701133728 -2.1064751148223877
-0.172822967171669 0.4520389139652252 -0.8750960230827332 0.10978357493877411 0.93425452709198 -0.20613965392112732 -0.2909895181655884 -0.626764178276062 -0.3119305670261383 -0.8678520917892456 -0.3866937458515167 -2.106482982635498
-0.17279860377311707 0.4519658386707306 -0.8751385807991028 0.10975748300552368 0.9342973232269287 -0.20606742799282074 -0.2909033000469208 -0.6267595887184143 -0.31181588768959045 -0.8679073452949524 -0.3866623044013977 -2.1064236164093018
-0.17291779816150665 0.45197662711143494 -0.8751094937324524 0.109706349670887 0.9342348575592041 -0.20612747967243195 -0.2910614311695099 -0.6268301606178284 -0.3119370639324188 -0.8678874373435974 -0.38660919666290283 -2.1063413619995117
-0.17288663983345032 0.45198285579681396 -0.8751124143600464 0.10973827540874481 0.9342519044876099 -0.20610667765140533 -0.29102128744125366 -0.6268083453178406 -0.3119031488895416 -0.8678891658782959 -0.3866327702999115 -2.1063363552093506
-0.17277733981609344 0.4520096480846405 -0.8751201629638672 0.10975523293018341 0.9342676401138306 -0.2061552107334137 -0.29093649983406067 -0.6267757415771484 -0.31191667914390564 -0.867863655090332 -0.3866790235042572 -2.106339454650879
-0.1728498488664627 0.45204034447669983 -0.8750900030136108 0.1097998097538948 0.9342414140701294 -0.2061508744955063 -0.29102379083633423 -0.6268352270126343 -0.3119550347328186 -0.8678486943244934 -0.3866816759109497 -2.1064939498901367
-0.1727982461452484 0.45204856991767883 -0.8750959038734436 0.10976312309503555 0.9342470765113831 -0.20618009567260742 -0.2909848690032959 -0.6268307566642761 -0.3119666278362274 -0.8678374886512756 -0.3866975009441376 -2.1063995361328125
-0.17289526760578156 0.4519919157028198 -0.8751060366630554 0.109715037047863 0.9342167973518372 -0.20619334280490875 -0.2910725772380829 -0.6268171072006226 -0.3120034635066986 -0.8678638339042664 -0.3866086006164551 -2.106391429901123
-0.17281080782413483 0.45200589299201965 -0.8751155138015747 0.10969790071249008 0.934251606464386 -0.20617014169692993 -0.29097744822502136 -0.6268376111984253 -0.31194618344306946 -0.8678620457649231 -0.38665878772735596 -2.106271982192993
-0.1728106439113617 0.4520050287246704 -0.8751159310340881 0.10974117368459702 0.9342367649078369 -0.20621183514595032 -0.2909955382347107 -0.6268569827079773 -0.3119907081127167 -0.8678526282310486 -0.3866441249847412 -2.106332540512085
-0.17279189825057983 0.452060341835022 -0.8750910758972168 0.1097528263926506 0.9342682361602783 -0.20612317323684692 -0.2909572422504425 -0.6268436908721924 -0.31190675497055054 -0.8678448796272278 -0.3867292106151581 -2.1063108444213867
-0.17278766632080078 0.45199134945869446 -0.8751275539398193 0.10974986851215363 0.9342597723007202 -0.20617353916168213 -0.29094868898391724 -0.6268298625946045 -0.3119344115257263 -0.8678688406944275 -0.3866530954837799 -2.1063053607940674
-0.1727355718612671 0.4519995450973511 -0.8751336336135864 0.10976865142583847 0.9342465400695801 -0.20625582337379456 -0.29093289375305176 -0.6267868280410767 -0.31200292706489563 -0.8678449988365173 -0.38665130734443665 -2.1063008308410645
-0.172842338681221 0.4520093500614166 -0.87510746717453 0.10979793965816498 0.9342084527015686 -0.2062598466873169 -0.2910524010658264 -0.6267895698547363 -0.3120579421520233 -0.8678389191627502 -0.38662052154541016 -2.1063525676727295
-0.17281094193458557 0.45197775959968567 -0.8751299977302551 0.10981020331382751 0.9342405200004578 -0.20621007680892944 -0.2909846007823944 -0.626762330532074 -0.31197917461395264 -0.8678672313690186 -0.3866206109523773 -2.106321096420288
-0.17280927300453186 0.4518962502479553 -0.8751723766326904 0.10975253582000732 0.9342535734176636 -0.20620238780975342 -0.29094812273979187 -0.626768946647644 -0.311940997838974 -0.8679115176200867 -0.38655203580856323 -2.1062569618225098
-0.1728343665599823 0.45186617970466614 -0.8751829862594604 0.10973797738552094 0.9342293739318848 -0.20625664293766022 -0.2909875214099884 -0.626775324344635 -0.31199970841407776 -0.8679142594337463 -0.38649842143058777 -2.106299638748169
-0.17282044887542725 0.45184433460235596 -0.8751969933509827 0.1097414642572403 0.9342557191848755 -0.20620344579219818 -0.2909405827522278 -0.6267691850662231 -0.31192848086357117 -0.8679382801055908 -0.3865019977092743 -2.106240749359131
-0.1729034185409546 0.4518596827983856 -0.8751726746559143 0.10974670946598053 0.9342140555381775 -0.2062375396490097 -0.2910502254962921 -0.6267745494842529 -0.3120073080062866 -0.8679221868515015 -0.38647449016571045 -2.106293201446533
-0.1727670580148697 0.4518839120864868 -0.87518709897995 0.10972677171230316 0.9342591762542725 -0.2062300592660904 -0.29091063141822815 -0.6267440915107727 -0.31194770336151123 -0.8679113388061523 -0.38654690980911255 -2.106255292892456
-0.17276863753795624 0.45185765624046326 -0.8752003908157349 0.10974776744842529 0.9342443346977234 -0.20627860724925995 -0.2909238636493683 -0.6267147064208984 -0.31199127435684204 -0.8679134845733643 -0.38650697469711304 -2.1062488555908203
-0.17277280986309052 0.4519306421279907 -0.87516188621521 0.10970937460660934 0.934238851070404 -0.2062656581401825 -0.29095056653022766 -0.6266783475875854 -0.31200531125068665 -0.8678785562515259 -0.3865740895271301 -2.1062405109405518
-0.17275723814964294 0.45193904638290405 -0.8751605749130249 0.10971039533615112 0.9342334270477295 -0.20629240572452545 -0.2909490764141083 -0.6267810463905334 -0.31203022599220276 -0.8678678274154663 -0.3865780830383301 -2.1062612533569336
-0.17278067767620087 0.45194414258003235 -0.8751533031463623 0.10974963009357452 0.9342261552810669 -0.20628926157951355 -0.2909746766090393 -0.6267554759979248 -0.31203901767730713 -0.8678659200668335 -0.38657525181770325 -2.1062588691711426
-0.17275679111480713 0.45194557309150696 -0.8751572966575623 0.10980311781167984 0.934224009513855 -0.20631679892539978 -0.29096198081970215 -0.6267268061637878 -0.31205862760543823 -0.8678586483001709 -0.3865757882595062 -2.106250762939453
-0.17268194258213043 0.45192858576774597 -0.8751808404922485 0.10977066308259964 0.9342489242553711 -0.20632244646549225 -0.2908780574798584 -0.6267215609550476 -0.3120255470275879 -0.8678661584854126 -0.38658562302589417 -2.106170892715454
-0.1727280467748642 0.4518880248069763 -0.8751927018165588 0.10981021821498871 0.9342334270477295 -0.20633628964424133 -0.29091787338256836 -0.6267535090446472 -0.3120463192462921 -0.8678839802742004 -0.3865288496017456 -2.1062705516815186
-0.1727568656206131 0.45186179876327515 -0.8752005696296692 0.10978274047374725 0.9342496395111084 -0.20627334713935852 -0.290910542011261 -0.6267609596252441 -0.3119818866252899 -0.8679125905036926 -0.38651660084724426 -2.106243848800659
-0.1726701557636261 0.45188623666763306 -0.8752050399780273 0.1097407415509224 0.9342557787895203 -0.20632830262184143 -0.2908518612384796 -0.6267534494400024 -0.3120115101337433 -0.8678867816925049 -0.3865506052970886 -2.1062076091766357
-0.17270681262016296 0.4518527388572693 -0.8752151131629944 0.10974733531475067 0.9342519640922546 -0.20631621778011322 -0.2908727526664734 -0.6267355680465698 -0.31200268864631653 -0.8679071068763733 -0.3865121006965637 -2.106205701828003
-0.17266437411308289 0.4518357217311859 -0.8752322793006897 0.1097477450966835 0.9342938661575317 -0.2062445431947708 -0.2907889783382416 -0.6267105340957642 -0.31190070509910583 -0.8679329752922058 -0.38653624057769775 -2.1061480045318604
-0.17271068692207336 0.451862096786499 -0.8752095103263855 0.10977999120950699 0.9342754483222961 -0.2062440663576126 -0.29084834456443787 -0.6267536282539368 -0.3119300901889801 -0.867919385433197 -0.3865431249141693 -2.106233835220337
-0.17274309694766998 0.45189449191093445 -0.8751863837242126 0.10972785949707031 0.9342643618583679 -0.20623424649238586 -0.29089099168777466 -0.626755952835083 -0.31194543838500977 -0.8679048418998718 -0.38656339049339294 -2.1060938835144043
-0.17274753749370575 0.45193541049957275 -0.8751643896102905 0.10975487530231476 0.9342579245567322 -0.20623444020748138 -0.2909114956855774 -0.626785933971405 -0.3119622468948364 -0.8678835034370422 -0.38659775257110596 -2.106165885925293
-0.17266260087490082 0.45192238688468933 -0.875187873840332 0.10971791297197342 0.9343048930168152 -0.2061866968870163 -0.29079458117485046 -0.6267550587654114 -0.31186866760253906 -0.867901623249054 -0.3866325616836548 -2.1061086654663086
-0.17267358303070068 0.45186781883239746 -0.8752138614654541 0.10973777621984482 0.9343350529670715 -0.2061106562614441 -0.29075148701667786 -0.6267343759536743 -0.3117721378803253 -0.8679481148719788 -0.3866060674190521 -2.106074571609497
-0.17266249656677246 0.45188072323799133 -0.875209391117096 0.1097826287150383 0.934330940246582 -0.20612813532352448 -0.2907523810863495 -0.6267021894454956 -0.31179067492485046 -0.8679372072219849 -0.3866155445575714 -2.1060550212860107
-0.17274262011051178 0.4518223702907562 -0.875223696231842 0.10971388220787048 0.9343050122261047 -0.20614555478096008 -0.2908233106136322 -0.6267520189285278 -0.31182393431663513 -0.867963433265686 -0.386529803276062 -2.1060760021209717
-0.17274783551692963 0.4518486559391022 -0.8752090930938721 0.10975419729948044 0.9342971444129944 -0.20615382492542267 -0.2908426523208618 -0.6267188787460327 -0.3118445575237274 -0.8679478168487549 -0.38654831051826477 -2.1060614585876465
-0.17270386219024658 0.45183366537094116 -0.8752255439758301 0.10970001667737961 0.9343308806419373 -0.2061055600643158 -0.29076844453811646 -0.6266777515411377 -0.3117678165435791 -0.8679670691490173 -0.3865669369697571 -2.1060328483581543
-0.17273202538490295 0.4518149793148041 -0.8752295970916748 0.10970764607191086 0.9343145489692688 -0.20613114535808563 -0.2908027470111847 -0.6266898512840271 -0.31180113554000854 -0.8679707050323486 -0.38653188943862915 -2.1061131954193115
-0.1727139949798584 0.45184534788131714 -0.8752174973487854 0.10973931103944778 0.9343336820602417 -0.20608462393283844 -0.290774405002594 -0.6266937255859375 -0.31175392866134644 -0.8679659962654114 -0.38658061623573303 -2.106032371520996
-0.17277926206588745 0.4518584907054901 -0.8751978278160095 0.10978181660175323 0.9343202710151672 -0.2060571014881134 -0.2908368706703186 -0.62666916847229 -0.3117578327655792 -0.8679656982421875 -0.38657814264297485 -2.1060402393341064
-0.17275799810886383 0.4518348276615143 -0.8752142786979675 0.10979128628969193 0.9343398809432983 -0.20603002607822418 -0.2907930612564087 -0.6266200542449951 -0.31171083450317383 -0.867984414100647 -0.3865739703178406 -2.106001377105713
-0.17283369600772858 0.4518335163593292 -0.8751999735832214 0.10975095629692078 0.9342970252037048 -0.20607975125312805 -0.2908955216407776 -0.6266835331916809 -0.3117973208427429 -0.867973268032074 -0.38652920722961426 -2.1060614585876465
-0.1728385090827942 0.4518812298774719 -0.8751744031906128 0.10974958539009094 0.9342852830886841 -0.20609210431575775 -0.29092445969581604 -0.6266116499900818 -0.3118298351764679 -0.8679454922676086 -0.38656535744667053 -2.1060967445373535
-0.17282924056053162 0.4519329071044922 -0.8751495480537415 0.10973750054836273 0.9342877268791199 -0.20607683062553406 -0.29092755913734436 -0.6266897320747375 -0.31182777881622314 -0.8679222464561462 -0.3866192698478699 -2.1060986518859863
-0.17284657061100006 0.4518623948097229 -0.8751825094223022 0.10972010344266891 0.9342541694641113 -0.20617756247520447 -0.29096388816833496 -0.6267500519752502 -0.31191861629486084 -0.8679350018501282 -0.3865172564983368 -2.1062138080596924
-0.17285704612731934 0.4518662989139557 -0.8751784563064575 0.10972346365451813 0.9342771172523499 -0.2061026692390442 -0.2909432053565979 -0.6267275214195251 -0.31184402108192444 -0.8679507970809937 -0.38654205203056335 -2.106175422668457
-0.172932431101799 0.45184463262557983 -0.8751747608184814 0.10971342772245407 0.9342566132545471 -0.20609726011753082 -0.2910129725933075 -0.6267088651657104 -0.3118637502193451 -0.8679633140563965 -0.38649794459342957 -2.1061782836914062
-0.17287226021289825 0.45192405581474304 -0.8751456141471863 0.1096726581454277 0.934257447719574 -0.20612411201000214 -0.2909911572933197 -0.6266953349113464 -0.3118945062160492 -0.8679156303405762 -0.38658028841018677 -2.1061620712280273
-0.17286089062690735 0.45188790559768677 -0.8751665353775024 0.10969678312540054 0.9342530965805054 -0.20615887641906738 -0.29098063707351685 -0.6267051696777344 -0.31191396713256836 -0.8679261803627014 -0.38654085993766785 -2.106227397918701
-0.17282380163669586 0.4519159495830536 -0.8751593828201294 0.10967846214771271 0.934256374835968 -0.2061745971441269 -0.29095882177352905 -0.6267316341400146 -0.311924546957016 -0.8679078221321106 -0.3865734934806824 -2.1061275005340576
-0.17287293076515198 0.45188406109809875 -0.875166118144989 0.10966726392507553 0.9342512488365173 -0.20615416765213013 -0.2909899055957794 -0.6267315745353699 -0.3119128346443176 -0.8679293394088745 -0.38653475046157837 -2.106149196624756
-0.17287641763687134 0.45186781883239746 -0.875173807144165 0.10970527678728104 0.9342483282089233 -0.20616436004638672 -0.2909919321537018 -0.6267358660697937 -0.31191954016685486 -0.8679353594779968 -0.3865158259868622 -2.1061136722564697
-0.17290261387825012 0.4518251419067383 -0.8751906752586365 0.10972145944833755 0.9342392683029175 -0.20617951452732086 -0.2910102605819702 -0.6267150044441223 -0.31193211674690247 -0.8679539561271667 -0.38646382093429565 -2.1060945987701416
-0.17292851209640503 0.45183297991752625 -0.8751815557479858 0.1097601130604744 0.9342312216758728 -0.20617540180683136 -0.2910391092300415 -0.6266814470291138 -0.3119419515132904 -0.8679508566856384 -0.38646286725997925 -2.1060826778411865
-0.17292246222496033 0.45187097787857056 -0.8751631379127502 0.10973791033029556 0.9342368841171265 -0.20615258812904358 -0.29103705286979675 -0.6266946196556091 -0.31192833185195923 -0.8679364919662476 -0.3865061402320862 -2.1059458255767822
-0.1729259490966797 0.45175477862358093 -0.875222384929657 0.10972223430871964 0.9342569708824158 -0.20613208413124084 -0.2909870743751526 -0.626692533493042 -0.31186622381210327 -0.8680018186569214 -0.3864094913005829 -2.10599422454834
-0.17292509973049164 0.4517350494861603 -0.8752327561378479 0.10972797125577927 0.934242308139801 -0.20618031919002533 -0.2910000681877136 -0.6266682147979736 -0.3119106888771057 -0.8680006265640259 -0.3863762319087982 -2.106009006500244
-0.17297771573066711 0.4517841041088104 -0.8751970529556274 0.10970976948738098 0.9342221021652222 -0.20617149770259857 -0.2910711467266083 -0.6266875267028809 -0.3119419813156128 -0.8679772019386292 -0.3864036202430725 -2.1060445308685303
-0.17297765612602234 0.4518023133277893 -0.8751876354217529 0.10967805981636047 0.9342322945594788 -0.20613715052604675 -0.29106277227401733 -0.6266669631004333 -0.3119114935398102 -0.8679758906364441 -0.3864312171936035 -2.1059749126434326
-0.17298835515975952 0.45184823870658875 -0.8751618266105652 0.10966508090496063 0.9342357516288757 -0.20610231161117554 -0.29107627272605896 -0.6266904473304749 -0.3118951618671417 -0.8679602742195129 -0.3864794969558716 -2.10603404045105
-0.17304590344429016 0.4518277049064636 -0.8751610517501831 0.10967261344194412 0.9342315196990967 -0.20606762170791626 -0.2911143898963928 -0.6266651749610901 -0.3118759095668793 -0.8679791688919067 -0.3864525556564331 -2.106001377105713
-0.17302757501602173 0.4518086910247803 -0.8751744627952576 0.10969347506761551 0.934232771396637 -0.20608742535114288 -0.29109635949134827 -0.6266244053840637 -0.3118823170661926 -0.867984414100647 -0.38643568754196167 -2.1059911251068115
-0.17300735414028168 0.45185786485671997 -0.875153124332428 0.10969673842191696 0.9342405200004578 -0.20606830716133118 -0.2910851240158081 -0.6265869140625 -0.31187039613723755 -0.8679633140563965 -0.38649260997772217 -2.1059391498565674
-0.17302939295768738 0.45191413164138794 -0.875119686126709 0.10970998555421829 0.9342179894447327 -0.20609183609485626 -0.29114070534706116 -0.6266418099403381 -0.31192561984062195 -0.8679284453392029 -0.3865263760089874 -2.106074333190918
-0.17304259538650513 0.45186764001846313 -0.8751410841941833 0.10974683612585068 0.9342291951179504 -0.20606398582458496 -0.291124552488327 -0.6266577839851379 -0.3118848204612732 -0.8679592609405518 -0.3864900767803192 -2.1059465408325195
-0.17300863564014435 0.45187216997146606 -0.875145435333252 0.10979270190000534 0.9342434406280518 -0.20605415105819702 -0.29108569025993347 -0.6266152858734131 -0.3118608593940735 -0.8679592609405518 -0.3865094780921936 -2.105926990509033
-0.17302793264389038 0.45186516642570496 -0.8751452565193176 0.10966800153255463 0.934208333492279 -0.20613642036914825 -0.29114022850990295 -0.6266518235206604 -0.31195542216300964 -0.8679433465003967 -0.3864688277244568 -2.1060585975646973
-0.1730213463306427 0.4518795609474182 -0.8751391172409058 0.10971900820732117 0.9342361092567444 -0.20606045424938202 -0.29110488295555115 -0.6266617178916931 -0.3118759095668793 -0.867953896522522 -0.38650935888290405 -2.105982780456543
-0.17310895025730133 0.45188987255096436 -0.8751164674758911 0.10974885523319244 0.9342073798179626 -0.20605570077896118 -0.2912002503871918 -0.6266521215438843 -0.3119131624698639 -0.8679496645927429 -0.38648879528045654 -2.1060354709625244
-0.1730947494506836 0.45191019773483276 -0.8751087784767151 0.10970593988895416 0.9342259168624878 -0.2060105949640274 -0.2911728024482727 -0.6266195774078369 -0.3118656277656555 -0.8679497838020325 -0.386526882648468 -2.10597562789917
-0.17304934561252594 0.4519338309764862 -0.8751055598258972 0.10977625846862793 0.9342257380485535 -0.20604534447193146 -0.2911488711833954 -0.6266663074493408 -0.31189143657684326 -0.867929220199585 -0.38655221462249756 -2.1061010360717773
-0.1729728728532791 0.4518927037715912 -0.8751419186592102 0.10970914363861084 0.934234619140625 -0.20610499382019043 -0.29107803106307983 -0.6267135143280029 -0.3119071424007416 -0.8679364919662476 -0.3865232467651367 -2.106128454208374
-0.17294248938560486 0.4519200921058655 -0.8751338124275208 0.10973931849002838 0.9342397451400757 -0.20610979199409485 -0.291058212518692 -0.6266871690750122 -0.31190869212150574 -0.8679211139678955 -0.38655656576156616 -2.106133460998535
-0.17292799055576324 0.4518202841281891 -0.8751881718635559 0.10973358899354935 0.9342410564422607 -0.20615264773368835 -0.2910235524177551 -0.6266989707946777 -0.3119126856327057 -0.8679628372192383 -0.3864595293998718 -2.1061112880706787
-0.1728883683681488 0.4518387019634247 -0.8751865029335022 0.10968691110610962 0.9342529773712158 -0.20615005493164062 -0.29098716378211975 -0.6267001032829285 -0.31189897656440735 -0.867953896522522 -0.38649073243141174 -2.106038808822632
-0.17289422452449799 0.4518275558948517 -0.8751910924911499 0.1097140908241272 0.9342469573020935 -0.2061651647090912 -0.29099586606025696 -0.6266725659370422 -0.3119138479232788 -0.8679561018943787 -0.38647374510765076 -2.106038808822632
-0.17291556298732758 0.45188531279563904 -0.8751570582389832 0.10967493802309036 0.9342329502105713 -0.20616509020328522 -0.2910407781600952 -0.6267327070236206 -0.3119438886642456 -0.8679260611534119 -0.3865170180797577 -2.106053590774536
-0.17290569841861725 0.4518585503101349 -0.8751728534698486 0.10970399528741837 0.9342246055603027 -0.20620636641979218 -0.2910383641719818 -0.6267482042312622 -0.3119743764400482 -0.8679301738739014 -0.3864831328392029 -2.106111526489258
-0.17291703820228577 0.4518860876560211 -0.8751563429832458 0.10972891002893448 0.9342273473739624 -0.20617909729480743 -0.29104888439178467 -0.6267741322517395 -0.3119598925113678 -0.867922306060791 -0.38651248812675476 -2.106184720993042
-0.17294158041477203 0.45193490386009216 -0.875126302242279 0.1097736656665802 0.9341893196105957 -0.2062460482120514 -0.291123628616333 -0.6267789602279663 -0.31206026673316956 -0.8678810000419617 -0.3865242600440979 -2.106260299682617
-0.17294470965862274 0.4519335925579071 -0.8751263618469238 0.10982176661491394 0.9342026710510254 -0.20620639622211456 -0.2911088168621063 -0.6267572641372681 -0.312018483877182 -0.8678911328315735 -0.38653525710105896 -2.1062779426574707
-0.17293399572372437 0.4518798887729645 -0.8751562237739563 0.10972019284963608 0.9342086315155029 -0.20621757209300995 -0.2910817265510559 -0.6267101168632507 -0.31200656294822693 -0.8679164052009583 -0.38648808002471924 -2.106128215789795
-0.17292049527168274 0.4518648684024811 -0.875166654586792 0.10967770218849182 0.9342382550239563 -0.20615261793136597 -0.2910326421260834 -0.6266946792602539 -0.31192532181739807 -0.8679396510124207 -0.3865014612674713 -2.106126308441162
-0.17299440503120422 0.4518824517726898 -0.8751429915428162 0.10969170182943344 0.9342043995857239 -0.20617251098155975 -0.29112714529037476 -0.6267526149749756 -0.31198564171791077 -0.867925763130188 -0.38648390769958496 -2.106276512145996
-0.17295348644256592 0.4519127905368805 -0.8751353621482849 0.1096712127327919 0.9342195391654968 -0.20615828037261963 -0.2910887598991394 -0.6267598271369934 -0.31196314096450806 -0.8679133653640747 -0.38652998208999634 -2.106226682662964
-0.17293547093868256 0.45194581151008606 -0.8751218914985657 0.10968628525733948 0.9342148900032043 -0.20617687702178955 -0.2910904884338379 -0.626762866973877 -0.3119870126247406 -0.8678917288780212 -0.38655921816825867 -2.10628604888916
-0.1729280799627304 0.4519509971141815 -0.8751206398010254 0.10971332341432571 0.934245228767395 -0.2060975283384323 -0.2910492420196533 -0.6267629265785217 -0.31190019845962524 -0.8679078817367554 -0.3865930438041687 -2.106243371963501
-0.17292973399162292 0.45189955830574036 -0.8751469254493713 0.10971472412347794 0.9342348575592041 -0.20614197850227356 -0.29105105996131897 -0.6267381906509399 -0.3119303584098816 -0.867924153804779 -0.3865322470664978 -2.1062374114990234
-0.17292697727680206 0.4519045054912567 -0.875144898891449 0.10971110314130783 0.9342401623725891 -0.20612815022468567 -0.29104387760162354 -0.6267229914665222 -0.3119160234928131 -0.8679248690605164 -0.3865422308444977 -2.106208086013794
-0.17290045320987701 0.4518674910068512 -0.8751692771911621 0.10969489812850952 0.934249222278595 -0.2061397135257721 -0.29100650548934937 -0.626709520816803 -0.3119035065174103 -0.8679413795471191 -0.38651522994041443 -2.1061418056488037
-0.17291326820850372 0.4518648684024811 -0.8751680850982666 0.10971549898386002 0.9342465996742249 -0.20613600313663483 -0.2910175323486328 -0.6266767382621765 -0.31190425157546997 -0.8679435849189758 -0.38650956749916077 -2.106142520904541
-0.17288045585155487 0.4518777132034302 -0.8751679062843323 0.1097378060221672 0.9342458844184875 -0.20616421103477478 -0.29099997878074646 -0.626643180847168 -0.31192469596862793 -0.8679302334785461 -0.38652312755584717 -2.106142520904541
-0.1728588193655014 0.45191603899002075 -0.8751524090766907 0.10970813781023026 0.934278130531311 -0.20608177781105042 -0.2909548878669739 -0.626676619052887 -0.31184011697769165 -0.8679298162460327 -0.38659220933914185 -2.1060409545898438
-0.17286382615566254 0.4519190788269043 -0.8751498460769653 0.10972870141267776 0.9342782497406006 -0.2060757726430893 -0.2909587025642395 -0.6266441345214844 -0.31183695793151855 -0.8679296970367432 -0.38659512996673584 -2.106032609939575
-0.17282706499099731 0.4518592655658722 -0.8751879930496216 0.10966096818447113 0.934291660785675 -0.20609231293201447 -0.29090389609336853 -0.6266342997550964 -0.31181713938713074 -0.8679568767547607 -0.38655003905296326 -2.1059820652008057
-0.17286443710327148 0.4517518877983093 -0.8752360343933105 0.10965520143508911 0.9343037009239197 -0.20605987310409546 -0.2908881604671478 -0.6266078948974609 -0.3117603063583374 -0.8680204749107361 -0.3864530324935913 -2.1059505939483643
-0.17284537851810455 0.4517730474472046 -0.8752288818359375 0.10966148227453232 0.9342849850654602 -0.20612263679504395 -0.29090389609336853 -0.6266031861305237 -0.31182700395584106 -0.8679946064949036 -0.3864574134349823 -2.1060099601745605
-0.17296750843524933 0.4517137110233307 -0.875235378742218 0.10966741293668747 0.9342541098594666 -0.2061152309179306 -0.29100820422172546 -0.6266152262687683 -0.31185173988342285 -0.8680272102355957 -0.3863641619682312 -2.1058878898620605
-0.17296193540096283 0.4517461955547333 -0.8752197027206421 0.10970751941204071 0.9342324137687683 -0.206169992685318 -0.2910390794277191 -0.6266562342643738 -0.31191983819007874 -0.8679972887039185 -0.38637638092041016 -2.1060128211975098
-0.17287158966064453 0.4517514109611511 -0.8752349019050598 0.10975239425897598 0.9342488050460815 -0.20620618760585785 -0.29096075892448425 -0.6266419887542725 -0.31192076206207275 -0.8679860234260559 -0.3864010274410248 -2.105966329574585
-0.1729133278131485 0.4517301023006439 -0.8752376437187195 0.10972553491592407 0.9342383742332458 -0.20620374381542206 -0.2909960448741913 -0.6266612410545349 -0.311928927898407 -0.8679976463317871 -0.3863682448863983 -2.106051206588745
-0.1728372424840927 0.45177122950553894 -0.8752314448356628 0.10974074900150299 0.9342463612556458 -0.20623824000358582 -0.29094597697257996 -0.6266463994979858 -0.31194719672203064 -0.8679680824279785 -0.38641998171806335 -2.1059939861297607
-0.17290665209293365 0.45176735520362854 -0.8752197027206421 0.10973906517028809 0.9342345595359802 -0.2062082290649414 -0.2910051941871643 -0.6266531348228455 -0.3119441568851471 -0.8679772019386292 -0.3864019215106964 -2.1060404777526855
-0.17295007407665253 0.4517776370048523 -0.8752058148384094 0.109749935567379 0.9342402219772339 -0.20614881813526154 -0.29102906584739685 -0.6266738176345825 -0.31190305948257446 -0.8679859638214111 -0.38641539216041565 -2.105933666229248
-0.17297068238258362 0.45178109407424927 -0.8751999735832214 0.10978759080171585 0.9342251420021057 -0.2061704695224762 -0.29106202721595764 -0.6266376376152039 -0.31193670630455017 -0.8679790496826172 -0.3864038288593292 -2.1059212684631348
-0.1729421615600586 0.4517521560192108 -0.875220537185669 0.1097065806388855 0.934229850769043 -0.20619337260723114 -0.2910306751728058 -0.6266769766807556 -0.31193840503692627 -0.867988646030426 -0.3863808512687683 -2.106022596359253
-0.17290689051151276 0.45178571343421936 -0.8752102255821228 0.10969331115484238 0.9342372417449951 -0.2061944156885147 -0.2910063564777374 -0.6266655921936035 -0.3119359612464905 -0.8679709434509277 -0.38642260432243347 -2.1059744358062744
-0.17293189465999603 0.4517994821071625 -0.8751981854438782 0.10970978438854218 0.9342191219329834 -0.20621708035469055 -0.29104840755462646 -0.6266468167304993 -0.3119763135910034 -0.8679583668708801 -0.3864181935787201 -2.1059916019439697
-0.17293928563594818 0.4517871141433716 -0.8752030730247498 0.10971079766750336 0.9342250823974609 -0.20619772374629974 -0.2910429537296295 -0.626655101776123 -0.3119543194770813 -0.8679693937301636 -0.386411190032959 -2.1059257984161377
-0.17292146384716034 0.4518137574195862 -0.8751928210258484 0.10968483984470367 0.9342434406280518 -0.2061542272567749 -0.29101476073265076 -0.6266888380050659 -0.31190916895866394 -0.8679658770561218 -0.38645556569099426 -2.105900764465332
-0.17292849719524384 0.4518328011035919 -0.8751816153526306 0.10971486568450928 0.9342403411865234 -0.2061501443386078 -0.2910277843475342 -0.6266600489616394 -0.31191471219062805 -0.8679569363594055 -0.3864712119102478 -2.1058831214904785
-0.1729007363319397 0.45181262493133545 -0.8751975297927856 0.10969595611095428 0.9342731833457947 -0.20609107613563538 -0.2909640967845917 -0.626659095287323 -0.31183165311813354 -0.867981493473053 -0.3864831328392029 -2.105830192565918
-0.172907292842865 0.45181480050086975 -0.8751950860023499 0.10970908403396606 0.9342468976974487 -0.20615747570991516 -0.29100149869918823 -0.626632034778595 -0.3119067847728729 -0.8679645657539368 -0.38646045327186584 -2.105875253677368
-0.17290976643562317 0.45181259512901306 -0.8751957416534424 0.10971520841121674 0.9342458844184875 -0.20615871250629425 -0.29100385308265686 -0.6266249418258667 -0.31190842390060425 -0.8679654002189636 -0.3864572048187256 -2.1058719158172607
-0.1728389412164688 0.45185941457748413 -0.8751855492591858 0.10968711227178574 0.934249758720398 -0.2061978429555893 -0.29096361994743347 -0.626609206199646 -0.31193602085113525 -0.8679317831993103 -0.38651055097579956 -2.105807065963745
-0.1728770136833191 0.45188456773757935 -0.8751650452613831 0.10968945920467377 0.9342500567436218 -0.2061534821987152 -0.29099416732788086 -0.6266555190086365 -0.3119140863418579 -0.867929220199585 -0.3865340054035187 -2.1059374809265137
-0.17285901308059692 0.45188599824905396 -0.8751679062843323 0.10972491651773453 0.9342590570449829 -0.2061445713043213 -0.2909715175628662 -0.6266170144081116 -0.31189703941345215 -0.8679305911064148 -0.3865446448326111 -2.1059179306030273
-0.17285603284835815 0.4519062340259552 -0.8751580119132996 0.10966264456510544 0.9342753887176514 -0.2060951143503189 -0.2909540832042694 -0.6265919804573059 -0.3118497431278229 -0.8679317831993103 -0.38658010959625244 -2.105844020843506
-0.17286409437656403 0.45193228125572205 -0.8751429915428162 0.1096813753247261 0.9342569708824158 -0.20613037049770355 -0.29098838567733765 -0.6266556978225708 -0.3119005858898163 -0.867909848690033 -0.38658833503723145 -2.106029987335205
-0.17285023629665375 0.45192769169807434 -0.8751481175422668 0.10969904065132141 0.9342636466026306 -0.20612604916095734 -0.2909699082374573 -0.6266250610351562 -0.3118881583213806 -0.8679132461547852 -0.3865906894207001 -2.105964422225952
-0.17286096513271332 0.451896607875824 -0.8751620054244995 0.10970069468021393 0.9342456459999084 -0.20617665350437164 -0.29099196195602417 -0.6266137361526489 -0.31193625926971436 -0.8679174184799194 -0.38654252886772156 -2.105989933013916
-0.17280814051628113 0.45186084508895874 -0.8751909136772156 0.10977731645107269 0.934287965297699 -0.206119567155838 -0.2908964455127716 -0.6266356110572815 -0.31183865666389465 -0.8679496049880981 -0.3865490257740021 -2.105895757675171
-0.17273646593093872 0.45190662145614624 -0.8751814365386963 0.10972469300031662 0.9343246817588806 -0.2060685157775879 -0.29081472754478455 -0.6266806721687317 -0.31176844239234924 -0.8679379224777222 -0.38663196563720703 -2.1058602333068848
-0.1727495789527893 0.4519323706626892 -0.8751655220985413 0.1097409725189209 0.934296190738678 -0.20612706243991852 -0.2908646762371063 -0.626738429069519 -0.31184646487236023 -0.8679105639457703 -0.3866303563117981 -2.105954647064209
-0.17281806468963623 0.4518694281578064 -0.8751845359802246 0.10966885834932327 0.9343245029449463 -0.20600585639476776 -0.2908596694469452 -0.6267085671424866 -0.3117237091064453 -0.8679721355438232 -0.3865911364555359 -2.1058976650238037
-0.17284026741981506 0.45182788372039795 -0.8752015829086304 0.10965470224618912 0.9343073964118958 -0.20604676008224487 -0.29088568687438965 -0.6267016530036926 -0.3117626905441284 -0.8679840564727783 -0.3865329623222351 -2.1058950424194336
-0.1728573739528656 0.45186254382133484 -0.8751803040504456 0.10961322486400604 0.9343191385269165 -0.20598669350147247 -0.2908904552459717 -0.6266664266586304 -0.3117179870605469 -0.8679803013801575 -0.3865774869918823 -2.1058316230773926
-0.17282411456108093 0.45185142755508423 -0.8751926422119141 0.1096324548125267 0.934310793876648 -0.20604443550109863 -0.2908764183521271 -0.6266593337059021 -0.3117614984512329 -0.8679723143577576 -0.38656023144721985 -2.1058568954467773
-0.1728312075138092 0.4517870843410492 -0.8752244710922241 0.1096283346414566 0.9343348741531372 -0.2059922218322754 -0.29083606600761414 -0.6266332864761353 -0.3116854131221771 -0.8680182099342346 -0.38651853799819946 -2.105816125869751
-0.1729011833667755 0.4518008232116699 -0.875203549861908 0.10963492840528488 0.9343087077140808 -0.20599564909934998 -0.2909175455570221 -0.6266255378723145 -0.3117249011993408 -0.8680102825164795 -0.38650456070899963 -2.1058366298675537
-0.1729155331850052 0.4517797827720642 -0.8752115368843079 0.10962630808353424 0.9343023300170898 -0.20600707828998566 -0.290929913520813 -0.6265724897384644 -0.31173601746559143 -0.8680185079574585 -0.38647711277008057 -2.105807304382324
-0.17292819917201996 0.45178553462028503 -0.8752061128616333 0.10965573787689209 0.9342973232269287 -0.20600739121437073 -0.29094576835632324 -0.6265257596969604 -0.31174400448799133 -0.868015468120575 -0.3864775598049164 -2.105788469314575
-0.1728661209344864 0.45181047916412354 -0.8752054572105408 0.10963203758001328 0.9343094229698181 -0.20602285861968994 -0.290895938873291 -0.6265150904655457 -0.3117421567440033 -0.8679987788200378 -0.3865164518356323 -2.105703830718994
-0.1728515774011612 0.45180943608283997 -0.875208854675293 0.10964581370353699 0.9342931509017944 -0.2060820758342743 -0.2909063994884491 -0.6265273690223694 -0.3117991089820862 -0.8679852485656738 -0.38650086522102356 -2.105792284011841
-0.17280259728431702 0.45174703001976013 -0.8752507567405701 0.10966917872428894 0.934324324131012 -0.2060612589120865 -0.2908208966255188 -0.6265535950660706 -0.3117327392101288 -0.8680226802825928 -0.38647034764289856 -2.105707883834839
-0.1727791726589203 0.4517056941986084 -0.8752767443656921 0.10966257750988007 0.9343289136886597 -0.20608395338058472 -0.2907901406288147 -0.6265661716461182 -0.31173205375671387 -0.8680388331413269 -0.3864346742630005 -2.1056196689605713
-0.17281268537044525 0.45166537165641785 -0.8752909302711487 0.109682098031044 0.9342944622039795 -0.20616233348846436 -0.2908453643321991 -0.6266032457351685 -0.3118167817592621 -0.8680412173271179 -0.3863609731197357 -2.1057655811309814
