# 3x4 first row second row third row Freq: 100 current Time: 2021-07-28-15:07:49
-0.2374255657196045 0.684278130531311 -0.6894871592521667 -0.048202626407146454 0.05554041638970375 -0.6990593671798706 -0.7129033803939819 -0.6070889830589294 -0.9698166847229004 -0.207555890083313 0.12796945869922638 -2.2026283740997314
-0.23735705018043518 0.684319257736206 -0.6894699335098267 -0.04819060117006302 0.05561389774084091 -0.699016273021698 -0.7129399180412292 -0.6070975065231323 -0.969829261302948 -0.20756542682647705 0.12785877287387848 -2.2026469707489014
-0.23743833601474762 0.6842701435089111 -0.6894907355308533 -0.048171043395996094 0.05548851937055588 -0.6990759372711182 -0.7128912210464478 -0.6070881485939026 -0.9698165059089661 -0.20752651989459991 0.12801827490329742 -2.2026541233062744
-0.2374018281698227 0.6842895746231079 -0.6894840002059937 -0.048127952963113785 0.05549522116780281 -0.6990624666213989 -0.7129039168357849 -0.6071040034294128 -0.9698250889778137 -0.20750774443149567 0.12798388302326202 -2.2026748657226562
-0.2374008297920227 0.6842852234840393 -0.6894886493682861 -0.04815482720732689 0.05550989881157875 -0.6990640163421631 -0.71290123462677 -0.6070977449417114 -0.969824492931366 -0.20751677453517914 0.1279737502336502 -2.2026703357696533
-0.23739421367645264 0.684257984161377 -0.6895179748535156 -0.048140332102775574 0.05555330589413643 -0.6990844011306763 -0.7128778696060181 -0.6071042418479919 -0.9698235988616943 -0.20753806829452515 0.12794578075408936 -2.202666759490967
-0.2374364137649536 0.6843132376670837 -0.6894485950469971 -0.04819045960903168 0.05547653138637543 -0.6990343928337097 -0.7129328846931458 -0.6071187853813171 -0.9698176980018616 -0.20752444863319397 0.12801288068294525 -2.2026636600494385
-0.23746487498283386 0.68426114320755 -0.6894904971122742 -0.048188116401433945 0.055358272045850754 -0.6991072297096252 -0.7128706574440002 -0.607104480266571 -0.9698174595832825 -0.2074507474899292 0.1281338781118393 -2.2026870250701904
-0.23741450905799866 0.6843277812004089 -0.6894416809082031 -0.04820149391889572 0.0554330088198185 -0.6990334391593933 -0.7129371762275696 -0.6071088910102844 -0.9698255062103271 -0.20747946202754974 0.1280263215303421 -2.2027037143707275
-0.2374674528837204 0.684282660484314 -0.689468264579773 -0.048171184957027435 0.05534200370311737 -0.699087917804718 -0.7128908634185791 -0.60711270570755 -0.9698177576065063 -0.2074449211359024 0.12814103066921234 -2.202695846557617
-0.2374471127986908 0.6843180060386658 -0.6894401907920837 -0.048170384019613266 0.05533852055668831 -0.6990565657615662 -0.7129218578338623 -0.607135534286499 -0.9698229432106018 -0.207433819770813 0.1281197965145111 -2.20271372795105
-0.2374815195798874 0.6842736005783081 -0.6894724369049072 -0.04819287359714508 0.05520758777856827 -0.6991229057312012 -0.7128669619560242 -0.6071202158927917 -0.9698219895362854 -0.20735682547092438 0.12825165688991547 -2.2027368545532227
-0.23747186362743378 0.684276819229126 -0.6894725561141968 -0.04820892587304115 0.05526372417807579 -0.6991097331047058 -0.7128755450248718 -0.6071234345436096 -0.9698211550712585 -0.207390695810318 0.12820318341255188 -2.2027435302734375
-0.23754055798053741 0.6842382550239563 -0.6894871592521667 -0.04819330945611 0.055139247328042984 -0.6991609930992126 -0.712834894657135 -0.6071144342422485 -0.9698113799095154 -0.20734499394893646 0.12835069000720978 -2.202782154083252
-0.23752900958061218 0.6842364072799683 -0.68949294090271 -0.04822084307670593 0.055263444781303406 -0.699138879776001 -0.7128469944000244 -0.6070744395256042 -0.9698071479797363 -0.2074255794286728 0.12825247645378113 -2.202686071395874
-0.23744146525859833 0.6842363476753235 -0.6895231604576111 -0.04820017144083977 0.05539921298623085 -0.6991292834281921 -0.7128458619117737 -0.6070761680603027 -0.9698208570480347 -0.20745819807052612 0.1280961036682129 -2.2026546001434326
-0.23743416368961334 0.6842358112335205 -0.6895262002944946 -0.04822579398751259 0.05535468831658363 -0.6991409659385681 -0.7128378748893738 -0.6070784330368042 -0.9698252081871033 -0.20742055773735046 0.12812426686286926 -2.202627658843994
-0.2373635172843933 0.6842496991157532 -0.6895367503166199 -0.04820970818400383 0.05535417050123215 -0.6991423964500427 -0.712836503982544 -0.6071321368217468 -0.9698424935340881 -0.2073701024055481 0.1280747950077057 -2.2026593685150146
-0.23745425045490265 0.6842163801193237 -0.6895385980606079 -0.048212140798568726 0.05529823526740074 -0.6991686820983887 -0.7128150463104248 -0.6071459650993347 -0.9698234796524048 -0.20739121735095978 0.12818460166454315 -2.2026374340057373
-0.23742035031318665 0.6842062473297119 -0.6895602941513062 -0.04823016747832298 0.05531924217939377 -0.6991821527481079 -0.7128002047538757 -0.6071313619613647 -0.9698305726051331 -0.20737922191619873 0.12815028429031372 -2.2025952339172363
-0.23744457960128784 0.6841663718223572 -0.6895915269851685 -0.04822678864002228 0.055267900228500366 -0.6992290019989014 -0.7127582430839539 -0.607116162776947 -0.9698275923728943 -0.20735284686088562 0.12821567058563232 -2.202604293823242
-0.23736388981342316 0.6842429637908936 -0.6895433068275452 -0.04825817793607712 0.055360693484544754 -0.6991478800773621 -0.7128306031227112 -0.6071015000343323 -0.9698420763015747 -0.20737384259700775 0.12807227671146393 -2.202579975128174
-0.23737084865570068 0.6841931343078613 -0.6895903944969177 -0.04823530092835426 0.0553431510925293 -0.6992015838623047 -0.7127792835235596 -0.6070926785469055 -0.9698413610458374 -0.20735712349414825 0.12810465693473816 -2.202608585357666
-0.237363800406456 0.6842110753059387 -0.6895749568939209 -0.04824356362223625 0.05537590757012367 -0.6991775035858154 -0.7128003239631653 -0.607118546962738 -0.9698411822319031 -0.2073788344860077 0.12807060778141022 -2.202643632888794
-0.2372637391090393 0.684217095375061 -0.6896034479141235 -0.048215072602033615 0.055433351546525955 -0.6991811990737915 -0.7127922773361206 -0.6071562170982361 -0.9698624014854431 -0.20734678208827972 0.1279618740081787 -2.202589750289917
-0.23731908202171326 0.6842126846313477 -0.689588725566864 -0.048180799931287766 0.05530836805701256 -0.6992002129554749 -0.7127833366394043 -0.6071280837059021 -0.9698560237884521 -0.20729711651802063 0.12809084355831146 -2.2026519775390625
-0.2373473197221756 0.6842120885848999 -0.6895796656608582 -0.04819458723068237 0.05538375675678253 -0.6991785168647766 -0.7127987742424011 -0.6071173548698425 -0.9698447585105896 -0.20737238228321075 0.12805388867855072 -2.2026655673980713
-0.23739466071128845 0.6841720342636108 -0.6896030902862549 -0.04819006845355034 0.055307786911726 -0.699225664138794 -0.7127584218978882 -0.6071047186851501 -0.9698375463485718 -0.20734545588493347 0.12815238535404205 -2.202698230743408
-0.2372712939977646 0.684186577796936 -0.6896311044692993 -0.04819074273109436 0.05544731765985489 -0.6992080211639404 -0.7127648591995239 -0.6070984601974487 -0.969859778881073 -0.20735682547092438 0.12796567380428314 -2.2027060985565186
-0.23738260567188263 0.6841703653335571 -0.6896089315414429 -0.04818468913435936 0.055361632257699966 -0.6992185711860657 -0.7127612233161926 -0.6070830225944519 -0.9698374271392822 -0.20737497508525848 0.1281055212020874 -2.2027151584625244
-0.23750025033950806 0.6841223239898682 -0.6896160840988159 -0.04820121452212334 0.05542583763599396 -0.6992284655570984 -0.7127465009689331 -0.6070669293403625 -0.9698049426078796 -0.20750001072883606 0.1281488537788391 -2.2026844024658203
-0.2374894767999649 0.6841281056404114 -0.6896140575408936 -0.04819166660308838 0.055379804223775864 -0.6992347240447998 -0.7127439379692078 -0.6070781946182251 -0.9698101878166199 -0.20745986700057983 0.12817399203777313 -2.202669143676758
-0.23742808401584625 0.6841610074043274 -0.6896025538444519 -0.048175785690546036 0.05541002377867699 -0.6992078423500061 -0.7127679586410522 -0.6070623397827148 -0.9698235392570496 -0.2074420154094696 0.12810218334197998 -2.2026660442352295
-0.2374400496482849 0.6841410398483276 -0.6896181702613831 -0.04820850118994713 0.055320363491773605 -0.6992449760437012 -0.7127385139465332 -0.6070595979690552 -0.9698256850242615 -0.20738258957862854 0.1281818151473999 -2.202643394470215
-0.23747146129608154 0.684146523475647 -0.6896019577980042 -0.04817340895533562 0.05542578548192978 -0.6992098093032837 -0.7127647995948792 -0.6070448160171509 -0.9698119759559631 -0.20748302340507507 0.12812300026416779 -2.202641725540161
-0.23751132190227509 0.6841446757316589 -0.6895900964736938 -0.04819077253341675 0.055372364819049835 -0.6992143392562866 -0.7127645015716553 -0.6070664525032043 -0.9698053002357483 -0.20747385919094086 0.1281885951757431 -2.202587842941284
-0.23744893074035645 0.6841240525245667 -0.689631998538971 -0.048193179070949554 0.05538872629404068 -0.6992459297180176 -0.7127322554588318 -0.6070805788040161 -0.9698196053504944 -0.20743533968925476 0.12814241647720337 -2.2026166915893555
-0.2374446541070938 0.6841239929199219 -0.6896335482597351 -0.04818927124142647 0.055375587195158005 -0.6992497444152832 -0.7127295136451721 -0.607083797454834 -0.9698214530944824 -0.2074226588010788 0.12814933061599731 -2.2026093006134033
-0.23744483292102814 0.6841449737548828 -0.6896126866340637 -0.04819798469543457 0.05532269552350044 -0.6992393732070923 -0.7127438187599182 -0.6071283221244812 -0.9698243737220764 -0.20738856494426727 0.12818202376365662 -2.2026491165161133
-0.23741202056407928 0.6841789484024048 -0.6895902752876282 -0.04820346087217331 0.055369652807712555 -0.6992014646530151 -0.7127773761749268 -0.6071393489837646 -0.9698297381401062 -0.20740428566932678 0.12811605632305145 -2.202662229537964
-0.2374364584684372 0.684173047542572 -0.6895876526832581 -0.048216789960861206 0.055294036865234375 -0.6992182731628418 -0.712766706943512 -0.6071035861968994 -0.9698280692100525 -0.20736688375473022 0.12818920612335205 -2.202680826187134
-0.23745039105415344 0.6841941475868225 -0.6895619630813599 -0.04823889955878258 0.05537375435233116 -0.6991763710975647 -0.7128016352653503 -0.6071106791496277 -0.9698201417922974 -0.2074386477470398 0.12813328206539154 -2.2027037143707275
-0.23747693002223969 0.684199333190918 -0.6895476579666138 -0.04823360592126846 0.05527708679437637 -0.699185848236084 -0.7127998471260071 -0.6071232557296753 -0.9698191285133362 -0.207389697432518 0.12821993231773376 -2.202693462371826
-0.2374437004327774 0.684238076210022 -0.6895207166671753 -0.04824991151690483 0.05531994625926018 -0.6991439461708069 -0.7128375768661499 -0.6071459650993347 -0.9698248505592346 -0.2074030339717865 0.12815529108047485 -2.2027313709259033
-0.23743639886379242 0.684203028678894 -0.6895579695701599 -0.0482119657099247 0.05526593327522278 -0.6991933584213257 -0.7127933502197266 -0.6071376800537109 -0.9698296785354614 -0.2073521465063095 0.12820082902908325 -2.2027640342712402
-0.23740403354167938 0.684231698513031 -0.689540684223175 -0.04820287600159645 0.05534258857369423 -0.6991544961929321 -0.7128255367279053 -0.6071310043334961 -0.969833254814148 -0.20738860964775085 0.12811492383480072 -2.202745199203491
-0.23743534088134766 0.6841988563537598 -0.6895624399185181 -0.04822169244289398 0.05529874563217163 -0.6991908550262451 -0.7127932906150818 -0.6071410775184631 -0.9698280692100525 -0.20737424492835999 0.12817727029323578 -2.2027342319488525
-0.23750610649585724 0.6842149496078491 -0.6895221471786499 -0.04826154559850693 0.055303629487752914 -0.6991575956344604 -0.7128255367279053 -0.60710209608078 -0.9698104858398438 -0.20743347704410553 0.12821461260318756 -2.2026612758636475
-0.2374231219291687 0.6842840313911438 -0.6894822120666504 -0.048258811235427856 0.05532306060194969 -0.6991003751754761 -0.7128801345825195 -0.6071443557739258 -0.9698296785354614 -0.20739847421646118 0.1281258761882782 -2.2026994228363037
-0.2374306470155716 0.6842718124389648 -0.6894916892051697 -0.04826630651950836 0.055332377552986145 -0.6991092562675476 -0.7128706574440002 -0.6071538925170898 -0.9698272943496704 -0.20740854740142822 0.1281275600194931 -2.202700138092041
-0.2374265342950821 0.6842347383499146 -0.6895298957824707 -0.04822450503706932 0.055385690182447433 -0.6991371512413025 -0.7128391861915588 -0.6071345806121826 -0.969825267791748 -0.20743700861930847 0.12809687852859497 -2.2027251720428467
-0.23739586770534515 0.6842717528343201 -0.6895037293434143 -0.048226498067379 0.05536498874425888 -0.6991100907325745 -0.7128673195838928 -0.6071397066116333 -0.9698339700698853 -0.20740611851215363 0.12808112800121307 -2.202728271484375
-0.23731409013271332 0.6842632293701172 -0.6895403265953064 -0.048196978867053986 0.05540014058351517 -0.6991294622421265 -0.7128455638885498 -0.6071115136146545 -0.9698519706726074 -0.20736892521381378 0.1280049830675125 -2.202784776687622
-0.23735155165195465 0.6842447519302368 -0.6895458102226257 -0.04819592460989952 0.05537457764148712 -0.6991457343101501 -0.7128316164016724 -0.6071207523345947 -0.9698442816734314 -0.20737497508525848 0.12805354595184326 -2.202763795852661
-0.237216055393219 0.6842139959335327 -0.6896229386329651 -0.04818761721253395 0.055491603910923004 -0.6991824507713318 -0.7127864956855774 -0.6071159243583679 -0.9698707461357117 -0.2073526829481125 0.12788914144039154 -2.2027499675750732
-0.23724223673343658 0.6842176914215088 -0.6896102428436279 -0.04818464815616608 0.05540493503212929 -0.6991913914680481 -0.712784469127655 -0.6071169376373291 -0.9698693156242371 -0.20731039345264435 0.1279686689376831 -2.2027432918548584
-0.2371869534254074 0.6842505931854248 -0.6895966529846191 -0.04817924275994301 0.05553474277257919 -0.6991418600082397 -0.7128229737281799 -0.6070948243141174 -0.9698753952980042 -0.207368865609169 0.12782762944698334 -2.202719211578369
-0.23727336525917053 0.6841731667518616 -0.6896437406539917 -0.04816936329007149 0.05548034980893135 -0.6992143988609314 -0.7127560377120972 -0.6070826053619385 -0.9698573350906372 -0.20737969875335693 0.12794676423072815 -2.2027201652526855
-0.23726870119571686 0.6842086911201477 -0.6896100640296936 -0.04814640432596207 0.05555861443281174 -0.6991620063781738 -0.7128013968467712 -0.6070756912231445 -0.9698539972305298 -0.20743922889232635 0.12787555158138275 -2.202713966369629
-0.23726503551006317 0.6842126250267029 -0.6896074414253235 -0.048105303198099136 0.05548872426152229 -0.6991736888885498 -0.7127953171730042 -0.6071105003356934 -0.9698589444160461 -0.2073868364095688 0.12792335450649261 -2.202665328979492
-0.2372436672449112 0.6842288970947266 -0.6895986795425415 -0.0481230653822422 0.05553348734974861 -0.6991519927978516 -0.7128130793571472 -0.6071389317512512 -0.9698615670204163 -0.2074062079191208 0.12787175178527832 -2.2027130126953125
-0.237206369638443 0.684210479259491 -0.6896297335624695 -0.048160020262002945 0.055423539131879807 -0.6992027759552002 -0.7127718925476074 -0.6071019768714905 -0.9698770046234131 -0.2072957456111908 0.12793396413326263 -2.20271635055542
-0.23722076416015625 0.6842256188392639 -0.6896097660064697 -0.04819074645638466 0.05555245652794838 -0.6991563439369202 -0.7128073573112488 -0.6070973873138428 -0.9698660969734192 -0.20740221440792084 0.127843976020813 -2.2027440071105957
-0.2373184710741043 0.684272050857544 -0.689530074596405 -0.04821087792515755 0.05556408688426018 -0.6990843415260315 -0.712877094745636 -0.6071241497993469 -0.9698415398597717 -0.20749200880527496 0.1278846561908722 -2.202633857727051
-0.23737195134162903 0.684224545955658 -0.6895588040351868 -0.04817948490381241 0.05544005706906319 -0.6991481184959412 -0.7128242254257202 -0.6070610880851746 -0.9698355197906494 -0.20743364095687866 0.12802468240261078 -2.202725410461426
-0.23735398054122925 0.6842295527458191 -0.689560055732727 -0.04816832393407822 0.05543519929051399 -0.6991479992866516 -0.7128247022628784 -0.6070480346679688 -0.9698402285575867 -0.20741768181324005 0.12801514565944672 -2.2027158737182617
-0.23737312853336334 0.6842225790023804 -0.6895603537559509 -0.04820422828197479 0.055554695427417755 -0.699125349521637 -0.7128375768661499 -0.6070491075515747 -0.9698286652565002 -0.20751680433750153 0.1279417872428894 -2.202711582183838
-0.23741023242473602 0.6841757297515869 -0.6895940899848938 -0.04814783111214638 0.05550166592001915 -0.6991769075393677 -0.7127911448478699 -0.6070625185966492 -0.9698226451873779 -0.2074975222349167 0.1280188411474228 -2.2026073932647705
-0.23740705847740173 0.6841811537742615 -0.68958979845047 -0.048193082213401794 0.05542755126953125 -0.6991878747940063 -0.7127861380577087 -0.6070340871810913 -0.9698276519775391 -0.2074427306652069 0.12806963920593262 -2.2025516033172607
-0.2372991442680359 0.6842032074928284 -0.6896049976348877 -0.04815252125263214 0.0554434135556221 -0.6991855502128601 -0.7127872705459595 -0.6070792078971863 -0.9698531627655029 -0.2073778510093689 0.1279815435409546 -2.202582836151123
-0.23728957772254944 0.6842105984687805 -0.6896010041236877 -0.04813884198665619 0.05542595311999321 -0.6991837620735168 -0.7127903699874878 -0.6070783138275146 -0.9698565006256104 -0.20735950767993927 0.12798596918582916 -2.202557325363159
-0.2373237907886505 0.6842011213302612 -0.6895986199378967 -0.04818928241729736 0.055364660918712616 -0.6991990804672241 -0.7127800583839417 -0.6070988178253174 -0.9698516130447388 -0.2073390632867813 0.12805600464344025 -2.2025504112243652
-0.2373744398355484 0.6841859817504883 -0.6895962357521057 -0.04818812757730484 0.05531574413180351 -0.6992140412330627 -0.7127692103385925 -0.6071106195449829 -0.9698420166969299 -0.20733870565891266 0.1281292587518692 -2.2024972438812256
-0.23727111518383026 0.6842098236083984 -0.6896081566810608 -0.04818497225642204 0.055363211780786514 -0.6992020606994629 -0.7127772569656372 -0.607140839099884 -0.9698646068572998 -0.2073003649711609 0.12802039086818695 -2.202523708343506
-0.23735612630844116 0.6842052340507507 -0.689583420753479 -0.04821820557117462 0.05530550330877304 -0.6992003321647644 -0.7127833962440491 -0.6070971488952637 -0.9698470830917358 -0.20732125639915466 0.12811915576457977 -2.2025818824768066
-0.23734837770462036 0.6842066049575806 -0.6895847320556641 -0.04822145029902458 0.05530650541186333 -0.699200451374054 -0.7127832770347595 -0.6070958375930786 -0.9698489308357239 -0.20731645822525024 0.12811298668384552 -2.2025749683380127
-0.23743465542793274 0.6841965913772583 -0.6895649433135986 -0.04820111766457558 0.055202219635248184 -0.699213981628418 -0.7127780318260193 -0.6070950627326965 -0.9698337316513062 -0.2073037177324295 0.1282484382390976 -2.202571153640747
-0.2374083399772644 0.6842278242111206 -0.6895430088043213 -0.04824350029230118 0.055309999734163284 -0.6991645097732544 -0.7128182649612427 -0.6071075797080994 -0.9698340892791748 -0.20736761391162872 0.1281428188085556 -2.2026009559631348
-0.23738747835159302 0.6842228770256042 -0.6895551085472107 -0.048197269439697266 0.055313047021627426 -0.6991735696792603 -0.7128090858459473 -0.6071346998214722 -0.9698389768600464 -0.20735333859920502 0.12812858819961548 -2.2026240825653076
-0.23741020262241364 0.684210479259491 -0.6895596385002136 -0.048188742250204086 0.05525888875126839 -0.6991929411888123 -0.712794303894043 -0.6071439385414124 -0.9698365330696106 -0.2073289304971695 0.12818682193756104 -2.202634811401367
-0.237405925989151 0.68426114320755 -0.6895107626914978 -0.04820726811885834 0.05529637634754181 -0.6991334557533264 -0.7128497362136841 -0.6071646809577942 -0.9698354601860046 -0.20736218988895416 0.12814123928546906 -2.202664613723755
-0.23743556439876556 0.6842242479324341 -0.6895371675491333 -0.04820604994893074 0.055319346487522125 -0.6991601586341858 -0.7128217816352844 -0.6071769595146179 -0.969826877117157 -0.20739397406578064 0.12815462052822113 -2.202667236328125
-0.23745396733283997 0.6842658519744873 -0.6894895434379578 -0.048198528587818146 0.05522000789642334 -0.699134349822998 -0.71285480260849 -0.6071560978889465 -0.9698280096054077 -0.20734381675720215 0.12822704017162323 -2.2027735710144043
-0.23746630549430847 0.6842746734619141 -0.6894766092300415 -0.04822492226958275 0.05517418310046196 -0.6991323232650757 -0.7128603458404541 -0.6071494817733765 -0.9698275923728943 -0.20732161402702332 0.12826605141162872 -2.20278000831604
-0.2374851107597351 0.6842857003211975 -0.6894591450691223 -0.04821702837944031 0.055218715220689774 -0.6991072297096252 -0.7128815054893494 -0.6071500182151794 -0.9698204398155212 -0.20736978948116302 0.12824216485023499 -2.2027764320373535
-0.23753103613853455 0.6842470765113831 -0.6894816756248474 -0.048192452639341354 0.05507394298911095 -0.6991679072380066 -0.7128331661224365 -0.6071426868438721 -0.9698174595832825 -0.20729245245456696 0.1283898800611496 -2.2028160095214844
-0.2375502735376358 0.6842977404594421 -0.6894247531890869 -0.048183098435401917 0.05515008047223091 -0.6990950107574463 -0.7128987908363342 -0.6071531772613525 -0.9698083996772766 -0.20737113058567047 0.12833112478256226 -2.2028417587280273
-0.23753279447555542 0.6843016743659973 -0.6894268989562988 -0.0482216440141201 0.05506284534931183 -0.6991134881973267 -0.7128874063491821 -0.6071757078170776 -0.9698176383972168 -0.20729592442512512 0.12838277220726013 -2.2028276920318604
-0.2374914288520813 0.6843388080596924 -0.6894042491912842 -0.048213060945272446 0.055086538195610046 -0.699079155921936 -0.7129192352294922 -0.6071783304214478 -0.9698264598846436 -0.20728909969329834 0.12832742929458618 -2.2028186321258545
-0.23751749098300934 0.6843231320381165 -0.6894108653068542 -0.04822884872555733 0.055035047233104706 -0.6991006135940552 -0.7129021286964417 -0.6072002649307251 -0.9698230028152466 -0.20726847648620605 0.12838685512542725 -2.202812433242798
-0.23744364082813263 0.6843433976173401 -0.6894161701202393 -0.048216093331575394 0.055158521980047226 -0.6990695595741272 -0.7129231095314026 -0.6071797013282776 -0.96983402967453 -0.20730622112751007 0.12824223935604095 -2.2027482986450195
-0.23745885491371155 0.6843418478965759 -0.6894124746322632 -0.04824532940983772 0.05505542829632759 -0.6990898251533508 -0.7129111886024475 -0.607191801071167 -0.9698361754417419 -0.207242950797081 0.12832830846309662 -2.2027390003204346
-0.23750071227550507 0.6842509508132935 -0.6894882917404175 -0.04821658506989479 0.055144052952528 -0.6991556286811829 -0.7128397822380066 -0.607153058052063 -0.9698209166526794 -0.20732112228870392 0.12831757962703705 -2.202679395675659
-0.23745301365852356 0.6842964887619019 -0.6894594430923462 -0.04824882373213768 0.055218543857336044 -0.6991031765937805 -0.7128854990005493 -0.6071693897247314 -0.9698283076286316 -0.20734775066375732 0.12821827828884125 -2.2027053833007812
-0.23748095333576202 0.6842818260192871 -0.6894644498825073 -0.048212192952632904 0.055148568004369736 -0.6991271376609802 -0.7128673791885376 -0.6071568727493286 -0.9698254466056824 -0.20731540024280548 0.12829220294952393 -2.2027525901794434
-0.2375020831823349 0.6842596530914307 -0.6894791722297668 -0.04821115732192993 0.05525592714548111 -0.699122428894043 -0.7128636837005615 -0.6071042418479919 -0.9698141813278198 -0.20740441977977753 0.12823361158370972 -2.2026522159576416
-0.2375427931547165 0.68426114320755 -0.6894636750221252 -0.04819865524768829 0.05515178665518761 -0.6991341710090637 -0.7128602266311646 -0.6071004271507263 -0.9698101282119751 -0.20735995471477509 0.12833604216575623 -2.202641248703003
-0.23748964071273804 0.6842734813690186 -0.6894696950912476 -0.048216890543699265 0.05526755377650261 -0.6991084218025208 -0.712876558303833 -0.6071189641952515 -0.9698165655136108 -0.20740608870983124 0.12821286916732788 -2.2026588916778564
-0.2374739944934845 0.6842454075813293 -0.6895029544830322 -0.04822200909256935 0.05524227395653725 -0.6991462707519531 -0.7128413319587708 -0.6070932149887085 -0.9698218703269958 -0.20737099647521973 0.1282297819852829 -2.2026844024658203
-0.23747341334819794 0.6842450499534607 -0.68950355052948 -0.04822472110390663 0.055317506194114685 -0.6991307139396667 -0.71285080909729 -0.6070660948753357 -0.9698176980018616 -0.20742473006248474 0.12817421555519104 -2.2026450634002686
-0.23752331733703613 0.6842080950737 -0.6895229816436768 -0.048195187002420425 0.055250681936740875 -0.6991721391677856 -0.7128153443336487 -0.6071183085441589 -0.9698092937469482 -0.2074068784713745 0.12826670706272125 -2.2026450634002686
-0.2375575453042984 0.684211015701294 -0.689508318901062 -0.04822556674480438 0.05527298152446747 -0.6991567611694336 -0.7128286957740784 -0.6071202158927917 -0.9697996377944946 -0.20744900405406952 0.12827156484127045 -2.202608108520508
-0.23753416538238525 0.6841554641723633 -0.6895714998245239 -0.04823453351855278 0.05524689704179764 -0.6992250084877014 -0.712763786315918 -0.6071270704269409 -0.9698068499565125 -0.20740242302417755 0.12829233705997467 -2.202638626098633
-0.23748615384101868 0.6841370463371277 -0.6896063089370728 -0.04822985455393791 0.055271174758672714 -0.6992494463920593 -0.7127379179000854 -0.6071547269821167 -0.9698172211647034 -0.2073807269334793 0.12824898958206177 -2.2026586532592773
-0.2374224215745926 0.6841860413551331 -0.6895796656608582 -0.048256706446409225 0.05525986850261688 -0.699215292930603 -0.7127722501754761 -0.6071527600288391 -0.969833493232727 -0.20733419060707092 0.12820135056972504 -2.202687978744507
-0.2374567687511444 0.684165894985199 -0.6895878314971924 -0.04822744429111481 0.05520026013255119 -0.6992412805557251 -0.7127514481544495 -0.6071556210517883 -0.9698284864425659 -0.20731306076049805 0.12827342748641968 -2.2027130126953125
-0.23744040727615356 0.6841704845428467 -0.6895888447761536 -0.048235975205898285 0.05520310997962952 -0.6992394924163818 -0.7127529382705688 -0.6071595549583435 -0.9698323011398315 -0.20730379223823547 0.12825936079025269 -2.202716827392578
-0.23742084205150604 0.6842053532600403 -0.6895610094070435 -0.04825187847018242 0.055320680141448975 -0.6991826295852661 -0.712799608707428 -0.6071624159812927 -0.9698303937911987 -0.20738045871257782 0.12814980745315552 -2.202711343765259
-0.23740336298942566 0.6842029094696045 -0.6895694732666016 -0.048194341361522675 0.05534284561872482 -0.6991842985153198 -0.7127962112426758 -0.6071425676345825 -0.9698334336280823 -0.2073829472064972 0.1281229555606842 -2.202726125717163
-0.23740021884441376 0.6841887831687927 -0.6895845532417297 -0.04819045960903168 0.055350787937641144 -0.6991978883743286 -0.7127823233604431 -0.607146680355072 -0.9698337316513062 -0.20738370716571808 0.1281193345785141 -2.202726125717163
-0.2374029904603958 0.6842076182365417 -0.6895649433135986 -0.04819083213806152 0.05525633320212364 -0.6991980671882629 -0.7127894759178162 -0.6071358323097229 -0.9698384404182434 -0.2073211669921875 0.12818488478660583 -2.202686071395874
-0.23740269243717194 0.6842149496078491 -0.6895577311515808 -0.04818589240312576 0.055233798921108246 -0.6991953253746033 -0.7127938866615295 -0.6071557402610779 -0.9698398113250732 -0.20730608701705933 0.12819904088974 -2.2026607990264893
-0.23737329244613647 0.6842344403266907 -0.6895484924316406 -0.04820825159549713 0.05529477447271347 -0.6991686224937439 -0.7128153443336487 -0.6071417927742004 -0.9698435068130493 -0.20733174681663513 0.12812934815883636 -2.202655792236328
-0.2374730408191681 0.6842278242111206 -0.6895207762718201 -0.04822324588894844 0.0552978552877903 -0.6991527676582336 -0.712830662727356 -0.6070579886436462 -0.9698188900947571 -0.20740707218647003 0.12819358706474304 -2.202672004699707
-0.2374230921268463 0.6842263340950012 -0.6895394325256348 -0.04825007542967796 0.05538938567042351 -0.6991457939147949 -0.7128304243087769 -0.6070816516876221 -0.9698259234428406 -0.20743556320667267 0.12809446454048157 -2.202737808227539
-0.23744811117649078 0.6842239499092102 -0.6895331740379333 -0.04820745810866356 0.05532175302505493 -0.699157178401947 -0.7128245234489441 -0.6070554852485657 -0.9698236584663391 -0.2074050009250641 0.12816105782985687 -2.202782392501831
-0.23744553327560425 0.6842464804649353 -0.6895117163658142 -0.04821379855275154 0.05530151352286339 -0.6991388201713562 -0.7128441333770752 -0.6070460081100464 -0.9698254466056824 -0.20739267766475677 0.12816749513149261 -2.202786684036255
-0.23749734461307526 0.6842355132102966 -0.6895047426223755 -0.048218853771686554 0.05525325611233711 -0.6991490125656128 -0.712837815284729 -0.6070764660835266 -0.9698154926300049 -0.20739446580410004 0.12823978066444397 -2.20273494720459
-0.23746338486671448 0.6842600703239441 -0.6894920468330383 -0.048220667988061905 0.05529049411416054 -0.6991231441497803 -0.7128602862358093 -0.607099711894989 -0.9698216915130615 -0.20740056037902832 0.128183051943779 -2.202760696411133
-0.2375146746635437 0.6842465996742249 -0.6894877552986145 -0.048180896788835526 0.05520828813314438 -0.6991432905197144 -0.7128468751907349 -0.6071264147758484 -0.9698138236999512 -0.20737703144550323 0.12828069925308228 -2.202831983566284
-0.2374812662601471 0.6842861771583557 -0.689460039138794 -0.04822646081447601 0.055171359330415726 -0.6991177201271057 -0.7128748893737793 -0.6071656346321106 -0.9698240756988525 -0.20733286440372467 0.1282743364572525 -2.202756404876709
-0.2374352067708969 0.6842896938323975 -0.6894723773002625 -0.04820326343178749 0.0553276464343071 -0.699090838432312 -0.7128891348838806 -0.6071387529373169 -0.9698264598846436 -0.20741185545921326 0.12812861800193787 -2.202681303024292
-0.23751960694789886 0.6842623949050903 -0.6894704103469849 -0.04820968583226204 0.05521082878112793 -0.699125349521637 -0.712864339351654 -0.6071004271507263 -0.9698124527931213 -0.20738548040390015 0.1282772570848465 -2.2027170658111572
-0.23745417594909668 0.6843045353889465 -0.6894511580467224 -0.048209160566329956 0.055302444845438004 -0.6990767121315002 -0.7129049301147461 -0.6070964336395264 -0.9698232412338257 -0.20741058886051178 0.1281549483537674 -2.2027125358581543
-0.23744410276412964 0.6843218207359314 -0.6894374489784241 -0.048234425485134125 0.05528879538178444 -0.6990639567375183 -0.7129185199737549 -0.6071062684059143 -0.9698265194892883 -0.2073964625597 0.1281532645225525 -2.2026774883270264
-0.23740173876285553 0.684393584728241 -0.6893807649612427 -0.048235684633255005 0.055341485887765884 -0.6989878416061401 -0.7129890322685242 -0.607114315032959 -0.9698339104652405 -0.20741619169712067 0.1280655413866043 -2.2026774883270264
-0.23742923140525818 0.6843676567077637 -0.6893970966339111 -0.048227645456790924 0.055233120918273926 -0.6990317702293396 -0.7129543423652649 -0.6071062088012695 -0.9698333144187927 -0.20735375583171844 0.12817080318927765 -2.20267915725708
-0.237386092543602 0.6843969821929932 -0.689382791519165 -0.048219840973615646 0.05537205934524536 -0.6989812254905701 -0.7129931449890137 -0.6071008443832397 -0.9698359370231628 -0.20742718875408173 0.12803193926811218 -2.2026586532592773
-0.23742222785949707 0.6843605637550354 -0.6894065141677856 -0.04819917678833008 0.055333033204078674 -0.6990192532539368 -0.7129588723182678 -0.6070963144302368 -0.9698293209075928 -0.2074192315340042 0.12809495627880096 -2.2026889324188232
-0.2374667525291443 0.684342622756958 -0.6894090175628662 -0.04819146916270256 0.05533091351389885 -0.6990284323692322 -0.7129500508308411 -0.6070908904075623 -0.9698185920715332 -0.20744755864143372 0.1281306892633438 -2.2026805877685547
-0.2373463362455368 0.684326708316803 -0.6894662380218506 -0.048197727650403976 0.05539277568459511 -0.6990582942962646 -0.7129159569740295 -0.6071119904518127 -0.9698445200920105 -0.2073994278907776 0.12801215052604675 -2.2026760578155518
-0.23736655712127686 0.684325098991394 -0.6894608736038208 -0.04819611459970474 0.055417273193597794 -0.69905024766922 -0.7129219770431519 -0.6071105003356934 -0.9698381423950195 -0.2074318677186966 0.128007709980011 -2.202666759490967
-0.2374400496482849 0.6843331456184387 -0.6894275546073914 -0.048188649117946625 0.055363480001688004 -0.6990371346473694 -0.7129389643669128 -0.6071258187294006 -0.9698232412338257 -0.20744936168193817 0.12809233367443085 -2.2026987075805664
-0.2374321073293686 0.6843223571777344 -0.6894410252571106 -0.04818940907716751 0.05535905808210373 -0.6990509629249573 -0.7129257321357727 -0.6071305274963379 -0.9698254466056824 -0.20743826031684875 0.1280936896800995 -2.2026889324188232
-0.23742397129535675 0.6842895746231079 -0.6894763708114624 -0.04823441430926323 0.05534986034035683 -0.6990886330604553 -0.712889552116394 -0.60713130235672 -0.9698279500007629 -0.2074194699525833 0.1281050592660904 -2.202698230743408
-0.2374163120985031 0.6843078136444092 -0.6894609332084656 -0.048241544514894485 0.055303916335105896 -0.6990813612937927 -0.7129002809524536 -0.6071328520774841 -0.9698324799537659 -0.20738403499126434 0.12812839448451996 -2.202688694000244
-0.2373913675546646 0.6842909455299377 -0.6894862055778503 -0.0482269711792469 0.055318448692560196 -0.6991011500358582 -0.7128797173500061 -0.6071416735649109 -0.9698377251625061 -0.207372784614563 0.12810665369033813 -2.2026922702789307
-0.23737291991710663 0.6842387318611145 -0.6895443797111511 -0.04822578281164169 0.05528989061713219 -0.6991653442382812 -0.71281898021698 -0.6071376204490662 -0.969843864440918 -0.20732873678207397 0.12813140451908112 -2.202695608139038
-0.23737309873104095 0.6842305064201355 -0.6895524859428406 -0.04822279140353203 0.055341318249702454 -0.6991627812385559 -0.7128174901008606 -0.6071333885192871 -0.9698408842086792 -0.20736442506313324 0.12809619307518005 -2.202660083770752
-0.2374248504638672 0.6842170357704163 -0.6895480155944824 -0.048226628452539444 0.05528086796402931 -0.6991782188415527 -0.7128070592880249 -0.6071283221244812 -0.9698317050933838 -0.20735691487789154 0.12817814946174622 -2.2026827335357666
-0.23738697171211243 0.6842211484909058 -0.6895570158958435 -0.04825372248888016 0.05540097877383232 -0.6991567015647888 -0.7128188014030457 -0.6071407794952393 -0.9698340892791748 -0.20741602778434753 0.12806415557861328 -2.2026925086975098
-0.2373710423707962 0.6842314004898071 -0.6895523071289062 -0.048247214406728745 0.055333033204078674 -0.6991641521453857 -0.7128168344497681 -0.6071765422821045 -0.9698418974876404 -0.20735709369182587 0.1281007081270218 -2.2026898860931396
-0.237341046333313 0.6842290163040161 -0.6895650029182434 -0.048244915902614594 0.05544828996062279 -0.6991485953330994 -0.7128230929374695 -0.6071857810020447 -0.9698426127433777 -0.20741736888885498 0.12799730896949768 -2.202669382095337
-0.23742082715034485 0.6842253804206848 -0.6895411014556885 -0.048227183520793915 0.05535173416137695 -0.699155330657959 -0.7128239870071411 -0.6071604490280151 -0.9698286056518555 -0.20740656554698944 0.12812095880508423 -2.2026994228363037
-0.23742708563804626 0.6841989755630493 -0.6895651817321777 -0.04821333661675453 0.05544760078191757 -0.6991607546806335 -0.7128112316131592 -0.6071643233299255 -0.9698216319084167 -0.2074754238128662 0.12806248664855957 -2.202690839767456
-0.23734283447265625 0.6841887831687927 -0.6896042823791504 -0.048189546912908554 0.05539754405617714 -0.6992005705833435 -0.7127760648727417 -0.607132613658905 -0.9698451161384583 -0.2073746621608734 0.1280478537082672 -2.2027742862701416
-0.237373486161232 0.6841948628425598 -0.6895877122879028 -0.04817676171660423 0.05538144335150719 -0.6991909742355347 -0.7127867341041565 -0.6071274280548096 -0.9698385000228882 -0.2073870301246643 0.1280776858329773 -2.2027788162231445
-0.23740868270397186 0.684180498123169 -0.6895898580551147 -0.04815267026424408 0.05529208853840828 -0.6992171406745911 -0.712768018245697 -0.6071251630783081 -0.9698349833488464 -0.20734617114067078 0.1281704306602478 -2.2028133869171143
-0.2374015599489212 0.6841731071472168 -0.6895996928215027 -0.04813540354371071 0.055305030196905136 -0.6992236375808716 -0.7127606272697449 -0.6071137189865112 -0.9698359966278076 -0.2073488086462021 0.1281585395336151 -2.202819585800171
-0.23740054666996002 0.6842164993286133 -0.6895569562911987 -0.04817987233400345 0.055351078510284424 -0.6991691589355469 -0.7128104567527771 -0.6070915460586548 -0.9698336124420166 -0.20738931000232697 0.12811098992824554 -2.2028424739837646
-0.23739919066429138 0.6841837763786316 -0.6895899176597595 -0.04816965013742447 0.05536411330103874 -0.6992005109786987 -0.7127787470817566 -0.6070768237113953 -0.9698331952095032 -0.207391619682312 0.1281103789806366 -2.2028496265411377
-0.237447589635849 0.6842118501663208 -0.6895453333854675 -0.04815554618835449 0.055285871028900146 -0.6991774439811707 -0.7128074169158936 -0.6070997714996338 -0.969825804233551 -0.20737650990486145 0.12819072604179382 -2.2029030323028564
-0.23747076094150543 0.6842120289802551 -0.6895371675491333 -0.04814440384507179 0.055272046476602554 -0.6991751194000244 -0.712810754776001 -0.6070867776870728 -0.9698209166526794 -0.20738384127616882 0.12821583449840546 -2.2029175758361816
-0.23738475143909454 0.6842133402824402 -0.6895655393600464 -0.04821063578128815 0.0554552897810936 -0.6991536021232605 -0.7128176093101501 -0.6071032881736755 -0.9698315262794495 -0.20745208859443665 0.1280251443386078 -2.2028632164001465
-0.237362340092659 0.6842573285102844 -0.6895295977592468 -0.04821128025650978 0.05541948974132538 -0.6991207599639893 -0.7128526568412781 -0.6070894598960876 -0.9698390960693359 -0.20741774141788483 0.12802372872829437 -2.202871561050415
-0.2373180091381073 0.6842498779296875 -0.6895521879196167 -0.048183903098106384 0.05547994747757912 -0.6991252899169922 -0.7128434777259827 -0.60710608959198 -0.9698464870452881 -0.20742690563201904 0.12795285880565643 -2.2028234004974365
-0.23732468485832214 0.6842527985572815 -0.689547061920166 -0.04819326847791672 0.05547488108277321 -0.6991219520568848 -0.7128471732139587 -0.6070905923843384 -0.9698451161384583 -0.20742876827716827 0.12796002626419067 -2.202866554260254
-0.23739030957221985 0.6842427253723145 -0.6895344257354736 -0.04815562441945076 0.05535753443837166 -0.6991428732872009 -0.7128357291221619 -0.6070805191993713 -0.9698357582092285 -0.20739121735095978 0.1280917376279831 -2.2028305530548096
-0.23739826679229736 0.6842405796051025 -0.6895338296890259 -0.0481758713722229 0.05525244399905205 -0.6991658210754395 -0.7128214240074158 -0.6070764660835266 -0.9698398113250732 -0.20732098817825317 0.1281747668981552 -2.202786684036255
-0.23736129701137543 0.6842299699783325 -0.6895571351051331 -0.04816213622689247 0.05539862811565399 -0.69915372133255 -0.712821900844574 -0.6070876717567444 -0.9698405265808105 -0.20739683508872986 0.12804661691188812 -2.2028112411499023
-0.23727749288082123 0.6842725276947021 -0.6895437240600586 -0.04817557334899902 0.05548936128616333 -0.699108898639679 -0.7128588557243347 -0.6070734262466431 -0.9698558449745178 -0.20740769803524017 0.12791293859481812 -2.202798366546631
-0.23730415105819702 0.6842949390411377 -0.689512312412262 -0.04816051572561264 0.05544381961226463 -0.699089527130127 -0.7128813862800598 -0.6070609092712402 -0.9698519110679626 -0.2073988914489746 0.12795689702033997 -2.2027993202209473
-0.23730100691318512 0.6842867732048035 -0.6895214915275574 -0.04816710576415062 0.05543551966547966 -0.6991004347801208 -0.7128713130950928 -0.6070888638496399 -0.9698531627655029 -0.20738904178142548 0.12796343863010406 -2.202803611755371
-0.2372625172138214 0.6842991709709167 -0.6895224452018738 -0.048154767602682114 0.0554666705429554 -0.6990894675254822 -0.7128796577453613 -0.6070756316184998 -0.9698607921600342 -0.2073851227760315 0.12791191041469574 -2.2028005123138428
-0.2373633086681366 0.6843014359474182 -0.6894854307174683 -0.048179883509874344 0.055478785187006 -0.6990622282028198 -0.7129054069519043 -0.6070905923843384 -0.9698354601860046 -0.2074694037437439 0.1279674917459488 -2.20272159576416
-0.23736996948719025 0.6842897534370422 -0.6894947290420532 -0.04817219451069832 0.055473633110523224 -0.6990739107131958 -0.7128943204879761 -0.6070751547813416 -0.9698340892791748 -0.20746847987174988 0.1279790997505188 -2.202711820602417
