# 3x4 first row second row third row Freq: 100 current Time: 2021-07-28-15:08:59
-0.2912788391113281 -0.2790933847427368 -0.9150210618972778 0.02619382180273533 0.9437617659568787 -0.24024194478988647 -0.22715091705322266 -0.6595075726509094 -0.15643012523651123 -0.9297261238098145 0.3333750367164612 -2.4479284286499023
-0.2912808358669281 -0.2791242301464081 -0.9150110483169556 0.026236705482006073 0.9437674283981323 -0.240213081240654 -0.22715798020362854 -0.659576952457428 -0.15639232099056244 -0.9297243356704712 0.3333978056907654 -2.4477927684783936
-0.2912192642688751 -0.27909648418426514 -0.9150390625 0.026195412501692772 0.9437795877456665 -0.2402246743440628 -0.22709515690803528 -0.6594656109809875 -0.15643349289894104 -0.929729700088501 0.3333636224269867 -2.447941780090332
-0.29129263758659363 -0.2789967358112335 -0.9150461554527283 0.02623668685555458 0.9437223076820374 -0.24043190479278564 -0.22711385786533356 -0.6596224904060364 -0.15664225816726685 -0.9297060370445251 0.33333146572113037 -2.4481101036071777
-0.2913803160190582 -0.27901962399482727 -0.9150112271308899 0.026106946170330048 0.9437046051025391 -0.240413635969162 -0.22720682621002197 -0.659587562084198 -0.15658600628376007 -0.9297038912773132 0.3333638906478882 -2.4481353759765625
-0.29131606221199036 -0.2790054678916931 -0.9150360226631165 0.026254067197442055 0.9437128305435181 -0.24045583605766296 -0.22712790966033936 -0.6596216559410095 -0.15665580332279205 -0.9296972155570984 0.33334967494010925 -2.448139190673828
-0.2913578748703003 -0.2789077162742615 -0.9150525331497192 0.026148920878767967 0.9437129497528076 -0.2403692901134491 -0.22721903026103973 -0.659568190574646 -0.15657736361026764 -0.9297489523887634 0.3332422971725464 -2.448190450668335
-0.2912364900112152 -0.27926161885261536 -0.9149832129478455 0.02626517228782177 0.9437527656555176 -0.2403995245695114 -0.22702153027057648 -0.6595486998558044 -0.15656311810016632 -0.9296348690986633 0.3335670232772827 -2.4482293128967285
-0.29123884439468384 -0.2792035639286041 -0.9150002002716064 0.02623569220304489 0.943752110004425 -0.24038581550121307 -0.22703894972801208 -0.6594433188438416 -0.15656296908855438 -0.929655909538269 0.33350861072540283 -2.4483985900878906
-0.2911906838417053 -0.27928099036216736 -0.9149918556213379 0.026237165555357933 0.9437763094902039 -0.2403322458267212 -0.22699503600597382 -0.6595438122749329 -0.15650664269924164 -0.9296464920043945 0.3335612714290619 -2.44813871383667
-0.2911846935749054 -0.27924492955207825 -0.9150047898292542 0.026208925992250443 0.9437771439552307 -0.240326926112175 -0.22699704766273499 -0.6594392657279968 -0.15651249885559082 -0.9296587109565735 0.3335244953632355 -2.448293685913086
-0.29120996594429016 -0.2793391942977905 -0.914967954158783 0.02628267928957939 0.9437671899795532 -0.24037235975265503 -0.22699043154716492 -0.6595946550369263 -0.15652568638324738 -0.9296185970306396 0.3336299657821655 -2.448240280151367
-0.2912175953388214 -0.2793252170085907 -0.914969801902771 0.026257939636707306 0.9437553286552429 -0.24042819440364838 -0.22698068618774414 -0.6594802737236023 -0.15658310055732727 -0.9296083450317383 0.3336315453052521 -2.448418140411377
-0.2911604940891266 -0.27934402227401733 -0.914982259273529 0.02626010589301586 0.9437938928604126 -0.24028770625591278 -0.22696895897388458 -0.6595749258995056 -0.15645654499530792 -0.9296390414237976 0.33360546827316284 -2.4483680725097656
-0.2911779582500458 -0.27929678559303284 -0.9149910807609558 0.02626015432178974 0.9437649846076965 -0.24042218923568726 -0.2269469052553177 -0.6596285104751587 -0.15659861266613007 -0.9296184778213501 0.3335961401462555 -2.4481804370880127
-0.2911303639411926 -0.2792895436286926 -0.9150084853172302 0.0262286476790905 0.94378262758255 -0.24038566648960114 -0.22691217064857483 -0.6595175266265869 -0.15658071637153625 -0.9296301007270813 0.3335721492767334 -2.448352336883545
-0.2912158966064453 -0.2792602479457855 -0.9149901866912842 0.026211287826299667 0.9437717199325562 -0.2403169572353363 -0.22703014314174652 -0.6596426963806152 -0.15648715198040009 -0.9296566247940063 0.3335420489311218 -2.4482929706573486
-0.2911779582500458 -0.279253751039505 -0.9150042533874512 0.026177413761615753 0.9437820911407471 -0.2403099238872528 -0.22699464857578278 -0.659537672996521 -0.15649548172950745 -0.929660439491272 0.3335276246070862 -2.448465585708618
-0.2910294532775879 -0.2795778810977936 -0.9149525165557861 0.02625669725239277 0.9438433051109314 -0.2402452975511551 -0.22680839896202087 -0.6596236228942871 -0.15640240907669067 -0.9295796751976013 0.3337961435317993 -2.4481747150421143
-0.29101502895355225 -0.2795742154121399 -0.9149582386016846 0.026231102645397186 0.9438496828079224 -0.24022750556468964 -0.22680054605007172 -0.6595127582550049 -0.15639053285121918 -0.9295853972434998 0.3337858319282532 -2.4483461380004883
-0.2910863161087036 -0.27946317195892334 -0.9149694442749023 0.026226485148072243 0.943832516670227 -0.24019701778888702 -0.22690428793430328 -0.6596362590789795 -0.15636153519153595 -0.9296266436576843 0.3336844742298126 -2.4482200145721436
-0.29107585549354553 -0.27946075797080994 -0.9149735569953918 0.026190979406237602 0.9438368082046509 -0.24018652737140656 -0.2268976867198944 -0.6595299243927002 -0.15635530650615692 -0.9296301007270813 0.33367782831192017 -2.4484047889709473
-0.2912166118621826 -0.2795332372188568 -0.9149066209793091 0.026230618357658386 0.9437921047210693 -0.2402626872062683 -0.22700297832489014 -0.6596222519874573 -0.15636302530765533 -0.9295886158943176 0.33378973603248596 -2.4482545852661133
-0.29130491614341736 -0.2795584499835968 -0.9148707985877991 0.0262998566031456 0.9437648057937622 -0.2403009980916977 -0.22707591950893402 -0.659671425819397 -0.1563633531332016 -0.9295711517333984 0.33383825421333313 -2.4480762481689453
-0.29130005836486816 -0.2795488238334656 -0.9148752689361572 0.02627931535243988 0.9437703490257263 -0.2402726411819458 -0.22708278894424438 -0.6595744490623474 -0.15633876621723175 -0.929581344127655 0.3338213264942169 -2.448221445083618
-0.29133445024490356 -0.2796112895011902 -0.9148452281951904 0.026287823915481567 0.943768322467804 -0.2402496337890625 -0.2271156758069992 -0.6596646308898926 -0.15628711879253387 -0.9295685291290283 0.3338812589645386 -2.448099136352539
-0.2913287878036499 -0.27961277961730957 -0.9148465991020203 0.026254253461956978 0.9437668919563293 -0.2402668297290802 -0.22710339725017548 -0.6595588326454163 -0.15630626678466797 -0.9295636415481567 0.33388590812683105 -2.448253631591797
-0.2913118302822113 -0.2797226905822754 -0.9148184061050415 0.026244396343827248 0.9437749981880188 -0.24027085304260254 -0.22706539928913116 -0.6596108078956604 -0.15628884732723236 -0.9295295476913452 0.3339889943599701 -2.4479856491088867
-0.2913106679916382 -0.2797515392303467 -0.9148099422454834 0.02620946802198887 0.9437782764434814 -0.24026021361351013 -0.22706301510334015 -0.6595029830932617 -0.15627118945121765 -0.9295235872268677 0.33401376008987427 -2.4481358528137207
-0.2913087010383606 -0.2798401713371277 -0.9147834181785583 0.026237644255161285 0.9437684416770935 -0.24034371972084045 -0.22701561450958252 -0.6596171259880066 -0.15633437037467957 -0.9294753074645996 0.334118515253067 -2.448033094406128
-0.29133474826812744 -0.2798113524913788 -0.9147839546203613 0.026205934584140778 0.9437570571899414 -0.24036583304405212 -0.22703954577445984 -0.6595152020454407 -0.15635456144809723 -0.9294782876968384 0.3341008424758911 -2.4481794834136963
-0.2912445366382599 -0.2797945439815521 -0.9148178100585938 0.026213310658931732 0.9437698125839233 -0.24041858315467834 -0.2269304245710373 -0.6596034169197083 -0.15644530951976776 -0.9294697046279907 0.3340822160243988 -2.4479432106018066
-0.2912873327732086 -0.2797839939594269 -0.9148074388504028 0.026112904772162437 0.9437679052352905 -0.24036428332328796 -0.22699593007564545 -0.6595675945281982 -0.15637719631195068 -0.9294869303703308 0.3340662121772766 -2.447960615158081
-0.29109373688697815 -0.27976906299591064 -0.9148736000061035 0.02619875594973564 0.9438077211380005 -0.24040938913822174 -0.22678257524967194 -0.6595966219902039 -0.15649744868278503 -0.9294797778129578 0.3340298533439636 -2.4480321407318115
-0.2910956144332886 -0.2797616124153137 -0.9148752689361572 0.026247551664710045 0.9437956213951111 -0.2404765486717224 -0.22676168382167816 -0.6596088409423828 -0.1565668284893036 -0.9294646382331848 0.33403944969177246 -2.44793438911438
-0.29108038544654846 -0.27977490425109863 -0.9148761034011841 0.026225196197628975 0.9438005685806274 -0.24047279357910156 -0.22674500942230225 -0.6595001816749573 -0.15656523406505585 -0.9294615983963013 0.3340485990047455 -2.448090076446533
-0.291069358587265 -0.27970150113105774 -0.9149020314216614 0.026272334158420563 0.9438143372535706 -0.2403894066810608 -0.2267763316631317 -0.6596240997314453 -0.15650306642055511 -0.9295052886009216 0.333956241607666 -2.44791316986084
-0.2910458743572235 -0.2796867787837982 -0.9149140119552612 0.026250893250107765 0.9438231587409973 -0.24036771059036255 -0.22676245868206024 -0.659517228603363 -0.15649332106113434 -0.9295153021812439 0.33393287658691406 -2.4480648040771484
-0.2911393344402313 -0.2796940803527832 -0.9148820042610168 0.026303980499505997 0.9437702894210815 -0.24054598808288574 -0.2267935574054718 -0.6596106886863708 -0.15663838386535645 -0.929466962814331 0.3339993357658386 -2.447927951812744
-0.2911381423473358 -0.27971163392066956 -0.9148770570755005 0.026290850713849068 0.9437733292579651 -0.24053390324115753 -0.22679363191127777 -0.6595073938369751 -0.15662212669849396 -0.9294648170471191 0.3340129554271698 -2.4480817317962646
-0.29116228222846985 -0.2796846330165863 -0.9148775935173035 0.02629227377474308 0.9437921047210693 -0.24038012325763702 -0.22687847912311554 -0.6595788598060608 -0.15646395087242126 -0.9295127391815186 0.33395376801490784 -2.447831392288208
-0.2911538779735565 -0.27967405319213867 -0.9148834943771362 0.026269378140568733 0.9437971115112305 -0.24036042392253876 -0.22687873244285583 -0.6594739556312561 -0.15644967555999756 -0.9295210242271423 0.333937406539917 -2.4479763507843018
-0.29117676615715027 -0.27976685762405396 -0.9148478507995605 0.026328545063734055 0.9437942504882812 -0.24036641418933868 -0.22688408195972443 -0.6596605181694031 -0.15642404556274414 -0.9294915199279785 0.33403146266937256 -2.447843551635742
-0.2911693751811981 -0.27972862124443054 -0.9148619174957275 0.026203444227576256 0.9438055157661438 -0.2403009831905365 -0.22690659761428833 -0.6596648097038269 -0.15636993944644928 -0.9295199513435364 0.33397769927978516 -2.4478132724761963
-0.2912217080593109 -0.2798701524734497 -0.9148019552230835 0.026291511952877045 0.9437757134437561 -0.24043598771095276 -0.22688747942447662 -0.659694492816925 -0.15645228326320648 -0.9294424653053284 0.33415481448173523 -2.4479105472564697
-0.29125112295150757 -0.27982157468795776 -0.9148074388504028 0.026180969551205635 0.9437711238861084 -0.2404078096151352 -0.22693639993667603 -0.6596938371658325 -0.15642514824867249 -0.9294643402099609 0.33410656452178955 -2.447906732559204
-0.2912522852420807 -0.2798309624195099 -0.914804220199585 0.026227125898003578 0.9437535405158997 -0.24051311612129211 -0.22689810395240784 -0.6596513986587524 -0.1565292924642563 -0.9294342994689941 0.33414143323898315 -2.447869300842285
-0.29128700494766235 -0.27982476353645325 -0.9147950410842896 0.026113398373126984 0.9437492489814758 -0.24048565328121185 -0.22694489359855652 -0.6596314311027527 -0.1564902812242508 -0.9294432401657104 0.3341347575187683 -2.4478774070739746
-0.2912139296531677 -0.2797850966453552 -0.9148304462432861 0.02620629221200943 0.9437511563301086 -0.24057234823703766 -0.22684520483016968 -0.65961092710495 -0.1566150039434433 -0.92943274974823 0.3341054916381836 -2.4478659629821777
-0.29118379950523376 -0.2796599268913269 -0.9148783087730408 0.02627675235271454 0.9437664747238159 -0.2404947578907013 -0.22686375677585602 -0.6596648097038269 -0.15657871961593628 -0.9294905066490173 0.3339618146419525 -2.447619915008545
-0.2911807894706726 -0.27966877818107605 -0.9148765802383423 0.026252543553709984 0.943770170211792 -0.2404792457818985 -0.22686469554901123 -0.6595683693885803 -0.15656185150146484 -0.9294918775558472 0.3339659571647644 -2.447737216949463
-0.2912193238735199 -0.27964743971824646 -0.9148708581924438 0.026143357157707214 0.9437718987464905 -0.24040701985359192 -0.22693412005901337 -0.6595449447631836 -0.1564798206090927 -0.9295169711112976 0.3339345455169678 -2.447711944580078
-0.2911694347858429 -0.27971985936164856 -0.9148645997047424 0.026236185804009438 0.9437549710273743 -0.24059897661209106 -0.2268010973930359 -0.6595672369003296 -0.15667469799518585 -0.9294455051422119 0.3340420424938202 -2.447753667831421
-0.29108351469039917 -0.2797129452228546 -0.9148940443992615 0.026265304535627365 0.9437670707702637 -0.2406517118215561 -0.22669468820095062 -0.6597365140914917 -0.15676136314868927 -0.9294339418411255 0.3340336084365845 -2.4478795528411865
-0.29105234146118164 -0.2796858847141266 -0.914912223815918 0.02623693086206913 0.9437727332115173 -0.24065710604190826 -0.22666530311107635 -0.6596498489379883 -0.1567850261926651 -0.9294406771659851 0.3340037167072296 -2.448028564453125
-0.29102927446365356 -0.2796846330165863 -0.9149199724197388 0.026293450966477394 0.9437819123268127 -0.24063657224178314 -0.22664910554885864 -0.6596894860267639 -0.1567729115486145 -0.9294463992118835 0.3339935541152954 -2.4478073120117188
-0.29101863503456116 -0.2796810269355774 -0.9149244427680969 0.026272866874933243 0.9437826871871948 -0.24064669013023376 -0.22663514316082 -0.6595926880836487 -0.1567879617214203 -0.9294448494911194 0.33399075269699097 -2.4479470252990723
-0.2910713255405426 -0.2796749770641327 -0.9149094820022583 0.026259277015924454 0.9437506794929504 -0.2407573014497757 -0.22665080428123474 -0.6596342921257019 -0.15688256919384003 -0.9294180274009705 0.3340209722518921 -2.4477498531341553
-0.2910723388195038 -0.2796839773654938 -0.9149064421653748 0.02623436413705349 0.9437499642372131 -0.24076232314109802 -0.2266484647989273 -0.6595332026481628 -0.1568850576877594 -0.9294140338897705 0.33403098583221436 -2.4478814601898193
-0.29105862975120544 -0.27963149547576904 -0.9149268269538879 0.026280343532562256 0.9437437057495117 -0.2408066987991333 -0.22662749886512756 -0.6595873832702637 -0.15694832801818848 -0.9294183254241943 0.33398929238319397 -2.447753667831421
-0.29101404547691345 -0.2796277105808258 -0.9149421453475952 0.026245124638080597 0.943753182888031 -0.24081481993198395 -0.22657927870750427 -0.6597110629081726 -0.15697377920150757 -0.9294173121452332 0.3339800238609314 -2.4478108882904053
-0.2910183370113373 -0.2796359360218048 -0.9149382710456848 0.026213878765702248 0.9437475800514221 -0.24084359407424927 -0.2265719324350357 -0.6596127152442932 -0.1569993644952774 -0.9294074177742004 0.33399564027786255 -2.44796085357666
-0.2910323441028595 -0.27965623140335083 -0.9149276614189148 0.02622246742248535 0.943730354309082 -0.24093036353588104 -0.22655163705348969 -0.6596367955207825 -0.15707725286483765 -0.9293788075447083 0.3340385854244232 -2.44783091545105
-0.2910297214984894 -0.2796649932861328 -0.9149258136749268 0.026185419410467148 0.9437301158905029 -0.24093762040138245 -0.2265447974205017 -0.6595293283462524 -0.1570833921432495 -0.9293742775917053 0.3340482711791992 -2.447979211807251
-0.2909892201423645 -0.2797205448150635 -0.9149217009544373 0.026264717802405357 0.9437541961669922 -0.24086806178092957 -0.22651836276054382 -0.6597354412078857 -0.15701356530189514 -0.9293755888938904 0.3340774476528168 -2.447953701019287
-0.290963351726532 -0.27970460057258606 -0.9149348139762878 0.026226961985230446 0.9437584280967712 -0.2408771812915802 -0.22649118304252625 -0.6596088409423828 -0.15703627467155457 -0.9293780326843262 0.3340599834918976 -2.448164463043213
-0.29111599922180176 -0.27975544333457947 -0.9148706793785095 0.02629750967025757 0.943726658821106 -0.24085411429405212 -0.22664804756641388 -0.6596645712852478 -0.15694434940814972 -0.9293687343597412 0.33412912487983704 -2.448122262954712
-0.29117512702941895 -0.27972641587257385 -0.9148607850074768 0.026278231292963028 0.9436962604522705 -0.24094021320343018 -0.2266831398010254 -0.659650444984436 -0.15701746940612793 -0.9293551445007324 0.3341325521469116 -2.4480602741241455
-0.29115772247314453 -0.2797372043132782 -0.9148629903793335 0.02624274045228958 0.9437028765678406 -0.24092897772789001 -0.2266673594713211 -0.6595395803451538 -0.15700970590114594 -0.9293547868728638 0.33413711190223694 -2.448223829269409
-0.2910945415496826 -0.2797072231769562 -0.9148922562599182 0.02621528133749962 0.9437227249145508 -0.2408967912197113 -0.22661897540092468 -0.6597139835357666 -0.15700764954090118 -0.9293721914291382 0.3340897858142853 -2.4480221271514893
-0.2911160886287689 -0.2796667814254761 -0.9148977994918823 0.02613125555217266 0.9437099695205688 -0.24093061685562134 -0.2266360968351364 -0.6597195267677307 -0.15704429149627686 -0.9293755888938904 0.3340631127357483 -2.4480605125427246
-0.29104849696159363 -0.2797214984893799 -0.9149025678634644 0.02622164785861969 0.9437345266342163 -0.240897998213768 -0.2265685796737671 -0.6596683859825134 -0.15702207386493683 -0.9293675422668457 0.33409583568573 -2.4479434490203857
-0.29090943932533264 -0.2797562777996063 -0.9149361252784729 0.02623666636645794 0.943774938583374 -0.2408711165189743 -0.22642874717712402 -0.6596558690071106 -0.15703682601451874 -0.9293640851974487 0.3340986371040344 -2.447939872741699
-0.29096728563308716 -0.2797665297985077 -0.914914608001709 0.026206733658909798 0.9437594413757324 -0.2408805638551712 -0.22648321092128754 -0.6595635414123535 -0.15702271461486816 -0.9293585419654846 0.33412066102027893 -2.448072910308838
-0.2910397946834564 -0.27972421050071716 -0.9149044752120972 0.026242008432745934 0.9437339901924133 -0.24091479182243347 -0.2265530675649643 -0.6596205830574036 -0.15704162418842316 -0.929362416267395 0.33410102128982544 -2.44789981842041
-0.29104381799697876 -0.2797752320766449 -0.9148876070976257 0.02622363716363907 0.9437334537506104 -0.24092435836791992 -0.22654490172863007 -0.6595132946968079 -0.15703704953193665 -0.9293445348739624 0.33415278792381287 -2.4480419158935547
-0.2910537123680115 -0.279729962348938 -0.9148982763290405 0.026241714134812355 0.9437243342399597 -0.2409527748823166 -0.22655276954174042 -0.6595644354820251 -0.15707367658615112 -0.9293507933616638 0.33411815762519836 -2.4478938579559326
-0.29104548692703247 -0.27969983220100403 -0.9149101376533508 0.0262193251401186 0.9437241554260254 -0.2409583479166031 -0.22654755413532257 -0.659451961517334 -0.15708990395069122 -0.9293584227561951 0.3340893089771271 -2.448050022125244
-0.2909861207008362 -0.2795552909374237 -0.9149731993675232 0.02632744610309601 0.9437409043312073 -0.2409106343984604 -0.22652864456176758 -0.6595285534858704 -0.15709947049617767 -0.9294142723083496 0.3339293897151947 -2.4478864669799805
-0.29098013043403625 -0.27951836585998535 -0.9149863719940186 0.026321208104491234 0.9437410831451416 -0.2409091740846634 -0.22652943432331085 -0.6594196557998657 -0.15710946917533875 -0.9294257760047913 0.33389273285865784 -2.448031425476074
-0.2909986078739166 -0.2794918715953827 -0.9149885773658752 0.026293575763702393 0.9437448382377625 -0.2408532351255417 -0.22657322883605957 -0.6595274209976196 -0.15705257654190063 -0.9294482469558716 0.3338569700717926 -2.447887897491455
-0.2908838093280792 -0.27939796447753906 -0.9150537848472595 0.02630707435309887 0.943783700466156 -0.24076835811138153 -0.22650165855884552 -0.6596236824989319 -0.15703187882900238 -0.9294984340667725 0.3337268531322479 -2.4477381706237793
-0.29086488485336304 -0.2794088125228882 -0.9150564670562744 0.02629043161869049 0.9437834024429321 -0.24080026149749756 -0.2264687716960907 -0.6595377922058105 -0.15706846117973328 -0.9294869303703308 0.3337417244911194 -2.447857141494751
-0.29077282547950745 -0.2794586420059204 -0.9150705337524414 0.026298396289348602 0.9438397884368896 -0.240613654255867 -0.22643214464187622 -0.6596293449401855 -0.15690003335475922 -0.929520308971405 0.3337280750274658 -2.4477429389953613
-0.2908390164375305 -0.27946707606315613 -0.9150469303131104 0.02628420479595661 0.9437959790229797 -0.24077840149402618 -0.22643980383872986 -0.6595476865768433 -0.1570410430431366 -0.9294750690460205 0.3337876498699188 -2.4478752613067627
-0.2908982038497925 -0.279412180185318 -0.9150448441505432 0.026348603889346123 0.9437888264656067 -0.2407202422618866 -0.22653129696846008 -0.6595181822776794 -0.156974196434021 -0.9295066595077515 0.33373117446899414 -2.447917938232422
-0.2908015251159668 -0.2792915105819702 -0.9151124358177185 0.02631491795182228 0.9438378810882568 -0.2405415177345276 -0.2265167385339737 -0.6595850586891174 -0.15685832500457764 -0.9295892119407654 0.3335557281970978 -2.44799542427063
-0.2907578945159912 -0.2792358100414276 -0.9151433110237122 0.02632751874625683 0.9438456892967224 -0.2405453771352768 -0.22648005187511444 -0.6595931053161621 -0.15689213573932648 -0.9296049475669861 0.33349597454071045 -2.4479730129241943
-0.2907477021217346 -0.279226690530777 -0.9151493310928345 0.02631991170346737 0.9438502788543701 -0.2405310422182083 -0.2264762818813324 -0.6594932675361633 -0.1568835824728012 -0.9296113848686218 0.333482027053833 -2.44811749458313
-0.2907794415950775 -0.27925607562065125 -0.9151302576065063 0.026279713958501816 0.9438388347625732 -0.2405596375465393 -0.22649364173412323 -0.6596265435218811 -0.15689367055892944 -0.9295951128005981 0.3335224986076355 -2.4480440616607666
-0.2908079922199249 -0.2792368233203888 -0.9151270389556885 0.02625654637813568 0.9438363909721375 -0.24052755534648895 -0.22653794288635254 -0.6595250964164734 -0.1568555235862732 -0.9296092391014099 0.3335011899471283 -2.44819974899292
-0.2908758521080017 -0.2792591154575348 -0.9150986671447754 0.02626577392220497 0.9438228011131287 -0.2405138611793518 -0.2266089767217636 -0.6596093773841858 -0.15681128203868866 -0.9296060800552368 0.3335307836532593 -2.4479498863220215
-0.2909103333950043 -0.2791878283023834 -0.9151094555854797 0.026260029524564743 0.9438307285308838 -0.24039845168590546 -0.22669832408428192 -0.659697413444519 -0.15669947862625122 -0.9296573400497437 0.3334404230117798 -2.4478695392608643
-0.29090696573257446 -0.27920299768447876 -0.915105938911438 0.026231084018945694 0.9438366293907166 -0.24037227034568787 -0.22670160233974457 -0.6596154570579529 -0.15667031705379486 -0.9296595454216003 0.33344796299934387 -2.447993516921997
-0.29102379083633423 -0.2792874574661255 -0.9150429964065552 0.0262592900544405 0.9438014626502991 -0.2404300570487976 -0.22678668797016144 -0.6596943140029907 -0.1566651612520218 -0.9296192526817322 0.3335627615451813 -2.447875499725342
-0.2910127639770508 -0.2792886197566986 -0.9150461554527283 0.02623264119029045 0.9438043236732483 -0.24042963981628418 -0.22677527368068695 -0.6596070528030396 -0.15666845440864563 -0.9296190142631531 0.33356189727783203 -2.4480016231536865
-0.29106295108795166 -0.27933087944984436 -0.915017306804657 0.02623869851231575 0.94377601146698 -0.24053435027599335 -0.22678209841251373 -0.6596413850784302 -0.15674583613872528 -0.9295791983604431 0.33363640308380127 -2.447908401489258
-0.2910746932029724 -0.2793213129043579 -0.9150164723396301 0.026210885494947433 0.9437673091888428 -0.2405664026737213 -0.2267843633890152 -0.659550666809082 -0.15677650272846222 -0.9295737743377686 0.3336370885372162 -2.4480392932891846
-0.2910393476486206 -0.27920863032341003 -0.9150621294975281 0.026283808052539825 0.9437768459320068 -0.2405337244272232 -0.2267792671918869 -0.6596229672431946 -0.1567845642566681 -0.9296160936355591 0.3335154056549072 -2.447890281677246
-0.2910241186618805 -0.27921175956726074 -0.9150660037994385 0.026267055422067642 0.9437800049781799 -0.24053815007209778 -0.22676141560077667 -0.6595408320426941 -0.15679381787776947 -0.9296140074729919 0.3335168659687042 -2.4480040073394775
-0.29114314913749695 -0.2791869044303894 -0.9150357246398926 0.026270538568496704 0.9437471628189087 -0.24055160582065582 -0.226883664727211 -0.6596397161483765 -0.15677034854888916 -0.9296180009841919 0.33351677656173706 -2.447801351547241
-0.29113906621932983 -0.2791804075241089 -0.9150390028953552 0.026247967034578323 0.9437481164932251 -0.24055059254169464 -0.2268809676170349 -0.65956050157547 -0.1567724496126175 -0.9296202063560486 0.333509624004364 -2.4479165077209473
-0.29108965396881104 -0.27930518984794617 -0.9150166511535645 0.026257121935486794 0.9437715411186218 -0.2405150830745697 -0.22682103514671326 -0.6597051024436951 -0.1567230075597763 -0.9295918941497803 0.33361172676086426 -2.4477665424346924
-0.29111841320991516 -0.27929773926734924 -0.9150097370147705 0.026235992088913918 0.9437636733055115 -0.24051766097545624 -0.22685106098651886 -0.6596277356147766 -0.15671701729297638 -0.9295935034751892 0.3336101472377777 -2.4478821754455566
-0.2910887897014618 -0.27918264269828796 -0.9150543212890625 0.026319576427340508 0.9437602162361145 -0.2405531257390976 -0.22682780027389526 -0.6596775054931641 -0.1567927747964859 -0.9296188950538635 0.333503782749176 -2.447981595993042
-0.291088730096817 -0.2791610062122345 -0.9150609374046326 0.026307715103030205 0.9437569379806519 -0.24056723713874817 -0.22682645916938782 -0.6595961451530457 -0.15681257843971252 -0.929621696472168 0.33348655700683594 -2.448108434677124
-0.29104840755462646 -0.2791959047317505 -0.9150631427764893 0.026303768157958984 0.9437621235847473 -0.24060463905334473 -0.22676534950733185 -0.6596826910972595 -0.1568564623594284 -0.9296015501022339 0.33352208137512207 -2.447829246520996
-0.29102686047554016 -0.279241681098938 -0.9150559902191162 0.026293544098734856 0.9437727332115173 -0.2405845671892166 -0.22674238681793213 -0.659604012966156 -0.15683241188526154 -0.929593026638031 0.33355724811553955 -2.447942018508911
-0.2910664975643158 -0.27928856015205383 -0.9150290489196777 0.02628505975008011 0.9437767863273621 -0.2405139058828354 -0.22680047154426575 -0.6596431732177734 -0.1567344218492508 -0.9295971989631653 0.3335915803909302 -2.44765567779541
-0.2910979092121124 -0.2792755961418152 -0.9150230288505554 0.02625913918018341 0.9437657594680786 -0.2405301034450531 -0.22682929039001465 -0.659734308719635 -0.15674269199371338 -0.9295969009399414 0.33358851075172424 -2.447652578353882
-0.2910600006580353 -0.27933767437934875 -0.9150161743164062 0.026313526555895805 0.9437857866287231 -0.24048228561878204 -0.22679655253887177 -0.6596705913543701 -0.15669234097003937 -0.92959064245224 0.33362969756126404 -2.447596788406372
-0.2911231815814972 -0.27933400869369507 -0.9149971604347229 0.026304809376597404 0.9437710642814636 -0.24047569930553436 -0.22686472535133362 -0.659596860408783 -0.15666353702545166 -0.9295934438705444 0.3336353898048401 -2.447678565979004
-0.2911951243877411 -0.27938538789749146 -0.9149585962295532 0.026244670152664185 0.9437466859817505 -0.24052730202674866 -0.2269115000963211 -0.6596720218658447 -0.1566767543554306 -0.9295646548271179 0.3337094187736511 -2.4475719928741455
-0.2911539673805237 -0.27949148416519165 -0.914939284324646 0.026250557973980904 0.9437455534934998 -0.24062104523181915 -0.22681692242622375 -0.6597027778625488 -0.15676023066043854 -0.9295085072517395 0.33382660150527954 -2.4474692344665527
-0.29116278886795044 -0.27949681878089905 -0.9149348735809326 0.026220908388495445 0.9437475800514221 -0.2405972182750702 -0.22683367133140564 -0.6596159934997559 -0.1567314863204956 -0.9295130372047424 0.3338273763656616 -2.447556257247925
-0.2912539839744568 -0.27952584624290466 -0.9148969650268555 0.026247195899486542 0.9436975717544556 -0.24076682329177856 -0.22686176002025604 -0.6596915125846863 -0.15686309337615967 -0.9294604063034058 0.3339121341705322 -2.4475834369659424
-0.2912746071815491 -0.2794976830482483 -0.9148989915847778 0.02621610462665558 0.9436898827552795 -0.2407752424478531 -0.2268848866224289 -0.659598708152771 -0.15687121450901031 -0.929466724395752 0.333890825510025 -2.4476828575134277
-0.2911292314529419 -0.2795429825782776 -0.9149314165115356 0.02630210481584072 0.9437133073806763 -0.2408609688282013 -0.22669625282287598 -0.6596670150756836 -0.15699991583824158 -0.9294308423995972 0.333930104970932 -2.447666645050049
-0.29114654660224915 -0.2795408070087433 -0.9149265885353088 0.02628307230770588 0.943706750869751 -0.24087397754192352 -0.22670981287956238 -0.659575879573822 -0.1570073515176773 -0.9294281601905823 0.33393412828445435 -2.4477696418762207
-0.2911440134048462 -0.2795242369174957 -0.9149324297904968 0.02628760039806366 0.9436926245689392 -0.2409570813179016 -0.2266802340745926 -0.6596751809120178 -0.15709681808948517 -0.9294115900993347 0.3339381814002991 -2.4476401805877686
-0.29110848903656006 -0.2795477509498596 -0.9149365425109863 0.02626442350447178 0.9437001347541809 -0.240970641374588 -0.22663460671901703 -0.6595819592475891 -0.15711764991283417 -0.9294009804725647 0.33395785093307495 -2.447751998901367
-0.29116931557655334 -0.27945035696029663 -0.914946973323822 0.026186421513557434 0.9436783790588379 -0.24098587036132812 -0.22670887410640717 -0.6596083045005798 -0.15713541209697723 -0.929426372051239 0.33387893438339233 -2.447604179382324
-0.2911909818649292 -0.27944061160087585 -0.9149430394172668 0.026188477873802185 0.9436736702919006 -0.24097953736782074 -0.2267351895570755 -0.6595510244369507 -0.15712352097034454 -0.9294309020042419 0.3338718116283417 -2.4477427005767822
-0.2912018895149231 -0.27947989106178284 -0.9149275422096252 0.0262285228818655 0.9436810612678528 -0.24092960357666016 -0.22675754129886627 -0.6596307754516602 -0.1570589542388916 -0.9294320344924927 0.33389902114868164 -2.4475486278533936
-0.29111623764038086 -0.2794325351715088 -0.9149693250656128 0.02623688243329525 0.9436948299407959 -0.24096199870109558 -0.22666580975055695 -0.6595792770385742 -0.1571350246667862 -0.9294378757476807 0.33384695649147034 -2.447680711746216
-0.2911641001701355 -0.2794446051120758 -0.9149503707885742 0.02626117505133152 0.9436811208724976 -0.24097608029842377 -0.22670802474021912 -0.6596406102180481 -0.15712882578372955 -0.9294306039810181 0.33387014269828796 -2.4476091861724854
-0.2911801338195801 -0.27936506271362305 -0.9149695634841919 0.026290742680430412 0.9436647295951843 -0.2410297840833664 -0.22671914100646973 -0.6596053838729858 -0.157197505235672 -0.9294406175613403 0.3338100016117096 -2.4477930068969727
-0.2912190556526184 -0.2794398367404938 -0.9149343371391296 0.02627992443740368 0.9436469078063965 -0.24109666049480438 -0.22672222554683685 -0.6596755981445312 -0.1572323888540268 -0.9294008016586304 0.3339044451713562 -2.4477550983428955
-0.29118791222572327 -0.279435396194458 -0.9149456024169922 0.02628965862095356 0.9436545372009277 -0.2410961240530014 -0.22669106721878052 -0.6597068905830383 -0.15724432468414307 -0.929402232170105 0.3338947296142578 -2.4477944374084473
-0.29116469621658325 -0.2794416844844818 -0.9149510860443115 0.026272641494870186 0.9436630606651306 -0.24108099937438965 -0.22667144238948822 -0.6596338748931885 -0.15723586082458496 -0.9294042587280273 0.3338930606842041 -2.447909116744995
-0.29122158885002136 -0.2794625163078308 -0.9149265885353088 0.02626035176217556 0.9436333775520325 -0.24117842316627502 -0.22669149935245514 -0.6596561074256897 -0.15730877220630646 -0.9293727278709412 0.33394649624824524 -2.4478282928466797
-0.29123133420944214 -0.27947208285331726 -0.9149205684661865 0.02624010480940342 0.9436284303665161 -0.2411959320306778 -0.22669357061386108 -0.6595645546913147 -0.15732058882713318 -0.929365336894989 0.3339615762233734 -2.4479637145996094
-0.29114997386932373 -0.2794511616230011 -0.9149528741836548 0.02625455893576145 0.9436521530151367 -0.2411694973707199 -0.2266228199005127 -0.6596745252609253 -0.15732870995998383 -0.9293784499168396 0.3339211642742157 -2.447761058807373
-0.2910833954811096 -0.279535710811615 -0.9149482250213623 0.02625958062708378 0.9436812400817871 -0.24111618101596832 -0.22655855119228363 -0.6596158146858215 -0.15727759897708893 -0.9293668866157532 0.33397752046585083 -2.4478890895843506
-0.291146457195282 -0.2795139253139496 -0.9149348139762878 0.026234028860926628 0.9436648488044739 -0.24111507833003998 -0.22662778198719025 -0.6596292853355408 -0.15725894272327423 -0.9293737411499023 0.33396726846694946 -2.447788953781128
-0.29112064838409424 -0.27947109937667847 -0.9149560928344727 0.02625424787402153 0.9436608552932739 -0.24116602540016174 -0.2265903353691101 -0.6595881581306458 -0.15733087062835693 -0.9293733835220337 0.33393433690071106 -2.447939395904541
-0.29113906621932983 -0.27945366501808167 -0.9149556159973145 0.02626456692814827 0.9436811804771423 -0.2410144954919815 -0.22666680812835693 -0.659645140171051 -0.15717467665672302 -0.9294179081916809 0.3338838815689087 -2.4478485584259033
-0.2911681532859802 -0.279534250497818 -0.9149217009544373 0.02626270428299904 0.9436808228492737 -0.240993931889534 -0.2266901582479477 -0.6596844792366028 -0.1571229100227356 -0.9293990135192871 0.3339608609676361 -2.447688102722168
-0.2911273241043091 -0.2795165181159973 -0.9149401187896729 0.02624751813709736 0.9436870813369751 -0.241012305021286 -0.22664453089237213 -0.6596037149429321 -0.1571609228849411 -0.9293996095657349 0.33394140005111694 -2.4478020668029785
-0.29115527868270874 -0.27951109409332275 -0.914932906627655 0.026264622807502747 0.9436898827552795 -0.24095356464385986 -0.22669541835784912 -0.6596783995628357 -0.15709245204925537 -0.9294164776802063 0.3339266777038574 -2.447652578353882
-0.29117146134376526 -0.2795024812221527 -0.9149303436279297 0.026258759200572968 0.9436818361282349 -0.24097512662410736 -0.22670584917068481 -0.6595999598503113 -0.15711060166358948 -0.9294134378433228 0.3339264690876007 -2.4477665424346924
-0.29107704758644104 -0.2795318365097046 -0.9149514436721802 0.026343896985054016 0.9437125325202942 -0.24093936383724213 -0.22661621868610382 -0.6596998572349548 -0.1571013629436493 -0.929413914680481 0.3339295983314514 -2.4476311206817627
-0.29106342792510986 -0.2794950604438782 -0.9149670004844666 0.026342933997511864 0.9437093734741211 -0.24096901714801788 -0.22659792006015778 -0.6596143841743469 -0.157145693898201 -0.9294172525405884 0.3338993489742279 -2.447721242904663
-0.29102352261543274 -0.2794667184352875 -0.9149883389472961 0.026338212192058563 0.943727970123291 -0.24091032147407532 -0.22658281028270721 -0.6597716212272644 -0.15710777044296265 -0.9294410347938538 0.3338510990142822 -2.4477405548095703
-0.2910350263118744 -0.27944430708885193 -0.914991557598114 0.026339542120695114 0.9437170624732971 -0.24095235764980316 -0.22658348083496094 -0.6597087383270264 -0.15715187788009644 -0.9294368624687195 0.3338419497013092 -2.4478533267974854
-0.29112735390663147 -0.2794337868690491 -0.9149653911590576 0.02636997029185295 0.9436818957328796 -0.24102258682250977 -0.22665530443191528 -0.6596974730491638 -0.1571921557188034 -0.9294217824935913 0.33386486768722534 -2.4478206634521484
-0.2910447418689728 -0.2794428765773773 -0.9149888753890991 0.026368392631411552 0.9437008500099182 -0.24103370308876038 -0.22656451165676117 -0.6596010327339172 -0.15723131597042084 -0.9294161796569824 0.3338620662689209 -2.4479260444641113
-0.2912139892578125 -0.27952277660369873 -0.914910614490509 0.02633017487823963 0.943639874458313 -0.24116598069667816 -0.22667761147022247 -0.6596897840499878 -0.157283753156662 -0.9293578267097473 0.33399975299835205 -2.447876453399658
-0.2912304103374481 -0.2795373499393463 -0.9149009585380554 0.02622602880001068 0.9436328411102295 -0.24118714034557343 -0.22668439149856567 -0.6597025394439697 -0.1572955846786499 -0.9293479919433594 0.3340216279029846 -2.4477360248565674
-0.2911817133426666 -0.2795223295688629 -0.9149210453033447 0.02627958171069622 0.943646252155304 -0.2411756068468094 -0.22664093971252441 -0.6597064733505249 -0.15730541944503784 -0.9293555021286011 0.33399611711502075 -2.4478037357330322
-0.29113608598709106 -0.2794021666049957 -0.9149722456932068 0.02625460922718048 0.9436686635017395 -0.24108032882213593 -0.22664906084537506 -0.6597312092781067 -0.15725556015968323 -0.9294163584709167 0.333850234746933 -2.4476890563964844
-0.29107046127319336 -0.2794155478477478 -0.9149890542030334 0.02623676136136055 0.943680465221405 -0.24110986292362213 -0.22656846046447754 -0.6596473455429077 -0.15730613470077515 -0.9294046759605408 0.3338589370250702 -2.4477901458740234
-0.2911211848258972 -0.27944278717041016 -0.9149646162986755 0.026234205812215805 0.9436606764793396 -0.24115921556949615 -0.22659829258918762 -0.6596596837043762 -0.15733087062835693 -0.9293836355209351 0.3339056968688965 -2.4476475715637207
-0.2910529673099518 -0.2793472707271576 -0.915015459060669 0.02625161036849022 0.9436583518981934 -0.24124890565872192 -0.2265123873949051 -0.6596090197563171 -0.15747085213661194 -0.9293891191482544 0.3338245749473572 -2.447779655456543
-0.2910540699958801 -0.2794104516506195 -0.9149957895278931 0.02625229023396969 0.9436601996421814 -0.241252139210701 -0.22650134563446045 -0.6596980690956116 -0.1574578434228897 -0.9293692708015442 0.33388590812683105 -2.4476122856140137
-0.29105818271636963 -0.2793845236301422 -0.9150024056434631 0.026274673640727997 0.943644106388092 -0.24133484065532684 -0.2264803797006607 -0.6596904397010803 -0.15754683315753937 -0.9293555617332458 0.33388200402259827 -2.4476304054260254
-0.29115980863571167 -0.27941763401031494 -0.9149599671363831 0.026188163086771965 0.9436070919036865 -0.241412952542305 -0.226551353931427 -0.6596566438674927 -0.15758073329925537 -0.9293253421783447 0.3339501917362213 -2.4475865364074707
-0.29109615087509155 -0.2794647812843323 -0.914965808391571 0.026250731199979782 0.9436284899711609 -0.2413911372423172 -0.22648529708385468 -0.6596840023994446 -0.1575699746608734 -0.9293168187141418 0.33397895097732544 -2.4476466178894043
-0.2910841703414917 -0.2793695032596588 -0.9149987697601318 0.02626834250986576 0.9436283707618713 -0.24138568341732025 -0.2264915406703949 -0.6596798300743103 -0.1575927585363388 -0.9293469190597534 0.3338845372200012 -2.447530508041382
-0.2910856306552887 -0.27926209568977356 -0.9150310754776001 0.026260366663336754 0.9436110258102417 -0.2414594292640686 -0.22648534178733826 -0.6596100330352783 -0.15769410133361816 -0.929360032081604 0.33380013704299927 -2.447643518447876
-0.2910892963409424 -0.27934950590133667 -0.91500324010849 0.02624528668820858 0.9436158537864685 -0.2414473295211792 -0.22647817432880402 -0.6597106456756592 -0.15765851736068726 -0.9293369054794312 0.33388131856918335 -2.447537899017334
-0.29101869463920593 -0.2793928384780884 -0.9150124192237854 0.026246564462780952 0.9436341524124146 -0.24145306646823883 -0.22639574110507965 -0.6596454381942749 -0.15767920017242432 -0.929322361946106 0.3339119851589203 -2.447662353515625
-0.2910585403442383 -0.2794043719768524 -0.9149962663650513 0.026251554489135742 0.9436257481575012 -0.24144716560840607 -0.22643692791461945 -0.6596931219100952 -0.1576557755470276 -0.9293204545974731 0.3339284360408783 -2.4475533962249756
-0.2910612225532532 -0.2793629467487335 -0.9150080680847168 0.02628125250339508 0.9436162710189819 -0.24148908257484436 -0.22643189132213593 -0.6596673130989075 -0.15770776569843292 -0.9293220043182373 0.33389949798583984 -2.4477148056030273
-0.2911248505115509 -0.2794135808944702 -0.9149723649024963 0.026293428614735603 0.9435878396034241 -0.2415764331817627 -0.22645725309848785 -0.6597287654876709 -0.15776051580905914 -0.9292840957641602 0.33398014307022095 -2.4476356506347656
