# 3x4 first row second row third row Freq: 100 current Time: 2021-07-28-15:08:29
0.1210542619228363 0.7709446549415588 -0.6252921223640442 0.2301650047302246 0.052816905081272125 -0.6340348720550537 -0.7714986801147461 -0.48597267270088196 -0.9912397861480713 0.06036721542477608 -0.11747154593467712 -1.9931793212890625
0.1211317852139473 0.7709227800369263 -0.6253040432929993 0.23018234968185425 0.052824053913354874 -0.6340563893318176 -0.7714805006980896 -0.48589178919792175 -0.9912298917770386 0.0604197196662426 -0.11752766370773315 -1.9931905269622803
0.12109055370092392 0.7709276080131531 -0.6253060698509216 0.23019838333129883 0.052769821137189865 -0.6340502500534058 -0.7714892625808716 -0.48597392439842224 -0.9912378191947937 0.06042277812957764 -0.11745922267436981 -1.9932743310928345
0.12110644578933716 0.7709407210350037 -0.625286877155304 0.23018798232078552 0.052767109125852585 -0.6340327262878418 -0.7715038061141968 -0.48590973019599915 -0.9912360310554504 0.060439515858888626 -0.1174657791852951 -1.9932085275650024
0.12106940895318985 0.7709270715713501 -0.6253108382225037 0.23022688925266266 0.05278372764587402 -0.6340533494949341 -0.7714857459068298 -0.4859621226787567 -0.9912396669387817 0.06039709225296974 -0.11745687574148178 -1.9932374954223633
0.12105150520801544 0.770932674407959 -0.6253074407577515 0.2301858812570572 0.05284225195646286 -0.6340513825416565 -0.7714833617210388 -0.4858972132205963 -0.9912387132644653 0.0603465810418129 -0.11749070137739182 -1.9931919574737549
0.12104960530996323 0.7709358930587769 -0.6253038644790649 0.2301786094903946 0.052814483642578125 -0.6340458989143372 -0.7714897990226746 -0.48593345284461975 -0.9912404417991638 0.06036343798041344 -0.11746759712696075 -1.9931660890579224
0.12108267843723297 0.7709310054779053 -0.6253034472465515 0.23022831976413727 0.05282766744494438 -0.634050190448761 -0.7714853286743164 -0.48582854866981506 -0.9912357330322266 0.06038019061088562 -0.11749899387359619 -1.9931519031524658
0.12103250622749329 0.7709200978279114 -0.6253266334533691 0.23022505640983582 0.0528293214738369 -0.6340675354003906 -0.7714709639549255 -0.4858846366405487 -0.9912417531013489 0.06033749133348465 -0.11746998131275177 -1.993172526359558
0.12105140835046768 0.7709279656410217 -0.6253132224082947 0.23017261922359467 0.05287985876202583 -0.6340594291687012 -0.7714741826057434 -0.485821396112442 -0.9912367463111877 0.060321565717458725 -0.11752036958932877 -1.9931012392044067
0.12105044722557068 0.7709278464317322 -0.6253135800361633 0.23017224669456482 0.052835527807474136 -0.6340569853782654 -0.7714791893959045 -0.4858771860599518 -0.9912392497062683 0.06034913286566734 -0.11748526990413666 -1.993130087852478
0.12102337181568146 0.7709860801696777 -0.625247061252594 0.23018673062324524 0.05279286205768585 -0.6339846253395081 -0.7715415954589844 -0.4858004152774811 -0.9912447929382324 0.06036599352955818 -0.11742953211069107 -1.9930977821350098
0.12101350724697113 0.7709172368049622 -0.6253337860107422 0.23021338880062103 0.05275941640138626 -0.6340681910514832 -0.7714751958847046 -0.4859311282634735 -0.9912477731704712 0.0603666789829731 -0.11740396916866302 -1.9932798147201538
0.12101992964744568 0.7709099650382996 -0.6253414750099182 0.23019340634346008 0.05287320911884308 -0.63408362865448 -0.7714547514915466 -0.4859316647052765 -0.991240918636322 0.06029759347438812 -0.11749725043773651 -1.9931257963180542
0.1210198625922203 0.7708870768547058 -0.6253697276115417 0.23020228743553162 0.05284128710627556 -0.6341099143028259 -0.7714353203773499 -0.4858628809452057 -0.9912426471710205 0.06031365692615509 -0.11747457087039948 -1.9932140111923218
0.1209474727511406 0.7708736062049866 -0.6254003047943115 0.23022271692752838 0.05287746712565422 -0.6341341733932495 -0.7714129090309143 -0.4859464466571808 -0.9912495613098145 0.06023086607456207 -0.1174587830901146 -1.9933274984359741
0.12092777341604233 0.7708995938301086 -0.6253721714019775 0.23021848499774933 0.05287772789597511 -0.6341035962104797 -0.7714380025863647 -0.48595818877220154 -0.9912519454956055 0.06022002547979355 -0.11744417250156403 -1.9932464361190796
0.12100023776292801 0.770867109298706 -0.6253981590270996 0.23018448054790497 0.05283718183636665 -0.6341357827186584 -0.7714143395423889 -0.48596081137657166 -0.9912452697753906 0.06029704958200455 -0.11746104061603546 -1.9932531118392944
0.12105429917573929 0.7708567976951599 -0.6254003643989563 0.23013778030872345 0.05286877602338791 -0.6341463327407837 -0.7714034914970398 -0.48593708872795105 -0.9912369847297668 0.06031756103038788 -0.11752041429281235 -1.9931687116622925
0.1211010292172432 0.77089923620224 -0.6253390908241272 0.2301272749900818 0.052923787385225296 -0.6340938806533813 -0.7714428305625916 -0.48598113656044006 -0.9912283420562744 0.06032721325755119 -0.1175883412361145 -1.9931498765945435
0.12113792449235916 0.7709106206893921 -0.6253178715705872 0.23014011979103088 0.05290975049138069 -0.6340761780738831 -0.7714583277702332 -0.4858900010585785 -0.9912245869636536 0.06036745756864548 -0.11759937554597855 -1.9931288957595825
0.12105991691350937 0.7708832025527954 -0.6253668069839478 0.23017743229866028 0.05295775085687637 -0.6341187953948975 -0.7714200019836426 -0.4859509766101837 -0.9912315607070923 0.060270026326179504 -0.11759062111377716 -1.9931938648223877
0.12105610966682434 0.7708891034126282 -0.6253602504730225 0.2301618754863739 0.05289461091160774 -0.6341080069541931 -0.7714332342147827 -0.48589667677879333 -0.9912353754043579 0.06030852720141411 -0.11753853410482407 -1.993133783340454
0.12105036526918411 0.7708567380905151 -0.6254011988639832 0.230178564786911 0.05292322859168053 -0.6341500282287598 -0.7713967561721802 -0.48592451214790344 -0.991234540939331 0.06027961149811745 -0.11756033450365067 -1.9931129217147827
0.1210191398859024 0.7709020972251892 -0.6253513693809509 0.23023295402526855 0.052997034043073654 -0.6341009736061096 -0.7714319825172424 -0.48586246371269226 -0.9912344217300415 0.060216274112463 -0.11759388446807861 -1.9930342435836792
0.1210217997431755 0.770911455154419 -0.6253392696380615 0.23024088144302368 0.05296996608376503 -0.6340875029563904 -0.7714449167251587 -0.4859282076358795 -0.9912355542182922 0.06023745611310005 -0.1175735741853714 -1.9930534362792969
0.12107265740633011 0.7709130644798279 -0.625327467918396 0.23017972707748413 0.05302056670188904 -0.6340848207473755 -0.7714436650276184 -0.485849529504776 -0.9912266135215759 0.06024552136659622 -0.11764459311962128 -1.9929853677749634
0.1210125982761383 0.7709131240844727 -0.6253390908241272 0.2301792949438095 0.053008683025836945 -0.6340885758399963 -0.7714414000511169 -0.48591282963752747 -0.9912346005439758 0.06020573526620865 -0.1175978034734726 -1.9930075407028198
0.12100893259048462 0.770963191986084 -0.6252779960632324 0.23019088804721832 0.05303046107292175 -0.6340283155441284 -0.7714893817901611 -0.4858628213405609 -0.9912338852882385 0.0601983368396759 -0.11760763823986053 -1.9931530952453613
0.12101371586322784 0.7709597945213318 -0.6252812743186951 0.2302190512418747 0.05304715037345886 -0.634033203125 -0.7714842557907104 -0.48580625653266907 -0.9912323951721191 0.06019079312682152 -0.1176239475607872 -1.9930648803710938
0.12095338851213455 0.7709479331970215 -0.625307559967041 0.2302590012550354 0.05306701734662056 -0.6340535283088684 -0.7714661359786987 -0.4858779013156891 -0.9912387132644653 0.06012824550271034 -0.11760284751653671 -1.9931765794754028
0.12094544619321823 0.7709784507751465 -0.6252714991569519 0.2302040159702301 0.05311811342835426 -0.6340196132659912 -0.7714905142784119 -0.4858332574367523 -0.9912369251251221 0.06009502336382866 -0.11763471364974976 -1.9930661916732788
0.1209564357995987 0.7710070013999939 -0.6252341866493225 0.2302318662405014 0.05312533676624298 -0.6339839696884155 -0.7715193033218384 -0.4858926832675934 -0.9912351965904236 0.060104455798864365 -0.11764446645975113 -1.9931328296661377
0.12108834087848663 0.7710384726524353 -0.6251698136329651 0.23021402955055237 0.05311036854982376 -0.6339343190193176 -0.7715611457824707 -0.48579952120780945 -0.9912199378013611 0.06022406741976738 -0.11771220713853836 -1.9930927753448486
0.12102741003036499 0.7710047364234924 -0.6252232789993286 0.2302386313676834 0.05315674468874931 -0.6339833736419678 -0.7715176343917847 -0.4858435094356537 -0.9912248849868774 0.06013995036482811 -0.11771348118782043 -1.9931422472000122
0.1210884377360344 0.7710241079330444 -0.6251875162124634 0.23022404313087463 0.053199946880340576 -0.63395756483078 -0.7715358734130859 -0.485835462808609 -0.9912151098251343 0.06016413867473602 -0.11778338253498077 -1.99298894405365
0.12107940763235092 0.7710026502609253 -0.6252157092094421 0.2302231639623642 0.053185585886240005 -0.6339837908744812 -0.7715153098106384 -0.48590001463890076 -0.9912169575691223 0.06016215682029724 -0.11776862293481827 -1.9930719137191772
0.12100540846586227 0.7709925174713135 -0.6252425312995911 0.23017673194408417 0.0531420074403286 -0.6339991688728333 -0.7715056538581848 -0.48587968945503235 -0.9912283420562744 0.06012972071766853 -0.11768943816423416 -1.993073582649231
0.12103760987520218 0.7709842324256897 -0.625246524810791 0.23021583259105682 0.053118254989385605 -0.634005606174469 -0.7715020179748535 -0.485833078622818 -0.9912256598472595 0.060168761759996414 -0.11769186705350876 -1.993030071258545
0.12097912281751633 0.770954966545105 -0.6252939701080322 0.23020222783088684 0.053122323006391525 -0.6340463161468506 -0.7714682817459106 -0.48587003350257874 -0.9912326335906982 0.06011449545621872 -0.11766129732131958 -1.9931089878082275
0.12101083993911743 0.7710022330284119 -0.62522953748703 0.2301786243915558 0.05317322164773941 -0.6339886784553528 -0.7715121507644653 -0.4858737289905548 -0.9912260174751282 0.06011586636304855 -0.11771618574857712 -1.9929648637771606
0.12110106647014618 0.770974338054657 -0.6252464652061462 0.23014885187149048 0.05304449051618576 -0.634008526802063 -0.7715047001838684 -0.48589345812797546 -0.9912219047546387 0.060264166444540024 -0.1176750659942627 -1.9930580854415894
0.12112098932266235 0.7709929943084717 -0.6252196431159973 0.23014496266841888 0.05310443043708801 -0.6339877247810364 -0.7715176939964294 -0.4858753979206085 -0.991216242313385 0.06024505943059921 -0.11773236840963364 -1.9929463863372803
0.12104877829551697 0.7709659934043884 -0.6252668499946594 0.2301713079214096 0.053090356290340424 -0.634025514125824 -0.7714875936508179 -0.4859183132648468 -0.9912258386611938 0.06019199639558792 -0.11767888814210892 -1.9929413795471191
0.12104843556880951 0.7710135579109192 -0.62520831823349 0.23016232252120972 0.05307210609316826 -0.633965790271759 -0.7715378999710083 -0.4858766496181488 -0.991226851940155 0.06021234020590782 -0.11765988916158676 -1.9929803609848022
0.12105772644281387 0.771005392074585 -0.625216543674469 0.23015782237052917 0.05301735922694206 -0.6339718103408813 -0.7715367078781128 -0.48586830496788025 -0.9912286400794983 0.06025315821170807 -0.11762386560440063 -1.9928745031356812
0.12099617719650269 0.7710058093070984 -0.6252279281616211 0.2301962673664093 0.053090691566467285 -0.6339803338050842 -0.7715246677398682 -0.4859136641025543 -0.9912322163581848 0.060157760977745056 -0.11764244735240936 -1.9929590225219727
0.1210622787475586 0.7710142731666565 -0.6252047419548035 0.2302093505859375 0.053117845207452774 -0.6339666843414307 -0.7715340256690979 -0.48589029908180237 -0.9912226796150208 0.060194145888090134 -0.11770407855510712 -1.9928618669509888
0.12109221518039703 0.770988404750824 -0.6252307891845703 0.23016805946826935 0.053034473210573196 -0.6339912414550781 -0.7715196013450623 -0.48588255047798157 -0.9912235140800476 0.06026623770594597 -0.11766038089990616 -1.9929485321044922
0.12106261402368546 0.7709822654724121 -0.625244140625 0.23016656935214996 0.05303181707859039 -0.6340008974075317 -0.7715118527412415 -0.4858550727367401 -0.9912272691726685 0.06024341285228729 -0.1176404058933258 -1.9928168058395386
0.12102992832660675 0.7709858417510986 -0.625245988368988 0.23015174269676208 0.05307648330926895 -0.634001612663269 -0.7715082168579102 -0.48583027720451355 -0.9912288784980774 0.06018972769379616 -0.11765439808368683 -1.9927219152450562
0.12105965614318848 0.771019697189331 -0.625198483467102 0.23018865287303925 0.0530952587723732 -0.6339587569236755 -0.7715421319007874 -0.48578158020973206 -0.9912242293357849 0.0602075532078743 -0.11768432706594467 -1.9926269054412842
0.12107720226049423 0.7710197567939758 -0.6251950860023499 0.23018234968185425 0.05304580181837082 -0.6339543461799622 -0.7715491056442261 -0.4858193099498749 -0.9912247061729431 0.060253042727708817 -0.11765679717063904 -1.992754340171814
0.12108894437551498 0.7710488438606262 -0.6251568794250488 0.23020273447036743 0.053026292473077774 -0.6339163780212402 -0.7715816497802734 -0.4857945740222931 -0.9912243485450745 0.06028026342391968 -0.11764613538980484 -1.9926347732543945
0.12106280773878098 0.7710269093513489 -0.6251890063285828 0.23021705448627472 0.053000446408987045 -0.6339438557624817 -0.7715609073638916 -0.48583993315696716 -0.9912289381027222 0.060272034257650375 -0.11761180311441422 -1.9927419424057007
0.1211589053273201 0.771087110042572 -0.6250962018966675 0.23021821677684784 0.05294695496559143 -0.6338590979576111 -0.7716341614723206 -0.4858643114566803 -0.9912200570106506 0.06039341539144516 -0.11762439459562302 -1.9928944110870361
0.12118790298700333 0.7710675597190857 -0.6251146197319031 0.23022453486919403 0.05292322859168053 -0.633879542350769 -0.7716189622879028 -0.4858606159687042 -0.9912177324295044 0.06042781099677086 -0.11762593686580658 -1.9927908182144165
0.12113987654447556 0.7710590362548828 -0.6251344680786133 0.2302285134792328 0.05296638235449791 -0.6338963508605957 -0.7716022729873657 -0.48591306805610657 -0.9912213087081909 0.06036069244146347 -0.11763034015893936 -1.9929169416427612
0.12131063640117645 0.7710778713226318 -0.6250780820846558 0.23018519580364227 0.05295238271355629 -0.633859395980835 -0.7716335654258728 -0.4858706295490265 -0.9912011623382568 0.060507986694574356 -0.11772430688142776 -1.992917537689209
0.12117483466863632 0.7710472345352173 -0.6251422762870789 0.23019112646579742 0.05295224115252495 -0.6339074373245239 -0.7715941071510315 -0.4858957827091217 -0.9912177920341492 0.06039511039853096 -0.11764232069253922 -1.9928704500198364
0.12113175541162491 0.7711079120635986 -0.6250757575035095 0.23017819225788116 0.052927445620298386 -0.6338343024253845 -0.7716559171676636 -0.4858727753162384 -0.9912244081497192 0.06038837507367134 -0.11759024858474731 -1.992982268333435
0.12113497406244278 0.7710943222045898 -0.6250919103622437 0.23017950356006622 0.05293315649032593 -0.6338511109352112 -0.7716416716575623 -0.4858610928058624 -0.9912236928939819 0.06038471311330795 -0.11759801208972931 -1.99288010597229
0.12102619558572769 0.7710698843002319 -0.6251431107521057 0.23017100989818573 0.05295242369174957 -0.6338906288146973 -0.7716078758239746 -0.4858594834804535 -0.9912359714508057 0.06028193235397339 -0.1175474002957344 -1.992901086807251
0.12100441008806229 0.7710906863212585 -0.6251216530799866 0.23018203675746918 0.05297134444117546 -0.6338677406311035 -0.7716253995895386 -0.48583802580833435 -0.9912375807762146 0.06025654822587967 -0.11754651367664337 -1.9927668571472168
0.12099576741456985 0.771068811416626 -0.6251503825187683 0.23015081882476807 0.05295351520180702 -0.6338943243026733 -0.7716047763824463 -0.485827773809433 -0.991239607334137 0.06025700643658638 -0.11752934753894806 -1.9928399324417114
0.12104307115077972 0.7711164951324463 -0.6250823736190796 0.2301701307296753 0.05300232768058777 -0.6338348984718323 -0.7716502547264099 -0.48580119013786316 -0.9912312030792236 0.06027209758758545 -0.11759230494499207 -1.9927459955215454
0.12109428644180298 0.7711568474769592 -0.6250226497650146 0.2301054149866104 0.05281665548682213 -0.6337698698043823 -0.7717163562774658 -0.4857870638370514 -0.9912348985671997 0.0604388453066349 -0.11747585237026215 -1.9927409887313843
0.1210969015955925 0.7710831761360168 -0.6251130104064941 0.23009124398231506 0.052766259759664536 -0.6338576078414917 -0.7716477513313293 -0.48580536246299744 -0.991237223148346 0.060459285974502563 -0.11744537949562073 -1.9927453994750977
0.12124168872833252 0.7711254358291626 -0.6250328421592712 0.23012831807136536 0.052811235189437866 -0.6337972283363342 -0.7716942429542542 -0.48577913641929626 -0.9912171363830566 0.06055276840925217 -0.11756674945354462 -1.992751121520996
0.12124808132648468 0.7711063027381897 -0.625055193901062 0.230121448636055 0.05284111201763153 -0.6338222026824951 -0.771671712398529 -0.4857715666294098 -0.9912147521972656 0.06053511053323746 -0.1175958514213562 -1.9926559925079346
0.1212594285607338 0.771047055721283 -0.6251260638237 0.23013757169246674 0.05278157442808151 -0.6338908672332764 -0.7716193795204163 -0.4858400523662567 -0.9912165403366089 0.06057099625468254 -0.11756233125925064 -1.9928197860717773
0.12127040326595306 0.7710781693458557 -0.6250855326652527 0.23014812171459198 0.052802421152591705 -0.6338528394699097 -0.771649181842804 -0.48581305146217346 -0.9912140965461731 0.06057218462228775 -0.11758240312337875 -1.9927295446395874
0.12122313678264618 0.7710216641426086 -0.6251643896102905 0.23010221123695374 0.05279276520013809 -0.6339256167411804 -0.7715901136398315 -0.4859001338481903 -0.9912204146385193 0.060530420392751694 -0.11755082756280899 -1.9928354024887085
0.12124119699001312 0.7709711790084839 -0.6252231597900391 0.2301017940044403 0.0528094582259655 -0.633987545967102 -0.7715380191802979 -0.48586878180503845 -0.991217315196991 0.060524508357048035 -0.11757999658584595 -1.992918610572815
0.12122432142496109 0.7709740996360779 -0.6252228617668152 0.2300872653722763 0.052823327481746674 -0.6339861154556274 -0.7715383172035217 -0.4858749210834503 -0.991218626499176 0.06050286442041397 -0.11757996678352356 -1.9928483963012695
0.12118429690599442 0.7709677815437317 -0.6252384185791016 0.23017404973506927 0.05295785516500473 -0.6340051293373108 -0.7715134620666504 -0.485915869474411 -0.9912163615226746 0.06038403511047363 -0.1176602765917778 -1.9929075241088867
0.12116066366434097 0.770987868309021 -0.6252182126045227 0.23018115758895874 0.052962981164455414 -0.6339823603630066 -0.7715317606925964 -0.4859217703342438 -0.9912189841270447 0.060365889221429825 -0.11764755845069885 -1.9928373098373413
0.12108691781759262 0.7709836363792419 -0.625237762928009 0.23016442358493805 0.05300231650471687 -0.6339955925941467 -0.7715182304382324 -0.48582711815834045 -0.9912258982658386 0.060281720012426376 -0.11763250082731247 -1.993021845817566
0.12106839567422867 0.770989716053009 -0.6252338290214539 0.23016764223575592 0.05295873433351517 -0.6339868307113647 -0.771528422832489 -0.4858188331127167 -0.9912304878234863 0.06029612571001053 -0.1175864189863205 -1.9929651021957397
0.12116856127977371 0.7709764838218689 -0.6252307295799255 0.2301647961139679 0.05291171371936798 -0.6339927315711975 -0.7715268135070801 -0.4858020842075348 -0.9912207126617432 0.0604027695953846 -0.11761368811130524 -1.9929749965667725
0.1211378201842308 0.770969808101654 -0.6252449154853821 0.23016710579395294 0.052911486476659775 -0.6340032815933228 -0.7715181112289429 -0.4857950508594513 -0.9912245273590088 0.06037738919258118 -0.11759494245052338 -1.9929109811782837
0.12114512175321579 0.7709760069847107 -0.6252358555793762 0.23014754056930542 0.0529329739511013 -0.6339964270591736 -0.7715222835540771 -0.48579564690589905 -0.9912224411964417 0.06037057563662529 -0.11761563271284103 -1.993025779724121
0.12113325297832489 0.7709791660308838 -0.6252342462539673 0.2301456332206726 0.05294429138302803 -0.6339940428733826 -0.7715234756469727 -0.4857863485813141 -0.9912233352661133 0.0603545680642128 -0.11761672049760818 -1.9929693937301636
0.12128688395023346 0.7709286212921143 -0.6252668499946594 0.2301742136478424 0.05295252427458763 -0.634045422077179 -0.7714806795120239 -0.48582878708839417 -0.9912040829658508 0.06046104058623314 -0.11772402375936508 -1.993006944656372
0.12127234786748886 0.7709330320358276 -0.6252642273902893 0.23018257319927216 0.052960529923439026 -0.6340415477752686 -0.771483302116394 -0.4858233630657196 -0.9912054538726807 0.06044527515769005 -0.11772073805332184 -1.9929468631744385
0.12131893634796143 0.7709580659866333 -0.6252242922782898 0.23016896843910217 0.05292927473783493 -0.6340052485466003 -0.7715153098106384 -0.48582491278648376 -0.9912014007568359 0.060506753623485565 -0.11772310733795166 -1.9930158853530884
0.12132424116134644 0.77094566822052 -0.6252385377883911 0.23017196357250214 0.05296747758984566 -0.6340224742889404 -0.7714985013008118 -0.4858168661594391 -0.991198718547821 0.06048417091369629 -0.11775735020637512 -1.9929471015930176
0.12133374065160751 0.7709521055221558 -0.625228762626648 0.23014292120933533 0.05298471078276634 -0.634014904499054 -0.7715035676956177 -0.48581019043922424 -0.9911966323852539 0.060481853783130646 -0.11777608096599579 -1.9929324388504028
0.1212988793849945 0.7710138559341431 -0.6251593232154846 0.23016490042209625 0.052995409816503525 -0.6339418888092041 -0.7715628147125244 -0.48577556014060974 -0.99120032787323 0.060459136962890625 -0.11775664985179901 -1.9928650856018066
0.12123770266771317 0.770986795425415 -0.6252046227455139 0.23017306625843048 0.05307057872414589 -0.6339845061302185 -0.7715226411819458 -0.4857885539531708 -0.991203784942627 0.06035766750574112 -0.11777955293655396 -1.9928007125854492
0.12129240483045578 0.7709399461746216 -0.6252517700195312 0.2301621288061142 0.05300286412239075 -0.6340340971946716 -0.7714865803718567 -0.48583653569221497 -0.9912007451057434 0.06043533235788345 -0.11776555329561234 -1.9929672479629517
0.12127815186977386 0.770948588848114 -0.6252439022064209 0.23015572130680084 0.052994612604379654 -0.6340240240097046 -0.7714954018592834 -0.48583754897117615 -0.9912028908729553 0.06043098866939545 -0.11774939298629761 -1.9928970336914062
0.12123566120862961 0.7709977030754089 -0.6251915693283081 0.2301543802022934 0.0530964694917202 -0.6339728236198425 -0.7715305089950562 -0.48577913641929626 -0.9912026524543762 0.060341548174619675 -0.1177973747253418 -1.992893934249878
0.12123482674360275 0.7710012197494507 -0.625187337398529 0.23015345633029938 0.05311361700296402 -0.6339695453643799 -0.7715319991111755 -0.4857673943042755 -0.9912018179893494 0.0603305920958519 -0.11780986189842224 -1.9928181171417236
0.12118560820817947 0.7710161805152893 -0.6251784563064575 0.23016946017742157 0.05321083590388298 -0.6339606642723083 -0.7715325951576233 -0.4858193099498749 -0.9912026524543762 0.060232385993003845 -0.11785333603620529 -1.9928380250930786
0.12117626518011093 0.7710036039352417 -0.6251958012580872 0.23016855120658875 0.05319872871041298 -0.63397616147995 -0.7715206742286682 -0.4858163297176361 -0.9912044405937195 0.060230374336242676 -0.11783929169178009 -1.9927610158920288
0.12117157131433487 0.7709670066833496 -0.6252418160438538 0.2301752269268036 0.0531921312212944 -0.6340212225914001 -0.7714840769767761 -0.4857827126979828 -0.9912053346633911 0.06022400036454201 -0.11783473938703537 -1.9928871393203735
0.12113423645496368 0.7709686160087585 -0.625247061252594 0.23017361760139465 0.053176481276750565 -0.6340211033821106 -0.7714852690696716 -0.48577937483787537 -0.9912107586860657 0.06020485237240791 -0.1177990734577179 -1.992811918258667
0.12117401510477066 0.7709612846374512 -0.625248372554779 0.23012012243270874 0.053286321461200714 -0.6340338587760925 -0.7714672088623047 -0.48582854866981506 -0.9912000298500061 0.06016460061073303 -0.11791013181209564 -1.9928386211395264
0.12117127329111099 0.770954966545105 -0.6252567172050476 0.23011840879917145 0.05326714739203453 -0.6340407133102417 -0.7714629173278809 -0.4858081638813019 -0.9912013411521912 0.06017351150512695 -0.11789409816265106 -1.9927515983581543
0.1211363896727562 0.770931601524353 -0.6252923011779785 0.23008553683757782 0.05329227074980736 -0.6340736746788025 -0.7714340686798096 -0.48579296469688416 -0.9912042617797852 0.06012549623847008 -0.11789410561323166 -1.992798924446106
0.12106450647115707 0.7709782123565674 -0.6252487301826477 0.2301264852285385 0.053344450891017914 -0.6340246796607971 -0.7714707255363464 -0.48580917716026306 -0.9912102818489075 0.06004418060183525 -0.11788530647754669 -1.9928547143936157
0.12108997255563736 0.7709632515907288 -0.6252622604370117 0.2301168590784073 0.0533536858856678 -0.6340418457984924 -0.7714560031890869 -0.4858141243457794 -0.9912066459655762 0.06005555018782616 -0.11790985614061356 -1.9927886724472046
0.12108810245990753 0.7709577679634094 -0.6252694129943848 0.23010697960853577 0.05342940241098404 -0.6340533494949341 -0.7714413404464722 -0.4857930839061737 -0.9912027716636658 0.06000460311770439 -0.11796814203262329 -1.9928146600723267
0.12109164893627167 0.7709958553314209 -0.6252217888832092 0.2301042526960373 0.05344810336828232 -0.6340072154998779 -0.7714779376983643 -0.48578080534935 -0.9912013411521912 0.06000262498855591 -0.11798125505447388 -1.9927297830581665
0.1211589127779007 0.7709468007087708 -0.6252691745758057 0.23010209202766418 0.05336231738328934 -0.6340574622154236 -0.7714425921440125 -0.4858311712741852 -0.9911977648735046 0.06010133773088455 -0.11796122789382935 -1.9928442239761353
0.12115482240915298 0.7709675431251526 -0.6252444386482239 0.23011060059070587 0.053411729633808136 -0.6340352296829224 -0.7714574337005615 -0.4858070909976959 -0.9911956191062927 0.06007041037082672 -0.11799514293670654 -1.992899775505066
0.12116823345422745 0.7709736227989197 -0.6252343058586121 0.23010222613811493 0.05338972434401512 -0.6340253353118896 -0.7714670896530151 -0.48580965399742126 -0.9911951422691345 0.06009622663259506 -0.1179858148097992 -1.9928364753723145
0.12122078984975815 0.7709551453590393 -0.6252468824386597 0.23011672496795654 0.053404271602630615 -0.6340450644493103 -0.771449863910675 -0.48577889800071716 -0.9911879301071167 0.06012491136789322 -0.11803175508975983 -1.9927582740783691
0.12114328891038895 0.7709466218948364 -0.6252724528312683 0.23009249567985535 0.053505875170230865 -0.6340675950050354 -0.7714242935180664 -0.4858190715312958 -0.9911919236183167 0.059997133910655975 -0.11806321889162064 -1.9928500652313232
0.12123563885688782 0.7709814310073853 -0.6252115964889526 0.23010899126529694 0.053542956709861755 -0.6340199112892151 -0.7714608907699585 -0.48579224944114685 -0.9911786317825317 0.06005288287997246 -0.11814644932746887 -1.9928438663482666
0.12121546268463135 0.7709835767745972 -0.6252129077911377 0.23010411858558655 0.053566787391901016 -0.6340202689170837 -0.7714589238166809 -0.4857892096042633 -0.9911798238754272 0.06002211198210716 -0.1181521937251091 -1.9927786588668823
0.12122155725955963 0.7709406018257141 -0.6252647042274475 0.23013310134410858 0.053399477154016495 -0.6340627074241638 -0.7714356780052185 -0.48575559258461 -0.991188108921051 0.06012582778930664 -0.11802990734577179 -1.9928488731384277
0.12123782187700272 0.7709484100341797 -0.6252519488334656 0.2301333248615265 0.053412485867738724 -0.6340526342391968 -0.7714430689811707 -0.4857492744922638 -0.9911854267120361 0.060131821781396866 -0.11804944276809692 -1.9927839040756226
0.12122813612222672 0.7709323763847351 -0.6252735257148743 0.23014061152935028 0.053434666246175766 -0.6340744495391846 -0.7714235782623291 -0.48575344681739807 -0.9911853671073914 0.06010696664452553 -0.11806219816207886 -1.992790699005127
0.1212264746427536 0.7709394693374634 -0.6252651214599609 0.23013605177402496 0.053417447954416275 -0.634064793586731 -0.7714326977729797 -0.4857484996318817 -0.9911864995956421 0.06011800467967987 -0.1180470734834671 -1.9927217960357666
0.12127519398927689 0.7709387540817261 -0.6252565383911133 0.23017272353172302 0.05335480347275734 -0.6340582370758057 -0.7714424729347229 -0.4857296049594879 -0.9911839365959167 0.060196395963430405 -0.11802883446216583 -1.9928467273712158
0.12126827239990234 0.7709906101226807 -0.6251939535140991 0.2301788479089737 0.05338361859321594 -0.6339964866638184 -0.7714911699295044 -0.4857099950313568 -0.9911832213401794 0.06018229201436043 -0.11804194003343582 -1.9927763938903809
0.12128777801990509 0.7709580659866333 -0.6252303123474121 0.2301640510559082 0.05335134640336037 -0.6340332627296448 -0.7714632153511047 -0.4857403337955475 -0.9911825656890869 0.060212187469005585 -0.11803214997053146 -1.9928206205368042
0.12125905603170395 0.7709594368934631 -0.6252341866493225 0.23016421496868134 0.05335931107401848 -0.6340342164039612 -0.7714619040489197 -0.48573169112205505 -0.9911856651306152 0.06018468365073204 -0.11802026629447937 -1.992750883102417
0.12117569893598557 0.7710167765617371 -0.6251797080039978 0.23015637695789337 0.05351952835917473 -0.6339794397354126 -0.7714958190917969 -0.48574694991111755 -0.9911872148513794 0.06002722308039665 -0.11808736622333527 -1.9927177429199219
0.12116359919309616 0.7709968686103821 -0.6252065896987915 0.230169415473938 0.053553830832242966 -0.6340069770812988 -0.7714707851409912 -0.48577699065208435 -0.9911868572235107 0.059991974383592606 -0.11810841411352158 -1.9926984310150146
0.12120787054300308 0.7709876298904419 -0.625209391117096 0.23017330467700958 0.0535321943461895 -0.6340137720108032 -0.7714667320251465 -0.4857776463031769 -0.9911826252937317 0.060039013624191284 -0.11812012642621994 -1.9926329851150513
0.12127966433763504 0.7710100412368774 -0.6251677870750427 0.23015399277210236 0.05351470783352852 -0.6339796185493469 -0.7714959979057312 -0.48574402928352356 -0.9911747574806213 0.06011110916733742 -0.11814922839403152 -1.9926644563674927
0.12120155245065689 0.7710469365119934 -0.625137448310852 0.23016361892223358 0.053448814898729324 -0.6339359879493713 -0.7715364098548889 -0.4858212172985077 -0.9911878705024719 0.060098566114902496 -0.11804558336734772 -1.9927486181259155
0.12127381563186646 0.771034300327301 -0.6251389980316162 0.230105459690094 0.05344238504767418 -0.6339457631111145 -0.7715288400650024 -0.48581764101982117 -0.9911794066429138 0.060157328844070435 -0.11808694154024124 -1.9927887916564941
0.12128480523824692 0.7710002660751343 -0.6251788139343262 0.23010852932929993 0.05338018015027046 -0.6339831352233887 -0.7715023756027222 -0.485849529504776 -0.9911813735961914 0.06019936874508858 -0.11804866790771484 -1.9928144216537476
0.12126628309488297 0.7709797024726868 -0.6252078413963318 0.23010167479515076 0.05338154733181 -0.6340100169181824 -0.7714802026748657 -0.48585739731788635 -0.9911835789680481 0.06017997860908508 -0.11804013699293137 -1.9927492141723633
0.12137968838214874 0.7709576487541199 -0.6252129673957825 0.23012489080429077 0.05330938845872879 -0.6340243220329285 -0.7714734673500061 -0.4857836663722992 -0.9911736249923706 0.060311492532491684 -0.11805696785449982 -1.9928247928619385
0.12134629487991333 0.7709771990776062 -0.625195324420929 0.23012486100196838 0.0533236488699913 -0.6340035796165466 -0.7714895606040955 -0.4857787787914276 -0.9911769032478333 0.06027970463037491 -0.11804531514644623 -1.9927672147750854
0.12143144011497498 0.7709968686103821 -0.6251545548439026 0.23013073205947876 0.053350985050201416 -0.633974552154541 -0.7715114951133728 -0.48574450612068176 -0.991165041923523 0.060333140194416046 -0.11811789870262146 -1.9927630424499512
0.12140130251646042 0.770971953868866 -0.6251911520957947 0.23012255132198334 0.05336572974920273 -0.6340084671974182 -0.7714825868606567 -0.485741525888443 -0.9911679029464722 0.060295216739177704 -0.1181129515171051 -1.9926929473876953
0.12133320420980453 0.7710298895835876 -0.6251329183578491 0.23016038537025452 0.05336886644363403 -0.6339423060417175 -0.7715367674827576 -0.48574844002723694 -0.9911760687828064 0.06025039777159691 -0.11806725710630417 -1.9927431344985962
0.12140222638845444 0.7710751891136169 -0.6250636577606201 0.2301509827375412 0.05339398980140686 -0.6338827013969421 -0.7715839743614197 -0.48575255274772644 -0.9911662936210632 0.06029737368226051 -0.1181255653500557 -1.9926704168319702
0.1213751956820488 0.7710427045822144 -0.6251089572906494 0.23013681173324585 0.05340641364455223 -0.6339256167411804 -0.7715478539466858 -0.48577627539634705 -0.9911689162254333 0.06026195362210274 -0.11812148243188858 -1.9927226305007935
0.1213400661945343 0.771080493927002 -0.6250691413879395 0.23015999794006348 0.05350778251886368 -0.6338877081871033 -0.7715719938278198 -0.4857921302318573 -0.9911677837371826 0.060176536440849304 -0.11817479878664017 -1.9927557706832886
0.12134303152561188 0.7711160778999329 -0.625024676322937 0.23016643524169922 0.05348767340183258 -0.6338423490524292 -0.7716106176376343 -0.4857847988605499 -0.9911684989929199 0.06019845977425575 -0.11815757304430008 -1.992673635482788
0.12127181142568588 0.771101176738739 -0.6250569224357605 0.23013342916965485 0.05352534353733063 -0.633868396282196 -0.7715865969657898 -0.48578134179115295 -0.9911751747131348 0.060115326195955276 -0.11814384162425995 -1.992749571800232
0.12128230929374695 0.771109938621521 -0.625044047832489 0.23012566566467285 0.053526055067777634 -0.6338568329811096 -0.7715960741043091 -0.4857842028141022 -0.9911738634109497 0.06012481823563576 -0.11815010756254196 -1.9926780462265015
0.12122317403554916 0.7710889577865601 -0.6250813603401184 0.2301451712846756 0.05342898890376091 -0.6338812708854675 -0.7715827226638794 -0.4857793152332306 -0.9911863207817078 0.06013625115156174 -0.11803961545228958 -1.9928369522094727
0.12124146521091461 0.7710703611373901 -0.6251007914543152 0.23013976216316223 0.053449198603630066 -0.6339040398597717 -0.7715625762939453 -0.4857814610004425 -0.9911829829216003 0.06013425067067146 -0.11806856095790863 -1.9927759170532227
0.12124469876289368 0.7710818648338318 -0.6250859498977661 0.23013173043727875 0.05340420454740524 -0.6338868737220764 -0.7715798020362854 -0.4857853949069977 -0.9911850094795227 0.06016775220632553 -0.11803445219993591 -1.992771863937378
0.12121190130710602 0.7710568308830261 -0.6251232624053955 0.23012849688529968 0.05339518561959267 -0.6339197158813477 -0.7715534567832947 -0.4857875406742096 -0.9911895394325256 0.06014290079474449 -0.11800935119390488 -1.9927105903625488
0.12123118340969086 0.7711071372032166 -0.6250574588775635 0.23013314604759216 0.05335298180580139 -0.6338536143302917 -0.771610677242279 -0.48579326272010803 -0.9911894202232361 0.06019460782408714 -0.11798370629549026 -1.9927411079406738
0.12123418599367142 0.7711248397827148 -0.6250349879264832 0.23015490174293518 0.05336746945977211 -0.6338324546813965 -0.7716271281242371 -0.4857706129550934 -0.9911882877349854 0.06019105762243271 -0.11799515038728714 -1.9926867485046387
0.12126270681619644 0.7710869908332825 -0.6250762343406677 0.2301080822944641 0.053297389298677444 -0.6338728070259094 -0.7715988159179688 -0.485780268907547 -0.9911885857582092 0.06025123968720436 -0.1179620623588562 -1.9926953315734863
0.12121414393186569 0.7710645198822021 -0.6251132488250732 0.23010912537574768 0.05325945094227791 -0.6339017748832703 -0.7715775966644287 -0.4857669174671173 -0.9911965131759644 0.06023293361067772 -0.11790435016155243 -1.9925997257232666
0.1212441697716713 0.7710253000259399 -0.6251558661460876 0.2301298826932907 0.05319914594292641 -0.6339442729949951 -0.7715468406677246 -0.48578354716300964 -0.9911960959434509 0.060287803411483765 -0.1178799495100975 -1.9924932718276978
0.12116924673318863 0.7710550427436829 -0.6251336932182312 0.23017297685146332 0.05322589352726936 -0.6339148879051208 -0.7715691924095154 -0.48573586344718933 -0.9912038445472717 0.06021716445684433 -0.11785109341144562 -1.9926193952560425
0.12119163572788239 0.7710598111152649 -0.6251235008239746 0.2301795780658722 0.05321121960878372 -0.6339064240455627 -0.7715771198272705 -0.48572662472724915 -0.9912018775939941 0.06024511530995369 -0.11785320192575455 -1.992538332939148
0.1211322695016861 0.7710282206535339 -0.6251739859580994 0.23015514016151428 0.05322059988975525 -0.633950412273407 -0.7715403437614441 -0.4857200086116791 -0.9912086129188538 0.06018630415201187 -0.117826446890831 -1.99260675907135
0.12112889438867569 0.7710233926773071 -0.6251805424690247 0.2301570326089859 0.05319063737988472 -0.6339547634124756 -0.7715387940406799 -0.485705703496933 -0.9912106394767761 0.06020189821720123 -0.1178014799952507 -1.9925265312194824
0.12104693800210953 0.7710364460945129 -0.6251803040504456 0.23013664782047272 0.05318319797515869 -0.6339443325996399 -0.7715478539466858 -0.4857114255428314 -0.9912210702896118 0.06014442816376686 -0.11774322390556335 -1.9927122592926025
0.12108410149812698 0.7710064053535461 -0.625210165977478 0.23012807965278625 0.053174298256635666 -0.6339780688285828 -0.7715207934379578 -0.48569896817207336 -0.9912170171737671 0.060173794627189636 -0.11776240915060043 -1.9926496744155884
0.1210150271654129 0.7710259556770325 -0.6251994371414185 0.23015445470809937 0.053173139691352844 -0.6339591145515442 -0.7715364694595337 -0.48574522137641907 -0.9912254810333252 0.06012369319796562 -0.1177164614200592 -1.9926894903182983
0.1210261732339859 0.7710456252098083 -0.625173032283783 0.23014377057552338 0.05316642299294472 -0.6339336037635803 -0.7715578675270081 -0.4857385456562042 -0.9912245273590088 0.06014048680663109 -0.11771630495786667 -1.9926098585128784
0.1210050955414772 0.7710219621658325 -0.6252062916755676 0.2301293909549713 0.05314105749130249 -0.6339628100395203 -0.7715356349945068 -0.4857881963253021 -0.991228461265564 0.060135625302791595 -0.11768566817045212 -1.9926565885543823
0.1210377886891365 0.77109694480896 -0.62510746717453 0.2301291525363922 0.05322514846920967 -0.633872926235199 -0.7716037034988403 -0.4857775866985321 -0.9912199378013611 0.060121770948171616 -0.11776433885097504 -1.9925849437713623
0.12107449769973755 0.7710325717926025 -0.6251797676086426 0.23008385300636292 0.05312616750597954 -0.6339436173439026 -0.7715524435043335 -0.48576822876930237 -0.9912207722663879 0.06020192429423332 -0.11771642416715622 -1.9926910400390625
0.12103573977947235 0.7710339426994324 -0.6251856088638306 0.2301105409860611 0.05322389677166939 -0.6339507699012756 -0.7715398073196411 -0.4857822358608246 -0.991220235824585 0.06010908633470535 -0.11776814609766006 -1.992771029472351
0.12102789431810379 0.7710301280021667 -0.6251918077468872 0.23010550439357758 0.05320313572883606 -0.6339547634124756 -0.7715379595756531 -0.48578593134880066 -0.9912223219871521 0.06011545658111572 -0.11774744838476181 -1.992719292640686
0.1211579218506813 0.7710168957710266 -0.6251829266548157 0.23012708127498627 0.053206320852041245 -0.6339616179466248 -0.7715321183204651 -0.4857686460018158 -0.9912062883377075 0.06021355465054512 -0.11783245205879211 -1.9927690029144287
0.12110437452793121 0.77100670337677 -0.6252058744430542 0.23012660443782806 0.05317522957921028 -0.6339762806892395 -0.7715221643447876 -0.4857703745365143 -0.9912144541740417 0.060189247131347656 -0.11777577549219131 -1.992705225944519
0.12113367021083832 0.7709418535232544 -0.6252802014350891 0.23014509677886963 0.053242672234773636 -0.6340582370758057 -0.7714502215385437 -0.48576411604881287 -0.9912073016166687 0.060157015919685364 -0.11785281449556351 -1.9926995038986206
0.12110039591789246 0.7709265947341919 -0.6253054141998291 0.2301507592201233 0.05324000492691994 -0.6340793371200562 -0.7714330554008484 -0.48576924204826355 -0.991211473941803 0.06012959033250809 -0.11783140897750854 -1.9926373958587646
0.12113136798143387 0.770926833152771 -0.6252991557121277 0.23013374209403992 0.053213175386190414 -0.6340751051902771 -0.7714383602142334 -0.4858029782772064 -0.9912091493606567 0.06017123907804489 -0.11782986670732498 -1.9927431344985962
