# 3x4 first row second row third row Freq: 100 current Time: 2021-07-28-15:03:27
-0.4179580807685852 0.566742479801178 -0.7100096940994263 0.07420744746923447 0.3472464382648468 -0.6225371956825256 -0.7013323903083801 -0.5523220896720886 -0.8394824266433716 -0.5396760106086731 0.06339531391859055 -2.4956822395324707
-0.4178219139575958 0.5668410658836365 -0.7100111842155457 0.07402493804693222 0.3471153676509857 -0.6226105093955994 -0.701332151889801 -0.5523594617843628 -0.839604377746582 -0.5394878387451172 0.06338125467300415 -2.495511293411255
-0.41785481572151184 0.5668396353721619 -0.7099928855895996 0.07412069290876389 0.3471224009990692 -0.6225864887237549 -0.7013500332832336 -0.5523357391357422 -0.8395851254463196 -0.5395170450210571 0.06338818371295929 -2.4956157207489014
-0.41784876585006714 0.5667850375175476 -0.7100400924682617 0.07402710616588593 0.3470918536186218 -0.6226638555526733 -0.7012963891029358 -0.5524015426635742 -0.8396007418632507 -0.5394850969314575 0.06345304101705551 -2.4955196380615234
-0.417693555355072 0.5666987895965576 -0.7102001905441284 0.0740756168961525 0.34707531332969666 -0.6228581070899963 -0.7011321187019348 -0.552336573600769 -0.839684784412384 -0.5393514037132263 0.06347682327032089 -2.495493173599243
-0.4177370071411133 0.5668057799339294 -0.7100892663002014 0.07409646362066269 0.3470003604888916 -0.6227730512619019 -0.7012447118759155 -0.5524013042449951 -0.8396942019462585 -0.5393372178077698 0.06347372382879257 -2.4954700469970703
-0.4177149832248688 0.5667272806167603 -0.7101648449897766 0.07414994388818741 0.34702417254447937 -0.6228492856025696 -0.7011652588844299 -0.5523384809494019 -0.8396952748298645 -0.5393317341804504 0.06350556761026382 -2.495508909225464
-0.41777563095092773 0.5667248964309692 -0.7101311087608337 0.07416096329689026 0.34700095653533936 -0.6228280663490295 -0.7011955976486206 -0.5523938536643982 -0.839674711227417 -0.5393586754798889 0.0635484978556633 -2.4956045150756836
-0.41782018542289734 0.5668015480041504 -0.7100436687469482 0.07403174042701721 0.3468843698501587 -0.6227989792823792 -0.7012791037559509 -0.5523905158042908 -0.8397006988525391 -0.5393117070198059 0.06360355764627457 -2.495441198348999
-0.41781267523765564 0.5667911767959595 -0.7100563645362854 0.07412292063236237 0.3469393253326416 -0.6227787137031555 -0.7012699246406555 -0.5523713231086731 -0.8396817445755005 -0.5393460392951965 0.06356285512447357 -2.4955296516418457
-0.41777199506759644 0.5667635202407837 -0.710102379322052 0.07404648512601852 0.3468444347381592 -0.6228927373886108 -0.7012155652046204 -0.5523710250854492 -0.8397411704063416 -0.5392434000968933 0.0636485293507576 -2.495405912399292
-0.417792946100235 0.5667410492897034 -0.7101079821586609 0.07413972169160843 0.3468935489654541 -0.6228700876235962 -0.7012113928794861 -0.5523545145988464 -0.8397104740142822 -0.5392931699752808 0.06363207846879959 -2.4954967498779297
-0.41779637336730957 0.5667352080345154 -0.7101106643676758 0.07401934266090393 0.3469012975692749 -0.6228687167167664 -0.701208770275116 -0.5523846745491028 -0.8397055864334106 -0.5393008589744568 0.06363128870725632 -2.4954259395599365
-0.41781461238861084 0.566717267036438 -0.7101143002510071 0.07410252839326859 0.3468758761882782 -0.6228912472724915 -0.7012013792991638 -0.5523624420166016 -0.8397070169448853 -0.5392937660217285 0.06367267668247223 -2.4955241680145264
-0.41766121983528137 0.5667344331741333 -0.7101907730102539 0.07404395192861557 0.3469109535217285 -0.6229490041732788 -0.7011327147483826 -0.552433431148529 -0.8397688269615173 -0.5392090082168579 0.06357541680335999 -2.495523691177368
-0.4175545573234558 0.5667386651039124 -0.7102501392364502 0.07406028360128403 0.3468209505081177 -0.623070240020752 -0.7010695338249207 -0.5523374676704407 -0.8398590087890625 -0.5390645265579224 0.06360915303230286 -2.4955265522003174
-0.41766661405563354 0.5667392611503601 -0.7101837396621704 0.07408742606639862 0.3468468487262726 -0.6229819655418396 -0.7011350989341736 -0.5523948073387146 -0.8397926092147827 -0.5391658544540405 0.0636272206902504 -2.495542049407959
-0.41767993569374084 0.5667575001716614 -0.7101613879203796 0.07418031245470047 0.34680861234664917 -0.6229800581932068 -0.7011557221412659 -0.5523765683174133 -0.8398017883300781 -0.5391488671302795 0.06365007162094116 -2.4956538677215576
-0.41764581203460693 0.5667349100112915 -0.7101994752883911 0.07410234212875366 0.346871018409729 -0.6229839324951172 -0.7011213898658752 -0.55241459608078 -0.8397929668426514 -0.539168119430542 0.06360289454460144 -2.495582342147827
-0.417636901140213 0.5667001008987427 -0.7102324962615967 0.07418428361415863 0.34686651825904846 -0.6230268478393555 -0.7010855078697205 -0.5524035096168518 -0.8397992849349976 -0.539155125617981 0.0636298730969429 -2.4956839084625244
-0.4175984263420105 0.5667381286621094 -0.7102248072624207 0.07412233203649521 0.34683898091316223 -0.6230313777923584 -0.7010951042175293 -0.5524107813835144 -0.8398297429084778 -0.5391099452972412 0.0636102482676506 -2.495650053024292
-0.4174559414386749 0.5667463541030884 -0.71030193567276 0.07413821667432785 0.3467828035354614 -0.623149573802948 -0.7010178565979004 -0.5523068308830261 -0.8399237990379333 -0.5389646887779236 0.06359975785017014 -2.4956324100494385
-0.4174835979938507 0.5667734146118164 -0.7102640867233276 0.0740765854716301 0.34685876965522766 -0.6230565905570984 -0.7010629177093506 -0.5524254441261292 -0.8398786783218384 -0.5390437245368958 0.06352575123310089 -2.4956040382385254
-0.4172971248626709 0.5667513608932495 -0.7103912830352783 0.07401487231254578 0.34689533710479736 -0.6231729984283447 -0.7009413242340088 -0.5524507164955139 -0.8399562239646912 -0.5389323234558105 0.063445083796978 -2.495520830154419
-0.4172840118408203 0.5667793154716492 -0.7103766798973083 0.07410059869289398 0.3468840420246124 -0.6231609582901001 -0.7009576559066772 -0.5524371266365051 -0.8399674296379089 -0.5389168858528137 0.06342858821153641 -2.495638847351074
-0.417309045791626 0.5667438507080078 -0.7103902697563171 0.07401539385318756 0.34690001606941223 -0.6231698393821716 -0.700941801071167 -0.5524150729179382 -0.8399484157562256 -0.538943886756897 0.0634511411190033 -2.495565414428711
-0.4173146188259125 0.5667412281036377 -0.7103890776634216 0.07410935312509537 0.3468790054321289 -0.6231823563575745 -0.7009410858154297 -0.5523959994316101 -0.8399543166160583 -0.5389321446418762 0.06347264349460602 -2.4956858158111572
-0.41748636960983276 0.5667269229888916 -0.710299551486969 0.07404781132936478 0.34691333770751953 -0.623065710067749 -0.7010278105735779 -0.5524311661720276 -0.8398547768592834 -0.5390820503234863 0.06351649016141891 -2.4955289363861084
-0.417344868183136 0.5666581392288208 -0.7104375958442688 0.07409129291772842 0.3469083309173584 -0.6232264041900635 -0.7008874416351318 -0.5523560047149658 -0.8399271965026855 -0.538968563079834 0.06352206319570541 -2.4955365657806396
-0.41754794120788574 0.5666828155517578 -0.7102985978126526 0.0740680992603302 0.34677252173423767 -0.6231606602668762 -0.7010130882263184 -0.5524123311042786 -0.8398823142051697 -0.5390186905860901 0.06368958204984665 -2.4954919815063477
-0.4175626337528229 0.566698431968689 -0.7102774977684021 0.07414175570011139 0.3468095064163208 -0.6231122016906738 -0.7010378837585449 -0.5523769855499268 -0.8398597240447998 -0.5390583276748657 0.06365213543176651 -2.4955837726593018
-0.41774851083755493 0.5667237639427185 -0.7101479768753052 0.07404954731464386 0.346709281206131 -0.6230337023735046 -0.7011571526527405 -0.5524241924285889 -0.8398087024688721 -0.5391223430633545 0.0637832060456276 -2.4956557750701904
-0.41775253415107727 0.5667471885681152 -0.7101269364356995 0.07396437227725983 0.3465574383735657 -0.6231054663658142 -0.7011684775352478 -0.552423894405365 -0.8398693203926086 -0.5390147566795349 0.0638936311006546 -2.495438575744629
-0.4177452027797699 0.5667315125465393 -0.7101437449455261 0.07404548674821854 0.3465726673603058 -0.6231158375740051 -0.7011517286300659 -0.5524094104766846 -0.8398666977882385 -0.5390192866325378 0.06389019638299942 -2.495546817779541
-0.4177818298339844 0.5666117668151855 -0.7102177143096924 0.07404203712940216 0.346554696559906 -0.6232223510742188 -0.7010659575462341 -0.5524263381958008 -0.8398559093475342 -0.5390220284461975 0.0640091672539711 -2.4954352378845215
-0.4178037643432617 0.5665523409843445 -0.7102522253990173 0.07403386384248734 0.3465988039970398 -0.6232388615608215 -0.7010294795036316 -0.5524587631225586 -0.839826762676239 -0.5390654802322388 0.06402534991502762 -2.4955434799194336
-0.41775640845298767 0.5665751695632935 -0.710261881351471 0.07413550466299057 0.3465944528579712 -0.6232490539550781 -0.7010225653648376 -0.5524513125419617 -0.8398521542549133 -0.539029598236084 0.0639946460723877 -2.4956634044647217
-0.41775983572006226 0.5665238499641418 -0.7103008031845093 0.07407751679420471 0.3466176390647888 -0.6232826709747314 -0.7009811997413635 -0.552437424659729 -0.8398408889770508 -0.5390446782112122 0.0640154555439949 -2.4955735206604004
-0.4177280366420746 0.566555380821228 -0.7102943658828735 0.07416851818561554 0.3466354310512543 -0.6232602596282959 -0.7009922862052917 -0.5524245500564575 -0.8398493528366089 -0.5390374064445496 0.06396529823541641 -2.4956846237182617
-0.41779211163520813 0.5664869546890259 -0.710311233997345 0.07413294911384583 0.3466379642486572 -0.6232855916023254 -0.7009685635566711 -0.5524336099624634 -0.8398164510726929 -0.5390800833702087 0.06403809040784836 -2.495581865310669
-0.41772565245628357 0.5663998126983643 -0.7104198336601257 0.0741472840309143 0.346625417470932 -0.6234217286109924 -0.700853705406189 -0.5523339509963989 -0.8398546576499939 -0.5390142202377319 0.06409086287021637 -2.495537042617798
-0.4177055060863495 0.5665497779846191 -0.7103120684623718 0.07409720867872238 0.3466866910457611 -0.6232471466064453 -0.7009786367416382 -0.5524635314941406 -0.8398393988609314 -0.5390584468841553 0.06391867995262146 -2.4956412315368652
-0.41764506697654724 0.5665761232376099 -0.710326611995697 0.07399000972509384 0.3467291593551636 -0.6232322454452515 -0.7009709477424622 -0.5524729490280151 -0.8398519158363342 -0.5390480756759644 0.06384158134460449 -2.4955127239227295
-0.4176640808582306 0.5665622353553772 -0.7103264927864075 0.07406815141439438 0.3467153310775757 -0.6232427358627319 -0.7009683847427368 -0.5524638891220093 -0.8398481607437134 -0.5390505194664001 0.06387048214673996 -2.495619058609009
-0.4176214933395386 0.5666173100471497 -0.7103075981140137 0.07401416450738907 0.3467007279396057 -0.6232247352600098 -0.7009916305541992 -0.5524793267250061 -0.8398754000663757 -0.5390134453773499 0.0638255625963211 -2.49554705619812
-0.4176225960254669 0.5666416883468628 -0.7102875113487244 0.07409849762916565 0.3467070460319519 -0.6231959462165833 -0.7010141015052795 -0.5524740815162659 -0.8398722410202026 -0.5390211343765259 0.06380221247673035 -2.495647430419922
-0.4177471697330475 0.5666962265968323 -0.7101707458496094 0.07408161461353302 0.3467068672180176 -0.6230632662773132 -0.7011321187019348 -0.5524946451187134 -0.8398103713989258 -0.5391170978546143 0.06380560994148254 -2.495637893676758
-0.41761314868927 0.5666419863700867 -0.7102928161621094 0.07408832013607025 0.34669554233551025 -0.6232089996337891 -0.7010082006454468 -0.5523776412010193 -0.8398816585540771 -0.539005696773529 0.06380819529294968 -2.495532751083374
-0.4177258610725403 0.5667228102684021 -0.7101620435714722 0.07405229657888412 0.3466744124889374 -0.6230713725090027 -0.7011409401893616 -0.5524529218673706 -0.8398343324661255 -0.5390798449516296 0.06380490958690643 -2.495617151260376
-0.4175586998462677 0.5666468143463135 -0.7103209495544434 0.07408549636602402 0.34667637944221497 -0.6232510209083557 -0.7009803056716919 -0.5523606538772583 -0.8399166464805603 -0.5389520525932312 0.06380097568035126 -2.4955685138702393
-0.41758546233177185 0.5667137503623962 -0.7102518677711487 0.07409960776567459 0.3466806709766388 -0.6231653094291687 -0.7010543942451477 -0.5524264574050903 -0.8399015665054321 -0.5389808416366577 0.06375623494386673 -2.4956798553466797
-0.41756126284599304 0.566678524017334 -0.7102941870689392 0.07412010431289673 0.3467230200767517 -0.6231881976127625 -0.7010130882263184 -0.5523310303688049 -0.8398961424827576 -0.5389913320541382 0.06373892724514008 -2.4956815242767334
-0.4177529513835907 0.5666338205337524 -0.7102171182632446 0.07408009469509125 0.3467317223548889 -0.6231052875518799 -0.7010824680328369 -0.5524057149887085 -0.8397971987724304 -0.5391342043876648 0.0638343095779419 -2.4955899715423584
-0.41766294836997986 0.5665323734283447 -0.7103509306907654 0.07410981506109238 0.3467462956905365 -0.6232530474662781 -0.7009439468383789 -0.5523053407669067 -0.8398359417915344 -0.5390699505805969 0.06386686116456985 -2.4955477714538574
-0.41771283745765686 0.5666440725326538 -0.7102325558662415 0.07406235486268997 0.3467656970024109 -0.6230987310409546 -0.7010715007781982 -0.552394688129425 -0.839803159236908 -0.5391309261322021 0.06378377228975296 -2.4955894947052
-0.4176954925060272 0.5665932297706604 -0.7102832794189453 0.0740140900015831 0.34678980708122253 -0.6231444478034973 -0.7010189294815063 -0.5523933172225952 -0.8398017883300781 -0.5391315221786499 0.06379605084657669 -2.495561361312866
-0.4176822602748871 0.5666075944900513 -0.710279643535614 0.0741042047739029 0.3467743992805481 -0.6231485605239868 -0.7010229229927063 -0.5523654222488403 -0.8398147225379944 -0.5391117334365845 0.06379329413175583 -2.4956562519073486
-0.4177892208099365 0.5665546655654907 -0.710258960723877 0.07405711710453033 0.3467595875263214 -0.6231425404548645 -0.7010356187820435 -0.5524068474769592 -0.8397676348686218 -0.5391743183135986 0.06388415396213531 -2.4955689907073975
-0.4177740812301636 0.566595196723938 -0.7102355360984802 0.07415971904993057 0.34671542048454285 -0.6231404542922974 -0.7010592818260193 -0.5523796081542969 -0.8397934436798096 -0.5391340851783752 0.06388481706380844 -2.4956624507904053
-0.4177480936050415 0.5665306448936462 -0.7103022336959839 0.07405851781368256 0.3467905819416046 -0.6231723427772522 -0.7009937763214111 -0.5524137616157532 -0.8397753238677979 -0.5391650199890137 0.06386173516511917 -2.4955310821533203
-0.4177093207836151 0.5665454864501953 -0.7103132605552673 0.0741524025797844 0.34679657220840454 -0.6231784820556641 -0.700985312461853 -0.5523930788040161 -0.8397921323776245 -0.5391424298286438 0.06383159756660461 -2.4956235885620117
-0.417502760887146 0.5665323734283447 -0.7104451060295105 0.07403822988271713 0.34691959619522095 -0.6232432723045349 -0.7008668780326843 -0.5524430274963379 -0.8398440480232239 -0.5390812754631042 0.0636647567152977 -2.495525598526001
-0.41751396656036377 0.5665216445922852 -0.7104470729827881 0.0741165354847908 0.3469274342060089 -0.6232417225837708 -0.7008643746376038 -0.5524305105209351 -0.8398352265357971 -0.5390943288803101 0.06367039680480957 -2.495607852935791
-0.4176221191883087 0.5665286779403687 -0.7103779315948486 0.07401365041732788 0.346771240234375 -0.6232665777206421 -0.7009195685386658 -0.5523751974105835 -0.8398459553718567 -0.5390582084655762 0.06383421272039413 -2.495408296585083
-0.4174947440624237 0.5664952397346497 -0.7104794383049011 0.07402858883142471 0.3467770516872406 -0.6233764290809631 -0.7008189558982849 -0.5522934794425964 -0.8399068713188171 -0.5389662981033325 0.06380900740623474 -2.495384693145752
-0.41759181022644043 0.566577672958374 -0.7103566527366638 0.07401040941476822 0.34674790501594543 -0.6232523918151855 -0.7009437084197998 -0.5524126887321472 -0.8398706912994385 -0.5390231609344482 0.06380562484264374 -2.495378017425537
-0.4175648093223572 0.5665870904922485 -0.7103650569915771 0.07408717274665833 0.3467341363430023 -0.6232690215110779 -0.7009357213973999 -0.552399218082428 -0.8398897647857666 -0.5389940142631531 0.06380029022693634 -2.4954488277435303
-0.41756054759025574 0.5665470361709595 -0.7103994488716125 0.07398197054862976 0.34674134850502014 -0.6233066320419312 -0.7008987665176392 -0.5524418354034424 -0.8398889303207397 -0.5389926433563232 0.06382312625646591 -2.4954018592834473
-0.41753602027893066 0.5665449500083923 -0.7104155421257019 0.07405886799097061 0.34676116704940796 -0.623311460018158 -0.7008846402168274 -0.5524322986602783 -0.8398929238319397 -0.538989245891571 0.06379935145378113 -2.4954757690429688
-0.41745686531066895 0.5666257739067078 -0.7103976011276245 0.07400590926408768 0.34667015075683594 -0.6233402490615845 -0.7009040117263794 -0.5524781942367554 -0.8399698734283447 -0.5388709306716919 0.063785620033741 -2.4953396320343018
-0.4173980951309204 0.5666343569755554 -0.7104252576828003 0.07392631471157074 0.3465656638145447 -0.6234359741210938 -0.7008705735206604 -0.5524308085441589 -0.8400421738624573 -0.5387511849403381 0.06384513527154922 -2.4952170848846436
-0.4173550307750702 0.5666661262512207 -0.7104252576828003 0.07398993521928787 0.3465379774570465 -0.6234496831893921 -0.7008720636367798 -0.5524148941040039 -0.8400749564170837 -0.5387019515037537 0.06382870674133301 -2.495288133621216
-0.41730189323425293 0.566733181476593 -0.7104029655456543 0.07398813962936401 0.34639251232147217 -0.6235103607177734 -0.7008900046348572 -0.552453339099884 -0.8401613831520081 -0.5385611057281494 0.0638800710439682 -2.4952056407928467
-0.41728153824806213 0.5667373538017273 -0.7104116082191467 0.07407031953334808 0.34640923142433167 -0.6235083937644958 -0.7008834481239319 -0.5524492859840393 -0.8401646018028259 -0.5385589599609375 0.06385564804077148 -2.49528431892395
-0.41727757453918457 0.5667402744293213 -0.7104116082191467 0.07401704043149948 0.3464621901512146 -0.62347412109375 -0.7008878588676453 -0.5524764657020569 -0.840144693851471 -0.5385956168174744 0.06380786001682281 -2.495253324508667
-0.4172787368297577 0.5667256116867065 -0.7104226350784302 0.07410582154989243 0.34644103050231934 -0.6235013604164124 -0.7008740305900574 -0.5524695515632629 -0.8401528596878052 -0.5385794639587402 0.06383701413869858 -2.4953365325927734
-0.4172498881816864 0.5667179822921753 -0.7104456424713135 0.07400902360677719 0.3464662432670593 -0.6235109567642212 -0.7008529901504517 -0.5524442791938782 -0.8401567935943604 -0.5385763645172119 0.06381140649318695 -2.495300531387329
-0.417356014251709 0.5666036009788513 -0.7104745507240295 0.07413933426141739 0.3465554714202881 -0.6234995126724243 -0.7008191347122192 -0.5524696111679077 -0.8400672674179077 -0.5387099981307983 0.06386186182498932 -2.495441436767578
-0.41749343276023865 0.5665870308876038 -0.710407018661499 0.07411593198776245 0.3464762568473816 -0.6234796643257141 -0.7008758783340454 -0.5524998307228088 -0.8400316834449768 -0.5387503504753113 0.06398989260196686 -2.4956021308898926
-0.4176558554172516 0.5665883421897888 -0.7103105187416077 0.07406692206859589 0.34656020998954773 -0.6233217716217041 -0.7009748816490173 -0.5525438189506531 -0.8399162888526917 -0.5389317274093628 0.06397716701030731 -2.495663642883301
-0.41755953431129456 0.5665258169174194 -0.7104169726371765 0.07418125867843628 0.3465677797794342 -0.6234395503997803 -0.7008663415908813 -0.5524277091026306 -0.839961051940918 -0.5388611555099487 0.06398371607065201 -2.4957735538482666
-0.41771093010902405 0.5665019750595093 -0.7103469967842102 0.07422394305467606 0.34648215770721436 -0.6234221458435059 -0.7009241580963135 -0.5524495244026184 -0.8399211168289185 -0.5389063358306885 0.0641276016831398 -2.495849132537842
-0.4176505208015442 0.566546618938446 -0.7103468775749207 0.07404392212629318 0.34651756286621094 -0.6233935952186584 -0.7009320259094238 -0.5524261593818665 -0.8399365544319153 -0.538892388343811 0.06404247879981995 -2.4956605434417725
-0.41754111647605896 0.5667029023170471 -0.710286557674408 0.07404039055109024 0.3464653193950653 -0.6233422160148621 -0.7010035514831543 -0.5523544549942017 -0.8400124907493591 -0.5387876033782959 0.0639282613992691 -2.4954731464385986
-0.4174177646636963 0.566627025604248 -0.7104195952415466 0.07412926107645035 0.3464982211589813 -0.6234740614891052 -0.7008700370788574 -0.5523378849029541 -0.8400602340698242 -0.5387148261070251 0.06391407549381256 -2.4955523014068604
-0.4175501763820648 0.5665894746780396 -0.710371732711792 0.07409045100212097 0.34647202491760254 -0.6234440803527832 -0.7009096145629883 -0.5523943901062012 -0.8400052189826965 -0.5387889742851257 0.06401196867227554 -2.4955344200134277
-0.41756442189216614 0.5665035247802734 -0.7104319334030151 0.07403349876403809 0.3464246094226837 -0.623550295829773 -0.700838565826416 -0.5524271130561829 -0.8400176763534546 -0.5387564301490784 0.06412182748317719 -2.495485782623291
-0.4175717234611511 0.5665035247802734 -0.7104275822639465 0.07410889118909836 0.3464469611644745 -0.6235313415527344 -0.7008444666862488 -0.5524140000343323 -0.8400048613548279 -0.5387784242630005 0.0641057938337326 -2.4955828189849854
-0.4175363779067993 0.5665233731269836 -0.7104325294494629 0.07405003160238266 0.3463920056819916 -0.6235693097114563 -0.7008377909660339 -0.5524129271507263 -0.8400450348854065 -0.5387135148048401 0.06412388384342194 -2.4955227375030518
-0.4175321161746979 0.5665196180343628 -0.7104380130767822 0.07412360608577728 0.3463912308216095 -0.6235762238502502 -0.7008320093154907 -0.5524007081985474 -0.8400475382804871 -0.5387094616889954 0.06412585824728012 -2.495615243911743
-0.417713463306427 0.566445529460907 -0.7103905081748962 0.07399951666593552 0.3462686836719513 -0.6236132383346558 -0.7008596658706665 -0.5524420738220215 -0.8400079011917114 -0.5387446284294128 0.0643494725227356 -2.4955344200134277
-0.4176759123802185 0.5664665102958679 -0.710395872592926 0.07406856119632721 0.346249520778656 -0.623628556728363 -0.7008554935455322 -0.5524333119392395 -0.8400344848632812 -0.5387047529220581 0.06433604657649994 -2.4956235885620117
-0.4176711142063141 0.5665345788002014 -0.7103444337844849 0.07396183162927628 0.34631839394569397 -0.6235202550888062 -0.7009178400039673 -0.5524447560310364 -0.8400084376335144 -0.5387585759162903 0.06422524154186249 -2.4954843521118164
-0.4177058935165405 0.5665568113327026 -0.7103062272071838 0.07403913140296936 0.3462785482406616 -0.6235018968582153 -0.7009538412094116 -0.5524396300315857 -0.8400076031684875 -0.5387564897537231 0.06425413489341736 -2.4955742359161377
-0.4177682399749756 0.566390872001648 -0.7104018926620483 0.07409670203924179 0.34619998931884766 -0.6236765384674072 -0.700837254524231 -0.5524395704269409 -0.8400089740753174 -0.5387287735939026 0.0644679069519043 -2.4955923557281494
-0.4176454544067383 0.5663533210754395 -0.7105039954185486 0.07413361966609955 0.3462293744087219 -0.623772382736206 -0.700737476348877 -0.5523606538772583 -0.840057909488678 -0.5386572480201721 0.06442771106958389 -2.4955801963806152
-0.417683869600296 0.5665070414543152 -0.7103588581085205 0.07407388091087341 0.3462574779987335 -0.6235784292221069 -0.700896143913269 -0.5524693131446838 -0.8400272130966187 -0.5387201905250549 0.0643015205860138 -2.4956259727478027
-0.4177943766117096 0.5664678812026978 -0.7103251218795776 0.07413050532341003 0.346310555934906 -0.6235131025314331 -0.7009280323982239 -0.5524433851242065 -0.8399503827095032 -0.5388370156288147 0.06432664394378662 -2.495706081390381
-0.41790369153022766 0.5666477084159851 -0.7101173400878906 0.07407356798648834 0.3463020920753479 -0.6232717633247375 -0.7011468410491943 -0.5525147318840027 -0.839899480342865 -0.5389270782470703 0.06423646211624146 -2.4957518577575684
-0.4177997410297394 0.5665494799613953 -0.7102568745613098 0.0740625336766243 0.34629082679748535 -0.6234418749809265 -0.7010011672973633 -0.552402675151825 -0.8399558663368225 -0.5388336777687073 0.06428312510251999 -2.4956893920898438
-0.4179689288139343 0.5666384696960449 -0.7100863456726074 0.07407204806804657 0.34625792503356934 -0.6232679486274719 -0.7011720538139343 -0.5524803996086121 -0.8398852348327637 -0.5389412641525269 0.06430374830961227 -2.4956564903259277
-0.41807785630226135 0.5666075348854065 -0.7100468873977661 0.07407518476247787 0.3460976481437683 -0.6233323216438293 -0.7011939883232117 -0.5524274706840515 -0.839897096157074 -0.5388993620872498 0.06450006365776062 -2.495565891265869
-0.41828787326812744 0.5665774345397949 -0.7099471688270569 0.07410997152328491 0.3460977077484131 -0.6232288479804993 -0.7012858986854553 -0.5524643659591675 -0.8397924900054932 -0.5390505790710449 0.06459808349609375 -2.495584726333618
-0.41825971007347107 0.5665423274040222 -0.7099918127059937 0.07402627170085907 0.34615522623062134 -0.6232444643974304 -0.7012436389923096 -0.5524607300758362 -0.8397827744483948 -0.539069414138794 0.06456662714481354 -2.495638847351074
-0.4183445870876312 0.5664854049682617 -0.709987223148346 0.07405184209346771 0.3460708260536194 -0.6233010292053223 -0.7012349963188171 -0.5525286793708801 -0.8397753238677979 -0.5390638709068298 0.06471072137355804 -2.4955806732177734
-0.4183310568332672 0.5664474368095398 -0.7100254893302917 0.07404355704784393 0.3460902273654938 -0.6233347058296204 -0.7011955380439758 -0.5524401068687439 -0.8397740125656128 -0.539064884185791 0.06471851468086243 -2.4955663681030273
-0.4184066355228424 0.5665180087089539 -0.7099246382713318 0.0739692822098732 0.34610360860824585 -0.6232084631919861 -0.701301097869873 -0.5525040030479431 -0.8397308588027954 -0.5391366481781006 0.0646808072924614 -2.495657444000244
-0.41835635900497437 0.5664315819740295 -0.7100232243537903 0.0739959105849266 0.3461343050003052 -0.6233060359954834 -0.7011992335319519 -0.552456259727478 -0.8397432565689087 -0.5391146540641785 0.06470279395580292 -2.495702028274536
-0.4184247553348541 0.5664864182472229 -0.709939181804657 0.07400055974721909 0.3461024761199951 -0.623228907585144 -0.7012834548950195 -0.5525150895118713 -0.8397223353385925 -0.5391461849212646 0.06471223384141922 -2.495758056640625
-0.41848263144493103 0.5664494037628174 -0.7099345922470093 0.0740688294172287 0.34617114067077637 -0.6231846809387207 -0.7012889385223389 -0.5525149703025818 -0.8396651744842529 -0.5392361879348755 0.06470371037721634 -2.495887041091919
-0.4185848534107208 0.5663919448852539 -0.7099202275276184 0.0740320160984993 0.34611788392066956 -0.6232107877731323 -0.7012919783592224 -0.552548885345459 -0.8396362066268921 -0.5392663478851318 0.06482840329408646 -2.4958324432373047
-0.41853398084640503 0.5663994550704956 -0.7099441885948181 0.07392646372318268 0.3462514281272888 -0.6231498718261719 -0.7012802362442017 -0.5525168776512146 -0.8396064639091492 -0.5393288731575012 0.06469294428825378 -2.4956464767456055
-0.41840168833732605 0.5663412809371948 -0.7100685834884644 0.07395856827497482 0.3462521731853485 -0.6232907772064209 -0.7011545896530151 -0.552473247051239 -0.8396720886230469 -0.5392271280288696 0.06468919664621353 -2.495673179626465
-0.4185822606086731 0.5662885308265686 -0.7100042104721069 0.07398051768541336 0.3462429940700531 -0.623234212398529 -0.7012094259262085 -0.5524700880050659 -0.8395859003067017 -0.5393478870391846 0.06480153650045395 -2.4956398010253906
-0.4185790717601776 0.5663071870803833 -0.7099911570549011 0.07404889911413193 0.34624725580215454 -0.6232150197029114 -0.7012243270874023 -0.5524542927742004 -0.8395857214927673 -0.5393504500389099 0.06478263437747955 -2.4957275390625
-0.41861799359321594 0.5663378834724426 -0.7099437713623047 0.0740322470664978 0.3464112877845764 -0.6230546236038208 -0.7012858986854553 -0.5525460839271545 -0.8394986391067505 -0.5395035147666931 0.0646362155675888 -2.495727062225342
-0.41872137784957886 0.5663007497787476 -0.7099124193191528 0.07408936321735382 0.3464522361755371 -0.622999370098114 -0.7013147473335266 -0.5525146722793579 -0.8394301533699036 -0.5396063327789307 0.06466717272996902 -2.495800018310547
-0.41869857907295227 0.5663378834724426 -0.7098962664604187 0.07405366748571396 0.34649479389190674 -0.6229498386383057 -0.7013377547264099 -0.5525779724121094 -0.8394239544868469 -0.5396245718002319 0.06459525972604752 -2.495907783508301
-0.4185972809791565 0.5663050413131714 -0.70998215675354 0.07402510941028595 0.3464879095554352 -0.6230509877204895 -0.7012512683868408 -0.552466630935669 -0.8394773602485657 -0.5395421981811523 0.0645897388458252 -2.4958062171936035
-0.41866034269332886 0.5663569569587708 -0.7099035382270813 0.07400832325220108 0.34650105237960815 -0.6229512095451355 -0.7013334035873413 -0.5525034070014954 -0.8394404649734497 -0.5396028757095337 0.06456185132265091 -2.495835542678833
-0.4185912311077118 0.5662830471992493 -0.7100032567977905 0.07404206693172455 0.3465021550655365 -0.6230673789978027 -0.7012296319007874 -0.5524466633796692 -0.8394744992256165 -0.5395463705062866 0.06459242105484009 -2.495846748352051
-0.41855588555336 0.5663533210754395 -0.709968090057373 0.07402829080820084 0.34657904505729675 -0.6229709982872009 -0.7012772560119629 -0.5525079369544983 -0.8394603729248047 -0.5395839214324951 0.06446217000484467 -2.4959096908569336
-0.41843846440315247 0.5662914514541626 -0.7100866436958313 0.07404635101556778 0.3465516269207001 -0.6231243014335632 -0.7011546492576599 -0.5524393916130066 -0.8395302295684814 -0.5394718647003174 0.06449013948440552 -2.4958724975585938
-0.4183546304702759 0.5663893818855286 -0.7100579142570496 0.07402602583169937 0.3466777801513672 -0.6229996681213379 -0.7012029886245728 -0.5524957776069641 -0.8395199179649353 -0.5395129323005676 0.06428036838769913 -2.495906352996826
-0.41821691393852234 0.5663130283355713 -0.7101999521255493 0.07405029237270355 0.3466663658618927 -0.6231697797775269 -0.701057493686676 -0.5524258613586426 -0.839593231678009 -0.5393966436386108 0.06429863721132278 -2.495866298675537
-0.41835451126098633 0.566400945186615 -0.7100487351417542 0.07407532632350922 0.34656399488449097 -0.6230614185333252 -0.7012043595314026 -0.5524482131004333 -0.8395669460296631 -0.5394294261932373 0.06436654925346375 -2.4957921504974365
-0.4182744026184082 0.5663566589355469 -0.7101312875747681 0.07407944649457932 0.3465641736984253 -0.6231558918952942 -0.7011203169822693 -0.5523570775985718 -0.839606761932373 -0.5393668413162231 0.06437142938375473 -2.49574875831604
-0.4183274805545807 0.566453754901886 -0.7100225687026978 0.07405586540699005 0.34659314155578613 -0.6230077147483826 -0.701237678527832 -0.5524401664733887 -0.8395683765411377 -0.5394360423088074 0.06429246068000793 -2.4957621097564697
-0.4182722568511963 0.5664812326431274 -0.7100331783294678 0.07396049052476883 0.34652429819107056 -0.623059868812561 -0.7012253999710083 -0.5524682998657227 -0.8396243453025818 -0.5393469333648682 0.06430933624505997 -2.4956743717193604
-0.41827696561813354 0.566486120223999 -0.7100265026092529 0.07402656227350235 0.34650900959968567 -0.6230618953704834 -0.7012311816215515 -0.5524507164955139 -0.839628279209137 -0.539339542388916 0.06432006508111954 -2.495755434036255
-0.4183183014392853 0.5665177702903748 -0.709976851940155 0.07400535047054291 0.34646573662757874 -0.6230321526527405 -0.7012789249420166 -0.5525735020637512 -0.8396255373954773 -0.539340615272522 0.06434692442417145 -2.495798110961914
-0.41831687092781067 0.5664961338043213 -0.7099950313568115 0.07407739013433456 0.34650203585624695 -0.6230311393737793 -0.7012618780136108 -0.552573025226593 -0.839611291885376 -0.5393645167350769 0.06433256715536118 -2.4958887100219727
-0.41819560527801514 0.5665227770805359 -0.7100451588630676 0.07401552051305771 0.3465802073478699 -0.6230315566062927 -0.7012229561805725 -0.5525436401367188 -0.83963942527771 -0.5393360257148743 0.06420363485813141 -2.4958271980285645
-0.4180966913700104 0.5664910674095154 -0.7101287245750427 0.0740327537059784 0.34656190872192383 -0.623137354850769 -0.7011379599571228 -0.5524562001228333 -0.8396962285041809 -0.5392470955848694 0.06420760601758957 -2.495783567428589
-0.41815894842147827 0.5666103363037109 -0.7099969387054443 0.07408953458070755 0.3465512990951538 -0.622986912727356 -0.7012768387794495 -0.5524643063545227 -0.8396695852279663 -0.5392956733703613 0.0641481876373291 -2.495818614959717
-0.4181629419326782 0.5665969848632812 -0.7100051641464233 0.07417573779821396 0.3464782238006592 -0.6230444312095642 -0.7012618184089661 -0.5524427890777588 -0.8396977782249451 -0.5392431616783142 0.06422074884176254 -2.4959185123443604
-0.4182322025299072 0.5666492581367493 -0.7099226713180542 0.07410701364278793 0.34652331471443176 -0.6229199171066284 -0.701350212097168 -0.5525050163269043 -0.8396446704864502 -0.5393320918083191 0.06416814774274826 -2.4959402084350586
-0.4181895852088928 0.5667335987091064 -0.7098804712295532 0.07402519881725311 0.34654322266578674 -0.6228508353233337 -0.7014017105102539 -0.5524678826332092 -0.8396576642990112 -0.5393232703208923 0.06407220661640167 -2.4957544803619385
-0.41817718744277954 0.5667128562927246 -0.7099043130874634 0.07409939169883728 0.3465576469898224 -0.6228699684143066 -0.7013775706291199 -0.5524476766586304 -0.8396579027175903 -0.5393229722976685 0.06407152116298676 -2.495832920074463
-0.4181819260120392 0.566764235496521 -0.7098605036735535 0.07403721660375595 0.346597284078598 -0.6227906942367554 -0.7014284133911133 -0.5524596571922302 -0.8396391868591309 -0.539360523223877 0.06400104612112045 -2.4957456588745117
-0.4181983470916748 0.5667816400527954 -0.7098369598388672 0.07410529255867004 0.34658190608024597 -0.6227729916572571 -0.7014517188072205 -0.5524435043334961 -0.8396373987197876 -0.5393626689910889 0.06400655210018158 -2.495821952819824
-0.4182402193546295 0.5667569637298584 -0.709831953048706 0.0739884078502655 0.3466150462627411 -0.6227495074272156 -0.7014561891555786 -0.5524625778198242 -0.8396028280258179 -0.5394157767295837 0.0640125572681427 -2.495649814605713
-0.4182225465774536 0.5668070912361145 -0.7098023891448975 0.07404125481843948 0.3465697765350342 -0.6227402687072754 -0.7014867663383484 -0.552451491355896 -0.8396303057670593 -0.5393736958503723 0.06400598585605621 -2.4957151412963867
-0.41835469007492065 0.5667796730995178 -0.7097464203834534 0.0740087628364563 0.3466528356075287 -0.6226301193237305 -0.7015435099601746 -0.5525817275047302 -0.8395301699638367 -0.5395296812057495 0.06400462239980698 -2.495727062225342
-0.4182732105255127 0.5667906999588013 -0.7097855806350708 0.07394204288721085 0.3466399908065796 -0.6226791739463806 -0.7015063166618347 -0.5525319576263428 -0.8395760655403137 -0.5394614338874817 0.06397788971662521 -2.495607376098633
-0.41829565167427063 0.5667771697044373 -0.7097831964492798 0.07399555295705795 0.34664490818977356 -0.6226751208305359 -0.7015074491500854 -0.5525318384170532 -0.8395628929138184 -0.5394803285598755 0.06399206817150116 -2.4957265853881836
-0.41818395256996155 0.5666626691818237 -0.7099403738975525 0.07397056370973587 0.34668850898742676 -0.6228311657905579 -0.7013473510742188 -0.5524571537971497 -0.8396005034446716 -0.539420485496521 0.06400274485349655 -2.4956536293029785
-0.4182007908821106 0.5667493939399719 -0.7098612189292908 0.07396911829710007 0.346693217754364 -0.6227318048477173 -0.7014333009719849 -0.5525373816490173 -0.8395901918411255 -0.5394441485404968 0.0639389306306839 -2.495619773864746
-0.4180779457092285 0.5668157339096069 -0.7098806500434875 0.07394897937774658 0.3467627763748169 -0.622699499130249 -0.7014275789260864 -0.5525170564651489 -0.8396226167678833 -0.5394116640090942 0.06378650665283203 -2.495586633682251
-0.4180762767791748 0.5668257474899292 -0.709873616695404 0.07399231195449829 0.3467146158218384 -0.6227216124534607 -0.7014317512512207 -0.5525033473968506 -0.8396433591842651 -0.5393756031990051 0.06381851434707642 -2.4956471920013428
-0.4178752899169922 0.5668457746505737 -0.7099759578704834 0.07396294176578522 0.346683144569397 -0.6228495836257935 -0.7013337016105652 -0.5525346398353577 -0.839756429195404 -0.5392068028450012 0.0637577623128891 -2.4955878257751465
-0.4178607165813446 0.5668399930000305 -0.7099891304969788 0.07400719821453094 0.34669482707977295 -0.6228570342063904 -0.7013213038444519 -0.5525233745574951 -0.8397588133811951 -0.5392042994499207 0.06374716013669968 -2.495643138885498
-0.41791269183158875 0.5667460560798645 -0.7100335955619812 0.07396528869867325 0.3465766906738281 -0.622992753982544 -0.7012591361999512 -0.5524638295173645 -0.8397817015647888 -0.5391463041305542 0.0639357715845108 -2.4955332279205322
-0.4179452359676361 0.5667359828948975 -0.7100224494934082 0.07401440292596817 0.3465704619884491 -0.6229860186576843 -0.701268196105957 -0.552440881729126 -0.83976811170578 -0.5391646027565002 0.06396026909351349 -2.4955880641937256
-0.4178738296031952 0.5669358372688293 -0.7099049091339111 0.07386140525341034 0.3464795649051666 -0.6228922009468079 -0.7013964056968689 -0.5524468421936035 -0.8398411273956299 -0.5390628576278687 0.06385883688926697 -2.4954230785369873
-0.4177300035953522 0.5668239593505859 -0.7100788354873657 0.07394582778215408 0.3464738428592682 -0.6230975389480591 -0.7012168169021606 -0.5524408221244812 -0.8399150371551514 -0.5389431715011597 0.0638970360159874 -2.4954512119293213
-0.41788744926452637 0.5667580366134644 -0.7100389003753662 0.07396867126226425 0.34642213582992554 -0.6230961084365845 -0.7012436389923096 -0.5524128079414368 -0.8398580551147461 -0.5390142202377319 0.0640466958284378 -2.495384454727173
-0.41780343651771545 0.5666848421096802 -0.7101466655731201 0.07401175051927567 0.3463931083679199 -0.6232402324676514 -0.7011299133300781 -0.5523694157600403 -0.8399118185043335 -0.538924515247345 0.06409633904695511 -2.4953670501708984
-0.4178208112716675 0.5668533444404602 -0.7100019454956055 0.07395928353071213 0.34630587697029114 -0.6231188178062439 -0.701280951499939 -0.5524933338165283 -0.8399391770362854 -0.5388877391815186 0.06404752284288406 -2.4953083992004395
-0.4177686274051666 0.566849410533905 -0.7100358009338379 0.07392982393503189 0.3462689518928528 -0.6231794357299805 -0.7012453079223633 -0.5525216460227966 -0.8399803638458252 -0.5388217568397522 0.06406262516975403 -2.495349645614624
-0.417802095413208 0.5668521523475647 -0.7100139260292053 0.07398450374603271 0.3462448716163635 -0.6231709718704224 -0.7012646794319153 -0.5525128841400146 -0.8399736285209656 -0.5388286709785461 0.06409265846014023 -2.495398759841919
-0.4177621901035309 0.5668613910675049 -0.7100300192832947 0.07394245266914368 0.3462732434272766 -0.6231688857078552 -0.7012525200843811 -0.5525153875350952 -0.839981734752655 -0.538821280002594 0.06404764205217361 -2.495426654815674
-0.41777655482292175 0.5668764710426331 -0.7100095748901367 0.073990099132061 0.3462771475315094 -0.6231424808502197 -0.7012740969657898 -0.5525042414665222 -0.8399730324745178 -0.5388360619544983 0.06403812021017075 -2.4954798221588135
-0.41777870059013367 0.5667708516120911 -0.7100926637649536 0.07398868352174759 0.346250981092453 -0.6232621669769287 -0.7011805772781372 -0.5525099039077759 -0.8399827480316162 -0.5388087034225464 0.06414087861776352 -2.495480537414551
-0.41779929399490356 0.5667561888694763 -0.7100921869277954 0.07404973357915878 0.3462424874305725 -0.6232690215110779 -0.7011787295341492 -0.5524937510490417 -0.8399759531021118 -0.5388161540031433 0.06416645646095276 -2.495540142059326
-0.4176987111568451 0.5667204260826111 -0.7101799249649048 0.07406555861234665 0.34618842601776123 -0.6234027743339539 -0.7010865211486816 -0.5524158477783203 -0.8400483131408691 -0.5386990904808044 0.06420265883207321 -2.4954867362976074
-0.41774094104766846 0.5667023658752441 -0.7101694941520691 0.07410375028848648 0.3462533950805664 -0.6233521699905396 -0.7010993957519531 -0.5524181723594666 -0.8400005102157593 -0.5387766361236572 0.06417728960514069 -2.4955315589904785
-0.41788652539253235 0.566800594329834 -0.7100054025650024 0.07405586540699005 0.34630221128463745 -0.6231315732002258 -0.7012713551521301 -0.5525323152542114 -0.8399080038070679 -0.5389283895492554 0.06411415338516235 -2.495697498321533
