# 3x4 first row second row third row Freq: 100 current Time: 2021-07-31-11:37:37
0.6782324314117432 0.19939923286437988 -0.7072769403457642 0.19079965353012085 0.09956454485654831 -0.9785410761833191 -0.1803995817899704 -0.577363908290863 -0.7280711531639099 0.05193313956260681 -0.6835314035415649 -1.8090842962265015
0.6782302856445312 0.19938549399375916 -0.7072829008102417 0.1907910257577896 0.09953803569078445 -0.9785427451133728 -0.18040522933006287 -0.5773495435714722 -0.7280768156051636 0.0519547276198864 -0.6835237145423889 -1.8091108798980713
0.6780722141265869 0.1993888020515442 -0.7074334621429443 0.19072996079921722 0.09953318536281586 -0.9785444140434265 -0.18039877712726593 -0.5774251818656921 -0.7282246947288513 0.05191028118133545 -0.6833695769309998 -1.8091119527816772
0.678059995174408 0.1993786096572876 -0.7074480652809143 0.1907080113887787 0.09951960295438766 -0.9785462617874146 -0.1803962141275406 -0.577419638633728 -0.7282378673553467 0.05191450193524361 -0.6833551526069641 -1.8091448545455933
0.6781232953071594 0.19944393634796143 -0.7073689699172974 0.1907799243927002 0.09956929087638855 -0.9785320162773132 -0.18044620752334595 -0.5774468183517456 -0.7281721234321594 0.051932550966739655 -0.6834238171577454 -1.8090277910232544
0.6780887246131897 0.19945405423641205 -0.707399308681488 0.19076670706272125 0.09958691895008087 -0.9785313010215759 -0.18044023215770721 -0.5774386525154114 -0.7282019853591919 0.051906753331422806 -0.6833940148353577 -1.809039831161499
0.6781845092773438 0.1995573192834854 -0.707278311252594 0.19073599576950073 0.0996430441737175 -0.9785072207450867 -0.18053986132144928 -0.5774504542350769 -0.7281050682067871 0.051963962614536285 -0.68349289894104 -1.8090482950210571
0.6781469583511353 0.19958637654781342 -0.7073061466217041 0.19072452187538147 0.09964132308959961 -0.9785003662109375 -0.18057796359062195 -0.5774438381195068 -0.7281402945518494 0.051981471478939056 -0.6834540367126465 -1.8091094493865967
0.6781507134437561 0.19957545399665833 -0.7073056101799011 0.19070573151111603 0.0996159091591835 -0.9785012602806091 -0.18058708310127258 -0.5774292945861816 -0.7281402349472046 0.05200636759400368 -0.6834521889686584 -1.809128761291504
0.6782478094100952 0.19951677322387695 -0.7072290182113647 0.1907278299331665 0.09953949600458145 -0.9785090088844299 -0.18058723211288452 -0.5774198174476624 -0.728060245513916 0.05208566412329674 -0.6835314035415649 -1.8091312646865845
0.6782755851745605 0.19965596497058868 -0.7071631550788879 0.19073696434497833 0.09963517636060715 -0.97847980260849 -0.18069271743297577 -0.5773480534553528 -0.7280213236808777 0.052101124078035355 -0.6835716962814331 -1.8090121746063232
0.6783800721168518 0.19958500564098358 -0.7070829272270203 0.19072087109088898 0.09959583729505539 -0.9784932136535645 -0.18064184486865997 -0.5773331522941589 -0.7279293537139893 0.05212130397558212 -0.6836680769920349 -1.8090096712112427
0.6782717108726501 0.19966155290603638 -0.7071652412414551 0.1907539814710617 0.0995422750711441 -0.9784718155860901 -0.1807873249053955 -0.5774177312850952 -0.7280375957489014 0.05223008617758751 -0.6835444569587708 -1.8090852499008179
0.6782709360122681 0.19958029687404633 -0.7071889638900757 0.19076679646968842 0.09967239201068878 -0.9785019159317017 -0.1805526316165924 -0.5773764252662659 -0.7280205488204956 0.05197637528181076 -0.6835820078849792 -1.809039831161499
0.678276002407074 0.19961094856262207 -0.7071754336357117 0.19075101613998413 0.09970005601644516 -0.9784959554672241 -0.1805695742368698 -0.5773531198501587 -0.7280120849609375 0.05197056010365486 -0.6835914850234985 -1.8090485334396362
0.6782492399215698 0.1994553655385971 -0.7072449922561646 0.1906651109457016 0.0996672660112381 -0.9785338044166565 -0.18038246035575867 -0.5774275064468384 -0.7280414700508118 0.05185508728027344 -0.6835689544677734 -1.8090851306915283
0.6782386302947998 0.1994728296995163 -0.7072502970695496 0.1906353235244751 0.09968449175357819 -0.978530764579773 -0.1803893893957138 -0.5774121880531311 -0.7280490398406982 0.051845163106918335 -0.6835616230964661 -1.8091005086898804
0.6782154440879822 0.19947677850723267 -0.7072713375091553 0.19061116874217987 0.09971345216035843 -0.9785322546958923 -0.18036538362503052 -0.5774179697036743 -0.728066623210907 0.05180211737751961 -0.6835461854934692 -1.8090993165969849
0.6780401468276978 0.19950804114341736 -0.7074306011199951 0.1907212883234024 0.09965664148330688 -0.9785234332084656 -0.18044470250606537 -0.5773794651031494 -0.7282376289367676 0.05184858664870262 -0.6833604574203491 -1.809079885482788
0.678020715713501 0.1995690017938614 -0.7074320316314697 0.19078299403190613 0.09979219734668732 -0.9785178303718567 -0.18039989471435547 -0.5773488879203796 -0.7282371520996094 0.05171867087483406 -0.6833707690238953 -1.8090765476226807
0.6780281066894531 0.19953574240207672 -0.7074342966079712 0.19078993797302246 0.09976804256439209 -0.9785245060920715 -0.1803772896528244 -0.5773211717605591 -0.7282335758209229 0.05172152817249298 -0.6833743453025818 -1.8090779781341553
0.6780648827552795 0.1993575245141983 -0.7074493169784546 0.19076085090637207 0.09963983297348022 -0.9785601496696472 -0.1802547127008438 -0.5773364901542664 -0.7282168865203857 0.051734257489442825 -0.6833912134170532 -1.8090580701828003
0.6780702471733093 0.19935734570026398 -0.7074442505836487 0.190746009349823 0.0996159240603447 -0.978558361530304 -0.18027740716934204 -0.5773055553436279 -0.7282151579856873 0.05176803469657898 -0.6833904981613159 -1.8090693950653076
0.6780284643173218 0.199292853474617 -0.7075024247169495 0.19068215787410736 0.09950149804353714 -0.9785674214363098 -0.18029147386550903 -0.5773917436599731 -0.7282697558403015 0.05184519290924072 -0.6833264827728271 -1.809105396270752
0.6780081391334534 0.19928288459777832 -0.7075247168540955 0.19065876305103302 0.09948765486478806 -0.9785693287849426 -0.1802886724472046 -0.577370822429657 -0.7282905578613281 0.05184720456600189 -0.6833041310310364 -1.8091206550598145
0.6780351996421814 0.19933554530143738 -0.7074839472770691 0.19074894487857819 0.09962007403373718 -0.9785648584365845 -0.18023993074893951 -0.5774142146110535 -0.7282472252845764 0.051729410886764526 -0.6833592057228088 -1.8090566396713257
0.6781379580497742 0.19928182661533356 -0.7074006199836731 0.19074277579784393 0.09959789365530014 -0.9785751104354858 -0.18019653856754303 -0.5773818492889404 -0.7281545996665955 0.05174249783158302 -0.6834569573402405 -1.8090778589248657
0.6780808568000793 0.19948476552963257 -0.7073981165885925 0.1908191442489624 0.09964112192392349 -0.9785274863243103 -0.180431067943573 -0.5774235725402832 -0.7282018661499023 0.051860909909009933 -0.683397650718689 -1.8091574907302856
0.6781993508338928 0.19939839839935303 -0.7073089480400085 0.19081947207450867 0.09955041855573654 -0.9785408973693848 -0.18040840327739716 -0.5774637460708618 -0.7281039357185364 0.0519399493932724 -0.6834959387779236 -1.8091351985931396
0.678196907043457 0.19945333898067474 -0.7072957754135132 0.19080829620361328 0.099587582051754 -0.9785295724868774 -0.18044929206371307 -0.5774868130683899 -0.7281011343002319 0.05194227024912834 -0.6834987998008728 -1.809131383895874
0.6781910061836243 0.199445441365242 -0.7073036432266235 0.19081485271453857 0.09958349168300629 -0.9785314202308655 -0.18044161796569824 -0.5774661898612976 -0.7281071543693542 0.051938120275735855 -0.6834926605224609 -1.8091483116149902
0.6781612038612366 0.19958387315273285 -0.7072932124137878 0.19073715806007385 0.09977665543556213 -0.9785103797912598 -0.18044885993003845 -0.5774345397949219 -0.7281085252761841 0.051802050322294235 -0.6835015416145325 -1.8091157674789429
0.6780045032501221 0.19957485795021057 -0.7074459195137024 0.19075904786586761 0.09967488795518875 -0.9785082936286926 -0.18051648139953613 -0.5774187445640564 -0.7282683253288269 0.05187638849020004 -0.6833255887031555 -1.8091254234313965
0.6780065298080444 0.19956444203853607 -0.7074469327926636 0.19074133038520813 0.09968937188386917 -0.9785119295120239 -0.1804886758327484 -0.5773907899856567 -0.7282644510269165 0.05184755474328995 -0.6833319067955017 -1.8091403245925903
0.6781052350997925 0.1996782124042511 -0.7073202133178711 0.1907329112291336 0.09984531998634338 -0.978492259979248 -0.18050941824913025 -0.5774223208427429 -0.7281512022018433 0.05178177356719971 -0.683457612991333 -1.8090925216674805
0.6781277060508728 0.19966474175453186 -0.707302451133728 0.1907140463590622 0.09986071288585663 -0.9784963726997375 -0.1804785430431366 -0.5774019956588745 -0.72812819480896 0.05175575986504555 -0.6834841370582581 -1.809104561805725
0.6780851483345032 0.19978754222393036 -0.7073085904121399 0.19078658521175385 0.10007188469171524 -0.9784807562828064 -0.18044602870941162 -0.5774001479148865 -0.72813880443573 0.05157605558633804 -0.6834863424301147 -1.8090791702270508
0.6781795024871826 0.19975286722183228 -0.7072279453277588 0.19072671234607697 0.09988541901111603 -0.9784746766090393 -0.18058237433433533 -0.5774127840995789 -0.7280765175819397 0.05182550102472305 -0.683533787727356 -1.8091936111450195
0.6781007647514343 0.19968606531620026 -0.7073222398757935 0.1906840205192566 0.09990356117486954 -0.9784944653511047 -0.18046517670154572 -0.5773627758026123 -0.7281473875045776 0.051709555089473724 -0.6834671497344971 -1.8092224597930908
0.678069531917572 0.1997603178024292 -0.7073312401771545 0.19074711203575134 0.09992167353630066 -0.9784773588180542 -0.180547833442688 -0.5774611234664917 -0.7281739711761475 0.05174625292420387 -0.6834360361099243 -1.8092128038406372
0.6780645847320557 0.19975315034389496 -0.7073379755020142 0.19072982668876648 0.09993375837802887 -0.9784801006317139 -0.18052609264850616 -0.5774408578872681 -0.7281768918037415 0.05172140523791313 -0.683434784412384 -1.8092352151870728
0.6781433820724487 0.19974836707115173 -0.7072637677192688 0.19073066115379333 0.09993785619735718 -0.9784802198410034 -0.18052338063716888 -0.5774948596954346 -0.72810298204422 0.051738303154706955 -0.683512270450592 -1.8091416358947754
0.6781569123268127 0.1997389793395996 -0.7072534561157227 0.19070705771446228 0.09993394464254379 -0.9784820675849915 -0.1805153787136078 -0.5774804949760437 -0.7280908823013306 0.05173911899328232 -0.6835250854492188 -1.8091542720794678
0.6782029867172241 0.19978316128253937 -0.707196831703186 0.19075216352939606 0.1000492200255394 -0.9784781336784363 -0.18047279119491577 -0.5774168968200684 -0.7280321717262268 0.05164269357919693 -0.6835949420928955 -1.8091413974761963
0.6782155632972717 0.19975502789020538 -0.7071927189826965 0.1907361000776291 0.10006625205278397 -0.9784862995147705 -0.18041911721229553 -0.5774196982383728 -0.7280181050300598 0.05159692466259003 -0.6836133599281311 -1.8091074228286743
0.6781219244003296 0.19978412985801697 -0.7072742581367493 0.19070081412792206 0.10010599344968796 -0.9784833788871765 -0.1804128885269165 -0.5773900747299194 -0.7280998826026917 0.05153953656554222 -0.6835306286811829 -1.8090754747390747
0.678074300289154 0.19977757334709167 -0.7073217630386353 0.19075512886047363 0.10013025999069214 -0.9784876704216003 -0.18037639558315277 -0.5773615837097168 -0.7281408905982971 0.051484279334545135 -0.6834911108016968 -1.8090815544128418
0.6780396103858948 0.1997930407524109 -0.7073506712913513 0.19073928892612457 0.1001145988702774 -0.9784832000732422 -0.18040908873081207 -0.5773271322250366 -0.7281753420829773 0.05150837078690529 -0.6834525465965271 -1.8090765476226807
0.6781054735183716 0.19977536797523499 -0.7072925567626953 0.1907750368118286 0.10009414702653885 -0.978485107421875 -0.18041028082370758 -0.5774729251861572 -0.7281168103218079 0.05154133588075638 -0.6835123896598816 -1.809205412864685
0.6781018972396851 0.19978304207324982 -0.7072938084602356 0.1907547116279602 0.10007492452859879 -0.9784818291664124 -0.1804385930299759 -0.5774580240249634 -0.7281227707862854 0.05157337337732315 -0.6835036277770996 -1.8092215061187744
0.6780503392219543 0.1998942643404007 -0.7073118090629578 0.19077664613723755 0.10012020915746689 -0.9784575700759888 -0.1805448979139328 -0.5774573683738708 -0.728164553642273 0.0516023188829422 -0.6834569573402405 -1.8092342615127563
0.6782016754150391 0.1997796595096588 -0.7071990966796875 0.19077123701572418 0.10008776187896729 -0.9784818291664124 -0.18043163418769836 -0.5774815678596497 -0.7280281186103821 0.0515870526432991 -0.6836034655570984 -1.8091990947723389
0.6781877875328064 0.19994021952152252 -0.7071670293807983 0.19073441624641418 0.10013114660978317 -0.9784441590309143 -0.18061169981956482 -0.5774507522583008 -0.728035032749176 0.05167920142412186 -0.6835891008377075 -1.8092080354690552
0.678245484828949 0.1998746246099472 -0.7071302533149719 0.19071064889431 0.1001112163066864 -0.9784584641456604 -0.18054530024528503 -0.5774571299552917 -0.7279840707778931 0.05166236311197281 -0.6836446523666382 -1.8091919422149658
0.6781765818595886 0.19991935789585114 -0.7071836590766907 0.1907212734222412 0.10006799548864365 -0.9784451723098755 -0.1806410253047943 -0.5774757266044617 -0.7280541658401489 0.05174006149172783 -0.6835641264915466 -1.8091983795166016
0.678119421005249 0.1999361217021942 -0.707233726978302 0.1907159388065338 0.1002257764339447 -0.9784531593322754 -0.180510476231575 -0.5774405002593994 -0.7280856966972351 0.05152460187673569 -0.683546781539917 -1.8091731071472168
0.6781586408615112 0.19992609322071075 -0.707198977470398 0.19068337976932526 0.10023856908082962 -0.9784559011459351 -0.18048842251300812 -0.5774151682853699 -0.7280474305152893 0.05151115730404854 -0.6835885643959045 -1.809186577796936
0.678098738193512 0.19991129636764526 -0.7072606086730957 0.19071482121944427 0.10024263709783554 -0.9784610271453857 -0.18045826256275177 -0.5774752497673035 -0.7281026244163513 0.05147084593772888 -0.6835328340530396 -1.8092466592788696
0.6781536340713501 0.19985273480415344 -0.7072244882583618 0.19074803590774536 0.10016822814941406 -0.978469729423523 -0.18045248091220856 -0.5774396657943726 -0.7280617952346802 0.05153306573629379 -0.6835716366767883 -1.8092647790908813
0.6780918836593628 0.19993658363819122 -0.707260012626648 0.19076690077781677 0.10023337602615356 -0.978454053401947 -0.1805012822151184 -0.5774527192115784 -0.7281103134155273 0.05150539055466652 -0.6835220456123352 -1.8092820644378662
0.6781376600265503 0.19985802471637726 -0.7072383165359497 0.19075602293014526 0.10021007061004639 -0.9784716367721558 -0.1804189682006836 -0.5774508118629456 -0.7280709147453308 0.051476482301950455 -0.6835662126541138 -1.8092668056488037
0.6781415939331055 0.1999814659357071 -0.7071996331214905 0.1907053291797638 0.10035457462072372 -0.9784502983093262 -0.18045444786548615 -0.5774500370025635 -0.7280473113059998 0.05140294134616852 -0.6835968494415283 -1.809234857559204
0.6781606078147888 0.19992999732494354 -0.7071959972381592 0.19076287746429443 0.10032227635383606 -0.9784607887268066 -0.18041543662548065 -0.5774379968643188 -0.7280340790748596 0.05140312388539314 -0.6836109757423401 -1.8092397451400757
0.6781476736068726 0.19994255900382996 -0.7072048187255859 0.1907435655593872 0.10032015293836594 -0.9784576892852783 -0.18043354153633118 -0.5774133205413818 -0.7280464172363281 0.051413681358098984 -0.6835970282554626 -1.8092528581619263
0.6780723333358765 0.1998922973871231 -0.707291305065155 0.19078001379966736 0.10025367140769958 -0.9784671664237976 -0.18041904270648956 -0.5774060487747192 -0.7281257510185242 0.05142860487103462 -0.6835113763809204 -1.8092325925827026
0.6780916452407837 0.1998778134584427 -0.7072768807411194 0.19076849520206451 0.10028591752052307 -0.9784727692604065 -0.18037062883377075 -0.5773808360099792 -0.7281032800674438 0.05137789621949196 -0.683539092540741 -1.8092403411865234
0.6780992150306702 0.19976039230823517 -0.7073028087615967 0.19073696434497833 0.10008571296930313 -0.9784884452819824 -0.18039686977863312 -0.5774539709091187 -0.7281238436698914 0.051536060869693756 -0.6835053563117981 -1.809226393699646
0.6781215071678162 0.19976481795310974 -0.707280158996582 0.19071145355701447 0.10011512786149979 -0.9784889817237854 -0.1803775578737259 -0.5774335265159607 -0.72809898853302 0.05150844529271126 -0.6835338473320007 -1.809237003326416
0.6782060265541077 0.19978691637516022 -0.7071928381919861 0.19073642790317535 0.10010462254285812 -0.9784810543060303 -0.18042628467082977 -0.5774976015090942 -0.7280216813087463 0.05157291516661644 -0.6836113333702087 -1.809218168258667
0.6782808303833008 0.1997564285993576 -0.707129716873169 0.19071802496910095 0.10007160156965256 -0.9784851670265198 -0.18042244017124176 -0.5774815082550049 -0.7279565930366516 0.0516134612262249 -0.683677613735199 -1.8092257976531982
0.6782347559928894 0.1998891681432724 -0.7071363925933838 0.19078223407268524 0.10009946674108505 -0.9784541130065918 -0.180575430393219 -0.5774754285812378 -0.7279956340789795 0.0516885481774807 -0.6836303472518921 -1.8092719316482544
0.6782581806182861 0.199807271361351 -0.7071371078491211 0.1907813400030136 0.09998944401741028 -0.9784667491912842 -0.18056771159172058 -0.5775051712989807 -0.7279889583587646 0.05176527798175812 -0.6836316585540771 -1.8092749118804932
0.6782763600349426 0.19979390501976013 -0.7071234583854675 0.19075973331928253 0.09999216347932816 -0.9784700274467468 -0.18054847419261932 -0.5774912238121033 -0.7279716730117798 0.05175494775176048 -0.6836508512496948 -1.8092962503433228
0.678358256816864 0.19969981908798218 -0.7070714831352234 0.1907867193222046 0.1000145673751831 -0.9784941673278809 -0.18040525913238525 -0.5775033235549927 -0.727892279624939 0.05166194215416908 -0.6837424039840698 -1.8092533349990845
0.6783742308616638 0.19965089857578278 -0.7070699334144592 0.19077463448047638 0.10001125931739807 -0.9785060882568359 -0.18034225702285767 -0.5774943232536316 -0.7278777956962585 0.05162458121776581 -0.6837606430053711 -1.8092553615570068
0.6783477663993835 0.19978715479373932 -0.7070568203926086 0.19077415764331818 0.1000581681728363 -0.9784751534461975 -0.1804841309785843 -0.57747882604599 -0.7278960347175598 0.051684193313121796 -0.6837367415428162 -1.8092563152313232
0.6784236431121826 0.19975249469280243 -0.706993818283081 0.19075670838356018 0.10005766898393631 -0.9784826040267944 -0.18044410645961761 -0.5774639248847961 -0.727825403213501 0.05167738348245621 -0.6838124394416809 -1.809267520904541
0.6783643364906311 0.19978196918964386 -0.707042396068573 0.1907598078250885 0.10000051558017731 -0.9784720540046692 -0.18053275346755981 -0.5775085091590881 -0.7278885245323181 0.05176237225532532 -0.6837388277053833 -1.8092981576919556
0.6783297061920166 0.19980454444885254 -0.7070692777633667 0.19075907766819 0.09991098195314407 -0.9784605503082275 -0.1806446760892868 -0.5775197148323059 -0.7279331088066101 0.05189266428351402 -0.6836814880371094 -1.8092926740646362
0.6783467531204224 0.19978497922420502 -0.7070584297180176 0.19073615968227386 0.09989913552999496 -0.9784644246101379 -0.1806304156780243 -0.5775008201599121 -0.727918803691864 0.05189552530646324 -0.683696448802948 -1.8093055486679077
0.6782832741737366 0.1997307389974594 -0.7071346640586853 0.1907501369714737 0.09990457445383072 -0.97847980260849 -0.18054398894309998 -0.5775014162063599 -0.7279772162437439 0.05181397870182991 -0.6836404800415039 -1.809325098991394
0.6783156394958496 0.19975024461746216 -0.7070980668067932 0.1907242238521576 0.0999232605099678 -0.9784755706787109 -0.18055662512779236 -0.5774828791618347 -0.7279444932937622 0.05181882902979851 -0.6836749315261841 -1.8093451261520386
0.6781737804412842 0.19967463612556458 -0.707255482673645 0.1907435655593872 0.09987717121839523 -0.9784941673278809 -0.18048131465911865 -0.577491044998169 -0.7280830144882202 0.051759008318185806 -0.6835319995880127 -1.8093903064727783
0.6781797409057617 0.19965721666812897 -0.7072547078132629 0.19071754813194275 0.09984724968671799 -0.9784963726997375 -0.18048588931560516 -0.5774721503257751 -0.7280815243721008 0.05178443342447281 -0.6835315823554993 -1.8094128370285034
0.6781135201454163 0.19961519539356232 -0.707330048084259 0.190789595246315 0.09986621886491776 -0.9785096645355225 -0.1804034411907196 -0.5774932503700256 -0.7281405925750732 0.051695629954338074 -0.6834754347801208 -1.8093740940093994
0.6781041026115417 0.19963672757148743 -0.7073330283164978 0.19077961146831512 0.0998552143573761 -0.9785035252571106 -0.18044263124465942 -0.5775068998336792 -0.7281509041786194 0.051727987825870514 -0.6834619641304016 -1.8093550205230713
0.6779632568359375 0.19971519708633423 -0.7074458599090576 0.19074098765850067 0.09985357522964478 -0.9784859418869019 -0.18053887784481049 -0.5774956941604614 -0.7282822728157043 0.05175771936774254 -0.6833197474479675 -1.8092986345291138
0.6779800057411194 0.1995941400527954 -0.7074639797210693 0.1907496601343155 0.09974595904350281 -0.9785088896751404 -0.18047404289245605 -0.5774983763694763 -0.7282814383506775 0.05179111659526825 -0.6833181381225586 -1.8092865943908691
0.6780723333358765 0.1995101422071457 -0.7073991894721985 0.19070623815059662 0.09966564178466797 -0.9785228967666626 -0.18044231832027435 -0.5775410532951355 -0.72820645570755 0.05184954032301903 -0.6833935976028442 -1.8092597723007202
0.6781994700431824 0.19963893294334412 -0.7072409391403198 0.19069591164588928 0.09973527491092682 -0.9784927368164062 -0.180567666888237 -0.577521026134491 -0.7280785441398621 0.05192401632666588 -0.6835242509841919 -1.8092838525772095
0.6781789660453796 0.19973233342170715 -0.7072342038154602 0.19074693322181702 0.09981588274240494 -0.9784749746322632 -0.18061919510364532 -0.5774509906768799 -0.728086531162262 0.05189892277121544 -0.683517575263977 -1.8093109130859375
0.6782097220420837 0.19962379336357117 -0.7072353959083557 0.19074612855911255 0.09984447807073593 -0.9785041809082031 -0.18044520914554596 -0.5774357914924622 -0.7280539870262146 0.05176613852381706 -0.6835623383522034 -1.8092806339263916
0.6782152056694031 0.19965384900569916 -0.7072216272354126 0.19081923365592957 0.09981831908226013 -0.9784945249557495 -0.18051189184188843 -0.5774672031402588 -0.7280524373054504 0.05183223634958267 -0.683559000492096 -1.8093452453613281
0.6780626773834229 0.1996743232011795 -0.7073621153831482 0.19082579016685486 0.09983275085687637 -0.9784930944442749 -0.18051165342330933 -0.5774786472320557 -0.7281925678253174 0.05178030952811241 -0.6834136843681335 -1.8094581365585327
0.6781724691390991 0.19961029291152954 -0.7072749137878418 0.19074304401874542 0.09971609711647034 -0.9784991145133972 -0.18054339289665222 -0.5775436758995056 -0.7281062602996826 0.051912859082221985 -0.6834955215454102 -1.8093453645706177
0.6780383586883545 0.1996781826019287 -0.7073843479156494 0.1907091587781906 0.09980849176645279 -0.9784908294677734 -0.1805373728275299 -0.5775381326675415 -0.7282185554504395 0.05180829018354416 -0.6833838224411011 -1.8093575239181519
0.678154468536377 0.19965897500514984 -0.7072784304618835 0.19076861441135406 0.09983571618795395 -0.9784955382347107 -0.18049666285514832 -0.5774766802787781 -0.7281066179275513 0.051792968064546585 -0.6835042238235474 -1.8092849254608154
0.6781243085861206 0.19978271424770355 -0.7072724103927612 0.19077828526496887 0.09997647255659103 -0.9784745573997498 -0.18053275346755981 -0.5774880647659302 -0.728115439414978 0.051713041961193085 -0.6835008859634399 -1.8093125820159912
0.6782160997390747 0.19967898726463318 -0.7072136998176575 0.19075876474380493 0.09991331398487091 -0.9784948825836182 -0.18045756220817566 -0.5774781703948975 -0.7280386090278625 0.051729146391153336 -0.683581531047821 -1.8093143701553345
0.6782791614532471 0.19963569939136505 -0.7071654200553894 0.19072681665420532 0.09988533705472946 -0.9785027503967285 -0.18043014407157898 -0.5774976015090942 -0.7279836535453796 0.05174655467271805 -0.6836386919021606 -1.8093643188476562
0.6783623099327087 0.19960954785346985 -0.7070930600166321 0.1907161921262741 0.09986880421638489 -0.9785067439079285 -0.18041765689849854 -0.5775262117385864 -0.7279084920883179 0.051771990954875946 -0.6837168335914612 -1.8093287944793701
