# 3x4 first row second row third row Freq: 100 current Time: 2021-07-31-11:39:57
0.5859462022781372 0.619717538356781 -0.5221275687217712 0.09454027563333511 0.10830695927143097 -0.6984338760375977 -0.7074317932128906 -0.53978031873703 -0.8030794858932495 0.35796692967414856 -0.476364403963089 -1.5314639806747437
0.58591628074646 0.6198020577430725 -0.5220608711242676 0.09453129023313522 0.10842642933130264 -0.6983906626701355 -0.7074561715126038 -0.5397805571556091 -0.803085207939148 0.3579048812389374 -0.4764013886451721 -1.5314027070999146
0.5860008001327515 0.6196627020835876 -0.5221314430236816 0.09461779147386551 0.10829519480466843 -0.6984699964523315 -0.7073979377746582 -0.5397427082061768 -0.8030412197113037 0.35799142718315125 -0.476410448551178 -1.53148353099823
0.5859766602516174 0.6196702718734741 -0.5221495628356934 0.09462285786867142 0.10829371958971024 -0.6984736323356628 -0.707394540309906 -0.5397334694862366 -0.8030590415000916 0.35797119140625 -0.4763956367969513 -1.5314854383468628
0.586047351360321 0.6197086572647095 -0.5220246315002441 0.0946478545665741 0.10835021734237671 -0.6984041333198547 -0.7074545621871948 -0.5396994948387146 -0.8029998540878296 0.35804039239883423 -0.47644343972206116 -1.5315207242965698
0.5860448479652405 0.6197031736373901 -0.5220339298248291 0.09466008841991425 0.1083473414182663 -0.698411762714386 -0.7074474692344666 -0.5396794676780701 -0.8030020594596863 0.3580349385738373 -0.4764437973499298 -1.53152596950531
0.5859507918357849 0.6197589635848999 -0.5220732688903809 0.09460145980119705 0.10835102200508118 -0.6983946561813354 -0.707463800907135 -0.5397170186042786 -0.8030701875686646 0.35797181725502014 -0.47637641429901123 -1.531470775604248
0.5859527587890625 0.6197596788406372 -0.5220701694488525 0.09460259228944778 0.10836470127105713 -0.6983985304832458 -0.7074578404426575 -0.5397077798843384 -0.8030669093132019 0.3579629063606262 -0.4763886332511902 -1.531468152999878
0.5859251618385315 0.6197727918624878 -0.5220856070518494 0.0945773646235466 0.10829902440309525 -0.6983681917190552 -0.7074978351593018 -0.539798378944397 -0.8030958771705627 0.35799944400787354 -0.4763122797012329 -1.5314805507659912
0.5859010219573975 0.619864821434021 -0.5220034718513489 0.09458108246326447 0.10845274478197098 -0.698326587677002 -0.7075154185295105 -0.5397993922233582 -0.8030927777290344 0.3579212725162506 -0.4763762652873993 -1.5315120220184326
0.5858843326568604 0.6198508143424988 -0.5220388174057007 0.0945802628993988 0.10842248797416687 -0.6983421444892883 -0.7075046300888062 -0.5398052334785461 -0.8031090497970581 0.35791513323783875 -0.4763534963130951 -1.53151535987854
0.585914134979248 0.6198746562004089 -0.5219770073890686 0.09461212903261185 0.10839106142520905 -0.6982777714729309 -0.7075729966163635 -0.5398038029670715 -0.8030915260314941 0.35799941420555115 -0.47631970047950745 -1.531550407409668
0.585904598236084 0.6198830604553223 -0.5219777226448059 0.09461409598588943 0.10838573426008224 -0.698269784450531 -0.7075816988945007 -0.5398041605949402 -0.8030992150306702 0.3580004572868347 -0.4763059616088867 -1.531558871269226
0.5858911275863647 0.6198155283927917 -0.5220730304718018 0.09456176310777664 0.10839896649122238 -0.6983753442764282 -0.707475483417511 -0.5396701097488403 -0.8031072020530701 0.35791143774986267 -0.4763593077659607 -1.5315030813217163
0.5858827829360962 0.6198292374610901 -0.5220661759376526 0.0945579931139946 0.10838931053876877 -0.6983575224876404 -0.7074945569038391 -0.5396474599838257 -0.803114652633667 0.3579224944114685 -0.4763385057449341 -1.5314993858337402
0.5859382748603821 0.6197566390037537 -0.5220900177955627 0.09452038258314133 0.1083369106054306 -0.698399007320404 -0.7074616551399231 -0.5397926568984985 -0.803081214427948 0.3579672574996948 -0.4763612449169159 -1.5314527750015259
0.5859388113021851 0.6197375655174255 -0.5221121311187744 0.09460276365280151 0.10829081386327744 -0.6984040141105652 -0.7074637413024902 -0.5397374033927917 -0.803087055683136 0.3579905033111572 -0.4763339161872864 -1.5314834117889404
0.5859215259552002 0.6197813749313354 -0.5220795273780823 0.09461214393377304 0.10835468024015427 -0.6983835697174072 -0.7074741721153259 -0.5397098064422607 -0.8030910491943359 0.35795456171035767 -0.4763541519641876 -1.5315316915512085
0.5859466195106506 0.6198719143867493 -0.5219439268112183 0.0946958139538765 0.10845579206943512 -0.6982908248901367 -0.7075502276420593 -0.5396546721458435 -0.8030591011047363 0.35797882080078125 -0.4763898253440857 -1.5314829349517822
0.5859526991844177 0.6198690533638 -0.5219404101371765 0.09471970051527023 0.10843321681022644 -0.698280930519104 -0.7075634598731995 -0.5396422743797302 -0.8030576705932617 0.35800305008888245 -0.4763740003108978 -1.5314767360687256
0.5859798789024353 0.6198540925979614 -0.5219276547431946 0.0946594849228859 0.10845645517110825 -0.6982951164245605 -0.7075458765029907 -0.5397045612335205 -0.8030347228050232 0.3580012321472168 -0.4764140844345093 -1.5314455032348633
0.5859100222587585 0.6198790073394775 -0.5219764709472656 0.09463833272457123 0.10846627503633499 -0.6983078718185425 -0.707531750202179 -0.5397420525550842 -0.8030843734741211 0.35793307423591614 -0.4763815701007843 -1.531542420387268
0.585879385471344 0.6198763847351074 -0.5220140218734741 0.0945884957909584 0.10843825340270996 -0.6983174681663513 -0.7075265645980835 -0.5398389101028442 -0.8031105399131775 0.35791894793510437 -0.4763481318950653 -1.5315214395523071
0.5858824253082275 0.6198753714561462 -0.5220118165016174 0.0945880115032196 0.1084115207195282 -0.6983051300048828 -0.707542896270752 -0.5398556590080261 -0.8031119108200073 0.3579448461532593 -0.4763263165950775 -1.5315207242965698
0.5858374834060669 0.6198957562446594 -0.5220380425453186 0.0945446714758873 0.10842899233102798 -0.6983124017715454 -0.7075330018997192 -0.5398712158203125 -0.8031423091888428 0.3578953146934509 -0.4763122797012329 -1.5315757989883423
0.5858548283576965 0.6198920011520386 -0.5220229625701904 0.09454075247049332 0.10842402279376984 -0.6983047723770142 -0.707541286945343 -0.5398837924003601 -0.8031303286552429 0.3579166531562805 -0.4763164222240448 -1.5315877199172974
0.585981547832489 0.6198723316192627 -0.5219041109085083 0.09461858868598938 0.10839241743087769 -0.6982407569885254 -0.7076092958450317 -0.539864718914032 -0.8030421733856201 0.3580755293369293 -0.4763456881046295 -1.531584620475769
0.5859206318855286 0.6198410987854004 -0.522009551525116 0.09462423622608185 0.10842425376176834 -0.6983340978622437 -0.7075123190879822 -0.5398387312889099 -0.803082287311554 0.35794758796691895 -0.47637420892715454 -1.5315381288528442
0.5859344601631165 0.6198732852935791 -0.5219558477401733 0.09461259841918945 0.10856106132268906 -0.6983431577682495 -0.7074823975563049 -0.5397278666496277 -0.8030537366867065 0.3578742444515228 -0.47647741436958313 -1.5315617322921753
0.5859314799308777 0.6199088096618652 -0.5219170451164246 0.0946197658777237 0.10860531032085419 -0.6983165144920349 -0.7075018882751465 -0.5397223830223083 -0.8030499219894409 0.357864648103714 -0.4764910042285919 -1.531561255455017
0.5859900712966919 0.6197324395179749 -0.5220606923103333 0.09458749741315842 0.10836412757635117 -0.6984126567840576 -0.7074439525604248 -0.5396921038627625 -0.8030397891998291 0.35798245668411255 -0.4764196574687958 -1.5315378904342651
0.586000919342041 0.6197453141212463 -0.5220332145690918 0.0945914015173912 0.10838963836431503 -0.6984000205993652 -0.7074525356292725 -0.5396728515625 -0.803028404712677 0.35798484086990356 -0.4764370322227478 -1.5315325260162354
0.5860796570777893 0.6197119355201721 -0.5219844579696655 0.09461881220340729 0.10839634388685226 -0.6984007358551025 -0.707450807094574 -0.5396853089332581 -0.8029700517654419 0.35804131627082825 -0.4764929711818695 -1.5315711498260498
0.5860517621040344 0.6197431087493896 -0.5219787955284119 0.09462978690862656 0.10840927064418793 -0.6983811259269714 -0.7074682116508484 -0.5396668910980225 -0.8029886484146118 0.3580256402492523 -0.4764733612537384 -1.5315712690353394
0.5859400033950806 0.6198090314865112 -0.5220259428024292 0.09459933638572693 0.1083666980266571 -0.6983402371406555 -0.7075150609016418 -0.5396823287010193 -0.8030759692192078 0.35799112915992737 -0.47635212540626526 -1.5315438508987427
0.5859377384185791 0.6197836399078369 -0.5220586061477661 0.09460776299238205 0.10834363847970963 -0.6983657479286194 -0.7074934244155884 -0.5396671891212463 -0.8030807375907898 0.35798534750938416 -0.4763484597206116 -1.5315403938293457
0.5860748887062073 0.6196621060371399 -0.5220488905906677 0.09463019669055939 0.10838015377521515 -0.6984638571739197 -0.7073910236358643 -0.5397003293037415 -0.8029757142066956 0.3580043613910675 -0.4765112102031708 -1.531467080116272
0.5861982703208923 0.6196428537368774 -0.5219332575798035 0.09461797773838043 0.10833904147148132 -0.6983970403671265 -0.707463264465332 -0.539740264415741 -0.802891194820404 0.35816797614097595 -0.47653064131736755 -1.5314470529556274
0.5861732959747314 0.6196182370185852 -0.5219904780387878 0.09461992979049683 0.10841910541057587 -0.6984812021255493 -0.7073678970336914 -0.5397875308990479 -0.8028985857963562 0.35804641246795654 -0.4766094982624054 -1.531509518623352
0.58610999584198 0.6196672320365906 -0.5220034718513489 0.09457967430353165 0.10830800235271454 -0.698403537273407 -0.7074615359306335 -0.5397981405258179 -0.8029597997665405 0.3581131398677826 -0.4764562249183655 -1.531494379043579
0.5861133337020874 0.6196749210357666 -0.5219905376434326 0.09457828849554062 0.10832402855157852 -0.698398232460022 -0.707464337348938 -0.539802074432373 -0.8029552102088928 0.3581101894378662 -0.47646623849868774 -1.531490445137024
0.5861580967903137 0.6195303201675415 -0.5221118927001953 0.09459467977285385 0.10822105407714844 -0.6985211968421936 -0.707358717918396 -0.5398499369621277 -0.8029364347457886 0.35812056064605713 -0.4764900803565979 -1.531477689743042
0.5861563086509705 0.6195242404937744 -0.5221211910247803 0.09460188448429108 0.108205646276474 -0.6985236406326294 -0.7073586583137512 -0.5398586392402649 -0.8029398322105408 0.3581262528896332 -0.47648006677627563 -1.5314674377441406
0.5860143899917603 0.6196603178977966 -0.5221189856529236 0.09458451718091965 0.10826418548822403 -0.6984511613845825 -0.7074213027954102 -0.5397592782974243 -0.8030354976654053 0.3580322563648224 -0.47638943791389465 -1.5314890146255493
0.5860108137130737 0.6196609735488892 -0.5221222043037415 0.09459638595581055 0.10828875750303268 -0.6984633803367615 -0.7074054479598999 -0.5397393107414246 -0.803034782409668 0.3580072820186615 -0.4764094054698944 -1.5314750671386719
0.5861173272132874 0.6196337938308716 -0.5220349431037903 0.09459132701158524 0.10834258794784546 -0.6984598636627197 -0.7074006795883179 -0.5397512316703796 -0.8029497861862183 0.35806116461753845 -0.4765121638774872 -1.5315464735031128
0.5861019492149353 0.6196357011795044 -0.5220499038696289 0.09459839016199112 0.10835478454828262 -0.6984720230102539 -0.70738685131073 -0.5397434830665588 -0.8029593825340271 0.3580341935157776 -0.4765163064002991 -1.5315481424331665
0.5862939953804016 0.6194436550140381 -0.5220621824264526 0.09459914267063141 0.10827799886465073 -0.6985819339752197 -0.7072900533676147 -0.5397773385047913 -0.8028295040130615 0.35815203189849854 -0.4766465127468109 -1.5315412282943726
0.586266040802002 0.6194448471069336 -0.5220921635627747 0.09460131078958511 0.10823556780815125 -0.6985782384872437 -0.7073001265525818 -0.5397809147834778 -0.8028556704521179 0.35815709829330444 -0.4765986502170563 -1.5315414667129517
0.5862302780151367 0.619504451751709 -0.5220615267753601 0.0945996344089508 0.10836829990148544 -0.6985782980918884 -0.7072798013687134 -0.5398243069648743 -0.8028638362884521 0.35805392265319824 -0.47666239738464355 -1.5314749479293823
0.5862342715263367 0.6194984912872314 -0.5220641493797302 0.09460443258285522 0.10839716345071793 -0.6985968351364136 -0.707257091999054 -0.5398282408714294 -0.8028570413589478 0.3580280542373657 -0.4766932725906372 -1.5314619541168213
0.58625328540802 0.6195170283317566 -0.5220208764076233 0.09456625580787659 0.10832086950540543 -0.6985262632369995 -0.7073384523391724 -0.5398702025413513 -0.8028534650802612 0.3581337332725525 -0.4766199290752411 -1.5314927101135254
0.5861906409263611 0.6195807456970215 -0.5220155715942383 0.09465651214122772 0.10830239206552505 -0.6984695196151733 -0.7073973417282104 -0.5398205518722534 -0.8029016852378845 0.3581341505050659 -0.47653836011886597 -1.5315252542495728
0.5861501693725586 0.6197261214256287 -0.5218884944915771 0.09461865574121475 0.10844909399747849 -0.698362410068512 -0.7074805498123169 -0.539703369140625 -0.8029114603996277 0.3580915033817291 -0.4765539765357971 -1.5315321683883667
0.5861750841140747 0.6197105050086975 -0.5218789577484131 0.0946224182844162 0.1084638312458992 -0.6983750462532043 -0.7074658870697021 -0.5396844148635864 -0.8028912544250488 0.35809385776519775 -0.4765862226486206 -1.5315335988998413
0.5862062573432922 0.6196637153625488 -0.5218995213508606 0.09455403685569763 0.10851741582155228 -0.6984435319900513 -0.7073900103569031 -0.5398122668266296 -0.8028612732887268 0.35804125666618347 -0.47667625546455383 -1.53150475025177
0.5862213373184204 0.6196709871292114 -0.521873950958252 0.09461833536624908 0.10864641517400742 -0.698482096195221 -0.7073321342468262 -0.5397646427154541 -0.8028327822685242 0.3579534888267517 -0.4767901301383972 -1.5315485000610352
0.5862091779708862 0.6196907758712769 -0.5218641757965088 0.09461531788110733 0.10864096879959106 -0.6984602212905884 -0.7073545455932617 -0.539760410785675 -0.8028424382209778 0.35796189308166504 -0.47676756978034973 -1.5315479040145874
0.5861196517944336 0.6196165084838867 -0.5220528244972229 0.09455294162034988 0.10855479538440704 -0.6985764503479004 -0.7072529792785645 -0.5398033857345581 -0.8029194474220276 0.35786354541778564 -0.4767117500305176 -1.5315169095993042
0.5861388444900513 0.6196178793907166 -0.5220296382904053 0.0945381447672844 0.10857748985290527 -0.6985731720924377 -0.7072527408599854 -0.5398052930831909 -0.802902340888977 0.35786765813827515 -0.47673743963241577 -1.5315121412277222
0.5859883427619934 0.6197283267974854 -0.5220674276351929 0.09450341761112213 0.10850030183792114 -0.698479950428009 -0.7073566913604736 -0.5398127436637878 -0.8030226230621338 0.3578583002090454 -0.47654181718826294 -1.5315147638320923
0.5859598517417908 0.6197202205657959 -0.5221091508865356 0.09448488056659698 0.10848741978406906 -0.6985024809837341 -0.70733642578125 -0.5398176908493042 -0.8030452132225037 0.35782843828201294 -0.4765262305736542 -1.5315053462982178
0.5860159993171692 0.6196914911270142 -0.5220801830291748 0.09451228380203247 0.10853588581085205 -0.6985290050506592 -0.7073027491569519 -0.5398406982421875 -0.8029976487159729 0.357826292514801 -0.47660794854164124 -1.531456708908081
0.5860391855239868 0.6196675300598145 -0.5220826268196106 0.0945131927728653 0.10852881520986557 -0.6985443830490112 -0.7072886824607849 -0.5398950576782227 -0.8029816746711731 0.35783788561820984 -0.4766261875629425 -1.5314933061599731
0.5860390067100525 0.6196460127830505 -0.5221083164215088 0.09450165182352066 0.10848289728164673 -0.6985531449317932 -0.707287073135376 -0.5399138331413269 -0.8029879927635193 0.35785797238349915 -0.47660037875175476 -1.531490445137024
0.5860708355903625 0.6195841431617737 -0.5221460461616516 0.0946173444390297 0.10839873552322388 -0.698580265045166 -0.7072731852531433 -0.5398039817810059 -0.802976131439209 0.35791221261024475 -0.4765796363353729 -1.5315171480178833
0.5861164331436157 0.6195700168609619 -0.5221115350723267 0.09462534636259079 0.10841988772153854 -0.6985812187194824 -0.707269012928009 -0.5398086905479431 -0.8029400110244751 0.35793471336364746 -0.47662368416786194 -1.531519889831543
0.5861192345619202 0.619602620601654 -0.5220697522163391 0.09464554488658905 0.10840076208114624 -0.6985268592834473 -0.7073255777359009 -0.5397769808769226 -0.8029405474662781 0.35798439383506775 -0.4765854477882385 -1.531522512435913
0.5861437916755676 0.6196016073226929 -0.5220434069633484 0.09465888887643814 0.10840226709842682 -0.6985141038894653 -0.7073379755020142 -0.5397711992263794 -0.8029224276542664 0.35801106691360474 -0.4765959084033966 -1.5315203666687012
0.586164653301239 0.6195423007011414 -0.5220903754234314 0.09463471174240112 0.10828312486410141 -0.6985287070274353 -0.7073417901992798 -0.539707601070404 -0.8029232621192932 0.35808518528938293 -0.4765388071537018 -1.531481146812439
0.5861828923225403 0.619615912437439 -0.5219825506210327 0.09463555365800858 0.10834729671478271 -0.6984465718269348 -0.7074130773544312 -0.5397118330001831 -0.8029013276100159 0.3581180274486542 -0.4765511453151703 -1.5315159559249878
0.5861826539039612 0.6195991635322571 -0.522002637386322 0.09464015066623688 0.10833965241909027 -0.6984660029411316 -0.707395076751709 -0.5397013425827026 -0.8029025197029114 0.35810914635658264 -0.47655579447746277 -1.5315170288085938
0.5861746668815613 0.6196495294570923 -0.5219518542289734 0.094622403383255 0.1084107756614685 -0.6984342336654663 -0.7074155211448669 -0.5397771000862122 -0.8028987646102905 0.3580838441848755 -0.4765811562538147 -1.5315386056900024
0.5861908197402954 0.6196501851081848 -0.5219329595565796 0.09461610019207001 0.1084044948220253 -0.6984208822250366 -0.7074297070503235 -0.5397831201553345 -0.8028877973556519 0.35810890793800354 -0.47658076882362366 -1.5315459966659546
0.5861241817474365 0.6196951270103455 -0.5219544172286987 0.09457667171955109 0.10842139273881912 -0.698407769203186 -0.7074400782585144 -0.5397006273269653 -0.8029341101646423 0.3580567240715027 -0.4765419065952301 -1.5314571857452393
0.5861086845397949 0.6196619272232056 -0.5220112800598145 0.09444702416658401 0.10838720202445984 -0.6984468698501587 -0.7074066996574402 -0.5397846102714539 -0.8029500842094421 0.3580378592014313 -0.47652918100357056 -1.5314167737960815
0.5860840678215027 0.6196632385253906 -0.5220373272895813 0.09444938600063324 0.10834655910730362 -0.6984418630599976 -0.7074178457260132 -0.5399096608161926 -0.8029735088348389 0.35804539918899536 -0.4764840304851532 -1.5314500331878662
0.586053192615509 0.6197638511657715 -0.5219525098800659 0.09456433355808258 0.10840295255184174 -0.6983492970466614 -0.7075005769729614 -0.5398514866828918 -0.8029884099960327 0.3580518066883087 -0.47645407915115356 -1.5315253734588623
0.5860475301742554 0.6197680830955505 -0.5219538807868958 0.09455855935811996 0.10842665284872055 -0.6983575820922852 -0.7074887752532959 -0.5398626923561096 -0.8029894232749939 0.3580283522605896 -0.47647008299827576 -1.5315320491790771
0.5861353278160095 0.6197109818458557 -0.5219230651855469 0.09455521404743195 0.1084674745798111 -0.6984000205993652 -0.7074406147003174 -0.539835512638092 -0.8029198050498962 0.35804426670074463 -0.47657543420791626 -1.5314974784851074
0.5861313343048096 0.6197157502174377 -0.5219218730926514 0.0945485308766365 0.10847076773643494 -0.6983975172042847 -0.7074426412582397 -0.5398411154747009 -0.802922248840332 0.35804101824760437 -0.4765737056732178 -1.5314992666244507
0.5861381888389587 0.6197023987770081 -0.5219300985336304 0.09456349164247513 0.10840116441249847 -0.6983804106712341 -0.7074701189994812 -0.5397837162017822 -0.8029266595840454 0.3580974340438843 -0.47652387619018555 -1.5315074920654297
0.586141049861908 0.619691789150238 -0.5219394564628601 0.09455994516611099 0.10839776694774628 -0.6983915567398071 -0.7074596881866455 -0.5397822856903076 -0.8029249906539917 0.35809409618377686 -0.47652918100357056 -1.5315133333206177
0.5860221982002258 0.6198091506958008 -0.5219335556030273 0.09460360556840897 0.10853936523199081 -0.6983674168586731 -0.7074617743492126 -0.5396682620048523 -0.8029926419258118 0.35793793201446533 -0.4765324890613556 -1.5315202474594116
0.5860229730606079 0.6197898387908936 -0.5219556093215942 0.09460485726594925 0.10852856189012527 -0.6983883380889893 -0.7074427604675293 -0.5396504402160645 -0.8029935359954834 0.35793063044548035 -0.47653651237487793 -1.5315234661102295
0.5859151482582092 0.6198244690895081 -0.522035539150238 0.09457941353321075 0.10850822925567627 -0.6983974575996399 -0.7074368596076965 -0.5397132635116577 -0.8030749559402466 0.3578528165817261 -0.47645771503448486 -1.5314537286758423
0.585956871509552 0.6197831034660339 -0.5220378041267395 0.09458878636360168 0.10851914435625076 -0.6984331607818604 -0.7073999643325806 -0.5396981239318848 -0.8030430674552917 0.35785478353500366 -0.47651004791259766 -1.5314562320709229
0.5859400629997253 0.6197723150253296 -0.5220693945884705 0.09461642056703568 0.1085268035531044 -0.6984612941741943 -0.7073709964752197 -0.5397692918777466 -0.8030542731285095 0.35781851410865784 -0.4765183925628662 -1.531500220298767
0.5858968496322632 0.6197952032089233 -0.5220907926559448 0.09462019801139832 0.10854431986808777 -0.6984642148017883 -0.7073654532432556 -0.5397695899009705 -0.8030834197998047 0.35777318477630615 -0.47650325298309326 -1.5314998626708984
0.5858955383300781 0.6197679042816162 -0.522124707698822 0.09465467184782028 0.10859303921461105 -0.6985237002372742 -0.7072992324829102 -0.539789080619812 -0.8030778169631958 0.3577043414115906 -0.4765644073486328 -1.5314985513687134
0.5859609246253967 0.6196503043174744 -0.5221908688545227 0.09460671246051788 0.10843858867883682 -0.6985747218132019 -0.7072725296020508 -0.5398205518722534 -0.8030509948730469 0.3578084409236908 -0.4765315055847168 -1.5314937829971313
0.5859206318855286 0.6196750402450562 -0.522206723690033 0.0945950299501419 0.10857551544904709 -0.6986265182495117 -0.7072003483772278 -0.5398117899894714 -0.8030619025230408 0.35766440629959106 -0.47662124037742615 -1.5314946174621582
0.5858525633811951 0.619779646396637 -0.5221589803695679 0.09461287409067154 0.10860467702150345 -0.6985389590263367 -0.7072824239730835 -0.539811372756958 -0.8031076192855835 0.35765427350997925 -0.47655177116394043 -1.5315057039260864
0.5858595967292786 0.61979740858078 -0.5221299529075623 0.09461390972137451 0.10860928148031235 -0.698512613773346 -0.7073076963424683 -0.5397987961769104 -0.8031018376350403 0.35767483711242676 -0.4765460789203644 -1.531498670578003
0.5858442187309265 0.6197977662086487 -0.5221467614173889 0.09461840987205505 0.10858307778835297 -0.6985097527503967 -0.7073145508766174 -0.5397756099700928 -0.8031165599822998 0.3576798737049103 -0.4765174686908722 -1.5315062999725342
0.5858314037322998 0.6198221445083618 -0.5221322178840637 0.0946202203631401 0.10860905796289444 -0.6984960436820984 -0.7073240876197815 -0.5397765636444092 -0.8031224012374878 0.35766440629959106 -0.47651922702789307 -1.531504511833191
0.5859755277633667 0.6196364164352417 -0.5221909880638123 0.09459042549133301 0.1085691824555397 -0.698642909526825 -0.7071851491928101 -0.5397741794586182 -0.8030226826667786 0.35769933462142944 -0.4766610860824585 -1.531477689743042
0.5859764218330383 0.6196305751800537 -0.522196888923645 0.09458957612514496 0.10854486376047134 -0.698639452457428 -0.7071923017501831 -0.5397771000862122 -0.8030253052711487 0.35771623253822327 -0.47664397954940796 -1.5314722061157227
0.586014449596405 0.6196039915084839 -0.522185742855072 0.094540074467659 0.1085326224565506 -0.6986470818519592 -0.7071866393089294 -0.5397970676422119 -0.8029991984367371 0.3577474355697632 -0.47666454315185547 -1.5315234661102295
0.5860109925270081 0.6195792555809021 -0.5222190022468567 0.09453098475933075 0.10849752277135849 -0.6986669898033142 -0.7071723341941833 -0.5398023128509521 -0.8030064702033997 0.3577512800693512 -0.47664937376976013 -1.5315284729003906
0.5860260725021362 0.6195176839828491 -0.5222750902175903 0.09451541304588318 0.10842586308717728 -0.6987093687057495 -0.7071415185928345 -0.5398445725440979 -0.8030051589012146 0.3577752411365509 -0.4766336679458618 -1.5315006971359253
