# 3x4 first row second row third row Freq: 100 current Time: 2021-07-31-11:37:28
0.601568341255188 0.6235751509666443 -0.49926894903182983 0.34346282482147217 0.12848243117332458 -0.6923994421958923 -0.7099824547767639 -0.4598408341407776 -0.7884210348129272 0.36295565962791443 -0.4966440200805664 -1.4689253568649292
0.601551353931427 0.623613715171814 -0.49924132227897644 0.34345531463623047 0.12849195301532745 -0.6923602223396301 -0.7100189924240112 -0.45983731746673584 -0.7884324789047241 0.36296436190605164 -0.4966195225715637 -1.4689326286315918
0.6015802025794983 0.6235796809196472 -0.49924907088279724 0.34348732233047485 0.1284828931093216 -0.6923855543136597 -0.7099959254264832 -0.4598231017589569 -0.7884119153022766 0.36297452449798584 -0.4966447055339813 -1.468856930732727
0.6016143560409546 0.6235592365264893 -0.4992334246635437 0.34348753094673157 0.1284736692905426 -0.6923879981040955 -0.7099952101707458 -0.4598205089569092 -0.7883873581886292 0.3630049526691437 -0.4966614544391632 -1.4688515663146973
0.6015321612358093 0.6235727667808533 -0.4993155300617218 0.3434351086616516 0.1284300982952118 -0.6924024820327759 -0.7099889516830444 -0.4598468542098999 -0.7884571552276611 0.3629540503025055 -0.4965878427028656 -1.4687608480453491
0.6015766263008118 0.6235388517379761 -0.4993043541908264 0.343450129032135 0.12849608063697815 -0.6924519538879395 -0.7099287509918213 -0.45980843901634216 -0.7884125113487244 0.36291787028312683 -0.4966852068901062 -1.468762755393982
0.6015868782997131 0.6235007047653198 -0.49933964014053345 0.34344881772994995 0.12846963107585907 -0.6924872994422913 -0.7098990678787231 -0.45980504155158997 -0.7884089946746826 0.36291593313217163 -0.49669215083122253 -1.468737244606018
0.6015864014625549 0.6235491633415222 -0.499279648065567 0.343451589345932 0.12845750153064728 -0.6924130916595459 -0.7099736332893372 -0.4597969055175781 -0.7884113192558289 0.36297422647476196 -0.49664583802223206 -1.4687309265136719
0.601637065410614 0.6234914660453796 -0.49929070472717285 0.343454509973526 0.12847736477851868 -0.6924712061882019 -0.7099133729934692 -0.4598362147808075 -0.7883694171905518 0.36296263337135315 -0.4967208504676819 -1.468808650970459
0.6016267538070679 0.623448371887207 -0.4993569254875183 0.34343478083610535 0.12843194603919983 -0.6925182938575745 -0.7098757028579712 -0.4598017930984497 -0.788384735584259 0.3629468083381653 -0.4967081546783447 -1.468792200088501
0.6015917658805847 0.6234961152076721 -0.49933943152427673 0.3434254825115204 0.12845879793167114 -0.6924856305122375 -0.7099027037620544 -0.45980116724967957 -0.788407027721405 0.36292704939842224 -0.4966871738433838 -1.4687879085540771
0.6016204953193665 0.6234208345413208 -0.499398797750473 0.34341731667518616 0.12830668687820435 -0.692503809928894 -0.7099124193191528 -0.4598473906517029 -0.7884098887443542 0.3630216717720032 -0.4966135323047638 -1.4688442945480347
0.601634681224823 0.6234236359596252 -0.4993782639503479 0.34340691566467285 0.12831266224384308 -0.6924933195114136 -0.7099215984344482 -0.4598544239997864 -0.7883980870246887 0.3630368709564209 -0.49662113189697266 -1.468853235244751
0.6016398072242737 0.623286247253418 -0.49954351782798767 0.34344613552093506 0.12816379964351654 -0.6926166415214539 -0.7098281383514404 -0.45984163880348206 -0.7884183526039124 0.36303746700286865 -0.49658846855163574 -1.4688754081726074
0.6016513705253601 0.6232598423957825 -0.4995625615119934 0.343438059091568 0.12812282145023346 -0.6926277875900269 -0.7098246812820435 -0.4598487317562103 -0.7884162068367004 0.3630616366863251 -0.4965742528438568 -1.4688867330551147
0.6016347408294678 0.6232441067695618 -0.49960222840309143 0.343445360660553 0.12809674441814423 -0.6926490664482117 -0.7098086476325989 -0.4598340094089508 -0.7884331345558167 0.36304813623428345 -0.49655723571777344 -1.4689054489135742
0.6016141176223755 0.6232553720474243 -0.4996129870414734 0.3434426784515381 0.12808556854724884 -0.6926413178443909 -0.7098181843757629 -0.4598419666290283 -0.7884506583213806 0.3630434274673462 -0.4965327978134155 -1.4689141511917114
0.601675271987915 0.6231963038444519 -0.49961307644844055 0.34349215030670166 0.1280594915151596 -0.6926732659339905 -0.7097917199134827 -0.4598904252052307 -0.7884082794189453 0.36308392882347107 -0.49657055735588074 -1.4689568281173706
0.6016799211502075 0.6231868863105774 -0.4996192157268524 0.3434959352016449 0.12802422046661377 -0.6926673650741577 -0.7098038792610168 -0.45990824699401855 -0.788410484790802 0.36311131715774536 -0.49654704332351685 -1.468970775604248
0.6016994118690491 0.6231722235679626 -0.49961403012275696 0.34348946809768677 0.12803253531455994 -0.6926792860031128 -0.7097907662391663 -0.45988115668296814 -0.7883942127227783 0.36311379075050354 -0.49657097458839417 -1.4689565896987915
0.6016705632209778 0.6231971979141235 -0.4996175765991211 0.34349560737609863 0.12802930176258087 -0.6926611661911011 -0.7098090052604675 -0.45988819003105164 -0.7884167432785034 0.3631054759025574 -0.496541291475296 -1.4689685106277466
0.6017141342163086 0.6231752634048462 -0.4995924234390259 0.3434775769710541 0.12814092636108398 -0.6927151679992676 -0.709736168384552 -0.4598081409931183 -0.788365364074707 0.363040030002594 -0.49667075276374817 -1.4688249826431274
0.6017006635665894 0.6231845021247864 -0.4995971918106079 0.3434818387031555 0.1281600445508957 -0.6927197575569153 -0.7097282409667969 -0.4598049521446228 -0.7883725166320801 0.3630155622959137 -0.4966772496700287 -1.4688165187835693
0.601709246635437 0.6231433153152466 -0.49963825941085815 0.34345054626464844 0.12811064720153809 -0.6927499175071716 -0.7097077369689941 -0.45977601408958435 -0.7883740067481995 0.3630286753177643 -0.49666526913642883 -1.468848705291748
0.6017476916313171 0.6231170296669006 -0.49962475895881653 0.3434580862522125 0.1280176341533661 -0.6927192807197571 -0.7097544074058533 -0.45983025431632996 -0.7883598208427429 0.3631322681903839 -0.4966121315956116 -1.468792200088501
0.6017361283302307 0.623101532459259 -0.4996579885482788 0.34346288442611694 0.1280982494354248 -0.6927859783172607 -0.7096747756004333 -0.4597894847393036 -0.7883555293083191 0.3630315959453583 -0.4966925084590912 -1.468782663345337
0.601799488067627 0.6230887174606323 -0.4995976388454437 0.34345683455467224 0.1280236542224884 -0.6927283406257629 -0.7097445130348206 -0.4597354531288147 -0.7883192896842957 0.3631635308265686 -0.49665358662605286 -1.4688516855239868
0.6017522215843201 0.6230900883674622 -0.49965283274650574 0.34347090125083923 0.12812574207782745 -0.6928042769432068 -0.7096518874168396 -0.4597832262516022 -0.7883387804031372 0.36301618814468384 -0.49673035740852356 -1.4688552618026733
0.6017001867294312 0.6231544613838196 -0.4996352195739746 0.34348350763320923 0.12815748155117035 -0.6927614808082581 -0.7096879482269287 -0.4598146677017212 -0.7883733510971069 0.36298736929893494 -0.4966966211795807 -1.4688259363174438
0.6016461849212646 0.6230679154396057 -0.4998081624507904 0.3434632420539856 0.12807585299015045 -0.6928821206092834 -0.7095848917961121 -0.4598243236541748 -0.7884278297424316 0.36290568113327026 -0.49666979908943176 -1.468776822090149
0.6017379760742188 0.6230379343032837 -0.4997349679470062 0.34341976046562195 0.12817001342773438 -0.692907989025116 -0.7095426321029663 -0.4597744047641754 -0.7883424162864685 0.3629077076911926 -0.49680382013320923 -1.4688527584075928
0.6017059087753296 0.6230594515800476 -0.49974682927131653 0.3434058129787445 0.1281813532114029 -0.6929036974906921 -0.7095447778701782 -0.4597771167755127 -0.7883651256561279 0.36287903785705566 -0.49678879976272583 -1.4688599109649658
0.6017183661460876 0.6230816841125488 -0.49970412254333496 0.34339800477027893 0.1282234936952591 -0.6928834319114685 -0.7095569968223572 -0.45981284976005554 -0.7883487343788147 0.3628796339035034 -0.4968143403530121 -1.4688090085983276
0.601809024810791 0.6230068206787109 -0.4996882677078247 0.34339383244514465 0.1281176507472992 -0.69288170337677 -0.7095777988433838 -0.4598110318183899 -0.7882966995239258 0.3630114197731018 -0.49680057168006897 -1.4688178300857544
0.6018656492233276 0.6229663491249084 -0.49967053532600403 0.3434726595878601 0.1281663328409195 -0.6929245591163635 -0.7095271348953247 -0.4598892331123352 -0.7882455587387085 0.3629990518093109 -0.4968907833099365 -1.4689220190048218
0.6018990874290466 0.6228907108306885 -0.4997245669364929 0.3434806764125824 0.1281064748764038 -0.69298255443573 -0.7094813585281372 -0.45986664295196533 -0.788229763507843 0.3630182147026062 -0.49690186977386475 -1.4688328504562378
0.6018711924552917 0.6229473948478699 -0.49968746304512024 0.34345772862434387 0.12812460958957672 -0.6929286122322083 -0.7095307111740112 -0.4598584771156311 -0.7882481217384338 0.3630238175392151 -0.4968686103820801 -1.4688301086425781
0.6017773151397705 0.6229751110076904 -0.4997659921646118 0.3434546887874603 0.1280565708875656 -0.6929193139076233 -0.7095520496368408 -0.45983201265335083 -0.7883308529853821 0.3629940152168274 -0.49675917625427246 -1.468867301940918
0.601743757724762 0.6229913830757141 -0.4997861087322235 0.34345829486846924 0.12805163860321045 -0.6929158568382263 -0.7095563411712646 -0.45983609557151794 -0.7883572578430176 0.3629726469516754 -0.49673283100128174 -1.468864917755127
0.6017773747444153 0.6229695081710815 -0.499772846698761 0.3434809744358063 0.12806595861911774 -0.6929315328598022 -0.709538459777832 -0.45982077717781067 -0.7883293032646179 0.36298027634620667 -0.4967716634273529 -1.468885064125061
0.6017476916313171 0.623015284538269 -0.49975159764289856 0.343496710062027 0.1280723363161087 -0.6928889155387878 -0.7095789313316345 -0.45988303422927856 -0.7883509397506714 0.3629830777645111 -0.49673527479171753 -1.4688206911087036
0.6017404794692993 0.6230062246322632 -0.4997715950012207 0.3434966206550598 0.12809184193611145 -0.6929154992103577 -0.7095494270324707 -0.4598861634731293 -0.7883532643318176 0.36294791102409363 -0.49675729870796204 -1.4689044952392578
0.6016905307769775 0.6230192184448242 -0.49981552362442017 0.3434928059577942 0.12815675139427185 -0.6929595470428467 -0.7094947099685669 -0.45979365706443787 -0.7883808016777039 0.36284148693084717 -0.4967913031578064 -1.468825340270996
0.6016819477081299 0.6230068802833557 -0.49984121322631836 0.34349897503852844 0.12813006341457367 -0.6929703950881958 -0.7094889283180237 -0.45978447794914246 -0.7883917093276978 0.36284196376800537 -0.4967736303806305 -1.4688187837600708
0.6016231775283813 0.6230210065841675 -0.49989426136016846 0.34347859025001526 0.12810754776000977 -0.6929783225059509 -0.7094852924346924 -0.45982125401496887 -0.7884401679039001 0.36280253529548645 -0.49672549962997437 -1.468787670135498
0.6015732884407043 0.6230877637863159 -0.4998711347579956 0.34343618154525757 0.1281939297914505 -0.6929559111595154 -0.7094915509223938 -0.45980873703956604 -0.7884642481803894 0.3627307116985321 -0.49673980474472046 -1.468809962272644
0.6015558838844299 0.6230632066726685 -0.4999227821826935 0.3434271514415741 0.1281280815601349 -0.6929718852043152 -0.709487795829773 -0.45977547764778137 -0.7884882092475891 0.3627423942089081 -0.4966931641101837 -1.468805193901062
0.6015629768371582 0.6230441927909851 -0.49993786215782166 0.343421995639801 0.12812116742134094 -0.6929910182952881 -0.7094703912734985 -0.45976999402046204 -0.7884839177131653 0.3627384901046753 -0.4967028796672821 -1.4688000679016113
0.6015194654464722 0.6230891942977905 -0.4999341368675232 0.3434199094772339 0.12811563909053802 -0.6929529905319214 -0.70950847864151 -0.45980703830718994 -0.7885180115699768 0.36273378133773804 -0.49665218591690063 -1.4687514305114746
0.6015451550483704 0.6231091618537903 -0.4998783469200134 0.3434140980243683 0.12799125909805298 -0.6928507089614868 -0.7096309065818787 -0.45977649092674255 -0.7885186076164246 0.3628949522972107 -0.49653348326683044 -1.468767762184143
0.6015611886978149 0.6230688095092773 -0.49990934133529663 0.34338393807411194 0.12800100445747375 -0.6929019689559937 -0.7095790505409241 -0.4597984254360199 -0.7885048389434814 0.3628663122653961 -0.49657630920410156 -1.4688069820404053
0.6015981435775757 0.6231257915496826 -0.4997938871383667 0.34341779351234436 0.12816040217876434 -0.6928703188896179 -0.709581196308136 -0.45982012152671814 -0.7884507179260254 0.36282891035079956 -0.49668949842453003 -1.4688160419464111
0.6016148924827576 0.6231023669242859 -0.49980291724205017 0.3434138000011444 0.12811876833438873 -0.692873477935791 -0.7095856070518494 -0.4598231315612793 -0.7884446978569031 0.36286312341690063 -0.4966740608215332 -1.468826413154602
0.6017174124717712 0.6230401992797852 -0.49975696206092834 0.3435022234916687 0.1280713528394699 -0.6928728222846985 -0.7095947861671448 -0.45984089374542236 -0.7883741855621338 0.3629709482192993 -0.4967072010040283 -1.4688948392868042
0.6017202734947205 0.6230359077453613 -0.49975886940956116 0.3435156047344208 0.12807853519916534 -0.692880392074585 -0.7095861434936523 -0.45984283089637756 -0.7883708477020264 0.3629639744758606 -0.4967176616191864 -1.4689081907272339
0.6016817092895508 0.623008131980896 -0.4998399317264557 0.3435228168964386 0.1281338930130005 -0.6929705142974854 -0.7094880938529968 -0.45976677536964417 -0.7883912920951843 0.36283954977989197 -0.49677613377571106 -1.4688483476638794
0.6016622185707092 0.6230596303939819 -0.4997991919517517 0.3435421586036682 0.12809738516807556 -0.6928933262825012 -0.7095701098442078 -0.4597741961479187 -0.7884120941162109 0.3628985285758972 -0.4966999888420105 -1.4688525199890137
0.6016805768013 0.6230725049972534 -0.49976101517677307 0.34347352385520935 0.1282636523246765 -0.6929395794868469 -0.7094948887825012 -0.4597911238670349 -0.7883710265159607 0.3627880811691284 -0.4968458116054535 -1.4688514471054077
0.6016507744789124 0.6230098009109497 -0.49987509846687317 0.3434339165687561 0.12827427685260773 -0.6930529475212097 -0.709382176399231 -0.459779292345047 -0.7883920669555664 0.36267921328544617 -0.49689194560050964 -1.4688057899475098
0.601651668548584 0.623034656047821 -0.499843031167984 0.3434331715106964 0.12832006812095642 -0.6930381655693054 -0.7093884348869324 -0.45977726578712463 -0.7883839011192322 0.3626647889614105 -0.49691537022590637 -1.4687978029251099
0.6016742587089539 0.6230190396308899 -0.4998353123664856 0.34341180324554443 0.12828436493873596 -0.6930291652679443 -0.7094036340713501 -0.4597134292125702 -0.7883725166320801 0.36270883679389954 -0.49690136313438416 -1.4688667058944702
0.6016477346420288 0.6229881048202515 -0.4999057650566101 0.3434421420097351 0.12830358743667603 -0.6930992007255554 -0.709331750869751 -0.45978087186813354 -0.7883896231651306 0.36262810230255127 -0.49693310260772705 -1.4688971042633057
0.6016792058944702 0.6230146884918213 -0.49983474612236023 0.34345850348472595 0.12831361591815948 -0.6930455565452576 -0.7093823552131653 -0.4598188102245331 -0.7883639335632324 0.3626849949359894 -0.4969322979450226 -1.4688124656677246
0.6016541123390198 0.6230252385139465 -0.499851793050766 0.34345945715904236 0.12830093502998352 -0.6930410861968994 -0.7093890309333801 -0.4598264992237091 -0.7883851528167725 0.36267533898353577 -0.49690571427345276 -1.468807339668274
0.6015800833702087 0.6230683326721191 -0.4998871684074402 0.34344151616096497 0.12836310267448425 -0.6930568814277649 -0.7093623280525208 -0.459818571805954 -0.7884315252304077 0.36257117986679077 -0.49690815806388855 -1.468731164932251
0.601625382900238 0.6230524182319641 -0.4998525083065033 0.34343600273132324 0.1283244490623474 -0.6930320858955383 -0.7093935012817383 -0.45978260040283203 -0.7884032726287842 0.36264583468437195 -0.4968985319137573 -1.4687607288360596
0.6016018986701965 0.6231083273887634 -0.4998110234737396 0.3434147834777832 0.12836356461048126 -0.692986011505127 -0.7094314098358154 -0.4597927927970886 -0.7884147763252258 0.36263778805732727 -0.49688610434532166 -1.4688242673873901
0.6016261577606201 0.6231750249862671 -0.499698668718338 0.34340304136276245 0.12834225594997406 -0.6928657293319702 -0.7095528244972229 -0.45976024866104126 -0.7883997559547424 0.36275309324264526 -0.49682581424713135 -1.4687919616699219
0.601626992225647 0.6231601238250732 -0.49971631169319153 0.3433956205844879 0.12832340598106384 -0.6928776502609253 -0.7095445394515991 -0.45975834131240845 -0.7884021997451782 0.36275580525398254 -0.4968198835849762 -1.4687857627868652
0.6016663312911987 0.6231670379638672 -0.49966034293174744 0.34344911575317383 0.1283012479543686 -0.6928319931030273 -0.7095931768417358 -0.45979833602905273 -0.7883757948875427 0.3628312349319458 -0.4968067407608032 -1.4688090085983276
0.6016903519630432 0.6231712102890015 -0.49962618947029114 0.3434523940086365 0.12823010981082916 -0.6927776336669922 -0.7096590995788574 -0.45978689193725586 -0.7883689999580383 0.3629279136657715 -0.49674689769744873 -1.4688247442245483
0.601632833480835 0.6230999827384949 -0.49978429079055786 0.34341663122177124 0.12822408974170685 -0.6929135918617249 -0.7095274329185486 -0.45977938175201416 -0.7884138822555542 0.362790584564209 -0.49677595496177673 -1.4687724113464355
0.6016848683357239 0.6230904459953308 -0.4997335374355316 0.34341228008270264 0.12816613912582397 -0.6928664445877075 -0.7095839381217957 -0.4597584903240204 -0.7883836030960083 0.36289694905281067 -0.49674633145332336 -1.4688143730163574
0.6015698313713074 0.6230904459953308 -0.4998719394207001 0.34342318773269653 0.12819001078605652 -0.6929525136947632 -0.7094955444335938 -0.459703266620636 -0.7884674668312073 0.36273252964019775 -0.49673330783843994 -1.4687055349349976
0.6016044020652771 0.6231271028518677 -0.4997846782207489 0.3434523046016693 0.12832076847553253 -0.6929381489753723 -0.7094859480857849 -0.45972520112991333 -0.7884198427200317 0.36269712448120117 -0.49683475494384766 -1.4687212705612183
0.6015917658805847 0.6231188178062439 -0.49981018900871277 0.3434610366821289 0.1283281147480011 -0.6929615139961243 -0.7094618082046509 -0.45971646904945374 -0.7884283065795898 0.36266669631004333 -0.496843546628952 -1.4687085151672363
0.6016760468482971 0.6230233311653137 -0.4998278319835663 0.3434794843196869 0.12826941907405853 -0.6930150389671326 -0.7094201445579529 -0.4597410261631012 -0.7883735299110413 0.36272844672203064 -0.4968853294849396 -1.4687923192977905
0.6016674041748047 0.6230541467666626 -0.4997997581958771 0.3434911370277405 0.12822844088077545 -0.6929579973220825 -0.7094832062721252 -0.4597562253475189 -0.7883868217468262 0.36278438568115234 -0.4968234896659851 -1.468776822090149
0.601639986038208 0.6230292916297913 -0.49986380338668823 0.34346508979797363 0.12824256718158722 -0.6930177807807922 -0.7094222903251648 -0.45977380871772766 -0.7884054183959961 0.3627129793167114 -0.4968460500240326 -1.468757152557373
0.6016240119934082 0.6230137944221497 -0.4999023377895355 0.3434379994869232 0.12817133963108063 -0.6930174231529236 -0.7094355821609497 -0.4597770571708679 -0.7884292006492615 0.36274027824401855 -0.4967883825302124 -1.4687451124191284
0.601607084274292 0.6230303049087524 -0.49990206956863403 0.34342122077941895 0.12820284068584442 -0.693019449710846 -0.7094278335571289 -0.4597703218460083 -0.788437008857727 0.3627079427242279 -0.49679967761039734 -1.4687427282333374
0.6015956997871399 0.6230782270431519 -0.4998561143875122 0.3433992564678192 0.12818729877471924 -0.6929517984390259 -0.7094967365264893 -0.4598236382007599 -0.7884482145309448 0.3627549409866333 -0.4967474937438965 -1.4687373638153076
0.6015745997428894 0.6230680346488953 -0.4998941719532013 0.34339794516563416 0.12815618515014648 -0.6929656863212585 -0.7094888091087341 -0.45983338356018066 -0.7884693741798401 0.36274588108062744 -0.4967205822467804 -1.4687330722808838
0.6015016436576843 0.6231288313865662 -0.49990618228912354 0.34340745210647583 0.12813381850719452 -0.692916750907898 -0.709540605545044 -0.4597945809364319 -0.7885286808013916 0.36273494362831116 -0.49663442373275757 -1.4686954021453857
0.6015329957008362 0.6230970621109009 -0.49990805983543396 0.3434065878391266 0.12810802459716797 -0.6929295063018799 -0.7095327973365784 -0.45979753136634827 -0.788508951663971 0.3627651333808899 -0.49664366245269775 -1.4686888456344604
0.6015710830688477 0.6230728626251221 -0.4998924434185028 0.34343457221984863 0.12802006304264069 -0.6928985714912415 -0.7095789313316345 -0.45982107520103455 -0.7884941697120667 0.3628658652305603 -0.49659350514411926 -1.4687354564666748
0.6015585660934448 0.6230601668357849 -0.49992331862449646 0.3434087336063385 0.1280025988817215 -0.6929166913032532 -0.7095643877983093 -0.45978713035583496 -0.7885065674781799 0.3628530204296112 -0.4965832531452179 -1.4687068462371826
0.6015388369560242 0.6230659484863281 -0.49993979930877686 0.3434074819087982 0.1279931515455246 -0.6929170489311218 -0.7095657587051392 -0.4597915709018707 -0.7885231375694275 0.36284247040748596 -0.496564656496048 -1.4687035083770752
0.6014236807823181 0.6231879591941833 -0.49992629885673523 0.343360960483551 0.12805691361427307 -0.6928483843803406 -0.709621250629425 -0.4597788155078888 -0.7886006236076355 0.3627639710903168 -0.4964989125728607 -1.4687085151672363
0.6014146208763123 0.6231859922409058 -0.49993956089019775 0.34334734082221985 0.1280636340379715 -0.6928600668907166 -0.7096086144447327 -0.45978742837905884 -0.7886064052581787 0.36274492740631104 -0.49650365114212036 -1.468711495399475
0.6014879941940308 0.6230918169021606 -0.4999687671661377 0.3433830142021179 0.12804590165615082 -0.6929377913475037 -0.7095359563827515 -0.45981231331825256 -0.7885533571243286 0.3627583980560303 -0.49657806754112244 -1.4686962366104126
0.6014746427536011 0.6231042146682739 -0.49996936321258545 0.34338152408599854 0.12803952395915985 -0.6929259896278381 -0.7095486521720886 -0.45982879400253296 -0.7885645627975464 0.36275967955589294 -0.49655935168266296 -1.4686979055404663
0.6014884114265442 0.6231542825698853 -0.49989038705825806 0.3433781564235687 0.1282159835100174 -0.6929271221160889 -0.7095156908035278 -0.4598446190357208 -0.788525402545929 0.36267152428627014 -0.4966859221458435 -1.4686553478240967
0.6015035510063171 0.623175859451294 -0.4998452961444855 0.34336838126182556 0.1282024383544922 -0.692880392074585 -0.7095637917518616 -0.45983952283859253 -0.7885160446166992 0.362723708152771 -0.49666261672973633 -1.4686893224716187
0.601466715335846 0.6231322288513184 -0.49994391202926636 0.3434227406978607 0.12823879718780518 -0.6929829716682434 -0.7094569802284241 -0.4598086178302765 -0.7885382175445557 0.362602561712265 -0.4967159032821655 -1.4687397480010986
0.6014787554740906 0.6231215596199036 -0.499942809343338 0.3433910310268402 0.12826436758041382 -0.6930021047592163 -0.7094337344169617 -0.4598289132118225 -0.7885249257087708 0.3625844419002533 -0.49675026535987854 -1.468726634979248
0.6014723777770996 0.6231144666671753 -0.499959260225296 0.3433848023414612 0.1282445341348648 -0.6930071711540222 -0.7094323635101318 -0.4598391056060791 -0.7885329723358154 0.3625869154930115 -0.49673566222190857 -1.46872878074646
0.6015109419822693 0.6231610178947449 -0.4998548924922943 0.3434121012687683 0.1281915307044983 -0.692891538143158 -0.7095548510551453 -0.45983609557151794 -0.7885122299194336 0.3627277910709381 -0.4966657757759094 -1.4688087701797485
0.6015174388885498 0.6231843829154968 -0.49981796741485596 0.3434019982814789 0.12816575169563293 -0.6928423047065735 -0.7096075415611267 -0.4598311185836792 -0.7885114550590515 0.36278173327445984 -0.4966275990009308 -1.4688539505004883
0.6016020178794861 0.6231378316879272 -0.49977415800094604 0.3434056043624878 0.128377303481102 -0.6929504871368408 -0.7094637155532837 -0.4597793519496918 -0.7884124517440796 0.3626551330089569 -0.49687713384628296 -1.468765377998352
0.6015969514846802 0.6231482028961182 -0.49976736307144165 0.3434022068977356 0.12836968898773193 -0.6929355263710022 -0.7094796299934387 -0.4597660005092621 -0.7884175777435303 0.3626657724380493 -0.49686121940612793 -1.4687420129776
