# 3x4 first row second row third row Freq: 100 current Time: 2021-07-31-11:40:32
0.6100713014602661 0.5541966557502747 -0.5662853121757507 0.09041894972324371 0.13657720386981964 -0.7775482535362244 -0.6138122081756592 -0.6383978724479675 -0.7804868221282959 0.29712754487991333 -0.5500504970550537 -1.3188326358795166
0.6101189851760864 0.5541096329689026 -0.5663190484046936 0.090441033244133 0.13654278218746185 -0.7776097655296326 -0.6137418746948242 -0.6384203433990479 -0.7804555296897888 0.297128826379776 -0.5500941872596741 -1.3188806772232056
0.6101786494255066 0.5540988445281982 -0.5662654042243958 0.09041277319192886 0.1365814507007599 -0.7776116132736206 -0.6137309670448303 -0.6383915543556213 -0.7804021835327148 0.29714417457580566 -0.5501616597175598 -1.3188042640686035
0.6101340651512146 0.5541663765907288 -0.5662473440170288 0.09044409543275833 0.136624276638031 -0.7775731086730957 -0.6137702465057373 -0.6383848786354065 -0.7804295420646667 0.2971189618110657 -0.550136387348175 -1.3188573122024536
0.6101323366165161 0.554146409034729 -0.5662687420845032 0.0904255136847496 0.1366731971502304 -0.7776140570640564 -0.613707423210144 -0.6383660435676575 -0.7804222702980042 0.29704898595809937 -0.5501844882965088 -1.3187872171401978
0.6101821660995483 0.5540918111801147 -0.5662685036659241 0.09046633541584015 0.1365644782781601 -0.7776113748550415 -0.6137350797653198 -0.6383291482925415 -0.7804023623466492 0.29715803265571594 -0.5501538515090942 -1.3188494443893433
0.610178530216217 0.554062008857727 -0.5663015842437744 0.09045147150754929 0.13651920855045319 -0.7776278853416443 -0.6137242317199707 -0.6383593082427979 -0.7804131507873535 0.2971702814102173 -0.5501319169998169 -1.3188420534133911
0.6101301908493042 0.5540995597839355 -0.5663169622421265 0.09058444201946259 0.13652977347373962 -0.7776111960411072 -0.613743007183075 -0.6382267475128174 -0.7804490923881531 0.29714399576187134 -0.5500951409339905 -1.3188717365264893
0.6100824475288391 0.554163932800293 -0.5663053393363953 0.09055197238922119 0.13648781180381775 -0.7775450944900513 -0.6138360500335693 -0.6382338404655457 -0.7804937362670898 0.2971968352794647 -0.5500032901763916 -1.318920612335205
0.6100684404373169 0.554195761680603 -0.5662893056869507 0.0905299186706543 0.13650429248809814 -0.7775226831436157 -0.6138607859611511 -0.6382865905761719 -0.7805018424987793 0.2971961498260498 -0.5499921441078186 -1.3189502954483032
0.6101172566413879 0.5541689991950989 -0.5662629008293152 0.09053874760866165 0.13652294874191284 -0.7775386571884155 -0.613836407661438 -0.6382434964179993 -0.7804604172706604 0.29720428586006165 -0.5500465035438538 -1.3189334869384766
0.6100786924362183 0.5541868209838867 -0.5662870407104492 0.09051800519227982 0.13649629056453705 -0.7775251269340515 -0.6138594746589661 -0.6383009552955627 -0.7804952263832092 0.29720649123191833 -0.5499959588050842 -1.318961501121521
0.6101198792457581 0.5542188286781311 -0.5662112832069397 0.09049572050571442 0.1365675926208496 -0.7775005102157593 -0.6138747930526733 -0.6383230686187744 -0.7804505228996277 0.29721108078956604 -0.5500568747520447 -1.3189456462860107
0.6100960373878479 0.554282009601593 -0.5661751627922058 0.09046930074691772 0.13659323751926422 -0.7774516344070435 -0.6139310002326965 -0.6384019255638123 -0.7804647088050842 0.2972211539745331 -0.5500313639640808 -1.3189709186553955
0.6100956201553345 0.5543140172958374 -0.5661442279815674 0.09052207320928574 0.13656000792980194 -0.7774044275283813 -0.6139981746673584 -0.6384446024894714 -0.7804708480834961 0.29728493094444275 -0.5499881505966187 -1.3190597295761108
0.6101709008216858 0.5543034672737122 -0.5660734176635742 0.09050474315881729 0.13670070469379425 -0.7774383425712585 -0.6139239072799683 -0.6384447813034058 -0.7803873419761658 0.29721587896347046 -0.5501439571380615 -1.3189976215362549
0.6101478338241577 0.5543526411056519 -0.5660501718521118 0.0905170813202858 0.13666127622127533 -0.77737957239151 -0.6140071153640747 -0.6384602785110474 -0.7804123163223267 0.29727795720100403 -0.5500749945640564 -1.3190735578536987
0.6101213693618774 0.5543273687362671 -0.5661033987998962 0.09049608558416367 0.1366310566663742 -0.7774063944816589 -0.6139798760414124 -0.6384044289588928 -0.780438244342804 0.2972549498081207 -0.5500505566596985 -1.318945288658142
0.6101486682891846 0.5543569922447205 -0.5660449862480164 0.0905185267329216 0.13664516806602478 -0.7773683667182922 -0.6140248775482178 -0.6384076476097107 -0.7804144620895386 0.2972991466522217 -0.5500604510307312 -1.3190089464187622
0.6102320551872253 0.5543674230575562 -0.5659449100494385 0.09049440920352936 0.13664127886295319 -0.7773211002349854 -0.6140855550765991 -0.6384696364402771 -0.7803499698638916 0.2974032461643219 -0.5500956773757935 -1.3190053701400757
0.6102301478385925 0.5544388890266418 -0.5658769011497498 0.09049106389284134 0.13669727742671967 -0.7772656679153442 -0.6141433119773865 -0.638482928276062 -0.780341625213623 0.2974149286746979 -0.5501012206077576 -1.319079875946045
0.6101696491241455 0.5543986558914185 -0.5659815669059753 0.09045916050672531 0.1367613673210144 -0.7773587703704834 -0.6140111684799194 -0.6384259462356567 -0.7803776860237122 0.2972465753555298 -0.5501410365104675 -1.318937063217163
0.6101368069648743 0.5544917583465576 -0.5659257769584656 0.09045388549566269 0.13676679134368896 -0.7772733569145203 -0.6141180396080017 -0.6384122967720032 -0.780402421951294 0.2972961664199829 -0.5500791668891907 -1.3190178871154785
0.610085129737854 0.5544416904449463 -0.5660305619239807 0.09045904129743576 0.13678348064422607 -0.777355432510376 -0.6140104532241821 -0.6383686661720276 -0.7804398536682129 0.29717501997947693 -0.5500914454460144 -1.3188729286193848
0.610105574131012 0.5544411540031433 -0.566008985042572 0.0904608741402626 0.1367344707250595 -0.7773288488388062 -0.6140549778938293 -0.638387143611908 -0.7804324626922607 0.29724544286727905 -0.5500639081001282 -1.3189280033111572
0.6100975275039673 0.554460346698761 -0.565998911857605 0.09050772339105606 0.13670626282691956 -0.7773006558418274 -0.614096999168396 -0.6383055448532104 -0.7804437279701233 0.29728347063064575 -0.5500273704528809 -1.3189239501953125
0.6101000905036926 0.554422914981842 -0.5660328269004822 0.09048224240541458 0.13673701882362366 -0.7773519158363342 -0.6140252351760864 -0.6383131742477417 -0.7804363369941711 0.2972192168235779 -0.5500726103782654 -1.3188700675964355
0.6100586652755737 0.554449200630188 -0.5660516619682312 0.09052014350891113 0.13662788271903992 -0.7772989273071289 -0.6141166090965271 -0.6382911801338196 -0.7804878354072571 0.29730871319770813 -0.5499511957168579 -1.3189475536346436
0.6101452112197876 0.5543691515922546 -0.5660368204116821 0.09050814807415009 0.13663041591644287 -0.7773509621620178 -0.6140501499176025 -0.6383402943611145 -0.7804197669029236 0.2973218858242035 -0.5500406622886658 -1.3189167976379395
0.6100955605506897 0.554423451423645 -0.5660371780395508 0.0905144140124321 0.13657011091709137 -0.777289628982544 -0.6141412258148193 -0.6383600831031799 -0.7804691195487976 0.29738107323646545 -0.5499386191368103 -1.3189733028411865
0.6100661754608154 0.554439127445221 -0.5660534501075745 0.09050197899341583 0.13648328185081482 -0.777251660823822 -0.6142085790634155 -0.6383901834487915 -0.7805072665214539 0.29745104908943176 -0.5498466491699219 -1.31903076171875
0.6100623607635498 0.5544968247413635 -0.5660011172294617 0.09051709622144699 0.13651329278945923 -0.7772020697593689 -0.6142646074295044 -0.6384211778640747 -0.7805050015449524 0.2974730432033539 -0.5498379468917847 -1.3190983533859253
0.6100403666496277 0.5544222593307495 -0.5660977959632874 0.09053899347782135 0.13647547364234924 -0.7772776484489441 -0.614177405834198 -0.6383860111236572 -0.7805287837982178 0.29741454124450684 -0.5498358011245728 -1.3190314769744873
0.6100212335586548 0.5544664263725281 -0.5660751461982727 0.09051878750324249 0.13650630414485931 -0.7772493958473206 -0.6142063140869141 -0.6384569406509399 -0.7805383205413818 0.29740607738494873 -0.5498268008232117 -1.319059133529663
0.6100479364395142 0.5544236302375793 -0.5660883188247681 0.09049113094806671 0.13658471405506134 -0.7773146629333496 -0.614106297492981 -0.6384232640266418 -0.7805037498474121 0.2973152697086334 -0.5499250292778015 -1.3189921379089355
0.6099825501441956 0.5544521808624268 -0.5661308169364929 0.090494804084301 0.1365586370229721 -0.7773007750511169 -0.6141296625137329 -0.6384219527244568 -0.7805594205856323 0.2972983419895172 -0.5498551726341248 -1.318971037864685
0.6099692583084106 0.5544226765632629 -0.5661740303039551 0.09054560214281082 0.13644039630889893 -0.7772932648658752 -0.6141654849052429 -0.6384148597717285 -0.7805904746055603 0.29737305641174316 -0.5497706532478333 -1.3190608024597168
0.6099709868431091 0.5544173121452332 -0.5661773681640625 0.09051769971847534 0.13646744191646576 -0.7773086428642273 -0.614139974117279 -0.6383935809135437 -0.7805843949317932 0.29734280705451965 -0.5497956275939941 -1.3190253973007202
0.6099734902381897 0.5544732213020325 -0.5661199688911438 0.09050975739955902 0.13651137053966522 -0.7772637009620667 -0.6141871213912964 -0.6384745836257935 -0.7805747985839844 0.2973560392856598 -0.5498021245002747 -1.3190604448318481
0.6098848581314087 0.5544927716255188 -0.5661962628364563 0.09047535806894302 0.1364428997039795 -0.7772530317306519 -0.6142158508300781 -0.638444185256958 -0.7806560397148132 0.29734745621681213 -0.5496914386749268 -1.3190170526504517
0.6098278164863586 0.5546315908432007 -0.5661217570304871 0.09045437723398209 0.13656172156333923 -0.77717125415802 -0.6142929196357727 -0.6384767293930054 -0.7806797623634338 0.29730233550071716 -0.549682080745697 -1.319085717201233
0.609882652759552 0.5545844435691833 -0.5661088228225708 0.09043555706739426 0.13660460710525513 -0.7772160768508911 -0.6142266988754272 -0.6384589076042175 -0.7806294560432434 0.2972731292247772 -0.549769401550293 -1.3189549446105957
0.6099600195884705 0.5545625686645508 -0.566046953201294 0.09046295285224915 0.13664846122264862 -0.7772245407104492 -0.6142061352729797 -0.6384546756744385 -0.7805613279342651 0.29729175567626953 -0.5498560667037964 -1.3189482688903809
0.6099438667297363 0.5545974969863892 -0.5660301446914673 0.09050212055444717 0.13670699298381805 -0.7772156000137329 -0.6142045259475708 -0.6384317278862 -0.7805637121200562 0.297249972820282 -0.5498751997947693 -1.3190314769744873
0.6099384427070618 0.5546025633811951 -0.5660310387611389 0.09045575559139252 0.1366840898990631 -0.7772036194801331 -0.6142246723175049 -0.6383846998214722 -0.7805719375610352 0.2972717881202698 -0.5498517155647278 -1.3190107345581055
0.6098694205284119 0.5547341704368591 -0.5659763216972351 0.09051188081502914 0.13678064942359924 -0.7771260738372803 -0.6143013834953308 -0.6383733153343201 -0.7806089520454407 0.29722902178764343 -0.5498223304748535 -1.3190853595733643
0.6098359227180481 0.5546859502792358 -0.5660597681999207 0.09047913551330566 0.13670624792575836 -0.7771639823913574 -0.6142699718475342 -0.6383859515190125 -0.7806481719017029 0.29721999168395996 -0.5497715473175049 -1.3189904689788818
0.6099411845207214 0.5547136068344116 -0.5659192204475403 0.09051941335201263 0.13673794269561768 -0.7771024703979492 -0.6143406629562378 -0.6383625864982605 -0.7805603742599487 0.2973290681838989 -0.5498372316360474 -1.319060206413269
0.6099481582641602 0.5546550750732422 -0.5659690499305725 0.0905008465051651 0.13674253225326538 -0.777164876461029 -0.614260733127594 -0.6383481025695801 -0.7805541157722473 0.2972751557826996 -0.5498752593994141 -1.318965196609497
0.609969973564148 0.554573655128479 -0.5660253763198853 0.0904349535703659 0.13673286139965057 -0.7772405743598938 -0.6141671538352966 -0.6384678483009338 -0.78053879737854 0.29722923040390015 -0.5499218106269836 -1.3189412355422974
0.6099350452423096 0.5545396208763123 -0.566096305847168 0.09038683027029037 0.13665883243083954 -0.7772637009620667 -0.6141542792320251 -0.6384656429290771 -0.7805790305137634 0.29723218083381653 -0.5498631000518799 -1.3189213275909424
0.609992265701294 0.5545380711555481 -0.5660361647605896 0.09047190845012665 0.1366271823644638 -0.7772296667098999 -0.6142044067382812 -0.638403594493866 -0.7805398106575012 0.2973240315914154 -0.5498690605163574 -1.319023847579956
0.6100454926490784 0.5544936060905457 -0.5660223364830017 0.09045588970184326 0.13670839369297028 -0.7772868275642395 -0.614113986492157 -0.6384073495864868 -0.7804840207099915 0.2972574830055237 -0.5499842762947083 -1.318947434425354
0.6100082993507385 0.5544877052307129 -0.5660682916641235 0.09051448851823807 0.1366174966096878 -0.7772740125656128 -0.6141504049301147 -0.6384597420692444 -0.7805290222167969 0.2973020374774933 -0.5498963594436646 -1.3189908266067505
0.6099955439567566 0.5544849038124084 -0.5660847425460815 0.09054844826459885 0.13662520051002502 -0.7772852778434753 -0.6141344904899597 -0.6383579969406128 -0.7805376648902893 0.29727786779403687 -0.5498971343040466 -1.318993330001831
0.6100069880485535 0.5544394850730896 -0.5661168694496155 0.09053032100200653 0.13655124604701996 -0.7773016095161438 -0.6141302585601807 -0.6383832693099976 -0.7805416584014893 0.29731976985931396 -0.5498688220977783 -1.318982720375061
0.6100524663925171 0.5543964505195618 -0.5661099553108215 0.09047583490610123 0.13652050495147705 -0.7773177623748779 -0.6141166090965271 -0.638390064239502 -0.7805114388465881 0.2973577678203583 -0.5498911142349243 -1.3190048933029175
0.610063910484314 0.5543966889381409 -0.5660974383354187 0.09044212847948074 0.13651089370250702 -0.7773091793060303 -0.6141296625137329 -0.638446033000946 -0.7805041670799255 0.29737988114356995 -0.5498895049095154 -1.3190338611602783
0.6101897954940796 0.5543075203895569 -0.5660490989685059 0.0905122384428978 0.1365034133195877 -0.7773510217666626 -0.6140784025192261 -0.6383320689201355 -0.7804070711135864 0.29743674397468567 -0.549996554851532 -1.3190457820892334
0.6102075576782227 0.5543352365493774 -0.5660027861595154 0.09048417955636978 0.13643966615200043 -0.7772892713546753 -0.6141707301139832 -0.6384004354476929 -0.7804043889045715 0.29754638671875 -0.5499411225318909 -1.319104790687561
0.6102566719055176 0.5543643236160278 -0.5659213662147522 0.09052783250808716 0.13647912442684174 -0.7772524356842041 -0.6142085194587708 -0.6384230852127075 -0.7803590893745422 0.29758837819099426 -0.5499826669692993 -1.3191819190979004
0.6102679967880249 0.5543634295463562 -0.5659101009368896 0.09050367772579193 0.1365622580051422 -0.7772804498672485 -0.614154577255249 -0.6383770108222961 -0.7803356647491455 0.29751691222190857 -0.5500544905662537 -1.3190962076187134
0.6102207899093628 0.5544098615646362 -0.5659154653549194 0.0905638337135315 0.13651220500469208 -0.7772305011749268 -0.6142289042472839 -0.6383741497993469 -0.7803813219070435 0.2975608706474304 -0.5499659180641174 -1.3191840648651123
0.6102422475814819 0.5543491840362549 -0.5659517645835876 0.09055431187152863 0.13646820187568665 -0.7772706747055054 -0.6141878366470337 -0.6383832097053528 -0.7803722620010376 0.2975689470767975 -0.5499744415283203 -1.31911039352417
0.6102097034454346 0.554347038269043 -0.5659889578819275 0.09052831679582596 0.136464461684227 -0.7772850394248962 -0.614170491695404 -0.6384730935096741 -0.7803983688354492 0.29753541946411133 -0.5499555468559265 -1.3191518783569336
0.610225260257721 0.5542859435081482 -0.5660319924354553 0.09050033241510391 0.13643814623355865 -0.7773348689079285 -0.6141132712364197 -0.6384900808334351 -0.780390739440918 0.29751908779144287 -0.5499751567840576 -1.3190797567367554
0.6102059483528137 0.5543411374092102 -0.5659987926483154 0.09052131325006485 0.13641244173049927 -0.7772731781005859 -0.6141970753669739 -0.638468325138092 -0.7804103493690491 0.297577440738678 -0.5499157309532166 -1.3191646337509155
0.6101937890052795 0.5543360710144043 -0.5660167932510376 0.09049447625875473 0.13634377717971802 -0.77725750207901 -0.6142321825027466 -0.6384909152984619 -0.780431866645813 0.2976278066635132 -0.5498579740524292 -1.3191289901733398
0.6102136373519897 0.5543339252471924 -0.5659975409507751 0.09052026271820068 0.1364019513130188 -0.7772738337516785 -0.614198625087738 -0.6385046243667603 -0.7804061770439148 0.2975892126560211 -0.5499153137207031 -1.3192113637924194
0.6102747321128845 0.5542328357696533 -0.5660306811332703 0.09049653261899948 0.136485755443573 -0.77739018201828 -0.6140326857566833 -0.6384486556053162 -0.780343770980835 0.2974735200405121 -0.5500664710998535 -1.3190423250198364
0.6102863550186157 0.5543114542961121 -0.5659411549568176 0.09048068523406982 0.1365072876214981 -0.7773082852363586 -0.6141316294670105 -0.6384648680686951 -0.7803309559822083 0.2975410521030426 -0.5500481724739075 -1.3190945386886597
0.6103276014328003 0.5543378591537476 -0.5658707618713379 0.09053134173154831 0.13656850159168243 -0.7772858738899231 -0.6141462922096252 -0.6384353041648865 -0.7802879214286804 0.29755035042762756 -0.5501041412353516 -1.3191206455230713
0.6103705167770386 0.5542947053909302 -0.5658667683601379 0.09050941467285156 0.136633038520813 -0.7773395776748657 -0.6140639781951904 -0.6384461522102356 -0.7802430391311646 0.2974904775619507 -0.5502001643180847 -1.3190659284591675
0.6103366017341614 0.5543371438980103 -0.5658618211746216 0.09047148376703262 0.1366771161556244 -0.7773243188858032 -0.6140735149383545 -0.6384773254394531 -0.7802618741989136 0.2974511682987213 -0.5501946806907654 -1.3191310167312622
0.6103581190109253 0.5543246865272522 -0.5658507943153381 0.09042209386825562 0.13657620549201965 -0.7772905230522156 -0.6141387820243835 -0.6384885907173157 -0.7802627086639404 0.297562837600708 -0.5501331686973572 -1.3191343545913696
0.6103445887565613 0.5543786287307739 -0.5658125877380371 0.09051541984081268 0.13656948506832123 -0.7772350311279297 -0.6142104864120483 -0.6384674906730652 -0.780274510383606 0.29760730266571045 -0.5500923991203308 -1.3192507028579712
0.6103307604789734 0.5544368028640747 -0.5657704472541809 0.09052091091871262 0.1367148607969284 -0.7772330045700073 -0.6141807436943054 -0.6384377479553223 -0.7802598476409912 0.29750415682792664 -0.5501689314842224 -1.319177508354187
0.6103156805038452 0.554451584815979 -0.5657721757888794 0.09049559384584427 0.13670429587364197 -0.7772191166877747 -0.6142005920410156 -0.638504147529602 -0.7802734971046448 0.2975127696990967 -0.5501449704170227 -1.3192121982574463
0.6102651953697205 0.5544575452804565 -0.5658208727836609 0.09055610001087189 0.1366831213235855 -0.7772255539894104 -0.6141971945762634 -0.6384197473526001 -0.7803166508674622 0.29748502373695374 -0.550098717212677 -1.3191654682159424
0.6102371215820312 0.5544918775558472 -0.5658174753189087 0.0905398577451706 0.13672113418579102 -0.7772143483161926 -0.6142028570175171 -0.6384780406951904 -0.7803319692611694 0.2974502146244049 -0.5500958561897278 -1.319191336631775
0.6101893782615662 0.5544856190681458 -0.5658751130104065 0.09054158627986908 0.13678088784217834 -0.7772636413574219 -0.6141272187232971 -0.638469934463501 -0.7803588509559631 0.2973330020904541 -0.5501210689544678 -1.3191019296646118
0.6101943850517273 0.5544660687446594 -0.5658888816833496 0.09052370488643646 0.13684046268463135 -0.7773054838180542 -0.6140609383583069 -0.6384696364402771 -0.7803444862365723 0.297260046005249 -0.5501808524131775 -1.3190661668777466
0.6101855635643005 0.5544798970222473 -0.5658848285675049 0.09054577350616455 0.1367565393447876 -0.7772622108459473 -0.6141344904899597 -0.6384329795837402 -0.7803661227226257 0.2973475456237793 -0.5501028895378113 -1.319132924079895
0.6101786494255066 0.5544785261154175 -0.5658936500549316 0.09051521867513657 0.13678203523159027 -0.7772762179374695 -0.6141110062599182 -0.6384443640708923 -0.7803670167922974 0.2973133325576782 -0.5501200556755066 -1.3191083669662476
0.6101964712142944 0.5544586181640625 -0.5658938884735107 0.09049327671527863 0.13677285611629486 -0.777286946773529 -0.6140995025634766 -0.638493001461029 -0.7803546786308289 0.29732245206832886 -0.5501326322555542 -1.319153904914856
0.6101359724998474 0.5544780492782593 -0.5659400820732117 0.09045565128326416 0.1367957592010498 -0.7772996425628662 -0.6140783429145813 -0.6384534239768982 -0.7803979516029358 0.2972531020641327 -0.5501087307929993 -1.31910240650177
0.6101825833320618 0.554413378238678 -0.5659531950950623 0.0905042439699173 0.13666847348213196 -0.7773020267486572 -0.6141036152839661 -0.6384642720222473 -0.780383825302124 0.2973673939704895 -0.5500670075416565 -1.3191711902618408
0.6101548671722412 0.5543599128723145 -0.5660354495048523 0.09048338234424591 0.13663960993289948 -0.7773605585098267 -0.6140360236167908 -0.6384446620941162 -0.7804105877876282 0.29731419682502747 -0.5500578284263611 -1.3191015720367432
0.610187828540802 0.5543649196624756 -0.5659949779510498 0.09044752269983292 0.13661162555217743 -0.777330756187439 -0.6140799522399902 -0.6384934782981873 -0.780389666557312 0.2973826229572296 -0.5500504970550537 -1.3191410303115845
0.6101812124252319 0.5543753504753113 -0.5659919381141663 0.090560182929039 0.13658608496189117 -0.7773125171661377 -0.6141087412834167 -0.638409435749054 -0.7803993821144104 0.2974109649658203 -0.5500214099884033 -1.319183588027954
0.6101709008216858 0.5544030070304871 -0.5659759044647217 0.09053963422775269 0.13660186529159546 -0.7772927284240723 -0.6141302585601807 -0.6384716033935547 -0.7804046273231506 0.2974110543727875 -0.5500138998031616 -1.319215178489685
0.6101362109184265 0.5543830990791321 -0.566032886505127 0.09053179621696472 0.13662457466125488 -0.777337372303009 -0.6140686869621277 -0.6384772062301636 -0.7804278135299683 0.2973315417766571 -0.5500240325927734 -1.31914484500885
0.6101261377334595 0.5543488264083862 -0.5660772919654846 0.09052184224128723 0.13658413290977478 -0.7773633003234863 -0.6140449047088623 -0.6384409666061401 -0.7804427742958069 0.2973276674747467 -0.5500048995018005 -1.3191221952438354
0.6101410984992981 0.5544376969337463 -0.5659741163253784 0.0905321016907692 0.13663817942142487 -0.7772812843322754 -0.6141366958618164 -0.6384173035621643 -0.7804216146469116 0.2973763644695282 -0.5500085949897766 -1.319195032119751
0.6101471185684204 0.5544349551200867 -0.5659703016281128 0.09051541239023209 0.13670660555362701 -0.7773078083992004 -0.6140878796577454 -0.6384060978889465 -0.7804048657417297 0.29731208086013794 -0.5500670671463013 -1.3191351890563965
0.6101481914520264 0.554503321647644 -0.5659021139144897 0.0905393585562706 0.13675621151924133 -0.7772520780563354 -0.6141473650932312 -0.6384312510490417 -0.7803953289985657 0.2973302900791168 -0.5500707030296326 -1.3191938400268555
0.6101764440536499 0.5544756054878235 -0.5658988952636719 0.09051820635795593 0.1368030607700348 -0.7772883772850037 -0.6140909790992737 -0.6384854912757874 -0.7803650498390198 0.29728713631629944 -0.5501369833946228 -1.3191648721694946
0.6100786924362183 0.5546516180038452 -0.5658317804336548 0.09050574153661728 0.13688752055168152 -0.7771698832511902 -0.6142221093177795 -0.6385138034820557 -0.7804266810417175 0.29726850986480713 -0.5500596761703491 -1.319222092628479
0.6100946068763733 0.5546367764472961 -0.5658291578292847 0.09047909080982208 0.13684475421905518 -0.7771631479263306 -0.6142401695251465 -0.6384787559509277 -0.7804217338562012 0.2973138689994812 -0.5500421524047852 -1.319173812866211
0.6101181507110596 0.5546669363975525 -0.5657742023468018 0.09053612500429153 0.13682883977890015 -0.7771145701408386 -0.6143051385879517 -0.6384857892990112 -0.78040611743927 0.29738447070121765 -0.5500261187553406 -1.3192411661148071
0.6101906895637512 0.5545867085456848 -0.5657745599746704 0.09052472561597824 0.13683444261550903 -0.7771738171577454 -0.6142289638519287 -0.6384867429733276 -0.7803484201431274 0.29737937450408936 -0.5501108169555664 -1.3191581964492798
