# 3x4 first row second row third row Freq: 100 current Time: 2021-07-31-11:38:16
0.2065647393465042 0.5654958486557007 -0.7984643578529358 0.2619401514530182 -0.010813938453793526 -0.8146951198577881 -0.5797885656356812 -0.6826561093330383 -0.978373110294342 0.12839838862419128 -0.16217195987701416 -1.1541990041732788
0.20659185945987701 0.5654581785202026 -0.7984840273857117 0.2619810402393341 -0.010649194940924644 -0.8147414922714233 -0.5797263979911804 -0.6826519966125488 -0.9783692359924316 0.12826994061470032 -0.16229720413684845 -1.1541228294372559
0.20647309720516205 0.5655661821365356 -0.7984382510185242 0.2619946599006653 -0.010586868040263653 -0.8146825432777405 -0.579810380935669 -0.6826056838035583 -0.9783949851989746 0.12816818058490753 -0.16222237050533295 -1.1541848182678223
0.20655781030654907 0.565585196018219 -0.7984029054641724 0.26196786761283875 -0.010780364274978638 -0.8146352767944336 -0.5798732042312622 -0.682556688785553 -0.9783749580383301 0.12838439643383026 -0.16217198967933655 -1.154191493988037
0.20646469295024872 0.565659761428833 -0.7983741164207458 0.2619982659816742 -0.010731988586485386 -0.8145963549613953 -0.5799288153648376 -0.6825665235519409 -0.9783951640129089 0.1283029466867447 -0.16211465001106262 -1.1542003154754639
0.20655383169651031 0.5656460523605347 -0.7983608245849609 0.2619863748550415 -0.010795297101140022 -0.8145895004272461 -0.5799372792243958 -0.6825419664382935 -0.9783756136894226 0.12840677797794342 -0.16215018928050995 -1.1541810035705566
0.20649869740009308 0.5656772255897522 -0.7983530163764954 0.26202118396759033 -0.010745599865913391 -0.814578652381897 -0.5799534320831299 -0.6825592517852783 -0.9783878326416016 0.12833838164806366 -0.16213081777095795 -1.154180884361267
0.2065415382385254 0.565558135509491 -0.7984262704849243 0.26195335388183594 -0.010808494873344898 -0.8146528005599976 -0.579848051071167 -0.682526171207428 -0.9783781170845032 0.12839247286319733 -0.16214673221111298 -1.1541920900344849
0.20651353895664215 0.5655670166015625 -0.7984272241592407 0.261976420879364 -0.01077065896242857 -0.8146539330482483 -0.5798471570014954 -0.6825344562530518 -0.9783844351768494 0.12834584712982178 -0.1621454656124115 -1.1542021036148071
0.20641644299030304 0.565525233745575 -0.7984819412231445 0.26200929284095764 -0.010767930187284946 -0.8146939277648926 -0.5797910690307617 -0.6825280785560608 -0.9784049391746521 0.12827637791633606 -0.16207660734653473 -1.1542108058929443
0.2065734565258026 0.5655773282051086 -0.7984043955802917 0.261951744556427 -0.010733853094279766 -0.8146455883979797 -0.5798595547676086 -0.6825303435325623 -0.9783721566200256 0.1283535212278366 -0.1622132509946823 -1.1541528701782227
0.20659811794757843 0.5655428767204285 -0.7984224557876587 0.26198458671569824 -0.010762432590126991 -0.8146645426750183 -0.5798324346542358 -0.682526707649231 -0.9783666729927063 0.12838523089885712 -0.16222146153450012 -1.1541653871536255
0.20675717294216156 0.5654353499412537 -0.7984573841094971 0.26197484135627747 -0.0108327716588974 -0.8147181868553162 -0.5797557234764099 -0.6825613379478455 -0.9783322811126709 0.12851813435554504 -0.16232351958751678 -1.154110312461853
0.20676790177822113 0.5654222369194031 -0.7984639406204224 0.2619987428188324 -0.010877101682126522 -0.814720869064331 -0.5797511339187622 -0.68256676197052 -0.9783295392990112 0.12855887413024902 -0.16230788826942444 -1.1541132926940918
0.2067919224500656 0.5653471946716309 -0.7985108494758606 0.26190710067749023 -0.010913184843957424 -0.8147683143615723 -0.579683780670166 -0.6825186014175415 -0.9783240556716919 0.12858818471431732 -0.1623176783323288 -1.154211163520813
0.20679138600826263 0.5653604865074158 -0.7985015511512756 0.2619239389896393 -0.010918079875409603 -0.8147580623626709 -0.5796980857849121 -0.6825205087661743 -0.9783241152763367 0.12859465181827545 -0.16231220960617065 -1.154231309890747
0.20666678249835968 0.565535843372345 -0.798409640789032 0.26192450523376465 -0.01078599039465189 -0.8146600127220154 -0.5798383951187134 -0.6825371980667114 -0.978351891040802 0.12844493985176086 -0.16226321458816528 -1.1542057991027832
0.20661139488220215 0.5655686855316162 -0.7984007000923157 0.261944979429245 -0.010718075558543205 -0.814650297164917 -0.5798532366752625 -0.6825370192527771 -0.9783643484115601 0.12836158275604248 -0.16225415468215942 -1.1542301177978516
0.20680177211761475 0.565493643283844 -0.7984045743942261 0.2620314657688141 -0.01076173409819603 -0.8146809339523315 -0.5798093676567078 -0.6826156377792358 -0.9783236384391785 0.12849779427051544 -0.16239169239997864 -1.1541519165039062
0.20686012506484985 0.5655127763748169 -0.7983759045600891 0.26191258430480957 -0.010765114799141884 -0.8146610260009766 -0.5798373222351074 -0.6825700998306274 -0.9783112406730652 0.1285398006439209 -0.16243299841880798 -1.1541337966918945
0.20688508450984955 0.5654904246330261 -0.7983853220939636 0.26192277669906616 -0.010784159414470196 -0.8146724104881287 -0.579820990562439 -0.6825695037841797 -0.9783057570457458 0.1285662055015564 -0.16244515776634216 -1.154144287109375
0.2069128155708313 0.5654573440551758 -0.7984015345573425 0.2619416415691376 -0.01076477486640215 -0.8146963119506836 -0.5797877311706543 -0.6825640797615051 -0.9783000946044922 0.1285601109266281 -0.16248400509357452 -1.1541543006896973
0.20699767768383026 0.5654608607292175 -0.7983770370483398 0.2619963586330414 -0.010870478115975857 -0.8146717548370361 -0.5798202753067017 -0.682510495185852 -0.9782810211181641 0.1287001669406891 -0.16248826682567596 -1.154180645942688
0.20695534348487854 0.5654564499855042 -0.7983911037445068 0.2620007395744324 -0.01097911037504673 -0.8146647214889526 -0.579828143119812 -0.6825109720230103 -0.9782887101173401 0.12876413762569427 -0.16239093244075775 -1.1542153358459473
0.2069728523492813 0.565446674823761 -0.7983934879302979 0.26202481985092163 -0.010952171869575977 -0.814673662185669 -0.5798160433769226 -0.682506799697876 -0.9782853126525879 0.1287502944469452 -0.16242238879203796 -1.1542291641235352
0.20697370171546936 0.5654069781303406 -0.7984213829040527 0.2619233727455139 -0.010966213420033455 -0.8147006034851074 -0.5797780156135559 -0.6824819445610046 -0.978285014629364 0.12875443696975708 -0.16242115199565887 -1.1541905403137207
0.20698067545890808 0.5654006600379944 -0.7984240651130676 0.2619401514530182 -0.010992901399731636 -0.8147010207176208 -0.5797768831253052 -0.6824818253517151 -0.9782832264900208 0.1287795901298523 -0.1624118983745575 -1.154205560684204
0.20713603496551514 0.5652401447296143 -0.7984974384307861 0.2619774043560028 -0.011049669235944748 -0.814795196056366 -0.5796434283256531 -0.6825721263885498 -0.978249728679657 0.12888814508914948 -0.1625276505947113 -1.1541436910629272
0.2070535570383072 0.5653316378593445 -0.7984540462493896 0.26201266050338745 -0.011010722257196903 -0.8147417902946472 -0.5797191858291626 -0.6826228499412537 -0.9782676100730896 0.12882445752620697 -0.16247040033340454 -1.1541264057159424
0.2071019411087036 0.5653578042984009 -0.7984229922294617 0.2619439363479614 -0.010991871356964111 -0.8147206902503967 -0.5797492861747742 -0.6826677322387695 -0.9782575964927673 0.12884333729743958 -0.1625158190727234 -1.1540772914886475
0.20705367624759674 0.5653722286224365 -0.7984253168106079 0.26196223497390747 -0.011035137809813023 -0.8147091269493103 -0.5797646641731262 -0.6826929450035095 -0.9782673120498657 0.12885311245918274 -0.16244947910308838 -1.154073715209961
0.20700839161872864 0.5653470754623413 -0.7984548211097717 0.26195529103279114 -0.011065728031098843 -0.8147276639938354 -0.5797380208969116 -0.6826840043067932 -0.9782765507698059 0.12884609401226044 -0.16239941120147705 -1.1540946960449219
0.2071719914674759 0.5653439164161682 -0.7984146475791931 0.26189154386520386 -0.011253722012043 -0.8146895170211792 -0.5797880291938782 -0.682636559009552 -0.9782397747039795 0.1291009485721588 -0.16241854429244995 -1.1541321277618408
0.20719173550605774 0.565362274646759 -0.7983965277671814 0.2619001269340515 -0.011280432343482971 -0.814670741558075 -0.5798138380050659 -0.6826556324958801 -0.9782352447509766 0.12913887202739716 -0.16241544485092163 -1.1541483402252197
0.20700018107891083 0.565325915813446 -0.798471987247467 0.26190170645713806 -0.01120725553482771 -0.8147251605987549 -0.5797387957572937 -0.6826158165931702 -0.9782766699790955 0.1289546936750412 -0.16231243312358856 -1.154091715812683
0.20701994001865387 0.5653225779533386 -0.7984691858291626 0.2619116008281708 -0.011192329227924347 -0.8147276639938354 -0.5797356367111206 -0.682635486125946 -0.9782726764678955 0.12895353138446808 -0.1623375117778778 -1.154099941253662
0.20687665045261383 0.565314531326294 -0.7985120415687561 0.2620025873184204 -0.01124297920614481 -0.8147405385971069 -0.5797165036201477 -0.6825748682022095 -0.9783023595809937 0.1289074420928955 -0.1621948927640915 -1.1541345119476318
0.2067641019821167 0.5653399229049683 -0.7985231876373291 0.26202574372291565 -0.011129268445074558 -0.8147478103637695 -0.579708456993103 -0.6825774312019348 -0.9783274531364441 0.12874986231327057 -0.1621687114238739 -1.1541646718978882
0.20698636770248413 0.5652871131896973 -0.7985029816627502 0.26205605268478394 -0.011238954029977322 -0.8147504925727844 -0.579702615737915 -0.6826319694519043 -0.9782792329788208 0.1289648562669754 -0.16228893399238586 -1.1542021036148071
0.20691771805286407 0.5653114318847656 -0.798503577709198 0.2620879113674164 -0.011227216571569443 -0.8147409558296204 -0.5797162652015686 -0.6826490759849548 -0.9782938957214355 0.12891851365566254 -0.16223739087581635 -1.1542319059371948
0.20708638429641724 0.5652846097946167 -0.7984788417816162 0.2619093656539917 -0.011258061043918133 -0.8147401809692383 -0.579716682434082 -0.6826209425926208 -0.9782578349113464 0.12904073297977448 -0.16235750913619995 -1.1541690826416016
0.20715102553367615 0.5651309490203857 -0.7985708117485046 0.26194292306900024 -0.011308634653687477 -0.8148388862609863 -0.5795770287513733 -0.6825488805770874 -0.9782435894012451 0.12909069657325745 -0.16240377724170685 -1.1541788578033447
0.20716534554958344 0.5651369690895081 -0.7985628247261047 0.2619583308696747 -0.011292382143437862 -0.814835250377655 -0.5795823931694031 -0.6825522780418396 -0.9782407283782959 0.12908704578876495 -0.16242380440235138 -1.1542021036148071
0.20708397030830383 0.5651508569717407 -0.7985741496086121 0.2619681656360626 -0.011083959601819515 -0.814860463142395 -0.5795509815216064 -0.6826292276382446 -0.978260338306427 0.12886705994606018 -0.16248036921024323 -1.1541111469268799
0.20693576335906982 0.5652522444725037 -0.7985407710075378 0.26193156838417053 -0.011051546782255173 -0.8148053288459778 -0.5796291828155518 -0.682615339756012 -0.9782920479774475 0.1287710964679718 -0.1623653620481491 -1.1541117429733276
0.2070671170949936 0.5652586817741394 -0.7985022068023682 0.26198187470436096 -0.011145376600325108 -0.8147757649421692 -0.5796689391136169 -0.6826545596122742 -0.9782631993293762 0.1289299577474594 -0.16241316497325897 -1.154125452041626
0.20703081786632538 0.5652992129325867 -0.7984828948974609 0.2619669437408447 -0.011139697395265102 -0.8147504925727844 -0.5797045230865479 -0.6826127767562866 -0.978270947933197 0.12891153991222382 -0.1623811274766922 -1.1541937589645386
0.2070382684469223 0.5653029084205627 -0.798478364944458 0.26199889183044434 -0.011093656532466412 -0.8147531747817993 -0.5797016620635986 -0.6826591491699219 -0.9782698750495911 0.12887844443321228 -0.16241373121738434 -1.154131531715393
0.2073577344417572 0.565351128578186 -0.7983613014221191 0.2619209289550781 -0.011166862212121487 -0.8146779537200928 -0.5798059701919556 -0.6826314330101013 -0.9782013893127441 0.1291424185037613 -0.16261649131774902 -1.154166579246521
0.20733164250850677 0.5653585195541382 -0.7983628511428833 0.2619173228740692 -0.011184106580913067 -0.8146728277206421 -0.5798128247261047 -0.6826488971710205 -0.9782067537307739 0.12914249300956726 -0.1625843495130539 -1.1541845798492432
0.20739033818244934 0.5653449892997742 -0.7983571887016296 0.26198869943618774 -0.011200771667063236 -0.8146747946739197 -0.5798097252845764 -0.6827541589736938 -0.9781941175460815 0.129189133644104 -0.1626233011484146 -1.1541264057159424
0.20737041532993317 0.5653852224349976 -0.7983338832855225 0.26197344064712524 -0.011129089631140232 -0.8146569728851318 -0.5798361897468567 -0.6827415227890015 -0.9781991243362427 0.12912558019161224 -0.1626434475183487 -1.1541749238967896
0.20750649273395538 0.5653693079948425 -0.7983098030090332 0.26186269521713257 -0.01113167218863964 -0.8146551251411438 -0.579838752746582 -0.6826450824737549 -0.9781702756881714 0.1292068064212799 -0.1627526432275772 -1.1541205644607544
0.20743513107299805 0.5653602480888367 -0.7983347773551941 0.2618521451950073 -0.011072161607444286 -0.8146764039993286 -0.5798099040985107 -0.682658314704895 -0.9781860709190369 0.12911221385002136 -0.16273267567157745 -1.154122233390808
0.2074764370918274 0.565213143825531 -0.7984281778335571 0.26189231872558594 -0.011116169393062592 -0.814773440361023 -0.5796726942062378 -0.6825599074363708 -0.9781768321990967 0.1291438639163971 -0.16276320815086365 -1.1540958881378174
0.20737257599830627 0.5652831196784973 -0.7984055876731873 0.26191720366477966 -0.010986316949129105 -0.8147497177124023 -0.5797085762023926 -0.6825818419456482 -0.9782003164291382 0.1289871633052826 -0.16274629533290863 -1.154068112373352
0.20732811093330383 0.5652389526367188 -0.7984484434127808 0.261974573135376 -0.011079313233494759 -0.8147737979888916 -0.5796729326248169 -0.6826519966125488 -0.9782086610794067 0.12902873754501343 -0.16266296803951263 -1.1541417837142944
0.2072569876909256 0.5652734041213989 -0.798442542552948 0.2619706988334656 -0.011034456081688404 -0.8147615194320679 -0.5796910524368286 -0.6825458407402039 -0.9782242774963379 0.12895537912845612 -0.1626274436712265 -1.1541359424591064
0.20724694430828094 0.5652772784233093 -0.7984423637390137 0.2619877755641937 -0.011041997000575066 -0.8147586584091187 -0.579694926738739 -0.6825445890426636 -0.9782263040542603 0.1289563775062561 -0.1626143753528595 -1.1541450023651123
0.20720890164375305 0.5651808977127075 -0.7985204458236694 0.2619627118110657 -0.011161427944898605 -0.8148165345191956 -0.5796113014221191 -0.6825061440467834 -0.9782329797744751 0.12901322543621063 -0.16252893209457397 -1.1541461944580078
0.20721213519573212 0.5651816129684448 -0.7985191345214844 0.26197385787963867 -0.011145582422614098 -0.8148177862167358 -0.5796098709106445 -0.682493269443512 -0.9782325029373169 0.12900212407112122 -0.16254077851772308 -1.1541743278503418
0.20732329785823822 0.5651878118515015 -0.7984858751296997 0.2618729770183563 -0.011230142787098885 -0.8147915005683899 -0.5796451568603516 -0.6825113296508789 -0.9782080054283142 0.12914103269577026 -0.1625780314207077 -1.1540782451629639
0.20727473497390747 0.5651748180389404 -0.7985076904296875 0.2618764042854309 -0.011146215721964836 -0.8148165941238403 -0.5796114802360535 -0.6825029253959656 -0.978219211101532 0.12903912365436554 -0.16259126365184784 -1.1540850400924683
0.20732907950878143 0.565152645111084 -0.7985092997550964 0.2619302570819855 -0.011269321665167809 -0.8148112893104553 -0.5796166062355042 -0.6824773550033569 -0.9782062768936157 0.1291700005531311 -0.16256511211395264 -1.1541132926940918
0.20728810131549835 0.565245509147644 -0.7984541654586792 0.26195549964904785 -0.011206594295799732 -0.8147560954093933 -0.5796954035758972 -0.6825863718986511 -0.9782156944274902 0.1291118860244751 -0.16255468130111694 -1.154063105583191
0.20729205012321472 0.5652400255203247 -0.7984570264816284 0.26197198033332825 -0.01118490006774664 -0.814762532711029 -0.5796867609024048 -0.6826044917106628 -0.9782150983810425 0.12909509241580963 -0.16257156431674957 -1.1540676355361938
0.20739738643169403 0.5652186274528503 -0.7984448075294495 0.2618541121482849 -0.011184810660779476 -0.8147679567337036 -0.5796791315078735 -0.6825265884399414 -0.9781928062438965 0.12915435433387756 -0.16265881061553955 -1.15408194065094
0.20734456181526184 0.5651953220367432 -0.7984750270843506 0.26186230778694153 -0.011164761148393154 -0.8147925734519958 -0.5796448588371277 -0.6825485825538635 -0.9782041907310486 0.1291009783744812 -0.16263246536254883 -1.1540684700012207
0.20734544098377228 0.5650559663772583 -0.7985734343528748 0.2618856132030487 -0.011227121576666832 -0.8148854374885559 -0.5795131325721741 -0.6824979782104492 -0.978203296661377 0.12912505865097046 -0.1626187562942505 -1.1540818214416504
0.20729190111160278 0.565127968788147 -0.7985364198684692 0.26196637749671936 -0.011081857606768608 -0.8148574829101562 -0.5795552134513855 -0.6825481057167053 -0.9782163500785828 0.12898634374141693 -0.16265061497688293 -1.1539865732192993
0.20730261504650116 0.5651324391365051 -0.7985304594039917 0.2619866132736206 -0.011100317351520061 -0.8148507475852966 -0.5795643329620361 -0.6825586557388306 -0.9782138466835022 0.12900911271572113 -0.16264747083187103 -1.1539777517318726
0.20740334689617157 0.5652316808700562 -0.7984340190887451 0.26188138127326965 -0.011118093505501747 -0.8147667050361633 -0.5796821117401123 -0.682555615901947 -0.9781922698020935 0.12910504639148712 -0.16270096600055695 -1.1539905071258545
0.20740102231502533 0.5652267932891846 -0.7984380722045898 0.261879563331604 -0.011148156598210335 -0.814766526222229 -0.5796818137168884 -0.6825656294822693 -0.9781924486160278 0.12912769615650177 -0.16268208622932434 -1.153984546661377
0.20736563205718994 0.5652092695236206 -0.7984597086906433 0.261850506067276 -0.01130753755569458 -0.8147615790367126 -0.5796856880187988 -0.6825617551803589 -0.9781981110572815 0.12923547625541687 -0.16256235539913177 -1.1540379524230957
0.20721130073070526 0.5652377605438232 -0.7984795570373535 0.26183807849884033 -0.011164210736751556 -0.8147746324539185 -0.5796701312065125 -0.6825591921806335 -0.9782324433326721 0.1290285736322403 -0.16251999139785767 -1.1540228128433228
0.20731601119041443 0.5652125477790833 -0.7984702587127686 0.2617867588996887 -0.011204360984265804 -0.8147776126861572 -0.5796651840209961 -0.6825107932090759 -0.9782097935676575 0.12912020087242126 -0.16258352994918823 -1.1540513038635254
0.2073305994272232 0.5651038885116577 -0.798543393611908 0.26185154914855957 -0.01133774220943451 -0.8148375153541565 -0.5795783996582031 -0.6825100183486938 -0.9782052040100098 0.1292179822921753 -0.16253365576267242 -1.1540356874465942
0.2073523849248886 0.5651142001152039 -0.7985303997993469 0.26186054944992065 -0.011331094428896904 -0.8148287534713745 -0.5795907974243164 -0.6825122833251953 -0.9782006740570068 0.12922772765159607 -0.16255325078964233 -1.1540446281433105
0.20742899179458618 0.5650880932807922 -0.7985290288925171 0.26192373037338257 -0.011436712928116322 -0.8148264288902283 -0.5795919895172119 -0.6825345754623413 -0.9781831502914429 0.12935671210289001 -0.16255579888820648 -1.1540744304656982
0.20742934942245483 0.5650752186775208 -0.7985380291938782 0.26194140315055847 -0.011430156417191029 -0.8148366212844849 -0.5795778632164001 -0.6825418472290039 -0.9781831502914429 0.12934884428977966 -0.1625620424747467 -1.1540879011154175
0.2074773609638214 0.5652397274971008 -0.798409104347229 0.2619163691997528 -0.011385361663997173 -0.81471848487854 -0.5797447562217712 -0.6825699806213379 -0.9781734943389893 0.12937405705451965 -0.1626001000404358 -1.1541147232055664
0.20747604966163635 0.5652831196784973 -0.7983787059783936 0.26193276047706604 -0.011369428597390652 -0.8146892189979553 -0.5797861814498901 -0.6825811266899109 -0.9781739711761475 0.1293688267469406 -0.16260147094726562 -1.154128909111023
0.20757053792476654 0.5653165578842163 -0.7983304858207703 0.26190686225891113 -0.011323138140141964 -0.814661979675293 -0.5798253417015076 -0.6825811862945557 -0.9781544804573059 0.12939424812793732 -0.16269859671592712 -1.1540617942810059
0.20748871564865112 0.5652908682823181 -0.7983699440956116 0.26190459728240967 -0.01138845831155777 -0.8146798610687256 -0.5797989964485168 -0.6825615167617798 -0.9781710505485535 0.12939392030239105 -0.16259901225566864 -1.1540480852127075
0.20753934979438782 0.5652910470962524 -0.7983566522598267 0.26185646653175354 -0.011326445266604424 -0.8146830201148987 -0.5797957181930542 -0.6825233697891235 -0.9781610369682312 0.12937293946743011 -0.16267596185207367 -1.15408194065094
0.20758701860904694 0.5652596354484558 -0.7983664870262146 0.26185810565948486 -0.01131281815469265 -0.8147030472755432 -0.5797678232192993 -0.6825254559516907 -0.9781510829925537 0.12938402593135834 -0.1627270132303238 -1.154050350189209
0.20758770406246185 0.5652703642845154 -0.7983587384223938 0.2618676424026489 -0.011323390528559685 -0.8146938681602478 -0.5797805786132812 -0.6825306415557861 -0.9781508445739746 0.12939542531967163 -0.16271957755088806 -1.1540582180023193
0.20738735795021057 0.565211832523346 -0.7984522581100464 0.26187530159950256 -0.011385053396224976 -0.8147474527359009 -0.5797040462493896 -0.682479202747345 -0.9781926274299622 0.12931369245052338 -0.16253328323364258 -1.1540759801864624
0.2072872668504715 0.5651728510856628 -0.7985058426856995 0.2619284689426422 -0.011457109823822975 -0.814775824546814 -0.5796627998352051 -0.682489812374115 -0.9782130122184753 0.12930525839328766 -0.16241732239723206 -1.1540929079055786
0.20736853778362274 0.5651862025260925 -0.7984752655029297 0.2619478106498718 -0.011383305303752422 -0.8147680163383484 -0.5796751379966736 -0.6825235486030579 -0.9781966209411621 0.12929564714431763 -0.16252349317073822 -1.1541001796722412
0.20736919343471527 0.5651876330375671 -0.7984740734100342 0.26198747754096985 -0.011382179334759712 -0.8147671222686768 -0.5796764492988586 -0.6825387477874756 -0.9781965017318726 0.12929539382457733 -0.16252446174621582 -1.1541181802749634
0.20726637542247772 0.565152645111084 -0.7985255718231201 0.26198551058769226 -0.0113689498975873 -0.8148041367530823 -0.5796247124671936 -0.6825292706489563 -0.9782184362411499 0.1292150765657425 -0.1624562293291092 -1.1540899276733398
0.20721106231212616 0.5651651620864868 -0.7985310554504395 0.26201850175857544 -0.011300923302769661 -0.8148093223571777 -0.5796187520027161 -0.6825457811355591 -0.9782309532165527 0.12912753224372864 -0.16245053708553314 -1.1541075706481934
0.2071058303117752 0.5651680827140808 -0.7985562682151794 0.2620566785335541 -0.011345453560352325 -0.8148114085197449 -0.5796148777008057 -0.6825459599494934 -0.9782527089118958 0.12910158932209015 -0.16234003007411957 -1.1541000604629517
0.2069694697856903 0.5651678442955017 -0.7985917925834656 0.26207631826400757 -0.01136001106351614 -0.8148227334022522 -0.5795987248420715 -0.6824991106987 -0.9782813787460327 0.129031240940094 -0.16222304105758667 -1.1541261672973633
0.20694342255592346 0.5651878714561462 -0.7985844016075134 0.26211342215538025 -0.011327579617500305 -0.8148149847984314 -0.579610288143158 -0.6825075149536133 -0.9782872796058655 0.12899254262447357 -0.16221831738948822 -1.154146432876587
0.20685511827468872 0.5652462244033813 -0.7985659837722778 0.262126088142395 -0.01123017817735672 -0.8147938847541809 -0.5796417593955994 -0.6824735403060913 -0.9783070683479309 0.12886987626552582 -0.16219639778137207 -1.1541965007781982
0.2070002406835556 0.565176784992218 -0.7985774874687195 0.26202988624572754 -0.011333063244819641 -0.8148168325424194 -0.5796075463294983 -0.6825450658798218 -0.9782751798629761 0.12902921438217163 -0.16226200759410858 -1.154171109199524
0.20709042251110077 0.5651769042015076 -0.7985540628433228 0.2619176208972931 -0.011365227401256561 -0.8148038983345032 -0.579625129699707 -0.6825308799743652 -0.9782557487487793 0.12911053001880646 -0.16231463849544525 -1.1540844440460205
0.20708905160427094 0.5651837587356567 -0.7985495328903198 0.26192548871040344 -0.011339242570102215 -0.8148024678230286 -0.5796276330947876 -0.6825428605079651 -0.978256344795227 0.12908945977687836 -0.1623278260231018 -1.1540998220443726
0.20721809566020966 0.5651559233665466 -0.7985357642173767 0.2618747651576996 -0.011458050459623337 -0.8147946000099182 -0.5796363353729248 -0.6825419068336487 -0.9782276153564453 0.12926077842712402 -0.16236451268196106 -1.1541202068328857
