# 3x4 first row second row third row Freq: 100 current Time: 2021-07-31-12:26:55
0.3309766948223114 0.8184905052185059 -0.46960365772247314 0.3820450007915497 0.3740836977958679 -0.5706841349601746 -0.7310135364532471 -0.5341949462890625 -0.8663231134414673 0.06627734750509262 -0.4950670897960663 -1.6102298498153687
0.33105453848838806 0.818443775177002 -0.46963030099868774 0.38206902146339417 0.3741030991077423 -0.5707491636276245 -0.7309528589248657 -0.5342469215393066 -0.866284966468811 0.0662950873374939 -0.49513140320777893 -1.6103180646896362
0.33099254965782166 0.8184717893600464 -0.46962517499923706 0.38208457827568054 0.3740847706794739 -0.5707114934921265 -0.7309916615486145 -0.5342891216278076 -0.8663166165351868 0.06627313047647476 -0.49507904052734375 -1.6103664636611938
0.33091750741004944 0.8184506893157959 -0.46971482038497925 0.3820101320743561 0.3741624653339386 -0.5707592368125916 -0.7309145927429199 -0.5342836380004883 -0.8663117289543152 0.06612273305654526 -0.4951077103614807 -1.6102255582809448
0.330893874168396 0.8184840679168701 -0.4696733057498932 0.38194987177848816 0.37415358424186707 -0.5707094073295593 -0.730958104133606 -0.534145176410675 -0.8663246035575867 0.06613956391811371 -0.49508294463157654 -1.6101025342941284
0.3308701515197754 0.8184708952903748 -0.4697129428386688 0.381957083940506 0.3741661310195923 -0.5707336664199829 -0.7309327125549316 -0.5341700911521912 -0.866328239440918 0.06609311699867249 -0.4950827956199646 -1.6101460456848145
0.33089256286621094 0.8184705972671509 -0.46969765424728394 0.3819584548473358 0.3741289973258972 -0.570728600025177 -0.7309556603431702 -0.5341958403587341 -0.8663356900215149 0.06614024937152863 -0.4950633943080902 -1.6101903915405273
0.3309217095375061 0.8184201717376709 -0.4697650074958801 0.38193613290786743 0.3741002380847931 -0.5708014369010925 -0.730913519859314 -0.5341744422912598 -0.8663370013237 0.06613589823246002 -0.4950617551803589 -1.6101713180541992
0.3309240937232971 0.8184288740158081 -0.46974819898605347 0.38194039463996887 0.37410110235214233 -0.5707877278327942 -0.7309237718582153 -0.534197211265564 -0.8663356900215149 0.06614693254232407 -0.4950625002384186 -1.6102157831192017
0.3308941125869751 0.8184342384338379 -0.46975991129875183 0.38193994760513306 0.3741131126880646 -0.570783793926239 -0.730920672416687 -0.5342250466346741 -0.8663419485092163 0.06611397117376328 -0.4950559437274933 -1.6102603673934937
0.33094099164009094 0.8184008598327637 -0.46978506445884705 0.3819675147533417 0.3740922510623932 -0.5708285570144653 -0.7308964133262634 -0.5341588854789734 -0.8663330674171448 0.06614059954881668 -0.4950679838657379 -1.610209345817566
0.3309442400932312 0.818406879901886 -0.4697723090648651 0.38197723031044006 0.37410083413124084 -0.5708194971084595 -0.7308990955352783 -0.5341852903366089 -0.8663281202316284 0.06614460796117783 -0.49507609009742737 -1.6102514266967773
0.3310122787952423 0.8183927536010742 -0.46974897384643555 0.3819860816001892 0.3740766644477844 -0.5708315372467041 -0.7309020757675171 -0.5341376662254333 -0.866312563419342 0.0662153884768486 -0.49509385228157043 -1.6101717948913574
0.33098363876342773 0.8184030652046204 -0.469751238822937 0.3819996416568756 0.37407228350639343 -0.5708186030387878 -0.7309144139289856 -0.5341604948043823 -0.8663253784179688 0.06619975715875626 -0.49507346749305725 -1.6102076768875122
0.331074595451355 0.8183232545852661 -0.4698261618614197 0.3820343613624573 0.37406331300735474 -0.5709312558174133 -0.7308310270309448 -0.5341873168945312 -0.8662945032119751 0.06621480733156204 -0.4951254725456238 -1.6102385520935059
0.33104535937309265 0.8183516263961792 -0.469797283411026 0.38197779655456543 0.37409964203834534 -0.5708933472633362 -0.7308420538902283 -0.534113347530365 -0.8662899732589722 0.06619083136320114 -0.4951366186141968 -1.6101710796356201
0.33103880286216736 0.818364143371582 -0.46978017687797546 0.38198816776275635 0.3741181492805481 -0.5708761215209961 -0.7308460474014282 -0.5341371893882751 -0.8662844896316528 0.06618506461381912 -0.4951469600200653 -1.6102067232131958
0.3310449719429016 0.8183733224868774 -0.4697597622871399 0.381997287273407 0.37409791350364685 -0.5708594918251038 -0.7308693528175354 -0.5340921878814697 -0.8662908673286438 0.06621444225311279 -0.49513188004493713 -1.610135555267334
0.33106037974357605 0.8183558583259583 -0.4697794020175934 0.3820129632949829 0.3741052746772766 -0.570885419845581 -0.7308453321456909 -0.5341205596923828 -0.8662818074226379 0.06620694696903229 -0.49514874815940857 -1.6101785898208618
0.3309977352619171 0.8183637261390686 -0.4698098301887512 0.38199517130851746 0.3741683065891266 -0.5708854794502258 -0.7308130264282227 -0.5341535210609436 -0.8662785291671753 0.06610949337482452 -0.4951675236225128 -1.6100555658340454
0.3310079872608185 0.818381130695343 -0.46977221965789795 0.3820107877254486 0.3741811215877533 -0.5708581209182739 -0.7308278679847717 -0.5341892838478088 -0.866269052028656 0.06612992286682129 -0.4951813220977783 -1.6100887060165405
0.3309938609600067 0.8184157609939575 -0.4697219133377075 0.3819831609725952 0.3742082417011261 -0.5708080530166626 -0.7308530807495117 -0.5341256856918335 -0.8662627935409546 0.0661340281367302 -0.4951918125152588 -1.6100187301635742
0.3309856653213501 0.818416178226471 -0.46972694993019104 0.38199588656425476 0.37418872117996216 -0.5708068609237671 -0.7308639883995056 -0.5341582894325256 -0.8662742972373962 0.06613893806934357 -0.4951709508895874 -1.6100529432296753
0.33101966977119446 0.8184345364570618 -0.4696709215641022 0.3820214867591858 0.37413451075553894 -0.5707700252532959 -0.7309204936027527 -0.5341445207595825 -0.8662847280502319 0.06622891873121262 -0.4951407015323639 -1.610150933265686
0.33099520206451416 0.8184713125228882 -0.4696241617202759 0.382012277841568 0.3741430342197418 -0.5707164406776428 -0.7309579849243164 -0.5340898036956787 -0.8662904500961304 0.0662369579076767 -0.49512970447540283 -1.6100488901138306
0.33101600408554077 0.8184748291969299 -0.4696033298969269 0.38202568888664246 0.37415891885757446 -0.5707096457481384 -0.7309551239013672 -0.5341124534606934 -0.8662756085395813 0.06625154614448547 -0.49515363574028015 -1.6100821495056152
0.33091264963150024 0.818458080291748 -0.46970537304878235 0.38202181458473206 0.3741295635700226 -0.5707457661628723 -0.7309419512748718 -0.5341973900794983 -0.8663277626037598 0.06614723801612854 -0.49507632851600647 -1.6101243495941162
0.3308990001678467 0.8184570670127869 -0.4697166979312897 0.38203707337379456 0.3741287589073181 -0.5707488656044006 -0.7309399247169495 -0.5342304706573486 -0.8663333654403687 0.06613273173570633 -0.4950685203075409 -1.6101529598236084
0.3309319019317627 0.8183935284614563 -0.46980422735214233 0.38197189569473267 0.374075710773468 -0.5708398222923279 -0.7308961153030396 -0.5342531800270081 -0.8663436770439148 0.06613445281982422 -0.49505019187927246 -1.6100845336914062
0.33096185326576233 0.8183863759040833 -0.4697956144809723 0.3819776177406311 0.37408047914505005 -0.570847749710083 -0.7308874726295471 -0.5342918038368225 -0.8663302063941956 0.06615445762872696 -0.495071142911911 -1.6101194620132446
0.3309437930583954 0.8183749914169312 -0.46982812881469727 0.38198110461235046 0.3739580810070038 -0.5708582401275635 -0.730941891670227 -0.5341335535049438 -0.8663899302482605 0.06620462983846664 -0.49495989084243774 -1.6099740266799927
0.3309074640274048 0.8183832168579102 -0.469839483499527 0.3819923996925354 0.3739633858203888 -0.5708502531051636 -0.7309454679489136 -0.53415846824646 -0.8664014935493469 0.0661725103855133 -0.49494388699531555 -1.6100133657455444
0.33078908920288086 0.8184407353401184 -0.46982264518737793 0.3819946050643921 0.37396398186683655 -0.5707748532295227 -0.731003999710083 -0.5340891480445862 -0.8664464354515076 0.06611137837171555 -0.49487337470054626 -1.6099822521209717
0.3307691514492035 0.8184592723846436 -0.4698043465614319 0.3820565342903137 0.37401121854782104 -0.570751965045929 -0.7309976816177368 -0.5341893434524536 -0.8664336800575256 0.06607934832572937 -0.49490004777908325 -1.6102323532104492
0.33073878288269043 0.8184801936149597 -0.4697892665863037 0.38207361102104187 0.37399908900260925 -0.5707220435142517 -0.7310272455215454 -0.5342108607292175 -0.8664504885673523 0.06607826054096222 -0.49487072229385376 -1.6102821826934814
0.3307929039001465 0.8184694647789001 -0.4697698950767517 0.38203486800193787 0.3740057051181793 -0.570732831954956 -0.7310154438018799 -0.5341859459877014 -0.8664270043373108 0.06611806154251099 -0.49490657448768616 -1.6103119850158691
0.3308282792568207 0.8184559345245361 -0.46976855397224426 0.3820454478263855 0.3739844262599945 -0.5707480907440186 -0.7310144305229187 -0.534203827381134 -0.8664226531982422 0.06615408509969711 -0.4949093461036682 -1.6103626489639282
0.3308414816856384 0.8184407353401184 -0.4697856605052948 0.3819494843482971 0.37406978011131287 -0.570776641368866 -0.7309484481811523 -0.5340681672096252 -0.8663807511329651 0.06609541922807693 -0.4949904978275299 -1.6101270914077759
0.33070507645606995 0.8184822797775269 -0.469809353351593 0.38197949528694153 0.374076247215271 -0.5707286596298218 -0.7309826016426086 -0.534072995185852 -0.8664300441741943 0.06599508970975876 -0.4949176013469696 -1.6100260019302368
0.33068007230758667 0.8184838891029358 -0.4698241651058197 0.3819977641105652 0.37409842014312744 -0.5707308650016785 -0.7309695482254028 -0.5340882539749146 -0.8664300441741943 0.06595655530691147 -0.49492281675338745 -1.610059380531311
0.3307075500488281 0.8184687495231628 -0.4698311686515808 0.3820124566555023 0.37410789728164673 -0.5707518458366394 -0.7309483289718628 -0.534101665019989 -0.8664154410362244 0.06596255302429199 -0.49494752287864685 -1.6100929975509644
0.33066096901893616 0.8184768557548523 -0.4698498547077179 0.3819594979286194 0.3742145597934723 -0.5707528591156006 -0.7308928966522217 -0.5341041088104248 -0.866387128829956 0.06585308164358139 -0.4950116276741028 -1.6099522113800049
0.3305622339248657 0.8185093402862549 -0.46986278891563416 0.38193032145500183 0.3742000460624695 -0.5707129240036011 -0.7309315204620361 -0.5340924263000488 -0.8664311170578003 0.0657956525683403 -0.4949423372745514 -1.6098462343215942
0.3305440843105316 0.8185114860534668 -0.4698718190193176 0.38193967938423157 0.37422722578048706 -0.5707138180732727 -0.7309169173240662 -0.534116804599762 -0.8664262890815735 0.06576140969991684 -0.49495530128479004 -1.6098718643188477
0.3304811716079712 0.8185627460479736 -0.46982669830322266 0.38198280334472656 0.3741801977157593 -0.5706378221511841 -0.7310003042221069 -0.5340924263000488 -0.8664705753326416 0.06578195095062256 -0.4948750138282776 -1.609880805015564
0.3304802179336548 0.8185520768165588 -0.4698459804058075 0.3819953501224518 0.3741973638534546 -0.570655882358551 -0.7309774160385132 -0.5341183543205261 -0.8664635419845581 0.06575842201709747 -0.4948904812335968 -1.6099028587341309
0.330504834651947 0.8185753226280212 -0.469788134098053 0.38195791840553284 0.3742195963859558 -0.5706185102462769 -0.730995237827301 -0.5340533256530762 -0.8664445877075195 0.06579350680112839 -0.4949190616607666 -1.6098507642745972
0.3305121660232544 0.8185572624206543 -0.4698144197463989 0.38196077942848206 0.37418636679649353 -0.5706431865692139 -0.7309929728507996 -0.5340763926506042 -0.8664560914039612 0.0658039003610611 -0.4948974549770355 -1.6098796129226685
0.33054178953170776 0.8185787796974182 -0.4697561264038086 0.3819164037704468 0.37418049573898315 -0.5706057548522949 -0.731025218963623 -0.5340027809143066 -0.8664473295211792 0.06586074084043503 -0.4949052333831787 -1.6098448038101196
0.33060044050216675 0.8185775876045227 -0.46971696615219116 0.38192930817604065 0.37424126267433167 -0.5706053376197815 -0.7309944033622742 -0.5340056419372559 -0.8663987517356873 0.06587955355644226 -0.4949878454208374 -1.6098452806472778
0.3305684030056 0.8185849785804749 -0.46972665190696716 0.3819291889667511 0.37422385811805725 -0.5705963373184204 -0.731010377407074 -0.5340195894241333 -0.8664184808731079 0.06586597114801407 -0.4949550926685333 -1.6098716259002686
0.33067771792411804 0.8185719847679138 -0.4696723520755768 0.3819464445114136 0.37418410181999207 -0.5706005692481995 -0.7310274243354797 -0.5340425372123718 -0.8663939237594604 0.06599050760269165 -0.4949814975261688 -1.6099802255630493
0.3306533992290497 0.8185697197914124 -0.4696934223175049 0.3819425404071808 0.37419477105140686 -0.5706077814102173 -0.7310162782669067 -0.5340569615364075 -0.8663985729217529 0.06595618277788162 -0.4949778616428375 -1.6100096702575684
0.33054861426353455 0.8186448216438293 -0.4696361720561981 0.38199150562286377 0.3742125332355499 -0.5705046057701111 -0.7310877442359924 -0.5340735912322998 -0.8664308786392212 0.0659162700176239 -0.4949266314506531 -1.6101124286651611
0.3305884599685669 0.8186323046684265 -0.46963006258010864 0.38194313645362854 0.37419751286506653 -0.5705183148384094 -0.7310847640037537 -0.5341229438781738 -0.866422176361084 0.06595376133918762 -0.49493688344955444 -1.6101033687591553
0.3305351734161377 0.8186400532722473 -0.4696539640426636 0.3819734752178192 0.37424564361572266 -0.5705161094665527 -0.7310618162155151 -0.5341423749923706 -0.8664217591285706 0.06587565690279007 -0.4949480891227722 -1.610084891319275
0.33045411109924316 0.8186485767364502 -0.46969619393348694 0.38196808099746704 0.37425488233566284 -0.5705131888389587 -0.7310593724250793 -0.5340811014175415 -0.866448700428009 0.06579544395208359 -0.4949116110801697 -1.609854817390442
0.3304573893547058 0.8186543583869934 -0.46968376636505127 0.3819819390773773 0.37424832582473755 -0.5705032348632812 -0.7310704588890076 -0.5341124534606934 -0.8664502501487732 0.06580924987792969 -0.4949069917201996 -1.6098828315734863
0.33030229806900024 0.818688690662384 -0.4697330594062805 0.3819848895072937 0.37422487139701843 -0.5704663991928101 -0.7311112284660339 -0.534080445766449 -0.8665195107460022 0.06570189446210861 -0.49479997158050537 -1.6097643375396729
0.33033061027526855 0.8186952471733093 -0.46970173716545105 0.38192859292030334 0.3742120563983917 -0.5704519152641296 -0.7311291098594666 -0.5339893698692322 -0.866514265537262 0.0657462403178215 -0.4948033094406128 -1.6097047328948975
0.3303146958351135 0.8186917304992676 -0.4697190523147583 0.38193413615226746 0.3741930425167084 -0.5704578161239624 -0.7311342358589172 -0.5340036749839783 -0.8665285110473633 0.0657387524843216 -0.4947792887687683 -1.6097277402877808
0.33023709058761597 0.818715512752533 -0.4697321653366089 0.38191619515419006 0.37416502833366394 -0.5704278349876404 -0.7311719655990601 -0.5340384840965271 -0.8665701746940613 0.06570271402597427 -0.49471110105514526 -1.6097451448440552
0.3302500247955322 0.818715512752533 -0.469723105430603 0.3819235563278198 0.3741911053657532 -0.5704283118247986 -0.7311582565307617 -0.5340594053268433 -0.8665540218353271 0.06569879502058029 -0.49473997950553894 -1.6097759008407593
0.33034607768058777 0.8186783790588379 -0.4697202742099762 0.381891131401062 0.3741573095321655 -0.5704721808433533 -0.7311413288116455 -0.5340297222137451 -0.866532027721405 0.06578034907579422 -0.4947676956653595 -1.6097737550735474
0.33046913146972656 0.818634569644928 -0.4697100818157196 0.3819040060043335 0.3741379678249359 -0.5705243945121765 -0.7311105132102966 -0.5340015292167664 -0.8664934039115906 0.06587304174900055 -0.4948229193687439 -1.6097594499588013
0.3304547369480133 0.818631112575531 -0.4697261452674866 0.3819098472595215 0.3741423189640045 -0.5705317258834839 -0.7311025261878967 -0.5340235829353333 -0.8664970397949219 0.06585182994604111 -0.49481943249702454 -1.6097928285598755
0.3303738236427307 0.8186083436012268 -0.4698227643966675 0.38191458582878113 0.37411221861839294 -0.5705744028091431 -0.7310845851898193 -0.5340518355369568 -0.8665409088134766 0.06576474756002426 -0.49475419521331787 -1.609784483909607
0.33037349581718445 0.8186051845550537 -0.4698284864425659 0.38191795349121094 0.37407052516937256 -0.5705761909484863 -0.7311045527458191 -0.5340802669525146 -0.8665590286254883 0.06578854471445084 -0.4947192966938019 -1.6098196506500244
0.3302554786205292 0.8186767101287842 -0.4697868227958679 0.3818940818309784 0.37413206696510315 -0.5704835057258606 -0.7311453819274902 -0.5340550541877747 -0.8665774464607239 0.0657024085521698 -0.49469849467277527 -1.609731674194336
0.33026209473609924 0.8186678290367126 -0.46979767084121704 0.3818925619125366 0.3741470277309418 -0.5704976916313171 -0.7311266660690308 -0.5340854525566101 -0.8665684461593628 0.06568996608257294 -0.4947158694267273 -1.6097698211669922
0.330258309841156 0.8186540007591248 -0.4698244035243988 0.3819032609462738 0.37416785955429077 -0.5705212354660034 -0.7310976386070251 -0.5340961217880249 -0.8665608763694763 0.0656578466296196 -0.49473336338996887 -1.609818696975708
0.3302284777164459 0.8186479210853577 -0.46985605359077454 0.38190704584121704 0.37410905957221985 -0.5705298185348511 -0.7311210632324219 -0.5341235995292664 -0.8665976524353027 0.0656595453619957 -0.49466875195503235 -1.6098531484603882
0.33023974299430847 0.8186284303665161 -0.469882071018219 0.38187965750694275 0.3741718530654907 -0.570563554763794 -0.7310625910758972 -0.5341765284538269 -0.8665662407875061 0.06560924649238586 -0.4947304129600525 -1.6098829507827759
0.33019712567329407 0.8186094164848328 -0.46994510293006897 0.3819221556186676 0.37403079867362976 -0.5705874562263489 -0.7311161160469055 -0.5340862274169922 -0.8666433691978455 0.0656384527683258 -0.49459144473075867 -1.6097841262817383
0.33018383383750916 0.818612813949585 -0.46994855999946594 0.3819366693496704 0.3740609884262085 -0.5705860257148743 -0.7311017513275146 -0.534109354019165 -0.8666353821754456 0.06560850888490677 -0.49460935592651367 -1.6098169088363647
0.3302385210990906 0.8186098337173462 -0.4699153006076813 0.3819141387939453 0.3740396499633789 -0.5705826282501221 -0.7311153411865234 -0.5340374112129211 -0.8666237592697144 0.06567548215389252 -0.49462082982063293 -1.6098154783248901
0.3302273154258728 0.8186306357383728 -0.4698869585990906 0.38198214769363403 0.3740569055080414 -0.5705528855323792 -0.7311297655105591 -0.5340923070907593 -0.8666206002235413 0.06567450612783432 -0.494626522064209 -1.6099703311920166
0.3302251398563385 0.8186215162277222 -0.4699043035507202 0.3819958567619324 0.37404876947402954 -0.5705666542053223 -0.731123149394989 -0.5341151356697083 -0.8666249513626099 0.06566806137561798 -0.49461978673934937 -1.6100152730941772
0.3302578330039978 0.8186240196228027 -0.4698769748210907 0.3819633722305298 0.37400925159454346 -0.5705559253692627 -0.7311517596244812 -0.5341046452522278 -0.8666295409202576 0.06573020666837692 -0.4946034848690033 -1.610052466392517
0.330245703458786 0.8186284303665161 -0.46987783908843994 0.38197043538093567 0.37404540181159973 -0.5705532431602478 -0.7311353087425232 -0.5341363549232483 -0.8666185736656189 0.06569863110780716 -0.4946269094944 -1.6101080179214478
0.33037275075912476 0.8185957074165344 -0.46984559297561646 0.3819742202758789 0.37403303384780884 -0.5705882906913757 -0.7311143279075623 -0.5341082811355591 -0.8665754795074463 0.0658024325966835 -0.49468860030174255 -1.6100983619689941
0.33037346601486206 0.8185957670211792 -0.4698449373245239 0.38198310136795044 0.3740323483943939 -0.5705879926681519 -0.7311148643493652 -0.5341382622718811 -0.8665754795074463 0.06580372154712677 -0.49468839168548584 -1.6101545095443726
0.33029866218566895 0.8186404705047607 -0.46981966495513916 0.3819620609283447 0.3741631507873535 -0.5705372095108032 -0.7310875654220581 -0.5340825319290161 -0.8665475249290466 0.06568801403045654 -0.4947527348995209 -1.6099345684051514
0.33029958605766296 0.8186480402946472 -0.4698057770729065 0.38197359442710876 0.37417635321617126 -0.5705263018608093 -0.7310893535614014 -0.5341101884841919 -0.8665415048599243 0.06568826735019684 -0.4947633147239685 -1.60997474193573
0.33028289675712585 0.8187076449394226 -0.4697137176990509 0.38194790482521057 0.3742830455303192 -0.5704436302185059 -0.7310992479324341 -0.5340504050254822 -0.8665018081665039 0.065663643181324 -0.49483612179756165 -1.6098054647445679
0.3303194046020508 0.8186905384063721 -0.4697178304195404 0.38191789388656616 0.3742377758026123 -0.5704625248908997 -0.7311077117919922 -0.5340319871902466 -0.8665074110031128 0.06571287661790848 -0.4948197305202484 -1.6097102165222168
0.3303101062774658 0.8186946511268616 -0.4697171449661255 0.3819301426410675 0.3742779493331909 -0.5704602003097534 -0.7310889363288879 -0.5340636372566223 -0.8664935827255249 0.06568127125501633 -0.4948481023311615 -1.609740972518921
0.3304370045661926 0.8186954259872437 -0.4696265459060669 0.3819463849067688 0.37423041462898254 -0.570440411567688 -0.7311286926269531 -0.5340721011161804 -0.8664657473564148 0.06584340333938599 -0.49487531185150146 -1.6098593473434448
0.3304123282432556 0.8187057375907898 -0.46962592005729675 0.3819544017314911 0.3742413818836212 -0.5704280734062195 -0.7311326861381531 -0.5341018438339233 -0.866470456123352 0.06582175940275192 -0.49487000703811646 -1.6098918914794922
0.3305000066757202 0.8186948299407959 -0.4695832431316376 0.381931871175766 0.374212384223938 -0.5704324841499329 -0.7311440706253052 -0.5340801477432251 -0.8664495348930359 0.06591922044754028 -0.4948936402797699 -1.6098555326461792
0.3305010497570038 0.8186873197555542 -0.4695955812931061 0.38193464279174805 0.37419697642326355 -0.5704428553581238 -0.7311438918113708 -0.5341067314147949 -0.8664557933807373 0.06592252850532532 -0.4948822557926178 -1.60988450050354
0.3304376006126404 0.8187032341957092 -0.46961259841918945 0.3819237947463989 0.3741835951805115 -0.5704246759414673 -0.7311649322509766 -0.5341065526008606 -0.8664857745170593 0.06588301062583923 -0.4948350191116333 -1.6098698377609253
0.3304359018802643 0.8186982274055481 -0.46962249279022217 0.3819282650947571 0.3741993308067322 -0.5704338550567627 -0.7311497330665588 -0.5341354608535767 -0.8664796352386475 0.0658656433224678 -0.4948481023311615 -1.6099045276641846
0.33037057518959045 0.818692684173584 -0.4696780741214752 0.38190963864326477 0.37419450283050537 -0.5704498291015625 -0.7311397194862366 -0.5341840386390686 -0.8665065765380859 0.06579605489969254 -0.4948101043701172 -1.609893560409546
0.3303488790988922 0.8186941742897034 -0.4696907103061676 0.3819103240966797 0.3742202818393707 -0.5704519748687744 -0.7311248779296875 -0.5342169404029846 -0.8665037155151367 0.06575845927000046 -0.49482011795043945 -1.609921932220459
0.3303454518318176 0.8186162710189819 -0.46982893347740173 0.3819561302661896 0.37412726879119873 -0.5705666542053223 -0.7310829758644104 -0.5342012643814087 -0.8665452003479004 0.06573409587144852 -0.4947507381439209 -1.610029697418213
0.3303696811199188 0.8185821175575256 -0.4698714017868042 0.38198935985565186 0.37407946586608887 -0.5706132650375366 -0.7310710549354553 -0.5342094302177429 -0.8665565848350525 0.06575442850589752 -0.4947280287742615 -1.6100997924804688
0.33036211133003235 0.8185796737670898 -0.46988096833229065 0.38199833035469055 0.3740904629230499 -0.5706188082695007 -0.7310611009597778 -0.5342419147491455 -0.8665547370910645 0.06573686003684998 -0.49473363161087036 -1.6101388931274414
0.330302357673645 0.8186149001121521 -0.46986162662506104 0.3820161521434784 0.37404322624206543 -0.5705674886703491 -0.7311253547668457 -0.534192681312561 -0.8665978908538818 0.0657438188791275 -0.49465709924697876 -1.610061526298523
0.3302006721496582 0.818645179271698 -0.4698803424835205 0.38202306628227234 0.3740515410900116 -0.5705329775810242 -0.7311480045318604 -0.5342170596122742 -0.8666330575942993 0.06566604971885681 -0.4946058392524719 -1.6101497411727905
0.33035388588905334 0.818594753742218 -0.46986040472984314 0.3819616436958313 0.37404197454452515 -0.5705925822257996 -0.7311064004898071 -0.5341629981994629 -0.8665788173675537 0.0657762810587883 -0.4946862459182739 -1.6099923849105835
