# 3x4 first row second row third row Freq: 100 current Time: 2021-07-31-12:35:41
0.11791427433490753 0.962457001209259 -0.24448469281196594 0.11805865913629532 0.9630210995674133 -0.17089399695396423 -0.20829200744628906 -0.5092589259147644 -0.24225306510925293 -0.21088333427906036 -0.947017252445221 -1.375441312789917
0.11797734349966049 0.9624443650245667 -0.2445039302110672 0.11807069182395935 0.9630125761032104 -0.17095895111560822 -0.20827820897102356 -0.5092688202857971 -0.24225632846355438 -0.21088825166225433 -0.9470152854919434 -1.3753701448440552
0.11784438043832779 0.9624571204185486 -0.24451783299446106 0.11804678291082382 0.9630307555198669 -0.17083363234996796 -0.20829688012599945 -0.5092364549636841 -0.24224869906902313 -0.21093158423900604 -0.9470075964927673 -1.3754154443740845
0.11790289729833603 0.9624539613723755 -0.24450206756591797 0.11805388331413269 0.9630240201950073 -0.1708855926990509 -0.20828543603420258 -0.5092430114746094 -0.24224703013896942 -0.21090391278266907 -0.9470142126083374 -1.375359296798706
0.11777801811695099 0.962462306022644 -0.24452930688858032 0.11806876212358475 0.9630225896835327 -0.17078708112239838 -0.2083727866411209 -0.5093532204627991 -0.242313414812088 -0.2109455168247223 -0.9469879269599915 -1.37564218044281
0.1177959069609642 0.9624606370925903 -0.24452732503414154 0.11808090656995773 0.9630201458930969 -0.17080388963222504 -0.20837022364139557 -0.5093674659729004 -0.24231436848640442 -0.21093958616256714 -0.9469889998435974 -1.3755847215652466
0.11782298982143402 0.9624821543693542 -0.24442967772483826 0.11804899573326111 0.9630194306373596 -0.17080631852149963 -0.20837172865867615 -0.509315013885498 -0.24230420589447021 -0.21083953976631165 -0.9470139145851135 -1.375505805015564
0.11787522584199905 0.962477445602417 -0.24442291259765625 0.11806019395589828 0.9630230665206909 -0.1708458811044693 -0.2083224058151245 -0.5093299746513367 -0.2422642707824707 -0.21082885563373566 -0.9470264911651611 -1.3754525184631348
0.11793624609708786 0.9624736905097961 -0.24440820515155792 0.11803267896175385 0.9630365371704102 -0.17088258266448975 -0.2082299441099167 -0.5092425346374512 -0.2421809583902359 -0.2108161896467209 -0.9470506310462952 -1.3753405809402466
0.11795523762702942 0.9624766111373901 -0.2443877011537552 0.11804095655679703 0.9630368947982788 -0.17089389264583588 -0.20821896195411682 -0.5092607140541077 -0.24217025935649872 -0.2107938677072525 -0.9470583200454712 -1.3752787113189697
0.11788377165794373 0.9624995589256287 -0.24433179199695587 0.11808155477046967 0.9630035161972046 -0.17085039615631104 -0.20840907096862793 -0.5094300508499146 -0.24233782291412354 -0.21072432398796082 -0.9470309615135193 -1.3757450580596924
0.11792831867933273 0.962486743927002 -0.24436070024967194 0.11808779090642929 0.9629954099655151 -0.17090140283107758 -0.2084047645330429 -0.5094572305679321 -0.24234841763973236 -0.21074141561985016 -0.947024405002594 -1.3757075071334839
0.11792540550231934 0.962472677230835 -0.2444174587726593 0.11804213374853134 0.9630318284034729 -0.1708795428276062 -0.2082543522119522 -0.5094725489616394 -0.24220508337020874 -0.21082331240177155 -0.9470428824424744 -1.375727653503418
0.11788392066955566 0.9625003933906555 -0.24432837963104248 0.11808983981609344 0.963003396987915 -0.17084990441799164 -0.2084101438522339 -0.5095890760421753 -0.24233832955360413 -0.21072085201740265 -0.947031557559967 -1.376097559928894
0.11788005381822586 0.9624918103218079 -0.24436408281326294 0.11810149252414703 0.9630061388015747 -0.1708519607782364 -0.20839567482471466 -0.5096287131309509 -0.2423292100429535 -0.21075841784477234 -0.9470255374908447 -1.376070261001587
0.11782597750425339 0.9624850749969482 -0.24441657960414886 0.11809821426868439 0.9630054235458374 -0.17081820964813232 -0.20842675864696503 -0.509567141532898 -0.24235844612121582 -0.2108164131641388 -0.9470051527023315 -1.376133680343628
0.11782115697860718 0.9624884128570557 -0.24440571665763855 0.11810982972383499 0.9630120396614075 -0.17080602049827576 -0.20840612053871155 -0.5096060633659363 -0.24233445525169373 -0.21081100404262543 -0.9470124840736389 -1.3761165142059326
0.1178375855088234 0.9624977111816406 -0.2443612962961197 0.11808799207210541 0.9630267024040222 -0.17079751193523407 -0.2083451896905899 -0.5096412897109985 -0.24226807057857513 -0.21077556908130646 -0.947037398815155 -1.3761789798736572
0.11785805225372314 0.9624938368797302 -0.2443666011095047 0.11809980869293213 0.9630268216133118 -0.1708158701658249 -0.20832957327365875 -0.5096827745437622 -0.24225763976573944 -0.21077828109264374 -0.9470394253730774 -1.3761634826660156
0.11784717440605164 0.962497353553772 -0.24435801804065704 0.1181400939822197 0.9630110263824463 -0.17081855237483978 -0.20840036869049072 -0.5097378492355347 -0.24232569336891174 -0.21076008677482605 -0.9470260739326477 -1.37648344039917
0.11785826832056046 0.9624935984611511 -0.24436761438846588 0.11815641820430756 0.9630076289176941 -0.17083300650119781 -0.20840439200401306 -0.5097691416740417 -0.24233394861221313 -0.21076568961143494 -0.9470227360725403 -1.376487374305725
0.11788670718669891 0.9624924659729004 -0.2443581521511078 0.1181594654917717 0.9630023241043091 -0.17085960507392883 -0.2084069550037384 -0.5096822381019592 -0.2423410713672638 -0.2107490599155426 -0.9470245838165283 -1.376485824584961
0.11795274168252945 0.9624859094619751 -0.24435217678546906 0.1181788444519043 0.9629963636398315 -0.17091937363147736 -0.20838546752929688 -0.5097104907035828 -0.2423326075077057 -0.2107306271791458 -0.9470308423042297 -1.3764785528182983
0.11789634078741074 0.9624745845794678 -0.24442411959171295 0.11815657466650009 0.9629976153373718 -0.17088612914085388 -0.20840691030025482 -0.5096502304077148 -0.24235504865646362 -0.21080943942070007 -0.9470075964927673 -1.3764036893844604
0.11793560534715652 0.9624924659729004 -0.24433469772338867 0.11809125542640686 0.9630094170570374 -0.170889750123024 -0.2083495408296585 -0.5095725059509277 -0.24228917062282562 -0.21072478592395782 -0.9470432996749878 -1.376260757446289
0.117984339594841 0.9624806046485901 -0.24435773491859436 0.11810275912284851 0.9630103707313538 -0.17093512415885925 -0.20830777287483215 -0.5095911026000977 -0.24226152896881104 -0.21074199676513672 -0.9470465183258057 -1.376250147819519
0.11794716864824295 0.9624815583229065 -0.24437209963798523 0.11811668425798416 0.9630115628242493 -0.17090575397014618 -0.20832641422748566 -0.5095189213752747 -0.2422749251127243 -0.2107616513967514 -0.9470387101173401 -1.3761237859725952
0.11799521744251251 0.9624820947647095 -0.24434666335582733 0.11813879758119583 0.9630175232887268 -0.1709357351064682 -0.20827440917491913 -0.5095427632331848 -0.2422279715538025 -0.21073473989963531 -0.9470567107200623 -1.3761041164398193
0.11794238537549973 0.9624624848365784 -0.24444957077503204 0.11814599484205246 0.9630126357078552 -0.1709175705909729 -0.20831196010112762 -0.5095417499542236 -0.24227316677570343 -0.21083921194076538 -0.9470219016075134 -1.3761065006256104
0.1179535910487175 0.9624688625335693 -0.2444189190864563 0.11811862140893936 0.9630322456359863 -0.17090335488319397 -0.20823293924331665 -0.509503960609436 -0.24218975007534027 -0.2108214795589447 -0.9470471739768982 -1.3760572671890259
0.11793555319309235 0.9624678492546082 -0.24443165957927704 0.1181391030550003 0.9630400538444519 -0.17088401317596436 -0.2082124799489975 -0.5095216035842896 -0.24216729402542114 -0.2108418345451355 -0.9470484256744385 -1.376038908958435
0.11791817098855972 0.9624665379524231 -0.24444523453712463 0.11811008304357529 0.9630512595176697 -0.17086249589920044 -0.20817840099334717 -0.5094419121742249 -0.24213126301765442 -0.21086527407169342 -0.9470524191856384 -1.3758600950241089
0.11793133616447449 0.9624637961387634 -0.24444954097270966 0.11813072115182877 0.9630486965179443 -0.17087678611278534 -0.20817847549915314 -0.5094597339630127 -0.24213500320911407 -0.2108660638332367 -0.9470512866973877 -1.3758352994918823
0.11799199134111404 0.9624746441841125 -0.24437767267227173 0.11807999759912491 0.9630492329597473 -0.17091208696365356 -0.20814700424671173 -0.5094149112701416 -0.24210332334041595 -0.2107880562543869 -0.9470767378807068 -1.3758022785186768
0.11804009974002838 0.9624701142311096 -0.24437230825424194 0.11809291690587997 0.9630597233772278 -0.1709425151348114 -0.20807354152202606 -0.5094404816627502 -0.24203819036483765 -0.21078410744667053 -0.9470942616462708 -1.3757824897766113
0.11815258860588074 0.9624295234680176 -0.24447768926620483 0.11812037974596024 0.9630008339881897 -0.17111174762248993 -0.20820707082748413 -0.5094993710517883 -0.24221764504909515 -0.21083201467990875 -0.9470376968383789 -1.37604558467865
0.11812320351600647 0.9624349474906921 -0.24447055160999298 0.11814172565937042 0.9630120396614075 -0.17107555270195007 -0.20818480849266052 -0.5095266699790955 -0.2421872764825821 -0.21083663403987885 -0.9470444321632385 -1.3760360479354858
0.11817483603954315 0.9624115824699402 -0.24453768134117126 0.1181919202208519 0.9629713892936707 -0.17116914689540863 -0.20829589664936066 -0.5096108317375183 -0.24232369661331177 -0.21086746454238892 -0.9470027089118958 -1.3763179779052734
0.11819281429052353 0.9624175429344177 -0.244505375623703 0.11821834743022919 0.9629746079444885 -0.17117458581924438 -0.20827670395374298 -0.5096440315246582 -0.24230226874351501 -0.21083565056324005 -0.9470152258872986 -1.37632417678833
0.11818528920412064 0.9624239206314087 -0.2444840669631958 0.11820244789123535 0.9629688262939453 -0.17116864025592804 -0.20830830931663513 -0.5096175670623779 -0.24232891201972961 -0.2108115553855896 -0.947013795375824 -1.3762874603271484
0.11816222220659256 0.962442934513092 -0.24442020058631897 0.1181769147515297 0.9629800915718079 -0.17112548649311066 -0.20829156041145325 -0.5095912218093872 -0.2422952800989151 -0.21075959503650665 -0.9470339417457581 -1.3762941360473633
0.1181500181555748 0.9624404311180115 -0.24443601071834564 0.1181974932551384 0.9629858732223511 -0.17111355066299438 -0.20827464759349823 -0.5096259117126465 -0.24227826297283173 -0.2107807695865631 -0.9470335841178894 -1.3762919902801514
0.11811123788356781 0.9624571800231934 -0.24438877403736115 0.1181829571723938 0.9629720449447632 -0.1710825264453888 -0.20836398005485535 -0.5096419453620911 -0.24235206842422485 -0.2107294499874115 -0.9470261335372925 -1.3764426708221436
0.11814367026090622 0.9624484181404114 -0.24440763890743256 0.11820194870233536 0.9629766345024109 -0.17111007869243622 -0.20832021534442902 -0.5096821784973145 -0.2423180788755417 -0.2107471376657486 -0.9470309019088745 -1.3764498233795166
0.11806529015302658 0.9624810814857483 -0.24431684613227844 0.11816270649433136 0.9629679322242737 -0.17103168368339539 -0.20842485129833221 -0.5097805857658386 -0.24239090085029602 -0.21066154539585114 -0.9470313191413879 -1.3767073154449463
0.11805698275566101 0.9624671936035156 -0.24437569081783295 0.11817450076341629 0.9629590511322021 -0.17104512453079224 -0.20845486223697662 -0.5098233222961426 -0.24243022501468658 -0.2107142210006714 -0.9470095038414001 -1.3767248392105103
0.1179424524307251 0.9624865055084229 -0.24435487389564514 0.11812588572502136 0.9629758596420288 -0.17092910408973694 -0.20847240090370178 -0.5097838044166565 -0.24241924285888672 -0.21072010695934296 -0.9470110535621643 -1.3766542673110962
0.11796121299266815 0.9624890685081482 -0.24433571100234985 0.11813408881425858 0.9629805684089661 -0.17093674838542938 -0.20844443142414093 -0.5098276138305664 -0.242391437292099 -0.21070219576358795 -0.9470221400260925 -1.3766708374023438
0.11798379570245743 0.962473452091217 -0.24438633024692535 0.1181318387389183 0.9629781246185303 -0.1709689050912857 -0.20842914283275604 -0.5097300410270691 -0.2423899918794632 -0.21074745059013367 -0.9470124244689941 -1.3764907121658325
0.11799037456512451 0.962490439414978 -0.2443162351846695 0.11809387058019638 0.9629794359207153 -0.17095816135406494 -0.20843194425106049 -0.5096516609191895 -0.24238161742687225 -0.21067854762077332 -0.9470298886299133 -1.376320481300354
0.11803816258907318 0.9624742269515991 -0.24435687065124512 0.1181035116314888 0.9629740118980408 -0.17101208865642548 -0.20841270685195923 -0.5096964240074158 -0.24237984418869019 -0.21070867776870728 -0.9470236897468567 -1.3763246536254883
0.11803647875785828 0.9624801278114319 -0.24433454871177673 0.11811443418264389 0.9629707932472229 -0.17100867629051208 -0.20843058824539185 -0.5096954703330994 -0.2423936277627945 -0.2106846123933792 -0.9470254778862 -1.3763471841812134
0.1180323138833046 0.962483823299408 -0.2443220019340515 0.11812936514616013 0.9629709124565125 -0.17100229859352112 -0.20843510329723358 -0.509742796421051 -0.2423950433731079 -0.21067291498184204 -0.9470277428627014 -1.3763543367385864
0.11809396743774414 0.9624572396278381 -0.2443968504667282 0.11813950538635254 0.9629417061805725 -0.171096071600914 -0.208493173122406 -0.5096849799156189 -0.24248111248016357 -0.21071814000606537 -0.9469956159591675 -1.3764368295669556
0.11809974908828735 0.9624587297439575 -0.2443881630897522 0.11815635859966278 0.9629446864128113 -0.17109647393226624 -0.20847903192043304 -0.5097363591194153 -0.24246643483638763 -0.21071095764636993 -0.9470009803771973 -1.376448154449463
0.11808574199676514 0.9624685645103455 -0.24435633420944214 0.11815260350704193 0.9629402756690979 -0.1710815578699112 -0.2085115909576416 -0.5097244381904602 -0.2424907237291336 -0.2106783241033554 -0.9470020532608032 -1.376499056816101
0.11808913201093674 0.962471604347229 -0.24434275925159454 0.11817087233066559 0.9629449248313904 -0.1710774451494217 -0.20849353075027466 -0.5097765326499939 -0.2424706369638443 -0.21066780388355255 -0.9470095038414001 -1.376509428024292
0.11793875694274902 0.9624895453453064 -0.24434468150138855 0.11816132813692093 0.9629496932029724 -0.17094650864601135 -0.20857898890972137 -0.5097795128822327 -0.24252496659755707 -0.21069209277629852 -0.9469901919364929 -1.3765058517456055
0.117974191904068 0.9624735713005066 -0.2443903535604477 0.11818283796310425 0.9629539847373962 -0.17098264396190643 -0.2085294872522354 -0.5098323822021484 -0.24249064922332764 -0.21073557436466217 -0.9469892978668213 -1.376511573791504
0.11792317777872086 0.9624983072280884 -0.24431756138801575 0.11816100776195526 0.9629520773887634 -0.1709253340959549 -0.20858509838581085 -0.5098881721496582 -0.24252288043498993 -0.21066910028457642 -0.9469958543777466 -1.376702904701233
0.11790603399276733 0.9624996781349182 -0.24432048201560974 0.11813855916261673 0.9629488587379456 -0.17091429233551025 -0.20860914885997772 -0.5097907781600952 -0.24254411458969116 -0.21067185699939728 -0.9469897747039795 -1.376573920249939
0.11797089129686356 0.9624922275543213 -0.24431845545768738 0.11815155297517776 0.9629483819007874 -0.1709691286087036 -0.2085663229227066 -0.5098419785499573 -0.24251440167427063 -0.21066130697727203 -0.946999728679657 -1.3765848875045776
0.11784543097019196 0.9625173807144165 -0.24428004026412964 0.1181364580988884 0.962929368019104 -0.17087112367153168 -0.20873431861400604 -0.5098485946655273 -0.2426508218050003 -0.2106260508298874 -0.946972668170929 -1.3766814470291138
0.11787204444408417 0.9625164270401001 -0.24427096545696259 0.11815167963504791 0.9629361629486084 -0.17088578641414642 -0.20869095623493195 -0.509907066822052 -0.24261091649532318 -0.2106185257434845 -0.9469845294952393 -1.3767048120498657
0.11790754646062851 0.9625211954116821 -0.24423502385616302 0.11813698709011078 0.9629396796226501 -0.1709049940109253 -0.2086590677499771 -0.5098465085029602 -0.24257975816726685 -0.21058112382888794 -0.9470008611679077 -1.3766672611236572
0.11792147159576416 0.9625167846679688 -0.24424569308757782 0.11815210431814194 0.9629396200180054 -0.17091916501522064 -0.20864784717559814 -0.5099000334739685 -0.2425733357667923 -0.21058979630470276 -0.9470005631446838 -1.3766868114471436
0.11787991225719452 0.962533712387085 -0.24419903755187988 0.11818739771842957 0.9628993272781372 -0.1709088534116745 -0.2088422179222107 -0.5099982023239136 -0.24275346100330353 -0.21052078902721405 -0.946969747543335 -1.37705397605896
0.11789336055517197 0.9625256657600403 -0.24422430992126465 0.1182023286819458 0.962902307510376 -0.170923113822937 -0.20881670713424683 -0.510054886341095 -0.24273501336574554 -0.21054604649543762 -0.9469688534736633 -1.377087116241455
0.1180388405919075 0.962510883808136 -0.2442123144865036 0.11825063079595566 0.9628480076789856 -0.17109070718288422 -0.20892976224422455 -0.5101101994514465 -0.24287962913513184 -0.21047751605510712 -0.9469470381736755 -1.377338171005249
0.11803103238344193 0.9625098705291748 -0.2442200630903244 0.11827214807271957 0.9628613591194153 -0.17107421159744263 -0.20888178050518036 -0.5101745128631592 -0.2428305298089981 -0.21049553155899048 -0.9469556212425232 -1.3773918151855469
0.11795945465564728 0.9624912142753601 -0.24432815611362457 0.11824236810207367 0.9628770351409912 -0.17102351784706116 -0.20885109901428223 -0.5101019740104675 -0.24280321598052979 -0.21062201261520386 -0.9469344615936279 -1.3772825002670288
0.11797577142715454 0.9624887704849243 -0.24432975053787231 0.118293397128582 0.9628489017486572 -0.17106203734874725 -0.2089490443468094 -0.5101801156997681 -0.24290665984153748 -0.21060171723365784 -0.9469124674797058 -1.3774348497390747
0.11801082640886307 0.9624943137168884 -0.24429108202457428 0.11827588826417923 0.9628286957740784 -0.17110082507133484 -0.20901039242744446 -0.5101718902587891 -0.24296972155570984 -0.21054498851299286 -0.9469088912010193 -1.377502202987671
0.1180359274148941 0.9624918103218079 -0.244288831949234 0.1182980090379715 0.9628404378890991 -0.17111140489578247 -0.20894764363765717 -0.5102341175079346 -0.24291099607944489 -0.21054784953594208 -0.9469233155250549 -1.3775618076324463
0.1179957240819931 0.9624740481376648 -0.24437811970710754 0.1182638481259346 0.9628394246101379 -0.17109765112400055 -0.20896361768245697 -0.5101650357246399 -0.24293458461761475 -0.210640087723732 -0.9468967914581299 -1.3774349689483643
0.1179995983839035 0.9624886512756348 -0.24431870877742767 0.11816496402025223 0.9628583788871765 -0.1710715889930725 -0.20889759063720703 -0.5100443959236145 -0.24285756051540375 -0.21059449017047882 -0.9469266533851624 -1.3772233724594116
0.11803257465362549 0.9624881744384766 -0.24430474638938904 0.11816679686307907 0.962859570980072 -0.17109543085098267 -0.20887257158756256 -0.5101022720336914 -0.2428368180990219 -0.21057739853858948 -0.946935772895813 -1.3772722482681274
0.11804943531751633 0.9624862670898438 -0.24430419504642487 0.11813224107027054 0.9628814458847046 -0.17109058797359467 -0.2087756097316742 -0.510012149810791 -0.24274180829524994 -0.21059013903141022 -0.9469572901725769 -1.377103567123413
0.11805138736963272 0.9624863862991333 -0.24430271983146667 0.11813730746507645 0.9628827571868896 -0.17109081149101257 -0.20876950025558472 -0.510068953037262 -0.24273574352264404 -0.21058934926986694 -0.9469590187072754 -1.3771463632583618
0.11802957952022552 0.9624850749969482 -0.24431844055652618 0.11816113442182541 0.9628627896308899 -0.17109309136867523 -0.20885971188545227 -0.5099542737007141 -0.24282555282115936 -0.21059352159500122 -0.9469351172447205 -1.377050518989563
0.1180349662899971 0.9624765515327454 -0.244349405169487 0.11817261576652527 0.962863564491272 -0.17110370099544525 -0.20884746313095093 -0.510002076625824 -0.2428198754787445 -0.2106238454580307 -0.9469298124313354 -1.3770865201950073
0.11806134134531021 0.9624841809272766 -0.24430660903453827 0.11817581206560135 0.962874174118042 -0.17110753059387207 -0.20879539847373962 -0.5098623633384705 -0.24276496469974518 -0.21058586239814758 -0.9469523429870605 -1.3769865036010742
0.11806021630764008 0.9624801278114319 -0.2443230152130127 0.11819000542163849 0.9628806114196777 -0.1711045354604721 -0.2087681144475937 -0.5099022388458252 -0.2427399456501007 -0.2106066793203354 -0.9469541311264038 -1.3770254850387573
0.11799367517232895 0.9624972343444824 -0.2442878633737564 0.11820433288812637 0.9628629684448242 -0.17105592787265778 -0.20888936519622803 -0.5099830627441406 -0.24284231662750244 -0.2105681151151657 -0.9469364285469055 -1.3772646188735962
0.11793799698352814 0.962498128414154 -0.24431109428405762 0.11818678677082062 0.9628983736038208 -0.17098310589790344 -0.20878563821315765 -0.5098938941955566 -0.24272887408733368 -0.21062301099300385 -0.946953296661377 -1.3771038055419922
0.11795653402805328 0.9624879360198975 -0.24434247612953186 0.1182011291384697 0.9629016518592834 -0.17100279033184052 -0.2087545394897461 -0.5099321603775024 -0.24270696938037872 -0.21065381169319153 -0.9469521045684814 -1.377139687538147
0.11784341186285019 0.9625155925750732 -0.24428804218769073 0.118209607899189 0.9628967046737671 -0.17089951038360596 -0.20886176824569702 -0.5099956393241882 -0.24278143048286438 -0.21061117947101593 -0.9469425082206726 -1.3773084878921509
0.11783337593078613 0.962501585483551 -0.24434803426265717 0.11822804808616638 0.9629005789756775 -0.17090068757534027 -0.20884300768375397 -0.5100484490394592 -0.2427709847688675 -0.2106741964817047 -0.9469311237335205 -1.377356767654419
0.11787194013595581 0.962499737739563 -0.24433666467666626 0.11819233000278473 0.9629064798355103 -0.17092572152614594 -0.2087952047586441 -0.5100327730178833 -0.24272876977920532 -0.21066226065158844 -0.9469445943832397 -1.3774185180664062
0.11784375458955765 0.962512195110321 -0.24430117011070251 0.11820538341999054 0.9629182815551758 -0.1708839237689972 -0.20877504348754883 -0.5100810527801514 -0.2426956743001938 -0.21063923835754395 -0.9469582438468933 -1.377467155456543
0.11785166710615158 0.9625240564346313 -0.24425067007541656 0.11821864545345306 0.9629024267196655 -0.17089344561100006 -0.20884045958518982 -0.5101211667060852 -0.24275480210781097 -0.2105773687362671 -0.9469568133354187 -1.3775182962417603
0.1178661361336708 0.9625219106674194 -0.2442520558834076 0.11823219805955887 0.9629096388816833 -0.17089970409870148 -0.20880192518234253 -0.510176420211792 -0.24271903932094574 -0.21058198809623718 -0.9469649791717529 -1.377565860748291
0.11788136512041092 0.9625070691108704 -0.244303360581398 0.11821919679641724 0.962919294834137 -0.1709153801202774 -0.20874477922916412 -0.5100706219673157 -0.24267353117465973 -0.21063728630542755 -0.9469643235206604 -1.3773987293243408
0.11788974702358246 0.9625094532966614 -0.2442898005247116 0.11817382276058197 0.9629307985305786 -0.17090952396392822 -0.20869635045528412 -0.5100399255752563 -0.24262367188930511 -0.21063101291656494 -0.9469785094261169 -1.3772695064544678
0.11792274564504623 0.9625003933906555 -0.2443096786737442 0.11818557232618332 0.9629338383674622 -0.1709391176700592 -0.20865805447101593 -0.5100830793380737 -0.24259553849697113 -0.2106485366821289 -0.9469817876815796 -1.3772985935211182
0.11796402186155319 0.9624924659729004 -0.24432097375392914 0.11825062334537506 0.962907075881958 -0.17099973559379578 -0.20873190462589264 -0.5100474953651428 -0.24268171191215515 -0.21063554286956787 -0.9469625949859619 -1.3774014711380005
0.11803009361028671 0.962481677532196 -0.24433152377605438 0.11827392131090164 0.9629050493240356 -0.17105968296527863 -0.20869211852550507 -0.5100865960121155 -0.2426576167345047 -0.21063610911369324 -0.946968674659729 -1.3774324655532837
0.11792732775211334 0.9625105261802673 -0.24426749348640442 0.1182626411318779 0.9628980159759521 -0.17096494138240814 -0.20880219340324402 -0.5101020932197571 -0.24273549020290375 -0.2105811983346939 -0.9469609260559082 -1.3775317668914795
0.11794546246528625 0.9625067710876465 -0.24427349865436554 0.11828257143497467 0.9628927111625671 -0.17098617553710938 -0.20880921185016632 -0.5101433396339417 -0.2427476942539215 -0.21058107912540436 -0.9469578266143799 -1.3775664567947388
0.11789817363023758 0.962527871131897 -0.24421320855617523 0.11823263019323349 0.9628990292549133 -0.17092762887477875 -0.2088281363248825 -0.5100827813148499 -0.24274569749832153 -0.21053220331668854 -0.946969211101532 -1.3774405717849731
0.11795184761285782 0.962518036365509 -0.24422597885131836 0.11824751645326614 0.9628994464874268 -0.1709754467010498 -0.2087869644165039 -0.5101212859153748 -0.24271787703037262 -0.21053825318813324 -0.9469749927520752 -1.3774745464324951
