# 3x4 first row second row third row Freq: 100 current Time: 2021-07-31-12:33:42
0.587585985660553 0.6163748502731323 -0.524237334728241 0.09446556121110916 0.11195176839828491 -0.7035727500915527 -0.7017494440078735 -0.528311550617218 -0.8013797998428345 0.353648841381073 -0.48241373896598816 -1.5352224111557007
0.5875328183174133 0.6165237426757812 -0.5241218209266663 0.09440918266773224 0.11199496686458588 -0.7034238576889038 -0.7018917798995972 -0.5283511877059937 -0.8014127016067505 0.3536854088306427 -0.48233217000961304 -1.5354124307632446
0.5875052809715271 0.6165154576301575 -0.5241624116897583 0.09441614151000977 0.11196369677782059 -0.7034373879432678 -0.7018831968307495 -0.5283486247062683 -0.801437258720398 0.35367292165756226 -0.4823005497455597 -1.5354223251342773
0.5875116586685181 0.6163933277130127 -0.524298906326294 0.09433563798666 0.11191339045763016 -0.7035750150680542 -0.7017533183097839 -0.5281839966773987 -0.801439642906189 0.35361215472221375 -0.4823411703109741 -1.5350232124328613
0.5875145792961121 0.616374135017395 -0.5243182182312012 0.09433570504188538 0.11191853135824203 -0.7036012411117554 -0.7017261385917664 -0.5281755924224854 -0.8014367818832397 0.3535934388637543 -0.4823596775531769 -1.5350275039672852
0.5874221324920654 0.6164143681526184 -0.5243744850158691 0.09438446909189224 0.11197908222675323 -0.703628659248352 -0.7016890048980713 -0.5281474590301514 -0.8014960289001465 0.3534686863422394 -0.4823525846004486 -1.5350981950759888
0.5874258875846863 0.6164169311523438 -0.5243672728538513 0.09438703209161758 0.1119823306798935 -0.703624427318573 -0.7016927003860474 -0.5281351804733276 -0.8014928698539734 0.35347259044647217 -0.4823550283908844 -1.53510582447052
0.5874061584472656 0.6164008378982544 -0.5244082808494568 0.0944075733423233 0.11199922859668732 -0.7036650776863098 -0.7016493082046509 -0.5280830264091492 -0.8015049695968628 0.35341978073120117 -0.4823736250400543 -1.5349143743515015
0.5874208807945251 0.616387665271759 -0.5244072675704956 0.0944177433848381 0.11198732256889343 -0.7036687135696411 -0.7016474604606628 -0.5280690789222717 -0.8014958500862122 0.3534354269504547 -0.4823773205280304 -1.5349141359329224
0.5874741673469543 0.6163884401321411 -0.524346649646759 0.09448414295911789 0.11217636615037918 -0.7037196159362793 -0.701566219329834 -0.5280401110649109 -0.801430344581604 0.3533327281475067 -0.482561320066452 -1.534972906112671
0.5874330401420593 0.6163803339004517 -0.5244022607803345 0.09444515407085419 0.11208555847406387 -0.7037146687507629 -0.7015857100486755 -0.5281310081481934 -0.8014731407165527 0.3533567190170288 -0.48247262835502625 -1.5351784229278564
0.5874155163764954 0.616380512714386 -0.5244216918945312 0.0944523811340332 0.112086221575737 -0.7037250995635986 -0.7015751600265503 -0.5281161665916443 -0.8014859557151794 0.3533357083797455 -0.48246681690216064 -1.5351837873458862
0.587411105632782 0.6162845492362976 -0.5245394110679626 0.09435233473777771 0.11200571805238724 -0.7038205862045288 -0.7014922499656677 -0.5280949473381042 -0.8015004396438599 0.3533129394054413 -0.4824594259262085 -1.5350145101547241
0.5874139070510864 0.616273045539856 -0.5245497822761536 0.09434227645397186 0.11200868338346481 -0.7038356065750122 -0.7014766931533813 -0.528083860874176 -0.8014979958534241 0.3533030152320862 -0.4824707508087158 -1.5350136756896973
0.5874230265617371 0.6161197423934937 -0.5247195363044739 0.09431024640798569 0.11198760569095612 -0.7040258646011353 -0.7012891173362732 -0.5279588103294373 -0.8014941811561584 0.3531913161277771 -0.4825587868690491 -1.5343936681747437
0.5874318480491638 0.616120457649231 -0.5247088670730591 0.09430525451898575 0.11202994734048843 -0.7040383815765381 -0.701269805431366 -0.5279597043991089 -0.8014818429946899 0.3531651198863983 -0.48259851336479187 -1.5343703031539917
0.5875009894371033 0.6161044239997864 -0.5246502757072449 0.09448302537202835 0.11195002496242523 -0.7039838433265686 -0.7013372778892517 -0.5279503464698792 -0.8014423251152039 0.3533017337322235 -0.48256415128707886 -1.534586787223816
0.5874842405319214 0.6161272525787354 -0.524642288684845 0.09449808299541473 0.11197464168071747 -0.7039740681648254 -0.7013431191444397 -0.5279450416564941 -0.8014511466026306 0.3532814383506775 -0.4825643301010132 -1.5345728397369385
0.5874074697494507 0.6161934733390808 -0.5246504545211792 0.09438925236463547 0.11192891746759415 -0.7039106488227844 -0.7014141082763672 -0.5280245542526245 -0.8015138506889343 0.3532923460006714 -0.48245224356651306 -1.5347247123718262
0.5873978137969971 0.6161852478981018 -0.5246709585189819 0.09439054131507874 0.11192591488361359 -0.7039260268211365 -0.7013991475105286 -0.5280210375785828 -0.8015213012695312 0.3532760441303253 -0.4824517071247101 -1.5347169637680054
0.5874025821685791 0.6161947846412659 -0.5246543884277344 0.09432729333639145 0.11194703727960587 -0.7039197087287903 -0.7014021277427673 -0.5280525088310242 -0.8015148639678955 0.3532719314098358 -0.4824654459953308 -1.5347546339035034
0.5873932838439941 0.6162224411964417 -0.5246322751045227 0.09432025253772736 0.11196067184209824 -0.7038941979408264 -0.7014255523681641 -0.5280523300170898 -0.8015197515487671 0.35327449440956116 -0.48245543241500854 -1.5347474813461304
0.5874870419502258 0.6162645220756531 -0.5244778394699097 0.0943450927734375 0.11213066428899765 -0.7038576006889343 -0.7014350891113281 -0.5280102491378784 -0.8014273047447205 0.35327401757240295 -0.4826093912124634 -1.5347808599472046
0.5874684453010559 0.6162487268447876 -0.5245172381401062 0.0943315327167511 0.11211388558149338 -0.7038823366165161 -0.7014130353927612 -0.528037965297699 -0.8014432787895203 0.3532523214817047 -0.4825986921787262 -1.5347321033477783
0.5874902009963989 0.6162431240081787 -0.5244994759559631 0.09432337433099747 0.11213362962007523 -0.7038856744766235 -0.7014064788818359 -0.5280419588088989 -0.8014245629310608 0.35325539112091064 -0.4826275110244751 -1.5347232818603516
0.5876055955886841 0.6162427067756653 -0.5243706107139587 0.09437093138694763 0.11221609264612198 -0.7038545608520508 -0.7014245390892029 -0.5280281901359558 -0.8013284206390381 0.3533181846141815 -0.48274123668670654 -1.5347316265106201
0.5875924229621887 0.6162587404251099 -0.524366557598114 0.0943710133433342 0.11221107095479965 -0.7038386464118958 -0.7014412879943848 -0.5280296206474304 -0.801338791847229 0.3533218502998352 -0.48272135853767395 -1.5347143411636353
0.5875416398048401 0.6162005066871643 -0.5244919061660767 0.0943957269191742 0.11204098910093307 -0.7038715481758118 -0.7014355063438416 -0.5280989408493042 -0.801399827003479 0.3533579409122467 -0.4825935363769531 -1.5348683595657349
0.5875424742698669 0.6162047386169434 -0.5244860053062439 0.0943993553519249 0.11201383173465729 -0.7038534283638 -0.7014579772949219 -0.5281051397323608 -0.8014029860496521 0.35338667035102844 -0.4825672507286072 -1.5348632335662842
0.5875751376152039 0.6161209344863892 -0.524547815322876 0.09440436214208603 0.11186334490776062 -0.7038798332214355 -0.7014555335044861 -0.5281995534896851 -0.8014000654220581 0.35348016023635864 -0.48250365257263184 -1.5351059436798096
0.5875981450080872 0.6160967350006104 -0.5245505571365356 0.0944088026881218 0.11185354739427567 -0.703894317150116 -0.701442539691925 -0.5282098054885864 -0.8013845682144165 0.35349348187446594 -0.48251959681510925 -1.5351101160049438
0.5875590443611145 0.6162238717079163 -0.5244449973106384 0.09448650479316711 0.11191888153553009 -0.7037761807441711 -0.7015506625175476 -0.5282676815986633 -0.8014041185379028 0.3535071313381195 -0.4824771583080292 -1.5353083610534668
0.5875622630119324 0.6162431836128235 -0.5244186520576477 0.09450272470712662 0.11192764341831207 -0.7037522792816162 -0.7015731930732727 -0.528275191783905 -0.8014005422592163 0.3535209894180298 -0.4824729263782501 -1.5353158712387085
0.5874873399734497 0.6162602305412292 -0.5244825482368469 0.09446386247873306 0.11177025735378265 -0.7037042379379272 -0.7016465067863464 -0.5284225344657898 -0.8014774322509766 0.353586882352829 -0.4822969138622284 -1.5356308221817017
0.5876603722572327 0.6162666082382202 -0.5242812037467957 0.09445919841527939 0.11190429329872131 -0.7036526799201965 -0.7016768455505371 -0.5283880233764648 -0.8013318777084351 0.35367831587791443 -0.48247167468070984 -1.5356112718582153
0.5876398682594299 0.6162714958190918 -0.5242984294891357 0.09446065127849579 0.11191369593143463 -0.7036624550819397 -0.7016655206680298 -0.5284044146537781 -0.8013455867767334 0.35365045070648193 -0.4824693202972412 -1.5356332063674927
0.587692379951477 0.6163742542266846 -0.5241187214851379 0.09445135295391083 0.11200001835823059 -0.7035319209098816 -0.7017826437950134 -0.5284488201141357 -0.8012949824333191 0.35373103618621826 -0.4824943244457245 -1.535768985748291
0.5876781344413757 0.6163913011550903 -0.5241146683692932 0.09445200115442276 0.11202047020196915 -0.7035265564918518 -0.7017847299575806 -0.5284714698791504 -0.8013025522232056 0.3537119925022125 -0.48249566555023193 -1.5357952117919922
0.5877642631530762 0.6164177060127258 -0.5239869952201843 0.09444541484117508 0.11221062391996384 -0.7035242319107056 -0.7017567157745361 -0.5283188819885254 -0.8012127876281738 0.353670597076416 -0.4826750159263611 -1.5355257987976074
0.5877789258956909 0.6164239048957825 -0.5239632725715637 0.0944438949227333 0.11221712082624435 -0.7035101056098938 -0.7017698287963867 -0.5283309817314148 -0.8012011647224426 0.3536878526210785 -0.4826817512512207 -1.5355372428894043
0.5878037214279175 0.6164757013320923 -0.5238744616508484 0.09446833282709122 0.11240575462579727 -0.7035093307495117 -0.7017403841018677 -0.5282691717147827 -0.8011564612388611 0.3535991311073303 -0.48282086849212646 -1.5355770587921143
0.5877911448478699 0.6164929270744324 -0.5238683819770813 0.09446657449007034 0.11241576075553894 -0.7034981846809387 -0.7017499804496765 -0.5282710194587708 -0.8011643290519714 0.3535914123058319 -0.4828135371208191 -1.5355900526046753
0.5877207517623901 0.6165064573287964 -0.5239314436912537 0.09445595741271973 0.1122794970870018 -0.7034615278244019 -0.7018085718154907 -0.5284653902053833 -0.8012350797653198 0.35364067554473877 -0.4826599657535553 -1.5358836650848389
0.5877158045768738 0.6165050268173218 -0.5239386558532715 0.09445080906152725 0.11229721456766129 -0.7034741640090942 -0.7017930746078491 -0.5284810662269592 -0.8012362122535706 0.3536180257797241 -0.4826746881008148 -1.5359090566635132
0.5876927375793457 0.61644446849823 -0.5240356922149658 0.09435222297906876 0.11228272318840027 -0.7035624384880066 -0.7017068266868591 -0.5284170508384705 -0.8012551665306091 0.3535478711128235 -0.4826946258544922 -1.5355931520462036
0.5876310467720032 0.6166027784347534 -0.523918628692627 0.09437976777553558 0.11241523921489716 -0.7034453749656677 -0.7018029689788818 -0.5283921957015991 -0.8012818098068237 0.35350480675697327 -0.48268193006515503 -1.535589337348938
0.5876262784004211 0.6165956258773804 -0.5239324569702148 0.09436862915754318 0.11241971701383591 -0.7034597396850586 -0.7017878890037537 -0.5284077525138855 -0.8012847304344177 0.35348865389823914 -0.4826889634132385 -1.5356041193008423
0.5876426100730896 0.6165938973426819 -0.5239162445068359 0.09449329227209091 0.11234070360660553 -0.7034175992012024 -0.7018427848815918 -0.5283306241035461 -0.8012838363647461 0.35357558727264404 -0.482626736164093 -1.5356277227401733
0.5876661539077759 0.616606593132019 -0.523874819278717 0.0945003405213356 0.11241060495376587 -0.7034174799919128 -0.7018316984176636 -0.5283333659172058 -0.8012567162513733 0.3535536527633667 -0.4826878011226654 -1.5356413125991821
0.5878037214279175 0.6166269183158875 -0.5236964821815491 0.0944828912615776 0.11257323622703552 -0.7033806443214417 -0.7018425464630127 -0.5283828973770142 -0.8011329770088196 0.3535914719104767 -0.48286548256874084 -1.535719871520996
0.5878217220306396 0.6166324615478516 -0.5236697793006897 0.09447956085205078 0.11258773505687714 -0.7033689618110657 -0.7018519043922424 -0.5283915996551514 -0.8011177778244019 0.3536050021648407 -0.4828808307647705 -1.5357309579849243
0.5878182649612427 0.6167848706245422 -0.5234941244125366 0.09445098787546158 0.11278115212917328 -0.7032520771026611 -0.7019379734992981 -0.528404951095581 -0.8010930418968201 0.35357171297073364 -0.48294615745544434 -1.5357812643051147
0.5878377556800842 0.6167559027671814 -0.5235064625740051 0.0944376140832901 0.11273273825645447 -0.7032580971717834 -0.7019397616386414 -0.5284168124198914 -0.8010855913162231 0.3536103665828705 -0.4829302430152893 -1.535790205001831
0.5879291296005249 0.6167053580284119 -0.5234633088111877 0.09448689222335815 0.11280876398086548 -0.7033052444458008 -0.7018802762031555 -0.5283342003822327 -0.801007866859436 0.35360461473464966 -0.4830634295940399 -1.5356887578964233
0.5879396200180054 0.6166818737983704 -0.5234792232513428 0.094484344124794 0.11282195895910263 -0.7033364176750183 -0.7018469572067261 -0.5283357501029968 -0.8009982705116272 0.3535836935043335 -0.48309460282325745 -1.5356922149658203
0.5879400968551636 0.6166282892227173 -0.5235418081283569 0.09440680593252182 0.11269548535346985 -0.703352153301239 -0.701851487159729 -0.5284876227378845 -0.8010157346725464 0.35364583134651184 -0.483020156621933 -1.5357483625411987
0.5879209637641907 0.6166443228721619 -0.5235443711280823 0.09439075738191605 0.11270579695701599 -0.7033464908599854 -0.7018555402755737 -0.5285083651542664 -0.801028311252594 0.35362911224365234 -0.48301154375076294 -1.5357539653778076
0.5879436731338501 0.6164711713790894 -0.523722767829895 0.09438575804233551 0.11261018365621567 -0.7035229206085205 -0.7016940116882324 -0.5284162163734436 -0.8010250926017761 0.3535800576210022 -0.4830528199672699 -1.5354386568069458
0.5878402590751648 0.6165132522583008 -0.5237892866134644 0.0943901464343071 0.1124604269862175 -0.7034615874290466 -0.7017795443534851 -0.528428316116333 -0.8011220097541809 0.3536286950111389 -0.4828563928604126 -1.535638451576233
0.5878440141677856 0.616534411907196 -0.523760199546814 0.09437762945890427 0.11248822510242462 -0.7034432888031006 -0.701793372631073 -0.5284422636032104 -0.8011153340339661 0.3536282181739807 -0.4828678369522095 -1.5356444120407104
0.5878878831863403 0.6163700222969055 -0.5239044427871704 0.09444056451320648 0.11229553818702698 -0.7035524845123291 -0.7017147541046143 -0.5284379124641418 -0.8011102080345154 0.3536974787712097 -0.4828256070613861 -1.53564453125
0.5878978967666626 0.616388201713562 -0.5238718390464783 0.09444265067577362 0.11232120543718338 -0.7035335898399353 -0.7017296552658081 -0.5284537672996521 -0.8010993003845215 0.35370346903800964 -0.4828393757343292 -1.5356537103652954
0.5879563093185425 0.6164053082466125 -0.5237860679626465 0.09447435289621353 0.11245039105415344 -0.7035331130027771 -0.7017094492912292 -0.528428316116333 -0.8010382652282715 0.3536745607852936 -0.4829617738723755 -1.5357179641723633
0.5879282355308533 0.6164131760597229 -0.5238083004951477 0.0944734737277031 0.11244288831949234 -0.7035358548164368 -0.7017078995704651 -0.5284397602081299 -0.801059901714325 0.3536553680896759 -0.4829398989677429 -1.535725474357605
0.5879119038581848 0.6163857579231262 -0.5238589644432068 0.09445340931415558 0.11231919378042221 -0.7035276293754578 -0.7017359137535095 -0.5284349322319031 -0.8010892271995544 0.3537195026874542 -0.4828442633152008 -1.5357162952423096
0.5878880023956299 0.616425096988678 -0.5238394737243652 0.09445542097091675 0.11236349493265152 -0.7035086750984192 -0.7017478346824646 -0.5284445285797119 -0.8011005520820618 0.3536887466907501 -0.48284798860549927 -1.535724401473999
0.587893009185791 0.6165493726730347 -0.5236876010894775 0.09446662664413452 0.1125405803322792 -0.7034174203872681 -0.7018109560012817 -0.5283505916595459 -0.8010720610618591 0.3536536395549774 -0.4829210042953491 -1.5356485843658447
0.5879500508308411 0.6164992451667786 -0.5236825346946716 0.09451548010110855 0.1125044897198677 -0.7034348249435425 -0.7017992734909058 -0.5283423662185669 -0.8010352253913879 0.35370633006095886 -0.48294350504875183 -1.535732626914978
0.5879240036010742 0.6165050268173218 -0.5237050652503967 0.09452378004789352 0.11250398308038712 -0.7034423351287842 -0.7017918229103088 -0.5283360481262207 -0.8010544776916504 0.3536813259124756 -0.48292991518974304 -1.5357375144958496
0.5879248976707458 0.6163386702537537 -0.5238997936248779 0.09449189156293869 0.1123511791229248 -0.7035971879959106 -0.7016611099243164 -0.5284103751182556 -0.801075279712677 0.35366326570510864 -0.4829086661338806 -1.535825252532959
0.587870180606842 0.6163733005523682 -0.523920476436615 0.0944824069738388 0.11236894875764847 -0.7035910487174988 -0.701664388179779 -0.5283728241920471 -0.8011128902435303 0.3536151647567749 -0.4828813970088959 -1.5357316732406616
0.5879212617874146 0.6162739396095276 -0.5239799618721008 0.09442315995693207 0.11243568360805511 -0.7037232518196106 -0.701521098613739 -0.5283099412918091 -0.8010660409927368 0.3535251319408417 -0.48302507400512695 -1.5353237390518188
0.5879093408584595 0.6162735223770142 -0.5239938497543335 0.09442050755023956 0.11244241893291473 -0.7037338614463806 -0.7015093564987183 -0.5283170342445374 -0.8010738492012024 0.35350480675697327 -0.48302701115608215 -1.5353106260299683
0.5878939032554626 0.6163104176521301 -0.5239677429199219 0.0944434329867363 0.11245991289615631 -0.7037013173103333 -0.7015392184257507 -0.5282971858978271 -0.8010827302932739 0.35350528359413147 -0.48301196098327637 -1.5353187322616577
0.5878909826278687 0.6163191199302673 -0.5239607691764832 0.09443707019090652 0.11244573444128036 -0.7036851048469543 -0.7015577554702759 -0.528312087059021 -0.8010868430137634 0.35352233052253723 -0.48299261927604675 -1.535312294960022
0.5878079533576965 0.6163221001625061 -0.5240504741668701 0.09443958103656769 0.11227373778820038 -0.7036542892456055 -0.7016162276268005 -0.5283554196357727 -0.8011718988418579 0.35357847809791565 -0.482810378074646 -1.5355026721954346
0.5877783298492432 0.616348147392273 -0.5240530967712402 0.09434735774993896 0.11232034116983414 -0.7036575078964233 -0.701605498790741 -0.5284087061882019 -0.8011870980262756 0.3535267114639282 -0.48282307386398315 -1.5354814529418945
0.5877783894538879 0.6163554191589355 -0.5240444540977478 0.09432552009820938 0.11235108226537704 -0.703661322593689 -0.701596736907959 -0.5284261107444763 -0.801182746887207 0.353506475687027 -0.48284512758255005 -1.535486102104187
0.5877797603607178 0.6163666844367981 -0.5240296125411987 0.09438543766736984 0.11229458451271057 -0.703620433807373 -0.7016468048095703 -0.5284125804901123 -0.801189661026001 0.3535681366920471 -0.4827885031700134 -1.5355072021484375
0.5877861380577087 0.6163766384124756 -0.5240107774734497 0.09437611699104309 0.11229775846004486 -0.7036047577857971 -0.701662003993988 -0.5284320116043091 -0.8011845350265503 0.353581964969635 -0.4827868640422821 -1.5355138778686523
0.5877207517623901 0.6163389682769775 -0.5241284370422363 0.09432187676429749 0.11229712516069412 -0.7036935687065125 -0.7015730738639832 -0.5283005237579346 -0.8012325763702393 0.35347095131874084 -0.48278841376304626 -1.5351334810256958
0.5877467393875122 0.6163042187690735 -0.5241401195526123 0.0943072959780693 0.1122603565454483 -0.7037084698677063 -0.7015639543533325 -0.5283146500587463 -0.8012186884880066 0.3535017967224121 -0.48278892040252686 -1.5351245403289795
0.5877588391304016 0.6161453723907471 -0.5243133306503296 0.09439615160226822 0.112241230905056 -0.703905463218689 -0.7013694047927856 -0.5281559228897095 -0.80121248960495 0.3533864915370941 -0.48288360238075256 -1.5348464250564575
0.5878634452819824 0.6161378622055054 -0.5242048501968384 0.09445155411958694 0.11228808015584946 -0.7038744688034058 -0.7013930678367615 -0.5280727744102478 -0.801129162311554 0.3534613847732544 -0.4829670190811157 -1.5349278450012207
0.5878427624702454 0.616128146648407 -0.5242394208908081 0.09446147084236145 0.11224904656410217 -0.7038823962211609 -0.701391339302063 -0.5280618667602539 -0.801149845123291 0.35346245765686035 -0.4829319715499878 -1.5349103212356567
0.5878840684890747 0.616243839263916 -0.5240570902824402 0.09445454925298691 0.11239028722047806 -0.7037655115127563 -0.7014859318733215 -0.5281620025634766 -0.8010997176170349 0.35349351167678833 -0.48299238085746765 -1.5351184606552124
0.5878803730010986 0.6162278056144714 -0.5240800976753235 0.09445115178823471 0.11239195615053177 -0.7037898898124695 -0.7014612555503845 -0.5281608700752258 -0.8011021614074707 0.3534729480743408 -0.4830033481121063 -1.535110592842102
0.5879523754119873 0.6162967681884766 -0.5239182710647583 0.09442003816366196 0.11253999173641205 -0.7037203907966614 -0.7015072107315063 -0.5281477570533752 -0.8010286092758179 0.35349106788635254 -0.4831121265888214 -1.5351682901382446
0.5879527926445007 0.6162996292114258 -0.5239143967628479 0.09440762549638748 0.11253412812948227 -0.7037137150764465 -0.7015148401260376 -0.5281478762626648 -0.8010290861129761 0.3534994125366211 -0.48310521245002747 -1.5351648330688477
0.5880885124206543 0.6162904500961304 -0.5237728357315063 0.0944405123591423 0.1126464307308197 -0.7036953568458557 -0.701515257358551 -0.528248131275177 -0.8009136915206909 0.3535519242286682 -0.48325806856155396 -1.5352593660354614
0.5880753993988037 0.6162843704223633 -0.5237947106361389 0.09443315118551254 0.11261291056871414 -0.7036964297294617 -0.7015195488929749 -0.5282595157623291 -0.800927996635437 0.35356035828590393 -0.4832281470298767 -1.5352435111999512
0.5881417989730835 0.6163895130157471 -0.523596465587616 0.09441244602203369 0.11269865930080414 -0.7035542130470276 -0.7016484141349792 -0.5283691883087158 -0.8008671998977661 0.35366013646125793 -0.48325592279434204 -1.5354773998260498
0.5881242156028748 0.6162487268447876 -0.5237818956375122 0.09436456114053726 0.112526535987854 -0.703677237033844 -0.70155268907547 -0.5283390879631042 -0.8009043335914612 0.3536607623100281 -0.48319393396377563 -1.5353105068206787
0.5881206393241882 0.6162479519844055 -0.5237867832183838 0.09434012323617935 0.11250333487987518 -0.7036701440811157 -0.7015635371208191 -0.5283651351928711 -0.8009101748466492 0.3536762595176697 -0.4831728935241699 -1.5353044271469116
0.5881112813949585 0.6161718964576721 -0.5238867998123169 0.09439055621623993 0.11241526901721954 -0.7037386298179626 -0.7015089392662048 -0.5284030437469482 -0.8009294271469116 0.35367244482040405 -0.48314374685287476 -1.535491943359375
0.5880850553512573 0.616201639175415 -0.523881196975708 0.09437856823205948 0.11246075481176376 -0.7037343978881836 -0.7015058994293213 -0.5284267067909241 -0.8009423017501831 0.35362905263900757 -0.48315417766571045 -1.535494327545166
0.588036060333252 0.6161990761756897 -0.5239391922950745 0.09440087527036667 0.11232195794582367 -0.7037054896354675 -0.7015571594238281 -0.5283821225166321 -0.8009977340698242 0.35369107127189636 -0.4830169081687927 -1.5356082916259766
0.5880443453788757 0.6161916255950928 -0.5239387154579163 0.09439235925674438 0.11234022676944733 -0.7037186622619629 -0.701541006565094 -0.5283942818641663 -0.8009890913963318 0.35367780923843384 -0.48304086923599243 -1.5356186628341675
0.5879444479942322 0.616255521774292 -0.523975670337677 0.09447289258241653 0.1123928502202034 -0.7037153840065002 -0.7015358805656433 -0.5284134745597839 -0.8010550141334534 0.3535730242729187 -0.4830082952976227 -1.535812258720398
0.5879676938056946 0.6162691712379456 -0.5239335298538208 0.09447360038757324 0.11239983886480331 -0.7036864757537842 -0.7015637755393982 -0.5284234881401062 -0.8010370135307312 0.35360679030418396 -0.48301348090171814 -1.5358378887176514
0.5878826379776001 0.6162989735603333 -0.5239939093589783 0.0944828987121582 0.1123313307762146 -0.7036665678024292 -0.7015946507453918 -0.5284150242805481 -0.8011090159416199 0.3535943925380707 -0.48290303349494934 -1.5358402729034424
