# 3x4 first row second row third row Freq: 100 current Time: 2021-07-31-12:34:53
0.8360287547111511 0.4672192931175232 -0.28768390417099 0.4046943783760071 0.10674642026424408 -0.6527959704399109 -0.7499750852584839 -0.5427253246307373 -0.5382017493247986 0.5962915420532227 -0.5956302285194397 -1.2725762128829956
0.836054801940918 0.467194139957428 -0.2876490354537964 0.40468189120292664 0.1067497730255127 -0.6527899503707886 -0.7499798536300659 -0.5427460670471191 -0.5381605625152588 0.5963178277015686 -0.5956410765647888 -1.2725919485092163
0.8360866904258728 0.4671826958656311 -0.28757500648498535 0.40488335490226746 0.10685883462429047 -0.6528486013412476 -0.7499132752418518 -0.5427988767623901 -0.5380894541740417 0.5962625741958618 -0.5957606434822083 -1.2727384567260742
0.8361109495162964 0.46720555424690247 -0.2874673902988434 0.4048847556114197 0.10690948367118835 -0.6527750492095947 -0.7499700784683228 -0.5427854657173157 -0.5380417108535767 0.5963252186775208 -0.5957410335540771 -1.2728370428085327
0.8361207246780396 0.46717995405197144 -0.28748050332069397 0.4048905372619629 0.10688811540603638 -0.652789831161499 -0.7499603033065796 -0.542794406414032 -0.538030743598938 0.5963290929794312 -0.5957471132278442 -1.2728534936904907
0.8361760973930359 0.46720758080482483 -0.28727442026138306 0.4049661457538605 0.10700996965169907 -0.6526926159858704 -0.7500275373458862 -0.5427114367485046 -0.5379204154014587 0.5964139103889465 -0.5957618355751038 -1.2728303670883179
0.8361833095550537 0.4672031104564667 -0.2872607707977295 0.4049842059612274 0.10699428617954254 -0.6526660919189453 -0.7500528693199158 -0.5427157282829285 -0.5379123687744141 0.5964463949203491 -0.5957365036010742 -1.2728368043899536
0.8362704515457153 0.4671964645385742 -0.287017822265625 0.40501195192337036 0.1071699857711792 -0.6526257991790771 -0.7500627636909485 -0.5427571535110474 -0.5377418994903564 0.5964956283569336 -0.595841109752655 -1.2729387283325195
0.8362700939178467 0.4671957492828369 -0.2870200276374817 0.40502500534057617 0.10716840624809265 -0.6526269912719727 -0.7500619888305664 -0.5427623987197876 -0.5377427935600281 0.5964949131011963 -0.5958410501480103 -1.2729510068893433
0.8363067507743835 0.4671800434589386 -0.28693869709968567 0.40494465827941895 0.10718366503715515 -0.652578592300415 -0.7501019239425659 -0.542671263217926 -0.5376827120780945 0.5965601801872253 -0.595829963684082 -1.2727394104003906
0.836300790309906 0.46717697381973267 -0.28696104884147644 0.40494829416275024 0.10718680918216705 -0.6526073813438416 -0.750076413154602 -0.5426739454269409 -0.5376912951469421 0.596531093120575 -0.5958513021469116 -1.2727463245391846
0.8363189101219177 0.46723473072052 -0.2868141829967499 0.40486714243888855 0.10730074346065521 -0.6525302529335022 -0.7501272559165955 -0.5426415205001831 -0.537640392780304 0.5965702533721924 -0.5958580374717712 -1.2726167440414429
0.8362931609153748 0.4673653244972229 -0.2866763770580292 0.4049569368362427 0.10743340104818344 -0.6524104475975037 -0.7502124309539795 -0.5426571369171143 -0.537653923034668 0.5965989232063293 -0.5958170890808105 -1.2727724313735962
0.8363039493560791 0.4673510789871216 -0.28666821122169495 0.4049605429172516 0.10742128640413284 -0.6524029970169067 -0.7502206563949585 -0.5426517128944397 -0.5376396179199219 0.5966182351112366 -0.5958106517791748 -1.2727746963500977
0.8363223671913147 0.4673270583152771 -0.28665369749069214 0.4049668610095978 0.10742489248514175 -0.652416467666626 -0.7502084374427795 -0.542643129825592 -0.5376102924346924 0.5966223478317261 -0.5958330631256104 -1.2727750539779663
0.836204469203949 0.46726295351982117 -0.287101686000824 0.4047844111919403 0.10709244012832642 -0.6525571942329407 -0.7501335740089417 -0.5429809093475342 -0.5378599166870117 0.5965186357498169 -0.5957115888595581 -1.272977352142334
0.8362123966217041 0.4672044813632965 -0.2871738076210022 0.40499675273895264 0.10709895193576813 -0.6526942253112793 -0.7500134110450745 -0.5428791046142578 -0.5378462672233582 0.5964145064353943 -0.5958281755447388 -1.2730985879898071
0.8362389206886292 0.46717900037765503 -0.28713804483413696 0.4050064980983734 0.10710486024618149 -0.6526905298233032 -0.7500157952308655 -0.5428834557533264 -0.5378038883209229 0.5964385271072388 -0.5958423614501953 -1.2731138467788696
0.8362646102905273 0.46723365783691406 -0.2869742512702942 0.4050670862197876 0.10716252028942108 -0.6525372266769409 -0.750140905380249 -0.5428586602210999 -0.5377524495124817 0.5965633988380432 -0.5957637429237366 -1.2732514142990112
0.8362548351287842 0.4672550857067108 -0.2869679033756256 0.4050784111022949 0.10718286782503128 -0.6525322198867798 -0.7501423954963684 -0.5428529381752014 -0.5377636551856995 0.5965521335601807 -0.5957649350166321 -1.2732694149017334
0.836243748664856 0.46734189987182617 -0.28685876727104187 0.40503522753715515 0.10727444291114807 -0.6524388790130615 -0.7502104640007019 -0.5428378582000732 -0.5377625823020935 0.5965861678123474 -0.595731794834137 -1.2732638120651245
0.8362415432929993 0.467347115278244 -0.28685665130615234 0.40503451228141785 0.10729289054870605 -0.6524520516395569 -0.7501963973045349 -0.5428311228752136 -0.5377623438835144 0.596567690372467 -0.5957505702972412 -1.2732793092727661
0.8362487554550171 0.46730563044548035 -0.2869032919406891 0.40499991178512573 0.10729508846998215 -0.6525421738624573 -0.7501176595687866 -0.5429388284683228 -0.5377507209777832 0.5965016484260559 -0.5958271622657776 -1.2732272148132324
0.836358368396759 0.4672307074069977 -0.2867056429386139 0.4050438702106476 0.10731516778469086 -0.652442216873169 -0.7502017617225647 -0.542888879776001 -0.5375761389732361 0.5966696739196777 -0.595816433429718 -1.27324640750885
0.8363776803016663 0.4672144055366516 -0.2866758406162262 0.40504372119903564 0.1073162704706192 -0.65242999792099 -0.7502122521400452 -0.5428916215896606 -0.5375458598136902 0.5966957807540894 -0.5958176255226135 -1.2732559442520142
0.8364264369010925 0.46714210510253906 -0.28665146231651306 0.4049816131591797 0.1073424369096756 -0.6525065898895264 -0.7501418590545654 -0.5428766012191772 -0.5374647974967957 0.5966686010360718 -0.5959179401397705 -1.273108959197998
0.83642578125 0.4671367108821869 -0.2866622805595398 0.40497225522994995 0.10733185708522797 -0.6525110006332397 -0.7501395344734192 -0.5428858995437622 -0.5374680161476135 0.596668004989624 -0.595915675163269 -1.2731091976165771
0.8364080786705017 0.4670744836330414 -0.28681519627571106 0.40480080246925354 0.10735079646110535 -0.6527460813522339 -0.7499322891235352 -0.5426928997039795 -0.5374917387962341 0.5964595675468445 -0.5961028933525085 -1.2725589275360107
0.836406409740448 0.4670661687850952 -0.28683367371559143 0.4047849774360657 0.10732626914978027 -0.6527455449104309 -0.7499362230300903 -0.542701244354248 -0.5374992489814758 0.5964666604995728 -0.5960890054702759 -1.272536039352417
0.8364131450653076 0.46706536412239075 -0.2868152856826782 0.40480324625968933 0.10737519711256027 -0.6527823209762573 -0.7498972415924072 -0.5425975918769836 -0.5374789237976074 0.5964270234107971 -0.5961470007896423 -1.2725343704223633
0.8364022970199585 0.4670865833759308 -0.28681230545043945 0.40478596091270447 0.10738273710012436 -0.6527666449546814 -0.7499098181724548 -0.5425927639007568 -0.5374943017959595 0.5964276194572449 -0.5961325764656067 -1.272506833076477
0.8362468481063843 0.46704304218292236 -0.2873361110687256 0.40488603711128235 0.10697321593761444 -0.652876615524292 -0.7498725652694702 -0.5428678393363953 -0.5378177762031555 0.5963413119316101 -0.5959271192550659 -1.2728413343429565
0.8362629413604736 0.4670070707798004 -0.28734761476516724 0.4048806428909302 0.10696713626384735 -0.6529170870780945 -0.7498382329940796 -0.5428813695907593 -0.5377939343452454 0.596325159072876 -0.595964789390564 -1.2728270292282104
0.8361952900886536 0.4669317603111267 -0.28766685724258423 0.404858261346817 0.10668694972991943 -0.6529986262321472 -0.7498071789741516 -0.5428450107574463 -0.5379548072814941 0.5962948799133301 -0.595849871635437 -1.2728444337844849
0.8361972570419312 0.46693679690361023 -0.2876529395580292 0.40485095977783203 0.10670792311429977 -0.6530030369758606 -0.7498003244400024 -0.5428593158721924 -0.5379475951194763 0.5962861180305481 -0.5958651900291443 -1.272841453552246
0.8360996246337891 0.46710333228111267 -0.28766635060310364 0.40483206510543823 0.10676810890436172 -0.6529176831245422 -0.7498660683631897 -0.5427263975143433 -0.5380873680114746 0.5962491631507874 -0.5957759618759155 -1.2726223468780518
0.836104154586792 0.467081218957901 -0.2876890003681183 0.40483546257019043 0.10674678534269333 -0.6529384851455688 -0.7498509883880615 -0.5427320599555969 -0.5380845069885254 0.596243679523468 -0.595784068107605 -1.2726061344146729
0.836176872253418 0.46696850657463074 -0.2876606583595276 0.40477803349494934 0.10671297460794449 -0.6529847979545593 -0.7498154640197754 -0.542577862739563 -0.5379782319068909 0.5962812304496765 -0.5958424210548401 -1.272342324256897
0.836166501045227 0.46704238653182983 -0.28757092356681824 0.4047183692455292 0.10685019195079803 -0.6529743671417236 -0.7498050332069397 -0.5424578785896301 -0.5379671454429626 0.5962348580360413 -0.5958988070487976 -1.2721776962280273
0.8361545205116272 0.4670613706111908 -0.28757479786872864 0.4047115743160248 0.10686460882425308 -0.65297532081604 -0.7498021125793457 -0.5424518585205078 -0.5379828214645386 0.5962188839912415 -0.5959005951881409 -1.27214777469635
0.836167573928833 0.4670621454715729 -0.287535697221756 0.4047042727470398 0.10689128190279007 -0.6529651880264282 -0.7498071193695068 -0.5424453616142273 -0.5379573106765747 0.5962293744087219 -0.5959131717681885 -1.272118330001831
0.8359856605529785 0.46706292033195496 -0.28806284070014954 0.4044305980205536 0.1065053939819336 -0.6530606746673584 -0.7497789263725281 -0.5424371361732483 -0.5383164286613464 0.5961241722106934 -0.5956940650939941 -1.2717081308364868
0.8359795808792114 0.4670710861682892 -0.2880672216415405 0.4044260084629059 0.10652078688144684 -0.6530739665031433 -0.749765157699585 -0.5421731472015381 -0.5383228063583374 0.5961032509803772 -0.5957092642784119 -1.2714776992797852
0.8359636068344116 0.4671002924442291 -0.28806617856025696 0.4044106602668762 0.10651534795761108 -0.6530379056930542 -0.7497972846031189 -0.5421534776687622 -0.5383486747741699 0.5961198210716248 -0.5956693291664124 -1.2714369297027588
0.8360151648521423 0.4670197069644928 -0.28804725408554077 0.40434932708740234 0.10650739073753357 -0.6530902981758118 -0.7497528195381165 -0.5419695377349854 -0.5382701754570007 0.5961255431175232 -0.5957344770431519 -1.271126389503479
0.8360112309455872 0.4670225977897644 -0.2880539894104004 0.40433377027511597 0.10651859641075134 -0.6531065106391907 -0.7497370839118958 -0.5419397354125977 -0.5382741093635559 0.5961055159568787 -0.5957509875297546 -1.271074891090393
0.8360191583633423 0.46707531809806824 -0.2879454493522644 0.4043136239051819 0.10667500644922256 -0.6531196236610413 -0.7497034668922424 -0.5418477654457092 -0.5382307767868042 0.5960499048233032 -0.5958457589149475 -1.2709529399871826
0.8360832929611206 0.4670584499835968 -0.2877865433692932 0.4044065773487091 0.10684391856193542 -0.6531656384468079 -0.7496393322944641 -0.541999876499176 -0.5380976796150208 0.5960126519203186 -0.5960032343864441 -1.2712299823760986
0.8360761404037476 0.46705496311187744 -0.2878130376338959 0.40439364314079285 0.1068367138504982 -0.6531873941421509 -0.7496213316917419 -0.541979193687439 -0.5381101965904236 0.5959915518760681 -0.596013069152832 -1.2711870670318604
0.8362143635749817 0.46696117520332336 -0.2875635325908661 0.40445148944854736 0.10691611468791962 -0.6531206965446472 -0.7496681213378906 -0.5420662760734558 -0.5378795862197876 0.5961381196975708 -0.596074640750885 -1.2714147567749023
0.8362008333206177 0.46698513627052307 -0.2875640392303467 0.40443432331085205 0.10694141685962677 -0.6531254649162292 -0.7496603727340698 -0.5420516729354858 -0.5378956198692322 0.5961141586303711 -0.5960841178894043 -1.271377444267273
0.8360434770584106 0.46691733598709106 -0.28813114762306213 0.40439561009407043 0.10650013387203217 -0.6532672047615051 -0.7495996952056885 -0.5422693490982056 -0.5382277369499207 0.5960119366645813 -0.5958865284919739 -1.2715452909469604
0.8360204696655273 0.46694469451904297 -0.28815340995788574 0.4043727219104767 0.10651417076587677 -0.6532776355743408 -0.7495886087417603 -0.5422695875167847 -0.5382605791091919 0.5959790349006653 -0.5958897471427917 -1.2715095281600952
0.8360446095466614 0.46700793504714966 -0.28798097372055054 0.4045014977455139 0.1065978929400444 -0.6531363725662231 -0.7496998310089111 -0.5422479510307312 -0.5382065773010254 0.5960842967033386 -0.5958331823348999 -1.2716666460037231
0.8360364437103271 0.46701839566230774 -0.28798770904541016 0.40449291467666626 0.10659513622522354 -0.6531296372413635 -0.7497060894966125 -0.5422303080558777 -0.5382198095321655 0.5960835218429565 -0.5958220362663269 -1.2716357707977295
0.8359249234199524 0.46703410148620605 -0.28828567266464233 0.4044775664806366 0.10634962469339371 -0.6531381011009216 -0.749733567237854 -0.5422666072845459 -0.5384414792060852 0.5960619449615479 -0.5956433415412903 -1.2717187404632568
0.8359375 0.4670167565345764 -0.28827741742134094 0.40446916222572327 0.106334388256073 -0.6531302332878113 -0.7497425675392151 -0.5422545075416565 -0.5384250283241272 0.5960841178894043 -0.5956360101699829 -1.2716963291168213
0.8359425663948059 0.46701526641845703 -0.2882651388645172 0.4044373333454132 0.10636104643344879 -0.6531490683555603 -0.749722421169281 -0.5422186255455017 -0.5384119153022766 0.5960646867752075 -0.59566730260849 -1.2715561389923096
0.8359470367431641 0.46701425313949585 -0.28825387358665466 0.40442633628845215 0.1063474714756012 -0.6531237959861755 -0.7497463226318359 -0.5422080159187317 -0.5384076833724976 0.5960931181907654 -0.5956426858901978 -1.2715251445770264
0.8359419703483582 0.46709123253822327 -0.28814369440078735 0.40447187423706055 0.10646124184131622 -0.6530640125274658 -0.7497822642326355 -0.5421777367591858 -0.538392961025238 0.5960983633995056 -0.5956507325172424 -1.2715790271759033
0.8359454870223999 0.4671347439289093 -0.2880629301071167 0.4044800102710724 0.10648375749588013 -0.6529655456542969 -0.7498648166656494 -0.5421114563941956 -0.5383830666542053 0.5961720943450928 -0.5955858826637268 -1.2714959383010864
0.8359414935112 0.46713948249816895 -0.2880668044090271 0.40447333455085754 0.106480173766613 -0.6529607176780701 -0.7498695254325867 -0.5420919060707092 -0.5383899807929993 0.5961737036705017 -0.5955780744552612 -1.2714579105377197
0.8360251188278198 0.46704185009002686 -0.2879825234413147 0.4045027196407318 0.10649474710226059 -0.6529900431632996 -0.7498419284820557 -0.5421684980392456 -0.5382573008537292 0.5962180495262146 -0.5956535339355469 -1.271563172340393
0.8360231518745422 0.4670443534851074 -0.2879842221736908 0.40449464321136475 0.10648863762617111 -0.6529824733734131 -0.7498494386672974 -0.5421622395515442 -0.5382615327835083 0.5962244272232056 -0.5956433415412903 -1.2715309858322144
0.8360767364501953 0.4670221209526062 -0.2878645658493042 0.4044809639453888 0.1065840870141983 -0.6529913544654846 -0.7498281002044678 -0.5422021150588989 -0.5381593704223633 0.5962320566177368 -0.5957280397415161 -1.2715502977371216
0.8360899686813354 0.4670066833496094 -0.2878512740135193 0.40447238087654114 0.10658328235149384 -0.6529926061630249 -0.7498271465301514 -0.5421954989433289 -0.5381390452384949 0.5962427854537964 -0.5957356691360474 -1.271519422531128
0.8360881209373474 0.4670005142688751 -0.28786662220954895 0.4044632017612457 0.10658714175224304 -0.6530182361602783 -0.7498042583465576 -0.5421880483627319 -0.538141131401062 0.596219539642334 -0.5957570672035217 -1.2714885473251343
0.836104154586792 0.4670041501522064 -0.2878141701221466 0.4044552743434906 0.10660800337791443 -0.6529856324195862 -0.7498297095298767 -0.5421850085258484 -0.5381120443344116 0.59625244140625 -0.5957503914833069 -1.2714544534683228
0.8361607789993286 0.466888427734375 -0.28783729672431946 0.40441954135894775 0.1066107451915741 -0.6531265377998352 -0.7497065663337708 -0.5421078205108643 -0.5380234718322754 0.5961886644363403 -0.5958941578865051 -1.2713627815246582
0.8360822796821594 0.4667772352695465 -0.28824540972709656 0.404480904340744 0.10616636276245117 -0.6531500220298767 -0.7497491240501404 -0.5423131585121155 -0.5382333397865295 0.5962499976158142 -0.5956432223320007 -1.2716748714447021
0.8360716104507446 0.4667988121509552 -0.28824150562286377 0.4044744372367859 0.10618598759174347 -0.653146505355835 -0.749749481678009 -0.5423138737678528 -0.5382460355758667 0.5962370038032532 -0.5956447124481201 -1.2716572284698486
0.8360641598701477 0.46685388684272766 -0.2881738841533661 0.4045407772064209 0.10619071871042252 -0.6530299186706543 -0.749850332736969 -0.5423330068588257 -0.5382567048072815 0.5963215827941895 -0.5955504179000854 -1.2719067335128784
0.8360568881034851 0.46685299277305603 -0.2881964445114136 0.40453630685806274 0.1061902567744255 -0.6530526876449585 -0.7498305439949036 -0.5423244833946228 -0.5382680892944336 0.5962973237037659 -0.5955644249916077 -1.2719037532806396
0.8360344171524048 0.4669537842273712 -0.2880983352661133 0.40454918146133423 0.1062859520316124 -0.6529611945152283 -0.7498967051506042 -0.5422883033752441 -0.5382841229438782 0.5963186025619507 -0.5955286622047424 -1.2718864679336548
0.8360382914543152 0.46696901321411133 -0.2880623936653137 0.40454354882240295 0.10631093382835388 -0.6529380679130554 -0.7499132752418518 -0.5422741770744324 -0.5382731556892395 0.5963320732116699 -0.5955250859260559 -1.2718803882598877
0.8360389471054077 0.4669930338859558 -0.2880215048789978 0.40459591150283813 0.10641906410455704 -0.652993381023407 -0.749849796295166 -0.5423128008842468 -0.538250744342804 0.5962526798248291 -0.5956248641014099 -1.2719827890396118
0.8360001444816589 0.46708112955093384 -0.28799137473106384 0.404510498046875 0.1065995991230011 -0.6530759930610657 -0.7497522234916687 -0.5422134399414062 -0.5382753014564514 0.5960931777954102 -0.5957622528076172 -1.271709680557251
0.8360018730163574 0.46705880761146545 -0.28802254796028137 0.4045073091983795 0.10657767206430435 -0.6531047821044922 -0.7497302293777466 -0.5422013401985168 -0.5382769703865051 0.5960791110992432 -0.5957748293876648 -1.2716892957687378
0.8359367251396179 0.4672035574913025 -0.28797677159309387 0.4045233130455017 0.10666293650865555 -0.6530100703239441 -0.7498005628585815 -0.5421090722084045 -0.5383611917495728 0.5960693955421448 -0.595708429813385 -1.2715500593185425
0.8359524607658386 0.4671746790409088 -0.2879779636859894 0.40453141927719116 0.10664195567369461 -0.6530166864395142 -0.7497978210449219 -0.5420883893966675 -0.5383409261703491 0.5960848331451416 -0.595711350440979 -1.2715250253677368
0.8360188603401184 0.4671581983566284 -0.28781187534332275 0.40462177991867065 0.10678422451019287 -0.6530256271362305 -0.7497698068618774 -0.5422067642211914 -0.5382096171379089 0.5960879325866699 -0.5958268642425537 -1.271663784980774
0.8360236287117004 0.4671647548675537 -0.2877873480319977 0.40462952852249146 0.10681332647800446 -0.6530269980430603 -0.7497644424438477 -0.5421922206878662 -0.5381963849067688 0.5960812568664551 -0.5958454608917236 -1.2716296911239624
0.836010217666626 0.46697738766670227 -0.2881302535533905 0.40445446968078613 0.10648223012685776 -0.6531868577003479 -0.7496722340583801 -0.5423180460929871 -0.5382828712463379 0.596052885055542 -0.5957956910133362 -1.2716193199157715
0.8360198140144348 0.46695056557655334 -0.28814589977264404 0.40443897247314453 0.10647694766521454 -0.6532231569290161 -0.7496413588523865 -0.5423265695571899 -0.53826904296875 0.5960341691970825 -0.5958269834518433 -1.271590232849121
0.8359923362731934 0.46698588132858276 -0.28816837072372437 0.40446698665618896 0.10645852237939835 -0.653190016746521 -0.7496728897094727 -0.5423355102539062 -0.5383153557777405 0.596042811870575 -0.5957764983177185 -1.2715758085250854
0.8359975218772888 0.4669981002807617 -0.288133442401886 0.40446043014526367 0.1064826250076294 -0.6531699299812317 -0.7496869564056396 -0.5423420667648315 -0.538302481174469 0.596055269241333 -0.5957756638526917 -1.271548867225647
0.8359421491622925 0.4668988287448883 -0.28845489025115967 0.40452829003334045 0.10604190826416016 -0.6530996561050415 -0.7498106360435486 -0.5425177216529846 -0.538475513458252 0.5962100028991699 -0.5954643487930298 -1.2718796730041504
0.8359319567680359 0.4669497609138489 -0.2884019613265991 0.4045364558696747 0.1061914935708046 -0.6531621813774109 -0.7497349977493286 -0.5423154234886169 -0.5384618043899536 0.5961015820503235 -0.5955852270126343 -1.2717700004577637
0.8359230756759644 0.4669518768787384 -0.28842422366142273 0.40453997254371643 0.10618973523378372 -0.6531802415847778 -0.749719500541687 -0.542306125164032 -0.5384759306907654 0.5960801839828491 -0.5955939292907715 -1.2717598676681519
0.8358919024467468 0.4670921266078949 -0.28828752040863037 0.40450772643089294 0.10632800310850143 -0.6530584096908569 -0.7498060464859009 -0.5421899557113647 -0.5384970903396606 0.5961037278175354 -0.5955512523651123 -1.2716925144195557
0.8359030485153198 0.46709197759628296 -0.2882554233074188 0.40451252460479736 0.10634797811508179 -0.6530488133430481 -0.749811589717865 -0.5421671867370605 -0.5384758114814758 0.5961143970489502 -0.5955597758293152 -1.2716810703277588
0.8359573483467102 0.4671453833580017 -0.28801125288009644 0.4046548902988434 0.10650987923145294 -0.6529325246810913 -0.7498898506164551 -0.5422041416168213 -0.538359522819519 0.5961998701095581 -0.5955793857574463 -1.271859884262085
0.8359538316726685 0.46715247631073 -0.2880099415779114 0.4046674966812134 0.10651550441980362 -0.6529304385185242 -0.7498908638954163 -0.5421695709228516 -0.5383638143539429 0.5961966514587402 -0.5955787301063538 -1.2718467712402344
0.8360000252723694 0.4671210050582886 -0.28792688250541687 0.40462052822113037 0.10659833997488022 -0.6529709100723267 -0.7498438358306885 -0.5422260165214539 -0.5382757186889648 0.5961769819259644 -0.5956780314445496 -1.271888017654419
0.8360096216201782 0.4671175181865692 -0.28790467977523804 0.404622346162796 0.106623075902462 -0.6529797315597534 -0.7498326897621155 -0.5422006845474243 -0.5382558703422546 0.5961700677871704 -0.5957028269767761 -1.2718708515167236
0.8359668850898743 0.46695446968078613 -0.28829315304756165 0.4045233130455017 0.10628300160169601 -0.653150737285614 -0.7497320175170898 -0.5423699617385864 -0.5383895635604858 0.596110463142395 -0.5956417322158813 -1.271877408027649
0.8359984159469604 0.466941773891449 -0.28822213411331177 0.40456897020339966 0.10641510784626007 -0.6532391309738159 -0.7496362924575806 -0.5423141121864319 -0.5383144617080688 0.5960235595703125 -0.595796525478363 -1.271909236907959
0.83599454164505 0.46695375442504883 -0.2882140278816223 0.4045630693435669 0.10642813891172409 -0.6532335877418518 -0.7496392130851746 -0.5423032641410828 -0.5383179187774658 0.5960202217102051 -0.5957967638969421 -1.2718939781188965
0.8360016942024231 0.4669637084007263 -0.28817713260650635 0.4044981896877289 0.10655655711889267 -0.6533292531967163 -0.7495375871658325 -0.5421698689460754 -0.5382813811302185 0.5959075689315796 -0.5959424376487732 -1.2716377973556519
0.8359969854354858 0.46698707342147827 -0.28815293312072754 0.40449264645576477 0.10658018290996552 -0.6533082127571106 -0.7495526075363159 -0.5421525239944458 -0.5382840037345886 0.5959123373031616 -0.5959352850914001 -1.2716090679168701
0.8360545635223389 0.4669639468193054 -0.28802329301834106 0.4045664072036743 0.10662218183279037 -0.6532489657402039 -0.7495982646942139 -0.5422793626785278 -0.538186252117157 0.5959953665733337 -0.5959405303001404 -1.2719122171401978
