# 3x4 first row second row third row Freq: 100 current Time: 2021-07-31-12:25:55
0.4128987491130829 0.2069244533777237 -0.8869593143463135 0.474008709192276 0.4205446243286133 -0.907133162021637 -0.015858357772231102 -0.7482858896255493 -0.8078717589378357 -0.36645808815956116 -0.46157506108283997 -1.664768099784851
0.4128756821155548 0.20691946148872375 -0.8869712352752686 0.474008709192276 0.42054247856140137 -0.9071339964866638 -0.015865178778767586 -0.7482748031616211 -0.8078846335411072 -0.3664587438106537 -0.4615519642829895 -1.6647617816925049
0.41285550594329834 0.20684278011322021 -0.8869984745979309 0.4740169644355774 0.4205062985420227 -0.9071516394615173 -0.015816783532500267 -0.7483168840408325 -0.8079138398170471 -0.3664584457874298 -0.46150118112564087 -1.664810061454773
0.4128434658050537 0.20687930285930634 -0.8869955539703369 0.4740186631679535 0.4205028712749481 -0.9071524143218994 -0.015861665830016136 -0.7483108639717102 -0.8079217076301575 -0.36643582582473755 -0.461505264043808 -1.6648013591766357
0.41282007098197937 0.20701216161251068 -0.8869754672050476 0.4740229547023773 0.42048826813697815 -0.9071564674377441 -0.01601674221456051 -0.7483242154121399 -0.8079413175582886 -0.36635076999664307 -0.46153852343559265 -1.6649632453918457
0.4128262996673584 0.20704500377178192 -0.8869649171829224 0.4740183651447296 0.42052218317985535 -0.9071405529975891 -0.016028057783842087 -0.7483126521110535 -0.8079204559326172 -0.36637163162231445 -0.46155846118927 -1.6649614572525024
0.4128214120864868 0.20696723461151123 -0.8869853615760803 0.474063515663147 0.42048072814941406 -0.9071606993675232 -0.015974484384059906 -0.7483841776847839 -0.8079445362091064 -0.3663656413555145 -0.4615210294723511 -1.6650309562683105
0.41281983256340027 0.20693685114383698 -0.8869931697845459 0.4740598499774933 0.42046207189559937 -0.9071696996688843 -0.015954794362187386 -0.748377799987793 -0.8079550266265869 -0.36636054515838623 -0.4615066945552826 -1.6650290489196777
0.4128374457359314 0.20709165930747986 -0.886948823928833 0.4741426408290863 0.42043760418891907 -0.9071781635284424 -0.016118930652737617 -0.7484217286109924 -0.8079587817192078 -0.3662521541118622 -0.4615861773490906 -1.6652305126190186
0.41296446323394775 0.207194522023201 -0.8868656754493713 0.4741099178791046 0.42052045464515686 -0.907139778137207 -0.01611790433526039 -0.7484758496284485 -0.80785071849823 -0.36628904938697815 -0.4617459774017334 -1.6651980876922607
0.41297629475593567 0.2071765512228012 -0.8868643641471863 0.47410860657691956 0.42048388719558716 -0.907156765460968 -0.016114946454763412 -0.7484750151634216 -0.807863712310791 -0.36625710129737854 -0.46174857020378113 -1.6651946306228638
0.413046270608902 0.20705701410770416 -0.8868597149848938 0.47414475679397583 0.42039015889167786 -0.9072020053863525 -0.01601378433406353 -0.7484397292137146 -0.8078767657279968 -0.3662126660346985 -0.46176108717918396 -1.6652226448059082
0.4130432605743408 0.20706230401992798 -0.8868598341941833 0.4741450548171997 0.42041081190109253 -0.9071925282478333 -0.016008781269192696 -0.7484316825866699 -0.8078675270080566 -0.3662331700325012 -0.461760938167572 -1.665217638015747
0.4129694402217865 0.20703519880771637 -0.8869005441665649 0.47414320707321167 0.4204506278038025 -0.9071743488311768 -0.015992548316717148 -0.7484704256057739 -0.8078845739364624 -0.36629346013069153 -0.4616833031177521 -1.6651709079742432
0.41297847032546997 0.20703518390655518 -0.8868963718414307 0.47414669394493103 0.42043551802635193 -0.9071812629699707 -0.015996985137462616 -0.7484659552574158 -0.8078877925872803 -0.3662763237953186 -0.4616912007331848 -1.665163516998291
0.41297343373298645 0.20706017315387726 -0.8868928551673889 0.4741067886352539 0.4204813838005066 -0.9071599841117859 -0.01599864847958088 -0.7484535574913025 -0.8078665137290955 -0.36631494760513306 -0.46169787645339966 -1.6650938987731934
0.41298532485961914 0.20712688565254211 -0.8868717551231384 0.47417208552360535 0.4204409718513489 -0.907177209854126 -0.01608448661863804 -0.7485238909721375 -0.8078814744949341 -0.36623457074165344 -0.46173545718193054 -1.6652880907058716
0.412970632314682 0.20715445280075073 -0.8868721723556519 0.4741748571395874 0.4204772412776947 -0.9071601629257202 -0.01609875075519085 -0.7485235333442688 -0.807870090007782 -0.3662612736225128 -0.46173417568206787 -1.6652822494506836
0.41294047236442566 0.20711824297904968 -0.8868946433067322 0.4741438329219818 0.42048409581184387 -0.9071574211120605 -0.016071787104010582 -0.7485554218292236 -0.8078819513320923 -0.366288423538208 -0.46169188618659973 -1.665243148803711
0.41292378306388855 0.20713673532009125 -0.8868981003761292 0.4741442799568176 0.4204854667186737 -0.9071563482284546 -0.016097666695713997 -0.748560905456543 -0.8078897595405579 -0.3662806749343872 -0.46168434619903564 -1.6652321815490723
0.4129078686237335 0.2070823460817337 -0.8869182467460632 0.47406673431396484 0.4204727113246918 -0.9071629643440247 -0.016056707128882408 -0.7484890818595886 -0.8079045414924622 -0.3662950098514557 -0.4616471529006958 -1.6650888919830322
0.41290539503097534 0.2070828229188919 -0.8869192600250244 0.47406232357025146 0.4204828143119812 -0.907158374786377 -0.016052551567554474 -0.7484884262084961 -0.8079005479812622 -0.3663061559200287 -0.46164530515670776 -1.6650818586349487
0.4129320979118347 0.20717421174049377 -0.8868854641914368 0.47413572669029236 0.42044591903686523 -0.9071736335754395 -0.016154740005731583 -0.748573899269104 -0.8079060912132263 -0.36621659994125366 -0.46170660853385925 -1.6653364896774292
0.41293632984161377 0.20715050399303436 -0.8868890404701233 0.4741351902484894 0.4204004406929016 -0.9071947336196899 -0.016154522076249123 -0.7485702633857727 -0.8079276084899902 -0.3661777675151825 -0.4616997539997101 -1.6653424501419067
0.41300520300865173 0.20724625885486603 -0.8868346214294434 0.4742286205291748 0.4204120337963104 -0.9071882963180542 -0.016213925555348396 -0.7486300468444824 -0.8078863620758057 -0.3661395311355591 -0.46180224418640137 -1.6655571460723877
0.4130150377750397 0.20723627507686615 -0.8868323564529419 0.4742298126220703 0.4203844666481018 -0.9072010517120361 -0.0162148866802454 -0.7486187815666199 -0.8078956604003906 -0.3661135733127594 -0.4618065357208252 -1.665570855140686
0.41290390491485596 0.20727577805519104 -0.8868749141693115 0.4741668105125427 0.42044591903686523 -0.9071715474128723 -0.016271714121103287 -0.7485303282737732 -0.807920515537262 -0.36616429686546326 -0.46172288060188293 -1.6654194593429565
0.41291695833206177 0.20727947354316711 -0.8868679404258728 0.47415691614151 0.42043933272361755 -0.9071745872497559 -0.01627320423722267 -0.7485160231590271 -0.8079172372817993 -0.3661547005176544 -0.46173617243766785 -1.6654272079467773
0.41286924481391907 0.20725786685943604 -0.8868951797485352 0.47422662377357483 0.42037805914878845 -0.9072023630142212 -0.01630822941660881 -0.7486088275909424 -0.8079735040664673 -0.3660981357097626 -0.4616825580596924 -1.6656407117843628
0.4129621088504791 0.20713968575000763 -0.886879563331604 0.4742525517940521 0.42031750082969666 -0.9072327613830566 -0.01617889665067196 -0.7486745119094849 -0.8079575896263123 -0.36608976125717163 -0.4617171287536621 -1.6656359434127808
0.412995845079422 0.20713941752910614 -0.8868639469146729 0.4742511808872223 0.4203159213066101 -0.907233715057373 -0.016163887456059456 -0.7486719489097595 -0.8079411387443542 -0.3660874366760254 -0.4617477059364319 -1.6656540632247925
0.4130159616470337 0.20718106627464294 -0.8868448138237 0.47429925203323364 0.42031919956207275 -0.9072316288948059 -0.016195302829146385 -0.7487279772758484 -0.8079291582107544 -0.3660690188407898 -0.4617832601070404 -1.66581392288208
0.41303297877311707 0.20720286667346954 -0.8868318200111389 0.474297434091568 0.42032065987586975 -0.9072307348251343 -0.01620888151228428 -0.7487229108810425 -0.8079196810722351 -0.36605897545814514 -0.4618077874183655 -1.665831208229065
0.41304972767829895 0.2071281373500824 -0.8868414759635925 0.4741986393928528 0.4203103184700012 -0.9072369337081909 -0.016130566596984863 -0.7486486434936523 -0.807916522026062 -0.3660859167575836 -0.4617920219898224 -1.6655272245407104
0.413073867559433 0.20716021955013275 -0.8868227601051331 0.4741956293582916 0.4203450381755829 -0.9072207808494568 -0.01613236963748932 -0.7486442923545837 -0.8078861236572266 -0.366107702255249 -0.4618279039859772 -1.6655280590057373
0.4130713641643524 0.20723877847194672 -0.886805534362793 0.4741198718547821 0.4204314649105072 -0.9071801900863647 -0.016164492815732956 -0.7484671473503113 -0.8078424334526062 -0.36616387963294983 -0.461859792470932 -1.6652328968048096
0.413067489862442 0.20722608268260956 -0.886810302734375 0.4741218090057373 0.42045196890830994 -0.9071710705757141 -0.01614154689013958 -0.7484517097473145 -0.807833731174469 -0.36619362235069275 -0.46185144782066345 -1.6652251482009888
0.4130656123161316 0.2071661353111267 -0.8868252038955688 0.4740057587623596 0.42036792635917664 -0.9072102308273315 -0.016129158437252045 -0.7483002543449402 -0.8078784346580505 -0.3661305010318756 -0.46182331442832947 -1.664891004562378
0.41308704018592834 0.20718815922737122 -0.8868100643157959 0.4740028977394104 0.42039650678634644 -0.9071970582008362 -0.016125425696372986 -0.7482870817184448 -0.8078526258468628 -0.3661506772041321 -0.46185246109962463 -1.6648848056793213
0.4131736755371094 0.20729556679725647 -0.8867446184158325 0.47405797243118286 0.4204823672771454 -0.9071569442749023 -0.01614602841436863 -0.748417317867279 -0.8077635765075684 -0.3661893606185913 -0.46197742223739624 -1.665021538734436
0.41318079829216003 0.2072911113500595 -0.886742353439331 0.47406068444252014 0.4205140173435211 -0.907142698764801 -0.016120044514536858 -0.7484126091003418 -0.807743489742279 -0.3662271201610565 -0.46198272705078125 -1.6650123596191406
0.4131307601928711 0.20727816224098206 -0.8867686986923218 0.4740731120109558 0.4205358624458313 -0.907132625579834 -0.016117526218295097 -0.7483841180801392 -0.8077576756477356 -0.3662593960762024 -0.4619322121143341 -1.6649670600891113
0.41306522488594055 0.20732849836349487 -0.8867874145507812 0.4740716516971588 0.4205380976200104 -0.9071301817893982 -0.01619812846183777 -0.7483722567558289 -0.8077900409698486 -0.3662370443344116 -0.4618934094905853 -1.6649564504623413
0.41308358311653137 0.2073221355676651 -0.8867803812026978 0.4740624725818634 0.4205191433429718 -0.907139003276825 -0.016193939372897148 -0.7483549118041992 -0.8077905178070068 -0.3662186861038208 -0.4619070887565613 -1.6649501323699951
0.41313937306404114 0.20736563205718994 -0.8867442011833191 0.474091112613678 0.4205136299133301 -0.9071412086486816 -0.016215739771723747 -0.748386800289154 -0.8077648878097534 -0.3661886751651764 -0.46197575330734253 -1.6650844812393188
0.41312721371650696 0.2073444277048111 -0.8867548108100891 0.47408241033554077 0.4205014109611511 -0.9071469902992249 -0.016206664964556694 -0.7483701705932617 -0.807777464389801 -0.366186261177063 -0.4619556963443756 -1.6650781631469727
0.41302764415740967 0.2074757069349289 -0.886770486831665 0.4740093946456909 0.42057791352272034 -0.9071090817451477 -0.016343381255865097 -0.7483402490615845 -0.8077885508537292 -0.3662058413028717 -0.46192076802253723 -1.6649614572525024
0.41313302516937256 0.20738977193832397 -0.8867415189743042 0.47403162717819214 0.4205968677997589 -0.9071029424667358 -0.01619575545191765 -0.7483561038970947 -0.8077247738838196 -0.36626970767974854 -0.4619816243648529 -1.6650131940841675
0.41307374835014343 0.20745587348937988 -0.8867536783218384 0.4740786552429199 0.4205878674983978 -0.9071053266525269 -0.016296016052365303 -0.7484098672866821 -0.8077597618103027 -0.3662264049053192 -0.4619547724723816 -1.6651973724365234
0.41306477785110474 0.20747344195842743 -0.8867537379264832 0.4740687608718872 0.42062386870384216 -0.9070886373519897 -0.01629757694900036 -0.7483930587768555 -0.807745635509491 -0.36625784635543823 -0.4619545638561249 -1.665195107460022
0.412952721118927 0.20746394991874695 -0.8868081569671631 0.47395169734954834 0.4205736219882965 -0.9071106314659119 -0.016368556767702103 -0.7482567429542542 -0.8078290820121765 -0.3662087023258209 -0.46184760332107544 -1.6648846864700317
0.41297605633735657 0.20744827389717102 -0.8868009448051453 0.4739379286766052 0.4205654263496399 -0.9071148037910461 -0.016346387565135956 -0.7482321858406067 -0.8078213930130005 -0.36620715260505676 -0.4618622362613678 -1.6648751497268677
0.4131220579147339 0.20740358531475067 -0.8867433667182922 0.47399425506591797 0.4205786883831024 -0.907110869884491 -0.016225364059209824 -0.748237669467926 -0.8077398538589478 -0.36624234914779663 -0.4619769752025604 -1.6648186445236206
0.41314786672592163 0.20741461217403412 -0.886728823184967 0.4739934504032135 0.4205610156059265 -0.9071188569068909 -0.01623479276895523 -0.7482131123542786 -0.8077358603477478 -0.3662162125110626 -0.4620046615600586 -1.664801836013794
0.4131348729133606 0.20747166872024536 -0.8867214918136597 0.47397610545158386 0.4205840826034546 -0.9071072936058044 -0.016285980120301247 -0.7481709718704224 -0.807730495929718 -0.3662126660346985 -0.46201688051223755 -1.6646796464920044
0.4131920039653778 0.2074488252401352 -0.8867002129554749 0.4740200340747833 0.42057445645332336 -0.9071125388145447 -0.01624164544045925 -0.7482269406318665 -0.8077062964439392 -0.3662125766277313 -0.46205925941467285 -1.6647716760635376
0.413201242685318 0.20745348930358887 -0.8866948485374451 0.4740197956562042 0.4205735921859741 -0.9071128964424133 -0.016242610290646553 -0.7482065558433533 -0.8077020049095154 -0.3662090003490448 -0.462069571018219 -1.664751410484314
0.4130973219871521 0.2074335366487503 -0.8867478966712952 0.4740384519100189 0.42062780261039734 -0.9070878028869629 -0.016239387914538383 -0.7482908964157104 -0.8077269196510315 -0.3662824034690857 -0.4619678258895874 -1.6647624969482422
0.4131176173686981 0.2074309140443802 -0.8867390751838684 0.47404325008392334 0.420620322227478 -0.9070914387702942 -0.016231579706072807 -0.7482794523239136 -0.807720422744751 -0.3662749230861664 -0.4619850516319275 -1.664732813835144
0.41316160559654236 0.20748686790466309 -0.8867055177688599 0.4739883840084076 0.42069610953330994 -0.9070563912391663 -0.016225047409534454 -0.7482264041900635 -0.8076584935188293 -0.36632999777793884 -0.4620497524738312 -1.6646219491958618
0.41318145394325256 0.20747686922550201 -0.8866986036300659 0.4739811420440674 0.4206918776035309 -0.9070586562156677 -0.016208048909902573 -0.7482117414474487 -0.8076505064964294 -0.3663300573825836 -0.46206358075141907 -1.6645913124084473
0.4131472706794739 0.2074877768754959 -0.8867119550704956 0.47397175431251526 0.420685738325119 -0.907060980796814 -0.01623857580125332 -0.7482413649559021 -0.8076711893081665 -0.3663181662559509 -0.4620368778705597 -1.6646627187728882
0.4131501317024231 0.20749233663082123 -0.8867095708847046 0.47396448254585266 0.4207088351249695 -0.9070504307746887 -0.01622869446873665 -0.7482239603996277 -0.8076577186584473 -0.3663416802883148 -0.46204182505607605 -1.6646363735198975
0.413239449262619 0.20754045248031616 -0.8866567015647888 0.4739125072956085 0.4207414388656616 -0.9070355296134949 -0.01621781475841999 -0.7481876611709595 -0.8075950145721436 -0.3663513958454132 -0.4621436595916748 -1.66457998752594
0.41316819190979004 0.20752936601638794 -0.886692464351654 0.4739439785480499 0.42079755663871765 -0.9070096611976624 -0.016207419335842133 -0.7482044100761414 -0.8076022267341614 -0.3664216697216034 -0.4620753526687622 -1.664602279663086
0.4131409823894501 0.2075357735157013 -0.8867036700248718 0.4739333391189575 0.4208030104637146 -0.9070068597793579 -0.016223490238189697 -0.7481822967529297 -0.8076133131980896 -0.3664250075817108 -0.4620532989501953 -1.6645766496658325
0.4130920469760895 0.20739559829235077 -0.8867592215538025 0.4739241898059845 0.4207565188407898 -0.9070301055908203 -0.01612940803170204 -0.7482074499130249 -0.8076625466346741 -0.3664468228816986 -0.4619499146938324 -1.664585828781128
0.41309884190559387 0.20741955935955048 -0.8867504596710205 0.4739155173301697 0.4207853674888611 -0.9070166349411011 -0.016134269535541534 -0.7481930255889893 -0.8076440691947937 -0.36646661162376404 -0.4619665741920471 -1.664562702178955
0.4131261110305786 0.20740751922130585 -0.8867405652999878 0.4739792048931122 0.4208083152770996 -0.9070066213607788 -0.016096165403723717 -0.7481708526611328 -0.8076181411743164 -0.36649808287620544 -0.4619868993759155 -1.6645653247833252
0.41312503814697266 0.2074003368616104 -0.8867427706718445 0.4739822745323181 0.42081183195114136 -0.9070051908493042 -0.016087308526039124 -0.7481510639190674 -0.8076168894767761 -0.36650580167770386 -0.4619830250740051 -1.6645352840423584
0.4130595922470093 0.2073344737291336 -0.8867886662483215 0.4739631116390228 0.420817494392395 -0.9070032835006714 -0.016047077253460884 -0.748173713684082 -0.8076474070549011 -0.3665477931499481 -0.4618963301181793 -1.6645809412002563
0.41306188702583313 0.2073402851819992 -0.8867862224578857 0.4739557206630707 0.4208475649356842 -0.9069895148277283 -0.016034763306379318 -0.7481555342674255 -0.8076305985450745 -0.36657848954200745 -0.46190139651298523 -1.6645561456680298
0.4130752384662628 0.20734155178070068 -0.8867797255516052 0.47400397062301636 0.4208069145679474 -0.9070080518722534 -0.01605312153697014 -0.7481620907783508 -0.8076449036598206 -0.3665319085121155 -0.4619132876396179 -1.6646850109100342
0.4130496382713318 0.20738138258457184 -0.8867823481559753 0.47400715947151184 0.420796275138855 -0.9070119857788086 -0.016111817210912704 -0.7481371760368347 -0.8076635599136353 -0.36649975180625916 -0.46190622448921204 -1.6646637916564941
0.41306039690971375 0.20733845233917236 -0.8867873549461365 0.47395059466362 0.4208391308784485 -0.9069933891296387 -0.01603841781616211 -0.7481691241264343 -0.8076357245445251 -0.36656999588012695 -0.4618991017341614 -1.6645628213882446
0.41307753324508667 0.20732952654361725 -0.8867814540863037 0.4739547669887543 0.4208572208881378 -0.9069854617118835 -0.016010964289307594 -0.7481561303138733 -0.8076175451278687 -0.3665946424007416 -0.4619114100933075 -1.664528727531433
0.4130943715572357 0.2072763741016388 -0.8867860436439514 0.4739551544189453 0.42075175046920776 -0.9070344567298889 -0.016009122133255005 -0.7480764389038086 -0.8076638579368591 -0.36650350689888 -0.4619026482105255 -1.6644517183303833
0.4130437970161438 0.20717033743858337 -0.8868343830108643 0.473967969417572 0.4207478165626526 -0.9070377349853516 -0.015926387161016464 -0.7481704354286194 -0.8076918125152588 -0.3665553629398346 -0.46181270480155945 -1.6644997596740723
0.41307204961776733 0.2071986049413681 -0.8868145942687988 0.4739680588245392 0.42076367139816284 -0.9070302248001099 -0.015933120623230934 -0.7481549382209778 -0.8076691031455994 -0.36655786633491516 -0.4618504047393799 -1.6644625663757324
0.4131135046482086 0.20720680058002472 -0.8867933750152588 0.4739440083503723 0.4207477867603302 -0.907037615776062 -0.015931343659758568 -0.7481587529182434 -0.8076561689376831 -0.36653491854667664 -0.4618912637233734 -1.6645134687423706
0.4131307601928711 0.20722216367721558 -0.8867817521095276 0.4739421606063843 0.42076486349105835 -0.9070297479629517 -0.015929270535707474 -0.7481421828269958 -0.80763840675354 -0.36654576659202576 -0.4619136452674866 -1.66448175907135
0.4131092131137848 0.20725494623184204 -0.8867841362953186 0.4739486575126648 0.42074456810951233 -0.9070382118225098 -0.015984434634447098 -0.7481290102005005 -0.8076600432395935 -0.36650630831718445 -0.46190717816352844 -1.664568305015564
0.4131162762641907 0.207266703248024 -0.8867781162261963 0.4739406704902649 0.42073631286621094 -0.9070417881011963 -0.01599789969623089 -0.7481081485748291 -0.807660698890686 -0.36649075150489807 -0.46191829442977905 -1.6645421981811523
0.4132169485092163 0.20715443789958954 -0.8867574334144592 0.47397899627685547 0.4206586182117462 -0.9070798754692078 -0.0158807672560215 -0.748060405254364 -0.8076496720314026 -0.3664599657058716 -0.4619620442390442 -1.66457998752594
0.41316506266593933 0.20718863606452942 -0.8867735862731934 0.4739271402359009 0.4206852614879608 -0.9070667624473572 -0.015924587845802307 -0.7481430172920227 -0.8076623678207397 -0.36647310853004456 -0.46192944049835205 -1.6646009683609009
0.41315609216690063 0.20717976987361908 -0.8867798447608948 0.47391462326049805 0.42069104313850403 -0.9070642590522766 -0.015916381031274796 -0.7481215596199036 -0.8076639175415039 -0.3664844036102295 -0.4619177281856537 -1.6645740270614624
0.41313308477401733 0.2072465717792511 -0.8867749571800232 0.47392353415489197 0.42074739933013916 -0.9070372581481934 -0.015963148325681686 -0.7481785416603088 -0.8076463341712952 -0.36651337146759033 -0.4619255065917969 -1.6645938158035278
0.4131278395652771 0.2072385996580124 -0.886779248714447 0.47391223907470703 0.4207601547241211 -0.9070315957069397 -0.015950137749314308 -0.7481600642204285 -0.80764240026474 -0.36653196811676025 -0.4619176983833313 -1.6645662784576416
0.4130738377571106 0.20716020464897156 -0.8868227601051331 0.473964661359787 0.4207342565059662 -0.9070442914962769 -0.015909839421510696 -0.7482050657272339 -0.8076834678649902 -0.36654478311538696 -0.4618356227874756 -1.6645610332489014
0.41305381059646606 0.20713144540786743 -0.8868387937545776 0.47395992279052734 0.42071592807769775 -0.9070529341697693 -0.01590019091963768 -0.7481873035430908 -0.8077032566070557 -0.3665395975112915 -0.461805135011673 -1.6645286083221436
0.41305553913116455 0.20707395672798157 -0.88685142993927 0.4739331901073456 0.42068642377853394 -0.9070674180984497 -0.01585746370255947 -0.74817955493927 -0.8077178001403809 -0.36653634905815125 -0.4617823660373688 -1.6645467281341553
0.4130392074584961 0.20716187357902527 -0.8868384957313538 0.4739309251308441 0.42072921991348267 -0.9070462584495544 -0.015930484980344772 -0.7482154369354248 -0.8077037930488586 -0.36653897166252136 -0.46180468797683716 -1.6646389961242676
0.4130331575870514 0.20716224610805511 -0.8868412375450134 0.47391384840011597 0.4207327365875244 -0.9070446491241455 -0.01593167893588543 -0.7481966614723206 -0.8077051043510437 -0.36654284596443176 -0.46179938316345215 -1.6646144390106201
0.4130287766456604 0.20717959105968475 -0.8868392109870911 0.47404763102531433 0.4207724928855896 -0.9070262312889099 -0.0159287191927433 -0.7482840418815613 -0.8076866269111633 -0.3665785491466522 -0.4618033468723297 -1.6647908687591553
0.4130508601665497 0.20718854665756226 -0.8868268132209778 0.47404125332832336 0.42073720693588257 -0.9070422649383545 -0.015947796404361725 -0.7482693195343018 -0.8076937198638916 -0.3665338158607483 -0.4618264436721802 -1.6647658348083496
0.4129978120326996 0.20721164345741272 -0.886846125125885 0.4739776849746704 0.4207655191421509 -0.9070285558700562 -0.015979859977960587 -0.748241126537323 -0.8077060580253601 -0.3665546476840973 -0.46178826689720154 -1.6646960973739624
0.41300642490386963 0.20719179511070251 -0.8868467807769775 0.47396570444107056 0.42076781392097473 -0.9070279598236084 -0.015954237431287766 -0.7482263445854187 -0.8077004551887512 -0.3665674030780792 -0.46178796887397766 -1.6646629571914673
0.4130352735519409 0.2072409987449646 -0.8868218064308167 0.4739846885204315 0.42075642943382263 -0.9070324897766113 -0.015997687354683876 -0.7483037114143372 -0.8076916337013245 -0.36652839183807373 -0.4618343412876129 -1.6647521257400513
0.41303595900535583 0.2072466015815735 -0.8868201971054077 0.47397422790527344 0.4207511246204376 -0.9070347547531128 -0.01600613258779049 -0.7482938170433044 -0.8076940774917603 -0.3665195107460022 -0.46183717250823975 -1.6647260189056396
0.4129970669746399 0.20735065639019012 -0.8868139982223511 0.47385793924331665 0.4207545518875122 -0.9070309996604919 -0.016128649935126305 -0.748101532459259 -0.807712197303772 -0.36646997928619385 -0.4618448317050934 -1.6644701957702637
0.4129447042942047 0.2073190063238144 -0.8868457674980164 0.47388842701911926 0.4207476079463959 -0.9070343375205994 -0.016124553978443146 -0.7481648325920105 -0.8077425956726074 -0.36647969484329224 -0.4617839455604553 -1.6645036935806274
