# 3x4 first row second row third row Freq: 100 current Time: 2021-07-28-16:25:11
-0.3481959402561188 -0.16771413385868073 -0.9222968220710754 0.16682282090187073 0.38949888944625854 -0.9208009839057922 0.020394081249833107 -0.6523727774620056 -0.852672278881073 -0.3521324694156647 0.38594380021095276 -2.537618637084961
-0.3482457399368286 -0.16777822375297546 -0.9222663640975952 0.16681233048439026 0.3895505666732788 -0.9207786917686462 0.020414145663380623 -0.6523556113243103 -0.8526283502578735 -0.35216024518013 0.38601550459861755 -2.5376029014587402
-0.34824731945991516 -0.16776317358016968 -0.9222685098648071 0.1668100208044052 0.3895530104637146 -0.9207780361175537 0.020397357642650604 -0.6523688435554504 -0.8526265621185303 -0.3521691560745239 0.3860112726688385 -2.5376534461975098
-0.3482540249824524 -0.1677708774805069 -0.922264575958252 0.1668168157339096 0.3895399272441864 -0.9207833409309387 0.02040819637477398 -0.6523676514625549 -0.8526298403739929 -0.35215166211128235 0.38602012395858765 -2.537662982940674
-0.3482506275177002 -0.16772015392780304 -0.9222750663757324 0.16680733859539032 0.38953348994255066 -0.9207870960235596 0.02036188915371895 -0.6523725986480713 -0.8526341319084167 -0.35216599702835083 0.3859974443912506 -2.5376734733581543
-0.34826162457466125 -0.16774319112300873 -0.9222667217254639 0.16681110858917236 0.38954031467437744 -0.9207838177680969 0.020377267152071 -0.6523739099502563 -0.8526265621185303 -0.3521634638309479 0.3860165774822235 -2.53768253326416
-0.3482552170753479 -0.1677471250295639 -0.9222683906555176 0.1667950451374054 0.3895157277584076 -0.9207938313484192 0.020394956693053246 -0.6523963809013367 -0.8526403903961182 -0.35213541984558105 0.3860115706920624 -2.5376548767089844
-0.3483178913593292 -0.16773325204849243 -0.9222472906112671 0.16676819324493408 0.3895796835422516 -0.9207683205604553 0.02032630331814289 -0.6523626446723938 -0.8525855541229248 -0.35220879316329956 0.38606569170951843 -2.5376012325286865
-0.34832116961479187 -0.1676979511976242 -0.9222524762153625 0.1667635589838028 0.3895484209060669 -0.9207820296287537 0.02030385285615921 -0.6523603200912476 -0.8525984883308411 -0.3521897494792938 0.38605451583862305 -2.537609338760376
-0.3484078347682953 -0.1675991714000702 -0.9222376942634583 0.16678331792354584 0.38944360613822937 -0.9208282828330994 0.02021694742143154 -0.6523744463920593 -0.8526110053062439 -0.35211583971977234 0.3860943913459778 -2.537679433822632
-0.34840768575668335 -0.1676170378923416 -0.9222344756126404 0.1667792797088623 0.3894467353820801 -0.9208266139030457 0.020233456045389175 -0.6523722410202026 -0.8526096343994141 -0.35211172699928284 0.3861011266708374 -2.537691354751587
-0.3483550548553467 -0.16753588616847992 -0.9222691059112549 0.16677986085414886 0.389527291059494 -0.9207946062088013 0.020137643441557884 -0.6523051857948303 -0.8525943160057068 -0.3522339463233948 0.3860234320163727 -2.5375614166259766
-0.3483341336250305 -0.16754050552845 -0.9222761988639832 0.16678224503993988 0.3895529508590698 -0.9207837581634521 0.020139262080192566 -0.6522940397262573 -0.8525911569595337 -0.3522602319717407 0.3860064744949341 -2.537562131881714
-0.34825626015663147 -0.16759929060935974 -0.9222949147224426 0.16684524714946747 0.3894899785518646 -0.9208077788352966 0.020258577540516853 -0.6523447632789612 -0.8526517152786255 -0.3521694540977478 0.38595548272132874 -2.537631034851074
-0.34828296303749084 -0.1675964891910553 -0.9222853183746338 0.16685673594474792 0.38949263095855713 -0.9208069443702698 0.0202435702085495 -0.6523462533950806 -0.8526396155357361 -0.3521728813648224 0.38597914576530457 -2.537637710571289
-0.3483510911464691 -0.1675412505865097 -0.9222696423530579 0.16684913635253906 0.38948991894721985 -0.9208099246025085 0.02016155607998371 -0.6523585915565491 -0.8526130318641663 -0.3521914482116699 0.3860209286212921 -2.537576675415039
-0.34831395745277405 -0.16757258772850037 -0.9222779870033264 0.1668234020471573 0.38945919275283813 -0.9208216071128845 0.020222071558237076 -0.6524016857147217 -0.8526422381401062 -0.3521459996700287 0.38599786162376404 -2.5376641750335693
-0.3483160138130188 -0.16757342219352722 -0.92227703332901 0.16683053970336914 0.3894452750682831 -0.920827329158783 0.02022835798561573 -0.6523901224136353 -0.8526477217674255 -0.35213059186935425 0.38599973917007446 -2.5376672744750977
-0.3483019769191742 -0.16755712032318115 -0.9222853183746338 0.1668342649936676 0.38947057723999023 -0.9208170771598816 0.020206404849886894 -0.6523934006690979 -0.8526419401168823 -0.3521650731563568 0.38598114252090454 -2.5376784801483154
-0.3482583165168762 -0.16751214861869812 -0.922309935092926 0.1668510138988495 0.38948366045951843 -0.9208123087882996 0.020173603668808937 -0.6523246169090271 -0.8526538014411926 -0.3521990478038788 0.38592395186424255 -2.537655830383301
-0.3482988178730011 -0.16753850877285004 -0.9222899079322815 0.16685934364795685 0.3894857168197632 -0.9208112359046936 0.02018226869404316 -0.6523599028587341 -0.8526362776756287 -0.352189302444458 0.3859714865684509 -2.5377328395843506
-0.34828996658325195 -0.16754896938800812 -0.9222913384437561 0.1668226569890976 0.3895018696784973 -0.9208042621612549 0.020189061760902405 -0.6523602604866028 -0.8526325225830078 -0.35220256447792053 0.3859676718711853 -2.5376973152160645
-0.34828367829322815 -0.16753754019737244 -0.9222957491874695 0.16683301329612732 0.38952627778053284 -0.9207943677902222 0.020169204100966454 -0.6523369550704956 -0.8526239395141602 -0.3522338569164276 0.38595807552337646 -2.537693977355957
-0.34827518463134766 -0.1675485223531723 -0.9222970008850098 0.16681739687919617 0.38953062891960144 -0.9207922220230103 0.020181700587272644 -0.65233314037323 -0.8526254296302795 -0.3522341549396515 0.38595452904701233 -2.537663221359253
-0.34836310148239136 -0.16756683588027954 -0.9222604632377625 0.16679909825325012 0.38958144187927246 -0.9207716584205627 0.020140696316957474 -0.6523796916007996 -0.8525663018226624 -0.35227930545806885 0.3860439658164978 -2.537653684616089
-0.34831082820892334 -0.16756048798561096 -0.9222813248634338 0.166795551776886 0.3895772099494934 -0.9207730889320374 0.02015785127878189 -0.6523827314376831 -0.8525896072387695 -0.35227862000465393 0.3859931230545044 -2.5376644134521484
-0.3483407199382782 -0.16753236949443817 -0.922275185585022 0.16675971448421478 0.3896084427833557 -0.9207610487937927 0.02010330930352211 -0.6523235440254211 -0.8525630831718445 -0.35232341289520264 0.3860107362270355 -2.5376105308532715
-0.34818294644355774 -0.1675489842891693 -0.9223317503929138 0.1668153554201126 0.38961121439933777 -0.9207581281661987 0.02018371783196926 -0.6522976756095886 -0.8526262640953064 -0.35232317447662354 0.38587138056755066 -2.537640333175659
-0.3482324481010437 -0.16756948828697205 -0.9223092794418335 0.16682352125644684 0.3895927965641022 -0.9207656979560852 0.020192114636301994 -0.652318000793457 -0.8526144623756409 -0.3522935211658478 0.3859245181083679 -2.5375940799713135
-0.34821397066116333 -0.16760633885860443 -0.9223095774650574 0.16682252287864685 0.38959890604019165 -0.9207622408866882 0.020233768969774246 -0.652337372303009 -0.8526192307472229 -0.35228514671325684 0.3859216570854187 -2.5375397205352783
-0.34823405742645264 -0.16760414838790894 -0.9223024249076843 0.16682183742523193 0.38965922594070435 -0.9207375049591064 0.02019597217440605 -0.6523395776748657 -0.8525834679603577 -0.35235074162483215 0.3859408497810364 -2.537569284439087
-0.348251074552536 -0.16760693490505219 -0.9222954511642456 0.1668248176574707 0.38966092467308044 -0.9207369089126587 0.020190970972180367 -0.6523519158363342 -0.8525757193565369 -0.35235098004341125 0.38595765829086304 -2.537538528442383
-0.34828680753707886 -0.16766822338104248 -0.9222708344459534 0.1668229103088379 0.3897210955619812 -0.9207110404968262 0.02021016925573349 -0.6523293852806091 -0.8525336384773254 -0.35238948464393616 0.38601550459861755 -2.5375096797943115
-0.34827688336372375 -0.16762632131576538 -0.9222822189331055 0.16682931780815125 0.3896920084953308 -0.9207238554954529 0.02018561027944088 -0.6523086428642273 -0.8525509834289551 -0.3523758351802826 0.38598963618278503 -2.5375125408172607
-0.3482169806957245 -0.1676502674818039 -0.9223004579544067 0.1668112874031067 0.38968798518180847 -0.9207244515419006 0.020236052572727203 -0.6523195505142212 -0.852577269077301 -0.35236290097236633 0.38594335317611694 -2.537541151046753
-0.34820690751075745 -0.16767257452011108 -0.9223002195358276 0.16681432723999023 0.3896636664867401 -0.9207339286804199 0.0202734787017107 -0.6523290276527405 -0.8525925278663635 -0.3523275554180145 0.3859419822692871 -2.537498950958252
-0.34821686148643494 -0.1677638292312622 -0.9222798943519592 0.1668347418308258 0.3897360861301422 -0.9207020998001099 0.020327692851424217 -0.6523557305335999 -0.8525553345680237 -0.3523673117160797 0.3859877586364746 -2.5375454425811768
-0.3482716381549835 -0.1677246391773224 -0.9222663044929504 0.16679498553276062 0.3897463381290436 -0.9206992387771606 0.020261330530047417 -0.6523781418800354 -0.8525282740592957 -0.3523934781551361 0.3860236406326294 -2.537489414215088
-0.3482561707496643 -0.16783516108989716 -0.9222520589828491 0.16679589450359344 0.389727920293808 -0.9207042455673218 0.020386384800076485 -0.6523498296737671 -0.8525430560112 -0.35232770442962646 0.38605114817619324 -2.537557363510132
-0.3482627868652344 -0.16780589520931244 -0.9222548604011536 0.16679516434669495 0.3896773159503937 -0.9207258820533752 0.02037733979523182 -0.652348518371582 -0.8525634407997131 -0.35228514671325684 0.38604485988616943 -2.537564277648926
-0.3482219874858856 -0.1677861362695694 -0.9222738742828369 0.1668141931295395 0.3897346556186676 -0.9207022190093994 0.020348481833934784 -0.6523656845092773 -0.8525539040565491 -0.35235634446144104 0.38600099086761475 -2.5375077724456787
-0.34821996092796326 -0.16777867078781128 -0.9222760200500488 0.16679233312606812 0.38971367478370667 -0.9207110404968262 0.020351378247141838 -0.6523402333259583 -0.8525643348693848 -0.3523368239402771 0.3859957754611969 -2.537475109100342
-0.3481968343257904 -0.1676984578371048 -0.922299325466156 0.1667603701353073 0.3896937668323517 -0.9207208156585693 0.02028985694050789 -0.6523445248603821 -0.8525828719139099 -0.3523494303226471 0.38594329357147217 -2.5374319553375244
-0.34808188676834106 -0.16773658990859985 -0.9223358035087585 0.1667948216199875 0.3897083103656769 -0.920712947845459 0.020368756726384163 -0.6523637771606445 -0.8526231646537781 -0.35235193371772766 0.38585197925567627 -2.5374596118927
-0.34811604022979736 -0.167669877409935 -0.9223350286483765 0.16680051386356354 0.3896559774875641 -0.9207363724708557 0.0203117486089468 -0.6523282527923584 -0.8526331186294556 -0.352322518825531 0.3858568072319031 -2.537492275238037
-0.34811362624168396 -0.16773492097854614 -0.9223241209983826 0.16680407524108887 0.3896818459033966 -0.9207242131233215 0.02036597765982151 -0.652327299118042 -0.8526223301887512 -0.3523232936859131 0.3858800530433655 -2.5375077724456787
-0.3481157720088959 -0.16774210333824158 -0.9223219752311707 0.1668100357055664 0.3896699845790863 -0.9207289814949036 0.02037762850522995 -0.6523229479789734 -0.8526268601417542 -0.35230743885040283 0.38588449358940125 -2.5374808311462402
-0.3481244742870331 -0.16771498322486877 -0.9223236441612244 0.16681869328022003 0.38963133096694946 -0.9207456111907959 0.020364446565508842 -0.6523348689079285 -0.8526409864425659 -0.35227683186531067 0.3858812749385834 -2.5375216007232666
-0.3480980098247528 -0.167653426527977 -0.9223448038101196 0.16683800518512726 0.3896538019180298 -0.9207374453544617 0.020303741097450256 -0.6523390412330627 -0.8526414632797241 -0.35232749581336975 0.38583382964134216 -2.5374927520751953
-0.34810540080070496 -0.16774630546569824 -0.9223251342773438 0.1668669730424881 0.38965433835983276 -0.920735239982605 0.02039317972958088 -0.6523652672767639 -0.8526382446289062 -0.35228902101516724 0.3858761489391327 -2.5375640392303467
-0.3481069505214691 -0.16772298514842987 -0.922328770160675 0.16687625646591187 0.38965415954589844 -0.9207358360290527 0.020369336009025574 -0.6523779630661011 -0.8526377081871033 -0.3522985577583313 0.3858686685562134 -2.5375359058380127
-0.34810006618499756 -0.16770632565021515 -0.9223344326019287 0.16684027016162872 0.3897072672843933 -0.9207141995429993 0.020331501960754395 -0.6523317098617554 -0.8526161909103394 -0.35236304998397827 0.3858572244644165 -2.53745698928833
-0.34812262654304504 -0.16774946451187134 -0.9223180413246155 0.16685733199119568 0.3897008001804352 -0.9207161068916321 0.020368199795484543 -0.652332067489624 -0.8526099920272827 -0.35233747959136963 0.3858943581581116 -2.537458658218384
-0.34806859493255615 -0.16778229176998138 -0.9223324656486511 0.16684675216674805 0.3896632492542267 -0.9207304120063782 0.020440248772501945 -0.6523561477661133 -0.8526492118835449 -0.3522844910621643 0.38585609197616577 -2.537484884262085
-0.3481079041957855 -0.16780075430870056 -0.9223142862319946 0.16682016849517822 0.3896312713623047 -0.9207435846328735 0.0204569511115551 -0.6523730754852295 -0.8526477813720703 -0.35224127769470215 0.3858987092971802 -2.5375335216522217
-0.3481598496437073 -0.16775445640087128 -0.9223030805587769 0.16680291295051575 0.38956916332244873 -0.9207707643508911 0.020417412742972374 -0.65235435962677 -0.8526549339294434 -0.35219234228134155 0.3859275281429291 -2.5375332832336426
-0.3481864929199219 -0.16776293516159058 -0.9222915172576904 0.1667623668909073 0.3895558714866638 -0.9207763075828552 0.020420894026756287 -0.652313768863678 -0.8526501059532166 -0.3521738052368164 0.3859550654888153 -2.5374975204467773
-0.34824639558792114 -0.16773131489753723 -0.922274649143219 0.16678154468536377 0.3895440697669983 -0.9207823872566223 0.02036997862160206 -0.6522976756095886 -0.8526310324668884 -0.3521728515625 0.38599804043769836 -2.5374937057495117
-0.34820377826690674 -0.16773231327533722 -0.922290563583374 0.1667647808790207 0.38948583602905273 -0.9208060503005981 0.02041490562260151 -0.6523034572601318 -0.8526750802993774 -0.3521105647087097 0.38595765829086304 -2.5375399589538574
-0.34817302227020264 -0.16772998869419098 -0.9223025441169739 0.16680023074150085 0.38945549726486206 -0.9208183288574219 0.020438995212316513 -0.6522939205169678 -0.8527014851570129 -0.3520795404911041 0.38592764735221863 -2.5375356674194336
-0.34826409816741943 -0.1677698940038681 -0.9222609400749207 0.1667950451374054 0.3894539773464203 -0.9208189249038696 0.020441988483071327 -0.652325451374054 -0.8526649475097656 -0.3520589768886566 0.3860269784927368 -2.5375540256500244
-0.3482327163219452 -0.16780193150043488 -0.922266960144043 0.16680942475795746 0.3895159065723419 -0.9207923412322998 0.020458875223994255 -0.6523280739784241 -0.8526495099067688 -0.3521132171154022 0.38601168990135193 -2.537569522857666
-0.34821686148643494 -0.16777002811431885 -0.9222787618637085 0.16683350503444672 0.3895260691642761 -0.9207887053489685 0.020428961142897606 -0.6523212194442749 -0.8526513576507568 -0.3521379232406616 0.3859851062297821 -2.537541627883911
-0.3483356237411499 -0.1677904576063156 -0.9222301840782166 0.16683365404605865 0.3895787000656128 -0.920767605304718 0.020376546308398247 -0.6523066759109497 -0.8525787591934204 -0.35218337178230286 0.38610392808914185 -2.5375354290008545
-0.348303884267807 -0.1677338033914566 -0.9222524762153625 0.16687344014644623 0.389592707157135 -0.9207627773284912 0.020326731726527214 -0.6522998809814453 -0.8525853157043457 -0.3522229790687561 0.38605329394340515 -2.5375449657440186
-0.34832629561424255 -0.16771450638771057 -0.9222475290298462 0.16681437194347382 0.3895895481109619 -0.9207647442817688 0.020299650728702545 -0.6523224711418152 -0.8525776267051697 -0.352227121591568 0.3860665559768677 -2.5375988483428955
-0.3483828008174896 -0.16769088804721832 -0.9222304821014404 0.1668645739555359 0.3895746171474457 -0.9207719564437866 0.02025952935218811 -0.6522789001464844 -0.852561354637146 -0.35221952199935913 0.3861093819141388 -2.5376570224761963
-0.34837809205055237 -0.16766944527626038 -0.9222361445426941 0.16684865951538086 0.3895232081413269 -0.9207935929298401 0.020263342186808586 -0.6522464156150818 -0.8525868058204651 -0.3521730899810791 0.3860956132411957 -2.5376381874084473
-0.3483388125896454 -0.16764743626117706 -0.9222549796104431 0.16679207980632782 0.38955992460250854 -0.9207785725593567 0.02024093084037304 -0.6522955298423767 -0.852586030960083 -0.35222291946411133 0.38605180382728577 -2.5375163555145264
-0.34828126430511475 -0.1676691174507141 -0.922272801399231 0.16678839921951294 0.38950127363204956 -0.9208017587661743 0.020312877371907234 -0.6523354053497314 -0.8526363372802734 -0.3521518409252167 0.3860054910182953 -2.537534236907959
-0.3482944071292877 -0.16763579845428467 -0.9222738742828369 0.16678482294082642 0.389458030462265 -0.9208204746246338 0.020293764770030975 -0.6523370742797852 -0.8526507616043091 -0.3521187901496887 0.38600388169288635 -2.537538766860962
-0.3482825458049774 -0.16768285632133484 -0.9222697615623474 0.16678936779499054 0.3894907832145691 -0.920805811882019 0.020330822095274925 -0.6523905992507935 -0.8526406288146973 -0.35213473439216614 0.38601168990135193 -2.5375404357910156
-0.34833696484565735 -0.16762582957744598 -0.9222596287727356 0.16679421067237854 0.389506459236145 -0.9208011031150818 0.020244333893060684 -0.6523551940917969 -0.852611243724823 -0.35217422246932983 0.3860405683517456 -2.5374817848205566
-0.34832558035850525 -0.16765521466732025 -0.9222585558891296 0.16680313646793365 0.38948938250541687 -0.920807421207428 0.02028610371053219 -0.6523205041885376 -0.852623701095581 -0.3521437644958496 0.3860408663749695 -2.537489414215088
-0.34826332330703735 -0.16767646372318268 -0.9222782254219055 0.1668318212032318 0.3894462585449219 -0.9208241701126099 0.02035251073539257 -0.6523380875587463 -0.852668821811676 -0.3520897924900055 0.3859904408454895 -2.537527084350586
-0.3482281565666199 -0.1676555722951889 -0.9222952723503113 0.16680635511875153 0.3894471228122711 -0.9208239316940308 0.020345764234662056 -0.652319610118866 -0.8526827692985535 -0.35210031270980835 0.385949969291687 -2.5375211238861084
-0.34827131032943726 -0.1676936149597168 -0.9222720861434937 0.1668114960193634 0.3895297348499298 -0.920789361000061 0.020328544080257416 -0.6522719264030457 -0.8526273965835571 -0.3521725833415985 0.38600635528564453 -2.537477970123291
-0.34826502203941345 -0.1676681786775589 -0.9222790598869324 0.16678741574287415 0.38951924443244934 -0.9207942485809326 0.020310500636696815 -0.6522745490074158 -0.8526347875595093 -0.35217201709747314 0.38599058985710144 -2.5374248027801514
-0.34827011823654175 -0.16771546006202698 -0.9222685694694519 0.16678309440612793 0.3895558714866638 -0.9207780957221985 0.020339032635092735 -0.6522441506385803 -0.8526159524917603 -0.35219165682792664 0.3860141932964325 -2.5374059677124023
-0.34832683205604553 -0.16762025654315948 -0.9222644567489624 0.16679926216602325 0.38952407240867615 -0.9207938313484192 0.020234983414411545 -0.6522250175476074 -0.8526073098182678 -0.3521958291530609 0.3860294818878174 -2.537388324737549
-0.34823861718177795 -0.16771046817302704 -0.9222813248634338 0.16681250929832458 0.38960370421409607 -0.9207581877708435 0.020325375720858574 -0.6522363424301147 -0.8526069521903992 -0.3522461950778961 0.3859843313694 -2.537437677383423
-0.3482043147087097 -0.16760066151618958 -0.9223142862319946 0.1667589396238327 0.38957518339157104 -0.9207720756530762 0.020242810249328613 -0.6522668600082397 -0.8526340126991272 -0.35226213932037354 0.3859100341796875 -2.537337064743042
-0.3482571542263031 -0.16762876510620117 -0.9222891926765442 0.1667856127023697 0.3895246982574463 -0.9207927584648132 0.02027193270623684 -0.652319073677063 -0.8526355028152466 -0.352194607257843 0.3859683573246002 -2.5374562740325928
-0.348239004611969 -0.16759513318538666 -0.9223021864891052 0.16679413616657257 0.38950860500335693 -0.920799970626831 0.020253118127584457 -0.6523133516311646 -0.8526502847671509 -0.3521917462348938 0.3859383761882782 -2.5374345779418945
-0.34820953011512756 -0.167602077126503 -0.9223120212554932 0.16681702435016632 0.3895193636417389 -0.9207951426506042 0.02026733197271824 -0.6522902846336365 -0.8526573777198792 -0.3522011339664459 0.38591405749320984 -2.5374441146850586
-0.34819331765174866 -0.1676127314567566 -0.9223162531852722 0.1668025404214859 0.3895338177680969 -0.9207887649536133 0.02027811110019684 -0.652289628982544 -0.8526573777198792 -0.35221266746520996 0.3859034776687622 -2.5374138355255127
-0.34819069504737854 -0.1676405519247055 -0.9223121404647827 0.16680675745010376 0.38956090807914734 -0.9207769632339478 0.020294716581702232 -0.6522868871688843 -0.8526461124420166 -0.35223034024238586 0.38591232895851135 -2.53743577003479
-0.3482019603252411 -0.16765108704566956 -0.9223060011863708 0.16681882739067078 0.38957709074020386 -0.9207701086997986 0.020293258130550385 -0.6522786021232605 -0.8526341319084167 -0.3522431552410126 0.38592714071273804 -2.537454605102539
-0.3483063876628876 -0.16768299043178558 -0.9222607612609863 0.16679510474205017 0.38953879475593567 -0.9207862019538879 0.020299378782510757 -0.6522998809814453 -0.8526089191436768 -0.3521859645843506 0.38603490591049194 -2.5374701023101807
-0.3482663333415985 -0.16765747964382172 -0.922280490398407 0.16678790748119354 0.38950687646865845 -0.9207996129989624 0.020304882898926735 -0.6523172855377197 -0.85263991355896 -0.3521631062030792 0.38598740100860596 -2.5375516414642334
-0.34826207160949707 -0.1677142083644867 -0.9222718477249146 0.1668003350496292 0.38950467109680176 -0.920799195766449 0.02036426216363907 -0.6523281931877136 -0.8526426553726196 -0.35213711857795715 0.38600507378578186 -2.5375263690948486
-0.3482927083969116 -0.1677052527666092 -0.9222618937492371 0.16680218279361725 0.3895922005176544 -0.9207635521888733 0.020303072407841682 -0.6522719860076904 -0.8525901436805725 -0.3522346317768097 0.3860320448875427 -2.537466526031494
-0.34830859303474426 -0.16771931946277618 -0.9222533106803894 0.16681717336177826 0.3895761966705322 -0.920769989490509 0.020317813381552696 -0.6523082852363586 -0.8525909781455994 -0.3522110879421234 0.3860517144203186 -2.5373916625976562
-0.34832796454429626 -0.16776145994663239 -0.9222383499145508 0.1668209284543991 0.3895333409309387 -0.9207869172096252 0.02037130668759346 -0.6523393988609314 -0.8526026606559753 -0.3521466851234436 0.3860846757888794 -2.5374763011932373
-0.3483368158340454 -0.1677454262971878 -0.9222379326820374 0.16680607199668884 0.3895610570907593 -0.9207758903503418 0.020339082926511765 -0.6523453593254089 -0.8525863289833069 -0.35218316316604614 0.3860873878002167 -2.5374505519866943
-0.3483825623989105 -0.16777129471302032 -0.9222159385681152 0.16680100560188293 0.38948801159858704 -0.9208059310913086 0.02037913352251053 -0.6523609757423401 -0.8526010513305664 -0.35209232568740845 0.38613778352737427 -2.537510633468628
-0.3483610153198242 -0.16774123907089233 -0.922229528427124 0.16681671142578125 0.389460027217865 -0.9208179712295532 0.02037067711353302 -0.6523280739784241 -0.8526226282119751 -0.3520751893520355 0.3861057460308075 -2.5375497341156006
-0.34836700558662415 -0.16770052909851074 -0.9222346544265747 0.16680032014846802 0.38946056365966797 -0.9208186864852905 0.02032732404768467 -0.6522842049598694 -0.8526199460029602 -0.3520926833152771 0.3860957622528076 -2.5374865531921387
-0.34836795926094055 -0.1677340567111969 -0.922228217124939 0.16680888831615448 0.3894297778606415 -0.9208306670188904 0.02037433721125126 -0.6522711515426636 -0.8526335954666138 -0.3520453870296478 0.3861086964607239 -2.537498712539673
-0.3483904302120209 -0.1677398383617401 -0.9222186803817749 0.16680505871772766 0.3895457088947296 -0.9207828640937805 0.020318351686000824 -0.6522462964057922 -0.852571427822113 -0.35216760635375977 0.38613444566726685 -2.537418842315674
-0.34843558073043823 -0.16765527427196503 -0.9222170114517212 0.16679930686950684 0.3895170986652374 -0.9207969307899475 0.02022823877632618 -0.6522274613380432 -0.8525660634040833 -0.35217106342315674 0.38614317774772644 -2.5374178886413574
-0.3485240638256073 -0.16756467521190643 -0.9222000241279602 0.16678717732429504 0.3895064890384674 -0.9208041429519653 0.020106099545955658 -0.6522617936134338 -0.8525347709655762 -0.3521954417228699 0.3861900866031647 -2.537470579147339
-0.34854626655578613 -0.16753441095352173 -0.9221971035003662 0.16679413616657257 0.3895033597946167 -0.9208062291145325 0.020068133249878883 -0.6522559523582458 -0.8525270819664001 -0.35220423340797424 0.3861989676952362 -2.5374834537506104
-0.34846681356430054 -0.1675349622964859 -0.9222270846366882 0.16682368516921997 0.3895387649536133 -0.9207909107208252 0.02008543349802494 -0.6522582769393921 -0.8525434136390686 -0.352244108915329 0.3861266076564789 -2.537397861480713
-0.34845367074012756 -0.16750477254390717 -0.9222375154495239 0.1667996346950531 0.3894958198070526 -0.9208092093467712 0.020080160349607468 -0.6522776484489441 -0.8525683879852295 -0.35221067070961 0.38610193133354187 -2.537431240081787
-0.348446786403656 -0.16747818887233734 -0.9222449660301208 0.1668047159910202 0.3894868791103363 -0.9208133816719055 0.020060494542121887 -0.6522756218910217 -0.8525753021240234 -0.3522123098373413 0.38608518242836 -2.537402868270874
-0.3483981788158417 -0.1675853580236435 -0.9222438335418701 0.16682760417461395 0.3895248472690582 -0.9207949638366699 0.02017034776508808 -0.6522589325904846 -0.852577805519104 -0.35220959782600403 0.38608211278915405 -2.5373940467834473
-0.3483870029449463 -0.16758407652378082 -0.9222483038902283 0.16680899262428284 0.38950544595718384 -0.920802891254425 0.020182475447654724 -0.6522811055183411 -0.8525912761688232 -0.35218945145606995 0.3860708177089691 -2.5373384952545166
-0.3483120799064636 -0.16760461032390594 -0.9222728610038757 0.16678889095783234 0.38953691720962524 -0.9207887649536133 0.02021963894367218 -0.6522998809814453 -0.8526074886322021 -0.35221660137176514 0.38601016998291016 -2.537372589111328
-0.34831368923187256 -0.16759471595287323 -0.9222740530967712 0.16678859293460846 0.3895297944545746 -0.9207919239997864 0.020212307572364807 -0.652320146560669 -0.8526100516319275 -0.3522130250930786 0.38600775599479675 -2.537343740463257
-0.3482871353626251 -0.16764026880264282 -0.9222757816314697 0.16678622364997864 0.38956013321876526 -0.9207781553268433 0.020255012437701225 -0.6522908210754395 -0.8526070713996887 -0.3522273600101471 0.3860012888908386 -2.5373215675354004
-0.34833720326423645 -0.16761523485183716 -0.9222614169120789 0.16680024564266205 0.38954731822013855 -0.9207844734191895 0.020215153694152832 -0.6522747278213501 -0.8525924682617188 -0.3522228002548218 0.3860377073287964 -2.5373167991638184
-0.34824731945991516 -0.16758780181407928 -0.9223003387451172 0.1668035387992859 0.3895338773727417 -0.9207897782325745 0.020230930298566818 -0.6522783041000366 -0.8526353240013123 -0.35222190618515015 0.38594385981559753 -2.5373337268829346
-0.348220556974411 -0.16753612458705902 -0.9223198890686035 0.16676488518714905 0.38951390981674194 -0.9207989573478699 0.02019941247999668 -0.6522927284240723 -0.8526553511619568 -0.35222259163856506 0.3858989179134369 -2.537264823913574
-0.3482058346271515 -0.16754142940044403 -0.9223244786262512 0.16676902770996094 0.3894754648208618 -0.920814573764801 0.020228186622262 -0.652296781539917 -0.8526789546012878 -0.3521791994571686 0.38588643074035645 -2.5372653007507324
-0.3482089936733246 -0.16754095256328583 -0.9223233461380005 0.1667884886264801 0.3894919157028198 -0.9208077788352966 0.02021896280348301 -0.6522625088691711 -0.8526701331138611 -0.3521970808506012 0.38588955998420715 -2.53729248046875
-0.34821617603302 -0.16753745079040527 -0.9223212599754333 0.1668049842119217 0.3894398510456085 -0.9208294153213501 0.0202360600233078 -0.6522538065910339 -0.8526909947395325 -0.3521421551704407 0.38589364290237427 -2.5372724533081055
-0.3482723832130432 -0.16757677495479584 -0.9222928881645203 0.1668301820755005 0.3895001709461212 -0.9208042025566101 0.020224854350090027 -0.65223228931427 -0.8526405096054077 -0.35218948125839233 0.38596200942993164 -2.537256956100464
-0.3482861816883087 -0.16757066547870636 -0.9222887754440308 0.16681386530399323 0.38949960470199585 -0.9208046793937683 0.02021331712603569 -0.6522855162620544 -0.8526350855827332 -0.35219112038612366 0.38597241044044495 -2.5372889041900635
-0.34827205538749695 -0.16759023070335388 -0.922290563583374 0.16681399941444397 0.3894616663455963 -0.9208198189735413 0.02025584504008293 -0.6522665619850159 -0.852658212184906 -0.3521423041820526 0.3859659433364868 -2.537320375442505
-0.3482542634010315 -0.1676061451435089 -0.9222944378852844 0.1667935997247696 0.3895607590675354 -0.9207783341407776 0.020234214141964912 -0.6522747278213501 -0.8526201844215393 -0.3522430956363678 0.3859579265117645 -2.5373291969299316
-0.34829849004745483 -0.16755756735801697 -0.9222865104675293 0.16677245497703552 0.38952675461769104 -0.9207938313484192 0.02018285170197487 -0.6522768139839172 -0.8526176810264587 -0.352225661277771 0.38597944378852844 -2.537290334701538
-0.3483167886734009 -0.16761276125907898 -0.9222695827484131 0.16682085394859314 0.3895866572856903 -0.9207680821418762 0.020203299820423126 -0.6522693037986755 -0.8525828123092651 -0.352266788482666 0.386018842458725 -2.53730845451355
-0.348288357257843 -0.16755706071853638 -0.9222904443740845 0.16680195927619934 0.3895777761936188 -0.9207726716995239 0.020163454115390778 -0.6522823572158813 -0.8525984883308411 -0.3522811830043793 0.3859710693359375 -2.537264108657837
-0.34831202030181885 -0.16759714484214783 -0.9222742319107056 0.16680370271205902 0.3895776867866516 -0.9207720756530762 0.02019372396171093 -0.6522815227508545 -0.8525888919830322 -0.35226377844810486 0.38600826263427734 -2.537264585494995
-0.3482958972454071 -0.16762858629226685 -0.9222745895385742 0.16683350503444672 0.3896132707595825 -0.9207565188407898 0.020215677097439766 -0.6522821187973022 -0.8525792360305786 -0.3522894084453583 0.3860062062740326 -2.5372421741485596
-0.34827813506126404 -0.16767406463623047 -0.9222730398178101 0.1668637990951538 0.3896512985229492 -0.9207396507263184 0.02025117166340351 -0.6522599458694458 -0.8525691032409668 -0.3523118793964386 0.386008083820343 -2.537205219268799
-0.3483072519302368 -0.16759783029556274 -0.9222759008407593 0.16685809195041656 0.38964006304740906 -0.9207462072372437 0.020168133080005646 -0.6522138118743896 -0.8525623083114624 -0.3523309528827667 0.38600558042526245 -2.53721284866333
-0.34827232360839844 -0.16766585409641266 -0.9222767353057861 0.16685158014297485 0.3897199034690857 -0.9207114577293396 0.020214321091771126 -0.6521992087364197 -0.8525400757789612 -0.35238954424858093 0.38600119948387146 -2.5372042655944824
-0.348315954208374 -0.16758549213409424 -0.9222748875617981 0.16674864292144775 0.38968193531036377 -0.9207292795181274 0.020133281126618385 -0.6522367596626282 -0.8525396585464478 -0.3523811399936676 0.38600990176200867 -2.5371177196502686
-0.34840157628059387 -0.1676318347454071 -0.9222341179847717 0.1667626053094864 0.38971081376075745 -0.9207171201705933 0.020131144672632217 -0.6522397398948669 -0.8524914383888245 -0.3523908853530884 0.3861073851585388 -2.5371310710906982
-0.3484889566898346 -0.1676238626241684 -0.9222025275230408 0.16676269471645355 0.3896162211894989 -0.9207571744918823 0.02012997679412365 -0.652253270149231 -0.8524989485740662 -0.35229000449180603 0.38618284463882446 -2.5372562408447266
-0.3484504818916321 -0.16761238873004913 -0.9222191572189331 0.16672967374324799 0.3896852135658264 -0.9207285642623901 0.02010314352810383 -0.652252197265625 -0.8524831533432007 -0.3523702323436737 0.3861445486545563 -2.5372025966644287
-0.3484884202480316 -0.1676524579524994 -0.9221975207328796 0.16673661768436432 0.3896681070327759 -0.9207351207733154 0.02013523504137993 -0.6522936820983887 -0.8524754643440247 -0.35233408212661743 0.38619449734687805 -2.5373032093048096
-0.3485493063926697 -0.16760481894016266 -0.9221832156181335 0.16674405336380005 0.3896924555301666 -0.9207265973091125 0.020051514729857445 -0.6522243022918701 -0.8524394631385803 -0.3523789048194885 0.3862330913543701 -2.53731632232666
-0.34855976700782776 -0.16759441792964935 -0.9221811294555664 0.1667511761188507 0.3896775245666504 -0.9207330942153931 0.020043570548295975 -0.6522452235221863 -0.8524419665336609 -0.3523668944835663 0.3862384557723999 -2.5372562408447266
-0.34849539399147034 -0.1676066517829895 -0.9222032427787781 0.16676576435565948 0.38968172669410706 -0.9207305312156677 0.020080456510186195 -0.6522009372711182 -0.8524664044380188 -0.3523678183555603 0.3861837685108185 -2.5371618270874023
-0.3484576940536499 -0.16766618192195892 -0.9222066402435303 0.1668347418308258 0.3897289037704468 -0.9207093715667725 0.020134061574935913 -0.6521881222724915 -0.8524602055549622 -0.3523947298526764 0.3861728012561798 -2.5371594429016113
-0.34845760464668274 -0.16765175759792328 -0.9222093224525452 0.16682423651218414 0.389690101146698 -0.9207257628440857 0.02013729326426983 -0.6521742343902588 -0.85247802734375 -0.352358877658844 0.3861662745475769 -2.537119150161743
-0.34854117035865784 -0.16758979856967926 -0.9221889972686768 0.16680064797401428 0.3896588981151581 -0.9207407236099243 0.020055081695318222 -0.6522010564804077 -0.852458119392395 -0.3523491322994232 0.3862190842628479 -2.5371646881103516
-0.3485095500946045 -0.16759128868579865 -0.9222006797790527 0.16676944494247437 0.38964951038360596 -0.9207442998886108 0.02007386088371277 -0.6522223353385925 -0.8524753451347351 -0.35233911871910095 0.3861902058124542 -2.5370872020721436
-0.34847715497016907 -0.1676434576511383 -0.9222034215927124 0.1668251007795334 0.3896960914134979 -0.9207236170768738 0.020118217915296555 -0.6522114872932434 -0.8524672985076904 -0.3523683547973633 0.3861812949180603 -2.537095069885254
-0.34846770763397217 -0.1676388680934906 -0.9222078323364258 0.16678616404533386 0.3896600902080536 -0.9207385182380676 0.02013385482132435 -0.6522253155708313 -0.8524876236915588 -0.35233160853385925 0.386169970035553 -2.537027359008789
-0.3484945297241211 -0.16763688623905182 -0.9221980571746826 0.16682025790214539 0.38966748118400574 -0.9207357168197632 0.02011745609343052 -0.6522285342216492 -0.852473258972168 -0.35233980417251587 0.3861941695213318 -2.5370264053344727
-0.3484238386154175 -0.16765859723091125 -0.9222208261489868 0.1667633354663849 0.38969096541404724 -0.9207249283790588 0.020157650113105774 -0.6522368788719177 -0.8524914383888245 -0.35235774517059326 0.3861377239227295 -2.5370280742645264
-0.3484395742416382 -0.16764190793037415 -0.9222179055213928 0.1667426973581314 0.389676958322525 -0.9207311868667603 0.020140832290053368 -0.6522136926651001 -0.8524913787841797 -0.35234925150871277 0.38614556193351746 -2.53711199760437
-0.34843710064888 -0.1676400750875473 -0.9222192168235779 0.16674965620040894 0.38965174555778503 -0.9207416772842407 0.02015146240592003 -0.6522493362426758 -0.8525039553642273 -0.3523228168487549 0.38614195585250854 -2.537174701690674
-0.34845203161239624 -0.16763649880886078 -0.9222142100334167 0.16675175726413727 0.3896324634552002 -0.920749843120575 0.020150471478700638 -0.6522523760795593 -0.8525066375732422 -0.3523031175136566 0.3861539363861084 -2.5371811389923096
-0.34843143820762634 -0.16763094067573547 -0.9222229719161987 0.1667870581150055 0.38966429233551025 -0.9207366108894348 0.020138995721936226 -0.652221143245697 -0.8525004982948303 -0.35234031081199646 0.3861335515975952 -2.5372748374938965
-0.34839487075805664 -0.16762636601924896 -0.9222376346588135 0.16674429178237915 0.3896554112434387 -0.9207400679588318 0.020153535529971123 -0.65217125415802 -0.8525195121765137 -0.35233351588249207 0.38609778881073 -2.537219524383545
-0.348367840051651 -0.16765262186527252 -0.922243058681488 0.1667698472738266 0.3896534740924835 -0.9207400679588318 0.020191794261336327 -0.6521950960159302 -0.8525314331054688 -0.352321058511734 0.38608279824256897 -2.5371503829956055
-0.34833693504333496 -0.16766636073589325 -0.9222522377967834 0.16676896810531616 0.38956281542778015 -0.920776903629303 0.020259302109479904 -0.6521986722946167 -0.85258549451828 -0.3522181212902069 0.3860573470592499 -2.5371625423431396
-0.34838593006134033 -0.16765795648097992 -0.9222352504730225 0.16676940023899078 0.38958078622817993 -0.9207701086997986 0.020222563296556473 -0.6521940231323242 -0.8525572419166565 -0.3522399067878723 0.38609984517097473 -2.5371665954589844
-0.3483453691005707 -0.1677531898021698 -0.9222332835197449 0.1668006330728531 0.38958823680877686 -0.9207645654678345 0.020330999046564102 -0.6522012948989868 -0.8525704145431519 -0.35220903158187866 0.3860988914966583 -2.5372154712677
-0.3483778238296509 -0.16776606440544128 -0.9222186803817749 0.16680897772312164 0.3895554542541504 -0.9207781553268433 0.020345307886600494 -0.6522029042243958 -0.8525721430778503 -0.3521674871444702 0.3861330449581146 -2.5372228622436523
-0.3483479917049408 -0.1677929162979126 -0.9222250580787659 0.16681461036205292 0.3896501362323761 -0.920738160610199 0.02034154161810875 -0.6521916389465332 -0.8525410890579224 -0.35225921869277954 0.38611799478530884 -2.5370752811431885
-0.3483118712902069 -0.1677635759115219 -0.9222440123558044 0.16681450605392456 0.3896138072013855 -0.9207534790039062 0.02034359984099865 -0.6521769165992737 -0.8525724411010742 -0.3522331118583679 0.3860725164413452 -2.5370404720306396
-0.3482774496078491 -0.16772082448005676 -0.922264814376831 0.16678358614444733 0.38968291878700256 -0.9207255840301514 0.020283838734030724 -0.6522045731544495 -0.8525549173355103 -0.35232648253440857 0.3860260546207428 -2.5369503498077393
-0.34827297925949097 -0.1677170991897583 -0.9222671985626221 0.1667904555797577 0.38966283202171326 -0.9207339286804199 0.020291045308113098 -0.6522043943405151 -0.8525659441947937 -0.35230642557144165 0.3860200047492981 -2.536933183670044
-0.34829673171043396 -0.167697474360466 -0.9222617745399475 0.16679614782333374 0.38956567645072937 -0.9207746982574463 0.020305663347244263 -0.6521779894828796 -0.852600634098053 -0.3522091507911682 0.3860321342945099 -2.5370006561279297
-0.34833115339279175 -0.16763770580291748 -0.9222596287727356 0.1667623072862625 0.3895314633846283 -0.920790433883667 0.020247286185622215 -0.652195394039154 -0.8526021838188171 -0.3521963953971863 0.3860403001308441 -2.537039279937744
-0.3483307957649231 -0.16765494644641876 -0.9222566485404968 0.16677959263324738 0.3895639479160309 -0.9207766652107239 0.020249929279088974 -0.652210533618927 -0.8525874614715576 -0.35222429037094116 0.38604736328125 -2.5369937419891357
-0.3482608497142792 -0.16770769655704498 -0.9222734570503235 0.16676825284957886 0.38959628343582153 -0.9207615256309509 0.020316798239946365 -0.652218222618103 -0.8526012897491455 -0.3522387742996216 0.38600364327430725 -2.537004232406616
-0.3483040928840637 -0.1677013635635376 -0.9222582578659058 0.16676777601242065 0.3895573616027832 -0.9207780957221985 0.02031024545431137 -0.6521953344345093 -0.8526014089584351 -0.35219839215278625 0.38604024052619934 -2.5369973182678223
-0.34834009408950806 -0.16758064925670624 -0.9222666621208191 0.1667380928993225 0.3895035982131958 -0.9208033084869385 0.020199233666062355 -0.6521494388580322 -0.852611243724823 -0.3521899878978729 0.38602614402770996 -2.536940574645996
-0.34825587272644043 -0.16764505207538605 -0.9222867488861084 0.1667695790529251 0.38951054215431213 -0.9207982420921326 0.020295124500989914 -0.6521700024604797 -0.8526424765586853 -0.35217252373695374 0.3859730660915375 -2.537003517150879
