# 3x4 first row second row third row Freq: 100 current Time: 2021-07-28-16:29:23
-0.48146161437034607 0.24497339129447937 -0.8415358662605286 0.21881698071956635 0.7007541656494141 -0.46910855174064636 -0.537476122379303 -0.5964261293411255 -0.5264390707015991 -0.8484839797019958 0.054191749542951584 -2.0415210723876953
-0.48147740960121155 0.24501219391822815 -0.8415154814720154 0.21883022785186768 0.7007054686546326 -0.4691460132598877 -0.5375069379806519 -0.5964003205299377 -0.5264894962310791 -0.8484520316123962 0.05420195311307907 -2.0415496826171875
-0.4814736545085907 0.24506276845932007 -0.8415029048919678 0.21882787346839905 0.7007020115852356 -0.46912309527397156 -0.5375313758850098 -0.5964011549949646 -0.526497483253479 -0.8484501242637634 0.05415455624461174 -2.0415611267089844
-0.4814756512641907 0.24501971900463104 -0.8415143489837646 0.218865767121315 0.700720489025116 -0.4691188335418701 -0.5375110507011414 -0.596403956413269 -0.5264711380004883 -0.8484649062156677 0.05417908728122711 -2.0415542125701904
-0.4814832806587219 0.24501949548721313 -0.841509997844696 0.21886199712753296 0.7007091045379639 -0.46912944316864014 -0.5375166535377502 -0.5964351296424866 -0.5264792442321777 -0.8484590649604797 0.05419072508811951 -2.041606903076172
-0.48150575160980225 0.24506482481956482 -0.8414839506149292 0.2188747078180313 0.7006640434265137 -0.46915000677108765 -0.5375574231147766 -0.5964298248291016 -0.526518702507019 -0.8484346270561218 0.054190438240766525 -2.0416131019592285
-0.48151490092277527 0.24504804611206055 -0.8414835929870605 0.21887937188148499 0.7006761431694031 -0.469131737947464 -0.5375575423240662 -0.5964043140411377 -0.5264942049980164 -0.8484495878219604 0.05419471487402916 -2.0415940284729004
-0.48147812485694885 0.24504339694976807 -0.8415060043334961 0.21887218952178955 0.7007035613059998 -0.4691283702850342 -0.5375247597694397 -0.5964239239692688 -0.5264913439750671 -0.8484528064727783 0.05417238548398018 -2.0415725708007812
-0.48147305846214294 0.24505478143692017 -0.8415055871009827 0.21884703636169434 0.7007023692131042 -0.469128280878067 -0.5375264286994934 -0.5964051485061646 -0.5264976024627686 -0.8484495282173157 0.05416228994727135 -2.041546106338501
-0.4814641773700714 0.2450663447380066 -0.8415073156356812 0.2188469022512436 0.7006672024726868 -0.4691866636276245 -0.5375213027000427 -0.5963475704193115 -0.5265524983406067 -0.8484139442443848 0.05418674647808075 -2.04158091545105
-0.4814659655094147 0.24503874778747559 -0.8415142893791199 0.21882306039333344 0.7006683349609375 -0.4692007005214691 -0.5375075936317444 -0.5963788032531738 -0.5265493988990784 -0.8484141230583191 0.05421341210603714 -2.041656017303467
-0.48141294717788696 0.24506627023220062 -0.8415366411209106 0.21882407367229462 0.7006596326828003 -0.4692516624927521 -0.5374744534492493 -0.596394956111908 -0.5266094207763672 -0.8483780026435852 0.05419590324163437 -2.0416371822357178
-0.48139360547065735 0.24511286616325378 -0.8415341377258301 0.2188272774219513 0.7006986141204834 -0.46917903423309326 -0.5374870300292969 -0.5963759422302246 -0.5265752077102661 -0.8484047055244446 0.054109662771224976 -2.0416371822357178
-0.4814189672470093 0.24506554007530212 -0.8415334224700928 0.21885964274406433 0.7006651163101196 -0.4692371189594269 -0.5374799966812134 -0.5964357256889343 -0.5265966057777405 -0.8483862280845642 0.05419090762734413 -2.0416371822357178
-0.48140761256217957 0.24511684477329254 -0.8415249586105347 0.21885478496551514 0.7006524205207825 -0.46923643350601196 -0.5374971032142639 -0.5964516401290894 -0.5266238451004028 -0.8483718037605286 0.05415239930152893 -2.0416274070739746
-0.4814029932022095 0.2450791299343109 -0.8415386080741882 0.21887125074863434 0.7006843090057373 -0.46921399235725403 -0.5374751687049866 -0.5964499115943909 -0.5265856981277466 -0.8483951091766357 0.0541580431163311 -2.041647434234619
-0.48133164644241333 0.24511931836605072 -0.8415676951408386 0.218832865357399 0.7007051110267639 -0.4692281484603882 -0.5374356508255005 -0.5964967608451843 -0.5266231894493103 -0.848375678062439 0.05409810319542885 -2.0416040420532227
-0.48132336139678955 0.24511972069740295 -0.8415722846984863 0.21885550022125244 0.7007503509521484 -0.46916356682777405 -0.5374330878257751 -0.5964863300323486 -0.5265706181526184 -0.8484112620353699 0.05405178293585777 -2.0416059494018555
-0.48138588666915894 0.24506565928459167 -0.8415523171424866 0.21888208389282227 0.700731098651886 -0.46916481852531433 -0.5374571084976196 -0.5964915156364441 -0.5265390872955322 -0.8484262228012085 0.05412430688738823 -2.041571855545044
-0.48136571049690247 0.24508412182331085 -0.8415584564208984 0.21887150406837463 0.700734555721283 -0.46916815638542175 -0.5374496579170227 -0.5964931845664978 -0.5265529155731201 -0.8484190106391907 0.054102666676044464 -2.0415706634521484
-0.48137447237968445 0.2450977861881256 -0.8415494561195374 0.21886609494686127 0.7007050514221191 -0.46919798851013184 -0.5374621152877808 -0.5964639782905579 -0.5265841484069824 -0.8483985662460327 0.0541188046336174 -2.041611433029175
-0.48142945766448975 0.2450483739376068 -0.8415324091911316 0.21883560717105865 0.700721800327301 -0.46914592385292053 -0.537485659122467 -0.5963988900184631 -0.526511549949646 -0.8484416604042053 0.054150041192770004 -2.0414929389953613
-0.481369286775589 0.2450229823589325 -0.8415742516517639 0.21885614097118378 0.7007546424865723 -0.4691711664199829 -0.5374208688735962 -0.5963698029518127 -0.5265228748321533 -0.8484350442886353 0.054143715649843216 -2.0414891242980957
-0.48140978813171387 0.24496857821941376 -0.8415669202804565 0.2188742309808731 0.7007580995559692 -0.4691586196422577 -0.5374272465705872 -0.5963791012763977 -0.5264812111854553 -0.8484576940536499 0.054193947464227676 -2.0415406227111816
-0.4814284145832062 0.24501053988933563 -0.8415440320968628 0.21889115869998932 0.7007153630256653 -0.4691815674304962 -0.5374630093574524 -0.5964049696922302 -0.5265211462974548 -0.8484328389167786 0.05419481173157692 -2.0414984226226807
-0.48145169019699097 0.24498045444488525 -0.8415394425392151 0.21888253092765808 0.7007262706756592 -0.46915921568870544 -0.5374682545661926 -0.59641432762146 -0.5264852643013 -0.848453938961029 0.05421337112784386 -2.0415196418762207
-0.48150962591171265 0.24495725333690643 -0.8415130972862244 0.2189045250415802 0.7007128000259399 -0.46913614869117737 -0.5375059843063354 -0.5964312553405762 -0.5264502763748169 -0.8484733700752258 0.05424901470541954 -2.0414533615112305
-0.48152047395706177 0.24495163559913635 -0.8415085077285767 0.21891342103481293 0.7007243037223816 -0.46910998225212097 -0.537513792514801 -0.5964270234107971 -0.5264250040054321 -0.8484894633293152 0.05424262583255768 -2.0414419174194336
-0.48151883482933044 0.2450203150510788 -0.8414894342422485 0.21891358494758606 0.7006991505622864 -0.46910837292671204 -0.5375480055809021 -0.5964440703392029 -0.5264599919319153 -0.8484705090522766 0.054199133068323135 -2.041444778442383
-0.4814835786819458 0.24517998099327087 -0.8414630889892578 0.21888303756713867 0.7006639838218689 -0.4690993130207062 -0.5376017689704895 -0.5964494943618774 -0.5265390276908875 -0.8484293818473816 0.0540749728679657 -2.0415074825286865
-0.4814392924308777 0.24517473578453064 -0.8414899706840515 0.2189107984304428 0.7006756067276001 -0.4691295027732849 -0.537560224533081 -0.5964539051055908 -0.5265640616416931 -0.8484141826629639 0.05406954139471054 -2.0415680408477783
-0.48147594928741455 0.2451857179403305 -0.8414657711982727 0.21888351440429688 0.7006626129150391 -0.4691057801246643 -0.5375979542732239 -0.5963862538337708 -0.5265478491783142 -0.8484241366386414 0.054070815443992615 -2.041574239730835
-0.48142173886299133 0.24525201320648193 -0.8414775133132935 0.2188105434179306 0.7007082104682922 -0.4690457284450531 -0.5375908613204956 -0.5964236855506897 -0.526536762714386 -0.8484382033348083 0.05395884066820145 -2.0414879322052
-0.4814048409461975 0.24525532126426697 -0.8414862155914307 0.21881605684757233 0.7006968855857849 -0.46907922625541687 -0.5375763773918152 -0.5964144468307495 -0.5265672206878662 -0.8484187126159668 0.053967490792274475 -2.0414681434631348
-0.4813835620880127 0.24524913728237152 -0.8415001630783081 0.2188088744878769 0.7007110118865967 -0.4690823256969452 -0.5375552773475647 -0.5964038372039795 -0.5265679359436035 -0.8484187722206116 0.05395988002419472 -2.041472911834717
-0.481393963098526 0.24521557986736298 -0.8415039777755737 0.21882611513137817 0.7006692290306091 -0.46916040778160095 -0.5375416278839111 -0.5964046716690063 -0.5266140103340149 -0.8483853340148926 0.05403609201312065 -2.0414915084838867
-0.48127999901771545 0.24524524807929993 -0.8415605425834656 0.2188173085451126 0.7007229328155518 -0.4691721796989441 -0.5374613404273987 -0.5964128375053406 -0.5266467332839966 -0.8483702540397644 0.0539543442428112 -2.0414962768554688
-0.4812900424003601 0.245256245136261 -0.8415516018867493 0.21881909668445587 0.7007010579109192 -0.4691900610923767 -0.5374742150306702 -0.596398115158081 -0.5266666412353516 -0.8483571410179138 0.05396532267332077 -2.0414888858795166
-0.4812651574611664 0.24521644413471222 -0.841577410697937 0.21890290081501007 0.7007623910903931 -0.4691423177719116 -0.5374359488487244 -0.5964251160621643 -0.5266078114509583 -0.848395049571991 0.05394352227449417 -2.0414905548095703
-0.48123377561569214 0.24524220824241638 -0.8415878415107727 0.2189142256975174 0.7007437944412231 -0.46918806433677673 -0.5374202132225037 -0.5964168906211853 -0.526661217212677 -0.8483623266220093 0.053937312215566635 -2.0414950847625732
-0.4812800884246826 0.2451513111591339 -0.8415878415107727 0.21891281008720398 0.700720489025116 -0.4692360460758209 -0.5374087691307068 -0.5964578986167908 -0.5266498923301697 -0.8483620882034302 0.054051533341407776 -2.0415537357330322
-0.48122459650039673 0.2452341616153717 -0.841595470905304 0.2188304364681244 0.7007395625114441 -0.4692094326019287 -0.5374071002006531 -0.5965136885643005 -0.5266751646995544 -0.84835284948349 0.05394995957612991 -2.0415167808532715
-0.4812675416469574 0.24524356424808502 -0.8415681719779968 0.2188136726617813 0.7006910443305969 -0.46923741698265076 -0.5374459028244019 -0.5965078473091125 -0.526700496673584 -0.8483346104621887 0.05398888885974884 -2.041525363922119
-0.4812202751636505 0.2452288568019867 -0.8415994644165039 0.21882322430610657 0.7007163166999817 -0.4692547917366028 -0.5373978614807129 -0.5965004563331604 -0.5267101526260376 -0.8483293056488037 0.05397918447852135 -2.041513204574585
-0.48126503825187683 0.24518246948719025 -0.8415873646736145 0.21888388693332672 0.7006865739822388 -0.4692862033843994 -0.5374091267585754 -0.5964949727058411 -0.5267087817192078 -0.8483253121376038 0.0540551021695137 -2.041609287261963
-0.4812615215778351 0.24521557986736298 -0.8415797352790833 0.21888405084609985 0.7006722092628479 -0.4692918062210083 -0.5374229550361633 -0.5964934229850769 -0.5267310738563538 -0.8483126163482666 0.054036471992731094 -2.0416183471679688
-0.4811955988407135 0.24526682496070862 -0.8416025042533875 0.21888495981693268 0.7006707191467285 -0.4693293571472168 -0.5373921990394592 -0.5964643955230713 -0.5267933011054993 -0.8482770323753357 0.05398805812001228 -2.0416839122772217
-0.48122525215148926 0.24528278410434723 -0.8415809273719788 0.21887658536434174 0.7007067799568176 -0.4692305624485016 -0.5374314188957214 -0.5964226126670837 -0.526718258857727 -0.848327100276947 0.053934406489133835 -2.041645050048828
-0.4813062846660614 0.2453160583972931 -0.8415248990058899 0.2188130021095276 0.7006676197052002 -0.4691890478134155 -0.5375187397003174 -0.5964874625205994 -0.5266963243484497 -0.8483404517173767 0.053938739001750946 -2.041614294052124
-0.4812477231025696 0.24537904560565948 -0.8415399789810181 0.2188180834054947 0.7007066011428833 -0.469146192073822 -0.5375052690505981 -0.5964522361755371 -0.5266978740692139 -0.848345935344696 0.05383692681789398 -2.041579008102417
-0.4812832474708557 0.24538587033748627 -0.8415176868438721 0.21884669363498688 0.7007184028625488 -0.46908634901046753 -0.5375421643257141 -0.5964483022689819 -0.5266498327255249 -0.8483770489692688 0.053817134350538254 -2.04158878326416
-0.4812973737716675 0.24542896449565887 -0.8414970636367798 0.21884748339653015 0.7006725072860718 -0.4691182076931 -0.5375741720199585 -0.5964380502700806 -0.5266979336738586 -0.8483469486236572 0.053820159286260605 -2.041593074798584
-0.48127713799476624 0.24539726972579956 -0.8415178656578064 0.2188573181629181 0.7006967067718506 -0.4691202640533447 -0.5375407934188843 -0.5964769124984741 -0.5266842246055603 -0.8483549952507019 0.0538279265165329 -2.041628360748291
-0.48128005862236023 0.24537375569343567 -0.8415230512619019 0.21888966858386993 0.7006886601448059 -0.469145268201828 -0.5375295281410217 -0.5964664220809937 -0.526692271232605 -0.8483479619026184 0.05385977774858475 -2.0416555404663086
-0.48127543926239014 0.24534986913204193 -0.8415326476097107 0.2188793122768402 0.700700581073761 -0.46914607286453247 -0.537513256072998 -0.5964563488960266 -0.5266806483268738 -0.8483543992042542 0.05387181416153908 -2.0416407585144043
-0.481328547000885 0.245354562997818 -0.8415009379386902 0.2188679426908493 0.7006530165672302 -0.46916505694389343 -0.5375586748123169 -0.5964566469192505 -0.5266953706741333 -0.8483425378799438 0.053914252668619156 -2.041598081588745
-0.48128044605255127 0.24532829225063324 -0.8415361046791077 0.21886266767978668 0.7006953358650208 -0.469163179397583 -0.5375052094459534 -0.5964745283126831 -0.5266830325126648 -0.8483511805534363 0.053898800164461136 -2.0416524410247803
-0.48137810826301575 0.24526575207710266 -0.8414984345436096 0.2188517451286316 0.7006891369819641 -0.4691126048564911 -0.5375574231147766 -0.5964178442955017 -0.526602029800415 -0.8483972549438477 0.05396561697125435 -2.041595458984375
-0.48134419322013855 0.24526838958263397 -0.8415170907974243 0.21886180341243744 0.7007182240486145 -0.4690989553928375 -0.5375313758850098 -0.596402645111084 -0.526594340801239 -0.848404049873352 0.05393415316939354 -2.0415921211242676
-0.48131445050239563 0.24526850879192352 -0.8415340781211853 0.2188819944858551 0.7007031440734863 -0.4691537618637085 -0.537503182888031 -0.5964314341545105 -0.5266415476799011 -0.8483737111091614 0.05395018681883812 -2.0416252613067627
-0.4813075661659241 0.24528874456882477 -0.8415321111679077 0.21888409554958344 0.7007076740264893 -0.46914058923721313 -0.5375087857246399 -0.5964184999465942 -0.5266417860984802 -0.848375141620636 0.05392533540725708 -2.0416250228881836
-0.4813740849494934 0.24526089429855347 -0.8415021896362305 0.21888954937458038 0.7006861567497253 -0.46912461519241333 -0.5375507473945618 -0.5964471101760864 -0.5266096591949463 -0.8483920097351074 0.05397364869713783 -2.0415849685668945
-0.48138055205345154 0.24522309005260468 -0.8415094614028931 0.2188904881477356 0.7006994485855103 -0.46912065148353577 -0.5375368595123291 -0.5964417457580566 -0.5265859961509705 -0.848405122756958 0.05399799346923828 -2.041584014892578
-0.48137393593788147 0.24526412785053253 -0.8415012955665588 0.21889474987983704 0.7006983160972595 -0.4691030979156494 -0.5375536680221558 -0.5964543223381042 -0.5265936255455017 -0.8484029769897461 0.053957968950271606 -2.041555404663086
-0.48138532042503357 0.24525606632232666 -0.8414971828460693 0.21889843046665192 0.7007054686546326 -0.46908503770828247 -0.5375601649284363 -0.5964500308036804 -0.5265737175941467 -0.8484153151512146 0.05395851284265518 -2.041550636291504
-0.4813670516014099 0.24524152278900146 -0.8415118455886841 0.21884872019290924 0.7007091045379639 -0.4691073000431061 -0.5375359654426575 -0.5964712500572205 -0.526585578918457 -0.8484072089195251 0.05396995693445206 -2.041565179824829
-0.4813716411590576 0.24527136981487274 -0.8415005207061768 0.2188420593738556 0.700687050819397 -0.46911898255348206 -0.5375545024871826 -0.5964676141738892 -0.5266106724739075 -0.848392128944397 0.05396221950650215 -2.0415616035461426
-0.48137739300727844 0.24526239931583405 -0.8414998650550842 0.2188345193862915 0.7006587386131287 -0.4691644608974457 -0.537551760673523 -0.5964514017105103 -0.5266431570053101 -0.8483695387840271 0.054000042378902435 -2.041613817214966
-0.48139724135398865 0.24528677761554718 -0.8414813876152039 0.218824103474617 0.7006528377532959 -0.46913787722587585 -0.5375825762748718 -0.5964406728744507 -0.5266327857971191 -0.8483771681785583 0.05398092791438103 -2.0415945053100586
-0.4813178479671478 0.24530038237571716 -0.8415228128433228 0.2188490778207779 0.7007321715354919 -0.46908316016197205 -0.5375269651412964 -0.5964329242706299 -0.5265998244285583 -0.8484035134315491 0.053888361901044846 -2.041586399078369
-0.4813940227031708 0.24526676535606384 -0.8414890766143799 0.21883460879325867 0.7006799578666687 -0.469110369682312 -0.5375713109970093 -0.5964207053184509 -0.5265997052192688 -0.8483982086181641 0.05397355183959007 -2.041558265686035
-0.4813231825828552 0.24527113139629364 -0.8415282964706421 0.2188500463962555 0.7007443904876709 -0.46907657384872437 -0.537516713142395 -0.596433699131012 -0.5265786647796631 -0.8484156131744385 0.053905189037323 -2.0415594577789307
-0.48133882880210876 0.24529941380023956 -0.8415111303329468 0.21888785064220428 0.7007352113723755 -0.46905723214149475 -0.5375456213951111 -0.5964410901069641 -0.526576578617096 -0.848418116569519 0.05388563871383667 -2.041571617126465
-0.4814269542694092 0.24529951810836792 -0.841460645198822 0.21887965500354767 0.7006689310073853 -0.4690732955932617 -0.5376180410385132 -0.5964367389678955 -0.526584267616272 -0.8484092354774475 0.05395090579986572 -2.041513442993164
-0.48136138916015625 0.24530428647994995 -0.8414967656135559 0.21889014542102814 0.70069420337677 -0.46909698843955994 -0.5375643968582153 -0.5964401364326477 -0.5266105532646179 -0.8483947515487671 0.05392201989889145 -2.0415608882904053
-0.48140427470207214 0.24531283974647522 -0.8414697647094727 0.2188795655965805 0.7006521224975586 -0.4691151976585388 -0.5376033782958984 -0.596422553062439 -0.5266273617744446 -0.8483822345733643 0.05395522713661194 -2.0415101051330566
-0.4814370572566986 0.24528610706329346 -0.841458797454834 0.21887177228927612 0.7006761431694031 -0.46905988454818726 -0.5376203656196594 -0.5964609980583191 -0.526565432548523 -0.8484205007553101 0.05395680293440819 -2.0415241718292236
-0.481437087059021 0.24531367421150208 -0.8414507508277893 0.21884842216968536 0.7006388902664185 -0.4691021740436554 -0.5376319289207458 -0.5964558124542236 -0.5266149044036865 -0.8483891487121582 0.05396701395511627 -2.0414750576019287
-0.4813763499259949 0.24531599879264832 -0.8414848446846008 0.2188427895307541 0.7006510496139526 -0.46914368867874146 -0.5375798940658569 -0.5964257121086121 -0.5266543030738831 -0.8483655452728271 0.053953882306814194 -2.041524887084961
-0.4813380539417267 0.24534349143505096 -0.8414986729621887 0.21886633336544037 0.7006599307060242 -0.4691511392593384 -0.5375617742538452 -0.5964359045028687 -0.5266774296760559 -0.8483534455299377 0.053918056190013885 -2.041501760482788
-0.48132798075675964 0.24528490006923676 -0.8415215611457825 0.2188660055398941 0.7006633877754211 -0.4691934287548065 -0.5375204086303711 -0.5964294672012329 -0.5266820788383484 -0.848347008228302 0.05397389084100723 -2.041494369506836
-0.4814247786998749 0.2453809231519699 -0.8414381742477417 0.21885338425636292 0.700603187084198 -0.46912938356399536 -0.53765469789505 -0.5964313745498657 -0.5266736745834351 -0.8483546376228333 0.05393597111105919 -2.0414514541625977
-0.48140016198158264 0.24522346258163452 -0.8414981365203857 0.21887332201004028 0.7006906867027283 -0.46911439299583435 -0.5375537872314453 -0.5964695811271667 -0.5265797972679138 -0.8484084606170654 0.054006073623895645 -2.0414376258850098
-0.4814174473285675 0.24519243836402893 -0.8414973020553589 0.218834787607193 0.7006620764732361 -0.4691624939441681 -0.5375490784645081 -0.5964494347572327 -0.526602029800415 -0.8483908772468567 0.05406607314944267 -2.041494846343994
-0.48142752051353455 0.24518649280071259 -0.8414932489395142 0.21882344782352448 0.7006533741950989 -0.4691700041294098 -0.5375539064407349 -0.5964511036872864 -0.526604413986206 -0.8483884334564209 0.05408073589205742 -2.041449785232544
-0.4813651144504547 0.24520547688007355 -0.8415234684944153 0.2188098132610321 0.7006652355194092 -0.4692029654979706 -0.5375096797943115 -0.5964685678482056 -0.5266457200050354 -0.8483647108078003 0.05405111983418465 -2.041457176208496
-0.4813135862350464 0.24524033069610596 -0.8415427803993225 0.21883392333984375 0.7006750106811523 -0.469217985868454 -0.537483811378479 -0.5964762568473816 -0.5266798138618469 -0.8483463525772095 0.05400734022259712 -2.0414841175079346
-0.4813692271709442 0.24522759020328522 -0.8415146470069885 0.21879972517490387 0.7006366848945618 -0.46923062205314636 -0.5375227332115173 -0.5964346528053284 -0.5266799330711365 -0.848343014717102 0.05405786260962486 -2.0414559841156006
-0.48147276043891907 0.24521179497241974 -0.8414600491523743 0.21881459653377533 0.7005806565284729 -0.46922436356544495 -0.5376011729240417 -0.5963941812515259 -0.5266597867012024 -0.8483510613441467 0.05412822589278221 -2.0414645671844482
-0.4813951849937439 0.2452460676431656 -0.8414944410324097 0.21880477666854858 0.7006397247314453 -0.4691871404647827 -0.5375567078590393 -0.5964318513870239 -0.5266520977020264 -0.8483617305755615 0.05403541401028633 -2.0415101051330566
-0.48137903213500977 0.24522601068019867 -0.8415095210075378 0.21885089576244354 0.7006500959396362 -0.46919986605644226 -0.5375320911407471 -0.5964174270629883 -0.5266530513763428 -0.8483604788780212 0.054045457392930984 -2.0414879322052
-0.48134228587150574 0.245209202170372 -0.8415353894233704 0.21887291967868805 0.7006894946098328 -0.4691849648952484 -0.5374937653541565 -0.5964285731315613 -0.5266342759132385 -0.8483735918998718 0.054023176431655884 -2.041532516479492
-0.4814007580280304 0.24520368874073029 -0.8415035605430603 0.21887151896953583 0.7006442546844482 -0.4692011773586273 -0.5375385284423828 -0.5964151620864868 -0.5266409516334534 -0.8483662009239197 0.05407336726784706 -2.041496992111206
-0.48135077953338623 0.2452087551355362 -0.8415306806564331 0.2188909649848938 0.7006552815437317 -0.46923157572746277 -0.5374976396560669 -0.5964075326919556 -0.5266720056533813 -0.8483479022979736 0.05405829846858978 -2.0415890216827393
-0.48142650723457336 0.24517904222011566 -0.8414960503578186 0.2189006507396698 0.7006228566169739 -0.4692249298095703 -0.5375457406044006 -0.5963828563690186 -0.5266459584236145 -0.8483601808547974 0.05411938950419426 -2.041574001312256
-0.481365829706192 0.24512788653373718 -0.8415456414222717 0.21890413761138916 0.7006908059120178 -0.4692106246948242 -0.5374696850776672 -0.5963859558105469 -0.5266110301017761 -0.8483828902244568 0.05410322546958923 -2.041595458984375
-0.4813697636127472 0.24512091279029846 -0.8415454030036926 0.2189161777496338 0.7006697654724121 -0.46924489736557007 -0.5374671816825867 -0.5963675379753113 -0.5266354084014893 -0.8483659625053406 0.05413161963224411 -2.041593551635742
-0.48139020800590515 0.245184987783432 -0.841515064239502 0.21894122660160065 0.7006632089614868 -0.4691935181617737 -0.5375205874443054 -0.5963830351829529 -0.5266254544258118 -0.8483758568763733 0.054073184728622437 -2.0415778160095215
-0.4813961088657379 0.245226189494133 -0.8414996862411499 0.21888132393360138 0.7006621360778809 -0.46916282176971436 -0.5375487208366394 -0.5964229106903076 -0.5266214609146118 -0.8483809232711792 0.0540325753390789 -2.041477680206299
-0.4814126789569855 0.24522018432617188 -0.8414919376373291 0.21883545815944672 0.7006431818008423 -0.469180166721344 -0.5375583171844482 -0.5964075326919556 -0.5266315937042236 -0.8483730554580688 0.05405754595994949 -2.0415918827056885
-0.4814855456352234 0.24521292746067047 -0.8414523601531982 0.2188100963830948 0.7006006240844727 -0.46917834877967834 -0.5376153588294983 -0.5964052677154541 -0.5266215801239014 -0.8483761548995972 0.05410637706518173 -2.04154896736145
-0.4814930260181427 0.24516169726848602 -0.841463029384613 0.21881136298179626 0.7006275653839111 -0.46915993094444275 -0.5375962853431702 -0.5964124202728271 -0.5265788435935974 -0.8484011292457581 0.054130300879478455 -2.0415608882904053
-0.4815139174461365 0.2451758086681366 -0.8414469957351685 0.21880429983139038 0.7006173133850098 -0.46914592385292053 -0.5376218557357788 -0.5964241027832031 -0.5265733599662781 -0.8484048247337341 0.054125986993312836 -2.041534185409546
-0.4815008342266083 0.24516832828521729 -0.8414565920829773 0.21885405480861664 0.7006509900093079 -0.4691099226474762 -0.5376093983650208 -0.5964487791061401 -0.5265405178070068 -0.848426878452301 0.054099518805742264 -2.0414035320281982
-0.4814431369304657 0.2451491504907608 -0.8414952158927917 0.21884267032146454 0.7007057070732117 -0.4690934717655182 -0.5375524759292603 -0.5964525938034058 -0.5265205502510071 -0.8484415411949158 0.054064542055130005 -2.041431427001953
-0.4814930260181427 0.24510683119297028 -0.8414790034294128 0.2188328504562378 0.7006838321685791 -0.4691043496131897 -0.5375714898109436 -0.5964511632919312 -0.5265039801597595 -0.8484477400779724 0.05412820726633072 -2.0413897037506104
-0.48142728209495544 0.24516457319259644 -0.8414998054504395 0.21885737776756287 0.7007120847702026 -0.4690896272659302 -0.5375475287437439 -0.5965034365653992 -0.5265265107154846 -0.8484392166137695 0.054042890667915344 -2.04146671295166
-0.4814970791339874 0.24514617025852203 -0.8414652347564697 0.2188798487186432 0.7006781101226807 -0.4690842926502228 -0.5375964641571045 -0.5964815616607666 -0.5265079140663147 -0.8484474420547485 0.05409429594874382 -2.0414540767669678
-0.48138999938964844 0.24517633020877838 -0.8415176868438721 0.21885991096496582 0.7006961703300476 -0.46914610266685486 -0.5375189185142517 -0.5964447855949402 -0.5265817642211914 -0.848404586315155 0.05404825136065483 -2.0415151119232178
-0.4813973009586334 0.24517576396465302 -0.8415136933326721 0.2188814878463745 0.7006992101669312 -0.4691340923309326 -0.537525475025177 -0.5964431762695312 -0.5265710949897766 -0.8484113812446594 0.054045550525188446 -2.041598320007324
-0.48139655590057373 0.2451706975698471 -0.8415156006813049 0.218890979886055 0.7006800770759583 -0.46916884183883667 -0.5375200510025024 -0.5964257717132568 -0.5265971422195435 -0.8483936190605164 0.054070159792900085 -2.0416066646575928
-0.4813811182975769 0.24518635869026184 -0.8415198922157288 0.21891073882579803 0.7007164359092712 -0.4691161811351776 -0.5375186204910278 -0.596458911895752 -0.5265629291534424 -0.8484182357788086 0.054017674177885056 -2.041584014892578
-0.48143336176872253 0.2452423870563507 -0.8414736390113831 0.2189026027917862 0.700658917427063 -0.4691193401813507 -0.5375909209251404 -0.596451461315155 -0.5265917181968689 -0.8484002947807312 0.05401856452226639 -2.041550636291504
-0.4813082814216614 0.2452319860458374 -0.8415482640266418 0.2188880890607834 0.7007419466972351 -0.46912091970443726 -0.5374812483787537 -0.5964369773864746 -0.5265955924987793 -0.8484023809432983 0.0539475679397583 -2.041588544845581
-0.4814073145389557 0.24522076547145844 -0.8414948582649231 0.21888110041618347 0.7006968259811401 -0.46909889578819275 -0.5375593304634094 -0.5964319705963135 -0.5265650749206543 -0.8484178185462952 0.054002340883016586 -2.041546106338501
-0.48142337799072266 0.2451844960451126 -0.8414962291717529 0.21889306604862213 0.7007380723953247 -0.46903908252716064 -0.5375577807426453 -0.5964769721031189 -0.5264955163002014 -0.848461389541626 0.053996387869119644 -2.0415923595428467
-0.48142892122268677 0.24511344730854034 -0.8415137529373169 0.2188798040151596 0.7007424235343933 -0.4690716564655304 -0.537523627281189 -0.5964375138282776 -0.5264846086502075 -0.8484638929367065 0.05406338348984718 -2.0416390895843506
-0.48141321539878845 0.24515089392662048 -0.8415118455886841 0.21888741850852966 0.7007662057876587 -0.4690256118774414 -0.5375328063964844 -0.5964182019233704 -0.5264673233032227 -0.8484785556793213 0.054001785814762115 -2.041649103164673
-0.4814055860042572 0.24518589675426483 -0.8415060043334961 0.2188372164964676 0.7007721662521362 -0.46900153160095215 -0.5375460386276245 -0.5964068174362183 -0.5264663696289062 -0.8484817147254944 0.05396063253283501 -2.041581869125366
-0.4813835322856903 0.2452072650194168 -0.8415123820304871 0.21883445978164673 0.7007830739021301 -0.4689929783344269 -0.5375393033027649 -0.5963945388793945 -0.5264720320701599 -0.8484802842140198 0.05392850190401077 -2.0415868759155273
-0.48137569427490234 0.24515311419963837 -0.8415326476097107 0.21888606250286102 0.7008816599845886 -0.4688766896724701 -0.5375121831893921 -0.5964395999908447 -0.5263479351997375 -0.8485602140426636 0.05388264358043671 -2.0414700508117676
-0.4814002811908722 0.24511398375034332 -0.8415299654006958 0.21881289780139923 0.7008506059646606 -0.46892639994621277 -0.5375092625617981 -0.5964182019233704 -0.5263667702674866 -0.8485440611839294 0.0539531409740448 -2.0414583683013916
-0.4814319908618927 0.2451276183128357 -0.8415078520774841 0.21883812546730042 0.7007532715797424 -0.469042032957077 -0.5375353693962097 -0.5964118838310242 -0.5264673829078674 -0.8484761714935303 0.05403798073530197 -2.041623115539551
-0.48137637972831726 0.2450585812330246 -0.8415598273277283 0.21884746849536896 0.700832724571228 -0.46901530027389526 -0.5374550819396973 -0.5964246988296509 -0.5264124870300293 -0.8485109210014343 0.054027944803237915 -2.0415732860565186
-0.48129037022590637 0.24512717127799988 -0.8415890336036682 0.2188650667667389 0.7008801698684692 -0.4689835011959076 -0.537420928478241 -0.5965430736541748 -0.5264279246330261 -0.8485086560249329 0.05391259491443634 -2.041557550430298
-0.48133257031440735 0.24515759944915771 -0.8415560126304626 0.21886572241783142 0.700836718082428 -0.4689907133579254 -0.537471354007721 -0.5965620279312134 -0.5264472365379333 -0.8484959006309509 0.05392519384622574 -2.041551113128662
-0.4812676012516022 0.24518276751041412 -0.8415858149528503 0.21883031725883484 0.7008322477340698 -0.4690486788749695 -0.5374265313148499 -0.5964990854263306 -0.5265125632286072 -0.8484565615653992 0.053906071931123734 -2.0415937900543213
-0.4812878668308258 0.24521642923355103 -0.8415644764900208 0.21886269748210907 0.7007867693901062 -0.4690796434879303 -0.5374588370323181 -0.5964922308921814 -0.5265545845031738 -0.8484297394752502 0.0539180189371109 -2.041595935821533
-0.48126888275146484 0.2451837807893753 -0.8415848016738892 0.2188631147146225 0.7007995247840881 -0.4690994620323181 -0.5374249219894409 -0.596489429473877 -0.5265549421310425 -0.8484281897544861 0.053938426077365875 -2.0415966510772705
-0.4813096821308136 0.24520808458328247 -0.8415544033050537 0.21883252263069153 0.7007701396942139 -0.4690892994403839 -0.5374720692634583 -0.5964503288269043 -0.5265567302703857 -0.8484268188476562 0.053942833095788956 -2.041598081588745
-0.4813237488269806 0.2452310174703598 -0.8415396809577942 0.2188296765089035 0.7007676959037781 -0.4690641164779663 -0.5374972820281982 -0.5964363217353821 -0.5265471339225769 -0.8484340906143188 0.05392184853553772 -2.0415995121002197
-0.48129189014434814 0.2452111542224884 -0.8415637016296387 0.21885569393634796 0.7007521390914917 -0.46913468837738037 -0.5374559760093689 -0.5964363217353821 -0.5265970230102539 -0.8484008312225342 0.053958602249622345 -2.041628837585449
-0.48132333159446716 0.24523597955703735 -0.8415384292602539 0.21886223554611206 0.7007239460945129 -0.4691318869590759 -0.5374951958656311 -0.5964205265045166 -0.5266057848930359 -0.8483951687812805 0.053961534053087234 -2.041635036468506
-0.48136237263679504 0.24512866139411926 -0.841547429561615 0.21886824071407318 0.7007676362991333 -0.4690898656845093 -0.5374748706817627 -0.5964053869247437 -0.5265119075775146 -0.8484494686126709 0.054024096578359604 -2.041571617126465
-0.48137643933296204 0.24517486989498138 -0.8415259122848511 0.21886448562145233 0.7007109522819519 -0.46913716197013855 -0.5375074744224548 -0.5964149832725525 -0.5265744924545288 -0.8484099507331848 0.054034993052482605 -2.041578531265259
-0.4813765287399292 0.24518300592899323 -0.8415234684944153 0.21886616945266724 0.7007291913032532 -0.46910253167152405 -0.5375139713287354 -0.5964059829711914 -0.5265501737594604 -0.8484267592430115 0.05400817468762398 -2.041579246520996
-0.48136067390441895 0.24513542652130127 -0.8415464162826538 0.2188720405101776 0.7007436752319336 -0.4691258668899536 -0.5374746918678284 -0.5963907837867737 -0.5265453457832336 -0.8484275937080383 0.054041750729084015 -2.041583299636841
-0.4813651740550995 0.24513188004493713 -0.8415448665618896 0.21888844668865204 0.7007626295089722 -0.4690929651260376 -0.5374786853790283 -0.5964096188545227 -0.5265160202980042 -0.848446786403656 0.05402587354183197 -2.0416183471679688
-0.48143646121025085 0.24511267244815826 -0.8415096402168274 0.21887312829494476 0.7006949186325073 -0.46914100646972656 -0.5375250577926636 -0.5964339375495911 -0.526540994644165 -0.8484258055686951 0.0541125126183033 -2.0416359901428223
-0.48144418001174927 0.24514621496200562 -0.8414955139160156 0.2188679575920105 0.7007003426551819 -0.4691028594970703 -0.53755122423172 -0.5964270830154419 -0.526526689529419 -0.8484371900558472 0.054072920233011246 -2.0416455268859863
-0.4814136326313019 0.24506159126758575 -0.841537594795227 0.21886411309242249 0.7007874846458435 -0.469047874212265 -0.5374855995178223 -0.5964353680610657 -0.5264385938644409 -0.8484920263290405 0.054070066660642624 -2.0416173934936523
-0.4814099371433258 0.24505050480365753 -0.8415429592132568 0.21886534988880157 0.700779914855957 -0.46907103061676025 -0.5374752879142761 -0.5964297652244568 -0.5264520645141602 -0.8484824299812317 0.05408909171819687 -2.0416195392608643
-0.4814523756504059 0.24501478672027588 -0.8415290713310242 0.21888616681098938 0.7008005380630493 -0.4690169095993042 -0.5374956727027893 -0.5964251756668091 -0.5263858437538147 -0.8485226631164551 0.05410294607281685 -2.04158616065979
-0.48145171999931335 0.24499011039733887 -0.8415366411209106 0.21889135241508484 0.7008195519447327 -0.46900272369384766 -0.537483274936676 -0.596417248249054 -0.5263611078262329 -0.8485376238822937 0.054108429700136185 -2.041588544845581
-0.4814547002315521 0.24507158994674683 -0.8415111899375916 0.218899205327034 0.700772225856781 -0.46902382373809814 -0.5375264883041382 -0.5964652895927429 -0.5264213681221008 -0.8485024571418762 0.0540744811296463 -2.041614294052124
-0.4814554750919342 0.2450552135705948 -0.8415155410766602 0.21889349818229675 0.7007384896278381 -0.4690879285335541 -0.5375145673751831 -0.5964182615280151 -0.5264655947685242 -0.8484717011451721 0.05412546172738075 -2.0416719913482666
-0.4814697206020355 0.24501466751098633 -0.8415191769599915 0.21889251470565796 0.7007501721382141 -0.46908026933670044 -0.5375059843063354 -0.5964078903198242 -0.526436984539032 -0.8484876751899719 0.054153990000486374 -2.041680097579956
-0.48144635558128357 0.24503153562545776 -0.8415276408195496 0.2188921570777893 0.7007420659065247 -0.46910664439201355 -0.5374935269355774 -0.5963983535766602 -0.5264691710472107 -0.8484682440757751 0.05414590239524841 -2.041686534881592
-0.48148494958877563 0.2450520098209381 -0.8414996266365051 0.21885241568088531 0.7007214426994324 -0.46908706426620483 -0.5375375151634216 -0.5964390635490417 -0.5264613032341003 -0.8484731316566467 0.054145291447639465 -2.0416598320007324
-0.4814504384994507 0.24507543444633484 -0.8415125012397766 0.2188393622636795 0.700751543045044 -0.4690591096878052 -0.5375226736068726 -0.596450924873352 -0.5264527797698975 -0.8484818339347839 0.05409185588359833 -2.0416345596313477
-0.4814857840538025 0.24509476125240326 -0.8414866924285889 0.2188255488872528 0.7007246613502502 -0.469053715467453 -0.5375624299049377 -0.5964478254318237 -0.5264562368392944 -0.8484792113304138 0.05409887433052063 -2.041630983352661
-0.48147061467170715 0.2451465129852295 -0.8414802551269531 0.21882052719593048 0.7006909251213074 -0.46909070014953613 -0.5375741720199585 -0.5964391231536865 -0.5265150666236877 -0.8484438061714172 0.05408157408237457 -2.0416836738586426
-0.4814694821834564 0.24515920877456665 -0.8414772152900696 0.21880915760993958 0.7006729245185852 -0.469112753868103 -0.5375784039497375 -0.596430778503418 -0.5265401005744934 -0.848427951335907 0.054087184369564056 -2.041691303253174
-0.48150452971458435 0.24519294500350952 -0.8414473533630371 0.21886640787124634 0.7006452679634094 -0.46909967064857483 -0.5376258492469788 -0.5964575409889221 -0.5265448093414307 -0.8484254479408264 0.05408046767115593 -2.0416464805603027
-0.48148077726364136 0.24523547291755676 -0.8414485454559326 0.21886871755123138 0.700638473033905 -0.46910783648490906 -0.5376275181770325 -0.5964531302452087 -0.52657550573349 -0.8484086394309998 0.05404510721564293 -2.0416476726531982
-0.48154163360595703 0.24517393112182617 -0.8414316773414612 0.2188403159379959 0.7006757259368896 -0.46902453899383545 -0.5376517176628113 -0.5964483618736267 -0.5264703631401062 -0.8484724760055542 0.054067544639110565 -2.0416007041931152
-0.4815101623535156 0.2452128678560257 -0.8414382934570312 0.2188357263803482 0.7006810903549194 -0.4690234363079071 -0.537645697593689 -0.5964426398277283 -0.5264919996261597 -0.8484618663787842 0.05402364581823349 -2.041597843170166
-0.4814722537994385 0.24525025486946106 -0.8414491415023804 0.21885216236114502 0.7006840109825134 -0.46903377771377563 -0.5376327633857727 -0.5964348316192627 -0.526522696018219 -0.8484452962875366 0.053983937948942184 -2.0415549278259277
-0.4814503788948059 0.24521736800670624 -0.8414711952209473 0.21886910498142242 0.7006972432136536 -0.46905601024627686 -0.5375961661338806 -0.5964402556419373 -0.5265251398086548 -0.848442554473877 0.054004184901714325 -2.041579008102417
-0.4814697206020355 0.2452142983675003 -0.8414610624313354 0.21887512505054474 0.7006826996803284 -0.46906155347824097 -0.5376103520393372 -0.5964296460151672 -0.5265268683433533 -0.8484403491020203 0.05402163416147232 -2.0415730476379395
-0.4814785122871399 0.24518698453903198 -0.8414639830589294 0.2188730537891388 0.7006838917732239 -0.4690679609775543 -0.5376031398773193 -0.596409022808075 -0.5265171527862549 -0.8484447002410889 0.05404769256711006 -2.0415430068969727
-0.4814620614051819 0.24514062702655792 -0.8414868712425232 0.2189079374074936 0.7007071375846863 -0.46907711029052734 -0.5375648736953735 -0.5964760184288025 -0.5265012979507446 -0.8484530448913574 0.054071176797151566 -2.0416033267974854
-0.48143571615219116 0.24516606330871582 -0.8414945602416992 0.2188299298286438 0.7007225751876831 -0.4690631031990051 -0.5375570058822632 -0.5964321494102478 -0.5265048742294312 -0.8484534025192261 0.05403047055006027 -2.041503429412842
-0.48145797848701477 0.24518069624900818 -0.8414775729179382 0.21882253885269165 0.700708270072937 -0.46905383467674255 -0.5375837087631226 -0.5964229702949524 -0.5265035033226013 -0.8484543561935425 0.0540296770632267 -2.0414915084838867
-0.4814775884151459 0.2451757937669754 -0.8414677381515503 0.21880875527858734 0.7007058262825012 -0.4690406918525696 -0.5375983119010925 -0.5964130759239197 -0.5264887809753418 -0.8484629988670349 0.054036594927310944 -2.0415432453155518
-0.48148417472839355 0.24516348540782928 -0.841467559337616 0.21880006790161133 0.7007038593292236 -0.4690449833869934 -0.5375971794128418 -0.5964035391807556 -0.5264853835105896 -0.8484641909599304 0.05405084788799286 -2.041539430618286
-0.4814774692058563 0.24518327414989471 -0.8414656519889832 0.2187882512807846 0.7006676197052002 -0.46909770369529724 -0.5375984311103821 -0.5963945984840393 -0.5265398025512695 -0.8484293222427368 0.05406811460852623 -2.041597843170166
