# 3x4 first row second row third row Freq: 100 current Time: 2021-07-28-16:30:09
-0.2474128007888794 0.6699830889701843 -0.699935257434845 0.15038150548934937 0.08143641799688339 -0.70545893907547 -0.7040565609931946 -0.5181891918182373 -0.965481698513031 -0.23119288682937622 0.11997867375612259 -2.2984530925750732
-0.24742089211940765 0.6700252294540405 -0.6998921036720276 0.15035198628902435 0.0814252644777298 -0.705417275428772 -0.7040995955467224 -0.5181976556777954 -0.9654805660247803 -0.23119789361953735 0.11997810751199722 -2.2984538078308105
-0.2473103404045105 0.6700785160064697 -0.6998801231384277 0.1503499150276184 0.08134396374225616 -0.7054097056388855 -0.7041165232658386 -0.5181801915168762 -0.9655157327651978 -0.23106637597084045 0.11994839459657669 -2.298468828201294
-0.2473030984401703 0.6700888276100159 -0.6998728513717651 0.1503692865371704 0.08137629926204681 -0.705393373966217 -0.704129159450531 -0.5181866884231567 -0.9655148386955261 -0.23108643293380737 0.11991675198078156 -2.2984871864318848
-0.24731189012527466 0.6700612902641296 -0.6998960971832275 0.15037252008914948 0.08128402382135391 -0.7054409980773926 -0.7040920853614807 -0.518136203289032 -0.9655203819274902 -0.2310207635164261 0.11999879777431488 -2.2984211444854736
-0.2472795993089676 0.6700811386108398 -0.6998884677886963 0.15039144456386566 0.08128644526004791 -0.7054282426834106 -0.7041046023368835 -0.5181406736373901 -0.9655284285545349 -0.23100221157073975 0.11996962130069733 -2.298435926437378
-0.24731028079986572 0.670110821723938 -0.6998492479324341 0.15035641193389893 0.08125028759241104 -0.7053996920585632 -0.70413738489151 -0.5181705951690674 -0.9655236005783081 -0.23100343346595764 0.1200060248374939 -2.2983593940734863
-0.24736431241035461 0.6700676679611206 -0.6998714804649353 0.15033069252967834 0.08132442831993103 -0.7054123878479004 -0.7041161060333252 -0.5181654691696167 -0.9655035138130188 -0.23108990490436554 0.12000110000371933 -2.298346757888794
-0.24732649326324463 0.6701065897941589 -0.6998475790023804 0.1503089964389801 0.08134658634662628 -0.7053769826889038 -0.7041490077972412 -0.5181299448013306 -0.9655113816261292 -0.23108498752117157 0.1199476569890976 -2.298401117324829
-0.24725741147994995 0.6701163053512573 -0.6998627185821533 0.15029750764369965 0.08136261254549026 -0.7053800225257874 -0.7041441202163696 -0.5181042551994324 -0.9655277132987976 -0.23104757070541382 0.11988814920186996 -2.2983651161193848
-0.2473021149635315 0.6701302528381348 -0.6998335123062134 0.150285005569458 0.0813010111451149 -0.7053699493408203 -0.7041612863540649 -0.5181130766868591 -0.9655214548110962 -0.23103781044483185 0.1199573427438736 -2.298372268676758
-0.24729053676128387 0.6700990200042725 -0.6998674869537354 0.15028659999370575 0.08124074339866638 -0.705418586730957 -0.7041195631027222 -0.5181416869163513 -0.9655295014381409 -0.23097991943359375 0.12000411748886108 -2.2984185218811035
-0.24716342985630035 0.6700894832611084 -0.6999215483665466 0.15030261874198914 0.08121714740991592 -0.7054644227027893 -0.70407634973526 -0.5181407928466797 -0.9655640125274658 -0.23086760938167572 0.11994237452745438 -2.2984089851379395
-0.2472071796655655 0.6701288223266602 -0.6998684406280518 0.15033376216888428 0.08120616525411606 -0.7054169178009033 -0.7041252255439758 -0.5181484818458557 -0.9655537605285645 -0.23089849948883057 0.11996565759181976 -2.2984256744384766
-0.24712593853473663 0.6700917482376099 -0.6999326348304749 0.15031543374061584 0.08119078725576401 -0.7054774761199951 -0.7040663361549377 -0.5181601047515869 -0.9655758142471313 -0.23082119226455688 0.11993663012981415 -2.29842209815979
-0.24709391593933105 0.6701200604438782 -0.6999168395996094 0.15032082796096802 0.08113989233970642 -0.7054688334465027 -0.7040808200836182 -0.5181671380996704 -0.9655882716178894 -0.23076531291007996 0.11994371563196182 -2.298459053039551
-0.24712030589580536 0.6700948476791382 -0.6999316215515137 0.150337815284729 0.081141896545887 -0.7054873704910278 -0.7040620446205139 -0.5181723237037659 -0.9655813574790955 -0.23078186810016632 0.11996760964393616 -2.298473834991455
-0.24715127050876617 0.670109748840332 -0.6999064683914185 0.15034084022045135 0.08115312457084656 -0.7054622769355774 -0.7040858864784241 -0.5181843042373657 -0.9655725359916687 -0.23081538081169128 0.1199745163321495 -2.2984092235565186
-0.24712814390659332 0.6701411008834839 -0.6998845934867859 0.15034890174865723 0.08116790652275085 -0.7054327130317688 -0.704113781452179 -0.5181531310081482 -0.9655771851539612 -0.23081456124782562 0.1199384555220604 -2.298346757888794
-0.2471604347229004 0.6701310873031616 -0.6998827457427979 0.1503766030073166 0.08115608990192413 -0.7054378390312195 -0.7041100263595581 -0.5181590914726257 -0.9655699133872986 -0.2308279424905777 0.11997123807668686 -2.29836106300354
-0.2470887303352356 0.6701728701591492 -0.6998680830001831 0.15037521719932556 0.08107064664363861 -0.7054334878921509 -0.7041242122650146 -0.5181766152381897 -0.9655954241752625 -0.23071996867656708 0.11997345089912415 -2.298372507095337
-0.24709321558475494 0.6701579689979553 -0.6998807787895203 0.150399312376976 0.08108478039503098 -0.7054440379142761 -0.7041120529174805 -0.5181780457496643 -0.9655930995941162 -0.2307310402393341 0.11997095495462418 -2.298414707183838
-0.24706175923347473 0.6700969338417053 -0.6999502778053284 0.15036892890930176 0.08113449066877365 -0.7055010795593262 -0.7040491700172424 -0.5181685090065002 -0.9655969738960266 -0.23073378205299377 0.11993448436260223 -2.2984650135040283
-0.24708282947540283 0.6700960397720337 -0.6999437212944031 0.15031664073467255 0.08108692616224289 -0.7055083513259888 -0.7040473818778992 -0.518151581287384 -0.9655956029891968 -0.230714350938797 0.11998309195041656 -2.298419713973999
-0.24706989526748657 0.6700693964958191 -0.6999738216400146 0.15034134685993195 0.08113977313041687 -0.7055256366729736 -0.7040239572525024 -0.5181783437728882 -0.965594470500946 -0.23073889315128326 0.1199449896812439 -2.2983992099761963
-0.24705684185028076 0.6700302958488464 -0.7000158429145813 0.15033243596553802 0.08111760765314102 -0.705573320388794 -0.7039787173271179 -0.5181868076324463 -0.9655996561050415 -0.23070640861988068 0.11996559053659439 -2.2984230518341064
-0.24701879918575287 0.6700431704521179 -0.700016975402832 0.15032637119293213 0.08107493072748184 -0.7055797576904297 -0.7039771676063538 -0.5181753039360046 -0.9656129479408264 -0.23064947128295898 0.11996788531541824 -2.2984492778778076
-0.24696189165115356 0.6700136065483093 -0.7000653147697449 0.15038838982582092 0.0810500755906105 -0.7056291103363037 -0.7039305567741394 -0.5181618332862854 -0.9656296372413635 -0.23058442771434784 0.11995896697044373 -2.298434257507324
-0.24697482585906982 0.6700361967086792 -0.7000390887260437 0.15035447478294373 0.08100297302007675 -0.7056145071983337 -0.7039506435394287 -0.5181795358657837 -0.9656302332878113 -0.23056340217590332 0.11999421566724777 -2.2984158992767334
-0.24707044661045074 0.6699647307395935 -0.700073778629303 0.1503777801990509 0.08107040822505951 -0.7056472897529602 -0.7039099931716919 -0.5181613564491272 -0.9656001329421997 -0.23067067563533783 0.12003040313720703 -2.298403024673462
-0.24712669849395752 0.6699889302253723 -0.7000308036804199 0.15035630762577057 0.08104292303323746 -0.7056159973144531 -0.7039445042610168 -0.5181668996810913 -0.9655880331993103 -0.23069608211517334 0.12007881700992584 -2.2984113693237305
-0.2470647543668747 0.6700195074081421 -0.7000234127044678 0.15032511949539185 0.08107873052358627 -0.70559161901474 -0.70396488904953 -0.5181412100791931 -0.9656009078025818 -0.23068197071552277 0.1200026124715805 -2.298373222351074
-0.24707773327827454 0.6700516939163208 -0.6999880075454712 0.15033191442489624 0.08106624335050583 -0.7055590748786926 -0.703998863697052 -0.5181159973144531 -0.9655986428260803 -0.23068790137767792 0.12000949680805206 -2.298421621322632
-0.24710139632225037 0.6700345873832703 -0.6999959945678711 0.15031437575817108 0.08109841495752335 -0.705562949180603 -0.7039913535118103 -0.5180879831314087 -0.9655898809432983 -0.23072586953639984 0.1200069710612297 -2.298391342163086
-0.24706892669200897 0.6700611114501953 -0.6999821066856384 0.15032613277435303 0.08106296509504318 -0.7055525183677673 -0.7040058374404907 -0.5181243419647217 -0.9656011462211609 -0.2306806445121765 0.12000308930873871 -2.2983694076538086
-0.2472863644361496 0.6700220108032227 -0.6999427080154419 0.150324746966362 0.08111991733312607 -0.7055259346961975 -0.70402592420578 -0.5181528329849243 -0.9655407071113586 -0.23087535798549652 0.12011492997407913 -2.2983829975128174
-0.2472608983516693 0.670076847076416 -0.6998991966247559 0.15033270418643951 0.08103515207767487 -0.705497145652771 -0.7040645480155945 -0.5181596279144287 -0.9655543565750122 -0.23080413043498993 0.12014220654964447 -2.2983946800231934
-0.24716994166374207 0.670003354549408 -0.7000016570091248 0.15037161111831665 0.08108553290367126 -0.7055808901786804 -0.7039747834205627 -0.5181833505630493 -0.9655734300613403 -0.23076148331165314 0.1200709342956543 -2.2984366416931152
-0.24719469249248505 0.6700615286827087 -0.6999372839927673 0.1503710299730301 0.08113231509923935 -0.7055052518844604 -0.7040451765060425 -0.5181683301925659 -0.9655631184577942 -0.230823814868927 0.1200336366891861 -2.298490047454834
-0.24723780155181885 0.6700494289398193 -0.6999335885047913 0.1503228098154068 0.08104893565177917 -0.7055270075798035 -0.7040330171585083 -0.5181742906570435 -0.9655591249465942 -0.23079250752925873 0.12012626975774765 -2.298419713973999
-0.24722467362880707 0.6700259447097778 -0.6999607086181641 0.15031930804252625 0.08116195350885391 -0.7055267691612244 -0.7040202617645264 -0.5181414484977722 -0.9655529856681824 -0.23086142539978027 0.12004313617944717 -2.298372507095337
-0.24720098078250885 0.6700201034545898 -0.6999747157096863 0.1503269076347351 0.08116257935762405 -0.7055382132530212 -0.7040086984634399 -0.518155038356781 -0.9655590057373047 -0.2308434396982193 0.12002930045127869 -2.298353433609009
-0.24713961780071259 0.670031726360321 -0.6999852061271667 0.15034668147563934 0.08110062032938004 -0.7055560350418091 -0.7039979696273804 -0.518143355846405 -0.9655799269676208 -0.23075509071350098 0.12003099173307419 -2.2983460426330566
-0.24719803035259247 0.6699973344802856 -0.6999975442886353 0.15031751990318298 0.08122379332780838 -0.7055471539497375 -0.7039926648139954 -0.5181289315223694 -0.9655545949935913 -0.23088210821151733 0.1199902668595314 -2.298337459564209
-0.2471887618303299 0.6699946522712708 -0.7000033855438232 0.15032824873924255 0.08123016357421875 -0.7055505514144897 -0.7039885520935059 -0.5181310772895813 -0.9655564427375793 -0.2308795005083084 0.11998052895069122 -2.2983508110046387
-0.24716447293758392 0.6699864864349365 -0.7000197768211365 0.15032151341438293 0.0811508297920227 -0.7055835723876953 -0.7039645910263062 -0.5181624293327332 -0.9655693173408508 -0.2308022826910019 0.12002536654472351 -2.2983272075653076
-0.24713923037052155 0.6700056791305542 -0.7000102996826172 0.15032793581485748 0.08114103227853775 -0.7055727243423462 -0.7039766311645508 -0.518157958984375 -0.9655765891075134 -0.23077985644340515 0.1200098767876625 -2.2983956336975098
-0.24725110828876495 0.6699718236923218 -0.7000032067298889 0.1503302901983261 0.0811944380402565 -0.7055670619010925 -0.7039760947227478 -0.5181561708450317 -0.9655434489250183 -0.2308952957391739 0.12005437910556793 -2.298407554626465
-0.24725507199764252 0.6699356436729431 -0.7000364065170288 0.15034565329551697 0.08122371882200241 -0.7055954933166504 -0.7039442658424377 -0.5181739926338196 -0.9655399918556213 -0.23091340065002441 0.12004751712083817 -2.298440456390381
-0.2471356987953186 0.6699490547180176 -0.7000657320022583 0.15038301050662994 0.08122850209474564 -0.7056095600128174 -0.7039295434951782 -0.5181528925895691 -0.9655701518058777 -0.23083147406578064 0.11996247619390488 -2.298417329788208
-0.24717625975608826 0.6700019836425781 -0.7000007629394531 0.15035417675971985 0.08115750551223755 -0.7055635452270508 -0.7039839029312134 -0.5181515216827393 -0.9655657410621643 -0.2308184802532196 0.12002299726009369 -2.298428535461426
-0.2472933679819107 0.6699466109275818 -0.7000123858451843 0.1503489464521408 0.08130542933940887 -0.7055557370185852 -0.7039746642112732 -0.5181254744529724 -0.9655233025550842 -0.23100313544273376 0.12000907957553864 -2.298407793045044
-0.24728068709373474 0.669948160648346 -0.7000154256820679 0.15034468472003937 0.08132067322731018 -0.7055535912513733 -0.7039750218391418 -0.5181334018707275 -0.9655252695083618 -0.2310052216053009 0.11998927593231201 -2.298412799835205
-0.24743854999542236 0.6699253916740417 -0.6999813914299011 0.15033258497714996 0.08136536926031113 -0.7055277228355408 -0.7039957642555237 -0.5181241631507874 -0.9654810428619385 -0.23115000128746033 0.12006616592407227 -2.298410654067993
-0.24748215079307556 0.6698940396308899 -0.6999959945678711 0.15033386647701263 0.08147254586219788 -0.7055231332778931 -0.7039880156517029 -0.518150269985199 -0.9654608368873596 -0.23125497996807098 0.12002654373645782 -2.2984251976013184
-0.24744854867458344 0.6698964834213257 -0.7000055313110352 0.1503152996301651 0.08146029710769653 -0.7055317163467407 -0.7039808630943298 -0.5181632041931152 -0.9654704928398132 -0.2312217652797699 0.12001295387744904 -2.298459529876709
-0.24742746353149414 0.6698565483093262 -0.7000512480735779 0.15034347772598267 0.08144323527812958 -0.7055810689926147 -0.7039333581924438 -0.5180999636650085 -0.9654773473739624 -0.23118694126605988 0.12002497911453247 -2.298370838165283
-0.24737216532230377 0.669853150844574 -0.7000740170478821 0.15034551918506622 0.08143090456724167 -0.7056007385253906 -0.7039150595664978 -0.5181204080581665 -0.9654925465583801 -0.23113670945167542 0.11999934911727905 -2.2983434200286865
-0.2474750578403473 0.6698623895645142 -0.7000287771224976 0.1503564566373825 0.08150142431259155 -0.7055497169494629 -0.7039580345153809 -0.5181396007537842 -0.9654602408409119 -0.23126544058322906 0.1200113520026207 -2.2983694076538086
-0.2474958747625351 0.669899582862854 -0.6999858617782593 0.150307759642601 0.08147498220205307 -0.7055136561393738 -0.7039971947669983 -0.5181424021720886 -0.9654571413993835 -0.2312677949666977 0.12003178894519806 -2.298369884490967
-0.24750985205173492 0.6699204444885254 -0.6999609470367432 0.15029971301555634 0.0815543681383133 -0.7054703235626221 -0.7040314674377441 -0.5181286931037903 -0.9654468297958374 -0.23133966326713562 0.11997603625059128 -2.298360586166382
-0.24758313596248627 0.6699047684669495 -0.6999499797821045 0.15028758347034454 0.08156417310237885 -0.7054660320281982 -0.7040346264839172 -0.5181707739830017 -0.9654272198677063 -0.23139800131320953 0.12002138048410416 -2.2984185218811035
-0.2476063072681427 0.6699205040931702 -0.6999267339706421 0.1502939760684967 0.08145632594823837 -0.7054704427719116 -0.7040426731109619 -0.5181908011436462 -0.9654303789138794 -0.23133891820907593 0.12010979652404785 -2.2984113693237305
-0.2476527988910675 0.6698839068412781 -0.699945330619812 0.1502877175807953 0.08148746937513351 -0.7054886221885681 -0.7040209174156189 -0.518183171749115 -0.9654158353805542 -0.23138956725597382 0.12012920528650284 -2.2983877658843994
-0.24764856696128845 0.6698948740959167 -0.6999363303184509 0.15030238032341003 0.08145269006490707 -0.7054869532585144 -0.7040265798568726 -0.5181806087493896 -0.9654198288917542 -0.23136292397975922 0.12014821171760559 -2.298427104949951
-0.24767297506332397 0.6698632836341858 -0.6999579071998596 0.15032818913459778 0.08156437426805496 -0.7054860591888428 -0.7040145397186279 -0.5181811451911926 -0.9654041528701782 -0.23145705461502075 0.12009297311306 -2.298415184020996
-0.24766893684864044 0.6698938012123108 -0.6999301910400391 0.15033455193042755 0.08148105442523956 -0.7054763436317444 -0.7040339112281799 -0.5182009935379028 -0.9654122591018677 -0.23139843344688416 0.12014104425907135 -2.298405647277832
-0.247687429189682 0.6698689460754395 -0.6999474167823792 0.1503247618675232 0.0815257877111435 -0.7054861187934875 -0.7040189504623413 -0.5181937217712402 -0.9654037356376648 -0.2314404547214508 0.1201285794377327 -2.2983803749084473
-0.2476857304573059 0.669815719127655 -0.6999989748001099 0.1502985656261444 0.08166801184415817 -0.7055060267448425 -0.7039825320243835 -0.5181523561477661 -0.9653921127319336 -0.23153400421142578 0.1200413778424263 -2.29835844039917
-0.24768182635307312 0.6698462963104248 -0.699971079826355 0.150307297706604 0.0816425010561943 -0.7054822444915771 -0.7040092945098877 -0.5181633830070496 -0.9653952717781067 -0.2315177470445633 0.12004733085632324 -2.2983696460723877
-0.24770554900169373 0.6698703765869141 -0.6999396085739136 0.15030361711978912 0.08160946518182755 -0.705460250377655 -0.7040351629257202 -0.5181699991226196 -0.965391993522644 -0.23151516914367676 0.12007878720760345 -2.2983832359313965
-0.2476499229669571 0.6698861122131348 -0.699944257736206 0.15030689537525177 0.08159759640693665 -0.7054607272148132 -0.7040361166000366 -0.5181668400764465 -0.9654072523117065 -0.2314683049917221 0.12004631757736206 -2.298354148864746
-0.24768295884132385 0.6698779463768005 -0.6999403834342957 0.1502872258424759 0.08164308965206146 -0.7054500579833984 -0.7040414810180664 -0.5181574821472168 -0.9653949737548828 -0.23152442276477814 0.12003717571496964 -2.298332452774048
-0.24768897891044617 0.6699028611183167 -0.6999143958091736 0.15030454099178314 0.0816156193614006 -0.7054301500320435 -0.704064667224884 -0.5181593298912048 -0.9653957486152649 -0.23151305317878723 0.12005285173654556 -2.2983577251434326
-0.24762585759162903 0.66993248462677 -0.6999083757400513 0.1502985954284668 0.08160222321748734 -0.7054187655448914 -0.7040776014328003 -0.518146812915802 -0.9654130339622498 -0.23146195709705353 0.1200120747089386 -2.2983145713806152
-0.24762025475502014 0.6699439287185669 -0.699899435043335 0.15030719339847565 0.0816020593047142 -0.7054086327552795 -0.7040877342224121 -0.5181545615196228 -0.9654145240783691 -0.23145966231822968 0.12000478804111481 -2.298319101333618
-0.24755574762821198 0.6699510216712952 -0.6999154090881348 0.15032356977462769 0.08158706873655319 -0.7054206132888794 -0.7040774822235107 -0.5181264281272888 -0.9654322862625122 -0.23140253126621246 0.11997172236442566 -2.298272132873535
-0.24752433598041534 0.6699228286743164 -0.699953556060791 0.15035094320774078 0.08156979084014893 -0.7054607272148132 -0.7040392756462097 -0.518146812915802 -0.9654418230056763 -0.2313619703054428 0.11997336149215698 -2.2982776165008545
-0.2474876195192337 0.6699343919754028 -0.6999554634094238 0.15035590529441833 0.08156758546829224 -0.7054584622383118 -0.7040417790412903 -0.5181299448013306 -0.9654514193534851 -0.2313353568315506 0.11994744092226028 -2.2982215881347656
-0.24748967587947845 0.6699292659759521 -0.6999596357345581 0.1503617912530899 0.08155973255634308 -0.7054650187492371 -0.7040361762046814 -0.5181218385696411 -0.9654515385627747 -0.2313302606344223 0.11995618790388107 -2.298253297805786
-0.24745088815689087 0.669960618019104 -0.6999433636665344 0.15034326910972595 0.08148667961359024 -0.7054603099822998 -0.704049289226532 -0.5181854367256165 -0.9654676914215088 -0.2312537431716919 0.1199740469455719 -2.298318862915039
-0.2474951148033142 0.6699367761611938 -0.6999505162239075 0.15030407905578613 0.08143491297960281 -0.7054860591888428 -0.7040295004844666 -0.5182022452354431 -0.9654607176780701 -0.23124434053897858 0.12004823982715607 -2.2983438968658447
-0.24749520421028137 0.6699565649032593 -0.6999315619468689 0.15030987560749054 0.0815628245472908 -0.7054355144500732 -0.7040653824806213 -0.5181992053985596 -0.965449869632721 -0.23134125769138336 0.11994847655296326 -2.2983155250549316
-0.24750056862831116 0.6699378490447998 -0.6999475955963135 0.1503167450428009 0.08154155313968658 -0.7054581642150879 -0.7040451765060425 -0.5182101130485535 -0.9654502868652344 -0.23132644593715668 0.11997364461421967 -2.2983450889587402
-0.24740664660930634 0.6699264645576477 -0.6999916434288025 0.15038041770458221 0.0814477726817131 -0.7055146098136902 -0.703999400138855 -0.518207848072052 -0.9654822945594788 -0.23118695616722107 0.11998511105775833 -2.298358201980591
-0.24740375578403473 0.6699358224868774 -0.6999837160110474 0.15038219094276428 0.08145105093717575 -0.7055051326751709 -0.7040085196495056 -0.5181963443756104 -0.965482771396637 -0.2311888188123703 0.11997776478528976 -2.298427104949951
-0.24735765159130096 0.6699177622795105 -0.7000173330307007 0.15036889910697937 0.08137449622154236 -0.7055527567863464 -0.7039696574211121 -0.5181571841239929 -0.9655010104179382 -0.23109589517116547 0.12000978738069534 -2.2984485626220703
-0.2473640888929367 0.6699022650718689 -0.7000298500061035 0.15036247670650482 0.08142983913421631 -0.7055535316467285 -0.703962504863739 -0.5181582570075989 -0.965494692325592 -0.2311384230852127 0.11997869610786438 -2.2984445095062256
-0.24738487601280212 0.6699402332305908 -0.6999861598014832 0.15034598112106323 0.08137039840221405 -0.7055245637893677 -0.7039983868598938 -0.5181760787963867 -0.9654943943023682 -0.23111675679683685 0.12002292275428772 -2.2984421253204346
-0.24730585515499115 0.6699681282043457 -0.6999874114990234 0.15031495690345764 0.08135339617729187 -0.7055196166038513 -0.7040053606033325 -0.5181587934494019 -0.9655160903930664 -0.23105104267597198 0.11997506767511368 -2.2983930110931396
-0.2473071664571762 0.6700097322463989 -0.6999471187591553 0.15030057728290558 0.08131971955299377 -0.7054855227470398 -0.7040433883666992 -0.5181584358215332 -0.965518593788147 -0.2310345321893692 0.11998675018548965 -2.298410177230835
-0.24725885689258575 0.6699841022491455 -0.6999887228012085 0.1503075510263443 0.08126933872699738 -0.7055349349975586 -0.7039996981620789 -0.5181693434715271 -0.9655351638793945 -0.23095783591270447 0.12000071257352829 -2.298424243927002
-0.24723829329013824 0.6700208783149719 -0.6999607682228088 0.15031611919403076 0.08122633397579193 -0.7055131793022156 -0.704026460647583 -0.5181715488433838 -0.9655440449714661 -0.23091760277748108 0.12000665813684464 -2.298449754714966
-0.2470952421426773 0.6700233817100525 -0.7000088691711426 0.15032325685024261 0.08122269064188004 -0.705545961856842 -0.7039940357208252 -0.5181580781936646 -0.9655809998512268 -0.2308102399110794 0.11991607397794724 -2.298426389694214
-0.2471063882112503 0.67002934217453 -0.699999213218689 0.15032142400741577 0.08115042746067047 -0.7055545449256897 -0.7039937376976013 -0.518162727355957 -0.9655842185020447 -0.2307666540145874 0.11997399479150772 -2.2984530925750732
-0.2470855414867401 0.6700497269630432 -0.6999871134757996 0.15031009912490845 0.08119488507509232 -0.7055284380912781 -0.704014778137207 -0.5181222558021545 -0.9655858278274536 -0.23078729212284088 0.11992139369249344 -2.2983899116516113
-0.24705924093723297 0.6701049208641052 -0.6999435424804688 0.15030038356781006 0.08117374032735825 -0.7054843306541443 -0.7040614485740662 -0.5181507468223572 -0.9655943512916565 -0.23076197504997253 0.1199016198515892 -2.298349618911743
-0.24710871279239655 0.670080840587616 -0.6999491453170776 0.1503281146287918 0.08118846267461777 -0.705493152141571 -0.7040508985519409 -0.5181534290313721 -0.965580403804779 -0.23080496490001678 0.11993079632520676 -2.2983405590057373
-0.24707476794719696 0.6700870394706726 -0.6999552249908447 0.1503320336341858 0.08116760104894638 -0.7055000066757202 -0.704046368598938 -0.5181953310966492 -0.9655908942222595 -0.23076583445072174 0.11992201954126358 -2.298276901245117
-0.2469971925020218 0.6700235605239868 -0.7000433206558228 0.15038356184959412 0.08118341863155365 -0.7055786848068237 -0.7039657235145569 -0.5182055234909058 -0.9656093716621399 -0.2307095229625702 0.1198812872171402 -2.29826283454895
-0.24699747562408447 0.6700374484062195 -0.7000299692153931 0.15036343038082123 0.08103445917367935 -0.7056002616882324 -0.7039612531661987 -0.5182226896286011 -0.965621829032898 -0.23060326278209686 0.11998549103736877 -2.2982616424560547
-0.24700215458869934 0.6700345873832703 -0.7000309824943542 0.15039068460464478 0.08104361593723297 -0.7055997848510742 -0.703960657119751 -0.518241822719574 -0.9656198620796204 -0.23061290383338928 0.1199827641248703 -2.2982656955718994
-0.2470339685678482 0.6700546741485596 -0.700000524520874 0.15035326778888702 0.08103760331869125 -0.7055734395980835 -0.7039878368377686 -0.5181839466094971 -0.9656122326850891 -0.23063533008098602 0.12000110000371933 -2.2983036041259766
-0.24699483811855316 0.6700939536094666 -0.6999768018722534 0.15037168562412262 0.08104608207941055 -0.7055413126945496 -0.7040190100669861 -0.5181930661201477 -0.9656215310096741 -0.23061950504779816 0.11995670199394226 -2.2983150482177734
-0.24698098003864288 0.6700515747070312 -0.7000222206115723 0.15028676390647888 0.08104965835809708 -0.7055863738059998 -0.7039734125137329 -0.5181596875190735 -0.9656247496604919 -0.23060466349124908 0.11995909363031387 -2.2983105182647705
-0.24699777364730835 0.6700979471206665 -0.6999719142913818 0.15029610693454742 0.08104132860898972 -0.7055376768112183 -0.7040231823921204 -0.5181803703308105 -0.9656211733818054 -0.23061887919902802 0.1199607402086258 -2.2983150482177734
-0.24701102077960968 0.6701074242591858 -0.6999582052230835 0.15028560161590576 0.08104421198368073 -0.7055243253707886 -0.7040362358093262 -0.5181351900100708 -0.9656175374984741 -0.23063232004642487 0.11996407806873322 -2.298222780227661
-0.24698947370052338 0.6700881719589233 -0.6999841928482056 0.15030530095100403 0.0810239389538765 -0.7055537104606628 -0.7040091753005981 -0.518129289150238 -0.9656247496604919 -0.23059839010238647 0.11997128278017044 -2.298257350921631
-0.24700643122196198 0.6700666546821594 -0.6999988555908203 0.15032510459423065 0.08099505305290222 -0.7055781483650208 -0.7039879560470581 -0.5181328654289246 -0.9656228423118591 -0.23058605194091797 0.1200103908777237 -2.2982614040374756
-0.24699647724628448 0.6700858473777771 -0.6999839544296265 0.15035799145698547 0.08096887916326523 -0.705567479133606 -0.7040016651153564 -0.5181216597557068 -0.9656276106834412 -0.23056289553642273 0.12001670151948929 -2.2982823848724365
-0.24704468250274658 0.6700876951217651 -0.6999651789665222 0.1503733992576599 0.08097892254590988 -0.7055516839027405 -0.704016387462616 -0.518120527267456 -0.9656144380569458 -0.23060598969459534 0.1200399398803711 -2.2982895374298096
-0.24700157344341278 0.6701298356056213 -0.6999400854110718 0.15034623444080353 0.08102370798587799 -0.7055089473724365 -0.7040539979934692 -0.5181005001068115 -0.9656217098236084 -0.23061424493789673 0.11996554583311081 -2.2983319759368896
-0.24700166285037994 0.6701571941375732 -0.6999138593673706 0.1503642499446869 0.08101615309715271 -0.7054831981658936 -0.7040807008743286 -0.5181034803390503 -0.9656223058700562 -0.23061348497867584 0.11996209621429443 -2.2983479499816895
-0.24710716307163239 0.670131504535675 -0.6999011635780334 0.15034793317317963 0.08099426329135895 -0.705488920211792 -0.7040774822235107 -0.5181044936180115 -0.9655971527099609 -0.23067063093185425 0.12005467712879181 -2.2983813285827637
-0.24701522290706635 0.6701305508613586 -0.6999346017837524 0.1503281593322754 0.08099713921546936 -0.7055113315582275 -0.7040547132492065 -0.518155574798584 -0.9656203985214233 -0.23060499131679535 0.11999350786209106 -2.298361301422119
-0.2470107227563858 0.670109748840332 -0.6999560594558716 0.150314599275589 0.08097352087497711 -0.7055389285087585 -0.7040297389030457 -0.5181366801261902 -0.9656235575675964 -0.2305808663368225 0.12001466751098633 -2.2983627319335938
-0.24701666831970215 0.6701303720474243 -0.699934184551239 0.15029382705688477 0.08099689334630966 -0.7055111527442932 -0.7040548920631409 -0.5181870460510254 -0.9656200408935547 -0.2306058406829834 0.11999466270208359 -2.29831600189209
-0.24702996015548706 0.6701381206512451 -0.6999221444129944 0.15027740597724915 0.08093231916427612 -0.7055156230926514 -0.7040578126907349 -0.5182107090950012 -0.965622067451477 -0.2305697500705719 0.12004779279232025 -2.2983288764953613
-0.24706749618053436 0.6701008677482605 -0.6999445557594299 0.15031717717647552 0.08097095787525177 -0.7055348753929138 -0.704034149646759 -0.5181851387023926 -0.9656092524528503 -0.23061919212341309 0.12005615234375 -2.2984395027160645
-0.2470436841249466 0.6701555252075195 -0.6999006271362305 0.15029266476631165 0.08093217015266418 -0.7054948806762695 -0.7040786743164062 -0.5181528925895691 -0.9656186103820801 -0.23058271408081055 0.12005103379487991 -2.298377275466919
-0.24703764915466309 0.6701635122299194 -0.6998950839042664 0.15032625198364258 0.08089122176170349 -0.7054980397224426 -0.7040801644325256 -0.5181627869606018 -0.9656235575675964 -0.23054973781108856 0.12007436901330948 -2.2984249591827393
-0.24711090326309204 0.6700559258460999 -0.6999722123146057 0.1503554731607437 0.08098451793193817 -0.7055663466453552 -0.7040010094642639 -0.5181766748428345 -0.9655969738960266 -0.2306532859802246 0.12008911371231079 -2.2984535694122314
-0.24701246619224548 0.6700969338417053 -0.6999676823616028 0.1502956598997116 0.0810493528842926 -0.7055332660675049 -0.7040266990661621 -0.5181498527526855 -0.965616762638092 -0.2306353598833084 0.11996471881866455 -2.298370361328125
-0.24699275195598602 0.6700980067253113 -0.6999736428260803 0.15030455589294434 0.08102484047412872 -0.705542802810669 -0.7040199637413025 -0.518153727054596 -0.9656238555908203 -0.23060312867164612 0.11996950954198837 -2.2983956336975098
-0.24702468514442444 0.6700291037559509 -0.7000283598899841 0.1503387838602066 0.08115922659635544 -0.7055723667144775 -0.7039749026298523 -0.5181245803833008 -0.9656043648719788 -0.23071298003196716 0.11991486698389053 -2.298342704772949
-0.24706974625587463 0.6700271964073181 -0.7000142335891724 0.15032537281513214 0.08115532249212265 -0.7055643796920776 -0.7039833664894104 -0.5181436538696289 -0.965593159198761 -0.2307429313659668 0.11994746327400208 -2.2983057498931885
-0.24710574746131897 0.6699824929237366 -0.7000443339347839 0.15032976865768433 0.08123002201318741 -0.7055827975273132 -0.7039562463760376 -0.5181418657302856 -0.9655777215957642 -0.2308163046836853 0.11993099749088287 -2.2983410358428955
-0.2471013218164444 0.6699564456939697 -0.7000707983970642 0.15037471055984497 0.08123644441366196 -0.7056085467338562 -0.7039297223091125 -0.5180838704109192 -0.9655782580375671 -0.23081327974796295 0.11993204802274704 -2.2982676029205322
-0.24712778627872467 0.6699839234352112 -0.7000351548194885 0.15036188066005707 0.08118797093629837 -0.7055861353874207 -0.7039577960968018 -0.5180947184562683 -0.9655755758285522 -0.2308020144701004 0.11997542530298233 -2.298269271850586
-0.2471373826265335 0.6699711084365845 -0.7000440955162048 0.15032511949539185 0.0811748281121254 -0.705599844455719 -0.703945517539978 -0.518094539642334 -0.9655742645263672 -0.23079727590084076 0.11999544501304626 -2.2982795238494873
-0.2472001612186432 0.6699333190917969 -0.7000580430030823 0.15033507347106934 0.08125001192092896 -0.7056047320365906 -0.7039319276809692 -0.5181159973144531 -0.9655518531799316 -0.2308918684720993 0.11999364197254181 -2.2983272075653076
-0.24723227322101593 0.6699455976486206 -0.7000349760055542 0.1503344476222992 0.08122541010379791 -0.705590546131134 -0.703948974609375 -0.5181165933609009 -0.9655457139015198 -0.2308996021747589 0.12002827972173691 -2.298344612121582
-0.2472245991230011 0.6699318289756775 -0.7000508904457092 0.15035392343997955 0.08122007548809052 -0.7056075930595398 -0.703932523727417 -0.5181345343589783 -0.9655480980873108 -0.23088768124580383 0.12003176659345627 -2.2983858585357666
-0.24716946482658386 0.6699472665786743 -0.7000555396080017 0.1503075212240219 0.0812738761305809 -0.7055923938751221 -0.7039415836334229 -0.5181307792663574 -0.9655576944351196 -0.23088914155960083 0.11995180696249008 -2.2983155250549316
-0.24719370901584625 0.6699594259262085 -0.7000353336334229 0.15030576288700104 0.08125515282154083 -0.7055788040161133 -0.7039573192596436 -0.5181527137756348 -0.9655530452728271 -0.23089535534381866 0.11997711658477783 -2.298301935195923
-0.24708063900470734 0.6700049638748169 -0.7000316977500916 0.15035860240459442 0.08110447973012924 -0.7055962681770325 -0.703957200050354 -0.5182019472122192 -0.9655946493148804 -0.230709969997406 0.11999890208244324 -2.298238515853882
-0.24701350927352905 0.6700384020805359 -0.700023353099823 0.15033012628555298 0.0809662938117981 -0.7056117653846741 -0.7039576172828674 -0.51814866065979 -0.9656234383583069 -0.2305653989315033 0.1200452372431755 -2.2981996536254883
-0.24701818823814392 0.669981837272644 -0.7000758647918701 0.15034528076648712 0.08107254654169083 -0.7056421041488647 -0.7039149403572083 -0.5181155204772949 -0.9656133055686951 -0.23063679039478302 0.11998943239450455 -2.2982888221740723
-0.24698400497436523 0.6700512766838074 -0.7000214457511902 0.1503709852695465 0.08098974823951721 -0.7056002616882324 -0.7039664387702942 -0.5181584358215332 -0.9656290411949158 -0.23056305944919586 0.1200048178434372 -2.298356056213379
-0.24703285098075867 0.6700521111488342 -0.7000033855438232 0.15030914545059204 0.08108268678188324 -0.7055655121803284 -0.7039905786514282 -0.5181533098220825 -0.9656087160110474 -0.23066700994968414 0.11996835470199585 -2.2984061241149902
-0.24705831706523895 0.6700682044029236 -0.6999790072441101 0.15030525624752045 0.08104176819324493 -0.7055529952049255 -0.7040078043937683 -0.5181715488433838 -0.9656056761741638 -0.23065859079360962 0.12000934779644012 -2.298394203186035
-0.24702109396457672 0.6700878739356995 -0.6999733448028564 0.15033040940761566 0.08098645508289337 -0.7055553197860718 -0.7040117979049683 -0.5181570649147034 -0.9656198024749756 -0.2305941879749298 0.12001913785934448 -2.29842209815979
-0.24702909588813782 0.670078694820404 -0.699979305267334 0.1503479778766632 0.08098500221967697 -0.7055630087852478 -0.7040042877197266 -0.5181566476821899 -0.9656178951263428 -0.23059742152690887 0.12002839893102646 -2.2984495162963867
-0.24704082310199738 0.6700689792633057 -0.6999844312667847 0.15035511553287506 0.08097466081380844 -0.7055724263191223 -0.7039960622787476 -0.5181136727333069 -0.9656157493591309 -0.23059682548046112 0.1200467124581337 -2.2984628677368164
-0.2470051795244217 0.6701025366783142 -0.6999649405479431 0.15034234523773193 0.08098360151052475 -0.7055451273918152 -0.7040224075317383 -0.5180876851081848 -0.9656240940093994 -0.23058292269706726 0.12000611424446106 -2.298426628112793
-0.2469821721315384 0.6700982451438904 -0.6999770998954773 0.1503562182188034 0.08101184666156769 -0.7055481672286987 -0.7040160894393921 -0.5180809497833252 -0.9656276106834412 -0.23058591783046722 0.11997205018997192 -2.2984488010406494
-0.24697448313236237 0.6701196432113647 -0.699959397315979 0.1503472626209259 0.08100985735654831 -0.7055290341377258 -0.7040355205535889 -0.5180948376655579 -0.9656297564506531 -0.23058247566223145 0.11996149271726608 -2.298431158065796
-0.24693728983402252 0.6701087951660156 -0.6999828815460205 0.1503456085920334 0.08091895282268524 -0.7055705785751343 -0.7040042877197266 -0.518142819404602 -0.9656469225883484 -0.23048685491085052 0.12000731378793716 -2.2985615730285645
-0.24699600040912628 0.6700692176818848 -0.7000000476837158 0.15033124387264252 0.08097357302904129 -0.7055832147598267 -0.7039853930473328 -0.5181325078010559 -0.9656273126602173 -0.23056313395500183 0.12001845985651016 -2.2985236644744873
-0.24697451293468475 0.6700465679168701 -0.7000293135643005 0.1503206491470337 0.08100157231092453 -0.7056044936180115 -0.7039608359336853 -0.5181531310081482 -0.9656304717063904 -0.2305639088153839 0.11999163031578064 -2.2985074520111084
-0.24695953726768494 0.6700257658958435 -0.7000544667243958 0.1503734588623047 0.08088486641645432 -0.7056568264961243 -0.7039217948913574 -0.5181509256362915 -0.9656440615653992 -0.23046407103538513 0.12007386237382889 -2.298468589782715
-0.246946781873703 0.6699965596199036 -0.7000869512557983 0.15037819743156433 0.0808941200375557 -0.7056870460510254 -0.7038903832435608 -0.518169641494751 -0.9656465649604797 -0.23045644164085388 0.1200684979557991 -2.2984633445739746
-0.24692191183567047 0.6700324416160583 -0.7000613808631897 0.15037766098976135 0.0808766633272171 -0.7056611180305481 -0.70391845703125 -0.5181591510772705 -0.9656543731689453 -0.23043157160282135 0.12005332112312317 -2.2984001636505127
-0.24702289700508118 0.6699619889259338 -0.7000932097434998 0.15034182369709015 0.08092226833105087 -0.7056968212127686 -0.703877329826355 -0.51816725730896 -0.9656247496604919 -0.23052701354026794 0.12010856717824936 -2.298341751098633
-0.24699676036834717 0.6699846982955933 -0.7000806331634521 0.15031902492046356 0.0809764713048935 -0.7056673169136047 -0.7039007544517517 -0.5182093977928162 -0.9656268954277039 -0.2305513173341751 0.12004466354846954 -2.29829478263855
-0.24706150591373444 0.6699839234352112 -0.7000585794448853 0.15028977394104004 0.08099856227636337 -0.7056472897529602 -0.7039182782173157 -0.5181661248207092 -0.9656084775924683 -0.23061490058898926 0.12007066607475281 -2.2983040809631348
-0.24702100455760956 0.6699748039245605 -0.7000815868377686 0.15026916563510895 0.08100329339504242 -0.705665111541748 -0.7038998603820801 -0.518173098564148 -0.9656184315681458 -0.23058703541755676 0.12004406005144119 -2.298290491104126
-0.24704204499721527 0.6700282692909241 -0.7000229954719543 0.1502704918384552 0.08100347220897675 -0.70560622215271 -0.7039588689804077 -0.5181865692138672 -0.9656130075454712 -0.23061178624629974 0.1200399175286293 -2.2982981204986572
-0.24703548848628998 0.6700267791748047 -0.7000267505645752 0.15026119351387024 0.0810137465596199 -0.7056068181991577 -0.7039570808410645 -0.5181524753570557 -0.965613842010498 -0.23061423003673553 0.12002867460250854 -2.2982406616210938
-0.24714793264865875 0.6700036525726318 -0.7000091671943665 0.15025189518928528 0.0810573548078537 -0.7055926322937012 -0.7039662599563599 -0.5181686878204346 -0.9655814170837402 -0.2307247668504715 0.12007716298103333 -2.298220157623291
-0.24712350964546204 0.6699814200401306 -0.7000390887260437 0.15024016797542572 0.08110013604164124 -0.7056106328964233 -0.7039433121681213 -0.5181886553764343 -0.9655840396881104 -0.23073425889015198 0.12003752589225769 -2.2982397079467773
-0.24715261161327362 0.6699185371398926 -0.7000889778137207 0.15025976300239563 0.08113113045692444 -0.7056595087051392 -0.7038908004760742 -0.5182086825370789 -0.9655740261077881 -0.23076751828193665 0.1200544610619545 -2.2983033657073975
-0.24719637632369995 0.6699439287185669 -0.7000492215156555 0.15028788149356842 0.08112034201622009 -0.7056260108947754 -0.7039255499839783 -0.5182023048400879 -0.9655637145042419 -0.23079614341259003 0.12008223682641983 -2.298344850540161
-0.24717020988464355 0.669951856136322 -0.7000508904457092 0.15031926333904266 0.08114878088235855 -0.7056175470352173 -0.7039307951927185 -0.5181878805160522 -0.9655680060386658 -0.23079904913902283 0.12004198879003525 -2.298278331756592
-0.24717876315116882 0.6699609756469727 -0.7000391483306885 0.1503334790468216 0.08116745948791504 -0.7056018710136414 -0.7039443850517273 -0.5181969404220581 -0.9655642509460449 -0.23082055151462555 0.12003089487552643 -2.2982864379882812
-0.24718233942985535 0.6700172424316406 -0.6999840140342712 0.15033750236034393 0.08117375522851944 -0.7055428624153137 -0.7040027379989624 -0.5181633234024048 -0.9655628204345703 -0.23083743453025818 0.12001004815101624 -2.2983055114746094
-0.24714264273643494 0.6699240803718567 -0.7000871896743774 0.15039844810962677 0.0810626894235611 -0.7056726813316345 -0.7038854360580444 -0.5182134509086609 -0.9655823111534119 -0.23071111738681793 0.12009608745574951 -2.298360586166382
