# 3x4 first row second row third row Freq: 100 current Time: 2021-07-28-16:31:45
-0.7839463949203491 -0.09925106167793274 -0.61284339427948 -0.10120588541030884 0.5337263345718384 -0.611973762512207 -0.5836300849914551 -0.41502252221107483 -0.31711825728416443 -0.7846254706382751 0.5327277183532715 -2.370884418487549
-0.7839984893798828 -0.09925656020641327 -0.6127758622169495 -0.10121936351060867 0.5337064266204834 -0.611905574798584 -0.583719789981842 -0.41503065824508667 -0.31702300906181335 -0.7846779823303223 0.5327070951461792 -2.3708889484405518
-0.7839862704277039 -0.09921959787607193 -0.6127974987030029 -0.10123070329427719 0.5337338447570801 -0.6118313074111938 -0.583772599697113 -0.4149974584579468 -0.31700706481933594 -0.7847405672073364 0.532624363899231 -2.370849609375
-0.7839808464050293 -0.09920119494199753 -0.6128073930740356 -0.10124047100543976 0.5337384939193726 -0.6118150353431702 -0.5837854146957397 -0.41498076915740967 -0.31701260805130005 -0.7847555875778198 0.5325989723205566 -2.370835304260254
-0.7839933037757874 -0.09911899268627167 -0.6128048300743103 -0.10122653841972351 0.5336645245552063 -0.6118905544281006 -0.5837739109992981 -0.4150518476963043 -0.3171064555644989 -0.7847070693969727 0.532614529132843 -2.370842456817627
-0.7840125560760498 -0.09917126595973969 -0.6127716898918152 -0.10126712918281555 0.5336613059043884 -0.6119028925895691 -0.5837638974189758 -0.41506481170654297 -0.3170642554759979 -0.784690797328949 0.5326636433601379 -2.3708877563476562
-0.7839882373809814 -0.09916707873344421 -0.6128035187721252 -0.10128416866064072 0.533689022064209 -0.6118876338005066 -0.5837545394897461 -0.4150570034980774 -0.31707772612571716 -0.784703254699707 0.5326372385025024 -2.3708767890930176
-0.7840273976325989 -0.09928376972675323 -0.6127344369888306 -0.101265549659729 0.5336843132972717 -0.6119179725646973 -0.5837270021438599 -0.4150555729866028 -0.31698867678642273 -0.7846648097038269 0.5327468514442444 -2.3709053993225098
-0.784020721912384 -0.09929303824901581 -0.6127415299415588 -0.1012788712978363 0.5336989164352417 -0.6119065284729004 -0.5837256908416748 -0.41504746675491333 -0.3169807195663452 -0.7846726179122925 0.5327401757240295 -2.3708982467651367
-0.7840362191200256 -0.09914948791265488 -0.6127449870109558 -0.10125768184661865 0.5336129069328308 -0.6119462251663208 -0.5837627649307251 -0.415054589509964 -0.31708723306655884 -0.7846598029136658 0.5326955914497375 -2.3709495067596436
-0.7840763926506042 -0.09921371936798096 -0.612683117389679 -0.10124298185110092 0.53361576795578 -0.6119053959846497 -0.5838028788566589 -0.41507527232170105 -0.3169828951358795 -0.7846835255622864 0.5327227711677551 -2.370985746383667
-0.7840161919593811 -0.09909358620643616 -0.6127796173095703 -0.10120658576488495 0.5336012840270996 -0.6119687557220459 -0.5837496519088745 -0.41511163115501404 -0.31715619564056396 -0.7846492528915405 0.5326700806617737 -2.3709969520568848
-0.7840425372123718 -0.0990782231092453 -0.6127483248710632 -0.10120207816362381 0.5335907340049744 -0.611918032169342 -0.5838124752044678 -0.4150986671447754 -0.31710872054100037 -0.784690797328949 0.5326371788978577 -2.371063709259033
-0.7839874029159546 -0.09900496155023575 -0.6128307580947876 -0.10119776427745819 0.5335348844528198 -0.6121163964271545 -0.583655595779419 -0.4151034951210022 -0.3173390030860901 -0.7845453023910522 0.532714307308197 -2.3710579872131348
-0.7840633988380432 -0.09905145317316055 -0.6127260327339172 -0.1012122631072998 0.5335114598274231 -0.6120396256446838 -0.5837575197219849 -0.4151262044906616 -0.31719064712524414 -0.7845993638038635 0.5327231287956238 -2.3710579872131348
-0.7840430736541748 -0.09906820952892303 -0.6127492785453796 -0.10122939944267273 0.5335545539855957 -0.6119967699050903 -0.5837630033493042 -0.41508355736732483 -0.31716829538345337 -0.7846306562423706 0.5326902866363525 -2.3710427284240723
-0.7839910984039307 -0.09890445321798325 -0.6128422617912292 -0.10122130811214447 0.5335038900375366 -0.6120885610580444 -0.5837131142616272 -0.41514289379119873 -0.31738194823265076 -0.7845796942710876 0.5326380729675293 -2.3710927963256836
-0.7840006351470947 -0.09889302402734756 -0.6128319501876831 -0.10122786462306976 0.5334901213645935 -0.6120893359184265 -0.5837249159812927 -0.4151451289653778 -0.3173816204071045 -0.7845805287361145 0.5326370000839233 -2.371081829071045
-0.7840366363525391 -0.09893640130758286 -0.6127788424491882 -0.10121451318264008 0.5334919095039368 -0.6120413541793823 -0.5837735533714294 -0.4151434600353241 -0.3172895908355713 -0.7846124768257141 0.5326448082923889 -2.371150016784668
-0.7840060591697693 -0.09891249984502792 -0.6128218173980713 -0.10123759508132935 0.5334692001342773 -0.61214679479599 -0.5836837887763977 -0.4151219129562378 -0.3174033463001251 -0.7845332622528076 0.5326937437057495 -2.371119499206543
-0.783997654914856 -0.0988190695643425 -0.612847626209259 -0.10123734921216965 0.5334396958351135 -0.6121504306793213 -0.5837069153785706 -0.41512835025787354 -0.3174736201763153 -0.7845422029495239 0.5326387286186218 -2.3711581230163574
-0.7839760184288025 -0.09883113205432892 -0.6128734350204468 -0.10124031454324722 0.5334681868553162 -0.6121426224708557 -0.5836890935897827 -0.41512179374694824 -0.31747934222221375 -0.7845467925071716 0.5326285362243652 -2.3711533546447754
-0.784064769744873 -0.09883596748113632 -0.6127590537071228 -0.10121989250183105 0.5334141254425049 -0.6120718121528625 -0.5838127136230469 -0.4151362478733063 -0.3173508942127228 -0.7846013903617859 0.5326246023178101 -2.3712213039398193
-0.7840039730072021 -0.09872255474328995 -0.612855076789856 -0.10120205581188202 0.5333696007728577 -0.6122167706489563 -0.5837013721466064 -0.41514697670936584 -0.31757575273513794 -0.7845025658607483 0.5326362252235413 -2.371199131011963
-0.783993661403656 -0.09882045537233353 -0.6128525137901306 -0.10128814727067947 0.5334582328796387 -0.6121153235435486 -0.5837267637252808 -0.4151431620121002 -0.3174523413181305 -0.7845693826675415 0.5326113104820251 -2.3711998462677
-0.7840023636817932 -0.09882231801748276 -0.6128410696983337 -0.10130492597818375 0.5334506630897522 -0.6121153235435486 -0.5837336778640747 -0.41513592004776 -0.31744351983070374 -0.7845692038536072 0.5326168537139893 -2.3711886405944824
-0.7839627861976624 -0.09874629229307175 -0.6129039525985718 -0.10126194357872009 0.5334376692771912 -0.6121682524681091 -0.5836900472640991 -0.4151186943054199 -0.31756317615509033 -0.7845374345779419 0.5325922966003418 -2.3712830543518066
-0.7840132713317871 -0.0987764373421669 -0.6128345131874084 -0.1012171059846878 0.5334301590919495 -0.6120967268943787 -0.5837719440460205 -0.415166974067688 -0.3174511790275574 -0.7845894694328308 0.5325824618339539 -2.3713064193725586
-0.7839785814285278 -0.09882629662752151 -0.6128708720207214 -0.10123441368341446 0.5334779024124146 -0.6121078133583069 -0.5837166905403137 -0.41513535380363464 -0.31745654344558716 -0.7845745086669922 0.5326012372970581 -2.3712515830993652
-0.7840114235877991 -0.09886296838521957 -0.6128230094909668 -0.10123905539512634 0.533463180065155 -0.6121019721031189 -0.5837362408638 -0.4151277244091034 -0.31740033626556396 -0.7845744490623474 0.5326348543167114 -2.371244192123413
-0.7839791178703308 -0.0989987850189209 -0.6128423810005188 -0.10125298798084259 0.5335440635681152 -0.6121074557304382 -0.5836566090583801 -0.4151041507720947 -0.31734415888786316 -0.784553050994873 0.5326998233795166 -2.3712809085845947
-0.7839918732643127 -0.09903650730848312 -0.6128199696540833 -0.10120916366577148 0.5335494875907898 -0.6120998859405518 -0.5836595296859741 -0.415127158164978 -0.31730350852012634 -0.7845541834831238 0.5327224135398865 -2.371318817138672
-0.7839462161064148 -0.09908076375722885 -0.6128712296485901 -0.10121197998523712 0.533618152141571 -0.6120796799659729 -0.5836179256439209 -0.41512835025787354 -0.31730079650878906 -0.7845643758773804 0.532709002494812 -2.3713181018829346
-0.7839467525482178 -0.09914909303188324 -0.6128594279289246 -0.10123222321271896 0.5336527228355408 -0.6120579838752747 -0.5836091041564941 -0.41509804129600525 -0.31724125146865845 -0.7845727205276489 0.5327322483062744 -2.371305227279663
-0.783972978591919 -0.09921877831220627 -0.6128146648406982 -0.10124395042657852 0.5336309671401978 -0.6121165156364441 -0.5835676193237305 -0.41508787870407104 -0.31721317768096924 -0.7845181822776794 0.5328291654586792 -2.37134051322937
-0.7840172648429871 -0.09907485544681549 -0.612781286239624 -0.10122377425432205 0.5335145592689514 -0.6121629476547241 -0.5836253762245178 -0.4151275157928467 -0.31729942560195923 -0.7845001816749573 0.5328043699264526 -2.3713982105255127
-0.7840311527252197 -0.09908231347799301 -0.6127622723579407 -0.10122845321893692 0.5334866046905518 -0.6122064590454102 -0.5836052894592285 -0.41511207818984985 -0.3173121213912964 -0.7844652533531189 0.5328481793403625 -2.3714003562927246
-0.7840442657470703 -0.0990009754896164 -0.6127586364746094 -0.10120056569576263 0.5334895849227905 -0.6120907664299011 -0.5837239027023315 -0.4151020646095276 -0.31727471947669983 -0.784565806388855 0.5327224135398865 -2.3713066577911377
-0.7841078042984009 -0.0989215150475502 -0.6126901507377625 -0.1012343242764473 0.5334131717681885 -0.6120542287826538 -0.5838320255279541 -0.41508784890174866 -0.31724613904953003 -0.7846043109893799 0.5326827168464661 -2.3712801933288574
-0.7840775847434998 -0.09897427260875702 -0.6127203106880188 -0.10125463455915451 0.533449113368988 -0.612086832523346 -0.5837649703025818 -0.41505059599876404 -0.31726038455963135 -0.7845722436904907 0.5327214598655701 -2.37125301361084
-0.7841063141822815 -0.09896885603666306 -0.612684428691864 -0.10122901946306229 0.5334317088127136 -0.6120569705963135 -0.5838121771812439 -0.41513851284980774 -0.3172186017036438 -0.7845962643623352 0.5327110290527344 -2.371208906173706
-0.784015953540802 -0.09893670678138733 -0.6128053069114685 -0.10122232139110565 0.5334901809692383 -0.6120947003364563 -0.5837191939353943 -0.4151870012283325 -0.31734368205070496 -0.7845708131790161 0.5326739549636841 -2.371263027191162
-0.7839851379394531 -0.0987733006477356 -0.6128710508346558 -0.10120540857315063 0.5334057807922363 -0.6122202277183533 -0.5836647152900696 -0.41514113545417786 -0.3175615966320038 -0.7844935059547424 0.5326579809188843 -2.3713810443878174
-0.7840077877044678 -0.09884429723024368 -0.612830638885498 -0.10121826827526093 0.5333912372589111 -0.6122704744338989 -0.5836252570152283 -0.4151444733142853 -0.31753015518188477 -0.7844452857971191 0.5327476859092712 -2.3714256286621094
-0.7840240001678467 -0.09883112460374832 -0.6128119826316833 -0.10117211192846298 0.5333428382873535 -0.612339198589325 -0.5835973620414734 -0.41519132256507874 -0.3175713121891022 -0.784393310546875 0.5327997207641602 -2.3715219497680664
-0.7839799523353577 -0.09885585308074951 -0.6128643751144409 -0.10117053240537643 0.5333923101425171 -0.6123442053794861 -0.5835469365119934 -0.4151834547519684 -0.317596971988678 -0.7843863368034363 0.532794713973999 -2.3715312480926514
-0.7840107083320618 -0.09877370297908783 -0.6128382682800293 -0.10119534283876419 0.5333115458488464 -0.6123931407928467 -0.5835694074630737 -0.41518884897232056 -0.3176566958427429 -0.7843584418296814 0.5328001379966736 -2.371549129486084
-0.7840558886528015 -0.09873012453317642 -0.6127874851226807 -0.10123316198587418 0.5332636833190918 -0.6123635768890381 -0.5836441516876221 -0.41518208384513855 -0.317625492811203 -0.7843870520591736 0.5327766537666321 -2.371570348739624
-0.7840130925178528 -0.09885615855455399 -0.6128219366073608 -0.10124972462654114 0.5333424806594849 -0.6123897433280945 -0.5835446715354919 -0.41517865657806396 -0.31759893894195557 -0.7843507528305054 0.5328459143638611 -2.3715786933898926
-0.7840470671653748 -0.0988333523273468 -0.6127821803092957 -0.10124123841524124 0.5333357453346252 -0.6123046875 -0.5836400985717773 -0.41521498560905457 -0.31752634048461914 -0.7844200134277344 0.5327872037887573 -2.371605396270752
-0.7840498089790344 -0.09890392422676086 -0.612767219543457 -0.10126766562461853 0.5333659052848816 -0.6122908592224121 -0.5836270451545715 -0.4151363670825958 -0.3174687922000885 -0.7844219207763672 0.5328186750411987 -2.371516466140747
-0.7840902805328369 -0.09891129285097122 -0.6127142906188965 -0.10122828930616379 0.5333493947982788 -0.6122434139251709 -0.5836918950080872 -0.41515862941741943 -0.3173966109752655 -0.7844579815864563 0.5328085422515869 -2.3715498447418213
-0.7840268015861511 -0.09893925487995148 -0.6127910017967224 -0.10123524814844131 0.5334301590919495 -0.6122199892997742 -0.5836426615715027 -0.41516903042793274 -0.31741780042648315 -0.7844727635383606 0.5327742099761963 -2.371570110321045
-0.7841016054153442 -0.09895388036966324 -0.6126929521560669 -0.10127270966768265 0.5333827137947083 -0.6121751070022583 -0.5837331414222717 -0.41515058279037476 -0.31731274724006653 -0.7845059633255005 0.5327879190444946 -2.3715643882751465
-0.7840175032615662 -0.09895867854356766 -0.6127997636795044 -0.10127326101064682 0.5334448218345642 -0.6122241020202637 -0.5836249589920044 -0.4151274263858795 -0.31741610169410706 -0.7844671010971069 0.532783567905426 -2.3715076446533203
-0.7840753793716431 -0.09901303052902222 -0.6127169132232666 -0.10126525908708572 0.5334172248840332 -0.6122078895568848 -0.5836671590805054 -0.4150885045528412 -0.3173195421695709 -0.7844728827476501 0.5328325629234314 -2.371572494506836
-0.7840309143066406 -0.09910465776920319 -0.612758994102478 -0.10124140977859497 0.533497154712677 -0.6122022271156311 -0.5836000442504883 -0.4150920808315277 -0.31729498505592346 -0.7844657301902771 0.5328577160835266 -2.3715693950653076
-0.784043550491333 -0.09910556674003601 -0.6127426624298096 -0.10121508687734604 0.533515989780426 -0.6121266484260559 -0.5836620926856995 -0.41514959931373596 -0.3172319829463959 -0.7845246195793152 0.5328085422515869 -2.371530771255493
-0.7840291857719421 -0.09908927232027054 -0.6127637028694153 -0.10121165215969086 0.5335253477096558 -0.6121218800544739 -0.5836585164070129 -0.4151347279548645 -0.3172518312931061 -0.7845303416252136 0.5327882766723633 -2.371523141860962
-0.7840902805328369 -0.09909991174936295 -0.6126837730407715 -0.10123635828495026 0.5334923267364502 -0.6120697259902954 -0.5837434530258179 -0.41516971588134766 -0.3171563148498535 -0.7845697402954102 0.5327871441841125 -2.3715929985046387
-0.7841158509254456 -0.09906070679426193 -0.6126574277877808 -0.10126365721225739 0.5334609746932983 -0.6120496392250061 -0.5837931036949158 -0.41516026854515076 -0.31714585423469543 -0.7845903635025024 0.5327630639076233 -2.3716158866882324
-0.7840868234634399 -0.0990477129817009 -0.612696647644043 -0.10128572583198547 0.5334534049034119 -0.6121243238449097 -0.5837216973304749 -0.41512736678123474 -0.3172302842140198 -0.7845337390899658 0.5327961444854736 -2.3715667724609375
-0.7841423153877258 -0.09908497333526611 -0.6126195788383484 -0.10127804428339005 0.5334451198577881 -0.6120495796203613 -0.5838077068328857 -0.41512975096702576 -0.31710705161094666 -0.7845873236656189 0.5327905416488647 -2.3715789318084717
-0.7840726971626282 -0.09903232008218765 -0.6127172708511353 -0.10126406699419022 0.5335142016410828 -0.6119927167892456 -0.583804190158844 -0.41513070464134216 -0.31716305017471313 -0.7846383452415466 0.5326820611953735 -2.3715662956237793
-0.7841350436210632 -0.09904935956001282 -0.6126346588134766 -0.10122320801019669 0.5334832668304443 -0.6119383573532104 -0.583889365196228 -0.41514870524406433 -0.31706082820892334 -0.78467857837677 0.5326836705207825 -2.3716201782226562
-0.7841429710388184 -0.09893342852592468 -0.6126432418823242 -0.10119230300188065 0.5333787798881531 -0.6120678186416626 -0.5838492512702942 -0.41517889499664307 -0.31721705198287964 -0.7845922708511353 0.5327178239822388 -2.3716046810150146
-0.784141480922699 -0.09894639253616333 -0.6126431226730347 -0.10118758678436279 0.5333757400512695 -0.6120911836624146 -0.5838274359703064 -0.4151656925678253 -0.3172259032726288 -0.7845723628997803 0.5327418446540833 -2.371595859527588
-0.7840927839279175 -0.09885070472955704 -0.612720787525177 -0.10117778182029724 0.5333483815193176 -0.6121823191642761 -0.5837569236755371 -0.41520172357559204 -0.31739211082458496 -0.7845133543014526 0.5327298045158386 -2.371656656265259
-0.7841370701789856 -0.09895322471857071 -0.6126475930213928 -0.10124925523996353 0.5333622694015503 -0.6121413111686707 -0.583787202835083 -0.4151807427406311 -0.3172593414783478 -0.784532368183136 0.5327808260917664 -2.3716254234313965
-0.7841724157333374 -0.09897172451019287 -0.6125993728637695 -0.10124151408672333 0.5333476066589355 -0.6121120452880859 -0.5838313102722168 -0.41516610980033875 -0.31719672679901123 -0.7845529317855835 0.5327878594398499 -2.3716933727264404
-0.7841182351112366 -0.09913396835327148 -0.6126424670219421 -0.10125043243169785 0.5334507822990417 -0.612139105796814 -0.583708643913269 -0.41516801714897156 -0.317157119512558 -0.7845113277435303 0.5328726768493652 -2.371711015701294
-0.7840878367424011 -0.09911663830280304 -0.6126841902732849 -0.10126077383756638 0.5334594249725342 -0.6121729016304016 -0.5836653113365173 -0.4152076542377472 -0.31721779704093933 -0.7844871282577515 0.532872200012207 -2.3717410564422607
-0.7841026782989502 -0.0991208553314209 -0.612664520740509 -0.10126439481973648 0.5334447026252747 -0.6121782064437866 -0.5836731791496277 -0.41518840193748474 -0.3172057569026947 -0.7844824194908142 0.532886266708374 -2.3717424869537354
-0.784085214138031 -0.09896831959486008 -0.6127115488052368 -0.1012452021241188 0.5333687663078308 -0.6122617721557617 -0.5836548805236816 -0.41519683599472046 -0.31737658381462097 -0.7844364643096924 0.5328522324562073 -2.3717892169952393
-0.7840777635574341 -0.09897150844335556 -0.6127205491065979 -0.10125312954187393 0.5333825349807739 -0.612248420715332 -0.583656370639801 -0.4151800572872162 -0.3173719048500061 -0.7844464778900146 0.5328402519226074 -2.3717916011810303
-0.7840802669525146 -0.0990673378109932 -0.6127018928527832 -0.10126276314258575 0.5334230065345764 -0.6122337579727173 -0.5836347937583923 -0.4152011573314667 -0.31729766726493835 -0.7844458818435669 0.5328853726387024 -2.371781349182129
-0.7841559648513794 -0.09906992316246033 -0.6126046180725098 -0.10127174854278564 0.5333747267723083 -0.6121773719787598 -0.5837380290031433 -0.41521021723747253 -0.31719183921813965 -0.7844895720481873 0.5328840613365173 -2.371804714202881
-0.7840647101402283 -0.09895551204681396 -0.6127398610115051 -0.10128343105316162 0.5333878397941589 -0.6122507452964783 -0.5836490392684937 -0.415199339389801 -0.3173952102661133 -0.7844467163085938 0.5328260660171509 -2.371804714202881
-0.7841673493385315 -0.0990198478102684 -0.6125981211662292 -0.10128778219223022 0.5333357453346252 -0.6121991872787476 -0.5837507247924805 -0.4152030050754547 -0.3172292411327362 -0.7844787836074829 0.5328776240348816 -2.371833324432373
-0.784098744392395 -0.09900514781475067 -0.6126883029937744 -0.10129442811012268 0.5333800911903381 -0.6122371554374695 -0.5836703777313232 -0.4151737689971924 -0.3173242509365082 -0.7844510078430176 0.5328619480133057 -2.371821641921997
-0.7841153740882874 -0.0989803820848465 -0.6126710176467896 -0.10124775767326355 0.5333648920059204 -0.6122120022773743 -0.5837107300758362 -0.4152185320854187 -0.3173086941242218 -0.7844738364219666 0.5328376293182373 -2.371851921081543
-0.7841125726699829 -0.09901297092437744 -0.6126692891120911 -0.10126054286956787 0.5333617925643921 -0.612257182598114 -0.5836661458015442 -0.41521403193473816 -0.31732070446014404 -0.78443443775177 0.5328884720802307 -2.3718807697296143
-0.7842081189155579 -0.09900958836078644 -0.6125475764274597 -0.10126093029975891 0.5332760214805603 -0.6122410297393799 -0.58376145362854 -0.41521546244621277 -0.31722885370254517 -0.784447431564331 0.5329239964485168 -2.3719100952148438
-0.7841134071350098 -0.09901157766580582 -0.612668514251709 -0.1012553870677948 0.5333758592605591 -0.6122192144393921 -0.5836930871009827 -0.4151916205883026 -0.3172951340675354 -0.7844642400741577 0.5328598618507385 -2.371901512145996
-0.7840864062309265 -0.09915895015001297 -0.6126791834831238 -0.1012452095746994 0.5334729552268982 -0.6121830940246582 -0.5836422443389893 -0.4152156412601471 -0.3171985447406769 -0.7844738364219666 0.532903254032135 -2.371978998184204
-0.7840886116027832 -0.09915991127490997 -0.6126762628555298 -0.10124382376670837 0.5334698557853699 -0.6121864318847656 -0.583641529083252 -0.415190726518631 -0.3171983063220978 -0.7844710946083069 0.5329074263572693 -2.371983051300049
-0.7840964198112488 -0.09921066462993622 -0.6126579642295837 -0.10128413885831833 0.5334949493408203 -0.6121543049812317 -0.5836523175239563 -0.41514477133750916 -0.3171367347240448 -0.7844897508621216 0.5329166054725647 -2.3720154762268066
-0.7841776609420776 -0.09919291734695435 -0.6125569343566895 -0.1012846827507019 0.5334278345108032 -0.6121120452880859 -0.5837580561637878 -0.4151567220687866 -0.3170488476753235 -0.7845249772071838 0.5329170227050781 -2.372037887573242
-0.7841137647628784 -0.09911037981510162 -0.6126520037651062 -0.10123905539512634 0.5334028601646423 -0.6122456192970276 -0.5836406946182251 -0.41519322991371155 -0.31724873185157776 -0.7844311594963074 0.532936155796051 -2.3720874786376953
-0.7841598987579346 -0.09908541291952133 -0.6125970482826233 -0.10123910754919052 0.5333700776100159 -0.6121942400932312 -0.5837245583534241 -0.41523170471191406 -0.3171898424625397 -0.7844744324684143 0.5329075455665588 -2.372039794921875
-0.7841187715530396 -0.09888389706611633 -0.6126822233200073 -0.10119941830635071 0.5332888960838318 -0.6122997999191284 -0.5836880207061768 -0.41522932052612305 -0.31742793321609497 -0.784417450428009 0.5328496098518372 -2.3720297813415527
-0.7841559648513794 -0.09887473285198212 -0.6126360893249512 -0.10119897127151489 0.5332654714584351 -0.6122614145278931 -0.5837496519088745 -0.4152196943759918 -0.31737542152404785 -0.7844485640525818 0.5328351259231567 -2.372082471847534
-0.7841641902923584 -0.09899137169122696 -0.6126067042350769 -0.10124178230762482 0.5332913994789124 -0.6122890114784241 -0.5836970806121826 -0.4151599407196045 -0.31731143593788147 -0.7844123244285583 0.5329265594482422 -2.37209415435791
-0.7841801643371582 -0.0990399569272995 -0.6125783920288086 -0.10124228149652481 0.5333304405212402 -0.6122011542320251 -0.5837535262107849 -0.4151995778083801 -0.31720635294914246 -0.7844747304916382 0.5328972339630127 -2.372084379196167
-0.7841520309448242 -0.09891591966152191 -0.6126344799995422 -0.10126061737537384 0.5333088636398315 -0.6122026443481445 -0.5837717056274414 -0.4152277112007141 -0.31731221079826355 -0.7844892144203186 0.5328128337860107 -2.3720321655273438
-0.7841039299964905 -0.09893956035375595 -0.6126922369003296 -0.1012435182929039 0.5333355069160461 -0.6122726202011108 -0.5836739540100098 -0.4152463376522064 -0.31738632917404175 -0.7844316363334656 0.5328535437583923 -2.3720593452453613
-0.7840740084648132 -0.09883693605661392 -0.612747073173523 -0.10129521787166595 0.5332956910133362 -0.6123436093330383 -0.5836358666419983 -0.41520965099334717 -0.31752705574035645 -0.7843891382217407 0.5328322052955627 -2.372129440307617
-0.7841155529022217 -0.09886975586414337 -0.6126886010169983 -0.10131876915693283 0.5333181023597717 -0.6122217178344727 -0.5837432146072388 -0.4152492880821228 -0.31738677620887756 -0.7844801545143127 0.5327817797660828 -2.3720998764038086
-0.7841083407402039 -0.09881804138422012 -0.6127062439918518 -0.10125747323036194 0.5333056449890137 -0.6122203469276428 -0.5837560296058655 -0.41531357169151306 -0.3174256682395935 -0.7844877243041992 0.5327475070953369 -2.372127056121826
-0.7841716408729553 -0.0988430455327034 -0.6126211285591125 -0.10122779756784439 0.5332768559455872 -0.6121661067008972 -0.5838392376899719 -0.41530561447143555 -0.31731751561164856 -0.7845269441604614 0.5327541828155518 -2.372199535369873
-0.784111738204956 -0.0987059697508812 -0.6127198934555054 -0.10121969133615494 0.5332661867141724 -0.6122028827667236 -0.5838103890419006 -0.41526880860328674 -0.31748339533805847 -0.7845155000686646 0.5326722264289856 -2.3721272945404053
-0.7841267585754395 -0.09873651713132858 -0.6126958131790161 -0.10123244673013687 0.5332918763160706 -0.6121332049369812 -0.5838599801063538 -0.41528213024139404 -0.3174031972885132 -0.7845660448074341 0.532645583152771 -2.3721389770507812
-0.7841183543205261 -0.09875959903001785 -0.6127027869224548 -0.10123370587825775 0.5332973599433899 -0.61216139793396 -0.583825409412384 -0.41530895233154297 -0.31741470098495483 -0.7845410704612732 0.5326754450798035 -2.372196674346924
-0.7841900587081909 -0.09874937683343887 -0.6126126646995544 -0.10124614089727402 0.5332375764846802 -0.6121305227279663 -0.5839123725891113 -0.4153396189212799 -0.3173380196094513 -0.7845664620399475 0.5326837301254272 -2.3721892833709717
-0.784162163734436 -0.09876411408185959 -0.6126459836959839 -0.10126998275518417 0.5332607626914978 -0.6121529936790466 -0.5838676691055298 -0.41533124446868896 -0.3173679709434509 -0.7845470905303955 0.5326944589614868 -2.372171401977539
-0.7842602133750916 -0.09880989789962769 -0.6125131249427795 -0.10130199790000916 0.5331926941871643 -0.6121338605880737 -0.583949863910675 -0.4153153598308563 -0.31724005937576294 -0.7845562696456909 0.5327571630477905 -2.372218132019043
-0.7842320203781128 -0.09869125485420227 -0.6125683188438416 -0.10132671892642975 0.53315669298172 -0.612176239490509 -0.5839383602142334 -0.4152487814426422 -0.3173702359199524 -0.7845381498336792 0.5327062606811523 -2.3721697330474854
-0.7841677069664001 -0.09864018857479095 -0.6126589179039001 -0.10129853338003159 0.5331535339355469 -0.6122868657112122 -0.5838252305984497 -0.4152927100658417 -0.3175343871116638 -0.7844582200050354 0.5327261090278625 -2.372203826904297
-0.784228503704071 -0.09864125400781631 -0.6125808358192444 -0.10126224160194397 0.5331150889396667 -0.6122397184371948 -0.583909809589386 -0.41530895233154297 -0.31744876503944397 -0.784494936466217 0.5327231287956238 -2.372265100479126
-0.7842130661010742 -0.09854401648044586 -0.6126163005828857 -0.10122893005609512 0.5330640077590942 -0.6123096346855164 -0.5838831067085266 -0.41529741883277893 -0.3175727427005768 -0.7844525575637817 0.5327116250991821 -2.3722636699676514
-0.784244954586029 -0.09855324774980545 -0.61257404088974 -0.10123276710510254 0.5330401659011841 -0.612302303314209 -0.5839125514030457 -0.41529035568237305 -0.31753405928611755 -0.7844570875167847 0.5327280163764954 -2.372307062149048
-0.7842298150062561 -0.09861209988594055 -0.6125838756561279 -0.10123743116855621 0.5330599546432495 -0.6123449206352234 -0.5838497877120972 -0.41527408361434937 -0.3175380229949951 -0.7844164371490479 0.5327854752540588 -2.3723154067993164
-0.7842416167259216 -0.09857582300901413 -0.6125746369361877 -0.10119397193193436 0.5329911112785339 -0.6124528050422668 -0.5837994813919067 -0.4152660667896271 -0.31762459874153137 -0.7843367457389832 0.5328512191772461 -2.3724365234375
-0.7842275500297546 -0.09856370836496353 -0.6125946044921875 -0.10118316113948822 0.5329996347427368 -0.6124533414840698 -0.583791196346283 -0.41524749994277954 -0.31764504313468933 -0.7843378782272339 0.5328373908996582 -2.3724493980407715
-0.7842091917991638 -0.09860071539878845 -0.6126121878623962 -0.10119546949863434 0.5330343246459961 -0.6124460697174072 -0.5837670564651489 -0.4152359664440155 -0.31763210892677307 -0.7843388915061951 0.5328435897827148 -2.372431755065918
-0.7842790484428406 -0.09859300404787064 -0.6125239133834839 -0.10121186822652817 0.5330085158348083 -0.6123380064964294 -0.5839040279388428 -0.4152987003326416 -0.31750285625457764 -0.7844242453575134 0.5327949523925781 -2.3723573684692383
-0.7842314839363098 -0.09843403100967407 -0.612610399723053 -0.10123398154973984 0.5329583883285522 -0.6124221682548523 -0.5838615298271179 -0.41527947783470154 -0.31770437955856323 -0.7843785285949707 0.5327421426773071 -2.372382640838623
-0.7842787504196167 -0.09845376759767532 -0.6125466823577881 -0.10121942311525345 0.5329369306564331 -0.6123826503753662 -0.5839225053787231 -0.4153163433074951 -0.31762364506721497 -0.7844069004058838 0.5327485203742981 -2.3723597526550293
-0.7842074036598206 -0.09858197718858719 -0.6126173734664917 -0.10125309973955154 0.5330300331115723 -0.6124429106712341 -0.5837743282318115 -0.41531118750572205 -0.31764358282089233 -0.7843437194824219 0.5328295826911926 -2.3723878860473633
-0.7842264771461487 -0.09849486500024796 -0.6126070618629456 -0.10128118842840195 0.5329771637916565 -0.6124457120895386 -0.5838196873664856 -0.4153117537498474 -0.3176853656768799 -0.7843524813652039 0.5327918529510498 -2.3723859786987305
-0.7841935157775879 -0.09860499948263168 -0.6126314997673035 -0.10125895589590073 0.5330215096473694 -0.6125186085700989 -0.5837026834487915 -0.4153363108634949 -0.31769225001335144 -0.7842817306518555 0.5328918695449829 -2.3723912239074707
-0.7842143177986145 -0.09863592684268951 -0.6125999093055725 -0.10124151408672333 0.53301602602005 -0.6125127077102661 -0.5837138891220093 -0.4153841733932495 -0.3176501393318176 -0.7842824459075928 0.5329159498214722 -2.3724069595336914
-0.7841994166374207 -0.09877026081085205 -0.6125973463058472 -0.10127856582403183 0.5330763459205627 -0.6125269532203674 -0.583643913269043 -0.41537052392959595 -0.3175857663154602 -0.7842544317245483 0.5329955220222473 -2.372407913208008
-0.7842506170272827 -0.09873952716588974 -0.6125367283821106 -0.10129985213279724 0.5330168604850769 -0.6125239133834839 -0.5837013125419617 -0.4153536260128021 -0.3175590932369232 -0.784260630607605 0.5330022573471069 -2.37239933013916
-0.7842472195625305 -0.09865938872098923 -0.6125539541244507 -0.1012028157711029 0.5329662561416626 -0.6125805377960205 -0.5836881399154663 -0.4153960049152374 -0.3176523745059967 -0.7842264771461487 0.5329968929290771 -2.3724429607391357
-0.7842174172401428 -0.09876536577939987 -0.612575113773346 -0.10119055211544037 0.5330775380134583 -0.6124769449234009 -0.5836952328681946 -0.41538915038108826 -0.3175393044948578 -0.784294068813324 0.5329648852348328 -2.372418165206909
-0.7842385172843933 -0.09876925498247147 -0.6125474572181702 -0.10123999416828156 0.5330935120582581 -0.6123914122581482 -0.5837703943252563 -0.4153153896331787 -0.3174602687358856 -0.784360408782959 0.5329143404960632 -2.372434139251709
-0.7842845320701599 -0.09872668236494064 -0.6124953627586365 -0.10126542299985886 0.5330477356910706 -0.6123554706573486 -0.5838498473167419 -0.4153172969818115 -0.31742337346076965 -0.7843937873840332 0.5328871607780457 -2.3723790645599365
-0.7842279672622681 -0.09863393008708954 -0.6125827431678772 -0.10127390176057816 0.5330507159233093 -0.6123929023742676 -0.5838078856468201 -0.4153391718864441 -0.3175581097602844 -0.7843762040138245 0.5328327417373657 -2.3724470138549805
-0.7841920256614685 -0.09852007031440735 -0.6126470565795898 -0.1013241782784462 0.5330201387405396 -0.6124446392059326 -0.5837815999984741 -0.4153800308704376 -0.31769827008247375 -0.7843501567840576 0.532787561416626 -2.372434616088867
-0.7842059135437012 -0.09852908551692963 -0.6126278638839722 -0.10132480412721634 0.5330092310905457 -0.6124475002288818 -0.5837885141372681 -0.41535651683807373 -0.31768232583999634 -0.7843468189239502 0.5328020453453064 -2.3723912239074707
-0.7841663360595703 -0.09864606708288193 -0.6126596927642822 -0.10130515694618225 0.5331085324287415 -0.612406849861145 -0.5837405323982239 -0.41539767384529114 -0.3176133334636688 -0.784363865852356 0.532818078994751 -2.372380256652832
-0.784160315990448 -0.09863770008087158 -0.6126687526702881 -0.10131291300058365 0.5331130623817444 -0.6124019026756287 -0.5837415456771851 -0.41539379954338074 -0.3176206350326538 -0.7843687534332275 0.5328064560890198 -2.372363805770874
-0.7841827273368835 -0.09862305223941803 -0.6126424074172974 -0.10130183398723602 0.5330502986907959 -0.6124901175498962 -0.583706259727478 -0.4153769910335541 -0.3176705837249756 -0.7843016982078552 0.5328754186630249 -2.3724210262298584
-0.7842200398445129 -0.09865395724773407 -0.6125897169113159 -0.10131296515464783 0.5330243110656738 -0.612496018409729 -0.5837238430976868 -0.41537347435951233 -0.3176221251487732 -0.7842932343482971 0.5329167246818542 -2.3723978996276855
-0.7841659784317017 -0.09874031692743301 -0.6126449108123779 -0.10131102800369263 0.5331398248672485 -0.6124202013015747 -0.5836979150772095 -0.4153900444507599 -0.31756168603897095 -0.7843415141105652 0.5328816771507263 -2.372443675994873
-0.784128725528717 -0.09879037737846375 -0.6126845479011536 -0.10130703449249268 0.5331965088844299 -0.6124154329299927 -0.583651065826416 -0.41533419489860535 -0.3175584077835083 -0.7843389511108398 0.5328873991966248 -2.3725688457489014
-0.7841137647628784 -0.09885924309492111 -0.6126925945281982 -0.10127665102481842 0.5332507491111755 -0.6123823523521423 -0.5836362838745117 -0.4153645634651184 -0.317504346370697 -0.7843561172485352 0.5328943729400635 -2.3725321292877197
-0.7840990424156189 -0.09892887622117996 -0.6127001643180847 -0.1012735590338707 0.5333109498023987 -0.6123344898223877 -0.5836314558982849 -0.4154044985771179 -0.3174395263195038 -0.7843846678733826 0.5328909158706665 -2.372577667236328
-0.7840893268585205 -0.09892866015434265 -0.6127126812934875 -0.10127671808004379 0.5333154797554016 -0.6123460531234741 -0.583615243434906 -0.4154009521007538 -0.3174559772014618 -0.7843757271766663 0.5328943729400635 -2.372570753097534
-0.7841129302978516 -0.09885430335998535 -0.6126944422721863 -0.10127977281808853 0.5332526564598083 -0.6123749017715454 -0.583642303943634 -0.41541048884391785 -0.3175032436847687 -0.7843625545501709 0.5328856110572815 -2.3726391792297363
-0.7841176986694336 -0.09886806458234787 -0.6126860976219177 -0.10128209739923477 0.5332615971565247 -0.6123546957969666 -0.5836554169654846 -0.4154099225997925 -0.31747639179229736 -0.7843766212463379 0.5328809022903442 -2.3726370334625244
-0.7841150164604187 -0.09894488751888275 -0.6126771569252014 -0.10129120200872421 0.5332838296890259 -0.6123791933059692 -0.5836093425750732 -0.4154353141784668 -0.31744563579559326 -0.7843477725982666 0.5329416394233704 -2.3725857734680176
-0.784071147441864 -0.09880252182483673 -0.6127563118934631 -0.10131022334098816 0.5332275629043579 -0.612485945224762 -0.5835487246513367 -0.41537541151046753 -0.31764861941337585 -0.784282386302948 0.5329169631004333 -2.372624397277832
-0.7840661406517029 -0.098805733025074 -0.6127621531486511 -0.10131470859050751 0.5332353115081787 -0.612481415271759 -0.5835464000701904 -0.41536614298820496 -0.317647784948349 -0.7842854857444763 0.5329128503799438 -2.3726234436035156
-0.7841520309448242 -0.09877176582813263 -0.6126577258110046 -0.10132231563329697 0.5331471562385559 -0.6124647855758667 -0.5836443901062012 -0.4153428077697754 -0.31758373975753784 -0.7843027710914612 0.532925546169281 -2.372605800628662
-0.7840916514396667 -0.09870918840169907 -0.6127451062202454 -0.1012931689620018 0.5331343412399292 -0.6125788688659668 -0.5835363864898682 -0.4153604805469513 -0.317754328250885 -0.7842215895652771 0.5329434275627136 -2.3726682662963867
-0.784060537815094 -0.09869591146707535 -0.6127870678901672 -0.10129626840353012 0.5331299304962158 -0.6126502156257629 -0.5834655165672302 -0.4153466522693634 -0.31783851981163025 -0.784167468547821 0.5329727530479431 -2.372748374938965
-0.7841195464134216 -0.09867662191390991 -0.6127146482467651 -0.10130451619625092 0.5330756902694702 -0.6126270294189453 -0.5835394263267517 -0.4153357148170471 -0.3177838921546936 -0.7841880321502686 0.5329751372337341 -2.372720241546631
-0.7841090559959412 -0.09874092042446136 -0.6127177476882935 -0.10131515562534332 0.5331290364265442 -0.6125813126564026 -0.5835386514663696 -0.41532859206199646 -0.31772035360336304 -0.7842156291007996 0.5329723954200745 -2.3727457523345947
-0.7841338515281677 -0.0987052321434021 -0.6126917600631714 -0.10125850886106491 0.5330936908721924 -0.6125762462615967 -0.5835762619972229 -0.4153502583503723 -0.3177184462547302 -0.7842240929603577 0.5329610705375671 -2.3728086948394775
-0.7841448187828064 -0.09878372400999069 -0.612665057182312 -0.10124516487121582 0.5331031084060669 -0.6126019358634949 -0.583540678024292 -0.41531094908714294 -0.31767553091049194 -0.7841941118240356 0.5330307483673096 -2.372798204421997
-0.7841721773147583 -0.09871780872344971 -0.6126406788825989 -0.10129548609256744 0.5330638289451599 -0.6125718355178833 -0.5836081504821777 -0.4153258800506592 -0.3176739513874054 -0.7842259407043457 0.5329848527908325 -2.372688055038452
-0.7841731905937195 -0.09873879700899124 -0.6126359701156616 -0.10129640996456146 0.5330678820610046 -0.6125794053077698 -0.5835965275764465 -0.4153014123439789 -0.31766459345817566 -0.7842174172401428 0.5330029726028442 -2.3726868629455566
-0.7841511964797974 -0.09867584705352783 -0.6126742959022522 -0.10128295421600342 0.5330310463905334 -0.612662136554718 -0.5835433602333069 -0.41533738374710083 -0.3177807331085205 -0.7841607332229614 0.5330171585083008 -2.372753858566284
-0.7841564416885376 -0.09866894781589508 -0.6126686930656433 -0.10128507763147354 0.5330277681350708 -0.6126513481140137 -0.583557665348053 -0.4153237044811249 -0.31777334213256836 -0.7841699719429016 0.5330079793930054 -2.3727550506591797
-0.7841586470603943 -0.09872891008853912 -0.6126561760902405 -0.10122267156839371 0.533047080039978 -0.6126555800437927 -0.5835356116294861 -0.4153498411178589 -0.3177354335784912 -0.7841591835021973 0.5330464839935303 -2.3727850914001465
-0.7841939926147461 -0.09871233254671097 -0.6126136183738708 -0.10123956203460693 0.5330204963684082 -0.6126223206520081 -0.5835947394371033 -0.4153762459754944 -0.3176928460597992 -0.7841871976852417 0.53303062915802 -2.3727211952209473
-0.7841702103614807 -0.09868428856134415 -0.6126485466957092 -0.10117332637310028 0.5329849720001221 -0.6127392053604126 -0.5835044980049133 -0.4154632091522217 -0.31781113147735596 -0.7840994000434875 0.5330892205238342 -2.3727681636810303
-0.7841849327087402 -0.09874958544969559 -0.612619161605835 -0.10123740136623383 0.5329849123954773 -0.6127668023109436 -0.5834755897521973 -0.4154367446899414 -0.31777477264404297 -0.7840696573257446 0.5331547260284424 -2.3727974891662598
-0.7841724753379822 -0.09878239780664444 -0.6126298904418945 -0.10124015063047409 0.5330203175544739 -0.6127400398254395 -0.5834713578224182 -0.4154339134693146 -0.31774619221687317 -0.7840864062309265 0.5331470966339111 -2.3728058338165283
-0.7841797471046448 -0.09869304299354553 -0.6126349568367004 -0.10124288499355316 0.5329403877258301 -0.6128351092338562 -0.5834445357322693 -0.4154445230960846 -0.317862331867218 -0.7840233445167542 0.5331705808639526 -2.372786521911621
-0.7841758131980896 -0.0986606553196907 -0.6126452088356018 -0.10124188661575317 0.5329304337501526 -0.6128380298614502 -0.5834505558013916 -0.415438175201416 -0.31788870692253113 -0.7840251326560974 0.533152163028717 -2.372791051864624
-0.7841902375221252 -0.09865333139896393 -0.6126279234886169 -0.10124489665031433 0.5328857898712158 -0.6129072904586792 -0.5834185481071472 -0.41541633009910583 -0.3179280161857605 -0.783971905708313 0.5332070589065552 -2.372817277908325
-0.7841561436653137 -0.0985601395368576 -0.6126865744590759 -0.10126692056655884 0.5328465700149536 -0.6129952669143677 -0.5833619236946106 -0.4153848886489868 -0.31807780265808105 -0.7839148640632629 0.5332016348838806 -2.3728396892547607
-0.7841711044311523 -0.09857548773288727 -0.6126649975776672 -0.10127078741788864 0.5328491926193237 -0.6129682660102844 -0.5833878517150879 -0.41536790132522583 -0.3180364966392517 -0.7839340567588806 0.5331980586051941 -2.372843027114868
