# 3x4 first row second row third row Freq: 100 current Time: 2021-07-28-16:32:14
-0.17258937656879425 0.4491225481033325 -0.8766422867774963 0.10504896938800812 0.9434135556221008 -0.18048477172851562 -0.27820131182670593 -0.5523442625999451 -0.28316712379455566 -0.8750509023666382 -0.3925584852695465 -2.1291160583496094
-0.17257313430309296 0.4490998387336731 -0.8766571283340454 0.10503565520048141 0.9434112906455994 -0.1805148422718048 -0.27818939089775085 -0.5523644685745239 -0.2831844985485077 -0.8750563263893127 -0.3925337791442871 -2.1290810108184814
-0.17255444824695587 0.4491064250469208 -0.8766574263572693 0.10504759848117828 0.9434062838554382 -0.18054667115211487 -0.2781858742237091 -0.5523622035980225 -0.28321272134780884 -0.8750463724136353 -0.39253562688827515 -2.1291143894195557
-0.17245478928089142 0.44913944602012634 -0.8766601085662842 0.10508225858211517 0.9434099793434143 -0.1806223839521408 -0.2781240940093994 -0.5523804426193237 -0.2832610011100769 -0.8750138282775879 -0.39257338643074036 -2.129077672958374
-0.17254675924777985 0.4490835666656494 -0.8766706585884094 0.10507351905107498 0.9433907270431519 -0.18060940504074097 -0.2781977653503418 -0.552375316619873 -0.28326907753944397 -0.8750451803207397 -0.3924976587295532 -2.129070997238159
-0.1725013107061386 0.4491443634033203 -0.8766484260559082 0.10504560172557831 0.9433934688568115 -0.1806262731552124 -0.2781775891780853 -0.5523707270622253 -0.2832877039909363 -0.8750104904174805 -0.39256152510643005 -2.1290414333343506
-0.17252129316329956 0.4491303563117981 -0.8766517043113708 0.10504692047834396 0.9433868527412415 -0.18063148856163025 -0.2781965732574463 -0.5524080395698547 -0.28329750895500183 -0.8750165700912476 -0.392540842294693 -2.1291282176971436
-0.1724526584148407 0.449103444814682 -0.876679003238678 0.10503542423248291 0.9434140920639038 -0.1806231439113617 -0.2781095802783966 -0.552403450012207 -0.28324857354164124 -0.8750321269035339 -0.3925415277481079 -2.129138469696045
-0.17247843742370605 0.449066698551178 -0.8766927123069763 0.10504953563213348 0.9434130787849426 -0.18061265349388123 -0.278119832277298 -0.5523818731307983 -0.28323623538017273 -0.8750531673431396 -0.392503559589386 -2.1291208267211914
-0.17249344289302826 0.4490455090999603 -0.8767006397247314 0.10502775758504868 0.943432629108429 -0.1805444210767746 -0.2780979871749878 -0.5523921251296997 -0.28316211700439453 -0.8750780820846558 -0.3925013840198517 -2.129039764404297
-0.1724643111228943 0.4490588307380676 -0.8766995668411255 0.10503125935792923 0.9434457421302795 -0.1805282086133957 -0.2780640125274658 -0.552385687828064 -0.28313615918159485 -0.8750746250152588 -0.39252790808677673 -2.129035711288452
-0.172395721077919 0.44906163215637207 -0.8767116069793701 0.10506705939769745 0.9434292912483215 -0.18064530193805695 -0.2780436873435974 -0.552367627620697 -0.2832326591014862 -0.8750489950180054 -0.3925153613090515 -2.1290533542633057
-0.17242632806301117 0.4490629732608795 -0.8767048716545105 0.10510003566741943 0.9434126019477844 -0.18066643178462982 -0.2780865728855133 -0.5524123311042786 -0.28326958417892456 -0.8750439882278442 -0.3924999535083771 -2.129162311553955
-0.17244473099708557 0.4490970969200134 -0.87668377161026 0.10507296025753021 0.9434030652046204 -0.180666983127594 -0.2781185209751129 -0.5524300932884216 -0.2832900881767273 -0.8750263452529907 -0.39252445101737976 -2.1291117668151855
-0.17247004806995392 0.44909757375717163 -0.8766785860061646 0.10508272796869278 0.9433978199958801 -0.1806582808494568 -0.2781420052051544 -0.5524302124977112 -0.2832922041416168 -0.8750278949737549 -0.392519474029541 -2.1291165351867676
-0.17246222496032715 0.44908085465431213 -0.8766886591911316 0.10506875813007355 0.9434020519256592 -0.180658221244812 -0.2781277596950531 -0.5524287819862366 -0.28328293561935425 -0.8750364780426025 -0.39250701665878296 -2.1292481422424316
-0.17241841554641724 0.4490550756454468 -0.8767104744911194 0.10508020967245102 0.9434045553207397 -0.18070165812969208 -0.27809110283851624 -0.5524462461471558 -0.28330132365226746 -0.8750407695770264 -0.39248421788215637 -2.129232168197632
-0.1724434345960617 0.44906851649284363 -0.8766986727714539 0.10506536066532135 0.9434013366699219 -0.18068276345729828 -0.2781142294406891 -0.5524068474769592 -0.28329676389694214 -0.8750377297401428 -0.39249420166015625 -2.129171371459961
-0.17246013879776 0.4490521550178528 -0.8767037987709045 0.10505838692188263 0.9434324502944946 -0.1805754452943802 -0.2780783772468567 -0.552422046661377 -0.28318294882774353 -0.8750683069229126 -0.39250823855400085 -2.1291275024414062
-0.17246763408184052 0.4490651488304138 -0.8766956329345703 0.10507839173078537 0.9434328675270081 -0.18056271970272064 -0.27808526158332825 -0.5524541735649109 -0.2831770181655884 -0.8750642538070679 -0.39252153038978577 -2.1292009353637695
-0.1723821759223938 0.4490995407104492 -0.8766948580741882 0.10505443066358566 0.9434448480606079 -0.18059848248958588 -0.27802130579948425 -0.5524603724479675 -0.283189058303833 -0.8750392198562622 -0.3925686180591583 -2.12919282913208
-0.17242835462093353 0.4491162598133087 -0.8766772150993347 0.10505032539367676 0.9434410333633423 -0.18055976927280426 -0.2780594825744629 -0.5524585247039795 -0.28317373991012573 -0.8750386238098145 -0.3925810158252716 -2.1291913986206055
-0.17240257561206818 0.4490532875061035 -0.8767145276069641 0.10509185492992401 0.9434621334075928 -0.18053968250751495 -0.2780008018016815 -0.5524376034736633 -0.28311899304389954 -0.875075101852417 -0.39253923296928406 -2.1292269229888916
-0.17235273122787476 0.4490933418273926 -0.8767037987709045 0.10511551797389984 0.9434688091278076 -0.1805552989244461 -0.27796807885169983 -0.5524280667304993 -0.28312718868255615 -0.8750513195991516 -0.39258629083633423 -2.129237651824951
-0.17241570353507996 0.44898903369903564 -0.8767448663711548 0.10507574677467346 0.9434676170349121 -0.18053038418293 -0.27798837423324585 -0.5523704886436462 -0.2830928862094879 -0.8751099705696106 -0.3924802839756012 -2.129143238067627
-0.1724262535572052 0.4490184783935547 -0.8767277002334595 0.10509795695543289 0.9434615969657898 -0.18052932620048523 -0.2780095040798187 -0.552357017993927 -0.2831065356731415 -0.8750951290130615 -0.39250361919403076 -2.1291487216949463
-0.17243815958499908 0.44903242588043213 -0.8767182230949402 0.10506701469421387 0.943473219871521 -0.18047723174095154 -0.2780038118362427 -0.5523720383644104 -0.2830604612827301 -0.875098705291748 -0.39252886176109314 -2.1290905475616455
-0.1724756956100464 0.4490642249584198 -0.8766945600509644 0.10509335994720459 0.9434638023376465 -0.1804593950510025 -0.27804726362228394 -0.552344799041748 -0.2830689251422882 -0.8750860691070557 -0.3925509452819824 -2.129054307937622
-0.17253832519054413 0.4490271210670471 -0.8767012357711792 0.10507918894290924 0.9434649348258972 -0.18040627241134644 -0.2780779302120209 -0.5523743033409119 -0.2830269932746887 -0.8751160502433777 -0.39251428842544556 -2.129016160964966
-0.1725262850522995 0.449026495218277 -0.8767039179801941 0.1050904393196106 0.9434640407562256 -0.1804211139678955 -0.27807140350341797 -0.5523697137832642 -0.283037394285202 -0.875113308429718 -0.39251288771629333 -2.129009485244751
-0.1725885421037674 0.449008971452713 -0.8767006397247314 0.1050606369972229 0.9434654116630554 -0.18036136031150818 -0.2781055271625519 -0.552400529384613 -0.2829948663711548 -0.8751345872879028 -0.3924960792064667 -2.1289660930633545
-0.17261211574077606 0.44898489117622375 -0.8767083287239075 0.10507667064666748 0.9434577226638794 -0.1803695261478424 -0.27812615036964417 -0.5523953437805176 -0.2830059826374054 -0.8751452565193176 -0.3924642503261566 -2.1289517879486084
-0.1725645512342453 0.44896790385246277 -0.8767263889312744 0.10508566349744797 0.9434427618980408 -0.180467888712883 -0.27811315655708313 -0.5523850321769714 -0.2830849289894104 -0.8751336932182312 -0.3924330770969391 -2.1289656162261963
-0.172566220164299 0.4489949941635132 -0.8767122030258179 0.1050824448466301 0.9434406161308289 -0.18046434223651886 -0.27812281250953674 -0.5523868799209595 -0.28309109807014465 -0.8751205205917358 -0.3924580216407776 -2.1289010047912598
-0.17250265181064606 0.4490087032318115 -0.8767176866531372 0.10506438463926315 0.9434589147567749 -0.1804656982421875 -0.27805978059768677 -0.5523560047149658 -0.28306880593299866 -0.8751132488250732 -0.392490416765213 -2.1289591789245605
-0.1724747270345688 0.44907861948013306 -0.8766873478889465 0.10505039244890213 0.9434797763824463 -0.18040652573108673 -0.2780275344848633 -0.552373468875885 -0.2830164134502411 -0.8750895261764526 -0.39258095622062683 -2.1289005279541016
-0.172501340508461 0.44907158613204956 -0.8766857385635376 0.10503875464200974 0.9434512257575989 -0.18047085404396057 -0.27808257937431335 -0.5523829460144043 -0.28309527039527893 -0.875079870223999 -0.392545610666275 -2.1289145946502686
-0.17251701653003693 0.44911253452301025 -0.8766616582870483 0.10504938662052155 0.9434598684310913 -0.18041576445102692 -0.2780889868736267 -0.5523967146873474 -0.28305691480636597 -0.8750702738761902 -0.3925947844982147 -2.1288704872131348
-0.17257346212863922 0.44914835691452026 -0.8766322135925293 0.10503362864255905 0.9434420466423035 -0.18040423095226288 -0.2781570255756378 -0.5524369478225708 -0.2830820083618164 -0.8750542402267456 -0.39261236786842346 -2.1289491653442383
-0.17256204783916473 0.4491417407989502 -0.8766378164291382 0.1050192341208458 0.9434566497802734 -0.1803722381591797 -0.27812808752059937 -0.5524001717567444 -0.2830401360988617 -0.8750642538070679 -0.392620325088501 -2.1289925575256348
-0.1725572645664215 0.44914349913597107 -0.876637876033783 0.10504171252250671 0.9434462189674377 -0.18040861189365387 -0.2781398594379425 -0.5524430871009827 -0.28307780623435974 -0.8750558495521545 -0.39261186122894287 -2.129091501235962
-0.17254997789859772 0.4491698741912842 -0.8766257762908936 0.10505107790231705 0.9434592127799988 -0.18036730587482452 -0.2781226634979248 -0.5524014234542847 -0.28303903341293335 -0.8750507831573486 -0.3926510214805603 -2.1290180683135986
-0.17256450653076172 0.4491499960422516 -0.8766331076622009 0.10505696386098862 0.9434420466423035 -0.1804124414920807 -0.27815163135528564 -0.5524057149887085 -0.2830874025821686 -0.875051736831665 -0.39261412620544434 -2.129027843475342
-0.17257565259933472 0.44915470480918884 -0.8766285181045532 0.10506618022918701 0.9434458017349243 -0.18038831651210785 -0.2781544625759125 -0.5524013042449951 -0.2830680012702942 -0.8750542402267456 -0.3926224410533905 -2.129032611846924
-0.17251595854759216 0.44910556077957153 -0.8766654133796692 0.10507956892251968 0.9434434175491333 -0.1804698258638382 -0.27810966968536377 -0.552382230758667 -0.2831123173236847 -0.8750627040863037 -0.39257171750068665 -2.1290786266326904
-0.17251858115196228 0.4491129219532013 -0.8766611814498901 0.10509494692087173 0.9434463381767273 -0.1804560273885727 -0.2781088650226593 -0.5523712038993835 -0.2831011414527893 -0.8750617504119873 -0.39258185029029846 -2.129088878631592
-0.17236725986003876 0.44909632205963135 -0.8766994476318359 0.10506615042686462 0.9434630274772644 -0.18055792152881622 -0.27798596024513245 -0.5523619651794434 -0.28313755989074707 -0.8750492334365845 -0.392583429813385 -2.1290907859802246
-0.17237377166748047 0.4491260051727295 -0.8766829371452332 0.10509117692708969 0.9434425234794617 -0.1806054562330246 -0.2780246138572693 -0.5524031519889832 -0.2832018733024597 -0.8750241994857788 -0.3925928771495819 -2.1292202472686768
-0.17239224910736084 0.44914698600769043 -0.8766685724258423 0.10505132377147675 0.9434670209884644 -0.18050506711006165 -0.27800676226615906 -0.5524058938026428 -0.2831090986728668 -0.8750341534614563 -0.3926376402378082 -2.1291885375976562
-0.17239879071712494 0.4490974247455597 -0.8766926527023315 0.10504839569330215 0.9434731006622314 -0.18049558997154236 -0.277992308139801 -0.5523581504821777 -0.28308483958244324 -0.875061571598053 -0.39259403944015503 -2.129131317138672
-0.1723434031009674 0.4491174519062042 -0.8766933083534241 0.10505517572164536 0.9434934854507446 -0.18048050999641418 -0.27793291211128235 -0.5523677468299866 -0.28305065631866455 -0.8750543594360352 -0.39263471961021423 -2.129110813140869
-0.1723836064338684 0.449122816324234 -0.8766826391220093 0.10506796836853027 0.9434767961502075 -0.18049092590808868 -0.2779827117919922 -0.552354097366333 -0.28308171033859253 -0.8750494718551636 -0.3926232159137726 -2.129133462905884
-0.17238520085811615 0.44915956258773804 -0.8766635060310364 0.10507827252149582 0.9434870481491089 -0.18044614791870117 -0.2779771089553833 -0.552366316318512 -0.283046692609787 -0.8750398755073547 -0.3926699161529541 -2.129044771194458
-0.17236916720867157 0.4491741359233856 -0.8766591548919678 0.10509202629327774 0.9434894323348999 -0.18044976890087128 -0.27796655893325806 -0.552344560623169 -0.2830484211444855 -0.875031590461731 -0.39268702268600464 -2.129049777984619
-0.1723719835281372 0.4491855502128601 -0.8766527771949768 0.10505136847496033 0.9435104727745056 -0.18037830293178558 -0.27794149518013 -0.5523431301116943 -0.28297650814056396 -0.8750404715538025 -0.3927190601825714 -2.1290628910064697
-0.17234466969966888 0.449199378490448 -0.8766510486602783 0.10505210608243942 0.9435199499130249 -0.1803715080022812 -0.2779138684272766 -0.5523701906204224 -0.2829616963863373 -0.8750348091125488 -0.39274242520332336 -2.129011869430542
-0.1723618507385254 0.4491601884365082 -0.8766677975654602 0.10502414405345917 0.9435258507728577 -0.1803487241268158 -0.2779085040092468 -0.5523474216461182 -0.2829314172267914 -0.8750596046447754 -0.392708957195282 -2.1289777755737305
-0.17239071428775787 0.44912800192832947 -0.8766785860061646 0.105051688849926 0.9435234665870667 -0.18033801019191742 -0.2779235541820526 -0.5523691773414612 -0.28292179107666016 -0.8750783205032349 -0.39267414808273315 -2.1289424896240234
-0.17241935431957245 0.44914481043815613 -0.8766643404960632 0.1050630509853363 0.9435078501701355 -0.18035300076007843 -0.2779669463634491 -0.5523759126663208 -0.2829565107822418 -0.8750666379928589 -0.3926752507686615 -2.128969192504883
-0.17243653535842896 0.44916868209838867 -0.8766487240791321 0.10503800958395004 0.9435155987739563 -0.18030446767807007 -0.2779719829559326 -0.5523495078086853 -0.28292006254196167 -0.8750643730163574 -0.3927065432071686 -2.1289515495300293
-0.17250676453113556 0.44918814301490784 -0.8766249418258667 0.10504133999347687 0.943487823009491 -0.18031543493270874 -0.2780592441558838 -0.5523127317428589 -0.28296998143196106 -0.8750521540641785 -0.39269784092903137 -2.1289069652557373
-0.17255856096744537 0.4491119980812073 -0.8766537308692932 0.10504114627838135 0.9434975385665894 -0.18025870621204376 -0.278063029050827 -0.5523290038108826 -0.2829059958457947 -0.8751028776168823 -0.39263081550598145 -2.128852128982544
-0.17252665758132935 0.44908758997917175 -0.8766725659370422 0.10507350414991379 0.9435083866119385 -0.18026411533355713 -0.2780226469039917 -0.5524080991744995 -0.282889187335968 -0.8751143217086792 -0.39261749386787415 -2.1289942264556885
-0.1724018007516861 0.4490959346294403 -0.8766928315162659 0.10506176203489304 0.9435197710990906 -0.18034882843494415 -0.2779291868209839 -0.5523706078529358 -0.2829274535179138 -0.8750925660133362 -0.39263835549354553 -2.1290552616119385
-0.17245955765247345 0.44907039403915405 -0.8766945600509644 0.10507483035326004 0.9435045123100281 -0.1803474873304367 -0.27798184752464294 -0.552377462387085 -0.28294315934181213 -0.8751059770584106 -0.3925972282886505 -2.1290860176086426
-0.17253261804580688 0.4491041898727417 -0.8766628503799438 0.10501609742641449 0.943476140499115 -0.18035276234149933 -0.27807459235191345 -0.5524030923843384 -0.2829931080341339 -0.8750874996185303 -0.3926022946834564 -2.1290688514709473
-0.17247211933135986 0.4490348994731903 -0.8767102360725403 0.10505828261375427 0.9434899687767029 -0.18039141595363617 -0.2780027389526367 -0.5523909330368042 -0.28298401832580566 -0.8751150965690613 -0.3925473690032959 -2.129122734069824
-0.17244577407836914 0.4490727186203003 -0.8766960501670837 0.10506832599639893 0.9434929490089417 -0.1803959459066391 -0.27798956632614136 -0.5523816347122192 -0.2829900085926056 -0.8750947713851929 -0.39258837699890137 -2.1291325092315674
-0.17242111265659332 0.44907569885253906 -0.8766993880271912 0.10502264648675919 0.9434934258460999 -0.18041777610778809 -0.27797386050224304 -0.5523968935012817 -0.2830035388469696 -0.8750887513160706 -0.39259207248687744 -2.129030704498291
-0.17232291400432587 0.44905179738998413 -0.8767309188842773 0.10508984327316284 0.9434735178947449 -0.18058301508426666 -0.2779339849948883 -0.5523343682289124 -0.2831295430660248 -0.8750669360160828 -0.3925498425960541 -2.1290836334228516
-0.17237558960914612 0.4490514397621155 -0.8767207860946655 0.10509617626667023 0.9434601068496704 -0.18057303130626678 -0.2779860496520996 -0.5523830056190491 -0.28314223885536194 -0.8750691413879395 -0.3925356864929199 -2.129143714904785
-0.17227968573570251 0.4490340054035187 -0.8767485618591309 0.10511982440948486 0.9434648156166077 -0.1806579828262329 -0.2779149115085602 -0.552388072013855 -0.2831849455833435 -0.8750605583190918 -0.39252403378486633 -2.1291439533233643
-0.17237764596939087 0.4490686357021332 -0.8767115473747253 0.10505931824445724 0.9434608221054077 -0.180563285946846 -0.2779898941516876 -0.55241459608078 -0.28313854336738586 -0.8750623464584351 -0.39255356788635254 -2.129040241241455
-0.1723710596561432 0.4490413963794708 -0.8767268061637878 0.10502461344003677 0.9434545636177063 -0.18059788644313812 -0.27798885107040405 -0.5523689985275269 -0.28316357731819153 -0.8750692009925842 -0.3925202190876007 -2.1290414333343506
-0.17233231663703918 0.44906046986579895 -0.8767246603965759 0.10500305145978928 0.9434741735458374 -0.18056917190551758 -0.27794089913368225 -0.552383303642273 -0.283121794462204 -0.8750653266906738 -0.3925589919090271 -2.1290032863616943
-0.17234255373477936 0.4490712285041809 -0.8767171502113342 0.10501668602228165 0.9434696435928345 -0.1805696040391922 -0.2779558598995209 -0.5524173974990845 -0.2831305265426636 -0.8750597238540649 -0.39256519079208374 -2.129082679748535
-0.17233026027679443 0.4490760266780853 -0.8767170906066895 0.10503506660461426 0.9434871673583984 -0.18052604794502258 -0.2779247760772705 -0.5524395704269409 -0.28307971358299255 -0.8750662207603455 -0.3925873041152954 -2.1291139125823975
-0.1723599135875702 0.44905582070350647 -0.8767216205596924 0.1050601676106453 0.9434811472892761 -0.18052203953266144 -0.2779478430747986 -0.5524601340293884 -0.2830817401409149 -0.8750774264335632 -0.3925608694553375 -2.129077434539795
-0.17239046096801758 0.4490840435028076 -0.8767011761665344 0.10509516298770905 0.9434764981269836 -0.18049751222133636 -0.2779795527458191 -0.5524373650550842 -0.2830786406993866 -0.8750680088996887 -0.3925841152667999 -2.129033327102661
-0.1724589467048645 0.4490986764431 -0.8766801953315735 0.10508892685174942 0.9434776902198792 -0.1804220974445343 -0.27802449464797974 -0.5524237751960754 -0.28303298354148865 -0.8750760555267334 -0.39259910583496094 -2.1290316581726074
-0.17249032855033875 0.449079692363739 -0.8766837120056152 0.10508592426776886 0.9434674382209778 -0.18042902648448944 -0.27805477380752563 -0.5524043440818787 -0.28304800391197205 -0.875084400177002 -0.39256972074508667 -2.1289937496185303
-0.17239053547382355 0.44905951619148254 -0.8767136931419373 0.10505499690771103 0.9434892535209656 -0.18046574294567108 -0.2779568135738373 -0.5523964166641235 -0.2830360233783722 -0.8750871419906616 -0.39257219433784485 -2.1289780139923096
-0.17241205275058746 0.4490621089935303 -0.8767081499099731 0.10506957769393921 0.9434769153594971 -0.18048201501369476 -0.2779881954193115 -0.5523882508277893 -0.2830640971660614 -0.8750824928283691 -0.3925623893737793 -2.1289725303649902
-0.1723758727312088 0.4491063058376312 -0.8766925930976868 0.10504509508609772 0.9435129761695862 -0.18039186298847198 -0.27792418003082275 -0.5524389147758484 -0.2829657793045044 -0.8750783801078796 -0.39264237880706787 -2.128896474838257
-0.1723388284444809 0.44910985231399536 -0.8766980767250061 0.10504645854234695 0.9435195922851562 -0.18040673434734344 -0.27789223194122314 -0.5524217486381531 -0.2829664349555969 -0.8750734925270081 -0.3926527798175812 -2.1288392543792725
-0.17237652838230133 0.44909945130348206 -0.876695990562439 0.10504568368196487 0.94350665807724 -0.18041296303272247 -0.27793198823928833 -0.5524488687515259 -0.28298649191856384 -0.8750775456428528 -0.39262932538986206 -2.128990650177002
-0.1724451631307602 0.44907236099243164 -0.8766964077949524 0.1050340086221695 0.9435022473335266 -0.18036797642707825 -0.27797624468803406 -0.552452027797699 -0.2829594612121582 -0.8751007318496704 -0.39259710907936096 -2.1290009021759033
-0.1724138855934143 0.4490719437599182 -0.8767027258872986 0.10506339371204376 0.943506121635437 -0.18038681149482727 -0.27795088291168213 -0.5524747371673584 -0.28296563029289246 -0.8750970363616943 -0.3926008641719818 -2.1290478706359863
-0.17241251468658447 0.4490540027618408 -0.8767122030258179 0.10504724830389023 0.9435045719146729 -0.18039852380752563 -0.27794840931892395 -0.552439272403717 -0.28297150135040283 -0.8751038312911987 -0.3925814926624298 -2.1290745735168457
-0.1724551022052765 0.4490567445755005 -0.8767024278640747 0.10505837202072144 0.9435104727745056 -0.18033763766288757 -0.2779679000377655 -0.5523837208747864 -0.28292587399482727 -0.8751149773597717 -0.3925895392894745 -2.1289737224578857
-0.17236045002937317 0.44903984665870667 -0.8767296671867371 0.10505830496549606 0.9435296058654785 -0.18037660419940948 -0.2778776288032532 -0.5523625612258911 -0.282919704914093 -0.8751156330108643 -0.39259254932403564 -2.128978967666626
-0.17239537835121155 0.44907769560813904 -0.8767034411430359 0.10504808276891708 0.9435166716575623 -0.18037049472332 -0.27792564034461975 -0.5523368716239929 -0.28294169902801514 -0.8750974535942078 -0.39261719584465027 -2.1289422512054443
-0.17235200107097626 0.44910141825675964 -0.8766998052597046 0.10503161698579788 0.9435330629348755 -0.1803547739982605 -0.27788016200065613 -0.5523621439933777 -0.2829134464263916 -0.8750885128974915 -0.39265748858451843 -2.1289074420928955
-0.17233017086982727 0.4490978419780731 -0.8767059445381165 0.1050356924533844 0.9435390830039978 -0.18035870790481567 -0.2778571844100952 -0.5523548722267151 -0.2829066812992096 -0.8750895857810974 -0.3926600515842438 -2.128899574279785
-0.17228351533412933 0.44906455278396606 -0.8767321705818176 0.10503116250038147 0.943525493144989 -0.1804569661617279 -0.2778394818305969 -0.5523025989532471 -0.282980352640152 -0.8750863671302795 -0.3926140367984772 -2.128910541534424
-0.1722840964794159 0.44910910725593567 -0.8767092227935791 0.10503031313419342 0.9435064792633057 -0.18050116300582886 -0.27787545323371887 -0.5523081421852112 -0.2830435037612915 -0.8750544190406799 -0.39263981580734253 -2.128950834274292
-0.17232012748718262 0.4491274952888489 -0.8766927123069763 0.10500209033489227 0.9434948563575745 -0.180495947599411 -0.27791827917099 -0.5523311495780945 -0.2830602824687958 -0.8750460147857666 -0.39264634251594543 -2.128887891769409
-0.1723305583000183 0.44913527369499207 -0.876686692237854 0.10500669479370117 0.9435076117515564 -0.18044374883174896 -0.2779087722301483 -0.5523130893707275 -0.2830113470554352 -0.875052809715271 -0.3926665186882019 -2.1288797855377197
-0.1723272204399109 0.44913458824157715 -0.8766877055168152 0.10503605753183365 0.9435025453567505 -0.18046292662620544 -0.27791357040405273 -0.5524525046348572 -0.28303027153015137 -0.8750492334365845 -0.39266088604927063 -2.1290054321289062
-0.1722528040409088 0.4490368962287903 -0.8767523765563965 0.10506682097911835 0.9435032606124878 -0.18056465685367584 -0.2778451144695282 -0.5523964762687683 -0.2830732762813568 -0.8750783801078796 -0.39256492257118225 -2.129112720489502
-0.17229785025119781 0.44905948638916016 -0.8767319321632385 0.10507555305957794 0.9434877038002014 -0.18056142330169678 -0.27790001034736633 -0.5523885488510132 -0.28309765458106995 -0.875067412853241 -0.39257168769836426 -2.129119396209717
-0.1722269207239151 0.449036180973053 -0.876757800579071 0.10507804900407791 0.9435068964958191 -0.18057894706726074 -0.27782341837882996 -0.5523819923400879 -0.28307685256004333 -0.8750757575035095 -0.39256811141967773 -2.129108190536499
-0.17228500545024872 0.44904935359954834 -0.8767396807670593 0.10510140657424927 0.9434807300567627 -0.18059873580932617 -0.2778993844985962 -0.5523926019668579 -0.28312867879867554 -0.8750649094581604 -0.3925548791885376 -2.129155397415161
-0.17233505845069885 0.4490598440170288 -0.8767244219779968 0.10504685342311859 0.9434986710548401 -0.1804908663034439 -0.2779085040092468 -0.5524008274078369 -0.2830383777618408 -0.8750818371772766 -0.39258238673210144 -2.1290884017944336
-0.17230667173862457 0.449049174785614 -0.876735508441925 0.10505378991365433 0.9435008764266968 -0.18051519989967346 -0.27788516879081726 -0.5524357557296753 -0.28304824233055115 -0.87508225440979 -0.392574280500412 -2.1291840076446533
-0.1724008321762085 0.4489613473415375 -0.8767619729042053 0.10501660406589508 0.9435189962387085 -0.18039479851722717 -0.27790194749832153 -0.5524151921272278 -0.2829305827617645 -0.8751521706581116 -0.3925032913684845 -2.129016876220703
-0.172404482960701 0.4489511549472809 -0.8767664432525635 0.10500972718000412 0.9435471892356873 -0.18030714988708496 -0.2778629958629608 -0.5524325966835022 -0.2828342318534851 -0.8751754760742188 -0.3925207853317261 -2.128993272781372
-0.1724085509777069 0.4490208029747009 -0.8767299652099609 0.10499373078346252 0.9435824751853943 -0.18017195165157318 -0.27783095836639404 -0.5524305105209351 -0.2827140986919403 -0.8751675486564636 -0.3926249146461487 -2.1289892196655273
-0.17238777875900269 0.4490317404270172 -0.8767284750938416 0.1049986258149147 0.9435796141624451 -0.18019765615463257 -0.27782392501831055 -0.5524179339408875 -0.28273624181747437 -0.8751566410064697 -0.39263325929641724 -2.128976583480835
-0.1723191887140274 0.44895869493484497 -0.8767793774604797 0.10505664348602295 0.9435780644416809 -0.18029291927814484 -0.27776744961738586 -0.5523490309715271 -0.28278329968452454 -0.8751745223999023 -0.39255958795547485 -2.12903094291687
-0.1722797304391861 0.44888824224472046 -0.8768231868743896 0.10503240674734116 0.9435818791389465 -0.1803421825170517 -0.2777225971221924 -0.5523337721824646 -0.28279468417167664 -0.8752005100250244 -0.39249342679977417 -2.1290247440338135
-0.17223957180976868 0.44891834259033203 -0.876815676689148 0.10504833608865738 0.9435873031616211 -0.1803552359342575 -0.2776956856250763 -0.5523408055305481 -0.2828010618686676 -0.8751823306083679 -0.39252927899360657 -2.128990411758423
-0.17229236662387848 0.4489363729953766 -0.8767960667610168 0.10506361722946167 0.9435662031173706 -0.18036293983459473 -0.277762234210968 -0.5523386001586914 -0.2828391492366791 -0.8751715421676636 -0.39252597093582153 -2.129011631011963
-0.17228007316589355 0.44896256923675537 -0.8767850399017334 0.10510285943746567 0.9435474872589111 -0.18042457103729248 -0.2777857780456543 -0.5523244142532349 -0.2829090654850006 -0.8751453757286072 -0.39253389835357666 -2.1290194988250732
-0.17235788702964783 0.44895827770233154 -0.8767719864845276 0.10511086881160736 0.9435152411460876 -0.1804494857788086 -0.27787917852401733 -0.5523810982704163 -0.28296926617622375 -0.8751424551010132 -0.3924970328807831 -2.1291701793670654
-0.172427237033844 0.44894546270370483 -0.8767648935317993 0.1050834208726883 0.9435163140296936 -0.18038220703601837 -0.2779191732406616 -0.552394449710846 -0.2829234004020691 -0.8751628994941711 -0.39248448610305786 -2.1291491985321045
-0.17253011465072632 0.4489680826663971 -0.8767330646514893 0.1050817146897316 0.9434756636619568 -0.1803998351097107 -0.278045654296875 -0.5524095296859741 -0.28299620747566223 -0.8751476407051086 -0.3924660086631775 -2.129215955734253
-0.17251978814601898 0.44898122549057007 -0.876728355884552 0.1050974652171135 0.9434763193130493 -0.18040376901626587 -0.27804088592529297 -0.5523967146873474 -0.28300032019615173 -0.8751400709152222 -0.39247989654541016 -2.129222869873047
-0.17254739999771118 0.44895702600479126 -0.8767353296279907 0.1050637885928154 0.9434651732444763 -0.18041886389255524 -0.2780689597129822 -0.5524185299873352 -0.28302067518234253 -0.8751494288444519 -0.3924444615840912 -2.129232406616211
-0.1725401133298874 0.44893673062324524 -0.8767471313476562 0.10507216304540634 0.9434681534767151 -0.18042320013046265 -0.27805599570274353 -0.5524128675460815 -0.2830151319503784 -0.8751589059829712 -0.3924272358417511 -2.129234790802002
-0.17247863113880157 0.4489131569862366 -0.8767713308334351 0.10502305626869202 0.9434913396835327 -0.18041929602622986 -0.27797985076904297 -0.5523861050605774 -0.28297534584999084 -0.8751718401908875 -0.39242714643478394 -2.12916898727417
-0.1725008487701416 0.44896411895751953 -0.8767408728599548 0.10498888790607452 0.9435063600540161 -0.18033498525619507 -0.277983695268631 -0.552409827709198 -0.28291183710098267 -0.8751630783081055 -0.39249250292778015 -2.1291134357452393
-0.17238867282867432 0.4490048289299011 -0.8767420649528503 0.10499753057956696 0.9435085654258728 -0.18042513728141785 -0.2779175937175751 -0.552456259727478 -0.2829727232456207 -0.8751235604286194 -0.39253661036491394 -2.1291420459747314
-0.17246294021606445 0.44897982478141785 -0.8767402768135071 0.10504300892353058 0.9434886574745178 -0.18042190372943878 -0.27798736095428467 -0.5524101257324219 -0.28299394249916077 -0.8751370906829834 -0.3924912214279175 -2.129187822341919
-0.17246082425117493 0.44905027747154236 -0.8767046332359314 0.10507432371377945 0.943473756313324 -0.1804477721452713 -0.2780211865901947 -0.5524415969848633 -0.2830449640750885 -0.8750956058502197 -0.3925469219684601 -2.1292202472686768
-0.1724708527326584 0.44903263449668884 -0.8767116665840149 0.10508599877357483 0.9434660077095032 -0.1804673820734024 -0.27803462743759155 -0.55242919921875 -0.2830645442008972 -0.8751006126403809 -0.39252161979675293 -2.129197835922241
-0.1724633425474167 0.44905608892440796 -0.8767011165618896 0.10512065887451172 0.9434871673583984 -0.18040181696414948 -0.27800533175468445 -0.5523496270179749 -0.28299853205680847 -0.8751021027565002 -0.39256590604782104 -2.129075288772583
-0.17251132428646088 0.4490671753883362 -0.8766860365867615 0.10511066019535065 0.9434857964515686 -0.18035559356212616 -0.2780400812625885 -0.5523641109466553 -0.282973974943161 -0.8751059174537659 -0.39257505536079407 -2.1290111541748047
-0.17256231606006622 0.4490537941455841 -0.8766828179359436 0.10510191321372986 0.9434781074523926 -0.18033353984355927 -0.27808040380477905 -0.552324116230011 -0.2829684317111969 -0.8751173615455627 -0.3925535976886749 -2.1290199756622314
-0.17249999940395355 0.4490213096141815 -0.8767117261886597 0.10502705723047256 0.9434839487075806 -0.18038690090179443 -0.2780259847640991 -0.552344799041748 -0.28298696875572205 -0.8751230239868164 -0.39252761006355286 -2.1289377212524414
-0.172527477145195 0.44899678230285645 -0.8767188787460327 0.10503771901130676 0.9434959888458252 -0.18033051490783691 -0.2780216932296753 -0.5523307919502258 -0.28293007612228394 -0.8751472234725952 -0.3925146162509918 -2.1289148330688477
-0.1725802719593048 0.44897353649139404 -0.8767204284667969 0.10502330958843231 0.9434856176376343 -0.1803181767463684 -0.27806490659713745 -0.5523661971092224 -0.28293249011039734 -0.8751617074012756 -0.39248067140579224 -2.128801107406616
-0.1725941151380539 0.4489584267139435 -0.876725435256958 0.10502766072750092 0.9434782266616821 -0.1803322285413742 -0.27808085083961487 -0.5523589849472046 -0.28294867277145386 -0.8751665353775024 -0.3924581706523895 -2.1287717819213867
-0.17264224588871002 0.4489881992340088 -0.8767006993293762 0.10502078384160995 0.9434671998023987 -0.18030965328216553 -0.2781328856945038 -0.5524093508720398 -0.2829560339450836 -0.8751559257507324 -0.39247652888298035 -2.128875255584717
-0.1726607084274292 0.4489755630493164 -0.8767035007476807 0.10502413660287857 0.9434614777565002 -0.180313378572464 -0.2781500220298767 -0.5524038076400757 -0.28296399116516113 -0.8751616477966309 -0.3924580514431 -2.1288602352142334
-0.1725860983133316 0.4490030109882355 -0.8767041563987732 0.10503078997135162 0.9434705376625061 -0.18034972250461578 -0.2780955731868744 -0.5523810386657715 -0.28297916054725647 -0.8751400709152222 -0.39249521493911743 -2.1287682056427
-0.1725572943687439 0.4489612877368927 -0.8767312169075012 0.10503973811864853 0.9434518814086914 -0.18044893443584442 -0.2780945599079132 -0.5523829460144043 -0.2830589711666107 -0.8751410245895386 -0.3924355208873749 -2.128840446472168
-0.17257408797740936 0.4489622712135315 -0.8767274022102356 0.1050422340631485 0.9434487223625183 -0.18044184148311615 -0.2781097888946533 -0.5523791909217834 -0.28305917978286743 -0.875141978263855 -0.3924332559108734 -2.1288323402404785
-0.17264044284820557 0.4489732086658478 -0.8767087459564209 0.10504932701587677 0.9434489607810974 -0.18037264049053192 -0.2781539559364319 -0.5523755550384521 -0.28301802277565 -0.8751506209373474 -0.39244362711906433 -2.1287894248962402
-0.1726699322462082 0.4490346908569336 -0.8766714334487915 0.10498743504285812 0.9434214234352112 -0.18040931224822998 -0.27822354435920715 -0.5523372292518616 -0.28309178352355957 -0.8751115202903748 -0.3924776315689087 -2.1287713050842285
-0.17261089384555817 0.44895750284194946 -0.8767225742340088 0.10500019788742065 0.9434281587600708 -0.18047095835208893 -0.27816078066825867 -0.5523187518119812 -0.28310540318489075 -0.8751384019851685 -0.3924078345298767 -2.128818988800049
-0.17256329953670502 0.4489574134349823 -0.8767319917678833 0.10499302297830582 0.9434414505958557 -0.18047647178173065 -0.2781120240688324 -0.5523067116737366 -0.2830900251865387 -0.8751373291015625 -0.3924213647842407 -2.1288084983825684
-0.17261125147342682 0.4489479660987854 -0.8767274022102356 0.10498281568288803 0.9434120059013367 -0.1805235594511032 -0.27818143367767334 -0.5523014068603516 -0.2831590175628662 -0.8751324415206909 -0.3923824429512024 -2.1287450790405273
-0.17261332273483276 0.4489491879940033 -0.8767263889312744 0.10500148683786392 0.9434195160865784 -0.1804979294538498 -0.2781726121902466 -0.5523681640625 -0.28313273191452026 -0.8751371502876282 -0.39239099621772766 -2.1288344860076904
-0.1726197898387909 0.4489765763282776 -0.8767110705375671 0.10500707477331161 0.9434095025062561 -0.18051379919052124 -0.27819621562957764 -0.5523825883865356 -0.28316211700439453 -0.8751198053359985 -0.39240846037864685 -2.1288654804229736
-0.1725897490978241 0.448977530002594 -0.8767164945602417 0.10500997304916382 0.9434170126914978 -0.18051967024803162 -0.27816686034202576 -0.5523805022239685 -0.28315532207489014 -0.8751180768013 -0.39241713285446167 -2.1288626194000244
-0.17256537079811096 0.4490003287792206 -0.8767096400260925 0.10506153851747513 0.9434128403663635 -0.18054939806461334 -0.278161883354187 -0.5524250268936157 -0.2831842303276062 -0.8751002550125122 -0.39243602752685547 -2.1288933753967285
-0.17254593968391418 0.44898587465286255 -0.8767208456993103 0.10507570207118988 0.9434250593185425 -0.1805352419614792 -0.27812960743904114 -0.5524289608001709 -0.2831553518772125 -0.8751106262207031 -0.39243385195732117 -2.1288907527923584
-0.17257528007030487 0.4489893317222595 -0.8767132759094238 0.10505707561969757 0.9434346556663513 -0.18047568202018738 -0.2781356871128082 -0.5523999333381653 -0.2831054627895355 -0.8751211166381836 -0.3924463987350464 -2.1288270950317383
-0.17257682979106903 0.4490669071674347 -0.8766732811927795 0.10505371540784836 0.9434260725975037 -0.18047599494457245 -0.27816447615623474 -0.5524132251739502 -0.28313300013542175 -0.8750812411308289 -0.3925154209136963 -2.1288037300109863
-0.17251528799533844 0.44910743832588196 -0.8766646385192871 0.105037160217762 0.943427562713623 -0.18051891028881073 -0.2781316339969635 -0.5524194240570068 -0.2831655740737915 -0.8750516176223755 -0.3925580084323883 -2.128811836242676
-0.1724122166633606 0.44907358288764954 -0.8767022490501404 0.10504501312971115 0.943444013595581 -0.18057991564273834 -0.2780362665653229 -0.5523846745491028 -0.2831736207008362 -0.8750563859939575 -0.3925415277481079 -2.128833293914795
-0.1724187582731247 0.44911491870880127 -0.8766797780990601 0.10506290942430496 0.9434317350387573 -0.18059830367565155 -0.2780659794807434 -0.5523814558982849 -0.28321054577827454 -0.8750313520431519 -0.3925706744194031 -2.1288228034973145
-0.17244061827659607 0.4491129219532013 -0.8766764998435974 0.10508602857589722 0.9434276819229126 -0.180589959025383 -0.27808505296707153 -0.552360475063324 -0.2832106351852417 -0.8750340938568115 -0.39256447553634644 -2.1288022994995117
-0.17240293323993683 0.4491383731365204 -0.8766708374023438 0.10508609563112259 0.9434278607368469 -0.18061840534210205 -0.27806612849235535 -0.5523747801780701 -0.2832331359386444 -0.8750151991844177 -0.3925904333591461 -2.1289336681365967
-0.17232775688171387 0.44911816716194153 -0.876695990562439 0.1050785556435585 0.943446695804596 -0.18064017593860626 -0.2779879570007324 -0.5523276329040527 -0.28321602940559387 -0.8750210404396057 -0.3925896883010864 -2.128988027572632
-0.17231330275535583 0.44915279746055603 -0.8766810894012451 0.10509488731622696 0.9434389472007751 -0.18066741526126862 -0.277996689081192 -0.5523133277893066 -0.28325074911117554 -0.8749976754188538 -0.39261677861213684 -2.1289987564086914
-0.17235127091407776 0.44913503527641296 -0.8766827583312988 0.10503372550010681 0.94344562292099 -0.1806151121854782 -0.2780078649520874 -0.5523746013641357 -0.2832053005695343 -0.8750175833702087 -0.392605185508728 -2.1289212703704834
-0.17226028442382812 0.4491155743598938 -0.8767105937004089 0.10510844737291336 0.9434531927108765 -0.18068698048591614 -0.2779354453086853 -0.5523785352706909 -0.2832354009151459 -0.8750127553939819 -0.39259427785873413 -2.12905216217041
-0.17223316431045532 0.44919174909591675 -0.8766769170761108 0.10514525324106216 0.9434460401535034 -0.18071159720420837 -0.27794381976127625 -0.5523911714553833 -0.2832758128643036 -0.8749685287475586 -0.3926635682582855 -2.1290745735168457
-0.17223462462425232 0.4491477310657501 -0.8766991496086121 0.10509287565946579 0.9434520602226257 -0.18070553243160248 -0.27792733907699585 -0.5524491667747498 -0.2832548916339874 -0.8749923706054688 -0.3926255404949188 -2.129127025604248
-0.17228204011917114 0.449153870344162 -0.876686692237854 0.10499613732099533 0.943448543548584 -0.18066804111003876 -0.27796369791030884 -0.5524040460586548 -0.2832377851009369 -0.8749969601631165 -0.39262762665748596 -2.1290440559387207
-0.1722731590270996 0.44917312264442444 -0.8766785860061646 0.1049853041768074 0.9434382915496826 -0.18070226907730103 -0.27797621488571167 -0.5523951053619385 -0.28327733278274536 -0.8749800324440002 -0.3926369249820709 -2.1290500164031982
-0.17226505279541016 0.44916123151779175 -0.8766862750053406 0.10505084693431854 0.9434253573417664 -0.1807539016008377 -0.2779864966869354 -0.55231112241745 -0.28332528471946716 -0.8749754428863525 -0.3926124572753906 -2.1290881633758545
-0.17218293249607086 0.4491555988788605 -0.8767052888870239 0.10507456213235855 0.9434557557106018 -0.18074224889278412 -0.2778909504413605 -0.552314817905426 -0.2832740247249603 -0.8749807476997375 -0.3926376402378082 -2.129077434539795
-0.17220886051654816 0.44920113682746887 -0.8766768574714661 0.10510322451591492 0.9434507489204407 -0.1807178109884262 -0.27792373299598694 -0.5523319840431213 -0.2832748591899872 -0.8749624490737915 -0.3926778733730316 -2.129070997238159
