# 3x4 first row second row third row Freq: 100 current Time: 2021-07-28-20:17:19
-0.2691231667995453 -0.27961328625679016 -0.9216229319572449 0.019000420346856117 0.952861487865448 -0.21650110185146332 -0.2125604748725891 -0.6020375490188599 -0.14009778201580048 -0.9353840947151184 0.32469841837882996 -2.4766108989715576
-0.2691422998905182 -0.2796391248703003 -0.9216095209121704 0.01899776980280876 0.9528536796569824 -0.21652960777282715 -0.21256636083126068 -0.6019945740699768 -0.14011400938034058 -0.9353697299957275 0.3247326910495758 -2.4766757488250732
-0.26908841729164124 -0.2796515226364136 -0.9216214418411255 0.019012294709682465 0.9528651833534241 -0.21653865277767181 -0.21250557899475098 -0.6020324230194092 -0.14013929665088654 -0.9353639483451843 0.324738472700119 -2.476583242416382
-0.26909831166267395 -0.27963271737098694 -0.9216243028640747 0.019014131277799606 0.9528617858886719 -0.21654173731803894 -0.2125176638364792 -0.6019912362098694 -0.14014337956905365 -0.9353688359260559 0.3247225880622864 -2.4766502380371094
-0.26906895637512207 -0.2797125279903412 -0.9216086268424988 0.019056202843785286 0.9528746008872986 -0.21651987731456757 -0.2124825417995453 -0.6020756959915161 -0.14011269807815552 -0.9353500604629517 0.32478997111320496 -2.476590633392334
-0.2690739929676056 -0.2797171175479889 -0.9216057658195496 0.019063778221607208 0.9528734683990479 -0.216520756483078 -0.21248671412467957 -0.6020494699478149 -0.14011073112487793 -0.9353485107421875 0.32479536533355713 -2.476656436920166
-0.26899003982543945 -0.27975231409072876 -0.9216195940971375 0.019064025953412056 0.9528927803039551 -0.21652916073799133 -0.21239154040813446 -0.6020907163619995 -0.1401406228542328 -0.9353359937667847 0.32481837272644043 -2.4765987396240234
-0.26900577545166016 -0.2797529995441437 -0.9216148257255554 0.019067401066422462 0.9528849124908447 -0.21655744314193726 -0.21239788830280304 -0.6020625233650208 -0.14016373455524445 -0.935329258441925 0.3248278498649597 -2.4766628742218018
-0.2689712345600128 -0.27972933650016785 -0.9216320514678955 0.019034493714571 0.9528917074203491 -0.21655990183353424 -0.21236500144004822 -0.6020638346672058 -0.1401839703321457 -0.9353357553482056 0.32480037212371826 -2.4765312671661377
-0.26902246475219727 -0.27979546785354614 -0.9215970635414124 0.018988734111189842 0.9528859853744507 -0.2165345996618271 -0.21241649985313416 -0.6020957827568054 -0.1401246041059494 -0.9353218674659729 0.32486605644226074 -2.4765045642852783
-0.26905956864356995 -0.27968230843544006 -0.9216205477714539 0.018988655880093575 0.952885091304779 -0.21645718812942505 -0.21249927580356598 -0.6019998788833618 -0.140059232711792 -0.9353736042976379 0.32474520802497864 -2.4764702320098877
-0.2690145671367645 -0.27970027923583984 -0.9216282367706299 0.018994165584445 0.9528962969779968 -0.21645593643188477 -0.21245041489601135 -0.6020628213882446 -0.1400696039199829 -0.935368537902832 0.32475540041923523 -2.476367473602295
-0.26901960372924805 -0.2796984612941742 -0.9216272830963135 0.018978966400027275 0.9528945684432983 -0.21645908057689667 -0.21245479583740234 -0.6020317673683167 -0.14007146656513214 -0.9353683590888977 0.32475513219833374 -2.476405382156372
-0.269008606672287 -0.2797204256057739 -0.9216238260269165 0.018961653113365173 0.952898383140564 -0.21645599603652954 -0.212441086769104 -0.6019989848136902 -0.14006702601909637 -0.9353624582290649 0.324773907661438 -2.4764485359191895
-0.26897940039634705 -0.2796667218208313 -0.9216486811637878 0.018931057304143906 0.952899694442749 -0.21647948026657104 -0.2124110758304596 -0.6020196080207825 -0.14011386036872864 -0.9353731274604797 0.32472309470176697 -2.476360321044922
-0.2689659893512726 -0.27969709038734436 -0.9216433763504028 0.018912119790911674 0.9529090523719788 -0.2164447009563446 -0.21240456402301788 -0.6019911766052246 -0.14007602632045746 -0.9353720545768738 0.3247423768043518 -2.4764058589935303
-0.2690207362174988 -0.2795642912387848 -0.9216676950454712 0.018970273435115814 0.9528889656066895 -0.21646422147750854 -0.21247495710849762 -0.6020245552062988 -0.14010781049728394 -0.935407280921936 0.3246273100376129 -2.4763567447662354
-0.26899805665016174 -0.27952060103416443 -0.9216875433921814 0.01901465281844139 0.9529064893722534 -0.21637175977230072 -0.21249036490917206 -0.602078378200531 -0.1400318443775177 -0.9354417324066162 0.32456082105636597 -2.476274251937866
-0.2690054178237915 -0.27952396869659424 -0.9216843843460083 0.019007856026291847 0.9529055953025818 -0.21636708080768585 -0.21249906718730927 -0.6020517945289612 -0.14002370834350586 -0.935441792011261 0.3245640993118286 -2.476310968399048
-0.2689289152622223 -0.2794440984725952 -0.9217309355735779 0.01899854652583599 0.9529179334640503 -0.21638423204421997 -0.21242637932300568 -0.6020600199699402 -0.14008687436580658 -0.935461699962616 0.32447952032089233 -2.476330518722534
-0.26893913745880127 -0.27945443987846375 -0.921724796295166 0.01898311823606491 0.9529160857200623 -0.21638324856758118 -0.21243569254875183 -0.6020289659500122 -0.14007984101772308 -0.9354588389396667 0.3244907855987549 -2.4763693809509277
-0.2689926326274872 -0.2795402407646179 -0.9216831922531128 0.018974702805280685 0.9528979659080505 -0.21644169092178345 -0.21245744824409485 -0.6020897626876831 -0.1401003897190094 -0.9354196786880493 0.32459479570388794 -2.476370096206665
-0.2689749002456665 -0.27953794598579407 -0.9216890335083008 0.018954936414957047 0.9528964757919312 -0.216478168964386 -0.2124268114566803 -0.6020604372024536 -0.14014434814453125 -0.9354119300842285 0.32459813356399536 -2.4764158725738525
-0.2690219581127167 -0.27945438027381897 -0.921700656414032 0.0189853236079216 0.952902615070343 -0.21634553372859955 -0.21253439784049988 -0.6020664572715759 -0.14001227915287018 -0.935467541217804 0.32449474930763245 -2.476311445236206
-0.26904019713401794 -0.2794572114944458 -0.9216945171356201 0.018974054604768753 0.9528982043266296 -0.2163476049900055 -0.21255210041999817 -0.6020349860191345 -0.14000730216503143 -0.9354662299156189 0.32450070977211 -2.4763522148132324
-0.26894423365592957 -0.27936023473739624 -0.921751856803894 0.019001321867108345 0.9529193043708801 -0.21633204817771912 -0.2124733179807663 -0.6020146012306213 -0.14004801213741302 -0.9354987740516663 0.32438924908638 -2.4763519763946533
-0.2689644694328308 -0.2793545126914978 -0.9217476844787598 0.018994247540831566 0.9529107213020325 -0.21635708212852478 -0.21248644590377808 -0.6019774079322815 -0.14006772637367249 -0.9354947209358215 0.32439252734184265 -2.476400375366211
-0.26897329092025757 -0.27937740087509155 -0.9217382073402405 0.0189990121871233 0.9528907537460327 -0.21648196876049042 -0.21244868636131287 -0.602040708065033 -0.14018647372722626 -0.9354589581489563 0.3244442343711853 -2.476468324661255
-0.26900434494018555 -0.2793464660644531 -0.9217385053634644 0.018971294164657593 0.9528785347938538 -0.21650876104831696 -0.21247629821300507 -0.6020342111587524 -0.1402100920677185 -0.9354619979858398 0.32442528009414673 -2.4764397144317627
-0.26894357800483704 -0.2793404757976532 -0.9217580556869507 0.018985174596309662 0.9528956413269043 -0.21648666262626648 -0.21242208778858185 -0.6020436882972717 -0.1402103751897812 -0.9354689121246338 0.3244052529335022 -2.4764583110809326
-0.26891496777534485 -0.279448539018631 -0.9217336773872375 0.01895001530647278 0.9529073238372803 -0.2164776474237442 -0.2123788744211197 -0.6021062135696411 -0.1401859074831009 -0.9354387521743774 0.3245028853416443 -2.4765124320983887
-0.2689124345779419 -0.2794540524482727 -0.9217327237129211 0.01893537864089012 0.9529097080230713 -0.21646693348884583 -0.21237914264202118 -0.6020806431770325 -0.14017456769943237 -0.9354395866394043 0.32450535893440247 -2.476564407348633
-0.2690048813819885 -0.2794366478919983 -0.9217110276222229 0.018938515335321426 0.9528767466545105 -0.21654054522514343 -0.21245186030864716 -0.6021227240562439 -0.14022110402584076 -0.935427725315094 0.32451939582824707 -2.476483106613159
-0.26897740364074707 -0.27945128083229065 -0.9217146039009094 0.01891966164112091 0.9528870582580566 -0.21651752293109894 -0.21242918074131012 -0.6020956635475159 -0.14020389318466187 -0.9354286789894104 0.32452404499053955 -2.4765381813049316
-0.2689831852912903 -0.2794629633426666 -0.9217093586921692 0.018904220312833786 0.9528851509094238 -0.21652385592460632 -0.2124311327934265 -0.6020765900611877 -0.14020557701587677 -0.935423731803894 0.32453760504722595 -2.4765968322753906
-0.268942654132843 -0.27952343225479126 -0.9217028617858887 0.018948350101709366 0.9528935551643372 -0.21654416620731354 -0.212372824549675 -0.6020577549934387 -0.1402263343334198 -0.9354009628295898 0.32459425926208496 -2.4764957427978516
-0.2688560485839844 -0.2794371247291565 -0.9217543005943298 0.018965307623147964 0.9529155492782593 -0.21651053428649902 -0.21230831742286682 -0.6020509004592896 -0.1402428299188614 -0.9354345202445984 0.32449036836624146 -2.476414918899536
-0.2688553035259247 -0.2794274091720581 -0.9217574596405029 0.018952732905745506 0.9529163837432861 -0.2165040671825409 -0.21231131255626678 -0.6020170450210571 -0.14023877680301666 -0.9354389309883118 0.32447946071624756 -2.476464033126831
-0.2688337564468384 -0.2794167101383209 -0.921766996383667 0.01896701566874981 0.9529203176498413 -0.21650822460651398 -0.2122892290353775 -0.6020698547363281 -0.14025312662124634 -0.9354411959648132 0.3244667947292328 -2.4764087200164795
-0.2688252031803131 -0.27942201495170593 -0.9217678904533386 0.018959611654281616 0.9529218673706055 -0.21651215851306915 -0.21227823197841644 -0.6020348072052002 -0.14025887846946716 -0.9354386925697327 0.32447150349617004 -2.476457118988037
-0.26884645223617554 -0.27942538261413574 -0.9217606782913208 0.018952324986457825 0.9529122114181519 -0.2165447324514389 -0.21228837966918945 -0.602031946182251 -0.14028379321098328 -0.935430109500885 0.3244853913784027 -2.476459503173828
-0.26884302496910095 -0.2794148027896881 -0.9217648506164551 0.01894102245569229 0.9529135227203369 -0.21653889119625092 -0.212288498878479 -0.6019952297210693 -0.140281543135643 -0.9354346394538879 0.3244733512401581 -2.476513385772705
-0.2689499258995056 -0.27929767966270447 -0.9217692017555237 0.01899316906929016 0.9529097676277161 -0.21637272834777832 -0.2124747782945633 -0.6020051836967468 -0.14010213315486908 -0.9355080723762512 0.3243391215801239 -2.476321220397949
-0.2689664661884308 -0.2792733311653137 -0.9217717051506042 0.018994178622961044 0.9529037475585938 -0.21638157963752747 -0.21249258518218994 -0.6019629836082458 -0.140111044049263 -0.9355133175849915 0.3243202269077301 -2.476360321044922
-0.2690322995185852 -0.27932819724082947 -0.9217358827590942 0.018989726901054382 0.9528988599777222 -0.21632571518421173 -0.21257150173187256 -0.6020376682281494 -0.14001810550689697 -0.9355098009109497 0.3243703544139862 -2.4762990474700928
-0.2690587639808655 -0.2793230414390564 -0.9217297434806824 0.018993893638253212 0.9528911113739014 -0.21633566915988922 -0.21259620785713196 -0.6020089983940125 -0.14002013206481934 -0.9355090856552124 0.32437166571617126 -2.4763541221618652
-0.2689881920814514 -0.27940553426742554 -0.921725332736969 0.01895560324192047 0.9529078602790833 -0.2163511961698532 -0.21250511705875397 -0.6020729541778564 -0.14004139602184296 -0.9354808330535889 0.32444390654563904 -2.476363182067871
-0.2690810561180115 -0.279381662607193 -0.9217054843902588 0.01897192932665348 0.9528872966766357 -0.21634027361869812 -0.21260860562324524 -0.6021327376365662 -0.14000320434570312 -0.9354904890060425 0.32443252205848694 -2.476357936859131
-0.2690829634666443 -0.2793678939342499 -0.9217090606689453 0.018957287073135376 0.9528828859329224 -0.21636348962783813 -0.21260465681552887 -0.6021137237548828 -0.1400294005870819 -0.9354892373085022 0.3244248628616333 -2.476402759552002
-0.2690769135951996 -0.27934056520462036 -0.9217191338539124 0.018912730738520622 0.9528858661651611 -0.2163466364145279 -0.2126084566116333 -0.6020752191543579 -0.14002078771591187 -0.9355012774467468 0.32439377903938293 -2.476442337036133
-0.269043505191803 -0.27931588888168335 -0.9217363595962524 0.01892385445535183 0.952902615070343 -0.2162804901599884 -0.2126006782054901 -0.6020658016204834 -0.13997098803520203 -0.9355239272117615 0.32434993982315063 -2.47637939453125
-0.2690938115119934 -0.27928513288497925 -0.9217309951782227 0.018950190395116806 0.9528939723968506 -0.21625341475009918 -0.2126668244600296 -0.6020627021789551 -0.13993293046951294 -0.9355394244194031 0.32432180643081665 -2.4763195514678955
-0.2690902352333069 -0.27930811047554016 -0.9217250347137451 0.018935218453407288 0.9528992176055908 -0.2162291705608368 -0.21266798675060272 -0.6020323634147644 -0.13990408182144165 -0.935538113117218 0.324337899684906 -2.4763681888580322
-0.26904037594795227 -0.27929922938346863 -0.92174232006073 0.0189544465392828 0.9529073238372803 -0.2162499874830246 -0.21261060237884521 -0.6020496487617493 -0.139944925904274 -0.9355359673500061 0.3243264853954315 -2.4763383865356445
-0.26903530955314636 -0.2792983651161194 -0.9217440485954285 0.018938327208161354 0.9529056549072266 -0.21626891195774078 -0.21259893476963043 -0.602017343044281 -0.1399661898612976 -0.9355318546295166 0.3243291974067688 -2.476383686065674
-0.2690369188785553 -0.2793348729610443 -0.9217325448989868 0.018923340365290642 0.9528910517692566 -0.21637225151062012 -0.21255910396575928 -0.6020306944847107 -0.14006230235099792 -0.9354970455169678 0.3243880569934845 -2.4764325618743896
-0.26904141902923584 -0.2793053984642029 -0.9217401146888733 0.018936919048428535 0.952885091304779 -0.216398224234581 -0.212559312582016 -0.6020235419273376 -0.1400941014289856 -0.9354998469352722 0.3243662714958191 -2.4765419960021973
-0.2689977288246155 -0.2793318033218384 -0.9217448830604553 0.018925141543149948 0.9528951644897461 -0.21640463173389435 -0.21250782907009125 -0.6020463705062866 -0.1401098072528839 -0.9354904890060425 0.32438650727272034 -2.4764928817749023
-0.26899197697639465 -0.27931904792785645 -0.9217504262924194 0.018925702199339867 0.9528912901878357 -0.2164362519979477 -0.212492898106575 -0.6020365953445435 -0.14014703035354614 -0.9354869723320007 0.3243805468082428 -2.476571559906006
-0.2690551280975342 -0.2793372571468353 -0.9217264652252197 0.01892906427383423 0.9528812766075134 -0.21640999615192413 -0.21256446838378906 -0.6020345091819763 -0.14009377360343933 -0.9354876279830933 0.32440170645713806 -2.4764533042907715
-0.26902201771736145 -0.27930185198783875 -0.9217468500137329 0.01893620565533638 0.9528817534446716 -0.21644960343837738 -0.2125220000743866 -0.602022111415863 -0.14015409350395203 -0.9354890584945679 0.3243715763092041 -2.4765326976776123
-0.26904919743537903 -0.27936598658561707 -0.921719491481781 0.018924405798316002 0.9528723359107971 -0.21648550033569336 -0.21252770721912384 -0.6020782589912415 -0.1401660293340683 -0.9354615807533264 0.32444560527801514 -2.476443290710449
-0.26902052760124207 -0.2793810963630676 -0.9217233061790466 0.01892613060772419 0.9528822302818298 -0.21646709740161896 -0.2125021070241928 -0.602067768573761 -0.14015382528305054 -0.9354613423347473 0.32445159554481506 -2.476506471633911
-0.2690192759037018 -0.2794512212276459 -0.9217023849487305 0.01893460750579834 0.9528771042823792 -0.2165192812681198 -0.2124718576669693 -0.6021027565002441 -0.1401909589767456 -0.9354283213615417 0.32453078031539917 -2.4763987064361572
-0.26903900504112244 -0.2793019711971283 -0.9217419028282166 0.01894196681678295 0.9528828263282776 -0.21641658246517181 -0.21255098283290863 -0.6020714044570923 -0.14011447131633759 -0.9354966282844543 0.3243667781352997 -2.476295232772827
-0.26900163292884827 -0.2792966663837433 -0.9217544198036194 0.018963197246193886 0.9528957009315491 -0.21638670563697815 -0.21252351999282837 -0.6020760536193848 -0.1400984227657318 -0.9355051517486572 0.32434919476509094 -2.4763121604919434
-0.2690596580505371 -0.2793987989425659 -0.92170649766922 0.018967969343066216 0.9528933763504028 -0.21633638441562653 -0.21258515119552612 -0.6021063327789307 -0.1400027573108673 -0.9354862570762634 0.32444489002227783 -2.476245164871216
-0.2690543830394745 -0.27941516041755676 -0.9217031002044678 0.01894911378622055 0.9528926014900208 -0.2163536101579666 -0.21257121860980988 -0.6020839810371399 -0.1400182992219925 -0.9354774355888367 0.32446372509002686 -2.4762659072875977
-0.26908281445503235 -0.2794848084449768 -0.9216736555099487 0.018942154943943024 0.9528788924217224 -0.2164175808429718 -0.21256761252880096 -0.6021528840065002 -0.14005710184574127 -0.935441792011261 0.3245496451854706 -2.476236581802368
-0.26909080147743225 -0.2794349193572998 -0.9216864705085754 0.018925292417407036 0.9528717994689941 -0.21644088625907898 -0.2125755250453949 -0.602149486541748 -0.1400897353887558 -0.935451328754425 0.3245081603527069 -2.476270914077759
-0.269062876701355 -0.2794138193130493 -0.9217010140419006 0.01892787404358387 0.9528852105140686 -0.21638958156108856 -0.21256771683692932 -0.6021275520324707 -0.14005227386951447 -0.9354695081710815 0.32447192072868347 -2.476235866546631
-0.2690792381763458 -0.2794066071510315 -0.9216984510421753 0.018908880650997162 0.9528804421424866 -0.21639449894428253 -0.21258403360843658 -0.6021076440811157 -0.14005321264266968 -0.9354705214500427 0.32446858286857605 -2.476259231567383
-0.2691105604171753 -0.27946987748146057 -0.9216700792312622 0.01893506944179535 0.9528613090515137 -0.21648861467838287 -0.21257399022579193 -0.6021280884742737 -0.14012320339679718 -0.9354298114776611 0.3245556354522705 -2.476238250732422
-0.26916009187698364 -0.27948275208473206 -0.9216517210006714 0.01894438825547695 0.9528528451919556 -0.21647202968597412 -0.21262893080711365 -0.6021223664283752 -0.140085831284523 -0.9354298114776611 0.32457178831100464 -2.476303815841675
-0.2691234052181244 -0.2793996334075928 -0.921687662601471 0.01895596645772457 0.9528701305389404 -0.21639379858970642 -0.21263103187084198 -0.6021013855934143 -0.1400385946035385 -0.9354727268218994 0.3244684338569641 -2.476170778274536
-0.26918116211891174 -0.27939358353614807 -0.9216726422309875 0.018975436687469482 0.9528585076332092 -0.21638092398643494 -0.2126961350440979 -0.6020990014076233 -0.14000657200813293 -0.9354775547981262 0.3244684338569641 -2.476231575012207
-0.2691333293914795 -0.27945783734321594 -0.9216670989990234 0.019003165885806084 0.9528645873069763 -0.21642903983592987 -0.2126200646162033 -0.602100133895874 -0.14005731046199799 -0.9354472160339355 0.32453396916389465 -2.476177930831909
-0.269123375415802 -0.27942636609077454 -0.9216795563697815 0.019001372158527374 0.9528568387031555 -0.21648874878883362 -0.2125939279794693 -0.6020762324333191 -0.14012904465198517 -0.9354428052902222 0.3245157301425934 -2.4762024879455566
-0.26910966634750366 -0.27939650416374207 -0.9216926097869873 0.018969176337122917 0.9528651237487793 -0.21644747257232666 -0.21259868144989014 -0.6021007299423218 -0.14009885489940643 -0.9354612827301025 0.3244755268096924 -2.4762258529663086
-0.2691013514995575 -0.27936944365501404 -0.9217032194137573 0.018924947828054428 0.9528639912605286 -0.21646176278591156 -0.2125893384218216 -0.6020539402961731 -0.1401226818561554 -0.9354660511016846 0.3244514763355255 -2.4762258529663086
-0.26906758546829224 -0.2793337404727936 -0.9217239022254944 0.018908655270934105 0.9528703093528748 -0.21646346151828766 -0.21255934238433838 -0.6020854711532593 -0.1401446908712387 -0.9354763031005859 0.32441234588623047 -2.476236343383789
-0.26907864212989807 -0.279369056224823 -0.9217099547386169 0.01894465461373329 0.952853262424469 -0.21656835079193115 -0.21252892911434174 -0.6021440625190735 -0.14023932814598083 -0.9354414939880371 0.3244718611240387 -2.4763126373291016
-0.2690848410129547 -0.27938616275787354 -0.9217029809951782 0.018927158787846565 0.9528499841690063 -0.21658438444137573 -0.21252715587615967 -0.6021216511726379 -0.14024946093559265 -0.9354326725006104 0.3244929313659668 -2.476365566253662
-0.26908260583877563 -0.27929338812828064 -0.9217317700386047 0.018936388194561005 0.9528589248657227 -0.2165069282054901 -0.2125660628080368 -0.6021005511283875 -0.1401931643486023 -0.9354782700538635 0.3243856728076935 -2.476271867752075
-0.2690652310848236 -0.27929264307022095 -0.9217370748519897 0.01891474239528179 0.9528619647026062 -0.2165132761001587 -0.21254602074623108 -0.6020729541778564 -0.14020590484142303 -0.935477077960968 0.32438376545906067 -2.47631573677063
-0.2691538631916046 -0.27934807538986206 -0.9216943979263306 0.01890500821173191 0.9528504014015198 -0.21646679937839508 -0.21264517307281494 -0.6021094918251038 -0.14011435210704803 -0.93547123670578 0.32444003224372864 -2.47623872756958
-0.2691620886325836 -0.2793576717376709 -0.9216890931129456 0.018879450857639313 0.9528506994247437 -0.21645426750183105 -0.21265655755996704 -0.6020851135253906 -0.14009642601013184 -0.9354712963104248 0.3244476616382599 -2.476274251937866
-0.2691289186477661 -0.2794099450111389 -0.9216828942298889 0.01887575350701809 0.9528529047966003 -0.21650247275829315 -0.21259742975234985 -0.6020577549934387 -0.14014491438865662 -0.9354445338249207 0.32450389862060547 -2.476336717605591
-0.2691041827201843 -0.27941015362739563 -0.921690046787262 0.01884230598807335 0.9528632164001465 -0.2164720892906189 -0.21258236467838287 -0.6020286083221436 -0.140122652053833 -0.9354515075683594 0.3244934380054474 -2.476388931274414
-0.2691252529621124 -0.2793419659137726 -0.9217045903205872 0.018936384469270706 0.9528637528419495 -0.21642030775547028 -0.2126326709985733 -0.6021015048027039 -0.14007848501205444 -0.9354838132858276 0.324419230222702 -2.476266384124756
-0.2691289782524109 -0.2793397009372711 -0.9217041730880737 0.01891876943409443 0.9528627395629883 -0.21642078459262848 -0.21263669431209564 -0.6020802855491638 -0.14007821679115295 -0.9354844093322754 0.32441771030426025 -2.476306438446045
-0.2692464292049408 -0.2792972922325134 -0.9216827154159546 0.018922066316008568 0.9528480768203735 -0.21632778644561768 -0.21279694139957428 -0.6020421981811523 -0.13995210826396942 -0.9355185627937317 0.32437360286712646 -2.4762682914733887
-0.26921501755714417 -0.2792941927909851 -0.9216928482055664 0.01894531399011612 0.9528530836105347 -0.21634191274642944 -0.21276003122329712 -0.602048933506012 -0.139978289604187 -0.9355162382125854 0.32436907291412354 -2.4763340950012207
-0.26920807361602783 -0.27934232354164124 -0.9216802716255188 0.018923863768577576 0.9528583288192749 -0.21632890403270721 -0.21274994313716888 -0.6020800471305847 -0.13995614647865295 -0.9355048537254333 0.3244113624095917 -2.4762461185455322
-0.26928791403770447 -0.2793051600456238 -0.9216682314872742 0.018948521465063095 0.9528517723083496 -0.21624085307121277 -0.21286876499652863 -0.6021300554275513 -0.13984711468219757 -0.9355363249778748 0.3243676722049713 -2.47617244720459
-0.2692924439907074 -0.2793303430080414 -0.9216592907905579 0.018936607986688614 0.9528523683547974 -0.21623563766479492 -0.21287134289741516 -0.6021099090576172 -0.13983428478240967 -0.9355300068855286 0.3243914246559143 -2.4761950969696045
-0.26928040385246277 -0.2793022394180298 -0.9216713309288025 0.018980948254466057 0.9528650045394897 -0.21616308391094208 -0.21288838982582092 -0.602110743522644 -0.1397712528705597 -0.9355551600456238 0.32434603571891785 -2.4761219024658203
-0.2692627012729645 -0.2793145477771759 -0.9216727614402771 0.018976274877786636 0.9528685808181763 -0.21616952121257782 -0.21286596357822418 -0.6020750999450684 -0.1397811323404312 -0.9355499744415283 0.32435667514801025 -2.4761505126953125
-0.269289493560791 -0.2793292701244354 -0.9216604828834534 0.018989410251379013 0.9528462290763855 -0.21628081798553467 -0.21285280585289001 -0.6020849347114563 -0.13988159596920013 -0.9355198740959167 0.3244002163410187 -2.4762179851531982
-0.26931631565093994 -0.2793043553829193 -0.9216601848602295 0.018972832709550858 0.952833890914917 -0.21631617844104767 -0.21287210285663605 -0.6020495295524597 -0.13991403579711914 -0.9355191588401794 0.3243883550167084 -2.476252555847168
-0.26929017901420593 -0.27940499782562256 -0.9216372966766357 0.01895938254892826 0.9528396725654602 -0.21634112298488617 -0.2128208726644516 -0.6021285653114319 -0.13992497324943542 -0.9354833364486694 0.32448694109916687 -2.4762020111083984
