# 3x4 first row second row third row Freq: 100 current Time: 2021-07-28-20:13:27
-0.32786262035369873 -0.17102161049842834 -0.929116427898407 0.0819362923502922 0.3741469979286194 -0.9265685677528381 0.03852521628141403 -0.7910334467887878 -0.8674789667129517 -0.33499521017074585 0.36777475476264954 -2.605191230773926
-0.3278714120388031 -0.1710098385810852 -0.9291155338287354 0.08193587511777878 0.3741518557071686 -0.9265673160552979 0.03850801661610603 -0.791038453578949 -0.8674735426902771 -0.33500465750694275 0.3677789270877838 -2.605187177658081
-0.327840656042099 -0.17101946473121643 -0.9291245937347412 0.08193206042051315 0.37417933344841003 -0.9265558123588562 0.03851783275604248 -0.7910183668136597 -0.8674733638763428 -0.33503153920173645 0.3677549362182617 -2.605173349380493
-0.3278522491455078 -0.17104972898960114 -0.9291149377822876 0.08192954212427139 0.3741913139820099 -0.9265501499176025 0.03853846341371536 -0.7910082340240479 -0.8674637675285339 -0.3350318670272827 0.3677771985530853 -2.605168581008911
-0.3278355300426483 -0.17106342315673828 -0.9291183352470398 0.08192670345306396 0.3742067813873291 -0.9265432953834534 0.03855200111865997 -0.7910053133964539 -0.8674634099006653 -0.33504369854927063 0.36776724457740784 -2.6051583290100098
-0.3278224766254425 -0.17109176516532898 -0.9291176795959473 0.08191274106502533 0.37420418858528137 -0.9265429377555847 0.038586389273405075 -0.7909963726997375 -0.8674694895744324 -0.33503028750419617 0.3677651882171631 -2.6050782203674316
-0.32782989740371704 -0.17109325528144836 -0.929114818572998 0.08190680295228958 0.3742145895957947 -0.9265390038490295 0.03858061134815216 -0.790991485118866 -0.8674622178077698 -0.33504047989845276 0.3677731156349182 -2.605058431625366
-0.3277531862258911 -0.17109748721122742 -0.929141104221344 0.08189172297716141 0.3741738796234131 -0.9265533089637756 0.038631632924079895 -0.7909852266311646 -0.8675087690353394 -0.3349987268447876 0.36770132184028625 -2.6050784587860107
-0.3277428150177002 -0.17106953263282776 -0.929149866104126 0.08187982439994812 0.3741905689239502 -0.9265478253364563 0.03860066458582878 -0.7909719944000244 -0.8675054311752319 -0.3350280821323395 0.3676823377609253 -2.605073928833008
-0.32774174213409424 -0.17105545103549957 -0.9291528463363647 0.08189335465431213 0.3742125630378723 -0.9265398979187012 0.03857772424817085 -0.7910061478614807 -0.8674963712692261 -0.33505716919898987 0.367677241563797 -2.6051177978515625
-0.3277336657047272 -0.17109273374080658 -0.9291488528251648 0.0818973258137703 0.37420418858528137 -0.9265415072441101 0.038621559739112854 -0.7909926772117615 -0.8675030469894409 -0.3350338339805603 0.3676827847957611 -2.6051318645477295
-0.3277488350868225 -0.1710682064294815 -0.9291480183601379 0.08190326392650604 0.37419605255126953 -0.9265458583831787 0.038594700396060944 -0.7909958958625793 -0.8675008416175842 -0.33503419160842896 0.36768773198127747 -2.6051065921783447
-0.32770487666130066 -0.17110878229141235 -0.9291560649871826 0.08190849423408508 0.3742137849330902 -0.9265366196632385 0.03864458575844765 -0.7910243272781372 -0.8675097823143005 -0.33503901958465576 0.3676621913909912 -2.6050877571105957
-0.32769837975502014 -0.1711113452911377 -0.9291578531265259 0.08190950751304626 0.3742216229438782 -0.9265334010124207 0.038646310567855835 -0.7910274267196655 -0.8675088286399841 -0.3350466787815094 0.3676573932170868 -2.6050779819488525
-0.3276903033256531 -0.1710616499185562 -0.9291698932647705 0.08189338445663452 0.3741852045059204 -0.9265494346618652 0.03861530125141144 -0.7910541892051697 -0.8675276041030884 -0.3350277841091156 0.36763033270835876 -2.605079174041748
-0.32769373059272766 -0.17107757925987244 -0.9291657209396362 0.08188840001821518 0.3742187023162842 -0.9265358448028564 0.03861566632986069 -0.7910616993904114 -0.8675118684768677 -0.3350571393966675 0.36764076352119446 -2.605067014694214
-0.32774800062179565 -0.1711096167564392 -0.9291406869888306 0.08189370483160019 0.374142050743103 -0.9265649914741516 0.03865921497344971 -0.7910442352294922 -0.8675244450569153 -0.3349601626396179 0.36769944429397583 -2.6051387786865234
-0.3277636170387268 -0.1710982322692871 -0.9291372895240784 0.08188813924789429 0.3741443455219269 -0.9265648126602173 0.03864087164402008 -0.7910496592521667 -0.8675175309181213 -0.33496642112731934 0.3677099943161011 -2.605133295059204
-0.32770007848739624 -0.17116011679172516 -0.9291483163833618 0.08190233260393143 0.37410837411880493 -0.9265751242637634 0.0387423038482666 -0.7910287976264954 -0.8675570487976074 -0.33490633964538574 0.36767148971557617 -2.605145215988159
-0.32770150899887085 -0.1711583286523819 -0.9291481375694275 0.08190430700778961 0.37411320209503174 -0.9265733361244202 0.03873792290687561 -0.7910311818122864 -0.8675544261932373 -0.33491215109825134 0.3676724135875702 -2.6051416397094727
-0.3277144730091095 -0.1710858792066574 -0.9291568994522095 0.08191239088773727 0.3741082549095154 -0.9265785217285156 0.038662780076265335 -0.7910359501838684 -0.8675516843795776 -0.33493494987487793 0.3676581382751465 -2.605107069015503
-0.32771509885787964 -0.17108485102653503 -0.9291568398475647 0.08191879093647003 0.3740677833557129 -0.9265941977500916 0.038678646087646484 -0.791036069393158 -0.867568850517273 -0.3348920941352844 0.3676565885543823 -2.6051037311553955
-0.3277244567871094 -0.17112863063812256 -0.9291454553604126 0.0819324180483818 0.37414324283599854 -0.9265633821487427 0.03868672996759415 -0.7910212278366089 -0.8675327897071838 -0.3349549472332001 0.3676844537258148 -2.60506010055542
-0.3277110159397125 -0.17114120721817017 -0.9291478991508484 0.08188942074775696 0.37409132719039917 -0.9265826940536499 0.038726452738046646 -0.7910456657409668 -0.8675602674484253 -0.33489513397216797 0.3676741123199463 -2.6051154136657715
-0.3276965916156769 -0.17115679383277893 -0.9291501045227051 0.08188068866729736 0.3740874230861664 -0.9265832901000977 0.038749195635318756 -0.791050374507904 -0.8675674200057983 -0.33488544821739197 0.3676661252975464 -2.6051082611083984
-0.32771438360214233 -0.17115512490272522 -0.9291441440582275 0.08188950270414352 0.3740684390068054 -0.9265909790992737 0.038748737424612045 -0.7910265922546387 -0.867568850517273 -0.3348650336265564 0.36768126487731934 -2.6051390171051025
-0.3277067542076111 -0.17116191983222961 -0.9291455745697021 0.08189740031957626 0.37420645356178284 -0.926537275314331 0.03869994729757309 -0.7910151481628418 -0.8675122261047363 -0.3350100815296173 0.3676827549934387 -2.605118751525879
-0.3277275860309601 -0.17122739553451538 -0.9291262030601501 0.08187858760356903 0.3742058575153351 -0.9265351295471191 0.03875748813152313 -0.7910246253013611 -0.8675045967102051 -0.33498260378837585 0.3677257299423218 -2.605098009109497
-0.32771462202072144 -0.17123550176620483 -0.9291292428970337 0.08186886459589005 0.3742123246192932 -0.9265320897102356 0.038767822086811066 -0.7910231947898865 -0.867506742477417 -0.3349868655204773 0.36771687865257263 -2.6050875186920166
-0.32770031690597534 -0.17127811908721924 -0.9291264414787292 0.08189160376787186 0.37419208884239197 -0.9265378713607788 0.03882439061999321 -0.7910446524620056 -0.8675208687782288 -0.3349490165710449 0.36771801114082336 -2.605140447616577
-0.32769709825515747 -0.17128418385982513 -0.929126501083374 0.0818914994597435 0.3741931617259979 -0.9265371561050415 0.03883121907711029 -0.791046142578125 -0.8675215840339661 -0.33494794368743896 0.3677172362804413 -2.605137348175049
-0.3276256322860718 -0.17122109234333038 -0.9291632771492004 0.081910640001297 0.37427863478660583 -0.9265056252479553 0.038759611546993256 -0.7910061478614807 -0.8675117492675781 -0.33506736159324646 0.367631733417511 -2.6051039695739746
-0.3276050388813019 -0.17122723162174225 -0.9291694164276123 0.08191043138504028 0.37426185607910156 -0.9265115261077881 0.038780782371759415 -0.7909992933273315 -0.8675267696380615 -0.3350479304790497 0.3676140010356903 -2.6050941944122314
-0.3276482820510864 -0.17116649448871613 -0.9291653633117676 0.08188784867525101 0.3742826581001282 -0.9265066981315613 0.03869474679231644 -0.7909848093986511 -0.867501437664032 -0.3350922763347626 0.36763331294059753 -2.6050968170166016
-0.3276320993900299 -0.17118145525455475 -0.9291683435440063 0.08189600706100464 0.3742377758026123 -0.9265232086181641 0.03873492032289505 -0.7909625172615051 -0.8675269484519958 -0.3350391387939453 0.36762163043022156 -2.605104923248291
-0.32762792706489563 -0.1711970716714859 -0.9291669130325317 0.0819096788764 0.37421873211860657 -0.9265298247337341 0.03876016288995743 -0.7909749150276184 -0.867536723613739 -0.3350127935409546 0.3676225244998932 -2.6051197052001953
-0.32761090993881226 -0.1711900532245636 -0.9291742444038391 0.08193348348140717 0.37428945302963257 -0.926502525806427 0.03872974216938019 -0.7910003066062927 -0.8675126433372498 -0.33509188890457153 0.3676072955131531 -2.605084180831909
-0.32758644223213196 -0.17118345201015472 -0.929184079170227 0.08194505423307419 0.3742764890193939 -0.9265074133872986 0.038738079369068146 -0.7909979224205017 -0.8675274848937988 -0.33508172631263733 0.3675815463066101 -2.6050796508789062
-0.3276146352291107 -0.1711336374282837 -0.929183304309845 0.08195584267377853 0.3742174506187439 -0.9265327453613281 0.038702573627233505 -0.7910323143005371 -0.8675422668457031 -0.33503711223602295 0.36758720874786377 -2.6051485538482666
-0.3276040852069855 -0.17116482555866241 -0.9291812777519226 0.08196426182985306 0.37422245740890503 -0.9265293478965759 0.038735613226890564 -0.7910335659980774 -0.8675441145896912 -0.33503058552742004 0.3675888478755951 -2.6051485538482666
-0.32763156294822693 -0.1710851490497589 -0.929186224937439 0.08192390203475952 0.3741721510887146 -0.9265525341033936 0.038666900247335434 -0.7910380363464355 -0.8675554394721985 -0.3350071609020233 0.3675834834575653 -2.6051712036132812
-0.32760536670684814 -0.17110233008861542 -0.929192304611206 0.08192908018827438 0.3741791844367981 -0.9265486598014832 0.038691140711307526 -0.7910470962524414 -0.8675622940063477 -0.33500903844833374 0.3675655722618103 -2.605173349380493
-0.3276273310184479 -0.1711350381374359 -0.9291785359382629 0.08188452571630478 0.37417757511138916 -0.9265483021736145 0.038715966045856476 -0.7910506129264832 -0.8675546646118164 -0.3349934220314026 0.3675977885723114 -2.605179786682129
-0.3276345133781433 -0.17116579413414001 -0.9291703701019287 0.0818789079785347 0.37418368458747864 -0.9265447854995728 0.03874128684401512 -0.7910566926002502 -0.8675493597984314 -0.33498746156692505 0.36761581897735596 -2.605185031890869
-0.3276146650314331 -0.1710972785949707 -0.9291899800300598 0.08190745115280151 0.37410715222358704 -0.9265768527984619 0.03871303051710129 -0.7910317182540894 -0.8675898313522339 -0.33493369817733765 0.3675692081451416 -2.605182409286499
-0.3276229202747345 -0.17113223671913147 -0.9291806221008301 0.08190389722585678 0.37413761019706726 -0.9265637397766113 0.03873181343078613 -0.7910335063934326 -0.867573618888855 -0.3349520266056061 0.36759084463119507 -2.60518479347229
-0.327644944190979 -0.17110837996006012 -0.9291772842407227 0.08185596019029617 0.37414172291755676 -0.9265635013580322 0.038697805255651474 -0.7909813523292542 -0.8675634860992432 -0.3349648714065552 0.36760297417640686 -2.6051220893859863
-0.3276665210723877 -0.1711846888065338 -0.9291555881500244 0.08190320432186127 0.3741558790206909 -0.9265552163124084 0.038759589195251465 -0.7910091876983643 -0.8675492405891418 -0.3349488377571106 0.36765122413635254 -2.605194091796875
-0.3276781737804413 -0.17119428515434265 -0.9291497468948364 0.0819108784198761 0.3741829991340637 -0.9265445470809937 0.03875318542122841 -0.7910070419311523 -0.8675331473350525 -0.3349734842777252 0.36766672134399414 -2.6052041053771973
-0.32770004868507385 -0.1712266504764557 -0.9291360378265381 0.08193543553352356 0.3742021918296814 -0.9265361428260803 0.038768891245126724 -0.7910070419311523 -0.8675165772438049 -0.33498021960258484 0.36769968271255493 -2.605195999145508
-0.32773321866989136 -0.17117555439472198 -0.9291337728500366 0.08194464445114136 0.3741285502910614 -0.9265672564506531 0.03873637318611145 -0.7910159230232239 -0.8675358295440674 -0.3349202871322632 0.36770886182785034 -2.605217218399048
-0.32782724499702454 -0.17120979726314545 -0.9290942549705505 0.08192554861307144 0.37417110800743103 -0.9265508651733398 0.038716282695531845 -0.7910123467445374 -0.8674819469451904 -0.33494803309440613 0.3678106963634491 -2.6052098274230957
-0.32780107855796814 -0.17119289934635162 -0.929106593132019 0.08192598074674606 0.37414655089378357 -0.926560640335083 0.03871993348002434 -0.7910111546516418 -0.8675024509429932 -0.3349296450614929 0.3677791357040405 -2.6052145957946777
-0.3277708888053894 -0.17116019129753113 -0.9291232824325562 0.08191476762294769 0.3741397559642792 -0.9265641570091248 0.038701821118593216 -0.7910005450248718 -0.8675167560577393 -0.33493664860725403 0.36773890256881714 -2.6051042079925537
-0.3277813196182251 -0.1711617410182953 -0.929119348526001 0.08191657066345215 0.37414324283599854 -0.9265629053115845 0.038697849959135056 -0.790996789932251 -0.8675113320350647 -0.3349393308162689 0.3677493631839752 -2.6050965785980225
-0.32781335711479187 -0.17115183174610138 -0.9291098713874817 0.08191496133804321 0.37412911653518677 -0.9265692830085754 0.03868163749575615 -0.7909902334213257 -0.8675053119659424 -0.3349267244338989 0.367775022983551 -2.605071783065796
-0.3278197944164276 -0.17114250361919403 -0.9291092753410339 0.08191652595996857 0.374118834733963 -0.9265737533569336 0.03867421671748161 -0.7909884452819824 -0.8675073385238647 -0.33491915464401245 0.36777716875076294 -2.6050667762756348
-0.32774752378463745 -0.17106175422668457 -0.9291496872901917 0.08193060010671616 0.3740844428539276 -0.9265892505645752 0.03863608092069626 -0.7910187840461731 -0.867549479007721 -0.3349175751209259 0.3676791787147522 -2.60509991645813
-0.32776474952697754 -0.17101474106311798 -0.929152250289917 0.08188843727111816 0.37409067153930664 -0.9265890717506409 0.03857992962002754 -0.7910297513008118 -0.8675402402877808 -0.3349420726299286 0.36767858266830444 -2.6050820350646973
-0.32776984572410583 -0.17099903523921967 -0.929153323173523 0.08188378065824509 0.37409183382987976 -0.92658931016922 0.03856181725859642 -0.7910357117652893 -0.8675378561019897 -0.3349493145942688 0.3676777184009552 -2.6050801277160645
-0.3277696669101715 -0.1709827035665512 -0.9291564226150513 0.0818968415260315 0.374049574136734 -0.926606297492981 0.03856350854039192 -0.7910521626472473 -0.8675561547279358 -0.33491063117980957 0.3676697909832001 -2.605093479156494
-0.32777100801467896 -0.1709544062614441 -0.9291611313819885 0.0818958580493927 0.3740406036376953 -0.9266110062599182 0.03853856027126312 -0.791060745716095 -0.8675594925880432 -0.3349122107028961 0.3676604628562927 -2.6050939559936523
-0.3277483284473419 -0.17091460525989532 -0.9291764497756958 0.08192334324121475 0.37398621439933777 -0.9266332983970642 0.038530658930540085 -0.7910793423652649 -0.8675915002822876 -0.334870845079422 0.3676225244998932 -2.605109214782715
-0.32773616909980774 -0.17089438438415527 -0.9291844964027405 0.081926628947258 0.3739843964576721 -0.9266346096992493 0.03851594030857086 -0.7910913228988647 -0.8675968647003174 -0.33487746119499207 0.3676038384437561 -2.605109453201294
-0.3277169466018677 -0.17094220221042633 -0.9291824698448181 0.08190952241420746 0.3739866316318512 -0.9266314506530762 0.03857007995247841 -0.7910851836204529 -0.8676031827926636 -0.33486178517341614 0.36760327219963074 -2.6051220893859863
-0.3277294933795929 -0.17094193398952484 -0.9291780591011047 0.08191413432359695 0.37398561835289 -0.9266320466995239 0.038565412163734436 -0.7910928726196289 -0.8675988912582397 -0.33486026525497437 0.3676148056983948 -2.605126142501831
-0.3277418315410614 -0.17088894546031952 -0.9291834831237793 0.08190101385116577 0.3739681541919708 -0.9266411662101746 0.03851521387696266 -0.7910551428794861 -0.867601752281189 -0.33486202359199524 0.36760643124580383 -2.6051182746887207
-0.3277468681335449 -0.17090067267417908 -0.9291795492172241 0.08190290629863739 0.3739593029022217 -0.9266442060470581 0.03852872923016548 -0.7910596132278442 -0.8676036596298218 -0.33484768867492676 0.3676149547100067 -2.6051199436187744
-0.3277117908000946 -0.17087499797344208 -0.9291966557502747 0.08191737532615662 0.3738994300365448 -0.9266678094863892 0.03854198008775711 -0.791051983833313 -0.8676427006721497 -0.33479544520378113 0.3675703704357147 -2.605109453201294
-0.32772842049598694 -0.17089645564556122 -0.9291868209838867 0.0819549411535263 0.37391209602355957 -0.9266623258590698 0.03855161741375923 -0.7910528779029846 -0.8676309585571289 -0.33479976654052734 0.3675941824913025 -2.6051485538482666
-0.32772931456565857 -0.17088386416435242 -0.9291887879371643 0.08196792751550674 0.37389886379241943 -0.9266679286956787 0.03854432702064514 -0.7910592555999756 -0.8676363229751587 -0.33479055762290955 0.3675898611545563 -2.605153799057007
-0.32775774598121643 -0.1709434986114502 -0.9291678071022034 0.08194169402122498 0.37391409277915955 -0.9266600608825684 0.03858640417456627 -0.7910287976264954 -0.8676190376281738 -0.3347820043563843 0.3676385283470154 -2.6051554679870605
-0.3277781903743744 -0.17090986669063568 -0.9291667938232422 0.08194289356470108 0.3738549053668976 -0.9266846179962158 0.03857006877660751 -0.7910353541374207 -0.8676367998123169 -0.33473119139671326 0.3676428496837616 -2.6051557064056396
-0.3277871012687683 -0.1708775907754898 -0.9291695952415466 0.08192691206932068 0.3738539516925812 -0.9266864657402039 0.03853486105799675 -0.7910624146461487 -0.8676338791847229 -0.3347425162792206 0.3676394522190094 -2.605111598968506
-0.327867716550827 -0.17091111838817596 -0.9291349649429321 0.081913523375988 0.3738592863082886 -0.9266843199729919 0.038535017520189285 -0.7910625338554382 -0.8676010966300964 -0.33473140001296997 0.3677268922328949 -2.6051464080810547
-0.3278787136077881 -0.17094631493091583 -0.929124653339386 0.08187643438577652 0.37384071946144104 -0.9266901612281799 0.03857376426458359 -0.7910597920417786 -0.8676049113273621 -0.3346971273422241 0.36774900555610657 -2.605116605758667
-0.3278884291648865 -0.17093154788017273 -0.9291239380836487 0.08186260610818863 0.37383559346199036 -0.9266929030418396 0.03855746611952782 -0.7910603284835815 -0.8676034808158875 -0.33469706773757935 0.3677525222301483 -2.6051154136657715
-0.32787057757377625 -0.17090089619159698 -0.9291358590126038 0.08185227960348129 0.3738243281841278 -0.9266982674598694 0.03853854909539223 -0.7910466194152832 -0.8676151037216187 -0.334697961807251 0.36772432923316956 -2.6051337718963623
-0.3279055953025818 -0.17098510265350342 -0.9291080236434937 0.08187481760978699 0.3738640248775482 -0.9266800284385681 0.03859223052859306 -0.7910543084144592 -0.867584764957428 -0.3347054719924927 0.36778905987739563 -2.6051225662231445
-0.3279437720775604 -0.1708858609199524 -0.9291127920150757 0.08187681436538696 0.37382760643959045 -0.9266988039016724 0.03849398344755173 -0.7910378575325012 -0.8675860166549683 -0.33470419049263 0.36778727173805237 -2.6051363945007324
-0.32793498039245605 -0.17089413106441498 -0.9291143417358398 0.08186713606119156 0.3738299608230591 -0.9266973733901978 0.03850463032722473 -0.7910341620445251 -0.8675882816314697 -0.33470380306243896 0.3677821755409241 -2.6051318645477295
-0.32792046666145325 -0.1709749698638916 -0.9291046261787415 0.08185669779777527 0.37387335300445557 -0.9266770482063293 0.03857242688536644 -0.7910068035125732 -0.8675751090049744 -0.33471882343292236 0.36779969930648804 -2.6051199436187744
-0.3278999626636505 -0.17095834016799927 -0.9291149377822876 0.08185067772865295 0.3738766610622406 -0.9266761541366577 0.038562335073947906 -0.7909973859786987 -0.8675814270973206 -0.3347298502922058 0.36777475476264954 -2.605118989944458
-0.32792186737060547 -0.17101073265075684 -0.9290975332260132 0.08186858892440796 0.37392091751098633 -0.9266572594642639 0.03858742490410805 -0.7909906506538391 -0.8675540685653687 -0.3347553610801697 0.3678160011768341 -2.605123996734619
-0.32790064811706543 -0.1710069328546524 -0.9291057586669922 0.08186732232570648 0.37392672896385193 -0.9266548156738281 0.038589321076869965 -0.7909833192825317 -0.8675596117973328 -0.3347640335559845 0.36779510974884033 -2.6051230430603027
-0.3278484642505646 -0.1709912270307541 -0.929127037525177 0.08193135261535645 0.3739919066429138 -0.9266294836997986 0.03856609761714935 -0.7909810543060303 -0.8675512075424194 -0.3348422050476074 0.36774373054504395 -2.6051347255706787
-0.3278394937515259 -0.17098332941532135 -0.9291316270828247 0.08194741606712341 0.3739742040634155 -0.9266365170478821 0.03856918588280678 -0.7909714579582214 -0.8675622344017029 -0.334826797246933 0.3677317500114441 -2.6051392555236816
-0.3279138505458832 -0.17103637754917145 -0.9290956258773804 0.0819287821650505 0.3739907145500183 -0.9266291260719299 0.03858647495508194 -0.7909766435623169 -0.8675270080566406 -0.3348201513290405 0.3678208887577057 -2.6051175594329834
-0.3279142677783966 -0.17101062834262848 -0.9291002750396729 0.08193088322877884 0.3739703297615051 -0.9266380667686462 0.03856927901506424 -0.7909700870513916 -0.8675356507301331 -0.3348085284233093 0.36781105399131775 -2.605116367340088
-0.32784777879714966 -0.17096807062625885 -0.9291315674781799 0.08190402388572693 0.3739326596260071 -0.9266533255577087 0.038568392395973206 -0.790991485118866 -0.8675770163536072 -0.33478811383247375 0.36773210763931274 -2.605050802230835
-0.32785335183143616 -0.17098534107208252 -0.9291263818740845 0.08190231770277023 0.3739466667175293 -0.9266473054885864 0.038577545434236526 -0.7909876704216003 -0.867568850517273 -0.3347959816455841 0.3677441477775574 -2.6050448417663574
-0.3279191851615906 -0.1710519641637802 -0.9290909171104431 0.08189461380243301 0.3739498257637024 -0.9266443252563477 0.03861730545759201 -0.7910276651382446 -0.8675426244735718 -0.3347700536251068 0.36782965064048767 -2.6050829887390137
-0.3279110789299011 -0.17105700075626373 -0.9290928244590759 0.08188699185848236 0.373957097530365 -0.9266412258148193 0.03862237185239792 -0.7910293340682983 -0.867542564868927 -0.3347761631011963 0.3678242266178131 -2.605078935623169
-0.3279336392879486 -0.17112049460411072 -0.9290731549263 0.08190158009529114 0.37393829226493835 -0.9266461730003357 0.038684990257024765 -0.7910317778587341 -0.8675421476364136 -0.33472996950149536 0.36786729097366333 -2.6051533222198486
-0.3279109597206116 -0.17112259566783905 -0.9290807843208313 0.08189358562231064 0.3739453852176666 -0.9266430139541626 0.03869279846549034 -0.7910342216491699 -0.8675476312637329 -0.33473771810531616 0.3678472340106964 -2.6051571369171143
-0.3279096782207489 -0.17114455997943878 -0.9290772080421448 0.08189351111650467 0.37398257851600647 -0.9266276955604553 0.0386994443833828 -0.7910642623901367 -0.8675320744514465 -0.33476880192756653 0.36785560846328735 -2.6051275730133057
-0.3279811143875122 -0.17113126814365387 -0.9290544390678406 0.08190832287073135 0.37402257323265076 -0.926613986492157 0.038641709834337234 -0.7910584807395935 -0.8674878478050232 -0.3348136246204376 0.3679191768169403 -2.605119466781616
-0.32797971367836 -0.17112722992897034 -0.9290556907653809 0.08190920203924179 0.3740163743495941 -0.9266164898872375 0.03864085301756859 -0.791064441204071 -0.8674910664558411 -0.3348086476325989 0.36791613698005676 -2.605118751525879
-0.32795247435569763 -0.17111240327358246 -0.9290680289268494 0.08192412555217743 0.37401771545410156 -0.9266161918640137 0.0386359840631485 -0.7910564541816711 -0.8675007820129395 -0.33481717109680176 0.3678854703903198 -2.605160713195801
-0.32794520258903503 -0.17112073302268982 -0.9290690422058105 0.08192865550518036 0.37402045726776123 -0.9266146421432495 0.038645923137664795 -0.791061520576477 -0.8675023317337036 -0.334817111492157 0.3678818345069885 -2.605158567428589
-0.32789576053619385 -0.17108304798603058 -0.9290934205055237 0.08190985023975372 0.374015748500824 -0.9266172051429749 0.03862937539815903 -0.7910270690917969 -0.8675230741500854 -0.3348292112350464 0.36782193183898926 -2.605168581008911
-0.32789623737335205 -0.17111028730869293 -0.9290882349014282 0.08191180229187012 0.3740096092224121 -0.9266184568405151 0.03865894675254822 -0.7910261154174805 -0.8675255179405212 -0.33481186628341675 0.3678319454193115 -2.6051650047302246
-0.3278694748878479 -0.17114314436912537 -0.9290916323661804 0.08191985636949539 0.3740573227405548 -0.9265982508659363 0.03868180140852928 -0.7909795045852661 -0.8675150871276855 -0.3348509669303894 0.36782097816467285 -2.6051979064941406
-0.3278728723526001 -0.17114342749118805 -0.9290903806686401 0.08191995322704315 0.37405145168304443 -0.9266005754470825 0.03868326172232628 -0.7909709811210632 -0.8675163388252258 -0.3348444402217865 0.3678239583969116 -2.605191230773926
-0.3278382420539856 -0.17103572189807892 -0.9291224479675293 0.08193759620189667 0.3740305006504059 -0.9266125559806824 0.03859805315732956 -0.7909554839134216 -0.8675384521484375 -0.3348662555217743 0.36775195598602295 -2.6051809787750244
-0.3278347849845886 -0.1710461527109146 -0.929121732711792 0.08194003999233246 0.3740295171737671 -0.9266124963760376 0.038610197603702545 -0.7909473180770874 -0.867540180683136 -0.33486124873161316 0.36775243282318115 -2.605170249938965
-0.32787492871284485 -0.17103137075901031 -0.9291102886199951 0.08194009214639664 0.37408360838890076 -0.9265928268432617 0.038557082414627075 -0.7909916043281555 -0.8675016760826111 -0.33492305874824524 0.3677869439125061 -2.605116128921509
-0.3278713524341583 -0.17108820378780365 -0.9291011095046997 0.08194233477115631 0.3740882873535156 -0.9265886545181274 0.03861314803361893 -0.7909663915634155 -0.8675010204315186 -0.334905743598938 0.36780431866645813 -2.6051177978515625
-0.32791152596473694 -0.17102821171283722 -0.9290979504585266 0.0819263607263565 0.3740304708480835 -0.9266141057014465 0.038562364876270294 -0.7909949421882629 -0.8675107359886169 -0.334865927696228 0.36781755089759827 -2.60512113571167
-0.3279600739479065 -0.17103256285190582 -0.9290800094604492 0.08191890269517899 0.37401464581489563 -0.9266207814216614 0.03855472803115845 -0.7909817695617676 -0.8674992322921753 -0.3348451852798462 0.36786362528800964 -2.6051700115203857
-0.32795068621635437 -0.17100070416927338 -0.9290891885757446 0.08191342651844025 0.37400326132774353 -0.9266263842582703 0.03853140398859978 -0.7909751534461975 -0.8675076961517334 -0.33484601974487305 0.3678429126739502 -2.605168104171753
-0.327890545129776 -0.17099034786224365 -0.9291123747825623 0.08188427984714508 0.37397992610931396 -0.9266348481178284 0.038554105907678604 -0.790985643863678 -0.8675404787063599 -0.33482789993286133 0.3677820861339569 -2.6051297187805176
-0.3278998136520386 -0.17098338901996613 -0.9291103482246399 0.08187753707170486 0.3739722669124603 -0.9266382455825806 0.0385468564927578 -0.7909780740737915 -0.8675402998924255 -0.33482202887535095 0.3677878677845001 -2.6051218509674072
-0.32793381810188293 -0.17096588015556335 -0.9291015863418579 0.08185996860265732 0.37388741970062256 -0.9266722202301025 0.03855227306485176 -0.7909731864929199 -0.8675639629364014 -0.3347368538379669 0.3678094744682312 -2.605170726776123
-0.3279394209384918 -0.17095457017421722 -0.9291017055511475 0.08185826987028122 0.37390440702438354 -0.926666259765625 0.03853163868188858 -0.790969967842102 -0.8675545454025269 -0.3347592055797577 0.367811381816864 -2.605165481567383
-0.3279591500759125 -0.17093230783939362 -0.9290987849235535 0.08192049711942673 0.37394168972969055 -0.9266530871391296 0.03848602995276451 -0.7909975051879883 -0.8675310015678406 -0.33480697870254517 0.36782342195510864 -2.6051828861236572
-0.3279523253440857 -0.17095842957496643 -0.9290964007377625 0.08192601799964905 0.3739716708660126 -0.9266403317451477 0.038502003997564316 -0.7909969091415405 -0.8675206899642944 -0.3348289728164673 0.36782777309417725 -2.605177640914917
-0.32789671421051025 -0.17100408673286438 -0.929107666015625 0.08193250745534897 0.37392574548721313 -0.9266552925109863 0.038588423281908035 -0.7910062074661255 -0.8675615191459656 -0.3347642719745636 0.3677903711795807 -2.6051533222198486
-0.3278944492340088 -0.17103280127048492 -0.9291031360626221 0.08194488286972046 0.3739367723464966 -0.926649808883667 0.038613248616456985 -0.7910003662109375 -0.8675575852394104 -0.3347648084163666 0.3677991032600403 -2.605149030685425
-0.32796770334243774 -0.1710701435804367 -0.9290704131126404 0.08188748359680176 0.37396976351737976 -0.9266366958618164 0.038608308881521225 -0.7910244464874268 -0.8675156831741333 -0.3347820043563843 0.36788231134414673 -2.605156898498535
-0.32797878980636597 -0.17105206847190857 -0.9290698170661926 0.08188611268997192 0.37397289276123047 -0.9266363978385925 0.03858468681573868 -0.7910228371620178 -0.8675101399421692 -0.33479201793670654 0.3678862452507019 -2.605154514312744
-0.3279830515384674 -0.17101971805095673 -0.9290742874145508 0.08190347999334335 0.3739969730377197 -0.9266285300254822 0.03854057192802429 -0.7910160422325134 -0.8674981594085693 -0.3348303437232971 0.36787962913513184 -2.6051547527313232
-0.32797136902809143 -0.17100214958190918 -0.9290816783905029 0.081908218562603 0.37395957112312317 -0.9266434907913208 0.038543395698070526 -0.7910169959068298 -0.8675186634063721 -0.3347978889942169 0.3678607642650604 -2.605153799057007
-0.3278777599334717 -0.17112678289413452 -0.92909175157547 0.0819401815533638 0.37397927045822144 -0.9266291856765747 0.03869538754224777 -0.7909965515136719 -0.8675456047058105 -0.3347737193107605 0.36781930923461914 -2.6051642894744873
-0.32789185643196106 -0.17115050554275513 -0.9290823936462402 0.08194778114557266 0.3739973306655884 -0.9266214966773987 0.038705963641405106 -0.7909938097000122 -0.86753249168396 -0.33478301763534546 0.36784180998802185 -2.6051621437072754
-0.3278938829898834 -0.1710752695798874 -0.9290955662727356 0.08193428814411163 0.3740153908729553 -0.9266176819801331 0.03862248733639717 -0.7909811735153198 -0.8675239086151123 -0.33483198285102844 0.36781737208366394 -2.6051430702209473
-0.32783880829811096 -0.17104856669902802 -0.929119884967804 0.08191029727458954 0.37400564551353455 -0.926621675491333 0.03862118721008301 -0.7909793257713318 -0.867548942565918 -0.33483457565307617 0.3677560091018677 -2.6051104068756104
-0.3277909755706787 -0.17117595672607422 -0.9291133284568787 0.08191399276256561 0.37409263849258423 -0.9265819787979126 0.03872976079583168 -0.7909753322601318 -0.8675295114517212 -0.33487921953201294 0.3677612245082855 -2.6051299571990967
-0.3278486728668213 -0.17117543518543243 -0.929093062877655 0.08186449855566025 0.3741263747215271 -0.926569938659668 0.03869273141026497 -0.7909689545631409 -0.8674931526184082 -0.33491289615631104 0.367816299200058 -2.6051559448242188
-0.32784053683280945 -0.17121689021587372 -0.929088294506073 0.08188853412866592 0.3740408718585968 -0.9266010522842407 0.038773469626903534 -0.7910019755363464 -0.8675330877304077 -0.33480551838874817 0.3678198456764221 -2.6051673889160156
-0.32783159613609314 -0.17124611139297485 -0.9290860295295715 0.08191005885601044 0.37400880455970764 -0.9266120791435242 0.03881963714957237 -0.7910324335098267 -0.8675503134727478 -0.3347600996494293 0.3678205907344818 -2.605208396911621
-0.32785511016845703 -0.17122161388397217 -0.9290822744369507 0.08191849291324615 0.37401846051216125 -0.9266097545623779 0.038782067596912384 -0.7910112142562866 -0.867537260055542 -0.3347790539264679 0.3678341209888458 -2.6051552295684814
-0.3277895152568817 -0.17124974727630615 -0.9291002154350281 0.08192197233438492 0.37403085827827454 -0.9266027212142944 0.03883010894060135 -0.7910197973251343 -0.8675566911697388 -0.3347840905189514 0.36778366565704346 -2.605154514312744
-0.327790230512619 -0.17123445868492126 -0.9291027784347534 0.08192767947912216 0.3740162253379822 -0.9266090393066406 0.038820795714855194 -0.7910233736038208 -0.8675627112388611 -0.3347744941711426 0.3677781820297241 -2.6051571369171143
-0.3278134763240814 -0.17124433815479279 -0.9290927648544312 0.08193328976631165 0.3739495277404785 -0.9266347289085388 0.03884998336434364 -0.7910324931144714 -0.8675826787948608 -0.33469828963279724 0.36780044436454773 -2.605135917663574
-0.327802836894989 -0.1712450385093689 -0.9290964007377625 0.08194167166948318 0.37397101521492004 -0.9266262650489807 0.03884565085172653 -0.791034460067749 -0.8675774335861206 -0.3347214460372925 0.3677917420864105 -2.605135679244995
-0.3277967870235443 -0.17123942077159882 -0.9290995597839355 0.08193012326955795 0.3739364445209503 -0.9266397356987 0.03885703161358833 -0.7910218834877014 -0.8675946593284607 -0.3346869945526123 0.3677825331687927 -2.605159282684326
-0.3277488946914673 -0.1712399423122406 -0.9291163682937622 0.08191791921854019 0.373862087726593 -0.9266676306724548 0.038907490670681 -0.7910208106040955 -0.8676447868347168 -0.3346095383167267 0.36773473024368286 -2.6051459312438965
-0.3277348577976227 -0.1712469756603241 -0.9291200041770935 0.08192461729049683 0.3738837242126465 -0.9266587495803833 0.038910750299692154 -0.7910215258598328 -0.8676407337188721 -0.33463048934936523 0.3677251636981964 -2.6051483154296875
-0.32773756980895996 -0.17122779786586761 -0.9291225671768188 0.08193319290876389 0.37389349937438965 -0.9266558289527893 0.038886431604623795 -0.7910338044166565 -0.8676355481147766 -0.33464840054512024 0.36772119998931885 -2.6051180362701416
-0.32773882150650024 -0.17121592164039612 -0.9291243553161621 0.08194603025913239 0.37387025356292725 -0.9266653060913086 0.03888396918773651 -0.7910317182540894 -0.8676450848579407 -0.3346281945705414 0.36771705746650696 -2.605121374130249
-0.32774618268013 -0.17119289934635162 -0.929125964641571 0.081874780356884 0.37387287616729736 -0.9266653656959534 0.038857053965330124 -0.7910381555557251 -0.8676411509513855 -0.3346397876739502 0.3677157759666443 -2.605120897293091
-0.3277507424354553 -0.17121481895446777 -0.9291203618049622 0.08186835050582886 0.37387019395828247 -0.9266655445098877 0.038878291845321655 -0.7910370230674744 -0.8676406145095825 -0.33462807536125183 0.36772775650024414 -2.6051180362701416
-0.32783421874046326 -0.17119114100933075 -0.9290952682495117 0.08184021711349487 0.3738887906074524 -0.9266607165336609 0.03881468623876572 -0.7910454273223877 -0.8676010370254517 -0.3346535563468933 0.3677978515625 -2.605104923248291
-0.32782167196273804 -0.17118476331233978 -0.9291008710861206 0.08182577788829803 0.373881071805954 -0.9266637563705444 0.0388164222240448 -0.7910453677177429 -0.8676090836524963 -0.33464840054512024 0.3677835464477539 -2.605102777481079
-0.32775312662124634 -0.1711052656173706 -0.9291396737098694 0.08190437406301498 0.3738865256309509 -0.926663875579834 0.0387611910700798 -0.791027307510376 -0.8676326274871826 -0.3346887230873108 0.3676912784576416 -2.6050467491149902
-0.3277616500854492 -0.1711723357439041 -0.9291242957115173 0.08192090690135956 0.37396901845932007 -0.926629364490509 0.03878984972834587 -0.7910096049308777 -0.8675938844680786 -0.33474990725517273 0.3677270710468292 -2.605008363723755
-0.32776084542274475 -0.17117929458618164 -0.9291233420372009 0.0819137915968895 0.3739728033542633 -0.9266276359558105 0.038795482367277145 -0.7909831404685974 -0.8675925135612488 -0.3347512483596802 0.3677290081977844 -2.605015993118286
-0.3277735412120819 -0.17119699716567993 -0.9291155934333801 0.08188449591398239 0.3738956153392792 -0.9266568422317505 0.038840971887111664 -0.7910209894180298 -0.8676210045814514 -0.33466124534606934 0.36774373054504395 -2.60506534576416
-0.3277411162853241 -0.17122036218643188 -0.9291226863861084 0.0818760097026825 0.37390056252479553 -0.9266534447669983 0.03887466341257095 -0.7910208106040955 -0.8676311373710632 -0.3346587121486664 0.36772215366363525 -2.6050631999969482
-0.3277950584888458 -0.1711917519569397 -0.9291089773178101 0.08188654482364655 0.37393632531166077 -0.9266417026519775 0.03881020098924637 -0.7910317778587341 -0.8675953149795532 -0.33470582962036133 0.3677637279033661 -2.605046033859253
-0.32779404520988464 -0.17119872570037842 -0.9291080236434937 0.08188200742006302 0.3739255964756012 -0.9266455769538879 0.03882211446762085 -0.7910286784172058 -0.8676003813743591 -0.3346916437149048 0.36776480078697205 -2.6050424575805664
-0.3277426064014435 -0.17119476199150085 -0.9291269183158875 0.08191319555044174 0.37398985028266907 -0.9266201257705688 0.03881070762872696 -0.7910471558570862 -0.8675920963287354 -0.33476415276527405 0.36771833896636963 -2.6050610542297363
-0.3277119994163513 -0.17122404277324677 -0.9291322827339172 0.08191200345754623 0.37400785088539124 -0.9266114234924316 0.03884406387805939 -0.791046679019928 -0.867595911026001 -0.33477315306663513 0.3677011728286743 -2.605059862136841
-0.32779988646507263 -0.17120783030986786 -0.9291042685508728 0.08188817650079727 0.3739390969276428 -0.9266400933265686 0.038823213428258896 -0.7910330295562744 -0.8675923347473145 -0.33470219373703003 0.3677741587162018 -2.605130672454834
-0.3277853727340698 -0.171199232339859 -0.9291110038757324 0.08188113570213318 0.37392953038215637 -0.9266439080238342 0.03882427141070366 -0.7910352349281311 -0.8676019310951233 -0.33469605445861816 0.367757111787796 -2.605135202407837
-0.3277587294578552 -0.1712147742509842 -0.9291175007820129 0.08191465586423874 0.3739708662033081 -0.9266268610954285 0.038832515478134155 -0.7910334467887878 -0.8675941824913025 -0.3347352147102356 0.3677397072315216 -2.605088949203491
-0.3277400732040405 -0.17119479179382324 -0.9291278123855591 0.08191995322704315 0.3739570379257202 -0.9266327619552612 0.0388256311416626 -0.7910346984863281 -0.8676071763038635 -0.3347291946411133 0.3677144944667816 -2.6050875186920166
-0.32777073979377747 -0.17120260000228882 -0.9291155338287354 0.08193030953407288 0.37396112084388733 -0.9266313314437866 0.038819875568151474 -0.791020929813385 -0.8675938248634338 -0.3347291052341461 0.3677460849285126 -2.6051294803619385
-0.3277519941329956 -0.17120665311813354 -0.9291213750839233 0.0819343850016594 0.37396737933158875 -0.9266284108161926 0.038828492164611816 -0.7910217642784119 -0.8675982356071472 -0.33473503589630127 0.36773034930229187 -2.6051294803619385
-0.32780885696411133 -0.1711423099040985 -0.9291132092475891 0.08189469575881958 0.37398186326026917 -0.926626443862915 0.038736291229724884 -0.7910159230232239 -0.8675705194473267 -0.3347734212875366 0.3677608072757721 -2.6050937175750732
-0.32782283425331116 -0.17116381227970123 -0.9291042685508728 0.08189452439546585 0.3739631772041321 -0.9266330003738403 0.03876027837395668 -0.7910130620002747 -0.8675732612609863 -0.33474433422088623 0.36778074502944946 -2.605090379714966
-0.3278349041938782 -0.1711249053478241 -0.9291071891784668 0.08191324025392532 0.37394705414772034 -0.926641047000885 0.0387236550450325 -0.7910267114639282 -0.8675756454467773 -0.3347419798374176 0.3677772581577301 -2.6051082611083984
-0.3277929425239563 -0.1711808443069458 -0.9291117191314697 0.0819409117102623 0.37397339940071106 -0.9266278743743896 0.038784418255090714 -0.7910454869270325 -0.8675801753997803 -0.33474984765052795 0.36775949597358704 -2.605163812637329
-0.3277870714664459 -0.17120152711868286 -0.9291099905967712 0.08198042958974838 0.3740381896495819 -0.9266018867492676 0.038779862225055695 -0.7910561561584473 -0.8675544857978821 -0.33481112122535706 0.36776435375213623 -2.60516357421875
-0.3277827799320221 -0.17120911180973053 -0.9291101098060608 0.08193609863519669 0.37410226464271545 -0.9265767931938171 0.03876191005110741 -0.7910430431365967 -0.8675284385681152 -0.33487674593925476 0.36776596307754517 -2.6051478385925293
