# 3x4 first row second row third row Freq: 100 current Time: 2021-07-28-20:15:53
-0.4590013921260834 0.2479345202445984 -0.85313880443573 0.21515917778015137 0.7092276811599731 -0.47609221935272217 -0.5199345350265503 -0.6247156858444214 -0.5350826382637024 -0.8437204957008362 0.04268522560596466 -2.041623830795288
-0.4590124189853668 0.24792563915252686 -0.8531354665756226 0.2151525616645813 0.7092202305793762 -0.47609877586364746 -0.5199386477470398 -0.6247094869613647 -0.5350830554962158 -0.8437194228172302 0.042701609432697296 -2.0416979789733887
-0.4590325951576233 0.24798689782619476 -0.8531067967414856 0.21519288420677185 0.709189772605896 -0.47609013319015503 -0.5199881792068481 -0.6247225999832153 -0.5351061820983887 -0.8437063097953796 0.04267137125134468 -2.0416345596313477
-0.45902019739151 0.24796868860721588 -0.8531187772750854 0.21521978080272675 0.7091562747955322 -0.47616592049598694 -0.5199644565582275 -0.6246913075447083 -0.5351611375808716 -0.8436688780784607 0.0427214689552784 -2.0417516231536865
-0.4590338468551636 0.24794575572013855 -0.8531180620193481 0.21522651612758636 0.709152102470398 -0.47617337107658386 -0.5199633240699768 -0.6246781945228577 -0.5351549983024597 -0.843671441078186 0.042748693376779556 -2.0418379306793213
-0.4591304063796997 0.24802550673484802 -0.8530429601669312 0.21517737209796906 0.709072470664978 -0.4761575162410736 -0.520086407661438 -0.6247274875640869 -0.5351776480674744 -0.8436568975448608 0.04275057464838028 -2.0416879653930664
-0.45913180708885193 0.24802041053771973 -0.8530436754226685 0.21517352759838104 0.7090794444084167 -0.47614824771881104 -0.5200853943824768 -0.6247241497039795 -0.5351672172546387 -0.8436636328697205 0.04274887591600418 -2.0417628288269043
-0.45916369557380676 0.2479127049446106 -0.8530578017234802 0.21523725986480713 0.7090784311294556 -0.4761849045753479 -0.5200532078742981 -0.6247476935386658 -0.5351412296295166 -0.8436746001243591 0.042857520282268524 -2.041754961013794
-0.4591420292854309 0.24791313707828522 -0.8530693650245667 0.21523965895175934 0.7090917825698853 -0.4761843681335449 -0.520035445690155 -0.6247425675392151 -0.5351421236991882 -0.8436747789382935 0.04284333065152168 -2.0418388843536377
-0.45913752913475037 0.24798257648944855 -0.8530516028404236 0.2152102142572403 0.709034264087677 -0.476237028837204 -0.5200656652450562 -0.6246936917304993 -0.5352221727371216 -0.8436246514320374 0.04283040761947632 -2.041853904724121
-0.4591255784034729 0.24799279868602753 -0.8530550599098206 0.21520645916461945 0.7090375423431396 -0.47623711824417114 -0.5200611352920532 -0.6246776580810547 -0.5352280735969543 -0.8436216115951538 0.042816679924726486 -2.0419371128082275
-0.4590266942977905 0.24800676107406616 -0.8531042337417603 0.21521107852458954 0.7090765237808228 -0.4762621819972992 -0.519985020160675 -0.6247104406356812 -0.5352612733840942 -0.8436033129692078 0.042761534452438354 -2.041908025741577
-0.45902687311172485 0.2479836493730545 -0.8531107902526855 0.21520869433879852 0.7090966105461121 -0.4762444794178009 -0.519973874092102 -0.6246981620788574 -0.5352345108985901 -0.8436201214790344 0.04276489093899727 -2.042001247406006
-0.45905622839927673 0.2479960322380066 -0.8530914187431335 0.2151600569486618 0.7091373205184937 -0.4761444926261902 -0.5200098752975464 -0.6247084140777588 -0.5351553559303284 -0.8436729311943054 0.04271409660577774 -2.041755199432373
-0.4590635597705841 0.2479766309261322 -0.8530930876731873 0.2151496857404709 0.7091277837753296 -0.4761642813682556 -0.5200047492980957 -0.6246991753578186 -0.5351616740226746 -0.8436674475669861 0.042742807418107986 -2.041832685470581
-0.45908302068710327 0.2479497492313385 -0.8530904650688171 0.21516059339046478 0.7091590762138367 -0.4761126935482025 -0.5200093388557434 -0.6247000694274902 -0.5351035594940186 -0.8437044620513916 0.04273967444896698 -2.0417466163635254
-0.45907333493232727 0.248057022690773 -0.8530644774436951 0.21515506505966187 0.7091184854507446 -0.47612062096595764 -0.5200574994087219 -0.6247052550315857 -0.5351656675338745 -0.8436684608459473 0.04267272353172302 -2.04184889793396
-0.4589810371398926 0.24797175824642181 -0.8531389236450195 0.21516329050064087 0.7091827392578125 -0.476159930229187 -0.519933819770813 -0.6246734857559204 -0.5351596474647522 -0.8436713218688965 0.04269134998321533 -2.0418577194213867
-0.4589715898036957 0.24806563556194305 -0.8531167507171631 0.21514366567134857 0.7091519832611084 -0.47616031765937805 -0.5199754238128662 -0.6246577501296997 -0.535208523273468 -0.8436435461044312 0.04262806475162506 -2.0419304370880127
-0.4589017629623413 0.24800077080726624 -0.8531731367111206 0.2151673436164856 0.709231972694397 -0.4761408567428589 -0.5198841691017151 -0.6246334314346313 -0.5351624488830566 -0.843673586845398 0.04261206462979317 -2.0419423580169678
-0.45890724658966064 0.2479790449142456 -0.8531765341758728 0.2152058184146881 0.7092170715332031 -0.4761723279953003 -0.5198756456375122 -0.624725878238678 -0.5351775288581848 -0.8436622023582458 0.04264821857213974 -2.041839122772217
-0.458903044462204 0.24797219038009644 -0.8531807661056519 0.21520598232746124 0.7092083096504211 -0.4761943519115448 -0.519867479801178 -0.6247184872627258 -0.5351927280426025 -0.8436517715454102 0.04266335070133209 -2.041902780532837
-0.45885056257247925 0.24784629046916962 -0.8532455563545227 0.2152027040719986 0.709319531917572 -0.47614607214927673 -0.5197598934173584 -0.6246551275253296 -0.5350902676582336 -0.843716025352478 0.04267793148756027 -2.041800022125244
-0.4588561952114105 0.2478403002023697 -0.8532443046569824 0.21520225703716278 0.7093259692192078 -0.47613418102264404 -0.5197620391845703 -0.6246322393417358 -0.535076916217804 -0.8437244892120361 0.04267780855298042 -2.041872501373291
-0.4588645398616791 0.24781829118728638 -0.8532461524009705 0.21528300642967224 0.709275484085083 -0.476219117641449 -0.5197530388832092 -0.6246618032455444 -0.5351366400718689 -0.8436830043792725 0.04274888336658478 -2.0418219566345215
-0.458856463432312 0.24782505631446838 -0.8532485365867615 0.21529792249202728 0.7092856764793396 -0.4762067496776581 -0.5197505354881287 -0.6246458888053894 -0.5351300835609436 -0.8436880111694336 0.04273203760385513 -2.0418853759765625
-0.45886024832725525 0.2478891760110855 -0.8532279133796692 0.21525408327579498 0.7092874646186829 -0.4761611521244049 -0.5197898149490356 -0.6246532201766968 -0.5351244211196899 -0.8436949253082275 0.04266698285937309 -2.041741132736206
-0.458855003118515 0.24789923429489136 -0.8532277941703796 0.21526271104812622 0.7092955112457275 -0.47614747285842896 -0.5197914242744446 -0.624639630317688 -0.5351183414459229 -0.8436996936798096 0.04264909029006958 -2.041796922683716
-0.45873719453811646 0.24788902699947357 -0.8532941341400146 0.21524342894554138 0.7092969417572021 -0.4762645661830902 -0.5196821689605713 -0.6246975660324097 -0.5352174043655396 -0.8436366319656372 0.04265359044075012 -2.0418155193328857
-0.4587295651435852 0.24789679050445557 -0.8532959818840027 0.2152509093284607 0.7092998027801514 -0.476262629032135 -0.5196800231933594 -0.6246859431266785 -0.5352201461791992 -0.8436354398727417 0.042642850428819656 -2.041874408721924
-0.45876485109329224 0.24790610373020172 -0.8532742857933044 0.2152618169784546 0.7092940211296082 -0.4762322008609772 -0.5197158455848694 -0.6246994137763977 -0.5351976156234741 -0.8436498641967773 0.04264053329825401 -2.0418450832366943
-0.458792507648468 0.2479960173368454 -0.853233277797699 0.21522481739521027 0.7092534303665161 -0.47621479630470276 -0.5197871327400208 -0.6246557831764221 -0.5352275967597961 -0.843633234500885 0.04259199649095535 -2.041851282119751
-0.4588525891304016 0.2479061782360077 -0.8532270789146423 0.2152249813079834 0.7092200517654419 -0.47626450657844543 -0.5197871923446655 -0.6246795654296875 -0.5352203845977783 -0.8436316251754761 0.04271542653441429 -2.0418646335601807
-0.45887291431427 0.24796198308467865 -0.8531999588012695 0.21513426303863525 0.7091903686523438 -0.47625771164894104 -0.5198338031768799 -0.6245934367179871 -0.5352422595024109 -0.8436190485954285 0.04268975183367729 -2.041795492172241
-0.45880326628685 0.2479187548160553 -0.8532499670982361 0.21517345309257507 0.7092481851577759 -0.4762597978115082 -0.5197530388832092 -0.624637246131897 -0.5352253317832947 -0.8436305522918701 0.04267385974526405 -2.0417258739471436
-0.458838552236557 0.24791713058948517 -0.8532314300537109 0.21514186263084412 0.7092520594596863 -0.4762207865715027 -0.5197834968566895 -0.6245938539505005 -0.5351899266242981 -0.8436530828475952 0.042672961950302124 -2.041738748550415
-0.4588882327079773 0.24789661169052124 -0.8532106876373291 0.21513494849205017 0.7092130184173584 -0.4762471318244934 -0.5198126435279846 -0.6246275305747986 -0.5351991057395935 -0.8436442017555237 0.04273296147584915 -2.041661262512207
-0.4589589536190033 0.24792756140232086 -0.8531636595726013 0.21515242755413055 0.7091525793075562 -0.4762556850910187 -0.5198873281478882 -0.6246452927589417 -0.5352185964584351 -0.843630313873291 0.042763594537973404 -2.041520595550537
-0.4589608311653137 0.24792060256004333 -0.8531646728515625 0.2151472419500351 0.7091492414474487 -0.4762633442878723 -0.5198847651481628 -0.6246302127838135 -0.5352213978767395 -0.8436279892921448 0.0427737683057785 -2.0415542125701904
-0.4588511884212494 0.2479161024093628 -0.8532249331474304 0.21521353721618652 0.7091484665870667 -0.47637253999710083 -0.5197857618331909 -0.624653697013855 -0.5353164076805115 -0.8435676693916321 0.04277504235506058 -2.041637659072876
-0.458851158618927 0.24792182445526123 -0.8532233238220215 0.21521669626235962 0.7091507911682129 -0.47636544704437256 -0.5197890996932983 -0.6246373057365417 -0.5353133678436279 -0.8435699939727783 0.042767129838466644 -2.0416882038116455
-0.4589118957519531 0.24778680503368378 -0.8532298803329468 0.21522805094718933 0.7091917991638184 -0.47632476687431335 -0.5197704434394836 -0.6246070861816406 -0.5352069735527039 -0.8436326384544373 0.042862989008426666 -2.0416364669799805
-0.4589080512523651 0.24779632687568665 -0.8532291650772095 0.21523550152778625 0.709192156791687 -0.47632214426994324 -0.5197724103927612 -0.6245810389518738 -0.5352098345756531 -0.8436313271522522 0.042853113263845444 -2.0416903495788574
-0.45891907811164856 0.2477465271949768 -0.8532376885414124 0.21519629657268524 0.7091687321662903 -0.47637879848480225 -0.5197524428367615 -0.624591052532196 -0.5352314114570618 -0.8436139822006226 0.04292548447847366 -2.041686534881592
-0.45886844396591187 0.24782022833824158 -0.8532435297966003 0.2152271866798401 0.7091248631477356 -0.4764516055583954 -0.5197455286979675 -0.6245970129966736 -0.5353328585624695 -0.8435512185096741 0.04289335757493973 -2.0418009757995605
-0.4588664174079895 0.24777287244796753 -0.8532583713531494 0.21520587801933289 0.7091212868690491 -0.47648802399635315 -0.5197169780731201 -0.6246592998504639 -0.53533935546875 -0.8435445427894592 0.04294358193874359 -2.0417182445526123
-0.4589369297027588 0.24769362807273865 -0.8532434701919556 0.2151767909526825 0.7091130614280701 -0.4764815866947174 -0.5197341442108154 -0.6247053146362305 -0.5352897644042969 -0.8435714840888977 0.0430324487388134 -2.0416131019592285
-0.4589571952819824 0.24771805107593536 -0.8532254695892334 0.2151697278022766 0.7091028690338135 -0.47646334767341614 -0.51976478099823 -0.6247009038925171 -0.5352859497070312 -0.843574583530426 0.04301896318793297 -2.041661262512207
-0.45895788073539734 0.2476634383201599 -0.853240966796875 0.21522557735443115 0.7090732455253601 -0.476542592048645 -0.5197324752807617 -0.6246806979179382 -0.5353245735168457 -0.8435458540916443 0.043101705610752106 -2.041752576828003
-0.45897966623306274 0.2476588934659958 -0.8532305359840393 0.21522992849349976 0.7090702056884766 -0.4765293002128601 -0.519748866558075 -0.6246685981750488 -0.5353099703788757 -0.843554675579071 0.04310997202992439 -2.041818380355835
-0.45895546674728394 0.24766989052295685 -0.8532403707504272 0.2152525931596756 0.709080159664154 -0.4765300750732422 -0.5197345614433289 -0.6246727108955383 -0.5353174805641174 -0.8435510396957397 0.04308853670954704 -2.041926860809326
-0.45891985297203064 0.24758116900920868 -0.8532852530479431 0.2152801901102066 0.7090875506401062 -0.47660669684410095 -0.5196542739868164 -0.6246932744979858 -0.535338282585144 -0.8435338139533997 0.04316781088709831 -2.0419139862060547
-0.4588804543018341 0.2477198839187622 -0.853266179561615 0.21522311866283417 0.7090469598770142 -0.47662392258644104 -0.5196937918663025 -0.6247398257255554 -0.5354257225990295 -0.8434833288192749 0.04306861758232117 -2.041750431060791
-0.4588962495326996 0.24772609770298004 -0.8532559275627136 0.21521538496017456 0.7090342044830322 -0.47662508487701416 -0.519710123538971 -0.6247335076332092 -0.5354291200637817 -0.8434808254241943 0.04307542368769646 -2.0418171882629395
-0.4589800536632538 0.24764765799045563 -0.8532335758209229 0.21518245339393616 0.7090451717376709 -0.47657522559165955 -0.5197409391403198 -0.6247158646583557 -0.535342812538147 -0.8435320258140564 0.04314540699124336 -2.041677474975586
-0.45897728204727173 0.24764378368854523 -0.853236198425293 0.21517449617385864 0.7090463042259216 -0.4765784740447998 -0.5197364091873169 -0.6247057914733887 -0.5353437066078186 -0.8435313701629639 0.04314803332090378 -2.041736125946045
-0.45890745520591736 0.24767129123210907 -0.8532657623291016 0.2152090221643448 0.7090240716934204 -0.4766636788845062 -0.5196885466575623 -0.6246691942214966 -0.5354329347610474 -0.8434751033782959 0.04313986375927925 -2.041769027709961
-0.45891207456588745 0.2476530820131302 -0.853268563747406 0.21521051228046417 0.7090350985527039 -0.47665295004844666 -0.5196833610534668 -0.624654233455658 -0.5354143381118774 -0.8434865474700928 0.04314731806516647 -2.0418357849121094
-0.45890378952026367 0.2476394772529602 -0.8532770276069641 0.2152395099401474 0.7090197801589966 -0.47669342160224915 -0.5196672081947327 -0.6246653199195862 -0.5354418158531189 -0.843467652797699 0.04317537322640419 -2.0417826175689697
-0.45891669392585754 0.2476741373538971 -0.8532599806785583 0.21524639427661896 0.7090128064155579 -0.47667089104652405 -0.519697368144989 -0.6246592998504639 -0.5354399681091309 -0.8434702157974243 0.04314834997057915 -2.0418624877929688
-0.45891788601875305 0.24763096868991852 -0.8532719016075134 0.21528100967407227 0.709030270576477 -0.47666847705841064 -0.5196757316589355 -0.6246933341026306 -0.535415768623352 -0.8434842824935913 0.04317409172654152 -2.041801691055298
-0.45892763137817383 0.24762213230133057 -0.8532692193984985 0.2152867168188095 0.7090381979942322 -0.47665199637413025 -0.5196800231933594 -0.6246838569641113 -0.535396933555603 -0.8434961438179016 0.04317547008395195 -2.041865348815918
-0.4589553773403168 0.24761320650577545 -0.85325688123703 0.2152341604232788 0.7090237140655518 -0.4766536355018616 -0.5196982622146606 -0.6246718168258667 -0.5353923439979553 -0.8434978723526001 0.04319935664534569 -2.0417325496673584
-0.45892003178596497 0.24768175184726715 -0.8532559871673584 0.2152147740125656 0.7089889645576477 -0.4767006039619446 -0.5197026133537292 -0.624648928642273 -0.5354686975479126 -0.843451201915741 0.04316408559679985 -2.0417487621307373
-0.4589075446128845 0.2476436346769333 -0.8532737493515015 0.2152300477027893 0.7090424299240112 -0.47665151953697205 -0.5196746587753296 -0.6246759295463562 -0.5354085564613342 -0.8434901237487793 0.043149396777153015 -2.041670560836792
-0.4589018225669861 0.24773892760276794 -0.853249192237854 0.21520572900772095 0.7089976072311401 -0.4766696095466614 -0.5197192430496216 -0.6246510744094849 -0.5354728102684021 -0.8434519171714783 0.04309849813580513 -2.041691303253174
-0.45889365673065186 0.24766160547733307 -0.8532760143280029 0.21520276367664337 0.7089905142784119 -0.4767357409000397 -0.5196682810783386 -0.6246475577354431 -0.5354892611503601 -0.8434372544288635 0.043181538581848145 -2.0417356491088867
-0.45890846848487854 0.24778884649276733 -0.8532311320304871 0.2151346653699875 0.7089303135871887 -0.47673875093460083 -0.5197476148605347 -0.6246215105056763 -0.5355561971664429 -0.8433981537818909 0.04311467707157135 -2.041719913482666
-0.4588330090045929 0.2477588951587677 -0.8532803654670715 0.2151477187871933 0.7089976668357849 -0.476723313331604 -0.5196698904037476 -0.6246535778045654 -0.5355316400527954 -0.8434156775474548 0.04307616502046585 -2.0417044162750244
-0.45886465907096863 0.24781878292560577 -0.8532459735870361 0.2150811105966568 0.7089755535125732 -0.4766913652420044 -0.5197293758392334 -0.6246007680892944 -0.5355339050292969 -0.843416154384613 0.04303961619734764 -2.041703939437866
-0.4588497579097748 0.2477848082780838 -0.8532638549804688 0.2151208370923996 0.7090131640434265 -0.4766671061515808 -0.5197003483772278 -0.6246477961540222 -0.5354968309402466 -0.8434398174285889 0.04303616285324097 -2.04152512550354
-0.4588403105735779 0.24778226017951965 -0.8532696962356567 0.21518345177173615 0.7089604139328003 -0.47676077485084534 -0.5196863412857056 -0.624639093875885 -0.535574734210968 -0.8433876633644104 0.04308950528502464 -2.0416555404663086
-0.45879340171813965 0.24770592153072357 -0.8533170819282532 0.2151939868927002 0.7090139985084534 -0.476767897605896 -0.5196067690849304 -0.6246340870857239 -0.5355440378189087 -0.8434060215950012 0.043111272156238556 -2.0416648387908936
-0.4586970806121826 0.2478092610836029 -0.8533388376235962 0.21519233286380768 0.7090280055999756 -0.47677522897720337 -0.5195808410644531 -0.6246373057365417 -0.5356079339981079 -0.843371570110321 0.04299195855855942 -2.0416269302368164
-0.45870140194892883 0.2478114813566208 -0.8533358573913574 0.21518371999263763 0.7090312242507935 -0.4767647385597229 -0.5195861458778381 -0.6246262788772583 -0.5356000661849976 -0.8433768153190613 0.04298682138323784 -2.0416762828826904
-0.4587518274784088 0.24782174825668335 -0.8533058166503906 0.21519480645656586 0.7089536786079407 -0.47683218121528625 -0.5196300148963928 -0.6246523857116699 -0.5356594324111938 -0.8433356881141663 0.04305373877286911 -2.0416643619537354
-0.4587535560131073 0.24781684577465057 -0.8533062934875488 0.21519258618354797 0.7089523077011108 -0.476835697889328 -0.5196287035942078 -0.6246405839920044 -0.5356598496437073 -0.8433351516723633 0.043060000985860825 -2.041714668273926
-0.4588068723678589 0.2478746473789215 -0.8532608151435852 0.21516714990139008 0.7088738083839417 -0.47687292098999023 -0.5197016000747681 -0.6246333122253418 -0.5357180237770081 -0.8432971239089966 0.043080978095531464 -2.041734218597412
-0.4588451087474823 0.24784983694553375 -0.8532474637031555 0.21515069901943207 0.7088776230812073 -0.4768454134464264 -0.5197216868400574 -0.6246089935302734 -0.5356802344322205 -0.8433199524879456 0.04310324415564537 -2.041762113571167
-0.4587444067001343 0.24779844284057617 -0.8533165454864502 0.21516677737236023 0.7089585065841675 -0.476845920085907 -0.5196108222007751 -0.6246216893196106 -0.5356594324111938 -0.8433347940444946 0.04307182505726814 -2.04167103767395
-0.4587651491165161 0.24784371256828308 -0.8532922267913818 0.21517793834209442 0.7089104652404785 -0.47687414288520813 -0.5196505188941956 -0.6246467232704163 -0.5357052683830261 -0.8433055281639099 0.04307449609041214 -2.0416183471679688
-0.45876410603523254 0.24784763157367706 -0.8532916903495789 0.21517311036586761 0.708897054195404 -0.4768937826156616 -0.5196507573127747 -0.6246342658996582 -0.535723865032196 -0.8432932496070862 0.0430835485458374 -2.0416712760925293
-0.4587526321411133 0.2479190230369568 -0.8532770872116089 0.21519355475902557 0.7088446617126465 -0.4769437611103058 -0.5196763277053833 -0.6246403455734253 -0.5358030200004578 -0.8432440161705017 0.04306337982416153 -2.0416314601898193
-0.4587553143501282 0.24792025983333588 -0.8532752990722656 0.21519409120082855 0.7088479399681091 -0.47693535685539246 -0.519679605960846 -0.6246269941329956 -0.5357964634895325 -0.8432483673095703 0.043059106916189194 -2.0416839122772217
-0.458670049905777 0.24801096320152283 -0.8532947897911072 0.21519149839878082 0.7088487148284912 -0.47696051001548767 -0.5196554064750671 -0.6246441602706909 -0.5358683466911316 -0.8432074785232544 0.04296550154685974 -2.0416533946990967
-0.4586598873138428 0.24800418317317963 -0.8533022403717041 0.21519282460212708 0.708856463432312 -0.47696226835250854 -0.5196433067321777 -0.6246348023414612 -0.5358668565750122 -0.8432084918022156 0.04296433553099632 -2.041705369949341
-0.4587383568286896 0.24800778925418854 -0.8532589673995972 0.21519269049167633 0.7087843418121338 -0.47699835896492004 -0.519708514213562 -0.6247373223304749 -0.535895049571991 -0.8431870341300964 0.0430336557328701 -2.041590690612793
-0.45874449610710144 0.24800695478916168 -0.8532559275627136 0.21518875658512115 0.7087891101837158 -0.4769854247570038 -0.5197138786315918 -0.6247464418411255 -0.5358834266662598 -0.8431946039199829 0.04303005710244179 -2.041637659072876
-0.4587728679180145 0.24792534112930298 -0.8532643914222717 0.21520701050758362 0.7087686061859131 -0.47704023122787476 -0.5196915864944458 -0.6247061491012573 -0.535886287689209 -0.8431875705718994 0.043131668120622635 -2.0416557788848877
-0.4587915241718292 0.24792806804180145 -0.8532535433769226 0.21520525217056274 0.708759069442749 -0.4770357012748718 -0.5197086930274963 -0.6247047185897827 -0.5358829498291016 -0.8431893587112427 0.04313891753554344 -2.041712522506714
-0.4587721526622772 0.24794889986515045 -0.853257954120636 0.21516570448875427 0.7087918519973755 -0.4769899547100067 -0.5197059512138367 -0.6246802806854248 -0.5358561873435974 -0.8432090878486633 0.043085791170597076 -2.0416033267974854
-0.45877256989479065 0.24795006215572357 -0.8532573580741882 0.21516305208206177 0.7087812423706055 -0.47700560092926025 -0.519706130027771 -0.6246722340583801 -0.5358698964118958 -0.8431999087333679 0.04309498518705368 -2.0416576862335205
-0.4587814509868622 0.2480134516954422 -0.8532341718673706 0.2152082920074463 0.7087634205818176 -0.47698646783828735 -0.5197479128837585 -0.6246784329414368 -0.5358858108520508 -0.8431920409202576 0.043049927800893784 -2.041581869125366
-0.4587869644165039 0.24800626933574677 -0.853233277797699 0.2152080535888672 0.7087501883506775 -0.4770064055919647 -0.5197477340698242 -0.6246669292449951 -0.5358986258506775 -0.8431829214096069 0.04307007044553757 -2.0416419506073
-0.45881569385528564 0.2479737102985382 -0.8532273173332214 0.21518154442310333 0.7087333798408508 -0.47702521085739136 -0.5197533965110779 -0.6247279047966003 -0.5358963012695312 -0.843181848526001 0.043119654059410095 -2.041644811630249
-0.45881158113479614 0.24798239767551422 -0.8532269597053528 0.2151767462491989 0.7087256908416748 -0.47703590989112854 -0.5197540521621704 -0.6247270107269287 -0.5359099507331848 -0.8431732654571533 0.043118346482515335 -2.0416030883789062
-0.4588059186935425 0.24797268211841583 -0.8532328605651855 0.21517306566238403 0.7087219953536987 -0.47705304622650146 -0.5197433233261108 -0.6247202157974243 -0.5359196662902832 -0.8431664109230042 0.04313133284449577 -2.0416555404663086
-0.458838552236557 0.24793000519275665 -0.8532277345657349 0.2151898890733719 0.7087149024009705 -0.4770589768886566 -0.5197476148605347 -0.6246907114982605 -0.5359011292457581 -0.8431755900382996 0.04318162426352501 -2.041686534881592
-0.4588450491428375 0.24791856110095978 -0.8532275557518005 0.2151843160390854 0.7087075710296631 -0.47707122564315796 -0.5197463035583496 -0.6246811151504517 -0.5359052419662476 -0.843172013759613 0.04320027306675911 -2.041755437850952
-0.4589259624481201 0.2480044960975647 -0.8531590700149536 0.2151314914226532 0.7087007164955139 -0.47695210576057434 -0.5198649764060974 -0.6246839761734009 -0.5358450412750244 -0.8432141542434692 0.043124984949827194 -2.041656017303467
-0.45893073081970215 0.2480078935623169 -0.8531554937362671 0.21511563658714294 0.7087050676345825 -0.4769386053085327 -0.5198714733123779 -0.624677836894989 -0.5358352065086365 -0.8432207703590393 0.043117593973875046 -2.041720151901245
