# 3x4 first row second row third row Freq: 100 current Time: 2021-07-30-20:20:35
0.4449397921562195 -0.6092109680175781 0.6564225554466248 0.03481807932257652 0.08454133570194244 -0.7011282444000244 -0.7080056071281433 -0.4310438930988312 0.8915612101554871 0.37051472067832947 -0.260456383228302 -1.6718543767929077
0.444907546043396 -0.6092411875724792 0.6564163565635681 0.034822698682546616 0.08451027423143387 -0.701123058795929 -0.7080144882202148 -0.43102121353149414 0.8915802240371704 0.3704749047756195 -0.26044780015945435 -1.6718621253967285
0.44490498304367065 -0.6091610193252563 0.6564924716949463 0.03477538004517555 0.08455906063318253 -0.7011903524398804 -0.707942008972168 -0.43092137575149536 0.891576886177063 0.3704793155193329 -0.2604530155658722 -1.671971321105957
0.4449215829372406 -0.6092845797538757 0.6563665866851807 0.03483503684401512 0.08449798822402954 -0.7010750770568848 -0.7080634832382202 -0.43093058466911316 0.8915743827819824 0.37049439549446106 -0.2604401111602783 -1.671964168548584
0.4449768662452698 -0.6092094779014587 0.6563988327980042 0.03481660410761833 0.08453992754220963 -0.7011138796806335 -0.708020031452179 -0.4309108555316925 0.8915427923202515 0.37054443359375 -0.2604769468307495 -1.6719332933425903
0.4449712634086609 -0.6092298626899719 0.6563836932182312 0.034819308668375015 0.08465226739645004 -0.7010476589202881 -0.7080721259117126 -0.4310545325279236 0.8915349841117859 0.37063613533973694 -0.26037341356277466 -1.6719294786453247
0.4449822008609772 -0.6092150807380676 0.6563900113105774 0.03481419011950493 0.08463405817747116 -0.701066255569458 -0.7080559134483337 -0.4310629963874817 0.891531229019165 0.37062522768974304 -0.2604016661643982 -1.6719293594360352
0.44502708315849304 -0.6091731786727905 0.6563984751701355 0.03475608304142952 0.08465664088726044 -0.7010819911956787 -0.7080376744270325 -0.4310852587223053 0.8915066719055176 0.37066441774368286 -0.26042991876602173 -1.6719530820846558
0.4450882375240326 -0.6091975569725037 0.656334400177002 0.03476100042462349 0.08459564298391342 -0.7010536193847656 -0.7080730199813843 -0.43108412623405457 0.8914819359779358 0.37067800760269165 -0.26049527525901794 -1.6720268726348877
0.4452125132083893 -0.6092244982719421 0.6562250256538391 0.03490644693374634 0.08462822437286377 -0.7009552121162415 -0.7081665992736816 -0.43110644817352295 0.8914167881011963 0.3708198070526123 -0.2605164647102356 -1.6718864440917969
0.44520625472068787 -0.6093127131462097 0.6561474204063416 0.03491947054862976 0.08460613340139389 -0.700872004032135 -0.7082515358924866 -0.43105247616767883 0.8914220333099365 0.3708321154117584 -0.2604810297489166 -1.6719040870666504
0.44513794779777527 -0.6092950105667114 0.65621018409729 0.03492745757102966 0.08461885154247284 -0.7009164690971375 -0.7082059979438782 -0.4310131371021271 0.8914549350738525 0.3707771301269531 -0.260446697473526 -1.6718188524246216
0.44515460729599 -0.6093205809593201 0.6561751365661621 0.034950386732816696 0.08461678773164749 -0.7008822560310364 -0.7082401514053345 -0.43099072575569153 0.8914467692375183 0.3707997798919678 -0.26044222712516785 -1.6718025207519531
0.44527924060821533 -0.6092826128005981 0.6561258435249329 0.03487246483564377 0.08456417918205261 -0.7008891701698303 -0.7082395553588867 -0.4309764802455902 0.8913895487785339 0.3708491325378418 -0.26056793332099915 -1.6718686819076538
0.44522422552108765 -0.6093732118606567 0.6560790538787842 0.03484688326716423 0.08452029526233673 -0.7008343935012817 -0.7082990407943726 -0.4310026466846466 0.8914211988449097 0.3708038926124573 -0.26052406430244446 -1.671881914138794
0.4451753795146942 -0.6093763709068298 0.6561092734336853 0.03485046327114105 0.08438343554735184 -0.7009097933769226 -0.7082406878471375 -0.4309508502483368 0.8914585709571838 0.3706560730934143 -0.2606065273284912 -1.671874761581421
0.4450953006744385 -0.6093975305557251 0.6561439633369446 0.03480663150548935 0.08445345610380173 -0.7008938193321228 -0.7082481980323792 -0.43102729320526123 0.8914918899536133 0.37065157294273376 -0.2604988217353821 -1.6718674898147583
0.4450312554836273 -0.6093531250953674 0.6562286019325256 0.034782662987709045 0.08444609493017197 -0.7009735107421875 -0.7081702351570129 -0.4310261011123657 0.8915245532989502 0.37057384848594666 -0.2604976296424866 -1.6718388795852661
0.44493404030799866 -0.6094474196434021 0.6562069058418274 0.034795112907886505 0.08447044342756271 -0.7009052038192749 -0.7082349061965942 -0.43101030588150024 0.8915708065032959 0.37054792046546936 -0.26037630438804626 -1.6718329191207886
0.44497254490852356 -0.6094226241111755 0.6562038660049438 0.03479599207639694 0.08438502997159958 -0.7009502649307251 -0.7082005143165588 -0.43101468682289124 0.8915596604347229 0.37050357460975647 -0.2604774832725525 -1.671891212463379
0.44486427307128906 -0.6094273924827576 0.656272828578949 0.03484667092561722 0.08440567553043365 -0.7009850144386292 -0.7081636190414429 -0.4309951961040497 0.8916116952896118 0.3704298436641693 -0.2604040801525116 -1.6718645095825195
0.4449010491371155 -0.6093682050704956 0.6563029289245605 0.03485732898116112 0.08440662920475006 -0.7010320425033569 -0.7081169486045837 -0.43096935749053955 0.8915932774543762 0.37043827772140503 -0.2604551911354065 -1.6718741655349731
0.4449678361415863 -0.6093310117721558 0.6562921404838562 0.03483591973781586 0.08451902866363525 -0.7009955048561096 -0.7081397175788879 -0.4310230016708374 0.891549289226532 0.37056857347488403 -0.26042038202285767 -1.6718833446502686
0.44494494795799255 -0.6093510985374451 0.6562889814376831 0.03482888638973236 0.08459334820508957 -0.7009531855583191 -0.7081727385520935 -0.4310825765132904 0.8915536999702454 0.37061557173728943 -0.26033851504325867 -1.6718709468841553
0.44494685530662537 -0.6093376874923706 0.6563001275062561 0.03483230620622635 0.08459945023059845 -0.7009642720222473 -0.7081610560417175 -0.43107280135154724 0.8915521502494812 0.3706166744232178 -0.26034221053123474 -1.6718769073486328
0.44499748945236206 -0.6092342138290405 0.6563618779182434 0.03485538810491562 0.0845402404665947 -0.7010778188705444 -0.7080556750297546 -0.43094512820243835 0.8915324807167053 0.3705720007419586 -0.2604730725288391 -1.671844720840454
0.445073664188385 -0.6091997027397156 0.6563422679901123 0.034828633069992065 0.0845031663775444 -0.7010962963104248 -0.7080418467521667 -0.43097639083862305 0.8914979696273804 0.370593786239624 -0.26056018471717834 -1.6718645095825195
0.44501355290412903 -0.6093345284461975 0.6562578678131104 0.03484337031841278 0.08446171134710312 -0.7009950280189514 -0.7081470489501953 -0.4309645891189575 0.8915319442749023 0.37056368589401245 -0.2604868710041046 -1.6718729734420776
0.4449205994606018 -0.6093171238899231 0.6563370227813721 0.03485102951526642 0.08445392549037933 -0.7010586857795715 -0.7080849409103394 -0.4309752285480499 0.8915790319442749 0.3704718351364136 -0.26045623421669006 -1.671944499015808
0.44501179456710815 -0.6093674302101135 0.6562284827232361 0.034846872091293335 0.08435209840536118 -0.7010058164596558 -0.7081493735313416 -0.4309132993221283 0.8915432095527649 0.37048909068107605 -0.2605544626712799 -1.6719696521759033
0.4450714886188507 -0.6093401908874512 0.6562133431434631 0.03482373431324959 0.08443653583526611 -0.700973391532898 -0.7081714272499084 -0.4309355318546295 0.8915053606033325 0.3705953061580658 -0.2605327069759369 -1.6719555854797363
0.4451313316822052 -0.6093311905860901 0.6561810970306396 0.03482239693403244 0.08450841903686523 -0.7009263634681702 -0.7082094550132751 -0.43102511763572693 0.8914687037467957 0.37069904804229736 -0.2605106830596924 -1.6719509363174438
0.4451947808265686 -0.6094393134117126 0.6560376286506653 0.03485582768917084 0.08450059592723846 -0.7007843852043152 -0.7083508372306824 -0.4310542345046997 0.8914377689361572 0.37078964710235596 -0.2604875862598419 -1.6719889640808105
0.4451504349708557 -0.6093727946281433 0.6561294794082642 0.03486248478293419 0.08447286486625671 -0.7008876204490662 -0.7082520127296448 -0.43104472756385803 0.891462504863739 0.3707038164138794 -0.2605249881744385 -1.6719534397125244
0.4451882839202881 -0.6093847751617432 0.6560927033424377 0.03482167050242424 0.0845121219754219 -0.7008414268493652 -0.7082930207252502 -0.43097084760665894 0.8914399147033691 0.3707715570926666 -0.2605060040950775 -1.6719950437545776
0.4451567828655243 -0.6093370914459229 0.6561583280563354 0.03479919210076332 0.08449703454971313 -0.7009133100509644 -0.7082237005233765 -0.43096596002578735 0.8914570808410645 0.370714008808136 -0.26052916049957275 -1.671970009803772
0.44524380564689636 -0.6093820333480835 0.6560575366020203 0.034776411950588226 0.08452736586332321 -0.7008130550384521 -0.7083193063735962 -0.4309585988521576 0.8914107084274292 0.37082961201667786 -0.2605232298374176 -1.6719765663146973
0.4452752470970154 -0.6092840433120728 0.6561272740364075 0.03474942222237587 0.08444172888994217 -0.7009404301643372 -0.7082034945487976 -0.43096470832824707 0.8914031386375427 0.37074998021125793 -0.2606624364852905 -1.6719669103622437
0.44519662857055664 -0.6094515323638916 0.6560249924659729 0.03487734869122505 0.084502212703228 -0.7007697224617004 -0.7083652019500732 -0.4310005009174347 0.8914366960525513 0.370797336101532 -0.2604803144931793 -1.6719094514846802
0.44518619775772095 -0.6093855500221252 0.656093418598175 0.03487690910696983 0.08455120027065277 -0.7008252739906311 -0.7083043456077576 -0.4309849739074707 0.8914372324943542 0.37080082297325134 -0.26047348976135254 -1.6718720197677612
0.44518283009529114 -0.6094450354576111 0.6560404300689697 0.034879617393016815 0.08444133400917053 -0.7008082866668701 -0.7083343267440796 -0.4310033619403839 0.8914493322372437 0.37073519825935364 -0.2605254650115967 -1.6718685626983643
0.4452878534793854 -0.6093713045120239 0.6560376286506653 0.03490542620420456 0.08439796417951584 -0.7008587121963501 -0.7082895636558533 -0.43098124861717224 0.8914009928703308 0.370760977268219 -0.26065418124198914 -1.6719087362289429
0.44530606269836426 -0.6093419790267944 0.6560525298118591 0.03490998223423958 0.08436234295368195 -0.7008970379829407 -0.7082558274269104 -0.4309757947921753 0.8913952708244324 0.3707367479801178 -0.26070818305015564 -1.6719285249710083
0.44534018635749817 -0.6093128323554993 0.6560564041137695 0.034844011068344116 0.084408238530159 -0.7008940577507019 -0.7082533240318298 -0.43103158473968506 0.891373872756958 0.3707902431488037 -0.26070529222488403 -1.6719375848770142
0.4453381597995758 -0.6092987060546875 0.65607088804245 0.034849654883146286 0.08440069854259491 -0.7009133696556091 -0.7082351446151733 -0.43101629614830017 0.8913756012916565 0.3707769811153412 -0.2607182562351227 -1.6719446182250977
0.4453398585319519 -0.6093241572380066 0.6560460925102234 0.034852035343647 0.08433529734611511 -0.700912356376648 -0.7082439661026001 -0.4310609698295593 0.8913809061050415 0.37073710560798645 -0.2607566714286804 -1.6720099449157715
0.44529056549072266 -0.6093056797981262 0.6560967564582825 0.03488892689347267 0.08435426652431488 -0.7009465098381042 -0.7082078456878662 -0.4310682713985443 0.8914037942886353 0.3707028329372406 -0.2607273459434509 -1.672014594078064
0.4452327489852905 -0.6092983484268188 0.6561427712440491 0.03484644368290901 0.0843438059091568 -0.70098477602005 -0.7081712484359741 -0.43114498257637024 0.8914336562156677 0.37064263224601746 -0.26071083545684814 -1.6719413995742798
0.44519737362861633 -0.6093448996543884 0.6561235785484314 0.034861478954553604 0.08423051983118057 -0.7009974718093872 -0.7081721425056458 -0.43112316727638245 0.8914620280265808 0.3705419898033142 -0.26075682044029236 -1.6719353199005127
0.4450637996196747 -0.6094508767127991 0.656115710735321 0.03483084216713905 0.08426069468259811 -0.7009304761886597 -0.7082349061965942 -0.4311281144618988 0.8915258646011353 0.3704944849014282 -0.260606050491333 -1.6719772815704346
0.4451332986354828 -0.6094545125961304 0.6560652256011963 0.03481709957122803 0.08423522114753723 -0.7009059190750122 -0.7082622051239014 -0.43115270137786865 0.891493558883667 0.37053489685058594 -0.26065903902053833 -1.6719661951065063
0.4451337158679962 -0.6094584465026855 0.6560612916946411 0.03478364273905754 0.08429792523384094 -0.700875461101532 -0.7082849144935608 -0.4311654269695282 0.8914874196052551 0.370586097240448 -0.26060721278190613 -1.6719756126403809
0.4451744556427002 -0.6094486713409424 0.6560426950454712 0.03480266407132149 0.0843496099114418 -0.7008461952209473 -0.708307683467865 -0.4310850501060486 0.8914622068405151 0.37065744400024414 -0.26059210300445557 -1.6719387769699097
0.4452272951602936 -0.6093611717224121 0.65608811378479 0.0348188579082489 0.08437008410692215 -0.7009084820747375 -0.7082436084747314 -0.4309907853603363 0.8914338946342468 0.37068361043930054 -0.26065173745155334 -1.6719322204589844
0.4451426565647125 -0.609330952167511 0.6561736464500427 0.034828756004571915 0.08442015200853348 -0.700958251953125 -0.7081884145736694 -0.430922269821167 0.8914713859558105 0.3706391453742981 -0.26058661937713623 -1.671891212463379
0.4451746940612793 -0.6093382835388184 0.6561450958251953 0.03484388068318367 0.08452838659286499 -0.7008909583091736 -0.7082421183586121 -0.4309452474117279 0.8914451599121094 0.37075433135032654 -0.2605125308036804 -1.6718482971191406
0.44518202543258667 -0.6092855930328369 0.6561890244483948 0.03483052924275398 0.08449084311723709 -0.700960099697113 -0.7081781029701233 -0.4309760332107544 0.8914450407028198 0.3707101345062256 -0.2605758011341095 -1.6718878746032715
0.4451700747013092 -0.6093496680259705 0.6561376452445984 0.03489140048623085 0.08455614745616913 -0.7008692026138306 -0.7082602977752686 -0.4310428202152252 0.8914448022842407 0.3707767724990845 -0.26048174500465393 -1.6718522310256958
0.4452192187309265 -0.6092973351478577 0.6561529040336609 0.0348675362765789 0.08452140539884567 -0.7009180188179016 -0.70821613073349 -0.4310917556285858 0.8914235830307007 0.3707703948020935 -0.26056352257728577 -1.6718525886535645
0.445175439119339 -0.6093910932540894 0.6560955047607422 0.034834906458854675 0.08454973995685577 -0.7008246779441833 -0.7083051204681396 -0.4310426712036133 0.8914427757263184 0.3707927465438843 -0.2604660987854004 -1.671881079673767
0.44526591897010803 -0.6094005107879639 0.6560253500938416 0.034840915352106094 0.08444419503211975 -0.7008178234100342 -0.7083244919776917 -0.4310719668865204 0.8914075493812561 0.3707903027534485 -0.26058995723724365 -1.6719398498535156
0.44525232911109924 -0.6094498634338379 0.6559887528419495 0.03483186662197113 0.08444838225841522 -0.7007688879966736 -0.7083724141120911 -0.43110573291778564 0.8914139866828918 0.3708016574382782 -0.26055192947387695 -1.6719298362731934
0.4453285336494446 -0.6094532608985901 0.6559338569641113 0.0348125584423542 0.08445693552494049 -0.7007274031639099 -0.7084124088287354 -0.4311545491218567 0.8913750648498535 0.37087443470954895 -0.260581374168396 -1.6719588041305542
0.4452315866947174 -0.6094198822975159 0.6560306549072266 0.03480935096740723 0.08443768322467804 -0.7008150219917297 -0.7083280682563782 -0.4310210049152374 0.8914253115653992 0.37076371908187866 -0.26056697964668274 -1.6719422340393066
0.44516971707344055 -0.6094403266906738 0.6560536623001099 0.0348103791475296 0.08444728702306747 -0.7008167505264282 -0.708325207233429 -0.4309811592102051 0.891455352306366 0.37072688341140747 -0.26051682233810425 -1.671942949295044
0.4451315402984619 -0.6094017028808594 0.6561154127120972 0.03481120243668556 0.08439900726079941 -0.7008956074714661 -0.7082529067993164 -0.4310227632522583 0.891478955745697 0.37064120173454285 -0.2605578601360321 -1.671956181526184
0.4451325833797455 -0.6094502806663513 0.6560695767402649 0.034853216260671616 0.08438750356435776 -0.7008475065231323 -0.7083019018173218 -0.4309500753879547 0.8914795517921448 0.37065231800079346 -0.26054006814956665 -1.6719672679901123
0.44512251019477844 -0.6093910932540894 0.6561314463615417 0.03481351211667061 0.08440367877483368 -0.7009092569351196 -0.7082388997077942 -0.4309900999069214 0.8914830088615417 0.37063297629356384 -0.2605556547641754 -1.6719446182250977
0.44520336389541626 -0.6094699501991272 0.6560032963752747 0.03480462729930878 0.08438805490732193 -0.7007942795753479 -0.7083544731140137 -0.4309624135494232 0.8914441466331482 0.37072065472602844 -0.26056399941444397 -1.6719443798065186
0.4452098309993744 -0.6094517111778259 0.6560158729553223 0.03479459509253502 0.08444036543369293 -0.7007892727851868 -0.7083531618118286 -0.4309675991535187 0.8914359211921692 0.3707600235939026 -0.26053595542907715 -1.6719847917556763
0.44517335295677185 -0.6095367074012756 0.6559616327285767 0.0348392091691494 0.08443653583526611 -0.7007154822349548 -0.7084266543388367 -0.4310210943222046 0.8914545178413391 0.3707598149776459 -0.26047268509864807 -1.6720513105392456
0.4451863467693329 -0.6094745993614197 0.6560105085372925 0.03481464833021164 0.08446650952100754 -0.7007642388343811 -0.7083748579025269 -0.43111297488212585 0.8914452195167542 0.3707697093486786 -0.2604904770851135 -1.6719943284988403
0.4452019929885864 -0.6094738841056824 0.6560006141662598 0.03480985760688782 0.08452243357896805 -0.7007347345352173 -0.7083973288536072 -0.4311055541038513 0.8914320468902588 0.37082669138908386 -0.26045432686805725 -1.6719893217086792
0.44523537158966064 -0.6094993948936462 0.6559542417526245 0.03481682389974594 0.08443077653646469 -0.7007303237915039 -0.7084126472473145 -0.4310629963874817 0.8914241194725037 0.37079310417175293 -0.26052945852279663 -1.6719872951507568
0.44529423117637634 -0.6095232963562012 0.6558920741081238 0.03485928103327751 0.08448576927185059 -0.7006552219390869 -0.7084804177284241 -0.43108686804771423 0.8913894891738892 0.3708958029747009 -0.2605016827583313 -1.6719752550125122
0.44529959559440613 -0.6095587015151978 0.6558555364608765 0.03487285226583481 0.08447647094726562 -0.7006183862686157 -0.7085179090499878 -0.43108007311820984 0.8913877010345459 0.37090709805488586 -0.2604917287826538 -1.6719814538955688
0.44538721442222595 -0.6094304323196411 0.6559152007102966 0.03484370931982994 0.08452501893043518 -0.7006973624229431 -0.7084340453147888 -0.4310488700866699 0.8913393020629883 0.37096869945526123 -0.2605695426464081 -1.6720219850540161
0.44537630677223206 -0.6093733906745911 0.6559756398200989 0.03484339267015457 0.08448103070259094 -0.7007821798324585 -0.7083553671836853 -0.4310374855995178 0.8913488984107971 0.3709021806716919 -0.2606313228607178 -1.671980619430542
0.4453895390033722 -0.6093285083770752 0.6560083627700806 0.03484224155545235 0.08458442240953445 -0.7007817029953003 -0.708343505859375 -0.4309392273426056 0.8913325071334839 0.37097686529159546 -0.2605811357498169 -1.6720086336135864
0.44533461332321167 -0.6093424558639526 0.6560326814651489 0.03485589474439621 0.08448510617017746 -0.7008326053619385 -0.7083049416542053 -0.430907279253006 0.8913693428039551 0.37085771560668945 -0.2606246769428253 -1.6720454692840576
0.4452785849571228 -0.6093693971633911 0.65604567527771 0.03491185978055 0.08456115424633026 -0.7007970809936523 -0.7083310484886169 -0.43094581365585327 0.8913901448249817 0.3708806335926056 -0.26052093505859375 -1.6720384359359741
0.4452494978904724 -0.6093077063560486 0.6561227440834045 0.034921880811452866 0.08466336876153946 -0.7008342146873474 -0.7082821130752563 -0.43096911907196045 0.8913949728012085 0.3709118068218231 -0.2604600489139557 -1.6719343662261963
0.445266991853714 -0.6093025803565979 0.6561156511306763 0.03494124114513397 0.08464644104242325 -0.7008389234542847 -0.7082794308662415 -0.430947482585907 0.8913878798484802 0.37091130018234253 -0.2604851722717285 -1.671938419342041
0.4453160762786865 -0.6093149185180664 0.6560708284378052 0.03483818098902702 0.08460847288370132 -0.7008193135261536 -0.7083033919334412 -0.4311368465423584 0.8913669586181641 0.3709280490875244 -0.2605329155921936 -1.6720203161239624
0.4453081786632538 -0.6093244552612305 0.6560673713684082 0.03483529016375542 0.08462505787611008 -0.7008057236671448 -0.7083148956298828 -0.43114107847213745 0.8913692831993103 0.37093815207481384 -0.2605104148387909 -1.6720367670059204
0.4452761709690094 -0.6093958616256714 0.6560227274894714 0.03481942415237427 0.08472530543804169 -0.7007012367248535 -0.7084062695503235 -0.43107667565345764 0.8913757801055908 0.3710181713104248 -0.2603743374347687 -1.6720203161239624
0.44517645239830017 -0.6093844771385193 0.6561009883880615 0.03482374548912048 0.08472120016813278 -0.7007600665092468 -0.7083485722541809 -0.43103212118148804 0.8914259672164917 0.37092575430870056 -0.2603341042995453 -1.6720250844955444
0.44528427720069885 -0.6092954277992249 0.6561105251312256 0.034790828824043274 0.08471743017435074 -0.7008093595504761 -0.7083002328872681 -0.4311085343360901 0.8913724422454834 0.370978981256485 -0.26044145226478577 -1.6720306873321533
0.44525647163391113 -0.6092201471328735 0.6561993360519409 0.03476160764694214 0.08467258512973785 -0.7009217739105225 -0.708194375038147 -0.4311007559299469 0.8913906216621399 0.37089022994041443 -0.26050570607185364 -1.6719787120819092
0.44525134563446045 -0.6092648506164551 0.6561612486839294 0.034819893538951874 0.08465154469013214 -0.7008845210075378 -0.7082337141036987 -0.4311497211456299 0.8913951516151428 0.3708871006965637 -0.260494589805603 -1.6719330549240112
0.4453572630882263 -0.6092225909233093 0.6561285853385925 0.034841205924749374 0.08468525856733322 -0.700868546962738 -0.7082455158233643 -0.43110162019729614 0.8913390636444092 0.3709867000579834 -0.26054471731185913 -1.6719071865081787
0.445320188999176 -0.6092557907104492 0.6561229825019836 0.0348411425948143 0.08469291031360626 -0.7008461952209473 -0.7082667350769043 -0.43108388781547546 0.891356885433197 0.37097445130348206 -0.26050132513046265 -1.6719170808792114
0.44528284668922424 -0.6092841625213623 0.6561219692230225 0.03485037758946419 0.08460889011621475 -0.7008672952651978 -0.7082558870315552 -0.4310254454612732 0.8913834691047668 0.3708879351615906 -0.26053333282470703 -1.671881079673767
0.44531556963920593 -0.6093595623970032 0.6560297012329102 0.03489070385694504 0.08456247299909592 -0.700790524482727 -0.7083374261856079 -0.43095728754997253 0.8913715481758118 0.370909184217453 -0.2605440020561218 -1.6718716621398926
0.44531509280204773 -0.6093412637710571 0.656046986579895 0.034909963607788086 0.08453387022018433 -0.7008223533630371 -0.7083092927932739 -0.4310273230075836 0.8913745284080505 0.37087902426719666 -0.2605768144130707 -1.671991229057312
0.4452938735485077 -0.609428882598877 0.6559800505638123 0.03488423302769661 0.08462964743375778 -0.7006974816322327 -0.7084214091300964 -0.43101054430007935 0.8913760185241699 0.37097108364105225 -0.26044055819511414 -1.6720212697982788
0.4452334940433502 -0.6094693541526794 0.6559833884239197 0.034895140677690506 0.08446788787841797 -0.7007481455802917 -0.7083905935287476 -0.43096113204956055 0.8914214968681335 0.37080875039100647 -0.2605159878730774 -1.671988606452942
0.44522202014923096 -0.6094574928283691 0.6560022234916687 0.034882623702287674 0.08435846120119095 -0.7008116841316223 -0.7083407640457153 -0.4309859573841095 0.8914375901222229 0.37070825695991516 -0.2606039345264435 -1.671995997428894
0.44520100951194763 -0.6095526218414307 0.6559280753135681 0.03486959636211395 0.0843108519911766 -0.7007381319999695 -0.7084192037582397 -0.4310230612754822 0.8914526104927063 0.37069082260131836 -0.2605774402618408 -1.6720120906829834
0.44519758224487305 -0.6095117926597595 0.6559683680534363 0.034874025732278824 0.08422817289829254 -0.7008181214332581 -0.708349883556366 -0.43102380633354187 0.8914621472358704 0.3706066906452179 -0.2606644928455353 -1.6720058917999268
0.4451492130756378 -0.6095623970031738 0.6559541821479797 0.034866999834775925 0.08429571986198425 -0.7007572054862976 -0.708402156829834 -0.4310285151004791 0.8914799094200134 0.37063881754875183 -0.26055800914764404 -1.6720271110534668
