# 3x4 first row second row third row Freq: 100 current Time: 2021-07-30-20:23:03
0.5711004734039307 -0.010911587625741959 0.8208076357841492 -0.11882546544075012 0.7267880439758301 -0.45811229944229126 -0.5117737054824829 -0.6185259222984314 0.3816063106060028 0.888827383518219 -0.2536977529525757 -1.9755173921585083
0.5711271166801453 -0.010817054659128189 0.8207903504371643 -0.11884897947311401 0.7267821431159973 -0.4581463038921356 -0.511751651763916 -0.6185712814331055 0.38157767057418823 0.8888109922409058 -0.25379815697669983 -1.9755326509475708
0.5711247324943542 -0.010849992744624615 0.8207916021347046 -0.11884533613920212 0.7267720103263855 -0.4581528306007385 -0.5117601752281189 -0.6185519099235535 0.381600558757782 0.8888072371482849 -0.2537769377231598 -1.9755380153656006
0.5710974335670471 -0.010895909741520882 0.8208100199699402 -0.11882001161575317 0.7267664670944214 -0.45817676186561584 -0.5117465853691101 -0.6185023784637451 0.38165196776390076 0.8887943625450134 -0.25374478101730347 -1.9754571914672852
0.5711022615432739 -0.010886508040130138 0.8208067417144775 -0.11880982667207718 0.7267752885818481 -0.4581550359725952 -0.511753499507904 -0.6184689402580261 0.3816279470920563 0.8888056874275208 -0.2537413537502289 -1.975450873374939
0.5710887312889099 -0.010873534716665745 0.8208163380622864 -0.11881288141012192 0.7268295884132385 -0.45805642008781433 -0.5117647647857666 -0.6184993982315063 0.3815448582172394 0.8888566493988037 -0.25368764996528625 -1.9754912853240967
0.5710088610649109 -0.010876540094614029 0.8208718299865723 -0.1188211590051651 0.7268409729003906 -0.45814400911331177 -0.5116701722145081 -0.6184722781181335 0.3816426992416382 0.888811469078064 -0.25369876623153687 -1.975513219833374
0.5709883570671082 -0.010841120965778828 0.8208866119384766 -0.11881453543901443 0.7268575429916382 -0.45815715193748474 -0.5116348266601562 -0.6184349060058594 0.3816417455673218 0.8888051509857178 -0.2537224590778351 -1.9755163192749023
0.5710124373435974 -0.010836380533874035 0.8208698630332947 -0.11887585371732712 0.726799488067627 -0.4582603871822357 -0.5116248726844788 -0.6185163259506226 0.3817162811756134 0.8887519836425781 -0.2537965178489685 -1.9755737781524658
0.5710325241088867 -0.010841378942131996 0.8208558559417725 -0.11887641996145248 0.7267805337905884 -0.45827215909957886 -0.5116412043571472 -0.6184906363487244 0.38172224164009094 0.8887458443641663 -0.25380903482437134 -1.975579023361206
0.5709729194641113 -0.010845310986042023 0.8208972811698914 -0.11887803673744202 0.7267945408821106 -0.4583236575126648 -0.5115751624107361 -0.6184275150299072 0.3817847967147827 0.8887192010879517 -0.2538081109523773 -1.9753963947296143
0.5709433555603027 -0.010813955217599869 0.8209182620048523 -0.11887971311807632 0.7268204092979431 -0.4583258032798767 -0.5115364789962769 -0.6183926463127136 0.3817797005176544 0.8887184858322144 -0.2538182735443115 -1.9753763675689697
0.5709608197212219 -0.010838021524250507 0.8209058046340942 -0.11888445168733597 0.7268369197845459 -0.45824718475341797 -0.5115835070610046 -0.6184242963790894 0.3817223012447357 0.8887587189674377 -0.25376370549201965 -1.9754884243011475
0.5709291696548462 -0.010740101337432861 0.8209290504455566 -0.11884070932865143 0.7268558740615845 -0.45830991864204407 -0.511500358581543 -0.6184362173080444 0.3817334771156311 0.888727605342865 -0.25385600328445435 -1.9754589796066284
0.5708820819854736 -0.01076720841228962 0.8209614753723145 -0.11882030218839645 0.7269154787063599 -0.45822250843048096 -0.511493980884552 -0.6184381246566772 0.3816903531551361 0.8887723088264465 -0.25376421213150024 -1.9755573272705078
0.5709091424942017 -0.010765686631202698 0.8209426999092102 -0.11882093548774719 0.7268996834754944 -0.4582210183143616 -0.5115177631378174 -0.6184075474739075 0.3816799819469452 0.8887731432914734 -0.25377699732780457 -1.9755736589431763
0.5708550214767456 -0.01088312454521656 0.8209787607192993 -0.11886699497699738 0.7268581390380859 -0.45832309126853943 -0.5114853382110596 -0.6185501217842102 0.3818400502204895 0.8887190818786621 -0.2537255585193634 -1.9756015539169312
0.5708319544792175 -0.010876934044063091 0.8209949135780334 -0.11888119578361511 0.7268961071968079 -0.4582720398902893 -0.5114771127700806 -0.6185081601142883 0.3818022906780243 0.8887454867362976 -0.2536899149417877 -1.9754999876022339
0.5708329081535339 -0.010823817923665047 0.8209949135780334 -0.11889418959617615 0.726904034614563 -0.45828521251678467 -0.5114540457725525 -0.6184864640235901 0.38178569078445435 0.8887393474578857 -0.2537364065647125 -1.9754996299743652
0.5708325505256653 -0.01093438733369112 0.8209937214851379 -0.1188889890909195 0.7268677353858948 -0.4583014249801636 -0.5114911198616028 -0.6185227036476135 0.38185539841651917 0.8887295722961426 -0.2536655366420746 -1.975464105606079
0.5708297491073608 -0.010934381745755672 0.8209956288337708 -0.11890174448490143 0.726867139339447 -0.45830678939819336 -0.5114871263504028 -0.6185047030448914 0.3818606436252594 0.8887268304824829 -0.25366732478141785 -1.9754540920257568
0.570858359336853 -0.010936659760773182 0.8209757208824158 -0.11884208768606186 0.7268205285072327 -0.4583723545074463 -0.5114946365356445 -0.618522584438324 0.38190656900405884 0.8886929750442505 -0.25371670722961426 -1.9755136966705322
0.570884108543396 -0.010941451415419579 0.8209577798843384 -0.11884671449661255 0.7267991304397583 -0.45838186144828796 -0.5115165114402771 -0.6185052990913391 0.3819088637828827 0.8886880278587341 -0.2537306845188141 -1.9755147695541382
0.5708273649215698 -0.010955515317618847 0.8209969997406006 -0.11885663121938705 0.7267988324165344 -0.4584560692310333 -0.511450469493866 -0.6184769868850708 0.38199424743652344 0.888649582862854 -0.25373682379722595 -1.975415587425232
0.5708192586898804 -0.010967766866087914 0.8210024833679199 -0.11886736005544662 0.7268234491348267 -0.4584028720855713 -0.5114631056785583 -0.6184502243995667 0.3819594979286194 0.8886768817901611 -0.2536935806274414 -1.9753973484039307
0.5708692669868469 -0.010924039408564568 0.8209683299064636 -0.11890517175197601 0.7268460392951965 -0.4583050608634949 -0.511518657207489 -0.618478536605835 0.381841778755188 0.8887278437614441 -0.2536921799182892 -1.9754937887191772
0.5709733366966248 -0.01092296652495861 0.8208959698677063 -0.11889573931694031 0.7267943620681763 -0.4582751393318176 -0.511618971824646 -0.618500828742981 0.381784588098526 0.8887432813644409 -0.2537241578102112 -1.9755584001541138
0.5709728598594666 -0.010918229818344116 0.820896327495575 -0.1188991591334343 0.7267990708351135 -0.4582677185535431 -0.5116188526153564 -0.6184769868850708 0.38177621364593506 0.8887472152709961 -0.2537230849266052 -1.97556471824646
0.57098788022995 -0.010938904248178005 0.8208856582641602 -0.11890313774347305 0.7267945408821106 -0.45824360847473145 -0.5116468667984009 -0.6184505820274353 0.38176241517066956 0.8887593746185303 -0.25370121002197266 -1.9755712747573853
0.5709630250930786 -0.01084602065384388 0.8209041357040405 -0.11881184577941895 0.7268150448799133 -0.45828989148139954 -0.5115762948989868 -0.6184272766113281 0.3817606270313263 0.8887366056442261 -0.25378352403640747 -1.9755840301513672
0.5709640979766846 -0.010916932485997677 0.8209024667739868 -0.11884083598852158 0.7268083691596985 -0.4582596719264984 -0.5116128921508789 -0.6184616684913635 0.3817717134952545 0.8887513279914856 -0.2537153363227844 -1.9755457639694214
0.5709515810012817 -0.010885560885071754 0.8209115862846375 -0.1188308447599411 0.7268388271331787 -0.45822641253471375 -0.5115993618965149 -0.6184351444244385 0.38173240423202515 0.8887688517570496 -0.25371307134628296 -1.975551724433899
0.5709955096244812 -0.01089736819267273 0.8208808302879333 -0.11885833740234375 0.726786196231842 -0.4582779109477997 -0.5116280913352966 -0.6185116767883301 0.3817669153213501 0.888742208480835 -0.253754585981369 -1.975498914718628
0.5709630250930786 -0.010908907279372215 0.8209033012390137 -0.1188545972108841 0.726817786693573 -0.4582441747188568 -0.5116133093833923 -0.6184883713722229 0.3817552626132965 0.888759434223175 -0.2537117302417755 -1.9755005836486816
0.5709169507026672 -0.010725339874625206 0.8209377527236938 -0.11881645023822784 0.7269036769866943 -0.4582255482673645 -0.511508047580719 -0.6184579730033875 0.38166072964668274 0.8887712955474854 -0.2538124620914459 -1.9754698276519775
0.5709221363067627 -0.010754416696727276 0.8209337592124939 -0.11880913376808167 0.7268953919410706 -0.45821914076805115 -0.5115255117416382 -0.6184254884719849 0.38166871666908264 0.8887742161750793 -0.25379014015197754 -1.975467324256897
0.57099848985672 -0.010747588239610195 0.8208807706832886 -0.118796706199646 0.7268671989440918 -0.45817831158638 -0.5116022229194641 -0.618529200553894 0.3816082179546356 0.8887953758239746 -0.25380706787109375 -1.9755396842956543
0.5710139870643616 -0.010782260447740555 0.820869505405426 -0.11878298968076706 0.7268370389938354 -0.45820438861846924 -0.5116216540336609 -0.618509829044342 0.3816424310207367 0.8887814879417419 -0.25380420684814453 -1.975550651550293
0.5709198117256165 -0.010649032890796661 0.8209367990493774 -0.11882083863019943 0.7269099354743958 -0.4582544267177582 -0.5114732980728149 -0.6185033917427063 0.3816445767879486 0.8887572884559631 -0.2538856565952301 -1.9755475521087646
0.5709336400032043 -0.010662472806870937 0.8209269642829895 -0.11881253868341446 0.7268986105918884 -0.45825228095054626 -0.5114912390708923 -0.6184828877449036 0.38164541125297546 0.8887582421302795 -0.2538811266422272 -1.9755600690841675
0.570909857749939 -0.010705000720918179 0.8209429979324341 -0.11890669167041779 0.7269373536109924 -0.4581701457500458 -0.5115098357200623 -0.6185386776924133 0.3816072344779968 0.8888000845909119 -0.2537919878959656 -1.9755291938781738
0.5708893537521362 -0.010680700652301311 0.8209575414657593 -0.1188889890909195 0.7269806265830994 -0.4581140875816345 -0.5114984512329102 -0.6185386180877686 0.38155534863471985 0.8888292908668518 -0.25376781821250916 -1.9755034446716309
0.5708781480789185 -0.010696892626583576 0.8209651112556458 -0.11889225244522095 0.7269731163978577 -0.4581378698348999 -0.5114879012107849 -0.6185170412063599 0.3815865218639374 0.8888168334960938 -0.2537645399570465 -1.9755024909973145
0.5709113478660583 -0.0107864486053586 0.8209408521652222 -0.11884862184524536 0.7269303798675537 -0.45813336968421936 -0.511552631855011 -0.6184807419776917 0.3816182315349579 0.8888180255889893 -0.25371256470680237 -1.975467562675476
0.5708849430084229 -0.010781269520521164 0.8209592700004578 -0.11884699761867523 0.7269507050514221 -0.45812755823135376 -0.5115289688110352 -0.6184511780738831 0.3816189765930176 0.8888211250305176 -0.25370070338249207 -1.9754619598388672
0.570958137512207 -0.010817185044288635 0.8209078907966614 -0.11888760328292847 0.7269020080566406 -0.45811232924461365 -0.5116117596626282 -0.6184976696968079 0.3816021978855133 0.8888285160064697 -0.25369992852211 -1.9755007028579712
0.5709285736083984 -0.010781919583678246 0.8209289312362671 -0.11888393014669418 0.7269223928451538 -0.4581298530101776 -0.5115671157836914 -0.6184704899787903 0.38160771131515503 0.8888199329376221 -0.25372180342674255 -1.9755029678344727
0.5709391236305237 -0.010795238427817822 0.8209214210510254 -0.11887389421463013 0.726886510848999 -0.4581897556781769 -0.5115644335746765 -0.6185169219970703 0.38166022300720215 0.8887888789176941 -0.2537515461444855 -1.9755204916000366
0.5709303617477417 -0.010780765675008297 0.8209277391433716 -0.11886957287788391 0.7268890142440796 -0.4582057297229767 -0.5115466117858887 -0.6184940934181213 0.3816686272621155 0.8887808322906494 -0.25376713275909424 -1.9755233526229858
0.5709535479545593 -0.010758955962955952 0.8209118843078613 -0.11886243522167206 0.7268995046615601 -0.45816126465797424 -0.5115715861320496 -0.6185522079467773 0.38161396980285645 0.888804018497467 -0.25376811623573303 -1.9755468368530273
0.5709372162818909 -0.01085106935352087 0.8209220170974731 -0.11884323507547379 0.7268763780593872 -0.458181232213974 -0.5115864872932434 -0.6185182929039001 0.38168227672576904 0.8887925744056702 -0.25370535254478455 -1.9755609035491943
0.5710293650627136 -0.010813063010573387 0.8208584189414978 -0.11881966143846512 0.7268251776695251 -0.45819053053855896 -0.5116509199142456 -0.6185146570205688 0.38164204359054565 0.8887882828712463 -0.2537810504436493 -1.975541114807129
0.570988655090332 -0.01084238849580288 0.8208863139152527 -0.11882206052541733 0.7268556952476501 -0.45816025137901306 -0.5116347074508667 -0.6184920072555542 0.3816448152065277 0.8888034820556641 -0.25372347235679626 -1.9755436182022095
0.5709611773490906 -0.010851463302969933 0.820905327796936 -0.11881968379020691 0.7268837690353394 -0.45812901854515076 -0.5116227269172668 -0.6184524297714233 0.38163238763809204 0.8888195157051086 -0.25368615984916687 -1.9755240678787231
0.5709367990493774 -0.01085316389799118 0.8209222555160522 -0.11885016411542892 0.7269356846809387 -0.4580425024032593 -0.5116264820098877 -0.618462324142456 0.381570041179657 0.8888640403747559 -0.2536237835884094 -1.9755687713623047
0.5709404349327087 -0.010884620249271393 0.8209193348884583 -0.11886328458786011 0.72687166929245 -0.4581666886806488 -0.5116062164306641 -0.6184504628181458 0.3816865086555481 0.8887996673583984 -0.2536742091178894 -1.975538969039917
0.5709219574928284 -0.0109009500592947 0.8209319710731506 -0.1188948005437851 0.726890504360199 -0.4581395089626312 -0.511603832244873 -0.6184746623039246 0.3816783130168915 0.8888134956359863 -0.2536381185054779 -1.975541353225708
0.5709250569343567 -0.010902800597250462 0.820929765701294 -0.11890202760696411 0.7268705368041992 -0.45818039774894714 -0.511595606803894 -0.6184378862380981 0.3817117214202881 0.8887923955917358 -0.25366175174713135 -1.9755492210388184
0.5709010362625122 -0.010885849595069885 0.8209467530250549 -0.11888778209686279 0.7268864512443542 -0.4581886827945709 -0.5115655064582825 -0.6184431314468384 0.3817172944545746 0.8887883424758911 -0.2536676228046417 -1.9755301475524902
0.5708874464035034 -0.01087882835417986 0.8209562301635742 -0.1189102753996849 0.7268999218940735 -0.4581814706325531 -0.5115528702735901 -0.6184188723564148 0.3817119896411896 0.8887921571731567 -0.25366225838661194 -1.9755427837371826
0.5708683729171753 -0.010870585218071938 0.8209696412086487 -0.11887259036302567 0.7268696427345276 -0.45828476548194885 -0.5115033388137817 -0.618400514125824 0.3817982077598572 0.8887389898300171 -0.2537187933921814 -1.975506067276001
0.5708767771720886 -0.010846287943422794 0.8209640979766846 -0.11887525022029877 0.7268768548965454 -0.45827093720436096 -0.5115054845809937 -0.6183629035949707 0.38177192211151123 0.8887463808059692 -0.2537323236465454 -1.9755096435546875
0.5708922147750854 -0.01082976907491684 0.8209536075592041 -0.11883990466594696 0.726842999458313 -0.4583376348018646 -0.5114938616752625 -0.6184446215629578 0.38181325793266296 0.8887122273445129 -0.25378987193107605 -1.9755311012268066
0.5708732008934021 -0.010802946984767914 0.8209671974182129 -0.11882300674915314 0.7268540263175964 -0.4583562910556793 -0.5114614367485046 -0.6184049248695374 0.3818207383155823 0.888702929019928 -0.25381115078926086 -1.9755507707595825
0.5709242224693298 -0.010747375898063183 0.8209324479103088 -0.11879736930131912 0.7268635034561157 -0.45829474925994873 -0.5115031003952026 -0.6184226870536804 0.38172629475593567 0.8887353539466858 -0.2538397014141083 -1.9755269289016724
0.5708710551261902 -0.010740614496171474 0.8209694623947144 -0.11881395429372787 0.7269001007080078 -0.4582909047603607 -0.5114545226097107 -0.6184208393096924 0.381736159324646 0.8887373805046082 -0.25381767749786377 -1.9755312204360962
0.5709191560745239 -0.010773638263344765 0.8209356069564819 -0.11880221962928772 0.7268915772438049 -0.45822033286094666 -0.5115298628807068 -0.6183955669403076 0.38168036937713623 0.8887733817100525 -0.2537755072116852 -1.9754916429519653
0.5709561705589294 -0.010713137686252594 0.820910632610321 -0.11882644891738892 0.7269024848937988 -0.4581790268421173 -0.5115514397621155 -0.6184194087982178 0.38160431385040283 0.8887954354286194 -0.2538127601146698 -1.9755438566207886
0.5709102153778076 -0.010641881264746189 0.8209435343742371 -0.11883421987295151 0.7269399762153625 -0.4582028090953827 -0.5114768147468567 -0.6184794306755066 0.3816016912460327 0.8887839913368225 -0.2538566589355469 -1.9754782915115356
0.5709048509597778 -0.010581365786492825 0.82094806432724 -0.11885739862918854 0.7269529700279236 -0.45821794867515564 -0.5114447474479675 -0.6184762120246887 0.38158491253852844 0.8887768983840942 -0.2539067268371582 -1.9755092859268188
0.5708985924720764 -0.0105961374938488 0.8209522366523743 -0.11885863542556763 0.7269577383995056 -0.45820680260658264 -0.5114480257034302 -0.618452250957489 0.3815852403640747 0.8887825012207031 -0.25388669967651367 -1.9755101203918457
0.5708894729614258 -0.010666818358004093 0.8209576606750488 -0.11882569640874863 0.7269627451896667 -0.4581642746925354 -0.5114789605140686 -0.6184773445129395 0.38158929347991943 0.8888036012649536 -0.2538067698478699 -1.9755231142044067
0.5708858966827393 -0.01071168202906847 0.8209595084190369 -0.11889686435461044 0.7269341349601746 -0.4582081437110901 -0.5114803314208984 -0.6185214519500732 0.3816491365432739 0.888780415058136 -0.25379788875579834 -1.9755229949951172
0.5708589553833008 -0.010797932744026184 0.8209771513938904 -0.11887305974960327 0.7269495129585266 -0.4581577181816101 -0.5115036964416504 -0.6185039281845093 0.3816601634025574 0.8888053894042969 -0.25369390845298767 -1.9755104780197144
0.5708891153335571 -0.01083317119628191 0.8209556937217712 -0.11885762214660645 0.7269205451011658 -0.4581594169139862 -0.5115432739257812 -0.6184929013252258 0.381670206785202 0.8888040781021118 -0.2536833584308624 -1.9755173921585083
0.5708917379379272 -0.010834603570401669 0.820953905582428 -0.11885827034711838 0.7269189357757568 -0.45815855264663696 -0.5115463733673096 -0.6184670925140381 0.38166943192481995 0.8888044953346252 -0.25368306040763855 -1.9755171537399292
0.5709707140922546 -0.010810395702719688 0.820899248123169 -0.11888425052165985 0.7269274592399597 -0.45803913474082947 -0.5116412043571472 -0.6185029745101929 0.38153499364852905 0.8888663053512573 -0.25366857647895813 -1.9755525588989258
0.5709772706031799 -0.010789806954562664 0.8208950161933899 -0.11888892203569412 0.7269085645675659 -0.4580865204334259 -0.5116256475448608 -0.6184737086296082 0.3815612494945526 0.8888421654701233 -0.25371378660202026 -1.975556492805481
0.5709164142608643 -0.010839534923434258 0.8209366202354431 -0.11886967718601227 0.7269484400749207 -0.4580509066581726 -0.5116007924079895 -0.6184743046760559 0.381576269865036 0.8888599276542664 -0.25362899899482727 -1.9755734205245972
0.5709447860717773 -0.010810796171426773 0.8209172487258911 -0.11887264996767044 0.7269471287727356 -0.45803067088127136 -0.511620819568634 -0.6184449791908264 0.3815363049507141 0.8888706564903259 -0.25365138053894043 -1.9755804538726807
0.5708873867988586 -0.010746408253908157 0.8209580183029175 -0.11887367069721222 0.7269428372383118 -0.4581640660762787 -0.5115074515342712 -0.6184577345848083 0.3816303312778473 0.888802707195282 -0.2537480890750885 -1.9755470752716064
0.570888876914978 -0.01075004693120718 0.8209569454193115 -0.11893908679485321 0.726940929889679 -0.4581640064716339 -0.5115101933479309 -0.6184902191162109 0.38163167238235474 0.888802707195282 -0.2537461221218109 -1.975557804107666
0.5709088444709778 -0.010768852196633816 0.8209428191184998 -0.11893042176961899 0.7269391417503357 -0.45812758803367615 -0.5115453600883484 -0.6184686422348022 0.3816052973270416 0.8888212442398071 -0.25372079014778137 -1.9755619764328003
0.5709761381149292 -0.010726516135036945 0.8208966255187988 -0.11891308426856995 0.726893424987793 -0.458162784576416 -0.5115787982940674 -0.6185713410377502 0.38159170746803284 0.8888036012649536 -0.25380298495292664 -1.9755597114562988
0.5709676742553711 -0.010730928741395473 0.820902407169342 -0.1189262792468071 0.7269156575202942 -0.4581204652786255 -0.5115851163864136 -0.6185569763183594 0.38156193494796753 0.8888253569602966 -0.25377151370048523 -1.9755656719207764
0.570936381816864 -0.010761931538581848 0.8209238052368164 -0.1188976913690567 0.7268938422203064 -0.4581974744796753 -0.5115471482276917 -0.6185897588729858 0.3816504180431366 0.8887853026390076 -0.2537788450717926 -1.9755173921585083
0.5709782838821411 -0.010760199278593063 0.8208946585655212 -0.11884734779596329 0.7269036769866943 -0.4581146836280823 -0.51160728931427 -0.6185051798820496 0.3815688490867615 0.8888279795646667 -0.2537519335746765 -1.9755499362945557
0.5708922743797302 -0.010745014064013958 0.8209546804428101 -0.11888589709997177 0.7269701957702637 -0.45809417963027954 -0.5115311741828918 -0.6184943914413452 0.381570965051651 0.8888387680053711 -0.25371113419532776 -1.9754914045333862
0.5708810091018677 -0.010754805989563465 0.8209623694419861 -0.11888810992240906 0.7269736528396606 -0.4580964148044586 -0.5115242600440979 -0.6184670925140381 0.38158124685287476 0.888837456703186 -0.2537001073360443 -1.9754829406738281
0.5709664225578308 -0.010740410536527634 0.8209031224250793 -0.11886978149414062 0.7268761396408081 -0.4582083821296692 -0.5115625262260437 -0.6185315251350403 0.3816390633583069 0.8887799382209778 -0.2538146674633026 -1.9755465984344482
0.5709445476531982 -0.01075275894254446 0.8209182024002075 -0.11887266486883163 0.7268906235694885 -0.4581988453865051 -0.5115504860877991 -0.6185145378112793 0.3816443383693695 0.8887847065925598 -0.2537900507450104 -1.9755499362945557
0.5709181427955627 -0.010707595385611057 0.8209371566772461 -0.11889835447072983 0.7269166111946106 -0.4582047164440155 -0.5115082859992981 -0.6184656023979187 0.38163426518440247 0.8887822031974792 -0.25381386280059814 -1.975563645362854
0.57094806432724 -0.010682286694645882 0.8209167122840881 -0.11887004971504211 0.7269061207771301 -0.4582015872001648 -0.5115260481834412 -0.618502676486969 0.38160958886146545 0.8887841701507568 -0.253844290971756 -1.975522756576538
0.5709498524665833 -0.010712633840739727 0.8209150433540344 -0.11887826770544052 0.7268860340118408 -0.4582267105579376 -0.5115320086479187 -0.6184653639793396 0.3816450238227844 0.8887708187103271 -0.25383761525154114 -1.9755173921585083
0.5708808898925781 -0.010762770660221577 0.8209623694419861 -0.11883355677127838 0.7268694043159485 -0.4583342671394348 -0.5114592909812927 -0.6184952855110168 0.38177987933158875 0.8887147307395935 -0.253831148147583 -1.9754735231399536
0.5708632469177246 -0.010744951665401459 0.8209748268127441 -0.1187991052865982 0.7268635034561157 -0.45838478207588196 -0.5114224553108215 -0.618434727191925 0.3818175792694092 0.8886889219284058 -0.25386491417884827 -1.975392460823059
0.5708742141723633 -0.010872386395931244 0.8209655284881592 -0.11886294186115265 0.7268254160881042 -0.4583781063556671 -0.5114825963973999 -0.6185435652732849 0.38187363743782043 0.8886908292770386 -0.25377392768859863 -1.9754410982131958
0.5708728432655334 -0.010873698629438877 0.8209664821624756 -0.11885972321033478 0.7268350720405579 -0.4583567976951599 -0.5114879608154297 -0.6185328960418701 0.381857305765152 0.8887017965316772 -0.25376009941101074 -1.9754281044006348
0.5708892345428467 -0.010967938229441643 0.8209538459777832 -0.11888659000396729 0.7267798185348511 -0.45840293169021606 -0.5115251541137695 -0.6185571551322937 0.38193798065185547 0.8886768221855164 -0.2537260353565216 -1.9754528999328613
0.5708566904067993 -0.010962351225316525 0.8209764957427979 -0.11889158934354782 0.7267972826957703 -0.4584127962589264 -0.5114914178848267 -0.6185470819473267 0.38195326924324036 0.8886718153953552 -0.25372064113616943 -1.9754470586776733
0.5708727836608887 -0.010984006337821484 0.820965051651001 -0.11893220990896225 0.7267890572547913 -0.45839524269104004 -0.5115188956260681 -0.6185680627822876 0.3819449543952942 0.888680636882782 -0.2537023425102234 -1.9754927158355713
