# 3x4 first row second row third row Freq: 100 current Time: 2021-07-30-20:20:53
0.37227100133895874 -0.08955913782119751 0.9237929582595825 0.398681104183197 0.045463431626558304 -0.9923789501190186 -0.11452925950288773 -0.47516772150993347 0.9270098805427551 0.08463472127914429 -0.3653621971607208 -1.698061466217041
0.3722676634788513 -0.0896882712841034 0.9237817525863647 0.39857202768325806 0.04560675099492073 -0.9923498630523682 -0.11472413688898087 -0.47499707341194153 0.9270041584968567 0.08483877032995224 -0.3653293251991272 -1.6975127458572388
0.3722912073135376 -0.08969482034444809 0.9237716197967529 0.39862725138664246 0.045588426291942596 -0.9923504590988159 -0.11472626030445099 -0.47506266832351685 0.9269956350326538 0.08482487499713898 -0.3653542697429657 -1.697765827178955
0.3724067211151123 -0.08976057171821594 0.9237186908721924 0.3986387848854065 0.04581581428647041 -0.9923201203346252 -0.11489790678024292 -0.4751088619232178 0.926937997341156 0.08510967344045639 -0.3654341697692871 -1.6977730989456177
0.3723908066749573 -0.08976581692695618 0.9237245917320251 0.39869141578674316 0.0458223782479763 -0.9923190474510193 -0.11490455269813538 -0.4751829504966736 0.9269440770149231 0.0851166620850563 -0.3654171824455261 -1.6980253458023071
0.3722929358482361 -0.0897662490606308 0.9237639904022217 0.39850977063179016 0.04564203694462776 -0.992336630821228 -0.11482429504394531 -0.47499921917915344 0.9269922971725464 0.08491074293851852 -0.36534276604652405 -1.6972081661224365
0.37219342589378357 -0.08981779962778091 0.9237990975379944 0.398470014333725 0.04570600390434265 -0.9923255443572998 -0.11489507555961609 -0.4748836159706116 0.9270291328430176 0.0849863588809967 -0.3652317523956299 -1.6968867778778076
0.3722401559352875 -0.08984336256980896 0.9237777590751648 0.398516982793808 0.045672930777072906 -0.9923248291015625 -0.11491411179304123 -0.4749482572078705 0.9270119667053223 0.08496728539466858 -0.3652797043323517 -1.697092056274414
0.37228670716285706 -0.08984963595867157 0.9237583875656128 0.39869052171707153 0.04563640058040619 -0.9923268556594849 -0.1149110347032547 -0.47512972354888916 0.9269950985908508 0.08493685722351074 -0.3653296232223511 -1.6977452039718628
0.37214916944503784 -0.08967392891645432 0.9238309264183044 0.39807558059692383 0.045610252767801285 -0.9923526644706726 -0.11469845473766327 -0.47437340021133423 0.9270516037940979 0.08482109755277634 -0.3652130961418152 -1.694983720779419
0.37211233377456665 -0.08970452100038528 0.9238427877426147 0.39809325337409973 0.04560071974992752 -0.992350161075592 -0.11472394317388535 -0.4743993580341339 0.9270668625831604 0.08481808751821518 -0.3651750981807709 -1.695034384727478
0.3720438778400421 -0.08971694111824036 0.9238691329956055 0.3980102837085724 0.04553570598363876 -0.9923553466796875 -0.11470495164394379 -0.47423550486564636 0.927097499370575 0.08474431186914444 -0.36511436104774475 -1.6945959329605103
0.37201443314552307 -0.08963894844055176 0.9238885641098022 0.3979896605014801 0.045326296240091324 -0.9923844337463379 -0.11453582346439362 -0.47430193424224854 0.9271196126937866 0.08448541909456253 -0.36511826515197754 -1.69472074508667
0.37199556827545166 -0.08953142911195755 0.9239065647125244 0.397971510887146 0.045332469046115875 -0.9923974275588989 -0.11442092061042786 -0.4743630290031433 0.9271268844604492 0.08444704115390778 -0.3651087284088135 -1.6947977542877197
0.3719865083694458 -0.08951318264007568 0.923911988735199 0.39793339371681213 0.04533059895038605 -0.9923999905586243 -0.11439970135688782 -0.47429007291793823 0.9271305799484253 0.08443662524223328 -0.3651016652584076 -1.6946218013763428
0.37200990319252014 -0.08938783407211304 0.9239147305488586 0.39796310663223267 0.0455482117831707 -0.9923954010009766 -0.11435304582118988 -0.4743254780769348 0.9271105527877808 0.08462312817573547 -0.365109384059906 -1.6947413682937622
0.3719586133956909 -0.0893486738204956 0.9239391684532166 0.39795419573783875 0.04551790654659271 -0.9924035668373108 -0.11429402232170105 -0.4742426872253418 0.9271326065063477 0.08456841856241226 -0.3650660216808319 -1.6946531534194946
0.3721104562282562 -0.08942712098360062 0.9238704442977905 0.39802294969558716 0.04559778794646263 -0.9923848509788513 -0.11442463845014572 -0.4742329716682434 0.927067756652832 0.08470504730939865 -0.3651990592479706 -1.6947065591812134
0.37210723757743835 -0.08940037339925766 0.9238743185997009 0.3980388343334198 0.04558611661195755 -0.9923892617225647 -0.11439099162817001 -0.47422903776168823 0.9270696043968201 0.08468155562877655 -0.3651997745037079 -1.6947213411331177
0.37220415472984314 -0.08938360959291458 0.923836886882782 0.398028165102005 0.04557982459664345 -0.9923908114433289 -0.11438000947237015 -0.47420480847358704 0.9270309805870056 0.08468103408813477 -0.3652978539466858 -1.69473135471344
0.3722321093082428 -0.08938628435134888 0.9238253831863403 0.39801982045173645 0.045548856258392334 -0.9923930168151855 -0.11437342315912247 -0.47421887516975403 0.927021324634552 0.08465264737606049 -0.3653290271759033 -1.694726824760437
0.37212270498275757 -0.08948247134685516 0.9238601326942444 0.39795583486557007 0.04557989910244942 -0.9923794865608215 -0.11447824537754059 -0.47420534491539 0.9270637035369873 0.08470940589904785 -0.36520829796791077 -1.6945912837982178
0.37210461497306824 -0.08942007273435593 0.9238734841346741 0.3979562520980835 0.04556795582175255 -0.9923884868621826 -0.11440473794937134 -0.47419387102127075 0.9270715713500977 0.0846695527434349 -0.3651975989341736 -1.694596529006958
0.37203580141067505 -0.08946076035499573 0.9238972067832947 0.39792734384536743 0.04549466073513031 -0.9923909306526184 -0.1144128292798996 -0.4742290675640106 0.9271027445793152 0.08459805697202682 -0.36513492465019226 -1.6945102214813232
0.3722008466720581 -0.08948872983455658 0.9238280653953552 0.3979845345020294 0.04556560516357422 -0.9923791289329529 -0.11448700726032257 -0.4742772877216339 0.9270330667495728 0.08470693975687027 -0.3652867078781128 -1.6946642398834229
0.37214773893356323 -0.08944274485111237 0.923853874206543 0.397977352142334 0.0454467236995697 -0.9923962950706482 -0.11438556015491486 -0.4742918908596039 0.9270601868629456 0.08455445617437363 -0.36525312066078186 -1.694661259651184
0.3721351623535156 -0.0894288495182991 0.9238603115081787 0.39799436926841736 0.04544591158628464 -0.992398202419281 -0.11436907947063446 -0.47426897287368774 0.9270653128623962 0.08454642444849014 -0.36524203419685364 -1.6946306228637695
0.3721173405647278 -0.08946593105792999 0.9238638877868652 0.39798128604888916 0.045431047677993774 -0.9923951625823975 -0.11440131068229675 -0.47425952553749084 0.9270731806755066 0.08454281091690063 -0.36522287130355835 -1.6946197748184204
0.37223708629608154 -0.08955559879541397 0.9238069653511047 0.3979991376399994 0.04537343978881836 -0.9923879504203796 -0.11448666453361511 -0.47427716851234436 0.9270278811454773 0.0845324844121933 -0.36534014344215393 -1.6946890354156494
0.3722403049468994 -0.08947332948446274 0.9238136410713196 0.39800825715065 0.04533287137746811 -0.9924018383026123 -0.11438261717557907 -0.47428539395332336 0.9270285964012146 0.08445694297552109 -0.36535581946372986 -1.6946980953216553
0.37230831384658813 -0.0894499346613884 0.9237884879112244 0.3980211317539215 0.04530663415789604 -0.9924063682556152 -0.11435379832983017 -0.47426894307136536 0.9270025491714478 0.08442861586809158 -0.3654284179210663 -1.694726586341858
0.3722545802593231 -0.08938812464475632 0.9238161444664001 0.3980243504047394 0.04523267596960068 -0.9924213290214539 -0.1142529845237732 -0.4742737114429474 0.9270277619361877 0.08431787043809891 -0.3653900623321533 -1.6947400569915771
0.37220537662506104 -0.08934328705072403 0.9238402843475342 0.39801013469696045 0.045200880616903305 -0.9924303293228149 -0.11418748646974564 -0.474287211894989 0.9270491003990173 0.08425959199666977 -0.3653494715690613 -1.694826364517212
0.37219667434692383 -0.08934413641691208 0.9238437414169312 0.39801234006881714 0.04524093121290207 -0.9924266934394836 -0.11420333385467529 -0.47429949045181274 0.9270505905151367 0.0843016505241394 -0.3653358519077301 -1.694836974143982
0.3721780478954315 -0.08939077705144882 0.9238467216491699 0.3979741930961609 0.04519907757639885 -0.9924249053001404 -0.11423511803150177 -0.4742962121963501 0.9270601272583008 0.0842728242278099 -0.36531832814216614 -1.6948201656341553
0.3721918761730194 -0.08943476527929306 0.923836886882782 0.39798763394355774 0.04506600648164749 -0.9924314022064209 -0.11423128098249435 -0.47430598735809326 0.9270610809326172 0.08414959162473679 -0.36534440517425537 -1.694751501083374
0.3722303509712219 -0.08942150324583054 0.9238226413726807 0.3979819715023041 0.04505332186818123 -0.9924337863922119 -0.11421579122543335 -0.4743127226829529 0.9270462393760681 0.08413586020469666 -0.36538517475128174 -1.6947561502456665
0.3722420930862427 -0.08939358592033386 0.9238206148147583 0.39797618985176086 0.04505949467420578 -0.9924365282058716 -0.11418937891721725 -0.4742487370967865 0.927041232585907 0.08413298428058624 -0.3653985559940338 -1.6947072744369507
0.3722544014453888 -0.08943847566843033 0.9238113164901733 0.39798304438591003 0.04507412016391754 -0.9924294948577881 -0.11424457281827927 -0.4742613136768341 0.9270355701446533 0.08416802436113358 -0.3654048442840576 -1.6947455406188965
0.3723321855068207 -0.08935783803462982 0.9237877726554871 0.3980003893375397 0.04517573118209839 -0.9924293756484985 -0.11420558393001556 -0.474299818277359 0.9269993901252747 0.08425520360469818 -0.3654765486717224 -1.6948381662368774
0.3723657429218292 -0.08938177675008774 0.9237719178199768 0.39800506830215454 0.04520025849342346 -0.9924238324165344 -0.1142442524433136 -0.47430476546287537 0.9269847273826599 0.0842953771352768 -0.36550450325012207 -1.6948444843292236
0.3724188804626465 -0.08933883160352707 0.9237546920776367 0.3980170786380768 0.04522448033094406 -0.992426335811615 -0.11421285569667816 -0.4743025600910187 0.9269621968269348 0.0843113511800766 -0.3655579388141632 -1.6948703527450562
0.37237659096717834 -0.0894101932644844 0.9237648248672485 0.39803290367126465 0.045271120965480804 -0.9924137592315674 -0.11430378258228302 -0.47427818179130554 0.9269769191741943 0.08438391983509064 -0.36550387740135193 -1.6948573589324951
0.37228891253471375 -0.08937348425388336 0.9238036870956421 0.3980337977409363 0.04531368985772133 -0.9924153685569763 -0.11427255719900131 -0.4743039011955261 0.9270099997520447 0.08440335839986801 -0.3654153645038605 -1.6948797702789307
0.37228065729141235 -0.08935506641864777 0.9238088130950928 0.3980471193790436 0.045277561992406845 -0.99242103099823 -0.1142377182841301 -0.47429147362709045 0.9270151257514954 0.08435630053281784 -0.3654133379459381 -1.6948912143707275
0.37228626012802124 -0.0893712118268013 0.9238049983978271 0.3980722725391388 0.04525218904018402 -0.9924212694168091 -0.11424560844898224 -0.4742662310600281 0.9270141124725342 0.08433626592159271 -0.36542052030563354 -1.6948931217193604
0.3722294569015503 -0.08939238637685776 0.9238258600234985 0.39807212352752686 0.04519493505358696 -0.9924245476722717 -0.11424023658037186 -0.4742104709148407 0.9270396828651428 0.08427583426237106 -0.3653695285320282 -1.6948556900024414
0.3722533881664276 -0.08939259499311447 0.9238161444664001 0.39808738231658936 0.04516461491584778 -0.9924269914627075 -0.11423084884881973 -0.47420069575309753 0.9270315766334534 0.08424662053585052 -0.3653968870639801 -1.6948597431182861
0.3722442090511322 -0.08935672044754028 0.923823356628418 0.39802786707878113 0.04524977505207062 -0.9924237728118896 -0.11422497779130936 -0.47425758838653564 0.9270310997962952 0.08432238548994064 -0.36538058519363403 -1.6948519945144653
0.3722056448459625 -0.08939515054225922 0.9238351583480835 0.39803817868232727 0.045164089649915695 -0.9924272298812866 -0.11422872543334961 -0.4742721915245056 0.927050769329071 0.08424074947834015 -0.36534953117370605 -1.6948907375335693
0.37222519516944885 -0.08930815011262894 0.9238356947898865 0.3980250954627991 0.04518871009349823 -0.9924355745315552 -0.1141468808054924 -0.4742791950702667 0.9270417094230652 0.0842352882027626 -0.36537376046180725 -1.6948648691177368
0.37220972776412964 -0.0893181562423706 0.9238409996032715 0.39801129698753357 0.04513774812221527 -0.9924390912055969 -0.11413603276014328 -0.4743083417415619 0.9270504117012024 0.08418264240026474 -0.36536380648612976 -1.694854736328125
0.3721759021282196 -0.08940160274505615 0.9238465428352356 0.39797550439834595 0.04512699693441391 -0.9924301505088806 -0.11421813815832138 -0.4743298590183258 0.9270644783973694 0.08419965952634811 -0.36532413959503174 -1.6948020458221436
0.3721482753753662 -0.08942686021327972 0.923855185508728 0.3979615569114685 0.045149900019168854 -0.992425262928009 -0.11425159871578217 -0.4743209183216095 0.9270744919776917 0.08423050493001938 -0.36529168486595154 -1.6947789192199707
0.3721659183502197 -0.08949297666549683 0.9238417148590088 0.3979833424091339 0.045122068375349045 -0.992419421672821 -0.11431337893009186 -0.4743252396583557 0.9270687699317932 0.08422918617725372 -0.3653065264225006 -1.694763422012329
0.372195303440094 -0.08941273391246796 0.9238376021385193 0.3980102837085724 0.04506600275635719 -0.9924340844154358 -0.11420794576406479 -0.47429507970809937 0.9270597100257874 0.0841413289308548 -0.36534979939460754 -1.6948096752166748
0.37217652797698975 -0.08943197131156921 0.9238433241844177 0.3980255722999573 0.04502477869391441 -0.9924356937408447 -0.11421053856611252 -0.4743092656135559 0.9270692467689514 0.0841023251414299 -0.36533457040786743 -1.6948093175888062
0.3721719980239868 -0.08946719765663147 0.9238417744636536 0.39802199602127075 0.04508848488330841 -0.9924255609512329 -0.11427304893732071 -0.47430679202079773 0.9270679354667664 0.08418384939432144 -0.36531901359558105 -1.69478178024292
0.3722214698791504 -0.08954010903835297 0.9238147735595703 0.3980139195919037 0.04506004974246025 -0.9924185872077942 -0.1143449917435646 -0.47431111335754395 0.927049458026886 0.0841887965798378 -0.36536478996276855 -1.6947699785232544
0.37219303846359253 -0.08955544978380203 0.9238247275352478 0.39801156520843506 0.0450664758682251 -0.9924164414405823 -0.1143612265586853 -0.47432249784469604 0.9270605444908142 0.08419797569513321 -0.36533448100090027 -1.6947762966156006
0.3721051514148712 -0.08960063010454178 0.923855721950531 0.3979489207267761 0.04511043056845665 -0.9924078583717346 -0.11441850662231445 -0.4743349552154541 0.9270936846733093 0.08425124734640121 -0.36523810029029846 -1.6947036981582642
0.3720915615558624 -0.08950240910053253 0.9238707423210144 0.3979555666446686 0.04509541764855385 -0.9924215078353882 -0.1143057569861412 -0.4743346869945526 0.927099883556366 0.08419454842805862 -0.36523547768592834 -1.694705843925476
0.37211093306541443 -0.08952196687459946 0.923861026763916 0.3979547917842865 0.045194223523139954 -0.992409884929657 -0.11436758190393448 -0.47430548071861267 0.9270873069763184 0.0843106061220169 -0.3652406334877014 -1.6947063207626343
0.3720974922180176 -0.08953259140253067 0.9238654375076294 0.39794430136680603 0.04517189785838127 -0.9924107789993286 -0.11436888575553894 -0.47431299090385437 0.9270938038825989 0.08428912609815598 -0.36522912979125977 -1.6947013139724731
0.37214547395706177 -0.08957146853208542 0.9238423109054565 0.39799964427948 0.0451001413166523 -0.9924119114875793 -0.11438705772161484 -0.4742576777935028 0.9270780086517334 0.08423404395580292 -0.365281879901886 -1.6947824954986572
0.37220609188079834 -0.08952712267637253 0.9238222241401672 0.3980059027671814 0.04509847238659859 -0.9924168586730957 -0.11434468626976013 -0.47430363297462463 0.9270537495613098 0.08422275632619858 -0.3653460144996643 -1.6948068141937256
0.37225422263145447 -0.0895201712846756 0.9238035082817078 0.3980453908443451 0.04521559551358223 -0.9924065470695496 -0.11438807100057602 -0.47433769702911377 0.9270287752151489 0.08435177057981491 -0.36537978053092957 -1.6948453187942505
0.3722979724407196 -0.08951903134584427 0.9237859845161438 0.398051917552948 0.04520806297659874 -0.9924069046974182 -0.11438816040754318 -0.4743422865867615 0.9270115494728088 0.08434905111789703 -0.3654240369796753 -1.694847822189331
0.3723369836807251 -0.0895133912563324 0.9237707853317261 0.3980385661125183 0.04529757425189018 -0.9923989772796631 -0.11442119628190994 -0.4743468165397644 0.9269915223121643 0.08444781601428986 -0.3654520511627197 -1.6948131322860718
0.3723371922969818 -0.08953531086444855 0.9237685799598694 0.3980490267276764 0.045346539467573166 -0.99239182472229 -0.11446406692266464 -0.47431260347366333 0.9269890189170837 0.08450893312692642 -0.36544421315193176 -1.6947860717773438
0.3723129332065582 -0.08949300646781921 0.923782467842102 0.39800572395324707 0.04560338333249092 -0.9923738837242126 -0.11451749503612518 -0.4742928147315979 0.9269861578941345 0.08476395159959793 -0.36539238691329956 -1.694817066192627
0.37240177392959595 -0.0894371047616005 0.9237520694732666 0.39798983931541443 0.045714370906353 -0.9923696517944336 -0.11450992524623871 -0.4743010401725769 0.9269450306892395 0.08487243950366974 -0.36547160148620605 -1.6948199272155762
0.37239086627960205 -0.0895075798034668 0.9237496256828308 0.3980253338813782 0.04567538574337959 -0.9923645853996277 -0.11456919461488724 -0.47431865334510803 0.9269513487815857 0.08485714346170425 -0.3654591739177704 -1.6948410272598267
0.3723991811275482 -0.08951998502016068 0.9237450957298279 0.39803293347358704 0.045708753168582916 -0.9923599362373352 -0.11459649354219437 -0.4743169844150543 0.9269463419914246 0.08489887416362762 -0.36546212434768677 -1.6948436498641968
0.3723672032356262 -0.08960481733083725 0.9237497448921204 0.3980807363986969 0.04574264585971832 -0.9923466444015503 -0.11469783633947372 -0.4742591977119446 0.9269574880599976 0.08496446907520294 -0.36541852355003357 -1.694830298423767
0.3724067211151123 -0.08955370634794235 0.9237387776374817 0.39806216955184937 0.04581248760223389 -0.9923461079597473 -0.11467435956001282 -0.47429728507995605 0.9269381761550903 0.08502427488565445 -0.36545366048812866 -1.694892168045044
0.3724614977836609 -0.08954820036888123 0.923717200756073 0.3980780243873596 0.04581950604915619 -0.9923455715179443 -0.11467661708593369 -0.47432011365890503 0.9269158244132996 0.08503688871860504 -0.3655073940753937 -1.6949479579925537
0.3724483251571655 -0.0895693451166153 0.9237204790115356 0.39808282256126404 0.0458986833691597 -0.9923357963562012 -0.11472924798727036 -0.4743163287639618 0.9269171953201294 0.08512827008962631 -0.3654826283454895 -1.6950105428695679
0.3723742663860321 -0.08957744389772415 0.923749566078186 0.3980696201324463 0.04595528170466423 -0.9923304319381714 -0.11475295573472977 -0.47431355714797974 0.9269441366195679 0.08518221974372864 -0.3654017448425293 -1.6949665546417236
0.3724461495876312 -0.08952055871486664 0.9237260818481445 0.3980802297592163 0.046072106808423996 -0.9923259615898132 -0.11474500596523285 -0.47434234619140625 0.9269094467163086 0.08529434353113174 -0.3654635548591614 -1.6949962377548218
0.3724634349346161 -0.0895371064543724 0.9237174987792969 0.3981006443500519 0.04607327654957771 -0.9923235774040222 -0.11476495862007141 -0.4743378758430481 0.9269024729728699 0.08530443906784058 -0.3654789328575134 -1.695008397102356
0.37246808409690857 -0.08961707353591919 0.923707902431488 0.3981036841869354 0.04605761170387268 -0.9923150539398193 -0.1148451417684555 -0.47434356808662415 0.9269014000892639 0.08531992882490158 -0.3654780685901642 -1.6950372457504272
0.3724711239337921 -0.08962709456682205 0.9237056970596313 0.3981090486049652 0.0461021289229393 -0.9923096299171448 -0.11487375944852829 -0.474344402551651 0.9268979430198669 0.0853719562292099 -0.3654746413230896 -1.6950562000274658
0.3724326491355896 -0.08954349905252457 0.9237293004989624 0.3980693817138672 0.0460733026266098 -0.9923231601715088 -0.11476878821849823 -0.47437214851379395 0.9269148707389832 0.08530290424823761 -0.36544790863990784 -1.695083498954773
0.3723900020122528 -0.08956996351480484 0.9237439632415771 0.39804336428642273 0.0460212416946888 -0.9923251271247864 -0.11477246880531311 -0.47439613938331604 0.926934540271759 0.08525196462869644 -0.365409791469574 -1.6950236558914185
0.37237295508384705 -0.08949016779661179 0.9237585663795471 0.39806443452835083 0.045958854258060455 -0.9923409819602966 -0.11466047167778015 -0.474378764629364 0.9269444942474365 0.08515134453773499 -0.3654080331325531 -1.6950874328613281
0.37242963910102844 -0.08949901908636093 0.9237348437309265 0.398063600063324 0.04597742110490799 -0.9923375248908997 -0.11468289792537689 -0.47437748312950134 0.9269208312034607 0.08518225699663162 -0.36546093225479126 -1.6950916051864624
0.372364342212677 -0.08949961513280869 0.9237611293792725 0.3980633318424225 0.04588925465941429 -0.9923462867736816 -0.11464233696460724 -0.474408358335495 0.9269514083862305 0.08507942408323288 -0.36540722846984863 -1.695101261138916
0.3723384439945221 -0.08947789669036865 0.9237736463546753 0.39806535840034485 0.04594021663069725 -0.9923446178436279 -0.11463654041290283 -0.4744148552417755 0.9269592761993408 0.08512195199728012 -0.36537736654281616 -1.6951149702072144
0.37230759859085083 -0.08952607959508896 0.9237813949584961 0.39806854724884033 0.045922890305519104 -0.9923405647277832 -0.11467843502759933 -0.4744054675102234 0.9269725680351257 0.0851183608174324 -0.3653445839881897 -1.6950445175170898
0.37228575348854065 -0.08952009677886963 0.9237908124923706 0.39806827902793884 0.04592517390847206 -0.9923413395881653 -0.1146707534790039 -0.47440704703330994 0.9269812107086182 0.08511553704738617 -0.3653232753276825 -1.6950465440750122
0.37232744693756104 -0.08963524550199509 0.9237627983093262 0.39809349179267883 0.04594681039452553 -0.9923245906829834 -0.11480708420276642 -0.4743891954421997 0.9269633889198303 0.08518978208303452 -0.3653511703014374 -1.6950150728225708
0.37231114506721497 -0.08964508771896362 0.9237684607505798 0.39807409048080444 0.0459795705974102 -0.9923205375671387 -0.11482896655797958 -0.4743805527687073 0.9269682765007019 0.08522658050060272 -0.3653301000595093 -1.6950258016586304
0.3723539412021637 -0.08966030180454254 0.9237496852874756 0.39808163046836853 0.04592643305659294 -0.9923230409622192 -0.11482858657836914 -0.4744229316711426 0.9269537329673767 0.08518140763044357 -0.3653775751590729 -1.6950808763504028
0.37238720059394836 -0.08964170515537262 0.9237381219863892 0.39806634187698364 0.0459786057472229 -0.99232017993927 -0.11483246088027954 -0.4743746817111969 0.9269378185272217 0.08523432910442352 -0.3654056787490845 -1.6950937509536743
0.37238919734954834 -0.08963008970022202 0.923738420009613 0.3980656564235687 0.04601284861564636 -0.9923184514045715 -0.11483367532491684 -0.4743744432926178 0.9269353151321411 0.08526665717363358 -0.36540448665618896 -1.6950992345809937
0.37232086062431335 -0.0896942988038063 0.9237597584724426 0.3981196880340576 0.04588564857840538 -0.9923229217529297 -0.11484576016664505 -0.4743233919143677 0.926969051361084 0.08514678478240967 -0.3653467893600464 -1.6950814723968506
0.37238067388534546 -0.08967862278223038 0.9237371683120728 0.39811912178993225 0.04585505649447441 -0.9923270344734192 -0.11482276767492294 -0.47432559728622437 0.9269465208053589 0.08511579781770706 -0.3654111325740814 -1.6950713396072388
0.37234756350517273 -0.08962801843881607 0.923755407333374 0.39810627698898315 0.04584674909710884 -0.9923344254493713 -0.11476186662912369 -0.4743461012840271 0.9269602298736572 0.08508248627185822 -0.3653841018676758 -1.6951111555099487
0.3723605275154114 -0.08963160961866379 0.9237498641014099 0.39810359477996826 0.045911747962236404 -0.992327868938446 -0.11479262262582779 -0.47434648871421814 0.9269518256187439 0.08515521138906479 -0.36538854241371155 -1.6951240301132202
0.3723088204860687 -0.08965235948562622 0.9237686395645142 0.398094117641449 0.04591694474220276 -0.9923254251480103 -0.11481186002492905 -0.47433486580848694 0.9269723296165466 0.08516210317611694 -0.3653348684310913 -1.6951547861099243
