# 3x4 first row second row third row Freq: 100 current Time: 2021-07-30-20:24:18
0.47453346848487854 -0.5743245482444763 0.6670601963996887 0.01282502431422472 0.10957279056310654 -0.7133827805519104 -0.6921552419662476 -0.5405449867248535 0.8733909726142883 0.4015424847602844 -0.27559369802474976 -1.7385226488113403
0.47450265288352966 -0.5742948651313782 0.6671077013015747 0.01281856931746006 0.10954663902521133 -0.7134402990341187 -0.6921001076698303 -0.5405533909797668 0.8734109997749329 0.4014827311038971 -0.2756172716617584 -1.738556981086731
0.47468268871307373 -0.5743144154548645 0.666962742805481 0.01281010452657938 0.1096133291721344 -0.7133035063743591 -0.6922305226325989 -0.54057377576828 0.8733047842979431 0.40169787406921387 -0.2756403386592865 -1.738546371459961
0.4748559296131134 -0.5742695927619934 0.6668779850006104 0.012820367701351643 0.10955952107906342 -0.7132920026779175 -0.6922509074211121 -0.5406060218811035 0.8732174038887024 0.4017822742462158 -0.27579423785209656 -1.7385449409484863
0.47487494349479675 -0.5742967128753662 0.6668411493301392 0.012817664071917534 0.10952351987361908 -0.7132713198661804 -0.6922778487205505 -0.5405998229980469 0.8732115626335144 0.40178021788597107 -0.2758156955242157 -1.7385408878326416
0.4749112129211426 -0.5742411613464355 0.6668631434440613 0.012847259640693665 0.10949939489364624 -0.7133227586746216 -0.6922286748886108 -0.5406229496002197 0.8731948733329773 0.401768296957016 -0.2758859395980835 -1.7385313510894775
0.4748862087726593 -0.5742694735527039 0.666856586933136 0.012849746271967888 0.10952328145503998 -0.7132943272590637 -0.6922541856765747 -0.5406254529953003 0.8732054233551025 0.40177831053733826 -0.27583780884742737 -1.7385286092758179
0.4748624563217163 -0.5742541551589966 0.6668866872787476 0.012871834449470043 0.10962770879268646 -0.7132735848426819 -0.6922590732574463 -0.5406225919723511 0.8732052445411682 0.4018371105194092 -0.2757526934146881 -1.7385339736938477
0.4748733341693878 -0.5742315649986267 0.6668983697891235 0.012872911989688873 0.10964871197938919 -0.7132821083068848 -0.6922469735145569 -0.5406180024147034 0.8731967210769653 0.40185418725013733 -0.2757549285888672 -1.7385293245315552
0.4748033583164215 -0.5742313861846924 0.6669483780860901 0.012898603454232216 0.10952430963516235 -0.7133730053901672 -0.6921730041503906 -0.5406025648117065 0.8732503652572632 0.4016931354999542 -0.2758195996284485 -1.7385542392730713
0.4748210906982422 -0.5742036700248718 0.6669595837593079 0.012912247329950333 0.10947209596633911 -0.7134172916412354 -0.6921356320381165 -0.5406118631362915 0.8732472658157349 0.40165406465530396 -0.27588632702827454 -1.738574504852295
0.4749121069908142 -0.5741088390350342 0.6669763922691345 0.012868384830653667 0.10961883515119553 -0.7134047150611877 -0.6921253204345703 -0.5407097339630127 0.8731793761253357 0.4018118679523468 -0.2758714258670807 -1.738552212715149
0.47489506006240845 -0.5740857124328613 0.6670084595680237 0.01286344788968563 0.10950738936662674 -0.7134881615638733 -0.6920569539070129 -0.5406854748725891 0.8732026219367981 0.4016968011856079 -0.2759653925895691 -1.7384915351867676
0.47494107484817505 -0.5740991234779358 0.6669641733169556 0.012901198118925095 0.10958466678857803 -0.7134167551994324 -0.6921183466911316 -0.5407160520553589 0.8731679320335388 0.40180447697639465 -0.27591848373413086 -1.7384629249572754
0.47491955757141113 -0.5741435885429382 0.666941225528717 0.012937256135046482 0.10950273275375366 -0.7134185433387756 -0.6921294927597046 -0.5406957268714905 0.8731898665428162 0.4017377197742462 -0.27594614028930664 -1.738491415977478
0.4749216139316559 -0.5741395950317383 0.6669431328773499 0.012950831092894077 0.10950425267219543 -0.7134209871292114 -0.6921266913414001 -0.5407044291496277 0.8731885552406311 0.40173906087875366 -0.27594834566116333 -1.7384811639785767
0.47502654790878296 -0.5741705894470215 0.6668418049812317 0.012896537780761719 0.10946024954319 -0.713358998298645 -0.6921975612640381 -0.5406279563903809 0.8731369972229004 0.4018048942089081 -0.27601563930511475 -1.7384353876113892
0.47503146529197693 -0.5741848945617676 0.6668259501457214 0.012901229783892632 0.10948765277862549 -0.7133291959762573 -0.6922239661216736 -0.5406247973442078 0.8731309175491333 0.40183737874031067 -0.2759876549243927 -1.738420009613037
0.47505903244018555 -0.5742580890655518 0.666743278503418 0.012900115922093391 0.10947678238153458 -0.7132449746131897 -0.6923124194145203 -0.5405504703521729 0.8731172680854797 0.4018821716308594 -0.2759655714035034 -1.7384076118469238
0.4752105176448822 -0.574226438999176 0.6666625738143921 0.012914394959807396 0.10928207635879517 -0.713295042514801 -0.6922916173934937 -0.5405954718589783 0.8730592131614685 0.4018385112285614 -0.2762126624584198 -1.7384973764419556
0.4751966595649719 -0.574270486831665 0.6666345000267029 0.012892202474176884 0.10937300324440002 -0.7132141590118408 -0.6923605799674988 -0.5406105518341064 0.8730553984642029 0.40191927552223206 -0.2761073112487793 -1.7384731769561768
0.4752178192138672 -0.5742387175559998 0.6666467785835266 0.012907291762530804 0.10931095480918884 -0.7132655382156372 -0.6923174262046814 -0.5406610369682312 0.873051643371582 0.401873379945755 -0.2761859595775604 -1.738553524017334
0.4752044379711151 -0.5742822289466858 0.666618824005127 0.012851622886955738 0.10945039987564087 -0.7131625413894653 -0.6924015283584595 -0.5407074689865112 0.8730414509773254 0.401993989944458 -0.2760426104068756 -1.7385272979736328
0.47528836131095886 -0.5742502808570862 0.6665865182876587 0.012836403213441372 0.10931390523910522 -0.7132184505462646 -0.6923654675483704 -0.5406927466392517 0.8730128407478333 0.4019404351711273 -0.2762109339237213 -1.738486647605896
0.4751359820365906 -0.5742330551147461 0.6667100191116333 0.012782979756593704 0.10948100686073303 -0.7132322788238525 -0.6923248171806335 -0.540655255317688 0.8730748891830444 0.4019405245780945 -0.2760147452354431 -1.7385313510894775
0.47517460584640503 -0.5742751359939575 0.6666462421417236 0.012800484895706177 0.10928228497505188 -0.713261604309082 -0.692326009273529 -0.540674090385437 0.8730787634849548 0.4018283784389496 -0.2761657238006592 -1.7385510206222534
0.4751594662666321 -0.5742877721786499 0.6666461229324341 0.012791777960956097 0.10927194356918335 -0.7132604718208313 -0.6923288106918335 -0.5406747460365295 0.8730883002281189 0.401812344789505 -0.2761589586734772 -1.7385497093200684
0.4750042259693146 -0.5743029117584229 0.6667436957359314 0.012858601287007332 0.10945066809654236 -0.7132366895675659 -0.6923251152038574 -0.5407092571258545 0.8731503486633301 0.4018329083919525 -0.2759326100349426 -1.738588571548462
0.47498100996017456 -0.5743173956871033 0.6667477488517761 0.012868201360106468 0.10946616530418396 -0.7132255434989929 -0.6923341155052185 -0.5407124757766724 0.8731610774993896 0.40183186531066895 -0.27590030431747437 -1.7385996580123901
0.47496670484542847 -0.5743770599365234 0.6667065620422363 0.012816748581826687 0.10941559821367264 -0.7131937742233276 -0.6923748850822449 -0.5406685471534729 0.8731751441955566 0.4018031060695648 -0.2758975028991699 -1.738580346107483
0.4749484062194824 -0.5743474364280701 0.666745126247406 0.012814118526875973 0.1094382181763649 -0.7132228016853333 -0.6923413276672363 -0.5406674146652222 0.8731822967529297 0.40179383754730225 -0.27588850259780884 -1.7385880947113037
0.47495579719543457 -0.5743699073791504 0.6667205095291138 0.012894473038613796 0.10933444648981094 -0.7132437229156494 -0.6923362612724304 -0.5406388640403748 0.8731912970542908 0.401724636554718 -0.2759608328342438 -1.7384639978408813
0.4749544858932495 -0.5743877291679382 0.6667060852050781 0.01290493831038475 0.10930537432432175 -0.7132391929626465 -0.6923454403877258 -0.5406361222267151 0.8731956481933594 0.40170714259147644 -0.27597251534461975 -1.7384556531906128
0.47503113746643066 -0.5742247104644775 0.6667919158935547 0.012821320444345474 0.1093943789601326 -0.7133309245109558 -0.6922369003295898 -0.5406605005264282 0.8731427788734436 0.40177738666534424 -0.2760374844074249 -1.738574743270874
0.4750446677207947 -0.5742141008377075 0.6667913794517517 0.012808406725525856 0.10938899964094162 -0.7133378982543945 -0.6922305226325989 -0.5406569242477417 0.8731361031532288 0.4017800986766815 -0.2760546803474426 -1.738579273223877
0.4749957323074341 -0.574262261390686 0.6667847633361816 0.01286843977868557 0.10949301719665527 -0.7132634520530701 -0.6922908425331116 -0.5406621694564819 0.8731496930122375 0.40184345841407776 -0.2759194076061249 -1.7386029958724976
0.4751298129558563 -0.5742537379264832 0.6666966080665588 0.012864169664680958 0.10932618379592896 -0.7132850289344788 -0.6922949552536011 -0.5406198501586914 0.8730976581573486 0.4018173813819885 -0.2761220335960388 -1.7385371923446655
0.47509196400642395 -0.574361264705658 0.6666309237480164 0.012869593687355518 0.10937503725290298 -0.7131689190864563 -0.6924068927764893 -0.5406596660614014 0.8731120824813843 0.4018697142601013 -0.276000052690506 -1.7385079860687256
0.4750702679157257 -0.5744024515151978 0.6666108965873718 0.012874443084001541 0.10933025926351547 -0.7131571769714355 -0.6924260258674622 -0.5406595468521118 0.8731295466423035 0.4018317759037018 -0.2760002017021179 -1.7385027408599854
0.47501635551452637 -0.5742954015731812 0.6667415499687195 0.01280162949115038 0.10944956541061401 -0.7132391929626465 -0.6923226714134216 -0.5406842231750488 0.8731439113616943 0.40183916687965393 -0.27594393491744995 -1.7385613918304443
0.47505685687065125 -0.5742772221565247 0.6667283177375793 0.012786670587956905 0.1093745231628418 -0.7132732272148132 -0.692299485206604 -0.5406551957130432 0.873131275177002 0.40180471539497375 -0.27603405714035034 -1.7385138273239136
0.47498103976249695 -0.5743545889854431 0.666715681552887 0.012836922891438007 0.10938438773155212 -0.7132245898246765 -0.692348062992096 -0.5406591296195984 0.8731712698936462 0.40178048610687256 -0.27594274282455444 -1.738501787185669
0.4749038815498352 -0.5743739604949951 0.6667540073394775 0.012837336398661137 0.1094081923365593 -0.7132303714752197 -0.6923382878303528 -0.5406727194786072 0.8732102513313293 0.40174248814582825 -0.27587467432022095 -1.7385109663009644
0.47480323910713196 -0.5743821859359741 0.6668186187744141 0.012821457348763943 0.1094277873635292 -0.7132609486579895 -0.6923037767410278 -0.5406637191772461 0.8732625246047974 0.40167656540870667 -0.27580526471138 -1.738516926765442
0.4747134745121002 -0.5742978453636169 0.6669551134109497 0.012805808335542679 0.10967150330543518 -0.7132791876792908 -0.6922463774681091 -0.5406187772750854 0.8732807636260986 0.4017646610736847 -0.27561917901039124 -1.7385107278823853
0.474669486284256 -0.5743124485015869 0.6669738292694092 0.012796543538570404 0.10965720564126968 -0.713291585445404 -0.6922358274459839 -0.540611982345581 0.8733064532279968 0.401721715927124 -0.27560028433799744 -1.7385011911392212
0.47469785809516907 -0.5743050575256348 0.6669600605964661 0.012781086377799511 0.10960285365581512 -0.7133107781410217 -0.6922246813774109 -0.5406090021133423 0.8732978701591492 0.4016982913017273 -0.2756616473197937 -1.7385138273239136
0.47475466132164 -0.5742763876914978 0.6669442653656006 0.012776007875800133 0.10966885089874268 -0.7132830619812012 -0.6922428011894226 -0.5406537055969238 0.8732587099075317 0.40178853273391724 -0.27565422654151917 -1.7384599447250366
0.4746803045272827 -0.5743716359138489 0.6669151782989502 0.012833962216973305 0.10970160365104675 -0.7132046222686768 -0.6923184394836426 -0.5406911969184875 0.8732950091362 0.40179160237312317 -0.2755347192287445 -1.7385019063949585
0.47466424107551575 -0.5743492841720581 0.6669458746910095 0.012829897925257683 0.10969198495149612 -0.7132399082183838 -0.692283570766449 -0.5406944155693054 0.8733049631118774 0.40176087617874146 -0.27554798126220703 -1.7385046482086182
0.4746492803096771 -0.5743417143821716 0.6669630408287048 0.012834889814257622 0.10973715782165527 -0.7132341265678406 -0.6922823786735535 -0.5406171083450317 0.8733074069023132 0.40178197622299194 -0.27550944685935974 -1.7384648323059082
0.47478094696998596 -0.5743100643157959 0.6668965220451355 0.012839323841035366 0.10957083106040955 -0.7132805585861206 -0.6922608613967896 -0.540621280670166 0.8732567429542542 0.40174469351768494 -0.2757244408130646 -1.7384848594665527
0.47487500309944153 -0.5742762088775635 0.6668587327003479 0.012855487875640392 0.1097315177321434 -0.713196873664856 -0.6923216581344604 -0.5406193137168884 0.873185396194458 0.4019416570663452 -0.27566319704055786 -1.7384496927261353
0.47493502497673035 -0.5742429494857788 0.6668446063995361 0.012845776043832302 0.1096571534872055 -0.713236927986145 -0.6922921538352966 -0.5405838489532471 0.8731620907783508 0.40191808342933655 -0.2757713794708252 -1.7383986711502075
0.47493451833724976 -0.574301540851593 0.6667945384979248 0.012887395918369293 0.10970453172922134 -0.7131545543670654 -0.6923695206642151 -0.5406014323234558 0.8731564283370972 0.40198054909706116 -0.2756982445716858 -1.7383712530136108
0.47499755024909973 -0.5742765069007874 0.6667712330818176 0.01289713941514492 0.10961988568305969 -0.713189423084259 -0.6923470497131348 -0.5406280159950256 0.8731327652931213 0.4019545614719391 -0.2758111357688904 -1.7384257316589355
0.4748902916908264 -0.5742300748825073 0.6668875813484192 0.012819910421967506 0.10977403074502945 -0.7132179141044617 -0.6922932863235474 -0.5405963063240051 0.8731717467308044 0.4019702970981598 -0.275664746761322 -1.7384638786315918
0.4749773144721985 -0.5741941928863525 0.6668565273284912 0.012812923640012741 0.10959361493587494 -0.71329665184021 -0.6922407150268555 -0.5406114459037781 0.8731470704078674 0.4018818438053131 -0.27587172389030457 -1.7385097742080688
0.47497308254241943 -0.574264407157898 0.6667990684509277 0.01281041745096445 0.10971581190824509 -0.713169515132904 -0.6923523545265198 -0.540580153465271 0.8731340169906616 0.40200716257095337 -0.2757304608821869 -1.7385252714157104
0.47490769624710083 -0.5742979049682617 0.666816771030426 0.01285478100180626 0.10975709557533264 -0.7131469249725342 -0.6923690438270569 -0.5406603813171387 0.8731644153594971 0.40199926495552063 -0.2756457030773163 -1.7385004758834839
0.4748821258544922 -0.5742929577827454 0.6668393015861511 0.012855778448283672 0.10976886004209518 -0.713158905506134 -0.6923548579216003 -0.5406644344329834 0.8731768131256104 0.4019851088523865 -0.2756269574165344 -1.7385090589523315
0.47485116124153137 -0.5742729306221008 0.6668785810470581 0.012874893844127655 0.10981835424900055 -0.7131717205047607 -0.6923338174819946 -0.5407035946846008 0.8731874823570251 0.40199100971221924 -0.27558472752571106 -1.7385523319244385
0.4746924936771393 -0.5742831230163574 0.6669827103614807 0.012788579799234867 0.10994263738393784 -0.7131797671318054 -0.6923058032989502 -0.5407228469848633 0.8732580542564392 0.4019622206687927 -0.27540290355682373 -1.7385501861572266
0.4746704399585724 -0.5743438005447388 0.6669461727142334 0.012803331017494202 0.10997600108385086 -0.713111937046051 -0.6923703551292419 -0.5406337380409241 0.8732658624649048 0.40199580788612366 -0.2753291130065918 -1.7384759187698364
0.4746907949447632 -0.5743411779403687 0.6669338941574097 0.01278702449053526 0.10997697710990906 -0.7131044268608093 -0.6923779249191284 -0.5406330823898315 0.873254656791687 0.40201282501220703 -0.27533984184265137 -1.73847234249115
0.4747059643268585 -0.5743833780288696 0.6668868064880371 0.012799759395420551 0.10977593809366226 -0.7131459712982178 -0.6923670768737793 -0.5406269431114197 0.8732717633247375 0.40187889337539673 -0.2754811942577362 -1.7384463548660278
0.4746990501880646 -0.5743894577026367 0.6668864488601685 0.012790427543222904 0.1098007783293724 -0.7131314873695374 -0.692378044128418 -0.5406256914138794 0.8732723593711853 0.4018958508968353 -0.27545446157455444 -1.7384406328201294
0.47482016682624817 -0.5743675827980042 0.6668190956115723 0.012799237854778767 0.10987754911184311 -0.7130609750747681 -0.6924384832382202 -0.5405562520027161 0.8731968402862549 0.4020521938800812 -0.27546563744544983 -1.7383235692977905
0.4748380184173584 -0.5743750333786011 0.6667999625205994 0.01278871763497591 0.10986388474702835 -0.7130510210990906 -0.6924508810043335 -0.5405426025390625 0.873188853263855 0.40205925703048706 -0.2754806578159332 -1.7383017539978027
0.4747083783149719 -0.5743628740310669 0.6669027209281921 0.012869996018707752 0.11002612113952637 -0.713050901889801 -0.6924252510070801 -0.5406561493873596 0.8732389211654663 0.402076780796051 -0.27529633045196533 -1.7384521961212158
0.47469791769981384 -0.5743895173072815 0.6668872833251953 0.012877380475401878 0.10999677330255508 -0.7130417823791504 -0.6924393177032471 -0.5406601428985596 0.8732483386993408 0.40205496549606323 -0.27529847621917725 -1.7384545803070068
0.47464701533317566 -0.5744260549545288 0.6668920516967773 0.01291549950838089 0.11014571785926819 -0.7129595875740051 -0.6925002336502075 -0.5406906604766846 0.8732572197914124 0.4021484851837158 -0.27513357996940613 -1.7384295463562012
0.4746027886867523 -0.5744384527206421 0.6669127941131592 0.012925039045512676 0.110171377658844 -0.7129560708999634 -0.6924998164176941 -0.5407196879386902 0.873278021812439 0.40213707089424133 -0.2750842869281769 -1.738476276397705
0.47449493408203125 -0.5744137167930603 0.6670108437538147 0.012863116338849068 0.1103229746222496 -0.7129635214805603 -0.6924680471420288 -0.540663480758667 0.8733174800872803 0.4021592140197754 -0.2749265730381012 -1.73856520652771
0.4744882583618164 -0.5744596123695374 0.6669760346412659 0.012847194448113441 0.11026203632354736 -0.7129470705986023 -0.6924946308135986 -0.540639340877533 0.8733288049697876 0.40212270617485046 -0.2749439477920532 -1.7384816408157349
0.4744618237018585 -0.57448410987854 0.6669737696647644 0.012846820056438446 0.11023692786693573 -0.7129458785057068 -0.6924998760223389 -0.5406429767608643 0.8733463287353516 0.402089923620224 -0.2749362587928772 -1.738484501838684
0.47458192706108093 -0.5745170712471008 0.6668599247932434 0.012870638631284237 0.11010146886110306 -0.7129165530204773 -0.6925516128540039 -0.5406112670898438 0.873298168182373 0.4020947217941284 -0.27508217096328735 -1.7384114265441895
0.4746089577674866 -0.5745333433151245 0.6668266654014587 0.012870945036411285 0.11009640246629715 -0.7128890752792358 -0.6925806999206543 -0.5406097173690796 0.873284101486206 0.4021202325820923 -0.2750895321369171 -1.7384028434753418
0.47459012269973755 -0.5745182037353516 0.666853129863739 0.012886756099760532 0.11027134209871292 -0.7128332257270813 -0.6926103234291077 -0.5406131148338318 0.8732722997665405 0.4022408127784729 -0.2749507427215576 -1.7384474277496338
0.4745935797691345 -0.5745212435722351 0.6668480038642883 0.01288696937263012 0.1102871298789978 -0.7128211259841919 -0.6926202774047852 -0.5406105518341064 0.8732684254646301 0.40225788950920105 -0.27493804693222046 -1.73845374584198
0.47480010986328125 -0.5744703412055969 0.6667448282241821 0.01289921160787344 0.11023949086666107 -0.7127971649169922 -0.6926525831222534 -0.540564239025116 0.8731621503829956 0.40237313508987427 -0.27510684728622437 -1.7383935451507568
0.4749279320240021 -0.574418842792511 0.6666982173919678 0.012908214703202248 0.11005142331123352 -0.7128761410713196 -0.6926011443138123 -0.5405765771865845 0.8731163740158081 0.4023067355155945 -0.2753491997718811 -1.7384318113327026
0.4747765064239502 -0.5743570327758789 0.6668592691421509 0.012875428423285484 0.11018307507038116 -0.7129521369934082 -0.6925020217895508 -0.5406076312065125 0.8731821179389954 0.40226030349731445 -0.2752085030078888 -1.7384072542190552
0.4748513996601105 -0.5743367075920105 0.6668234467506409 0.012875134125351906 0.10997045785188675 -0.7130353450775146 -0.6924501657485962 -0.5406131148338318 0.8731681704521179 0.402141809463501 -0.2754257619380951 -1.7384181022644043
0.4748125672340393 -0.5744495391845703 0.666753888130188 0.012878937646746635 0.10997971147298813 -0.7129324674606323 -0.6925545930862427 -0.5405908226966858 0.8731881380081177 0.402163028717041 -0.2753315269947052 -1.7384364604949951
0.47475871443748474 -0.5744742155075073 0.6667709946632385 0.012827770784497261 0.10986606776714325 -0.7129849195480347 -0.6925186514854431 -0.540615975856781 0.8732317090034485 0.4020347595214844 -0.27538058161735535 -1.7384580373764038
0.47479093074798584 -0.5744720101356506 0.6667499542236328 0.012814188376069069 0.10985065251588821 -0.7129788994789124 -0.6925272941589355 -0.5406121015548706 0.8732161521911621 0.40204858779907227 -0.2754098176956177 -1.7384613752365112
0.4746522605419159 -0.5745387077331543 0.6667912006378174 0.012815196998417377 0.10999028384685516 -0.7129116654396057 -0.6925743222236633 -0.5406257510185242 0.8732739686965942 0.4020725190639496 -0.2751914858818054 -1.7384923696517944
0.4746612310409546 -0.5745347142219543 0.6667882204055786 0.012802462093532085 0.10997599363327026 -0.7129180431365967 -0.6925699710845947 -0.5406235456466675 0.8732708692550659 0.40206682682037354 -0.27520957589149475 -1.7385016679763794
0.4746932089328766 -0.5745645761489868 0.6667397618293762 0.01283311191946268 0.10997550934553146 -0.7128720283508301 -0.6926174759864807 -0.5406341552734375 0.8732535243034363 0.4021058678627014 -0.27520751953125 -1.7384673357009888
0.47469091415405273 -0.5745691657066345 0.66673743724823 0.012825085781514645 0.10995438694953918 -0.7128780484199524 -0.6926146149635315 -0.5406274199485779 0.8732574582099915 0.40208855271339417 -0.2752203643321991 -1.7384729385375977
0.4748648405075073 -0.5744892954826355 0.6666824221611023 0.0128347622230649 0.10998696833848953 -0.7128627896308899 -0.692625105381012 -0.5406361222267151 0.8731588125228882 0.4022296965122223 -0.2753271758556366 -1.7384904623031616
0.4748474955558777 -0.5745152831077576 0.66667240858078 0.012831399217247963 0.11001788824796677 -0.7128298878669739 -0.6926540732383728 -0.5406275987625122 0.8731643557548523 0.4022509455680847 -0.27527856826782227 -1.7384917736053467
0.474883496761322 -0.5743901133537292 0.6667546033859253 0.01287158578634262 0.1100834310054779 -0.7129124999046326 -0.6925586462020874 -0.540655255317688 0.8731364607810974 0.40228331089019775 -0.27531954646110535 -1.738432765007019
0.4749264717102051 -0.5743785500526428 0.6667339205741882 0.012872547842562199 0.11008176952600479 -0.712904691696167 -0.692566990852356 -0.5406532883644104 0.8731133341789246 0.4023136496543884 -0.2753486931324005 -1.738426685333252
0.4749639928340912 -0.5743904709815979 0.6666969656944275 0.012873496860265732 0.11002325266599655 -0.7129012942314148 -0.6925797462463379 -0.540576159954071 0.8731002807617188 0.4023025929927826 -0.2754061818122864 -1.738404393196106
0.4749631881713867 -0.5744052529335022 0.6666847467422485 0.01287342794239521 0.11001939326524734 -0.7128881216049194 -0.6925939321517944 -0.5405617356300354 0.8731012344360352 0.40230488777160645 -0.27539992332458496 -1.7383954524993896
0.47505292296409607 -0.5743305683135986 0.666685163974762 0.01281207799911499 0.11000125855207443 -0.7129310965538025 -0.6925525665283203 -0.540624737739563 0.8730546832084656 0.40233534574508667 -0.2755029499530792 -1.7384454011917114
0.4749428331851959 -0.574305534362793 0.6667851805686951 0.012806166894733906 0.11005844175815582 -0.7129834294319153 -0.6924895644187927 -0.5406377911567688 0.873107373714447 0.4022783041000366 -0.2754192352294922 -1.7384748458862305
0.4749201536178589 -0.5743511319160461 0.666762113571167 0.012786656618118286 0.11007922887802124 -0.7129374146461487 -0.6925336718559265 -0.5406255722045898 0.8731170892715454 0.4022948741912842 -0.2753642201423645 -1.7384792566299438
0.4749892055988312 -0.5743573904037476 0.6667075157165527 0.012773189693689346 0.10994202643632889 -0.7129610180854797 -0.6925311088562012 -0.540583074092865 0.8730968236923218 0.402243971824646 -0.2755028009414673 -1.7384238243103027
