# 3x4 first row second row third row Freq: 100 current Time: 2021-07-31-13:26:50
0.39814555644989014 -0.05551381781697273 0.9156409502029419 0.14396381378173828 0.12155091762542725 -0.9861727952957153 -0.11264368891716003 -0.6602017283439636 0.9092334508895874 0.1561455875635147 -0.3858925700187683 -1.6282092332839966
0.39814937114715576 -0.05548141151666641 0.9156412482261658 0.14389826357364655 0.12157727032899857 -0.9861721992492676 -0.11262067407369614 -0.6601625680923462 0.9092282652854919 0.15616101026535034 -0.38589853048324585 -1.6282740831375122
0.3981858789920807 -0.055495735257864 0.9156244993209839 0.14410941302776337 0.12156601250171661 -0.986171543598175 -0.11263808608055115 -0.6602281332015991 0.9092137813568115 0.15615971386432648 -0.38593319058418274 -1.6281064748764038
0.39820581674575806 -0.05553342401981354 0.9156135320663452 0.1440427601337433 0.12155070900917053 -0.986169159412384 -0.11267586797475815 -0.6601898074150085 0.9092071056365967 0.15616166591644287 -0.38594815135002136 -1.6281698942184448
0.3982042968273163 -0.05552677810192108 0.9156146049499512 0.14412842690944672 0.12159810215234756 -0.9861618280410767 -0.11268854141235352 -0.6602680087089539 0.909201443195343 0.1562100648880005 -0.38594192266464233 -1.628074049949646
0.3981841206550598 -0.05552325397729874 0.9156236052513123 0.14406819641590118 0.12161004543304443 -0.9861606359481812 -0.11268609017133713 -0.660241425037384 0.9092086553573608 0.15621884167194366 -0.38592132925987244 -1.6281309127807617
0.3981178104877472 -0.05551969259977341 0.9156526327133179 0.1440003514289856 0.12158321589231491 -0.9861671328544617 -0.11265859007835388 -0.660251259803772 0.9092413187026978 0.15617938339710236 -0.3858604431152344 -1.6281265020370483
0.39811405539512634 -0.0555059015750885 0.9156551361083984 0.14392800629138947 0.12157487869262695 -0.9861702919006348 -0.11263950914144516 -0.6602308750152588 0.9092440605163574 0.1561640352010727 -0.3858601450920105 -1.6281806230545044
0.3981320858001709 -0.05554346367716789 0.9156450033187866 0.14398980140686035 0.12156108766794205 -0.9861676692962646 -0.1126774400472641 -0.660304605960846 0.9092379808425903 0.15616731345653534 -0.38587304949760437 -1.6281169652938843
0.3981511890888214 -0.05560677498579025 0.9156328439712524 0.14395572245121002 0.12161827087402344 -0.9861496686935425 -0.11277343332767487 -0.6603190898895264 0.9092220067977905 0.15625855326652527 -0.38587385416030884 -1.6281700134277344
0.39816200733184814 -0.055608246475458145 0.9156280755996704 0.14388835430145264 0.12162399291992188 -0.9861482381820679 -0.11277944594621658 -0.6603063344955444 0.9092164635658264 0.15626682341098785 -0.38588348031044006 -1.6282289028167725
0.3982037901878357 -0.05571576952934265 0.9156033396720886 0.14382319152355194 0.12156311422586441 -0.9861446022987366 -0.11287715286016464 -0.6602638959884644 0.9092063307762146 0.1562517136335373 -0.38591355085372925 -1.62830650806427
0.39820417761802673 -0.05571724846959114 0.9156031012535095 0.1437540203332901 0.12153850495815277 -0.9861486554145813 -0.11286837607622147 -0.660244882106781 0.9092094302177429 0.15622569620609283 -0.38591670989990234 -1.628371000289917
0.39818012714385986 -0.05569423735141754 0.9156149625778198 0.1439075618982315 0.12155698239803314 -0.9861487746238708 -0.1128469780087471 -0.6602463722229004 0.9092175364494324 0.1562328189611435 -0.3858948349952698 -1.628237009048462
0.39818403124809265 -0.0556969940662384 0.9156131148338318 0.14384540915489197 0.12158024311065674 -0.9861443638801575 -0.1128605380654335 -0.6602156758308411 0.9092127084732056 0.15625973045825958 -0.3858952820301056 -1.6282988786697388
0.3982156813144684 -0.055633921176195145 0.9156031608581543 0.14390742778778076 0.12158084660768509 -0.986151397228241 -0.11279872804880142 -0.6602261662483215 0.9091987609863281 0.15623803436756134 -0.3859369158744812 -1.6282936334609985
0.39815229177474976 -0.055562831461429596 0.9156350493431091 0.1438869833946228 0.12158532440662384 -0.9861606955528259 -0.1127123311161995 -0.6601718068122864 0.9092259407043457 0.1562044620513916 -0.3858865201473236 -1.6282752752304077
0.39814087748527527 -0.05556584149599075 0.9156398177146912 0.14382755756378174 0.12157807499170303 -0.9861618280410767 -0.1127103790640831 -0.6601331830024719 0.9092319011688232 0.15619634091854095 -0.38587576150894165 -1.6283284425735474
0.3981718122959137 -0.05560029298067093 0.9156242609024048 0.1437123715877533 0.12156020849943161 -0.9861599802970886 -0.11274562776088715 -0.6601319313049316 0.9092206954956055 0.15619561076164246 -0.3859023451805115 -1.6284490823745728
0.39818498492240906 -0.055601056665182114 0.9156184792518616 0.1436433047056198 0.12155764549970627 -0.9861600399017334 -0.11274780333042145 -0.6600953936576843 0.9092152714729309 0.15619491040706635 -0.3859153985977173 -1.628515362739563
0.39822059869766235 -0.055540524423122406 0.915606677532196 0.143727108836174 0.12159042060375214 -0.9861611127853394 -0.1127030998468399 -0.660125732421875 0.9091953039169312 0.15620969235897064 -0.38595646619796753 -1.6283962726593018
0.39821717143058777 -0.055567122995853424 0.9156065583229065 0.1436520218849182 0.12159216403961182 -0.9861576557159424 -0.11273185908794403 -0.6600867509841919 0.9091966152191162 0.15622234344482422 -0.3859483599662781 -1.6284583806991577
0.39814913272857666 -0.055717408657073975 0.9156270027160645 0.14366823434829712 0.12152028828859329 -0.9861528873443604 -0.1128506287932396 -0.6601071357727051 0.9092360138893127 0.1561986356973648 -0.38586515188217163 -1.6284064054489136
0.39814329147338867 -0.0556926466524601 0.9156310558319092 0.1435830444097519 0.12155326455831528 -0.9861504435539246 -0.11283686757087708 -0.6600703597068787 0.9092341661453247 0.15622319281101227 -0.38585954904556274 -1.628474235534668
0.398142546415329 -0.05569944158196449 0.9156309962272644 0.1438862830400467 0.1214875653386116 -0.9861608743667603 -0.11281616240739822 -0.6601811647415161 0.9092432260513306 0.15615469217300415 -0.38586580753326416 -1.6282284259796143
0.39818087220191956 -0.055678706616163254 0.9156155586242676 0.14416001737117767 0.12149122357368469 -0.986162006855011 -0.11280247569084167 -0.6602979302406311 0.9092260003089905 0.1561550498008728 -0.3859063684940338 -1.6279882192611694
0.3981853723526001 -0.05567852407693863 0.91561359167099 0.1440979242324829 0.1214824989438057 -0.9861634373664856 -0.11279941350221634 -0.6602726578712463 0.9092251658439636 0.1561461091041565 -0.38591188192367554 -1.628041386604309
0.3982420265674591 -0.05569896101951599 0.9155877232551575 0.1439346820116043 0.12150222808122635 -0.9861563444137573 -0.11284027993679047 -0.6602541208267212 0.9091977477073669 0.15618368983268738 -0.3859613537788391 -1.6282174587249756
0.39826786518096924 -0.055707402527332306 0.9155759811401367 0.14385896921157837 0.12149534374475479 -0.9861559271812439 -0.11285123229026794 -0.6602289080619812 0.9091873168945312 0.15618324279785156 -0.3859860301017761 -1.6282861232757568
0.39829006791114807 -0.05585726723074913 0.9155572056770325 0.14377695322036743 0.1214689239859581 -0.9861415028572083 -0.11300553381443024 -0.6602073907852173 0.9091811180114746 0.15622073411941528 -0.38598543405532837 -1.6283856630325317
0.39823877811431885 -0.05585193634033203 0.9155798554420471 0.1440168023109436 0.12140881270170212 -0.9861535429954529 -0.11296478658914566 -0.6602950692176819 0.9092116355895996 0.15614642202854156 -0.3859436511993408 -1.6281863451004028
0.3982456624507904 -0.0558345727622509 0.9155778884887695 0.1439465433359146 0.12142796069383621 -0.9861522912979126 -0.1129554882645607 -0.6602702140808105 0.9092060327529907 0.15616078674793243 -0.3859509825706482 -1.6282563209533691
0.3983266055583954 -0.055877331644296646 0.9155400991439819 0.14397548139095306 0.12136853486299515 -0.9861555099487305 -0.11299129575490952 -0.6602556109428406 0.9091784954071045 0.15612520277500153 -0.3860302269458771 -1.6281991004943848
0.39835336804389954 -0.05587220564484596 0.9155287146568298 0.1439094990491867 0.12137819826602936 -0.9861539006233215 -0.11299482733011246 -0.6602241396903992 0.9091655015945435 0.1561371088027954 -0.3860560655593872 -1.6282647848129272
0.39835724234580994 -0.05588819459080696 0.9155260920524597 0.14391189813613892 0.12133298069238663 -0.98615962266922 -0.11299356073141098 -0.6602188348770142 0.9091698527336121 0.15609531104564667 -0.38606274127960205 -1.6282322406768799
0.398358017206192 -0.0558885782957077 0.9155257344245911 0.1439092457294464 0.12133338302373886 -0.9861594438552856 -0.11299428343772888 -0.660217821598053 0.9091694355010986 0.15609601140022278 -0.3860633969306946 -1.6282343864440918
0.39835062623023987 -0.055739451199769974 0.9155380129814148 0.14396527409553528 0.12140150368213654 -0.9861662983894348 -0.11286121606826782 -0.660261869430542 0.9091635942459106 0.15610602498054504 -0.38607311248779297 -1.6281377077102661
0.3982716202735901 -0.055735938251018524 0.9155726432800293 0.14405417442321777 0.12140446901321411 -0.9861679077148438 -0.1128440797328949 -0.660300076007843 0.9091978073120117 0.1560972034931183 -0.38599610328674316 -1.628104567527771
0.39829081296920776 -0.05572953447699547 0.9155646562576294 0.14398619532585144 0.12139667570590973 -0.9861696362495422 -0.11283741891384125 -0.6602740287780762 0.9091904163360596 0.15608862042427063 -0.38601693511009216 -1.6281629800796509
0.3982217013835907 -0.05575864762067795 0.9155929684638977 0.1439843326807022 0.1214497908949852 -0.9861583709716797 -0.11287854611873627 -0.6602212190628052 0.9092136025428772 0.1561492532491684 -0.38593780994415283 -1.6281689405441284
0.39820852875709534 -0.05576634034514427 0.9155982136726379 0.14391568303108215 0.12143343687057495 -0.9861605167388916 -0.11287745088338852 -0.6601835489273071 0.9092215895652771 0.1561329960823059 -0.38592565059661865 -1.6282271146774292
0.39822956919670105 -0.05583662912249565 0.9155848026275635 0.14378944039344788 0.12141948938369751 -0.9861538410186768 -0.1129511296749115 -0.6601685881614685 0.9092142581939697 0.15615031123161316 -0.3859359622001648 -1.6283413171768188
0.3982325494289398 -0.05583646520972252 0.9155834913253784 0.14370843768119812 0.12142724543809891 -0.9861524701118469 -0.11295479536056519 -0.6601322293281555 0.9092118740081787 0.15615905821323395 -0.3859379291534424 -1.6284112930297852
0.3983033001422882 -0.0558239109814167 0.9155534505844116 0.14358599483966827 0.12151402235031128 -0.9861375689506531 -0.11299120634794235 -0.6600874662399292 0.9091693162918091 0.15625736117362976 -0.3859984874725342 -1.628467082977295
0.3983275294303894 -0.05579826235771179 0.9155445098876953 0.1438266634941101 0.12150650471448898 -0.9861415028572083 -0.11296487599611282 -0.6601881980895996 0.9091596603393555 0.15624164044857025 -0.3860274851322174 -1.628311038017273
0.3983232080936432 -0.055790141224861145 0.9155468940734863 0.1437612622976303 0.12150666862726212 -0.9861425757408142 -0.11295539140701294 -0.6601601243019104 0.9091615676879883 0.15623781085014343 -0.3860245943069458 -1.6283693313598633
0.3983026146888733 -0.05578407272696495 0.9155561923980713 0.14369264245033264 0.1214984878897667 -0.9861451983451843 -0.11294157803058624 -0.6601296663284302 0.9091717004776001 0.1562236249446869 -0.38600650429725647 -1.6284297704696655
0.3983601927757263 -0.055736418813467026 0.9155340790748596 0.1438666731119156 0.12159343808889389 -0.9861335158348083 -0.11294122785329819 -0.6601867079734802 0.9091337323188782 0.15631422400474548 -0.3860591650009155 -1.6283262968063354
0.3984018564224243 -0.05572248250246048 0.9155167937278748 0.14380010962486267 0.12159861624240875 -0.9861334562301636 -0.1129361242055893 -0.6601578593254089 0.9091148376464844 0.1563195288181305 -0.386101633310318 -1.6283884048461914
0.39842337369918823 -0.055650342255830765 0.9155117869377136 0.14378750324249268 0.12156520038843155 -0.9861476421356201 -0.11284821480512619 -0.6601925492286682 0.9091098308563232 0.15625573694705963 -0.3861391246318817 -1.6283444166183472
0.39845171570777893 -0.055589716881513596 0.9155031442642212 0.14363281428813934 0.12164744734764099 -0.9861403703689575 -0.11282309144735336 -0.6601266860961914 0.9090864062309265 0.15632317960262299 -0.3861669898033142 -1.6284046173095703
0.39845767617225647 -0.055564332753419876 0.9155020713806152 0.1435566544532776 0.12165239453315735 -0.9861425161361694 -0.11279895901679993 -0.6600969433784485 0.9090831279754639 0.15631863474845886 -0.38617652654647827 -1.6284488439559937
0.3984399437904358 -0.05553196743130684 0.9155117869377136 0.143674835562706 0.12161805480718613 -0.9861527681350708 -0.1127462238073349 -0.6600979566574097 0.9090955257415771 0.15626536309719086 -0.3861689567565918 -1.62839937210083
0.39845091104507446 -0.055550504475831985 0.9155058860778809 0.14360953867435455 0.12160412967205048 -0.9861526489257812 -0.11276230961084366 -0.6600661277770996 0.9090925455093384 0.15625953674316406 -0.38617828488349915 -1.6284503936767578
0.3984406888484955 -0.05558989197015762 0.9155079126358032 0.14386491477489471 0.12151768803596497 -0.9861629009246826 -0.11276612430810928 -0.6602218747138977 0.909108579158783 0.15618102252483368 -0.38617226481437683 -1.6283003091812134
0.3984505832195282 -0.05572899058461189 0.9154951572418213 0.14399811625480652 0.121602363884449 -0.986130952835083 -0.11295375227928162 -0.660252034664154 0.9090929627418518 0.156332865357399 -0.386147677898407 -1.6281577348709106
0.3983648121356964 -0.05559592694044113 0.9155405759811401 0.14399343729019165 0.1215849295258522 -0.986152172088623 -0.1127871423959732 -0.6602392196655273 0.9091328382492065 0.1562463641166687 -0.3860887289047241 -1.628175973892212
0.3983771800994873 -0.05561792477965355 0.9155339002609253 0.14412148296833038 0.12163088470697403 -0.9861413240432739 -0.11283263564109802 -0.6602843403816223 0.9091213345527649 0.1563071459531784 -0.38609135150909424 -1.628056287765503
0.39838236570358276 -0.05560654029250145 0.9155322909355164 0.14407359063625336 0.12162182480096817 -0.9861441850662231 -0.11281748861074448 -0.660247266292572 0.9091202616691589 0.15629319846630096 -0.3860994577407837 -1.6281169652938843
0.3983154892921448 -0.05572747439146042 0.9155540466308594 0.1441279798746109 0.12162398546934128 -0.9861302971839905 -0.11293628066778183 -0.6602599024772644 0.9091492295265198 0.15633760392665863 -0.3860131800174713 -1.6280560493469238
0.3983463943004608 -0.05571264028549194 0.9155415296554565 0.14408285915851593 0.12160156667232513 -0.9861353635787964 -0.1129165068268776 -0.6602267622947693 0.9091387391090393 0.15631116926670074 -0.38604873418807983 -1.6280994415283203
0.3982921540737152 -0.055739499628543854 0.9155634641647339 0.14423133432865143 0.12158077955245972 -0.9861367344856262 -0.11292656511068344 -0.6603212952613831 0.9091652631759644 0.15629267692565918 -0.38599368929862976 -1.627919316291809
0.39836373925209045 -0.05584155023097992 0.9155260920524597 0.14424225687980652 0.12157278507947922 -0.9861240386962891 -0.11304634809494019 -0.6603601574897766 0.9091349840164185 0.15633662045001984 -0.38604724407196045 -1.6279418468475342
0.3983106017112732 -0.055710431188344955 0.9155572056770325 0.1443120688199997 0.12157948315143585 -0.9861401915550232 -0.11289811879396439 -0.6603756546974182 0.9091573357582092 0.1562814861536026 -0.386016845703125 -1.6278921365737915
0.3983854651451111 -0.05571667477488518 0.9155242443084717 0.14449277520179749 0.12161563336849213 -0.9861316084861755 -0.11293406784534454 -0.6604321599006653 0.909119725227356 0.15633335709571838 -0.3860844671726227 -1.6277897357940674
0.3983926475048065 -0.055741190910339355 0.915519654750824 0.14445817470550537 0.12160550057888031 -0.9861301779747009 -0.11295749247074127 -0.6604102253913879 0.9091179370880127 0.15633365511894226 -0.3860885798931122 -1.627833604812622
0.3983224630355835 -0.055658869445323944 0.9155551791191101 0.14439043402671814 0.1216282770037651 -0.986137866973877 -0.11286550015211105 -0.660426676273346 0.9091456532478333 0.15631426870822906 -0.3860311806201935 -1.6277968883514404
0.3983396291732788 -0.05563846975564957 0.9155489802360535 0.14434772729873657 0.12162356823682785 -0.9861408472061157 -0.11284470558166504 -0.6604105830192566 0.9091387391090393 0.15630285441875458 -0.3860520124435425 -1.6278294324874878
0.39829519391059875 -0.05563896521925926 0.9155682325363159 0.14426235854625702 0.12160466611385345 -0.9861449599266052 -0.11282898485660553 -0.6603651642799377 0.9091607332229614 0.1562766134738922 -0.3860108554363251 -1.6279184818267822
0.39823663234710693 -0.055626530200242996 0.9155945181846619 0.1444626897573471 0.12167377024888992 -0.9861359000205994 -0.11283408850431442 -0.6604593992233276 0.9091771245002747 0.15633849799633026 -0.3859471380710602 -1.627791404724121
0.3982526957988739 -0.05563727766275406 0.9155868291854858 0.14443151652812958 0.1216457337141037 -0.9861390590667725 -0.11283674091100693 -0.6604470610618591 0.909173846244812 0.15631477534770966 -0.3859644830226898 -1.6278350353240967
0.39837774634361267 -0.05565818399190903 0.9155311584472656 0.14435338973999023 0.12161780148744583 -0.9861385822296143 -0.11287055164575577 -0.6604306697845459 0.9091228246688843 0.15631000697612762 -0.386086642742157 -1.627899169921875
0.39833277463912964 -0.05576198920607567 0.9155444502830505 0.14437519013881683 0.12171674519777298 -0.986109733581543 -0.1130160465836525 -0.6604301333427429 0.90912926197052 0.15645508468151093 -0.38601264357566833 -1.6278693675994873
0.39825308322906494 -0.055745311081409454 0.9155800938606262 0.1442224383354187 0.12165552377700806 -0.9861240386962891 -0.11295732110738754 -0.6603800654411316 0.9091723561286926 0.15637098252773285 -0.385945200920105 -1.6280020475387573
0.39829421043395996 -0.05569043383002281 0.915565550327301 0.14428851008415222 0.12170219421386719 -0.9861218929290771 -0.11292564868927002 -0.6603984236717224 0.909148097038269 0.15640397369861603 -0.3859889805316925 -1.6278890371322632
0.39831677079200745 -0.05568084865808487 0.9155563116073608 0.14424672722816467 0.12170616537332535 -0.9861218929290771 -0.11292119324207306 -0.6603831052780151 0.9091377258300781 0.15640725195407867 -0.3860121965408325 -1.6279298067092896
0.39843857288360596 -0.05567331612110138 0.9155037999153137 0.14409658312797546 0.12172181904315948 -0.9861175417900085 -0.11294230073690414 -0.6603647470474243 0.9090822339057922 0.15643735229969025 -0.3861306309700012 -1.6280527114868164
0.3984479010105133 -0.05565597116947174 0.9155007600784302 0.14404644072055817 0.1217183917760849 -0.9861201047897339 -0.11292389035224915 -0.660354495048523 0.9090785980224609 0.1564275622367859 -0.38614314794540405 -1.6281040906906128
0.3985174894332886 -0.05562224239110947 0.9154725670814514 0.1440802663564682 0.121692955493927 -0.9861271381378174 -0.11288964748382568 -0.6603593230247498 0.9090514779090881 0.1563950628042221 -0.3862200677394867 -1.6280925273895264
0.3985064923763275 -0.055586908012628555 0.9154794812202454 0.1440315991640091 0.12170393764972687 -0.9861298203468323 -0.11285421252250671 -0.6603466272354126 0.9090548753738403 0.15639059245586395 -0.386214017868042 -1.62814199924469
0.398440957069397 -0.055516090244054794 0.9155123233795166 0.14411908388137817 0.12172338366508484 -0.9861366152763367 -0.11277405172586441 -0.6603626012802124 0.909080982208252 0.1563730537891388 -0.38615959882736206 -1.6280453205108643
0.39851143956184387 -0.055619485676288605 0.9154753684997559 0.14408013224601746 0.12177086621522903 -0.9861142039299011 -0.1129186600446701 -0.6603286266326904 0.9090437293052673 0.15647760033607483 -0.38620495796203613 -1.6281063556671143
0.39850014448165894 -0.05565815046429634 0.9154779314994812 0.14403608441352844 0.12175435572862625 -0.9861125349998474 -0.11295119673013687 -0.6603128910064697 0.9090508818626404 0.1564745008945465 -0.386189341545105 -1.628153920173645
0.3984518349170685 -0.0556388795375824 0.9155001044273376 0.144186869263649 0.12173107266426086 -0.9861199259757996 -0.11291159689426422 -0.6603347063064575 0.9090752005577087 0.15643464028835297 -0.3861483037471771 -1.6280436515808105
0.3984606862068176 -0.055642977356910706 0.9154959917068481 0.1441415697336197 0.12173184007406235 -0.9861190915107727 -0.11291797459125519 -0.6603156924247742 0.9090712070465088 0.15643839538097382 -0.3861561715602875 -1.628086805343628
0.39848631620407104 -0.055697862058877945 0.9154815077781677 0.1442248821258545 0.12170112878084183 -0.9861170649528503 -0.1129687950015068 -0.6602930426597595 0.9090640544891357 0.156431645154953 -0.38617566227912903 -1.6280550956726074
0.398417204618454 -0.055616941303014755 0.9155164957046509 0.14400851726531982 0.12168114632368088 -0.9861319661140442 -0.11286034435033798 -0.6602147817611694 0.9090970158576965 0.15636660158634186 -0.3861244022846222 -1.6281248331069946
0.3984454274177551 -0.05562380328774452 0.9155037999153137 0.1439507007598877 0.12170540541410446 -0.9861263632774353 -0.11288326978683472 -0.6601837277412415 0.9090813994407654 0.15639959275722504 -0.38614779710769653 -1.6281635761260986
0.3984188139438629 -0.05558454245328903 0.9155177474021912 0.1441594809293747 0.12160380184650421 -0.9861491918563843 -0.11279288679361343 -0.6602844595909119 0.9091066718101501 0.15626925230026245 -0.3861411213874817 -1.627981185913086
0.39842545986175537 -0.055573273450136185 0.9155156016349792 0.14411501586437225 0.12160557508468628 -0.9861501455307007 -0.11278273165225983 -0.6602604389190674 0.909103512763977 0.15626731514930725 -0.3861493170261383 -1.628015160560608
0.3983849585056305 -0.05560183897614479 0.9155314564704895 0.14430475234985352 0.12158899009227753 -0.986150324344635 -0.11279895901679993 -0.6603557467460632 0.9091234803199768 0.15625596046447754 -0.3861068785190582 -1.6278952360153198
0.3984076976776123 -0.0556151457130909 0.9155207872390747 0.14427156746387482 0.12159056216478348 -0.986147940158844 -0.1128181666135788 -0.6603391170501709 0.909113347530365 0.15626630187034607 -0.38612666726112366 -1.6279296875
0.39837217330932617 -0.05561298504471779 0.9155363440513611 0.1443038135766983 0.12161018699407578 -0.9861456155776978 -0.11281760782003403 -0.6603432297706604 0.9091262817382812 0.15628193318843842 -0.38608986139297485 -1.6279387474060059
0.39842116832733154 -0.055740609765052795 0.9155072569847107 0.14433704316616058 0.12161894142627716 -0.9861273169517517 -0.11296786367893219 -0.6603555083274841 0.9091036319732666 0.15635180473327637 -0.3861148953437805 -1.6279277801513672
0.39844009280204773 -0.05565923824906349 0.915503978729248 0.14414852857589722 0.12162775546312332 -0.9861354231834412 -0.11288746446371078 -0.6603425145149231 0.9090941548347473 0.15632958710193634 -0.3861461877822876 -1.628043532371521
0.3984953761100769 -0.05562815070152283 0.9154818058013916 0.14392033219337463 0.1216282844543457 -0.9861379861831665 -0.11286444216966629 -0.660284161567688 0.909069836139679 0.15632444620132446 -0.3862054646015167 -1.6282368898391724
0.39850500226020813 -0.05566549673676491 0.9154753684997559 0.14386986196041107 0.1216004490852356 -0.9861379861831665 -0.11289463192224503 -0.6602668166160583 0.9090693593025208 0.1563112884759903 -0.38621196150779724 -1.628287672996521
0.39847415685653687 -0.05561513453722 0.9154918193817139 0.1439330130815506 0.12162024527788162 -0.9861414432525635 -0.11284307390451431 -0.6602876782417297 0.9090802073478699 0.1563073843717575 -0.38618794083595276 -1.6282445192337036
0.3984884023666382 -0.05561423301696777 0.915485680103302 0.14388108253479004 0.1216248869895935 -0.9861404299736023 -0.11284671723842621 -0.660271167755127 0.9090733528137207 0.156313955783844 -0.3862014710903168 -1.6283001899719238
0.39845097064971924 -0.05560104176402092 0.9155027866363525 0.14415819942951202 0.12156190723180771 -0.9861537218093872 -0.11279881745576859 -0.6603409051895142 0.909098207950592 0.15623506903648376 -0.3861749470233917 -1.6280404329299927
0.39850184321403503 -0.05570600554347038 0.9154742360115051 0.14419527351856232 0.12157144397497177 -0.9861380457878113 -0.11292535811662674 -0.6603522896766663 0.909074604511261 0.1562964916229248 -0.3862055838108063 -1.6280006170272827
0.398495614528656 -0.055630266666412354 0.9154815673828125 0.14422421157360077 0.12154816091060638 -0.9861515164375305 -0.11283272504806519 -0.660336434841156 0.909080445766449 0.15623845160007477 -0.38621529936790466 -1.6279910802841187
0.39846038818359375 -0.05556488782167435 0.9155008792877197 0.14427290856838226 0.12153322994709015 -0.9861629009246826 -0.11274943500757217 -0.6603752970695496 0.9090979099273682 0.15618996322155 -0.3861938714981079 -1.62794029712677
0.39845529198646545 -0.05557892471551895 0.9155022501945496 0.1442321091890335 0.12152709066867828 -0.9861623048782349 -0.1127610057592392 -0.6603590846061707 0.9091009497642517 0.15618854761123657 -0.38618725538253784 -1.6279736757278442
0.3984028995037079 -0.0555574931204319 0.9155263304710388 0.14423492550849915 0.12149026244878769 -0.9861723780632019 -0.11271258443593979 -0.6603761911392212 0.9091288447380066 0.1561325639486313 -0.3861442506313324 -1.6279492378234863
0.3983924686908722 -0.05553661659359932 0.9155321717262268 0.14419040083885193 0.12149620801210403 -0.9861741662025452 -0.11269069463014603 -0.6603627800941467 0.9091325998306274 0.15612880885601044 -0.38613688945770264 -1.6279833316802979
0.3983113765716553 -0.05553295090794563 0.9155676364898682 0.14427408576011658 0.12151706218719482 -0.9861727356910706 -0.1126805990934372 -0.6604188084602356 0.9091653823852539 0.1561390608549118 -0.3860556185245514 -1.6279057264328003
0.39831599593162537 -0.055526189506053925 0.9155660271644592 0.14422743022441864 0.12150630354881287 -0.9861753582954407 -0.11266960203647614 -0.660406231880188 0.9091647863388062 0.15612515807151794 -0.3860626220703125 -1.627943992614746
0.39835524559020996 -0.055661890655756 0.9155407547950745 0.144290491938591 0.1214250922203064 -0.9861717224121094 -0.11278854310512543 -0.6603967547416687 0.9091584086418152 0.15609952807426453 -0.38608795404434204 -1.6278597116470337
0.39834439754486084 -0.05559147149324417 0.9155497550964355 0.1443185955286026 0.12151812762022018 -0.9861646890640259 -0.11275019496679306 -0.6604160070419312 0.9091507196426392 0.15616929531097412 -0.3860778212547302 -1.6278473138809204
0.39835622906684875 -0.05559958890080452 0.9155440926551819 0.14427855610847473 0.12151263654232025 -0.9861643314361572 -0.11275879293680191 -0.660400390625 0.9091463088989258 0.15616834163665771 -0.38608866930007935 -1.6278806924819946
0.39837417006492615 -0.05555238202214241 0.9155391454696655 0.14427275955677032 0.12150109559297562 -0.9861717820167542 -0.11270636320114136 -0.6604281067848206 0.9091399908065796 0.1561383157968521 -0.386115700006485 -1.6278846263885498
0.3983602523803711 -0.055557798594236374 0.915544867515564 0.14422930777072906 0.12151124328374863 -0.9861696362495422 -0.11271393299102783 -0.6604141592979431 0.9091446995735168 0.1561497449874878 -0.3860999047756195 -1.6279242038726807
0.3983636498451233 -0.05561138316988945 0.9155401587486267 0.14433562755584717 0.12151873111724854 -0.9861617088317871 -0.11277545988559723 -0.6604322791099548 0.909142255783081 0.15618091821670532 -0.3860931396484375 -1.6278855800628662
0.398321270942688 -0.05551132187247276 0.9155646562576294 0.14428088068962097 0.12153848260641098 -0.986171543598175 -0.1126682236790657 -0.6603963375091553 0.9091581702232361 0.15615448355674744 -0.3860663175582886 -1.6279072761535645
0.3983112871646881 -0.05551474168896675 0.9155688285827637 0.14423571527004242 0.12153304368257523 -0.9861722588539124 -0.1126677542924881 -0.66037517786026 0.909163236618042 0.15614870190620422 -0.38605666160583496 -1.6279442310333252
0.39826464653015137 -0.05546518415212631 0.9155920743942261 0.14438368380069733 0.12159553170204163 -0.986168622970581 -0.11263227462768555 -0.6604351997375488 0.9091753363609314 0.15618936717510223 -0.3860117495059967 -1.6278356313705444
0.3982914984226227 -0.05550079420208931 0.9155782461166382 0.14434251189231873 0.12161616235971451 -0.9861600995063782 -0.11268436163663864 -0.66041499376297 0.9091607928276062 0.15623033046722412 -0.3860293924808502 -1.6278765201568604
0.39830347895622253 -0.05540205165743828 0.9155790209770203 0.1443631500005722 0.12170010805130005 -0.9861575961112976 -0.11261586844921112 -0.6604113578796387 0.9091443419456482 0.15628135204315186 -0.3860475420951843 -1.6278210878372192
0.3982085883617401 -0.05545296147465706 0.9156172275543213 0.14425238966941833 0.12173569947481155 -0.9861471652984619 -0.1126682460308075 -0.6603447198867798 0.9091811180114746 0.15632876753807068 -0.38594168424606323 -1.6279135942459106
0.39821580052375793 -0.055476147681474686 0.9156126976013184 0.1442146897315979 0.12171240150928497 -0.9861481785774231 -0.11268465965986252 -0.660321831703186 0.9091811180114746 0.15631422400474548 -0.38594764471054077 -1.627948522567749
0.3981994390487671 -0.05549690127372742 0.9156185388565063 0.14426296949386597 0.1216975748538971 -0.9861485362052917 -0.11269769072532654 -0.6603464484214783 0.9091902375221252 0.1563047170639038 -0.3859299421310425 -1.6279293298721313
0.39817285537719727 -0.055489178746938705 0.915630578994751 0.14421997964382172 0.1217171847820282 -0.9861466884613037 -0.11269277334213257 -0.6603198051452637 0.9091992378234863 0.15631918609142303 -0.38590285181999207 -1.6279795169830322
0.3981972634792328 -0.05552074313163757 0.9156180620193481 0.14410889148712158 0.12170292437076569 -0.9861447215080261 -0.11272523552179337 -0.6603098511695862 0.9091904759407043 0.15632027387619019 -0.3859230875968933 -1.6280778646469116
0.398202508687973 -0.055536314845085144 0.9156147837638855 0.14406779408454895 0.12170293927192688 -0.9861426949501038 -0.11274298280477524 -0.6602877974510193 0.9091882109642029 0.15632754564285278 -0.3859255611896515 -1.6281259059906006
0.39809221029281616 -0.0555771104991436 0.9156603217124939 0.1441998928785324 0.12168369442224503 -0.9861432909965515 -0.1127583310008049 -0.6603081226348877 0.9092390537261963 0.15630914270877838 -0.3858131468296051 -1.6280088424682617
0.39811456203460693 -0.05572022497653961 0.9156419038772583 0.1441832184791565 0.12164779752492905 -0.9861313700675964 -0.11290136724710464 -0.6603080630302429 0.9092341065406799 0.15633349120616913 -0.3858150243759155 -1.6280364990234375
0.3981035649776459 -0.05571433901786804 0.915647029876709 0.14414136111736298 0.121639683842659 -0.9861337542533875 -0.11288955062627792 -0.6602780818939209 0.9092399477958679 0.1563207507133484 -0.38580629229545593 -1.6280877590179443
0.3980411887168884 -0.05576654151082039 0.9156709909439087 0.14417830109596252 0.12164841592311859 -0.9861271381378174 -0.11293792724609375 -0.6602748036384583 0.9092661142349243 0.15634386241436005 -0.38573530316352844 -1.6280418634414673
0.39806461334228516 -0.0557611808180809 0.915661096572876 0.14413334429264069 0.12165416777133942 -0.9861263036727905 -0.11293892562389374 -0.6602445244789124 0.9092550873756409 0.1563509702682495 -0.3857583999633789 -1.628087043762207
0.3981971740722656 -0.05571421980857849 0.9156063199043274 0.14404411613941193 0.12169107794761658 -0.9861229062080383 -0.11292856931686401 -0.6602488160133362 0.9091920852661133 0.15638895332813263 -0.3858914375305176 -1.6281626224517822
0.39821377396583557 -0.055686186999082565 0.9156007766723633 0.14412249624729156 0.12167555093765259 -0.9861286878585815 -0.11289486289024353 -0.6603003740310669 0.9091868996620178 0.15636251866817474 -0.3859143853187561 -1.6280735731124878
0.39822641015052795 -0.05567300692200661 0.9155961275100708 0.14407353103160858 0.12167194485664368 -0.9861306548118591 -0.11288147419691086 -0.6602750420570374 0.9091818928718567 0.15635475516319275 -0.3859294354915619 -1.6281225681304932
0.39821407198905945 -0.05569541081786156 0.9156001210212708 0.1442101150751114 0.12171617150306702 -0.9861205816268921 -0.11292209476232529 -0.6603294610977173 0.9091813564300537 0.15641050040721893 -0.3859080374240875 -1.6280171871185303
0.3981838822364807 -0.055693164467811584 0.9156134128570557 0.14417316019535065 0.12171991914510727 -0.9861208200454712 -0.11291566491127014 -0.66030353307724 0.9091940522193909 0.15640957653522491 -0.38587844371795654 -1.628064513206482
0.39820802211761475 -0.05567895993590355 0.915603756904602 0.14424501359462738 0.12166053056716919 -0.9861323237419128 -0.11287964135408401 -0.660339891910553 0.9091914296150208 0.15634241700172424 -0.38591188192367554 -1.627981185913086
0.39820143580436707 -0.05564626306295395 0.9156085848808289 0.1442084163427353 0.12166887521743774 -0.9861350059509277 -0.112846739590168 -0.6603137254714966 0.909193217754364 0.15633679926395416 -0.3859099745750427 -1.6280291080474854
0.39817172288894653 -0.05562358722090721 0.915622889995575 0.14426051080226898 0.12170710414648056 -0.9861319065093994 -0.11283304542303085 -0.6603354811668396 0.9092010855674744 0.15636473894119263 -0.3858800530433655 -1.6279748678207397
0.39802271127700806 -0.05564489588141441 0.9156863689422607 0.14440466463565826 0.12167671322822571 -0.9861376285552979 -0.1128154993057251 -0.6603975296020508 0.9092704057693481 0.15632084012031555 -0.3857344686985016 -1.6278263330459595
0.3980148434638977 -0.05566136911511421 0.9156888127326965 0.14436879754066467 0.12165335565805435 -0.9861397743225098 -0.11282187700271606 -0.660372257232666 0.9092770218849182 0.15630139410495758 -0.3857268691062927 -1.6278657913208008
0.39809176325798035 -0.055619340389966965 0.9156579375267029 0.14429254829883575 0.12168566137552261 -0.9861378073692322 -0.11280456185340881 -0.6603761911392212 0.9092389941215515 0.15632900595664978 -0.38580524921417236 -1.6278986930847168
0.3980996906757355 -0.055589672178030014 0.9156562685966492 0.1442461609840393 0.1217159628868103 -0.9861360788345337 -0.11278693377971649 -0.6603517532348633 0.9092314839363098 0.15635041892528534 -0.3858143091201782 -1.6279339790344238
0.39822784066200256 -0.05559647083282471 0.9156001210212708 0.14415091276168823 0.12166263163089752 -0.9861416816711426 -0.11279536038637161 -0.6603255271911621 0.9091824889183044 0.15631258487701416 -0.38594505190849304 -1.627975583076477
0.39823776483535767 -0.055588360875844955 0.9155963063240051 0.1441030353307724 0.12167397141456604 -0.9861404895782471 -0.11279327422380447 -0.660301685333252 0.9091766476631165 0.15632277727127075 -0.38595473766326904 -1.628006935119629
0.3982512950897217 -0.055650729686021805 0.9155866503715515 0.14404235780239105 0.12166748195886612 -0.9861336350440979 -0.11286019533872604 -0.6602839827537537 0.9091715812683105 0.15634383261203766 -0.38595810532569885 -1.628069281578064
0.3982338309288025 -0.055667754262685776 0.9155932068824768 0.1442427784204483 0.12167597562074661 -0.9861304759979248 -0.11287890374660492 -0.6603565812110901 0.9091780781745911 0.15635789930820465 -0.3859370946884155 -1.6279469728469849
0.39823830127716064 -0.05565334111452103 0.9155921339988708 0.14420633018016815 0.12167015671730042 -0.9861331582069397 -0.1128617450594902 -0.6603371500968933 0.9091768860816956 0.15634611248970032 -0.385944664478302 -1.6279789209365845
0.39816564321517944 -0.055757638067007065 0.9156174063682556 0.1442326158285141 0.1216348186135292 -0.9861279129981995 -0.11294561624526978 -0.6603496074676514 0.9092134237289429 0.156342014670372 -0.3858601748943329 -1.6279425621032715
0.39815497398376465 -0.05573536828160286 0.9156233668327332 0.14419028162956238 0.12162500619888306 -0.9861325621604919 -0.11291549354791641 -0.660326361656189 0.9092194437980652 0.15632057189941406 -0.3858547806739807 -1.627979040145874
0.3982130289077759 -0.05576002597808838 0.915596604347229 0.14404864609241486 0.12166353315114975 -0.986121654510498 -0.11296915262937546 -0.6602717638015747 0.9091888666152954 0.15638050436973572 -0.3859025537967682 -1.6280993223190308
0.3982728123664856 -0.055642545223236084 0.91557776927948 0.14395475387573242 0.12177418172359467 -0.9861158728599548 -0.11290066689252853 -0.6602699756622314 0.9091478586196899 0.1564590036869049 -0.38596731424331665 -1.6281609535217285
0.39827510714530945 -0.05564085766673088 0.9155768752098083 0.14390438795089722 0.12176436185836792 -0.9861177206039429 -0.11289510130882263 -0.6602504253387451 0.9091481566429138 0.15644794702529907 -0.3859710395336151 -1.628209114074707
0.3982924520969391 -0.055572208017110825 0.9155735373497009 0.14402922987937927 0.12183549255132675 -0.9861135482788086 -0.11285458505153656 -0.6602877974510193 0.9091310501098633 0.1564984768629074 -0.3859909176826477 -1.6281402111053467
0.39818471670150757 -0.055613923817873 0.915617823600769 0.14418812096118927 0.12174978852272034 -0.9861254692077637 -0.11284316331148148 -0.6603274941444397 0.9091897010803223 0.15640869736671448 -0.38588908314704895 -1.627998948097229
0.398185133934021 -0.05560284107923508 0.9156183004379272 0.14414343237876892 0.1217547282576561 -0.9861259460449219 -0.1128334030508995 -0.6603015065193176 0.9091888666152954 0.15640944242477417 -0.38589078187942505 -1.6280434131622314
0.398193359375 -0.05561310052871704 0.915614128112793 0.1442083716392517 0.12186377495527267 -0.986105740070343 -0.1128922551870346 -0.6603243947029114 0.9091706275939941 0.1565331369638443 -0.38588353991508484 -1.6280092000961304
0.398210734128952 -0.055622901767492294 0.9156059622764587 0.14416255056858063 0.12185101211071014 -0.9861063957214355 -0.11290061473846436 -0.6602968573570251 0.9091647267341614 0.15652574598789215 -0.38590043783187866 -1.628061294555664
0.3982293903827667 -0.055455099791288376 0.9156080484390259 0.14410369098186493 0.12183713167905807 -0.9861290454864502 -0.11271745711565018 -0.660331130027771 0.90915846824646 0.15644246339797974 -0.3859490752220154 -1.6280622482299805
0.3982543647289276 -0.055492740124464035 0.9155948758125305 0.14419129490852356 0.12174675613641739 -0.9861394166946411 -0.11272425949573517 -0.6603665351867676 0.9091596007347107 0.15636363625526428 -0.38597825169563293 -1.6279984712600708
0.3982431888580322 -0.05551673844456673 0.9155983328819275 0.1441454440355301 0.12173721939325333 -0.9861383438110352 -0.11274398118257523 -0.6603479385375977 0.9091657996177673 0.1563619077205658 -0.38596442341804504 -1.6280478239059448
0.3981438875198364 -0.05562018230557442 0.9156352281570435 0.14401444792747498 0.12167380005121231 -0.986138641834259 -0.11281009018421173 -0.6602717638015747 0.9092177748680115 0.15632346272468567 -0.38585755228996277 -1.6281133890151978
0.39816370606422424 -0.055615171790122986 0.9156268835067749 0.1439831405878067 0.12168185412883759 -0.9861374497413635 -0.11281178146600723 -0.6602574586868286 0.9092079997062683 0.15633273124694824 -0.38587677478790283 -1.6281445026397705
0.398139625787735 -0.05564283952116966 0.9156357049942017 0.14408782124519348 0.12171716243028641 -0.9861284494400024 -0.11285210400819778 -0.6602975130081177 0.9092138409614563 0.15637947618961334 -0.3858441114425659 -1.6281020641326904
0.39820078015327454 -0.055718179792165756 0.9156045317649841 0.1441805064678192 0.12163329869508743 -0.9861323237419128 -0.1129089817404747 -0.6603313088417053 0.9091982841491699 0.15632843971252441 -0.38590145111083984 -1.6280264854431152
0.3982004225254059 -0.055709049105644226 0.9156052470207214 0.1441362053155899 0.12164172530174255 -0.9861319661140442 -0.11290265619754791 -0.6603055596351624 0.9091972708702087 0.15633368492126465 -0.38590162992477417 -1.6280707120895386
0.3982541263103485 -0.0557076632976532 0.9155819416046143 0.14406171441078186 0.12167609483003616 -0.986125111579895 -0.1129257008433342 -0.6603153347969055 0.9091691374778748 0.15637756884098053 -0.38595011830329895 -1.6280752420425415
0.3982790410518646 -0.05573674663901329 0.9155693650245667 0.1440179944038391 0.12165190279483795 -0.9861251711845398 -0.1129513680934906 -0.6602945327758789 0.9091615080833435 0.15636691451072693 -0.3859724700450897 -1.6281085014343262
