# 3x4 first row second row third row Freq: 100 current Time: 2021-07-31-13:24:37
0.3282398283481598 -0.1306740790605545 0.935512125492096 0.39212578535079956 0.13247697055339813 -0.9742280840873718 -0.18256372213363647 -0.7658407092094421 0.9352585077285767 0.1838584989309311 -0.3024691641330719 -1.6200752258300781
0.328254371881485 -0.13068076968193054 0.9355060458183289 0.3921356201171875 0.13246764242649078 -0.974228024482727 -0.1825706511735916 -0.7658546566963196 0.935254693031311 0.1838538944721222 -0.3024836480617523 -1.620030164718628
0.3282566964626312 -0.1306963562965393 0.9355030655860901 0.3921342194080353 0.1324504017829895 -0.9742283225059509 -0.18258176743984222 -0.7658466696739197 0.9352563619613647 0.18384143710136414 -0.3024861812591553 -1.620043158531189
0.3282625377178192 -0.13068453967571259 0.9355027079582214 0.3921041786670685 0.1324579417705536 -0.9742289185523987 -0.1825731098651886 -0.7658026218414307 0.9352532625198364 0.18384666740894318 -0.302492618560791 -1.620070457458496
0.3282407224178314 -0.13066427409648895 0.9355131387710571 0.39210045337677 0.13246780633926392 -0.9742317795753479 -0.18255072832107544 -0.7657931447029114 0.9352594614028931 0.18384596705436707 -0.3024737238883972 -1.6200870275497437
0.3282981216907501 -0.1306895911693573 0.9354894757270813 0.39193445444107056 0.1324506402015686 -0.9742279648780823 -0.182583287358284 -0.7657073736190796 0.9352417588233948 0.18384793400764465 -0.3025273084640503 -1.6202472448349
0.32840850949287415 -0.130711629986763 0.935447633266449 0.3918982148170471 0.1325385570526123 -0.9742021560668945 -0.18265730142593384 -0.765668511390686 0.9351905584335327 0.18396909534931183 -0.30261194705963135 -1.6202319860458374
0.32839974761009216 -0.1307041049003601 0.9354518055915833 0.39189398288726807 0.1325472891330719 -0.9742022752761841 -0.18265049159526825 -0.7656548023223877 0.9351924061775208 0.18397396802902222 -0.30260327458381653 -1.6202532052993774
0.3283444344997406 -0.13062606751918793 0.9354820847511292 0.3919019401073456 0.13250286877155304 -0.9742283225059509 -0.1825435310602188 -0.7657179236412048 0.935218095779419 0.1838912069797516 -0.30257412791252136 -1.6201945543289185
0.32831060886383057 -0.13064172863960266 0.9354918003082275 0.3918900787830353 0.1324797421693802 -0.9742311239242554 -0.18254542350769043 -0.7657126188278198 0.9352332353591919 0.18386530876159668 -0.302543044090271 -1.6202129125595093
0.3282935321331024 -0.13056544959545135 0.9355084300041199 0.39183667302131653 0.13246789574623108 -0.974249005317688 -0.18245865404605865 -0.765695333480835 0.9352409243583679 0.1838248372077942 -0.30254390835762024 -1.6202236413955688
0.32833588123321533 -0.13053353130817413 0.9354979991912842 0.39163023233413696 0.1325034648180008 -0.974246621131897 -0.18244558572769165 -0.765640914440155 0.9352210164070129 0.1838601678609848 -0.3025839924812317 -1.6204005479812622
0.3283349275588989 -0.13053211569786072 0.9354985356330872 0.39160966873168945 0.13251161575317383 -0.9742453098297119 -0.18244656920433044 -0.765637993812561 0.9352201819419861 0.18386800587177277 -0.3025817573070526 -1.620429277420044
0.3283575475215912 -0.1306777000427246 0.9354702830314636 0.3919273018836975 0.13248856365680695 -0.9742205739021301 -0.182595357298851 -0.7657961249351501 0.9352155327796936 0.18389566242694855 -0.3025793731212616 -1.6201753616333008
0.32836398482322693 -0.13068227469921112 0.9354674220085144 0.39191678166389465 0.1325027495622635 -0.974216639995575 -0.1826060265302658 -0.7657970786094666 0.9352113008499146 0.1839132308959961 -0.30258187651634216 -1.6202009916305542
0.32835710048675537 -0.13071657717227936 0.9354650378227234 0.3919519782066345 0.13251303136348724 -0.9742081761360168 -0.18264366686344147 -0.7657762169837952 0.935212254524231 0.18393364548683167 -0.3025665283203125 -1.620191216468811
0.32835572957992554 -0.1306580901145935 0.9354736804962158 0.3919723629951477 0.1324911117553711 -0.9742239713668823 -0.18257537484169006 -0.7658118009567261 0.9352158308029175 0.18389160931110382 -0.30258098244667053 -1.6201567649841309
0.32831352949142456 -0.13064225018024445 0.9354906678199768 0.3919636309146881 0.13252057135105133 -0.9742228984832764 -0.1825597584247589 -0.7658082246780396 0.9352264404296875 0.183908611536026 -0.3025377690792084 -1.6201876401901245
0.32825708389282227 -0.13065743446350098 0.9355083703994751 0.3919669985771179 0.13249953091144562 -0.9742262363433838 -0.18255722522735596 -0.7657894492149353 0.9352492690086365 0.18388012051582336 -0.3024846017360687 -1.6201577186584473
0.3282531499862671 -0.13062269985675812 0.9355146288871765 0.3920506536960602 0.13252730667591095 -0.9742276668548584 -0.18252921104431152 -0.7658196091651917 0.9352467060089111 0.1838970184326172 -0.3024822175502777 -1.6201030015945435
0.3282559812068939 -0.13060495257377625 0.9355160593986511 0.39204081892967224 0.13254979252815247 -0.9742265939712524 -0.1825186014175415 -0.7658102512359619 0.9352425336837769 0.18391528725624084 -0.30248406529426575 -1.6201215982437134
0.32824358344078064 -0.13061068952083588 0.9355196356773376 0.3920295834541321 0.13255375623703003 -0.9742252230644226 -0.18252332508563995 -0.7657999992370605 0.9352462887763977 0.18391874432563782 -0.30247023701667786 -1.6201393604278564
0.3283652067184448 -0.1306510716676712 0.9354712963104248 0.3920142948627472 0.13251006603240967 -0.9742212295532227 -0.18257613480091095 -0.7657890319824219 0.9352098107337952 0.1839110255241394 -0.3025877773761749 -1.6201146841049194
0.328398197889328 -0.1307252049446106 0.9354493618011475 0.39211007952690125 0.1324320137500763 -0.974220871925354 -0.1826348453760147 -0.7658255696296692 0.9352092742919922 0.1838604062795639 -0.30262017250061035 -1.6200122833251953
0.32837092876434326 -0.13070179522037506 0.935462236404419 0.3920995891094208 0.13244488835334778 -0.9742239117622375 -0.18260905146598816 -0.7658100724220276 0.935217022895813 0.18386070430278778 -0.3025960326194763 -1.620019555091858
0.3283260464668274 -0.13070785999298096 0.9354771375656128 0.39212796092033386 0.13249649107456207 -0.9742143154144287 -0.18262287974357605 -0.7658382654190063 0.9352254867553711 0.18390728533267975 -0.3025416135787964 -1.619989275932312
0.32831746339797974 -0.13068681955337524 0.9354830980300903 0.3921222388744354 0.13247711956501007 -0.9742226004600525 -0.18259292840957642 -0.7658213376998901 0.9352312088012695 0.183878555893898 -0.30254125595092773 -1.6199980974197388
0.32831326127052307 -0.13068175315856934 0.9354852437973022 0.3922162353992462 0.13245317339897156 -0.9742284417152405 -0.18257905542850494 -0.7658478617668152 0.9352360963821411 0.18385110795497894 -0.30254289507865906 -1.6199027299880981
0.3282445967197418 -0.13069182634353638 0.9355079531669617 0.3922994136810303 0.1324843317270279 -0.9742229580879211 -0.18258555233478546 -0.7658897638320923 0.935255765914917 0.18387287855148315 -0.30246880650520325 -1.6198551654815674
0.32825493812561035 -0.13065657019615173 0.9355092644691467 0.39229893684387207 0.13250598311424255 -0.9742252230644226 -0.18255795538425446 -0.7658743858337402 0.9352490901947021 0.18388612568378448 -0.30248144268989563 -1.6198614835739136
0.3282535970211029 -0.13072000443935394 0.9355008602142334 0.39243000745773315 0.13244019448757172 -0.9742258191108704 -0.18260248005390167 -0.765937328338623 0.9352588653564453 0.18383783102035522 -0.302480548620224 -1.6197866201400757
0.3282521069049835 -0.1307358294725418 0.9354991912841797 0.39243626594543457 0.1324496865272522 -0.9742209315299988 -0.18262171745300293 -0.7659250497817993 0.9352580308914185 0.18385252356529236 -0.30247414112091064 -1.6197960376739502
0.328220933675766 -0.13064076006412506 0.9355233907699585 0.3923332393169403 0.1325567066669464 -0.9742196202278137 -0.18255093693733215 -0.765927255153656 0.9352538585662842 0.18392693996429443 -0.30244195461273193 -1.6198875904083252
0.3282100260257721 -0.13065950572490692 0.935524582862854 0.39232978224754333 0.13253968954086304 -0.9742197394371033 -0.18256273865699768 -0.7659208178520203 0.9352600574493408 0.18391305208206177 -0.3024311065673828 -1.6198985576629639
0.328246533870697 -0.13060693442821503 0.9355191588401794 0.3923012614250183 0.13248379528522491 -0.9742395877838135 -0.18249738216400146 -0.7659281492233276 0.9352551698684692 0.18384525179862976 -0.30248746275901794 -1.619916319847107
0.32826390862464905 -0.1305878907442093 0.9355157017707825 0.39228421449661255 0.13255096971988678 -0.9742293953895569 -0.18250282108783722 -0.7659541964530945 0.9352395534515381 0.18391260504722595 -0.3024947941303253 -1.6198890209197998
0.3282599151134491 -0.13061659038066864 0.9355130791664124 0.39227429032325745 0.13253797590732574 -0.9742265343666077 -0.18252770602703094 -0.7659545540809631 0.9352428317070007 0.18390753865242004 -0.30248787999153137 -1.6199021339416504
0.328212708234787 -0.13060429692268372 0.9355313777923584 0.39223653078079224 0.1325257569551468 -0.9742331504821777 -0.18250128626823425 -0.7659283876419067 0.9352611303329468 0.1838812530040741 -0.30244725942611694 -1.6199339628219604
0.3281879723072052 -0.13060137629508972 0.9355404376983643 0.39222508668899536 0.1325252652168274 -0.9742347598075867 -0.18249301612377167 -0.7659239768981934 0.935269832611084 0.18387477099895477 -0.3024241328239441 -1.6199522018432617
0.3281571567058563 -0.13066789507865906 0.9355419874191284 0.39227673411369324 0.132498100399971 -0.9742283225059509 -0.1825471967458725 -0.7659274935722351 0.9352844953536987 0.18386170268058777 -0.3023867607116699 -1.6198948621749878
0.3281935751438141 -0.13064557313919067 0.9355323314666748 0.3921631872653961 0.13251137733459473 -0.9742286205291748 -0.18253569304943085 -0.7658758759498596 0.9352698922157288 0.18387570977210999 -0.30242353677749634 -1.6199854612350464
0.32817259430885315 -0.130618616938591 0.935543417930603 0.392161101102829 0.13250207901000977 -0.9742365479469299 -0.18250033259391785 -0.7658661007881165 0.9352785348892212 0.18385306000709534 -0.3024105131626129 -1.619996190071106
0.32813405990600586 -0.1305721253156662 0.9355634450912476 0.3922337293624878 0.13248123228549957 -0.9742511510848999 -0.18243728578090668 -0.7659095525741577 0.9352949857711792 0.18380847573280334 -0.30238664150238037 -1.6199686527252197
0.32812827825546265 -0.13056540489196777 0.9355664253234863 0.39222481846809387 0.13249191641807556 -0.9742506146430969 -0.18243256211280823 -0.7658981680870056 0.9352955222129822 0.18381626904010773 -0.3023803234100342 -1.6199934482574463
0.32814961671829224 -0.13052548468112946 0.9355645179748535 0.39216363430023193 0.13246293365955353 -0.9742632508277893 -0.18238598108291626 -0.7658787369728088 0.93529212474823 0.18377751111984253 -0.30241432785987854 -1.6200180053710938
0.32816073298454285 -0.130513995885849 0.9355621933937073 0.39214885234832764 0.13247181475162506 -0.9742633104324341 -0.18237917125225067 -0.7658644914627075 0.9352869987487793 0.1837853044271469 -0.3024255335330963 -1.6200456619262695
0.3281373679637909 -0.1304175704717636 0.9355838298797607 0.3920269012451172 0.132542684674263 -0.9742690920829773 -0.18229688704013824 -0.7658109664916992 0.9352851510047913 0.18382321298122406 -0.3024081885814667 -1.620139718055725
0.3281446397304535 -0.1303994208574295 0.9355838298797607 0.3920116424560547 0.13252821564674377 -0.9742752313613892 -0.18227478861808777 -0.7657917141914368 0.9352846741676331 0.1838037520647049 -0.30242156982421875 -1.6201791763305664
0.32812750339508057 -0.1304589807987213 0.9355815052986145 0.3919805586338043 0.13255378603935242 -0.9742592573165894 -0.1823415756225586 -0.7657498121261597 0.9352870583534241 0.18384616076946259 -0.30238842964172363 -1.620232343673706
0.3281126320362091 -0.13037122786045074 0.9355989694595337 0.39187201857566833 0.13252025842666626 -0.9742835164070129 -0.18223629891872406 -0.7657333016395569 0.9352970123291016 0.18377985060214996 -0.30239787697792053 -1.6202470064163208
0.32810837030410767 -0.13037504255771637 0.9355999231338501 0.39185500144958496 0.132520854473114 -0.9742828011512756 -0.1822396069765091 -0.7657163739204407 0.9352983832359314 0.18378084897994995 -0.3023929297924042 -1.6202861070632935
0.32806360721588135 -0.13034480810165405 0.9356198310852051 0.3918543756008148 0.1324542760848999 -0.9743034839630127 -0.18217743933200836 -0.7657337188720703 0.9353235363960266 0.18369264900684357 -0.30236878991127014 -1.6202754974365234
0.32806140184402466 -0.13035382330417633 0.9356193542480469 0.39184054732322693 0.1324571669101715 -0.9743012189865112 -0.1821873039007187 -0.7657192349433899 0.9353238940238953 0.1836981177330017 -0.3023643493652344 -1.620315670967102
0.32815948128700256 -0.13036055862903595 0.9355840086936951 0.3917858600616455 0.13237585127353668 -0.9743121266365051 -0.18218809366226196 -0.7656971216201782 0.9353010058403015 0.18363547325134277 -0.30247315764427185 -1.6203439235687256
0.3281570076942444 -0.13037720322608948 0.9355825781822205 0.39176392555236816 0.1323801577091217 -0.9743081331253052 -0.18220631778240204 -0.7656832337379456 0.9353012442588806 0.1836448460817337 -0.3024666905403137 -1.6203852891921997
0.3281513750553131 -0.13025066256523132 0.9356021881103516 0.3916785717010498 0.13237933814525604 -0.9743331670761108 -0.18207310140132904 -0.7656540870666504 0.9353033900260925 0.18360193073749542 -0.30248627066612244 -1.6204113960266113
0.32821470499038696 -0.1303192675113678 0.9355704188346863 0.3918330669403076 0.13238175213336945 -0.9743168950080872 -0.18215829133987427 -0.7657055854797363 0.9352807998657227 0.18363948166370392 -0.30253326892852783 -1.620229721069336
0.3281877934932709 -0.13028794527053833 0.9355841875076294 0.3918006718158722 0.13241322338581085 -0.9743178486824036 -0.1821303516626358 -0.7656903266906738 0.9352858066558838 0.18365667760372162 -0.3025073707103729 -1.620253324508667
0.3282153308391571 -0.13027627766132355 0.9355762004852295 0.39167383313179016 0.13251064717769623 -0.9742999076843262 -0.18215534090995789 -0.7656407356262207 0.9352623224258423 0.18375998735427856 -0.3025171756744385 -1.6203341484069824
0.3282473683357239 -0.13028180599212646 0.9355641603469849 0.39164116978645325 0.1324954628944397 -0.9743006229400635 -0.18216274678707123 -0.7656271457672119 0.9352532625198364 0.18375244736671448 -0.3025498688220978 -1.6203644275665283
0.32825136184692383 -0.13028714060783386 0.935562014579773 0.39179667830467224 0.13255521655082703 -0.9742876887321472 -0.18218843638896942 -0.7657154202461243 0.9352433681488037 0.18381723761558533 -0.30254101753234863 -1.620236873626709
0.3282327353954315 -0.13028249144554138 0.9355692267417908 0.3917671740055084 0.13256070017814636 -0.9742882251739502 -0.18218155205249786 -0.765704333782196 0.9352491497993469 0.18381765484809875 -0.3025229275226593 -1.6202701330184937
0.3282042443752289 -0.13036109507083893 0.9355682730674744 0.391911119222641 0.1326262652873993 -0.9742611050605774 -0.18227878212928772 -0.7657725214958191 0.9352498650550842 0.18390558660030365 -0.30246731638908386 -1.620182991027832
0.3281990885734558 -0.13034005463123322 0.9355729818344116 0.3918902277946472 0.13262611627578735 -0.974265456199646 -0.18225577473640442 -0.7657595872879028 0.9352516531944275 0.18389759957790375 -0.3024665415287018 -1.6202176809310913
0.32818955183029175 -0.13037478923797607 0.9355714917182922 0.39189574122428894 0.13260135054588318 -0.9742639064788818 -0.1822819858789444 -0.7657802700996399 0.9352585077285767 0.18388108909130096 -0.3024553656578064 -1.620180606842041
0.32821545004844666 -0.13038182258605957 0.9355614185333252 0.39194780588150024 0.1326616108417511 -0.9742497205734253 -0.18231409788131714 -0.765749990940094 0.9352408647537231 0.18395139276981354 -0.30246713757514954 -1.6201423406600952
0.32820314168930054 -0.1303737759590149 0.9355669021606445 0.3919297158718109 0.1326870173215866 -0.9742467403411865 -0.18231141567230225 -0.765730619430542 0.9352415800094604 0.18397276103496552 -0.3024519383907318 -1.620171308517456
0.3281874656677246 -0.13040125370025635 0.9355685710906982 0.39187419414520264 0.13265873491764069 -0.9742475748062134 -0.18232767283916473 -0.7657475471496582 0.9352511167526245 0.18394899368286133 -0.3024369776248932 -1.620223879814148
0.3281730115413666 -0.13040025532245636 0.9355737566947937 0.39185184240341187 0.13266216218471527 -0.9742476344108582 -0.18232478201389313 -0.7657288908958435 0.9352557063102722 0.1839493215084076 -0.3024226129055023 -1.6202574968338013
0.3281369209289551 -0.1303650289773941 0.9355913400650024 0.39186811447143555 0.13265809416770935 -0.974256694316864 -0.18227939307689667 -0.7657043933868408 0.9352689385414124 0.18392635881900787 -0.30239561200141907 -1.620238184928894
0.32813164591789246 -0.13036927580833435 0.9355925917625427 0.3918445110321045 0.13265933096408844 -0.9742558002471924 -0.18228311836719513 -0.76568204164505 0.9352706074714661 0.18392793834209442 -0.3023894429206848 -1.6202665567398071
0.3281461298465729 -0.13036943972110748 0.935587465763092 0.391891747713089 0.13263608515262604 -0.9742597937583923 -0.18227875232696533 -0.7657523155212402 0.9352688193321228 0.18390671908855438 -0.3024078905582428 -1.6202030181884766
0.32817208766937256 -0.13035617768764496 0.9355801939964294 0.3920252025127411 0.13263407349586487 -0.9742617607116699 -0.1822696030139923 -0.7657763957977295 0.935259997844696 0.18390561640262604 -0.30243584513664246 -1.6200798749923706
0.3281657099723816 -0.13035020232200623 0.9355832934379578 0.392001211643219 0.1326245814561844 -0.9742650389671326 -0.18225900828838348 -0.7657575011253357 0.9352635741233826 0.18389248847961426 -0.30243274569511414 -1.620099425315857
0.3281771242618561 -0.1304415613412857 0.9355665445327759 0.391905277967453 0.13258987665176392 -0.9742536544799805 -0.18234525620937347 -0.7657349109649658 0.935264527797699 0.18388819694519043 -0.30243250727653503 -1.6201432943344116
0.3281567692756653 -0.13045939803123474 0.9355711936950684 0.39187318086624146 0.1326136589050293 -0.9742462635040283 -0.18236735463142395 -0.7657133936882019 0.9352682828903198 0.18391460180282593 -0.3024047911167145 -1.6201640367507935
0.32814034819602966 -0.13044601678848267 0.9355788230895996 0.39184457063674927 0.13261793553829193 -0.9742486476898193 -0.18235145509243011 -0.7657286524772644 0.9352734088897705 0.18391139805316925 -0.30239081382751465 -1.6201876401901245
0.3281210958957672 -0.13044239580631256 0.9355860948562622 0.39181700348854065 0.1326277107000351 -0.9742481708526611 -0.1823468953371048 -0.7657119035720825 0.9352787733078003 0.18391649425029755 -0.3023711144924164 -1.620206594467163
0.3281535506248474 -0.13048627972602844 0.9355685710906982 0.39188921451568604 0.1326816976070404 -0.9742277264595032 -0.18241669237613678 -0.7657465934753418 0.9352597594261169 0.18399351835250854 -0.302383154630661 -1.6201794147491455
0.3281707763671875 -0.13050343096256256 0.9355601668357849 0.392098993062973 0.1326766461133957 -0.9742247462272644 -0.18243645131587982 -0.7658548355102539 0.9352544546127319 0.18399730324745178 -0.30239734053611755 -1.6200127601623535
0.328174352645874 -0.13048706948757172 0.9355611801147461 0.39207950234413147 0.13268370926380157 -0.9742264151573181 -0.1824224293231964 -0.7658436894416809 0.9352521896362305 0.18400008976459503 -0.3024026155471802 -1.6200357675552368
0.3281666040420532 -0.1305409073829651 0.9355564117431641 0.3920731842517853 0.13259553909301758 -0.9742335677146912 -0.1824484020471573 -0.7658483386039734 0.9352673888206482 0.18392407894134521 -0.3024017810821533 -1.6200693845748901
0.3281475007534027 -0.13053639233112335 0.9355637431144714 0.39205512404441833 0.1326262652873993 -0.974229097366333 -0.18244971334934235 -0.7658371329307556 0.9352697730064392 0.183950737118721 -0.3023782968521118 -1.6201003789901733
0.328093022108078 -0.13052940368652344 0.9355838298797607 0.39201417565345764 0.13262657821178436 -0.9742324948310852 -0.18243137001991272 -0.7658251523971558 0.9352887868881226 0.18393774330615997 -0.3023272156715393 -1.6200754642486572
0.32810863852500916 -0.13053803145885468 0.9355770945549011 0.3919866383075714 0.13264064490795135 -0.9742274880409241 -0.1824481189250946 -0.7658119797706604 0.9352813363075256 0.18395835161209106 -0.30233779549598694 -1.6200995445251465
0.32805103063583374 -0.13042981922626495 0.9356123805046082 0.39185237884521484 0.13266950845718384 -0.9742450714111328 -0.18233296275138855 -0.765708863735199 0.935297429561615 0.18394175171852112 -0.30229803919792175 -1.620220422744751
0.32805007696151733 -0.13041952252388 0.9356141686439514 0.3918530344963074 0.13263694941997528 -0.9742535352706909 -0.1823115199804306 -0.765699565410614 0.9353024363517761 0.18390432000160217 -0.3023054897785187 -1.6202337741851807
0.3280489444732666 -0.13040943443775177 0.9356160163879395 0.39183279871940613 0.13265402615070343 -0.9742521643638611 -0.18230630457401276 -0.7656763792037964 0.9353004097938538 0.18391861021518707 -0.3023030459880829 -1.6202682256698608
0.32804182171821594 -0.13042065501213074 0.9356169104576111 0.39187344908714294 0.13267472386360168 -0.9742462038993835 -0.18232321739196777 -0.7656891345977783 0.9352999329566956 0.18394236266613007 -0.3022899627685547 -1.6202349662780762
0.3280337154865265 -0.13041456043720245 0.9356206059455872 0.39185845851898193 0.13266749680042267 -0.9742491245269775 -0.18231287598609924 -0.7656651735305786 0.935303807258606 0.18393121659755707 -0.3022848069667816 -1.6202698945999146
0.3281460106372833 -0.13046471774578094 0.9355742335319519 0.3919413089752197 0.1327000856399536 -0.9742286205291748 -0.18239864706993103 -0.7657029032707214 0.9352598190307617 0.18400417268276215 -0.30237656831741333 -1.6201817989349365
0.3281508982181549 -0.13046160340309143 0.9355729818344116 0.3919215202331543 0.13273440301418304 -0.9742223024368286 -0.18240748345851898 -0.7656861543655396 0.9352532029151917 0.184039905667305 -0.3023751974105835 -1.6202071905136108
0.3282187283039093 -0.1305823177099228 0.9355323314666748 0.3919086754322052 0.13269267976284027 -0.9742043614387512 -0.1825336068868637 -0.7657193541526794 0.935235321521759 0.18404924869537354 -0.302424818277359 -1.620232105255127
0.3281961977481842 -0.13059309124946594 0.9355387091636658 0.39209577441215515 0.13264377415180206 -0.9742127656936646 -0.1825243979692459 -0.7658283114433289 0.9352501630783081 0.18399719893932343 -0.3024105429649353 -1.6200493574142456
0.32817861437797546 -0.1306018978357315 0.9355436563491821 0.39207354187965393 0.13264282047748566 -0.9742118716239929 -0.18252964317798615 -0.7658157348632812 0.9352564811706543 0.18399548530578613 -0.3023920953273773 -1.6200743913650513
0.3281695246696472 -0.13055726885795593 0.9355530738830566 0.3920446038246155 0.13267925381660461 -0.9742137789726257 -0.18249309062957764 -0.7658268213272095 0.9352545142173767 0.184017151594162 -0.30238503217697144 -1.6200562715530396
0.32816293835639954 -0.1305321305990219 0.9355589151382446 0.39201799035072327 0.13268929719924927 -0.9742169380187988 -0.18246881663799286 -0.765816330909729 0.9352554082870483 0.18401814997196198 -0.302381694316864 -1.6200783252716064
0.32814666628837585 -0.13065391778945923 0.9355475902557373 0.39222872257232666 0.13267940282821655 -0.9741957783699036 -0.1825890988111496 -0.7658573985099792 0.9352625012397766 0.18404389917850494 -0.30234402418136597 -1.619918942451477
0.3281271755695343 -0.13064689934253693 0.9355553984642029 0.3922327756881714 0.13264448940753937 -0.9742047786712646 -0.18256652355194092 -0.7658995985984802 0.9352743029594421 0.18400131165981293 -0.3023334741592407 -1.6199402809143066
0.32812222838401794 -0.13065065443515778 0.9355566501617432 0.3922075629234314 0.13265010714530945 -0.9742031097412109 -0.18257121741771698 -0.7658933997154236 0.9352752566337585 0.18400736153125763 -0.30232685804367065 -1.6199655532836914
0.3281002938747406 -0.1306232362985611 0.9355681538581848 0.3921831548213959 0.13265039026737213 -0.9742092490196228 -0.18253828585147858 -0.7659059762954712 0.9352828860282898 0.1839943528175354 -0.30231109261512756 -1.6199520826339722
0.32810747623443604 -0.13061994314193726 0.9355660676956177 0.3921518623828888 0.1326477974653244 -0.9742101430892944 -0.18253546953201294 -0.7658979296684265 0.9352807402610779 0.18399202823638916 -0.302319198846817 -1.6199777126312256
0.3281005024909973 -0.13064904510974884 0.9355644583702087 0.3921060264110565 0.13263121247291565 -0.9742079973220825 -0.18255899846553802 -0.7658671140670776 0.9352855086326599 0.1839827597141266 -0.3023099899291992 -1.6199477910995483
0.3281071186065674 -0.13066154718399048 0.935560405254364 0.39206385612487793 0.13259918987751007 -0.974211573600769 -0.18256302177906036 -0.7658530473709106 0.9352877736091614 0.18395477533340454 -0.3023201525211334 -1.619971752166748
0.3281496465206146 -0.13072654604911804 0.9355363845825195 0.3920225501060486 0.13259829580783844 -0.9741974472999573 -0.18263912200927734 -0.765911340713501 0.9352729320526123 0.18398350477218628 -0.30234843492507935 -1.6200134754180908
0.3282349705696106 -0.1306508332490921 0.9355170726776123 0.39206936955451965 0.1326078623533249 -0.9742070436477661 -0.1825808584690094 -0.7658758759498596 0.9352416396141052 0.1839863359928131 -0.3024435043334961 -1.620042324066162
0.32822808623313904 -0.13067705929279327 0.935515820980072 0.39204227924346924 0.13259442150592804 -0.9742048382759094 -0.1826024055480957 -0.7658659815788269 0.9352459907531738 0.18397942185401917 -0.30243435502052307 -1.6200767755508423
0.3281799852848053 -0.13068614900112152 0.9355314373970032 0.39208054542541504 0.13255701959133148 -0.9742122888565063 -0.18258991837501526 -0.7658641338348389 0.9352681636810303 0.18393361568450928 -0.3023936152458191 -1.6200551986694336
0.3281708359718323 -0.13066746294498444 0.9355372190475464 0.39206069707870483 0.13259266316890717 -0.9742092490196228 -0.1825801134109497 -0.7658525705337524 0.9352663159370422 0.1839628368616104 -0.3023815155029297 -1.620089054107666
0.3282497525215149 -0.1308111548423767 0.9354894757270813 0.3920148015022278 0.13258588314056396 -0.9741795063018799 -0.18274372816085815 -0.7658252716064453 0.9352395534515381 0.18401828408241272 -0.30243048071861267 -1.6201400756835938
0.32824334502220154 -0.13081441819667816 0.9354912638664246 0.39199674129486084 0.13259564340114594 -0.9741771817207336 -0.1827489733695984 -0.7658132910728455 0.9352404475212097 0.18402819335460663 -0.3024217486381531 -1.6201790571212769
0.3283151686191559 -0.13094565272331238 0.9354476928710938 0.3920568823814392 0.13256685435771942 -0.9741544723510742 -0.18289102613925934 -0.765789806842804 0.9352193474769592 0.18405525386333466 -0.3024706244468689 -1.6201380491256714
0.32831937074661255 -0.1308840811252594 0.9354548454284668 0.39212438464164734 0.13255944848060608 -0.9741677641868591 -0.18282538652420044 -0.7658620476722717 0.935218870639801 0.1840284913778305 -0.3024882376194 -1.6200600862503052
0.32831746339797974 -0.13089628517627716 0.9354537725448608 0.39211931824684143 0.13254627585411072 -0.974168062210083 -0.1828334480524063 -0.7658517360687256 0.9352214336395264 0.1840183287858963 -0.3024865984916687 -1.6200883388519287
0.3282753825187683 -0.13085152208805084 0.9354748129844666 0.3922853171825409 0.1325024962425232 -0.9741870164871216 -0.18276405334472656 -0.7659078240394592 0.9352424144744873 0.18394969403743744 -0.30246347188949585 -1.6199010610580444
0.3282895088195801 -0.1308378130197525 0.935471773147583 0.39227598905563354 0.13249783217906952 -0.9741901159286499 -0.1827511489391327 -0.7658953666687012 0.9352381229400635 0.1839432716369629 -0.30248066782951355 -1.619918942451477
0.3282770812511444 -0.13076506555080414 0.9354863166809082 0.3921547532081604 0.13253739476203918 -0.9741969704627991 -0.18268565833568573 -0.7658311724662781 0.9352368712425232 0.18395844101905823 -0.30247530341148376 -1.6199830770492554
0.32826972007751465 -0.1307665854692459 0.9354887008666992 0.3921429216861725 0.1325473040342331 -0.9741950631141663 -0.18268892168998718 -0.765813410282135 0.9352380633354187 0.18396775424480438 -0.3024659752845764 -1.620004415512085
0.328210711479187 -0.13071869313716888 0.9355160593986511 0.39204809069633484 0.13250869512557983 -0.9742142558097839 -0.18261447548866272 -0.7657784223556519 0.9352642297744751 0.18390004336833954 -0.30242618918418884 -1.6200793981552124
0.3282054364681244 -0.13072356581687927 0.9355172514915466 0.39203935861587524 0.13250453770160675 -0.9742143154144287 -0.18261712789535522 -0.7657599449157715 0.9352666735649109 0.1838962286710739 -0.302420973777771 -1.620105266571045
0.3281654715538025 -0.130690336227417 0.9355359077453613 0.39199039340019226 0.13259795308113098 -0.9742039442062378 -0.18260455131530762 -0.7657635807991028 0.935267448425293 0.18397465348243713 -0.3023708164691925 -1.6201374530792236
0.3281894624233246 -0.1306580901145935 0.9355319738388062 0.39188340306282043 0.13258960843086243 -0.9742109775543213 -0.18257319927215576 -0.7657176852226257 0.9352602362632751 0.183960422873497 -0.3024018704891205 -1.620266318321228
0.32821425795555115 -0.13067615032196045 0.9355207681655884 0.39187270402908325 0.1326017528772354 -0.9742041230201721 -0.18260100483894348 -0.765701413154602 0.9352498054504395 0.1839839518070221 -0.3024197816848755 -1.6203001737594604
0.32820364832878113 -0.13068968057632446 0.9355226159095764 0.391939252614975 0.13261598348617554 -0.9741990566253662 -0.18261751532554626 -0.7657593488693237 0.9352514743804932 0.18400098383426666 -0.30240416526794434 -1.6201878786087036
0.3281656503677368 -0.1306958943605423 0.9355350732803345 0.3918118178844452 0.13258352875709534 -0.974205732345581 -0.18260569870471954 -0.7657284140586853 0.9352694153785706 0.18396146595478058 -0.3023727238178253 -1.6202131509780884
0.3281635046005249 -0.13070730865001678 0.9355342388153076 0.39178648591041565 0.13257834315299988 -0.9742045998573303 -0.1826154738664627 -0.7657150626182556 0.9352709054946899 0.18395932018756866 -0.3023694157600403 -1.6202261447906494
0.32817310094833374 -0.13072776794433594 0.935528039932251 0.39179322123527527 0.13261106610298157 -0.9741937518119812 -0.18264932930469513 -0.7657197713851929 0.93526291847229 0.18400196731090546 -0.30236825346946716 -1.6202058792114258
0.32818567752838135 -0.1307089924812317 0.9355262517929077 0.391762912273407 0.1326131522655487 -0.9741965532302856 -0.18263302743434906 -0.7656981348991394 0.9352582097053528 0.184000626206398 -0.3023836314678192 -1.6202231645584106
0.3281814754009247 -0.13076311349868774 0.9355201125144958 0.39190223813056946 0.13261795043945312 -0.9741852283477783 -0.1826900839805603 -0.7657415866851807 0.9352589845657349 0.18402226269245148 -0.30236801505088806 -1.6201294660568237
0.3281691372394562 -0.1307443231344223 0.9355270862579346 0.3918832540512085 0.13262319564819336 -0.9741883277893066 -0.18266966938972473 -0.7657160758972168 0.9352625608444214 0.18401914834976196 -0.30235880613327026 -1.6201462745666504
0.32817256450653076 -0.13068975508213043 0.9355335235595703 0.39187413454055786 0.13265778124332428 -0.9741920232772827 -0.18262474238872528 -0.7657080888748169 0.9352564811706543 0.1840382218360901 -0.30236610770225525 -1.6201508045196533
0.3281428813934326 -0.13071340322494507 0.9355406165122986 0.3918730318546295 0.1327296644449234 -0.9741743803024292 -0.18266651034355164 -0.7657127380371094 0.9352567195892334 0.1841147094964981 -0.30231884121894836 -1.6201961040496826
0.3281186521053314 -0.13065549731254578 0.9355571866035461 0.3918421268463135 0.13271667063236237 -0.9741892218589783 -0.1825970560312271 -0.7656561732292175 0.9352670311927795 0.18407753109931946 -0.30230948328971863 -1.6202574968338013
0.328103244304657 -0.13059864938259125 0.9355705380439758 0.3918004035949707 0.13273856043815613 -0.9741965532302856 -0.18254178762435913 -0.7656716704368591 0.9352693557739258 0.18407884240150452 -0.3023015856742859 -1.6202324628829956
0.3281102478504181 -0.13059213757514954 0.9355689883232117 0.39177244901657104 0.13275077939033508 -0.9741951823234558 -0.18254037201404572 -0.7656423449516296 0.9352651238441467 0.18409088253974915 -0.30230721831321716 -1.6202614307403564
0.32811689376831055 -0.13057944178581238 0.9355684518814087 0.39191797375679016 0.13278543949127197 -0.9741905927658081 -0.18253973126411438 -0.7657124400138855 0.9352579116821289 0.18412424623966217 -0.3023093342781067 -1.6201409101486206
0.32811400294303894 -0.13056111335754395 0.9355720281600952 0.3918954133987427 0.1327989548444748 -0.9741916060447693 -0.1825244277715683 -0.7656861543655396 0.9352570176124573 0.18413180112838745 -0.30230751633644104 -1.620168685913086
0.32813701033592224 -0.13055221736431122 0.935565173625946 0.3918553292751312 0.13281241059303284 -0.974189817905426 -0.18252421915531158 -0.7656848430633545 0.935247004032135 0.18414762616157532 -0.30232876539230347 -1.6202137470245361
0.32812708616256714 -0.13052110373973846 0.9355730414390564 0.39193403720855713 0.13276351988315582 -0.9742058515548706 -0.18247398734092712 -0.7657235860824585 0.9352574348449707 0.18408460915088654 -0.30233487486839294 -1.620141863822937
0.3281189799308777 -0.130510613322258 0.9355773329734802 0.39192017912864685 0.1327756941318512 -0.9742058515548706 -0.1824653446674347 -0.7657044529914856 0.9352585673332214 0.18409226834774017 -0.3023267984390259 -1.6201672554016113
0.3281336724758148 -0.13047805428504944 0.9355766773223877 0.39196497201919556 0.13270731270313263 -0.9742251038551331 -0.18241234123706818 -0.7657601237297058 0.9352630972862244 0.1840135008096695 -0.3023606538772583 -1.6201274394989014
0.32812926173210144 -0.1304791271686554 0.9355781078338623 0.3919529616832733 0.13273166120052338 -0.9742202758789062 -0.18242041766643524 -0.7657467126846313 0.9352611899375916 0.18403831124305725 -0.3023514747619629 -1.6201521158218384
0.32823169231414795 -0.13057459890842438 0.9355288743972778 0.3920028507709503 0.13276797533035278 -0.9741905331611633 -0.18255256116390228 -0.7657476663589478 0.9352200627326965 0.1841278076171875 -0.3024241030216217 -1.620164394378662
0.3282339572906494 -0.13057371973991394 0.9355281591415405 0.3919990360736847 0.1327759176492691 -0.974189043045044 -0.1825546771287918 -0.7657345533370972 0.9352181553840637 0.1841362565755844 -0.3024248778820038 -1.6201910972595215
0.32820719480514526 -0.13051395118236542 0.9355459213256836 0.3920268416404724 0.13276119530200958 -0.9742046594619751 -0.18248221278190613 -0.7657913565635681 0.9352296590805054 0.18409617245197296 -0.30241379141807556 -1.6201602220535278
0.328201562166214 -0.13047969341278076 0.9355526566505432 0.39213645458221436 0.13275747001171112 -0.9742122888565063 -0.18244417011737823 -0.765882670879364 0.9352321624755859 0.1840800642967224 -0.3024158477783203 -1.6200189590454102
0.3282100260257721 -0.1304907500743866 0.9355481266975403 0.3921305537223816 0.1327647715806961 -0.9742083549499512 -0.1824597865343094 -0.7658864855766296 0.935228168964386 0.18409296870231628 -0.30242037773132324 -1.620035171508789
0.32818830013275146 -0.13048385083675385 0.9355567097663879 0.3921206593513489 0.13277365267276764 -0.9742087721824646 -0.1824510246515274 -0.7658876776695251 0.9352344870567322 0.1840955764055252 -0.3023991286754608 -1.6200535297393799
0.32819774746894836 -0.1304902732372284 0.9355525374412537 0.3921133875846863 0.13277366757392883 -0.9742071628570557 -0.18245963752269745 -0.7658895254135132 0.9352312088012695 0.18409958481788635 -0.3024069368839264 -1.620072364807129
0.3281863033771515 -0.13052313029766083 0.9355519413948059 0.39227771759033203 0.1326902210712433 -0.9742176532745361 -0.18246452510356903 -0.7659379839897156 0.9352470636367798 0.18402095139026642 -0.3024057447910309 -1.6198914051055908
0.3281709551811218 -0.13049840927124023 0.9355607628822327 0.3924521803855896 0.1327204555273056 -0.9742171168327332 -0.18244542181491852 -0.7660377621650696 0.9352481365203857 0.1840413510799408 -0.3023899495601654 -1.6197240352630615
0.3281746506690979 -0.13049368560314178 0.9355601668357849 0.3924518823623657 0.1326930820941925 -0.974223256111145 -0.1824323982000351 -0.7660430073738098 0.9352507591247559 0.1840120404958725 -0.30239978432655334 -1.6197277307510376
0.32817381620407104 -0.13052284717559814 0.9355563521385193 0.3923480808734894 0.13267016410827637 -0.9742221236228943 -0.1824551820755005 -0.7659538388252258 0.9352542757987976 0.18399743735790253 -0.3023976981639862 -1.6198461055755615
0.3281680941581726 -0.13050377368927002 0.9355610609054565 0.3923519551753998 0.13270801305770874 -0.9742186069488525 -0.18244639039039612 -0.7659544348716736 0.9352509379386902 0.18402953445911407 -0.30238857865333557 -1.6198736429214478
0.32813170552253723 -0.1304822713136673 0.9355767965316772 0.39236289262771606 0.13267898559570312 -0.9742299318313599 -0.1824071705341339 -0.7659523487091064 0.9352678060531616 0.18398495018482208 -0.30236345529556274 -1.6198631525039673
0.3281225562095642 -0.13044267892837524 0.9355855584144592 0.39257270097732544 0.1326977014541626 -0.9742342829704285 -0.1823701113462448 -0.7660222053527832 0.9352683424949646 0.18398979306221008 -0.30235880613327026 -1.6196932792663574
0.32817593216896057 -0.1303607076406479 0.9355782270431519 0.39260661602020264 0.13274428248405457 -0.9742390513420105 -0.18231074512004852 -0.7660759687423706 0.9352430105209351 0.1840226650238037 -0.30241718888282776 -1.6196774244308472
0.328155517578125 -0.1304803043603897 0.9355687499046326 0.3926548957824707 0.13260747492313385 -0.9742434620857239 -0.1823868602514267 -0.7661140561103821 0.9352695941925049 0.1839146614074707 -0.30240070819854736 -1.619666337966919
0.32811829447746277 -0.13047371804714203 0.93558269739151 0.39266401529312134 0.13259577751159668 -0.974248468875885 -0.18236862123012543 -0.7661177515983582 0.9352843165397644 0.18389280140399933 -0.30236849188804626 -1.6196880340576172
0.3280644118785858 -0.13049834966659546 0.9355981349945068 0.39268991351127625 0.1326165497303009 -0.9742416143417358 -0.18238995969295502 -0.7661203145980835 0.9353002905845642 0.18391145765781403 -0.30230778455734253 -1.619649052619934
0.3280797302722931 -0.13050439953804016 0.9355919361114502 0.3926962912082672 0.13260704278945923 -0.9742417335510254 -0.1823962926864624 -0.7661221027374268 0.9352962374687195 0.18390661478042603 -0.3023231625556946 -1.6196715831756592
0.3280797600746155 -0.1305258721113205 0.9355889558792114 0.3928459882736206 0.1325918436050415 -0.9742405414581299 -0.1824137568473816 -0.766182005405426 0.9352983832359314 0.1838977336883545 -0.3023219406604767 -1.6194998025894165
0.3280516564846039 -0.13051220774650574 0.9356006979942322 0.39284825325012207 0.13259290158748627 -0.9742440581321716 -0.1823941171169281 -0.7661798596382141 0.9353080987930298 0.18388870358467102 -0.3022973835468292 -1.619508981704712
0.32806524634361267 -0.13049563765525818 0.9355982542037964 0.3927404284477234 0.13260525465011597 -0.9742443561553955 -0.18238364160060883 -0.7661047577857971 0.9353016018867493 0.18389898538589478 -0.3023113012313843 -1.619561791419983
0.32807642221450806 -0.13053330779075623 0.935589075088501 0.39270880818367004 0.13259273767471313 -0.9742390513420105 -0.18242110311985016 -0.7661056518554688 0.9352994561195374 0.183900386095047 -0.3023170828819275 -1.619560718536377
0.328012615442276 -0.1305423080921173 0.9356101751327515 0.39267367124557495 0.1326671689748764 -0.9742251038551331 -0.18244147300720215 -0.7660945653915405 0.9353112578392029 0.18396785855293274 -0.30223941802978516 -1.6195673942565918
0.328009694814682 -0.13054509460926056 0.935610830783844 0.3926655054092407 0.13269074261188507 -0.9742200374603271 -0.18245138227939606 -0.7660900354385376 0.9353089332580566 0.18399271368980408 -0.30223149061203003 -1.6195762157440186
0.32807549834251404 -0.13055391609668732 0.9355865120887756 0.3926350176334381 0.13263455033302307 -0.9742268323898315 -0.1824558973312378 -0.7661123275756836 0.9352938532829285 0.18395040929317474 -0.3023039698600769 -1.619587779045105
