# 3x4 first row second row third row Freq: 100 current Time: 2021-07-31-13:26:32
0.5646610260009766 -0.05959712713956833 0.8231683373451233 -0.10907909274101257 0.7349951267242432 -0.41737687587738037 -0.5343956351280212 -0.8094198107719421 0.37541985511779785 0.9067771434783936 -0.19187285006046295 -1.960517168045044
0.5646523833274841 -0.059574760496616364 0.823175847530365 -0.10901429504156113 0.7350122928619385 -0.4173635244369507 -0.5343825221061707 -0.809465765953064 0.37539929151535034 0.90678471326828 -0.19187712669372559 -1.9604820013046265
0.5646257996559143 -0.059593528509140015 0.8231927752494812 -0.1089729592204094 0.7350186109542847 -0.41737765073776245 -0.5343627333641052 -0.8095152974128723 0.3754267990589142 0.9067769646644592 -0.19185984134674072 -1.96040940284729
0.5646288990974426 -0.05958344414830208 0.8231913447380066 -0.10890553891658783 0.7350152730941772 -0.4173875153064728 -0.5343596339225769 -0.809558093547821 0.3754287660121918 0.9067730903625488 -0.19187432527542114 -1.9603639841079712
0.5647702217102051 -0.05950421467423439 0.8231001496315002 -0.10898943990468979 0.7348597645759583 -0.4175929129123688 -0.5344130396842957 -0.8094105124473572 0.37552061676979065 0.9066837430000305 -0.19211678206920624 -1.9603865146636963
0.5647714138031006 -0.059511490166187286 0.8230987787246704 -0.10892233997583389 0.7348648905754089 -0.4175738990306854 -0.5344207882881165 -0.8094385862350464 0.37550875544548035 0.9066920280456543 -0.1921008825302124 -1.9603365659713745
0.5646751523017883 -0.05962180718779564 0.8231568932533264 -0.10910627990961075 0.7349109649658203 -0.4175419807434082 -0.5343824028968811 -0.8092694878578186 0.3755634129047394 0.9066994786262512 -0.19195885956287384 -1.960447072982788
0.5646439790725708 -0.059596382081508636 0.823180079460144 -0.10941096395254135 0.7349889278411865 -0.4174189865589142 -0.5343712568283081 -0.809026837348938 0.3754575848579407 0.9067577719688416 -0.1918904334306717 -1.9606292247772217
0.56464684009552 -0.059606872498989105 0.8231773376464844 -0.10936661809682846 0.7349867224693298 -0.4174131155014038 -0.5343789458274841 -0.8090379238128662 0.3754577040672302 0.9067597985267639 -0.1918807476758957 -1.9605810642242432
0.5646175146102905 -0.05974389240145683 0.823187530040741 -0.10926948487758636 0.7349594831466675 -0.417435884475708 -0.5343985557556152 -0.8090789318084717 0.3755550682544708 0.9067403078079224 -0.19178228080272675 -1.9605284929275513
0.5646191835403442 -0.05976881459355354 0.823184609413147 -0.1092161014676094 0.734941303730011 -0.4174610674381256 -0.534403920173645 -0.8090870976448059 0.37558820843696594 0.9067270159721375 -0.1917799562215805 -1.9604824781417847
0.5648322701454163 -0.05964911729097366 0.8230471014976501 -0.10899826139211655 0.7348912358283997 -0.41732555627822876 -0.5345786213874817 -0.8093546032905579 0.3753657341003418 0.9067972898483276 -0.19188332557678223 -1.960439682006836
0.5648497939109802 -0.05966555327177048 0.82303386926651 -0.10893403738737106 0.7348774671554565 -0.4173205494880676 -0.5346013903617859 -0.8093757033348083 0.3753662109375 0.9067985415458679 -0.19187656044960022 -1.960402011871338
0.5647406578063965 -0.05963607132434845 0.8231108784675598 -0.10918114334344864 0.7349303364753723 -0.41738322377204895 -0.5344797968864441 -0.8092130422592163 0.3754269480705261 0.9067716002464294 -0.19188492000102997 -1.96050226688385
0.5646653771400452 -0.059642352163791656 0.8231620788574219 -0.1092233657836914 0.734963595867157 -0.4174168109893799 -0.5344077944755554 -0.8091915845870972 0.3754750192165375 0.9067557454109192 -0.19186587631702423 -1.9605207443237305
0.5646776556968689 -0.059645384550094604 0.8231534361839294 -0.10917741060256958 0.7349586486816406 -0.4174075722694397 -0.5344218015670776 -0.809207558631897 0.3754662871360779 0.9067597985267639 -0.19186383485794067 -1.9604796171188354
0.5645312666893005 -0.05970633402466774 0.8232493996620178 -0.10932305455207825 0.7351272106170654 -0.4171903431415558 -0.5343595743179321 -0.8090506792068481 0.37535637617111206 0.9068557620048523 -0.19162525236606598 -1.960633635520935
0.5645255446434021 -0.05973278358578682 0.8232514262199402 -0.109280526638031 0.7351365685462952 -0.4171595573425293 -0.5343707799911499 -0.8090577125549316 0.37534666061401367 0.9068681597709656 -0.1915854662656784 -1.960600733757019
0.5643978118896484 -0.05967089161276817 0.8233434557914734 -0.10934638977050781 0.7352444529533386 -0.41713932156562805 -0.5342381000518799 -0.8090514540672302 0.3753274083137512 0.90688157081604 -0.1915598213672638 -1.9606471061706543
0.5642703771591187 -0.05962636321783066 0.823434054851532 -0.1095276027917862 0.7352942824363708 -0.4172477126121521 -0.5340849161148071 -0.8089258074760437 0.37542152404785156 0.9068346619606018 -0.1915975958108902 -1.9606989622116089
0.5642917156219482 -0.05964640900492668 0.8234179615974426 -0.10950087755918503 0.7352802157402039 -0.41723522543907166 -0.5341140627861023 -0.8089322447776794 0.37541696429252625 0.9068390727043152 -0.19158555567264557 -1.9606555700302124
0.5641587972640991 -0.05976051092147827 0.8235008120536804 -0.10953535884618759 0.7353272438049316 -0.41725587844848633 -0.5340331792831421 -0.8089245557785034 0.375524640083313 0.9068220257759094 -0.19145503640174866 -1.960688591003418
0.5641731023788452 -0.05977436155080795 0.8234899640083313 -0.10951430350542068 0.7353137731552124 -0.4172569513320923 -0.5340508222579956 -0.8089343905448914 0.3755294680595398 0.9068206548690796 -0.1914522349834442 -1.960658073425293
0.5640437602996826 -0.0598408579826355 0.8235737085342407 -0.10956530272960663 0.7353702783584595 -0.41727980971336365 -0.5339551568031311 -0.8089163899421692 0.3756130337715149 0.9068057537078857 -0.19135889410972595 -1.9607669115066528
0.5640400052070618 -0.05984127148985863 0.8235762715339661 -0.10954239219427109 0.7353824973106384 -0.4172559082508087 -0.5339570045471191 -0.8089321851730347 0.37559473514556885 0.9068167209625244 -0.1913428157567978 -1.9607484340667725
0.5639894008636475 -0.05993492901325226 0.8236041069030762 -0.10952052474021912 0.735370934009552 -0.41730237007141113 -0.533936619758606 -0.8089419007301331 0.3756934106349945 0.9067891240119934 -0.19127970933914185 -1.9607020616531372
0.5639523267745972 -0.05991819128394127 0.8236307501792908 -0.10967148840427399 0.7354174256324768 -0.41725897789001465 -0.5339064598083496 -0.80885910987854 0.3756580352783203 0.9068102240562439 -0.1912492960691452 -1.9608454704284668
0.5639392137527466 -0.059924572706222534 0.8236392736434937 -0.1096605509519577 0.7354195713996887 -0.4172702431678772 -0.5338947772979736 -0.8088662028312683 0.3756735622882843 0.906804621219635 -0.19124534726142883 -1.9608312845230103
0.5638454556465149 -0.059964943677186966 0.823700487613678 -0.1096888929605484 0.7354912757873535 -0.4172177016735077 -0.5338370203971863 -0.8088518381118774 0.37567394971847534 0.9068260788917542 -0.19114261865615845 -1.96084725856781
0.563834011554718 -0.0599750392138958 0.8237075805664062 -0.10968459397554398 0.735489547252655 -0.4172332286834717 -0.5338273048400879 -0.8088560104370117 0.37569448351860046 0.9068183302879333 -0.19113926589488983 -1.9608336687088013
0.5637606382369995 -0.06013544276356697 0.8237461447715759 -0.10994552820920944 0.7355726957321167 -0.4170433282852173 -0.5338611006736755 -0.8086681365966797 0.375641793012619 0.9068950414657593 -0.19087861478328705 -1.9610334634780884
0.5637379884719849 -0.06014382839202881 0.823760986328125 -0.10996651649475098 0.7355861067771912 -0.4170408844947815 -0.533844530582428 -0.8086458444595337 0.37564945220947266 0.9068955779075623 -0.1908608227968216 -1.9610404968261719
0.5637429356575012 -0.06015288457274437 0.8237569332122803 -0.10992021858692169 0.7355774641036987 -0.41704824566841125 -0.5338507294654846 -0.808675229549408 0.3756590485572815 0.9068915843963623 -0.19086089730262756 -1.961007833480835
0.5636628270149231 -0.060209158807992935 0.8238076567649841 -0.1098911315202713 0.7356036901473999 -0.41707372665405273 -0.533794641494751 -0.8086749911308289 0.3757278621196747 0.9068761467933655 -0.19079887866973877 -1.9609827995300293
0.5636612772941589 -0.060188960283994675 0.8238102197647095 -0.10989373177289963 0.7356020212173462 -0.41709330677986145 -0.5337816476821899 -0.8086673021316528 0.37573346495628357 0.9068685173988342 -0.1908242106437683 -1.9609805345535278
0.563558042049408 -0.06012694910168648 0.8238853812217712 -0.1099768877029419 0.735634982585907 -0.41721534729003906 -0.5336408019065857 -0.8086092472076416 0.37582382559776306 0.9068164825439453 -0.19089356064796448 -1.9610852003097534
0.5635583996772766 -0.060130611062049866 0.8238848447799683 -0.10996894538402557 0.7356359958648682 -0.4172099828720093 -0.5336436033248901 -0.8086065649986267 0.3758212924003601 0.906818687915802 -0.1908879280090332 -1.961086630821228
0.5644477605819702 -0.05983307957649231 0.8232975006103516 -0.10980415344238281 0.735161542892456 -0.41715607047080994 -0.5343391299247742 -0.8089860081672668 0.3754146993160248 0.9068631529808044 -0.19147582352161407 -1.9612236022949219
0.5645079016685486 -0.05977699160575867 0.8232603073120117 -0.10990545153617859 0.7351217865943909 -0.41719427704811096 -0.5343639850616455 -0.8087450861930847 0.37540215253829956 0.9068493247032166 -0.1915660798549652 -1.961111307144165
0.5645129680633545 -0.05979691445827484 0.8232553601264954 -0.10986500978469849 0.7351189255714417 -0.41718026995658875 -0.5343788862228394 -0.8087767362594604 0.3754001259803772 0.9068543910980225 -0.19154584407806396 -1.9610759019851685
0.5644301176071167 -0.059788331389427185 0.8233128190040588 -0.1098448857665062 0.7351609468460083 -0.4172142744064331 -0.5342944860458374 -0.808761715888977 0.3754424452781677 0.9068393707275391 -0.19153425097465515 -1.9610273838043213
0.5644441843032837 -0.05977930501103401 0.8233038187026978 -0.10983030498027802 0.7351564764976501 -0.41720885038375854 -0.5343048572540283 -0.8087579607963562 0.37543001770973206 0.9068424701690674 -0.19154395163059235 -1.961005687713623
0.5643163919448853 -0.059860724955797195 0.8233855366706848 -0.11006832122802734 0.7351975440979004 -0.4172571301460266 -0.5342106819152832 -0.8084933757781982 0.37554171681404114 0.9068148732185364 -0.19145558774471283 -1.961118221282959
0.5643196702003479 -0.05984903499484062 0.8233841061592102 -0.11005956679582596 0.7351887822151184 -0.41728076338768005 -0.5342043042182922 -0.8084703683853149 0.3755539655685425 0.9068047404289246 -0.1914793848991394 -1.9610953330993652
0.5641804337501526 -0.05989952012896538 0.8234758377075195 -0.11004795879125595 0.7352433204650879 -0.4173344373703003 -0.5340873003005981 -0.8085187077522278 0.375656396150589 0.9067767262458801 -0.19141119718551636 -1.961106300354004
0.5641688108444214 -0.059882115572690964 0.8234850764274597 -0.11002853512763977 0.7352501749992371 -0.4173473119735718 -0.5340678095817566 -0.8085086345672607 0.37566038966178894 0.9067719578742981 -0.19142600893974304 -1.961085557937622
0.564123272895813 -0.05988727882504463 0.8235158920288086 -0.1100684255361557 0.7352675795555115 -0.4173732101917267 -0.5340235829353333 -0.8085097670555115 0.3756946921348572 0.9067596793174744 -0.19141678512096405 -1.9611389636993408
0.5643832087516785 -0.05991711467504501 0.823335587978363 -0.10972972959280014 0.7351208329200745 -0.41730108857154846 -0.5342819094657898 -0.8088398575782776 0.3755914866924286 0.9067909121513367 -0.1914714127779007 -1.960955262184143
0.5643674731254578 -0.05988539010286331 0.8233487010002136 -0.10969723016023636 0.7351368069648743 -0.41730770468711853 -0.5342547297477722 -0.8088566660881042 0.37558379769325256 0.9067899584770203 -0.19149094820022583 -1.9609378576278687
0.5642243027687073 -0.0598558709025383 0.8234489560127258 -0.10982881486415863 0.7351617217063904 -0.41749095916748047 -0.5340772867202759 -0.8087228536605835 0.3757501542568207 0.9067075252532959 -0.19155478477478027 -1.9610099792480469
0.5642164349555969 -0.0598505437374115 0.823454737663269 -0.1098015308380127 0.7351667284965515 -0.4174945652484894 -0.5340675711631775 -0.8087301254272461 0.3757520914077759 0.9067062139511108 -0.1915571689605713 -1.9609904289245605
0.5641502737998962 -0.05990423634648323 0.8234961628913879 -0.10992784798145294 0.7351772785186768 -0.4175378978252411 -0.5340191721916199 -0.8086401224136353 0.37583085894584656 0.9066827297210693 -0.19151388108730316 -1.9611047506332397
0.5642354488372803 -0.05995979905128479 0.8234337568283081 -0.1099027469754219 0.7351909875869751 -0.41733548045158386 -0.5341585278511047 -0.8086599111557007 0.37567615509033203 0.906772255897522 -0.19139358401298523 -1.9610810279846191
0.5642427802085876 -0.05997728183865547 0.8234274387359619 -0.10987872630357742 0.7351940274238586 -0.4173052906990051 -0.5341778993606567 -0.8086656928062439 0.37565916776657104 0.9067850112915039 -0.19136656820774078 -1.9610649347305298
0.5641478896141052 -0.059983622282743454 0.8234920501708984 -0.10999661684036255 0.7351957559585571 -0.4174456000328064 -0.5340659022331238 -0.808590829372406 0.3757983446121216 0.906719982624054 -0.19140134751796722 -1.9610711336135864
0.5641301274299622 -0.05999228358268738 0.8235035538673401 -0.10997321456670761 0.735193133354187 -0.41747403144836426 -0.5340472459793091 -0.8085936307907104 0.3758300542831421 0.9067063331604004 -0.19140374660491943 -1.9610350131988525
0.5640679001808167 -0.06009044870734215 0.8235390186309814 -0.11006560176610947 0.7352383732795715 -0.4173985421657562 -0.5340439677238464 -0.8085028529167175 0.37583494186401367 0.9067345857620239 -0.19126032292842865 -1.9610756635665894
0.5640419125556946 -0.060105275362730026 0.8235557079315186 -0.11004596203565598 0.7352577447891235 -0.4173828661441803 -0.5340295433998108 -0.8085010647773743 0.375836044549942 0.9067407846450806 -0.19122856855392456 -1.9610449075698853
0.5642167329788208 -0.060017745941877365 0.8234423995018005 -0.10984819382429123 0.7351228594779968 -0.4174915552139282 -0.5341302752494812 -0.808763861656189 0.3758375346660614 0.9066965579986572 -0.1914352923631668 -1.960974931716919
0.564203143119812 -0.06003479287028313 0.8234504461288452 -0.10981548577547073 0.7351247072219849 -0.41749727725982666 -0.5341232419013977 -0.8087836503982544 0.3758542835712433 0.9066928029060364 -0.19142021238803864 -1.9609520435333252
0.5641690492630005 -0.060035765171051025 0.8234737515449524 -0.10985851287841797 0.7351303696632385 -0.4175363779067993 -0.5340849161148071 -0.8087500333786011 0.3758944571018219 0.9066747426986694 -0.19142699241638184 -1.9609794616699219
0.5643601417541504 -0.059896279126405716 0.8233529329299927 -0.10977471619844437 0.7350424528121948 -0.4175398051738739 -0.5342032313346863 -0.8089001774787903 0.375779390335083 0.9066823720932007 -0.19161652028560638 -1.9610090255737305
0.5643419027328491 -0.05991005524992943 0.8233644366264343 -0.10973495244979858 0.7350550889968872 -0.4175291061401367 -0.5341942310333252 -0.8089320659637451 0.37578222155570984 0.9066864252090454 -0.19159196317195892 -1.9609912633895874
0.5643275380134583 -0.05995705723762512 0.8233708739280701 -0.10979384928941727 0.7350477576255798 -0.41753873229026794 -0.5341967940330505 -0.8088312149047852 0.37581807374954224 0.9066788554191589 -0.19155730307102203 -1.961005687713623
0.5643165111541748 -0.059945326298475266 0.8233792781829834 -0.10976145416498184 0.7350690960884094 -0.41751205921173096 -0.5341882705688477 -0.808855414390564 0.37579286098480225 0.9066919088363647 -0.1915450096130371 -1.9609870910644531
0.5643482208251953 -0.0599663108587265 0.823356032371521 -0.1098070964217186 0.7350190877914429 -0.41756945848464966 -0.5342121720314026 -0.8088398575782776 0.3758430480957031 0.9066641330718994 -0.1915781944990158 -1.961086630821228
0.5643113255500793 -0.06012740731239319 0.823369562625885 -0.10970088839530945 0.7349724769592285 -0.41763511300086975 -0.5342249870300293 -0.8089523911476135 0.3759896159172058 0.9066231846809387 -0.1914842277765274 -1.9609651565551758
0.564547061920166 -0.06007181107997894 0.8232120275497437 -0.1095658391714096 0.734842836856842 -0.4176149368286133 -0.5344191193580627 -0.8090348839759827 0.3758891522884369 0.9066361784934998 -0.19161996245384216 -1.9608618021011353
0.564539909362793 -0.060077354311943054 0.8232164978981018 -0.10952159762382507 0.7348435521125793 -0.4176207482814789 -0.5344135761260986 -0.8090594410896301 0.37589845061302185 0.9066331386566162 -0.19161610305309296 -1.9608269929885864
0.564428448677063 -0.06005064770579338 0.8232948780059814 -0.10955952852964401 0.7348852753639221 -0.41771200299263 -0.5342848896980286 -0.8089234828948975 0.3759843111038208 0.906592845916748 -0.19163820147514343 -1.9607508182525635
0.5643608570098877 -0.06002911925315857 0.8233427405357361 -0.10969666391611099 0.7349339127540588 -0.4177144169807434 -0.5342161059379578 -0.8087523579597473 0.37599068880081177 0.9065931439399719 -0.1916242390871048 -1.9607527256011963
0.5643755197525024 -0.060043420642614365 0.8233316540718079 -0.1096625030040741 0.7349236607551575 -0.4177068769931793 -0.5342360734939575 -0.8087536096572876 0.3759886622428894 0.9065957069396973 -0.1916162222623825 -1.9606982469558716
0.5641951560974121 -0.060131628066301346 0.8234488368034363 -0.10990160703659058 0.7351247072219849 -0.417447030544281 -0.5341625809669495 -0.8086188435554504 0.3758663237094879 0.9067095518112183 -0.1913173496723175 -1.9609845876693726
0.5642018914222717 -0.060100067406892776 0.82344651222229 -0.10987904667854309 0.7351409196853638 -0.41741782426834106 -0.5341630578041077 -0.8086202144622803 0.375824511051178 0.9067250490188599 -0.19132591784000397 -1.9609558582305908
0.5642167925834656 -0.06014219671487808 0.8234332799911499 -0.10989069193601608 0.7351896166801453 -0.4172496795654297 -0.5342274308204651 -0.808658242225647 0.37570688128471375 0.9067996740341187 -0.19120335578918457 -1.9609944820404053
0.5642414689064026 -0.06013054400682449 0.8234172463417053 -0.1098715141415596 0.7351831197738647 -0.4172342121601105 -0.534248411655426 -0.8086602687835693 0.3756825029850006 0.906807541847229 -0.19121387600898743 -1.9609743356704712
0.5642336010932922 -0.06018378213047981 0.8234186768531799 -0.10980673134326935 0.7351549863815308 -0.4172798693180084 -0.5342514514923096 -0.8086898922920227 0.3757493197917938 0.9067829847335815 -0.1911989152431488 -1.96092689037323
0.5640811920166016 -0.060198429971933365 0.8235220313072205 -0.10988074541091919 0.7352475523948669 -0.417285680770874 -0.5341196060180664 -0.8086627125740051 0.3757971227169037 0.9067793488502502 -0.19112224876880646 -1.9609748125076294
0.564078152179718 -0.06018025055527687 0.8235254287719727 -0.10986108332872391 0.735257625579834 -0.41727781295776367 -0.5341117978096008 -0.8086661100387573 0.3757818937301636 0.906784176826477 -0.19112932682037354 -1.960953950881958
0.5640203356742859 -0.06023303419351578 0.8235611915588379 -0.10973857343196869 0.7352899312973022 -0.4172561466693878 -0.5340843200683594 -0.808757483959198 0.37580546736717224 0.9067906737327576 -0.19105221331119537 -1.9608709812164307
0.5639835000038147 -0.06028219684958458 0.8235828280448914 -0.10990893095731735 0.7353677153587341 -0.41709426045417786 -0.5341036915779114 -0.8086370825767517 0.37570860981941223 0.9068618416786194 -0.19090470671653748 -1.9609816074371338
0.5639770030975342 -0.060268718749284744 0.8235882520675659 -0.1098984107375145 0.7353805899620056 -0.4170820713043213 -0.5340954661369324 -0.8086393475532532 0.375693142414093 0.9068683385848999 -0.19090424478054047 -1.960967779159546
0.564608633518219 -0.05998385325074196 0.8231762051582336 -0.10958293080329895 0.7349941730499268 -0.41721028089523315 -0.5345270037651062 -0.8089576959609985 0.37550055980682373 0.9068282842636108 -0.19147273898124695 -1.9608782529830933
0.5646082162857056 -0.05998557060956955 0.8231763243675232 -0.109544537961483 0.7349963188171387 -0.4172045588493347 -0.5345284938812256 -0.8089788556098938 0.37549692392349243 0.9068307876586914 -0.19146794080734253 -1.960866093635559
0.5644901990890503 -0.06003608927130699 0.8232535719871521 -0.10957486182451248 0.7350547313690186 -0.4172157347202301 -0.5344395041465759 -0.8089852333068848 0.3755599856376648 0.9068223237991333 -0.19138437509536743 -1.9608392715454102
0.5644943714141846 -0.06001066789031029 0.8232525587081909 -0.10954206436872482 0.7350650429725647 -0.41720086336135864 -0.5344369411468506 -0.8090022206306458 0.3755336105823517 0.9068308472633362 -0.1913958042860031 -1.9608203172683716
0.5646455883979797 -0.05983390659093857 0.823161780834198 -0.10946640372276306 0.7349635362625122 -0.4173237383365631 -0.534480631351471 -0.8090798854827881 0.3755050003528595 0.9067859649658203 -0.19166426360607147 -1.9607411623001099
0.5645774006843567 -0.05996749922633171 0.8231987953186035 -0.1095086932182312 0.7349425554275513 -0.41739439964294434 -0.5344542264938354 -0.8090457320213318 0.37564846873283386 0.9067445993423462 -0.19157879054546356 -1.9607630968093872
0.5645608305931091 -0.059974830597639084 0.8232096433639526 -0.10947482287883759 0.734954297542572 -0.41738736629486084 -0.5344436168670654 -0.8090643286705017 0.37565046548843384 0.9067474007606506 -0.19156180322170258 -1.9607353210449219
0.5644046664237976 -0.06007133051753044 0.8233096599578857 -0.10974213480949402 0.7350637912750244 -0.41730502247810364 -0.5343572497367859 -0.8088056445121765 0.37567082047462463 0.906778872013092 -0.19137264788150787 -1.9609006643295288
0.5643913745880127 -0.06006335839629173 0.8233193159103394 -0.10971774905920029 0.7350795269012451 -0.4172930121421814 -0.5343450307846069 -0.808810830116272 0.3756599724292755 0.9067849516868591 -0.19136524200439453 -1.9608756303787231
0.5642972588539124 -0.06023930385708809 0.8233709931373596 -0.10966768115758896 0.7351459264755249 -0.4171660840511322 -0.5343528389930725 -0.8088172674179077 0.37567150592803955 0.906831681728363 -0.19112101197242737 -1.9608465433120728
0.5642959475517273 -0.06023404747247696 0.8233723044395447 -0.10964284837245941 0.7351545095443726 -0.4171507656574249 -0.5343528985977173 -0.8088176250457764 0.3756566345691681 0.9068390727043152 -0.19111515581607819 -1.9608206748962402
0.5642163157463074 -0.060341112315654755 0.8234190344810486 -0.10974805057048798 0.7351430058479309 -0.4172338545322418 -0.5343039035797119 -0.8087343573570251 0.3757987916469574 0.9067937135696411 -0.19105078279972076 -1.9608675241470337
0.5640996098518372 -0.06038036569952965 0.8234961032867432 -0.11004692316055298 0.7353237867355347 -0.4169546961784363 -0.5342730283737183 -0.8085682392120361 0.37562015652656555 0.9069194793701172 -0.1908048689365387 -1.9611115455627441
0.5641162991523743 -0.060374174267053604 0.8234851360321045 -0.11003820598125458 0.7353158593177795 -0.4169517457485199 -0.5342862606048584 -0.8085644841194153 0.3756106495857239 0.9069212675094604 -0.19081518054008484 -1.9611008167266846
0.5640565752983093 -0.06042802333831787 0.8235220909118652 -0.11004028469324112 0.7353233098983765 -0.4169924855232239 -0.5342442393302917 -0.8086011409759521 0.3756858706474304 0.9068989753723145 -0.19077321887016296 -1.9611105918884277
0.5640581250190735 -0.06042976677417755 0.8235208988189697 -0.11003784090280533 0.7353218793869019 -0.41699233651161194 -0.5342463254928589 -0.808597981929779 0.37568628787994385 0.9068989157676697 -0.19077259302139282 -1.961103081703186
0.5639832615852356 -0.06038747355341911 0.8235752582550049 -0.10998556762933731 0.7353340983390808 -0.41710740327835083 -0.5341396331787109 -0.8086196184158325 0.37577468156814575 0.9068487882614136 -0.19083663821220398 -1.9610811471939087
0.5639751553535461 -0.060407575219869614 0.8235793709754944 -0.10997641086578369 0.7353458404541016 -0.4170787036418915 -0.5341458916664124 -0.8086191415786743 0.375763863325119 0.9068606495857239 -0.19080156087875366 -1.9610754251480103
0.5639011859893799 -0.060380369424819946 0.823632001876831 -0.10995962470769882 0.7353415489196777 -0.4172224998474121 -0.5340395569801331 -0.8086420893669128 0.3758832812309265 0.9067963361740112 -0.19087207317352295 -1.9610743522644043
0.5637990832328796 -0.06040142476558685 0.8237003684043884 -0.10998652130365372 0.7354043126106262 -0.4172171652317047 -0.5339572429656982 -0.8085838556289673 0.37591370940208435 0.9067974090576172 -0.19080717861652374 -1.9610443115234375
0.563788652420044 -0.060418207198381424 0.8237062692642212 -0.10998000204563141 0.7354097366333008 -0.4172094762325287 -0.5339558124542236 -0.8085743188858032 0.3759186863899231 0.9067997932434082 -0.19078584015369415 -1.9610297679901123
0.5637207627296448 -0.06046152859926224 0.8237495422363281 -0.10989602655172348 0.7354485392570496 -0.4171940088272095 -0.5339144468307495 -0.8086166977882385 0.3759446442127228 0.9068040251731873 -0.19071456789970398 -1.960956335067749
0.5637289881706238 -0.06046096608042717 0.8237439393997192 -0.10988694429397583 0.7354423999786377 -0.4171961545944214 -0.5339211225509644 -0.8086058497428894 0.37594419717788696 0.9068030714988708 -0.19072002172470093 -1.960943579673767
0.5636519193649292 -0.06040329858660698 0.8238009214401245 -0.10985830426216125 0.7354875802993774 -0.41724517941474915 -0.533820629119873 -0.8086519837379456 0.3759714961051941 0.9067843556404114 -0.19075515866279602 -1.9609392881393433
0.5636552572250366 -0.060424089431762695 0.8237971067428589 -0.10984626412391663 0.735476016998291 -0.41725432872772217 -0.5338294506072998 -0.8086426258087158 0.37598907947540283 0.9067787528038025 -0.19074712693691254 -1.9609224796295166
0.5636266469955444 -0.0603819265961647 0.8238197565078735 -0.10979843884706497 0.7355003952980042 -0.41726750135421753 -0.5337855219841003 -0.8086661100387573 0.37598422169685364 0.9067755341529846 -0.1907721608877182 -1.9608793258666992
0.5636082887649536 -0.060354914516210556 0.8238343000411987 -0.10978778451681137 0.7355294227600098 -0.4172438085079193 -0.533764123916626 -0.8086652159690857 0.3759550452232361 0.9067882299423218 -0.1907692551612854 -1.960866093635559
0.5639505982398987 -0.06018020585179329 0.8236128091812134 -0.10963265597820282 0.735336184501648 -0.4172878861427307 -0.5339958071708679 -0.8089138269424438 0.3758196234703064 0.9067795872688293 -0.1910770684480667 -1.9608746767044067
0.563897967338562 -0.06016513705253601 0.8236499428749084 -0.10969819873571396 0.7353580594062805 -0.41732728481292725 -0.5339348912239075 -0.8088506460189819 0.37585586309432983 0.906762421131134 -0.19108709692955017 -1.9608529806137085
0.5639117956161499 -0.06017470359802246 0.8236397504806519 -0.10967753082513809 0.7353394031524658 -0.4173443913459778 -0.533947229385376 -0.8088621497154236 0.37587153911590576 0.9067538976669312 -0.19109660387039185 -1.9608350992202759
0.5638848543167114 -0.06017519533634186 0.8236582279205322 -0.10959871113300323 0.7353720664978027 -0.4173074960708618 -0.5339310765266418 -0.808915913105011 0.3758481442928314 0.9067708849906921 -0.19106221199035645 -1.9607226848602295
0.5638748407363892 -0.06019508093595505 0.823663592338562 -0.1095711961388588 0.735379695892334 -0.4172918498516083 -0.5339328050613403 -0.8089296221733093 0.3758482336997986 0.9067767262458801 -0.19103413820266724 -1.9606939554214478
0.5637511610984802 -0.06011935696005821 0.8237537741661072 -0.10973329842090607 0.7354604601860046 -0.41733935475349426 -0.5337843298912048 -0.8088159561157227 0.37587565183639526 0.9067599177360535 -0.1910601407289505 -1.9608852863311768
0.5636695027351379 -0.060198064893484116 0.8238039016723633 -0.10966522246599197 0.7354707717895508 -0.4173910915851593 -0.5337296724319458 -0.8088404536247253 0.37597790360450745 0.9067308902740479 -0.19099672138690948 -1.9608774185180664
0.5636593699455261 -0.06020476669073105 0.823810338973999 -0.1096377894282341 0.7354713678359985 -0.41740110516548157 -0.5337210297584534 -0.8088549971580505 0.37599191069602966 0.9067258238792419 -0.19099317491054535 -1.9608672857284546
0.563926637172699 -0.06013799086213112 0.8236322999000549 -0.10946157574653625 0.7353379726409912 -0.4173484444618225 -0.5339460372924805 -0.809065580368042 0.375852108001709 0.9067544937133789 -0.19113217294216156 -1.960771083831787
0.5639276504516602 -0.06014431640505791 0.8236311078071594 -0.10942163318395615 0.735342264175415 -0.41733238101005554 -0.5339526534080505 -0.8090963959693909 0.3758421540260315 0.9067614674568176 -0.19111861288547516 -1.960754632949829
0.5638004541397095 -0.06008028984069824 0.8237228989601135 -0.1095329076051712 0.7353431582450867 -0.4175705909729004 -0.5337651371955872 -0.8089390993118286 0.37603121995925903 0.90665602684021 -0.1912468522787094 -1.9607714414596558
0.5636661052703857 -0.06003865972161293 0.8238178491592407 -0.1097085177898407 0.735405445098877 -0.41765716671943665 -0.533611536026001 -0.8088109493255615 0.3761107623577118 0.9066188931465149 -0.19126643240451813 -1.9608688354492188
0.5636523962020874 -0.06003691628575325 0.8238273859024048 -0.10968035459518433 0.735429048538208 -0.4176228642463684 -0.5336058735847473 -0.8088257908821106 0.37608519196510315 0.9066348075866699 -0.19124124944210052 -1.9608354568481445
0.5636014342308044 -0.06005769595503807 0.8238607048988342 -0.10973607748746872 0.7354615330696106 -0.41761067509651184 -0.5335706472396851 -0.8087930679321289 0.37609803676605225 0.9066390991210938 -0.19119584560394287 -1.9608674049377441
0.5635858178138733 -0.06006694212555885 0.8238707780838013 -0.10971387475728989 0.7354791164398193 -0.41758665442466736 -0.5335651636123657 -0.8088050484657288 0.3760870695114136 0.9066495299339294 -0.1911679208278656 -1.960842251777649
0.5633620023727417 -0.060181379318237305 0.8240154385566711 -0.11008307337760925 0.7357404232025146 -0.41723188757896423 -0.5334824919700623 -0.8084983229637146 0.3759112060070038 0.9068052768707275 -0.19077472388744354 -1.9611736536026
0.5632829070091248 -0.06013251096010208 0.824073076248169 -0.11017786711454391 0.7357946038246155 -0.41725629568099976 -0.5333886742591858 -0.8084736466407776 0.37592366337776184 0.9067972302436829 -0.1907881647348404 -1.9612449407577515
0.563162624835968 -0.06012031063437462 0.8241561651229858 -0.11024265736341476 0.7358241677284241 -0.4173806607723236 -0.5332505702972412 -0.80840003490448 0.3760460317134857 0.9067408442497253 -0.19081522524356842 -1.9612791538238525
0.5631556510925293 -0.06013494357466698 0.8241598606109619 -0.110247902572155 0.7358314990997314 -0.4173644781112671 -0.5332531332969666 -0.808393120765686 0.3760421872138977 0.9067473411560059 -0.19079196453094482 -1.9612758159637451
0.5630674362182617 -0.0602555125951767 0.8242112994194031 -0.11044947057962418 0.7359359264373779 -0.4171721637248993 -0.5332595109939575 -0.8082547187805176 0.37596985697746277 0.9068278074264526 -0.19055187702178955 -1.961416244506836
0.5630572438240051 -0.06027093157172203 0.8242172002792358 -0.11054806411266327 0.7359407544136047 -0.41716650128364563 -0.533257246017456 -0.8081868290901184 0.37597569823265076 0.9068293571472168 -0.19053278863430023 -1.9614871740341187
0.5630634427070618 -0.0602683387696743 0.8242131471633911 -0.11057662963867188 0.7359339594841003 -0.41717490553855896 -0.5332600474357605 -0.8081715106964111 0.3759797513484955 0.9068256616592407 -0.19054242968559265 -1.961496114730835
0.5630137920379639 -0.06025603041052818 0.8242479562759399 -0.11051763594150543 0.7359655499458313 -0.41718411445617676 -0.5332092642784119 -0.8081955909729004 0.37599220871925354 0.9068222641944885 -0.1905340552330017 -1.961442470550537
0.5630555152893066 -0.06023000553250313 0.8242213726043701 -0.11049242317676544 0.7359352707862854 -0.4172089099884033 -0.5332316756248474 -0.8082236051559448 0.37598901987075806 0.9068126082420349 -0.1905863881111145 -1.9614278078079224
0.5631187558174133 -0.06035706028342247 0.824168860912323 -0.1104511022567749 0.7359007596969604 -0.41711118817329407 -0.533355712890625 -0.8082880973815918 0.3759618103504181 0.9068490862846375 -0.19046632945537567 -1.9614531993865967
0.5631191730499268 -0.060355450958013535 0.8241686820983887 -0.11047590523958206 0.7359099984169006 -0.4170892834663391 -0.5333600640296936 -0.8082824349403381 0.375943124294281 0.906859278678894 -0.19045479595661163 -1.961472988128662
0.5631053447723389 -0.060319460928440094 0.8241807818412781 -0.11035463958978653 0.7358917593955994 -0.4171781837940216 -0.5333157181739807 -0.8083540797233582 0.3759995400905609 0.9068207740783691 -0.19052667915821075 -1.961372971534729
0.5631388425827026 -0.060364700853824615 0.8241545557975769 -0.11029226332902908 0.7358646988868713 -0.41716185212135315 -0.5333658456802368 -0.808358907699585 0.37600231170654297 0.9068253040313721 -0.19049979746341705 -1.9612982273101807
0.5631245374679565 -0.060362160205841064 0.8241645097732544 -0.11030551791191101 0.735883355140686 -0.4171408712863922 -0.5333564877510071 -0.8083505630493164 0.3759872615337372 0.9068350791931152 -0.1904827356338501 -1.961306095123291
0.5630702376365662 -0.06032048910856247 0.824204683303833 -0.1102190911769867 0.7359316945075989 -0.41713595390319824 -0.5332936644554138 -0.8084274530410767 0.3759739398956299 0.9068401455879211 -0.19048509001731873 -1.961236596107483
0.5630750060081482 -0.060314830392599106 0.8242018222808838 -0.11022911965847015 0.7359344959259033 -0.4171255826950073 -0.5332979559898376 -0.8084188103675842 0.37596145272254944 0.9068452715873718 -0.19048522412776947 -1.9612410068511963
0.5630249977111816 -0.060317039489746094 0.8242357969284058 -0.11017464846372604 0.7359692454338074 -0.4171183109283447 -0.5332556962966919 -0.8084360957145691 0.37596824765205383 0.9068484902381897 -0.1904565691947937 -1.9612096548080444
0.5630223751068115 -0.06031843274831772 0.8242375254631042 -0.11018019169569016 0.7359722852706909 -0.4171140789985657 -0.5332547426223755 -0.8084297180175781 0.3759661614894867 0.9068503379821777 -0.19045187532901764 -1.9612128734588623
0.5630298852920532 -0.06029408425092697 0.8242341876029968 -0.11017458140850067 0.7359685897827148 -0.4171270728111267 -0.5332496762275696 -0.8084369897842407 0.37596219778060913 0.9068459868431091 -0.19048047065734863 -1.961211919784546
0.5629759430885315 -0.06026550382375717 0.8242731094360352 -0.11018013209104538 0.7360138893127441 -0.4171205461025238 -0.5331923365592957 -0.808417797088623 0.37595435976982117 0.9068508744239807 -0.1904725879430771 -1.9612302780151367
0.5629757642745972 -0.060282640159130096 0.8242719769477844 -0.11018747091293335 0.7360110282897949 -0.41711661219596863 -0.5331993103027344 -0.8084118962287903 0.37596020102500916 0.9068515300750732 -0.19045786559581757 -1.9612354040145874
0.5629013180732727 -0.060230255126953125 0.8243266344070435 -0.11031290888786316 0.7360433340072632 -0.41718870401382446 -0.5330982804298401 -0.8083456754684448 0.37600842118263245 0.9068218469619751 -0.19050399959087372 -1.9613206386566162
0.5628889799118042 -0.060223598033189774 0.8243355751037598 -0.1103283166885376 0.7360557317733765 -0.4171823561191559 -0.5330861806869507 -0.8083413243293762 0.37600260972976685 0.9068252444267273 -0.1904994398355484 -1.9613269567489624
0.5628982186317444 -0.06037912145256996 0.8243178725242615 -0.11038882285356522 0.7360865473747253 -0.41699302196502686 -0.5331917405128479 -0.8082923293113708 0.37592843174934387 0.9069019556045532 -0.19028036296367645 -1.961395025253296
0.5635342001914978 -0.06001110374927521 0.823910117149353 -0.11018306016921997 0.7357470393180847 -0.4170571565628052 -0.5336100459098816 -0.8085403442382812 0.3756401240825653 0.9068968892097473 -0.19087298214435577 -1.9613865613937378
0.5635117888450623 -0.06002373620867729 0.8239245414733887 -0.11017279326915741 0.7357702851295471 -0.41702786087989807 -0.5336008071899414 -0.8085549473762512 0.37562820315361023 0.9069095253944397 -0.19083642959594727 -1.961409330368042
0.5635321140289307 -0.060081589967012405 0.8239063620567322 -0.11013880372047424 0.7356942296028137 -0.41714218258857727 -0.533616304397583 -0.8085951209068298 0.37574663758277893 0.9068531394004822 -0.19087134301662445 -1.9613566398620605
0.563530683517456 -0.06008000671863556 0.8239074945449829 -0.11013209074735641 0.7357003092765808 -0.41713079810142517 -0.533616840839386 -0.8086119890213013 0.37573689222335815 0.906858503818512 -0.19086511433124542 -1.9613755941390991
0.5637140870094299 -0.059909187257289886 0.8237944841384888 -0.10998889058828354 0.7355384230613708 -0.41734540462493896 -0.5336722135543823 -0.8086845278739929 0.3757787048816681 0.9067710041999817 -0.1911979764699936 -1.9611822366714478
0.563706636428833 -0.059845663607120514 0.8238041996955872 -0.11001741141080856 0.7354843616485596 -0.4175287187099457 -0.5336033701896667 -0.8086208701133728 0.37589573860168457 0.9066908359527588 -0.191348135471344 -1.961140513420105
0.5636847019195557 -0.05985233932733536 0.8238186836242676 -0.11000583320856094 0.735492467880249 -0.4175390601158142 -0.5335840582847595 -0.8086214661598206 0.37591272592544556 0.9066856503486633 -0.1913394331932068 -1.9611140489578247
0.5636740922927856 -0.05995722487568855 0.8238183259963989 -0.11016563326120377 0.7355275750160217 -0.4174030125141144 -0.5336421132087708 -0.8084484934806824 0.37585997581481934 0.9067413210868835 -0.1911790817975998 -1.9611642360687256
0.5636100769042969 -0.05993534252047539 0.8238637447357178 -0.11026207357645035 0.7355677485466003 -0.41742026805877686 -0.5335732102394104 -0.8083813786506653 0.375877320766449 0.906734824180603 -0.19117577373981476 -1.9612159729003906
0.5635994076728821 -0.059952668845653534 0.8238697648048401 -0.11026433855295181 0.7355782985687256 -0.4174002408981323 -0.5335743427276611 -0.8083653450012207 0.3758726418018341 0.9067429304122925 -0.1911466419696808 -1.9611949920654297
0.563637912273407 -0.0600721500813961 0.8238347172737122 -0.11033507436513901 0.7355895638465881 -0.41723549365997314 -0.5336876511573792 -0.8082790970802307 0.37579283118247986 0.9068108201026917 -0.19098129868507385 -1.9612932205200195
0.5635251998901367 -0.06012196093797684 0.8239082098007202 -0.110512875020504 0.7357359528541565 -0.41702622175216675 -0.5336494445800781 -0.8082070350646973 0.37567538022994995 0.9069038033485413 -0.19077089428901672 -1.9614644050598145
0.5635059475898743 -0.06010952964425087 0.8239222764968872 -0.11051733791828156 0.7357537150382996 -0.4170214533805847 -0.5336287021636963 -0.8081935048103333 0.3756694495677948 0.90690678358078 -0.1907682716846466 -1.9614663124084473
0.5635197758674622 -0.06021876260638237 0.823904812335968 -0.11046910285949707 0.7357322573661804 -0.4169808030128479 -0.5336899757385254 -0.8082154393196106 0.37569066882133484 0.9069182276725769 -0.19067205488681793 -1.9614967107772827
0.5638048052787781 -0.06003980338573456 0.8237228393554688 -0.11014589667320251 0.7355621457099915 -0.4170616567134857 -0.5338613390922546 -0.8085698485374451 0.37559613585472107 0.9068929553031921 -0.19097836315631866 -1.9613217115402222
0.5637959241867065 -0.060049980878829956 0.8237282037734985 -0.11013291776180267 0.7355667948722839 -0.41705772280693054 -0.5338580012321472 -0.8085843920707703 0.3756003677845001 0.9068940877914429 -0.1909646838903427 -1.9613277912139893
0.5636597275733948 -0.0600886233150959 0.823818564414978 -0.11036782711744308 0.7356282472610474 -0.4170973598957062 -0.5337423086166382 -0.8083457350730896 0.37568438053131104 0.9068732857704163 -0.1908981055021286 -1.9614181518554688
0.5636449456214905 -0.060110028833150864 0.8238271474838257 -0.11024054884910583 0.7356324791908264 -0.41709643602371216 -0.5337371826171875 -0.8084591627120972 0.3756983280181885 0.9068722724914551 -0.19087539613246918 -1.961302399635315
0.5636313557624817 -0.06011559069156647 0.8238360285758972 -0.11023391038179398 0.7356392741203308 -0.4170975983142853 -0.5337269306182861 -0.8084708452224731 0.3757053315639496 0.9068713784217834 -0.1908659040927887 -1.961297631263733
0.5645495057106018 -0.05982573702931404 0.8232282400131226 -0.10966711491346359 0.7350777983665466 -0.4172036647796631 -0.5344172120094299 -0.8091741800308228 0.3754257261753082 0.9068417549133301 -0.19155555963516235 -1.9611040353775024
