# 3x4 first row second row third row Freq: 100 current Time: 2021-07-31-13:28:34
0.40525099635124207 -0.5199846029281616 0.7519226670265198 0.007128783036023378 0.1725374311208725 -0.7642046809196472 -0.621467649936676 -0.835699737071991 0.8977764248847961 0.38158518075942993 -0.21997790038585663 -1.9332374334335327
0.405281662940979 -0.5199083089828491 0.7519588470458984 0.006927256938070059 0.17249099910259247 -0.7642766833305359 -0.621392011642456 -0.8355907797813416 0.8977714776992798 0.38154491782188416 -0.2200678139925003 -1.933359980583191
0.4052656292915344 -0.5199093818664551 0.7519667744636536 0.00691746873781085 0.17251747846603394 -0.7642701864242554 -0.6213926672935486 -0.8355839252471924 0.8977736234664917 0.3815564811229706 -0.22003896534442902 -1.933377981185913
0.40524452924728394 -0.5199901461601257 0.7519222497940063 0.0071683418937027454 0.17255599796772003 -0.7641944289207458 -0.621475100517273 -0.835716724395752 0.8977757692337036 0.3815980851650238 -0.21995820105075836 -1.9331488609313965
0.4052644371986389 -0.5200371742248535 0.7518790364265442 0.0071913315914571285 0.172526016831398 -0.7641613483428955 -0.6215240955352783 -0.8356948494911194 0.8977725505828857 0.3816003203392029 -0.21996746957302094 -1.933083176612854
0.40526217222213745 -0.5200254917144775 0.7518883347511292 0.0071874456480145454 0.17253310978412628 -0.7641687393188477 -0.6215130090713501 -0.8356797695159912 0.8977721929550171 0.38160136342048645 -0.2199670523405075 -1.933085322380066
0.4052916169166565 -0.5201224684715271 0.7518053650856018 0.007549684960395098 0.17241837084293365 -0.7641270160675049 -0.6215962171554565 -0.8359239101409912 0.8977809548377991 0.3815527856349945 -0.22001560032367706 -1.9328893423080444
0.4052935242652893 -0.5201311707496643 0.7517983317375183 0.007559590972959995 0.17241701483726501 -0.7641196846961975 -0.6216055154800415 -0.8359198570251465 0.8977803587913513 0.3815555274486542 -0.2200133055448532 -1.9328900575637817
0.4054332375526428 -0.5201025009155273 0.7517428398132324 0.007473516743630171 0.1723499894142151 -0.7641227841377258 -0.6216202974319458 -0.8359071612358093 0.8977301120758057 0.3815883994102478 -0.22016112506389618 -1.9329298734664917
0.40541785955429077 -0.5200979709625244 0.7517542839050293 0.007481723558157682 0.1723678708076477 -0.7641243934631348 -0.6216134428977966 -0.8359091281890869 0.8977336287498474 0.38159146904945374 -0.22014150023460388 -1.932927131652832
0.40539196133613586 -0.5201341509819031 0.7517431974411011 0.007699850481003523 0.17236466705799103 -0.7641049027442932 -0.6216382384300232 -0.8360342979431152 0.8977459669113159 0.3815810978412628 -0.2201092392206192 -1.9328209161758423
0.405355840921402 -0.5201956629753113 0.751720130443573 0.007798364851623774 0.17246359586715698 -0.7640246748924255 -0.621709406375885 -0.8360837697982788 0.897743284702301 0.3816578984260559 -0.21998704969882965 -1.9327476024627686
0.4053352475166321 -0.5201589465141296 0.7517566084861755 0.007630472537130117 0.1724613755941391 -0.7640632390975952 -0.6216626763343811 -0.8360128402709961 0.8977530002593994 0.3816307783126831 -0.2199944406747818 -1.9328489303588867
0.4053787291049957 -0.5201958417892456 0.7517076134681702 0.007855664007365704 0.17240698635578156 -0.7640405893325806 -0.6217055916786194 -0.83615642786026 0.897743821144104 0.38162586092948914 -0.22004039585590363 -1.9326889514923096
0.40538108348846436 -0.5201935172080994 0.7517079710960388 0.007882087491452694 0.1724058836698532 -0.7640420794487 -0.6217040419578552 -0.8361647725105286 0.8977429270744324 0.3816259205341339 -0.22004379332065582 -1.9326807260513306
0.4053073227405548 -0.5202776789665222 0.7516894936561584 0.008117401972413063 0.17226764559745789 -0.7640572190284729 -0.6217237710952759 -0.8362950086593628 0.8978027701377869 0.38148099184036255 -0.22005097568035126 -1.9325041770935059
0.4053000807762146 -0.5202715992927551 0.7516975998878479 0.00815518107265234 0.17226077616214752 -0.7640676498413086 -0.6217128038406372 -0.8363057374954224 0.8978073596954346 0.381468266248703 -0.2200542837381363 -1.9324891567230225
0.4053593575954437 -0.5203180313110352 0.7516335248947144 0.008064464665949345 0.17216306924819946 -0.7640499472618103 -0.621761679649353 -0.836275041103363 0.8977993726730347 0.3814404308795929 -0.22013524174690247 -1.9324746131896973
0.40535876154899597 -0.5203163027763367 0.7516350150108337 0.008097609505057335 0.1721649467945099 -0.7640508413314819 -0.6217600703239441 -0.8362880349159241 0.8977992534637451 0.3814411163330078 -0.22013446688652039 -1.9324489831924438
0.40521711111068726 -0.5203468203544617 0.7516902685165405 0.00825333409011364 0.17225421965122223 -0.7640374302864075 -0.6217518448829651 -0.8363896012306213 0.8978461027145386 0.38142630457878113 -0.21996909379959106 -1.9323621988296509
0.40519648790359497 -0.5203673243522644 0.751687228679657 0.007957548834383488 0.17227135598659515 -0.7640204429626465 -0.6217679381370544 -0.8362485766410828 0.8978521227836609 0.38143235445022583 -0.21993401646614075 -1.9325207471847534
0.4052020311355591 -0.5203977823257446 0.7516631484031677 0.0079824673011899 0.17225830256938934 -0.7639988660812378 -0.6217980980873108 -0.8362643718719482 0.8978521227836609 0.38143405318260193 -0.21993103623390198 -1.9325001239776611
0.40517863631248474 -0.5204299688339233 0.7516534328460693 0.007893003523349762 0.17231301963329315 -0.763957142829895 -0.6218340992927551 -0.8361743688583374 0.8978521823883057 0.381473571062088 -0.21986226737499237 -1.9325875043869019
0.4051814377307892 -0.5204297304153442 0.7516521215438843 0.007918223738670349 0.1723201721906662 -0.7639533281326294 -0.6218368411064148 -0.8361832499504089 0.8978495001792908 0.3814815580844879 -0.21985918283462524 -1.9325730800628662
0.405134379863739 -0.5204208493232727 0.7516835927963257 0.007887497544288635 0.17247556149959564 -0.7639111876487732 -0.621845543384552 -0.8361930847167969 0.8978409171104431 0.3815780580043793 -0.2197268009185791 -1.9326040744781494
0.40514618158340454 -0.5204375386238098 0.7516657114028931 0.007910639978945255 0.1724570095539093 -0.7639011144638062 -0.621863067150116 -0.8362062573432922 0.8978391885757446 0.38157546520233154 -0.21973849833011627 -1.93259596824646
0.40504711866378784 -0.5204154849052429 0.7517343759536743 0.007981086149811745 0.17249521613121033 -0.7639379501342773 -0.6218072175979614 -0.8362382650375366 0.897876501083374 0.38153180480003357 -0.21966169774532318 -1.9326162338256836
0.4051336646080017 -0.5203412175178528 0.7517391443252563 0.007731450721621513 0.17240886390209198 -0.7640056610107422 -0.6217479705810547 -0.836127758026123 0.8978540301322937 0.38149750232696533 -0.21981297433376312 -1.9327977895736694
0.40514305233955383 -0.5203319787979126 0.7517405152320862 0.007759031839668751 0.17240454256534576 -0.7640118598937988 -0.621741533279419 -0.8361406326293945 0.8978506326675415 0.38149774074554443 -0.21982648968696594 -1.9328043460845947
0.40517404675483704 -0.5203326344490051 0.7517233490943909 0.007786693517118692 0.17238956689834595 -0.7640067934989929 -0.6217519640922546 -0.8361530900001526 0.8978395462036133 0.381507009267807 -0.21985580027103424 -1.9328134059906006
0.4051929712295532 -0.5203407406806946 0.7517075538635254 0.008045020513236523 0.17243123054504395 -0.7639757394790649 -0.6217785477638245 -0.8362980484962463 0.8978229761123657 0.3815581500530243 -0.2198345959186554 -1.9326387643814087
0.4052930772304535 -0.5203096270561218 0.7516750693321228 0.007747250609099865 0.172394797205925 -0.7639817595481873 -0.6217812299728394 -0.8360809087753296 0.8977848291397095 0.38158851861953735 -0.21993784606456757 -1.9327683448791504
0.40529289841651917 -0.5203030109405518 0.7516797780990601 0.007771041709929705 0.17240522801876068 -0.7639828324317932 -0.6217769980430603 -0.8360844254493713 0.8977828621864319 0.38159531354904175 -0.21993385255336761 -1.9327669143676758
0.40538498759269714 -0.5202634334564209 0.7516574859619141 0.007542967796325684 0.17232616245746613 -0.7640168070793152 -0.6217572093009949 -0.8359659314155579 0.8977564573287964 0.38158127665519714 -0.2200659215450287 -1.932882308959961
0.40541478991508484 -0.5202440619468689 0.751654863357544 0.00755405705422163 0.1723187267780304 -0.7640255093574524 -0.6217485070228577 -0.8359665274620056 0.8977444767951965 0.38159024715423584 -0.22009944915771484 -1.9328796863555908
0.40549924969673157 -0.5202159881591797 0.7516286969184875 0.007474345620721579 0.17224325239658356 -0.764051079750061 -0.6217380166053772 -0.8359322547912598 0.8977208137512207 0.3815772831439972 -0.22021843492984772 -1.9329029321670532
0.40554675459861755 -0.5203385353088379 0.7515182495117188 0.007671103347092867 0.1721859872341156 -0.7639573812484741 -0.6218690276145935 -0.8359863758087158 0.8977103233337402 0.3815978765487671 -0.22022543847560883 -1.9327589273452759
0.40554279088974 -0.5203449130058289 0.7515159249305725 0.00770039577037096 0.17219659686088562 -0.7639489769935608 -0.6218764185905457 -0.8359853625297546 0.8977100849151611 0.38160601258277893 -0.22021237015724182 -1.932734727859497
0.40542924404144287 -0.520354151725769 0.7515708208084106 0.00760579202324152 0.17227600514888763 -0.7639475464820862 -0.6218562126159668 -0.8359636068344116 0.8977461457252502 0.38159629702568054 -0.2200821340084076 -1.9327877759933472
0.4055697023868561 -0.5203492045402527 0.7514984607696533 0.007832802832126617 0.17212696373462677 -0.7639656066894531 -0.6218752861022949 -0.8361254334449768 0.8977112770080566 0.38156694173812866 -0.2202751636505127 -1.932700514793396
0.40567198395729065 -0.5202243328094482 0.7515296936035156 0.007422236260026693 0.1721147894859314 -0.7640380859375 -0.6217895746231079 -0.8358898758888245 0.897667407989502 0.3815920054912567 -0.22041055560112 -1.933021068572998
0.40573850274086 -0.5201742053031921 0.7515285015106201 0.007151409517973661 0.17215044796466827 -0.764041006565094 -0.6217761635780334 -0.8357033133506775 0.8976304531097412 0.3816545009613037 -0.22045263648033142 -1.9331759214401245
0.4057403802871704 -0.520190417766571 0.7515162229537964 0.007165651302784681 0.1721321940422058 -0.7640346884727478 -0.6217889785766602 -0.8357102870941162 0.8976331353187561 0.3816450238227844 -0.22045820951461792 -1.933180570602417
0.4056793749332428 -0.5203010439872742 0.7514725923538208 0.00746977049857378 0.17195548117160797 -0.7640396952629089 -0.6218316555023193 -0.8359130024909973 0.8976945877075195 0.38148412108421326 -0.22048655152320862 -1.9329159259796143
0.405710905790329 -0.5203022360801697 0.751454770565033 0.007300143130123615 0.17216211557388306 -0.7639397978782654 -0.621897280216217 -0.8357495069503784 0.8976407051086426 0.38168254494667053 -0.2203623652458191 -1.9330501556396484
0.40564724802970886 -0.520332932472229 0.7514678835868835 0.007525007240474224 0.1720529943704605 -0.7639831900596619 -0.6218741536140442 -0.8359363079071045 0.8976904153823853 0.3815538287162781 -0.22038285434246063 -1.9328817129135132
0.4056378901004791 -0.5203388929367065 0.7514687776565552 0.007546032313257456 0.17205709218978882 -0.7639797925949097 -0.621877133846283 -0.8359374403953552 0.8976938724517822 0.38155248761177063 -0.22037117183208466 -1.9328677654266357
0.40562722086906433 -0.5203433036804199 0.7514715194702148 0.007429761812090874 0.17215986549854279 -0.7639362215995789 -0.6219022274017334 -0.8358498811721802 0.8976789712905884 0.3816336989402771 -0.22029109299182892 -1.9329524040222168
0.40569743514060974 -0.52027827501297 0.7514786124229431 0.007345101796090603 0.17213957011699677 -0.7639739513397217 -0.6218615174293518 -0.8358439207077026 0.8976511359214783 0.3816468417644501 -0.22038181126117706 -1.9330859184265137
0.40568777918815613 -0.5202809572219849 0.7514819502830505 0.007368104066699743 0.17211975157260895 -0.7639835476875305 -0.6218551993370056 -0.8358520865440369 0.8976593017578125 0.3816239535808563 -0.22038817405700684 -1.9330857992172241
0.405793696641922 -0.5202426314353943 0.751451313495636 0.007334499154239893 0.1721739023923874 -0.7639549970626831 -0.6218753457069397 -0.8358322381973267 0.8976010680198669 0.38173338770866394 -0.22043590247631073 -1.933078646659851
0.40579941868782043 -0.5202586054801941 0.7514371275901794 0.007352797780185938 0.17216378450393677 -0.7639440298080444 -0.6218915581703186 -0.835842490196228 0.8976004123687744 0.3817335069179535 -0.22043836116790771 -1.9330737590789795
0.40582770109176636 -0.5202240943908691 0.7514457702636719 0.0072884829714894295 0.1721305251121521 -0.7639768123626709 -0.6218605637550354 -0.8358480334281921 0.8975939750671387 0.38171499967575073 -0.2204965054988861 -1.9330692291259766
0.40579283237457275 -0.5202140808105469 0.7514715194702148 0.007257102057337761 0.1720575988292694 -0.7640283703804016 -0.6218173503875732 -0.83584064245224 0.8976237177848816 0.3816254138946533 -0.2205304503440857 -1.9330309629440308
0.40579432249069214 -0.5202142596244812 0.7514706254005432 0.007263939827680588 0.17209084331989288 -0.7640135884284973 -0.6218263506889343 -0.8358551859855652 0.8976166844367981 0.3816547989845276 -0.22050826251506805 -1.9330213069915771
0.4058234989643097 -0.5202336311340332 0.751441478729248 0.007094329223036766 0.17214351892471313 -0.7639648914337158 -0.6218715906143188 -0.8356772065162659 0.8975933790206909 0.38172587752342224 -0.2204800546169281 -1.9331648349761963
0.4058361351490021 -0.520250678062439 0.7514228224754333 0.00710097374394536 0.17212283611297607 -0.7639551162719727 -0.6218892931938171 -0.8356741070747375 0.8975916504859924 0.38172218203544617 -0.22049355506896973 -1.9331631660461426
0.40583112835884094 -0.5202786326408386 0.751406192779541 0.0071685356087982655 0.172074556350708 -0.7639542818069458 -0.6219037175178528 -0.8356893658638 0.8976031541824341 0.3816857635974884 -0.22050972282886505 -1.9331028461456299
0.40582022070884705 -0.5203018188476562 0.7513960003852844 0.007188730873167515 0.17208029329776764 -0.763936460018158 -0.6219239830970764 -0.8356866836547852 0.8976069688796997 0.38168978691101074 -0.22048717737197876 -1.9330962896347046
0.405939519405365 -0.5203139185905457 0.7513231635093689 0.00730371568351984 0.17209795117378235 -0.7638769745826721 -0.6219922304153442 -0.8357533812522888 0.8975496888160706 0.3817923963069916 -0.22054287791252136 -1.9330073595046997
0.4058472812175751 -0.5203619599342346 0.7513397336006165 0.0073563940823078156 0.17217785120010376 -0.7638356685638428 -0.6220207810401917 -0.8358109593391418 0.8975760340690613 0.3818095028400421 -0.22040581703186035 -1.932983636856079
0.40585026144981384 -0.5203669667243958 0.7513346672058105 0.007380873896181583 0.172174870967865 -0.7638317346572876 -0.6220264434814453 -0.8358137011528015 0.8975752592086792 0.3818105459213257 -0.22040718793869019 -1.9329782724380493
0.4058617353439331 -0.5203855633735657 0.7513155937194824 0.007373263128101826 0.17205123603343964 -0.7638648748397827 -0.6220199465751648 -0.8358649015426636 0.8975937962532043 0.38171887397766113 -0.22049055993556976 -1.9329931735992432
0.405889093875885 -0.5203815698623657 0.7513035535812378 0.00739260483533144 0.17205050587654114 -0.7638588547706604 -0.6220275163650513 -0.8358757495880127 0.8975815773010254 0.3817363381385803 -0.2205100804567337 -1.9329872131347656
0.4057687222957611 -0.520470380783081 0.7513070702552795 0.007456515915691853 0.1721406728029251 -0.7637893557548523 -0.6220878958702087 -0.8358818888664246 0.8976187109947205 0.3817543387413025 -0.2203277200460434 -1.9329453706741333
0.4057430028915405 -0.5204721689224243 0.7513197064399719 0.007483333814889193 0.1721602827310562 -0.763788640499115 -0.6220834255218506 -0.8358893394470215 0.8976265788078308 0.38175341486930847 -0.22029726207256317 -1.9329396486282349
0.40580183267593384 -0.5205010175704956 0.7512679696083069 0.007401753682643175 0.17207418382167816 -0.7637806534767151 -0.6221170425415039 -0.8358469009399414 0.8976165056228638 0.3817300498485565 -0.2203787863254547 -1.9329272508621216
0.40565669536590576 -0.5204874277114868 0.751355767250061 0.007472562603652477 0.17226332426071167 -0.7637625932693481 -0.6220868825912476 -0.8359199166297913 0.8976458311080933 0.38178473711013794 -0.22016450762748718 -1.9329261779785156
0.4056140184402466 -0.5204252600669861 0.7514218688011169 0.007626804988831282 0.1722545325756073 -0.7638327479362488 -0.6220031380653381 -0.8360384106636047 0.8976667523384094 0.38172900676727295 -0.22017566859722137 -1.9328055381774902
0.40566256642341614 -0.520412027835846 0.7514048218727112 0.007769529242068529 0.17212551832199097 -0.763881504535675 -0.6219789981842041 -0.8361652493476868 0.8976695537567139 0.38164955377578735 -0.22030194103717804 -1.932712435722351
0.405651718378067 -0.5204277634620667 0.7513997554779053 0.007802261039614677 0.17210718989372253 -0.7638800740242004 -0.6219857931137085 -0.8361846208572388 0.897678017616272 0.38163092732429504 -0.22029989957809448 -1.932695746421814
0.4055453836917877 -0.5204631686210632 0.7514326572418213 0.008048427291214466 0.17212755978107452 -0.7638795971870422 -0.6219807863235474 -0.8363217115402222 0.8977221250534058 0.38158369064331055 -0.220201775431633 -1.932573914527893
0.4055052399635315 -0.5203462839126587 0.7515352368354797 0.007841093465685844 0.17220844328403473 -0.7639560103416443 -0.6218645572662354 -0.8362177610397339 0.8977247476577759 0.3815900385379791 -0.22018012404441833 -1.932694673538208
0.40550941228866577 -0.5203648209571838 0.7515201568603516 0.007871060632169247 0.17220240831375122 -0.763941764831543 -0.6218836903572083 -0.8362374901771545 0.8977240324020386 0.3815932869911194 -0.22017748653888702 -1.9326820373535156
0.4054577946662903 -0.5204028487205505 0.7515217065811157 0.007827412337064743 0.17222970724105835 -0.7639168500900269 -0.6219066977500916 -0.8361566066741943 0.8977420926094055 0.3815912902355194 -0.22010722756385803 -1.932651400566101
0.4054546058177948 -0.5203884840011597 0.7515333294868469 0.007855955511331558 0.1722438633441925 -0.7639238238334656 -0.6218942403793335 -0.8361650705337524 0.8977408409118652 0.3815968930721283 -0.2201026976108551 -1.9326330423355103
0.40550366044044495 -0.5204358100891113 0.751474142074585 0.008120563812553883 0.17213065922260284 -0.7639155387878418 -0.6219357252120972 -0.8363005518913269 0.897740364074707 0.3815489709377289 -0.22018758952617645 -1.9324582815170288
0.4054923951625824 -0.5204277038574219 0.7514858245849609 0.008164838887751102 0.17213574051856995 -0.7639240622520447 -0.6219239234924316 -0.8363065719604492 0.8977444767951965 0.38154298067092896 -0.2201811969280243 -1.9324331283569336
0.40545693039894104 -0.5204482078552246 0.7514907121658325 0.008265024982392788 0.17237547039985657 -0.7638176083564758 -0.6219882369041443 -0.8363227248191833 0.8977144956588745 0.38172799348831177 -0.21998265385627747 -1.932405948638916
0.4055592715740204 -0.5203889012336731 0.7514765858650208 0.008164350874722004 0.17230507731437683 -0.7638606429100037 -0.6219548583030701 -0.8363298773765564 0.8976818323135376 0.3817227780818939 -0.22012512385845184 -1.932477355003357
0.405549556016922 -0.5203845500946045 0.7514848113059998 0.008211083710193634 0.17230549454689026 -0.7638674974441528 -0.621946394443512 -0.8363457322120667 0.8976861238479614 0.3817150294780731 -0.22012098133563995 -1.9324581623077393
0.40542757511138916 -0.5203790068626404 0.7515544891357422 0.008440142497420311 0.17242690920829773 -0.7638633847236633 -0.6219177842140198 -0.8365383744239807 0.8977178931236267 0.381730854511261 -0.2199639230966568 -1.9322994947433472
0.4054300785064697 -0.5203661322593689 0.7515620589256287 0.008496207185089588 0.17245860397815704 -0.7638596892356873 -0.621913492679596 -0.8365617990493774 0.8977106809616089 0.3817557990550995 -0.21995007991790771 -1.932277798652649
0.40542006492614746 -0.5204271674156189 0.7515251636505127 0.008789327926933765 0.17238542437553406 -0.7638437747955322 -0.6219533085823059 -0.8367395997047424 0.8977292776107788 0.3817043602466583 -0.21996353566646576 -1.9320738315582275
0.40542611479759216 -0.520431399345398 0.7515190243721008 0.008856886066496372 0.1723567694425583 -0.7638503313064575 -0.6219531893730164 -0.8367635607719421 0.8977320194244385 0.3816854655742645 -0.2199849933385849 -1.932041883468628
0.40542903542518616 -0.5203641057014465 0.751564085483551 0.008835270069539547 0.17238761484622955 -0.7638919353485107 -0.621893584728241 -0.8367490768432617 0.8977248072624207 0.3816940486431122 -0.21999964118003845 -1.9320005178451538
0.40542885661125183 -0.5203454494476318 0.7515770196914673 0.008894292637705803 0.17240366339683533 -0.7639005780220032 -0.6218785047531128 -0.8367705941200256 0.8977217674255371 0.38170212507247925 -0.21999788284301758 -1.931963324546814
0.4053075313568115 -0.5203169584274292 0.7516621947288513 0.009075097739696503 0.1725444346666336 -0.7639070153236389 -0.6218315958976746 -0.8369337916374207 0.8977495431900024 0.3817281723022461 -0.2198394536972046 -1.931789755821228
0.40523502230644226 -0.5203043222427368 0.751710057258606 0.009150213561952114 0.17246684432029724 -0.7639759182929993 -0.6217684149742126 -0.8370077013969421 0.897797167301178 0.38160738348960876 -0.21985456347465515 -1.9317482709884644
0.4052346348762512 -0.5203134417533875 0.7517039179801941 0.00920808594673872 0.1724684238433838 -0.7639678716659546 -0.6217778921127319 -0.8370399475097656 0.8977970480918884 0.3816111385822296 -0.2198486030101776 -1.93170964717865
0.40525007247924805 -0.5202637314796448 0.7517300248146057 0.008786549791693687 0.1725945621728897 -0.7639498710632324 -0.6217650175094604 -0.8368088603019714 0.8977658152580261 0.3817148208618164 -0.2197960466146469 -1.9319716691970825
0.4052598178386688 -0.5202482342720032 0.7517354488372803 0.008825973607599735 0.1725880652666092 -0.7639620304107666 -0.6217518448829651 -0.8368330001831055 0.897762656211853 0.3817116320133209 -0.2198144793510437 -1.9319422245025635
0.4051879644393921 -0.5203251242637634 0.7517210245132446 0.00896605383604765 0.17263861000537872 -0.7639022469520569 -0.6218112707138062 -0.8368822932243347 0.8977854251861572 0.3817265033721924 -0.2196958065032959 -1.9318915605545044
0.4052084684371948 -0.5203294157981873 0.7517070174217224 0.009016130119562149 0.17262408137321472 -0.7638976573944092 -0.6218209266662598 -0.8369017839431763 0.8977789282798767 0.3817298412322998 -0.219716414809227 -1.931862473487854
0.4053235650062561 -0.5203028917312622 0.7516632676124573 0.008640037849545479 0.1724231243133545 -0.7639645338058472 -0.6217945218086243 -0.8366778492927551 0.897765576839447 0.38163208961486816 -0.21994057297706604 -1.9320417642593384
0.4054553806781769 -0.5202528834342957 0.7516267895698547 0.008304335176944733 0.17240765690803528 -0.7639661431312561 -0.6217968463897705 -0.8364564180374146 0.8977090716362 0.3816971182823181 -0.2200586050748825 -1.9323112964630127
0.4054863154888153 -0.5202564001083374 0.7516076564788818 0.008332207798957825 0.17239248752593994 -0.763958752155304 -0.6218100786209106 -0.8364654779434204 0.8976979851722717 0.38170701265335083 -0.22008652985095978 -1.9322984218597412
0.4055486023426056 -0.5202768445014954 0.7515599131584167 0.008043975569307804 0.1723431944847107 -0.7639409303665161 -0.6218457221984863 -0.8362864851951599 0.897679328918457 0.38171491026878357 -0.22014901041984558 -1.9325199127197266
0.4055328965187073 -0.5202934741973877 0.751556932926178 0.008067198097705841 0.17236895859241486 -0.7639217376708984 -0.6218621134757996 -0.8362888693809509 0.897681474685669 0.3817306160926819 -0.22011294960975647 -1.932511568069458
0.4055379331111908 -0.5202807188034058 0.7515630125999451 0.007840396836400032 0.17236725986003876 -0.7639312744140625 -0.6218509078025818 -0.836127519607544 0.8976795077323914 0.38172900676727295 -0.22012373805046082 -1.9326399564743042
0.4055117964744568 -0.5202675461769104 0.7515861988067627 0.00785070564597845 0.1723591685295105 -0.763954758644104 -0.6218242645263672 -0.8361241221427917 0.897692859172821 0.3816998600959778 -0.22011978924274445 -1.9326369762420654
0.4053628444671631 -0.5202166438102722 0.7517017722129822 0.007927737198770046 0.17247848212718964 -0.7639985084533691 -0.6217374205589294 -0.836225688457489 0.8977372646331787 0.3816816210746765 -0.21997042000293732 -1.9326744079589844
0.4053572416305542 -0.520194411277771 0.7517201900482178 0.007944963872432709 0.1724969744682312 -0.764011025428772 -0.6217169165611267 -0.8362371325492859 0.8977361917495728 0.3816869258880615 -0.21996542811393738 -1.932687759399414
0.4053458869457245 -0.5202111005783081 0.7517147660255432 0.00796509999781847 0.1725027710199356 -0.7639987468719482 -0.621730387210846 -0.8362513184547424 0.8977402448654175 0.3816887438297272 -0.21994589269161224 -1.9327024221420288
0.4052305519580841 -0.5203123092651367 0.7517069578170776 0.00826246291399002 0.17241288721561432 -0.7639937996864319 -0.6217613816261292 -0.8363608717918396 0.8978095650672913 0.38156068325042725 -0.21988511085510254 -1.9323701858520508
0.40524786710739136 -0.5203105807304382 0.7516987919807434 0.008288517594337463 0.17242904007434845 -0.7639822959899902 -0.6217710971832275 -0.8363704681396484 0.8977986574172974 0.38158610463142395 -0.21988552808761597 -1.932358980178833
0.40529367327690125 -0.5203630328178406 0.7516377568244934 0.008509024977684021 0.172279953956604 -0.7639861702919006 -0.6218076348304749 -0.8365443348884583 0.8978065848350525 0.3815068304538727 -0.21999062597751617 -1.9321517944335938
0.40527674555778503 -0.5203918814659119 0.7516269683837891 0.008543540723621845 0.17226804792881012 -0.7639732956886292 -0.621826708316803 -0.83656245470047 0.8978164792060852 0.3814932405948639 -0.21997374296188354 -1.9321311712265015
0.40521106123924255 -0.5203976631164551 0.7516583800315857 0.008588296361267567 0.17241911590099335 -0.7639274597167969 -0.6218412518501282 -0.8366398811340332 0.8978171348571777 0.3815772235393524 -0.2198253571987152 -1.9321717023849487
0.4051913917064667 -0.5203725695610046 0.7516862750053406 0.00827533844858408 0.17246113717556 -0.76393723487854 -0.6218175888061523 -0.8364637494087219 0.8978179693222046 0.381591796875 -0.21979673206806183 -1.9323384761810303
0.40517139434814453 -0.5203740000724792 0.7516961097717285 0.008293934166431427 0.17245878279209137 -0.7639440894126892 -0.6218097805976868 -0.8364797830581665 0.8978274464607239 0.3815761208534241 -0.21978521347045898 -1.9323267936706543
0.4051927328109741 -0.5202949643135071 0.7517393231391907 0.008297470398247242 0.1725102812051773 -0.7639800310134888 -0.6217513084411621 -0.8364973664283752 0.8978078961372375 0.3816118538379669 -0.21980293095111847 -1.9324061870574951
0.40520092844963074 -0.520306408405304 0.7517269849777222 0.008318101055920124 0.1725149303674698 -0.7639657258987427 -0.6217675805091858 -0.8365124464035034 0.8978033065795898 0.3816249370574951 -0.2197990119457245 -1.9324078559875488
0.4050411283969879 -0.520372211933136 0.7517675757408142 0.008500847034156322 0.17257513105869293 -0.7639418840408325 -0.6217801570892334 -0.8365691304206848 0.8978638648986816 0.38158294558525085 -0.2196245789527893 -1.9321869611740112
0.40499839186668396 -0.5204004049301147 0.7517710328102112 0.008713370189070702 0.17260491847991943 -0.7639209628105164 -0.6217976808547974 -0.8366956114768982 0.8978773951530457 0.3815864324569702 -0.2195630818605423 -1.932068109512329
0.4050070345401764 -0.520391047000885 0.7517728805541992 0.00875003356486559 0.17259548604488373 -0.7639296650886536 -0.6217895150184631 -0.8367034792900085 0.8978753089904785 0.38158175349235535 -0.21957974135875702 -1.9320549964904785
0.40513288974761963 -0.5203555226325989 0.7517296671867371 0.008668296039104462 0.17254652082920074 -0.7639356255531311 -0.6217958331108093 -0.8366804122924805 0.8978279829025269 0.38161829113960266 -0.21970990300178528 -1.9320461750030518
0.4051184356212616 -0.5203397274017334 0.7517483830451965 0.00845329463481903 0.1726086437702179 -0.7639273405075073 -0.621788740158081 -0.8365446329116821 0.8978225588798523 0.38165637850761414 -0.21966592967510223 -1.9321666955947876
0.405120313167572 -0.5203403830528259 0.7517468929290771 0.008469733409583569 0.17260965704917908 -0.7639257311820984 -0.6217904686927795 -0.8365512490272522 0.8978214859962463 0.38165873289108276 -0.21966604888439178 -1.9321550130844116
0.40507397055625916 -0.5203597545623779 0.7517585158348083 0.008218090049922466 0.17268572747707367 -0.7638936638832092 -0.6218087673187256 -0.8364114761352539 0.8978278040885925 0.381696492433548 -0.2195747345685959 -1.932320237159729
0.40507641434669495 -0.5203892588615417 0.7517367601394653 0.008240469731390476 0.17266277968883514 -0.7638781666755676 -0.6218341588973999 -0.8364194631576538 0.8978310823440552 0.38168731331825256 -0.21957716345787048 -1.9323123693466187
0.4051024317741394 -0.5204789042472839 0.7516606450080872 0.008544407784938812 0.17251046001911163 -0.7638596296310425 -0.6218992471694946 -0.8365830779075623 0.8978486061096191 0.3816022276878357 -0.21965332329273224 -1.9321874380111694
0.40507814288139343 -0.5204355716705322 0.7517037391662598 0.008253423497080803 0.1725577414035797 -0.7638838887214661 -0.6218562722206116 -0.8363921642303467 0.897850513458252 0.3816126883029938 -0.2196274697780609 -1.9323718547821045
0.40506264567375183 -0.5204522609710693 0.7517005205154419 0.008279766887426376 0.1725808084011078 -0.7638657093048096 -0.6218721866607666 -0.8363919258117676 0.8978530764579773 0.38162630796432495 -0.21959340572357178 -1.9323704242706299
0.40506601333618164 -0.5204830765724182 0.7516773343086243 0.00857143197208643 0.1725165992975235 -0.7638663053512573 -0.6218892931938171 -0.8365768194198608 0.8978638648986816 0.381583034992218 -0.21962431073188782 -1.9322186708450317
0.4050675630569458 -0.5204651951789856 0.7516888976097107 0.008610233664512634 0.1725396364927292 -0.7638707756996155 -0.6218774318695068 -0.8365854620933533 0.897858738899231 0.38159850239753723 -0.21961839497089386 -1.9322158098220825
0.4049624502658844 -0.5205268263816833 0.7517029047012329 0.008617565035820007 0.17254401743412018 -0.7638548612594604 -0.6218957304954529 -0.8365243077278137 0.8979053497314453 0.3815462589263916 -0.2195187509059906 -1.932168960571289
0.4049661159515381 -0.5205261707305908 0.7517013549804688 0.008667550049722195 0.17253625392913818 -0.7638574242591858 -0.6218947172164917 -0.836525559425354 0.897905170917511 0.38154202699661255 -0.2195267528295517 -1.9321613311767578
0.4049258530139923 -0.5204675197601318 0.7517637014389038 0.00859692320227623 0.17258508503437042 -0.7638993859291077 -0.6218296885490417 -0.8366305232048035 0.897913932800293 0.3815380930900574 -0.2194976806640625 -1.9322292804718018
0.40488776564598083 -0.5204697847366333 0.7517825961112976 0.008550455793738365 0.17260968685150146 -0.7639003992080688 -0.6218215823173523 -0.8365938663482666 0.897926390171051 0.3815329074859619 -0.2194558084011078 -1.9322830438613892
0.4049769341945648 -0.5203793048858643 0.7517971992492676 0.008088996633887291 0.17260292172431946 -0.7639467716217041 -0.6217664480209351 -0.8363951444625854 0.8978874683380127 0.3815634846687317 -0.2195618450641632 -1.9325604438781738
0.40516746044158936 -0.5203295350074768 0.7517290115356445 0.007803607732057571 0.17247532308101654 -0.763975203037262 -0.6217669248580933 -0.8362003564834595 0.8978260159492493 0.38157445192337036 -0.219793900847435 -1.9326609373092651
0.4051738977432251 -0.5203301310539246 0.7517251372337341 0.007805458270013332 0.17247147858142853 -0.7639740705490112 -0.6217694282531738 -0.8362179398536682 0.8978238701820374 0.38157588243484497 -0.21980024874210358 -1.9326573610305786
0.40522581338882446 -0.5202912092208862 0.751724123954773 0.007787086069583893 0.17239876091480255 -0.7640189528465271 -0.6217344403266907 -0.8361940383911133 0.8978143930435181 0.38153913617134094 -0.2199026495218277 -1.9326502084732056
0.4052295684814453 -0.5202759504318237 0.751732587814331 0.0077965641394257545 0.1724167764186859 -0.7640225887298584 -0.6217250227928162 -0.8362146615982056 0.8978092670440674 0.38155266642570496 -0.2199002206325531 -1.932645320892334
0.4053259491920471 -0.520182192325592 0.7517455220222473 0.007686160504817963 0.17253704369068146 -0.7640150785446167 -0.6217008233070374 -0.8361345529556274 0.8977426290512085 0.381695419549942 -0.2199244350194931 -1.9327164888381958
0.4052392542362213 -0.5202305316925049 0.751758873462677 0.007774965837597847 0.17255596816539764 -0.7639976143836975 -0.6217170357704163 -0.8361542224884033 0.8977781534194946 0.3816646337509155 -0.21983294188976288 -1.932727575302124
0.4052503705024719 -0.5202239155769348 0.7517574429512024 0.007793565280735493 0.17255163192749023 -0.7640009522438049 -0.6217141151428223 -0.8361638188362122 0.8977739810943604 0.3816668391227722 -0.2198461890220642 -1.9327336549758911
0.40531912446022034 -0.5202725529670715 0.751686692237854 0.007786689326167107 0.17239657044410706 -0.7640024423599243 -0.6217553019523621 -0.8361535668373108 0.8977727293968201 0.38159751892089844 -0.21997161209583282 -1.932723879814148
0.4052930176258087 -0.5202833414077759 0.7516933083534241 0.007809620350599289 0.17242693901062012 -0.7639898061752319 -0.6217623949050903 -0.836164116859436 0.8977786302566528 0.38160815834999084 -0.21992887556552887 -1.9327291250228882
0.4054107666015625 -0.5202287435531616 0.7516675591468811 0.007756275124847889 0.1723763644695282 -0.7640150785446167 -0.6217454075813293 -0.8360788822174072 0.8977351784706116 0.381632000207901 -0.22006478905677795 -1.9327448606491089
0.405412882566452 -0.5202321410179138 0.7516641020774841 0.007780052255839109 0.1723662167787552 -0.7640158534049988 -0.6217472553253174 -0.8360803127288818 0.8977361917495728 0.38162586092948914 -0.2200714349746704 -1.9327419996261597
0.4053681194782257 -0.5202335715293884 0.751687228679657 0.007587348110973835 0.17241303622722626 -0.764010488986969 -0.6217408776283264 -0.8359416723251343 0.8977473974227905 0.38163459300994873 -0.220010444521904 -1.9328135251998901
0.4053984582424164 -0.5202831625938416 0.7516365647315979 0.007592265959829092 0.17232266068458557 -0.7639972567558289 -0.6217821836471558 -0.8359814882278442 0.8977510929107666 0.3815935552120209 -0.22006672620773315 -1.9328502416610718
0.4053989052772522 -0.5202844142913818 0.7516354322433472 0.007604331709444523 0.17232084274291992 -0.7639968395233154 -0.6217832565307617 -0.8359787464141846 0.8977512121200562 0.38159269094467163 -0.22006762027740479 -1.932845115661621
0.4054293930530548 -0.5203155279159546 0.7515974640846252 0.007560158148407936 0.1723758578300476 -0.7639369368553162 -0.621841549873352 -0.835969090461731 0.8977268934249878 0.3816700875759125 -0.22003264725208282 -1.9328341484069824
0.4054378271102905 -0.5203220844268799 0.7515884041786194 0.00756726274266839 0.17237535119056702 -0.7639287710189819 -0.6218516826629639 -0.835969090461731 0.8977231979370117 0.381677508354187 -0.2200349122285843 -1.9328285455703735
0.4055364429950714 -0.5202468037605286 0.7515873312950134 0.00753127783536911 0.17240320146083832 -0.7639445662498474 -0.6218246221542358 -0.8359943628311157 0.8976733088493347 0.38174858689308167 -0.22011516988277435 -1.9328266382217407
0.4054310917854309 -0.5202769041061401 0.751623272895813 0.007692256476730108 0.1724148392677307 -0.7639517188072205 -0.6218125820159912 -0.8360841274261475 0.897718608379364 0.38169315457344055 -0.22002632915973663 -1.9327614307403564
0.4054277539253235 -0.5202925205230713 0.7516142725944519 0.007708554621785879 0.17242398858070374 -0.7639361023902893 -0.6218292117118835 -0.8360898494720459 0.8977183699607849 0.3817031681537628 -0.22000998258590698 -1.9327583312988281
0.4054565131664276 -0.5202062726020813 0.7516584992408752 0.0076243579387664795 0.1725611537694931 -0.7639390230178833 -0.6217876076698303 -0.8360471725463867 0.8976790308952332 0.3818148672580719 -0.21997664868831635 -1.9328246116638184
0.4054601490497589 -0.5202032327651978 0.7516586184501648 0.007636703085154295 0.17255550622940063 -0.7639426589012146 -0.6217846870422363 -0.8360502123832703 0.8976784944534302 0.3818117678165436 -0.21998438239097595 -1.9328272342681885
0.405460387468338 -0.5201689004898071 0.7516822814941406 0.007474034558981657 0.17251108586788177 -0.7639898657798767 -0.6217390298843384 -0.8358990550041199 0.8976868987083435 0.3817640542984009 -0.2200327217578888 -1.9328641891479492
0.40544626116752625 -0.520175576210022 0.7516852617263794 0.0074742562137544155 0.17252130806446075 -0.7639849781990051 -0.6217421889305115 -0.8358858227729797 0.8976913094520569 0.3817647695541382 -0.22001349925994873 -1.9328601360321045
0.40551042556762695 -0.520057201385498 0.7517325282096863 0.0074495794251561165 0.17263606190681458 -0.7640114426612854 -0.6216777563095093 -0.8359406590461731 0.8976402878761292 0.3818729817867279 -0.22003398835659027 -1.9329100847244263
0.405427485704422 -0.5200963020324707 0.7517502307891846 0.007695749402046204 0.17266592383384705 -0.7639955878257751 -0.621688961982727 -0.8360834717750549 0.8976719975471497 0.3818514347076416 -0.2199418991804123 -1.9327949285507202
0.4054376780986786 -0.5200966000556946 0.7517445087432861 0.007707787211984396 0.1726481169462204 -0.7639994025230408 -0.6216893196105957 -0.8360834717750549 0.8976708054542542 0.38184353709220886 -0.21996043622493744 -1.9328036308288574
0.40537357330322266 -0.5201442837715149 0.7517460584640503 0.007835759781301022 0.17273111641407013 -0.7639471888542175 -0.621730387210846 -0.8361095190048218 0.8976837992668152 0.38188302516937256 -0.21983890235424042 -1.9327503442764282
0.40533971786499023 -0.5201036930084229 0.7517924308776855 0.007928101345896721 0.17268869280815125 -0.7640106678009033 -0.6216641068458557 -0.8361644744873047 0.8977072834968567 0.3818112015724182 -0.21986784040927887 -1.932650089263916
0.4053146541118622 -0.5201483368873596 0.7517750263214111 0.007943371310830116 0.17265841364860535 -0.7639954686164856 -0.6216912269592285 -0.8361678123474121 0.8977243900299072 0.38178086280822754 -0.2198505699634552 -1.9326517581939697
0.40539926290512085 -0.520010232925415 0.7518249750137329 0.007523493375629187 0.17278224229812622 -0.7640272378921509 -0.6216177940368652 -0.835925281047821 0.8976624011993408 0.3819054067134857 -0.21988753974437714 -1.9329339265823364
0.405418336391449 -0.5200016498565674 0.7518206238746643 0.007518447935581207 0.17279620468616486 -0.7640216946601868 -0.621620774269104 -0.835920512676239 0.8976510763168335 0.3819281756877899 -0.21989406645298004 -1.9329460859298706
0.40546438097953796 -0.5200072526931763 0.7517918944358826 0.007556455209851265 0.17272058129310608 -0.7640330195426941 -0.6216278076171875 -0.8359605669975281 0.8976448178291321 0.38189786672592163 -0.21997220814228058 -1.9328678846359253
0.40539902448654175 -0.519982635974884 0.7518442273139954 0.007811061572283506 0.17276272177696228 -0.7640584707260132 -0.6215848326683044 -0.8361687064170837 0.8976662158966064 0.3818805515766144 -0.21991494297981262 -1.9326927661895752
0.40540391206741333 -0.5200028419494629 0.751827597618103 0.0078118788078427315 0.17277078330516815 -0.7640365958213806 -0.6216094493865967 -0.8361796736717224 0.8976624608039856 0.3818967640399933 -0.2199021279811859 -1.932693600654602
0.4054130017757416 -0.5199559926986694 0.7518550753593445 0.007627046201378107 0.1727050393819809 -0.7641000747680664 -0.6215497255325317 -0.8360936045646667 0.8976710438728333 0.3818334937095642 -0.21997708082199097 -1.9328367710113525
0.4053921699523926 -0.5199622511863708 0.7518619894981384 0.007622427772730589 0.17267641425132751 -0.7641144394874573 -0.6215400099754333 -0.8361003398895264 0.8976859450340271 0.381796270608902 -0.21998079121112823 -1.9328421354293823
0.4054238498210907 -0.520014226436615 0.7518089413642883 0.007674426306039095 0.17258015275001526 -0.7641012072563171 -0.6215829849243164 -0.8361125588417053 0.8976901173591614 0.3817518651485443 -0.2200407236814499 -1.932795524597168
