# 3x4 first row second row third row Freq: 100 current Time: 2021-07-31-13:23:51
0.5928769707679749 -0.4381301999092102 0.6756765842437744 0.11881589889526367 0.3881221115589142 -0.5796997547149658 -0.7164561152458191 -0.7270210385322571 0.7055906057357788 0.6870153546333313 -0.1736426055431366 -1.5444233417510986
0.5928274393081665 -0.4382256269454956 0.675658106803894 0.11879080533981323 0.38810402154922485 -0.5796672701835632 -0.716492235660553 -0.7269890308380127 0.7056421637535095 0.6869819164276123 -0.1735655665397644 -1.5444046258926392
0.5928294658660889 -0.43821296095848083 0.6756645441055298 0.11876696348190308 0.38810625672340393 -0.5796764492988586 -0.7164835929870605 -0.7269660830497742 0.7056392431259155 0.6869822144508362 -0.17357610166072845 -1.544411301612854
0.5929170846939087 -0.4383186101913452 0.6755191683769226 0.1187293529510498 0.38801905512809753 -0.5795588493347168 -0.7166259288787842 -0.7269420623779297 0.7056136131286621 0.6870140433311462 -0.17355439066886902 -1.5444936752319336
0.5929135680198669 -0.43830248713493347 0.6755326986312866 0.11871182173490524 0.38803189992904663 -0.5795670747756958 -0.7166123390197754 -0.7269176244735718 0.7056095004081726 0.6870173811912537 -0.1735578328371048 -1.5445091724395752
0.5929098725318909 -0.4383823871612549 0.6754840612411499 0.11900220066308975 0.38798996806144714 -0.579526960849762 -0.7166675329208374 -0.7270536422729492 0.7056356072425842 0.6870002746582031 -0.1735192835330963 -1.5442477464675903
0.5928969383239746 -0.43839171528816223 0.6754894256591797 0.11899781972169876 0.38799023628234863 -0.5795301795005798 -0.716664731502533 -0.7270258069038391 0.7056463956832886 0.6869916319847107 -0.17350995540618896 -1.544255018234253
0.5928652882575989 -0.4384273588657379 0.6754940152168274 0.11905591934919357 0.3879894018173218 -0.5795258283615112 -0.7166687250137329 -0.7270715832710266 0.7056733965873718 0.6869725584983826 -0.17347559332847595 -1.5442157983779907
0.5928736925125122 -0.43827906250953674 0.6755828857421875 0.11885600537061691 0.3881114721298218 -0.5795556306838989 -0.716578483581543 -0.7270030379295349 0.7055992484092712 0.6870419979095459 -0.17350216209888458 -1.5443971157073975
0.5928695201873779 -0.43828749656677246 0.6755810976028442 0.1188386082649231 0.3881000280380249 -0.5795621275901794 -0.7165794372558594 -0.7269797325134277 0.7056090235710144 0.6870311498641968 -0.17350535094738007 -1.544404149055481
0.592826783657074 -0.43831220269203186 0.6756025552749634 0.11881080269813538 0.38805335760116577 -0.5796254873275757 -0.7165534496307373 -0.7270147204399109 0.7056705951690674 0.6869619488716125 -0.1735290139913559 -1.5443936586380005
0.5928341746330261 -0.43831315636634827 0.6755954623222351 0.11878754943609238 0.3880574703216553 -0.5796128511428833 -0.716561496257782 -0.7269959449768066 0.7056621313095093 0.6869719624519348 -0.17352361977100372 -1.5443954467773438
0.5927921533584595 -0.4383373558521271 0.6756166219711304 0.11877668648958206 0.3880671262741089 -0.5796211957931519 -0.7165495157241821 -0.726928174495697 0.7056921124458313 0.6869495511054993 -0.17349056899547577 -1.544370174407959
0.5927833318710327 -0.4383525848388672 0.6756144762039185 0.11876215785741806 0.3880664110183716 -0.5796148777008057 -0.7165549993515015 -0.726900577545166 0.7056999206542969 0.6869451403617859 -0.17347609996795654 -1.5443694591522217
0.5928643345832825 -0.43825197219848633 0.6756086945533752 0.11876176297664642 0.3881378471851349 -0.5795683860778809 -0.7165539264678955 -0.72688227891922 0.7055925726890564 0.6870485544204712 -0.17350324988365173 -1.5444551706314087
0.5928552150726318 -0.43823501467704773 0.6756276488304138 0.11874940246343613 0.3881515562534332 -0.5795823931694031 -0.7165351510047913 -0.7268475890159607 0.705592691898346 0.68704754114151 -0.17350682616233826 -1.5444697141647339
0.5928635001182556 -0.4383019804954529 0.6755769848823547 0.11896633356809616 0.388031929731369 -0.579619288444519 -0.7165700793266296 -0.7270116209983826 0.7056515216827393 0.6869736909866333 -0.17355993390083313 -1.544332504272461
0.5928499102592468 -0.43830302357673645 0.6755882501602173 0.1189798042178154 0.38805732131004333 -0.5796074867248535 -0.7165659070014954 -0.7270535230636597 0.7056490182876587 0.6869829893112183 -0.17353354394435883 -1.5443086624145508
0.5928365588188171 -0.4383287727832794 0.6755832433700562 0.11897271871566772 0.38804930448532104 -0.5796017646789551 -0.7165748476982117 -0.7270370125770569 0.7056646347045898 0.6869713664054871 -0.1735159456729889 -1.5443181991577148
0.5928398966789246 -0.4381817877292633 0.6756756901741028 0.11885009706020355 0.3881334662437439 -0.5796723365783691 -0.7164722084999084 -0.7270029187202454 0.7056155800819397 0.6870056390762329 -0.1735798567533493 -1.5444048643112183
0.5928320288658142 -0.43818581104278564 0.6756799817085266 0.1188330426812172 0.38814103603363037 -0.5796687602996826 -0.7164709568023682 -0.7269868850708008 0.7056179642677307 0.6870060563087463 -0.17356829345226288 -1.5444152355194092
0.5929006934165955 -0.43822914361953735 0.6755915284156799 0.11881639063358307 0.3880622684955597 -0.579628586769104 -0.7165461778640747 -0.7269927859306335 0.7056035995483398 0.6870123147964478 -0.17360199987888336 -1.5443990230560303
0.5928950309753418 -0.4382241666316986 0.6755998134613037 0.11880122870206833 0.38807302713394165 -0.5796292424201965 -0.716539740562439 -0.7269783020019531 0.7056024670600891 0.6870149374008179 -0.1735963225364685 -1.5444040298461914
0.5928860902786255 -0.4380990266799927 0.6756888031959534 0.11892262101173401 0.38814854621887207 -0.5796976685523987 -0.7164435386657715 -0.7271289825439453 0.7055684328079224 0.6870369911193848 -0.17364716529846191 -1.544210433959961
0.5928689241409302 -0.4381044805049896 0.675700306892395 0.11890392750501633 0.38814929127693176 -0.5797088742256165 -0.7164340615272522 -0.7271223664283752 0.7055824398994446 0.6870241165161133 -0.1736414134502411 -1.544202208518982
0.5928884744644165 -0.4380057156085968 0.6757471561431885 0.11910931766033173 0.3882550001144409 -0.5796904563903809 -0.7163916826248169 -0.7272436022758484 0.7055078148841858 0.6871026158332825 -0.1736338883638382 -1.5440669059753418
0.5928918719291687 -0.43800950050354004 0.6757417321205139 0.11910860985517502 0.3882478177547455 -0.5796899199485779 -0.7163959741592407 -0.7272430658340454 0.7055089473724365 0.6871005892753601 -0.17363719642162323 -1.5440655946731567
0.5928908586502075 -0.4379624128341675 0.6757732033729553 0.11903649568557739 0.38830551505088806 -0.5796847343444824 -0.7163689136505127 -0.7271470427513123 0.7054780721664429 0.6871350407600403 -0.17362654209136963 -1.5442442893981934
0.5929083228111267 -0.43792977929115295 0.6757789850234985 0.11904113739728928 0.38827529549598694 -0.5797306895256042 -0.7163481116294861 -0.7271097898483276 0.7054799795150757 0.6871170401573181 -0.1736898273229599 -1.5442626476287842
0.5929021835327148 -0.4379495680332184 0.6757715344429016 0.11904839426279068 0.38826197385787964 -0.5797290802001953 -0.7163566946983337 -0.727091372013092 0.7054924964904785 0.6871058344841003 -0.17368347942829132 -1.5442724227905273
0.5929023027420044 -0.43783655762672424 0.675844669342041 0.11892037838697433 0.3883785605430603 -0.5797351598739624 -0.7162885069847107 -0.7269997000694275 0.7054281830787659 0.6871727108955383 -0.17367997765541077 -1.544387698173523
0.5928935408592224 -0.43784502148628235 0.6758468747138977 0.11892012506723404 0.3883727490901947 -0.5797408819198608 -0.7162870764732361 -0.7269737720489502 0.7054387927055359 0.687162458896637 -0.17367753386497498 -1.5444014072418213
0.5928710103034973 -0.4378487765789032 0.6758642196655273 0.11891718208789825 0.3883951008319855 -0.5797383785247803 -0.7162769436836243 -0.7269459962844849 0.705445408821106 0.6871621608734131 -0.17365175485610962 -1.544418454170227
0.592869222164154 -0.4378661513328552 0.675854504108429 0.11895454674959183 0.38836562633514404 -0.5797504782676697 -0.7162830829620361 -0.7269968390464783 0.7054631114006042 0.6871408820152283 -0.17366406321525574 -1.5443625450134277
0.5928556323051453 -0.4379262626171112 0.6758274435997009 0.11895390599966049 0.3883373439311981 -0.579728364944458 -0.7163163423538208 -0.7269750833511353 0.7054901123046875 0.6871212720870972 -0.17363210022449493 -1.544374942779541
0.592877209186554 -0.43778589367866516 0.6758995056152344 0.11877935379743576 0.38842108845710754 -0.5797733068466187 -0.716234564781189 -0.7269132733345032 0.7054258584976196 0.6871727705001831 -0.1736890971660614 -1.5445150136947632
0.592857301235199 -0.43781226873397827 0.675899863243103 0.11877192556858063 0.3884396553039551 -0.5797477960586548 -0.716245174407959 -0.7268891930580139 0.7054323554039001 0.6871774792671204 -0.17364409565925598 -1.5445280075073242
0.592912495136261 -0.4378799796104431 0.6758075952529907 0.11869873106479645 0.3883429765701294 -0.5797132253646851 -0.7163255214691162 -0.7268577814102173 0.7054392099380493 0.6871634721755981 -0.17367161810398102 -1.5445666313171387
0.5928946137428284 -0.43786805868148804 0.6758309602737427 0.1186864897608757 0.3883680999279022 -0.5797198414802551 -0.7163065671920776 -0.7268293499946594 0.7054404020309448 0.6871655583381653 -0.1736588031053543 -1.5445773601531982
0.592871904373169 -0.43794354796409607 0.6758019924163818 0.11897804588079453 0.38821250200271606 -0.5798148512840271 -0.7163140177726746 -0.7270553112030029 0.70554518699646 0.6870372295379639 -0.17374077439308167 -1.5442700386047363
0.5928791165351868 -0.43802568316459656 0.6757424473762512 0.1188751757144928 0.38817232847213745 -0.5797594785690308 -0.7163806557655334 -0.7270058393478394 0.7055611610412598 0.687031626701355 -0.1736978143453598 -1.5443578958511353
0.5928815007209778 -0.4380023181438446 0.675755500793457 0.11886830627918243 0.3881584703922272 -0.579795241355896 -0.7163591980934143 -0.7269847393035889 0.7055668234825134 0.6870163083076477 -0.1737355887889862 -1.5443624258041382
0.5928839445114136 -0.43792322278022766 0.675804615020752 0.11899301409721375 0.3882431387901306 -0.5797941088676453 -0.7163141965866089 -0.7271313071250916 0.7055181264877319 0.6870676875114441 -0.17372992634773254 -1.5442399978637695
0.5929139256477356 -0.43781518936157227 0.6758483052253723 0.11900337040424347 0.38834381103515625 -0.5797796249389648 -0.7162714004516602 -0.7271263003349304 0.7054375410079956 0.6871488094329834 -0.1737366020679474 -1.5442537069320679
0.5929960012435913 -0.43768784403800964 0.675858736038208 0.11884322762489319 0.38840147852897644 -0.5797736644744873 -0.7162449359893799 -0.7270199656486511 0.7053368091583252 0.6872349381446838 -0.1738048493862152 -1.5444412231445312
0.59300696849823 -0.43769580125808716 0.6758440136909485 0.11884177476167679 0.3884022533893585 -0.5797532200813293 -0.716261088848114 -0.7270187139511108 0.7053272128105164 0.687247097492218 -0.1737956404685974 -1.5444492101669312
0.5929981470108032 -0.43761318922042847 0.6759052872657776 0.11878486722707748 0.3884396553039551 -0.5798134207725525 -0.7161920666694641 -0.7270082831382751 0.705314040184021 0.687248945236206 -0.1738419383764267 -1.5445115566253662
0.5930052995681763 -0.4376260042190552 0.6758906245231628 0.11878310143947601 0.38842353224754333 -0.5798081159591675 -0.7162051200866699 -0.727003276348114 0.7053168416023254 0.68724524974823 -0.17384503781795502 -1.5445245504379272
0.5929502844810486 -0.43771055340766907 0.6758841872215271 0.11884687840938568 0.38838380575180054 -0.5798140168190002 -0.716221809387207 -0.7270215749740601 0.7053849697113037 0.6871864199638367 -0.1738012135028839 -1.5444393157958984
0.5929467678070068 -0.4376950263977051 0.6758973598480225 0.11884219944477081 0.3883950710296631 -0.5798231959342957 -0.7162083387374878 -0.7270143628120422 0.7053817510604858 0.6871885657310486 -0.17380568385124207 -1.5444425344467163
0.592960000038147 -0.437637060880661 0.6759232878684998 0.1187121793627739 0.3884541988372803 -0.5798133015632629 -0.7161842584609985 -0.7269811034202576 0.7053380608558655 0.6872338056564331 -0.1738041192293167 -1.5445150136947632
0.5929625034332275 -0.43765223026275635 0.6759112477302551 0.11869461089372635 0.3884505033493042 -0.5797982215881348 -0.7161984443664551 -0.7269743084907532 0.7053380012512207 0.6872369050979614 -0.17379236221313477 -1.5445196628570557
0.5929296612739563 -0.4376332461833954 0.6759523749351501 0.11888083815574646 0.38849976658821106 -0.5798042416572571 -0.7161668539047241 -0.7270597219467163 0.7053384780883789 0.6872438788414001 -0.1737627238035202 -1.544297695159912
0.5929457545280457 -0.43760308623313904 0.6759577393531799 0.11883355677127838 0.3885498344898224 -0.5797708034515381 -0.7161667943000793 -0.727023720741272 0.7052973508834839 0.6872913241386414 -0.17374202609062195 -1.5443872213363647
0.5929223299026489 -0.4376099705696106 0.6759738326072693 0.11881768703460693 0.3885616362094879 -0.5797762274742126 -0.716156005859375 -0.7270094156265259 0.705310583114624 0.687282383441925 -0.17372381687164307 -1.5443872213363647
0.5929035544395447 -0.4375954270362854 0.6759997010231018 0.1190691739320755 0.38857734203338623 -0.5797956585884094 -0.7161317467689514 -0.7271642684936523 0.7053176760673523 0.687275230884552 -0.1737232357263565 -1.5440994501113892
0.592879593372345 -0.4376145303249359 0.676008403301239 0.11905881762504578 0.3885900676250458 -0.5797877907752991 -0.7161312103271484 -0.7271534204483032 0.7053307890892029 0.6872696876525879 -0.17369170486927032 -1.5440895557403564
0.5928506255149841 -0.4375738501548767 0.676060140132904 0.11898983269929886 0.38867759704589844 -0.5797755122184753 -0.7160936594009399 -0.7271082401275635 0.7053069472312927 0.6873059868812561 -0.17364509403705597 -1.544203281402588
0.5928756594657898 -0.4374863803386688 0.6760947704315186 0.11883214116096497 0.38874417543411255 -0.5797774195671082 -0.7160559296607971 -0.727024495601654 0.7052491903305054 0.6873600482940674 -0.1736656278371811 -1.544409990310669
0.5928803086280823 -0.4374939799308777 0.6760857701301575 0.11881492286920547 0.38873490691185 -0.5797736048698425 -0.7160640954971313 -0.7270088791847229 0.7052503824234009 0.6873584389686584 -0.17366716265678406 -1.5444172620773315
0.5929052233695984 -0.43738433718681335 0.6761348843574524 0.11876305192708969 0.3888404071331024 -0.5797612071037292 -0.7160168290138245 -0.7269583344459534 0.7051712870597839 0.6874386668205261 -0.1736707091331482 -1.5445047616958618
0.5928793549537659 -0.4373931586742401 0.6761518120765686 0.11873213201761246 0.3888408839702606 -0.5797780752182007 -0.7160029411315918 -0.7269314527511597 0.7051927447319031 0.6874188184738159 -0.17366208136081696 -1.5445237159729004
0.5928800106048584 -0.43738803267478943 0.676154613494873 0.11870039254426956 0.38884100317955017 -0.5797827243804932 -0.7159990668296814 -0.7269124984741211 0.7051921486854553 0.6874181628227234 -0.17366716265678406 -1.5445502996444702
0.5928800106048584 -0.43739861249923706 0.6761476993560791 0.11867736279964447 0.388826847076416 -0.5797852277755737 -0.7160047292709351 -0.7268919348716736 0.7051999568939209 0.6874092817306519 -0.17367076873779297 -1.5445609092712402
0.592838704586029 -0.43732163310050964 0.6762337684631348 0.11896665394306183 0.38890284299850464 -0.5798353552818298 -0.7159228324890137 -0.7270871996879578 0.7051928043365479 0.6874160170555115 -0.17367322742938995 -1.5442157983779907
0.5928357839584351 -0.43733254075050354 0.6762292385101318 0.1189221516251564 0.38893553614616394 -0.5797949433326721 -0.7159378528594971 -0.7270774245262146 0.7051771879196167 0.6874431371688843 -0.173629030585289 -1.5442885160446167
0.5928495526313782 -0.4373324513435364 0.676217257976532 0.11890359967947006 0.3889254331588745 -0.5797907114028931 -0.7159467339515686 -0.7270697355270386 0.7051712274551392 0.6874467730522156 -0.1736389398574829 -1.544298768043518
0.5928524732589722 -0.43743985891342163 0.6761451959609985 0.11888095736503601 0.3888920545578003 -0.5797064304351807 -0.7160331010818481 -0.727042555809021 0.7051871418952942 0.6874495148658752 -0.17356353998184204 -1.5443718433380127
0.59284508228302 -0.437448114156723 0.6761463284492493 0.11886055022478104 0.3888796269893646 -0.5797174572944641 -0.7160309553146362 -0.7270272374153137 0.7052001953125 0.68743497133255 -0.1735680103302002 -1.5443857908248901
0.5928221940994263 -0.43754974007606506 0.6761006116867065 0.11902235448360443 0.38883501291275024 -0.5796769261360168 -0.7160879969596863 -0.7270643711090088 0.7052440047264099 0.687404453754425 -0.17351070046424866 -1.544211745262146
0.5928201079368591 -0.43752917647361755 0.6761157512664795 0.11900389194488525 0.3888506293296814 -0.5796856880187988 -0.7160724401473999 -0.7270408272743225 0.7052372097969055 0.6874101758003235 -0.17351581156253815 -1.5442177057266235
0.5928176045417786 -0.4375782608985901 0.6760861873626709 0.11901439726352692 0.388827919960022 -0.5796583890914917 -0.7161068320274353 -0.7270462512969971 0.7052518129348755 0.6874019503593445 -0.1734890639781952 -1.5441969633102417
0.5927595496177673 -0.4376554489135742 0.6760871410369873 0.11922440677881241 0.38880524039268494 -0.5796586871147156 -0.7161188721656799 -0.7271238565444946 0.7053131461143494 0.6873525381088257 -0.17343547940254211 -1.5440292358398438
0.5927507877349854 -0.4376700818538666 0.676085352897644 0.119211845099926 0.3888092339038849 -0.5796483755111694 -0.7161251306533813 -0.727099597454071 0.7053182721138 0.6873519420623779 -0.1734168380498886 -1.5440338850021362
0.5927414298057556 -0.43760836124420166 0.6761335134506226 0.11933811008930206 0.38885021209716797 -0.5796834230422974 -0.7160744667053223 -0.7271910905838013 0.7053035497665405 0.6873616576194763 -0.17343829572200775 -1.543857216835022
0.5927861928939819 -0.4377491772174835 0.676003098487854 0.11952301114797592 0.38875001668930054 -0.5795857310295105 -0.7162079215049744 -0.7272904515266418 0.705321192741394 0.6873543858528137 -0.17339541018009186 -1.5437579154968262
0.5927879214286804 -0.4377437233924866 0.6760050654411316 0.11951549351215363 0.3887498080730438 -0.5795899033546448 -0.7162047028541565 -0.7272729873657227 0.7053198218345642 0.687354326248169 -0.1734011024236679 -1.54375422000885
0.5927337408065796 -0.4378298819065094 0.6759968400001526 0.11964264512062073 0.38867050409317017 -0.5796318054199219 -0.7162137627601624 -0.7273597717285156 0.705409049987793 0.687264084815979 -0.1733957827091217 -1.543628454208374
0.5927402377128601 -0.4378330111503601 0.6759890913963318 0.11963918805122375 0.3886675238609314 -0.5796246528625488 -0.7162211537361145 -0.7273494005203247 0.7054052352905273 0.6872681379318237 -0.17339541018009186 -1.5436205863952637
0.5927433371543884 -0.4377913773059845 0.6760133504867554 0.11934328824281693 0.3887590169906616 -0.5795764923095703 -0.7162105441093445 -0.7272238731384277 0.705352246761322 0.6873353123664856 -0.17334476113319397 -1.5438752174377441
0.592734694480896 -0.437799870967865 0.6760154366493225 0.11932598799467087 0.3887566328048706 -0.579578697681427 -0.7162100672721863 -0.7272055745124817 0.7053607702255249 0.687328040599823 -0.17333881556987762 -1.5438733100891113
0.5927274227142334 -0.4376929998397827 0.6760910153388977 0.11935962736606598 0.38882681727409363 -0.5796310305595398 -0.7161296010017395 -0.727276623249054 0.7053282260894775 0.6873519420623779 -0.1733764261007309 -1.5438146591186523
0.5927258729934692 -0.437784343957901 0.6760331988334656 0.11932862550020218 0.3887580931186676 -0.5796028971672058 -0.7161896824836731 -0.7272778153419495 0.7053674459457397 0.6873175501823425 -0.1733534187078476 -1.5438889265060425
0.5927338600158691 -0.43777966499328613 0.6760292649269104 0.11931660771369934 0.38877537846565247 -0.5795827507972717 -0.716196596622467 -0.7272676825523376 0.7053511738777161 0.6873375177383423 -0.1733403503894806 -1.5438951253890991
0.5927294492721558 -0.43764060735702515 0.6761231422424316 0.1194099709391594 0.3888653516769409 -0.57964688539505 -0.7160958647727966 -0.7273412346839905 0.705305278301239 0.6873719692230225 -0.17339050769805908 -1.54381263256073
0.5927155613899231 -0.4376402795314789 0.6761355400085449 0.11939676851034164 0.3888742923736572 -0.5796528458595276 -0.7160861492156982 -0.7273361086845398 0.7053120136260986 0.6873671412467957 -0.1733822077512741 -1.5438191890716553
0.5927242040634155 -0.43768414855003357 0.6760995388031006 0.11969686299562454 0.388868510723114 -0.5796031355857849 -0.7161295413970947 -0.7274478077888489 0.7053079605102539 0.6873810887336731 -0.17334319651126862 -1.5435457229614258
0.5926983952522278 -0.43770450353622437 0.6761090159416199 0.11969295889139175 0.3888690769672394 -0.5796076655387878 -0.7161255478858948 -0.7274379134178162 0.7053293585777283 0.6873643398284912 -0.17332276701927185 -1.5435453653335571
0.5926973223686218 -0.4377133846282959 0.6761041879653931 0.11975250393152237 0.38885483145713806 -0.5796131491661072 -0.7161288261413574 -0.7275025844573975 0.7053380608558655 0.6873540282249451 -0.1733282208442688 -1.5434513092041016
0.5926867723464966 -0.4377210736274719 0.6761084794998169 0.11974766105413437 0.3888396918773651 -0.5796306729316711 -0.7161228656768799 -0.7274985909461975 0.7053552865982056 0.6873343586921692 -0.17333610355854034 -1.5434468984603882
0.5927192568778992 -0.4376849830150604 0.6761033535003662 0.11968196928501129 0.38888728618621826 -0.5795890688896179 -0.7161307334899902 -0.7274376749992371 0.7053017616271973 0.6873924732208252 -0.17332343757152557 -1.543563961982727
0.5927047729492188 -0.4377499520778656 0.6760739684104919 0.1197066605091095 0.38880157470703125 -0.5796186327934265 -0.7161533236503601 -0.7274503707885742 0.7053611278533936 0.6873261332511902 -0.17334488034248352 -1.5435415506362915
0.5926989912986755 -0.4377506375312805 0.6760786175727844 0.11970167607069016 0.3888115882873535 -0.5796141624450684 -0.7161515355110168 -0.7274424433708191 0.705360472202301 0.6873294711112976 -0.17333419620990753 -1.5435494184494019
0.5926638841629028 -0.437804251909256 0.6760746836662292 0.11955796927213669 0.3887867033481598 -0.5796178579330444 -0.7161620259284973 -0.727367103099823 0.705403745174408 0.687292218208313 -0.17330609261989594 -1.5436925888061523
0.5926415920257568 -0.43780604004859924 0.6760931015014648 0.11955082416534424 0.3887921869754791 -0.5796336531639099 -0.7161462306976318 -0.7273556590080261 0.7054194211959839 0.6872777342796326 -0.17329944670200348 -1.5437068939208984
0.5927125811576843 -0.437834233045578 0.6760125160217285 0.11959289014339447 0.388780415058136 -0.5795419216156006 -0.7162268757820129 -0.7273715138435364 0.7053662538528442 0.6873371601104736 -0.17328044772148132 -1.543680191040039
0.5927159190177917 -0.43784934282302856 0.6759998202323914 0.11958573758602142 0.3887706398963928 -0.5795320272445679 -0.7162402272224426 -0.7273633480072021 0.7053688168525696 0.6873358488082886 -0.17327488958835602 -1.543695330619812
0.5927412509918213 -0.43785086274147034 0.6759766936302185 0.11955127120018005 0.38877007365226746 -0.5795048475265503 -0.7162625193595886 -0.7273552417755127 0.7053478956222534 0.6873577833175659 -0.17327311635017395 -1.5437121391296387
0.5927979350090027 -0.43779659271240234 0.6759620904922485 0.11944998800754547 0.38880759477615356 -0.579467236995697 -0.7162725329399109 -0.7273140549659729 0.7052795886993408 0.6874240636825562 -0.17328831553459167 -1.5437806844711304
0.5927937030792236 -0.4377915859222412 0.6759690642356873 0.11942818760871887 0.3887985646724701 -0.5794857144355774 -0.7162625193595886 -0.7272945642471313 0.7052881121635437 0.6874117255210876 -0.17330273985862732 -1.543787956237793
0.5927707552909851 -0.43789517879486084 0.6759220957756042 0.11939635872840881 0.3887484669685364 -0.5794484615325928 -0.7163197994232178 -0.727264940738678 0.7053350210189819 0.6873770952224731 -0.1732490062713623 -1.543807029724121
0.5927581787109375 -0.43791088461875916 0.6759229302406311 0.11937612295150757 0.38874444365501404 -0.5794486999511719 -0.7163218259811401 -0.7272447943687439 0.7053477764129639 0.6873669028282166 -0.17323754727840424 -1.5438159704208374
0.5927656292915344 -0.43789586424827576 0.6759260892868042 0.11956973373889923 0.388736754655838 -0.5794643759727478 -0.7163133025169373 -0.7273719310760498 0.7053457498550415 0.6873632669448853 -0.17326034605503082 -1.5436372756958008
0.5927507877349854 -0.4379027485847473 0.6759346723556519 0.11955498158931732 0.38875314593315125 -0.5794565081596375 -0.7163107991218567 -0.7273609638214111 0.7053492069244385 0.6873655319213867 -0.17323721945285797 -1.5436451435089111
0.5927982926368713 -0.43786850571632385 0.6759152412414551 0.11953254789113998 0.38876938819885254 -0.5794278979301453 -0.7163251042366028 -0.7273316383361816 0.7053003311157227 0.6874114274978638 -0.17325399816036224 -1.5437140464782715
0.5927900671958923 -0.43786293268203735 0.6759260296821594 0.11952126026153564 0.3888026177883148 -0.5794098973274231 -0.7163216471672058 -0.7273131012916565 0.7052888870239258 0.687430202960968 -0.17322616279125214 -1.5437263250350952
0.5927603244781494 -0.43790000677108765 0.6759281158447266 0.11952400952577591 0.38873037695884705 -0.5794717669487 -0.7163107991218567 -0.7273322343826294 0.7053537368774414 0.6873543858528137 -0.1732628345489502 -1.5437450408935547
0.5927128791809082 -0.43785059452056885 0.6760016679763794 0.11960172653198242 0.38875117897987366 -0.5795527696609497 -0.7162339687347412 -0.7274421453475952 0.7053821086883545 0.6873175501823425 -0.17329347133636475 -1.5435909032821655
0.5927058458328247 -0.43785780668258667 0.6760031580924988 0.11957833915948868 0.38875702023506165 -0.5795466899871826 -0.7162356972694397 -0.7274313569068909 0.7053847908973694 0.6873180866241455 -0.17328044772148132 -1.5435924530029297
0.5928035378456116 -0.4378895163536072 0.6758970022201538 0.11952609568834305 0.38870811462402344 -0.5794599056243896 -0.7163324952125549 -0.7273992896080017 0.7053296566009521 0.6873710751533508 -0.17329467833042145 -1.5436216592788696
0.5928148627281189 -0.43787652254104614 0.6758954524993896 0.11950544267892838 0.38871851563453674 -0.5794517993927002 -0.7163333892822266 -0.7273847460746765 0.7053143978118896 0.687386155128479 -0.1732969433069229 -1.5436269044876099
0.5928369164466858 -0.4377635419368744 0.6759492754936218 0.11946089565753937 0.3888314366340637 -0.5794386863708496 -0.7162827253341675 -0.727324366569519 0.705233633518219 0.6874691843986511 -0.17329643666744232 -1.5437618494033813
0.5928360223770142 -0.4378851652145386 0.6758713126182556 0.11957854777574539 0.38874194025993347 -0.579397976398468 -0.7163642048835754 -0.7273614406585693 0.7052837610244751 0.6874260306358337 -0.17326365411281586 -1.5437190532684326
0.5928401350975037 -0.4378785789012909 0.6758719682693481 0.11956794559955597 0.38873255252838135 -0.5794098377227783 -0.7163596749305725 -0.7273424863815308 0.7052854299545288 0.6874202489852905 -0.1732797622680664 -1.5437535047531128
0.5928592085838318 -0.43768563866615295 0.6759802103042603 0.11948437243700027 0.3888620436191559 -0.5794684290885925 -0.7162420153617859 -0.7273317575454712 0.7051980495452881 0.6874937415122986 -0.17334386706352234 -1.5438345670700073
0.5928431153297424 -0.43767452239990234 0.6760015487670898 0.11946744471788406 0.3888789713382721 -0.5794803500175476 -0.7162231802940369 -0.7273225784301758 0.7052022218704224 0.6874907612800598 -0.17333850264549255 -1.543866753578186
0.5928062796592712 -0.4377993047237396 0.6759530305862427 0.11950663477182388 0.3887491226196289 -0.5795127153396606 -0.716267466545105 -0.7273311614990234 0.7053048014640808 0.6873840093612671 -0.1733446717262268 -1.5438337326049805
0.592840850353241 -0.43785157799720764 0.6758888363838196 0.11955976486206055 0.38867947459220886 -0.5794894695281982 -0.7163240909576416 -0.7273204922676086 0.7053140997886658 0.6873703002929688 -0.17336112260818481 -1.5437496900558472
0.5928367972373962 -0.43784451484680176 0.6758970022201538 0.1195392832159996 0.3886842131614685 -0.5794965624809265 -0.7163158059120178 -0.727293848991394 0.7053149342536926 0.6873688101768494 -0.1733636111021042 -1.5437753200531006
0.5928685069084167 -0.437857985496521 0.6758604049682617 0.11938247084617615 0.38869452476501465 -0.5794394612312317 -0.7163563966751099 -0.7272073030471802 0.7052825689315796 0.6874083876609802 -0.173338383436203 -1.543861746788025
0.5928935408592224 -0.4377022981643677 0.6759393215179443 0.11916046589612961 0.3887662887573242 -0.5795086622238159 -0.7162614464759827 -0.7271697521209717 0.705221951007843 0.6874492168426514 -0.17342305183410645 -1.5440940856933594
0.5928955674171448 -0.4377198815345764 0.675926148891449 0.1191263422369957 0.3887525498867035 -0.5795012712478638 -0.7162748575210571 -0.7271555662155151 0.7052278518676758 0.6874442100524902 -0.1734190434217453 -1.5441240072250366
0.5928890705108643 -0.4376082718372345 0.6760041117668152 0.118952177464962 0.3888569474220276 -0.5795244574546814 -0.7161994576454163 -0.727088212966919 0.7051757574081421 0.6874957084655762 -0.17342671751976013 -1.544306755065918
0.5928555727005005 -0.4376198351383209 0.6760259866714478 0.11891525983810425 0.3888768255710602 -0.5795274972915649 -0.7161862254142761 -0.7270729541778564 0.7051929235458374 0.6874858736991882 -0.17339587211608887 -1.5443389415740967
0.5929208993911743 -0.43744975328445435 0.6760787963867188 0.11880886554718018 0.3889526128768921 -0.5795662999153137 -0.7161136269569397 -0.7270270586013794 0.7050962448120117 0.6875613331794739 -0.1734897345304489 -1.5444469451904297
0.592949390411377 -0.4374690055847168 0.6760413646697998 0.1188758984208107 0.3888227641582489 -0.5796430706977844 -0.716122031211853 -0.7270374298095703 0.7051438689231873 0.6874843835830688 -0.17360107600688934 -1.5443804264068604
0.5929436087608337 -0.4375063478946686 0.6760222315788269 0.11882597208023071 0.3887861967086792 -0.5796450972557068 -0.7161402106285095 -0.7270013689994812 0.7051689028739929 0.687458872795105 -0.173600435256958 -1.5444164276123047
0.5929370522499084 -0.4373851716518402 0.6761063933372498 0.11873852461576462 0.3888660967350006 -0.5797023773193359 -0.7160505056381226 -0.7269754409790039 0.7051303386688232 0.6874877214431763 -0.17364275455474854 -1.5445300340652466
0.5929049253463745 -0.43740755319595337 0.6761201024055481 0.11870602518320084 0.38887301087379456 -0.5797050595283508 -0.716044545173645 -0.7269558906555176 0.7051535248756409 0.6874712109565735 -0.1736139953136444 -1.544559121131897
0.5928442478179932 -0.43745335936546326 0.6761436462402344 0.11888686567544937 0.38883110880851746 -0.5797600746154785 -0.716022789478302 -0.7270528078079224 0.7052276730537415 0.6873956918716431 -0.17361195385456085 -1.5443788766860962
0.5928604602813721 -0.43741926550865173 0.6761515140533447 0.11885498464107513 0.3888753354549408 -0.5797362923622131 -0.71601802110672 -0.7270070314407349 0.7051896452903748 0.6874374151229858 -0.1736011654138565 -1.5444397926330566
0.5928348302841187 -0.4374154210090637 0.6761764883995056 0.11882336437702179 0.3888894319534302 -0.5797531008720398 -0.7159967422485352 -0.7269811630249023 0.7052034139633179 0.6874256730079651 -0.17359159886837006 -1.54446542263031
0.5928751826286316 -0.43735378980636597 0.6761809587478638 0.11864671111106873 0.38890570402145386 -0.5797608494758606 -0.715981662273407 -0.7268950343132019 0.7051604986190796 0.6874583959579468 -0.17363642156124115 -1.5446367263793945
0.5928531885147095 -0.4373604357242584 0.6761959791183472 0.11860790103673935 0.38891610503196716 -0.5797663927078247 -0.7159714698791504 -0.7268642783164978 0.7051733136177063 0.6874494552612305 -0.1736198365688324 -1.5446689128875732
0.5928689241409302 -0.4372730255126953 0.6762386560440063 0.11850138008594513 0.3889210820198059 -0.5798378586769104 -0.7159109115600586 -0.7268125414848328 0.7051573395729065 0.687444806098938 -0.173703134059906 -1.5447756052017212
0.5928781032562256 -0.4372710883617401 0.676231861114502 0.11847099661827087 0.3889051377773285 -0.5798459649085999 -0.7159129977226257 -0.7267863154411316 0.7051584124565125 0.6874392032623291 -0.17372100055217743 -1.5448088645935059
0.5929035544395447 -0.4372396469116211 0.6762298941612244 0.11845089495182037 0.38894417881965637 -0.5798149108886719 -0.7159169912338257 -0.7267944812774658 0.7051154375076294 0.68748539686203 -0.17371250689029694 -1.5448246002197266
0.5928624868392944 -0.43719080090522766 0.6762974858283997 0.1186668872833252 0.3889763057231903 -0.5798776745796204 -0.7158486247062683 -0.7269651293754578 0.7051323056221008 0.6874635219573975 -0.17373086512088776 -1.5445783138275146
0.5928494930267334 -0.43721312284469604 0.6762944459915161 0.11863283067941666 0.38896802067756653 -0.5798755288124084 -0.7158548831939697 -0.7269482612609863 0.7051477432250977 0.6874511241912842 -0.17371699213981628 -1.5446094274520874
0.5928674340248108 -0.4371757507324219 0.6763029098510742 0.11889699846506119 0.3890157639980316 -0.5798500776290894 -0.7158495783805847 -0.7270842790603638 0.7051063776016235 0.6874963641166687 -0.17370596528053284 -1.5442830324172974
0.5928637981414795 -0.43717262148857117 0.6763080954551697 0.11886438727378845 0.3890233337879181 -0.5798497200012207 -0.7158457636833191 -0.7270650863647461 0.7051052451133728 0.6874986290931702 -0.17370155453681946 -1.5443006753921509
0.5928463339805603 -0.43714639544487 0.6763403415679932 0.11902846395969391 0.389053612947464 -0.5798659920692444 -0.7158161401748657 -0.7271523475646973 0.7051032185554504 0.6875016093254089 -0.1736980378627777 -1.5441629886627197
0.5928393602371216 -0.43716445565223694 0.6763347387313843 0.11900222301483154 0.3890639841556549 -0.5798439383506775 -0.7158283591270447 -0.7271365523338318 0.70510333776474 0.6875087022781372 -0.17366938292980194 -1.5441805124282837
0.5928656458854675 -0.43711191415786743 0.676345705986023 0.11898045241832733 0.38911116123199463 -0.5798264145851135 -0.715816855430603 -0.7270933985710144 0.7050551772117615 0.6875569224357605 -0.17367403209209442 -1.5442901849746704
0.5928080677986145 -0.437091588973999 0.6764093041419983 0.11883461475372314 0.3891562521457672 -0.5798633694648743 -0.7157624363899231 -0.7270256876945496 0.7050787210464478 0.6875386238098145 -0.17365078628063202 -1.5444633960723877
0.5927949547767639 -0.437106192111969 0.6764113306999207 0.11880835890769958 0.38915324211120605 -0.5798643827438354 -0.71576327085495 -0.7270075082778931 0.7050914168357849 0.6875285506248474 -0.17363937199115753 -1.544498324394226
0.5928193926811218 -0.43714070320129395 0.6763675808906555 0.11866723001003265 0.3891438841819763 -0.5798117518424988 -0.715811014175415 -0.7269017100334167 0.7050760388374329 0.687550961971283 -0.1736130267381668 -1.5446302890777588
0.5928205251693726 -0.43712317943573 0.6763779520988464 0.11863424628973007 0.3891661763191223 -0.5798074007034302 -0.7158023715019226 -0.7268752455711365 0.705062747001648 0.687565803527832 -0.1736081838607788 -1.5446697473526
0.5928882956504822 -0.4370558559894562 0.6763620376586914 0.1185060515999794 0.3891909420490265 -0.5797845721244812 -0.7158074378967285 -0.7268007397651672 0.7049921154975891 0.6876278519630432 -0.17364931106567383 -1.5448013544082642
0.5928779244422913 -0.437069296836853 0.6763624548912048 0.11847349256277084 0.38919466733932495 -0.5797773599624634 -0.7158111929893494 -0.726774275302887 0.7049987316131592 0.6876253485679626 -0.1736321747303009 -1.5448431968688965
0.5927709341049194 -0.4371114671230316 0.6764289736747742 0.1187506839632988 0.38916388154029846 -0.5798732042312622 -0.7157503366470337 -0.7269763350486755 0.705105721950531 0.6875177621841431 -0.1736239790916443 -1.5445246696472168
0.5927204489707947 -0.43718352913856506 0.6764267086982727 0.11887311190366745 0.3891213834285736 -0.5798905491828918 -0.7157593965530396 -0.7271109223365784 0.7051716446876526 0.6874573230743408 -0.17359550297260284 -1.5443825721740723
0.5927366614341736 -0.4371768534183502 0.6764167547225952 0.11884205788373947 0.38912078738212585 -0.5798814296722412 -0.7157671451568604 -0.7271102070808411 0.7051582932472229 0.6874692440032959 -0.1736023724079132 -1.5444082021713257
0.5927302241325378 -0.4371761679649353 0.6764228940010071 0.11891191452741623 0.38913851976394653 -0.5798715353012085 -0.7157654762268066 -0.7271423935890198 0.7051539421081543 0.6874780058860779 -0.17358528077602386 -1.5443049669265747
0.5927208065986633 -0.43718355894088745 0.676426351070404 0.11887937039136887 0.3891199827194214 -0.5798914432525635 -0.7157593965530396 -0.7271377444267273 0.705172061920166 0.687456488609314 -0.17359687387943268 -1.5443278551101685
0.592740535736084 -0.4371773600578308 0.6764130592346191 0.11898082494735718 0.389121413230896 -0.5798763036727905 -0.7157709002494812 -0.727100670337677 0.7051547169685364 0.6874732375144958 -0.17360110580921173 -1.5442681312561035
0.5927254557609558 -0.437187522649765 0.6764196753501892 0.11895472556352615 0.3891253173351288 -0.5798772573471069 -0.715768039226532 -0.727083683013916 0.7051652669906616 0.6874659657478333 -0.17358729243278503 -1.5442914962768555
0.5927629470825195 -0.43728429079055786 0.6763243079185486 0.11901203542947769 0.3890048563480377 -0.5798536539077759 -0.7158526182174683 -0.7271009087562561 0.7052001953125 0.68742436170578 -0.17361001670360565 -1.5442930459976196
0.5927393436431885 -0.43728676438331604 0.6763433814048767 0.11894088983535767 0.3890410363674164 -0.5798400640487671 -0.715843915939331 -0.7270690202713013 0.7052000761032104 0.687434196472168 -0.17357152700424194 -1.5443897247314453
0.5927453637123108 -0.43725863099098206 0.6763562560081482 0.11885975301265717 0.38906174898147583 -0.5798434019088745 -0.7158299684524536 -0.7270353436470032 0.7051835656166077 0.6874492764472961 -0.1735789030790329 -1.5444518327713013
0.5928383469581604 -0.43714994192123413 0.6763450503349304 0.11866482347249985 0.38906899094581604 -0.5798554420471191 -0.7158163189888 -0.7269106507301331 0.7051014304161072 0.687508225440979 -0.17367909848690033 -1.5446357727050781
0.5928241014480591 -0.4371609687805176 0.6763504147529602 0.11862526834011078 0.3890742361545563 -0.5798534154891968 -0.7158151268959045 -0.7268808484077454 0.705110490322113 0.6875029802322388 -0.17366299033164978 -1.5446743965148926
0.5928009748458862 -0.43728142976760864 0.6762927770614624 0.11876308917999268 0.38900119066238403 -0.5798209309577942 -0.7158811092376709 -0.7269346714019775 0.705170214176178 0.6874537467956543 -0.17361542582511902 -1.5445377826690674
0.5928102135658264 -0.4372800886631012 0.6762855648994446 0.11872845143079758 0.38901838660240173 -0.5797960758209229 -0.7158918976783752 -0.7269071340560913 0.7051529884338379 0.6874755620956421 -0.1735990196466446 -1.5445672273635864
0.5927731990814209 -0.43724337220191956 0.676341712474823 0.11892816424369812 0.3890286684036255 -0.5798630714416504 -0.715831995010376 -0.7270783185958862 0.705178439617157 0.6874423623085022 -0.173627108335495 -1.544285774230957
0.5927525758743286 -0.4373161494731903 0.6763127446174622 0.11899182200431824 0.38892272114753723 -0.5799106359481812 -0.7158510684967041 -0.7270812392234802 0.7052541971206665 0.6873559951782227 -0.17366132140159607 -1.5442702770233154
0.5927278995513916 -0.4373243451118469 0.6763291358947754 0.11896604299545288 0.3889329135417938 -0.5799174904823303 -0.7158399820327759 -0.7270630598068237 0.7052693367004395 0.6873449683189392 -0.17364344000816345 -1.5442850589752197
0.5927181839942932 -0.4373089075088501 0.6763476133346558 0.11889369785785675 0.38895416259765625 -0.579923152923584 -0.7158238887786865 -0.7270179986953735 0.7052657604217529 0.6873500347137451 -0.17363783717155457 -1.5443671941757202
0.5927197933197021 -0.4372931718826294 0.676356315612793 0.11885491758584976 0.3889625668525696 -0.5799298882484436 -0.7158138155937195 -0.7269888520240784 0.7052597999572754 0.687354326248169 -0.1736452728509903 -1.5443930625915527
