# 3x4 first row second row third row Freq: 100 current Time: 2021-07-31-13:28:59
0.8198522925376892 0.2691916227340698 0.5053494572639465 0.26935720443725586 0.5546180009841919 -0.5926612615585327 -0.5840815901756287 -0.5611199140548706 0.1422712206840515 0.7591364979743958 -0.6351931691169739 -1.7293572425842285
0.8199190497398376 0.26918113231658936 0.5052466988563538 0.26921501755714417 0.5545297861099243 -0.5927077531814575 -0.5841180682182312 -0.5610688328742981 0.14223015308380127 0.7591038942337036 -0.6352413296699524 -1.7294634580612183
0.8199148178100586 0.26918143033981323 0.5052534341812134 0.2692275047302246 0.5545348525047302 -0.5927073955535889 -0.5841136574745178 -0.5610716938972473 0.14223498106002808 0.7591040730476379 -0.6352400779724121 -1.7294538021087646
0.8198711276054382 0.2691155672073364 0.5053593516349792 0.26921412348747253 0.5545858144760132 -0.592628538608551 -0.5841452479362488 -0.5611027479171753 0.14228785037994385 0.7591890096664429 -0.6351267099380493 -1.7294989824295044
0.8198811411857605 0.26909172534942627 0.5053558945655823 0.26922884583473206 0.5545694828033447 -0.5926266312599182 -0.584162712097168 -0.5611106157302856 0.1422940492630005 0.7591989636421204 -0.6351134181022644 -1.7294937372207642
0.8198469281196594 0.26901182532310486 0.505453884601593 0.2692369818687439 0.5545852780342102 -0.5926607847213745 -0.5841130614280701 -0.5611094832420349 0.14242945611476898 0.7592005729675293 -0.6350811123847961 -1.7294654846191406
0.819832980632782 0.2690001130104065 0.5054827928543091 0.2692505419254303 0.5545992851257324 -0.5926588177680969 -0.5841017961502075 -0.5611087679862976 0.14245541393756866 0.7592062950134277 -0.6350684762001038 -1.7294574975967407
0.8198618292808533 0.26890093088150024 0.5054886937141418 0.2692789137363434 0.5545408129692078 -0.5926778316497803 -0.5841379761695862 -0.5611146092414856 0.14251677691936493 0.7592265605926514 -0.6350304484367371 -1.7294236421585083
0.8198578953742981 0.26889169216156006 0.5055000185966492 0.26928985118865967 0.5545457601547241 -0.5926650166511536 -0.58414626121521 -0.5611065626144409 0.14252015948295593 0.7592398524284363 -0.6350138187408447 -1.7294058799743652
0.8198820948600769 0.2688659429550171 0.5054745078086853 0.2692048251628876 0.554510235786438 -0.5926755666732788 -0.5841692686080933 -0.5610619187355042 0.14251920580863953 0.7592407464981079 -0.6350129842758179 -1.7294633388519287
0.8198877573013306 0.26875296235084534 0.5055253505706787 0.2693234086036682 0.5544924736022949 -0.5926046967506409 -0.5842580199241638 -0.5611238479614258 0.14255568385124207 0.7593360543251038 -0.6348908543586731 -1.729393482208252
0.8198903799057007 0.26873472332954407 0.5055307745933533 0.26933416724205017 0.5544832348823547 -0.5926166772842407 -0.5842547416687012 -0.5611152052879333 0.14257647097110748 0.7593331933021545 -0.6348896026611328 -1.7293758392333984
0.8198975920677185 0.2686201333999634 0.5055800080299377 0.26939353346824646 0.5544540882110596 -0.5925952792167664 -0.5843040347099304 -0.5611439347267151 0.14264856278896332 0.7593904137611389 -0.6348049640655518 -1.729333519935608
0.8198952674865723 0.2686041593551636 0.5055922865867615 0.26940834522247314 0.5544540882110596 -0.5925909280776978 -0.5843084454536438 -0.5611363649368286 0.14266178011894226 0.7593994140625 -0.6347911953926086 -1.729315161705017
0.819901168346405 0.2685978412628174 0.5055860280990601 0.26937004923820496 0.5544506907463074 -0.5925654768943787 -0.5843375325202942 -0.5611103177070618 0.142641082406044 0.7594215869903564 -0.6347693800926208 -1.7293447256088257
0.8198976516723633 0.2685849666595459 0.5055985450744629 0.26938411593437195 0.5544518828392029 -0.5925655961036682 -0.5843362212181091 -0.5610984563827515 0.14265644550323486 0.7594259977340698 -0.6347606182098389 -1.729329228401184
0.8199561834335327 0.26862436532974243 0.5054826736450195 0.26931339502334595 0.5543699860572815 -0.5926870703697205 -0.5842906832695007 -0.5610539317131042 0.1426384001970291 0.7593172192573547 -0.6348947286605835 -1.7294108867645264
0.8199607133865356 0.26862308382987976 0.5054759979248047 0.26932796835899353 0.5543639659881592 -0.5926896333694458 -0.5842938423156738 -0.5610434412956238 0.14263562858104706 0.7593157291412354 -0.6348971724510193 -1.7293957471847534
0.8199498057365417 0.2686064541339874 0.5055025815963745 0.26933884620666504 0.5543820858001709 -0.5926413536071777 -0.5843256711959839 -0.5610871911048889 0.14262813329696655 0.7593593001365662 -0.6348467469215393 -1.7293421030044556
0.8200209140777588 0.26850953698158264 0.5054386854171753 0.26934438943862915 0.5542575716972351 -0.592754602432251 -0.5843289494514465 -0.5610838532447815 0.14270327985286713 0.7593051791191101 -0.634894609451294 -1.7293720245361328
0.8200136423110962 0.26853030920028687 0.5054394602775574 0.26936075091362 0.5542698502540588 -0.5927577018737793 -0.5843140482902527 -0.5610782504081726 0.14269714057445526 0.7592954039573669 -0.6349076628684998 -1.7293543815612793
0.819970965385437 0.26847758889198303 0.5055367350578308 0.26931342482566833 0.5543196201324463 -0.592694878578186 -0.584330677986145 -0.5611228942871094 0.1427493840456009 0.7593631148338318 -0.634814977645874 -1.729431390762329
0.8199688196182251 0.2684636116027832 0.5055476427078247 0.2693282663822174 0.5543182492256165 -0.592698872089386 -0.5843278765678406 -0.5611230134963989 0.1427667886018753 0.759364902973175 -0.6348088383674622 -1.7294260263442993
0.8198899030685425 0.268642783164978 0.5055804252624512 0.26961445808410645 0.5544519424438477 -0.5926799774169922 -0.5842201709747314 -0.5612382888793945 0.1427009552717209 0.7593162655830383 -0.634881854057312 -1.7292475700378418
0.8198885917663574 0.26863032579421997 0.5055891871452332 0.2696416974067688 0.554451584815979 -0.5926754474639893 -0.584225058555603 -0.5612484812736511 0.14270980656147003 0.7593241930007935 -0.6348703503608704 -1.729241967201233
0.8197892308235168 0.2687612771987915 0.5056807398796082 0.26981019973754883 0.5546123385429382 -0.5925823450088501 -0.584166944026947 -0.5613285899162292 0.14265605807304382 0.7593505382537842 -0.6348509192466736 -1.7290748357772827
0.8197811841964722 0.2687782645225525 0.5056846737861633 0.2698361575603485 0.5546248555183411 -0.5925848484039307 -0.5841525793075562 -0.5613440275192261 0.14265359938144684 0.759342610836029 -0.6348609924316406 -1.7290621995925903
0.8198015689849854 0.26874297857284546 0.505670428276062 0.2699089050292969 0.5545955896377563 -0.5925745368003845 -0.5841907858848572 -0.5613734126091003 0.142650306224823 0.7593631148338318 -0.6348372101783752 -1.728958010673523
0.8198279738426208 0.2689058780670166 0.5055409669876099 0.27007973194122314 0.5545874834060669 -0.5926433205604553 -0.5841286778450012 -0.5613704919815063 0.1425299048423767 0.7592517733573914 -0.6349973678588867 -1.728819489479065
0.8198262453079224 0.2688983082771301 0.505547821521759 0.2701128125190735 0.5545822978019714 -0.5926728248596191 -0.5841037034988403 -0.5613818764686584 0.14256002008914948 0.7592313885688782 -0.6350149512290955 -1.7287883758544922
0.8197944164276123 0.26911407709121704 0.5054845809936523 0.2702578008174896 0.5546683669090271 -0.5926592946052551 -0.5840356349945068 -0.5614160895347595 0.14240798354148865 0.7591655254364014 -0.6351278424263 -1.7287182807922363
0.8197919130325317 0.26910829544067383 0.5054917931556702 0.2703039348125458 0.5546682476997375 -0.5926691293716431 -0.5840258598327637 -0.5614292621612549 0.14242321252822876 0.7591599225997925 -0.6351311802864075 -1.7286887168884277
0.8197448253631592 0.2690601050853729 0.5055937767028809 0.27019205689430237 0.554728090763092 -0.5925843715667725 -0.5840550065040588 -0.5614674687385559 0.1424611359834671 0.7592431306838989 -0.6350231766700745 -1.7287737131118774
0.8197520971298218 0.269047349691391 0.505588710308075 0.27023106813430786 0.5547159314155579 -0.5925893783569336 -0.5840614438056946 -0.5614877343177795 0.14246639609336853 0.7592437267303467 -0.6350212693214417 -1.7287495136260986
0.8197356462478638 0.2690001130104065 0.5056405663490295 0.27024680376052856 0.554731011390686 -0.5925557613372803 -0.58408123254776 -0.5615248084068298 0.14250236749649048 0.7592867612838745 -0.6349617838859558 -1.728783369064331
0.8197445273399353 0.2689971923828125 0.5056277513504028 0.27028366923332214 0.5547149181365967 -0.5925835371017456 -0.5840683579444885 -0.5615471005439758 0.14251399040222168 0.7592660784721375 -0.6349838376045227 -1.7287691831588745
0.8196904063224792 0.2691802382469177 0.5056179761886597 0.27012231945991516 0.5548211932182312 -0.5925614237785339 -0.5839897990226746 -0.5614012479782104 0.1424112766981125 0.7592184543609619 -0.6350638270378113 -1.7288895845413208
0.8196960091590881 0.2691621780395508 0.5056185722351074 0.27015307545661926 0.5548088550567627 -0.5925722122192383 -0.5839905738830566 -0.5614110827445984 0.14242739975452423 0.7592164278030396 -0.6350626349449158 -1.7288800477981567
0.8196970820426941 0.2693535387516022 0.505514919757843 0.27009978890419006 0.5548455715179443 -0.5925905704498291 -0.5839370489120483 -0.561383068561554 0.14227792620658875 0.7591342329978943 -0.6351943612098694 -1.7288813591003418
0.8196907043457031 0.2694908082485199 0.5054520964622498 0.2702169120311737 0.5548705458641052 -0.592655599117279 -0.5838474035263062 -0.5613970160484314 0.14221754670143127 0.7590347528457642 -0.6353268027305603 -1.7287662029266357
0.8196920156478882 0.2694782018661499 0.5054566860198975 0.2702455222606659 0.5548685193061829 -0.5926434993743896 -0.5838615894317627 -0.5614002346992493 0.14221768081188202 0.7590487003326416 -0.6353101134300232 -1.7287399768829346
0.8196880221366882 0.2695932686328888 0.5054017305374146 0.27007853984832764 0.5548884272575378 -0.5926947593688965 -0.5837906002998352 -0.5613779425621033 0.1421629935503006 0.7589678168296814 -0.6354190111160278 -1.7288626432418823
0.8196859359741211 0.2695927321910858 0.5054054856300354 0.2701016962528229 0.554889440536499 -0.5927018523216248 -0.5837824940681458 -0.5613863468170166 0.14217129349708557 0.7589624524116516 -0.635423481464386 -1.7288450002670288
0.8197123408317566 0.26951929926872253 0.5054017901420593 0.2697863280773163 0.5548489689826965 -0.5926699638366699 -0.5838533043861389 -0.5613058805465698 0.1421767771244049 0.7590134143829346 -0.63536137342453 -1.7290672063827515
0.8197097778320312 0.2694706618785858 0.5054319500923157 0.26978591084480286 0.5548556447029114 -0.5925939679145813 -0.5839240550994873 -0.5613333582878113 0.14216555655002594 0.7590900659561157 -0.6352723240852356 -1.7290797233581543
0.8197056651115417 0.2694578170776367 0.5054453611373901 0.2697909474372864 0.554856538772583 -0.5925997495651245 -0.5839173793792725 -0.5613417029380798 0.1421857625246048 0.7590900659561157 -0.6352678537368774 -1.7290672063827515
0.8196716904640198 0.2693943977355957 0.5055343508720398 0.26972272992134094 0.554895281791687 -0.5925291180610657 -0.5839521884918213 -0.5613226890563965 0.14223043620586395 0.7591677308082581 -0.6351650357246399 -1.7291439771652222
0.819677472114563 0.26939883828163147 0.5055225491523743 0.2697255313396454 0.5548908710479736 -0.5925222039222717 -0.5839634537696838 -0.5613350868225098 0.14221429824829102 0.7591715455055237 -0.6351640820503235 -1.7291370630264282
0.8196542859077454 0.26924607157707214 0.5056415796279907 0.2696796953678131 0.5548833608627319 -0.592528760433197 -0.583963930606842 -0.5613055229187012 0.14237724244594574 0.7592206001281738 -0.6350688934326172 -1.7291353940963745
0.819666862487793 0.2692277729511261 0.5056309700012207 0.2696795165538788 0.5548640489578247 -0.5925332903862 -0.5839776396751404 -0.561312735080719 0.1423802226781845 0.7592235803604126 -0.6350647211074829 -1.7291314601898193
0.8196749687194824 0.2694154977798462 0.5055177807807922 0.26977500319480896 0.5548905730247498 -0.5925588011741638 -0.5839266180992126 -0.5612683296203613 0.14223018288612366 0.7591370344161987 -0.6352016925811768 -1.729058861732483
0.8196665644645691 0.26942911744117737 0.5055240988731384 0.26978328824043274 0.5549029111862183 -0.5925599932670593 -0.5839136242866516 -0.5612627863883972 0.1422300934791565 0.7591313123703003 -0.6352086067199707 -1.7290534973144531
0.8196841478347778 0.26925554871559143 0.5055881142616272 0.26983290910720825 0.5548388361930847 -0.5925933122634888 -0.5839407444000244 -0.5612838864326477 0.14237891137599945 0.7591668367385864 -0.6351327896118164 -1.7290631532669067
0.8196660876274109 0.2692317068576813 0.5056301355361938 0.26997748017311096 0.5548509359359741 -0.5926125049591064 -0.5839097499847412 -0.5613340735435486 0.14243575930595398 0.7591603994369507 -0.6351277828216553 -1.7289597988128662
0.8196684718132019 0.26923948526382446 0.5056220889091492 0.2699941396713257 0.5548496842384338 -0.5926134586334229 -0.5839099884033203 -0.5613324046134949 0.14242687821388245 0.7591568827629089 -0.6351339817047119 -1.72895348072052
0.8196879029273987 0.26939356327056885 0.5055084824562073 0.26995229721069336 0.5548417568206787 -0.5927141308784485 -0.583815336227417 -0.5612701773643494 0.14234599471092224 0.7590235471725464 -0.6353113651275635 -1.72895085811615
0.819671630859375 0.26941072940826416 0.5055256485939026 0.2699674367904663 0.5548651814460754 -0.5927090048789978 -0.5837982892990112 -0.5612623691558838 0.14234814047813416 0.759021520614624 -0.6353133320808411 -1.7289414405822754
0.8196579217910767 0.2694123089313507 0.5055471062660217 0.27008068561553955 0.5548773407936096 -0.5927305221557617 -0.5837648510932922 -0.5613820552825928 0.14237980544567108 0.7590041160583496 -0.6353270411491394 -1.7288533449172974
0.8196518421173096 0.26939812302589417 0.5055645704269409 0.2700974941253662 0.5548825860023499 -0.5927236676216125 -0.5837668180465698 -0.5613870024681091 0.14239443838596344 0.7590145468711853 -0.6353113055229187 -1.728837490081787
0.8197321891784668 0.26932841539382935 0.5054713487625122 0.26985350251197815 0.5547599196434021 -0.5928021669387817 -0.5838037133216858 -0.5612881183624268 0.14240962266921997 0.7589779496192932 -0.6353515982627869 -1.7290016412734985
0.8197507262229919 0.2694774866104126 0.5053618550300598 0.27001455426216125 0.5547706484794617 -0.5928030014038086 -0.5837926268577576 -0.5613121390342712 0.1422611027956009 0.7589243650436401 -0.6354488730430603 -1.7289332151412964
0.8197448253631592 0.2694602310657501 0.5053806304931641 0.2700364291667938 0.5547730326652527 -0.5928070545196533 -0.5837863087654114 -0.5613090991973877 0.14228607714176178 0.7589273452758789 -0.6354397535324097 -1.728922963142395
0.8198548555374146 0.2694780230522156 0.5051925778388977 0.26945775747299194 0.5546373724937439 -0.5928727388381958 -0.5838484764099121 -0.561120867729187 0.14218059182167053 0.7588697075843811 -0.6355321407318115 -1.729325532913208
0.8198590874671936 0.2694677710533142 0.5051912069320679 0.2694578766822815 0.5546323657035828 -0.5928614735603333 -0.5838646292686462 -0.5611217617988586 0.14217574894428253 0.7588821649551392 -0.6355184316635132 -1.729333758354187
0.819845974445343 0.2693721354007721 0.5052634477615356 0.26939859986305237 0.5546331405639648 -0.5928276181221008 -0.5838982462882996 -0.5611957907676697 0.14224828779697418 0.7589425444602966 -0.635430097579956 -1.729400396347046
0.8198748230934143 0.26952508091926575 0.5051351189613342 0.2696557641029358 0.5546169281005859 -0.5929131507873535 -0.5838268399238586 -0.5612145662307739 0.1421453207731247 0.758821427822113 -0.6355977058410645 -1.7291830778121948
0.8198745846748352 0.2695230543613434 0.5051365494728088 0.2696625590324402 0.5546160340309143 -0.5929170846939087 -0.5838236808776855 -0.5612187385559082 0.14215020835399628 0.758819043636322 -0.6355994343757629 -1.7291772365570068
0.8198518753051758 0.2696329951286316 0.505114734172821 0.269623339176178 0.5546731948852539 -0.5928789973258972 -0.5838080644607544 -0.5611712336540222 0.14205804467201233 0.7588098049163818 -0.6356311440467834 -1.7292548418045044
0.8198569416999817 0.2696426212787628 0.5051013231277466 0.2696358561515808 0.5546693801879883 -0.5928791165351868 -0.5838115811347961 -0.561175525188446 0.1420435905456543 0.7588062882423401 -0.6356385350227356 -1.7292596101760864
0.8197600841522217 0.26975613832473755 0.5051980018615723 0.2697508633136749 0.5548233389854431 -0.5927860736846924 -0.5837597846984863 -0.561265766620636 0.14200159907341003 0.7588385939598083 -0.6356093287467957 -1.7291812896728516
0.8197891712188721 0.26976680755615234 0.5051451325416565 0.26962360739707947 0.5547831058502197 -0.5928336977958679 -0.5837495923042297 -0.56121826171875 0.14199085533618927 0.7587975859642029 -0.635660707950592 -1.729217767715454
0.8197914361953735 0.26978614926338196 0.5051310062408447 0.26962557435035706 0.5547847151756287 -0.592833399772644 -0.583748459815979 -0.561221182346344 0.14197133481502533 0.7587909698486328 -0.6356729865074158 -1.7292144298553467
0.8197996020317078 0.26990699768066406 0.5050532221794128 0.2696428596973419 0.554813802242279 -0.5927670001983643 -0.5837882161140442 -0.5612271428108215 0.14181041717529297 0.7587998509407043 -0.6356983184814453 -1.729191780090332
0.819800853729248 0.2698987126350403 0.5050556659698486 0.26964718103408813 0.554812490940094 -0.5927566885948181 -0.5837998986244202 -0.5612296462059021 0.14180833101272583 0.7588108777999878 -0.6356856226921082 -1.729178547859192
0.8197729587554932 0.2698635756969452 0.5051196813583374 0.26962509751319885 0.554845929145813 -0.5927096009254456 -0.5838159322738647 -0.5612678527832031 0.14183871448040009 0.7588601112365723 -0.6356199979782104 -1.7292283773422241
0.8197791576385498 0.26985087990760803 0.5051164627075195 0.26963433623313904 0.5548363327980042 -0.5927082300186157 -0.58382648229599 -0.5612733960151672 0.1418406367301941 0.7588657140731812 -0.6356129050254822 -1.7292239665985107
0.8197758197784424 0.26990610361099243 0.5050923824310303 0.2697562575340271 0.5548570156097412 -0.5926821827888489 -0.5838332176208496 -0.5612494945526123 0.14177916944026947 0.7588664293289185 -0.6356257796287537 -1.7291243076324463
0.8197779655456543 0.2698887884616852 0.5050980448722839 0.2697714865207672 0.5548475980758667 -0.5926989912986755 -0.5838251709938049 -0.5612479448318481 0.1418033093214035 0.7588594555854797 -0.6356287002563477 -1.7291146516799927
0.8197768926620483 0.26980602741241455 0.5051441192626953 0.2695486545562744 0.554830014705658 -0.5927043557167053 -0.5838364362716675 -0.5612235069274902 0.14187857508659363 0.7588847279548645 -0.6355817914009094 -1.7292780876159668
0.8197792172431946 0.2697143852710724 0.5051892399787903 0.26962006092071533 0.554808497428894 -0.5926991105079651 -0.5838621854782104 -0.5612404346466064 0.14194923639297485 0.7589213848114014 -0.635522186756134 -1.7292370796203613
0.8197740316390991 0.26970890164375305 0.5052005648612976 0.2696269452571869 0.5548083782196045 -0.5927252769470215 -0.5838357210159302 -0.5612427592277527 0.14197947084903717 0.758902907371521 -0.6355375051498413 -1.729236125946045
0.8197234272956848 0.2699454128742218 0.5051563382148743 0.26974937319755554 0.5549343824386597 -0.5926373600959778 -0.5838052034378052 -0.561211109161377 0.14177902042865753 0.7588874697685242 -0.6356006860733032 -1.7291615009307861
0.8197348713874817 0.26993948221206665 0.5051409602165222 0.2697739005088806 0.5549218058586121 -0.5926270484924316 -0.5838276147842407 -0.561212956905365 0.1417621225118637 0.758897602558136 -0.6355923414230347 -1.7291626930236816
0.8196744322776794 0.2698744833469391 0.5052737593650818 0.2695721983909607 0.5549850463867188 -0.5925872921943665 -0.5838078856468201 -0.5612664222717285 0.14186400175094604 0.7589517831802368 -0.635504961013794 -1.729235053062439
0.8196417093276978 0.26977622509002686 0.505379319190979 0.2694646418094635 0.5549997091293335 -0.5925975441932678 -0.5837835073471069 -0.5612742304801941 0.14199571311473846 0.7589786648750305 -0.635443389415741 -1.7293163537979126
0.8197122812271118 0.2696657180786133 0.5053237676620483 0.2693338990211487 0.5548888444900513 -0.5926265120506287 -0.5838595032691956 -0.5611647963523865 0.14202143251895905 0.7589953541755676 -0.6354176998138428 -1.7294352054595947
0.819735050201416 0.26974326372146606 0.5052454471588135 0.2694626450538635 0.5548784732818604 -0.5926308631896973 -0.5838649272918701 -0.5611472129821777 0.1419304758310318 0.7589643597602844 -0.6354750394821167 -1.729360580444336
0.819733738899231 0.26974043250083923 0.5052490830421448 0.26946988701820374 0.5548786520957947 -0.5926348567008972 -0.5838606953620911 -0.5611404180526733 0.14193743467330933 0.7589622735977173 -0.6354759931564331 -1.729366421699524
0.8197459578514099 0.26975488662719727 0.5052216053009033 0.2693099081516266 0.5548586845397949 -0.5926828980445862 -0.5838308930397034 -0.5610353350639343 0.141945019364357 0.7589195966720581 -0.6355252265930176 -1.7294684648513794
0.8197458386421204 0.2697586715221405 0.5052197575569153 0.2693135142326355 0.5548607707023621 -0.5926766991615295 -0.5838351845741272 -0.5610210299491882 0.14193741977214813 0.7589231133460999 -0.635522723197937 -1.7294710874557495
0.8198710680007935 0.2697252631187439 0.5050342679023743 0.26888731122016907 0.5546879768371582 -0.59278804063797 -0.5838863849639893 -0.5608737468719482 0.14188942313194275 0.7588480710983276 -0.6356230974197388 -1.7297340631484985
0.8198773860931396 0.269706130027771 0.505034327507019 0.268830269575119 0.5546706914901733 -0.5928194522857666 -0.5838709473609924 -0.560885488986969 0.14192065596580505 0.7588303089141846 -0.6356372833251953 -1.7297815084457397
0.8198902606964111 0.269694983959198 0.5050193071365356 0.2688184082508087 0.5546497106552124 -0.5928390026092529 -0.5838710069656372 -0.5608702898025513 0.14192809164524078 0.7588189840316772 -0.6356491446495056 -1.7297908067703247
0.8198684453964233 0.2698781490325928 0.5049569010734558 0.26892054080963135 0.5547240376472473 -0.5927882194519043 -0.5838519334793091 -0.5609039664268494 0.14176368713378906 0.7587935328483582 -0.6357162594795227 -1.729736328125
0.819864809513092 0.26987767219543457 0.5049630403518677 0.26892057061195374 0.554723858833313 -0.5928109288215637 -0.5838290452957153 -0.5608944892883301 0.14178524911403656 0.7587759494781494 -0.6357324123382568 -1.7297450304031372
0.8198463320732117 0.26969653367996216 0.5050898790359497 0.2689850926399231 0.5546994805335999 -0.5928464531898499 -0.5838161706924438 -0.560982346534729 0.14198759198188782 0.7588126063346863 -0.635643482208252 -1.7296712398529053
0.8198567628860474 0.26969531178474426 0.5050735473632812 0.2689812481403351 0.5546870231628418 -0.5928469300270081 -0.5838274955749512 -0.5609812140464783 0.14197582006454468 0.758812665939331 -0.6356460452079773 -1.729676604270935
0.8198368549346924 0.2698610723018646 0.5050172805786133 0.26912468671798706 0.5547447800636292 -0.5928526520729065 -0.583766758441925 -0.5609833002090454 0.14186495542526245 0.75874924659729 -0.6357464790344238 -1.729583978652954
0.8198274970054626 0.26992785930633545 0.5049968361854553 0.26936620473861694 0.5547664761543274 -0.5928719639778137 -0.5837265849113464 -0.5610514283180237 0.14183446764945984 0.7587104439735413 -0.6357996463775635 -1.7294089794158936
0.8198229074478149 0.2699362337589264 0.5049998760223389 0.2693779170513153 0.5547715425491333 -0.5928829312324524 -0.5837106108665466 -0.5610446333885193 0.14184118807315826 0.7586988806724548 -0.6358119249343872 -1.7294038534164429
0.819853663444519 0.2699396312236786 0.504948079586029 0.26934516429901123 0.5547394156455994 -0.5928687453269958 -0.583755612373352 -0.561086893081665 0.14178922772407532 0.7587087750434875 -0.6358117461204529 -1.7293950319290161
0.8198439478874207 0.2699299156665802 0.5049690008163452 0.2693524658679962 0.5547455549240112 -0.5928842425346375 -0.5837339758872986 -0.5610875487327576 0.14182095229625702 0.7587000727653503 -0.6358150243759155 -1.7293871641159058
0.819827675819397 0.27004095911979675 0.5049360394477844 0.26953455805778503 0.5547873973846436 -0.5928894877433777 -0.5836889147758484 -0.5611292719841003 0.14175142347812653 0.7586565017700195 -0.6358824968338013 -1.7292838096618652
0.8198399543762207 0.270081102848053 0.5048946738243103 0.26966097950935364 0.5547885894775391 -0.5928536653518677 -0.5837241411209106 -0.5611770749092102 0.14167582988739014 0.7586702108383179 -0.6358830332756042 -1.729238748550415
0.8198561668395996 0.2701003849506378 0.5048579573631287 0.26969271898269653 0.5547745823860168 -0.5928503274917603 -0.5837408304214478 -0.5611792206764221 0.1416366696357727 0.758665919303894 -0.6358968019485474 -1.7292338609695435
0.8198563456535339 0.27016764879226685 0.5048216581344604 0.2698190212249756 0.5547887682914734 -0.5928509831428528 -0.5837266445159912 -0.5612254738807678 0.1415800303220749 0.7586414813995361 -0.6359386444091797 -1.7291193008422852
0.8198412656784058 0.270175576210022 0.5048419833183289 0.26984912157058716 0.5548064708709717 -0.5928587913513184 -0.5837019681930542 -0.5612265467643738 0.14159803092479706 0.7586325407028198 -0.6359452605247498 -1.7291059494018555
0.8198222517967224 0.2702358365058899 0.504840612411499 0.26983022689819336 0.5548436045646667 -0.592847466468811 -0.583678126335144 -0.561233401298523 0.1415628045797348 0.7586199045181274 -0.6359681487083435 -1.7291193008422852
0.8198078274726868 0.27031049132347107 0.5048240423202515 0.26951515674591064 0.5548774600028992 -0.5928418040275574 -0.5836517214775085 -0.561092734336853 0.1415136605501175 0.758597731590271 -0.6360055208206177 -1.7293320894241333
0.819778561592102 0.27029281854629517 0.5048810839653015 0.26971253752708435 0.5549086332321167 -0.5928356647491455 -0.5836282968521118 -0.5611552596092224 0.14156101644039154 0.758608877658844 -0.6359817385673523 -1.7292003631591797
0.8197603225708008 0.27034255862236023 0.5048840641975403 0.26976099610328674 0.5549455881118774 -0.5928081274032593 -0.5836211442947388 -0.5612086653709412 0.14152179658412933 0.7586126327514648 -0.6359859704971313 -1.7291431427001953
0.819757878780365 0.27036160230636597 0.5048778653144836 0.2697736322879791 0.5549516677856445 -0.5928125381469727 -0.5836108922958374 -0.5612117052078247 0.14151200652122498 0.7586024403572083 -0.6360003352165222 -1.7291218042373657
0.819701611995697 0.27031341195106506 0.5049949884414673 0.26984652876853943 0.5550122857093811 -0.5927804708480835 -0.583585798740387 -0.5612905025482178 0.14160017669200897 0.7586446404457092 -0.6359303593635559 -1.729060411453247
0.819702684879303 0.2703377604484558 0.5049801468849182 0.26985591650009155 0.5550175309181213 -0.5927737951278687 -0.5835875868797302 -0.5612993240356445 0.14157329499721527 0.7586411833763123 -0.635940432548523 -1.7290407419204712
0.8196593523025513 0.27028748393058777 0.5050774216651917 0.26977643370628357 0.5550708174705505 -0.5926986336708069 -0.5836132764816284 -0.5613027811050415 0.1416153758764267 0.7587178349494934 -0.6358396410942078 -1.7291127443313599
0.8196662068367004 0.2703693211078644 0.5050224661827087 0.2698686718940735 0.5550863146781921 -0.5926673412322998 -0.5836303234100342 -0.5612894892692566 0.1415146291255951 0.7587131261825562 -0.635867714881897 -1.729065179824829
0.8196578621864319 0.27036967873573303 0.5050358176231384 0.26988112926483154 0.5550979971885681 -0.5926568508148193 -0.583629846572876 -0.5612941980361938 0.14151717722415924 0.7587211728096008 -0.6358575224876404 -1.7290537357330322
0.8196094632148743 0.2704913020133972 0.5050492882728577 0.269681841135025 0.5551890730857849 -0.592609167098999 -0.583591639995575 -0.5612046718597412 0.14144042134284973 0.7587150931358337 -0.6358819007873535 -1.7292027473449707
0.8195937871932983 0.2705190181732178 0.5050598978996277 0.2696834206581116 0.5552175641059875 -0.5925855040550232 -0.5835885405540466 -0.5612052083015442 0.1414194107055664 0.7587236762046814 -0.6358762383460999 -1.7291994094848633
0.8197042346000671 0.2703687250614166 0.5049611330032349 0.26924392580986023 0.5550357699394226 -0.5927025079727173 -0.5836426615715027 -0.5610347986221313 0.1414930522441864 0.758685827255249 -0.6359050273895264 -1.7294656038284302
0.819729745388031 0.27043381333351135 0.5048847794532776 0.2692376673221588 0.555011510848999 -0.5927492380142212 -0.5836182832717896 -0.5609881281852722 0.1414399892091751 0.7586261630058289 -0.6359880566596985 -1.7295130491256714
0.8197035789489746 0.27029478549957275 0.5050016641616821 0.26906532049179077 0.5550146102905273 -0.5927342176437378 -0.5836306214332581 -0.5609868764877319 0.1415795236825943 0.758687436580658 -0.6358839273452759 -1.729661464691162
0.8196883797645569 0.2703656256198883 0.5049884915351868 0.26913246512413025 0.5550495982170105 -0.5927230715751648 -0.5836086273193359 -0.5610042214393616 0.14153067767620087 0.7586708664894104 -0.6359145045280457 -1.729599952697754
0.8196837306022644 0.27038201689720154 0.5049872398376465 0.2691175937652588 0.5550572276115417 -0.5927297472953796 -0.5835946202278137 -0.5610026121139526 0.14152750372886658 0.758659839630127 -0.6359283924102783 -1.7296055555343628
0.8196545243263245 0.27024316787719727 0.5051090121269226 0.2689281105995178 0.5550659894943237 -0.5927032232284546 -0.5836132168769836 -0.5609843134880066 0.14166229963302612 0.7587300539016724 -0.6358146071434021 -1.7297155857086182
0.819665253162384 0.27003002166748047 0.505205512046814 0.26887625455856323 0.555012047290802 -0.5926792025566101 -0.5836888551712036 -0.560978353023529 0.1418113261461258 0.7588246464729309 -0.6356684565544128 -1.729762315750122
0.8196670413017273 0.2700265944004059 0.505204439163208 0.26885172724723816 0.5550097227096558 -0.5926764011383057 -0.5836939215660095 -0.5609784126281738 0.14180994033813477 0.7588280439376831 -0.635664701461792 -1.729774832725525
0.8197477459907532 0.2698962986469269 0.5051431655883789 0.26886463165283203 0.554877519607544 -0.5927346348762512 -0.5837604999542236 -0.5609657764434814 0.14186111092567444 0.7588289380073547 -0.6356522440910339 -1.7297457456588745
0.819736897945404 0.26991507411003113 0.5051506757736206 0.26884356141090393 0.5548940896987915 -0.5927345156669617 -0.5837448835372925 -0.5609657168388367 0.14185872673988342 0.7588223814964294 -0.6356606483459473 -1.7297554016113281
0.8197545409202576 0.2698292136192322 0.5051679015159607 0.2688791751861572 0.5548610687255859 -0.5927028059959412 -0.583808422088623 -0.5610001683235168 0.1418859213590622 0.7588776350021362 -0.635588526725769 -1.7297385931015015
0.8197564482688904 0.2698312997817993 0.5051637291908264 0.2688489854335785 0.5548579692840576 -0.5927101969718933 -0.5838038921356201 -0.5609986186027527 0.14188718795776367 0.7588711380958557 -0.6355960369110107 -1.7297502756118774
0.8198502063751221 0.269700288772583 0.5050815939903259 0.26870250701904297 0.5547031760215759 -0.5928072333335876 -0.5838524699211121 -0.5609211921691895 0.14195086061954498 0.7588419318199158 -0.6356167197227478 -1.7298457622528076
0.8198446035385132 0.2696853280067444 0.5050985813140869 0.26867249608039856 0.5547054409980774 -0.5928122401237488 -0.5838452577590942 -0.5609162449836731 0.14197419583797455 0.7588433027267456 -0.6356098055839539 -1.7298541069030762
0.8198443055152893 0.26982438564300537 0.5050248503684998 0.2686328887939453 0.5547440052032471 -0.5927685499191284 -0.5838529467582703 -0.5608658194541931 0.1418251395225525 0.7588280439376831 -0.6356613636016846 -1.7298890352249146
0.8198427557945251 0.2698931097984314 0.5049906373023987 0.2687429189682007 0.5547559857368469 -0.5927934050559998 -0.5838162899017334 -0.5608443021774292 0.14178717136383057 0.7587841749191284 -0.6357222199440002 -1.729845643043518
0.8198485970497131 0.2699028253555298 0.5049759149551392 0.2687263488769531 0.5547518134117126 -0.5927907228469849 -0.583823025226593 -0.5608305931091309 0.14176958799362183 0.7587828040122986 -0.6357277035713196 -1.729856252670288
0.8198031783103943 0.2698684632778168 0.5050680637359619 0.2686989903450012 0.5548136234283447 -0.5927013754844666 -0.5838549733161926 -0.5608933568000793 0.14179052412509918 0.7588648200035095 -0.6356251835823059 -1.7298895120620728
0.8198282718658447 0.26993289589881897 0.5049929022789001 0.2687476575374603 0.5547806024551392 -0.5927976369857788 -0.5837886333465576 -0.5608665347099304 0.14177492260932922 0.7587667107582092 -0.6357457637786865 -1.729856014251709
0.8198446035385132 0.2699246108531952 0.5049707889556885 0.26873457431793213 0.5547597408294678 -0.5927984118461609 -0.583807647228241 -0.5608621835708618 0.1417618840932846 0.7587690353393555 -0.6357458829879761 -1.7298681735992432
0.8198021650314331 0.26987847685813904 0.5050643682479858 0.2688363790512085 0.5548058152198792 -0.5927611589431763 -0.5838016867637634 -0.5609297752380371 0.14182709157466888 0.7588145732879639 -0.6356770396232605 -1.72978937625885
0.8198062181472778 0.26988133788108826 0.5050562620162964 0.26882120966911316 0.5548040270805359 -0.5927489995956421 -0.5838157534599304 -0.5609293580055237 0.14181068539619446 0.758823037147522 -0.63567054271698 -1.729803442955017
0.8198115825653076 0.2699657678604126 0.5050023794174194 0.2689180374145508 0.5548036098480225 -0.5928155779838562 -0.5837485790252686 -0.5609171986579895 0.14178119599819183 0.758741021156311 -0.6357750296592712 -1.7297443151474
0.8198143839836121 0.2699470520019531 0.505007803440094 0.2689068913459778 0.5547989010810852 -0.5928015112876892 -0.583767294883728 -0.5609129667282104 0.1417831927537918 0.7587586045265198 -0.6357535719871521 -1.729754090309143
0.8198000192642212 0.26990535855293274 0.5050534605979919 0.2689956724643707 0.5548079013824463 -0.5927941799163818 -0.5837662220001221 -0.5609803199768066 0.1418311893939972 0.7587792277336121 -0.6357182860374451 -1.7296959161758423
0.8197928667068481 0.26972082257270813 0.5051636099815369 0.2687475383281708 0.5547683238983154 -0.5928365588188171 -0.5837607383728027 -0.5609722137451172 0.1420270949602127 0.7588117122650146 -0.6356357336044312 -1.7298709154129028
0.8197213411331177 0.2697887718677521 0.5052434206008911 0.2690352201461792 0.5548762083053589 -0.5927804112434387 -0.5837153196334839 -0.5610653162002563 0.14201860129833221 0.7588314414024353 -0.6356140971183777 -1.7296770811080933
0.8197979927062988 0.2696869969367981 0.50517338514328 0.2690194547176361 0.5547509789466858 -0.5928588509559631 -0.5837546586990356 -0.5610299110412598 0.14206552505493164 0.7588063478469849 -0.6356335878372192 -1.7296475172042847
0.8197999596595764 0.2696925103664398 0.5051672458648682 0.26901763677597046 0.5547516942024231 -0.59284907579422 -0.5837638974189758 -0.561037003993988 0.14205123484134674 0.7588120102882385 -0.6356300115585327 -1.7296465635299683
0.8198546171188354 0.2695930302143097 0.5051316618919373 0.26903870701789856 0.5546694397926331 -0.5928362607955933 -0.5838550329208374 -0.5610446929931641 0.14205718040466309 0.7588573694229126 -0.6355745196342468 -1.7296334505081177
0.8198498487472534 0.2695047855377197 0.5051864981651306 0.2690187990665436 0.5546662211418152 -0.5927807092666626 -0.5839145183563232 -0.5610705018043518 0.1420971155166626 0.7589321136474609 -0.6354763507843018 -1.7296667098999023
0.8198534846305847 0.26951366662979126 0.5051758289337158 0.26901793479919434 0.5546642541885376 -0.5927790403366089 -0.583918035030365 -0.5610793828964233 0.1420838087797165 0.7589302659034729 -0.6354815363883972 -1.729665756225586
0.8198932409286499 0.2694453001022339 0.5051477551460266 0.2690137028694153 0.554600179195404 -0.5927967429161072 -0.583961009979248 -0.5610522031784058 0.14210444688796997 0.7589406967163086 -0.6354644298553467 -1.7296786308288574
0.8199189901351929 0.26942819356918335 0.5051150918006897 0.2690151333808899 0.5545663833618164 -0.5927984714508057 -0.583991289138794 -0.5610584616661072 0.14208780229091644 0.7589454054832458 -0.6354625225067139 -1.7296833992004395
0.8198891878128052 0.2694525420665741 0.5051504969596863 0.26902446150779724 0.554610550403595 -0.5927746295928955 -0.5839735269546509 -0.5610657334327698 0.14208728075027466 0.7589554190635681 -0.6354507207870483 -1.729688048362732
0.819887638092041 0.2694666385650635 0.5051454305648804 0.2690281569957733 0.5546150207519531 -0.5927765369415283 -0.5839673280715942 -0.5610736608505249 0.1420787125825882 0.7589488625526428 -0.6354604363441467 -1.7296921014785767
0.8199124932289124 0.2691774368286133 0.5052593350410461 0.2691555619239807 0.5545253157615662 -0.5927679538726807 -0.5840612649917603 -0.5610893368721008 0.14228548109531403 0.7590582370758057 -0.6352835297584534 -1.7295281887054443
0.819918155670166 0.2690909504890442 0.5052961707115173 0.26934361457824707 0.5544935464859009 -0.5928024649620056 -0.5840564370155334 -0.5611421465873718 0.14237657189369202 0.7590619325637817 -0.635258674621582 -1.7293870449066162
0.819932222366333 0.2690522074699402 0.5052939653396606 0.26936110854148865 0.5544708371162415 -0.5927920937538147 -0.5840885043144226 -0.5611464381217957 0.14238403737545013 0.7590837478637695 -0.6352309584617615 -1.7293704748153687
0.8199877142906189 0.2689450681209564 0.5052609443664551 0.26925039291381836 0.554381787776947 -0.5928008556365967 -0.5841640830039978 -0.5611186623573303 0.14241114258766174 0.7591148614883423 -0.6351876854896545 -1.7294946908950806
0.8199712634086609 0.26895585656166077 0.505281925201416 0.26926812529563904 0.5544033646583557 -0.5927996039390564 -0.5841448903083801 -0.5611234307289124 0.14242181181907654 0.7591120600700378 -0.6351886987686157 -1.7294893264770508
0.8200449347496033 0.26892486214637756 0.5051788687705994 0.26919806003570557 0.5542970299720764 -0.5928767323493958 -0.5841675400733948 -0.5610819458961487 0.14241167902946472 0.7590628266334534 -0.6352497935295105 -1.7295324802398682
0.820030152797699 0.2689375579357147 0.5051960945129395 0.26920977234840393 0.5543161034584045 -0.5928807258605957 -0.5841453671455383 -0.5610812902450562 0.14242245256900787 0.7590551972389221 -0.6352564692497253 -1.7295262813568115
0.8200200796127319 0.26910555362701416 0.5051229596138 0.2693178057670593 0.5543546080589294 -0.5929317474365234 -0.5840570330619812 -0.5610464215278625 0.14233051240444183 0.7589557766914368 -0.6353958249092102 -1.7294648885726929
0.8200021386146545 0.2692696452140808 0.5050646662712097 0.26945286989212036 0.5543943047523499 -0.5930206775665283 -0.5839291214942932 -0.5610904693603516 0.1422794610261917 0.7588281035423279 -0.6355597376823425 -1.7292695045471191
0.8200699687004089 0.2693013846874237 0.5049375891685486 0.2691197395324707 0.5543119311332703 -0.5930781364440918 -0.5839489102363586 -0.5610223412513733 0.1422092467546463 0.7587718963623047 -0.6356425285339355 -1.729506492614746
0.8200543522834778 0.26943206787109375 0.5048933029174805 0.26931875944137573 0.5543656945228577 -0.5930389165878296 -0.5839377045631409 -0.5611061453819275 0.14208990335464478 0.758756160736084 -0.6356880068778992 -1.729400634765625
0.8200505375862122 0.2694224417209625 0.5049046277999878 0.26934322714805603 0.5543673634529114 -0.5930424332618713 -0.5839325189590454 -0.5611199736595154 0.14210540056228638 0.7587568163871765 -0.6356837749481201 -1.7293857336044312
0.8200271129608154 0.26958486437797546 0.5048559308052063 0.26954972743988037 0.5544250011444092 -0.5930669903755188 -0.5838528871536255 -0.5611752867698669 0.1420155167579651 0.758679986000061 -0.6357955932617188 -1.7292698621749878
0.8199592232704163 0.26955902576446533 0.5049799680709839 0.2694241404533386 0.554524302482605 -0.5929261445999146 -0.5839016437530518 -0.5612194538116455 0.14201992750167847 0.7587991952896118 -0.6356522440910339 -1.7293821573257446
0.8199737071990967 0.26956266164779663 0.5049545168876648 0.2694518268108368 0.5545077323913574 -0.5929292440414429 -0.5839142203330994 -0.5612496733665466 0.14200089871883392 0.7587954998016357 -0.6356609463691711 -1.7293730974197388
0.8199804425239563 0.26941341161727905 0.5050232410430908 0.2694287896156311 0.5544636845588684 -0.5929505228996277 -0.5839344263076782 -0.5612350702285767 0.14213408529758453 0.7588318586349487 -0.6355878114700317 -1.7294070720672607
