# 3x4 first row second row third row Freq: 100 current Time: 2021-07-31-13:23:33
0.5011444091796875 0.24484330415725708 0.8300036191940308 0.038384176790714264 0.4355941116809845 -0.9001396298408508 0.002527217846363783 -0.8384596109390259 0.7477379441261292 0.3602782189846039 -0.557752251625061 -1.4903056621551514
0.5010271668434143 0.24486412107944489 0.8300682306289673 0.038272976875305176 0.4357337951660156 -0.9000720977783203 0.002506883582100272 -0.8384700417518616 0.7477351427078247 0.36043277382850647 -0.5576561689376831 -1.490439772605896
0.5010477900505066 0.24484270811080933 0.8300621509552002 0.03826043754816055 0.43571510910987854 -0.900081217288971 0.0024868473410606384 -0.8384711146354675 0.7477322220802307 0.36042460799217224 -0.5576653480529785 -1.4904505014419556
0.5011013150215149 0.24483272433280945 0.8300327658653259 0.038072966039180756 0.4356229305267334 -0.9001257419586182 0.002516792621463537 -0.8383392095565796 0.7477500438690186 0.360320121049881 -0.5577089190483093 -1.4905860424041748
0.5010964870452881 0.24484135210514069 0.8300331234931946 0.038049109280109406 0.435631662607193 -0.9001215100288391 0.002522145165130496 -0.8383368253707886 0.7477481961250305 0.360324889421463 -0.5577083826065063 -1.4905946254730225
0.5011430382728577 0.24473997950553894 0.8300349712371826 0.038256727159023285 0.43555110692977905 -0.9001606702804565 0.0024479911662638187 -0.8383973240852356 0.7477639317512512 0.360295832157135 -0.5577059984207153 -1.4904690980911255
0.5011422038078308 0.24478714168071747 0.8300215005874634 0.03826640546321869 0.4355144202709198 -0.9001781940460205 0.0025269067846238613 -0.8383886814117432 0.7477858662605286 0.3602200150489807 -0.5577256083488464 -1.4904273748397827
0.5011241436004639 0.24477528035640717 0.830035924911499 0.038260769098997116 0.4354899823665619 -0.900189995765686 0.0025417092256247997 -0.8383808732032776 0.7478121519088745 0.36019861698150635 -0.5577041506767273 -1.4904277324676514
0.5011349320411682 0.24477355182170868 0.8300299644470215 0.03815855085849762 0.4354475140571594 -0.900210440158844 0.002565872622653842 -0.8383245468139648 0.7478296756744385 0.3601486384868622 -0.5577129125595093 -1.490478515625
0.5011315941810608 0.2447945475578308 0.8300257921218872 0.03814120590686798 0.4354499280452728 -0.9002092480659485 0.0025885961949825287 -0.8383134007453918 0.7478305101394653 0.3601374328136444 -0.5577190518379211 -1.4904762506484985
0.5011537075042725 0.24483738839626312 0.8299997448921204 0.03789660334587097 0.43549856543540955 -0.9001857042312622 0.002587229013442993 -0.8382220268249512 0.747787356376648 0.36016711592674255 -0.5577577352523804 -1.4907233715057373
0.5010894536972046 0.24486082792282104 0.8300316333770752 0.03796033933758736 0.4355839192867279 -0.9001443982124329 0.002582566114142537 -0.8382723927497864 0.7477807402610779 0.36025434732437134 -0.5577102899551392 -1.490719199180603
0.5010765790939331 0.24488919973373413 0.8300310373306274 0.03793468698859215 0.4355858862400055 -0.9001433849334717 0.002618561964482069 -0.8382694721221924 0.7477881908416748 0.360237717628479 -0.5577110648155212 -1.4907344579696655
0.5010755062103271 0.24485322833061218 0.83004230260849 0.03819410875439644 0.4355447292327881 -0.9001632928848267 0.0026108408346772194 -0.8383884429931641 0.7478129267692566 0.3602123260498047 -0.5576943159103394 -1.4905133247375488
0.5010791420936584 0.24483773112297058 0.830044686794281 0.03818674385547638 0.43553510308265686 -0.9001680016517639 0.0025993071030825377 -0.8383861780166626 0.7478160858154297 0.36021116375923157 -0.5576907992362976 -1.4905229806900024
0.5010530948638916 0.2448454201221466 0.8300581574440002 0.03836524114012718 0.4355502128601074 -0.9001606702804565 0.00260998890735209 -0.8384665846824646 0.7478247284889221 0.36022424697875977 -0.5576707720756531 -1.490372896194458
0.5010572671890259 0.2448527216911316 0.830053448677063 0.03836250677704811 0.43553757667541504 -0.9001667499542236 0.002625139895826578 -0.838463544845581 0.7478293180465698 0.36020413041114807 -0.5576776266098022 -1.4903810024261475
0.501038134098053 0.24489973485469818 0.8300511240959167 0.03827651962637901 0.43560025095939636 -0.9001363515853882 0.0026393872685730457 -0.8384637236595154 0.7478055953979492 0.36024805903434753 -0.5576810240745544 -1.4904344081878662
0.501041054725647 0.2448687106370926 0.8300585150718689 0.038267962634563446 0.43559250235557556 -0.9001401662826538 0.00260998890735209 -0.8384605050086975 0.7478081583976746 0.3602595627307892 -0.5576701760292053 -1.490444540977478
0.5010408163070679 0.244832843542099 0.8300692439079285 0.03839504346251488 0.43556472659111023 -0.9001536965370178 0.0025919426698237658 -0.8385043740272522 0.747824490070343 0.36025020480155945 -0.5576542615890503 -1.4902782440185547
0.501017689704895 0.24478839337825775 0.8300963044166565 0.03854115679860115 0.4355068802833557 -0.9001816511154175 0.002598929451778531 -0.8385849595069885 0.7478736639022827 0.3602105677127838 -0.5576139688491821 -1.4901363849639893
0.5010094046592712 0.24479079246520996 0.8301006555557251 0.038549214601516724 0.4354952573776245 -0.9001872539520264 0.0026145358569920063 -0.8385791778564453 0.7478860020637512 0.36019498109817505 -0.5576074719429016 -1.4901372194290161
0.5010473728179932 0.244828000664711 0.8300667405128479 0.038375359028577805 0.4354848265647888 -0.9001922011375427 0.002642815699800849 -0.8384515047073364 0.7478666305541992 0.3601572811603546 -0.5576578378677368 -1.4902807474136353
0.5010523796081543 0.2448241263628006 0.8300648331642151 0.038369812071323395 0.43549224734306335 -0.9001886248588562 0.002630493836477399 -0.8384405374526978 0.7478589415550232 0.36016878485679626 -0.5576606392860413 -1.490275502204895
0.5010824203491211 0.24479801952838898 0.8300544023513794 0.038260992616415024 0.43547552824020386 -0.9001967906951904 0.002598918043076992 -0.8383502960205078 0.7478485107421875 0.36016613245010376 -0.557676374912262 -1.4904345273971558
0.5011258721351624 0.2447780966758728 0.830034077167511 0.03839270770549774 0.43551573157310486 -0.9001775979995728 0.0025246564764529467 -0.8384708762168884 0.7477960586547852 0.3602277338504791 -0.5577069520950317 -1.4902890920639038
0.5011428594589233 0.24479475617408752 0.8300188779830933 0.038382213562726974 0.43551304936408997 -0.900178849697113 0.002535840030759573 -0.8384695649147034 0.7477862238883972 0.3602132499217987 -0.5577295422554016 -1.4902849197387695
0.5011467933654785 0.24482400715351105 0.8300079107284546 0.03838489577174187 0.43545204401016235 -0.9002081155776978 0.002611035481095314 -0.8384608030319214 0.7478191256523132 0.36012014746665955 -0.5577455163002014 -1.4902106523513794
0.5011290311813354 0.24481911957263947 0.8300200700759888 0.03837088122963905 0.4354398250579834 -0.9002140164375305 0.002624097280204296 -0.8384568691253662 0.7478380799293518 0.36010879278182983 -0.5577273964881897 -1.4901986122131348
0.5011612176895142 0.24481815099716187 0.8300008773803711 0.038431428372859955 0.4354758560657501 -0.9001967310905457 0.0025793849490582943 -0.8385031223297119 0.747795581817627 0.3601526618003845 -0.5577560663223267 -1.4902074337005615
0.5011613965034485 0.2448274940252304 0.8299980163574219 0.03842473030090332 0.43545621633529663 -0.9002061486244202 0.002604047069326043 -0.8385009765625 0.7478069067001343 0.36012277007102966 -0.5577602386474609 -1.4902052879333496
0.5011841058731079 0.24476490914821625 0.8300027847290039 0.038557589054107666 0.43544718623161316 -0.9002107381820679 0.0025310497730970383 -0.8386200070381165 0.747796893119812 0.36015385389328003 -0.5577535033226013 -1.4901349544525146
0.5011753439903259 0.24479037523269653 0.8300005793571472 0.038556478917598724 0.4354884624481201 -0.9001907706260681 0.0025324691087007523 -0.8386265635490417 0.7477787733078003 0.36018645763397217 -0.557756781578064 -1.490138053894043
0.50118088722229 0.24478109180927277 0.8299999833106995 0.03858334571123123 0.43542465567588806 -0.9002215266227722 0.0025670998729765415 -0.8386510610580444 0.7478122115135193 0.3601158857345581 -0.5577574968338013 -1.490098476409912
0.5011814832687378 0.24472670257091522 0.8300156593322754 0.038673922419548035 0.4354153573513031 -0.9002261757850647 0.00251473905518651 -0.8386737108230591 0.7478172183036804 0.36014124751091003 -0.5577344298362732 -1.4900202751159668
0.5011655688285828 0.24473720788955688 0.8300221562385559 0.03868309408426285 0.4354058802127838 -0.9002307057380676 0.0025415278505533934 -0.8386753797531128 0.7478334307670593 0.36012279987335205 -0.5577245950698853 -1.4900234937667847
0.5011923313140869 0.24467214941978455 0.8300251960754395 0.038836803287267685 0.4353845417499542 -0.9002411961555481 0.00247288029640913 -0.8387773633003235 0.7478278875350952 0.36014074087142944 -0.557720422744751 -1.489889144897461
0.5011691451072693 0.2446754425764084 0.8300381898880005 0.038853343576192856 0.4354012608528137 -0.9002330899238586 0.0024760845117270947 -0.8387817740440369 0.7478336691856384 0.3601587414741516 -0.557701051235199 -1.489891529083252
0.5011919140815735 0.24468661844730377 0.8300211429595947 0.03905804455280304 0.4352822005748749 -0.9002904295921326 0.002565109170973301 -0.838895857334137 0.7478877305984497 0.3600078225135803 -0.5577259659767151 -1.4896281957626343
0.5011798143386841 0.2446674108505249 0.8300341367721558 0.03909989818930626 0.43526870012283325 -0.9002969264984131 0.002560663502663374 -0.8389379382133484 0.7479037046432495 0.3600045144557953 -0.5577067136764526 -1.4895737171173096
0.5011773109436035 0.24466903507709503 0.8300351500511169 0.039118584245443344 0.43528664112091064 -0.9002882838249207 0.00255034607835114 -0.838947594165802 0.7478949427604675 0.3600250482559204 -0.5577052235603333 -1.4895669221878052
0.5010384321212769 0.24483418464660645 0.8300703167915344 0.03888612613081932 0.43542879819869995 -0.9002191424369812 0.0026959828101098537 -0.8388662338256836 0.7479052543640137 0.36008572578430176 -0.5576522350311279 -1.4897664785385132
0.5010408163070679 0.24485136568546295 0.8300637602806091 0.0388881079852581 0.4354313015937805 -0.9002178907394409 0.002711500506848097 -0.8388795852661133 0.7479021549224854 0.3600771725177765 -0.5576618909835815 -1.489762306213379
0.501091718673706 0.24477574229240417 0.8300553560256958 0.03880733996629715 0.43534624576568604 -0.9002591371536255 0.002666343003511429 -0.8388022780418396 0.7479175925254822 0.36002540588378906 -0.5576745867729187 -1.489854097366333
0.5010897517204285 0.24477355182170868 0.8300572037696838 0.03881489858031273 0.4353409707546234 -0.9002617001533508 0.0026689080987125635 -0.8388158679008484 0.7479220032691956 0.36002054810523987 -0.5576719045639038 -1.4898531436920166
0.5010779500007629 0.24478520452976227 0.8300608992576599 0.038785140961408615 0.4353655278682709 -0.9002498388290405 0.0026693998370319605 -0.8388108015060425 0.7479155659675598 0.3600423336029053 -0.5576663613319397 -1.4898544549942017
0.5010155439376831 0.24488013982772827 0.8300705552101135 0.03854480758309364 0.4355420172214508 -0.9001644253730774 0.00267333653755486 -0.8387095928192139 0.7478546500205994 0.3601912260055542 -0.557651937007904 -1.4900950193405151
0.5010205507278442 0.24487359821796417 0.8300694823265076 0.03853556886315346 0.43554624915122986 -0.9001624584197998 0.0026604970917105675 -0.8387155532836914 0.7478488683700562 0.3602006733417511 -0.5576536655426025 -1.4901001453399658
0.5010502338409424 0.24481764435768127 0.830068051815033 0.038606058806180954 0.43542951345443726 -0.9002188444137573 0.0026713497936725616 -0.8387171030044556 0.7478969097137451 0.36009764671325684 -0.5576556921005249 -1.4900351762771606
0.50103759765625 0.24482090771198273 0.8300747275352478 0.03859943151473999 0.4354431927204132 -0.9002122282981873 0.0026713020633906126 -0.8387197256088257 0.7478974461555481 0.3601119816303253 -0.5576457381248474 -1.4900405406951904
0.5010833740234375 0.2447255402803421 0.830075204372406 0.038530223071575165 0.4354194104671478 -0.9002240896224976 0.002561672357842326 -0.8386243581771851 0.7478805780410767 0.36014723777770996 -0.5576455593109131 -1.4901636838912964
0.5010854601860046 0.24472986161708832 0.8300727009773254 0.038531504571437836 0.4354238510131836 -0.9002219438552856 0.0025619803927838802 -0.8386196494102478 0.7478766441345215 0.36014968156814575 -0.5576493144035339 -1.490179181098938
0.5011159777641296 0.24471792578697205 0.8300577402114868 0.03830966353416443 0.43543943762779236 -0.9002144932746887 0.0025214580819010735 -0.8384825587272644 0.7478470802307129 0.36017632484436035 -0.5576717257499695 -1.4904130697250366
0.5011246204376221 0.24462825059890747 0.8300789594650269 0.03833608701825142 0.43538928031921387 -0.9002389311790466 0.002457093447446823 -0.8384875059127808 0.7478705048561096 0.3601761758327484 -0.5576404333114624 -1.4903970956802368
0.5011277794837952 0.2446380853652954 0.8300741910934448 0.03833656758069992 0.4353874623775482 -0.9002397656440735 0.0024674804881215096 -0.8384771943092346 0.7478694319725037 0.36016735434532166 -0.5576475262641907 -1.490417718887329
0.5011147856712341 0.24465227127075195 0.8300778269767761 0.038225848227739334 0.4354882836341858 -0.9001911282539368 0.0024144419003278017 -0.8383896350860596 0.7478194236755371 0.36027926206588745 -0.5576423406600952 -1.4905550479888916
0.5010846853256226 0.24463587999343872 0.8301008343696594 0.038222748786211014 0.4354863464832306 -0.9001920819282532 0.0024138493463397026 -0.8383732438087463 0.7478407621383667 0.36028802394866943 -0.5576080679893494 -1.4905781745910645
0.5010941624641418 0.24474011361598969 0.8300644159317017 0.03815998136997223 0.4354427456855774 -0.900212824344635 0.002554463455453515 -0.8383283615112305 0.74785977602005 0.3601655066013336 -0.5576616525650024 -1.4905658960342407
0.5010926723480225 0.24477869272232056 0.8300539255142212 0.03815004602074623 0.4354678988456726 -0.9002005457878113 0.0025783206801861525 -0.8383119106292725 0.7478461265563965 0.3601698577404022 -0.5576772093772888 -1.4905842542648315
0.5011051893234253 0.24480168521404266 0.8300396203994751 0.03806839510798454 0.43551939725875854 -0.9001756906509399 0.00255831191316247 -0.8382917642593384 0.7478077411651611 0.3602163791656494 -0.5576986074447632 -1.490662932395935
0.5010859370231628 0.24482111632823944 0.8300455212593079 0.03805708512663841 0.43554121255874634 -0.9001651406288147 0.0025732058566063643 -0.838276207447052 0.7478079795837402 0.36022961139678955 -0.5576897263526917 -1.4906885623931885
0.5010440945625305 0.24489079415798187 0.8300501704216003 0.03788531571626663 0.43571269512176514 -0.9000822305679321 0.0025427162181586027 -0.8382092714309692 0.7477360963821411 0.36038938164711 -0.5576828718185425 -1.4909025430679321
0.5010290741920471 0.24488335847854614 0.8300614356994629 0.037868499755859375 0.4357073903083801 -0.9000847339630127 0.002546436619013548 -0.8381901383399963 0.7477492690086365 0.3603880703449249 -0.5576661229133606 -1.4909420013427734
0.5010943412780762 0.24497981369495392 0.8299936056137085 0.03765527904033661 0.43569833040237427 -0.900088906288147 0.002623720094561577 -0.8380950689315796 0.7477108240127563 0.3603120744228363 -0.5577667355537415 -1.491103172302246
0.5010914206504822 0.24491305649280548 0.8300150632858276 0.03777974098920822 0.43556511402130127 -0.9001533389091492 0.0026522004045546055 -0.8381330966949463 0.7477903962135315 0.36019662022590637 -0.5577346682548523 -1.4909776449203491
0.5010871291160583 0.2449038326740265 0.8300203680992126 0.03775627911090851 0.4355757236480713 -0.9001482129096985 0.002636528108268976 -0.8381079435348511 0.7477870583534241 0.36021560430526733 -0.5577268600463867 -1.491011381149292
0.5011211633682251 0.24492011964321136 0.8299950361251831 0.03788227587938309 0.43562379479408264 -0.9001250863075256 0.0026005583349615335 -0.8381511569023132 0.7477362751960754 0.360262393951416 -0.5577647686004639 -1.4908901453018188
0.5010995864868164 0.24490095674991608 0.8300136923789978 0.037866003811359406 0.43561315536499023 -0.9001302123069763 0.0025989864952862263 -0.8381223082542419 0.7477568984031677 0.36026254296302795 -0.5577369332313538 -1.4909166097640991
0.5011513233184814 0.2449512481689453 0.8299676179885864 0.03759476915001869 0.43566909432411194 -0.9001032114028931 0.0025847575161606073 -0.8379736542701721 0.7476896643638611 0.3602958917617798 -0.557805597782135 -1.4911381006240845
0.5011234879493713 0.24496138095855713 0.8299814462661743 0.03756735101342201 0.43567001819610596 -0.9001026749610901 0.0026096184737980366 -0.8379421234130859 0.7477077841758728 0.3602902889251709 -0.557784914970398 -1.491165280342102
0.5011453032493591 0.2448374480009079 0.8300048112869263 0.037705935537815094 0.43559423089027405 -0.9001396298408508 0.002520318143069744 -0.8380340933799744 0.7477372884750366 0.3602822721004486 -0.5577505230903625 -1.491080641746521
0.5011605620384216 0.24476443231105804 0.8300171494483948 0.03782747685909271 0.4355143904685974 -0.9001783132553101 0.002492712577804923 -0.838076651096344 0.7477735877037048 0.36023518443107605 -0.5577322840690613 -1.490925669670105
0.5011622309684753 0.24472752213478088 0.8300269842147827 0.03781498596072197 0.43548765778541565 -0.9001913070678711 0.0024717405904084444 -0.8380482196807861 0.7477880120277405 0.3602277934551239 -0.5577177405357361 -1.4909454584121704
0.5011408925056458 0.24469727277755737 0.8300487995147705 0.037912048399448395 0.4355230927467346 -0.9001743197441101 0.0024236610624939203 -0.8381521701812744 0.7477816939353943 0.36029085516929626 -0.5576854944229126 -1.4908620119094849
0.5011289715766907 0.24468527734279633 0.8300595283508301 0.037897396832704544 0.43550971150398254 -0.9001807570457458 0.0024268683046102524 -0.8381360173225403 0.7477974891662598 0.360282838344574 -0.557669460773468 -1.4908840656280518
0.5011115074157715 0.24461320042610168 0.8300913572311401 0.037961509078741074 0.435490220785141 -0.9001903533935547 0.0023723619524389505 -0.8382499814033508 0.7478205561637878 0.36030787229537964 -0.5576223731040955 -1.4908126592636108
0.501055121421814 0.24478121101856232 0.8300758600234985 0.03780905157327652 0.4356251657009125 -0.900124728679657 0.0024833902716636658 -0.8381946086883545 0.7477796673774719 0.3603576123714447 -0.5576449632644653 -1.4909262657165527
0.5010696053504944 0.24477262794971466 0.8300696611404419 0.03778279200196266 0.43561580777168274 -0.9001293182373047 0.00247351941652596 -0.8381926417350769 0.7477754950523376 0.3603520393371582 -0.5576542615890503 -1.4909486770629883
0.5011262893676758 0.24490231275558472 0.8299971222877502 0.03761809691786766 0.4356061518192291 -0.9001336097717285 0.0025917019229382277 -0.8380265235900879 0.7477430701255798 0.36025309562683105 -0.5577616095542908 -1.4910757541656494
0.5011213421821594 0.24493470788002014 0.829990565776825 0.037640683352947235 0.43559756875038147 -0.9001376628875732 0.002635846845805645 -0.8380358815193176 0.7477514147758484 0.3602209985256195 -0.5577711462974548 -1.491057276725769
0.5011069178581238 0.24495963752269745 0.8299919366836548 0.03760604187846184 0.4356139302253723 -0.9001296758651733 0.002658223267644644 -0.8380224108695984 0.7477515339851379 0.36022400856018066 -0.5577690005302429 -1.4910768270492554
0.50110924243927 0.24503912031650543 0.8299670815467834 0.03748447820544243 0.43573737144470215 -0.9000699520111084 0.0026510884054005146 -0.8379683494567871 0.7476780414581299 0.36031919717788696 -0.5578060746192932 -1.4912910461425781
0.5010830760002136 0.2450450211763382 0.8299811482429504 0.0374518558382988 0.43573346734046936 -0.9000717401504517 0.002674064366146922 -0.837956428527832 0.7476978302001953 0.3603106439113617 -0.5577850937843323 -1.4913300275802612
0.5009820461273193 0.24501696228981018 0.8300504088401794 0.03774907439947128 0.43571922183036804 -0.900078535079956 0.002707066247239709 -0.8381300568580627 0.7477738857269287 0.36031273007392883 -0.5576817989349365 -1.4910105466842651
0.5009810328483582 0.2450457662343979 0.8300425410270691 0.03773394599556923 0.435735285282135 -0.9000707268714905 0.002726855920627713 -0.8381233811378479 0.7477651834487915 0.36031270027160645 -0.5576934814453125 -1.4910420179367065
0.5010995864868164 0.2450239211320877 0.8299773931503296 0.037630174309015274 0.4357668459415436 -0.9000557661056519 0.0026176583487540483 -0.8381079435348511 0.7476673126220703 0.3603649139404297 -0.5577908754348755 -1.4911423921585083
0.5011168122291565 0.2450365275144577 0.8299632668495178 0.03745291382074356 0.43569767475128174 -0.9000890851020813 0.002673943992704153 -0.8379594087600708 0.7476961016654968 0.3602730929851532 -0.5578116178512573 -1.4912950992584229
0.5011168718338013 0.24502122402191162 0.8299677968025208 0.03742709755897522 0.4356928765773773 -0.9000914692878723 0.002660905010998249 -0.8379461765289307 0.7476989030838013 0.36027762293815613 -0.5578050017356873 -1.4913235902786255
0.5011669993400574 0.24497488141059875 0.8299511671066284 0.03732547163963318 0.4357253313064575 -0.9000760316848755 0.002560229506343603 -0.837881863117218 0.7476463317871094 0.3603476285934448 -0.5578302145004272 -1.4914792776107788
0.5011844038963318 0.2449754923582077 0.8299404978752136 0.03729746863245964 0.4357028603553772 -0.9000868797302246 0.0025685704313218594 -0.8378706574440002 0.7476478219032288 0.3603200912475586 -0.5578460097312927 -1.4915109872817993
0.5012763738632202 0.24497127532958984 0.8298861980438232 0.037175700068473816 0.43572163581848145 -0.9000779986381531 0.002501885173842311 -0.8377723097801208 0.7475751638412476 0.3603452444076538 -0.557927131652832 -1.491611361503601
0.5012704133987427 0.24496637284755707 0.8298912048339844 0.037138406187295914 0.43570128083229065 -0.900087833404541 0.00251488434150815 -0.8377529382705688 0.7475910186767578 0.36032402515411377 -0.5579195618629456 -1.491646647453308
0.5013377070426941 0.24493879079818726 0.8298587203025818 0.03702045977115631 0.43564292788505554 -0.9001161456108093 0.0024933430831879377 -0.8376312255859375 0.7475799322128296 0.360272079706192 -0.557968020439148 -1.4917514324188232
0.5015067458152771 0.2449033111333847 0.8297670483589172 0.036738574504852295 0.4356316328048706 -0.9001219272613525 0.0023749331012368202 -0.8374747037887573 0.7474731206893921 0.36028170585632324 -0.5581048727035522 -1.4921172857284546
0.5014877319335938 0.24489711225032806 0.8297803997993469 0.03669328987598419 0.4356403946876526 -0.9001176953315735 0.0023716005962342024 -0.8374508023262024 0.7474807500839233 0.3602965176105499 -0.558085024356842 -1.4921672344207764
0.5014622807502747 0.24508391320705414 0.829740583896637 0.03677261993288994 0.43567565083503723 -0.9001001119613647 0.002561229281127453 -0.8374652862548828 0.7474772930145264 0.36021339893341064 -0.5581433176994324 -1.492047905921936
0.5014665126800537 0.24507305026054382 0.8297412395477295 0.036730632185935974 0.43566209077835083 -0.90010666847229 0.0025573212187737226 -0.8374425172805786 0.7474823594093323 0.36020439863204956 -0.5581424236297607 -1.4920921325683594
0.5014894008636475 0.2451460212469101 0.8297058343887329 0.03680476173758507 0.43571171164512634 -0.900082528591156 0.0025874911807477474 -0.8375170230865479 0.7474380731582642 0.3602149486541748 -0.5581948161125183 -1.4920517206192017
0.5014795660972595 0.24515265226364136 0.8297098278999329 0.036768462508916855 0.43571949005126953 -0.9000787734985352 0.0025940225459635258 -0.8375006318092346 0.7474401593208313 0.36021989583969116 -0.5581889152526855 -1.492097020149231
0.5014570355415344 0.24508614838123322 0.8297430872917175 0.036772243678569794 0.43575388193130493 -0.9000623822212219 0.0025079550687223673 -0.8375247120857239 0.7474352121353149 0.36030614376068115 -0.5581398606300354 -1.4921208620071411
0.5014382004737854 0.24510501325130463 0.8297489285469055 0.03674197942018509 0.4357573390007019 -0.9000605940818787 0.002535686595365405 -0.8375120162963867 0.747445821762085 0.36029770970344543 -0.5581310987472534 -1.4921669960021973
0.5014989376068115 0.24503295123577118 0.8297334909439087 0.03654923290014267 0.43571656942367554 -0.9000805616378784 0.0024561958853155375 -0.8373904228210449 0.747428834438324 0.3602968454360962 -0.5581544041633606 -1.4923584461212158
0.5015122890472412 0.24501900374889374 0.8297295570373535 0.03651469200849533 0.43569526076316833 -0.9000908732414246 0.0024500105064362288 -0.8373730182647705 0.747432291507721 0.36028051376342773 -0.5581602454185486 -1.4924126863479614
0.5015021562576294 0.24502421915531158 0.8297341465950012 0.03692132607102394 0.4355824887752533 -0.9001452326774597 0.002545175841078162 -0.8375512361526489 0.7475048303604126 0.36014124751091003 -0.5581530332565308 -1.4920086860656738
0.501471996307373 0.24501624703407288 0.8297547101974487 0.0371599905192852 0.43559160828590393 -0.9001408219337463 0.0025454789865761995 -0.8376972675323486 0.7475197911262512 0.36015772819519043 -0.5581223964691162 -1.4917489290237427
0.501451313495636 0.24499739706516266 0.8297727704048157 0.03715002164244652 0.4355865716934204 -0.9001432657241821 0.002539614913985133 -0.8376822471618652 0.7475365996360779 0.3601644039154053 -0.5580955743789673 -1.4917774200439453
0.5014293193817139 0.24499022960662842 0.8297882080078125 0.03741743788123131 0.4355126619338989 -0.900178849697113 0.002598504303023219 -0.8378510475158691 0.7475943565368652 0.3600803017616272 -0.5580723881721497 -1.4914156198501587
0.5014175772666931 0.24500150978565216 0.8297919034957886 0.03740793839097023 0.43552055954933167 -0.9001749753952026 0.00261097913607955 -0.83784019947052 0.7475976347923279 0.3600822389125824 -0.5580667853355408 -1.4914259910583496
0.5013924837112427 0.2449275255203247 0.8298289775848389 0.037565313279628754 0.435456782579422 -0.9002059102058411 0.002591443248093128 -0.837950587272644 0.7476516366004944 0.3600553274154663 -0.5580118298530579 -1.4912214279174805
0.5013680458068848 0.24494418501853943 0.8298388123512268 0.03756028413772583 0.4354795217514038 -0.9001948833465576 0.002605304354801774 -0.8379426598548889 0.7476547956466675 0.36007159948349 -0.5579971075057983 -1.4912269115447998
0.5014793872833252 0.2448882758617401 0.8297880291938782 0.03738837689161301 0.43549683690071106 -0.9001868367195129 0.0024735392071306705 -0.8378164768218994 0.7475699782371521 0.36012962460517883 -0.5580732226371765 -1.4914571046829224
0.5014462471008301 0.24480518698692322 0.8298325538635254 0.037540119141340256 0.43542298674583435 -0.900222659111023 0.0024558568838983774 -0.8379330039024353 0.7476352453231812 0.36009669303894043 -0.5580070614814758 -1.491255283355713
0.5014501214027405 0.24480338394641876 0.8298307657241821 0.03753410279750824 0.4354208707809448 -0.9002236723899841 0.0024534561671316624 -0.837929904460907 0.7476338744163513 0.360095351934433 -0.5580097436904907 -1.4912587404251099
0.5013957023620605 0.24478904902935028 0.8298678398132324 0.037715550512075424 0.43540051579475403 -0.9002334475517273 0.0024815339129418135 -0.8380577564239502 0.7476822733879089 0.36008065938949585 -0.5579544305801392 -1.4910773038864136
0.5013865232467651 0.24480196833610535 0.8298695683479309 0.03771716356277466 0.4354062080383301 -0.9002306461334229 0.002496076049283147 -0.8380598425865173 0.7476850748062134 0.3600788712501526 -0.557951807975769 -1.491072654724121
0.5013003349304199 0.24486233294010162 0.8299038410186768 0.03769594430923462 0.435517817735672 -0.9001765847206116 0.002523314906284213 -0.8381202816963196 0.7476778626441956 0.36017298698425293 -0.5579007267951965 -1.4910550117492676
0.5012977123260498 0.24483808875083923 0.8299126029014587 0.037697866559028625 0.43550580739974976 -0.9001824259757996 0.0025073562283068895 -0.8381301164627075 0.7476866245269775 0.3601748049259186 -0.5578877925872803 -1.491051435470581
0.501339852809906 0.24490121006965637 0.829868495464325 0.03754065930843353 0.4354915916919708 -0.9001891613006592 0.002564410213381052 -0.8379941582679749 0.7476666569709778 0.360115110874176 -0.5579531192779541 -1.4911187887191772
0.501364529132843 0.24477623403072357 0.8298904895782471 0.03787645325064659 0.43535736203193665 -0.9002541899681091 0.002516102511435747 -0.8381887674331665 0.7477282881736755 0.3600374460220337 -0.5579206943511963 -1.4907710552215576
0.5013542175292969 0.24475431442260742 0.8299031853675842 0.03788695111870766 0.4353615939617157 -0.9002522230148315 0.00249453354626894 -0.8381875157356262 0.7477326989173889 0.3600573241710663 -0.5579018592834473 -1.490761637687683
0.5013837814331055 0.24481643736362457 0.8298670053482056 0.03775952383875847 0.43540212512016296 -0.9002325534820557 0.002516265492886305 -0.8380326628684998 0.7476893067359924 0.36006423830986023 -0.5579556226730347 -1.4910192489624023
0.5013620853424072 0.24482384324073792 0.8298779129981995 0.03777087479829788 0.4354163110256195 -0.9002256393432617 0.002525028306990862 -0.8380253911018372 0.7476955652236938 0.3600764274597168 -0.5579392910003662 -1.4910179376602173
0.5013570189476013 0.24475456774234772 0.829901397228241 0.03786686062812805 0.4353625476360321 -0.9002517461776733 0.002492662286385894 -0.8381087183952332 0.7477303147315979 0.3600582480430603 -0.5579045414924622 -1.4909420013427734
0.501406192779541 0.24477581679821014 0.8298653960227966 0.03772316500544548 0.43540158867836 -0.9002329707145691 0.0024608939420431852 -0.8380650877952576 0.7476745843887329 0.36009079217910767 -0.55795818567276 -1.4910627603530884
0.5014147162437439 0.24476070702075958 0.8298647403717041 0.03772636502981186 0.4354097843170166 -0.9002290964126587 0.002433939604088664 -0.8380663394927979 0.7476640939712524 0.3601108193397522 -0.5579593181610107 -1.491061806678772
0.5014349222183228 0.24477475881576538 0.8298484086990356 0.037625085562467575 0.4353448152542114 -0.900260329246521 0.0024871141649782658 -0.8379603624343872 0.7476884126663208 0.3600230813026428 -0.5579833984375 -1.491158366203308
0.5014340281486511 0.2447720766067505 0.8298497200012207 0.03762468695640564 0.4353485107421875 -0.9002586007118225 0.0024818850215524435 -0.837955892086029 0.7476868033409119 0.36002933979034424 -0.5579814910888672 -1.4911531209945679
0.5014472603797913 0.24474771320819855 0.8298488855361938 0.0378902405500412 0.4352530837059021 -0.9003046154975891 0.0025197851937264204 -0.8380728960037231 0.7477335333824158 0.35993075370788574 -0.5579824447631836 -1.4908827543258667
0.5014392137527466 0.24474215507507324 0.8298553824424744 0.03790123015642166 0.4352356195449829 -0.9003130197525024 0.0025309743359684944 -0.8380641937255859 0.7477490901947021 0.35991349816322327 -0.5579727292060852 -1.4908673763275146
0.5014411211013794 0.2447073757648468 0.829864501953125 0.03810444846749306 0.43523749709129333 -0.9003122448921204 0.0024908611085265875 -0.8382691740989685 0.7477467060089111 0.3599391281604767 -0.5579593777656555 -1.490634799003601
0.5014650225639343 0.24469231069087982 0.8298544883728027 0.03811929374933243 0.4352186322212219 -0.900321364402771 0.002476091729477048 -0.8382716774940491 0.7477416396141052 0.3599264919757843 -0.5579743385314941 -1.4906132221221924
0.5014253258705139 0.24462895095348358 0.8298971652984619 0.03829022869467735 0.43521326780319214 -0.9003241062164307 0.0024320799857378006 -0.8384025692939758 0.7477713823318481 0.3599627614021301 -0.5579110383987427 -1.4904004335403442
0.5014442801475525 0.244542196393013 0.8299112915992737 0.03839748725295067 0.4351857602596283 -0.9003376364707947 0.002348605077713728 -0.838517427444458 0.7477746605873108 0.35998785495758057 -0.5578904747962952 -1.4902955293655396
0.5014406442642212 0.24456724524497986 0.8299061059951782 0.03841863200068474 0.4351992607116699 -0.9003310203552246 0.0023675954435020685 -0.8385332822799683 0.7477692365646362 0.3599873185157776 -0.5578981041908264 -1.4902675151824951
0.5014215707778931 0.24469144642353058 0.8298810124397278 0.03825932741165161 0.4352306127548218 -0.9003155827522278 0.002488915342837572 -0.8384541273117065 0.7477638125419617 0.35994163155555725 -0.5579348802566528 -1.490355372428894
0.5014288425445557 0.2446592152118683 0.8298861384391785 0.03826793655753136 0.43520763516426086 -0.9003267288208008 0.0024673116859048605 -0.8384653925895691 0.7477723360061646 0.35993561148643494 -0.5579273104667664 -1.4903247356414795
0.5014290809631348 0.2446574717760086 0.8298864960670471 0.03849025443196297 0.43521708250045776 -0.9003221988677979 0.0024582059122622013 -0.8385759592056274 0.7477666139602661 0.35994815826416016 -0.5579268336296082 -1.4901745319366455
0.5014808177947998 0.24463047087192535 0.8298631906509399 0.0382627435028553 0.43529319763183594 -0.9002857208251953 0.002345142187550664 -0.8384419083595276 0.7476876974105835 0.3600577712059021 -0.5579619407653809 -1.4904415607452393
0.5014564394950867 0.24472551047801971 0.829849898815155 0.03834155201911926 0.43532854318618774 -0.9002683758735657 0.002434568479657173 -0.8385177850723267 0.7476834058761597 0.3600365221500397 -0.5579813718795776 -1.490336298942566
0.5015001893043518 0.24477554857730865 0.8298087120056152 0.038158733397722244 0.4354061484336853 -0.900230884552002 0.0024081007577478886 -0.8384363651275635 0.7476089000701904 0.36009615659713745 -0.5580427050590515 -1.4904937744140625
0.5015096664428711 0.24477049708366394 0.8298044800758362 0.03816841542720795 0.435405969619751 -0.9002310037612915 0.0023977705277502537 -0.8384484648704529 0.747602641582489 0.36009931564331055 -0.5580490827560425 -1.4904800653457642
0.5014865398406982 0.24475058913230896 0.8298243284225464 0.038509197533130646 0.4353024959564209 -0.9002808928489685 0.0024654774460941553 -0.8385478854179382 0.7476783990859985 0.35998818278312683 -0.5580192804336548 -1.4901381731033325
0.5015097856521606 0.24478493630886078 0.8298001289367676 0.03854053094983101 0.43530941009521484 -0.9002774953842163 0.0024854489602148533 -0.8385520577430725 0.7476587891578674 0.35997334122657776 -0.5580551624298096 -1.4901117086410522
0.5015140175819397 0.24470213055610657 0.8298220038414001 0.038544464856386185 0.4353383481502533 -0.900263786315918 0.0023718131706118584 -0.8385796546936035 0.7476391196250916 0.3600638508796692 -0.5580231547355652 -1.4901516437530518
0.501514196395874 0.2447059601545334 0.8298207521438599 0.03857969120144844 0.4353104531764984 -0.9002771973609924 0.0023967029992491007 -0.8385892510414124 0.7476552128791809 0.3600276708602905 -0.5580248832702637 -1.4901294708251953
0.5014821887016296 0.2447400689125061 0.8298300504684448 0.03845344856381416 0.4353557527065277 -0.9002552628517151 0.002416612347587943 -0.838489830493927 0.7476503252983093 0.36005938053131104 -0.558010995388031 -1.4903265237808228
0.501504123210907 0.2448347955942154 0.829788863658905 0.03838043659925461 0.43534955382347107 -0.9002580046653748 0.002512569772079587 -0.8384664058685303 0.7476392388343811 0.35998815298080444 -0.5580717921257019 -1.4902641773223877
0.5014930367469788 0.24483221769332886 0.829796314239502 0.0383949838578701 0.43532928824424744 -0.9002677202224731 0.0025306628085672855 -0.838473379611969 0.7476584315299988 0.3599655330181122 -0.5580606460571289 -1.4902328252792358
0.5015192031860352 0.24483460187911987 0.8297798037528992 0.03855978697538376 0.4353022873401642 -0.900280773639679 0.0025397499557584524 -0.8386111855506897 0.7476565837860107 0.3599312901496887 -0.5580851435661316 -1.4900809526443481
0.5015286803245544 0.2448352575302124 0.8297738432884216 0.038581784814596176 0.4353110194206238 -0.9002766013145447 0.0025289987679570913 -0.8386265635490417 0.7476451992988586 0.3599413335323334 -0.5580940246582031 -1.4900460243225098
0.5015103816986084 0.2449527233839035 0.8297502398490906 0.038529716432094574 0.43527284264564514 -0.9002945423126221 0.002694475930184126 -0.8385708332061768 0.7476796507835388 0.35981646180152893 -0.5581283569335938 -1.4900195598602295
0.5014957785606384 0.24494121968746185 0.8297625184059143 0.038551412522792816 0.43526405096054077 -0.9002988338470459 0.002696204697713256 -0.8385805487632751 0.7476946115493774 0.3598136305809021 -0.5581101775169373 -1.4899789094924927
0.5015114545822144 0.2448432594537735 0.8297819495201111 0.03857748210430145 0.43529170751571655 -0.9002858400344849 0.0025610781740397215 -0.8385767936706543 0.7476679682731628 0.35991278290748596 -0.558081865310669 -1.4900670051574707
0.5015148520469666 0.2448214292526245 0.8297863006591797 0.0385991595685482 0.43526148796081543 -0.9003004431724548 0.00255816662684083 -0.8385879993438721 0.7476832866668701 0.35989105701446533 -0.5580754280090332 -1.4900360107421875
0.5014919638633728 0.24473755061626434 0.8298249244689941 0.0388079471886158 0.43524816632270813 -0.9003070592880249 0.0024890934582799673 -0.8387719988822937 0.747706413269043 0.35993149876594543 -0.5580183267593384 -1.4898152351379395
0.5014524459838867 0.24471192061901093 0.8298563361167908 0.038909122347831726 0.43527138233184814 -0.9002959132194519 0.0024645719677209854 -0.8388503193855286 0.747719407081604 0.3599768579006195 -0.5579716563224792 -1.4896854162216187
0.5014444589614868 0.24474142491817474 0.8298524618148804 0.038938213139772415 0.43527737259864807 -0.9002929329872131 0.002496282570064068 -0.8388663530349731 0.747721254825592 0.3599642515182495 -0.5579773187637329 -1.4896488189697266
0.5014890432357788 0.24484342336654663 0.8297954201698303 0.03859558328986168 0.4353972375392914 -0.9002349972724915 0.002494192449375987 -0.8386934995651245 0.7476215362548828 0.3600398302078247 -0.5580621361732483 -1.4900485277175903
0.5015039443969727 0.2448848932981491 0.8297741413116455 0.03860708326101303 0.43539756536483765 -0.9002346992492676 0.002531134756281972 -0.8387072086334229 0.7476113438606262 0.3600122928619385 -0.5580935478210449 -1.490027904510498
0.5014499425888062 0.24492383003234863 0.8297953009605408 0.03840547055006027 0.4355566203594208 -0.9001579284667969 0.0024828750174492598 -0.8386386036872864 0.7475549578666687 0.36017781496047974 -0.5580623149871826 -1.4902616739273071
0.5014994144439697 0.24493248760700226 0.829762876033783 0.038193974643945694 0.43561282753944397 -0.9001308679580688 0.0024244622327387333 -0.8384420871734619 0.7474890351295471 0.3602394759654999 -0.5581108331680298 -1.4905426502227783
0.5015191435813904 0.2449501007795334 0.8297457695007324 0.038198456168174744 0.43560731410980225 -0.900133490562439 0.002437349408864975 -0.8384420275688171 0.7474789619445801 0.36022093892097473 -0.5581362247467041 -1.4905487298965454
0.5014505982398987 0.24491097033023834 0.829798698425293 0.03827699273824692 0.4355800449848175 -0.9001466631889343 0.0024510868825018406 -0.8384335041046143 0.7475408315658569 0.3602146804332733 -0.558057427406311 -1.4904736280441284
0.5014587640762329 0.24491748213768005 0.8297918438911438 0.03828539699316025 0.4355781674385071 -0.900147557258606 0.002455283422023058 -0.8384302258491516 0.7475364804267883 0.36020800471305847 -0.5580676198005676 -1.4904747009277344
0.5014918446540833 0.24484634399414062 0.829792857170105 0.03810141980648041 0.4355625510215759 -0.9001553058624268 0.00237249000929296 -0.8382832407951355 0.7475233674049377 0.36023691296577454 -0.5580664277076721 -1.4906713962554932
0.5014767646789551 0.24486683309078217 0.8297959566116333 0.03797578811645508 0.4355930984020233 -0.9001405239105225 0.0023798069451004267 -0.8382549285888672 0.7475156784057617 0.3602599799633026 -0.5580618381500244 -1.4907431602478027
0.5014870762825012 0.24488097429275513 0.8297855257987976 0.037961624562740326 0.4355989992618561 -0.9001376628875732 0.002385362284258008 -0.8382499814033508 0.7475053668022156 0.36025750637054443 -0.5580772757530212 -1.4907479286193848
0.5015028715133667 0.24485370516777039 0.8297840356826782 0.03794603794813156 0.4355696141719818 -0.9001519083976746 0.002369446912780404 -0.8382428884506226 0.7475118637084961 0.3602404296398163 -0.5580796003341675 -1.4907552003860474
