# 3x4 first row second row third row Freq: 100 current Time: 2021-07-31-13:28:14
0.4396914839744568 -0.5993988513946533 0.6688739657402039 0.28136178851127625 0.1417805254459381 -0.6890658736228943 -0.7106943726539612 -0.7205106616020203 0.8868876695632935 0.407319575548172 -0.21799330413341522 -1.6310641765594482
0.43965944647789 -0.5993874073028564 0.6689053177833557 0.28142109513282776 0.14191201329231262 -0.6890332698822021 -0.710699737071991 -0.7205400466918945 0.886882483959198 0.40739157795906067 -0.21787972748279572 -1.6310384273529053
0.43971243500709534 -0.5993188619613647 0.6689319014549255 0.2812168002128601 0.1418866515159607 -0.6890918612480164 -0.7106480002403259 -0.7204551100730896 0.8868602514266968 0.4073932468891144 -0.21796691417694092 -1.6312037706375122
0.43970340490341187 -0.5993144512176514 0.6689417958259583 0.28121960163116455 0.1418972611427307 -0.6890961527824402 -0.7106417417526245 -0.7204585671424866 0.8868630528450012 0.40739259123802185 -0.21795684099197388 -1.6312034130096436
0.43966710567474365 -0.5993488430976868 0.6689348220825195 0.2810233235359192 0.14185476303100586 -0.6890968084335327 -0.7106495499610901 -0.7203373312950134 0.8868878483772278 0.4073408544063568 -0.21795271337032318 -1.6313344240188599
0.439664751291275 -0.5993487238883972 0.6689364910125732 0.2810215353965759 0.1418512761592865 -0.6890996694564819 -0.710647463798523 -0.720332682132721 0.8868895769119263 0.40733614563941956 -0.21795445680618286 -1.6313376426696777
0.4397691488265991 -0.5993208885192871 0.6688928008079529 0.28099510073661804 0.14186812937259674 -0.6890705823898315 -0.7106723785400391 -0.7203369140625 0.8868350982666016 0.4074263274669647 -0.21800744533538818 -1.6313904523849487
0.4397921860218048 -0.59931480884552 0.6688830852508545 0.2809920310974121 0.14186421036720276 -0.689067542552948 -0.7106760740280151 -0.7203310132026672 0.8868243098258972 0.40744033455848694 -0.21802520751953125 -1.6313960552215576
0.4397331774234772 -0.5993657112121582 0.6688762903213501 0.28114742040634155 0.14188016951084137 -0.6890349388122559 -0.7107044458389282 -0.7203884720802307 0.8868510127067566 0.4074206054210663 -0.2179534137248993 -1.6312626600265503
0.43973544239997864 -0.5993687510490417 0.668872058391571 0.2811451256275177 0.14186716079711914 -0.6890366077423096 -0.7107054591178894 -0.720379650592804 0.886851966381073 0.4074133634567261 -0.2179630547761917 -1.6312628984451294
0.4397154450416565 -0.5994052886962891 0.6688524484634399 0.2813405692577362 0.14186769723892212 -0.6890072822570801 -0.7107337713241577 -0.7204613089561462 0.8868618011474609 0.4074091613292694 -0.2179308831691742 -1.631085991859436
0.43979090452194214 -0.5993838310241699 0.6688221096992493 0.28117650747299194 0.14181603491306305 -0.6890169978141785 -0.7107346653938293 -0.7203854322433472 0.8868326544761658 0.40742433071136475 -0.2180211842060089 -1.6311862468719482
0.43978914618492126 -0.5993562340736389 0.6688479781150818 0.28118598461151123 0.14182759821414948 -0.6890419125556946 -0.7107082605361938 -0.7203804850578308 0.8868317008018494 0.40742287039756775 -0.21802788972854614 -1.631176471710205
0.4398161768913269 -0.5993605852127075 0.6688262820243835 0.28111642599105835 0.14184287190437317 -0.6890170574188232 -0.7107293009757996 -0.720325767993927 0.8868158459663391 0.40745848417282104 -0.2180258184671402 -1.6312330961227417
0.43981486558914185 -0.5993611812591553 0.6688266396522522 0.2811221480369568 0.14184708893299103 -0.6890150904655457 -0.7107303142547607 -0.7203148603439331 0.8868157863616943 0.40746086835861206 -0.2180214524269104 -1.6312216520309448
0.43978846073150635 -0.599344789981842 0.6688586473464966 0.281198114156723 0.1419052928686142 -0.6890186667442322 -0.7107152342796326 -0.7203984260559082 0.88681960105896 0.4074789583683014 -0.21797224879264832 -1.6311795711517334
0.43979477882385254 -0.5993397235870361 0.66885906457901 0.28120025992393494 0.14190611243247986 -0.689020574092865 -0.7107132077217102 -0.7203928828239441 0.8868163228034973 0.40748316049575806 -0.21797770261764526 -1.6311705112457275
0.43975645303726196 -0.5993099808692932 0.6689109206199646 0.281192809343338 0.14193445444107056 -0.6890578866004944 -0.7106714248657227 -0.7203987240791321 0.8868308067321777 0.40746384859085083 -0.21795490384101868 -1.631137490272522
0.43979284167289734 -0.5993030667304993 0.6688932180404663 0.2811889052391052 0.14193668961524963 -0.6890464425086975 -0.7106820344924927 -0.7203905582427979 0.8868123888969421 0.40749335289001465 -0.21797460317611694 -1.6311261653900146
0.4398287236690521 -0.5993095636367798 0.6688637733459473 0.2809150218963623 0.14186355471611023 -0.6890556216239929 -0.7106877565383911 -0.7202438116073608 0.886806309223175 0.4074682891368866 -0.21804627776145935 -1.631433367729187
0.43987342715263367 -0.5992379188537598 0.6688985824584961 0.2807404100894928 0.14191311597824097 -0.6890871524810791 -0.7106472849845886 -0.7201887965202332 0.8867762088775635 0.4075203537940979 -0.21807140111923218 -1.6315761804580688
0.43988677859306335 -0.5992277264595032 0.6688989400863647 0.28072741627693176 0.14193372428417206 -0.6890820264816284 -0.7106481790542603 -0.720175564289093 0.8867663145065308 0.4075440466403961 -0.21806743741035461 -1.631583571434021
0.4398514926433563 -0.5992398858070374 0.6689112186431885 0.2805325388908386 0.1419350802898407 -0.6890856623649597 -0.7106443643569946 -0.7200958728790283 0.8867835998535156 0.4075199365615845 -0.21804219484329224 -1.6317039728164673
0.4398709833621979 -0.5992136597633362 0.6689218878746033 0.2805127799510956 0.14195242524147034 -0.6890960335731506 -0.7106307744979858 -0.7200794816017151 0.8867711424827576 0.4075409471988678 -0.21805351972579956 -1.6317121982574463
0.4398198425769806 -0.5992043018341064 0.6689639091491699 0.2803767919540405 0.14198678731918335 -0.6891151666641235 -0.7106053829193115 -0.7200621366500854 0.8867909908294678 0.40752241015434265 -0.21800744533538818 -1.6317670345306396
0.439815491437912 -0.5992090106010437 0.6689625382423401 0.28034839034080505 0.1419946849346161 -0.689108669757843 -0.7106101512908936 -0.7200533151626587 0.8867918848991394 0.4075264632701874 -0.21799616515636444 -1.6317716836929321
0.43986237049102783 -0.599223256111145 0.6689189672470093 0.28024303913116455 0.14187617599964142 -0.6891250610351562 -0.7106178998947144 -0.7199892997741699 0.8867875933647156 0.4074777364730835 -0.21810469031333923 -1.6319918632507324
0.4398925304412842 -0.5992055535316467 0.6689149737358093 0.2801823318004608 0.14195170998573303 -0.6890944242477417 -0.7106325030326843 -0.7199556231498718 0.8867605328559875 0.40755555033683777 -0.21806924045085907 -1.6320533752441406
0.4399174749851227 -0.5991919040679932 0.668910801410675 0.2801598310470581 0.14195820689201355 -0.689093828201294 -0.7106318473815918 -0.7199423313140869 0.8867471218109131 0.4075767397880554 -0.2180842161178589 -1.6320806741714478
0.4398871064186096 -0.599189817905426 0.6689326167106628 0.2802770137786865 0.1419426053762436 -0.689117968082428 -0.7106114625930786 -0.720026433467865 0.8867647051811218 0.40753889083862305 -0.21808357536792755 -1.6319860219955444
0.43989843130111694 -0.5992113947868347 0.6689058542251587 0.2802518904209137 0.14192090928554535 -0.6890995502471924 -0.7106337547302246 -0.7200196385383606 0.8867625594139099 0.40753838419914246 -0.2180931717157364 -1.632009506225586
0.4398106336593628 -0.5992149114608765 0.668960452079773 0.2804179787635803 0.14200499653816223 -0.6890999674797058 -0.7106164693832397 -0.7201026678085327 0.8867926597595215 0.4075324237346649 -0.2179819941520691 -1.6318604946136475
0.4398181438446045 -0.599213182926178 0.6689570546150208 0.28040045499801636 0.14200462400913239 -0.6890983581542969 -0.7106181383132935 -0.7201047539710999 0.8867889642715454 0.4075377583503723 -0.21798691153526306 -1.631875991821289
0.43981388211250305 -0.5991818904876709 0.6689878702163696 0.280304878950119 0.1419144570827484 -0.6891751289367676 -0.7105617523193359 -0.7200777530670166 0.886805534362793 0.4074539542198181 -0.2180762141942978 -1.631913185119629
0.43981677293777466 -0.5991744995117188 0.6689925789833069 0.28028351068496704 0.14191456139087677 -0.6891814470291138 -0.7105555534362793 -0.72008216381073 0.8868040442466736 0.4074540436267853 -0.2180819809436798 -1.6319223642349243
0.43984442949295044 -0.5991687774658203 0.6689795851707458 0.28017178177833557 0.14188483357429504 -0.68918776512146 -0.710555374622345 -0.7199679017066956 0.8867951035499573 0.407451868057251 -0.2181224524974823 -1.6319949626922607
0.4398481547832489 -0.5992046594619751 0.6689449548721313 0.2802874743938446 0.14192478358745575 -0.6891294121742249 -0.7106039524078369 -0.7200270295143127 0.8867868781089783 0.40749770402908325 -0.21807032823562622 -1.631874442100525
0.4398828446865082 -0.5991982817649841 0.6689279079437256 0.28026556968688965 0.14190882444381714 -0.6891266703605652 -0.7106098532676697 -0.7200169563293457 0.8867722153663635 0.407511830329895 -0.21810346841812134 -1.6318786144256592
0.4398939907550812 -0.5992577075958252 0.6688673496246338 0.2806094288825989 0.14187408983707428 -0.6890740394592285 -0.7106677889823914 -0.7201414704322815 0.8867722749710083 0.40751343965530396 -0.2181003838777542 -1.631671667098999
0.43989238142967224 -0.5992590188980103 0.6688671708106995 0.28060752153396606 0.14188876748085022 -0.6890666484832764 -0.7106720209121704 -0.7201354503631592 0.8867707252502441 0.4075239598751068 -0.21808703243732452 -1.6316784620285034
0.43985018134117126 -0.599334716796875 0.6688271164894104 0.28093525767326355 0.14195477962493896 -0.6889764666557312 -0.7107462882995605 -0.7203319668769836 0.8867810964584351 0.40756508708000183 -0.21796798706054688 -1.6314303874969482
0.43985095620155334 -0.5993397235870361 0.668822169303894 0.28094369173049927 0.14195019006729126 -0.6889729499816895 -0.7107506394386292 -0.7203371524810791 0.8867813944816589 0.4075637459754944 -0.21796901524066925 -1.6314324140548706
0.4398671090602875 -0.5993736982345581 0.668781042098999 0.28079092502593994 0.1419077068567276 -0.688948392868042 -0.7107828855514526 -0.7202022671699524 0.8867802023887634 0.4075551927089691 -0.217989981174469 -1.6315068006515503
0.43987682461738586 -0.5993160605430603 0.6688263416290283 0.28077688813209534 0.14200301468372345 -0.6889611482620239 -0.710751473903656 -0.7201911211013794 0.8867601156234741 0.4076184630393982 -0.21795335412025452 -1.6315356492996216
0.43986985087394714 -0.5993053317070007 0.6688405275344849 0.28078243136405945 0.14202165603637695 -0.6889674067497253 -0.7107416987419128 -0.7201858758926392 0.8867605924606323 0.4076237082481384 -0.21794164180755615 -1.6315386295318604
0.4398551881313324 -0.5993075370788574 0.6688482165336609 0.2810174226760864 0.1420307159423828 -0.6889680624008179 -0.710739254951477 -0.7203276753425598 0.8867664337158203 0.40761932730674744 -0.21792609989643097 -1.6313492059707642
0.4398665726184845 -0.5993165373802185 0.6688326001167297 0.2810289263725281 0.14202867448329926 -0.6889538168907166 -0.7107535004615784 -0.7203279733657837 0.8867610692977905 0.4076301157474518 -0.21792761981487274 -1.6313444375991821
0.43980661034584045 -0.5993129014968872 0.6688752770423889 0.2811574637889862 0.14207109808921814 -0.6889674663543701 -0.7107317447662354 -0.7203753590583801 0.8867840766906738 0.4076123535633087 -0.2178674042224884 -1.6311959028244019
0.43978971242904663 -0.5993373394012451 0.6688645482063293 0.28096678853034973 0.14199420809745789 -0.6889851093292236 -0.7107300162315369 -0.7202750444412231 0.8868047595024109 0.40754663944244385 -0.2179061472415924 -1.6313704252243042
0.439803808927536 -0.5993391275405884 0.6688536405563354 0.2809774577617645 0.1419936567544937 -0.6889765858650208 -0.7107384204864502 -0.7202743887901306 0.8867978453636169 0.4075584411621094 -0.21791215240955353 -1.6313650608062744
0.4398044943809509 -0.5992552638053894 0.668928325176239 0.2809038758277893 0.14202295243740082 -0.6890518665313721 -0.7106595635414124 -0.7202714085578918 0.886792778968811 0.4075544476509094 -0.21794010698795319 -1.63143789768219
0.43978646397590637 -0.5992506146430969 0.6689443588256836 0.28091397881507874 0.14205044507980347 -0.6890529990196228 -0.7106530070304871 -0.7202622890472412 0.8867973685264587 0.4075593948364258 -0.21791234612464905 -1.63143789768219
0.4397810995578766 -0.5992000102996826 0.6689932346343994 0.2807726263999939 0.14199711382389069 -0.689133882522583 -0.7105851769447327 -0.7202350497245789 0.8868085145950317 0.4074970483779907 -0.21798337996006012 -1.6315484046936035
0.4397907555103302 -0.5991969704627991 0.6689895987510681 0.28077706694602966 0.14200949668884277 -0.68912672996521 -0.7105896472930908 -0.7202309966087341 0.8868017792701721 0.40751364827156067 -0.21797990798950195 -1.6315475702285767
0.43979451060295105 -0.5992024540901184 0.668982207775116 0.28063350915908813 0.14189966022968292 -0.6891694664955139 -0.7105700969696045 -0.7201483249664307 0.8868175148963928 0.4074331820011139 -0.21806633472442627 -1.6317025423049927
0.43979066610336304 -0.5992082357406616 0.6689795851707458 0.2806388735771179 0.14189785718917847 -0.6891660690307617 -0.7105737924575806 -0.7201330661773682 0.8868197202682495 0.407430499792099 -0.21806243062019348 -1.631708025932312
0.4398072361946106 -0.5991808772087097 0.6689931750297546 0.28038543462753296 0.1419087052345276 -0.6891821026802063 -0.7105560898780823 -0.7199470400810242 0.886809766292572 0.40744367241859436 -0.21807827055454254 -1.6318552494049072
0.43989330530166626 -0.5991215705871582 0.6689897179603577 0.2802501618862152 0.14194020628929138 -0.6891885995864868 -0.7105435132980347 -0.7199320197105408 0.8867620229721069 0.4075198769569397 -0.21813002228736877 -1.6319583654403687
0.4398861229419708 -0.5991296172142029 0.6689872145652771 0.2802395820617676 0.14192886650562286 -0.6891887784004211 -0.7105455994606018 -0.719910204410553 0.8867673873901367 0.4075077474117279 -0.21813079714775085 -1.6319676637649536
0.43994471430778503 -0.599029004573822 0.6690388321876526 0.28018975257873535 0.14189784228801727 -0.6892812848091125 -0.7104620337486267 -0.7199468016624451 0.8867433071136475 0.40749916434288025 -0.218244731426239 -1.6319670677185059
0.4399697184562683 -0.5990229845046997 0.6690277457237244 0.2801738381385803 0.1418973207473755 -0.6892757415771484 -0.710467517375946 -0.7199302315711975 0.886730968952179 0.4075174629688263 -0.21826070547103882 -1.6319687366485596
0.4399186372756958 -0.5990610122680664 0.6690273284912109 0.28052517771720886 0.1418614536523819 -0.6892767548561096 -0.7104737162590027 -0.7201175093650818 0.8867620229721069 0.4074597954750061 -0.21824201941490173 -1.6316981315612793
0.43992334604263306 -0.5990505218505859 0.6690335869789124 0.28052273392677307 0.14187535643577576 -0.6892791390419006 -0.710468590259552 -0.7201096415519714 0.886757493019104 0.40747109055519104 -0.21823948621749878 -1.6316944360733032
0.4399559795856476 -0.5990279912948608 0.6690322756767273 0.28042641282081604 0.1419667750597 -0.6892451643943787 -0.7104833126068115 -0.7200503349304199 0.8867266774177551 0.4075617492198944 -0.21819546818733215 -1.631783127784729
0.43995174765586853 -0.5990667939186096 0.6690003871917725 0.2804105877876282 0.14194166660308838 -0.6892175674438477 -0.7105150818824768 -0.7200117707252502 0.8867327570915222 0.4075513780117035 -0.21818993985652924 -1.6318252086639404
0.43995630741119385 -0.5990643501281738 0.6689995527267456 0.28040504455566406 0.14193682372570038 -0.6892201900482178 -0.7105135321617126 -0.7199957966804504 0.8867312669754028 0.407550573348999 -0.21819747984409332 -1.6318354606628418
0.43997982144355774 -0.5990075469017029 0.6690349578857422 0.28034770488739014 0.1419816017150879 -0.6892484426498413 -0.7104771733283997 -0.7200084328651428 0.8867124915122986 0.4075862467288971 -0.21820734441280365 -1.631873369216919
0.4399658143520355 -0.5990104079246521 0.6690415143966675 0.28033319115638733 0.1419798582792282 -0.6892529726028442 -0.7104731202125549 -0.7199965715408325 0.8867197036743164 0.40757429599761963 -0.21820032596588135 -1.6318830251693726
0.4399297833442688 -0.5990402698516846 0.6690384745597839 0.28014951944351196 0.14195723831653595 -0.6892492771148682 -0.7104812264442444 -0.7199180126190186 0.8867411613464355 0.40753671526908875 -0.21818318963050842 -1.6320233345031738
0.4399184584617615 -0.5990504026412964 0.6690369248390198 0.2801315188407898 0.14195537567138672 -0.6892449259757996 -0.7104858160018921 -0.7199044823646545 0.8867471218109131 0.40752920508384705 -0.21817316114902496 -1.6320360898971558
0.44001340866088867 -0.5989848971366882 0.6690331101417542 0.2800283432006836 0.14193204045295715 -0.6892789006233215 -0.7104575634002686 -0.7198838591575623 0.8867037296295166 0.407568097114563 -0.21827681362628937 -1.63213050365448
0.4400215744972229 -0.598996639251709 0.6690171957015991 0.2800123393535614 0.14191880822181702 -0.6892684698104858 -0.7104702591896057 -0.7198740243911743 0.886701762676239 0.4075683653354645 -0.21828411519527435 -1.632145643234253
0.4400061368942261 -0.599052369594574 0.6689774990081787 0.2800877094268799 0.1418432593345642 -0.6892515420913696 -0.7105017900466919 -0.7199456095695496 0.8867215514183044 0.4075150787830353 -0.218303382396698 -1.632101058959961
0.440010666847229 -0.5990363359451294 0.668988823890686 0.2798554599285126 0.14183944463729858 -0.6892681121826172 -0.7104864716529846 -0.7197957038879395 0.8867198824882507 0.4075106382369995 -0.21831834316253662 -1.6322553157806396
0.44002634286880493 -0.5990205407142639 0.6689926981925964 0.2798325717449188 0.14183343946933746 -0.6892799735069275 -0.7104761600494385 -0.7197768092155457 0.8867130875587463 0.4075137674808502 -0.218340203166008 -1.6322665214538574
0.4400501251220703 -0.5989922285079956 0.6690024137496948 0.2798590362071991 0.14183686673641205 -0.6892969012260437 -0.7104590535163879 -0.7198073267936707 0.8867007493972778 0.40752679109573364 -0.21836601197719574 -1.6322498321533203
0.44006577134132385 -0.5989956259727478 0.6689890623092651 0.2798362970352173 0.1418389230966568 -0.6892846822738647 -0.7104704976081848 -0.7197929620742798 0.8866926431655884 0.4075424373149872 -0.21836970746517181 -1.6322582960128784
0.44011208415031433 -0.5990192890167236 0.6689374446868896 0.27991077303886414 0.14179082214832306 -0.6892591118812561 -0.710504949092865 -0.719847559928894 0.8866773247718811 0.40755099058151245 -0.21841581165790558 -1.632171869277954
0.4400516152381897 -0.5990699529647827 0.668931782245636 0.27984774112701416 0.14174632728099823 -0.6892552375793457 -0.7105175852775574 -0.719806432723999 0.8867144584655762 0.4074830412864685 -0.21839192509651184 -1.6322484016418457
0.44002565741539 -0.5990967750549316 0.668924868106842 0.2798355519771576 0.14173512160778046 -0.6892445683479309 -0.710530161857605 -0.7197959423065186 0.8867291212081909 0.40746164321899414 -0.21837224066257477 -1.6322572231292725
0.44005700945854187 -0.5990806818008423 0.6689186692237854 0.2797674238681793 0.14179770648479462 -0.6892176270484924 -0.7105438113212585 -0.7197664380073547 0.8867035508155823 0.40753093361854553 -0.21834677457809448 -1.6323328018188477
0.4400564730167389 -0.599069356918335 0.6689291596412659 0.279774934053421 0.14183004200458527 -0.6892150044441223 -0.7105398774147034 -0.7197672724723816 0.8866986632347107 0.40755191445350647 -0.21832749247550964 -1.6323298215866089
0.440057635307312 -0.5990526676177979 0.6689432859420776 0.27977532148361206 0.14182734489440918 -0.6892334222793579 -0.7105225920677185 -0.7198063731193542 0.8866985440254211 0.4075453281402588 -0.21834035217761993 -1.632304072380066
0.44009673595428467 -0.5991150736808777 0.6688617467880249 0.2801360785961151 0.14189565181732178 -0.6891166567802429 -0.7106221914291382 -0.7199574112892151 0.8866682052612305 0.40765106678009033 -0.21826614439487457 -1.632095217704773
0.4400809407234192 -0.5991218686103821 0.6688660383224487 0.28014063835144043 0.14188814163208008 -0.6891205906867981 -0.7106198668479919 -0.7199608683586121 0.8866772055625916 0.407634437084198 -0.2182605266571045 -1.632106900215149
0.43998175859451294 -0.5991525053977966 0.6689038276672363 0.2803507447242737 0.14192357659339905 -0.6891201734542847 -0.7106131911277771 -0.720073938369751 0.8867207765579224 0.4075900614261627 -0.21816642582416534 -1.631917119026184
0.4399591386318207 -0.5991553664207458 0.6689161062240601 0.2803543210029602 0.14193309843540192 -0.689123809337616 -0.7106077671051025 -0.7200790643692017 0.8867304921150208 0.4075797200202942 -0.21814632415771484 -1.6319228410720825
0.44000574946403503 -0.5991352200508118 0.6689035296440125 0.2803684175014496 0.141866534948349 -0.6891530156135559 -0.7105926871299744 -0.7200690507888794 0.8867180347442627 0.40755990147590637 -0.21823404729366302 -1.6319020986557007
0.43995943665504456 -0.5990973711013794 0.6689679026603699 0.280403196811676 0.14195117354393005 -0.6891769766807556 -0.7105525732040405 -0.7200850248336792 0.8867274522781372 0.4075750708580017 -0.21816733479499817 -1.6318244934082031
0.4399562180042267 -0.5990913510322571 0.6689754128456116 0.28039661049842834 0.14194829761981964 -0.6891862750053406 -0.7105441093444824 -0.7200902700424194 0.8867294788360596 0.4075682461261749 -0.21817179024219513 -1.6318178176879883
0.43998587131500244 -0.5990897417068481 0.6689573526382446 0.28039857745170593 0.14194178581237793 -0.6891764402389526 -0.7105549573898315 -0.7200896739959717 0.886715829372406 0.4075871407985687 -0.21819202601909637 -1.6317816972732544
0.44003698229789734 -0.5990957617759705 0.6689183115959167 0.2802305519580841 0.14193949103355408 -0.6891462206840515 -0.7105847597122192 -0.7199921011924744 0.8866908550262451 0.40762948989868164 -0.21821445226669312 -1.6319423913955688
0.4400538504123688 -0.5990844964981079 0.6689172983169556 0.28021925687789917 0.1419493854045868 -0.6891453862190247 -0.7105835676193237 -0.7199834585189819 0.8866809010505676 0.40764743089675903 -0.21822138130664825 -1.6319398880004883
0.4400632083415985 -0.5990999937057495 0.6688973307609558 0.2799929678440094 0.1418684720993042 -0.6891615390777588 -0.7105840444564819 -0.7198697924613953 0.8866891860961914 0.4075973331928253 -0.21828125417232513 -1.6321533918380737
0.4400729835033417 -0.5990758538246155 0.6689124703407288 0.2799761891365051 0.14188960194587708 -0.6891726851463318 -0.7105690240859985 -0.719853401184082 0.8866809606552124 0.40761396288871765 -0.21828365325927734 -1.632157325744629
0.4400021433830261 -0.5991073250770569 0.6689308881759644 0.28013449907302856 0.14196357131004333 -0.6891398429870605 -0.7105861306190491 -0.7199265360832214 0.8867042660713196 0.4076232314109802 -0.21817158162593842 -1.632049560546875
0.43997591733932495 -0.5991111993789673 0.6689447164535522 0.28012463450431824 0.1419782042503357 -0.6891418099403381 -0.7105812430381775 -0.7199109792709351 0.8867149353027344 0.40761420130729675 -0.21814507246017456 -1.632055640220642
0.4399532377719879 -0.5991061329841614 0.6689640879631042 0.280396968126297 0.14197182655334473 -0.6891611814498901 -0.7105637788772583 -0.7200383543968201 0.8867272138595581 0.4075888991355896 -0.21814249455928802 -1.631838321685791
0.43992993235588074 -0.5991150736808777 0.6689714193344116 0.2803885340690613 0.1419800966978073 -0.6891592741012573 -0.7105639576911926 -0.7200263738632202 0.8867374658584595 0.4075790047645569 -0.21811936795711517 -1.6318342685699463
0.43982750177383423 -0.5991871953010559 0.6689742207527161 0.2806062400341034 0.1420397013425827 -0.6891052722930908 -0.7106044292449951 -0.7201376557350159 0.886778712272644 0.407564252614975 -0.2179790735244751 -1.6316672563552856
0.43981385231018066 -0.599205732345581 0.6689665913581848 0.28059789538383484 0.1420147567987442 -0.6891037225723267 -0.7106109261512756 -0.7201291918754578 0.8867895007133484 0.40753963589668274 -0.21798129379749298 -1.6316639184951782
0.43973439931869507 -0.599235475063324 0.6689921021461487 0.2807602286338806 0.14209309220314026 -0.6890748739242554 -0.7106232047080994 -0.7202205657958984 0.8868163228034973 0.40754464268684387 -0.21786271035671234 -1.6315126419067383
0.43978118896484375 -0.5992153882980347 0.6689794063568115 0.2807255983352661 0.14203229546546936 -0.6891013979911804 -0.7106096744537354 -0.7202051281929016 0.8868028521537781 0.40752944350242615 -0.2179458886384964 -1.631528377532959
0.4397774338722229 -0.599239706993103 0.6689600944519043 0.28067442774772644 0.14203356206417084 -0.6890767812728882 -0.7106332778930664 -0.7201709747314453 0.8868045210838318 0.40753528475761414 -0.21792827546596527 -1.6315714120864868
0.4397922456264496 -0.5992593169212341 0.6689327359199524 0.28056561946868896 0.14198027551174164 -0.6890731453895569 -0.710647463798523 -0.7201303839683533 0.8868057131767273 0.40751248598098755 -0.21796603500843048 -1.6316916942596436
0.4397803544998169 -0.5992527604103088 0.6689464449882507 0.2805628776550293 0.14198529720306396 -0.6890836358070374 -0.71063631772995 -0.7201264500617981 0.886810839176178 0.40750443935394287 -0.21796034276485443 -1.631696343421936
0.43978503346443176 -0.5992377996444702 0.6689568161964417 0.28036001324653625 0.14201620221138 -0.6890830397605896 -0.7106306552886963 -0.720009446144104 0.8868035674095154 0.4075274169445038 -0.21794694662094116 -1.6318647861480713
0.439787358045578 -0.5992482900619507 0.668945848941803 0.2803538739681244 0.14202217757701874 -0.6890680193901062 -0.7106440663337708 -0.7200009822845459 0.8868014216423035 0.40753743052482605 -0.21793685853481293 -1.631877064704895
0.439788281917572 -0.599213182926178 0.6689766645431519 0.280228853225708 0.1420569121837616 -0.6890888810157776 -0.7106168866157532 -0.7199423313140869 0.8867954015731812 0.4075537621974945 -0.2179308384656906 -1.6319838762283325
0.43979689478874207 -0.5991993546485901 0.6689833998680115 0.28021907806396484 0.14204613864421844 -0.6891043186187744 -0.7106040716171265 -0.7199290990829468 0.8867928385734558 0.4075479805469513 -0.2179519683122635 -1.6319971084594727
0.43984556198120117 -0.5992196798324585 0.6689332127571106 0.2804180681705475 0.14210672676563263 -0.6890311241149902 -0.7106629014015198 -0.7200512886047363 0.8867590427398682 0.40764182806015015 -0.2179141342639923 -1.631834626197815
0.4398534595966339 -0.5992401838302612 0.6689096689224243 0.28041502833366394 0.14207127690315247 -0.6890217661857605 -0.7106790542602539 -0.7200456857681274 0.8867607712745667 0.40762749314308167 -0.2179338037967682 -1.631840705871582
0.43979915976524353 -0.599259614944458 0.6689279675483704 0.28024235367774963 0.14194776117801666 -0.6890844106674194 -0.7106429934501648 -0.7199798226356506 0.8868075013160706 0.4074930250644684 -0.21799518167972565 -1.6319524049758911
0.43982142210006714 -0.5992509126663208 0.6689211130142212 0.2802894413471222 0.1419486552476883 -0.6890823841094971 -0.7106447815895081 -0.720023512840271 0.8867962956428528 0.4075092673301697 -0.2180103361606598 -1.6319071054458618
0.43981045484542847 -0.5992612242698669 0.6689190864562988 0.2802857458591461 0.1419515758752823 -0.6890754103660583 -0.7106509804725647 -0.7200233936309814 0.8868013024330139 0.4075058400630951 -0.2179965078830719 -1.6319079399108887
0.4397599697113037 -0.5992961525917053 0.6689209938049316 0.2806110978126526 0.1419661045074463 -0.6890563368797302 -0.7106665968894958 -0.7201483249664307 0.8868240118026733 0.40748682618141174 -0.21793964505195618 -1.6316503286361694
0.43972048163414 -0.5993269085884094 0.6689193844795227 0.2806103229522705 0.14195361733436584 -0.6890486478805542 -0.7106765508651733 -0.7201408743858337 0.886845588684082 0.40745455026626587 -0.21791216731071472 -1.6316468715667725
0.43966829776763916 -0.5993821024894714 0.6689042448997498 0.28084197640419006 0.141902357339859 -0.6890390515327454 -0.7106961011886597 -0.7202430367469788 0.8868796229362488 0.40738964080810547 -0.21789488196372986 -1.6314679384231567
0.4397805333137512 -0.5993801951408386 0.6688321828842163 0.2808254361152649 0.14189282059669495 -0.6889906525611877 -0.7107448577880859 -0.72024005651474 0.8868255019187927 0.40747424960136414 -0.21795694530010223 -1.6314955949783325
0.4397648274898529 -0.599402904510498 0.668822169303894 0.28083232045173645 0.1418996900320053 -0.6889710426330566 -0.7107625007629395 -0.7202340364456177 0.8868322372436523 0.40747401118278503 -0.2179301679134369 -1.6314877271652222
0.4396919310092926 -0.5993644595146179 0.6689044833183289 0.2807362377643585 0.14197798073291779 -0.6890114545822144 -0.7107077240943909 -0.720196545124054 0.8868558406829834 0.40746214985847473 -0.21785621345043182 -1.6315298080444336
0.4396813213825226 -0.5994100570678711 0.6688706278800964 0.28073009848594666 0.14195190370082855 -0.688980221748352 -0.7107431888580322 -0.7201837301254272 0.8868652582168579 0.4074479639530182 -0.21784433722496033 -1.6315220594406128
0.4397493302822113 -0.599373459815979 0.6688587069511414 0.28075140714645386 0.14189600944519043 -0.6890115141868591 -0.7107239961624146 -0.7201804518699646 0.8868404626846313 0.40744879841804504 -0.21794365346431732 -1.6315054893493652
0.43983370065689087 -0.5993688106536865 0.6688073873519897 0.2806861698627472 0.14187054336071014 -0.6889870166778564 -0.7107528448104858 -0.7201598882675171 0.8868027329444885 0.4074971377849579 -0.2180069237947464 -1.6315891742706299
0.43981513381004333 -0.599375307559967 0.6688138246536255 0.2806824743747711 0.14187638461589813 -0.6889865398406982 -0.7107521891593933 -0.7201485633850098 0.8868110179901123 0.4074884355068207 -0.2179894894361496 -1.631584644317627
0.43978163599967957 -0.5994186401367188 0.668796956539154 0.28090962767601013 0.14186818897724152 -0.6889605522155762 -0.7107789516448975 -0.7202524542808533 0.8868288993835449 0.4074685573577881 -0.21795377135276794 -1.6313884258270264
0.4397684335708618 -0.5994107723236084 0.6688127517700195 0.28091511130332947 0.14186519384384155 -0.6889767646789551 -0.7107638716697693 -0.7202455997467041 0.8868359327316284 0.4074527621269226 -0.21795471012592316 -1.63137686252594
0.43972909450531006 -0.5994072556495667 0.6688417196273804 0.28110405802726746 0.14188152551651 -0.6889922022819519 -0.710745632648468 -0.720382034778595 0.8868528604507446 0.40743184089660645 -0.21792510151863098 -1.6312683820724487
0.43970590829849243 -0.5994265079498291 0.668839693069458 0.2811163663864136 0.1418752372264862 -0.6889859437942505 -0.7107529640197754 -0.7203891277313232 0.8868653178215027 0.4074140787124634 -0.2179073989391327 -1.6312611103057861
0.4397183954715729 -0.5994857549667358 0.6687784194946289 0.2813929319381714 0.14187292754650116 -0.6889179348945618 -0.7108193635940552 -0.7205411195755005 0.8868595361709595 0.4074419140815735 -0.21787910163402557 -1.6310666799545288
0.43977290391921997 -0.5994940400123596 0.668735146522522 0.28145936131477356 0.14192858338356018 -0.6888569593429565 -0.7108673453330994 -0.72060227394104 0.8868235945701599 0.40753284096717834 -0.2178552746772766 -1.63103449344635
0.4397602379322052 -0.5995200872421265 0.6687201261520386 0.2814846932888031 0.14191100001335144 -0.6888435482978821 -0.7108838558197021 -0.7206214666366577 0.8868326544761658 0.4075171947479248 -0.2178475260734558 -1.6310311555862427
0.4397357106208801 -0.5994911193847656 0.66876220703125 0.2814736068248749 0.14194883406162262 -0.6888688802719116 -0.7108517289161682 -0.7205823659896851 0.8868387937545776 0.4075168967247009 -0.21782317757606506 -1.6309924125671387
0.43973153829574585 -0.5994899272918701 0.6687660217285156 0.2814914286136627 0.14194950461387634 -0.6888718605041504 -0.7108486890792847 -0.7205904722213745 0.8868407607078552 0.4075135886669159 -0.2178213894367218 -1.6309802532196045
0.4397563338279724 -0.5995124578475952 0.6687295436859131 0.2812480032444 0.1418478637933731 -0.6888825297355652 -0.7108586430549622 -0.7204328775405884 0.8868446946144104 0.4074624478816986 -0.21790090203285217 -1.6311523914337158
0.43975281715393066 -0.5995128750801086 0.6687314510345459 0.28126198053359985 0.14185355603694916 -0.6888812184333801 -0.7108588218688965 -0.7204326391220093 0.8868455290794373 0.4074641168117523 -0.21789443492889404 -1.6311432123184204
0.43974411487579346 -0.5994629263877869 0.6687819361686707 0.2812687158584595 0.14201293885707855 -0.6888653039932251 -0.7108424305915833 -0.720412015914917 0.886824369430542 0.4075644612312317 -0.21779297292232513 -1.6311672925949097
0.43979397416114807 -0.5994396805763245 0.6687700152397156 0.2810252904891968 0.14194665849208832 -0.688896119594574 -0.7108258008956909 -0.7203024625778198 0.8868102431297302 0.4075465798377991 -0.21788389980793 -1.6313567161560059
0.4397841989994049 -0.5994495749473572 0.6687675714492798 0.2810359597206116 0.1419437974691391 -0.6888917088508606 -0.7108306288719177 -0.7202951908111572 0.8868155479431152 0.4075395166873932 -0.21787552535533905 -1.631353497505188
0.43977755308151245 -0.5993965864181519 0.6688194274902344 0.28089967370033264 0.1418970376253128 -0.6889727711677551 -0.7107614278793335 -0.7202679514884949 0.8868263363838196 0.4074804186820984 -0.21794216334819794 -1.6314460039138794
0.43978139758110046 -0.5993959307670593 0.6688175201416016 0.280902236700058 0.14189918339252472 -0.6889705657958984 -0.7107630968093872 -0.7202607989311218 0.8868240714073181 0.4074850380420685 -0.21794265508651733 -1.6314409971237183
0.439696729183197 -0.5994413495063782 0.6688324809074402 0.28106990456581116 0.14197896420955658 -0.6889270544052124 -0.7107893824577332 -0.7203442454338074 0.8868532776832581 0.40749189257621765 -0.21781091392040253 -1.631337285041809
0.43970489501953125 -0.599448561668396 0.6688206195831299 0.2810847759246826 0.1419663280248642 -0.6889211535453796 -0.7107976078987122 -0.7203434109687805 0.8868512511253357 0.40749117732048035 -0.21782046556472778 -1.6313366889953613
0.43970683217048645 -0.599437952041626 0.6688288450241089 0.2812122404575348 0.14191578328609467 -0.6889547109603882 -0.7107751965522766 -0.7204169034957886 0.8868584036827087 0.4074500799179077 -0.2178683876991272 -1.631210207939148
0.43966299295425415 -0.5993953347206116 0.6688959002494812 0.28113794326782227 0.14192770421504974 -0.6890159249305725 -0.7107134461402893 -0.7204272747039795 0.8868781924247742 0.4074092507362366 -0.217863991856575 -1.6312263011932373
0.4396735727787018 -0.599392831325531 0.668891191482544 0.2811487019062042 0.14194372296333313 -0.6890060901641846 -0.7107197642326355 -0.7204378843307495 0.8868704438209534 0.40742960572242737 -0.2178577035665512 -1.631212830543518
0.4397279918193817 -0.599372923374176 0.6688732504844666 0.28109610080718994 0.1418735235929489 -0.6890329122543335 -0.7107077836990356 -0.720365583896637 0.8868546485900879 0.407413512468338 -0.21795189380645752 -1.631264328956604
0.43975475430488586 -0.5993146300315857 0.668907880783081 0.2810673415660858 0.14181704819202423 -0.6891077160835266 -0.7106465101242065 -0.7203570604324341 0.8868504166603088 0.40737271308898926 -0.21804536879062653 -1.6312925815582275
0.43981945514678955 -0.5992878675460815 0.6688892841339111 0.28108248114585876 0.14188118278980255 -0.6890751123428345 -0.7106653451919556 -0.7203601002693176 0.8868080973625183 0.407467246055603 -0.21804097294807434 -1.6312800645828247
0.43981048464775085 -0.5992340445518494 0.6689434051513672 0.28113290667533875 0.14189413189888 -0.6891307234764099 -0.7106088399887085 -0.7204099297523499 0.8868104815483093 0.4074523448944092 -0.21805912256240845 -1.631239652633667
0.4398166239261627 -0.5992251038551331 0.6689473986625671 0.28114405274391174 0.14189355075359344 -0.6891374588012695 -0.7106024026870728 -0.7204159498214722 0.8868075013160706 0.40745407342910767 -0.2180679440498352 -1.6312260627746582
0.43982410430908203 -0.5993020534515381 0.6688735485076904 0.28133833408355713 0.14187708497047424 -0.6890596747398376 -0.710681140422821 -0.7204707860946655 0.8868064284324646 0.40747252106666565 -0.21803781390190125 -1.6310583353042603
0.4398428499698639 -0.5992898344993591 0.6688721179962158 0.2813537120819092 0.1418769508600235 -0.6890634894371033 -0.710677444934845 -0.7204710841178894 0.8867971301078796 0.40748393535614014 -0.21805423498153687 -1.6310365200042725
0.4398655891418457 -0.5992354154586792 0.6689059734344482 0.2812693417072296 0.1418876349925995 -0.6891053318977356 -0.710634708404541 -0.7204423546791077 0.8867841362953186 0.4074932634830475 -0.21808964014053345 -1.6310962438583374
0.4398421347141266 -0.5992809534072876 0.6688806414604187 0.28149011731147766 0.1419142782688141 -0.6890562176704407 -0.7106770873069763 -0.7205376029014587 0.8867915272712708 0.4075094163417816 -0.21802940964698792 -1.630969762802124
0.4398593306541443 -0.5992622971534729 0.6688860058784485 0.2815149128437042 0.14191824197769165 -0.6890657544136047 -0.7106670141220093 -0.7205442190170288 0.8867823481559753 0.4075206220149994 -0.21804575622081757 -1.6309465169906616
0.4398236870765686 -0.5992854237556458 0.6688887476921082 0.2816283404827118 0.14194121956825256 -0.6890480518341064 -0.7106795907020569 -0.7205771803855896 0.8867963552474976 0.40751659870147705 -0.21799635887145996 -1.630853295326233
0.439833402633667 -0.5992813110351562 0.6688860058784485 0.2816559672355652 0.14192944765090942 -0.6890530586242676 -0.7106770873069763 -0.7205816507339478 0.8867934346199036 0.40751415491104126 -0.21801288425922394 -1.6308261156082153
0.4398112893104553 -0.5993205904960632 0.6688653826713562 0.28142428398132324 0.14192086458206177 -0.6890260577201843 -0.7107049226760864 -0.7204700112342834 0.8868057727813721 0.4075019955635071 -0.2179853469133377 -1.630981683731079
0.4397831857204437 -0.5993192791938782 0.6688849925994873 0.2814446687698364 0.14193472266197205 -0.6890348196029663 -0.7106937170028687 -0.7204710245132446 0.8868175148963928 0.407489150762558 -0.21796169877052307 -1.6309565305709839
0.43977001309394836 -0.5993574261665344 0.6688594818115234 0.2816467583179474 0.14197038114070892 -0.6889843344688416 -0.710735559463501 -0.7205661535263062 0.8868183493614197 0.4075184166431427 -0.21790362894535065 -1.6307835578918457
0.43976733088493347 -0.5993775725364685 0.6688432097434998 0.2818180322647095 0.14193770289421082 -0.6889792680740356 -0.7107470035552979 -0.7206538319587708 0.886824905872345 0.407497376203537 -0.21791628003120422 -1.6306443214416504
0.4397813379764557 -0.5993738770484924 0.668837308883667 0.2818550765514374 0.1419133096933365 -0.6889875531196594 -0.71074378490448 -0.7206661105155945 0.8868218660354614 0.40748876333236694 -0.21794475615024567 -1.6306082010269165
0.4397222399711609 -0.599396824836731 0.6688555479049683 0.2817557454109192 0.14198723435401917 -0.6889580488204956 -0.7107576727867126 -0.7206224203109741 0.8868393301963806 0.4075048863887787 -0.2178434580564499 -1.6307222843170166
0.4397255778312683 -0.5993912816047668 0.6688583493232727 0.2817928194999695 0.14198705554008484 -0.6889623999595642 -0.7107535004615784 -0.7206323742866516 0.8868377208709717 0.40750569105148315 -0.21784856915473938 -1.6306970119476318
0.4397479295730591 -0.5994094610214233 0.6688273549079895 0.28198784589767456 0.14198333024978638 -0.6889338493347168 -0.7107818722724915 -0.7207158207893372 0.8868272304534912 0.40752720832824707 -0.21785108745098114 -1.630536437034607
0.4397274851799011 -0.599405825138092 0.6688441038131714 0.2820371389389038 0.14197975397109985 -0.6889493465423584 -0.7107675671577454 -0.720745325088501 0.886837899684906 0.4075063467025757 -0.21784648299217224 -1.6305416822433472
0.43972694873809814 -0.5994137525558472 0.668837308883667 0.28207728266716003 0.14197662472724915 -0.6889426708221436 -0.7107747197151184 -0.7207576036453247 0.8868386745452881 0.4075060486793518 -0.2178439050912857 -1.6305186748504639
0.4396717846393585 -0.5994001030921936 0.6688858270645142 0.2821204662322998 0.14209088683128357 -0.6889315843582153 -0.710762619972229 -0.7208257913589478 0.886847734451294 0.4075448513031006 -0.21773448586463928 -1.6305131912231445
