# 3x4 first row second row third row Freq: 100 current Time: 2021-07-31-13:28:46
0.09483233094215393 -0.7478066086769104 0.6571089029312134 -0.1881466507911682 0.13922837376594543 -0.6436329483985901 -0.7525636553764343 -0.7362638711929321 0.985709011554718 0.16285556554794312 0.043078675866127014 -1.6852097511291504
0.09482989460229874 -0.7478223443031311 0.6570913195610046 -0.18817032873630524 0.13921590149402618 -0.6436173915863037 -0.7525792717933655 -0.7362428307533264 0.9857110381126404 0.16284456849098206 0.0430745854973793 -1.685227394104004
0.09476102143526077 -0.7478592991828918 0.6570591926574707 -0.18803006410598755 0.13901489973068237 -0.6436212658882141 -0.7526131272315979 -0.7362828254699707 0.9857460260391235 0.1626594066619873 0.04297338426113129 -1.6849942207336426
0.09452550113201141 -0.7479655146598816 0.6569722294807434 -0.18803070485591888 0.1392344981431961 -0.6435078978538513 -0.7526694536209106 -0.7362998127937317 0.9857376217842102 0.1626196652650833 0.04331469535827637 -1.6850475072860718
0.09455148875713348 -0.7479622960090637 0.6569721698760986 -0.1880478709936142 0.13923794031143188 -0.6435061097145081 -0.7526703476905823 -0.7362745404243469 0.9857346415519714 0.16264155507087708 0.04330027475953102 -1.685059905052185
0.09433881938457489 -0.7480461597442627 0.6569072604179382 -0.18791766464710236 0.13948209583759308 -0.6434099674224854 -0.7527073621749878 -0.736305296421051 0.9857205152511597 0.16263632476329803 0.04364050552248955 -1.6848610639572144
0.09434223175048828 -0.7480603456497192 0.6568905711174011 -0.18793168663978577 0.1395222395658493 -0.6433864235877991 -0.752720057964325 -0.7362717390060425 0.9857144951820374 0.16266414523124695 0.04367255046963692 -1.68486750125885
0.09431793540716171 -0.74812251329422 0.6568232774734497 -0.18792757391929626 0.13975702226161957 -0.6432810425758362 -0.7527665495872498 -0.7362762689590454 0.9856835603713989 0.1627950668334961 0.04388243705034256 -1.6848591566085815
0.09430542588233948 -0.748110294342041 0.6568390130996704 -0.1879490166902542 0.13976874947547913 -0.6432954668998718 -0.7527520656585693 -0.7362399101257324 0.9856830835342407 0.16279415786266327 0.04389619082212448 -1.6848682165145874
0.09437063336372375 -0.747963547706604 0.6569967269897461 -0.18813307583332062 0.1397290974855423 -0.6434577703475952 -0.7526206970214844 -0.7361862659454346 0.985682487487793 0.16282685101032257 0.04378874972462654 -1.6851845979690552
0.09435639530420303 -0.747961163520813 0.6570014953613281 -0.1881527155637741 0.13971665501594543 -0.6434652805328369 -0.7526165246963501 -0.7361590266227722 0.9856855869293213 0.16280823945999146 0.04378755763173103 -1.685211181640625
0.09420064836740494 -0.7480482459068298 0.6569246649742126 -0.1882142722606659 0.1398560106754303 -0.6433719992637634 -0.7526704668998718 -0.7361889481544495 0.9856807589530945 0.162776917219162 0.044012993574142456 -1.68503999710083
0.09421151131391525 -0.7479735016822815 0.6570082902908325 -0.18805913627147675 0.13958796858787537 -0.6434997916221619 -0.7526109218597412 -0.7363300919532776 0.9857177138328552 0.16261506080627441 0.04378300905227661 -1.6850199699401855
0.0941881611943245 -0.7479755282402039 0.6570092439651489 -0.18808525800704956 0.13958661258220673 -0.6435021162033081 -0.7526091933250427 -0.7363124489784241 0.9857200980186462 0.16259658336639404 0.043797098100185394 -1.6850417852401733
0.09413229674100876 -0.7480884194374084 0.6568887233734131 -0.18813718855381012 0.13983210921287537 -0.6433427929878235 -0.7526997923851013 -0.7361878752708435 0.9856906533241272 0.16270750761032104 0.04404744133353233 -1.6850874423980713
0.09412523359060287 -0.748073935508728 0.656906247138977 -0.18816477060317993 0.13984304666519165 -0.6433589458465576 -0.7526839971542358 -0.7361540198326111 0.9856898188591003 0.16271032392978668 0.04405663162469864 -1.6851146221160889
0.09436135739088058 -0.7480331659317017 0.6569188237190247 -0.18799959123134613 0.1397673636674881 -0.6433734893798828 -0.7526856064796448 -0.7363523840904236 0.98567795753479 0.16284024715423584 0.043841034173965454 -1.6850003004074097
0.09434383362531662 -0.7480466961860657 0.6569058895111084 -0.18801316618919373 0.13979163765907288 -0.6433572769165039 -0.7526949644088745 -0.7363399267196655 0.9856761693954468 0.16284207999706268 0.04387388378381729 -1.6850285530090332
0.09404303878545761 -0.7480930089950562 0.6568962931632996 -0.1878357231616974 0.139924094080925 -0.643339216709137 -0.7526857852935791 -0.7363874912261963 0.9856861233711243 0.16270047426223755 0.044174663722515106 -1.6847116947174072
0.09421979635953903 -0.7479400038719177 0.6570452451705933 -0.18784494698047638 0.1398058533668518 -0.6435006856918335 -0.7525697350502014 -0.7364338040351868 0.9856860041618347 0.1627657413482666 0.04393588379025459 -1.6848114728927612
0.09421291947364807 -0.7479434609413147 0.6570422649383545 -0.18785615265369415 0.13980571925640106 -0.6434980034828186 -0.7525720000267029 -0.7364242672920227 0.985686719417572 0.16276027262210846 0.043940939009189606 -1.6848267316818237
0.09405304491519928 -0.7479243874549866 0.6570868492126465 -0.18783479928970337 0.13993699848651886 -0.643528401851654 -0.7525216341018677 -0.7364340424537659 0.9856833219528198 0.1627277135848999 0.04413648322224617 -1.6847249269485474
0.09406588226556778 -0.7479265928268433 0.6570825576782227 -0.1878567636013031 0.1399308145046234 -0.6435245275497437 -0.7525261640548706 -0.736423671245575 0.985683023929596 0.16273312270641327 0.04412426799535751 -1.6847318410873413
0.09392324835062027 -0.7479475736618042 0.6570790410041809 -0.18783928453922272 0.14010179042816162 -0.6434991955757141 -0.752515971660614 -0.7364307641983032 0.9856722950935364 0.1627366989850998 0.044349268078804016 -1.6847212314605713
0.09389995783567429 -0.7479297518730164 0.657102644443512 -0.18786156177520752 0.14011727273464203 -0.6435214281082153 -0.7524940967559814 -0.7364188432693481 0.9856723546981812 0.16273058950901031 0.04437125101685524 -1.6847354173660278
0.0938786193728447 -0.7480063438415527 0.6570185422897339 -0.18790479004383087 0.14044493436813354 -0.6433836817741394 -0.7525507807731628 -0.7363307476043701 0.9856277108192444 0.16292335093021393 0.04465372860431671 -1.6848578453063965
0.09390817582607269 -0.7479951977729797 0.6570269465446472 -0.18792365491390228 0.14040449261665344 -0.6433974504470825 -0.7525465488433838 -0.7363089919090271 0.9856306910514832 0.1629198044538498 0.04460160806775093 -1.6848894357681274
0.09397176653146744 -0.7479792833328247 0.6570360064506531 -0.18783721327781677 0.14048372209072113 -0.6433905959129333 -0.7525376081466675 -0.7364183664321899 0.9856133460998535 0.16302014887332916 0.044618356972932816 -1.6848034858703613
0.09397982060909271 -0.7479657530784607 0.6570502519607544 -0.18785585463047028 0.1404830366373062 -0.6434046626091003 -0.7525257468223572 -0.7364028692245483 0.9856126308441162 0.16302664577960968 0.04460944980382919 -1.6848357915878296
0.09401004016399384 -0.748047411441803 0.656952977180481 -0.18752877414226532 0.14026100933551788 -0.6433420777320862 -0.7526206374168396 -0.7367040514945984 0.9856414198875427 0.16289877891540527 0.04444126784801483 -1.6843971014022827
0.09400580078363419 -0.7480484247207642 0.6569523811340332 -0.18754351139068604 0.14025510847568512 -0.6433427333831787 -0.7526211738586426 -0.7367055416107178 0.9856426119804382 0.162891685962677 0.04443967342376709 -1.6844091415405273
0.09397371113300323 -0.7481192946434021 0.656876266002655 -0.18726789951324463 0.14012572169303894 -0.6432889699935913 -0.7526912689208984 -0.7368506789207458 0.9856641292572021 0.16277845203876495 0.04437850043177605 -1.6841888427734375
0.09396911412477493 -0.7481206655502319 0.6568753719329834 -0.18726746737957 0.14010591804981232 -0.6432915329933167 -0.7526927590370178 -0.7368520498275757 0.98566734790802 0.16276200115680695 0.04436660557985306 -1.6841939687728882
0.09385275095701218 -0.7482104897499084 0.6567897200584412 -0.18725839257240295 0.14019055664539337 -0.6431966423988342 -0.7527580857276917 -0.7368662357330322 0.9856663942337036 0.16272412240505219 0.04452626407146454 -1.6840872764587402
0.09409836679697037 -0.7481879591941833 0.6567801833152771 -0.18727830052375793 0.14012908935546875 -0.643186092376709 -0.7527785301208496 -0.7368567585945129 0.9856517314910889 0.16286924481391907 0.04432014003396034 -1.6841228008270264
0.09410712867975235 -0.7481868267059326 0.6567802429199219 -0.18728867173194885 0.14012271165847778 -0.6431868076324463 -0.7527791261672974 -0.736853301525116 0.9856517910957336 0.16287170350551605 0.04430951178073883 -1.6841212511062622
0.09404882788658142 -0.7480729818344116 0.6569182872772217 -0.18731757998466492 0.13989762961864471 -0.6433655023574829 -0.7526682615280151 -0.7369253039360046 0.9856893420219421 0.16268888115882874 0.044145867228507996 -1.6841338872909546
0.09406376630067825 -0.7480726838111877 0.6569164991378784 -0.18732833862304688 0.1398913562297821 -0.6433640718460083 -0.7526706457138062 -0.7369316220283508 0.9856888055801392 0.162695974111557 0.044131651520729065 -1.6841418743133545
0.09413205832242966 -0.7481109499931335 0.6568631529808044 -0.18734553456306458 0.13981135189533234 -0.6433205008506775 -0.7527227401733398 -0.7368225455284119 0.985693633556366 0.16269226372241974 0.04403732717037201 -1.6841404438018799
0.09414351731538773 -0.7479888796806335 0.6570004820823669 -0.18743841350078583 0.13971638679504395 -0.6434738039970398 -0.7526093125343323 -0.7367866039276123 0.9857060313224792 0.16264702379703522 0.04392741620540619 -1.6843069791793823
0.09413748234510422 -0.7479826807975769 0.6570084095001221 -0.1874457597732544 0.13972562551498413 -0.6434805989265442 -0.7526018023490906 -0.7367779016494751 0.9857052564620972 0.16264894604682922 0.043936699628829956 -1.6843169927597046
0.09415321797132492 -0.7480238676071167 0.6569592952728271 -0.18723656237125397 0.13962186872959137 -0.6434475183486938 -0.7526493072509766 -0.7368568778038025 0.9857184886932373 0.16259023547172546 0.04385783150792122 -1.6840782165527344
0.09412778913974762 -0.7480485439300537 0.6569347977638245 -0.18723560869693756 0.13960205018520355 -0.643427312374115 -0.7526702880859375 -0.7368420958518982 0.9857237339019775 0.16255663335323334 0.04386471211910248 -1.684073567390442
0.09422025829553604 -0.7481008768081665 0.6568619608879089 -0.18703240156173706 0.1394508183002472 -0.6433748602867126 -0.7527431845664978 -0.7369611263275146 0.9857362508773804 0.16252359747886658 0.04370433837175369 -1.6838666200637817
0.09439332783222198 -0.747997522354126 0.6569547653198242 -0.18715201318264008 0.13951757550239563 -0.6434494853019714 -0.7526670098304749 -0.7368563413619995 0.9857102632522583 0.1627034842967987 0.04362146183848381 -1.6840535402297974
0.0943995788693428 -0.7479997277259827 0.656951367855072 -0.187150776386261 0.13951736688613892 -0.6434458494186401 -0.752670168876648 -0.7368355393409729 0.9857097268104553 0.1627078652381897 0.043617941439151764 -1.6840503215789795
0.09449676424264908 -0.7480134963989258 0.6569217443466187 -0.18724682927131653 0.13946276903152466 -0.6434206962585449 -0.7527017593383789 -0.7368061542510986 0.9857081174850464 0.16274400055408478 0.043518856167793274 -1.684133529663086
0.09449371695518494 -0.7480292916297913 0.6569041609764099 -0.18725617229938507 0.13947990536689758 -0.6434003114700317 -0.7527160048484802 -0.7367820143699646 0.9857059717178345 0.16275185346603394 0.043537773191928864 -1.6841310262680054
0.09450236707925797 -0.7480308413505554 0.6569011807441711 -0.1872767060995102 0.1394343227148056 -0.6434044241905212 -0.7527209520339966 -0.7367957234382629 0.9857116341590881 0.1627284735441208 0.04349793121218681 -1.6841528415679932
0.09448623657226562 -0.7479220032691956 0.6570274233818054 -0.1875639706850052 0.13956598937511444 -0.6435104608535767 -0.7526059150695801 -0.7366024255752563 0.9856945276260376 0.1628095805644989 0.04358159378170967 -1.6844629049301147
0.09445056319236755 -0.7479902505874634 0.656954824924469 -0.18771256506443024 0.1398451179265976 -0.6433929204940796 -0.7526546120643616 -0.7365058064460754 0.9856583476066589 0.16296057403087616 0.04383396729826927 -1.6845818758010864
0.09444263577461243 -0.7479821443557739 0.6569651961326599 -0.1877477467060089 0.1398133784532547 -0.6434089541435242 -0.7526467442512512 -0.7364773750305176 0.985663652420044 0.16293446719646454 0.043812673538923264 -1.6846001148223877
0.09472646564245224 -0.7479469180107117 0.6569644808769226 -0.18771898746490479 0.1396958827972412 -0.6434149742126465 -0.7526634335517883 -0.7365069389343262 0.9856530427932739 0.1630723774433136 0.04353667050600052 -1.6846423149108887
0.0948302298784256 -0.7479537129402161 0.6569417715072632 -0.18751642107963562 0.13961449265480042 -0.6434009671211243 -0.7526904940605164 -0.7366408705711365 0.9856545925140381 0.16309639811515808 0.04341131076216698 -1.684495210647583
0.094862200319767 -0.7479808926582336 0.6569061875343323 -0.1873987317085266 0.13958662748336792 -0.6433683633804321 -0.7527235150337219 -0.7367381453514099 0.9856554865837097 0.16310033202171326 0.043376799672842026 -1.684343934059143
0.09484148025512695 -0.7479811310768127 0.6569089293479919 -0.1874067485332489 0.13960222899913788 -0.6433694958686829 -0.7527197003364563 -0.7367252707481384 0.9856552481651306 0.16309499740600586 0.04340171441435814 -1.6843565702438354
0.09480086714029312 -0.747891902923584 0.657016396522522 -0.1876620054244995 0.13981996476650238 -0.6434433460235596 -0.7526161074638367 -0.7365745902061462 0.9856283068656921 0.16321267187595367 0.04357122257351875 -1.6846503019332886
0.09482122212648392 -0.747878909111023 0.6570281982421875 -0.1876915544271469 0.1398017704486847 -0.6434573531150818 -0.752607524394989 -0.7365588545799255 0.9856289625167847 0.16321685910224915 0.04354138299822807 -1.684677004814148
0.09490334242582321 -0.7478598952293396 0.6570380330085754 -0.18780535459518433 0.13974781334400177 -0.6434725522994995 -0.7526045441627502 -0.7365078926086426 0.9856286644935608 0.1632443219423294 0.043444082140922546 -1.6847528219223022
0.09468944370746613 -0.747901439666748 0.6570215821266174 -0.18787364661693573 0.13984234631061554 -0.6434498429298401 -0.7526063919067383 -0.7364134192466736 0.9856358766555786 0.1631433218717575 0.04366038739681244 -1.6847542524337769
0.0947016254067421 -0.7479087114334106 0.6570115685462952 -0.1879156231880188 0.13982650637626648 -0.6434418559074402 -0.7526162266731262 -0.7363894581794739 0.9856369495391846 0.16314160823822021 0.04364246875047684 -1.6847779750823975
0.09479210525751114 -0.7477357983589172 0.6571952700614929 -0.18806543946266174 0.1397065371274948 -0.6436425447463989 -0.7524668574333191 -0.7363831400871277 0.9856452345848083 0.1631423979997635 0.043451350182294846 -1.6851266622543335
0.09478043764829636 -0.7477366924285889 0.6571959257125854 -0.18810603022575378 0.13969136774539948 -0.643646240234375 -0.7524664998054504 -0.7363734841346741 0.985648512840271 0.1631236970424652 0.04344728961586952 -1.6851783990859985
0.09484060108661652 -0.7477295994758606 0.6571953296661377 -0.18810999393463135 0.13956841826438904 -0.6436633467674255 -0.7524747252464294 -0.7363458871841431 0.9856601357460022 0.1630888730287552 0.043314021080732346 -1.68512761592865
0.09481078386306763 -0.7477704286575317 0.6571531891822815 -0.18780140578746796 0.13952374458312988 -0.6436296105384827 -0.7525118589401245 -0.7364727854728699 0.9856693148612976 0.16303470730781555 0.04330870509147644 -1.684805989265442
0.09481668472290039 -0.7477680444717407 0.6571550369262695 -0.18782487511634827 0.1395096480846405 -0.6436335444450378 -0.7525110840797424 -0.7364482283592224 0.9856707453727722 0.16303007304668427 0.043293651193380356 -1.6848297119140625
0.09492622315883636 -0.7477733492851257 0.6571332216262817 -0.18778163194656372 0.13939203321933746 -0.6436262130737305 -0.7525391578674316 -0.7364757061004639 0.9856768846511841 0.1630348265171051 0.04313664510846138 -1.684773564338684
0.09494766592979431 -0.7477728128433228 0.6571307182312012 -0.1878001093864441 0.13938964903354645 -0.6436231732368469 -0.7525421977043152 -0.7364524006843567 0.9856751561164856 0.1630493402481079 0.04312126338481903 -1.6847877502441406
0.09492603689432144 -0.7477959990501404 0.657107412815094 -0.18793827295303345 0.13937066495418549 -0.6436038017272949 -0.7525622844696045 -0.7363274693489075 0.9856799244880676 0.16301925480365753 0.04312606900930405 -1.6848208904266357
0.09492696076631546 -0.7477940917015076 0.6571094393730164 -0.18797148764133453 0.13935282826423645 -0.6436087489128113 -0.7525613307952881 -0.7362894415855408 0.9856823086738586 0.1630084216594696 0.043111398816108704 -1.684826135635376
0.09495574235916138 -0.7477033138275146 0.6572086215019226 -0.18791641294956207 0.13936127722263336 -0.6437059044837952 -0.752476692199707 -0.7363195419311523 0.9856783747673035 0.16304141283035278 0.043077319860458374 -1.6849360466003418
0.09495032578706741 -0.7477185130119324 0.6571921110153198 -0.1879386454820633 0.13935135304927826 -0.6436911225318909 -0.7524911165237427 -0.7362881898880005 0.9856802821159363 0.16302987933158875 0.043076906353235245 -1.6849582195281982
0.09499027580022812 -0.747682511806488 0.6572272777557373 -0.1878718137741089 0.13932283222675323 -0.6437295079231262 -0.7524635791778564 -0.7364314198493958 0.9856804609298706 0.16304348409175873 0.04302119463682175 -1.6849344968795776
0.09494031220674515 -0.7475988864898682 0.6573296189308167 -0.18810686469078064 0.13933436572551727 -0.6438327431678772 -0.7523730993270874 -0.7362655997276306 0.9856836795806885 0.16301913559436798 0.04304053261876106 -1.6851269006729126
0.09493294358253479 -0.7475974559783936 0.6573323607444763 -0.1881399303674698 0.13932591676712036 -0.6438372135162354 -0.7523708343505859 -0.7362461090087891 0.9856855869293213 0.1630082130432129 0.04303833097219467 -1.6851553916931152
0.09507320821285248 -0.7475588917732239 0.6573559045791626 -0.18820500373840332 0.1393193006515503 -0.64385586977005 -0.7523561120033264 -0.7362078428268433 0.9856729507446289 0.16311126947402954 0.04293593764305115 -1.685273289680481
0.09506415575742722 -0.7475508451461792 0.6573663353919983 -0.1882408857345581 0.1393427550792694 -0.6438629031181335 -0.7523457407951355 -0.7361871600151062 0.9856705069541931 0.1631203442811966 0.04295750707387924 -1.6853091716766357
0.09491579234600067 -0.7474455237388611 0.6575075387954712 -0.18816816806793213 0.13909821212291718 -0.6440519690513611 -0.7522291541099548 -0.7362229824066162 0.9857193827629089 0.1628565490245819 0.042837630957365036 -1.685269832611084
0.09502466022968292 -0.7474544048309326 0.6574817299842834 -0.18824660778045654 0.13898305594921112 -0.6440402865409851 -0.7522605061531067 -0.7361985445022583 0.9857251048088074 0.1628621220588684 0.04268379136919975 -1.6852643489837646
0.09499434381723404 -0.7474445700645447 0.6574972867965698 -0.18829964101314545 0.138994038105011 -0.6440554261207581 -0.7522454857826233 -0.7361864447593689 0.9857264757156372 0.16284726560115814 0.04270871356129646 -1.685280203819275
0.09517451375722885 -0.7475079894065857 0.6573991179466248 -0.18813233077526093 0.13891637325286865 -0.6439616084098816 -0.7523401379585266 -0.7362676858901978 0.9857200980186462 0.16292710602283478 0.04255235940217972 -1.6851822137832642
0.09516824781894684 -0.7475130558013916 0.657394289970398 -0.18814848363399506 0.13890109956264496 -0.6439595222473145 -0.7523447275161743 -0.7362632751464844 0.9857228398323059 0.16291211545467377 0.04254588857293129 -1.6851862668991089
0.09511642903089523 -0.7475112676620483 0.6574037671089172 -0.18817564845085144 0.13891154527664185 -0.6439696550369263 -0.7523341774940491 -0.7362809181213379 0.9857263565063477 0.1628803163766861 0.042585860937833786 -1.6851955652236938
0.09501146525144577 -0.7474702000617981 0.6574656963348389 -0.18817466497421265 0.13892821967601776 -0.6440337896347046 -0.7522761821746826 -0.7362503409385681 0.9857341051101685 0.1628153920173645 0.04265410825610161 -1.6852145195007324
0.095009446144104 -0.7474621534347534 0.6574751138687134 -0.1882036030292511 0.1389475166797638 -0.6440401077270508 -0.7522671818733215 -0.7362364530563354 0.9857316017150879 0.1628270149230957 0.04266811162233353 -1.685222864151001
0.0951552540063858 -0.747443675994873 0.6574750542640686 -0.18818865716457367 0.1388631910085678 -0.6440476775169373 -0.7522763013839722 -0.7362350225448608 0.9857293963432312 0.16288213431835175 0.04250789433717728 -1.685243010520935
0.0951557606458664 -0.7474421262741089 0.6574767231941223 -0.18822181224822998 0.1388469785451889 -0.6440520286560059 -0.7522755861282349 -0.7362163066864014 0.9857316613197327 0.16287200152873993 0.042494818568229675 -1.6852473020553589
0.09498440474271774 -0.7473917007446289 0.6575588583946228 -0.18823988735675812 0.13878092169761658 -0.6441529989242554 -0.7522013187408447 -0.7362092733383179 0.9857574701309204 0.16270402073860168 0.04253922775387764 -1.685254454612732
0.09505854547023773 -0.7474890947341919 0.6574373841285706 -0.18819980323314667 0.13904698193073273 -0.6439836025238037 -0.7522971630096436 -0.736070454120636 0.9857128262519836 0.16292695701122284 0.04271995648741722 -1.6852830648422241
0.09516599029302597 -0.7475153803825378 0.6573919653892517 -0.18810495734214783 0.13900402188301086 -0.643940269947052 -0.7523422241210938 -0.7361574172973633 0.9857085347175598 0.16297751665115356 0.04262642562389374 -1.6852357387542725
0.09516176581382751 -0.7475072741508484 0.6574018001556396 -0.18810807168483734 0.13900086283683777 -0.643950879573822 -0.7523337602615356 -0.7361374497413635 0.9857093691825867 0.1629728227853775 0.04262465983629227 -1.6852507591247559
0.0952402800321579 -0.7476495504379272 0.6572285890579224 -0.1878214031457901 0.1389269381761551 -0.6437853574752808 -0.7524889707565308 -0.7364199757575989 0.9857122302055359 0.1629740297794342 0.04255436733365059 -1.6849819421768188
0.09519368410110474 -0.7476531863212585 0.6572312116622925 -0.18790516257286072 0.1388591229915619 -0.6438012719154358 -0.7524878978729248 -0.7364311218261719 0.9857262969017029 0.16289465129375458 0.042532652616500854 -1.6849620342254639
0.0951952189207077 -0.7476446628570557 0.6572406888008118 -0.18791384994983673 0.13885065913200378 -0.6438120603561401 -0.7524802088737488 -0.7364252209663391 0.9857273101806641 0.16289082169532776 0.04252312332391739 -1.6849621534347534
0.09517097473144531 -0.7475416660308838 0.6573613286018372 -0.1880025863647461 0.13872569799423218 -0.6439552307128906 -0.7523807883262634 -0.7363836169242859 0.9857472777366638 0.1627977192401886 0.04241739585995674 -1.6850087642669678
0.09504647552967072 -0.7476897239685059 0.6572109460830688 -0.18768757581710815 0.13868547976016998 -0.6438159346580505 -0.7525073885917664 -0.7365698218345642 0.9857649207115173 0.16266879439353943 0.04250126704573631 -1.684592366218567
0.09498332440853119 -0.7477132081985474 0.6571933627128601 -0.18771377205848694 0.13889451324939728 -0.643766462802887 -0.7525111436843872 -0.7365064024925232 0.9857416152954102 0.1627565622329712 0.04270617291331291 -1.6845858097076416
0.09476010501384735 -0.7478759288787842 0.6570404171943665 -0.18760564923286438 0.13919365406036377 -0.6435729265213013 -0.7526214122772217 -0.7365300059318542 0.9857208728790283 0.16277433931827545 0.04311453923583031 -1.6844499111175537
0.09476543962955475 -0.7478740811347961 0.6570417881011963 -0.18761524558067322 0.13921333849430084 -0.6435707807540894 -0.7526196241378784 -0.7365086078643799 0.9857175946235657 0.16279131174087524 0.04312577843666077 -1.6844364404678345
0.09476258605718613 -0.7479265928268433 0.656982421875 -0.1873878389596939 0.139047771692276 -0.6435385346412659 -0.7526777982711792 -0.7366999387741089 0.9857412576675415 0.16267763078212738 0.043014150112867355 -1.68419349193573
0.0945463478565216 -0.7480620741844177 0.656859278678894 -0.18728625774383545 0.1393982470035553 -0.643366277217865 -0.7527602314949036 -0.7366941571235657 0.985712468624115 0.16273576021194458 0.04345060512423515 -1.6841366291046143
0.09454132616519928 -0.7480533719062805 0.6568698883056641 -0.1872791200876236 0.13939063251018524 -0.643378496170044 -0.7527512311935425 -0.736676037311554 0.9857140779495239 0.16272760927677155 0.043445780873298645 -1.684122085571289
0.09443818032741547 -0.7479647397994995 0.6569856405258179 -0.18750201165676117 0.13945670425891876 -0.6434886455535889 -0.7526448369026184 -0.7366166114807129 0.9857146143913269 0.16269946098327637 0.04353880509734154 -1.684399962425232
0.09453348070383072 -0.7480081915855408 0.6569225192070007 -0.18741969764232635 0.13938409090042114 -0.6434328556060791 -0.752705991268158 -0.7367150783538818 0.9857157468795776 0.1627204567193985 0.04343448951840401 -1.6843241453170776
0.09454444795846939 -0.7478872537612915 0.657058596611023 -0.18747888505458832 0.13927941024303436 -0.6435865759849548 -0.7525938749313354 -0.7367333173751831 0.985729455947876 0.16266831755638123 0.043317761272192 -1.6844229698181152
0.09452517330646515 -0.7479031085968018 0.6570433378219604 -0.18748565018177032 0.13925881683826447 -0.6435754895210266 -0.7526071667671204 -0.7367392182350159 0.985734224319458 0.16263940930366516 0.0433180071413517 -1.6844298839569092
0.09460792690515518 -0.7478982210159302 0.6570369601249695 -0.1875341236591339 0.13918019831180573 -0.6435783505439758 -0.7526192665100098 -0.7367375493049622 0.9857373833656311 0.16265028715133667 0.043205007910728455 -1.6844669580459595
0.09461715817451477 -0.7478882670402527 0.6570470333099365 -0.18754234910011292 0.13917066156864166 -0.6435896158218384 -0.7526113986968994 -0.7367454171180725 0.9857378602027893 0.16265161335468292 0.04318946972489357 -1.6844736337661743
0.09449329227209091 -0.7478740215301514 0.6570810079574585 -0.18761835992336273 0.1390223503112793 -0.6436537504196167 -0.752583920955658 -0.7367365956306458 0.9857706427574158 0.16246306896209717 0.04315023869276047 -1.6844836473464966
0.09449172765016556 -0.7478717565536499 0.6570838093757629 -0.1876353621482849 0.13901075720787048 -0.6436585783958435 -0.7525820136070251 -0.736745297908783 0.985772430896759 0.1624545007944107 0.043141815811395645 -1.684484839439392
0.09456641227006912 -0.74793940782547 0.6569960713386536 -0.18765610456466675 0.13938960433006287 -0.6435045003890991 -0.7526436448097229 -0.7365933656692505 0.9857118129730225 0.16275322437286377 0.04340106248855591 -1.6845598220825195
0.09457725286483765 -0.7479409575462341 0.6569927334785461 -0.18767023086547852 0.13938553631305695 -0.643501341342926 -0.7526471614837646 -0.7365829944610596 0.9857113361358643 0.16275857388973236 0.04339156299829483 -1.6845653057098389
0.09459778666496277 -0.7479855418205261 0.6569390296936035 -0.1876063197851181 0.13952656090259552 -0.6434230804443359 -0.752687931060791 -0.7365884184837341 0.9856894016265869 0.16286304593086243 0.043497443199157715 -1.684481143951416
0.09450189024209976 -0.7479506731033325 0.656992495059967 -0.18771636486053467 0.13982537388801575 -0.6434317827224731 -0.752625048160553 -0.7365171313285828 0.9856562614440918 0.16298870742321014 0.0437769740819931 -1.6846085786819458
0.09451838582754135 -0.747972309589386 0.6569655537605286 -0.18773841857910156 0.1398351490497589 -0.6434022784233093 -0.7526484131813049 -0.7364948391914368 0.985653281211853 0.163005992770195 0.04377947002649307 -1.6846199035644531
0.09451655298471451 -0.7480199337005615 0.6569115519523621 -0.18756064772605896 0.13971345126628876 -0.643368124961853 -0.7527002096176147 -0.7366119623184204 0.9856707453727722 0.16292200982570648 0.043699510395526886 -1.6844110488891602
0.09447354078292847 -0.747984766960144 0.6569578051567078 -0.18752266466617584 0.13959723711013794 -0.6434357762336731 -0.7526639103889465 -0.7366973161697388 0.9856913089752197 0.16281631588935852 0.04362895339727402 -1.6845133304595947
0.09445437043905258 -0.7479845881462097 0.6569607257843018 -0.18752174079418182 0.1396094113588333 -0.6434376239776611 -0.7526600956916809 -0.7366930842399597 0.9856914281845093 0.16280993819236755 0.04365019127726555 -1.6845285892486572
0.09460793435573578 -0.7479276657104492 0.6570034623146057 -0.18756839632987976 0.13942529261112213 -0.6435042023658752 -0.7526373267173767 -0.7366153001785278 0.9857027530670166 0.162808358669281 0.04339943453669548 -1.6844840049743652
0.09461088478565216 -0.7479190230369568 0.6570128798484802 -0.1875743567943573 0.1394360065460205 -0.6435117721557617 -0.7526288628578186 -0.7366006970405579 0.9857009649276733 0.16281813383102417 0.04340362548828125 -1.684482455253601
0.09479901194572449 -0.7479270100593567 0.6569766402244568 -0.18737861514091492 0.13923993706703186 -0.6434993743896484 -0.7526757121086121 -0.7367130517959595 0.985710620880127 0.16283030807971954 0.04313820227980614 -1.6841942071914673
0.09471452981233597 -0.7479305267333984 0.656984806060791 -0.18726377189159393 0.13932789862155914 -0.6434968113899231 -0.7526617050170898 -0.7368146777153015 0.9857062697410583 0.16282431781291962 0.04325909540057182 -1.6841492652893066
0.09472880512475967 -0.7479292154312134 0.656984269618988 -0.1872601956129074 0.13935372233390808 -0.6434913873672485 -0.7526615262031555 -0.7368070483207703 0.9857012629508972 0.16285192966461182 0.043269552290439606 -1.684134602546692
0.09456411749124527 -0.7479530572891235 0.6569808721542358 -0.1872434914112091 0.13931775093078613 -0.6435011625289917 -0.7526598572731018 -0.7368036508560181 0.9857221841812134 0.1627037078142166 0.04335101321339607 -1.6840375661849976
0.09450472146272659 -0.747898280620575 0.6570518016815186 -0.18740348517894745 0.13927927613258362 -0.6435815095901489 -0.7525982856750488 -0.7367762327194214 0.9857333302497864 0.16263778507709503 0.04334523156285286 -1.6843154430389404
0.09450660645961761 -0.7478970289230347 0.6570529341697693 -0.18739867210388184 0.13929249346256256 -0.6435803771018982 -0.7525967955589294 -0.7367783188819885 0.9857312440872192 0.16264790296554565 0.04335383325815201 -1.6843106746673584
0.0946495458483696 -0.7477331161499023 0.657218873500824 -0.18762044608592987 0.13924364745616913 -0.6437491178512573 -0.7524614930152893 -0.7366629242897034 0.9857244491577148 0.16273368895053864 0.04318652302026749 -1.6846389770507812
0.09465602040290833 -0.7477143406867981 0.6572392582893372 -0.18762747943401337 0.1392231285572052 -0.6437727808952332 -0.7524450421333313 -0.7366601228713989 0.9857267141342163 0.16272635757923126 0.043162163347005844 -1.684640645980835
0.09473947435617447 -0.7477437853813171 0.6571937799453735 -0.18767288327217102 0.13910678029060364 -0.643742561340332 -0.7524924278259277 -0.7365960478782654 0.9857351183891296 0.16271084547042847 0.043028391897678375 -1.6846574544906616
0.09478548169136047 -0.7476396560668945 0.6573055982589722 -0.18768836557865143 0.1389867663383484 -0.6438727974891663 -0.7524031400680542 -0.7365836501121521 0.9857476353645325 0.16267366707324982 0.042882226407527924 -1.6846531629562378
0.0947645828127861 -0.747645914554596 0.6573014855384827 -0.18769940733909607 0.13900312781333923 -0.6438668966293335 -0.7524051666259766 -0.736574113368988 0.9857473373413086 0.16266833245754242 0.04290933907032013 -1.684644103050232
0.09480772167444229 -0.7477239966392517 0.6572064757347107 -0.18748889863491058 0.13895545899868011 -0.6437772512435913 -0.7524906992912292 -0.7367242574691772 0.9857499003410339 0.16266435384750366 0.04286527633666992 -1.6843689680099487
0.09483339637517929 -0.7477270364761353 0.6571992635726929 -0.18749533593654633 0.13896304368972778 -0.6437676548957825 -0.7524974942207336 -0.7367169260978699 0.9857463836669922 0.16268831491470337 0.04285575821995735 -1.68434739112854
0.09485369175672531 -0.7477610111236572 0.6571576595306396 -0.18759121000766754 0.13911780714988708 -0.6436993479728699 -0.7525273561477661 -0.7366070747375488 0.9857226014137268 0.1628023386001587 0.04296961426734924 -1.6844693422317505
0.09487520158290863 -0.7477607727050781 0.65715491771698 -0.18760043382644653 0.13911694288253784 -0.6436957120895386 -0.752530574798584 -0.7365918159484863 0.9857206344604492 0.16281786561012268 0.0429554246366024 -1.6844545602798462
0.0946144387125969 -0.7477928996086121 0.6571558713912964 -0.1877255141735077 0.13934914767742157 -0.643669843673706 -0.7525097727775574 -0.7364600896835327 0.9857128858566284 0.16277240216732025 0.04330383613705635 -1.6846071481704712
0.09470205008983612 -0.7477279901504517 0.6572171449661255 -0.18781600892543793 0.13926884531974792 -0.6437408924102783 -0.7524638175964355 -0.7364547252655029 0.9857158064842224 0.1627897471189499 0.043171633034944534 -1.684768557548523
0.09471050649881363 -0.7477319836616516 0.6572113633155823 -0.18783169984817505 0.139254629611969 -0.6437370777130127 -0.7524697184562683 -0.7364364266395569 0.9857170581817627 0.16278651356697083 0.043156467378139496 -1.6847714185714722
0.0943579450249672 -0.7478342652320862 0.6571457386016846 -0.18768055737018585 0.139468252658844 -0.6436513662338257 -0.752503514289856 -0.7364997863769531 0.9857206344604492 0.16265565156936646 0.04356551915407181 -1.6846038103103638
0.09433780610561371 -0.747829020023346 0.6571545600891113 -0.1876881718635559 0.1394585371017456 -0.6436627507209778 -0.7524955868721008 -0.7364735007286072 0.9857239723205566 0.16263459622859955 0.0435694083571434 -1.6846041679382324
0.09426254034042358 -0.7478659152984619 0.6571233868598938 -0.18756981194019318 0.13929426670074463 -0.6436617970466614 -0.7525268197059631 -0.7365822792053223 0.9857543706893921 0.16246861219406128 0.04350024461746216 -1.6844215393066406
0.09412337094545364 -0.7478358149528503 0.6571775674819946 -0.18761296570301056 0.13954022526741028 -0.6436819434165955 -0.7524639964103699 -0.7365517020225525 0.9857328534126282 0.1625271588563919 0.043767668306827545 -1.6845403909683228
0.09412844479084015 -0.7478411197662354 0.657170832157135 -0.1876142919063568 0.13952265679836273 -0.6436778903007507 -0.7524707317352295 -0.7365433573722839 0.9857348799705505 0.16251912713050842 0.04375237971544266 -1.684550404548645
0.09397225826978683 -0.7477846741676331 0.6572574377059937 -0.18767385184764862 0.1397201269865036 -0.6437394022941589 -0.752381443977356 -0.7365695834159851 0.9857218265533447 0.16253507137298584 0.04398692771792412 -1.6846495866775513
0.09388366341590881 -0.7478406429290771 0.6572063565254211 -0.1877269297838211 0.13984526693820953 -0.6436713933944702 -0.7524163722991943 -0.7365584969520569 0.9857125282287598 0.1625467985868454 0.04415174573659897 -1.6846591234207153
0.09390333294868469 -0.7478532195091248 0.6571892499923706 -0.1877404749393463 0.13986442983150482 -0.6436501741409302 -0.7524309754371643 -0.7365636825561523 0.9857079386711121 0.1625731885433197 0.04415716603398323 -1.6846792697906494
0.09394944459199905 -0.74778151512146 0.657264232635498 -0.18780329823493958 0.13980655372142792 -0.6437330842018127 -0.7523708343505859 -0.7365068197250366 0.9857117533683777 0.1625746637582779 0.04406639561057091 -1.6847542524337769
0.09397097676992416 -0.747785210609436 0.6572569608688354 -0.18781563639640808 0.13980455696582794 -0.6437251567840576 -0.752377986907959 -0.7365021705627441 0.9857099652290344 0.16258922219276428 0.04405229911208153 -1.6847765445709229
0.09407991915941238 -0.7477936148643494 0.6572318077087402 -0.18772855401039124 0.13963818550109863 -0.6437223553657532 -0.7524112462997437 -0.7365775108337402 0.9857231378555298 0.16256144642829895 0.043859198689460754 -1.6847121715545654
0.09427987784147263 -0.7477922439575195 0.6572046875953674 -0.18760982155799866 0.13956470787525177 -0.6436982750892639 -0.7524455189704895 -0.7366230487823486 0.9857144355773926 0.1626630574464798 0.043677616864442825 -1.6846083402633667
0.09427928179502487 -0.7477724552154541 0.6572273373603821 -0.18760459125041962 0.13956770300865173 -0.6437205672264099 -0.7524258494377136 -0.7366242408752441 0.9857140779495239 0.16266588866710663 0.04367537796497345 -1.6846094131469727
0.09421844035387039 -0.7476640939712524 0.6573593020439148 -0.1879408061504364 0.13969050347805023 -0.6438358426094055 -0.7523044347763062 -0.7364517450332642 0.9857025146484375 0.16270780563354492 0.043780360370874405 -1.6849323511123657
0.09441007673740387 -0.7476536631584167 0.6573437452316284 -0.187933549284935 0.13962146639823914 -0.643822968006134 -0.7523282766342163 -0.7364290356636047 0.9856939315795898 0.1628066599369049 0.04360511526465416 -1.6848853826522827
0.09440913051366806 -0.7476537823677063 0.6573436856269836 -0.18794883787631989 0.13961468636989594 -0.6438241004943848 -0.7523285746574402 -0.7364246845245361 0.9856950044631958 0.16280151903629303 0.04360058158636093 -1.6848889589309692
0.09424068033695221 -0.7477104663848877 0.6573033928871155 -0.18795926868915558 0.1397790163755417 -0.6437638998031616 -0.7523495554924011 -0.7363571524620056 0.9856878519058228 0.16277915239334106 0.043845485895872116 -1.6848671436309814
0.0942307785153389 -0.7477371096611023 0.6572745442390442 -0.18798184394836426 0.13980552554130554 -0.6437309384346008 -0.7523728013038635 -0.7363335490226746 0.9856850504875183 0.1627872884273529 0.043878503143787384 -1.6848727464675903
0.0944809839129448 -0.7476382255554199 0.6573510766029358 -0.18806688487529755 0.13961075246334076 -0.6438289880752563 -0.7523251175880432 -0.7362746000289917 0.9856886863708496 0.1628536880016327 0.04354873672127724 -1.6851333379745483
0.09450988471508026 -0.7476603388786316 0.6573217511177063 -0.18797235190868378 0.13945767283439636 -0.643823504447937 -0.7523581981658936 -0.7363473773002625 0.9857075810432434 0.16277384757995605 0.043419286608695984 -1.6850001811981201
0.09452521800994873 -0.7476802468299866 0.657296895980835 -0.18797941505908966 0.13945360481739044 -0.6437984704971313 -0.75238037109375 -0.736334502696991 0.9857066869735718 0.16278134286403656 0.04341151565313339 -1.6850098371505737
0.09462766349315643 -0.747536301612854 0.6574458479881287 -0.18815463781356812 0.139328271150589 -0.6439645290374756 -0.7522614598274231 -0.7362267971038818 0.9857145547866821 0.16278554499149323 0.04321608692407608 -1.6852506399154663
0.09461555629968643 -0.7475437521934509 0.6574391722679138 -0.1881689578294754 0.1393447071313858 -0.6439555883407593 -0.7522660493850708 -0.7362111806869507 0.9857134222984314 0.16278673708438873 0.04323805123567581 -1.6852718591690063
0.09472228586673737 -0.7475745677947998 0.6573887467384338 -0.1880849003791809 0.1391380876302719 -0.6439343094825745 -0.7523225545883179 -0.7363426089286804 0.98573237657547 0.16272953152656555 0.04302116110920906 -1.6851475238800049
0.09472212940454483 -0.747577428817749 0.6573854684829712 -0.18809887766838074 0.1391369104385376 -0.6439312100410461 -0.7523254156112671 -0.7363420128822327 0.9857325553894043 0.1627284437417984 0.04302108287811279 -1.6851606369018555
0.09472779929637909 -0.747538685798645 0.6574287414550781 -0.18792523443698883 0.13902156054973602 -0.6439935564994812 -0.7522933483123779 -0.7364429831504822 0.985748291015625 0.16265986859798431 0.042919907718896866 -1.68514883518219
0.09479522705078125 -0.7475693821907043 0.6573840975761414 -0.18804028630256653 0.13929936289787292 -0.6438997983932495 -0.752322256565094 -0.7362824082374573 0.9857025742530823 0.1628897488117218 0.04309731349349022 -1.6850839853286743
0.0948931947350502 -0.7475699186325073 0.6573693752288818 -0.18800778687000275 0.13933247327804565 -0.6438751816749573 -0.7523371577262878 -0.7363405227661133 0.9856884479522705 0.16298457980155945 0.04306138679385185 -1.6850216388702393
0.09491344541311264 -0.7475517392158508 0.6573871374130249 -0.18802151083946228 0.1393212080001831 -0.6438940167427063 -0.7523231506347656 -0.7363266944885254 0.9856880903244019 0.16299355030059814 0.0430356040596962 -1.6850208044052124
0.09491445869207382 -0.7475699782371521 0.6573662757873535 -0.1878967434167862 0.1391657292842865 -0.6438986659049988 -0.7523479461669922 -0.7365037798881531 0.9857099652290344 0.16289155185222626 0.04292082414031029 -1.684889316558838
