# 3x4 first row second row third row Freq: 100 current Time: 2021-07-29-21:36:50
-0.37462836503982544 0.6316871643066406 -0.6786933541297913 0.23618806898593903 0.08622003346681595 -0.7050944566726685 -0.7038519978523254 0.2546095848083496 -0.9231573343276978 -0.3222000002861023 0.20968452095985413 -3.3622019290924072
-0.37456148862838745 0.6316453814506531 -0.6787691116333008 0.23624932765960693 0.08632400631904602 -0.7051256895065308 -0.7038079500198364 0.2546555995941162 -0.9231747388839722 -0.3222135305404663 0.2095869779586792 -3.3621633052825928
-0.37459099292755127 0.6316658854484558 -0.6787338256835938 0.2361941635608673 0.08621851354837418 -0.7051305770874023 -0.7038159370422363 0.25465381145477295 -0.923172652721405 -0.3221626281738281 0.20967449247837067 -3.362171173095703
-0.374587744474411 0.6316516995429993 -0.6787487864494324 0.23619745671749115 0.0862341970205307 -0.705141007900238 -0.7038035988807678 0.254660040140152 -0.9231724739074707 -0.32216766476631165 0.2096674144268036 -3.362161874771118
-0.3745439648628235 0.631540834903717 -0.6788761019706726 0.23622187972068787 0.08619751036167145 -0.7052845358848572 -0.703664243221283 0.25471195578575134 -0.9231936931610107 -0.3220707178115845 0.20972305536270142 -3.36224365234375
-0.37450432777404785 0.6315555572509766 -0.6788842082023621 0.2362331748008728 0.08618056029081345 -0.7052895426750183 -0.703661322593689 0.2547238767147064 -0.9232113361358643 -0.3220309317111969 0.2097063809633255 -3.362250804901123
-0.37448370456695557 0.6316386461257935 -0.6788182854652405 0.2362045794725418 0.08626822382211685 -0.7051802277565002 -0.7037600874900818 0.2546887695789337 -0.9232115149497986 -0.3221072256565094 0.20958837866783142 -3.3621957302093506
-0.374484658241272 0.631607711315155 -0.6788465976715088 0.23622408509254456 0.08629488199949265 -0.7052026987075806 -0.7037343382835388 0.25469663739204407 -0.9232086539268494 -0.3221187889575958 0.20958328247070312 -3.3621883392333984
-0.3744352161884308 0.6316322684288025 -0.6788510084152222 0.2362300604581833 0.08628048002719879 -0.7052001357078552 -0.7037386894226074 0.25473636388778687 -0.9232300519943237 -0.3220762312412262 0.20955444872379303 -3.3622570037841797
-0.3745438754558563 0.6316237449645996 -0.6787989735603333 0.23618921637535095 0.08634913712739944 -0.7051457166671753 -0.7037847638130188 0.2546537518501282 -0.9231795072555542 -0.3222121000289917 0.2095680683851242 -3.3622360229492188
-0.37452927231788635 0.6316283941268921 -0.6788027286529541 0.23620080947875977 0.08636973798274994 -0.7051390409469604 -0.7037889361381531 0.2546459436416626 -0.9231835007667542 -0.3222176730632782 0.20954185724258423 -3.3622350692749023
-0.37451812624931335 0.6315104961395264 -0.6789185404777527 0.2362092137336731 0.08639077842235565 -0.7052578926086426 -0.7036672830581665 0.25471949577331543 -0.9231860637664795 -0.32218852639198303 0.20957539975643158 -3.36222767829895
-0.3745934069156647 0.6314804553985596 -0.6789049506187439 0.2362084984779358 0.08626886457204819 -0.7053043842315674 -0.7036356329917908 0.2547103762626648 -0.9231669306755066 -0.3221457302570343 0.209725484251976 -3.36218523979187
-0.3745488226413727 0.6316591501235962 -0.6787633299827576 0.23616161942481995 0.08629092574119568 -0.7051275372505188 -0.7038101553916931 0.25466036796569824 -0.9231829643249512 -0.32218247652053833 0.20959845185279846 -3.362260103225708
-0.37452903389930725 0.6315776705741882 -0.678849995136261 0.2361631989479065 0.08625580370426178 -0.7052313685417175 -0.7037103772163391 0.25466546416282654 -0.9231942892074585 -0.32211482524871826 0.2096526175737381 -3.3622584342956543
-0.3744848072528839 0.6316211223602295 -0.6788340210914612 0.23613421618938446 0.08627470582723618 -0.7051957845687866 -0.7037436962127686 0.2546750605106354 -0.9232104420661926 -0.3221076428890228 0.20959241688251495 -3.362283945083618
-0.37449607253074646 0.6316254734992981 -0.6788237690925598 0.23613230884075165 0.08617003262042999 -0.7052237391471863 -0.7037285566329956 0.2546696364879608 -0.9232156872749329 -0.322037935256958 0.20967654883861542 -3.362264394760132
-0.37440168857574463 0.6317908763885498 -0.6787219047546387 0.23616351187229156 0.08610956370830536 -0.7051074504852295 -0.7038524746894836 0.25469523668289185 -0.9232595562934875 -0.32196810841560364 0.2095903903245926 -3.362222671508789
-0.3744181990623474 0.631738543510437 -0.6787614822387695 0.2361762672662735 0.08599845319986343 -0.7051944732666016 -0.703778862953186 0.25473934412002563 -0.9232632517814636 -0.32188013195991516 0.20970933139324188 -3.362255096435547
-0.3744564652442932 0.6317042112350464 -0.6787723302841187 0.23623579740524292 0.08602378517389297 -0.7052074074745178 -0.7037628293037415 0.2547527253627777 -0.923245370388031 -0.32191920280456543 0.20972809195518494 -3.3622376918792725
-0.3746187090873718 0.6317412853240967 -0.6786482930183411 0.23622585833072662 0.08620833605527878 -0.7050458788871765 -0.7039020657539368 0.2546882629394531 -0.9231623411178589 -0.32220011949539185 0.20966221392154694 -3.3622548580169678
-0.3746357560157776 0.6317400336265564 -0.6786400675773621 0.2362404763698578 0.08620617538690567 -0.7050418257713318 -0.7039064168930054 0.254682719707489 -0.9231556057929993 -0.3222115635871887 0.2096741944551468 -3.3622517585754395
-0.37465134263038635 0.6317224502563477 -0.6786478161811829 0.236190065741539 0.08616755157709122 -0.7050678133964539 -0.7038850784301758 0.2546655535697937 -0.9231528639793396 -0.32218900322914124 0.20972084999084473 -3.362175703048706
-0.37467506527900696 0.6317481398582458 -0.6786108016967773 0.23618696630001068 0.08610748499631882 -0.7050535678863525 -0.7039067149162292 0.25463277101516724 -0.9231488704681396 -0.32216987013816833 0.20976798236370087 -3.3621270656585693
-0.3747748136520386 0.6318044662475586 -0.6785032749176025 0.23615767061710358 0.08615605533123016 -0.7049420475959778 -0.7040124535560608 0.2545698881149292 -0.9231038689613342 -0.3223033845424652 0.20976096391677856 -3.362171173095703
-0.374759316444397 0.6317842602729797 -0.6785306334495544 0.23612366616725922 0.08606146275997162 -0.7050016522407532 -0.7039642930030823 0.25462624430656433 -0.9231189489364624 -0.3222126364707947 0.20983389019966125 -3.3621957302093506
-0.374742329120636 0.6317242980003357 -0.6785959005355835 0.23613211512565613 0.0860884040594101 -0.7050606608390808 -0.7039019465446472 0.2546173334121704 -0.9231233596801758 -0.3222011923789978 0.20983214676380157 -3.362204074859619
-0.3746580481529236 0.6318495869636536 -0.6785257458686829 0.2361772358417511 0.08626136183738708 -0.7049008011817932 -0.7040408849716187 0.2546260356903076 -0.9231414198875427 -0.32230523228645325 0.2095927745103836 -3.3621907234191895
-0.3746596574783325 0.6318453550338745 -0.6785287857055664 0.23619098961353302 0.08623625338077545 -0.704913318157196 -0.7040313482284546 0.2546301782131195 -0.9231430888175964 -0.32228603959083557 0.2096148133277893 -3.3621861934661865
-0.3746483325958252 0.6318989992141724 -0.678485095500946 0.2361699789762497 0.08621712774038315 -0.7048684358596802 -0.7040786743164062 0.2546345889568329 -0.9231494665145874 -0.32227903604507446 0.20959748327732086 -3.362178087234497
-0.3746274709701538 0.6318356990814209 -0.6785555481910706 0.236194908618927 0.08606262505054474 -0.7049956321716309 -0.703970193862915 0.2546960711479187 -0.9231723546981812 -0.3221249580383301 0.2097335159778595 -3.362264633178711
-0.37461578845977783 0.6319202780723572 -0.678483247756958 0.23623083531856537 0.08611001819372177 -0.704895555973053 -0.7040646076202393 0.2546127140522003 -0.9231727123260498 -0.3221780061721802 0.20965056121349335 -3.3622896671295166
-0.37470391392707825 0.6318983435630798 -0.6784549951553345 0.23618768155574799 0.08614450693130493 -0.7048743963241577 -0.7040815949440002 0.25459063053131104 -0.9231337308883667 -0.3222673833370209 0.2096848338842392 -3.3623101711273193
-0.3747173249721527 0.6319050192832947 -0.6784414052963257 0.2361931949853897 0.08613048493862152 -0.7048674821853638 -0.7040902376174927 0.2545842230319977 -0.9231295585632324 -0.32226938009262085 0.20970000326633453 -3.3623194694519043
-0.3747561275959015 0.6318585872650146 -0.6784632205963135 0.2361820638179779 0.08606553077697754 -0.7049242854118347 -0.7040413022041321 0.25453242659568787 -0.9231199026107788 -0.32223618030548096 0.20979367196559906 -3.3622491359710693
-0.37461113929748535 0.6319630146026611 -0.6784459948539734 0.236160010099411 0.08604559302330017 -0.7048753499984741 -0.7040926814079285 0.2545992434024811 -0.9231805801391602 -0.32213836908340454 0.20967675745487213 -3.362205982208252
-0.37459585070610046 0.6320346593856812 -0.6783877015113831 0.23614734411239624 0.08595775067806244 -0.7048372030258179 -0.7041416764259338 0.2546076774597168 -0.923194944858551 -0.3220813274383545 0.2097010314464569 -3.3621907234191895
-0.3746175765991211 0.6320194005966187 -0.6783899068832397 0.23615169525146484 0.08596206456422806 -0.7048436403274536 -0.7041346430778503 0.25460702180862427 -0.9231857657432556 -0.3220970928668976 0.20971734821796417 -3.3621785640716553
-0.37457889318466187 0.6320497989654541 -0.678382933139801 0.23615092039108276 0.08576513826847076 -0.7048947811126709 -0.7041074633598328 0.2546585202217102 -0.9232197403907776 -0.3219255208969116 0.209831103682518 -3.3622124195098877
-0.3745754063129425 0.6320671439170837 -0.6783687472343445 0.23615533113479614 0.08577976375818253 -0.7048729658126831 -0.7041275501251221 0.2546629309654236 -0.9232197999954224 -0.32193925976753235 0.20980973541736603 -3.3622114658355713
-0.37455248832702637 0.6319422721862793 -0.6784977316856384 0.2361539900302887 0.08577365428209305 -0.7050129771232605 -0.7039880752563477 0.2546558082103729 -0.9232296943664551 -0.3218778073787689 0.20986059308052063 -3.362259864807129
-0.37453693151474 0.6319606900215149 -0.678489089012146 0.23616380989551544 0.08578722923994064 -0.7049947381019592 -0.70400470495224 0.2546599805355072 -0.9232347011566162 -0.32188156247138977 0.20983262360095978 -3.362276077270508
-0.37451139092445374 0.6319393515586853 -0.6785231232643127 0.2361961156129837 0.08580910414457321 -0.7050185203552246 -0.7039782404899597 0.2547239363193512 -0.9232430458068848 -0.32187142968177795 0.20981153845787048 -3.362236261367798
-0.374530166387558 0.631942093372345 -0.6785101890563965 0.23620547354221344 0.08575303107500076 -0.7050284743309021 -0.7039751410484314 0.25473806262016296 -0.9232406616210938 -0.32184430956840515 0.20986369252204895 -3.3622446060180664
-0.37461158633232117 0.6318995952606201 -0.6785048246383667 0.23616184294223785 0.08579716086387634 -0.7050276398658752 -0.7039705514907837 0.2546972632408142 -0.9232035279273987 -0.3219294250011444 0.20989656448364258 -3.362307071685791
-0.37464404106140137 0.6319043636322021 -0.6784824728965759 0.23616217076778412 0.08578910678625107 -0.7050138115882874 -0.7039853930473328 0.2546980082988739 -0.9231911301612854 -0.32195043563842773 0.20991894602775574 -3.3623154163360596
-0.3746500015258789 0.6318156123161316 -0.678561806678772 0.2361871898174286 0.08582957088947296 -0.7050896286964417 -0.7039045095443726 0.2546883821487427 -0.9231849312782288 -0.32195860147476196 0.2099335938692093 -3.36222505569458
-0.3747154772281647 0.6317694187164307 -0.6785687208175659 0.23618902266025543 0.08569132536649704 -0.7051620483398438 -0.7038487792015076 0.2546685039997101 -0.9231711626052856 -0.32189059257507324 0.21009820699691772 -3.362170934677124
-0.37464264035224915 0.631808340549469 -0.6785726547241211 0.23623166978359222 0.08579624444246292 -0.7051114439964294 -0.7038867473602295 0.2546381950378418 -0.9231910109519958 -0.3219250738620758 0.2099582403898239 -3.362191915512085
-0.37464040517807007 0.6318234801292419 -0.6785597801208496 0.2362583726644516 0.0858001783490181 -0.7050951719284058 -0.703902542591095 0.25464361906051636 -0.9231915473937988 -0.32193100452423096 0.20994681119918823 -3.3621859550476074
-0.3745135962963104 0.6317991018295288 -0.6786524653434753 0.23621684312820435 0.08588723838329315 -0.7051359415054321 -0.7038511037826538 0.2546495497226715 -0.9232348799705505 -0.3218894898891449 0.2098197340965271 -3.3622045516967773
-0.3744567930698395 0.6318321228027344 -0.6786531209945679 0.23623380064964294 0.08589255809783936 -0.7051204442977905 -0.7038660049438477 0.2546478807926178 -0.9232574701309204 -0.3218587636947632 0.209767684340477 -3.362200975418091
-0.37448060512542725 0.6318731307983398 -0.6786018013954163 0.2362476885318756 0.08594119548797607 -0.7050523161888123 -0.7039282917976379 0.2545459270477295 -0.9232432842254639 -0.32192742824554443 0.20972469449043274 -3.3622076511383057
-0.37446826696395874 0.6318080425262451 -0.6786691546440125 0.23627305030822754 0.08586493879556656 -0.705150842666626 -0.7038388848304749 0.2545444071292877 -0.9232553839683533 -0.321839302778244 0.20980669558048248 -3.36222767829895
-0.3744775056838989 0.63178551197052 -0.6786850690841675 0.23616467416286469 0.08592747151851654 -0.7051491141319275 -0.7038329839706421 0.25462767481803894 -0.9232457876205444 -0.32188740372657776 0.20977497100830078 -3.3622026443481445
-0.3745640516281128 0.6316869258880615 -0.6787290573120117 0.23618990182876587 0.08603549748659134 -0.7051823139190674 -0.7037864923477173 0.2545759379863739 -0.9232006072998047 -0.32200801372528076 0.20978868007659912 -3.3621959686279297
-0.3745402693748474 0.6316772699356079 -0.6787511706352234 0.236195370554924 0.08606299757957458 -0.7051913738250732 -0.703774094581604 0.2545682191848755 -0.923207700252533 -0.3220071792602539 0.20975874364376068 -3.3621885776519775
-0.37444570660591125 0.6316772103309631 -0.6788034439086914 0.23617927730083466 0.08618631213903427 -0.7051826119422913 -0.7037677764892578 0.2546199858188629 -0.9232345819473267 -0.32202646136283875 0.20961089432239532 -3.362109422683716
-0.37449970841407776 0.6316702365875244 -0.6787800788879395 0.2361832559108734 0.08611639589071274 -0.7051947116851807 -0.7037642002105713 0.2546085715293884 -0.9232192039489746 -0.3220136761665344 0.20969825983047485 -3.3620705604553223
-0.3744715750217438 0.6316413283348083 -0.6788225173950195 0.23616023361682892 0.08626861870288849 -0.7051817774772644 -0.7037585377693176 0.2546022832393646 -0.9232164025306702 -0.3220987319946289 0.20957991480827332 -3.362089157104492
-0.3744654059410095 0.6315985918045044 -0.6788656711578369 0.2361823171377182 0.08618345856666565 -0.7052579522132874 -0.703692615032196 0.2546824514865875 -0.9232268333435059 -0.322015643119812 0.2096615880727768 -3.362189531326294
-0.3744422197341919 0.6316304206848145 -0.6788488626480103 0.23619714379310608 0.08620844036340714 -0.7052246928215027 -0.7037228941917419 0.2547292709350586 -0.9232339262962341 -0.32202616333961487 0.20961423218250275 -3.362169027328491
-0.37446102499961853 0.6316419839859009 -0.678827702999115 0.23624733090400696 0.08636200428009033 -0.7051522731781006 -0.7037765979766846 0.25470998883247375 -0.923211932182312 -0.3221619427204132 0.20950239896774292 -3.3622632026672363
-0.3744522035121918 0.6316462159156799 -0.6788286566734314 0.23626554012298584 0.08633474260568619 -0.7051606178283691 -0.7037715911865234 0.25472351908683777 -0.9232180714607239 -0.32213541865348816 0.20951616764068604 -3.3622817993164062
-0.37434908747673035 0.6316708326339722 -0.6788625717163086 0.23619072139263153 0.0862993374466896 -0.7051846981048584 -0.703751802444458 0.25473907589912415 -0.9232631921768188 -0.3220343291759491 0.20947270095348358 -3.3621857166290283
-0.3743782341480255 0.6316805481910706 -0.6788375377655029 0.23618987202644348 0.08629243075847626 -0.7051665782928467 -0.7037708759307861 0.25475093722343445 -0.9232520461082458 -0.3220551311969757 0.20948998630046844 -3.362180471420288
-0.3743615448474884 0.6317042112350464 -0.6788247227668762 0.23622019588947296 0.08627795428037643 -0.7051531076431274 -0.7037860751152039 0.2545943856239319 -0.9232601523399353 -0.3220381438732147 0.20948028564453125 -3.36220383644104
-0.3743346333503723 0.631704568862915 -0.6788392066955566 0.2362304925918579 0.08631490916013718 -0.7051495313644409 -0.7037851214408875 0.25458964705467224 -0.9232676029205322 -0.3220452070236206 0.20943661034107208 -3.3621957302093506
-0.3744239807128906 0.6317028403282166 -0.6787915229797363 0.2361476868391037 0.08626848459243774 -0.7051352262496948 -0.703805148601532 0.25455576181411743 -0.9232357144355774 -0.32207995653152466 0.20952372252941132 -3.3621749877929688
-0.37445470690727234 0.6316827535629272 -0.6787933111190796 0.23614360392093658 0.08612808585166931 -0.7051939368247986 -0.7037635445594788 0.2546074688434601 -0.9232363700866699 -0.32199084758758545 0.20965777337551117 -3.362230062484741
-0.37444326281547546 0.6317873597145081 -0.6787022352218628 0.23617668449878693 0.08606044203042984 -0.7051131725311279 -0.7038527131080627 0.25465667247772217 -0.9232472777366638 -0.3219624161720276 0.20965319871902466 -3.362166404724121
-0.374477744102478 0.6317452192306519 -0.6787223815917969 0.23619112372398376 0.08591747283935547 -0.7051942348480225 -0.7037889957427979 0.2546883523464203 -0.9232466220855713 -0.32186752557754517 0.2098018079996109 -3.362192153930664
-0.3744859993457794 0.6316747069358826 -0.6787834763526917 0.23621153831481934 0.08607624471187592 -0.7052090167999268 -0.7037547826766968 0.2547265291213989 -0.9232285022735596 -0.3219735324382782 0.20971894264221191 -3.3621912002563477
-0.3745512366294861 0.6317057609558105 -0.678718626499176 0.23620286583900452 0.08596786856651306 -0.7051910758018494 -0.7037860155105591 0.2547459602355957 -0.9232121109962463 -0.3219520151615143 0.20982401072978973 -3.3621833324432373
-0.3745330572128296 0.6317080855369568 -0.6787264347076416 0.23616814613342285 0.08599815517663956 -0.7051846385002136 -0.7037887573242188 0.2547024190425873 -0.923216700553894 -0.32196149230003357 0.20978944003582 -3.362236261367798
-0.37452003359794617 0.6316741108894348 -0.6787652969360352 0.23617370426654816 0.08592332154512405 -0.7052506804466248 -0.7037317156791687 0.2546709179878235 -0.923228919506073 -0.32188349962234497 0.20985518395900726 -3.362205743789673
-0.3744685649871826 0.6317263841629028 -0.6787450313568115 0.23616228997707367 0.08594688773155212 -0.7052068710327148 -0.7037727236747742 0.2546749413013458 -0.9232476353645325 -0.3218768835067749 0.20978310704231262 -3.362285852432251
-0.3744073212146759 0.6317229270935059 -0.678782045841217 0.23618341982364655 0.0859721228480339 -0.705223798751831 -0.7037526965141296 0.2546878159046173 -0.9232701063156128 -0.321846604347229 0.2097306102514267 -3.3622918128967285
-0.3744121491909027 0.6317248940467834 -0.6787775158882141 0.23619846999645233 0.08596797287464142 -0.70522141456604 -0.7037555575370789 0.2546944320201874 -0.9232685565948486 -0.3218478560447693 0.20973557233810425 -3.3623032569885254
-0.3745449185371399 0.6317285299301147 -0.6787009239196777 0.23619015514850616 0.08603012561798096 -0.7051479816436768 -0.7038215398788452 0.2546685039997101 -0.9232088923454285 -0.3220016062259674 0.20976214110851288 -3.3622775077819824
-0.37447017431259155 0.6317070126533508 -0.6787621378898621 0.2361987829208374 0.08616761863231659 -0.7051493525505066 -0.7038033604621887 0.2546636462211609 -0.9232264161109924 -0.32204076647758484 0.20962494611740112 -3.362273693084717
-0.3744579255580902 0.6316837668418884 -0.6787905097007751 0.23620857298374176 0.08619716018438339 -0.7051675915718079 -0.7037814855575562 0.25466614961624146 -0.9232286214828491 -0.3220464885234833 0.20960646867752075 -3.3622705936431885
-0.3744543194770813 0.6316083669662476 -0.6788626909255981 0.23621758818626404 0.08610503375530243 -0.7052792310714722 -0.7036808729171753 0.25466015934944153 -0.9232386350631714 -0.32194992899894714 0.20971040427684784 -3.3622565269470215
-0.37452030181884766 0.6316669583320618 -0.6787717938423157 0.23621127009391785 0.086250901222229 -0.7051436901092529 -0.7037988305091858 0.25463467836380005 -0.9231982827186584 -0.3221317231655121 0.2096090167760849 -3.362272024154663
-0.374411940574646 0.6316098570823669 -0.6788846850395203 0.2361786812543869 0.08622226119041443 -0.7052521109580994 -0.7036937475204468 0.25463244318962097 -0.9232448935508728 -0.3220064043998718 0.209596186876297 -3.3622281551361084
-0.3743864893913269 0.631628155708313 -0.6788817048072815 0.23617863655090332 0.08619853109121323 -0.70525062084198 -0.7036981582641602 0.25463247299194336 -0.9232574701309204 -0.3219737708568573 0.2095911055803299 -3.362222909927368
-0.3743875026702881 0.6317011117935181 -0.6788132190704346 0.23618650436401367 0.08617445826530457 -0.7051830291748047 -0.7037688493728638 0.25457367300987244 -0.9232592582702637 -0.32197871804237366 0.20957542955875397 -3.362147808074951
-0.37440723180770874 0.6316863894462585 -0.6788160800933838 0.23619642853736877 0.0861821398139 -0.7051884531974792 -0.703762412071228 0.2545703649520874 -0.9232505559921265 -0.32199564576148987 0.20958778262138367 -3.3621301651000977
-0.374264121055603 0.6316719055175781 -0.6789084672927856 0.2361411154270172 0.08619935810565948 -0.7052491903305054 -0.7036994099617004 0.25466376543045044 -0.9233070015907288 -0.32189103960990906 0.20949998497962952 -3.362191915512085
-0.3742842972278595 0.6317009925842285 -0.6788703203201294 0.23613858222961426 0.08617359399795532 -0.7052207589149475 -0.703731119632721 0.25467365980148315 -0.9233012199401855 -0.3218962848186493 0.20951732993125916 -3.362184762954712
-0.3744276463985443 0.631623387336731 -0.6788634657859802 0.2361113429069519 0.0861627608537674 -0.7052531838417053 -0.7036999464035034 0.2546543776988983 -0.9232441186904907 -0.32197755575180054 0.20964409410953522 -3.3623297214508057
-0.3743140995502472 0.6315919756889343 -0.6789553165435791 0.23611360788345337 0.08621101826429367 -0.7053099274635315 -0.7036371231079102 0.2546854615211487 -0.9232856035232544 -0.32191482186317444 0.20955748856067657 -3.3623790740966797
-0.3743658661842346 0.6315701603889465 -0.6789470314979553 0.23607346415519714 0.0861930176615715 -0.7053200602531433 -0.703629195690155 0.254686564207077 -0.9232662916183472 -0.3219353258609772 0.20961104333400726 -3.362421751022339
-0.3743208050727844 0.6315460801124573 -0.6789942979812622 0.23604780435562134 0.08622834086418152 -0.7053490281105042 -0.7035958170890808 0.2546238899230957 -0.9232813119888306 -0.32191920280456543 0.20956987142562866 -3.3623409271240234
-0.3742605745792389 0.631653368473053 -0.6789276599884033 0.23621539771556854 0.08637326210737228 -0.7052090167999268 -0.703718364238739 0.25463253259658813 -0.9232921600341797 -0.32201534509658813 0.20937420427799225 -3.362257242202759
-0.37427788972854614 0.6315714716911316 -0.6789942979812622 0.23619942367076874 0.0862567350268364 -0.7053283452987671 -0.7036131024360657 0.25473302602767944 -0.9232960343360901 -0.32191476225852966 0.20951172709465027 -3.362265110015869
-0.3742664158344269 0.631566047668457 -0.6790056824684143 0.23622317612171173 0.08627710491418839 -0.7053309679031372 -0.703607976436615 0.25474947690963745 -0.9232987761497498 -0.32191959023475647 0.20949222147464752 -3.3622593879699707
-0.3742557466030121 0.6315171718597412 -0.6790570616722107 0.23624064028263092 0.08621037751436234 -0.7054087519645691 -0.703538179397583 0.2547600567340851 -0.923309326171875 -0.32184505462646484 0.20956015586853027 -3.362238883972168
-0.3743017613887787 0.6316461563110352 -0.6789116859436035 0.2362353503704071 0.08625200390815735 -0.7052439451217651 -0.7036982774734497 0.2546907961368561 -0.9232867956161499 -0.32195308804512024 0.2094935029745102 -3.362269163131714
-0.37433093786239624 0.6316759586334229 -0.6788678765296936 0.23619230091571808 0.08620072156190872 -0.7052204012870789 -0.7037281394004822 0.2546709477901459 -0.9232797622680664 -0.3219462037086487 0.2095351219177246 -3.362358808517456
-0.37434816360473633 0.6316743493080139 -0.6788598895072937 0.23620189726352692 0.08620954304933548 -0.7052127718925476 -0.7037346959114075 0.25467556715011597 -0.9232719540596008 -0.3219660818576813 0.20953896641731262 -3.3623642921447754
