# 3x4 first row second row third row Freq: 100 current Time: 2021-07-29-21:54:31
-0.38484761118888855 0.6226187944412231 -0.6813501119613647 0.14215214550495148 0.11472071707248688 -0.7002144455909729 -0.7046549916267395 0.878004789352417 -0.9158227443695068 -0.34934982657432556 0.19804877042770386 -3.1930010318756104
-0.3850613534450531 0.6226218342781067 -0.6812265515327454 0.14224359393119812 0.11500319838523865 -0.7000190615653992 -0.7048030495643616 0.8778803944587708 -0.915697455406189 -0.34973570704460144 0.1979469656944275 -3.1929855346679688
-0.3850978910923004 0.622553825378418 -0.681268036365509 0.1422673761844635 0.1149825006723404 -0.7000828981399536 -0.7047430276870728 0.8779612183570862 -0.915684700012207 -0.3497290313243866 0.19801783561706543 -3.1930408477783203
-0.38511961698532104 0.6225540041923523 -0.681255578994751 0.1422892063856125 0.11497750878334045 -0.7000760436058044 -0.704750657081604 0.8779670596122742 -0.9156761765480042 -0.34974244236946106 0.19803346693515778 -3.193037271499634
-0.385126531124115 0.622511088848114 -0.6812909245491028 0.1422855108976364 0.11508594453334808 -0.7000763416290283 -0.7047326564788818 0.878082811832428 -0.9156596660614014 -0.34981831908226013 0.19797585904598236 -3.1930413246154785
-0.3851988613605499 0.6226515173912048 -0.6811216473579407 0.14223040640354156 0.11530423164367676 -0.6998189687728882 -0.7049525380134583 0.8779045939445496 -0.9156017303466797 -0.35008323192596436 0.19777528941631317 -3.1931419372558594
-0.38550591468811035 0.622786283493042 -0.6808246970176697 0.14224033057689667 0.11524130403995514 -0.6995819211006165 -0.7051981091499329 0.8778265714645386 -0.9154804348945618 -0.35031723976135254 0.19792243838310242 -3.1929876804351807
-0.38544413447380066 0.622783899307251 -0.6808618307113647 0.1422092169523239 0.11505898088216782 -0.6996785998344421 -0.7051319479942322 0.8778103590011597 -0.9155293703079224 -0.35012832283973694 0.19803030788898468 -3.1929829120635986
-0.38537195324897766 0.6230967044830322 -0.6806164383888245 0.142197847366333 0.1150936558842659 -0.6993698477745056 -0.7054324746131897 0.8778024911880493 -0.9155554175376892 -0.35018861293792725 0.19780321419239044 -3.1930105686187744
-0.38548123836517334 0.6230910420417786 -0.6805597543716431 0.1422208994626999 0.11502709239721298 -0.6993578672409058 -0.7054552435874939 0.8778416514396667 -0.9155177474021912 -0.350222647190094 0.1979171484708786 -3.193049669265747
-0.38560059666633606 0.6231356859207153 -0.6804512143135071 0.14220058917999268 0.11537158489227295 -0.6991323232650757 -0.7056224942207336 0.8777949810028076 -0.9154241681098938 -0.35059329867362976 0.19769386947155 -3.193098783493042
-0.3854939639568329 0.6231473684310913 -0.6805009841918945 0.14221887290477753 0.11538926512002945 -0.6991558074951172 -0.705596387386322 0.877901017665863 -0.915466845035553 -0.35052573680877686 0.19761599600315094 -3.1932170391082764
-0.3853795528411865 0.6231255531311035 -0.6805857419967651 0.14215826988220215 0.11545644700527191 -0.6991981267929077 -0.7055434584617615 0.8781161904335022 -0.9155065417289734 -0.3504801094532013 0.19751295447349548 -3.1932742595672607
-0.3852224349975586 0.6231786012649536 -0.6806260943412781 0.14216996729373932 0.11542128771543503 -0.6992188692092896 -0.7055286169052124 0.8780655264854431 -0.9155770540237427 -0.3503442704677582 0.197426900267601 -3.1932339668273926
-0.38521450757980347 0.6232088804244995 -0.6806028485298157 0.14216992259025574 0.11538238078355789 -0.6992055177688599 -0.7055482268333435 0.8781035542488098 -0.9155853390693665 -0.3503170609474182 0.19743695855140686 -3.1932363510131836
-0.38518744707107544 0.6231774091720581 -0.6806469559669495 0.14222948253154755 0.11548494547605515 -0.6992096304893494 -0.7055273652076721 0.8781324625015259 -0.9155837893486023 -0.3503648638725281 0.1973593384027481 -3.193202018737793
-0.3853415250778198 0.6230564713478088 -0.6806704998016357 0.14225013554096222 0.11536405235528946 -0.6993201375007629 -0.7054376006126404 0.8780006766319275 -0.9155341982841492 -0.35035938024520874 0.19759893417358398 -3.193086624145508
-0.38535645604133606 0.6230828762054443 -0.6806378960609436 0.14225664734840393 0.11529169231653214 -0.699314534664154 -0.7054550051689148 0.8779747486114502 -0.9155369997024536 -0.3503236174583435 0.1976492702960968 -3.1930768489837646
-0.385262131690979 0.6230449676513672 -0.6807259321212769 0.14228399097919464 0.11532673239707947 -0.6993778347969055 -0.7053865194320679 0.8780241012573242 -0.9155722856521606 -0.35026469826698303 0.19759021699428558 -3.193091630935669
-0.385246604681015 0.6230621933937073 -0.6807189583778381 0.14230632781982422 0.11533582210540771 -0.6993626356124878 -0.7054000496864319 0.878043532371521 -0.9155776500701904 -0.3502643406391144 0.19756586849689484 -3.193073272705078
-0.3852209448814392 0.6227734684944153 -0.6809976696968079 0.14219170808792114 0.11526196449995041 -0.699700117111206 -0.7050774097442627 0.8779857754707336 -0.9155977964401245 -0.35010379552841187 0.19775722920894623 -3.1930768489837646
-0.38522109389305115 0.6227849721908569 -0.6809870600700378 0.14220167696475983 0.1152571439743042 -0.699690043926239 -0.705088198184967 0.877993643283844 -0.9155983328819275 -0.35010358691215515 0.1977551281452179 -3.1930646896362305
-0.38502413034439087 0.6227968335151672 -0.6810876131057739 0.14212669432163239 0.11496753245592117 -0.6998663544654846 -0.7049605250358582 0.878109872341156 -0.9157175421714783 -0.34972983598709106 0.19786418974399567 -3.1930859088897705
-0.38497453927993774 0.6227596998214722 -0.6811495423316956 0.14216700196266174 0.11476439982652664 -0.7000018954277039 -0.7048590183258057 0.8780465126037598 -0.9157639145851135 -0.349524587392807 0.19801244139671326 -3.1930813789367676
-0.38513410091400146 0.6230209469795227 -0.6808204054832458 0.1423078179359436 0.11478330194950104 -0.699661135673523 -0.7051941752433777 0.8778977990150452 -0.9156944155693054 -0.34974122047424316 0.19795113801956177 -3.1930904388427734
-0.38512545824050903 0.6228951215744019 -0.6809404492378235 0.14232321083545685 0.11467304825782776 -0.6998369693756104 -0.7050375938415527 0.877938449382782 -0.9157118797302246 -0.3496135175228119 0.19809593260288239 -3.1930911540985107
-0.38517048954963684 0.6232182383537292 -0.6806192398071289 0.1423017978668213 0.11464980244636536 -0.6994933485984802 -0.7053822875022888 0.8779141306877136 -0.91569584608078 -0.3497253954410553 0.19797252118587494 -3.1931443214416504
-0.38522112369537354 0.6232002973556519 -0.6806069612503052 0.14220745861530304 0.1146053895354271 -0.6995088458061218 -0.7053741812705994 0.8781310319900513 -0.9156801104545593 -0.3497263491153717 0.19804365932941437 -3.1931848526000977
-0.38521987199783325 0.6230944991111755 -0.6807045340538025 0.14219871163368225 0.11466841399669647 -0.6995949149131775 -0.7052785754203796 0.8781354427337646 -0.915672779083252 -0.34974271059036255 0.19804878532886505 -3.1931543350219727
-0.38526788353919983 0.6232842803001404 -0.6805036067962646 0.14218954741954803 0.1147526428103447 -0.6993469595909119 -0.7055107355117798 0.8780712485313416 -0.9156420230865479 -0.3499002754688263 0.1979125738143921 -3.193185806274414
-0.385265052318573 0.6232348680496216 -0.6805504560470581 0.14218728244304657 0.11486399918794632 -0.6993568539619446 -0.7054828405380249 0.8781266212463379 -0.9156292080879211 -0.34996873140335083 0.19785068929195404 -3.1932036876678467
-0.38519999384880066 0.6230910420417786 -0.6807189583778381 0.1421537697315216 0.11508186161518097 -0.6994483470916748 -0.7053565979003906 0.8781623244285583 -0.9156292676925659 -0.35004183650016785 0.1977211982011795 -3.193204641342163
-0.38520869612693787 0.6229899525642395 -0.680806577205658 0.14217354357242584 0.11493980139493942 -0.6996039748191833 -0.70522540807724 0.8780803680419922 -0.9156434535980225 -0.34991082549095154 0.1978873759508133 -3.1931583881378174
-0.3852792978286743 0.6231425404548645 -0.6806269288063049 0.1422203928232193 0.11515436321496964 -0.6993358135223389 -0.7054563164710999 0.8779885172843933 -0.9155867695808411 -0.3501749634742737 0.1976822018623352 -3.1931707859039307
-0.38533657789230347 0.6230185031890869 -0.6807080507278442 0.14222967624664307 0.11506588011980057 -0.6994755268096924 -0.7053322792053223 0.8779886364936829 -0.91557377576828 -0.35011667013168335 0.19784550368785858 -3.1931488513946533
-0.3854583203792572 0.6232256293296814 -0.6804494857788086 0.14227977395057678 0.11505722254514694 -0.6992158889770508 -0.7055910229682922 0.8780070543289185 -0.9155236482620239 -0.35026663541793823 0.19781213998794556 -3.19313907623291
-0.3851655423641205 0.623426079750061 -0.6804316639900208 0.14223718643188477 0.11494994908571243 -0.6991651058197021 -0.7056587934494019 0.8781661987304688 -0.9156603217124939 -0.35001111030578613 0.19763168692588806 -3.193175792694092
-0.3851035237312317 0.6234953999519348 -0.6804032325744629 0.1422635167837143 0.11499647796154022 -0.6991000175476074 -0.7057157158851624 0.8781658411026001 -0.9156805276870728 -0.3500176668167114 0.19752627611160278 -3.19315767288208
-0.38493260741233826 0.6235217452049255 -0.6804758310317993 0.14215302467346191 0.11506916582584381 -0.6991127133369446 -0.7056913375854492 0.878173291683197 -0.9157432913780212 -0.34994545578956604 0.19736333191394806 -3.1932122707366943
-0.38485458493232727 0.6234970688819885 -0.680542528629303 0.1421879529953003 0.11506740003824234 -0.6991698741912842 -0.7056349515914917 0.8781262636184692 -0.9157763123512268 -0.34987518191337585 0.19733472168445587 -3.1932356357574463
-0.38464751839637756 0.623630940914154 -0.6805369257926941 0.1421532779932022 0.11498895287513733 -0.6991429924964905 -0.705674409866333 0.8780961632728577 -0.915873110294342 -0.3496902287006378 0.19721312820911407 -3.1932497024536133
-0.38475072383880615 0.6235503554344177 -0.6805524230003357 0.14215900003910065 0.11506231874227524 -0.6991576552391052 -0.705647885799408 0.8781289458274841 -0.9158205986022949 -0.3498045802116394 0.19725444912910461 -3.193269968032837
-0.3849489390850067 0.6234423518180847 -0.6805393099784851 0.1422613114118576 0.11538262665271759 -0.6990686655044556 -0.7056837677955627 0.8779363632202148 -0.9156969785690308 -0.3501746952533722 0.19717150926589966 -3.193265676498413
-0.3849003314971924 0.6234367489814758 -0.6805719137191772 0.14212065935134888 0.11503981798887253 -0.6992248296737671 -0.7055850028991699 0.8780103325843811 -0.9157605171203613 -0.3498728573322296 0.19741198420524597 -3.19317889213562
-0.38495224714279175 0.6233893632888794 -0.6805859208106995 0.14215663075447083 0.11506211012601852 -0.6992448568344116 -0.7055615782737732 0.8780063986778259 -0.9157359004020691 -0.3499172329902649 0.19744755327701569 -3.193206548690796
-0.3849421739578247 0.6232834458351135 -0.6806886792182922 0.14213037490844727 0.11516071110963821 -0.6993209719657898 -0.7054700255393982 0.8780664801597595 -0.9157277345657349 -0.349953830242157 0.19742053747177124 -3.193190336227417
-0.38519570231437683 0.6232298612594604 -0.680594265460968 0.14231091737747192 0.11528133600950241 -0.699229896068573 -0.7055405974388123 0.877895712852478 -0.9156059622764587 -0.3502311110496521 0.1974937468767166 -3.1930630207061768
-0.3851536214351654 0.6231216788291931 -0.6807171702384949 0.1423262357711792 0.11507359147071838 -0.6994381546974182 -0.7053680419921875 0.8779499530792236 -0.9156497716903687 -0.35000768303871155 0.19768646359443665 -3.1930439472198486
-0.385037899017334 0.6230653524398804 -0.680834174156189 0.14216458797454834 0.11510036140680313 -0.6995320916175842 -0.705270528793335 0.8780869245529175 -0.915695071220398 -0.34992021322250366 0.19763147830963135 -3.1930835247039795
-0.3849602937698364 0.6231156587600708 -0.680832028388977 0.14217983186244965 0.1147659420967102 -0.6996384263038635 -0.705219566822052 0.8781347274780273 -0.9157696962356567 -0.34961792826652527 0.1978207230567932 -3.193086624145508
-0.38497352600097656 0.6231122612953186 -0.6808276176452637 0.14218416810035706 0.11478029191493988 -0.6996312141418457 -0.705224335193634 0.8781598806381226 -0.9157623648643494 -0.3496383726596832 0.19781865179538727 -3.1930792331695557
-0.3849136531352997 0.6230695247650146 -0.6809005737304688 0.14220736920833588 0.11463819444179535 -0.6997533440589905 -0.7051262855529785 0.8781689405441284 -0.9158052802085876 -0.34947001934051514 0.19791723787784576 -3.193081855773926
-0.3849439322948456 0.6229664087295532 -0.6809778213500977 0.14222396910190582 0.11457395553588867 -0.6998727321624756 -0.7050182223320007 0.8781278729438782 -0.9158006310462952 -0.3494149148464203 0.19803622364997864 -3.1930370330810547
-0.38476675748825073 0.6229239106178284 -0.6811168193817139 0.14209596812725067 0.11470582336187363 -0.6999363303184509 -0.7049336433410645 0.878131091594696 -0.9158585667610168 -0.34936317801475525 0.19785942137241364 -3.193114757537842
-0.3847822844982147 0.6228671073913574 -0.681160032749176 0.14212128520011902 0.11461147665977478 -0.7000250220298767 -0.7048609256744385 0.8780943751335144 -0.9158638715744019 -0.349286824464798 0.1979696899652481 -3.1931254863739014
-0.38470423221588135 0.6227776408195496 -0.6812858581542969 0.1421092003583908 0.11473901569843292 -0.7000997066497803 -0.7047659754753113 0.8781553506851196 -0.9158806800842285 -0.34929659962654114 0.19787460565567017 -3.193126678466797
-0.3846478760242462 0.6227595806121826 -0.6813341975212097 0.14215052127838135 0.1147136390209198 -0.7001503109931946 -0.7047198414802551 0.8781044483184814 -0.9159075021743774 -0.3492273986339569 0.19787248969078064 -3.1932101249694824
-0.3847750723361969 0.6227289438247681 -0.6812903881072998 0.14212743937969208 0.11461255699396133 -0.7001703977584839 -0.7047163248062134 0.8780608773231506 -0.9158667325973511 -0.34924179315567017 0.19803571701049805 -3.193098545074463
-0.38469794392585754 0.6228141188621521 -0.6812560558319092 0.14214038848876953 0.11452840268611908 -0.7001447677612305 -0.7047554850578308 0.8781132698059082 -0.9159096479415894 -0.3491412401199341 0.1980145275592804 -3.1930856704711914
-0.3847050368785858 0.6227551698684692 -0.6813059449195862 0.14215977489948273 0.11459600925445557 -0.7001771926879883 -0.7047122716903687 0.8781508803367615 -0.9158982038497925 -0.3491813838481903 0.1979966163635254 -3.193110704421997
-0.384992390871048 0.6228565573692322 -0.6810509562492371 0.14227032661437988 0.11455930769443512 -0.699972927570343 -0.7049211263656616 0.877984881401062 -0.91578209400177 -0.3494100868701935 0.19813041388988495 -3.1931209564208984
-0.38501715660095215 0.6227806210517883 -0.6811063885688782 0.14227522909641266 0.11456821858882904 -0.7000383138656616 -0.7048547267913818 0.878009557723999 -0.9157705307006836 -0.3494143784046173 0.1981760710477829 -3.193101406097412
-0.3852395713329315 0.6229080557823181 -0.6808640360832214 0.14231202006340027 0.11468938738107681 -0.6997722387313843 -0.7050992250442505 0.8780101537704468 -0.9156618714332581 -0.3497200608253479 0.19813919067382812 -3.193098306655884
-0.385103315114975 0.6229463219642639 -0.6809060573577881 0.1422339379787445 0.11473102867603302 -0.6997705698013306 -0.7050940990447998 0.8781342506408691 -0.9157139658927917 -0.3496552109718323 0.19801285862922668 -3.1931304931640625
-0.38507676124572754 0.6229045987129211 -0.6809592843055725 0.1422380954027176 0.11463794857263565 -0.6998597979545593 -0.7050206661224365 0.8781325817108154 -0.915736734867096 -0.34955093264579773 0.19809143245220184 -3.1930699348449707
-0.3849063813686371 0.6228809356689453 -0.681077241897583 0.1421404927968979 0.11446840316057205 -0.7000163197517395 -0.7048928141593933 0.8781629800796509 -0.915829598903656 -0.3492796719074249 0.1981407254934311 -3.193125009536743
-0.38509199023246765 0.6229286193847656 -0.680928647518158 0.14224497973918915 0.11469317972660065 -0.6998078227043152 -0.7050632834434509 0.8780293464660645 -0.915723443031311 -0.34961217641830444 0.19804489612579346 -3.1931495666503906
-0.38535580039024353 0.6229525804519653 -0.6807575225830078 0.14226806163787842 0.11475926637649536 -0.6996534466743469 -0.7052057385444641 0.8780048489570618 -0.9156041741371155 -0.3498784303665161 0.19812610745429993 -3.1931204795837402
-0.3853397071361542 0.6229291558265686 -0.6807880401611328 0.1422705352306366 0.11477421969175339 -0.6996783018112183 -0.7051786184310913 0.878065824508667 -0.9156090617179871 -0.34987032413482666 0.19811780750751495 -3.1930994987487793
-0.3856835961341858 0.6228522062301636 -0.6806637048721313 0.14229190349578857 0.11484574526548386 -0.6995945572853088 -0.705250084400177 0.8780297636985779 -0.9154552817344666 -0.35017481446266174 0.1982903778553009 -3.1930651664733887
-0.38537731766700745 0.6230669021606445 -0.680640697479248 0.1421751081943512 0.11477421224117279 -0.6995207667350769 -0.7053349018096924 0.8780518770217896 -0.9155932664871216 -0.34994015097618103 0.1980675905942917 -3.1931087970733643
-0.385337769985199 0.6230038404464722 -0.6807208061218262 0.14219264686107635 0.11466571688652039 -0.6996431946754456 -0.7052311301231384 0.8780546188354492 -0.9156234860420227 -0.34980762004852295 0.19816194474697113 -3.193134307861328
-0.38534191250801086 0.6231674551963806 -0.6805686354637146 0.1421852856874466 0.11483936011791229 -0.6994056105613708 -0.705438494682312 0.87802654504776 -0.9156000018119812 -0.34999117255210876 0.19794632494449615 -3.1931586265563965
-0.3853644132614136 0.6230862140655518 -0.6806303262710571 0.14219672977924347 0.11478281766176224 -0.6995025277137756 -0.7053515911102295 0.8780083656311035 -0.9155976176261902 -0.349942147731781 0.19804398715496063 -3.193161964416504
-0.3855016529560089 0.6232753396034241 -0.680379331111908 0.1422719955444336 0.11482246220111847 -0.6992368698120117 -0.7056084871292114 0.8779774904251099 -0.9155348539352417 -0.3501361310482025 0.19799114763736725 -3.193119764328003
-0.3856557309627533 0.6232026219367981 -0.6803587079048157 0.14228443801403046 0.11519742012023926 -0.6991077065467834 -0.7056753635406494 0.8778669238090515 -0.9154228568077087 -0.3505233824253082 0.19782374799251556 -3.1931097507476807
-0.38567978143692017 0.6232274174690247 -0.6803223490715027 0.14228808879852295 0.11514271795749664 -0.6990934014320374 -0.7056984305381775 0.8779149651527405 -0.9154195785522461 -0.3505078852176666 0.1978662759065628 -3.19311785697937
-0.3856293261051178 0.6233749389648438 -0.6802157759666443 0.14222706854343414 0.11497960239648819 -0.6990228295326233 -0.7057949900627136 0.8780210018157959 -0.9154613614082336 -0.35038626194000244 0.19788846373558044 -3.193138360977173
-0.3857468068599701 0.6232661008834839 -0.6802489161491394 0.14223943650722504 0.11489827930927277 -0.6991202235221863 -0.7057117223739624 0.8780058026313782 -0.9154220819473267 -0.35038554668426514 0.19807136058807373 -3.1931331157684326
-0.3854950964450836 0.623283863067627 -0.6803752779960632 0.1422104835510254 0.11493109166622162 -0.6991891264915466 -0.7056381106376648 0.8780881762504578 -0.9155240058898926 -0.3502163887023926 0.1978994607925415 -3.1932387351989746
-0.38557034730911255 0.623408854007721 -0.6802181601524353 0.14231254160404205 0.11493779718875885 -0.6990270614624023 -0.705797553062439 0.8781268000602722 -0.9154914617538452 -0.35031744837760925 0.19787102937698364 -3.1932010650634766
-0.3855781853199005 0.6234901547431946 -0.6801391243934631 0.1422693282365799 0.1147194653749466 -0.6990230679512024 -0.705837070941925 0.8782461881637573 -0.9155155420303345 -0.35018065571784973 0.19800177216529846 -3.1932079792022705
-0.38543012738227844 0.6233330368995667 -0.6803670525550842 0.1422116756439209 0.11463338136672974 -0.6992776989936829 -0.705598771572113 0.8781452775001526 -0.9155886769294739 -0.3499518632888794 0.19806809723377228 -3.19315767288208
-0.3855266273021698 0.6235220432281494 -0.6801391839981079 0.14228224754333496 0.11458040773868561 -0.6990636587142944 -0.7058194279670715 0.8780519962310791 -0.9155546426773071 -0.3500428795814514 0.1980644166469574 -3.1931629180908203
-0.38524705171585083 0.6234666705131531 -0.68034827709198 0.14220842719078064 0.11470229178667068 -0.6991853713989258 -0.7056790590286255 0.8781054615974426 -0.915657103061676 -0.3498983681201935 0.1978462040424347 -3.1932435035705566
-0.3852718770503998 0.623399555683136 -0.6803957223892212 0.14221389591693878 0.11457358300685883 -0.6992942690849304 -0.7055920362472534 0.8780412077903748 -0.9156627655029297 -0.3498002290725708 0.19799348711967468 -3.193183422088623
-0.3850923478603363 0.6234315037727356 -0.6804681420326233 0.1421583890914917 0.11454476416110992 -0.6993433237075806 -0.705548107624054 0.8780587315559387 -0.9157418608665466 -0.34964534640312195 0.19790112972259521 -3.1931910514831543
-0.38516291975975037 0.6233941316604614 -0.6804623603820801 0.14216670393943787 0.11442553251981735 -0.6993995904922485 -0.7055116891860962 0.8779522776603699 -0.9157270789146423 -0.34959930181503296 0.19805078208446503 -3.1931169033050537
-0.3850369155406952 0.6232118606567383 -0.6807006001472473 0.14215168356895447 0.1144261583685875 -0.6996381282806396 -0.7052750587463379 0.8780359029769897 -0.9157800078392029 -0.34944698214530945 0.19807493686676025 -3.1931400299072266
-0.3850577771663666 0.6231570839881897 -0.6807389855384827 0.1421613097190857 0.11422891169786453 -0.6997619271278381 -0.7051841616630554 0.8780777454376221 -0.9157958626747131 -0.34929680824279785 0.19826640188694 -3.193113327026367
-0.3851704001426697 0.623178243637085 -0.680655837059021 0.14227740466594696 0.11444726586341858 -0.6996121406555176 -0.7052974104881287 0.877939760684967 -0.9157212376594543 -0.3495589792728424 0.19814901053905487 -3.1930975914001465
-0.3850361704826355 0.623214066028595 -0.6806990504264832 0.14213067293167114 0.11443066596984863 -0.6996344327926636 -0.7052779793739319 0.8779929280281067 -0.9157797694206238 -0.3494504392147064 0.19806993007659912 -3.193110942840576
-0.38505709171295166 0.6233847737312317 -0.680530846118927 0.1421707421541214 0.11444520205259323 -0.6994436979293823 -0.705464780330658 0.8779357671737671 -0.9157691597938538 -0.3495277762413025 0.197982519865036 -3.193312883377075
-0.38490232825279236 0.6235692501068115 -0.6804494261741638 0.14212177693843842 0.11441501975059509 -0.6993252038955688 -0.7055871486663818 0.878073513507843 -0.9158379435539246 -0.34943586587905884 0.19782640039920807 -3.1933748722076416
-0.3848881125450134 0.6235580444335938 -0.6804677248001099 0.142106294631958 0.11449377238750458 -0.6993123888969421 -0.7055870890617371 0.8780931234359741 -0.9158341288566589 -0.349481463432312 0.19776368141174316 -3.1933681964874268
-0.38510969281196594 0.6237048506736755 -0.6802077293395996 0.14222393929958344 0.11457403004169464 -0.6990417242050171 -0.7058421969413757 0.8780359625816345 -0.915730893611908 -0.34976089000701904 0.19774752855300903 -3.1933677196502686
-0.38509729504585266 0.6235350966453552 -0.6803703308105469 0.14228150248527527 0.11475152522325516 -0.6991549134254456 -0.7057012319564819 0.8781676888465881 -0.915713906288147 -0.3498372733592987 0.19769124686717987 -3.19327449798584
-0.3851144015789032 0.6236485838890076 -0.6802566647529602 0.14231091737747192 0.11489983648061752 -0.6989737749099731 -0.7058565616607666 0.8780557513237 -0.9156880974769592 -0.34999698400497437 0.1975279152393341 -3.1933155059814453
-0.3849658668041229 0.6235237121582031 -0.680455207824707 0.14218156039714813 0.11480022966861725 -0.6992002129554749 -0.7056484222412109 0.8781288266181946 -0.9157630205154419 -0.3497670590877533 0.1975877434015274 -3.193225145339966
-0.384978711605072 0.6235129833221436 -0.6804577708244324 0.14217719435691833 0.11482352763414383 -0.6991973519325256 -0.7056474685668945 0.878150463104248 -0.9157547354698181 -0.34979188442230225 0.19758230447769165 -3.193211078643799
-0.38490957021713257 0.6233699917793274 -0.6806278824806213 0.14215637743473053 0.11483288556337357 -0.6993694305419922 -0.705475389957428 0.8781411647796631 -0.915782630443573 -0.34970277547836304 0.1976107954978943 -3.193146228790283
