# 3x4 first row second row third row Freq: 100 current Time: 2021-07-28-20:04:33
-0.083462655544281 0.27799171209335327 -0.9569506645202637 -0.0656958743929863 -0.3396291434764862 -0.9107425808906555 -0.2349468469619751 -0.7439553141593933 -0.9368489980697632 0.3053990304470062 0.17042705416679382 -2.006314992904663
-0.08345885574817657 0.27797192335128784 -0.9569567441940308 -0.06569516658782959 -0.3396429717540741 -0.9107426404953003 -0.23492668569087982 -0.7439258694648743 -0.9368443489074707 0.30541691184043884 0.17042072117328644 -2.006279706954956
-0.0834319069981575 0.2779582738876343 -0.956963062286377 -0.06573332101106644 -0.33969879150390625 -0.9107256531715393 -0.23491187393665314 -0.7439512610435486 -0.9368264675140381 0.30548006296157837 0.17040564119815826 -2.0063114166259766
-0.0834483653306961 0.2779492735862732 -0.9569642543792725 -0.06573615223169327 -0.33969131112098694 -0.9107316136360168 -0.2348995953798294 -0.7439140677452087 -0.9368277192115784 0.30547046661376953 0.1704159826040268 -2.0062804222106934
-0.08345010131597519 0.27799832820892334 -0.9569498896598816 -0.06575700640678406 -0.33960890769958496 -0.9107465744018555 -0.23496070504188538 -0.7439135313034058 -0.9368574619293213 0.3053812086582184 0.1704125702381134 -2.006298303604126
-0.08339308947324753 0.27800890803337097 -0.9569517374038696 -0.06569943577051163 -0.33964866399765015 -0.9107264280319214 -0.2349812537431717 -0.7439512014389038 -0.9368481040000916 0.3054315745830536 0.17037361860275269 -2.0063042640686035
-0.08338769525289536 0.27800023555755615 -0.9569547772407532 -0.06569913774728775 -0.339647114276886 -0.9107286334037781 -0.2349749356508255 -0.7439132332801819 -0.9368491768836975 0.30543288588523865 0.17036549746990204 -2.006268262863159
-0.08345958590507507 0.27800095081329346 -0.9569482803344727 -0.06567943841218948 -0.3396051228046417 -0.9107479453086853 -0.23496094346046448 -0.7438870668411255 -0.9368579983711243 0.30537477135658264 0.17042115330696106 -2.0062382221221924
-0.08341022580862045 0.278045117855072 -0.9569397568702698 -0.06574217975139618 -0.33956003189086914 -0.9107478260993958 -0.2350264936685562 -0.7438873648643494 -0.9368787407875061 0.3053348958492279 0.1703786551952362 -2.006237506866455
-0.08343245834112167 0.27806031703948975 -0.9569333791732788 -0.06572122871875763 -0.33958300948143005 -0.9107383489608765 -0.2350298911333084 -0.7438978552818298 -0.93686842918396 0.305349200963974 0.1704096645116806 -2.0062448978424072
-0.08342296630144119 0.27803874015808105 -0.9569404721260071 -0.06572334468364716 -0.33958837389945984 -0.9107411503791809 -0.23501133918762207 -0.7438550591468811 -0.9368672966957092 0.30536049604415894 0.17039541900157928 -2.006201982498169
-0.08333339542150497 0.2780369222164154 -0.9569488167762756 -0.06571407616138458 -0.33962854743003845 -0.9107213616371155 -0.23503008484840393 -0.7438968420028687 -0.9368607401847839 0.30542126297950745 0.1703227460384369 -2.0062386989593506
-0.08332565426826477 0.278056263923645 -0.9569438695907593 -0.06571467220783234 -0.3395993411540985 -0.910725474357605 -0.23505619168281555 -0.743854284286499 -0.9368720054626465 0.3053912818431854 0.1703144907951355 -2.0061957836151123
-0.08335583657026291 0.27805158495903015 -0.956942617893219 -0.06570903956890106 -0.33955118060112 -0.9107447266578674 -0.23505114018917084 -0.7439209222793579 -0.9368867874145508 0.3053381145000458 0.17032861709594727 -2.0062201023101807
-0.08335556089878082 0.2780139744281769 -0.9569535851478577 -0.06568825989961624 -0.33953312039375305 -0.9107598662376404 -0.23501870036125183 -0.7438972592353821 -0.9368933439254761 0.30532732605934143 0.1703118234872818 -2.0061917304992676
-0.0833321064710617 0.2780650854110718 -0.956940770149231 -0.0656866654753685 -0.3395988345146179 -0.9107239842414856 -0.23506268858909607 -0.7439195513725281 -0.9368715882301331 0.3053877055644989 0.17032310366630554 -2.0062737464904785
-0.08341585844755173 0.2780323326587677 -0.9569429755210876 -0.06568444520235062 -0.33954519033432007 -0.9107562303543091 -0.23501528799533844 -0.7438920736312866 -0.9368836283683777 0.3053213953971863 0.1703760325908661 -2.006229877471924
-0.08345123380422592 0.2780929207801819 -0.9569222927093506 -0.06567256897687912 -0.33961600065231323 -0.9107211232185364 -0.2350490838289261 -0.743878960609436 -0.9368547797203064 0.3053709864616394 0.17044557631015778 -2.006273031234741
-0.08346284180879593 0.27804267406463623 -0.9569358825683594 -0.06563729047775269 -0.339670330286026 -0.9107166528701782 -0.2349877953529358 -0.7438730001449585 -0.9368340373039246 0.30542996525764465 0.17045381665229797 -2.006260871887207
-0.08341072499752045 0.2780381143093109 -0.9569417238235474 -0.0656541958451271 -0.33968934416770935 -0.910707414150238 -0.23499616980552673 -0.7438976764678955 -0.9368318319320679 0.30546170473098755 0.17040932178497314 -2.006296396255493
-0.08334814757108688 0.2780992388725281 -0.9569294452667236 -0.06571201235055923 -0.33958202600479126 -0.9107223749160767 -0.23509326577186584 -0.7439292669296265 -0.9368762969970703 0.30536144971847534 0.1703445017337799 -2.0063579082489014
-0.08335522562265396 0.2780887484550476 -0.9569318890571594 -0.06572237610816956 -0.3395702838897705 -0.9107293486595154 -0.2350832223892212 -0.7438918352127075 -0.9368799328804016 0.3053501844406128 0.17034469544887543 -2.006334066390991
-0.08335792273283005 0.2781050503253937 -0.9569268822669983 -0.06571553647518158 -0.3395346999168396 -0.910737156867981 -0.23510436713695526 -0.7439411878585815 -0.936892569065094 0.3053120970726013 0.17034344375133514 -2.006396770477295
-0.08336180448532104 0.2780896723270416 -0.9569309949874878 -0.06572116911411285 -0.3395368158817291 -0.9107405543327332 -0.23508813977241516 -0.7439051270484924 -0.9368914365768433 0.30531591176986694 0.17034262418746948 -2.006373405456543
-0.08325183391571045 0.27805328369140625 -0.9569511413574219 -0.0657244473695755 -0.33956238627433777 -0.9107323288917542 -0.2350829839706421 -0.7439711689949036 -0.9368919730186462 0.30537354946136475 0.17023654282093048 -2.006338119506836
-0.08323922753334045 0.27798688411712646 -0.9569715261459351 -0.0657043308019638 -0.3395942151546478 -0.9107372760772705 -0.23501791059970856 -0.7439619302749634 -0.9368815422058105 0.30541926622390747 0.1702117770910263 -2.0063235759735107
-0.08319731056690216 0.27806395292282104 -0.9569528102874756 -0.06568264961242676 -0.3396121561527252 -0.9107091426849365 -0.23510101437568665 -0.7439573407173157 -0.9368787407875061 0.3054330348968506 0.17020241916179657 -2.0063364505767822
-0.08319629728794098 0.27800044417381287 -0.9569713473320007 -0.06566692888736725 -0.33963021636009216 -0.9107187986373901 -0.23503760993480682 -0.7439373731613159 -0.9368723034858704 0.305462121963501 0.17018575966358185 -2.0063202381134033
-0.08317817002534866 0.27804049849510193 -0.9569612741470337 -0.06569325178861618 -0.33959275484085083 -0.9107196927070618 -0.23508815467357635 -0.7439471483230591 -0.9368875026702881 0.30542290210723877 0.17017251253128052 -2.0063486099243164
-0.08329689502716064 0.2780560255050659 -0.9569464325904846 -0.06566521525382996 -0.3395448923110962 -0.9107409715652466 -0.23507477343082428 -0.7439306378364563 -0.9368942975997925 0.3053452670574188 0.17027437686920166 -2.006338357925415
-0.08327831327915192 0.27807074785232544 -0.9569438099861145 -0.06566131114959717 -0.3394867479801178 -0.9107548594474792 -0.23510514199733734 -0.7439409494400024 -0.9369170069694519 0.3052905797958374 0.17024743556976318 -2.006378412246704
-0.08334894478321075 0.2780553102493286 -0.9569421410560608 -0.06566673517227173 -0.33945509791374207 -0.9107745885848999 -0.23507429659366608 -0.743895411491394 -0.9369221925735474 0.30524569749832153 0.17029936611652374 -2.0063581466674805
-0.08333586156368256 0.27804234623908997 -0.9569470286369324 -0.06569122523069382 -0.3394473195075989 -0.9107792377471924 -0.23506741225719452 -0.74395352602005 -0.9369261860847473 0.3052435517311096 0.1702812761068344 -2.0064520835876465
-0.08334040641784668 0.2780939042568207 -0.9569316506385803 -0.06573725491762161 -0.3394032120704651 -0.9107813239097595 -0.23512311279773712 -0.7439554333686829 -0.9369417428970337 0.30519041419029236 0.17029082775115967 -2.006364107131958
-0.08335903286933899 0.27809998393058777 -0.9569282531738281 -0.0657360851764679 -0.33940446376800537 -0.9107809066772461 -0.2351228892803192 -0.7439166903495789 -0.9369396567344666 0.30518609285354614 0.17031016945838928 -2.006335735321045
-0.08334892243146896 0.2781667709350586 -0.956909716129303 -0.06569425016641617 -0.3393976390361786 -0.9107659459114075 -0.23519083857536316 -0.7439565658569336 -0.9369430541992188 0.3051699995994568 0.17032048106193542 -2.0063657760620117
-0.08333922177553177 0.27815183997154236 -0.9569149017333984 -0.06569043546915054 -0.33939337730407715 -0.9107701778411865 -0.23518040776252747 -0.743922770023346 -0.9369454383850098 0.30517083406448364 0.1703057438135147 -2.0063400268554688
-0.0833699107170105 0.2781922221183777 -0.9569004774093628 -0.0656852275133133 -0.33940589427948 -0.9107586741447449 -0.23520703613758087 -0.7439509034156799 -0.9369381666183472 0.305168479681015 0.17034991085529327 -2.006381034851074
-0.08332762122154236 0.27819010615348816 -0.9569048285484314 -0.0657251700758934 -0.3393315374851227 -0.9107800126075745 -0.23523163795471191 -0.7439221739768982 -0.9369688630104065 0.3051066994667053 0.17029178142547607 -2.0063328742980957
-0.08333393931388855 0.27818793058395386 -0.9569048881530762 -0.06572627276182175 -0.3393234610557556 -0.9107837080955505 -0.23522910475730896 -0.7439125180244446 -0.9369712471961975 0.30509769916534424 0.170294851064682 -2.0063247680664062
-0.08327165991067886 0.2781578004360199 -0.9569190740585327 -0.06572765111923218 -0.3393327295780182 -0.9107831120491028 -0.23521801829338074 -0.7439380288124084 -0.9369733929634094 0.30512696504592896 0.170230433344841 -2.0063023567199707
-0.08325275778770447 0.27815335988998413 -0.9569219946861267 -0.06573253124952316 -0.339347779750824 -0.910777747631073 -0.2352169305086136 -0.7439018487930298 -0.9369696378707886 0.3051469027996063 0.1702154576778412 -2.0062625408172607
-0.08337432146072388 0.27814334630966187 -0.9569143056869507 -0.06570921093225479 -0.33926597237586975 -0.9108166098594666 -0.23518460988998413 -0.7439174056053162 -0.9369884729385376 0.3050400912761688 0.17030327022075653 -2.006314754486084
-0.08338828384876251 0.2781239151954651 -0.9569187760353088 -0.0657363012433052 -0.3392520844936371 -0.9108269810676575 -0.23516428470611572 -0.7439078688621521 -0.9369922280311584 0.30502673983573914 0.17030638456344604 -2.0062291622161865
-0.08346673846244812 0.27815815806388855 -0.9569019675254822 -0.06570499390363693 -0.33919820189476013 -0.9108424186706543 -0.23518238961696625 -0.7438845634460449 -0.9370047450065613 0.3049495220184326 0.1703757643699646 -2.0062074661254883
-0.0834432914853096 0.278140127658844 -0.9569092392921448 -0.06573040038347244 -0.3391772508621216 -0.910851776599884 -0.23517628014087677 -0.7438936829566956 -0.9370144009590149 0.3049379587173462 0.17034325003623962 -2.006193161010742
-0.08350785821676254 0.27811142802238464 -0.9569119811058044 -0.06570063531398773 -0.3391571044921875 -0.9108705520629883 -0.2351326197385788 -0.7438765168190002 -0.937015950679779 0.30490806698799133 0.17038829624652863 -2.0061609745025635
-0.08350183069705963 0.2781960070133209 -0.9568879008293152 -0.06572098284959793 -0.3391915559768677 -0.9108380675315857 -0.23520874977111816 -0.7438581585884094 -0.937004029750824 0.30492791533470154 0.1704183667898178 -2.0062060356140137
-0.08360239863395691 0.2781723737716675 -0.9568859934806824 -0.06570203602313995 -0.33916109800338745 -0.9108618497848511 -0.23516063392162323 -0.743869960308075 -0.9370061159133911 0.30487850308418274 0.17049545049667358 -2.006164789199829
-0.0835893303155899 0.2781619131565094 -0.9568901658058167 -0.06569637358188629 -0.339176207780838 -0.9108584523200989 -0.2351519763469696 -0.7438255548477173 -0.9370017647743225 0.3048981726169586 0.17048391699790955 -2.0061240196228027
-0.08356014639139175 0.2781427502632141 -0.9568982720375061 -0.0656915009021759 -0.33918991684913635 -0.9108563661575317 -0.23514026403427124 -0.7438784837722778 -0.9369994401931763 0.3049218952655792 0.1704544723033905 -2.006246566772461
-0.08355123549699783 0.27813950181007385 -0.9569000005722046 -0.06568573415279388 -0.33921101689338684 -0.9108495712280273 -0.23513612151145935 -0.7438309192657471 -0.9369925856590271 0.30494511127471924 0.17045056819915771 -2.0062103271484375
-0.08353202044963837 0.2782021164894104 -0.9568834900856018 -0.06572181731462479 -0.3391837179660797 -0.9108415246009827 -0.23520661890506744 -0.7439261674880981 -0.9370041489601135 0.3049120306968689 0.17044603824615479 -2.0062990188598633
-0.08355145901441574 0.2781732976436615 -0.9568901658058167 -0.06572528928518295 -0.3391847312450409 -0.9108498096466064 -0.23517298698425293 -0.7438942193984985 -0.9370020627975464 0.3049134910106659 0.1704549491405487 -2.006269693374634
-0.08357898890972137 0.2782151401042938 -0.9568756222724915 -0.0657191351056099 -0.3391532897949219 -0.9108520150184631 -0.23521001636981964 -0.743929386138916 -0.9370110034942627 0.3048688769340515 0.17048564553260803 -2.006342649459839
-0.08350571244955063 0.27812299132347107 -0.9569087624549866 -0.06570713222026825 -0.3392001688480377 -0.9108535051345825 -0.235136479139328 -0.7439156770706177 -0.937000572681427 0.3049483895301819 0.17040081322193146 -2.006319999694824
-0.08348366618156433 0.27824246883392334 -0.9568759799003601 -0.06570516526699066 -0.3392668664455414 -0.9108006954193115 -0.23524488508701324 -0.743953287601471 -0.9369783997535706 0.30499720573425293 0.17043539881706238 -2.006303548812866
-0.08359615504741669 0.27825286984443665 -0.9568631052970886 -0.06572975963354111 -0.33923524618148804 -0.9108174443244934 -0.23522570729255676 -0.7439531087875366 -0.9369798302650452 0.3049377202987671 0.17053398489952087 -2.006225824356079
-0.08358412981033325 0.27825793623924255 -0.9568626880645752 -0.06573224812746048 -0.3392343819141388 -0.9108154773712158 -0.23523440957069397 -0.7439196109771729 -0.936981201171875 0.3049388527870178 0.17052435874938965 -2.006181478500366
-0.08354412019252777 0.27828162908554077 -0.956859290599823 -0.06570780277252197 -0.33930468559265137 -0.910783588886261 -0.23525656759738922 -0.7439636588096619 -0.9369593262672424 0.3050125539302826 0.170512855052948 -2.0062739849090576
-0.08353191614151001 0.27829602360725403 -0.9568561911582947 -0.06570688635110855 -0.3393220901489258 -0.9107733964920044 -0.23527087271213531 -0.743930459022522 -0.9369540810585022 0.30502980947494507 0.17051060497760773 -2.006237506866455
-0.08358586579561234 0.278314471244812 -0.9568461179733276 -0.06569632142782211 -0.33927398920059204 -0.9107888340950012 -0.23528048396110535 -0.7439544200897217 -0.9369667172431946 0.30496689677238464 0.17055390775203705 -2.0062878131866455
-0.08357005566358566 0.2783091366291046 -0.9568490386009216 -0.06569644063711166 -0.33927851915359497 -0.9107874035835266 -0.23527947068214417 -0.7439179420471191 -0.9369664788246155 0.3049760162830353 0.17053884267807007 -2.0062525272369385
-0.08360367268323898 0.27835583686828613 -0.9568325281143188 -0.06569647789001465 -0.33928754925727844 -0.9107756614685059 -0.2353118509054184 -0.7439430356025696 -0.9369602203369141 0.3049684464931488 0.17058683931827545 -2.006268262863159
-0.08359813690185547 0.2783428728580475 -0.9568367600440979 -0.06569843739271164 -0.33927804231643677 -0.9107815027236938 -0.23530296981334686 -0.7439043521881104 -0.9369641542434692 0.3049628436565399 0.17057524621486664 -2.0062294006347656
-0.08363620936870575 0.27837252616882324 -0.9568248391151428 -0.06569834798574448 -0.33920782804489136 -0.9108000993728638 -0.235332190990448 -0.743918240070343 -0.9369861483573914 0.30488017201423645 0.1706019788980484 -2.0062637329101562
-0.08363492786884308 0.2783690392971039 -0.9568259716033936 -0.06570589542388916 -0.3392196297645569 -0.9107970595359802 -0.2353271245956421 -0.7438807487487793 -0.9369819760322571 0.30489256978034973 0.17060266435146332 -2.0062272548675537
-0.08368678390979767 0.2783929407596588 -0.9568144679069519 -0.06572797149419785 -0.33914026618003845 -0.9108211398124695 -0.23534826934337616 -0.7439419627189636 -0.9370061159133911 0.30479878187179565 0.17063792049884796 -2.0062050819396973
-0.08372242003679276 0.27841344475746155 -0.956805408000946 -0.06573157757520676 -0.3391333222389221 -0.9108211994171143 -0.23535799980163574 -0.7439002394676208 -0.9370054602622986 0.3047798275947571 0.1706753969192505 -2.0061633586883545
-0.08371530473232269 0.2783980667591095 -0.956810474395752 -0.06573476642370224 -0.3391527533531189 -0.9108180999755859 -0.23534202575683594 -0.7438949346542358 -0.9369990229606628 0.30480316281318665 0.1706688553094864 -2.006211996078491
-0.08371984958648682 0.2783222198486328 -0.9568321704864502 -0.0656728446483612 -0.33919835090637207 -0.9108222723007202 -0.23526011407375336 -0.743911623954773 -0.9369820952415466 0.3048599362373352 0.17066031694412231 -2.006225824356079
-0.08370570838451385 0.2783743739128113 -0.9568182229995728 -0.06571481376886368 -0.33918341994285583 -0.9108131527900696 -0.23531687259674072 -0.7439188957214355 -0.9369887709617615 0.30483949184417725 0.17066019773483276 -2.0062458515167236
-0.0835689976811409 0.2784166932106018 -0.9568178653717041 -0.06569119542837143 -0.33924537897109985 -0.9107716679573059 -0.23538821935653687 -0.7439523935317993 -0.9369785785675049 0.304924875497818 0.17056381702423096 -2.006286382675171
-0.08359118551015854 0.27837151288986206 -0.9568290710449219 -0.06568646430969238 -0.33922621607780457 -0.9107908010482788 -0.23534181714057922 -0.7439305186271667 -0.9369835257530212 0.30490899085998535 0.17056496441364288 -2.0062332153320312
-0.08353037387132645 0.27831563353538513 -0.9568506479263306 -0.06567894667387009 -0.33928388357162476 -0.9107809066772461 -0.23529697954654694 -0.7439572215080261 -0.9369680881500244 0.3049895465373993 0.1705058515071869 -2.0062899589538574
-0.0835467204451561 0.2783331274986267 -0.9568440914154053 -0.06567579507827759 -0.33926841616630554 -0.9107829332351685 -0.235311359167099 -0.7439212799072266 -0.9369722008705139 0.3049674928188324 0.170522540807724 -2.006253719329834
-0.08362337201833725 0.27833259105682373 -0.9568375945091248 -0.06565647572278976 -0.33923864364624023 -0.9107989072799683 -0.23529252409934998 -0.7438927888870239 -0.9369761347770691 0.3049203157424927 0.17058521509170532 -2.006242275238037
-0.08357246220111847 0.27839311957359314 -0.9568244218826294 -0.0656844899058342 -0.3393132984638214 -0.9107556343078613 -0.23535233736038208 -0.743913471698761 -0.9369536638259888 0.30499428510665894 0.1705765575170517 -2.00630521774292
-0.08357301354408264 0.2783749997615814 -0.9568296074867249 -0.06571020931005478 -0.33934614062309265 -0.9107494354248047 -0.23532892763614655 -0.743960976600647 -0.9369417428970337 0.3050292730331421 0.17057952284812927 -2.006338357925415
-0.08357264846563339 0.2783476412296295 -0.9568375945091248 -0.06571520119905472 -0.3393455147743225 -0.9107563495635986 -0.2353031188249588 -0.7439332604408264 -0.9369419813156128 0.3050336539745331 0.17057031393051147 -2.0063154697418213
-0.08350975811481476 0.2783534526824951 -0.9568414092063904 -0.06568843871355057 -0.3393213450908661 -0.9107577204704285 -0.23533254861831665 -0.7439529895782471 -0.9369563460350037 0.3050241470336914 0.17050839960575104 -2.006338119506836
-0.08351017534732819 0.2783527374267578 -0.9568415880203247 -0.06568874418735504 -0.3393234312534332 -0.910757303237915 -0.23533135652542114 -0.7439174056053162 -0.9369555711746216 0.30502620339393616 0.17050908505916595 -2.006309747695923
-0.08351007848978043 0.27828314900398254 -0.9568618535995483 -0.06564376503229141 -0.3393279016017914 -0.9107729196548462 -0.23526431620121002 -0.7439598441123962 -0.9369539022445679 0.30504298210144043 0.1704879254102707 -2.0063514709472656
-0.08358768373727798 0.278313547372818 -0.9568462371826172 -0.06565571576356888 -0.33924731612205505 -0.9107978940010071 -0.23528389632701874 -0.7439113855361938 -0.9369761943817139 0.30494067072868347 0.17054858803749084 -2.006300449371338
-0.08356642723083496 0.2783041000366211 -0.9568508267402649 -0.06565168499946594 -0.33924514055252075 -0.9107992053031921 -0.23528186976909637 -0.7439582943916321 -0.9369788765907288 0.30494531989097595 0.17052552103996277 -2.0063226222991943
-0.08358880877494812 0.2782929837703705 -0.9568520784378052 -0.06562783569097519 -0.3392319679260254 -0.9108080267906189 -0.2352667599916458 -0.7439277172088623 -0.9369816184043884 0.3049291670322418 0.17053921520709991 -2.0063087940216064
-0.08355682343244553 0.27830472588539124 -0.9568514823913574 -0.0656609758734703 -0.33925172686576843 -0.9107961654663086 -0.2352842390537262 -0.7439875602722168 -0.9369773268699646 0.304953932762146 0.17051856219768524 -2.0063445568084717
-0.08360501378774643 0.27826204895973206 -0.9568597078323364 -0.06564965099096298 -0.3392452001571655 -0.9108126163482666 -0.23522989451885223 -0.7439680099487305 -0.9369754195213318 0.30494365096092224 0.17054754495620728 -2.006335973739624
-0.0835724025964737 0.27828481793403625 -0.9568558931350708 -0.06566967815160751 -0.33927592635154724 -0.9107944369316101 -0.23525606095790863 -0.7439817786216736 -0.9369671940803528 0.30497726798057556 0.17053259909152985 -2.006267547607422
-0.08357491344213486 0.27829501032829285 -0.9568527340888977 -0.06565912067890167 -0.3392748534679413 -0.9107924699783325 -0.23526519536972046 -0.7439849376678467 -0.9369673728942871 0.3049738109111786 0.17053787410259247 -2.006284713745117
-0.08355847746133804 0.2783151865005493 -0.9568483233451843 -0.06566038727760315 -0.33928003907203674 -0.9107844829559326 -0.23528851568698883 -0.743958592414856 -0.9369669556617737 0.30497920513153076 0.1705305278301239 -2.0062551498413086
-0.08354456722736359 0.27835357189178467 -0.9568383693695068 -0.06568115949630737 -0.3392229974269867 -0.9107925295829773 -0.23533977568149567 -0.7439823746681213 -0.9369888305664062 0.3049202263355255 0.17051567137241364 -2.0063111782073975
-0.0835672989487648 0.278333455324173 -0.9568421840667725 -0.0656905472278595 -0.33919522166252136 -0.9108083248138428 -0.2353186458349228 -0.7439485788345337 -0.9369968771934509 0.3048913776874542 0.17052315175533295 -2.0062835216522217
-0.0835971012711525 0.2783300280570984 -0.9568405747413635 -0.06568139791488647 -0.33914411067962646 -0.910828173160553 -0.2353154569864273 -0.7439635396003723 -0.9370127320289612 0.30483517050743103 0.1705365628004074 -2.0063316822052
-0.08360540121793747 0.2783418893814087 -0.956836462020874 -0.06567703187465668 -0.3391511142253876 -0.91082364320755 -0.23532287776470184 -0.7439272403717041 -0.9370094537734985 0.3048378825187683 0.17054970562458038 -2.0063095092773438
-0.0835721343755722 0.278265118598938 -0.956861674785614 -0.06564769893884659 -0.3392120599746704 -0.9108200073242188 -0.23524901270866394 -0.7439064979553223 -0.9369903206825256 0.3049187660217285 0.17051002383232117 -2.006309986114502
-0.08356490731239319 0.2783409357070923 -0.9568402767181396 -0.0656881183385849 -0.33923986554145813 -0.9107917547225952 -0.2353183478116989 -0.7439367771148682 -0.9369809031486511 0.304934024810791 0.17053453624248505 -2.006352424621582
-0.0834750160574913 0.27835196256637573 -0.9568448662757874 -0.06574662029743195 -0.3392760455608368 -0.910770058631897 -0.2353501319885254 -0.7439797520637512 -0.9369758367538452 0.30498868227005005 0.1704646795988083 -2.0063300132751465
-0.08345887064933777 0.2783527672290802 -0.9568460583686829 -0.06575636565685272 -0.33926379680633545 -0.9107725620269775 -0.2353581190109253 -0.743947446346283 -0.936981737613678 0.30498048663139343 0.17044703662395477 -2.0063092708587646
-0.08350551128387451 0.2783215045928955 -0.956851065158844 -0.06574808061122894 -0.3392331600189209 -0.9107939600944519 -0.23531948029994965 -0.7439739108085632 -0.9369886517524719 0.3049451410770416 0.1704721748828888 -2.006256341934204
-0.08352387696504593 0.2783030867576599 -0.9568548202514648 -0.06575295329093933 -0.33923566341400146 -0.9107991456985474 -0.23529581725597382 -0.7439416646957397 -0.9369860887527466 0.3049464523792267 0.1704837828874588 -2.006225109100342
-0.08345901966094971 0.27829650044441223 -0.9568623900413513 -0.06567469239234924 -0.33925363421440125 -0.9107897281646729 -0.23530636727809906 -0.7439711689949036 -0.9369853734970093 0.304980605840683 0.17042668163776398 -2.0062737464904785
-0.08346465975046158 0.27830126881599426 -0.9568605422973633 -0.06566745042800903 -0.33924514055252075 -0.9107917547225952 -0.23531070351600647 -0.7439368963241577 -0.9369879364967346 0.3049701452255249 0.1704312413930893 -2.006240129470825
-0.08340024948120117 0.27824538946151733 -0.9568824172019958 -0.06568879634141922 -0.3392724096775055 -0.9107914566993713 -0.23527251183986664 -0.7439630627632141 -0.9369838237762451 0.3050220012664795 0.17036119103431702 -2.0062339305877686
-0.08340787887573242 0.2782434821128845 -0.9568822979927063 -0.06568321585655212 -0.33925989270210266 -0.9107966423034668 -0.23527061939239502 -0.7439291477203369 -0.9369876384735107 0.3050083518028259 0.17036443948745728 -2.0062026977539062
-0.08340690284967422 0.2781282365322113 -0.9569158554077148 -0.06565387547016144 -0.3393472731113434 -0.9107964038848877 -0.23514533042907715 -0.7439531683921814 -0.9369561076164246 0.3051140606403351 0.17034874856472015 -2.006237745285034
-0.0834084302186966 0.2781275808811188 -0.9569159150123596 -0.06564005464315414 -0.33933305740356445 -0.910801351070404 -0.23514683544635773 -0.743911862373352 -0.9369611144065857 0.3050999939441681 0.17034637928009033 -2.006208896636963
-0.08342621475458145 0.2781190276145935 -0.956916868686676 -0.0656500980257988 -0.3393173813819885 -0.9108099937438965 -0.2351360023021698 -0.7438821196556091 -0.9369652271270752 0.3050819933414459 0.17035602033138275 -2.006152391433716
-0.08345307409763336 0.2781180143356323 -0.9569148421287537 -0.06563395261764526 -0.33931872248649597 -0.9108119606971741 -0.23512646555900574 -0.7438414692878723 -0.9369623064994812 0.30507707595825195 0.17038068175315857 -2.0061233043670654
-0.08338101953268051 0.2781335115432739 -0.9569166302680969 -0.06569763273000717 -0.33929532766342163 -0.9108099937438965 -0.23516780138015747 -0.7439664006233215 -0.936977207660675 0.30506882071495056 0.17031362652778625 -2.006204605102539
-0.0834098532795906 0.27811989188194275 -0.9569180607795715 -0.06567643582820892 -0.3392893671989441 -0.910817563533783 -0.23514699935913086 -0.7439453601837158 -0.9369767904281616 0.3050585389137268 0.17033424973487854 -2.00618839263916
-0.08334957808256149 0.27817362546920776 -0.9569076895713806 -0.06568694114685059 -0.3393309712409973 -0.9107860326766968 -0.23520925641059875 -0.7439701557159424 -0.936967134475708 0.3051038086414337 0.1703065186738968 -2.0062389373779297
-0.08334377408027649 0.27813997864723206 -0.956917941570282 -0.0657154768705368 -0.3393331468105316 -0.910793125629425 -0.2351786494255066 -0.7439682483673096 -0.9369668364524841 0.305113285779953 0.1702910214662552 -2.0063021183013916
-0.08334138244390488 0.27815744280815125 -0.9569131135940552 -0.06571852415800095 -0.33933690190315247 -0.9107874035835266 -0.2351953238248825 -0.7439350485801697 -0.9369657039642334 0.30511441826820374 0.1702953279018402 -2.006279468536377
-0.08337071537971497 0.278167724609375 -0.9569075703620911 -0.06572503596544266 -0.3393297493457794 -0.9107895493507385 -0.23519733548164368 -0.7439538240432739 -0.9369656443595886 0.30509862303733826 0.17032372951507568 -2.0063610076904297
-0.08337321877479553 0.2781437337398529 -0.9569143056869507 -0.06571666151285172 -0.3393276631832123 -0.9107963442802429 -0.23517410457134247 -0.7439342737197876 -0.9369661808013916 0.30510029196739197 0.1703178584575653 -2.006307601928711
-0.08345910906791687 0.2781345546245575 -0.9569094777107239 -0.06573870778083801 -0.3392103910446167 -0.9108436107635498 -0.23516005277633667 -0.7439168095588684 -0.9370010495185852 0.30496740341186523 0.17036430537700653 -2.0062310695648193
-0.0834982842206955 0.2780994474887848 -0.9569162726402283 -0.06568016111850739 -0.3392017185688019 -0.9108582139015198 -0.23511606454849243 -0.7439247965812683 -0.9370006918907166 0.3049558699131012 0.1703868806362152 -2.006234884262085
-0.08349531888961792 0.2781383991241455 -0.9569052457809448 -0.06569143384695053 -0.3392047882080078 -0.9108474254608154 -0.23515351116657257 -0.7439160943031311 -0.9369998574256897 0.30495259165763855 0.1703973412513733 -2.0062415599823
-0.08354175835847855 0.2781093716621399 -0.9569095969200134 -0.06570082902908325 -0.33918336033821106 -0.9108652472496033 -0.2351154088973999 -0.7438613772392273 -0.9370034337043762 0.3049258589744568 0.17042532563209534 -2.0061850547790527
-0.0834803506731987 0.2781423330307007 -0.9569053649902344 -0.06571764498949051 -0.3392302095890045 -0.910836935043335 -0.23515728116035461 -0.7439297437667847 -0.9369919300079346 0.30498018860816956 0.170391246676445 -2.006221055984497
-0.08346454799175262 0.2781413197517395 -0.9569070339202881 -0.06565804034471512 -0.3392297923564911 -0.9108361005783081 -0.23516128957271576 -0.7439326047897339 -0.9369934797286987 0.3049837648868561 0.17037631571292877 -2.0062406063079834
-0.08344762027263641 0.27817395329475403 -0.9568990468978882 -0.06567834317684174 -0.3392139971256256 -0.910831868648529 -0.23520047962665558 -0.7439388036727905 -0.9370007514953613 0.30496659874916077 0.17036722600460052 -2.0062878131866455
-0.08347980678081512 0.2781454920768738 -0.9569045305252075 -0.06564611941576004 -0.33918556571006775 -0.9108506441116333 -0.23516857624053955 -0.7439184188842773 -0.9370081424713135 0.30493637919425964 0.17038054764270782 -2.0062918663024902
-0.08340483158826828 0.2781762182712555 -0.9569020867347717 -0.0657263770699501 -0.33916786313056946 -0.9108428955078125 -0.23522426187992096 -0.7439749240875244 -0.9370212554931641 0.3049316108226776 0.17031711339950562 -2.006244421005249
-0.08344599604606628 0.2782060205936432 -0.9568898677825928 -0.06573733687400818 -0.33907997608184814 -0.91086745262146 -0.2352558672428131 -0.7440099716186523 -0.937049388885498 0.30483102798461914 0.1703423112630844 -2.0062241554260254
-0.08344864845275879 0.2782161831855774 -0.9568866491317749 -0.06574104726314545 -0.33910053968429565 -0.9108584523200989 -0.2352609634399414 -0.7439830303192139 -0.937041699886322 0.3048485815525055 0.17035314440727234 -2.0061943531036377
-0.08342935144901276 0.27824804186820984 -0.9568790793418884 -0.06571389734745026 -0.33922913670539856 -0.9108072519302368 -0.23527388274669647 -0.7439930438995361 -0.9369968771934509 0.3049725294113159 0.17037786543369293 -2.0062739849090576
-0.0834488794207573 0.2782137989997864 -0.9568873643875122 -0.06570155173540115 -0.33921369910240173 -0.9108222723007202 -0.23523804545402527 -0.7439793944358826 -0.9370007514953613 0.30495893955230713 0.17038099467754364 -2.006230592727661
-0.08344142138957977 0.2782527506351471 -0.9568766951560974 -0.06571335345506668 -0.33918288350105286 -0.9108220934867859 -0.2352830320596695 -0.7439751625061035 -0.9370125532150269 0.3049238324165344 0.17037883400917053 -2.006272315979004
-0.08346443623304367 0.2781941294670105 -0.9568917155265808 -0.0656779408454895 -0.3392137289047241 -0.9108282923698425 -0.235214501619339 -0.7439745664596558 -0.9369993209838867 0.3049587607383728 0.17038901150226593 -2.0062687397003174
-0.0834585577249527 0.27818626165390015 -0.9568945169448853 -0.06568228453397751 -0.33923017978668213 -0.9108244180679321 -0.23520584404468536 -0.7439651489257812 -0.9369938969612122 0.30497756600379944 0.1703852415084839 -2.006273031234741
-0.08346360921859741 0.27811288833618164 -0.9569153785705566 -0.0656571239233017 -0.33924952149391174 -0.9108365774154663 -0.2351309210062027 -0.7439459562301636 -0.9369864463806152 0.305008202791214 0.17037133872509003 -2.0062577724456787
-0.08350740373134613 0.2781562805175781 -0.9568989872932434 -0.06571520119905472 -0.3392166197299957 -0.9108400940895081 -0.23516465723514557 -0.743954598903656 -0.9369944930076599 0.3049580454826355 0.17041710019111633 -2.006248950958252
-0.0834808275103569 0.2782604694366455 -0.956870973110199 -0.06571436673402786 -0.33926060795783997 -0.9107980728149414 -0.23526406288146973 -0.7439510822296143 -0.9369809031486511 0.3049885928630829 0.17043697834014893 -2.006256103515625
-0.08343914151191711 0.27817705273628235 -0.9568988680839539 -0.06568005681037903 -0.3393199145793915 -0.9107959270477295 -0.23518677055835724 -0.7439411878585815 -0.9369631409645081 0.30507105588912964 0.17038699984550476 -2.0062856674194336
-0.08344599604606628 0.27817168831825256 -0.9568998217582703 -0.06567735224962234 -0.3393417298793793 -0.9107906818389893 -0.23517559468746185 -0.743900716304779 -0.9369546175003052 0.30509158968925476 0.1703970730304718 -2.006268262863159
-0.08335212618112564 0.2781273126602173 -0.9569209218025208 -0.06567840278148651 -0.33937978744506836 -0.9107816815376282 -0.23515552282333374 -0.7439555525779724 -0.9369491934776306 0.3051588833332062 0.17030635476112366 -2.006319522857666
-0.08344326913356781 0.2780948281288147 -0.9569224119186401 -0.06569691002368927 -0.3393445312976837 -0.9108084440231323 -0.23510277271270752 -0.7439079284667969 -0.9369538426399231 0.3051086366176605 0.17037077248096466 -2.006277561187744
-0.0834367424249649 0.2781522274017334 -0.9569063186645508 -0.0657251849770546 -0.339378297328949 -0.9107828140258789 -0.23515327274799347 -0.7439447641372681 -0.9369422197341919 0.30513283610343933 0.17039155960083008 -2.0062735080718994
-0.08346396684646606 0.2781364321708679 -0.9569085240364075 -0.06569511443376541 -0.33936020731925964 -0.9107947945594788 -0.2351331114768982 -0.7439264059066772 -0.9369463324546814 0.30511152744293213 0.17040696740150452 -2.006273031234741
-0.0834442675113678 0.2781327962875366 -0.9569113254547119 -0.06570300459861755 -0.339277982711792 -0.9108208417892456 -0.23515069484710693 -0.7439472675323486 -0.9369778633117676 0.3050369620323181 0.17036709189414978 -2.006304979324341
-0.08341194689273834 0.2780994474887848 -0.95692378282547 -0.06567008793354034 -0.33931970596313477 -0.9108129143714905 -0.23512136936187744 -0.7439342737197876 -0.9369656443595886 0.30509117245674133 0.1703372746706009 -2.0063157081604004
-0.08338214457035065 0.27809280157089233 -0.9569283127784729 -0.06565121561288834 -0.33927851915359497 -0.9108255505561829 -0.23513178527355194 -0.7439420819282532 -0.9369832277297974 0.3050594627857208 0.17029747366905212 -2.006336212158203
-0.08336839824914932 0.2781035900115967 -0.9569264054298401 -0.06565854698419571 -0.3391888439655304 -0.910851001739502 -0.23516260087490082 -0.7440051436424255 -0.9370169043540955 0.30497363209724426 0.170265793800354 -2.0063376426696777
-0.08337056636810303 0.2780996263027191 -0.9569273591041565 -0.06564125418663025 -0.3391837477684021 -0.9108538031578064 -0.23515906929969788 -0.7439805865287781 -0.9370185732841492 0.30496886372566223 0.17026524245738983 -2.006316661834717
-0.08343835920095444 0.2781808376312256 -0.9568978548049927 -0.06565126031637192 -0.3391314744949341 -0.9108562469482422 -0.2352248728275299 -0.7439637184143066 -0.9370314478874207 0.30488741397857666 0.17034019529819489 -2.0062642097473145
-0.0833904966711998 0.2781396508216858 -0.9569140076637268 -0.06566525995731354 -0.3390847146511078 -0.9108777642250061 -0.23520901799201965 -0.7439577579498291 -0.9370526075363159 0.3048607110977173 0.17027144134044647 -2.00630521774292
-0.08335989713668823 0.27816611528396606 -0.9569089412689209 -0.06567133963108063 -0.33909323811531067 -0.9108660817146301 -0.23524212837219238 -0.7439686059951782 -0.9370522499084473 0.3048715889453888 0.1702539175748825 -2.006256341934204
-0.08337210863828659 0.2781180143356323 -0.9569218754768372 -0.06564691662788391 -0.33917444944381714 -0.9108524322509766 -0.23517781496047974 -0.7439488172531128 -0.937021791934967 0.3049561679363251 0.1702701896429062 -2.0062825679779053
-0.08335869759321213 0.27820417284965515 -0.956898033618927 -0.06567584723234177 -0.33917275071144104 -0.9108307361602783 -0.23526425659656525 -0.7439702749252319 -0.9370235800743103 0.30494239926338196 0.17028489708900452 -2.006291151046753
-0.08335596323013306 0.27819886803627014 -0.9568997621536255 -0.0656718909740448 -0.33916524052619934 -0.9108342528343201 -0.23526142537593842 -0.7439418435096741 -0.9370265603065491 0.3049367070198059 0.17027883231639862 -2.0062737464904785
-0.08332715928554535 0.27814340591430664 -0.9569184184074402 -0.06566333770751953 -0.339182585477829 -0.9108399748802185 -0.23521441221237183 -0.7439653277397156 -0.937022864818573 0.30497029423713684 0.17023907601833344 -2.0062971115112305
-0.08335932344198227 0.27814435958862305 -0.9569153189659119 -0.06565766781568527 -0.33916065096855164 -0.910849392414093 -0.23520934581756592 -0.7439352869987488 -0.9370279312133789 0.3049411475658417 0.1702633798122406 -2.0062832832336426
-0.08336146920919418 0.27821266651153564 -0.9568952918052673 -0.06569315493106842 -0.33915483951568604 -0.9108346700668335 -0.2352747619152069 -0.7439650297164917 -0.9370298385620117 0.30492281913757324 0.1702856570482254 -2.006334066390991
-0.0833912268280983 0.27819231152534485 -0.9568986296653748 -0.0656844973564148 -0.3391511142253876 -0.9108433127403259 -0.23524683713912964 -0.7439414262771606 -0.9370285272598267 0.3049156963825226 0.1703055500984192 -2.006331443786621
-0.08338050544261932 0.27818048000335693 -0.9569029808044434 -0.06569059193134308 -0.33912327885627747 -0.9108543992042542 -0.23524393141269684 -0.7439488768577576 -0.9370395541191101 0.3048933148384094 0.1702849417924881 -2.0063767433166504
-0.08343398571014404 0.2781558036804199 -0.9569054841995239 -0.06574425101280212 -0.3391501307487488 -0.9108560085296631 -0.23519901931285858 -0.7439393997192383 -0.9370250701904297 0.3049110472202301 0.1703328937292099 -2.0063953399658203
-0.0834570825099945 0.27817144989967346 -0.9568989276885986 -0.06573685258626938 -0.33910661935806274 -0.9108681678771973 -0.23521468043327332 -0.7439541816711426 -0.937038779258728 0.3048604428768158 0.1703481525182724 -2.006321907043457
-0.08352922648191452 0.2781708538532257 -0.9568928480148315 -0.06574932485818863 -0.3390880823135376 -0.9108800888061523 -0.235195130109787 -0.743952751159668 -0.9370390772819519 0.3048252761363983 0.17040950059890747 -2.0063254833221436
-0.08349651843309402 0.2781582772731781 -0.9568993449211121 -0.06570824980735779 -0.338993638753891 -0.9109113216400146 -0.23521046340465546 -0.7439689040184021 -0.9370761513710022 0.30474352836608887 0.1703517735004425 -2.0063118934631348
-0.08353796601295471 0.2781919240951538 -0.9568859338760376 -0.06570753455162048 -0.3389812409877777 -0.9109103679656982 -0.2352318912744522 -0.7439677715301514 -0.9370769262313843 0.3047156035900116 0.17039741575717926 -2.0062458515167236
-0.08353421837091446 0.27818888425827026 -0.9568871259689331 -0.06571416556835175 -0.3389863967895508 -0.9109091758728027 -0.2352292239665985 -0.7439358234405518 -0.9370753765106201 0.30472204089164734 0.17039430141448975 -2.006213665008545
-0.08355293422937393 0.2781881093978882 -0.9568857550621033 -0.06571754813194275 -0.33893391489982605 -0.9109278917312622 -0.23523226380348206 -0.743943989276886 -0.9370927214622498 0.3046666979789734 0.1703980565071106 -2.0062408447265625
-0.08355015516281128 0.27819544076919556 -0.9568838477134705 -0.06572026014328003 -0.33888667821884155 -0.9109412431716919 -0.23524866998195648 -0.7439656257629395 -0.9371100664138794 0.3046201169490814 0.17038597166538239 -2.0062901973724365
-0.08358007669448853 0.2781772315502167 -0.9568865299224854 -0.06569551676511765 -0.33887210488319397 -0.9109528064727783 -0.23522473871707916 -0.7439656257629395 -0.9371126294136047 0.3046020567417145 0.17040398716926575 -2.006242513656616
