# 3x4 first row second row third row Freq: 100 current Time: 2021-07-28-20:02:03
-0.32653093338012695 -0.17494851350784302 -0.9288544654846191 0.1579890251159668 0.36612483859062195 -0.929410994052887 0.04634523764252663 -0.6954731345176697 -0.8713955283164978 -0.32494354248046875 0.3675343990325928 -2.507836103439331
-0.32653379440307617 -0.1749029904603958 -0.9288620352745056 0.1579965204000473 0.3661370277404785 -0.9294087290763855 0.046293485909700394 -0.6954628229141235 -0.8713893294334412 -0.32497438788414 0.3675217926502228 -2.507858991622925
-0.32651618123054504 -0.17487505078315735 -0.9288734793663025 0.15799200534820557 0.36607831716537476 -0.929431676864624 0.0462968572974205 -0.6954457759857178 -0.8714206218719482 -0.3249237537384033 0.3674924373626709 -2.5078468322753906
-0.32647809386253357 -0.17487159371376038 -0.9288874864578247 0.157986119389534 0.3660840392112732 -0.9294290542602539 0.046305205672979355 -0.6954368948936462 -0.8714324831962585 -0.324933260679245 0.3674558997154236 -2.507863998413086
-0.3265381455421448 -0.17490310966968536 -0.9288604855537415 0.15800704061985016 0.36605018377304077 -0.9294412136077881 0.046328600496053696 -0.6954287886619568 -0.8714241981506348 -0.32488149404525757 0.3675212860107422 -2.507885694503784
-0.32648560404777527 -0.17493098974227905 -0.9288736581802368 0.1579960584640503 0.36610618233680725 -0.9294179677963257 0.04635249078273773 -0.6954963803291321 -0.8714203834533691 -0.3249329626560211 0.3674848675727844 -2.5077829360961914
-0.3264004588127136 -0.17497660219669342 -0.9288949966430664 0.15802213549613953 0.36616137623786926 -0.9293935298919678 0.046406615525484085 -0.6954901218414307 -0.8714290857315063 -0.3249783515930176 0.3674241304397583 -2.5078210830688477
-0.326402485370636 -0.17498132586479187 -0.9288933873176575 0.15802666544914246 0.36615505814552307 -0.9293956756591797 0.04641324654221535 -0.695497453212738 -0.8714309334754944 -0.324969619512558 0.36742734909057617 -2.5078277587890625
-0.3263839781284332 -0.17501190304756165 -0.9288941621780396 0.1580212563276291 0.36614421010017395 -0.9293978214263916 0.046455323696136475 -0.6955075263977051 -0.871442437171936 -0.32494693994522095 0.36742013692855835 -2.5078330039978027
-0.32643088698387146 -0.17500831186771393 -0.9288783669471741 0.157983660697937 0.36609506607055664 -0.9294171929359436 0.04645495116710663 -0.6954939365386963 -0.8714455366134644 -0.32489344477653503 0.367460161447525 -2.507840633392334
-0.32640886306762695 -0.1750226467847824 -0.9288833737373352 0.15798048675060272 0.3661794066429138 -0.9293846487998962 0.046441949903964996 -0.6955288648605347 -0.8714183568954468 -0.32497891783714294 0.3674490451812744 -2.5077972412109375
-0.32643648982048035 -0.17499521374702454 -0.9288788437843323 0.15801094472408295 0.36608922481536865 -0.9294201731681824 0.04644221439957619 -0.6955366134643555 -0.871445894241333 -0.3248921036720276 0.3674604892730713 -2.5078165531158447
-0.32641735672950745 -0.17495188117027283 -0.9288937449455261 0.1579972803592682 0.36609727144241333 -0.9294189810752869 0.04640260338783264 -0.6955065727233887 -0.8714496493339539 -0.32491883635520935 0.36742788553237915 -2.5078718662261963
-0.3264470100402832 -0.17493468523025513 -0.9288865327835083 0.15797074139118195 0.3660460114479065 -0.9294394850730896 0.04639595374464989 -0.695476233959198 -0.8714600801467896 -0.32486939430236816 0.3674468696117401 -2.507854700088501
-0.32641080021858215 -0.17489923536777496 -0.9289059638977051 0.1579497903585434 0.36606156826019287 -0.9294347763061523 0.04636743292212486 -0.6954880356788635 -0.871467113494873 -0.3249019384384155 0.3674014210700989 -2.507843494415283
-0.3265586495399475 -0.17498067021369934 -0.9288386702537537 0.15796779096126556 0.36603808403015137 -0.9294422268867493 0.046403668820858 -0.6954832077026367 -0.8714215755462646 -0.324836790561676 0.3675669729709625 -2.507866144180298
-0.32660266757011414 -0.17492623627185822 -0.9288334250450134 0.1579810380935669 0.3659781515598297 -0.9294680953025818 0.04635806381702423 -0.6954575181007385 -0.8714302778244019 -0.3247920870780945 0.3675858974456787 -2.507874011993408
-0.32657188177108765 -0.17490935325622559 -0.9288474321365356 0.15798383951187134 0.3659871518611908 -0.9294649958610535 0.046348847448825836 -0.6954631209373474 -0.8714380264282227 -0.3248099982738495 0.3675517141819 -2.507878303527832
-0.3265518844127655 -0.1749574840068817 -0.9288454055786133 0.15799300372600555 0.3659990429878235 -0.9294578433036804 0.046399448066949844 -0.6954677104949951 -0.8714405298233032 -0.3248046934604645 0.36755046248435974 -2.5078861713409424
-0.32655635476112366 -0.1749124526977539 -0.9288523197174072 0.15799014270305634 0.36599937081336975 -0.9294600486755371 0.04635260999202728 -0.6954851746559143 -0.87143874168396 -0.3248226046562195 0.3675388991832733 -2.507868528366089
-0.32656070590019226 -0.17496635019779205 -0.9288406372070312 0.15800216794013977 0.3659808337688446 -0.9294643402099609 0.046412721276283264 -0.6954801678657532 -0.8714448809623718 -0.32478129863739014 0.36756080389022827 -2.5078938007354736
-0.3265503942966461 -0.17492684721946716 -0.9288516640663147 0.15801052749156952 0.3660106956958771 -0.9294549822807312 0.0463644415140152 -0.6954755187034607 -0.8714361786842346 -0.3248293101787567 0.3675389587879181 -2.507925271987915
-0.32651829719543457 -0.1749400943517685 -0.9288604855537415 0.15801458060741425 0.3660401701927185 -0.9294427037239075 0.04637724533677101 -0.6954654455184937 -0.871435821056366 -0.324857234954834 0.36751511693000793 -2.5079293251037598
-0.3265359699726105 -0.17494860291481018 -0.9288526773452759 0.1580137312412262 0.36602964997291565 -0.9294465780258179 0.04638358950614929 -0.6954658627510071 -0.8714336156845093 -0.32484170794487 0.3675341010093689 -2.507944345474243
-0.3265370726585388 -0.17486980557441711 -0.9288671016693115 0.15797361731529236 0.36605820059776306 -0.9294398427009583 0.04629230499267578 -0.6954988837242126 -0.871421217918396 -0.324903279542923 0.36750906705856323 -2.5078201293945312
-0.32654595375061035 -0.17487025260925293 -0.9288638830184937 0.15796655416488647 0.3660372197628021 -0.9294478297233582 0.04629826918244362 -0.6955081224441528 -0.8714267015457153 -0.3248802423477173 0.367516428232193 -2.507824659347534
-0.32643988728523254 -0.1748301386833191 -0.9289087653160095 0.15797589719295502 0.3660579025745392 -0.9294401407241821 0.04628898948431015 -0.6954726576805115 -0.8714577555656433 -0.3249238133430481 0.3674042522907257 -2.5078046321868896
-0.3264669179916382 -0.17479625344276428 -0.9289056062698364 0.15800414979457855 0.3659626841545105 -0.9294778108596802 0.04628513753414154 -0.6954686641693115 -0.8714876174926758 -0.3248342275619507 0.36741265654563904 -2.507829189300537
-0.3264691233634949 -0.17478063702583313 -0.9289077520370483 0.15800808370113373 0.36593738198280334 -0.9294880628585815 0.04627935588359833 -0.6954618692398071 -0.871497392654419 -0.3248133063316345 0.3674079179763794 -2.507845640182495
-0.32647234201431274 -0.1747521609067917 -0.9289119839668274 0.15800459682941437 0.3659566640853882 -0.9294824004173279 0.046241551637649536 -0.6954634785652161 -0.8714881539344788 -0.32484492659568787 0.36740198731422424 -2.507855176925659
-0.32642102241516113 -0.1747954934835434 -0.9289218783378601 0.15799139440059662 0.36593320965766907 -0.9294880032539368 0.046313926577568054 -0.6955094337463379 -0.8715171813964844 -0.32480552792549133 0.36736786365509033 -2.5078439712524414
-0.3264225125312805 -0.17478041350841522 -0.9289242029190063 0.1579906940460205 0.3659231662750244 -0.9294925332069397 0.04630251228809357 -0.6955156326293945 -0.8715208768844604 -0.3248006999492645 0.36736348271369934 -2.507855176925659
-0.32645246386528015 -0.17476196587085724 -0.9289171695709229 0.15801332890987396 0.3659133315086365 -0.9294976592063904 0.046277035027742386 -0.6954717040061951 -0.8715137839317322 -0.3247959017753601 0.36738452315330505 -2.5079052448272705
-0.32645612955093384 -0.1747596710920334 -0.9289162755012512 0.15801718831062317 0.3658977746963501 -0.9295036196708679 0.04627993330359459 -0.6954764127731323 -0.8715189099311829 -0.32478004693984985 0.3673863112926483 -2.507920742034912
-0.32647281885147095 -0.17465251684188843 -0.9289305806159973 0.15795601904392242 0.36583685874938965 -0.929531991481781 0.04619217291474342 -0.6954433917999268 -0.8715382814407349 -0.32475653290748596 0.3673612177371979 -2.5078985691070557
-0.326435923576355 -0.17470385134220123 -0.9289339184761047 0.1579868346452713 0.3658076524734497 -0.9295396208763123 0.046269599348306656 -0.6954874992370605 -0.8715643286705017 -0.3247070908546448 0.36734309792518616 -2.507897138595581
-0.32640862464904785 -0.1747339516878128 -0.9289378523826599 0.15799987316131592 0.36582544445991516 -0.9295309782028198 0.04630238935351372 -0.6955080628395081 -0.8715670704841614 -0.32471558451652527 0.36732903122901917 -2.5078954696655273
-0.3264060616493225 -0.1746893972158432 -0.9289470911026001 0.15797314047813416 0.36578285694122314 -0.9295490384101868 0.04627671837806702 -0.6955090165138245 -0.8715859055519104 -0.3246879279613495 0.3673087954521179 -2.5078814029693604
-0.3263849914073944 -0.1748112589120865 -0.9289315938949585 0.1580272912979126 0.36561423540115356 -0.9296053647994995 0.04647757112979889 -0.6955215930938721 -0.8716645836830139 -0.3244610130786896 0.3673226833343506 -2.507894992828369
-0.3263782560825348 -0.1748155653476715 -0.9289331436157227 0.15802906453609467 0.36561939120292664 -0.929603099822998 0.04648222401738167 -0.6955267786979675 -0.8716649413108826 -0.32446518540382385 0.36731818318367004 -2.507899045944214
-0.32632768154144287 -0.1748417615890503 -0.9289459586143494 0.15803025662899017 0.36564692854881287 -0.9295905828475952 0.04651566222310066 -0.6955273151397705 -0.8716722726821899 -0.3244868814945221 0.3672814667224884 -2.5079188346862793
-0.3264141380786896 -0.17487329244613647 -0.9289096593856812 0.1579764485359192 0.36566251516342163 -0.929584801197052 0.04650845378637314 -0.6954905390739441 -0.8716334104537964 -0.3244864046573639 0.3673742115497589 -2.50787091255188
-0.32638639211654663 -0.1748439222574234 -0.9289249181747437 0.15795378386974335 0.36573413014411926 -0.9295591115951538 0.04645920544862747 -0.6954869031906128 -0.8716137409210205 -0.32457590103149414 0.3673418164253235 -2.5078203678131104
-0.3263302147388458 -0.17486128211021423 -0.9289414286613464 0.15796305239200592 0.36576923727989197 -0.9295440912246704 0.04648272693157196 -0.6954828500747681 -0.8716200590133667 -0.3246094584465027 0.3672971725463867 -2.5078318119049072
-0.3264055550098419 -0.174904927611351 -0.9289067387580872 0.1579861044883728 0.3657372295856476 -0.9295552372932434 0.04651179909706116 -0.695468544960022 -0.8716052174568176 -0.32455405592918396 0.36738121509552 -2.507845401763916
-0.3263658583164215 -0.17491592466831207 -0.9289186000823975 0.15798436105251312 0.36574575304985046 -0.9295507669448853 0.046534016728401184 -0.6954560279846191 -0.871616542339325 -0.32456091046333313 0.3673483729362488 -2.5078608989715576
-0.32651060819625854 -0.17494162917137146 -0.9288628697395325 0.15798825025558472 0.36574122309684753 -0.9295538663864136 0.046507712453603745 -0.6954336762428284 -0.8715642094612122 -0.3245381712913513 0.36749252676963806 -2.5078773498535156
-0.326471745967865 -0.17494115233421326 -0.9288766384124756 0.1579924374818802 0.3657708466053009 -0.9295421838760376 0.04650922119617462 -0.6954199075698853 -0.8715663552284241 -0.32457202672958374 0.3674575984477997 -2.507896661758423
-0.3265104591846466 -0.1749752163887024 -0.928856611251831 0.1580297201871872 0.36571159958839417 -0.9295632243156433 0.04655386880040169 -0.6954100131988525 -0.871576726436615 -0.32449331879615784 0.3675025701522827 -2.507920980453491
-0.3264961242675781 -0.17496486008167267 -0.9288635849952698 0.1579715609550476 0.3657209277153015 -0.9295600056648254 0.046544913202524185 -0.6954161524772644 -0.8715781569480896 -0.3245081305503845 0.36748602986335754 -2.507873296737671
-0.3264908492565155 -0.17496554553508759 -0.9288653135299683 0.15799294412136078 0.3656430244445801 -0.9295888543128967 0.04658041149377823 -0.6954016089439392 -0.8716128468513489 -0.3244250416755676 0.3674771785736084 -2.507896900177002
-0.326417475938797 -0.17496228218078613 -0.9288917183876038 0.1579637974500656 0.3657153248786926 -0.9295607805252075 0.04657398909330368 -0.6954579949378967 -0.8716099858283997 -0.32450738549232483 0.3674112558364868 -2.507802724838257
-0.3264186978340149 -0.17499849200248718 -0.9288845062255859 0.1579878032207489 0.36565062403678894 -0.9295830130577087 0.04663704335689545 -0.6954972147941589 -0.871636688709259 -0.32442399859428406 0.36742156744003296 -2.507847547531128
-0.32634955644607544 -0.17497053742408752 -0.9289140701293945 0.15800680220127106 0.36567428708076477 -0.9295743703842163 0.04662484675645828 -0.6954684257507324 -0.8716526031494141 -0.32446399331092834 0.3673483729362488 -2.507920265197754
-0.32626187801361084 -0.17504499852657318 -0.9289308190345764 0.15801386535167694 0.3657533526420593 -0.9295395612716675 0.046698711812496185 -0.6954891681671143 -0.8716523051261902 -0.32452353835105896 0.36729657649993896 -2.5078744888305664
-0.326299786567688 -0.17506074905395508 -0.9289145469665527 0.15801894664764404 0.36576154828071594 -0.9295364022254944 0.04669687896966934 -0.6955042481422424 -0.8716346621513367 -0.32452404499053955 0.36733800172805786 -2.5078752040863037
-0.3263013958930969 -0.17503821849822998 -0.9289182424545288 0.15801414847373962 0.36581769585609436 -0.9295166730880737 0.04665008932352066 -0.6954880356788635 -0.8716104626655579 -0.3245927095413208 0.36733463406562805 -2.5079212188720703
-0.32628294825553894 -0.17505744099617004 -0.928921103477478 0.1580178290605545 0.3658220171928406 -0.9295137524604797 0.04667438194155693 -0.6954641938209534 -0.8716155886650085 -0.3245907425880432 0.3673243224620819 -2.507902145385742
-0.32627367973327637 -0.17503565549850464 -0.9289284348487854 0.15802304446697235 0.3658163249492645 -0.9295167922973633 0.046658433973789215 -0.6954637765884399 -0.8716214299201965 -0.32459378242492676 0.36730772256851196 -2.5079188346862793
-0.32620587944984436 -0.17500466108322144 -0.9289580583572388 0.1580149084329605 0.3657977283000946 -0.9295240044593811 0.04666050896048546 -0.6955235004425049 -0.8716546297073364 -0.3245898187160492 0.36723247170448303 -2.5079033374786377
-0.3262045681476593 -0.17498360574245453 -0.9289625287055969 0.15801605582237244 0.36583930253982544 -0.9295095205307007 0.046622421592473984 -0.6955059766769409 -0.8716376423835754 -0.324642539024353 0.36722612380981445 -2.5079538822174072
-0.32631605863571167 -0.1749608963727951 -0.9289276003837585 0.15799367427825928 0.36582353711128235 -0.9295186400413513 0.04656479135155678 -0.6954668760299683 -0.8716025352478027 -0.3246287405490875 0.367321640253067 -2.5079448223114014
-0.3262820243835449 -0.17492742836475372 -0.9289458990097046 0.1580011248588562 0.36583447456359863 -0.9295156002044678 0.04653937369585037 -0.6954599022865295 -0.871610701084137 -0.3246554732322693 0.36727869510650635 -2.5079782009124756
-0.3262815773487091 -0.17490892112255096 -0.9289495348930359 0.15800713002681732 0.3658176064491272 -0.9295228123664856 0.04652813449501991 -0.6954476833343506 -0.8716179728507996 -0.3246448040008545 0.36727088689804077 -2.508004903793335
-0.32622575759887695 -0.17494885623455048 -0.9289616346359253 0.15800437331199646 0.36589759588241577 -0.9294899702072144 0.04655519872903824 -0.6954947710037231 -0.8716052770614624 -0.32471731305122375 0.3672369122505188 -2.507952928543091
-0.3262805938720703 -0.17499801516532898 -0.9289330840110779 0.1580246537923813 0.3658817410469055 -0.9294944405555725 0.046590618789196014 -0.6954634785652161 -0.8715913891792297 -0.32467806339263916 0.36730456352233887 -2.5079345703125
-0.3262513279914856 -0.17495831847190857 -0.928950846195221 0.15801528096199036 0.3658878207206726 -0.9294936060905457 0.04655924439430237 -0.6954779624938965 -0.8715997934341431 -0.32470178604125977 0.3672636151313782 -2.5079214572906494
-0.3261287212371826 -0.17499379813671112 -0.9289872050285339 0.1580255776643753 0.36591070890426636 -0.929481029510498 0.046630799770355225 -0.6954566240310669 -0.8716360926628113 -0.324718713760376 0.3671625554561615 -2.5078999996185303
-0.3260871171951294 -0.17497052252292633 -0.9290062189102173 0.15803638100624084 0.36595022678375244 -0.9294666647911072 0.046606387943029404 -0.695453941822052 -0.8716350197792053 -0.32477229833602905 0.36711758375167847 -2.5079104900360107
-0.3261933922767639 -0.17491835355758667 -0.9289787411689758 0.15796580910682678 0.3658798336982727 -0.929497480392456 0.04654421657323837 -0.6954233646392822 -0.8716248273849487 -0.3247121572494507 0.3671950399875641 -2.5078773498535156
-0.32619449496269226 -0.17488791048526764 -0.9289840459823608 0.15797968208789825 0.36588767170906067 -0.9294961094856262 0.04651005566120148 -0.6954134702682495 -0.8716211318969727 -0.3247324824333191 0.3671858310699463 -2.507888078689575
-0.32610639929771423 -0.17488619685173035 -0.9290153384208679 0.15798769891262054 0.3659493625164032 -0.9294716119766235 0.046515196561813354 -0.6954400539398193 -0.8716282248497009 -0.3248036503791809 0.3671061098575592 -2.5078604221343994
-0.32611536979675293 -0.1749449074268341 -0.9290010929107666 0.15801535546779633 0.3659851551055908 -0.9294554591178894 0.04655550420284271 -0.6954664587974548 -0.8716098070144653 -0.3248181641101837 0.3671369254589081 -2.5078861713409424
-0.32609060406684875 -0.17495529353618622 -0.9290078282356262 0.1580294966697693 0.3660399317741394 -0.929434061050415 0.04655206575989723 -0.6954495310783386 -0.871596097946167 -0.32487377524375916 0.36712029576301575 -2.507883310317993
-0.3260893225669861 -0.17493461072444916 -0.9290121793746948 0.15801016986370087 0.36606425046920776 -0.9294260144233704 0.046521615236997604 -0.6954846978187561 -0.8715863227844238 -0.32490795850753784 0.3671131730079651 -2.5077967643737793
-0.3260980546474457 -0.17491415143013 -0.9290129542350769 0.15799199044704437 0.3661348223686218 -0.9294009208679199 0.046468161046504974 -0.6954957246780396 -0.8715534210205078 -0.32499080896377563 0.3671179711818695 -2.5077714920043945
-0.326135516166687 -0.17486335337162018 -0.9290093779563904 0.15799914300441742 0.36606457829475403 -0.9294303059577942 0.046432942152023315 -0.6954721808433533 -0.8715689182281494 -0.3249340057373047 0.3671315014362335 -2.5077428817749023
-0.3261047303676605 -0.1748734414577484 -0.9290183186531067 0.1580095738172531 0.3661227226257324 -0.9294075965881348 0.04643002152442932 -0.6954812407493591 -0.8715559840202332 -0.32499366998672485 0.3671093285083771 -2.5077226161956787
-0.3261927366256714 -0.17487619817256927 -0.9289869070053101 0.15799930691719055 0.3660052418708801 -0.9294528961181641 0.0464494451880455 -0.6955196261405945 -0.8715724349021912 -0.32486259937286377 0.36718636751174927 -2.507805347442627
-0.3261341154575348 -0.17491741478443146 -0.9289997220039368 0.1579950600862503 0.36607083678245544 -0.9294252395629883 0.046484917402267456 -0.6954978704452515 -0.8715668320655823 -0.3249194025993347 0.3671494126319885 -2.507845401763916
-0.3261265158653259 -0.17490534484386444 -0.9290046691894531 0.15796984732151031 0.3660689890384674 -0.9294264316558838 0.046476468443870544 -0.6955065727233887 -0.8715704083442688 -0.3249225616455078 0.36713799834251404 -2.5078389644622803
-0.3261282444000244 -0.1748964488506317 -0.9290057420730591 0.1579815149307251 0.36609935760498047 -0.9294155836105347 0.04645412042737007 -0.6954848766326904 -0.8715569972991943 -0.3249583840370178 0.3671381175518036 -2.5078928470611572
-0.3261353075504303 -0.17489412426948547 -0.9290036559104919 0.15798883140087128 0.3661608099937439 -0.92939293384552 0.04642327502369881 -0.6954594850540161 -0.8715285658836365 -0.32502445578575134 0.36714717745780945 -2.5078604221343994
-0.3260686993598938 -0.17491847276687622 -0.929022490978241 0.15797366201877594 0.36621204018592834 -0.9293713569641113 0.0464509055018425 -0.6954681277275085 -0.8715319633483887 -0.3250730335712433 0.3670961260795593 -2.5078389644622803
-0.32614442706108093 -0.17490538954734802 -0.9289983510971069 0.15795579552650452 0.3661024570465088 -0.9294142723083496 0.04645571857690811 -0.695451557636261 -0.871549665927887 -0.32495731115341187 0.3671565651893616 -2.5078530311584473
-0.32613372802734375 -0.17488063871860504 -0.9290067553520203 0.15793593227863312 0.366134375333786 -0.9294034242630005 0.04642152041196823 -0.6954479217529297 -0.8715402483940125 -0.32500168681144714 0.3671395778656006 -2.5078608989715576
-0.32618382573127747 -0.17482402920722961 -0.9289998412132263 0.15791933238506317 0.3659999668598175 -0.9294573068618774 0.04640280455350876 -0.6954329013824463 -0.8715779781341553 -0.324878066778183 0.36715948581695557 -2.507880449295044
-0.3261755108833313 -0.17484234273433685 -0.9289993047714233 0.15794217586517334 0.3661040663719177 -0.9294173717498779 0.04638037830591202 -0.6954348683357239 -0.8715373873710632 -0.32498228549957275 0.36716365814208984 -2.507902145385742
-0.32625290751457214 -0.17489397525787354 -0.9289624094963074 0.15797998011112213 0.36599791049957275 -0.9294558167457581 0.04644788056612015 -0.6954362988471985 -0.8715530037879944 -0.3248445689678192 0.3672484755516052 -2.5079598426818848
-0.32623255252838135 -0.17489229142665863 -0.9289698600769043 0.15799425542354584 0.3660414516925812 -0.9294393062591553 0.04643544927239418 -0.6954296231269836 -0.8715423345565796 -0.32489272952079773 0.367231160402298 -2.507982015609741
-0.32623225450515747 -0.17495542764663696 -0.9289581179618835 0.15803267061710358 0.3660585880279541 -0.9294297695159912 0.046491511166095734 -0.6954287886619568 -0.8715352416038513 -0.3248860538005829 0.3672538697719574 -2.5080034732818604
-0.32618534564971924 -0.17492042481899261 -0.9289811849594116 0.1580369621515274 0.3661418855190277 -0.9293996095657349 0.04643888771533966 -0.6954679489135742 -0.8715177774429321 -0.32499122619628906 0.36720219254493713 -2.507957935333252
-0.32617366313934326 -0.17498013377189636 -0.9289740324020386 0.15804021060466766 0.36619988083839417 -0.9293747544288635 0.04647855833172798 -0.6954742074012756 -0.8714978098869324 -0.3250300884246826 0.36721524596214294 -2.5079152584075928
-0.32619521021842957 -0.1749725192785263 -0.9289678931236267 0.15805025398731232 0.36620691418647766 -0.9293729066848755 0.04645991697907448 -0.695476770401001 -0.8714867830276489 -0.32503944635391235 0.36723312735557556 -2.507924795150757
-0.32622864842414856 -0.17505358159542084 -0.9289408922195435 0.15806697309017181 0.3661991357803345 -0.9293723702430725 0.04653182998299599 -0.6954904794692993 -0.8714775443077087 -0.32499733567237854 0.3672923147678375 -2.508004665374756
-0.32631319761276245 -0.1749846637248993 -0.9289241433143616 0.15796944499015808 0.36629873514175415 -0.9293402433395386 0.04638935253024101 -0.6953954100608826 -0.8714039921760559 -0.3251262903213501 0.3673526346683502 -2.5078628063201904
-0.32617485523223877 -0.17505113780498505 -0.9289602041244507 0.15803249180316925 0.3663228452205658 -0.9293253421783447 0.04649730771780014 -0.6954129934310913 -0.8714456558227539 -0.3251331150531769 0.3672477900981903 -2.5078907012939453
-0.32614654302597046 -0.17503824830055237 -0.928972601890564 0.15802130103111267 0.36637160181999207 -0.9293072819709778 0.04647443816065788 -0.6954041123390198 -0.8714357614517212 -0.3251917064189911 0.36721938848495483 -2.5079004764556885
-0.3261979818344116 -0.17507821321487427 -0.9289469718933105 0.15801236033439636 0.3663615882396698 -0.9293099641799927 0.046499449759721756 -0.6954507827758789 -0.8714207410812378 -0.32516247034072876 0.3672809600830078 -2.507936716079712
-0.3261716365814209 -0.17505739629268646 -0.9289601445198059 0.1580001413822174 0.3663690686225891 -0.9293076992034912 0.046485308557748795 -0.6954697966575623 -0.8714274168014526 -0.3251800835132599 0.36724939942359924 -2.507952928543091
-0.3261798024177551 -0.1750173419713974 -0.9289648532867432 0.1579890251159668 0.36637455224990845 -0.9293078184127808 0.04643987491726875 -0.695486843585968 -0.8714220523834229 -0.3252013325691223 0.36724331974983215 -2.5079195499420166
-0.32618045806884766 -0.1750660091638565 -0.9289554357528687 0.15804876387119293 0.3663885295391083 -0.9293001890182495 0.046482428908348083 -0.6954777836799622 -0.8714159727096558 -0.3251969516277313 0.36726173758506775 -2.507918357849121
-0.32634037733078003 -0.17515762150287628 -0.9288820028305054 0.15809856355190277 0.36629676818847656 -0.9293328523635864 0.04655306413769722 -0.6954551339149475 -0.871394693851471 -0.3250543475151062 0.3674384653568268 -2.5080349445343018
-0.32628852128982544 -0.1751396358013153 -0.9289036393165588 0.15804177522659302 0.3663517236709595 -0.9293122887611389 0.04653126001358032 -0.6954572796821594 -0.8713909983634949 -0.3251228332519531 0.3673866093158722 -2.5080440044403076
-0.3263459801673889 -0.1751784235239029 -0.9288761019706726 0.15798373520374298 0.3663283884525299 -0.9293200969696045 0.046558454632759094 -0.6954604983329773 -0.8713792562484741 -0.3250795304775238 0.3674526810646057 -2.508024215698242
-0.3263603150844574 -0.1751718670129776 -0.9288723468780518 0.15798242390155792 0.3662979304790497 -0.9293320775032043 0.04655938223004341 -0.6954705715179443 -0.871386706829071 -0.32504886388778687 0.367462158203125 -2.508037805557251
-0.3263920545578003 -0.1751324087381363 -0.9288685917854309 0.15799453854560852 0.3663150668144226 -0.9293282628059387 0.04650084301829338 -0.6954493522644043 -0.8713676333427429 -0.3250810503959656 0.36747896671295166 -2.508028507232666
-0.32643792033195496 -0.17496046423912048 -0.9288849234580994 0.15802182257175446 0.3662375509738922 -0.9293665885925293 0.04634438455104828 -0.6953882575035095 -0.871383011341095 -0.3250639736652374 0.3674575686454773 -2.5080716609954834
-0.3264683485031128 -0.17495505511760712 -0.928875207901001 0.15804553031921387 0.3661692142486572 -0.92939293384552 0.046356428414583206 -0.6953745484352112 -0.8714003562927246 -0.3249915838241577 0.36748048663139343 -2.50810170173645
-0.32643622159957886 -0.17494210600852966 -0.9288889765739441 0.15805666148662567 0.3662255108356476 -0.9293719530105591 0.04633171856403351 -0.6953727006912231 -0.8713887333869934 -0.3250584900379181 0.3674488961696625 -2.5081169605255127
-0.32655930519104004 -0.1750655472278595 -0.9288224577903748 0.1580771952867508 0.366242378950119 -0.9293618202209473 0.04640217870473862 -0.6953427791595459 -0.871335506439209 -0.32502108812332153 0.36760812997817993 -2.5081355571746826
-0.3265472650527954 -0.174984410405159 -0.9288419485092163 0.15805378556251526 0.3662717938423157 -0.9293546676635742 0.046313077211380005 -0.6953614950180054 -0.8713276386260986 -0.32508522272109985 0.36757004261016846 -2.5080857276916504
-0.3265421986579895 -0.1750147044658661 -0.9288380146026611 0.1580488532781601 0.36629071831703186 -0.9293460249900818 0.04633728787302971 -0.6953742504119873 -0.8713216185569763 -0.32509368658065796 0.36757692694664 -2.5081045627593994
-0.3264838755130768 -0.1750030815601349 -0.9288607239723206 0.15803878009319305 0.36636117100715637 -0.9293192028999329 0.046317726373672485 -0.6954267621040344 -0.8713138103485107 -0.32517650723457336 0.36752206087112427 -2.5080316066741943
-0.32645177841186523 -0.1750238835811615 -0.9288680553436279 0.1580372303724289 0.36631298065185547 -0.9293355345726013 0.046370841562747955 -0.6954362988471985 -0.871346116065979 -0.3251186013221741 0.3674967288970947 -2.5080325603485107
-0.32641083002090454 -0.17504817247390747 -0.9288778901100159 0.15803737938404083 0.366293728351593 -0.9293407797813416 0.04641854390501976 -0.6954314708709717 -0.8713695406913757 -0.325090616941452 0.36746591329574585 -2.508051872253418
-0.32636120915412903 -0.17503760755062103 -0.9288973212242126 0.15802152454853058 0.36622801423072815 -0.9293648600578308 0.04645420238375664 -0.6954355835914612 -0.8714157342910767 -0.32502737641334534 0.3674122989177704 -2.508044958114624
-0.3263288140296936 -0.17501291632652283 -0.9289133548736572 0.15798026323318481 0.36630529165267944 -0.929336667060852 0.04640902578830719 -0.6954482197761536 -0.8713954091072083 -0.3251212537288666 0.36737748980522156 -2.5080130100250244
-0.3262736201286316 -0.17503254115581512 -0.9289290308952332 0.15799126029014587 0.3663634657859802 -0.9293129444122314 0.04642472416162491 -0.6954288482666016 -0.8713916540145874 -0.32517847418785095 0.36733582615852356 -2.508002996444702
-0.3262736201286316 -0.17502813041210175 -0.92892986536026 0.15798576176166534 0.3663565516471863 -0.9293157458305359 0.04642324522137642 -0.6954243779182434 -0.8713945150375366 -0.3251728415489197 0.36733388900756836 -2.508009433746338
-0.32619521021842957 -0.17493048310279846 -0.9289758205413818 0.1580057293176651 0.36632806062698364 -0.9293298125267029 0.04636682569980621 -0.6953848600387573 -0.8714358806610107 -0.32518526911735535 0.36722487211227417 -2.508014440536499
-0.3261978030204773 -0.17494842410087585 -0.928971529006958 0.15800093114376068 0.3663061261177063 -0.9293371438980103 0.046393051743507385 -0.6953755021095276 -0.8714441061019897 -0.3251546323299408 0.36723238229751587 -2.5080184936523438
-0.326221227645874 -0.1749531328678131 -0.9289624094963074 0.15800528228282928 0.3662950098514557 -0.9293414950370789 0.04639368876814842 -0.6953794956207275 -0.8714399933815002 -0.32513970136642456 0.3672553598880768 -2.508065938949585
-0.3262721598148346 -0.1749492585659027 -0.9289452433586121 0.15801255404949188 0.3662181496620178 -0.9293712973594666 0.04640320688486099 -0.6953805088996887 -0.8714532256126404 -0.3250565230846405 0.36729753017425537 -2.5081050395965576
-0.32624348998069763 -0.17498300969600677 -0.9289489388465881 0.15799224376678467 0.36627140641212463 -0.9293492436408997 0.0464252270758152 -0.6954290270805359 -0.8714416027069092 -0.32510149478912354 0.3672854006290436 -2.5080394744873047
-0.3263169825077057 -0.17503273487091064 -0.9289137721061707 0.1579851657152176 0.3662479519844055 -0.9293568730354309 0.046457428485155106 -0.6954150199890137 -0.8714239597320557 -0.3250529170036316 0.36737027764320374 -2.5080437660217285
-0.3263245224952698 -0.1749829202890396 -0.9289205074310303 0.15800094604492188 0.36626961827278137 -0.9293513894081116 0.046395644545555115 -0.6954237818717957 -0.8714120388031006 -0.3250953257083893 0.36736103892326355 -2.508059501647949
-0.3263372480869293 -0.17500382661819458 -0.9289121031761169 0.15799430012702942 0.36629629135131836 -0.929340660572052 0.046400558203458786 -0.6954195499420166 -0.871396005153656 -0.32511481642723083 0.3673816919326782 -2.50805401802063
-0.32635632157325745 -0.17498749494552612 -0.9289084672927856 0.15800321102142334 0.36631330847740173 -0.9293354749679565 0.04636993259191513 -0.6954196095466614 -0.8713817596435547 -0.3251384198665619 0.36739471554756165 -2.5080676078796387
-0.32638588547706604 -0.17490050196647644 -0.928914487361908 0.15796416997909546 0.36628079414367676 -0.9293524622917175 0.04628557339310646 -0.6954278349876404 -0.87138432264328 -0.32513657212257385 0.3673902153968811 -2.508100748062134
-0.3263307809829712 -0.17495203018188477 -0.9289241433143616 0.15799474716186523 0.3663216829299927 -0.9293336272239685 0.046340446919202805 -0.6953871250152588 -0.871387779712677 -0.32516273856163025 0.36735886335372925 -2.5080437660217285
-0.326297789812088 -0.17490854859352112 -0.928943932056427 0.15801334381103516 0.3663106858730316 -0.9293392896652222 0.046313922852277756 -0.695391058921814 -0.871404767036438 -0.32516995072364807 0.3673121929168701 -2.508040428161621
-0.3261854946613312 -0.17499053478240967 -0.9289678931236267 0.158065527677536 0.36633479595184326 -0.9293240904808044 0.04642768204212189 -0.6954243779182434 -0.8714366555213928 -0.32516923546791077 0.3672371208667755 -2.508028984069824
-0.3261343538761139 -0.1750066578388214 -0.9289827942848206 0.15804946422576904 0.3662986755371094 -0.9293358325958252 0.04647811874747276 -0.6954352855682373 -0.8714709877967834 -0.3251270651817322 0.3671930432319641 -2.5080316066741943
-0.3261401951313019 -0.17497369647026062 -0.9289869666099548 0.15802597999572754 0.3663026988506317 -0.9293360710144043 0.04644127935171127 -0.6954224705696106 -0.871467113494873 -0.32514408230781555 0.36718717217445374 -2.5080342292785645
-0.3261353075504303 -0.1749914586544037 -0.9289853572845459 0.15802603960037231 0.36630547046661377 -0.9293341040611267 0.046459704637527466 -0.6954220533370972 -0.8714677691459656 -0.3251402676105499 0.367188960313797 -2.5080361366271973
-0.3261202275753021 -0.17502790689468384 -0.928983747959137 0.15805567800998688 0.3663448393344879 -0.9293172955513 0.04648519679903984 -0.6954047083854675 -0.8714568614959717 -0.3251686692237854 0.3671897053718567 -2.508030891418457
-0.32609236240386963 -0.17503324151039124 -0.9289925694465637 0.15803919732570648 0.36640939116477966 -0.9292924404144287 0.04647374153137207 -0.6954496502876282 -0.8714401721954346 -0.32523685693740845 0.36716896295547485 -2.507958173751831
-0.3261626064777374 -0.17505064606666565 -0.9289646148681641 0.15801741182804108 0.36635154485702515 -0.9293144345283508 0.04648929461836815 -0.695476233959198 -0.871438205242157 -0.3251645565032959 0.3672376871109009 -2.5079691410064697
-0.3261226415634155 -0.1749863475561142 -0.9289907813072205 0.1580166220664978 0.36632654070854187 -0.9293262362480164 0.046450428664684296 -0.6954643130302429 -0.8714636564254761 -0.32516542077064514 0.36717644333839417 -2.507995367050171
-0.3261059820652008 -0.1750146597623825 -0.9289912581443787 0.15804263949394226 0.3662841320037842 -0.9293403029441833 0.04650283604860306 -0.6954911947250366 -0.8714877367019653 -0.32510992884635925 0.36716851592063904 -2.5080065727233887
-0.3260601758956909 -0.17500966787338257 -0.9290083050727844 0.15804064273834229 0.3663603663444519 -0.9293112754821777 0.04648282751441002 -0.6955023407936096 -0.8714728355407715 -0.3251956105232239 0.3671279847621918 -2.5080039501190186
-0.32608234882354736 -0.17501474916934967 -0.9289995431900024 0.15803222358226776 0.36630648374557495 -0.9293315410614014 0.04650234058499336 -0.6955150961875916 -0.8714871406555176 -0.3251349627971649 0.36714762449264526 -2.5079901218414307
-0.32605165243148804 -0.17501677572727203 -0.9290099143981934 0.1580313742160797 0.3663639724254608 -0.9293094277381897 0.046491608023643494 -0.6955132484436035 -0.8714745044708252 -0.32519710063934326 0.36712267994880676 -2.5079963207244873
-0.3261534869670868 -0.1750113070011139 -0.9289752244949341 0.15800665318965912 0.3663006126880646 -0.9293352365493774 0.04647480323910713 -0.6954732537269592 -0.8714630007743835 -0.3251262903213501 0.3672126531600952 -2.5079550743103027
-0.3261096775531769 -0.17501984536647797 -0.9289889931678772 0.1580289602279663 0.3663637638092041 -0.9293104410171509 0.046473097056150436 -0.6954802870750427 -0.8714528679847717 -0.32519257068634033 0.3671780228614807 -2.5079517364501953
-0.3262103199958801 -0.1749216914176941 -0.9289721250534058 0.1579970121383667 0.36627480387687683 -0.9293504357337952 0.04637483134865761 -0.6954180002212524 -0.8714525699615479 -0.3251311182975769 0.3672330975532532 -2.5078721046447754
-0.3261919617652893 -0.17492859065532684 -0.9289773106575012 0.15801848471164703 0.36632996797561646 -0.9293291568756104 0.04636533558368683 -0.6954331398010254 -0.8714362978935242 -0.32518821954727173 0.36722126603126526 -2.5078186988830566
-0.32630884647369385 -0.1749771386384964 -0.9289271235466003 0.1580534279346466 0.3662909269332886 -0.9293434619903564 0.04638674482703209 -0.6954538822174072 -0.8714089393615723 -0.3251211643218994 0.3673454821109772 -2.50787091255188
-0.3262783885002136 -0.17503251135349274 -0.9289273619651794 0.1580219715833664 0.3663252592086792 -0.9293273091316223 0.046439025551080704 -0.6954832673072815 -0.8714058995246887 -0.32513752579689026 0.3673382103443146 -2.5078957080841064
-0.3262426257133484 -0.17503902316093445 -0.9289386868476868 0.15802595019340515 0.3663802742958069 -0.9293057918548584 0.04643569886684418 -0.6954907178878784 -0.8713961839675903 -0.3251955211162567 0.36730995774269104 -2.507890224456787
-0.32638972997665405 -0.17501413822174072 -0.9288917183876038 0.15795938670635223 0.3663443922996521 -0.9293231964111328 0.04637102037668228 -0.6954717636108398 -0.871356189250946 -0.3251592516899109 0.367436945438385 -2.5078208446502686
-0.32633206248283386 -0.17497394979000092 -0.9289195537567139 0.15797491371631622 0.36640048027038574 -0.9293031692504883 0.04632868990302086 -0.6954648494720459 -0.8713541626930237 -0.32523801922798157 0.36737194657325745 -2.5078394412994385
-0.32643452286720276 -0.17502464354038239 -0.9288740158081055 0.15799197554588318 0.36633872985839844 -0.9293255805969238 0.04636719450354576 -0.6954638957977295 -0.8713417649269104 -0.3251466453075409 0.3674822449684143 -2.5078513622283936
-0.32638704776763916 -0.1750081479549408 -0.9288938045501709 0.1579960286617279 0.3664054870605469 -0.9293006062507629 0.046340253204107285 -0.6954519748687744 -0.8713314533233643 -0.32522693276405334 0.36743560433387756 -2.5078718662261963
-0.32634299993515015 -0.1750621795654297 -0.9288991093635559 0.15798602998256683 0.3663877248764038 -0.9293037056922913 0.04641824588179588 -0.6954831480979919 -0.8713554739952087 -0.3251889646053314 0.36741235852241516 -2.5079073905944824
-0.3263225853443146 -0.17507556080818176 -0.9289037585258484 0.15798316895961761 0.3664178252220154 -0.9292914271354675 0.046426575630903244 -0.6954475045204163 -0.8713504076004028 -0.3252168297767639 0.36739957332611084 -2.50795841217041
-0.3263380229473114 -0.1750359982252121 -0.9289057850837708 0.1579751968383789 0.36637285351753235 -0.9293105006217957 0.04640018194913864 -0.6954148411750793 -0.8713635802268982 -0.3251836895942688 0.3673977553844452 -2.5079164505004883
-0.32630428671836853 -0.17502380907535553 -0.9289199113845825 0.15798763930797577 0.3664061725139618 -0.9292980432510376 0.046386536210775375 -0.6954256296157837 -0.8713622093200684 -0.3252258598804474 0.36736369132995605 -2.507906913757324
-0.32630351185798645 -0.17505814135074615 -0.9289137125015259 0.1580090969800949 0.36637404561042786 -0.929308295249939 0.04643471539020538 -0.6954300999641418 -0.8713759779930115 -0.3251780569553375 0.3673732876777649 -2.507918119430542
-0.32626089453697205 -0.175100639462471 -0.9289206862449646 0.15800327062606812 0.36639997363090515 -0.9292957186698914 0.04648222401738167 -0.6954269409179688 -0.8713810443878174 -0.3251911699771881 0.36734968423843384 -2.5079030990600586
-0.32621756196022034 -0.17504744231700897 -0.9289458990097046 0.15801846981048584 0.3662419319152832 -0.9293565154075623 0.04651179164648056 -0.6954503655433655 -0.8714637160301208 -0.32504597306251526 0.36728212237358093 -2.5079617500305176
-0.3262048363685608 -0.1750609278678894 -0.9289478659629822 0.15801580250263214 0.36629122495651245 -0.929337203502655 0.04650924727320671 -0.6954554319381714 -0.871447741985321 -0.3250938951969147 0.3672775626182556 -2.5079493522644043
-0.32622379064559937 -0.1750486046075821 -0.9289435148239136 0.1580001562833786 0.3662274181842804 -0.9293619990348816 0.04651673883199692 -0.695473313331604 -0.8714674711227417 -0.3250297009944916 0.3672875761985779 -2.50797438621521
-0.32622846961021423 -0.17505855858325958 -0.9289399981498718 0.15800170600414276 0.36626580357551575 -0.9293472766876221 0.04650877043604851 -0.6954606175422668 -0.8714495897293091 -0.325066477060318 0.367297500371933 -2.5080039501190186
-0.32628199458122253 -0.17510594427585602 -0.9289122819900513 0.15805840492248535 0.3662971556186676 -0.9293341636657715 0.04652298241853714 -0.6954127550125122 -0.8714163303375244 -0.3250783085823059 0.3673658072948456 -2.5079493522644043
