# 3x4 first row second row third row Freq: 100 current Time: 2021-07-28-20:05:31
-0.3413129448890686 0.42197567224502563 -0.8399059772491455 0.012583947740495205 -0.02685597725212574 -0.8975779414176941 -0.4400370717048645 -0.5618849396705627 -0.9395660161972046 -0.12763383984565735 0.3176875114440918 -2.025139808654785
-0.34134116768836975 0.42194971442222595 -0.8399075269699097 0.01256734598428011 -0.026834577322006226 -0.8975866436958313 -0.44002068042755127 -0.5618544816970825 -0.939556360244751 -0.12765860557556152 0.31770607829093933 -2.025099277496338
-0.34137439727783203 0.4220062494277954 -0.8398656249046326 0.012562654912471771 -0.026844879612326622 -0.8975560665130615 -0.4400824010372162 -0.5618793368339539 -0.9395439624786377 -0.1276867687702179 0.3177313208580017 -2.0250959396362305
-0.3413639962673187 0.4219912588596344 -0.8398774266242981 0.0125479307025671 -0.026839932426810265 -0.8975639939308167 -0.44006654620170593 -0.561849057674408 -0.9395478963851929 -0.12768061459064484 0.3177222013473511 -2.025059938430786
-0.34135255217552185 0.4218714237213135 -0.839942216873169 0.01256602257490158 -0.026839448139071465 -0.8976274728775024 -0.4399369955062866 -0.5618531107902527 -0.9395520687103271 -0.12763002514839172 0.317730188369751 -2.025146484375
-0.3413451313972473 0.42190423607826233 -0.8399288058280945 0.012582694180309772 -0.026855897158384323 -0.8976131081581116 -0.4399654269218445 -0.561879575252533 -0.9395543336868286 -0.12762300670146942 0.3177264332771301 -2.0251548290252686
-0.3413393497467041 0.42190393805503845 -0.8399312496185303 0.012605948373675346 -0.026831453666090965 -0.8976103067398071 -0.43997254967689514 -0.5618823170661926 -0.9395571351051331 -0.12764334678649902 0.3177099823951721 -2.0251717567443848
-0.3413259983062744 0.4218485355377197 -0.8399645090103149 0.01255801785737276 -0.026904229074716568 -0.8976501822471619 -0.43988677859306335 -0.5618980526924133 -0.9395598769187927 -0.12754619121551514 0.3177408277988434 -2.0251331329345703
-0.34132686257362366 0.42184972763061523 -0.8399635553359985 0.012577316723763943 -0.026918359100818634 -0.8976514339447021 -0.43988338112831116 -0.5619060397148132 -0.9395591616630554 -0.12753356993198395 0.3177480101585388 -2.025149345397949
-0.3414062559604645 0.4218997657299042 -0.8399061560630798 0.012574654072523117 -0.02692665345966816 -0.897620677947998 -0.4399455785751343 -0.5619279742240906 -0.939530074596405 -0.127584308385849 0.3178136348724365 -2.0251359939575195
-0.3413633704185486 0.42186421155929565 -0.8399414420127869 0.012577892281115055 -0.026940805837512016 -0.8976442813873291 -0.4398965835571289 -0.5619257688522339 -0.9395452737808228 -0.127535879611969 0.3177882134914398 -2.0251259803771973
-0.3414052426815033 0.4218953549861908 -0.83990877866745 0.012573416344821453 -0.026910876855254173 -0.8976209163665771 -0.43994608521461487 -0.5619399547576904 -0.9395309090614319 -0.12759721279144287 0.31780603528022766 -2.0250909328460693
-0.3413606286048889 0.42187994718551636 -0.8399347066879272 0.012549102306365967 -0.026936614885926247 -0.8976356387138367 -0.43991443514823914 -0.5619317293167114 -0.9395463466644287 -0.12754444777965546 0.3177814483642578 -2.0250353813171387
-0.3414352238178253 0.4218957722187042 -0.8398963809013367 0.012530847452580929 -0.026921790093183517 -0.8976200222969055 -0.4399471879005432 -0.5619471669197083 -0.9395197033882141 -0.12760193645954132 0.3178372383117676 -2.0250582695007324
-0.3413704037666321 0.4219203591346741 -0.8399103879928589 0.012531953863799572 -0.026937440037727356 -0.8976138830184937 -0.43995875120162964 -0.5619463920593262 -0.9395427703857422 -0.12756384909152985 0.31778424978256226 -2.025067090988159
-0.3414003849029541 0.42191722989082336 -0.8398997783660889 0.012540826573967934 -0.026945050805807114 -0.8976144194602966 -0.4399571716785431 -0.5619602799415588 -0.939531683921814 -0.12757040560245514 0.3178144693374634 -2.0250725746154785
-0.3413439393043518 0.4219643175601959 -0.8398990631103516 0.01257108710706234 -0.026944855228066444 -0.8975937366485596 -0.43999940156936646 -0.5619199872016907 -0.9395521879196167 -0.12756016850471497 0.3177579343318939 -2.02502179145813
-0.3413340151309967 0.42198607325553894 -0.8398922085762024 0.012588625773787498 -0.02693883888423443 -0.8975822329521179 -0.4400232434272766 -0.5619270205497742 -0.9395560026168823 -0.12756916880607605 0.31774312257766724 -2.0250189304351807
-0.3413982391357422 0.4219034016132355 -0.8399075865745544 0.012566596269607544 -0.02694595977663994 -0.8976219892501831 -0.43994179368019104 -0.5618592500686646 -0.939532458782196 -0.1275632232427597 0.3178151249885559 -2.0249924659729004
-0.34132319688796997 0.42188164591789246 -0.8399490118026733 0.012579157948493958 -0.027004661038517952 -0.8976466655731201 -0.43988779187202454 -0.5618608593940735 -0.9395580291748047 -0.12746135890483856 0.31778037548065186 -2.0249810218811035
-0.34133070707321167 0.42185837030410767 -0.8399576544761658 0.012585347518324852 -0.026999900117516518 -0.8976576924324036 -0.4398656189441681 -0.5618944764137268 -0.9395554065704346 -0.12746086716651917 0.3177882134914398 -2.0250086784362793
-0.34135356545448303 0.42184340953826904 -0.8399559259414673 0.012576772831380367 -0.02697373554110527 -0.8976603150367737 -0.4398617744445801 -0.5618867874145508 -0.9395478963851929 -0.12749163806438446 0.3177982270717621 -2.024989604949951
-0.341383159160614 0.42178189754486084 -0.8399747610092163 0.012559709139168262 -0.02697325497865677 -0.8976903557777405 -0.439800500869751 -0.5619055032730103 -0.9395371079444885 -0.12748362123966217 0.31783318519592285 -2.0250558853149414
-0.3413792848587036 0.4217584431171417 -0.839988112449646 0.012509378604590893 -0.02695637196302414 -0.8977006673812866 -0.439780592918396 -0.5618579387664795 -0.9395390152931213 -0.12748894095420837 0.31782546639442444 -2.024977684020996
-0.34138405323028564 0.4216192066669464 -0.8400560617446899 0.012527027167379856 -0.02693178877234459 -0.8977698683738708 -0.4396408200263977 -0.5618862509727478 -0.9395380020141602 -0.12746214866638184 0.31783923506736755 -2.0250728130340576
-0.3414120674133301 0.4215363562107086 -0.8400862812995911 0.012517310678958893 -0.02704278752207756 -0.8978262543678284 -0.4395187497138977 -0.5618805885314941 -0.9395246505737305 -0.1273387223482132 0.3179281949996948 -2.025172233581543
-0.3414439558982849 0.42151400446891785 -0.8400844931602478 0.012534644454717636 -0.02702454850077629 -0.8978332281112671 -0.4395056664943695 -0.5618860721588135 -0.9395135641098022 -0.1273636519908905 0.31795093417167664 -2.02520489692688
-0.3414102792739868 0.42161014676094055 -0.8400499224662781 0.012519201263785362 -0.02696898765861988 -0.8977777361869812 -0.43962234258651733 -0.561869740486145 -0.9395273923873901 -0.1274362951517105 0.31788092851638794 -2.025158405303955
-0.3414057493209839 0.42162272334098816 -0.8400455117225647 0.012534774839878082 -0.02697185054421425 -0.8977718949317932 -0.43963414430618286 -0.5618715286254883 -0.9395289421081543 -0.12743602693080902 0.317876398563385 -2.0251851081848145
-0.34137746691703796 0.4216248095035553 -0.8400559425354004 0.012543064542114735 -0.02695915661752224 -0.8977711200714111 -0.43963655829429626 -0.5618729591369629 -0.9395396113395691 -0.12743480503559113 0.3178454339504242 -2.0251622200012207
-0.3413173258304596 0.4215487837791443 -0.8401185274124146 0.012605332769453526 -0.027010975405573845 -0.8978221416473389 -0.43952909111976624 -0.5619213581085205 -0.9395599365234375 -0.12732645869255066 0.3178286552429199 -2.0252139568328857
-0.34139057993888855 0.4216333031654358 -0.8400463461875916 0.012584229931235313 -0.02698202058672905 -0.8977687954902649 -0.4396398067474365 -0.5619134306907654 -0.9395341873168945 -0.1274227499961853 0.31786632537841797 -2.0251190662384033
-0.34128817915916443 0.4216313660144806 -0.8400889039039612 0.01260717399418354 -0.027050098404288292 -0.8977863192558289 -0.439599871635437 -0.5619248151779175 -0.9395694136619568 -0.1273057460784912 0.31780898571014404 -2.0251333713531494
-0.34133589267730713 0.42166242003440857 -0.8400539755821228 0.01261671632528305 -0.026982583105564117 -0.8977575302124023 -0.4396628141403198 -0.5618911385536194 -0.9395540356636047 -0.12740586698055267 0.3178143799304962 -2.0250556468963623
-0.3412860333919525 0.4216424226760864 -0.8400842547416687 0.012610740028321743 -0.026989983394742012 -0.8977725505828857 -0.43963173031806946 -0.5618760585784912 -0.9395719170570374 -0.127366304397583 0.3177773058414459 -2.0250329971313477
-0.3413134217262268 0.42164769768714905 -0.8400704860687256 0.012588239274919033 -0.02690439671278 -0.8977562189102173 -0.43967026472091675 -0.5618890523910522 -0.9395644664764404 -0.12746375799179077 0.3177603781223297 -2.0250625610351562
-0.3412629961967468 0.4215872585773468 -0.8401212692260742 0.012535972520709038 -0.02691820077598095 -0.8977932929992676 -0.43959373235702515 -0.561884343624115 -0.939582347869873 -0.12740251421928406 0.31773197650909424 -2.025076389312744
-0.34127408266067505 0.4215666353702545 -0.840127170085907 0.012514309026300907 -0.026909295469522476 -0.8978021144866943 -0.43957626819610596 -0.5618777871131897 -0.9395785927772522 -0.12740874290466309 0.31774061918258667 -2.02504825592041
-0.34130749106407166 0.4216228127479553 -0.8400853872299194 0.012517339549958706 -0.026897059753537178 -0.8977686762809753 -0.43964529037475586 -0.5619078278541565 -0.9395667910575867 -0.12745840847492218 0.3177555501461029 -2.02506422996521
-0.34128403663635254 0.42164209485054016 -0.8400852084159851 0.012511416338384151 -0.026918143033981323 -0.8977631330490112 -0.4396553933620453 -0.5619120001792908 -0.9395747184753418 -0.12743382155895233 0.3177420198917389 -2.0250720977783203
-0.34129127860069275 0.4216958284378052 -0.8400552868843079 0.012523878365755081 -0.02684483490884304 -0.8977245092391968 -0.4397386312484741 -0.5619081854820251 -0.9395741820335388 -0.12752781808376312 0.3177058696746826 -2.0250697135925293
-0.3412734866142273 0.421665221452713 -0.8400779366493225 0.01250728964805603 -0.02685397118330002 -0.8977430462837219 -0.43970024585723877 -0.5619000792503357 -0.9395803809165955 -0.127498596906662 0.31769925355911255 -2.0250484943389893
-0.34134653210639954 0.4217689037322998 -0.8399961590766907 0.012544374912977219 -0.02687394991517067 -0.8976863026618958 -0.4398149251937866 -0.5618814826011658 -0.9395532608032227 -0.12755528092384338 0.31775668263435364 -2.0250978469848633
-0.3413632810115814 0.4217909574508667 -0.8399782776832581 0.012539874762296677 -0.02687886916100979 -0.8976742625236511 -0.4398392140865326 -0.5618757605552673 -0.939547061920166 -0.12756727635860443 0.31777024269104004 -2.0251007080078125
-0.3414234519004822 0.4218360483646393 -0.8399311900138855 0.01252909004688263 -0.02686738222837448 -0.8976447582244873 -0.4399000406265259 -0.5618977546691895 -0.9395255446434021 -0.12762543559074402 0.3178105652332306 -2.02510142326355
-0.3413723111152649 0.4218069314956665 -0.8399665951728821 0.012492352165281773 -0.02684706822037697 -0.8976609110832214 -0.43986836075782776 -0.5618860125541687 -0.939544677734375 -0.12760822474956512 0.3177608251571655 -2.0250725746154785
-0.34135890007019043 0.4218074381351471 -0.8399717807769775 0.012498600408434868 -0.026865482330322266 -0.8976640701293945 -0.4398607313632965 -0.5618916153907776 -0.9395490288734436 -0.12758412957191467 0.31775766611099243 -2.025080442428589
-0.34134185314178467 0.4218136966228485 -0.8399755954742432 0.012499169446527958 -0.026861682534217834 -0.8976615071296692 -0.43986621499061584 -0.5618937015533447 -0.9395553469657898 -0.12758158147335052 0.3177400529384613 -2.025073289871216
-0.34136855602264404 0.42168453335762024 -0.8400295972824097 0.012508592568337917 -0.026806367561221123 -0.8977197408676147 -0.4397507607936859 -0.5618728399276733 -0.9395472407341003 -0.12759892642498016 0.3177570700645447 -2.0250284671783447
-0.34133464097976685 0.421682208776474 -0.8400445580482483 0.01253895740956068 -0.026811957359313965 -0.8977240920066833 -0.43974149227142334 -0.5618840456008911 -0.9395594000816345 -0.12757575511932373 0.3177304267883301 -2.0250394344329834
-0.34132814407348633 0.4216809868812561 -0.8400477766990662 0.012559853494167328 -0.02681232988834381 -0.8977252840995789 -0.4397391378879547 -0.5618926882743835 -0.9395617246627808 -0.1275716871023178 0.31772512197494507 -2.0250377655029297
-0.34122058749198914 0.42164844274520874 -0.840107798576355 0.012643354944884777 -0.026835085824131966 -0.8977530598640442 -0.4396810233592987 -0.5619295835494995 -0.9396001100540161 -0.12748384475708008 0.3176467716693878 -2.025052309036255
-0.3411110043525696 0.42165032029151917 -0.8401513695716858 0.012603649869561195 -0.026827054098248482 -0.8977587223052979 -0.4396698772907257 -0.5618783235549927 -0.9396401643753052 -0.12743744254112244 0.3175469934940338 -2.0250296592712402
-0.34108084440231323 0.42169058322906494 -0.8401433825492859 0.012581034563481808 -0.026822181418538094 -0.8977391719818115 -0.43971017003059387 -0.5618997812271118 -0.9396512508392334 -0.12744224071502686 0.31751227378845215 -2.025054693222046
-0.34101465344429016 0.42163896560668945 -0.8401961922645569 0.012567222118377686 -0.026784667745232582 -0.8977657556533813 -0.43965810537338257 -0.561888575553894 -0.9396763443946838 -0.12742546200752258 0.31744471192359924 -2.0250837802886963
-0.34095707535743713 0.42157721519470215 -0.840250551700592 0.012572134844958782 -0.026764418929815292 -0.8977994322776794 -0.4395906329154968 -0.5619168281555176 -0.939697802066803 -0.1273927092552185 0.31739428639411926 -2.0250840187072754
-0.34094926714897156 0.42158079147338867 -0.8402519226074219 0.012587483040988445 -0.026766739785671234 -0.8977984189987183 -0.43959251046180725 -0.5619332790374756 -0.9397006034851074 -0.12738792598247528 0.31738802790641785 -2.0250911712646484
-0.34087899327278137 0.4216160774230957 -0.8402627110481262 0.012561463750898838 -0.02666974440217018 -0.8977717757225037 -0.43965280055999756 -0.5618484020233154 -0.9397287964820862 -0.12745881080627441 0.31727591156959534 -2.0251665115356445
-0.34088045358657837 0.42162296175956726 -0.8402586579322815 0.012571957893669605 -0.026684274896979332 -0.8977700471878052 -0.43965548276901245 -0.5618572235107422 -0.9397279024124146 -0.12744826078414917 0.31728294491767883 -2.0251786708831787
-0.34093672037124634 0.4215329885482788 -0.8402809500694275 0.01251501776278019 -0.02680198661983013 -0.8978291153907776 -0.4395277202129364 -0.5618757009506226 -0.9397041201591492 -0.12732993066310883 0.3174007833003998 -2.02520751953125
-0.3409455716609955 0.4215194284915924 -0.8402841687202454 0.012514344416558743 -0.026792198419570923 -0.8978342413902283 -0.4395178258419037 -0.5618901252746582 -0.9397011995315552 -0.12733858823776245 0.3174059987068176 -2.0252225399017334
-0.3409711718559265 0.421601802110672 -0.8402324914932251 0.012499222531914711 -0.026738619431853294 -0.897782027721405 -0.43962767720222473 -0.5619077682495117 -0.9396934509277344 -0.1274336874485016 0.3173907995223999 -2.0251948833465576
-0.3409753441810608 0.4216066896915436 -0.8402283191680908 0.01249791495501995 -0.026747656986117363 -0.8977804183959961 -0.4396304190158844 -0.5619257688522339 -0.9396916627883911 -0.12742899358272552 0.31739795207977295 -2.0252113342285156
-0.34101080894470215 0.4216243028640747 -0.8402050733566284 0.012514548376202583 -0.026797235012054443 -0.897775411605835 -0.4396376311779022 -0.5619194507598877 -0.939677357673645 -0.12740600109100342 0.3174494504928589 -2.0252013206481934
-0.34097641706466675 0.4215858280658722 -0.8402383923530579 0.012515208683907986 -0.02681928500533104 -0.8978009819984436 -0.4395841062068939 -0.5619741082191467 -0.9396892189979553 -0.12735320627689362 0.3174355626106262 -2.025217294692993
-0.3411006033420563 0.42147597670555115 -0.8402431011199951 0.012489773333072662 -0.026814088225364685 -0.8978489637374878 -0.43948644399642944 -0.5618933439254761 -0.9396443367004395 -0.12737873196601868 0.31755825877189636 -2.0251684188842773
-0.3410626947879791 0.42141181230545044 -0.8402906060218811 0.01248627994209528 -0.02682277373969555 -0.897886335849762 -0.4394094944000244 -0.5618987679481506 -0.9396578073501587 -0.12732724845409393 0.31753894686698914 -2.025151491165161
-0.34115540981292725 0.42149651050567627 -0.840210497379303 0.012525646947324276 -0.026885006576776505 -0.8978438973426819 -0.4394923746585846 -0.5618901252746582 -0.9396224021911621 -0.12734612822532654 0.3176362216472626 -2.0252201557159424
-0.3411847651004791 0.4215637743473053 -0.840164840221405 0.012587378732860088 -0.026942655444145203 -0.8978144526481628 -0.4395489990711212 -0.5618543028831482 -0.9396100640296936 -0.12733113765716553 0.31767863035202026 -2.025170087814331
-0.34113943576812744 0.421528697013855 -0.8402008414268494 0.012605772353708744 -0.02696026861667633 -0.8978384137153625 -0.43949902057647705 -0.5618541240692139 -0.9396260380744934 -0.1272783875465393 0.3176525831222534 -2.0251505374908447
-0.341116726398468 0.42144128680229187 -0.8402539491653442 0.012618754990398884 -0.026874851435422897 -0.8978741765022278 -0.43943119049072266 -0.5618544816970825 -0.9396367073059082 -0.12731561064720154 0.31760603189468384 -2.025198459625244
-0.3411296010017395 0.4215313792228699 -0.8402035236358643 0.012570817023515701 -0.026815127581357956 -0.8978180289268494 -0.4395495355129242 -0.5618032217025757 -0.9396337270736694 -0.12741316854953766 0.31757569313049316 -2.0251400470733643
-0.3411498963832855 0.4215306341648102 -0.8401956558227539 0.012589486315846443 -0.026802383363246918 -0.8978152871131897 -0.43955597281455994 -0.5617992281913757 -0.9396267533302307 -0.12743522226810455 0.31758758425712585 -2.0251424312591553
-0.34112033247947693 0.42145657539367676 -0.8402447700500488 0.012566079385578632 -0.026782555505633354 -0.897853434085846 -0.4394792318344116 -0.5618199706077576 -0.9396380186080933 -0.1274113953113556 0.3175637125968933 -2.0251691341400146
-0.34113609790802 0.421461284160614 -0.8402360081672668 0.012582316063344479 -0.026788761839270592 -0.8978506922721863 -0.43948444724082947 -0.5618274211883545 -0.9396321177482605 -0.12741512060165405 0.3175796568393707 -2.025172472000122
-0.3411780893802643 0.42150169610977173 -0.8401986956596375 0.012559092603623867 -0.026878727599978447 -0.8978387713432312 -0.4395033121109009 -0.5618931651115417 -0.9396143555641174 -0.12736541032791138 0.31765231490135193 -2.0252299308776855
-0.3411959409713745 0.4214830696582794 -0.8402007818222046 0.012571712024509907 -0.02688867598772049 -0.8978485465049744 -0.4394826591014862 -0.5619077682495117 -0.939607560634613 -0.12735781073570251 0.31767538189888 -2.0252397060394287
-0.34124141931533813 0.4213676154613495 -0.8402402400970459 0.012546693906188011 -0.026905976235866547 -0.897908091545105 -0.43935999274253845 -0.5618767142295837 -0.9395905137062073 -0.12732034921646118 0.31774070858955383 -2.0252459049224854
-0.3412066102027893 0.4213074743747711 -0.840284526348114 0.012563806027173996 -0.026928842067718506 -0.8979451060295105 -0.43928295373916626 -0.5618997812271118 -0.9396025538444519 -0.12725834548473358 0.3177300691604614 -2.025245428085327
-0.3412019908428192 0.4213345944881439 -0.8402727842330933 0.012555193156003952 -0.026964569464325905 -0.8979360461235046 -0.43929919600486755 -0.5618903636932373 -0.9396032094955444 -0.127232164144516 0.3177386522293091 -2.025200366973877
-0.34116634726524353 0.42124325037002563 -0.8403330445289612 0.012565243057906628 -0.02698095515370369 -0.8979885578155518 -0.43919089436531067 -0.5618937015533447 -0.9396156668663025 -0.12716415524482727 0.3177289664745331 -2.025167942047119
-0.3412410318851471 0.4213417172431946 -0.8402534127235413 0.012564548291265965 -0.026952426880598068 -0.8979279398918152 -0.4393165409564972 -0.5618888139724731 -0.9395893812179565 -0.12726595997810364 0.317766010761261 -2.025158166885376
-0.3412438929080963 0.42130666971206665 -0.8402698040008545 0.012535703368484974 -0.02693125046789646 -0.8979431986808777 -0.4392866790294647 -0.561859130859375 -0.9395889043807983 -0.12727437913417816 0.31776392459869385 -2.0251009464263916
-0.3414079546928406 0.4213692545890808 -0.840171754360199 0.012516196817159653 -0.026990981772542 -0.8979069590568542 -0.43935710191726685 -0.5618797540664673 -0.9395276308059692 -0.1273229420185089 0.31792572140693665 -2.0250654220581055
-0.3414612114429474 0.42146557569503784 -0.8401018381118774 0.012532396242022514 -0.026958435773849487 -0.89784836769104 -0.4394787549972534 -0.5618645548820496 -0.9395092129707336 -0.12741710245609283 0.31794241070747375 -2.0250980854034424
-0.3413594961166382 0.42141231894493103 -0.8401698470115662 0.012559902854263783 -0.027028756216168404 -0.897892951965332 -0.439383327960968 -0.5618869662284851 -0.939544141292572 -0.12727892398834229 0.31789451837539673 -2.0251028537750244
-0.3413069546222687 0.42153221368789673 -0.8401310443878174 0.012535514310002327 -0.027041802182793617 -0.8978357315063477 -0.43949946761131287 -0.5618718266487122 -0.9395628571510315 -0.12728555500507355 0.31783655285835266 -2.025237798690796
-0.34129956364631653 0.42155396938323975 -0.8401231169700623 0.012556117959320545 -0.027039071545004845 -0.8978245258331299 -0.43952256441116333 -0.5619065761566162 -0.9395655989646912 -0.1272927075624466 0.3178255259990692 -2.0252065658569336
-0.3412729799747467 0.42150136828422546 -0.8401603102684021 0.012567222118377686 -0.02706238441169262 -0.8978570699691772 -0.439454585313797 -0.5619131922721863 -0.9395745992660522 -0.1272372305393219 0.3178211450576782 -2.025204658508301
-0.3412952721118927 0.4214906096458435 -0.8401566743850708 0.012573783285915852 -0.026994232088327408 -0.8978518843650818 -0.4394693672657013 -0.5618810057640076 -0.9395684599876404 -0.1273094266653061 0.31781038641929626 -2.025170087814331
-0.3413156569004059 0.4214901030063629 -0.8401486277580261 0.01256142184138298 -0.026983287185430527 -0.8978492617607117 -0.43947547674179077 -0.5618880987167358 -0.9395613670349121 -0.12732988595962524 0.3178231418132782 -2.0251569747924805
-0.3412322998046875 0.4214865267276764 -0.8401843309402466 0.012545719742774963 -0.027033662423491478 -0.8978638648986816 -0.43944254517555237 -0.5618695616722107 -0.9395902156829834 -0.12723872065544128 0.3177744448184967 -2.0251214504241943
-0.34122714400291443 0.4214175045490265 -0.8402210474014282 0.012554178945720196 -0.027016092091798782 -0.8978978991508484 -0.43937399983406067 -0.5618416666984558 -0.9395925998687744 -0.1272268295288086 0.31777215003967285 -2.0251526832580566
-0.3412432074546814 0.4213239550590515 -0.8402613997459412 0.012554953806102276 -0.027009429410099983 -0.8979448080062866 -0.43927860260009766 -0.5618723034858704 -0.9395869374275208 -0.12720586359500885 0.3177972435951233 -2.0251033306121826
-0.3412306010723114 0.4213367700576782 -0.8402600884437561 0.012565486133098602 -0.026991408318281174 -0.8979365229606628 -0.43929657340049744 -0.5618758797645569 -0.9395920038223267 -0.12722161412239075 0.3177758753299713 -2.0251026153564453
-0.3412576913833618 0.42130550742149353 -0.8402647972106934 0.012548998929560184 -0.02705306187272072 -0.897959291934967 -0.4392462372779846 -0.5618561506271362 -0.9395804405212402 -0.12716440856456757 0.3178330957889557 -2.025087594985962
-0.3412127196788788 0.4212988018989563 -0.8402864336967468 0.012548893690109253 -0.02708100527524948 -0.8979697823524475 -0.4392230808734894 -0.5618544816970825 -0.9395959377288818 -0.12711268663406372 0.3178078532218933 -2.0250778198242188
-0.3412463068962097 0.4212903082370758 -0.8402770161628723 0.012547791935503483 -0.02708158828318119 -0.8979719281196594 -0.4392186999320984 -0.5618416666984558 -0.9395837187767029 -0.12712571024894714 0.31783878803253174 -2.025057554244995
-0.34119686484336853 0.4212792217731476 -0.8403026461601257 0.012550435028970242 -0.027139728888869286 -0.8979890942573547 -0.43918004631996155 -0.5618449449539185 -0.9395999908447266 -0.1270412653684616 0.31782442331314087 -2.0250473022460938
-0.3412048816680908 0.42118439078330994 -0.8403469324111938 0.012570557184517384 -0.02711578831076622 -0.8980348110198975 -0.4390879273414612 -0.5618427395820618 -0.9395977854728699 -0.12703226506710052 0.3178345859050751 -2.0250649452209473
-0.34116488695144653 0.42114901542663574 -0.8403809070587158 0.01258776243776083 -0.027128951624035835 -0.8980579376220703 -0.4390399158000946 -0.5618453621864319 -0.9396119117736816 -0.1269863396883011 0.31781110167503357 -2.02504825592041
-0.3411639928817749 0.4211002588272095 -0.8404057025909424 0.012568534351885319 -0.027085505425930023 -0.8980776071548462 -0.4390023648738861 -0.561886191368103 -0.9396135210990906 -0.12700897455215454 0.3177974224090576 -2.0251219272613525
-0.34113091230392456 0.42109233140945435 -0.8404231071472168 0.01257262658327818 -0.02713087387382984 -0.8980901837348938 -0.4389737844467163 -0.5618847608566284 -0.9396241903305054 -0.1269461065530777 0.3177908957004547 -2.0251126289367676
-0.3410416841506958 0.42112693190574646 -0.8404419422149658 0.012566253542900085 -0.02702932059764862 -0.8980646729469299 -0.4390322268009186 -0.5619001984596252 -0.9396595358848572 -0.1270117163658142 0.31766024231910706 -2.0251681804656982
-0.34102538228034973 0.42107704281806946 -0.8404735922813416 0.012553404085338116 -0.027018573135137558 -0.8980904221534729 -0.43898019194602966 -0.5618939399719238 -0.9396657347679138 -0.12699498236179352 0.3176485002040863 -2.025134563446045
-0.34110432863235474 0.4212208390235901 -0.840369462966919 0.012560620903968811 -0.02708374708890915 -0.8980185389518738 -0.4391231834888458 -0.5619213581085205 -0.9396352171897888 -0.12702646851539612 0.3177262246608734 -2.0252015590667725
-0.34108516573905945 0.42125409841537476 -0.8403605818748474 0.012521322816610336 -0.027109980583190918 -0.8980060815811157 -0.43914711475372314 -0.5618968605995178 -0.9396414160728455 -0.12700439989566803 0.31771668791770935 -2.0251753330230713
-0.3411352038383484 0.4213161766529083 -0.8403091430664062 0.012539049610495567 -0.02703276462852955 -0.8979596495628357 -0.43924680352211 -0.5618797540664673 -0.9396255016326904 -0.12712666392326355 0.31771495938301086 -2.0251944065093994
-0.3411426842212677 0.4214251935482025 -0.8402514457702637 0.012550468556582928 -0.027089467272162437 -0.8979098200798035 -0.43934521079063416 -0.5619024634361267 -0.9396211504936218 -0.12711744010448456 0.31773149967193604 -2.025240182876587
-0.34117087721824646 0.42141786217689514 -0.8402436971664429 0.012555736117064953 -0.027060436084866524 -0.8979077339172363 -0.43935123085975647 -0.5619151592254639 -0.9396117329597473 -0.12715646624565125 0.3177436888217926 -2.025252103805542
-0.3412717878818512 0.42147669196128845 -0.8401731848716736 0.012534946203231812 -0.02711551822721958 -0.8978772759437561 -0.43941009044647217 -0.5618868470191956 -0.9395734667778015 -0.12717652320861816 0.31784871220588684 -2.0252151489257812
-0.34123870730400085 0.42149898409843445 -0.840175449848175 0.012527953833341599 -0.02714867889881134 -0.8978724479675293 -0.43941789865493774 -0.5618849992752075 -0.9395845532417297 -0.1271367371082306 0.31783193349838257 -2.025223970413208
-0.3412543535232544 0.4214593172073364 -0.8401889801025391 0.012542547658085823 -0.027092991396784782 -0.8978845477104187 -0.43939661979675293 -0.5618669986724854 -0.939580500125885 -0.1271827667951584 0.3178255558013916 -2.0251877307891846
-0.341275155544281 0.42146623134613037 -0.840177059173584 0.012546629644930363 -0.027104515582323074 -0.897881031036377 -0.43940311670303345 -0.5618691444396973 -0.9395725727081299 -0.12718476355075836 0.3178480863571167 -2.0251989364624023
-0.3412453532218933 0.4214288294315338 -0.8402079343795776 0.012521622702479362 -0.027109449729323387 -0.897903323173523 -0.4393571615219116 -0.561850905418396 -0.9395833015441895 -0.1271509975194931 0.31782999634742737 -2.0251708030700684
-0.34120309352874756 0.42139896750450134 -0.8402400612831116 0.012568013742566109 -0.0271428432315588 -0.8979264497756958 -0.43930783867836 -0.5618954300880432 -0.9395976662635803 -0.12708668410778046 0.3178132176399231 -2.0252163410186768
-0.3412558436393738 0.4214858412742615 -0.8401750922203064 0.012564560398459435 -0.02712441422045231 -0.8978748321533203 -0.43941453099250793 -0.5619187355041504 -0.9395790100097656 -0.12716351449489594 0.31783753633499146 -2.025205373764038
-0.34120088815689087 0.4214378595352173 -0.8402214646339417 0.012544916942715645 -0.027148021385073662 -0.8979069590568542 -0.4393473267555237 -0.5619076490402222 -0.9395983219146729 -0.12709535658359528 0.3178078532218933 -2.025161027908325
-0.3412211239337921 0.4213995933532715 -0.8402324318885803 0.012567572295665741 -0.027145013213157654 -0.8979251384735107 -0.4393104016780853 -0.5618875622749329 -0.9395910501480103 -0.1270938664674759 0.3178299069404602 -2.0252110958099365
-0.34120917320251465 0.4214041531085968 -0.8402349948883057 0.01257759053260088 -0.027161693200469017 -0.897925853729248 -0.43930789828300476 -0.5618898868560791 -0.9395949244499207 -0.12707366049289703 0.3178265392780304 -2.025207042694092
-0.3413003087043762 0.4214884042739868 -0.8401557207107544 0.012606377713382244 -0.027175720781087875 -0.8978772759437561 -0.4394063651561737 -0.5618894100189209 -0.9395613670349121 -0.127137690782547 0.31790000200271606 -2.025190591812134
-0.34127143025398254 0.42146122455596924 -0.8401811122894287 0.012603534385561943 -0.027171507477760315 -0.897892951965332 -0.43937456607818604 -0.561880350112915 -0.9395719766616821 -0.12711699306964874 0.317876935005188 -2.0251731872558594
-0.34129685163497925 0.4215548634529114 -0.8401237726211548 0.012595144100487232 -0.027151135727763176 -0.8978394269943237 -0.43948519229888916 -0.5619068741798401 -0.9395633339881897 -0.12718459963798523 0.3178754448890686 -2.025259017944336
-0.3412620425224304 0.4215084910392761 -0.8401612043380737 0.012561199255287647 -0.02715551108121872 -0.8978667259216309 -0.4394291341304779 -0.5618825554847717 -0.9395758509635925 -0.12714546918869019 0.3178540766239166 -2.025200128555298
-0.34127485752105713 0.4215222895145416 -0.8401490449905396 0.012541767209768295 -0.027156898751854897 -0.8978587985038757 -0.43944525718688965 -0.56191486120224 -0.9395712018013 -0.12715578079223633 0.3178638517856598 -2.025212287902832
-0.34133028984069824 0.4215434193611145 -0.8401159644126892 0.01253841258585453 -0.027101535350084305 -0.8978363275527954 -0.4394945800304413 -0.561872661113739 -0.9395526647567749 -0.12724436819553375 0.317883163690567 -2.0251669883728027
-0.3413275480270386 0.42154666781425476 -0.8401154279708862 0.0125484149903059 -0.027062950655817986 -0.8978295922279358 -0.4395107328891754 -0.5618816614151001 -0.939554750919342 -0.12728111445903778 0.31786224246025085 -2.025176763534546
-0.3413119912147522 0.4214978814125061 -0.8401462435722351 0.012548781000077724 -0.027073748409748077 -0.897857666015625 -0.4394526779651642 -0.561881422996521 -0.9395601153373718 -0.12724456191062927 0.31786108016967773 -2.0251638889312744
-0.3413398861885071 0.4214923083782196 -0.8401377201080322 0.012527819722890854 -0.027077099308371544 -0.8978590369224548 -0.43944963812828064 -0.5619180202484131 -0.9395498633384705 -0.1272531896829605 0.3178878724575043 -2.0252139568328857
-0.34126871824264526 0.42147764563560486 -0.8401739597320557 0.01253515388816595 -0.026975277811288834 -0.8978579640388489 -0.43945810198783875 -0.5618875622749329 -0.939578652381897 -0.12730936706066132 0.3177802860736847 -2.0251684188842773
-0.3412785828113556 0.4214845597743988 -0.8401665091514587 0.01254834234714508 -0.02698141522705555 -0.8978545069694519 -0.43946483731269836 -0.561896800994873 -0.9395748972892761 -0.12731105089187622 0.3177907168865204 -2.025181531906128
-0.3412833511829376 0.4215744137763977 -0.840119481086731 0.012566758319735527 -0.027066899463534355 -0.8978187441825867 -0.439532607793808 -0.5618703365325928 -0.9395706653594971 -0.12726572155952454 0.3178212642669678 -2.0251808166503906
-0.3412984311580658 0.4215537905693054 -0.84012371301651 0.012551371939480305 -0.027044620364904404 -0.8978254199028015 -0.43952032923698425 -0.5618457794189453 -0.9395658373832703 -0.12728676199913025 0.31782713532447815 -2.0251381397247314
-0.3413560390472412 0.4215168356895447 -0.8401188254356384 0.012550830841064453 -0.027065284550189972 -0.8978434801101685 -0.439482182264328 -0.5618577599525452 -0.9395443201065063 -0.12728182971477509 0.31789276003837585 -2.0251872539520264
-0.34135738015174866 0.4214197099208832 -0.8401669859886169 0.012559475377202034 -0.027050020173192024 -0.8978921175003052 -0.43938374519348145 -0.561860978603363 -0.9395442605018616 -0.12726034224033356 0.31790149211883545 -2.0251755714416504
-0.3413940966129303 0.4214134216308594 -0.8401552438735962 0.012547416612505913 -0.027053626254200935 -0.8978933095932007 -0.43938109278678894 -0.5618778467178345 -0.9395308494567871 -0.1272728592157364 0.3179362118244171 -2.0251941680908203
-0.34135448932647705 0.42140257358551025 -0.8401767611503601 0.01255541667342186 -0.02709456905722618 -0.8979073166847229 -0.4393499195575714 -0.561889111995697 -0.9395440816879272 -0.1272098273038864 0.3179223835468292 -2.025184154510498
-0.3413810133934021 0.42145949602127075 -0.8401374220848083 0.01253440324217081 -0.02709943614900112 -0.8978763222694397 -0.4394129514694214 -0.5619208216667175 -0.9395342469215393 -0.12723998725414276 0.31793922185897827 -2.0251872539520264
-0.34133660793304443 0.42149683833122253 -0.8401367664337158 0.012517241761088371 -0.027154970914125443 -0.8978675007820129 -0.4394276440143585 -0.5619143843650818 -0.9395487904548645 -0.1271788477897644 0.3179207444190979 -2.0251762866973877
-0.3413701057434082 0.4215317368507385 -0.8401056528091431 0.012547723948955536 -0.027015527710318565 -0.8978279829025269 -0.43951696157455444 -0.5618743896484375 -0.939540684223175 -0.12734204530715942 0.31787949800491333 -2.0251235961914062
-0.3413740396499634 0.4214531183242798 -0.8401435017585754 0.012531690299510956 -0.027018722146749496 -0.8978692293167114 -0.43943241238594055 -0.5618606209754944 -0.9395391345024109 -0.12731121480464935 0.3178963363170624 -2.0251171588897705
-0.3413640558719635 0.42140212655067444 -0.8401731252670288 0.012547803111374378 -0.027017101645469666 -0.897896409034729 -0.4393770396709442 -0.5618698596954346 -0.939542829990387 -0.12728847563266754 0.3178945779800415 -2.025109052658081
-0.34140172600746155 0.4214053750038147 -0.8401561975479126 0.012562813237309456 -0.027009544894099236 -0.8978909850120544 -0.43938854336738586 -0.5618690252304077 -0.9395293593406677 -0.12731575965881348 0.3179234564304352 -2.0250864028930664
-0.34134694933891296 0.4213481545448303 -0.8402070999145508 0.012574133463203907 -0.027038978412747383 -0.897928774356842 -0.4393095076084137 -0.5618537068367004 -0.9395483732223511 -0.12723861634731293 0.31789806485176086 -2.025116443634033
-0.34133848547935486 0.42128628492355347 -0.8402416110038757 0.012587745673954487 -0.027031416073441505 -0.8979607224464417 -0.43924468755722046 -0.5618308782577515 -0.9395517110824585 -0.12721818685531616 0.3178964853286743 -2.02516508102417
-0.3413560390472412 0.4212785065174103 -0.8402383923530579 0.012607898563146591 -0.027019347995519638 -0.8979619145393372 -0.43924298882484436 -0.5618298053741455 -0.9395456314086914 -0.1272355616092682 0.3179073631763458 -2.0251777172088623
-0.34139925241470337 0.42127513885498047 -0.8402224779129028 0.012559828348457813 -0.02703879587352276 -0.8979632258415222 -0.4392390847206116 -0.5618622899055481 -0.9395294189453125 -0.12723729014396667 0.3179547190666199 -2.0252015590667725
-0.3414233922958374 0.42126694321632385 -0.8402168154716492 0.01257163006812334 -0.027050411328673363 -0.8979673981666565 -0.4392298758029938 -0.5618703961372375 -0.9395202994346619 -0.12723514437675476 0.3179824948310852 -2.025204658508301
-0.3414655327796936 0.4213430881500244 -0.8401615023612976 0.012562540359795094 -0.02702268771827221 -0.8979208469390869 -0.43932676315307617 -0.5618964433670044 -0.9395057559013367 -0.12731151282787323 0.3179948031902313 -2.0252556800842285
-0.3414909839630127 0.4213300049304962 -0.840157687664032 0.012511422857642174 -0.02700398489832878 -0.8979233503341675 -0.4393227696418762 -0.5618584752082825 -0.9394970536231995 -0.12733715772628784 0.3180103003978729 -2.0252139568328857
-0.34155023097991943 0.4213894307613373 -0.840103805065155 0.012515383772552013 -0.02701483853161335 -0.8978895545005798 -0.43939119577407837 -0.561843991279602 -0.9394752383232117 -0.12737888097763062 0.3180581033229828 -2.025240659713745
-0.34148237109184265 0.4213405251502991 -0.8401558995246887 0.012544054538011551 -0.027055900543928146 -0.8979254961013794 -0.43931522965431213 -0.5618762969970703 -0.9394987225532532 -0.12728722393512726 0.3180254399776459 -2.025280714035034
-0.34148845076560974 0.42139559984207153 -0.8401258587837219 0.012560968287289143 -0.026997512206435204 -0.8978883624076843 -0.4393947124481201 -0.5618656277656555 -0.9394981861114502 -0.12736690044403076 0.3179951012134552 -2.025221347808838
-0.3414406478404999 0.4213767647743225 -0.8401547074317932 0.012539954856038094 -0.02694690227508545 -0.8978947401046753 -0.439384788274765 -0.5618523955345154 -0.9395170211791992 -0.1273842453956604 0.31793251633644104 -2.025214672088623
-0.3415032923221588 0.42128339409828186 -0.8401761054992676 0.01248553954064846 -0.026949245482683182 -0.8979394435882568 -0.4392932653427124 -0.5618681907653809 -0.9394941329956055 -0.1273779720067978 0.31800249218940735 -2.0252068042755127
-0.3415491580963135 0.4213981330394745 -0.8400998711585999 0.012509251944720745 -0.02700367197394371 -0.8978835344314575 -0.43940412998199463 -0.561871349811554 -0.939475953578949 -0.12739232182502747 0.3180506229400635 -2.025240898132324
-0.34155285358428955 0.4213603436946869 -0.840117335319519 0.012514524161815643 -0.026986291632056236 -0.8979007005691528 -0.43937018513679504 -0.5618786811828613 -0.9394750595092773 -0.12739647924900055 0.3180514872074127 -2.025259494781494
-0.3415057361125946 0.4212646484375 -0.8401844501495361 0.01253278274089098 -0.026876142248511314 -0.897939145565033 -0.4392983615398407 -0.5618699193000793 -0.9394953846931458 -0.12744198739528656 0.3179733157157898 -2.025191307067871
-0.3413955271244049 0.4212173819541931 -0.8402529358863831 0.012542815878987312 -0.026922745630145073 -0.8979779481887817 -0.43921607732772827 -0.5618610978126526 -0.939534068107605 -0.12732449173927307 0.3179059624671936 -2.025158166885376
-0.34142541885375977 0.42132049798965454 -0.8401890993118286 0.012544207274913788 -0.026952555403113365 -0.8979259729385376 -0.43932053446769714 -0.5618711709976196 -0.939522385597229 -0.12734994292259216 0.3179304003715515 -2.025156259536743
-0.3413689136505127 0.4212828278541565 -0.8402309417724609 0.012529169209301472 -0.02694018743932247 -0.8979480266571045 -0.4392762780189514 -0.5618352890014648 -0.9395432472229004 -0.12731927633285522 0.31788092851638794 -2.025120973587036
-0.3413611650466919 0.4212878942489624 -0.8402315378189087 0.012534907087683678 -0.02692166529595852 -0.897943377494812 -0.43928685784339905 -0.5618400573730469 -0.9395465850830078 -0.12733502686023712 0.3178647458553314 -2.0251238346099854
-0.34129559993743896 0.42128631472587585 -0.8402590155601501 0.012554523535072803 -0.02700348198413849 -0.8979599475860596 -0.4392479658126831 -0.5618430376052856 -0.939568042755127 -0.12722347676753998 0.3178459703922272 -2.0251283645629883
-0.34129852056503296 0.4212588369846344 -0.8402715921401978 0.012567847967147827 -0.02700183354318142 -0.897973895072937 -0.43921959400177 -0.5618452429771423 -0.9395670294761658 -0.12721611559391022 0.3178519010543823 -2.0251314640045166
-0.34124815464019775 0.4212629199028015 -0.8402900099754333 0.012587175704538822 -0.02704126574099064 -0.8979806303977966 -0.43920332193374634 -0.5618780255317688 -0.9395841956138611 -0.12715481221675873 0.31782570481300354 -2.0252068042755127
