# 3x4 first row second row third row Freq: 100 current Time: 2021-07-28-20:07:16
-0.1963677555322647 0.5874090194702148 -0.7851053476333618 0.11015916615724564 0.10152905434370041 -0.7842097878456116 -0.6121330857276917 -0.6663553714752197 -0.9752597808837891 -0.19991418719291687 0.09435441344976425 -2.0856165885925293
-0.1963942050933838 0.5873917937278748 -0.7851116061210632 0.11017411202192307 0.10152970999479294 -0.7842188477516174 -0.6121213436126709 -0.6663410067558289 -0.9752543568611145 -0.19992922246456146 0.09437829256057739 -2.085693120956421
-0.19633889198303223 0.58733731508255 -0.7851662039756775 0.11015420407056808 0.10149921476840973 -0.7842764258384705 -0.6120526790618896 -0.6663612723350525 -0.9752686619758606 -0.1998634785413742 0.09436965733766556 -2.0857107639312744
-0.19632385671138763 0.5874258279800415 -0.7851037383079529 0.11013654619455338 0.1014823317527771 -0.7842132449150085 -0.6121363639831543 -0.6663919687271118 -0.9752734303474426 -0.1998511105775833 0.09434640407562256 -2.0857534408569336
-0.19631198048591614 0.5874579548835754 -0.7850826978683472 0.11015342175960541 0.10151270776987076 -0.784183919429779 -0.6121689081192017 -0.6663714051246643 -0.9752726554870605 -0.1998719573020935 0.0943102240562439 -2.0857722759246826
-0.19630753993988037 0.5874695181846619 -0.7850751280784607 0.11017841845750809 0.1014474481344223 -0.784188985824585 -0.6121732592582703 -0.6663883924484253 -0.9752803444862366 -0.19981808960437775 0.09434489905834198 -2.085761308670044
-0.1962890475988388 0.5874683260917664 -0.7850806713104248 0.1101921871304512 0.10149882733821869 -0.7841823697090149 -0.6121732592582703 -0.6663510203361511 -0.9752787351608276 -0.19984765350818634 0.09429902583360672 -2.085756301879883
-0.19625429809093475 0.5874944925308228 -0.7850697636604309 0.11020861566066742 0.10148215293884277 -0.784170925617218 -0.6121906638145447 -0.66635662317276 -0.9752874970436096 -0.19981561601161957 0.09427668154239655 -2.085784673690796
-0.19622695446014404 0.5874536037445068 -0.7851071953773499 0.11021400988101959 0.10141509026288986 -0.7842208743095398 -0.6121377348899841 -0.6663509607315063 -0.9752999544143677 -0.19973963499069214 0.09430858492851257 -2.085801601409912
-0.19617557525634766 0.5874651074409485 -0.7851114273071289 0.1102033481001854 0.1014101654291153 -0.7842211127281189 -0.6121382713317871 -0.6663793921470642 -0.9753108024597168 -0.1997048407793045 0.09427005797624588 -2.085812568664551
-0.19620779156684875 0.587460458278656 -0.7851068377494812 0.11019828170537949 0.10140377283096313 -0.7842209339141846 -0.6121395826339722 -0.6663796901702881 -0.9753049612045288 -0.19971933960914612 0.09429951757192612 -2.0858137607574463
-0.1961422562599182 0.5874319672584534 -0.7851445078849792 0.11025120317935944 0.10142997652292252 -0.7842482328414917 -0.6121002435684204 -0.6663646697998047 -0.9753154516220093 -0.1996959000825882 0.09424097836017609 -2.085798501968384
-0.19616471230983734 0.5874389410018921 -0.7851337194442749 0.11025863140821457 0.10141921788454056 -0.7842414379119873 -0.6121107339859009 -0.666363000869751 -0.9753120541572571 -0.1997021585702896 0.09426286816596985 -2.08579683303833
-0.19607634842395782 0.5874273777008057 -0.7851644158363342 0.11029796302318573 0.10139212012290955 -0.7842700481414795 -0.6120785474777222 -0.6663617491722107 -0.9753326177597046 -0.19962359964847565 0.09421627968549728 -2.0857994556427
-0.19605852663516998 0.5874332189559937 -0.785164475440979 0.11030679941177368 0.10138330608606339 -0.784270167350769 -0.612079918384552 -0.6663575172424316 -0.9753371477127075 -0.1996060460805893 0.09420689195394516 -2.0858001708984375
-0.19606110453605652 0.587448000907898 -0.785152792930603 0.11026781797409058 0.10138317942619324 -0.784258246421814 -0.6120951771736145 -0.6663498878479004 -0.9753366112709045 -0.19960932433605194 0.09420516341924667 -2.0858376026153564
-0.19606266915798187 0.5874654054641724 -0.7851393818855286 0.11026641726493835 0.10139410197734833 -0.7842421531677246 -0.6121139526367188 -0.6663529872894287 -0.9753351807594299 -0.19962118566036224 0.09419506043195724 -2.085843324661255
-0.19602133333683014 0.5874691009521484 -0.785146951675415 0.110232874751091 0.10142619162797928 -0.7842393517494202 -0.6121122241020203 -0.6663156151771545 -0.9753401279449463 -0.1996215134859085 0.0941428616642952 -2.085867166519165
-0.1960476189851761 0.5875067710876465 -0.785112202167511 0.11020504683256149 0.10144620388746262 -0.7842016816139221 -0.6121571660041809 -0.6663254499435425 -0.9753327965736389 -0.19965860247612 0.09414052218198776 -2.0857648849487305
-0.19606947898864746 0.5874874591827393 -0.7851211428642273 0.11019640415906906 0.10143346339464188 -0.7842158675193787 -0.6121411919593811 -0.6663315296173096 -0.9753296971321106 -0.19965974986553192 0.09416987001895905 -2.085787773132324
-0.1960602104663849 0.5874340534210205 -0.7851634621620178 0.11018799990415573 0.10142432898283005 -0.7842608690261841 -0.6120850443840027 -0.6663143038749695 -0.975332498550415 -0.1996401846408844 0.09418221563100815 -2.085775136947632
-0.19605602324008942 0.5874252915382385 -0.7851710915565491 0.11019793152809143 0.10141954571008682 -0.7842693328857422 -0.6120749115943909 -0.6663357615470886 -0.9753338694572449 -0.1996326595544815 0.09418429434299469 -2.0857832431793213
-0.19613520801067352 0.5873978137969971 -0.7851718068122864 0.11019482463598251 0.1014404296875 -0.7842738032341003 -0.6120657324790955 -0.666332483291626 -0.9753157496452332 -0.19969579577445984 0.0942377895116806 -2.0857651233673096
-0.19608889520168304 0.5874349474906921 -0.7851556539535522 0.11019457131624222 0.10142982751131058 -0.7842544317245483 -0.6120923161506653 -0.6663478016853333 -0.9753261804580688 -0.1996627002954483 0.09420014172792435 -2.0857646465301514
-0.19615767896175385 0.5874053835868835 -0.7851605415344238 0.11019283533096313 0.10143057256937027 -0.7842663526535034 -0.6120769381523132 -0.6663885116577148 -0.9753122925758362 -0.19970285892486572 0.09425897896289825 -2.0857059955596924
-0.19617880880832672 0.58741694688797 -0.7851465940475464 0.1101580262184143 0.10142218321561813 -0.7842556834220886 -0.6120920181274414 -0.6663774847984314 -0.975308895111084 -0.19971075654029846 0.09427720308303833 -2.0856661796569824
-0.19616806507110596 0.5874210596084595 -0.7851462364196777 0.11015336215496063 0.10131753981113434 -0.7842756509780884 -0.6120837926864624 -0.666382908821106 -0.9753219485282898 -0.19962036609649658 0.09433375298976898 -2.0857625007629395
-0.19614556431770325 0.587421178817749 -0.7851517796516418 0.11019498854875565 0.10128921270370483 -0.7842848896980286 -0.6120765805244446 -0.6663708686828613 -0.9753293991088867 -0.199583500623703 0.09433454275131226 -2.085704803466797
-0.19618551433086395 0.587425172328949 -0.7851387858390808 0.11021808534860611 0.10130690038204193 -0.784271776676178 -0.6120904684066772 -0.6663950085639954 -0.975319504737854 -0.199623242020607 0.09435252100229263 -2.085731267929077
-0.19616343080997467 0.5874214768409729 -0.7851470708847046 0.11021963506937027 0.10127826035022736 -0.7842841148376465 -0.6120794415473938 -0.6663448214530945 -0.9753269553184509 -0.1995859146118164 0.09435480833053589 -2.0858023166656494
-0.1961587816476822 0.5874616503715515 -0.7851182222366333 0.11023439466953278 0.10126882046461105 -0.7842554450035095 -0.6121177077293396 -0.6663524508476257 -0.9753288626670837 -0.19958025217056274 0.0943470299243927 -2.0858304500579834
-0.1961929202079773 0.5874482989311218 -0.7851196527481079 0.11022409051656723 0.10129930824041367 -0.7842541933059692 -0.6121142506599426 -0.6663386225700378 -0.9753188490867615 -0.19962455332279205 0.09435698390007019 -2.0858097076416016
-0.19619297981262207 0.5875048637390137 -0.7850773334503174 0.11023146659135818 0.10126746445894241 -0.784216582775116 -0.6121677160263062 -0.6663448214530945 -0.9753221273422241 -0.1996057778596878 0.09436263144016266 -2.085827350616455
-0.19620010256767273 0.5874770879745483 -0.7850963473320007 0.11021631956100464 0.10132015496492386 -0.7842262983322144 -0.6121464967727661 -0.6663253903388977 -0.9753152132034302 -0.19964927434921265 0.09434197843074799 -2.085848331451416
-0.19622157514095306 0.5874781608581543 -0.7850901484489441 0.11022235453128815 0.1013178825378418 -0.7842225432395935 -0.6121517419815063 -0.6663381457328796 -0.9753111600875854 -0.1996610462665558 0.09435930848121643 -2.0858616828918457
-0.19618766009807587 0.5874961018562317 -0.7850852012634277 0.11020310968160629 0.1012774258852005 -0.7842221856117249 -0.6121588945388794 -0.6663447022438049 -0.9753221869468689 -0.1996094137430191 0.09435459226369858 -2.0858757495880127
-0.19623804092407227 0.5874626040458679 -0.7850977182388306 0.11019361019134521 0.10133983939886093 -0.7842275500297546 -0.6121417284011841 -0.6663499474525452 -0.9753055572509766 -0.1996871531009674 0.09436188638210297 -2.085888385772705
-0.19630242884159088 0.5874636173248291 -0.7850808501243591 0.11019936949014664 0.10131072998046875 -0.784222424030304 -0.6121530532836914 -0.6663076281547546 -0.9752956032752991 -0.19970422983169556 0.09442837536334991 -2.0858569145202637
-0.19631871581077576 0.5874712467193604 -0.7850710153579712 0.11024297028779984 0.10131297260522842 -0.7842133641242981 -0.612164318561554 -0.6663558483123779 -0.9752920866012573 -0.199717178940773 0.09443727880716324 -2.085846424102783
-0.19630438089370728 0.5874888300895691 -0.7850614786148071 0.11023719608783722 0.10129905492067337 -0.7842048406600952 -0.6121775507926941 -0.6663632392883301 -0.9752964377403259 -0.19969911873340607 0.09443075954914093 -2.085844039916992
-0.19633664190769196 0.5874624848365784 -0.7850731015205383 0.11022800207138062 0.1012130156159401 -0.7842378616333008 -0.6121494770050049 -0.6663640737533569 -0.9752988815307617 -0.1996469795703888 0.09451574832201004 -2.0858893394470215
-0.19635312259197235 0.5874883532524109 -0.7850496172904968 0.11021803319454193 0.10123928636312485 -0.784209668636322 -0.6121812462806702 -0.6663695573806763 -0.9752928018569946 -0.19968155026435852 0.09450507909059525 -2.0858981609344482
-0.19636671245098114 0.5874171853065491 -0.785099446773529 0.11027416586875916 0.10136300325393677 -0.7842376232147217 -0.6121249794960022 -0.6663190722465515 -0.9752772450447083 -0.19978098571300507 0.09445575624704361 -2.0858592987060547
-0.19634710252285004 0.5874162912368774 -0.7851050496101379 0.1102815493941307 0.10136484354734421 -0.7842410802841187 -0.6121202111244202 -0.6663167476654053 -0.9752810001373291 -0.19977006316184998 0.09444008022546768 -2.0858590602874756
-0.19631630182266235 0.5874627828598022 -0.7850779891014099 0.11030963063240051 0.10132699459791183 -0.7842174768447876 -0.6121566891670227 -0.6663147807121277 -0.9752911329269409 -0.1997259259223938 0.09442881494760513 -2.0859639644622803
-0.1963139921426773 0.5874968767166138 -0.7850530743598938 0.11029595881700516 0.1013197973370552 -0.7841928005218506 -0.612189531326294 -0.6662880182266235 -0.9752923250198364 -0.1997227668762207 0.09442292153835297 -2.085951328277588
-0.1963142305612564 0.5875656604766846 -0.7850015163421631 0.11027900129556656 0.10126157850027084 -0.784151017665863 -0.6122526526451111 -0.6662884950637817 -0.9752983450889587 -0.19968439638614655 0.09444215148687363 -2.0859384536743164
-0.19629815220832825 0.5875943303108215 -0.7849840521812439 0.11026915162801743 0.10121933370828629 -0.78413987159729 -0.6122739315032959 -0.666271448135376 -0.97530597448349 -0.1996437907218933 0.09444926679134369 -2.0859298706054688
-0.1962762475013733 0.5875563621520996 -0.7850179672241211 0.11026152968406677 0.10116154700517654 -0.7841847538948059 -0.6122259497642517 -0.6662846803665161 -0.9753163456916809 -0.19957903027534485 0.09447870403528214 -2.085942268371582
-0.19631636142730713 0.5875363945960999 -0.7850228548049927 0.11022957414388657 0.1011933758854866 -0.7841874361038208 -0.6122172474861145 -0.6662561893463135 -0.9753049612045288 -0.1996273696422577 0.09449401497840881 -2.0859146118164062
-0.1962786465883255 0.5875416398048401 -0.7850283980369568 0.11020617187023163 0.10119108855724335 -0.7841898798942566 -0.6122145652770996 -0.6662969589233398 -0.9753128290176392 -0.19960251450538635 0.0944657176733017 -2.0858864784240723
-0.19630742073059082 0.5875480771064758 -0.7850163578987122 0.11023762077093124 0.10120877623558044 -0.7841765880584717 -0.6122286319732666 -0.6663233041763306 -0.9753051996231079 -0.1996355652809143 0.09447463601827621 -2.0859313011169434
-0.1963178813457489 0.5875346660614014 -0.7850238084793091 0.1102328822016716 0.10115969926118851 -0.7841954827308655 -0.612212598323822 -0.6663308143615723 -0.9753081798553467 -0.19960103929042816 0.09451674669981003 -2.085930824279785
-0.1962769776582718 0.5875214338302612 -0.7850439548492432 0.11021757125854492 0.10118889063596725 -0.7842063307762146 -0.6121938228607178 -0.6663224101066589 -0.9753133654594421 -0.19959726929664612 0.09447098523378372 -2.0858848094940186
-0.19627691805362701 0.5875228643417358 -0.7850428819656372 0.11020771414041519 0.10118218511343002 -0.7842065691947937 -0.6121945977210999 -0.6663244366645813 -0.9753140807151794 -0.1995920091867447 0.09447477757930756 -2.0858805179595947
-0.19630755484104156 0.5875221490859985 -0.7850357294082642 0.11021143198013306 0.10120483487844467 -0.7841975688934326 -0.6122024059295654 -0.6663370132446289 -0.9753055572509766 -0.19962935149669647 0.09448380023241043 -2.0859010219573975
-0.19627366960048676 0.5875036120414734 -0.7850580811500549 0.11021025478839874 0.10122982412576675 -0.7842123508453369 -0.6121793389320374 -0.6663147211074829 -0.9753097891807556 -0.19962596893310547 0.09444732218980789 -2.0858802795410156
-0.19624130427837372 0.5874963998794556 -0.7850715517997742 0.11022203415632248 0.10127320885658264 -0.7842142581939697 -0.6121696829795837 -0.666311502456665 -0.975311815738678 -0.199639692902565 0.09439756721258163 -2.0858302116394043
-0.19623959064483643 0.5875086784362793 -0.785062849521637 0.11021935939788818 0.10127236694097519 -0.7842051386833191 -0.612181544303894 -0.6663163900375366 -0.9753122329711914 -0.19963940978050232 0.09439367800951004 -2.0858168601989746
-0.1962420642375946 0.5874891877174377 -0.7850767970085144 0.11022975295782089 0.10130006819963455 -0.7842142581939697 -0.6121652722358704 -0.6663294434547424 -0.9753088355064392 -0.19966089725494385 0.09438309818506241 -2.085814952850342
-0.19625917077064514 0.5874279141426086 -0.7851183414459229 0.11025162041187286 0.10125164687633514 -0.7842692136764526 -0.6121028661727905 -0.6663277745246887 -0.9753104448318481 -0.19962531328201294 0.0944419652223587 -2.085855007171631
-0.19622375071048737 0.5874171257019043 -0.7851352691650391 0.11028330028057098 0.10121434926986694 -0.7842909097671509 -0.6120812296867371 -0.6663265228271484 -0.9753214716911316 -0.19957181811332703 0.09444144368171692 -2.0859029293060303
-0.1962490826845169 0.5874080657958984 -0.7851357460021973 0.11029331386089325 0.10124445706605911 -0.7842878103256226 -0.6120802760124207 -0.6663318276405334 -0.9753132462501526 -0.19961082935333252 0.0944439247250557 -2.0859012603759766
-0.19630050659179688 0.5873782634735107 -0.7851451635360718 0.11026306450366974 0.10131512582302094 -0.7842883467674255 -0.6120678782463074 -0.6663262248039246 -0.9752955436706543 -0.19969630241394043 0.09444586932659149 -2.085905075073242
-0.19630354642868042 0.5873737931251526 -0.7851477265357971 0.11025732755661011 0.10132825374603271 -0.7842886447906494 -0.612065315246582 -0.6663229465484619 -0.9752935767173767 -0.1997082233428955 0.09444104880094528 -2.0859031677246094
-0.19620472192764282 0.5873605608940125 -0.7851823568344116 0.11027052253484726 0.10135926306247711 -0.7843083739280701 -0.6120348572731018 -0.6662886738777161 -0.975310206413269 -0.19966962933540344 0.09435055404901505 -2.0859451293945312
-0.1961509734392166 0.58738112449646 -0.785180389881134 0.11029709875583649 0.10130912810564041 -0.7843111753463745 -0.6120395660400391 -0.6663103103637695 -0.9753262400627136 -0.19959808886051178 0.09433630853891373 -2.0859854221343994
-0.19619567692279816 0.5873596668243408 -0.7851852774620056 0.11027601361274719 0.10136113315820694 -0.7843101620674133 -0.6120323538780212 -0.666324257850647 -0.9753118753433228 -0.1996653527021408 0.09434278309345245 -2.0859761238098145
-0.19628818333148956 0.5873970985412598 -0.7851341962814331 0.11023154109716415 0.10140278935432434 -0.784257709980011 -0.6120926141738892 -0.6663108468055725 -0.9752889275550842 -0.19976133108139038 0.09437678754329681 -2.085874319076538
-0.19630096852779388 0.5873509645462036 -0.7851654887199402 0.11023609340190887 0.10143302381038666 -0.7842854261398315 -0.6120520830154419 -0.6663119196891785 -0.9752832055091858 -0.19978812336921692 0.09437917172908783 -2.0858724117279053
-0.19628773629665375 0.5873339176177979 -0.7851815223693848 0.11024686694145203 0.10145530104637146 -0.7842962741851807 -0.6120344996452332 -0.6663187742233276 -0.9752835631370544 -0.1997956782579422 0.09435957670211792 -2.085922956466675
-0.19627389311790466 0.5873290300369263 -0.7851886749267578 0.11024737358093262 0.1014532670378685 -0.7843027114868164 -0.6120266318321228 -0.6663205027580261 -0.9752865433692932 -0.1997847855091095 0.09435167163610458 -2.0859169960021973
-0.19627320766448975 0.5873495936393738 -0.7851734161376953 0.1102478876709938 0.10138677805662155 -0.7843003869056702 -0.6120405793190002 -0.6663083434104919 -0.9752935767173767 -0.19973336160182953 0.09438765048980713 -2.085934638977051
-0.19625988602638245 0.5873543620109558 -0.7851731777191162 0.11024697124958038 0.10138675570487976 -0.7842987775802612 -0.6120426058769226 -0.6663078665733337 -0.9752962589263916 -0.19972556829452515 0.09437641501426697 -2.085930824279785
-0.19624218344688416 0.5874256491661072 -0.7851243019104004 0.11022097617387772 0.10135000944137573 -0.7842535376548767 -0.6121066808700562 -0.6663068532943726 -0.9753036499023438 -0.1996934860944748 0.09436800330877304 -2.085947275161743
-0.1962619572877884 0.587407648563385 -0.7851328253746033 0.11021257191896439 0.10135604441165924 -0.7842631936073303 -0.6120933294296265 -0.6663113832473755 -0.975299060344696 -0.19970858097076416 0.09438369423151016 -2.0859453678131104
-0.19633297622203827 0.5873599052429199 -0.7851507663726807 0.1101914644241333 0.10135827958583832 -0.7842886447906494 -0.6120603680610657 -0.6662912368774414 -0.9752845168113708 -0.199749156832695 0.09444790333509445 -2.0859432220458984
-0.19630810618400574 0.5873792767524719 -0.7851424813270569 0.110178641974926 0.10132734477519989 -0.7842838764190674 -0.6120716333389282 -0.666296124458313 -0.9752927422523499 -0.19971102476119995 0.0944436714053154 -2.0859389305114746
-0.19633491337299347 0.5873430967330933 -0.7851628661155701 0.11017026007175446 0.1013781800866127 -0.7842973470687866 -0.6120458841323853 -0.6663011312484741 -0.9752820730209351 -0.19976434111595154 0.09444115310907364 -2.0858802795410156
-0.19632716476917267 0.5873351097106934 -0.7851707935333252 0.1101624071598053 0.10138963907957077 -0.7843024730682373 -0.6120374202728271 -0.6663042306900024 -0.9752824306488037 -0.19976773858070374 0.09443016350269318 -2.0858700275421143
-0.19628740847110748 0.58736252784729 -0.7851601839065552 0.11022160947322845 0.101404570043087 -0.7842844128608704 -0.6120581030845642 -0.6663140058517456 -0.9752888679504395 -0.1997581273317337 0.09438388049602509 -2.0859978199005127
-0.19628407061100006 0.5873518586158752 -0.7851690053939819 0.11022362112998962 0.1014036312699318 -0.7842934131622314 -0.6120467185974121 -0.6663153171539307 -0.9752896428108215 -0.199753999710083 0.09438466280698776 -2.0859994888305664
-0.19629308581352234 0.5873620510101318 -0.785159170627594 0.11024481058120728 0.10147897899150848 -0.7842686176300049 -0.6120659708976746 -0.6662738919258118 -0.9752799868583679 -0.19982147216796875 0.09434158354997635 -2.0859742164611816
-0.1962900459766388 0.5873371958732605 -0.7851784825325012 0.1102517694234848 0.101504385471344 -0.7842832803726196 -0.612043023109436 -0.6662662625312805 -0.9752779603004456 -0.19983699917793274 0.09432967007160187 -2.0859689712524414
-0.19622944295406342 0.5873353481292725 -0.7851950526237488 0.11030294746160507 0.10145822167396545 -0.7843038439750671 -0.6120243072509766 -0.6662279963493347 -0.9752949476242065 -0.19976167380809784 0.09431347995996475 -2.0860142707824707
-0.19621725380420685 0.5873915553092957 -0.7851560115814209 0.11031638085842133 0.1014261543750763 -0.7842684984207153 -0.6120749115943909 -0.6662187576293945 -0.9753007292747498 -0.19973500072956085 0.09431011229753494 -2.0860142707824707
-0.196233868598938 0.5873069763183594 -0.7852151393890381 0.11028255522251129 0.1014777347445488 -0.7843212485313416 -0.6119987964630127 -0.6662581562995911 -0.9752920269966125 -0.19977672398090363 0.09431178122758865 -2.0859947204589844
-0.19624635577201843 0.5873029232025146 -0.7852150797843933 0.11027691513299942 0.10147162526845932 -0.7843236923217773 -0.6119966506958008 -0.6662421822547913 -0.9752901792526245 -0.19977915287017822 0.09432606399059296 -2.0859909057617188
-0.1962020844221115 0.5873375535011292 -0.7852002382278442 0.11026354134082794 0.10150053352117538 -0.7842978239059448 -0.6120249629020691 -0.6662633419036865 -0.9752960801124573 -0.19977881014347076 0.09426576644182205 -2.0860321521759033
-0.1962272822856903 0.5873437523841858 -0.7851892709732056 0.11023890972137451 0.10145969688892365 -0.7842973470687866 -0.612032413482666 -0.6662779450416565 -0.9752952456474304 -0.1997625082731247 0.09430878609418869 -2.0860259532928467
-0.19621805846691132 0.5873473882675171 -0.7851888537406921 0.11023535579442978 0.10148005187511444 -0.7842918038368225 -0.6120361089706421 -0.666278600692749 -0.9752950072288513 -0.19977353513240814 0.09428814798593521 -2.086019515991211
-0.1961708664894104 0.5872862935066223 -0.7852463722229004 0.1102655827999115 0.10152475535869598 -0.7843378186225891 -0.6119697690010071 -0.6662552356719971 -0.9752998352050781 -0.19977256655693054 0.09424009919166565 -2.0860652923583984
-0.19619067013263702 0.5872822999954224 -0.7852444052696228 0.11027033627033234 0.10155066102743149 -0.7843324542045593 -0.6119723320007324 -0.6662532091140747 -0.9752931594848633 -0.1998053342103958 0.09423977881669998 -2.0860610008239746
-0.19619104266166687 0.5872713923454285 -0.7852524518966675 0.11023087799549103 0.10160861164331436 -0.7843289971351624 -0.611967146396637 -0.6662563681602478 -0.9752870202064514 -0.1998508721590042 0.09420646727085114 -2.086134433746338
-0.19617153704166412 0.5873126983642578 -0.7852264642715454 0.11023611575365067 0.10158830136060715 -0.7843040823936462 -0.612002432346344 -0.6662696003913879 -0.9752930998802185 -0.19982726871967316 0.09419401735067368 -2.08616304397583
-0.19608646631240845 0.5872240662574768 -0.7853139638900757 0.11026234179735184 0.10162312537431717 -0.7843796014785767 -0.6118998527526855 -0.666243851184845 -0.9753065705299377 -0.1997913271188736 0.09413065761327744 -2.0861916542053223
-0.1961260885000229 0.5872247815132141 -0.78530353307724 0.11026281863451004 0.10163293778896332 -0.7843707203865051 -0.6119095683097839 -0.6662476062774658 -0.9752975702285767 -0.19982413947582245 0.09415416419506073 -2.0862040519714355
-0.19614727795124054 0.5872482657432556 -0.785280704498291 0.11028901487588882 0.10158349573612213 -0.7843591570854187 -0.611932635307312 -0.6662538647651672 -0.9752984642982483 -0.19980046153068542 0.094195157289505 -2.0862176418304443
-0.19612962007522583 0.5872440934181213 -0.7852882146835327 0.11029209941625595 0.10159911215305328 -0.7843620181083679 -0.6119263768196106 -0.6662593483924866 -0.9753003716468811 -0.1998014599084854 0.09417311102151871 -2.0862293243408203
-0.1962108016014099 0.5872296690940857 -0.7852787375450134 0.11029503494501114 0.10160396248102188 -0.784359335899353 -0.6119289994239807 -0.6662858724594116 -0.9752835631370544 -0.19985449314117432 0.0942348837852478 -2.0861358642578125
-0.19618864357471466 0.5872744917869568 -0.785250723361969 0.11034291982650757 0.10156627744436264 -0.7843356728553772 -0.6119655966758728 -0.6663162708282471 -0.975291907787323 -0.19981569051742554 0.09423043578863144 -2.0860941410064697
-0.19618862867355347 0.587250292301178 -0.7852688431739807 0.11033706367015839 0.10161393135786057 -0.7843447327613831 -0.6119460463523865 -0.6662929058074951 -0.9752869606018066 -0.1998511105775833 0.09420668333768845 -2.086139440536499
-0.19631607830524445 0.5873652696609497 -0.7851510047912598 0.11028297245502472 0.1015017107129097 -0.7842577695846558 -0.6120761632919312 -0.6662870645523071 -0.9752730131149292 -0.1998545527458191 0.09434381127357483 -2.086102247238159
-0.1962883174419403 0.587360680103302 -0.7851613759994507 0.11028438806533813 0.10148978233337402 -0.7842682003974915 -0.6120647192001343 -0.6662896871566772 -0.9752798080444336 -0.19982700049877167 0.09433156251907349 -2.0861170291900635
-0.19628162682056427 0.5874423384666443 -0.7851019501686096 0.11025918275117874 0.10152484476566315 -0.7841984033584595 -0.6121483445167542 -0.6662291288375854 -0.9752775430679321 -0.1998608112335205 0.09428372979164124 -2.086115837097168
-0.19632813334465027 0.587381899356842 -0.7851355075836182 0.11023502051830292 0.10152605175971985 -0.7842378616333008 -0.6120976209640503 -0.6662704348564148 -0.9752680659294128 -0.19988366961479187 0.09433336555957794 -2.0860698223114014
-0.19624778628349304 0.5873450040817261 -0.7851831912994385 0.11026492714881897 0.10155881941318512 -0.7842727303504944 -0.6120474934577942 -0.6662320494651794 -0.9752808213233948 -0.199855238199234 0.09426169842481613 -2.0860984325408936
-0.1962379515171051 0.5873593688011169 -0.7851749062538147 0.1102667897939682 0.10154720395803452 -0.7842655181884766 -0.6120586395263672 -0.6662399172782898 -0.9752839803695679 -0.1998414397239685 0.09425793588161469 -2.086095094680786
-0.19620712101459503 0.5873940587043762 -0.7851566672325134 0.11027079820632935 0.10157220810651779 -0.7842382788658142 -0.6120893955230713 -0.6662642955780029 -0.9752876162528992 -0.19984638690948486 0.0942101925611496 -2.0860512256622314
-0.1962244212627411 0.5873667001724243 -0.7851728200912476 0.11027324199676514 0.10159876197576523 -0.7842513918876648 -0.6120681762695312 -0.6662691831588745 -0.9752813577651978 -0.19987529516220093 0.09421353042125702 -2.0860378742218018
-0.19619965553283691 0.5873497724533081 -0.7851917147636414 0.1102733239531517 0.10149844735860825 -0.7842891216278076 -0.6120364665985107 -0.666276752948761 -0.9752967953681946 -0.19977708160877228 0.09426214545965195 -2.086066484451294
-0.19618558883666992 0.5872998237609863 -0.7852325439453125 0.11028150469064713 0.10155581682920456 -0.7843185663223267 -0.6119892597198486 -0.6662680506706238 -0.9752936363220215 -0.19980840384960175 0.09422825276851654 -2.086113929748535
-0.1962154060602188 0.5872814655303955 -0.7852388024330139 0.11027976870536804 0.10156530886888504 -0.7843261361122131 -0.6119779944419861 -0.6662701964378357 -0.9752866625785828 -0.19983252882957458 0.0942494198679924 -2.086116075515747
-0.19622227549552917 0.5872436165809631 -0.7852654457092285 0.11028701812028885 0.10162313282489777 -0.7843427062034607 -0.6119471788406372 -0.6662395000457764 -0.9752792119979858 -0.1998787820339203 0.09422793984413147 -2.0861432552337646
-0.1962141990661621 0.5872143507003784 -0.7852893471717834 0.11029721051454544 0.10164942592382431 -0.7843614220619202 -0.6119188070297241 -0.6662507057189941 -0.9752781391143799 -0.1998913586139679 0.09421282261610031 -2.0861542224884033
-0.19622676074504852 0.5872483253479004 -0.785260796546936 0.11028315126895905 0.10170689225196838 -0.784321129322052 -0.6119608879089355 -0.6662526726722717 -0.975269615650177 -0.19994951784610748 0.09417755901813507 -2.0861799716949463
-0.1962624192237854 0.5872340798377991 -0.7852625250816345 0.11026442050933838 0.10172510892152786 -0.7843227982521057 -0.6119557023048401 -0.6662352681159973 -0.9752605557441711 -0.19998480379581451 0.09419660270214081 -2.086160182952881
-0.19628000259399414 0.5872209072113037 -0.7852680087089539 0.11028168350458145 0.10168106853961945 -0.7843393087387085 -0.6119418740272522 -0.6662173867225647 -0.9752615690231323 -0.19995883107185364 0.09424084424972534 -2.0861973762512207
-0.19632317125797272 0.5872951745986938 -0.7852016091346741 0.11026185750961304 0.10162389278411865 -0.7842862010002136 -0.612019419670105 -0.6662178635597229 -0.9752588272094727 -0.19994883239269257 0.09429030120372772 -2.0862269401550293
-0.19630983471870422 0.5872814655303955 -0.7852152585983276 0.11026181280612946 0.10162319988012314 -0.7842991948127747 -0.6120029091835022 -0.6662200093269348 -0.9752616286277771 -0.19993826746940613 0.09428419917821884 -2.0862512588500977
-0.19635529816150665 0.5872631669044495 -0.7852175831794739 0.11026638001203537 0.10163231194019318 -0.7843043208122253 -0.6119948029518127 -0.6661834120750427 -0.9752514958381653 -0.19997188448905945 0.09431736916303635 -2.086232900619507
-0.1963358223438263 0.5872520804405212 -0.7852306962013245 0.11026815325021744 0.10162030905485153 -0.7843185067176819 -0.6119785904884338 -0.6661891937255859 -0.9752566814422607 -0.19994869828224182 0.09431304782629013 -2.0862460136413574
-0.1963820457458496 0.5872824788093567 -0.7851964235305786 0.11025025695562363 0.10158228874206543 -0.7842952609062195 -0.6120147109031677 -0.6661860942840576 -0.975251317024231 -0.19995073974132538 0.0943639799952507 -2.086254119873047
-0.1963362693786621 0.5872893929481506 -0.78520268201828 0.11026550829410553 0.1015515923500061 -0.7843034267425537 -0.6120093464851379 -0.6662000417709351 -0.975263774394989 -0.19989819824695587 0.09434700757265091 -2.086289405822754
-0.19632995128631592 0.5872600674629211 -0.7852262258529663 0.11025041341781616 0.101580910384655 -0.7843213677406311 -0.6119815111160278 -0.6662731766700745 -0.9752619862556458 -0.19991429150104523 0.09433133900165558 -2.0862598419189453
-0.19631274044513702 0.5872541666030884 -0.7852349281311035 0.11025690287351608 0.10155674070119858 -0.7843336462974548 -0.6119698286056519 -0.6662480235099792 -0.9752679467201233 -0.1998833566904068 0.09433503448963165 -2.0862553119659424
-0.19632850587368011 0.5873116850852966 -0.7851879596710205 0.11026123911142349 0.10155941545963287 -0.7842857241630554 -0.6120307445526123 -0.6662476062774658 -0.9752644896507263 -0.19990229606628418 0.09433058649301529 -2.0862598419189453
-0.19637586176395416 0.5873043537139893 -0.7851816415786743 0.110280342400074 0.1015808954834938 -0.784279465675354 -0.6120351552963257 -0.6662668585777283 -0.9752527475357056 -0.19994838535785675 0.09435462951660156 -2.086231231689453
-0.19644169509410858 0.5873247385025024 -0.785149872303009 0.11028149724006653 0.10161971300840378 -0.7842450737953186 -0.6120728254318237 -0.6662669777870178 -0.9752354025840759 -0.20002330839633942 0.0943746343255043 -2.08622407913208
-0.19634932279586792 0.5873092412948608 -0.7851845622062683 0.11028033494949341 0.1016136035323143 -0.7842732071876526 -0.6120377779006958 -0.6662455201148987 -0.9752546548843384 -0.19995862245559692 0.0943128764629364 -2.086289644241333
-0.19635243713855743 0.5873396992683411 -0.785161018371582 0.11028748750686646 0.10157834738492966 -0.7842561602592468 -0.6120654940605164 -0.6662538647651672 -0.9752576947212219 -0.1999358981847763 0.0943295955657959 -2.086296796798706
-0.19637854397296906 0.5873467922210693 -0.7851492166519165 0.11029756814241409 0.1015373095870018 -0.7842549085617065 -0.6120738983154297 -0.6662219166755676 -0.9752567410469055 -0.19992010295391083 0.0943731963634491 -2.0862929821014404
-0.19638372957706451 0.5873278379440308 -0.7851620316505432 0.1103036031126976 0.10154467076063156 -0.7842673063278198 -0.6120567917823792 -0.6662295460700989 -0.9752548933029175 -0.19992700219154358 0.0943772941827774 -2.0863006114959717
-0.19637005031108856 0.5873560905456543 -0.7851443290710449 0.11029050499200821 0.1014523133635521 -0.7842664122581482 -0.6120732426643372 -0.666234016418457 -0.9752672910690308 -0.19984754920005798 0.09441778063774109 -2.0863149166107178
-0.19635571539402008 0.5873407125473022 -0.7851594090461731 0.1102900579571724 0.1014569103717804 -0.7842797636985779 -0.6120554208755493 -0.6662406325340271 -0.9752696752548218 -0.19984041154384613 0.09440801292657852 -2.0863234996795654
-0.19632472097873688 0.5873318910598755 -0.785173773765564 0.11029129475355148 0.10145178437232971 -0.7842926383018494 -0.6120397448539734 -0.666234016418457 -0.9752764701843262 -0.1998157948255539 0.0943901315331459 -2.0863494873046875
-0.19631609320640564 0.5874010324478149 -0.7851242423057556 0.11027907580137253 0.10141109675168991 -0.7842484712600708 -0.6121031045913696 -0.6662331819534302 -0.9752824306488037 -0.199785977602005 0.0943915843963623 -2.086341381072998
-0.19630756974220276 0.5873869061470032 -0.7851369380950928 0.110272116959095 0.1014094203710556 -0.784261167049408 -0.612087070941925 -0.6662474274635315 -0.9752843379974365 -0.19977758824825287 0.09438981115818024 -2.086329221725464
-0.19633719325065613 0.5873885750770569 -0.7851282954216003 0.11027621477842331 0.10142160952091217 -0.7842526435852051 -0.6120959520339966 -0.6662663221359253 -0.9752770662307739 -0.19980616867542267 0.09440404176712036 -2.0863425731658936
-0.1962968409061432 0.5874249339103699 -0.785111129283905 0.11030460149049759 0.10150689631700516 -0.7842132449150085 -0.6121323108673096 -0.6662697196006775 -0.9752763509750366 -0.1998538225889206 0.09431087225675583 -2.0863051414489746
-0.19628866016864777 0.587462842464447 -0.7850848436355591 0.11025606095790863 0.10150408744812012 -0.7841855883598328 -0.6121681928634644 -0.6662448048591614 -0.9752782583236694 -0.19985099136829376 0.09429683536291122 -2.086247682571411
-0.19630767405033112 0.5874170660972595 -0.7851143479347229 0.1102626621723175 0.10150712728500366 -0.7842175960540771 -0.6121267080307007 -0.666266143321991 -0.9752741456031799 -0.1998598575592041 0.0943208858370781 -2.086230516433716
-0.19631877541542053 0.5874355435371399 -0.7850977182388306 0.11024865508079529 0.10151329636573792 -0.7842001914978027 -0.6121479868888855 -0.6662704348564148 -0.9752712249755859 -0.19987399876117706 0.09432067722082138 -2.086226463317871
-0.19630952179431915 0.5874736905097961 -0.7850714921951294 0.11027627438306808 0.10152805596590042 -0.7841688394546509 -0.6121856570243835 -0.6662447452545166 -0.9752715826034546 -0.19988465309143066 0.0942947268486023 -2.086209774017334
-0.19630497694015503 0.5875152945518494 -0.7850415110588074 0.11027075350284576 0.10152442753314972 -0.7841379046440125 -0.6122258901596069 -0.6662470698356628 -0.9752728939056396 -0.19988387823104858 0.09428299963474274 -2.0861988067626953
-0.1962742805480957 0.5874581933021545 -0.7850918769836426 0.11028630286455154 0.1015654131770134 -0.7841789126396179 -0.6121665835380554 -0.6662392616271973 -0.9752748012542725 -0.19989071786403656 0.0942486971616745 -2.08624267578125
-0.1962742656469345 0.5875166058540344 -0.7850481867790222 0.11027579009532928 0.10156407207250595 -0.7841336727142334 -0.6122247576713562 -0.6662377119064331 -0.975274920463562 -0.1998966485261917 0.0942346528172493 -2.086219549179077
-0.19632205367088318 0.5875042676925659 -0.7850455045700073 0.11028620600700378 0.1015782505273819 -0.7841327786445618 -0.6122235655784607 -0.6662480235099792 -0.9752638339996338 -0.19993652403354645 0.09426487237215042 -2.086272716522217
-0.19625212252140045 0.5875045657157898 -0.7850627303123474 0.11027447879314423 0.10151440650224686 -0.7841567993164062 -0.6122034192085266 -0.6662178039550781 -0.9752845764160156 -0.19984139502048492 0.09425222128629684 -2.0863163471221924
-0.1962520331144333 0.587527334690094 -0.7850457429885864 0.11027327924966812 0.10151119530200958 -0.7841396927833557 -0.6122258305549622 -0.6662150621414185 -0.9752849340438843 -0.1998414844274521 0.09424836933612823 -2.0863139629364014
-0.19623105227947235 0.587519645690918 -0.7850567102432251 0.11025478690862656 0.10150699317455292 -0.7841498851776123 -0.6122134923934937 -0.6662073135375977 -0.9752895832061768 -0.1998240351676941 0.09423717856407166 -2.086303949356079
-0.19619812071323395 0.587537944316864 -0.7850512862205505 0.11026683449745178 0.10145477205514908 -0.7841516137123108 -0.6122199296951294 -0.6662242412567139 -0.9753016233444214 -0.19976358115673065 0.09424052387475967 -2.086334228515625
-0.19615574181079865 0.5875237584114075 -0.7850725054740906 0.11027124524116516 0.1014648973941803 -0.7841673493385315 -0.6121980547904968 -0.6661859154701233 -0.9753090739250183 -0.19974344968795776 0.09420586377382278 -2.0863447189331055
-0.1961688995361328 0.5875442028045654 -0.7850538492202759 0.11025113612413406 0.10142391175031662 -0.7841576933860779 -0.6122172474861145 -0.666167676448822 -0.9753106832504272 -0.19972121715545654 0.09423628449440002 -2.0863780975341797
-0.19617541134357452 0.5875349640846252 -0.7850591540336609 0.11025013774633408 0.10145565867424011 -0.7841573357582092 -0.6122124195098877 -0.6661708354949951 -0.9753060936927795 -0.19974970817565918 0.09422361850738525 -2.08638072013855
-0.19615475833415985 0.587554395198822 -0.7850497961044312 0.11026982218027115 0.1013869047164917 -0.7841596007347107 -0.6122209429740906 -0.6661635637283325 -0.9753174185752869 -0.1996838003396988 0.0942462757229805 -2.0863609313964844
-0.1961488127708435 0.5875560641288757 -0.7850500345230103 0.110268734395504 0.10137537866830826 -0.7841615676879883 -0.612220287322998 -0.6661620140075684 -0.9753198027610779 -0.19967101514339447 0.09424862265586853 -2.0863635540008545
-0.19613684713840485 0.5875881910324097 -0.7850289940834045 0.11027926206588745 0.10136687755584717 -0.7841402292251587 -0.6122490763664246 -0.6661721467971802 -0.9753230810165405 -0.1996605396270752 0.09423678368330002 -2.0863773822784424
-0.19617746770381927 0.5875930786132812 -0.7850151658058167 0.11027964949607849 0.10136249661445618 -0.7841308116912842 -0.6122618317604065 -0.6662054657936096 -0.9753153920173645 -0.1996830701828003 0.09426887333393097 -2.0863430500030518
-0.1961975246667862 0.5876051187515259 -0.7850011587142944 0.11025453358888626 0.10128744691610336 -0.7841335535049438 -0.612270712852478 -0.6661799550056458 -0.9753191471099854 -0.19963674247264862 0.09432801604270935 -2.086329936981201
-0.1962071806192398 0.5876061320304871 -0.7849979996681213 0.11025086790323257 0.10126284509897232 -0.7841362953186035 -0.6122713088989258 -0.6661786437034607 -0.9753197431564331 -0.19962315261363983 0.09435047209262848 -2.0863265991210938
-0.19623708724975586 0.5875804424285889 -0.7850097417831421 0.11026807129383087 0.10128060728311539 -0.7841479182243347 -0.6122534871101379 -0.6662038564682007 -0.9753118753433228 -0.19965308904647827 0.09436836838722229 -2.0862889289855957
-0.19619734585285187 0.5875869989395142 -0.7850147485733032 0.11030595004558563 0.10119713097810745 -0.7841662168502808 -0.6122438311576843 -0.6662427186965942 -0.9753285646438599 -0.19956184923648834 0.0943891853094101 -2.086322546005249
-0.19613949954509735 0.587537944316864 -0.7850658893585205 0.11028451472520828 0.10117192566394806 -0.7842188477516174 -0.6121806502342224 -0.6662434339523315 -0.9753428101539612 -0.19949941337108612 0.094373919069767 -2.0863566398620605
-0.19616645574569702 0.5875359773635864 -0.7850606441497803 0.11028852313756943 0.10118507593870163 -0.7842133641242981 -0.6121854186058044 -0.6662518978118896 -0.9753360152244568 -0.19952665269374847 0.09438645839691162 -2.08636212348938
-0.19608905911445618 0.5874694585800171 -0.7851297855377197 0.11031822115182877 0.10119026154279709 -0.78427654504776 -0.6121036410331726 -0.6662240624427795 -0.9753510355949402 -0.1994743049144745 0.09434182941913605 -2.0863149166107178
-0.19609728455543518 0.5874567031860352 -0.7851372361183167 0.11032503843307495 0.10118279606103897 -0.7842866778373718 -0.6120918989181519 -0.6662335395812988 -0.9753501415252686 -0.19947193562984467 0.09435594081878662 -2.0863075256347656
