# 3x4 first row second row third row Freq: 100 current Time: 2021-07-28-20:02:39
-0.40866217017173767 0.46444904804229736 -0.785673201084137 0.2291555255651474 0.021077148616313934 -0.8558043837547302 -0.5168700814247131 -0.7529225945472717 -0.9124423265457153 -0.22778499126434326 0.33994558453559875 -2.2531485557556152
-0.4086560010910034 0.4644889831542969 -0.785652756690979 0.22915484011173248 0.02103986032307148 -0.8557884097099304 -0.516897976398468 -0.7529290914535522 -0.9124459624290466 -0.22776348888874054 0.3399502635002136 -2.253139019012451
-0.4087328016757965 0.464449405670166 -0.7856362462043762 0.229145810008049 0.021020997315645218 -0.8558065295219421 -0.5168687701225281 -0.7529057860374451 -0.9124119877815247 -0.22777606546878815 0.34003299474716187 -2.2531189918518066
-0.40874505043029785 0.46442753076553345 -0.7856428027153015 0.2291455715894699 0.021016478538513184 -0.8558200597763062 -0.5168465971946716 -0.7529198527336121 -0.9124066233634949 -0.2277699112892151 0.340051531791687 -2.2531416416168213
-0.40873846411705017 0.4644208252429962 -0.7856501936912537 0.22913207113742828 0.021018387749791145 -0.8558250665664673 -0.5168381929397583 -0.7529199123382568 -0.9124095439910889 -0.22776472568511963 0.3400472104549408 -2.2531092166900635
-0.4086094796657562 0.46448394656181335 -0.7856799364089966 0.22912515699863434 0.021001355722546577 -0.8558089733123779 -0.5168654918670654 -0.7529178857803345 -0.9124676585197449 -0.227696493268013 0.33993685245513916 -2.253086566925049
-0.4085736870765686 0.46448585391044617 -0.7856974601745605 0.22911088168621063 0.021013418212532997 -0.8558105826377869 -0.5168623328208923 -0.7529168725013733 -0.9124834537506104 -0.2276865392923355 0.33990123867988586 -2.253044605255127
-0.4086343050003052 0.46450796723365784 -0.7856528162956238 0.22917892038822174 0.020936861634254456 -0.8558052182197571 -0.516874372959137 -0.7529461979866028 -0.912458062171936 -0.22766171395778656 0.33998599648475647 -2.2530791759490967
-0.4086209535598755 0.4644925892353058 -0.7856688499450684 0.2292240411043167 0.020952653139829636 -0.8558135628700256 -0.5168599486351013 -0.7529827952384949 -0.9124636650085449 -0.2276616245508194 0.33997097611427307 -2.2531144618988037
-0.40864095091819763 0.4644688367843628 -0.7856724858283997 0.22921772301197052 0.020910469815135002 -0.8558364510536194 -0.5168237686157227 -0.7529855370521545 -0.912455677986145 -0.22762413322925568 0.34001752734184265 -2.25314998626709
-0.4086085557937622 0.4644007682800293 -0.7857295870780945 0.22923868894577026 0.020979467779397964 -0.8558692932128906 -0.5167664885520935 -0.7529577612876892 -0.9124686121940613 -0.22763940691947937 0.3399726152420044 -2.253230333328247
-0.40862399339675903 0.4643925726413727 -0.7857264280319214 0.2292470484972 0.020993251353502274 -0.8558686971664429 -0.5167669057846069 -0.7529568076133728 -0.9124613404273987 -0.22765831649303436 0.3399793803691864 -2.253211498260498
-0.40867266058921814 0.46438583731651306 -0.7857050895690918 0.22922170162200928 0.02103266492486 -0.8558553457260132 -0.5167874693870544 -0.752905547618866 -0.9124386310577393 -0.2277223914861679 0.33999738097190857 -2.253253221511841
-0.40869632363319397 0.4643919765949249 -0.7856891751289368 0.2292243242263794 0.021017080172896385 -0.8558512926101685 -0.5167948007583618 -0.7528972625732422 -0.9124284386634827 -0.22772501409053802 0.34002310037612915 -2.2532310485839844
-0.40870770812034607 0.464367538690567 -0.7856976985931396 0.22921651601791382 0.021107075735926628 -0.8558430671691895 -0.5168048143386841 -0.7529130578041077 -0.9124212265014648 -0.22780588269233704 0.33998817205429077 -2.253199338912964
-0.40872010588645935 0.4643516540527344 -0.7857006192207336 0.22921627759933472 0.021111179143190384 -0.8558504581451416 -0.5167924165725708 -0.7529083490371704 -0.912415623664856 -0.22781050205230713 0.3400002419948578 -2.2531723976135254
-0.40880587697029114 0.4643828868865967 -0.7856374979019165 0.22919431328773499 0.021109305322170258 -0.8558162450790405 -0.5168490409851074 -0.7529116868972778 -0.9123771786689758 -0.22787520289421082 0.34005990624427795 -2.253124713897705
-0.4088113605976105 0.4643704295158386 -0.7856420278549194 0.22919030487537384 0.021130355075001717 -0.8558182716369629 -0.5168448090553284 -0.7529060244560242 -0.9123742580413818 -0.2278929203748703 0.3400558829307556 -2.253086805343628
-0.4087423086166382 0.4643780589103699 -0.7856734395027161 0.22917257249355316 0.021165015175938606 -0.8558159470558167 -0.5168473124504089 -0.7528902292251587 -0.9124044179916382 -0.2278861403465271 0.3399795889854431 -2.2531120777130127
-0.40875062346458435 0.4643843173980713 -0.7856654524803162 0.2291686236858368 0.0211440809071064 -0.8558157086372375 -0.5168485641479492 -0.7528843879699707 -0.9124011397361755 -0.22787433862686157 0.33999621868133545 -2.253080129623413
-0.40875282883644104 0.46435853838920593 -0.7856795191764832 0.22914934158325195 0.0212091151624918 -0.8558160662651062 -0.5168452858924866 -0.7529128789901733 -0.9123986959457397 -0.22792553901672363 0.33996856212615967 -2.2531142234802246
-0.4087492823600769 0.46436163783073425 -0.7856795191764832 0.22914105653762817 0.021222349256277084 -0.8558112978935242 -0.5168526768684387 -0.7529118657112122 -0.91239994764328 -0.22793710231781006 0.3399573862552643 -2.2530829906463623
-0.40874359011650085 0.46437206864356995 -0.7856763005256653 0.22916489839553833 0.021155059337615967 -0.8558221459388733 -0.5168374180793762 -0.7529225945472717 -0.9124040603637695 -0.2278750091791153 0.33998799324035645 -2.253124237060547
-0.40875330567359924 0.4643755853176117 -0.785669207572937 0.22916199266910553 0.021142713725566864 -0.8558213710784912 -0.5168392658233643 -0.7529265880584717 -0.9124000072479248 -0.22787092626094818 0.3400016129016876 -2.253093719482422
-0.40876930952072144 0.46438804268836975 -0.7856534719467163 0.2291686236858368 0.021132370457053185 -0.8558130860328674 -0.5168533325195312 -0.7529634237289429 -0.9123930931091309 -0.22787649929523468 0.3400164842605591 -2.2531421184539795
-0.4087646007537842 0.46442702412605286 -0.7856329083442688 0.22917932271957397 0.021143022924661636 -0.855785608291626 -0.516898512840271 -0.7529744505882263 -0.9123949408531189 -0.2279004454612732 0.33999544382095337 -2.2531397342681885
-0.4087125062942505 0.4644826054573059 -0.7856271266937256 0.22917866706848145 0.021032873541116714 -0.855785071849823 -0.516903817653656 -0.7529670000076294 -0.9124208092689514 -0.22778905928134918 0.34000062942504883 -2.2531943321228027
-0.4087480902671814 0.4644375443458557 -0.7856352925300598 0.2291923463344574 0.021090932190418243 -0.855794370174408 -0.5168860554695129 -0.7529531121253967 -0.9124035239219666 -0.2278459668159485 0.3400088846683502 -2.2531933784484863
-0.4087371230125427 0.464407354593277 -0.7856588363647461 0.22918125987052917 0.021086137741804123 -0.8558172583580017 -0.5168483853340149 -0.752945601940155 -0.9124085307121277 -0.22782163321971893 0.34001168608665466 -2.2531814575195312
-0.4087475836277008 0.46439430117607117 -0.7856611013412476 0.22918818891048431 0.021098127588629723 -0.8558211326599121 -0.516841471195221 -0.7529425024986267 -0.9124035835266113 -0.22783367335796356 0.3400169312953949 -2.2532553672790527
-0.40874743461608887 0.4643864333629608 -0.7856658697128296 0.22918222844600677 0.021093565970659256 -0.8558274507522583 -0.5168311595916748 -0.7529406547546387 -0.9124037623405457 -0.22782589495182037 0.34002169966697693 -2.2532341480255127
-0.4086691439151764 0.4644167125225067 -0.7856886982917786 0.22917652130126953 0.02111826464533806 -0.8558142185211182 -0.516852080821991 -0.7529032826423645 -0.9124382734298706 -0.22781386971473694 0.3399371802806854 -2.253185272216797
-0.40866944193840027 0.46440112590789795 -0.7856976985931396 0.2291765958070755 0.02112557180225849 -0.8558226227760315 -0.5168378949165344 -0.7528930306434631 -0.9124379754066467 -0.22781415283679962 0.3399377763271332 -2.253156900405884
-0.40864354372024536 0.46441709995269775 -0.7857017517089844 0.22916129231452942 0.0211016908288002 -0.8558223247528076 -0.516839325428009 -0.7528753280639648 -0.9124501347541809 -0.2277826964855194 0.33992627263069153 -2.2531633377075195
-0.40863630175590515 0.4644169807434082 -0.78570556640625 0.2291618436574936 0.02111128345131874 -0.8558211922645569 -0.5168408155441284 -0.7528613209724426 -0.9124531149864197 -0.22778718173503876 0.3399151563644409 -2.2531380653381348
-0.408635675907135 0.4644257128238678 -0.7857007384300232 0.22917644679546356 0.021025627851486206 -0.8558369278907776 -0.5168182849884033 -0.7528841495513916 -0.9124553799629211 -0.22771023213863373 0.33996063470840454 -2.2532026767730713
-0.40863028168678284 0.4644356667995453 -0.7856976389884949 0.22917404770851135 0.0210106298327446 -0.8558350205421448 -0.5168220400810242 -0.7528766989707947 -0.9124581217765808 -0.22769713401794434 0.3399620056152344 -2.253171920776367
-0.4085932672023773 0.46444106101989746 -0.7857137322425842 0.2291671186685562 0.021004006266593933 -0.855839192867279 -0.5168153643608093 -0.7528892159461975 -0.9124748706817627 -0.22767041623592377 0.33993497490882874 -2.2532286643981934
-0.40860626101493835 0.4644264280796051 -0.785715639591217 0.2291659414768219 0.021007493138313293 -0.8558458089828491 -0.5168042778968811 -0.7528842687606812 -0.9124689698219299 -0.22767536342144012 0.33994749188423157 -2.2532057762145996
-0.40855181217193604 0.46453747153282166 -0.7856782674789429 0.2291596531867981 0.020958080887794495 -0.8557940125465393 -0.5168920159339905 -0.7529365420341492 -0.9124944806098938 -0.2276434749364853 0.33990034461021423 -2.2532191276550293
-0.40856581926345825 0.4645492434501648 -0.7856640219688416 0.2291635125875473 0.020980151370167732 -0.8557784557342529 -0.5169168710708618 -0.7529436945915222 -0.9124876856803894 -0.22767792642116547 0.33989548683166504 -2.2531943321228027
-0.4085592031478882 0.46453604102134705 -0.7856752872467041 0.22915513813495636 0.020963365212082863 -0.8557924628257751 -0.5168944597244263 -0.7529093027114868 -0.9124910831451416 -0.22765237092971802 0.3399035930633545 -2.253182888031006
-0.40854400396347046 0.4645436704158783 -0.7856786847114563 0.22914962470531464 0.020986283197999 -0.8557841777801514 -0.5169071555137634 -0.7529082298278809 -0.912497341632843 -0.22766779363155365 0.3398764133453369 -2.2531545162200928
-0.40852218866348267 0.4645220935344696 -0.7857027649879456 0.22918915748596191 0.020960915833711624 -0.8558083176612854 -0.5168682932853699 -0.7528923749923706 -0.9125077128410339 -0.2276211977005005 0.3398798406124115 -2.253230571746826
-0.40857213735580444 0.46445807814598083 -0.7857146263122559 0.2292189598083496 0.02097625844180584 -0.8558383584022522 -0.5168178677558899 -0.7528860569000244 -0.9124850034713745 -0.22763872146606445 0.33992910385131836 -2.2532455921173096
-0.40858379006385803 0.46443966031074524 -0.7857194542884827 0.22922560572624207 0.020974230021238327 -0.8558490872383118 -0.5168002247810364 -0.7528751492500305 -0.912479817867279 -0.22763603925704956 0.3399447798728943 -2.25323224067688
-0.4085937738418579 0.46442893147468567 -0.7857206463813782 0.2292252779006958 0.02096281573176384 -0.8558573722839355 -0.5167869329452515 -0.7528810501098633 -0.9124755859375 -0.22762684524059296 0.3399622142314911 -2.2532925605773926
-0.4085765779018402 0.46441739797592163 -0.7857363820075989 0.22923369705677032 0.020962094888091087 -0.8558679223060608 -0.5167694687843323 -0.752875566482544 -0.9124833345413208 -0.22761057317256927 0.33995240926742554 -2.2532801628112793
-0.4085739850997925 0.46446970105171204 -0.7857068181037903 0.2292236089706421 0.02090355008840561 -0.8558485507965088 -0.5168039202690125 -0.752918541431427 -0.9124858379364014 -0.22757668793201447 0.33996838331222534 -2.2532880306243896
-0.4085848331451416 0.4644467532634735 -0.7857147455215454 0.2292293906211853 0.020913168787956238 -0.8558594584465027 -0.5167854428291321 -0.7529183030128479 -0.9124807715415955 -0.22758246958255768 0.3399781286716461 -2.253270149230957
-0.4085356295108795 0.4644792079925537 -0.7857211828231812 0.2292230874300003 0.02088875137269497 -0.8558523058891296 -0.5167983770370483 -0.7529021501541138 -0.9125033020973206 -0.22754326462745667 0.3399437367916107 -2.2533063888549805
-0.40852928161621094 0.46448642015457153 -0.78572016954422 0.22922679781913757 0.02086653746664524 -0.8558541536331177 -0.5167961716651917 -0.7528987526893616 -0.9125066995620728 -0.2275216281414032 0.33994922041893005 -2.2532901763916016
-0.408638060092926 0.4644927680492401 -0.7856598496437073 0.2292080521583557 0.02076997607946396 -0.85585618019104 -0.5167967081069946 -0.752864420413971 -0.9124601483345032 -0.22750093042850494 0.340087890625 -2.25331711769104
-0.4086388647556305 0.464499294757843 -0.7856556177139282 0.22920121252536774 0.020769959315657616 -0.8558517694473267 -0.5168039798736572 -0.7528602480888367 -0.9124597907066345 -0.22750422358512878 0.3400866389274597 -2.2533016204833984
-0.40866899490356445 0.4644991159439087 -0.7856400012969971 0.22918936610221863 0.02073230966925621 -0.8558563590049744 -0.5167979598045349 -0.7528699636459351 -0.9124471545219421 -0.22748742997646332 0.3401317894458771 -2.2533061504364014
-0.40867385268211365 0.4644761085510254 -0.7856510877609253 0.22918301820755005 0.02074788138270378 -0.8558667898178101 -0.5167800188064575 -0.7528649568557739 -0.9124446511268616 -0.22749507427215576 0.3401334583759308 -2.253286838531494
-0.4086324870586395 0.464510977268219 -0.7856519818305969 0.22913703322410583 0.020757397636771202 -0.8558482527732849 -0.5168102979660034 -0.7528733015060425 -0.9124629497528076 -0.22749356925487518 0.34008535742759705 -2.253303289413452
-0.40865057706832886 0.46450936794281006 -0.7856435179710388 0.22913086414337158 0.020748212933540344 -0.8558486700057983 -0.5168100595474243 -0.7528634667396545 -0.9124550819396973 -0.22749541699886322 0.3401052951812744 -2.2532856464385986
-0.4086255133152008 0.464586079120636 -0.7856112122535706 0.22920387983322144 0.020661622285842896 -0.8558238744735718 -0.5168545246124268 -0.752895176410675 -0.9124682545661926 -0.22743193805217743 0.3401123285293579 -2.2534000873565674
-0.4087000787258148 0.46452441811561584 -0.7856088876724243 0.22921040654182434 0.02067989483475685 -0.8558476567268372 -0.5168144106864929 -0.7528505921363831 -0.912434458732605 -0.22746838629245758 0.3401786684989929 -2.2533600330352783
-0.4086388349533081 0.4646190106868744 -0.7855848073959351 0.22918444871902466 0.02064034342765808 -0.8558053374290466 -0.5168861150741577 -0.7528617978096008 -0.9124627709388733 -0.22743447124958038 0.3401253819465637 -2.253380298614502
-0.40855205059051514 0.46460890769958496 -0.7856359481811523 0.22918756306171417 0.020673971623182297 -0.8558178544044495 -0.5168640613555908 -0.7528562545776367 -0.9125008583068848 -0.22740806639194489 0.34004080295562744 -2.2533836364746094
-0.40856021642684937 0.46461737155914307 -0.7856266498565674 0.22918373346328735 0.020683443173766136 -0.8558085560798645 -0.5168790221214294 -0.7528570890426636 -0.9124969840049744 -0.227425679564476 0.3400394320487976 -2.253363847732544
-0.408511757850647 0.4645707905292511 -0.7856794595718384 0.22919337451457977 0.02075267769396305 -0.8558298945426941 -0.516840934753418 -0.7528586983680725 -0.9125171303749084 -0.22744053602218628 0.3399754464626312 -2.2533555030822754
-0.408505380153656 0.4645598828792572 -0.7856891751289368 0.2291906625032425 0.020760508254170418 -0.8558361530303955 -0.5168302059173584 -0.7528585195541382 -0.9125198125839233 -0.22743922472000122 0.3399691581726074 -2.2533352375030518
-0.4085268974304199 0.4645891487598419 -0.7856606841087341 0.22921696305274963 0.02075722999870777 -0.8558142185211182 -0.5168667435646057 -0.7528830766677856 -0.9125102758407593 -0.22746208310127258 0.33997949957847595 -2.2533555030822754
-0.408434122800827 0.4646051228046417 -0.7856994867324829 0.22921493649482727 0.020769938826560974 -0.8558157086372375 -0.5168637037277222 -0.7528991103172302 -0.9125514626502991 -0.22742368280887604 0.33989450335502625 -2.2533276081085205
-0.4084559977054596 0.46459853649139404 -0.7856919765472412 0.22921133041381836 0.020759113132953644 -0.8558191657066345 -0.5168583989143372 -0.7528677582740784 -0.912541925907135 -0.22742418944835663 0.3399198055267334 -2.2532858848571777
-0.4084527790546417 0.4645930528640747 -0.7856969237327576 0.22920988500118256 0.020738380029797554 -0.8558284640312195 -0.516843855381012 -0.7528626918792725 -0.9125438332557678 -0.22740037739276886 0.33993059396743774 -2.2532591819763184
-0.40846970677375793 0.4645383656024933 -0.7857204675674438 0.22920317947864532 0.020775942131876945 -0.8558523058891296 -0.5168028473854065 -0.7528678774833679 -0.9125354290008545 -0.22742240130901337 0.3399384915828705 -2.2532858848571777
-0.40846118330955505 0.4645549952983856 -0.7857150435447693 0.22920382022857666 0.02075490541756153 -0.8558480143547058 -0.5168108344078064 -0.7528640031814575 -0.9125397205352783 -0.22740459442138672 0.3399388790130615 -2.2532598972320557
-0.4085233807563782 0.4645291864871979 -0.7856979966163635 0.22923888266086578 0.02077300287783146 -0.8558502793312073 -0.5168063044548035 -0.7528607249259949 -0.9125114679336548 -0.22744877636432648 0.3399851620197296 -2.2532618045806885
-0.40849724411964417 0.4645766019821167 -0.7856835126876831 0.2292385846376419 0.02072216384112835 -0.855836033821106 -0.5168319344520569 -0.752849280834198 -0.9125242829322815 -0.22740548849105835 0.3399796187877655 -2.2532389163970947
-0.4085179269313812 0.4644957482814789 -0.7857205867767334 0.22920149564743042 0.020721599459648132 -0.8558859825134277 -0.5167492628097534 -0.7528474926948547 -0.9125150442123413 -0.22738273441791534 0.3400196433067322 -2.253274917602539
-0.40851232409477234 0.4645770192146301 -0.7856754064559937 0.22920586168766022 0.02072521485388279 -0.8558325171470642 -0.5168376564979553 -0.7528501152992249 -0.9125174880027771 -0.22741784155368805 0.33998966217041016 -2.253282308578491
-0.40850433707237244 0.46455448865890503 -0.7856929302215576 0.2291688323020935 0.020742617547512054 -0.8558443188667297 -0.5168173909187317 -0.7528455257415771 -0.9125206470489502 -0.22741948068141937 0.33998003602027893 -2.2533130645751953
-0.40856820344924927 0.4645755887031555 -0.7856472134590149 0.22918559610843658 0.020759444683790207 -0.8558157682418823 -0.516864001750946 -0.7528542280197144 -0.9124916791915894 -0.22748379409313202 0.3400147557258606 -2.253340482711792
-0.4085807204246521 0.46454042196273804 -0.785661518573761 0.22917701303958893 0.020749978721141815 -0.8558392524719238 -0.5168255567550659 -0.7528435587882996 -0.9124863147735596 -0.2274674028158188 0.3400401771068573 -2.2533493041992188
-0.40859293937683105 0.46454229950904846 -0.7856540679931641 0.2291676104068756 0.02079487033188343 -0.8558248281478882 -0.5168476700782776 -0.7528379559516907 -0.912479817867279 -0.22751787304878235 0.34002387523651123 -2.2533390522003174
-0.4086456894874573 0.4644988477230072 -0.7856523394584656 0.22919052839279175 0.020757418125867844 -0.8558540940284729 -0.5168007016181946 -0.7528176307678223 -0.9124570488929749 -0.22749647498130798 0.3400992453098297 -2.253330945968628
-0.40861576795578003 0.46444669365882874 -0.7856987118721008 0.2292182743549347 0.02078053541481495 -0.8558875322341919 -0.5167443752288818 -0.752821683883667 -0.9124699234962463 -0.22747713327407837 0.340077668428421 -2.253392219543457
-0.40862470865249634 0.4644470512866974 -0.7856938242912292 0.22921964526176453 0.020788513123989105 -0.8558838367462158 -0.516750156879425 -0.7528142333030701 -0.9124657511711121 -0.22749027609825134 0.3400801122188568 -2.2533881664276123
-0.4087100923061371 0.46440160274505615 -0.7856763005256653 0.2292347401380539 0.02079528383910656 -0.8558980226516724 -0.5167263746261597 -0.7528756260871887 -0.9124273061752319 -0.2275296449661255 0.34015679359436035 -2.253427743911743
-0.4086982011795044 0.4644187092781067 -0.7856723666191101 0.22924141585826874 0.020809000357985497 -0.8558853268623352 -0.5167468786239624 -0.7528742551803589 -0.9124323725700378 -0.22754257917404175 0.3401346802711487 -2.253420114517212
-0.40871599316596985 0.4644041061401367 -0.7856717705726624 0.22919945418834686 0.02083074301481247 -0.8558865785598755 -0.5167438983917236 -0.7528705596923828 -0.9124239087104797 -0.2275676131248474 0.34014061093330383 -2.253448963165283
-0.40869343280792236 0.46441134810447693 -0.7856792211532593 0.22919876873493195 0.020845433697104454 -0.8558818697929382 -0.5167511701583862 -0.7528649568557739 -0.9124336242675781 -0.22757062315940857 0.3401124179363251 -2.2534427642822266
-0.4086650013923645 0.4643781781196594 -0.7857136130332947 0.2292032688856125 0.020939793437719345 -0.8558847904205322 -0.516742467880249 -0.7527914047241211 -0.9124442338943481 -0.227627232670784 0.34004613757133484 -2.2534031867980957
-0.40866491198539734 0.4644342064857483 -0.7856805324554443 0.22922967374324799 0.020915653556585312 -0.8558539748191833 -0.5167944431304932 -0.7527931332588196 -0.9124448299407959 -0.22762878239154816 0.3400435447692871 -2.2534332275390625
-0.4086489677429199 0.4644235670566559 -0.7856950759887695 0.2291831374168396 0.020903008058667183 -0.8558667302131653 -0.5167738199234009 -0.7528327703475952 -0.912452220916748 -0.22760248184204102 0.3400411903858185 -2.253439426422119
-0.4086718261241913 0.4644368290901184 -0.7856754064559937 0.22917728126049042 0.020932558923959732 -0.8558468818664551 -0.5168055295944214 -0.7528247237205505 -0.9124413132667542 -0.22765004634857178 0.3400386571884155 -2.253437042236328
-0.40872400999069214 0.4643920063972473 -0.7856746912002563 0.22916743159294128 0.020913321524858475 -0.855872631072998 -0.5167636871337891 -0.7528348565101624 -0.9124184250831604 -0.22764480113983154 0.3401036858558655 -2.253375291824341
-0.40872013568878174 0.46440213918685913 -0.7856707572937012 0.2292046695947647 0.020908083766698837 -0.8558679223060608 -0.5167717337608337 -0.7528561353683472 -0.9124202728271484 -0.22764188051223755 0.34010064601898193 -2.2534255981445312
-0.4087465703487396 0.46438392996788025 -0.7856677770614624 0.22919093072414398 0.020918773487210274 -0.8558728694915771 -0.5167630314826965 -0.7528529167175293 -0.912408173084259 -0.22766032814979553 0.34012073278427124 -2.2534098625183105
-0.40883827209472656 0.46433475613594055 -0.7856491208076477 0.2292223572731018 0.020953284576535225 -0.8558815717697144 -0.5167472958564758 -0.7528446316719055 -0.9123662710189819 -0.2277279943227768 0.34018778800964355 -2.2533795833587646
-0.40883684158325195 0.46433013677597046 -0.7856525778770447 0.2292250096797943 0.020966462790966034 -0.8558815121650696 -0.5167467594146729 -0.7528318762779236 -0.9123666286468506 -0.22773747146129608 0.34018051624298096 -2.2533555030822754
-0.4088384211063385 0.4643182158470154 -0.7856588363647461 0.22922854125499725 0.021002648398280144 -0.855880081653595 -0.5167477130889893 -0.752834677696228 -0.9123650789260864 -0.2277672290802002 0.3401647210121155 -2.253389596939087
-0.40883904695510864 0.46432003378868103 -0.7856574058532715 0.2292308658361435 0.021000878885388374 -0.8558792471885681 -0.5167492032051086 -0.7528180480003357 -0.9123648405075073 -0.2277667373418808 0.3401657044887543 -2.2533674240112305
-0.4088359475135803 0.46435055136680603 -0.7856410145759583 0.2291804850101471 0.02097073569893837 -0.8558672070503235 -0.5167703628540039 -0.7528232336044312 -0.9123669266700745 -0.227749764919281 0.3401714861392975 -2.2533724308013916
-0.408866822719574 0.4643873870372772 -0.7856031656265259 0.22919656336307526 0.0209688488394022 -0.8558383584022522 -0.5168181657791138 -0.7528262734413147 -0.9123531579971313 -0.2277829945087433 0.340186208486557 -2.253390312194824
-0.4087861180305481 0.4644041955471039 -0.7856351733207703 0.2292022705078125 0.020982231944799423 -0.8558372259140015 -0.5168195366859436 -0.7528572678565979 -0.9123889803886414 -0.22775304317474365 0.3401101231575012 -2.2533555030822754
-0.40874242782592773 0.46437835693359375 -0.785673201084137 0.22919340431690216 0.021051310002803802 -0.8558441400527954 -0.5168052315711975 -0.7528600096702576 -0.9124069809913635 -0.22777967154979706 0.3400440216064453 -2.2533483505249023
-0.4087206721305847 0.46437519788742065 -0.7856863737106323 0.22918851673603058 0.021083269268274307 -0.8558418154716492 -0.5168077945709229 -0.7528604865074158 -0.9124159812927246 -0.22779487073421478 0.3400096595287323 -2.2533183097839355
-0.4088422656059265 0.46435827016830444 -0.7856331467628479 0.22922998666763306 0.021041685715317726 -0.8558433651924133 -0.516806960105896 -0.7528555989265442 -0.9123624563217163 -0.22782355546951294 0.34013402462005615 -2.253340482711792
-0.40874800086021423 0.4643247425556183 -0.7857019901275635 0.2292289137840271 0.02113371156156063 -0.8558579087257385 -0.5167790651321411 -0.7528479695320129 -0.9124025702476501 -0.2278372198343277 0.34001728892326355 -2.253333330154419
-0.4087332785129547 0.4643728733062744 -0.7856811881065369 0.22925904393196106 0.021114133298397064 -0.8558335900306702 -0.5168201923370361 -0.7528091073036194 -0.9124096035957336 -0.22783058881759644 0.34000280499458313 -2.2533297538757324
-0.4087529182434082 0.4643985331058502 -0.7856558561325073 0.2292659431695938 0.021110281348228455 -0.8558143973350525 -0.516852080821991 -0.75279301404953 -0.9124009013175964 -0.22785019874572754 0.3400130271911621 -2.2532989978790283
-0.40879392623901367 0.4644228518009186 -0.7856200933456421 0.2292262315750122 0.02113390900194645 -0.8557857871055603 -0.5168985724449158 -0.7528266310691833 -0.9123820066452026 -0.2279082089662552 0.3400249481201172 -2.2534055709838867
-0.4088117778301239 0.464455783367157 -0.7855913639068604 0.22923053801059723 0.02116699144244194 -0.8557529449462891 -0.5169515609741211 -0.7528168559074402 -0.9123732447624207 -0.22796450555324554 0.34001073241233826 -2.253403902053833
-0.40871816873550415 0.4644717276096344 -0.7856306433677673 0.22921109199523926 0.02117806486785412 -0.8557550311088562 -0.5169475674629211 -0.7528280019760132 -0.9124149084091187 -0.22792400419712067 0.33992600440979004 -2.2534236907958984
-0.4087051749229431 0.46452459692955017 -0.7856061458587646 0.2292061448097229 0.021185144782066345 -0.8557206392288208 -0.5170043110847473 -0.7528252005577087 -0.9124205708503723 -0.2279455065727234 0.33989641070365906 -2.253422737121582
-0.4087619483470917 0.46447479724884033 -0.7856060266494751 0.2292007952928543 0.021181540563702583 -0.8557449579238892 -0.5169641971588135 -0.7528225779533386 -0.9123952388763428 -0.227955624461174 0.33995765447616577 -2.2533819675445557
-0.4087386429309845 0.4645254611968994 -0.7855882048606873 0.22919337451457977 0.021155107766389847 -0.8557220697402954 -0.5170031785964966 -0.7528626918792725 -0.9124062657356262 -0.22793836891651154 0.33993956446647644 -2.2533867359161377
-0.4087260365486145 0.4645332992076874 -0.7855901122093201 0.2291807234287262 0.021139226853847504 -0.855722963809967 -0.5170023441314697 -0.7528691291809082 -0.9124122858047485 -0.2279190868139267 0.33993634581565857 -2.2533538341522217
-0.4086996018886566 0.4645322561264038 -0.7856045365333557 0.22919537127017975 0.021126117557287216 -0.8557312488555908 -0.5169891119003296 -0.7528954148292542 -0.9124244451522827 -0.2278900146484375 0.339923232793808 -2.2533676624298096
-0.40869754552841187 0.46453362703323364 -0.7856047749519348 0.22918882966041565 0.021128235384821892 -0.8557301163673401 -0.5169908404350281 -0.7529054880142212 -0.9124252796173096 -0.22789134085178375 0.3399200141429901 -2.2533371448516846
-0.4087354838848114 0.46445149183273315 -0.7856336236000061 0.22918349504470825 0.021162740886211395 -0.8557693362236023 -0.5169245600700378 -0.752886950969696 -0.9124075174331665 -0.2279115617275238 0.3399541974067688 -2.253413200378418
-0.40874919295310974 0.46445947885513306 -0.785621702671051 0.22917653620243073 0.021175045520067215 -0.8557587265968323 -0.5169416069984436 -0.7528935074806213 -0.9124010801315308 -0.2279350310564041 0.33995574712753296 -2.253387451171875
-0.4086897373199463 0.4644257724285126 -0.7856726050376892 0.22922176122665405 0.021237149834632874 -0.8557751774787903 -0.5169118046760559 -0.7528446912765503 -0.9124262928962708 -0.22794198989868164 0.3398834466934204 -2.253455638885498
-0.4086934030056 0.4644398093223572 -0.7856624126434326 0.22922968864440918 0.02124260552227497 -0.8557639718055725 -0.5169301629066467 -0.7528380155563354 -0.9124245047569275 -0.22795546054840088 0.3398791551589966 -2.2534499168395996
-0.4086579978466034 0.4644256830215454 -0.7856891751289368 0.22920788824558258 0.021266750991344452 -0.8557730913162231 -0.5169141292572021 -0.7528335452079773 -0.9124398231506348 -0.22795014083385468 0.33984166383743286 -2.253445863723755
-0.40869003534317017 0.4644298553466797 -0.7856700420379639 0.22919772565364838 0.02128227800130844 -0.8557611703872681 -0.5169331431388855 -0.7528087496757507 -0.9124251008033752 -0.22798627614974976 0.33985692262649536 -2.2534213066101074
-0.4087170958518982 0.46442723274230957 -0.7856574654579163 0.22918127477169037 0.02121647447347641 -0.8557748794555664 -0.5169131755828857 -0.7528324127197266 -0.9124144911766052 -0.2279401272535324 0.33991628885269165 -2.25344181060791
-0.4087303876876831 0.4644262492656708 -0.7856511473655701 0.22916284203529358 0.021222027018666267 -0.8557719588279724 -0.5169177651405334 -0.7528231143951416 -0.9124084115028381 -0.22795310616493225 0.3399239182472229 -2.2534127235412598
-0.40878525376319885 0.46441012620925903 -0.7856321334838867 0.2291778028011322 0.021165868267416954 -0.8557875752449036 -0.5168942213058472 -0.7528216242790222 -0.9123851656913757 -0.2279273122549057 0.3400036692619324 -2.2533416748046875
-0.40875545144081116 0.4644246995449066 -0.7856390476226807 0.22914646565914154 0.021202579140663147 -0.8557737469673157 -0.5169156193733215 -0.7528579235076904 -0.9123976230621338 -0.22794964909553528 0.3399551510810852 -2.2534170150756836
-0.4087783396244049 0.4644073247909546 -0.7856374382972717 0.22913682460784912 0.021206025034189224 -0.8557805418968201 -0.5169042348861694 -0.7528576850891113 -0.9123873114585876 -0.2279594987630844 0.33997631072998047 -2.2533886432647705
-0.40877652168273926 0.46439069509506226 -0.7856481671333313 0.22920526564121246 0.02117241360247135 -0.855800211429596 -0.5168731212615967 -0.7528945207595825 -0.9123889207839966 -0.22791965305805206 0.339998722076416 -2.2534608840942383
-0.4087711572647095 0.4644489884376526 -0.7856165170669556 0.22917605936527252 0.021172991022467613 -0.8557625412940979 -0.5169353485107422 -0.7528786063194275 -0.9123913049697876 -0.2279421091079712 0.3399772644042969 -2.2533936500549316
-0.40877658128738403 0.4643779695034027 -0.785655677318573 0.2291748970746994 0.021255502477288246 -0.8557877540588379 -0.5168902277946472 -0.7528555989265442 -0.912386953830719 -0.22799211740493774 0.3399553894996643 -2.2533936500549316
-0.4087200164794922 0.4645337164402008 -0.7855930328369141 0.22914984822273254 0.02115289866924286 -0.8557202219963074 -0.5170062780380249 -0.7528695464134216 -0.9124146699905396 -0.22792837023735046 0.3399237394332886 -2.2534167766571045
-0.40873217582702637 0.4645170569419861 -0.7855965495109558 0.22914303839206696 0.021163593977689743 -0.8557265400886536 -0.5169954299926758 -0.7528728246688843 -0.9124089479446411 -0.2279386967420578 0.3399321138858795 -2.253392219543457
-0.4087139666080475 0.4645204246044159 -0.7856040596961975 0.22922098636627197 0.021152161061763763 -0.8557301759719849 -0.5169898271560669 -0.752905011177063 -0.9124174118041992 -0.22791817784309387 0.339923232793808 -2.253429651260376
-0.40875178575515747 0.464557021856308 -0.7855627536773682 0.2292029857635498 0.021172337234020233 -0.8556948304176331 -0.5170475244522095 -0.752907395362854 -0.9124000072479248 -0.22797627747058868 0.3399309813976288 -2.2534775733947754
-0.40874210000038147 0.4645684063434601 -0.7855610251426697 0.22919759154319763 0.02117435820400715 -0.8556883931159973 -0.5170580744743347 -0.7529082894325256 -0.9124042987823486 -0.22797712683677673 0.33991891145706177 -2.2534587383270264
-0.4087798595428467 0.4645039737224579 -0.78557950258255 0.22920987010002136 0.02114846743643284 -0.8557310700416565 -0.5169885158538818 -0.7528536319732666 -0.9123879671096802 -0.22794827818870544 0.3399820625782013 -2.2534384727478027
-0.40878015756607056 0.4645584225654602 -0.785547137260437 0.22920238971710205 0.021142365410923958 -0.8556967377662659 -0.5170456171035767 -0.7528409957885742 -0.9123879671096802 -0.2279662936925888 0.3399699628353119 -2.2534334659576416
-0.4088345468044281 0.464510053396225 -0.7855474352836609 0.2291996031999588 0.021137239411473274 -0.8557208776473999 -0.5170058012008667 -0.7528051733970642 -0.9123637080192566 -0.22797413170337677 0.340029776096344 -2.253429651260376
-0.4088243544101715 0.4645586311817169 -0.7855240106582642 0.2292054444551468 0.021134302020072937 -0.8556913137435913 -0.5170548558235168 -0.7527951598167419 -0.9123683571815491 -0.22798611223697662 0.34000930190086365 -2.2534339427948
-0.4087369441986084 0.4646114408969879 -0.7855382561683655 0.22916655242443085 0.021116094663739204 -0.8556755185127258 -0.5170817971229553 -0.7528117895126343 -0.9124079346656799 -0.22793793678283691 0.33993539214134216 -2.2534070014953613
-0.4087657034397125 0.4645942747592926 -0.7855334281921387 0.22917278110980988 0.02115529030561447 -0.855672299861908 -0.5170855522155762 -0.7528383731842041 -0.9123941659927368 -0.22798500955104828 0.3399408161640167 -2.253375291824341
-0.40875443816185 0.46461158990859985 -0.7855290770530701 0.22913037240505219 0.02113848738372326 -0.8556669354438782 -0.5170950889587402 -0.7528567314147949 -0.9123995900154114 -0.22796981036663055 0.33993643522262573 -2.253347635269165
-0.40873250365257263 0.4645797610282898 -0.7855592966079712 0.22915108501911163 0.0211587343364954 -0.8556864261627197 -0.5170620083808899 -0.752837598323822 -0.9124089479446411 -0.227961465716362 0.3399168848991394 -2.253328561782837
-0.4087701439857483 0.4645622670650482 -0.785550057888031 0.2291756570339203 0.021160336211323738 -0.8556913137435913 -0.5170537829399109 -0.7528436779975891 -0.9123920202255249 -0.2279786467552185 0.3399507701396942 -2.253415107727051
-0.40878573060035706 0.4645681381225586 -0.7855384945869446 0.22920666635036469 0.021159853786230087 -0.8556849956512451 -0.5170642733573914 -0.7528697848320007 -0.9123850464820862 -0.22799035906791687 0.33996161818504333 -2.253457546234131
-0.40878430008888245 0.4645390510559082 -0.785556435585022 0.22920052707195282 0.021154696121811867 -0.8557056784629822 -0.5170302391052246 -0.7528281807899475 -0.9123858213424683 -0.22797206044197083 0.3399718403816223 -2.2534263134002686
-0.40878576040267944 0.4645427167415619 -0.785553514957428 0.2292354553937912 0.02124755270779133 -0.8556798696517944 -0.5170692205429077 -0.7528283596038818 -0.9123830199241638 -0.22806161642074585 0.3399193286895752 -2.2534337043762207
-0.4087948501110077 0.4645322561264038 -0.7855549454689026 0.22920992970466614 0.02115020528435707 -0.8557095527648926 -0.517024040222168 -0.7528265118598938 -0.9123812317848206 -0.2279714047908783 0.3399846851825714 -2.2534046173095703
-0.40873801708221436 0.4645596742630005 -0.7855682969093323 0.22918960452079773 0.0210846196860075 -0.8557172417640686 -0.5170139670372009 -0.7528482675552368 -0.912408173084259 -0.22788666188716888 0.33996906876564026 -2.2534594535827637
-0.40874192118644714 0.46455955505371094 -0.7855663299560547 0.2291848361492157 0.02107175812125206 -0.8557199239730835 -0.5170101523399353 -0.7528520822525024 -0.9124067425727844 -0.22787697613239288 0.33997949957847595 -2.253443479537964
-0.4086829423904419 0.4645599126815796 -0.7855967879295349 0.22921235859394073 0.021116938441991806 -0.8557180762290955 -0.517011284828186 -0.7528707981109619 -0.912432074546814 -0.22788310050964355 0.33990728855133057 -2.253425121307373
-0.4086657762527466 0.4645753502845764 -0.7855966091156006 0.22920860350131989 0.0211346372961998 -0.8557063341140747 -0.5170300602912903 -0.7528830170631409 -0.9124394059181213 -0.22789578139781952 0.33987924456596375 -2.2533955574035645
-0.4086858034133911 0.4645739197731018 -0.7855870127677917 0.2291974127292633 0.02111523412168026 -0.8557087779045105 -0.5170267224311829 -0.7528910636901855 -0.9124308824539185 -0.22788932919502258 0.3399064242839813 -2.253389358520508
-0.40869924426078796 0.46457359194755554 -0.7855802774429321 0.2291973978281021 0.02112911082804203 -0.8557033538818359 -0.517035186290741 -0.752900242805481 -0.9124245047569275 -0.22791047394275665 0.33990925550460815 -2.25335955619812
-0.40865981578826904 0.4645497500896454 -0.7856148481369019 0.2292017936706543 0.021084198728203773 -0.8557367324829102 -0.5169817209243774 -0.752855658531189 -0.912443220615387 -0.22783371806144714 0.3399105370044708 -2.2534072399139404
-0.4086976945400238 0.4645286202430725 -0.785607635974884 0.2292209267616272 0.021184762939810753 -0.855719268321991 -0.517006516456604 -0.752852737903595 -0.9124239087104797 -0.22794227302074432 0.3398895561695099 -2.253396511077881
-0.4086885452270508 0.4645150601863861 -0.785620391368866 0.22922658920288086 0.021129600703716278 -0.8557435274124146 -0.5169687271118164 -0.7528209686279297 -0.9124292731285095 -0.22787903249263763 0.33991754055023193 -2.2534101009368896
-0.40865761041641235 0.46456074714660645 -0.7856094837188721 0.2292007952928543 0.021153206005692482 -0.8557125926017761 -0.5170188546180725 -0.7528091669082642 -0.9124426245689392 -0.22790183126926422 0.3398664891719818 -2.253495216369629
-0.4086383283138275 0.4645524322986603 -0.7856244444847107 0.22919929027557373 0.021162372082471848 -0.8557189702987671 -0.5170079469680786 -0.7528007626533508 -0.9124510288238525 -0.22789493203163147 0.33984851837158203 -2.253484010696411
-0.4085614085197449 0.46457618474960327 -0.7856504321098328 0.22919689118862152 0.02111423946917057 -0.855728030204773 -0.5169949531555176 -0.7528289556503296 -0.9124866127967834 -0.22781260311603546 0.33980825543403625 -2.253512144088745
-0.4085647761821747 0.46457839012145996 -0.7856473326683044 0.2291930615901947 0.021123940125107765 -0.8557235598564148 -0.5170019268989563 -0.7528246641159058 -0.912484884262085 -0.22782471776008606 0.3398047685623169 -2.2534985542297363
-0.40864133834838867 0.4645191729068756 -0.7856425642967224 0.2291964739561081 0.02116706408560276 -0.855739176273346 -0.5169742703437805 -0.7528018951416016 -0.9124495983123779 -0.22788679599761963 0.33985787630081177 -2.2534053325653076
-0.40864667296409607 0.464517205953598 -0.7856409549713135 0.22919219732284546 0.021180374547839165 -0.8557363152503967 -0.5169785618782043 -0.7527963519096375 -0.9124468564987183 -0.22790172696113586 0.3398551344871521 -2.2533764839172363
-0.4086218476295471 0.4645845890045166 -0.785614013671875 0.22921061515808105 0.021077372133731842 -0.8557217717170715 -0.5170068144798279 -0.7528522610664368 -0.9124603867530823 -0.22781895101070404 0.33987435698509216 -2.253474473953247
-0.4086157977581024 0.4645892381668091 -0.7856143712997437 0.22920385003089905 0.021085461601614952 -0.855717658996582 -0.5170132517814636 -0.7528557181358337 -0.9124628901481628 -0.2278248369693756 0.339863657951355 -2.2534501552581787
-0.40866684913635254 0.46459317207336426 -0.7855855226516724 0.22920122742652893 0.021042022854089737 -0.8557175397872925 -0.517015278339386 -0.7528327107429504 -0.912441074848175 -0.22781729698181152 0.3399273753166199 -2.2534611225128174
-0.40869656205177307 0.46456006169319153 -0.7855896353721619 0.22917528450489044 0.02107432298362255 -0.8557263612747192 -0.5169993042945862 -0.7528300285339355 -0.9124270081520081 -0.22785158455371857 0.3399421274662018 -2.25346302986145
-0.40870821475982666 0.46451112627983093 -0.7856125235557556 0.22918803989887238 0.02103954181075096 -0.8557653427124023 -0.5169362425804138 -0.7527962327003479 -0.9124225974082947 -0.2278049886226654 0.339985191822052 -2.2534773349761963
