# 3x4 first row second row third row Freq: 100 current Time: 2021-07-28-20:08:08
-0.15822415053844452 0.4530563950538635 -0.8773283362388611 0.10534520447254181 0.941646933555603 -0.19810914993286133 -0.27212831377983093 -0.5948118567466736 -0.29709625244140625 -0.8691908121109009 -0.3952735364437103 -2.129608392715454
-0.1581459492444992 0.4530807435512543 -0.8773298859596252 0.10535793751478195 0.9416828155517578 -0.1980675309896469 -0.2720343768596649 -0.5948208570480347 -0.29702410101890564 -0.869187593460083 -0.39533481001853943 -2.12956166267395
-0.15814200043678284 0.4530845284461975 -0.877328634262085 0.10541249811649323 0.9416780471801758 -0.19808393716812134 -0.272038996219635 -0.5948511958122253 -0.2970413565635681 -0.8691819310188293 -0.395334392786026 -2.1296181678771973
-0.15815725922584534 0.45305147767066956 -0.877342939376831 0.10542315989732742 0.9416804313659668 -0.19807347655296326 -0.2720384895801544 -0.5948237180709839 -0.29702579975128174 -0.8692015409469604 -0.395302951335907 -2.129624366760254
-0.15802431106567383 0.4531690776348114 -0.8773061633110046 0.10540173947811127 0.9417119026184082 -0.19806547462940216 -0.27193528413772583 -0.5948635935783386 -0.29699671268463135 -0.8691420555114746 -0.395455539226532 -2.1297028064727783
-0.15803205966949463 0.45318669080734253 -0.8772956728935242 0.10540861636400223 0.9417188167572021 -0.19803278148174286 -0.2719351649284363 -0.5948567390441895 -0.2969706952571869 -0.8691403269767761 -0.39547890424728394 -2.1297082901000977
-0.15805964171886444 0.45316219329833984 -0.8773033618927002 0.10539548099040985 0.9417014718055725 -0.19806614518165588 -0.2719709873199463 -0.5948007702827454 -0.29701104760169983 -0.8691455125808716 -0.39543724060058594 -2.129687786102295
-0.15810605883598328 0.4531639814376831 -0.8772940635681152 0.10539646446704865 0.9416895508766174 -0.19805821776390076 -0.27201786637306213 -0.5948169827461243 -0.2970239818096161 -0.8691463470458984 -0.39542561769485474 -2.1297502517700195
-0.15807142853736877 0.4532025456428528 -0.8772804141044617 0.10537201166152954 0.9417077302932739 -0.19802449643611908 -0.2719794809818268 -0.5948278903961182 -0.29698479175567627 -0.8691339492797852 -0.3954823315143585 -2.1297085285186768
-0.15805687010288239 0.4532310664653778 -0.8772683143615723 0.10539771616458893 0.9417093396186829 -0.19802413880825043 -0.2719741463661194 -0.5948366522789001 -0.2969874143600464 -0.8691191673278809 -0.3955128788948059 -2.12974214553833
-0.15804526209831238 0.45316749811172485 -0.8773032426834106 0.1053944006562233 0.941735565662384 -0.19797775149345398 -0.2719172537326813 -0.5948401093482971 -0.2969105839729309 -0.8691628575325012 -0.39547449350357056 -2.129725933074951
-0.15809974074363708 0.45319658517837524 -0.8772783875465393 0.10540176928043365 0.9417263865470886 -0.19794607162475586 -0.27197200059890747 -0.5948373675346375 -0.2969105839729309 -0.8691548705101013 -0.39549198746681213 -2.129735231399536
-0.15811243653297424 0.45312634110450745 -0.8773123621940613 0.10540708899497986 0.9417229294776917 -0.19796648621559143 -0.27196916937828064 -0.5948473215103149 -0.29691481590270996 -0.8691868782043457 -0.3954184949398041 -2.1297199726104736
-0.158174067735672 0.4531295895576477 -0.8772996068000793 0.10537920892238617 0.9417015910148621 -0.19797207415103912 -0.2720390558242798 -0.5948359370231628 -0.29694974422454834 -0.8691838979721069 -0.3953987956047058 -2.129727363586426
-0.15815500915050507 0.45314642786979675 -0.8772943019866943 0.10538386553525925 0.9417057633399963 -0.1979718655347824 -0.2720246911048889 -0.5948387384414673 -0.29694658517837524 -0.8691751956939697 -0.3954203724861145 -2.129721164703369
-0.1581011861562729 0.45319488644599915 -0.8772789835929871 0.10545488446950912 0.9416974186897278 -0.19803011417388916 -0.2720111906528473 -0.5948708057403564 -0.2970017194747925 -0.8691366314888 -0.3954636752605438 -2.1298069953918457
-0.1581285446882248 0.45321497321128845 -0.8772636651992798 0.10544558614492416 0.9417117238044739 -0.19795726239681244 -0.2720147669315338 -0.5948686003684998 -0.296941876411438 -0.8691427707672119 -0.3954951763153076 -2.1298367977142334
-0.15805140137672424 0.45322149991989136 -0.877274215221405 0.10544916242361069 0.9417164921760559 -0.1980111300945282 -0.2719588577747345 -0.5949023365974426 -0.29696762561798096 -0.869127094745636 -0.3955102562904358 -2.129801034927368
-0.15806537866592407 0.4532431364059448 -0.8772605061531067 0.10546326637268066 0.9417077898979187 -0.19801729917526245 -0.27198460698127747 -0.5948858857154846 -0.296987920999527 -0.8691143989562988 -0.39552292227745056 -2.1297965049743652
-0.15808247029781342 0.45319846272468567 -0.8772805333137512 0.1054544672369957 0.941729724407196 -0.19795146584510803 -0.2719566226005554 -0.5948746800422668 -0.29690927267074585 -0.8691526651382446 -0.39549779891967773 -2.1298067569732666
-0.15813048183918 0.4532279670238495 -0.8772566318511963 0.10541167110204697 0.9417073726654053 -0.1979641169309616 -0.2720247209072113 -0.5948502421379089 -0.29695454239845276 -0.8691344261169434 -0.395503968000412 -2.129798173904419
-0.15804089605808258 0.45333272218704224 -0.8772186636924744 0.10539755970239639 0.9417340755462646 -0.19793488085269928 -0.27195367217063904 -0.5948829650878906 -0.2969176471233368 -0.8690864443778992 -0.39563706517219543 -2.129732608795166
-0.15805202722549438 0.45331984758377075 -0.8772233128547668 0.10542036592960358 0.9417277574539185 -0.19794712960720062 -0.27196645736694336 -0.5948776602745056 -0.29693159461021423 -0.8690903782844543 -0.3956179618835449 -2.129748582839966
-0.15801705420017242 0.4533365070819855 -0.8772209882736206 0.10543083399534225 0.9417375922203064 -0.19794487953186035 -0.27193403244018555 -0.5948654413223267 -0.2969190180301666 -0.8690822124481201 -0.3956453800201416 -2.129758358001709
-0.15802274644374847 0.45333585143089294 -0.8772202730178833 0.1054331511259079 0.9417372941970825 -0.19794084131717682 -0.2719380557537079 -0.5948531627655029 -0.29691699147224426 -0.8690834641456604 -0.3956441283226013 -2.129758834838867
-0.1580229252576828 0.4533318877220154 -0.8772222995758057 0.10543287545442581 0.9417561292648315 -0.19788680970668793 -0.27191218733787537 -0.5948644280433655 -0.29685717821121216 -0.8690978288650513 -0.3956574499607086 -2.129727363586426
-0.15807344019412994 0.45334652066230774 -0.8772056698799133 0.10540421307086945 0.9417404532432556 -0.1978822499513626 -0.2719697058200836 -0.5948054194450378 -0.29687994718551636 -0.8690912127494812 -0.3956548571586609 -2.129662275314331
-0.15803802013397217 0.45338672399520874 -0.8771912455558777 0.10539145022630692 0.9417561888694763 -0.19785593450069427 -0.271934449672699 -0.5948321223258972 -0.29684895277023315 -0.8690762519836426 -0.3957110047340393 -2.1296284198760986
-0.15805314481258392 0.4533970355987549 -0.877183198928833 0.10539993643760681 0.9417510628700256 -0.19785407185554504 -0.27195361256599426 -0.5948179364204407 -0.29685720801353455 -0.8690713047981262 -0.3957156836986542 -2.1296234130859375
-0.15806305408477783 0.4533643126487732 -0.877198338508606 0.10539517551660538 0.9417691230773926 -0.19780223071575165 -0.2719286382198334 -0.5947826504707336 -0.29679450392723083 -0.8691001534461975 -0.39569932222366333 -2.1295783519744873
-0.1580740064382553 0.45336678624153137 -0.8771950602531433 0.10540378838777542 0.9417682886123657 -0.19779397547245026 -0.2719375789165497 -0.594761073589325 -0.29679134488105774 -0.8691007494926453 -0.3957003951072693 -2.1295700073242188
-0.15808077156543732 0.4533025026321411 -0.8772270679473877 0.10536269098520279 0.9417665004730225 -0.19781304895877838 -0.27192994952201843 -0.5947656035423279 -0.29679346084594727 -0.8691299557685852 -0.3956347107887268 -2.1295368671417236
-0.15808355808258057 0.4533221423625946 -0.8772164583206177 0.10536321997642517 0.9417654871940613 -0.19780732691287994 -0.2719375193119049 -0.5947451591491699 -0.296795129776001 -0.8691210150718689 -0.3956530690193176 -2.129530906677246
-0.15806929767131805 0.45332834124565125 -0.8772158026695251 0.10531124472618103 0.9417741298675537 -0.19779305160045624 -0.27191799879074097 -0.5948000550270081 -0.29677531123161316 -0.8691210150718689 -0.3956679105758667 -2.129521369934082
-0.1580587923526764 0.45325368642807007 -0.8772562742233276 0.10533901304006577 0.9417664408683777 -0.19784824550151825 -0.27190446853637695 -0.5947937965393066 -0.2968052923679352 -0.8691474199295044 -0.3955874741077423 -2.1295154094696045
-0.1580837368965149 0.45327112078666687 -0.8772427439689636 0.10533030331134796 0.941755473613739 -0.19785240292549133 -0.27193954586982727 -0.5948365330696106 -0.29682689905166626 -0.8691373467445374 -0.3955933153629303 -2.129601001739502
-0.1580285280942917 0.453220397233963 -0.8772789239883423 0.10537278652191162 0.9417361617088318 -0.19797466695308685 -0.27191731333732605 -0.5948513150215149 -0.2969174385070801 -0.8691359758377075 -0.3955284059047699 -2.1295971870422363
-0.15806427597999573 0.4532760977745056 -0.87724369764328 0.10537996888160706 0.9417191743850708 -0.1979747861623764 -0.27197617292404175 -0.5948355793952942 -0.29695239663124084 -0.8691068887710571 -0.39556604623794556 -2.1296093463897705
-0.15797553956508636 0.4533226788043976 -0.8772355914115906 0.10541685670614243 0.9417234063148499 -0.19802843034267426 -0.27192240953445435 -0.5948358178138733 -0.2969861924648285 -0.8690703511238098 -0.3956209421157837 -2.1295979022979736
-0.1580023318529129 0.45338037610054016 -0.8772009611129761 0.10547077655792236 0.94170081615448 -0.198052316904068 -0.27198323607444763 -0.5948708057403564 -0.2970435321331024 -0.8690348267555237 -0.39565595984458923 -2.129685878753662
-0.1579446792602539 0.453432559967041 -0.8771843910217285 0.10546012222766876 0.9416938424110413 -0.19810880720615387 -0.27196618914604187 -0.5948600769042969 -0.29709628224372864 -0.8689947128295898 -0.395704448223114 -2.129688024520874
-0.15797793865203857 0.453400582075119 -0.8771949410438538 0.10543347150087357 0.9416928887367249 -0.19809147715568542 -0.27198225259780884 -0.5948491096496582 -0.29708173871040344 -0.8690153956413269 -0.3956700265407562 -2.129676342010498
-0.15796607732772827 0.45341044664382935 -0.877191960811615 0.10540706664323807 0.9416991472244263 -0.19808076322078705 -0.271968275308609 -0.5948635339736938 -0.2970680892467499 -0.8690126538276672 -0.39568620920181274 -2.129718780517578
-0.15794824063777924 0.4534163773059845 -0.8771920800209045 0.1053924635052681 0.9417028427124023 -0.1980842798948288 -0.27195292711257935 -0.5948887467384338 -0.2970658540725708 -0.8690087795257568 -0.3956964313983917 -2.1296839714050293
-0.15795086324214935 0.4534118175506592 -0.8771939873695374 0.1053929403424263 0.9416961073875427 -0.19810298085212708 -0.27196255326271057 -0.5948730111122131 -0.2970857620239258 -0.869006872177124 -0.395685613155365 -2.129671096801758
-0.15795651078224182 0.45337289571762085 -0.8772130608558655 0.10539266467094421 0.9417076110839844 -0.19807632267475128 -0.2719421982765198 -0.594879150390625 -0.29704633355140686 -0.8690332770347595 -0.3956572711467743 -2.1296610832214355
-0.15797603130340576 0.45339101552963257 -0.877200186252594 0.10540007799863815 0.9417038559913635 -0.19806405901908875 -0.2719642221927643 -0.5948885679244995 -0.2970479428768158 -0.8690266013145447 -0.39567068219184875 -2.1296920776367188
-0.157960906624794 0.45337650179862976 -0.8772104382514954 0.10536637157201767 0.9417113661766052 -0.1980602741241455 -0.2719409465789795 -0.5948846340179443 -0.2970321476459503 -0.8690350651741028 -0.3956640362739563 -2.1296956539154053
-0.15793035924434662 0.45340773463249207 -0.8771997690200806 0.10540824383497238 0.9417141079902649 -0.19807030260562897 -0.2719241976737976 -0.5948600769042969 -0.2970397472381592 -0.8690164685249329 -0.395699143409729 -2.129693031311035
-0.1579013168811798 0.4533434808254242 -0.8772382140159607 0.10539388656616211 0.9417352676391602 -0.19805459678173065 -0.271862268447876 -0.5948756337165833 -0.29698804020881653 -0.8690535426139832 -0.3956564664840698 -2.1296679973602295
-0.15792465209960938 0.4533543288707733 -0.8772284388542175 0.10539102554321289 0.9417378902435303 -0.19802245497703552 -0.27187666296958923 -0.5948697328567505 -0.29696735739707947 -0.8690552115440369 -0.3956683278083801 -2.1296651363372803
-0.1579144448041916 0.45330557227134705 -0.8772554397583008 0.10540702193975449 0.9417459964752197 -0.1980229765176773 -0.27184805274009705 -0.5948576927185059 -0.2969469428062439 -0.8690805435180664 -0.39562803506851196 -2.1296732425689697
-0.15790678560733795 0.45332011580467224 -0.8772493004798889 0.10543537884950638 0.9417333006858826 -0.19806262850761414 -0.2718632221221924 -0.5948718190193176 -0.29699134826660156 -0.8690639138221741 -0.39563122391700745 -2.129720687866211
-0.15790443122386932 0.4532535970211029 -0.8772841095924377 0.10544539242982864 0.9417510628700256 -0.1980333775281906 -0.271822988986969 -0.5948728322982788 -0.2969362735748291 -0.8691052794456482 -0.3955817222595215 -2.1297008991241455
-0.1579314023256302 0.45323389768600464 -0.8772894144058228 0.10544644296169281 0.9417366981506348 -0.19805708527565002 -0.27185550332069397 -0.5948700904846191 -0.2969675064086914 -0.8691101670265198 -0.3955475986003876 -2.129728317260742
-0.15801139175891876 0.45322948694229126 -0.8772773146629333 0.10541235655546188 0.9417131543159485 -0.19805486500263214 -0.2719387412071228 -0.5948596000671387 -0.2969996929168701 -0.8691129684448242 -0.3955172300338745 -2.1296932697296143
-0.15800245106220245 0.4532302916049957 -0.8772785067558289 0.1054176539182663 0.9417170286178589 -0.19805139303207397 -0.2719278633594513 -0.5948472023010254 -0.29699215292930603 -0.8691133260726929 -0.3955220580101013 -2.129701614379883
-0.1579819619655609 0.4532097280025482 -0.877292811870575 0.10541749000549316 0.9417367577552795 -0.1980186104774475 -0.27188339829444885 -0.5948545336723328 -0.29694050550460815 -0.8691315054893494 -0.3955208957195282 -2.1296801567077637
-0.15806876122951508 0.45320644974708557 -0.8772788643836975 0.10534396022558212 0.9417073130607605 -0.19802694022655487 -0.2719791829586029 -0.5948142409324646 -0.2969875633716583 -0.869131326675415 -0.3954859673976898 -2.1296143531799316
-0.1580372005701065 0.4531920850276947 -0.8772919774055481 0.10536544024944305 0.9417374730110168 -0.1979718804359436 -0.2719149589538574 -0.5948178172111511 -0.2969088554382324 -0.8691513538360596 -0.395501047372818 -2.129594564437866
-0.1580744981765747 0.4532352387905121 -0.8772629499435425 0.10538657754659653 0.9417160749435425 -0.1979871541261673 -0.2719777822494507 -0.5948086977005005 -0.2969566881656647 -0.8691253662109375 -0.39552220702171326 -2.1296260356903076
-0.15812896192073822 0.4531359374523163 -0.8773044347763062 0.10539183765649796 0.9417147636413574 -0.197972372174263 -0.27199310064315796 -0.5948376059532166 -0.2969318926334381 -0.8691805005073547 -0.3954196572303772 -2.129547119140625
-0.15812087059020996 0.453096479177475 -0.877326250076294 0.10539088398218155 0.9417133927345276 -0.19799600541591644 -0.2719807028770447 -0.5948381423950195 -0.2969405949115753 -0.8691956996917725 -0.3953797221183777 -2.129509687423706
-0.15818281471729279 0.45311322808265686 -0.8773064613342285 0.10535065829753876 0.9416862726211548 -0.19801394641399384 -0.2720614969730377 -0.5948157906532288 -0.29699355363845825 -0.8691828846931458 -0.3953680992126465 -2.1295084953308105
-0.15820534527301788 0.4530634582042694 -0.877328097820282 0.10535794496536255 0.9416941404342651 -0.1979859322309494 -0.27205467224121094 -0.5948166847229004 -0.2969566285610199 -0.8692152500152588 -0.3953247666358948 -2.1294684410095215
-0.15819744765758514 0.4530905485153198 -0.8773155212402344 0.10539104044437408 0.9416922330856323 -0.19799020886421204 -0.2720580995082855 -0.5948338508605957 -0.2969668209552765 -0.8692001104354858 -0.39535030722618103 -2.129521131515503
-0.15817588567733765 0.4530757665634155 -0.8773270845413208 0.1053900271654129 0.9417096972465515 -0.19796322286128998 -0.272017240524292 -0.5948388576507568 -0.296922892332077 -0.8692139983177185 -0.39535287022590637 -2.1294820308685303
-0.1581575572490692 0.4531133770942688 -0.8773109316825867 0.10543745756149292 0.941714346408844 -0.19795465469360352 -0.27200746536254883 -0.5948477387428284 -0.29691797494888306 -0.869196355342865 -0.39539533853530884 -2.1295127868652344
-0.15820269286632538 0.45308369398117065 -0.8773181438446045 0.10543660819530487 0.9416863918304443 -0.19800473749637604 -0.2720678150653839 -0.5948598384857178 -0.29698261618614197 -0.8692004084587097 -0.39533787965774536 -2.1295719146728516
-0.15818627178668976 0.4530995786190033 -0.8773128986358643 0.10542003065347672 0.9417014122009277 -0.19797080755233765 -0.27204057574272156 -0.5948840975761414 -0.2969438135623932 -0.869199812412262 -0.3953682780265808 -2.1295127868652344
-0.15815775096416473 0.4531087577342987 -0.8773133158683777 0.10543729364871979 0.94170081615448 -0.19799558818340302 -0.27202460169792175 -0.5948924422264099 -0.29696089029312134 -0.8691893815994263 -0.39537835121154785 -2.129573345184326
-0.1581682413816452 0.4531162977218628 -0.8773074746131897 0.10544396936893463 0.9416978359222412 -0.1979924738407135 -0.27203720808029175 -0.5948916077613831 -0.29696476459503174 -0.8691861629486084 -0.39538252353668213 -2.129584550857544
-0.15814059972763062 0.4530484080314636 -0.8773475289344788 0.10543093085289001 0.941710352897644 -0.19800198078155518 -0.2719869613647461 -0.594914972782135 -0.29693979024887085 -0.8692194223403931 -0.39532822370529175 -2.129539966583252
-0.15817362070083618 0.4530722498893738 -0.8773292899131775 0.10543528199195862 0.9417085647583008 -0.1979697346687317 -0.2720164954662323 -0.5949245691299438 -0.2969277501106262 -0.8692142963409424 -0.395348459482193 -2.1295599937438965
-0.15808984637260437 0.4530390202999115 -0.877361536026001 0.10543894022703171 0.9417151808738708 -0.1980367749929428 -0.27194488048553467 -0.5949258804321289 -0.2969514727592468 -0.8692163825035095 -0.3953261375427246 -2.129554271697998
-0.15804708003997803 0.4530135691165924 -0.8773823976516724 0.10545329749584198 0.9417262077331543 -0.1980510652065277 -0.2718961238861084 -0.594899594783783 -0.2969391345977783 -0.8692263960838318 -0.3953133821487427 -2.1295909881591797
-0.15810120105743408 0.45303139090538025 -0.8773634433746338 0.10542314499616623 0.9417169690132141 -0.19802363216876984 -0.27194827795028687 -0.5949159264564514 -0.29693979024887085 -0.8692233562469482 -0.3953195810317993 -2.1296234130859375
-0.15811508893966675 0.45295479893684387 -0.8774004578590393 0.10543346405029297 0.9417200088500977 -0.19802583754062653 -0.2719361186027527 -0.5949138402938843 -0.2969227135181427 -0.8692627549171448 -0.3952457308769226 -2.1296164989471436
-0.15813836455345154 0.45295533537864685 -0.8773959875106812 0.10544410347938538 0.9417216181755066 -0.19799982011318207 -0.2719494700431824 -0.5949153304100037 -0.29690518975257874 -0.8692684173583984 -0.3952464759349823 -2.1296324729919434
-0.15809382498264313 0.45297884941101074 -0.8773918747901917 0.1054191142320633 0.9417402744293213 -0.19797830283641815 -0.271900475025177 -0.5949380993843079 -0.2968697249889374 -0.8692610263824463 -0.3952893018722534 -2.1295828819274902
-0.1581040322780609 0.45300257205963135 -0.8773778080940247 0.1054164320230484 0.9417367577552795 -0.19797202944755554 -0.27191728353500366 -0.5949414968490601 -0.2968754768371582 -0.8692501187324524 -0.3953090012073517 -2.129598379135132
-0.15811705589294434 0.453000009059906 -0.8773767948150635 0.10540138930082321 0.9417306780815125 -0.19797880947589874 -0.2719334065914154 -0.5949463844299316 -0.2968878448009491 -0.8692498803138733 -0.3953002095222473 -2.129582643508911
-0.15818901360034943 0.45304355025291443 -0.8773413300514221 0.10535214841365814 0.9417085647583008 -0.19796466827392578 -0.2720201909542084 -0.5948961973190308 -0.2969195544719696 -0.8692304491996765 -0.3953191637992859 -2.1295197010040283
-0.15806268155574799 0.4530399441719055 -0.8773659467697144 0.10536360740661621 0.9417163133621216 -0.1980578601360321 -0.2719256281852722 -0.5949026942253113 -0.2969623804092407 -0.8692110776901245 -0.3953295350074768 -2.1295018196105957
-0.1580236256122589 0.45302948355674744 -0.8773784041404724 0.10536370426416397 0.9417110681533813 -0.19811184704303741 -0.27190443873405457 -0.5948953628540039 -0.2969997823238373 -0.8692042231559753 -0.39531654119491577 -2.1295132637023926
-0.15798942744731903 0.45305106043815613 -0.8773733973503113 0.10536976158618927 0.9417475461959839 -0.1980292648077011 -0.27183809876441956 -0.5949215292930603 -0.2969021201133728 -0.8692117929458618 -0.39537322521209717 -2.1294753551483154
-0.15805065631866455 0.4530981779098511 -0.8773380517959595 0.10537838935852051 0.9417253136634827 -0.1980242133140564 -0.27191880345344543 -0.5948975682258606 -0.2969400882720947 -0.8691884279251099 -0.3953962028026581 -2.129464626312256
-0.15802441537380219 0.4530303180217743 -0.8773778080940247 0.10538914054632187 0.9417305588722229 -0.1980537623167038 -0.2718791961669922 -0.5948994159698486 -0.2969374656677246 -0.869217038154602 -0.39533519744873047 -2.129438877105713
-0.15801946818828583 0.4530196785926819 -0.8773841857910156 0.10538599640130997 0.9417322278022766 -0.19805669784545898 -0.27187129855155945 -0.5949109196662903 -0.2969348728656769 -0.8692219257354736 -0.3953264355659485 -2.1294360160827637
-0.15801072120666504 0.4531400203704834 -0.8773236274719238 0.10537987947463989 0.9417266845703125 -0.19804362952709198 -0.27190008759498596 -0.5949084758758545 -0.2969571352005005 -0.8691622018814087 -0.3954410254955292 -2.129366397857666
-0.1580154299736023 0.45313990116119385 -0.8773228526115417 0.10538426786661148 0.9417251944541931 -0.1980435848236084 -0.2719050943851471 -0.5949008464813232 -0.29695919156074524 -0.8691622614860535 -0.39543935656547546 -2.129359722137451
-0.15807805955410004 0.4532388746738434 -0.8772604465484619 0.10535996407270432 0.9417337775230408 -0.19793099164962769 -0.2719573676586151 -0.5948895812034607 -0.29689866304397583 -0.8691362738609314 -0.39554184675216675 -2.12934947013855
-0.15805701911449432 0.45320525765419006 -0.8772816061973572 0.10535767674446106 0.9417382478713989 -0.1979474127292633 -0.27192994952201843 -0.594858705997467 -0.29689568281173706 -0.8691500425338745 -0.39551377296447754 -2.1293535232543945
-0.15810617804527283 0.45326662063598633 -0.8772410154342651 0.10536657273769379 0.941718339920044 -0.1979420781135559 -0.27200278639793396 -0.5948679447174072 -0.2969326972961426 -0.8691192865371704 -0.3955536484718323 -2.1294116973876953
-0.15812371671199799 0.45323964953422546 -0.8772518038749695 0.1053561195731163 0.94172203540802 -0.1979236900806427 -0.2720033526420593 -0.5948588848114014 -0.2969115972518921 -0.8691375255584717 -0.3955293595790863 -2.1293904781341553
-0.15810337662696838 0.45325082540512085 -0.8772497177124023 0.10538957267999649 0.9417102932929993 -0.1979730725288391 -0.27200809121131897 -0.5948734879493713 -0.29695969820022583 -0.8691204786300659 -0.3955307602882385 -2.129431962966919
-0.15803609788417816 0.45324525237083435 -0.8772647380828857 0.10537299513816833 0.9417193531990051 -0.1980094015598297 -0.271950364112854 -0.5948946475982666 -0.2969668507575989 -0.8691151142120361 -0.39553719758987427 -2.129373550415039
-0.1580580472946167 0.45327991247177124 -0.8772428631782532 0.10539271682500839 0.9417120218276978 -0.1980002075433731 -0.27198246121406555 -0.5948929786682129 -0.2969784140586853 -0.8690991401672363 -0.39556360244750977 -2.1294054985046387
-0.15807326138019562 0.4532206058502197 -0.8772707581520081 0.10541294515132904 0.9417218565940857 -0.19797591865062714 -0.27196598052978516 -0.5948730111122131 -0.29693904519081116 -0.8691355586051941 -0.39551305770874023 -2.1294054985046387
-0.1581457555294037 0.45325982570648193 -0.8772374391555786 0.10539601743221283 0.9416925311088562 -0.19798380136489868 -0.2720617651939392 -0.5948584675788879 -0.2969934642314911 -0.8691133260726929 -0.3955211043357849 -2.129423141479492
-0.15813878178596497 0.4532441794872284 -0.8772467374801636 0.10538916289806366 0.941723644733429 -0.19790391623973846 -0.2720121741294861 -0.5948774814605713 -0.2968984842300415 -0.8691396713256836 -0.395534485578537 -2.1293585300445557
-0.15820273756980896 0.453275203704834 -0.8772192001342773 0.10535878688097 0.9416937232017517 -0.19792386889457703 -0.2721013128757477 -0.5949116945266724 -0.29695937037467957 -0.8691189885139465 -0.39553430676460266 -2.1294479370117188
-0.1581866592168808 0.4532450735569 -0.8772376775741577 0.10534564405679703 0.9416792392730713 -0.19799019396305084 -0.2721031606197357 -0.5948951840400696 -0.29701387882232666 -0.8691195845603943 -0.3954920768737793 -2.1294493675231934
-0.1582498997449875 0.4533078372478485 -0.877193808555603 0.10532788187265396 0.9416566491127014 -0.19797936081886292 -0.2721891701221466 -0.5948804020881653 -0.29705172777175903 -0.8690893054008484 -0.3955301344394684 -2.1294562816619873
-0.15823154151439667 0.4532530605792999 -0.8772254586219788 0.10532288998365402 0.9416710734367371 -0.19797079265117645 -0.27214545011520386 -0.5948845148086548 -0.2970157563686371 -0.8691198229789734 -0.3954900801181793 -2.129425525665283
-0.1582215279340744 0.4532659947872162 -0.8772205710411072 0.10534859448671341 0.9416728615760803 -0.19797062873840332 -0.27213937044143677 -0.5948975086212158 -0.29701539874076843 -0.8691130876541138 -0.3955051004886627 -2.129465103149414
-0.15820510685443878 0.4531986117362976 -0.8772583603858948 0.10536698997020721 0.9416950941085815 -0.19794142246246338 -0.27208372950553894 -0.5948829650878906 -0.2969537079334259 -0.8691549301147461 -0.3954595625400543 -2.1294639110565186
-0.15819770097732544 0.453218936920166 -0.8772491812705994 0.10540659725666046 0.9416837096214294 -0.1979752480983734 -0.2720986306667328 -0.5948824882507324 -0.29699385166168213 -0.8691366314888 -0.39546966552734375 -2.129472255706787
-0.15817780792713165 0.45316433906555176 -0.8772809505462646 0.10541290044784546 0.941679835319519 -0.1980215162038803 -0.2720783054828644 -0.5949236154556274 -0.2970166802406311 -0.8691545128822327 -0.3954131305217743 -2.1295053958892822
-0.15816926956176758 0.45311540365219116 -0.8773077726364136 0.10542896389961243 0.9416885375976562 -0.19801902770996094 -0.27205005288124084 -0.594912052154541 -0.2969937026500702 -0.8691806197166443 -0.39537304639816284 -2.1295127868652344
-0.15817540884017944 0.45313960313796997 -0.8772941827774048 0.10543370991945267 0.9416861534118652 -0.19801291823387146 -0.272062748670578 -0.5949209928512573 -0.29699796438217163 -0.8691693544387817 -0.39539453387260437 -2.129551649093628
-0.15811419486999512 0.45318499207496643 -0.8772817850112915 0.10541356354951859 0.9417029023170471 -0.19800540804862976 -0.27201026678085327 -0.5949193239212036 -0.2969774901866913 -0.8691474199295044 -0.3954581618309021 -2.129530191421509
-0.15815167129039764 0.4532042145729065 -0.8772650957107544 0.10537639260292053 0.9416846632957458 -0.19801869988441467 -0.27206361293792725 -0.5948852300643921 -0.2970152497291565 -0.8691343665122986 -0.39545848965644836 -2.1294946670532227
-0.15804080665111542 0.45323505997657776 -0.8772690892219543 0.105396568775177 0.9416922330856323 -0.19808758795261383 -0.27198725938796997 -0.5948932766914368 -0.29705026745796204 -0.8691025972366333 -0.3955020308494568 -2.1294705867767334
-0.1580791473388672 0.45324915647506714 -0.8772549629211426 0.10539888590574265 0.9416723847389221 -0.19810643792152405 -0.2720421552658081 -0.5949009656906128 -0.2970927059650421 -0.8690909743309021 -0.395495742559433 -2.1295111179351807
-0.15804527699947357 0.45325058698654175 -0.8772603273391724 0.10536273568868637 0.9416988492012024 -0.1980593204498291 -0.27198487520217896 -0.5949057340621948 -0.2970268726348877 -0.8691009283065796 -0.39552322030067444 -2.1294870376586914
-0.15802665054798126 0.45327433943748474 -0.877251386642456 0.10539837181568146 0.9416974782943726 -0.19807298481464386 -0.27197983860969543 -0.5949200391769409 -0.29704126715660095 -0.869085431098938 -0.39554649591445923 -2.1295206546783447
-0.15803632140159607 0.45322489738464355 -0.8772751688957214 0.10543136298656464 0.9417091608047485 -0.19804532825946808 -0.27195948362350464 -0.594950258731842 -0.2969990372657776 -0.8691174983978271 -0.39550769329071045 -2.1295604705810547
-0.15805667638778687 0.45323842763900757 -0.8772644996643066 0.1054428219795227 0.9416991472244263 -0.19805195927619934 -0.2719893157482147 -0.5949456095695496 -0.29701995849609375 -0.8691089749336243 -0.39551082253456116 -2.1295697689056396
-0.1580354869365692 0.4532175362110138 -0.8772791028022766 0.10544664412736893 0.9416929483413696 -0.19809585809707642 -0.27197888493537903 -0.5949299335479736 -0.29705095291137695 -0.8691098690032959 -0.39548560976982117 -2.1296029090881348
-0.15802069008350372 0.4532147943973541 -0.8772832155227661 0.10545790195465088 0.9416957497596741 -0.19810178875923157 -0.2719646990299225 -0.5949233174324036 -0.29704979062080383 -0.8691099286079407 -0.3954862952232361 -2.1296133995056152
-0.15802080929279327 0.45324376225471497 -0.8772682547569275 0.10543695837259293 0.9417141675949097 -0.19803881645202637 -0.2719467878341675 -0.5949695706367493 -0.29699134826660156 -0.8691091537475586 -0.3955318331718445 -2.1296074390411377
-0.15794408321380615 0.45328450202941895 -0.8772609829902649 0.1054505780339241 0.9417001605033875 -0.19813679158687592 -0.2719239592552185 -0.5949664115905762 -0.29707658290863037 -0.8690655827522278 -0.3955635726451874 -2.1296193599700928
-0.15797127783298492 0.4532938003540039 -0.8772513270378113 0.10544974356889725 0.94169682264328 -0.19811910390853882 -0.27194851636886597 -0.5949411392211914 -0.29707279801368713 -0.8690647482872009 -0.39556819200515747 -2.1295807361602783
-0.15798135101795197 0.453311026096344 -0.8772405982017517 0.10543198883533478 0.9416986107826233 -0.1980992704629898 -0.2719566226005554 -0.5949733853340149 -0.29706162214279175 -0.8690603375434875 -0.39558637142181396 -2.129517078399658
-0.15799374878406525 0.4532789885997772 -0.8772549033164978 0.10544952005147934 0.9417130351066589 -0.19805586338043213 -0.27193841338157654 -0.5949504375457764 -0.2970094382762909 -0.8690869212150574 -0.3955671191215515 -2.129483461380005
-0.1580009013414383 0.45332977175712585 -0.8772273659706116 0.10544109344482422 0.9417243003845215 -0.19800062477588654 -0.27193960547447205 -0.5949676036834717 -0.29696986079216003 -0.8690730333328247 -0.39562737941741943 -2.129411220550537
-0.1580306589603424 0.45331069827079773 -0.8772318959236145 0.1054098978638649 0.9417307376861572 -0.1979607194662094 -0.27194637060165405 -0.5948766469955444 -0.296933650970459 -0.8690920472145081 -0.3956127464771271 -2.1293227672576904
-0.15802207589149475 0.4533481001853943 -0.8772140741348267 0.10543268173933029 0.9417396783828735 -0.19793063402175903 -0.27193716168403625 -0.5949026942253113 -0.29690971970558167 -0.8690794110298157 -0.3956584930419922 -2.1293365955352783
-0.15818464756011963 0.4533002972602844 -0.877209484577179 0.10539448261260986 0.9417064785957336 -0.19789506494998932 -0.2720779776573181 -0.5948949456214905 -0.2969284653663635 -0.8691124320030212 -0.39557188749313354 -2.1293272972106934
-0.15815633535385132 0.45329588651657104 -0.8772168755531311 0.10538005083799362 0.9417107701301575 -0.19790957868099213 -0.2720525860786438 -0.5948986411094666 -0.2969299256801605 -0.8691114187240601 -0.3955729901790619 -2.129330635070801
-0.15821456909179688 0.4532235860824585 -0.8772437572479248 0.10534616559743881 0.9417052865028381 -0.19789525866508484 -0.27208206057548523 -0.5948866605758667 -0.2969163656234741 -0.8691523671150208 -0.39549314975738525 -2.129263162612915
-0.1581118106842041 0.45323145389556885 -0.8772581815719604 0.10537443310022354 0.9417197108268738 -0.19794383645057678 -0.27199673652648926 -0.5949553847312927 -0.29692530632019043 -0.8691372275352478 -0.39551976323127747 -2.12931227684021
-0.15810595452785492 0.45324084162712097 -0.8772543668746948 0.10537396371364594 0.9417192935943604 -0.19794756174087524 -0.27199557423591614 -0.5949536561965942 -0.29692986607551575 -0.8691315054893494 -0.39552897214889526 -2.1293094158172607
-0.15815135836601257 0.4531988501548767 -0.8772678971290588 0.10537703335285187 0.9417045712471008 -0.1979624480009079 -0.27203568816185 -0.5949038863182068 -0.29695233702659607 -0.8691499829292297 -0.39547139406204224 -2.1293296813964844
-0.15812231600284576 0.45323458313941956 -0.8772546648979187 0.10535386204719543 0.9417279362678528 -0.19790922105312347 -0.27199339866638184 -0.5949140191078186 -0.2968935966491699 -0.8691434860229492 -0.3955298364162445 -2.129300355911255
-0.15813198685646057 0.45324087142944336 -0.8772496581077576 0.10534034669399261 0.9417267441749573 -0.19790197908878326 -0.27200278639793396 -0.5949056148529053 -0.2968922257423401 -0.8691418170928955 -0.3955344557762146 -2.12937331199646
-0.15810158848762512 0.45323365926742554 -0.8772588968276978 0.10535413771867752 0.9417260885238647 -0.19793377816677094 -0.27198198437690735 -0.5948656797409058 -0.2969105541706085 -0.8691383600234985 -0.3955283463001251 -2.129406213760376
-0.15815392136573792 0.45324453711509705 -0.8772438764572144 0.10539024323225021 0.9417126178741455 -0.19792233407497406 -0.27203693985939026 -0.5949527621269226 -0.2969253957271576 -0.869135320186615 -0.39552390575408936 -2.129504919052124
-0.15815098583698273 0.4532787501811981 -0.877226710319519 0.10533853620290756 0.9417295455932617 -0.1978648453950882 -0.2720201909542084 -0.5949388742446899 -0.2968733012676239 -0.869130551815033 -0.3955734968185425 -2.1294100284576416
-0.15814407169818878 0.45329007506370544 -0.8772220611572266 0.10532999783754349 0.941728949546814 -0.1978694200515747 -0.27201899886131287 -0.5949313640594482 -0.2968789339065552 -0.8691235780715942 -0.3955845236778259 -2.129415988922119
-0.15816032886505127 0.45334121584892273 -0.8771927356719971 0.10531924664974213 0.9417392015457153 -0.19780871272087097 -0.27202755212783813 -0.5949174165725708 -0.2968376576900482 -0.8691107630729675 -0.3956437110900879 -2.1294217109680176
-0.15814635157585144 0.45334357023239136 -0.8771940469741821 0.10531897842884064 0.9417448043823242 -0.19780434668064117 -0.2720114290714264 -0.5949162840843201 -0.29682740569114685 -0.8691105246543884 -0.3956519067287445 -2.1294000148773193
-0.15810845792293549 0.45331570506095886 -0.8772152662277222 0.10533366352319717 0.9417381286621094 -0.19786682724952698 -0.27198898792266846 -0.5948888063430786 -0.2968686521053314 -0.8691108226776123 -0.39562028646469116 -2.129417657852173
-0.1581040322780609 0.45329537987709045 -0.8772265911102295 0.1053895577788353 0.9417622089385986 -0.19780664145946503 -0.2719493806362152 -0.5949305295944214 -0.2967946231365204 -0.8691351413726807 -0.39562246203422546 -2.1294167041778564
-0.15810459852218628 0.45329490303993225 -0.877226710319519 0.10542041808366776 0.9417614340782166 -0.19780853390693665 -0.27195069193840027 -0.5949270129203796 -0.2967967689037323 -0.8691349625587463 -0.39562124013900757 -2.129401445388794
-0.1581069380044937 0.45329999923706055 -0.8772236704826355 0.10543406754732132 0.9417601227760315 -0.19780875742435455 -0.2719551622867584 -0.5949168801307678 -0.29679977893829346 -0.8691322207450867 -0.39562493562698364 -2.129406690597534
-0.1581612229347229 0.45329761505126953 -0.8772150874137878 0.10538753122091293 0.9417567849159241 -0.1977699100971222 -0.2719948887825012 -0.59489905834198 -0.29678136110305786 -0.8691422939300537 -0.3956165909767151 -2.1293857097625732
-0.1581796258687973 0.45329853892326355 -0.877211332321167 0.10539259016513824 0.9417526125907898 -0.19776514172554016 -0.2720127999782562 -0.5948838591575623 -0.29678481817245483 -0.8691429495811462 -0.3956126868724823 -2.129389524459839
-0.15815642476081848 0.4532718062400818 -0.8772293329238892 0.10536180436611176 0.9417703151702881 -0.19774267077445984 -0.2719678580760956 -0.5948820114135742 -0.2967410087585449 -0.8691619634628296 -0.39560365676879883 -2.1293742656707764
-0.1581602394580841 0.4532832205295563 -0.8772227168083191 0.1053575724363327 0.9417660236358643 -0.1977483481168747 -0.2719787359237671 -0.5948736667633057 -0.2967527210712433 -0.8691547513008118 -0.3956108093261719 -2.129377841949463
-0.1581639051437378 0.45322152972221375 -0.8772539496421814 0.10533621907234192 0.9417597651481628 -0.19778242707252502 -0.2719755470752716 -0.5949034690856934 -0.2967705726623535 -0.8691791296005249 -0.39554375410079956 -2.1293575763702393
-0.15814736485481262 0.4532211422920227 -0.8772571086883545 0.10533303767442703 0.9417628049850464 -0.19778868556022644 -0.2719605267047882 -0.5948982834815979 -0.29676976799964905 -0.8691779375076294 -0.3955470621585846 -2.1293575763702393
-0.1581842601299286 0.4532424211502075 -0.877239465713501 0.1052892878651619 0.9417728185653687 -0.1977192908525467 -0.2719763517379761 -0.5948842167854309 -0.2967183589935303 -0.8691826462745667 -0.39557531476020813 -2.1292803287506104
-0.15818218886852264 0.4532371759414673 -0.8772425651550293 0.1052810475230217 0.9417716264724731 -0.19772613048553467 -0.2719753086566925 -0.5948783755302429 -0.2967230975627899 -0.8691837787628174 -0.39556920528411865 -2.1292724609375
-0.15809889137744904 0.4533137083053589 -0.8772180080413818 0.10534364730119705 0.9417790770530701 -0.1977563202381134 -0.27192768454551697 -0.5949091911315918 -0.2967439293861389 -0.8691369891166687 -0.3956563174724579 -2.129240036010742
-0.1581047922372818 0.4533225893974304 -0.8772123456001282 0.10535091906785965 0.9417750835418701 -0.1977599561214447 -0.27193892002105713 -0.5949059724807739 -0.29675352573394775 -0.8691315650939941 -0.3956611156463623 -2.1292290687561035
-0.15815435349941254 0.4532964825630188 -0.8772169351577759 0.10539115220308304 0.941764771938324 -0.1977531909942627 -0.2719794809818268 -0.594931960105896 -0.2967597544193268 -0.8691467046737671 -0.395623117685318 -2.129344940185547
-0.15817569196224213 0.4532882273197174 -0.8772173523902893 0.1052817702293396 0.9417566657066345 -0.19776009023189545 -0.27200251817703247 -0.5949276685714722 -0.29677408933639526 -0.8691494464874268 -0.3956063687801361 -2.1292061805725098
-0.15804243087768555 0.4534090757369995 -0.8771789073944092 0.10533399134874344 0.9417665004730225 -0.19781479239463806 -0.2719286382198334 -0.5949600338935852 -0.29681387543678284 -0.8690739870071411 -0.39574235677719116 -2.12919282913208
-0.15801645815372467 0.453346312046051 -0.8772160410881042 0.10540788620710373 0.941772997379303 -0.19783882796764374 -0.27188870310783386 -0.5949534773826599 -0.29680711030960083 -0.8691012263298035 -0.3956875205039978 -2.1293227672576904
-0.15804582834243774 0.45335912704467773 -0.8772041201591492 0.10540506988763809 0.9417790174484253 -0.19779056310653687 -0.2719029486179352 -0.5949720144271851 -0.2967723608016968 -0.8691055178642273 -0.39570415019989014 -2.1292734146118164
-0.1579955518245697 0.45340606570243835 -0.8771889209747314 0.10539692640304565 0.9417790174484253 -0.197821706533432 -0.2718803584575653 -0.5949357151985168 -0.2967992126941681 -0.8690739274024963 -0.3957533836364746 -2.129314661026001
-0.15791720151901245 0.4534570872783661 -0.8771766424179077 0.10536346584558487 0.9417837262153625 -0.1978631466627121 -0.2718338072299957 -0.5949753522872925 -0.2968258857727051 -0.869037926197052 -0.3958125114440918 -2.1292715072631836
-0.15791192650794983 0.45346441864967346 -0.8771737813949585 0.10537396371364594 0.9417827129364014 -0.19786861538887024 -0.2718333303928375 -0.5949751734733582 -0.2968319058418274 -0.8690328598022461 -0.39581915736198425 -2.129267692565918
-0.157903790473938 0.4534343481063843 -0.8771908283233643 0.10538511723279953 0.941795289516449 -0.19784855842590332 -0.27180445194244385 -0.5949297547340393 -0.29679638147354126 -0.869053065776825 -0.39580127596855164 -2.1292781829833984
