# 3x4 first row second row third row Freq: 100 current Time: 2021-07-28-20:06:31
-0.22770729660987854 0.6757597327232361 -0.7010692954063416 0.15041188895702362 0.07387526333332062 -0.7059192061424255 -0.7044292092323303 -0.564058244228363 -0.9709231853485107 -0.21219535171985626 0.11082100123167038 -2.302250385284424
-0.2276800274848938 0.6757299304008484 -0.7011069059371948 0.1504221260547638 0.07389169931411743 -0.7059515714645386 -0.704395055770874 -0.5640611052513123 -0.9709283709526062 -0.2121826559305191 0.11080020666122437 -2.3022687435150146
-0.22767658531665802 0.6757367849349976 -0.7011014223098755 0.15042848885059357 0.07392291724681854 -0.7059386372566223 -0.7044047713279724 -0.5640279054641724 -0.9709267616271973 -0.21220391988754272 0.1107732430100441 -2.3022055625915527
-0.22760842740535736 0.6757083535194397 -0.7011509537696838 0.15043969452381134 0.07389434427022934 -0.7059884071350098 -0.704357922077179 -0.5640391111373901 -0.9709449410438538 -0.2121288776397705 0.11075785011053085 -2.302184820175171
-0.22768615186214447 0.6756977438926697 -0.7011359333992004 0.15045467019081116 0.07394509017467499 -0.7059708833694458 -0.7043701410293579 -0.5640469193458557 -0.9709228277206421 -0.21222087740898132 0.11077523231506348 -2.302133560180664
-0.22775426506996155 0.675656259059906 -0.7011538147926331 0.15043200552463531 0.07388149201869965 -0.7060115337371826 -0.7043360471725464 -0.5640791654586792 -0.9709117412567139 -0.21221782267093658 0.11087861657142639 -2.302136182785034
-0.2277291864156723 0.6756919622421265 -0.7011275291442871 0.15044976770877838 0.07386719435453415 -0.7059842944145203 -0.7043648958206177 -0.5640446543693542 -0.9709186553955078 -0.21219474077224731 0.11086172610521317 -2.302212953567505
-0.22774991393089294 0.6757257580757141 -0.7010882496833801 0.15040364861488342 0.0738641619682312 -0.7059464454650879 -0.7044031023979187 -0.564045250415802 -0.9709140658378601 -0.21221302449703217 0.11086729913949966 -2.3022243976593018
-0.2277182936668396 0.6757404804229736 -0.701084315776825 0.15040470659732819 0.07384894043207169 -0.705941915512085 -0.7044092416763306 -0.5640254020690918 -0.9709226489067078 -0.2121811956167221 0.11085313558578491 -2.3022680282592773
-0.22772179543972015 0.6757492423057556 -0.7010747194290161 0.15040192008018494 0.07385890930891037 -0.7059301733970642 -0.7044199705123901 -0.5639885663986206 -0.9709210395812988 -0.2121923863887787 0.11084555089473724 -2.3022239208221436
-0.22762921452522278 0.675714910030365 -0.701137900352478 0.15040476620197296 0.07386651635169983 -0.7059833407402039 -0.7043659090995789 -0.5639902949333191 -0.9709421992301941 -0.21212485432624817 0.11078968644142151 -2.3022398948669434
-0.22768542170524597 0.6757022738456726 -0.7011318206787109 0.1504136174917221 0.07385265827178955 -0.7059866786003113 -0.704364001750946 -0.5639875531196594 -0.9709300398826599 -0.2121538519859314 0.11084044724702835 -2.3022232055664062
-0.22761254012584686 0.6756903529167175 -0.7011669874191284 0.1504301130771637 0.07385943830013275 -0.7060132026672363 -0.7043367028236389 -0.5640078783035278 -0.9709466099739075 -0.21210364997386932 0.11079131811857224 -2.3022212982177734
-0.22763670980930328 0.6757590174674988 -0.7010929584503174 0.15041060745716095 0.07379823923110962 -0.7059522867202759 -0.7044041752815247 -0.5640148520469666 -0.9709455966949463 -0.21208766102790833 0.11083080619573593 -2.3022119998931885
-0.2275741696357727 0.6757433414459229 -0.701128363609314 0.15042395889759064 0.07378384470939636 -0.705984890460968 -0.7043730020523071 -0.5640422105789185 -0.9709613919258118 -0.21202902495861053 0.1108049601316452 -2.3022072315216064
-0.2275211215019226 0.6758682727813721 -0.701025128364563 0.15042626857757568 0.07375472784042358 -0.7058773636817932 -0.7044838070869446 -0.5640408992767334 -0.9709759950637817 -0.21198885142803192 0.11075349897146225 -2.3021180629730225
-0.2274964451789856 0.6757643222808838 -0.7011333703994751 0.15047235786914825 0.07380937039852142 -0.7059752941131592 -0.7043799757957458 -0.5640684366226196 -0.9709776639938354 -0.21199412643909454 0.11072910577058792 -2.3021154403686523
-0.2275233119726181 0.6757804155349731 -0.7011091113090515 0.15046574175357819 0.07382415235042572 -0.7059500217437744 -0.7044037580490112 -0.5640341639518738 -0.9709702134132385 -0.21202704310417175 0.11073113977909088 -2.30216908454895
-0.22757087647914886 0.6757635474205017 -0.7011099457740784 0.15046913921833038 0.07389302551746368 -0.7059414386749268 -0.7044051289558411 -0.5640127062797546 -0.9709538221359253 -0.21210920810699463 0.11071746796369553 -2.3021011352539062
-0.22756344079971313 0.6757645010948181 -0.7011114954948425 0.15046782791614532 0.07389454543590546 -0.7059418559074402 -0.7044045329093933 -0.5640057325363159 -0.970955491065979 -0.21210502088069916 0.11071121692657471 -2.3021035194396973
-0.22755257785320282 0.6757897138595581 -0.7010906338691711 0.15045210719108582 0.07388009876012802 -0.70592200756073 -0.7044259309768677 -0.5640144348144531 -0.9709591269493103 -0.21209056675434113 0.11070694029331207 -2.302119255065918
-0.22756963968276978 0.6758379340171814 -0.701038658618927 0.1504192054271698 0.07383495569229126 -0.7058796882629395 -0.704473078250885 -0.5640032291412354 -0.9709585309028625 -0.21207782626152039 0.11073629558086395 -2.3021066188812256
-0.22755800187587738 0.6759068965911865 -0.7009759545326233 0.15037892758846283 0.07385953515768051 -0.7058075666427612 -0.7045427560806274 -0.5640296936035156 -0.9709594249725342 -0.21209807693958282 0.11068996787071228 -2.3021397590637207
-0.2275892049074173 0.6759043335914612 -0.7009682655334473 0.15038955211639404 0.07389355450868607 -0.7057958841323853 -0.7045509219169617 -0.5640187859535217 -0.9709494709968567 -0.21214520931243896 0.1106865257024765 -2.30216646194458
-0.22763259708881378 0.6759078502655029 -0.7009507417678833 0.15034525096416473 0.07386662811040878 -0.7057886719703674 -0.7045609951019287 -0.5640221834182739 -0.9709413647651672 -0.21215790510177612 0.11073344200849533 -2.3021693229675293
-0.22764527797698975 0.6759067177772522 -0.7009477615356445 0.15037201344966888 0.07390832155942917 -0.7057779431343079 -0.7045673131942749 -0.5640228986740112 -0.9709352254867554 -0.21219728887081146 0.11071185022592545 -2.3021833896636963
-0.22754992544651031 0.6758652925491333 -0.7010186314582825 0.1504146307706833 0.07389456033706665 -0.7058435082435608 -0.7045031189918518 -0.5640273690223694 -0.9709586501121521 -0.21211108565330505 0.11067184060811996 -2.302180051803589
-0.2275662124156952 0.6758542656898499 -0.7010239958763123 0.15041251480579376 0.07389990985393524 -0.705849826335907 -0.7044961452484131 -0.5640336275100708 -0.970954418182373 -0.21212512254714966 0.11068198829889297 -2.302178144454956
-0.2274973839521408 0.675904393196106 -0.7009980082511902 0.1503840982913971 0.07388158142566681 -0.7058185935020447 -0.7045294046401978 -0.5639984607696533 -0.970971941947937 -0.21206943690776825 0.11063497513532639 -2.3021585941314697
-0.22749561071395874 0.6758756041526794 -0.7010263800621033 0.1504203975200653 0.07391241192817688 -0.7058411836624146 -0.7045035362243652 -0.563987672328949 -0.9709699749946594 -0.21208599209785461 0.11062014102935791 -2.302157163619995
-0.2274216264486313 0.675858736038208 -0.7010666131973267 0.15043288469314575 0.07391193509101868 -0.7058744430541992 -0.7044702172279358 -0.5639864802360535 -0.9709873795509338 -0.21202895045280457 0.1105770543217659 -2.3021769523620605
-0.22749820351600647 0.6758291125297546 -0.7010703682899475 0.1504669040441513 0.07388284802436829 -0.7058938145637512 -0.7044539451599121 -0.5640449523925781 -0.9709716439247131 -0.21205906569957733 0.11065736413002014 -2.3022499084472656
-0.2274233102798462 0.6758304238319397 -0.7010933756828308 0.15043701231479645 0.0738716572523117 -0.7059113383293152 -0.7044374942779541 -0.5640503764152527 -0.9709900617599487 -0.2119964361190796 0.11061594635248184 -2.3022611141204834
-0.22744537889957428 0.6758782267570496 -0.7010400891304016 0.15043380856513977 0.07390952110290527 -0.7058501243591309 -0.704494833946228 -0.5640379190444946 -0.9709819555282593 -0.21204763650894165 0.11058849096298218 -2.3022501468658447
-0.22738467156887054 0.675875723361969 -0.7010622620582581 0.15041570365428925 0.07391718775033951 -0.7058643698692322 -0.7044798135757446 -0.5640631914138794 -0.9709956049919128 -0.21200844645500183 0.1105438768863678 -2.3022255897521973
-0.22747305035591125 0.6758173704147339 -0.7010898590087891 0.15041416883468628 0.07384590059518814 -0.7059191465377808 -0.7044323682785034 -0.5640760660171509 -0.9709803462028503 -0.21201197803020477 0.11067122220993042 -2.3022518157958984
-0.22747454047203064 0.6758254766464233 -0.7010815143585205 0.15040981769561768 0.07382490485906601 -0.7059152722358704 -0.7044385075569153 -0.5640854835510254 -0.9709815979003906 -0.2119990885257721 0.11068496853113174 -2.3022587299346924
-0.2275242805480957 0.6758306622505188 -0.70106041431427 0.15042786300182343 0.07376980036497116 -0.7059111595153809 -0.7044483423233032 -0.5640470385551453 -0.9709741473197937 -0.2119961827993393 0.11075601726770401 -2.3022518157958984
-0.2275444120168686 0.6757627725601196 -0.7011192440986633 0.1504475325345993 0.07374431192874908 -0.7059804797172546 -0.70438152551651 -0.5640391707420349 -0.9709713459014893 -0.2119816243648529 0.11080823838710785 -2.3022327423095703
-0.2275494635105133 0.675781786441803 -0.7010992765426636 0.1504376381635666 0.07377593964338303 -0.7059534192085266 -0.7044053673744202 -0.564055323600769 -0.9709677696228027 -0.21201130747795105 0.11078285425901413 -2.302213430404663
-0.22753538191318512 0.6758134961128235 -0.7010733485221863 0.15040722489356995 0.07369547337293625 -0.7059422135353088 -0.7044249773025513 -0.5640614628791809 -0.9709771871566772 -0.21194753050804138 0.1108224093914032 -2.302161693572998
-0.22751034796237946 0.6758094429969788 -0.7010853290557861 0.15041126310825348 0.07372130453586578 -0.705946147441864 -0.7044183611869812 -0.5640439987182617 -0.9709810614585876 -0.21194738149642944 0.11078847199678421 -2.3022170066833496
-0.2275475114583969 0.675724446773529 -0.7011551856994629 0.15042836964130402 0.07380551844835281 -0.7060049772262573 -0.7043505907058716 -0.5640276670455933 -0.9709659814834595 -0.2120223343372345 0.11077745258808136 -2.3021674156188965
-0.22755886614322662 0.6757383942604065 -0.7011380791664124 0.15041430294513702 0.07382404804229736 -0.7059844136238098 -0.7043692469596863 -0.5640255212783813 -0.97096186876297 -0.2120463103055954 0.11076723784208298 -2.3021585941314697
-0.2275758981704712 0.6758008003234863 -0.7010724544525146 0.15040893852710724 0.07386056333780289 -0.7059100270271301 -0.7044399380683899 -0.5640124678611755 -0.9709551334381104 -0.21209515631198883 0.11073306202888489 -2.302152633666992
-0.2275720238685608 0.6758289933204651 -0.7010465264320374 0.15039747953414917 0.07383161038160324 -0.7058888673782349 -0.7044641971588135 -0.564009964466095 -0.9709582328796387 -0.21207572519779205 0.11074300110340118 -2.302151679992676
-0.22753188014030457 0.6759015321731567 -0.7009896039962769 0.150398850440979 0.07388539612293243 -0.7058130502700806 -0.7045345306396484 -0.5640206336975098 -0.9709635376930237 -0.2120969593524933 0.11065568774938583 -2.3021180629730225
-0.22752708196640015 0.6759012341499329 -0.7009913921356201 0.15039584040641785 0.07386941462755203 -0.7058178782463074 -0.7045314311981201 -0.564020574092865 -0.9709659218788147 -0.21208178997039795 0.11066421866416931 -2.3021109104156494
-0.2276635766029358 0.6759210824966431 -0.7009279727935791 0.15041053295135498 0.0737852230668068 -0.7057863473892212 -0.7045717835426331 -0.5640223622322083 -0.9709402918815613 -0.21212345361709595 0.11080881953239441 -2.302142858505249
-0.2276626080274582 0.6759236454963684 -0.7009258270263672 0.15041272342205048 0.07380880415439606 -0.7057788372039795 -0.704576849937439 -0.5640249252319336 -0.9709387421607971 -0.212140291929245 0.11079031229019165 -2.3021416664123535
-0.22770854830741882 0.675912082195282 -0.7009220123291016 0.15041504800319672 0.07374924421310425 -0.7057933807373047 -0.7045685052871704 -0.5640393495559692 -0.9709324836730957 -0.21212872862815857 0.11086715012788773 -2.3021461963653564
-0.22767123579978943 0.6760303974151611 -0.7008200883865356 0.15043842792510986 0.07380668073892593 -0.7056701183319092 -0.7046859860420227 -0.5640199184417725 -0.9709368944168091 -0.21216191351413727 0.11076519638299942 -2.3020687103271484
-0.22766321897506714 0.6760397553443909 -0.7008135914802551 0.15044115483760834 0.07381473481655121 -0.7056606411933899 -0.7046945691108704 -0.5640050172805786 -0.9709381461143494 -0.21216338872909546 0.11075124889612198 -2.302039861679077
-0.22771495580673218 0.6761058568954468 -0.7007330060005188 0.15041665732860565 0.07378504425287247 -0.7055892944335938 -0.7047691345214844 -0.5640203356742859 -0.9709282517433167 -0.21219007670879364 0.11078671365976334 -2.302032470703125
-0.22776243090629578 0.6760225296020508 -0.7007980346679688 0.15042248368263245 0.07378782331943512 -0.7056620717048645 -0.704695999622345 -0.5640552043914795 -0.9709169268608093 -0.21221362054347992 0.1108410581946373 -2.302065372467041
-0.22781050205230713 0.6760514378547668 -0.7007545232772827 0.15041810274124146 0.07378092408180237 -0.705623984336853 -0.7047348618507385 -0.5640462040901184 -0.970906138420105 -0.2122483104467392 0.11086882650852203 -2.3020946979522705
-0.2277897447347641 0.6760261654853821 -0.7007856369018555 0.15042103826999664 0.07382478564977646 -0.7056443095207214 -0.7047098875045776 -0.5640447735786438 -0.9709076881408691 -0.21226102113723755 0.11083102226257324 -2.302096366882324
-0.22778433561325073 0.6760397553443909 -0.7007742524147034 0.15041978657245636 0.07381805032491684 -0.7056333422660828 -0.7047215700149536 -0.5640519857406616 -0.9709094762802124 -0.21225431561470032 0.11082826554775238 -2.302093982696533
-0.22776004672050476 0.6760711073875427 -0.7007519006729126 0.15041165053844452 0.07382845133543015 -0.7056048512458801 -0.7047490477561951 -0.5640528798103333 -0.970914363861084 -0.21224910020828247 0.1107952818274498 -2.3021116256713867
-0.22770637273788452 0.6760062575340271 -0.7008318901062012 0.15045501291751862 0.0738123282790184 -0.7056853771209717 -0.7046700716018677 -0.564044177532196 -0.9709281921386719 -0.21218788623809814 0.11079143732786179 -2.3022148609161377
-0.2276485562324524 0.6760547757148743 -0.7008038759231567 0.15045416355133057 0.07380478829145432 -0.7056509852409363 -0.7047053575515747 -0.5640451312065125 -0.9709423184394836 -0.21214783191680908 0.11074432730674744 -2.3021910190582275
-0.22759833931922913 0.6760356426239014 -0.7008386254310608 0.15045422315597534 0.07375437021255493 -0.7056922316551208 -0.7046692967414856 -0.5640259385108948 -0.9709579348564148 -0.2120714634656906 0.11075377464294434 -2.3022267818450928
-0.2276633083820343 0.6760039329528809 -0.7008481621742249 0.15042904019355774 0.0736958310008049 -0.7057226300239563 -0.7046449780464172 -0.5640390515327454 -0.9709471464157104 -0.21207137405872345 0.11084845662117004 -2.3022398948669434
-0.22758956253528595 0.6759904623031616 -0.7008851170539856 0.1504509299993515 0.07369285076856613 -0.7057530283927917 -0.7046148180961609 -0.5640280842781067 -0.9709646701812744 -0.21201318502426147 0.11080633103847504 -2.302290916442871
-0.22769759595394135 0.6759429574012756 -0.7008957862854004 0.15040475130081177 0.07366178184747696 -0.7057838439941406 -0.7045872211456299 -0.5641069412231445 -0.9709417223930359 -0.2120620310306549 0.11091408878564835 -2.3023364543914795
-0.22773706912994385 0.6759651899337769 -0.7008615732192993 0.15038597583770752 0.07361748814582825 -0.705762505531311 -0.704613208770752 -0.5641021132469177 -0.9709358215332031 -0.21206219494342804 0.11096540838479996 -2.3023693561553955
-0.2277022749185562 0.6759648323059082 -0.7008731961250305 0.15039217472076416 0.07364367693662643 -0.7057647705078125 -0.7046082019805908 -0.5640369057655334 -0.970941960811615 -0.2120557725429535 0.11092368513345718 -2.3022937774658203
-0.22768627107143402 0.6759526133537292 -0.7008901834487915 0.15038518607616425 0.07362670451402664 -0.705784261226654 -0.7045904397964478 -0.5640633702278137 -0.9709470272064209 -0.21202978491783142 0.11092919856309891 -2.302295684814453
-0.2276211380958557 0.6760064363479614 -0.7008594274520874 0.15040341019630432 0.07365934550762177 -0.7057373523712158 -0.7046340107917786 -0.5640140771865845 -0.9709597826004028 -0.21201443672180176 0.11084651947021484 -2.302211284637451
-0.2277010828256607 0.6759404540061951 -0.7008970975875854 0.1504737138748169 0.0736347883939743 -0.7057915329933167 -0.7045823335647583 -0.5640178918838501 -0.9709429144859314 -0.21204456686973572 0.110936738550663 -2.3022334575653076
-0.227606400847435 0.6759154796600342 -0.7009519338607788 0.15047094225883484 0.0736541599035263 -0.7058331370353699 -0.7045386433601379 -0.5640342235565186 -0.9709636569023132 -0.2119855135679245 0.11086812615394592 -2.3022141456604004
-0.22762644290924072 0.6759368181228638 -0.7009248733520508 0.1504235863685608 0.07368675619363785 -0.7058002352714539 -0.7045682072639465 -0.5640355944633484 -0.9709565043449402 -0.21202722191810608 0.11085116863250732 -2.3021883964538574
-0.22758007049560547 0.6758814454078674 -0.7009933590888977 0.15043780207633972 0.07369103282690048 -0.7058651447296143 -0.7045027613639832 -0.564006507396698 -0.9709670543670654 -0.2119876891374588 0.11083440482616425 -2.302255630493164
-0.22754204273223877 0.6759151816368103 -0.7009730935096741 0.15042001008987427 0.07371436804533005 -0.7058344483375549 -0.7045310735702515 -0.563975989818573 -0.9709741473197937 -0.21198222041130066 0.11078232526779175 -2.302220106124878
-0.22752968966960907 0.6759365200996399 -0.7009565234184265 0.150411918759346 0.07370751351118088 -0.7058171629905701 -0.7045490741729736 -0.5640040040016174 -0.9709776043891907 -0.21197158098220825 0.11077272891998291 -2.3021738529205322
-0.22753477096557617 0.675970196723938 -0.700922429561615 0.1504301130771637 0.07365675270557404 -0.7057933211326599 -0.7045782208442688 -0.5639997720718384 -0.9709802269935608 -0.21194370090961456 0.11080273240804672 -2.302170991897583
-0.2275734543800354 0.6759974956512451 -0.7008835673332214 0.15043486654758453 0.07369324564933777 -0.7057494521141052 -0.7046183943748474 -0.56402188539505 -0.9709684252738953 -0.21200281381607056 0.11079336702823639 -2.3021399974823
-0.22760546207427979 0.6759306192398071 -0.7009376287460327 0.15044662356376648 0.07364235818386078 -0.7058206796646118 -0.7045523524284363 -0.5640552043914795 -0.970964789390564 -0.21197864413261414 0.11087150126695633 -2.3021531105041504
-0.22753138840198517 0.6759876012802124 -0.7009067535400391 0.1503964215517044 0.07364916056394577 -0.7057782411575317 -0.7045941948890686 -0.5640455484390259 -0.9709815979003906 -0.21193847060203552 0.11080075055360794 -2.302173614501953
-0.22753404080867767 0.6760649681091309 -0.7008312344551086 0.15035079419612885 0.073691725730896 -0.7056905627250671 -0.7046775221824646 -0.5640181303024292 -0.970977783203125 -0.2119835764169693 0.11074819415807724 -2.3021397590637207
-0.22743430733680725 0.6760115623474121 -0.7009151577949524 0.15035423636436462 0.07370142638683319 -0.7057640552520752 -0.7046028971672058 -0.5640144348144531 -0.9710003733634949 -0.21190930902957916 0.11069191247224808 -2.302172899246216
-0.22748033702373505 0.6760137677192688 -0.7008981108665466 0.15040725469589233 0.07366766780614853 -0.7057591080665588 -0.7046114206314087 -0.5640013217926025 -0.9709921479225159 -0.21191875636577606 0.11074592173099518 -2.302152395248413
-0.22752901911735535 0.6759784817695618 -0.7009162902832031 0.15047587454319 0.0736548975110054 -0.7057866454124451 -0.7045851349830627 -0.5640366673469543 -0.9709817171096802 -0.2119394689798355 0.11079778522253036 -2.3022301197052
-0.22754356265068054 0.6760140657424927 -0.70087730884552 0.1504649966955185 0.07365226000547409 -0.7057483196258545 -0.704623818397522 -0.5640321969985962 -0.9709785580635071 -0.2119537889957428 0.11079848557710648 -2.3022427558898926
-0.22757580876350403 0.6759165525436401 -0.7009608149528503 0.150478333234787 0.07369392365217209 -0.7058300971984863 -0.7045375108718872 -0.5640439391136169 -0.9709678292274475 -0.21199223399162292 0.11081889271736145 -2.302234649658203
-0.22765034437179565 0.6759842038154602 -0.7008713483810425 0.15047329664230347 0.07369091361761093 -0.7057463526725769 -0.7046217322349548 -0.5640470385551453 -0.9709505438804626 -0.21205520629882812 0.11084948480129242 -2.3022384643554688
-0.22764912247657776 0.6759904623031616 -0.7008657455444336 0.1504463255405426 0.07370077073574066 -0.7057382464408875 -0.7046288251876831 -0.5640344023704529 -0.9709501266479492 -0.21206247806549072 0.11083965003490448 -2.302215337753296
-0.22765648365020752 0.6760240793228149 -0.7008309364318848 0.15044431388378143 0.0737384632229805 -0.7056946158409119 -0.7046685814857483 -0.5640340447425842 -0.9709455370903015 -0.212100550532341 0.11080694943666458 -2.3022103309631348
-0.22772185504436493 0.675976037979126 -0.7008560299873352 0.15043814480304718 0.07376962155103683 -0.7057217359542847 -0.7046381831169128 -0.56400066614151 -0.9709278345108032 -0.21216338872909546 0.11084174364805222 -2.3021416664123535
-0.22778424620628357 0.6760225892066956 -0.7007908821105957 0.15043190121650696 0.07373061031103134 -0.7056697607040405 -0.7046943306922913 -0.5639979839324951 -0.9709161520004272 -0.2121879905462265 0.11089686304330826 -2.3021390438079834
-0.2278026044368744 0.6760046482086182 -0.700802206993103 0.15043126046657562 0.07374188303947449 -0.7056812644004822 -0.7046815752983093 -0.5639994144439697 -0.9709109663963318 -0.21220675110816956 0.11090614646673203 -2.302130699157715
-0.22775739431381226 0.6759688854217529 -0.7008513808250427 0.15045081079006195 0.07368796318769455 -0.7057389616966248 -0.7046294212341309 -0.5640667676925659 -0.9709256887435913 -0.21212886273860931 0.11092646420001984 -2.3022122383117676
-0.22774304449558258 0.6760182976722717 -0.7008084058761597 0.15045589208602905 0.07371976226568222 -0.7056854367256165 -0.7046796679496765 -0.5640550851821899 -0.9709266424179077 -0.21214930713176727 0.11087901145219803 -2.3022422790527344
-0.2277759611606598 0.6760250926017761 -0.7007911801338196 0.15040366351604462 0.0737551599740982 -0.7056636810302734 -0.7046977877616882 -0.5640540719032288 -0.970916211605072 -0.21220016479492188 0.11087285727262497 -2.3022279739379883
-0.227725088596344 0.6760226488113403 -0.7008100748062134 0.15041401982307434 0.07376532256603241 -0.7056751251220703 -0.7046853303909302 -0.564044713973999 -0.9709274172782898 -0.21216998994350433 0.11083287000656128 -2.302251100540161
-0.22771936655044556 0.6760620474815369 -0.7007738947868347 0.1503964364528656 0.07377616316080093 -0.705634355545044 -0.7047249674797058 -0.564023494720459 -0.970927894115448 -0.21217992901802063 0.1108093187212944 -2.3022284507751465
-0.22769024968147278 0.6760702133178711 -0.7007755041122437 0.15040190517902374 0.07380813360214233 -0.705625593662262 -0.7047303915023804 -0.564034104347229 -0.9709323048591614 -0.2121831625699997 0.11076455563306808 -2.3022232055664062
-0.22767846286296844 0.6760553121566772 -0.7007936835289001 0.15037424862384796 0.0737733393907547 -0.7056507468223572 -0.7047088742256165 -0.5640437006950378 -0.9709377288818359 -0.21214690804481506 0.11078658699989319 -2.3021891117095947
-0.2276863157749176 0.6760505437850952 -0.7007957100868225 0.15039442479610443 0.07379952818155289 -0.7056480646133423 -0.7047088146209717 -0.5640344023704529 -0.9709338545799255 -0.21217092871665955 0.11077416688203812 -2.3022170066833496
-0.22777827084064484 0.6760073900222778 -0.7008074522018433 0.15041561424732208 0.07387116551399231 -0.705655574798584 -0.7046937346458435 -0.564025342464447 -0.9709068536758423 -0.21228337287902832 0.1107955276966095 -2.302215814590454
-0.22767795622348785 0.6759281158447266 -0.7009165287017822 0.15047556161880493 0.07383619993925095 -0.7057650089263916 -0.7045878171920776 -0.5640375018119812 -0.9709330797195435 -0.21217212080955505 0.11077913641929626 -2.3022072315216064
-0.2276678830385208 0.6759464740753174 -0.7009020447731018 0.15049207210540771 0.07382471114397049 -0.7057512402534485 -0.704602837562561 -0.564039945602417 -0.9709362983703613 -0.21215932071208954 0.11077530682086945 -2.3022167682647705
-0.22759205102920532 0.6759948134422302 -0.7008801102638245 0.1504703015089035 0.07388586550951004 -0.7057059407234192 -0.7046417593955994 -0.5639967322349548 -0.9709494113922119 -0.21215598285198212 0.11066658049821854 -2.302229881286621
-0.22756321728229523 0.6759928464889526 -0.7008913159370422 0.1504826694726944 0.0739111453294754 -0.7057087421417236 -0.7046363353729248 -0.563997745513916 -0.9709542393684387 -0.21215297281742096 0.11062991619110107 -2.302237033843994
-0.2274724692106247 0.6760393977165222 -0.7008759379386902 0.15047527849674225 0.07387663424015045 -0.7056894302368164 -0.7046592831611633 -0.5640072226524353 -0.9709781408309937 -0.21206893026828766 0.11058138310909271 -2.302250385284424
-0.22744211554527283 0.676024854183197 -0.7008997797966003 0.15046989917755127 0.07388371974229813 -0.7057091593742371 -0.7046387791633606 -0.564020574092865 -0.970984697341919 -0.21204960346221924 0.11056072264909744 -2.302251100540161
-0.227491557598114 0.6759430170059204 -0.7009626626968384 0.15047381818294525 0.07385335862636566 -0.705787181854248 -0.7045638561248779 -0.5640556216239929 -0.9709754586219788 -0.21205075085163116 0.11063992977142334 -2.302281141281128
-0.22746358811855316 0.6759185194969177 -0.7009953856468201 0.150457501411438 0.07385019958019257 -0.7058186531066895 -0.7045326232910156 -0.5640643835067749 -0.9709822535514832 -0.21202415227890015 0.1106313019990921 -2.302295446395874
-0.2274371087551117 0.6759641170501709 -0.7009599804878235 0.1503855437040329 0.07386408001184464 -0.7057756185531616 -0.7045742869377136 -0.5640387535095215 -0.9709873795509338 -0.2120220959186554 0.11059007048606873 -2.302232027053833
-0.2274700254201889 0.6759631037712097 -0.7009502649307251 0.15040357410907745 0.07386025041341782 -0.7057701945304871 -0.7045801281929016 -0.5640339851379395 -0.9709799885749817 -0.21204321086406708 0.11061473190784454 -2.302276372909546
-0.2275475710630417 0.675916850566864 -0.7009697556495667 0.1503918617963791 0.07385142147541046 -0.7058016657829285 -0.7045495510101318 -0.5640632510185242 -0.9709624648094177 -0.21208614110946655 0.11068600416183472 -2.302295684814453
-0.22750186920166016 0.6758867502212524 -0.7010136246681213 0.15039901435375214 0.07384148240089417 -0.7058441042900085 -0.7045080661773682 -0.5640681385993958 -0.9709739089012146 -0.2120407670736313 0.11067233979701996 -2.302335739135742
-0.2275259643793106 0.6758921146392822 -0.7010005712509155 0.15038703382015228 0.07384080439805984 -0.7058334946632385 -0.704518735408783 -0.5640103220939636 -0.9709683060646057 -0.21205872297286987 0.1106870025396347 -2.3022499084472656
-0.22757622599601746 0.6758806705474854 -0.7009953260421753 0.15040431916713715 0.07382151484489441 -0.7058382630348206 -0.7045159935951233 -0.5640398263931274 -0.9709579944610596 -0.21207961440086365 0.11073744297027588 -2.302227735519409
-0.22754424810409546 0.6759086847305298 -0.7009786367416382 0.15044055879116058 0.07378387451171875 -0.7058252692222595 -0.7045329213142395 -0.5640230178833008 -0.9709683656692505 -0.21203333139419556 0.11073529720306396 -2.302201509475708
-0.22751840949058533 0.6758738160133362 -0.7010207176208496 0.15044806897640228 0.07379764318466187 -0.7058630585670471 -0.7044936418533325 -0.5640194416046143 -0.9709733724594116 -0.2120189368724823 0.11071892082691193 -2.302212953567505
-0.22753986716270447 0.6759061217308044 -0.7009825706481934 0.15039704740047455 0.07382910698652267 -0.7058190107345581 -0.7045344710350037 -0.5640029311180115 -0.9709659814834595 -0.21206259727478027 0.11070038378238678 -2.302161455154419
-0.2275332361459732 0.675927996635437 -0.7009636163711548 0.15040278434753418 0.07382477074861526 -0.705799400806427 -0.704554557800293 -0.5640007257461548 -0.9709678292274475 -0.21205805242061615 0.11069256067276001 -2.302163600921631
-0.22756707668304443 0.6759257912635803 -0.700954794883728 0.15040014684200287 0.07385233044624329 -0.7057881951332092 -0.7045629620552063 -0.5639864206314087 -0.9709578156471252 -0.21210245788097382 0.11069542914628983 -2.3021352291107178
-0.22750571370124817 0.6759091019630432 -0.7009907960891724 0.15039244294166565 0.07382019609212875 -0.7058254480361938 -0.7045289874076843 -0.5639670491218567 -0.9709746241569519 -0.21203163266181946 0.11068356037139893 -2.30214524269104
-0.22751159965991974 0.6759319305419922 -0.7009668350219727 0.15038584172725677 0.0738326758146286 -0.7057984471321106 -0.7045547366142273 -0.5639722347259521 -0.9709722995758057 -0.21204861998558044 0.11067144572734833 -2.3021585941314697
-0.22754772007465363 0.676000714302063 -0.7008888125419617 0.15041090548038483 0.07381675392389297 -0.705724835395813 -0.7046300768852234 -0.5639868378639221 -0.9709650874137878 -0.21207429468631744 0.11068588495254517 -2.3021347522735596
-0.22752346098423004 0.6760003566741943 -0.7008970379829407 0.15041978657245636 0.07382872700691223 -0.7057279348373413 -0.7046257257461548 -0.5639888048171997 -0.9709698557853699 -0.2120652049779892 0.11066138744354248 -2.302135705947876
-0.22750204801559448 0.6759938597679138 -0.700910210609436 0.1504407674074173 0.07385406643152237 -0.705733597278595 -0.704617440700531 -0.5639814138412476 -0.9709729552268982 -0.21206696331501007 0.11063092201948166 -2.302166700363159
-0.22746185958385468 0.6760352253913879 -0.7008833885192871 0.15048252046108246 0.07381665706634521 -0.7057090401649475 -0.7046459317207336 -0.5640121102333069 -0.9709851741790771 -0.21201694011688232 0.1106191948056221 -2.3022067546844482
-0.22740691900253296 0.675980269908905 -0.7009541988372803 0.1505090296268463 0.07373528927564621 -0.705794095993042 -0.7045692205429077 -0.564046323299408 -0.9710042476654053 -0.2119089663028717 0.11065883934497833 -2.3022308349609375
-0.2274012714624405 0.6760241985321045 -0.7009137272834778 0.15048083662986755 0.07374676316976547 -0.7057486772537231 -0.7046135067939758 -0.564014732837677 -0.9710046648979187 -0.2119201272726059 0.11063352972269058 -2.302280902862549
-0.22741399705410004 0.676034688949585 -0.7008994221687317 0.15047182142734528 0.07375635951757431 -0.7057332396507263 -0.704628050327301 -0.563998281955719 -0.9710009694099426 -0.2119380533695221 0.11063172668218613 -2.302267074584961
-0.22735919058322906 0.6760011315345764 -0.7009495496749878 0.15044985711574554 0.0737779438495636 -0.7057742476463318 -0.7045846581459045 -0.5640120506286621 -0.9710121750831604 -0.21190840005874634 0.11059026420116425 -2.30226993560791
-0.22741752862930298 0.6759992837905884 -0.7009324431419373 0.1504104882478714 0.07378659397363663 -0.7057614326477051 -0.7045965790748596 -0.5640013813972473 -0.9709978699684143 -0.21195702254772186 0.1106228157877922 -2.302231550216675
-0.22744421660900116 0.6760368347167969 -0.7008875012397766 0.15039019286632538 0.07378045469522476 -0.7057191729545593 -0.7046395540237427 -0.564005434513092 -0.9709920883178711 -0.2119779884815216 0.11063341796398163 -2.3022334575653076
-0.22742263972759247 0.6760799288749695 -0.7008529901504517 0.15036876499652863 0.07380351424217224 -0.7056755423545837 -0.704680860042572 -0.5640064477920532 -0.9709953665733337 -0.2119857668876648 0.11058949679136276 -2.302222967147827
-0.227433443069458 0.676095724105835 -0.7008342742919922 0.1503831446170807 0.07380528748035431 -0.7056569457054138 -0.7046992778778076 -0.5640330910682678 -0.9709926843643188 -0.21199744939804077 0.11059053242206573 -2.3022284507751465
-0.2274043709039688 0.676056981086731 -0.7008810639381409 0.15041840076446533 0.07381458580493927 -0.7057002186775208 -0.7046549916267395 -0.5640847086906433 -0.9709988236427307 -0.21197685599327087 0.11057642847299576 -2.302255630493164
-0.22741086781024933 0.676082968711853 -0.7008538842201233 0.15041667222976685 0.07382845133543015 -0.705669641494751 -0.7046841382980347 -0.564083456993103 -0.9709962606430054 -0.21199578046798706 0.1105627566576004 -2.3023104667663574
-0.2273794263601303 0.676088273525238 -0.7008589506149292 0.15039972960948944 0.07380497455596924 -0.7056763172149658 -0.7046799659729004 -0.5640473961830139 -0.971005380153656 -0.21195659041404724 0.11055757105350494 -2.3022820949554443
-0.22737088799476624 0.6760879158973694 -0.7008621096611023 0.15039528906345367 0.0738283097743988 -0.7056735157966614 -0.704680323600769 -0.5640655159950256 -0.9710056185722351 -0.21196724474430084 0.1105351597070694 -2.3022890090942383
-0.22739239037036896 0.6759873628616333 -0.7009521126747131 0.15041226148605347 0.07386878877878189 -0.7057610154151917 -0.7045884132385254 -0.5640092492103577 -0.9709975123405457 -0.21199651062488556 0.11055029183626175 -2.3022663593292236
-0.22742049396038055 0.6759738922119141 -0.7009559273719788 0.15043723583221436 0.07384937256574631 -0.7057725787162781 -0.7045788764953613 -0.5640595555305481 -0.970992386341095 -0.21200081706047058 0.11058688163757324 -2.3023130893707275
-0.22741416096687317 0.6760113835334778 -0.7009218335151672 0.15041708946228027 0.07382670044898987 -0.705741286277771 -0.7046126127243042 -0.56406569480896 -0.9709956049919128 -0.21198561787605286 0.11058784276247025 -2.302342653274536
-0.2274629771709442 0.6760414838790894 -0.7008769512176514 0.15039101243019104 0.0738673135638237 -0.705691397190094 -0.7046582698822021 -0.5640519261360168 -0.9709810614585876 -0.21205556392669678 0.11058127135038376 -2.302309513092041
-0.2274918556213379 0.6760605573654175 -0.7008492350578308 0.15038752555847168 0.0738748088479042 -0.7056642770767212 -0.7046846747398376 -0.5640544891357422 -0.9709737300872803 -0.21208511292934418 0.11058900505304337 -2.3023366928100586
-0.22747179865837097 0.6760332584381104 -0.700882077217102 0.1503957062959671 0.07388674467802048 -0.7056935429573059 -0.7046540975570679 -0.5640468597412109 -0.9709775447845459 -0.21207481622695923 0.11057546734809875 -2.302304267883301
-0.22740377485752106 0.6760308742523193 -0.7009064555168152 0.15038378536701202 0.07392469793558121 -0.7057026028633118 -0.7046410441398621 -0.5640493631362915 -0.9709905982017517 -0.21205231547355652 0.11050402373075485 -2.3023195266723633
-0.22745507955551147 0.6758928894996643 -0.7010228037834167 0.15043354034423828 0.07397866994142532 -0.7058181762695312 -0.7045196294784546 -0.5640548467636108 -0.9709744453430176 -0.21210728585720062 0.1105402484536171 -2.3023128509521484
-0.2274787425994873 0.6759260296821594 -0.7009832262992859 0.15043488144874573 0.07397893071174622 -0.7057796716690063 -0.7045581936836243 -0.5640469193458557 -0.9709689021110535 -0.21212998032569885 0.1105455532670021 -2.302356243133545
-0.2274666726589203 0.6759663820266724 -0.700948178768158 0.15043193101882935 0.07403013855218887 -0.7057305574417114 -0.7046020030975342 -0.564013659954071 -0.9709678292274475 -0.2121647447347641 0.11048826575279236 -2.3022944927215576
-0.22741417586803436 0.6759512424468994 -0.7009798288345337 0.15043064951896667 0.07401420176029205 -0.7057607769966125 -0.704573392868042 -0.5640174150466919 -0.9709812998771667 -0.2121124416589737 0.1104699894785881 -2.302314281463623
-0.22738343477249146 0.6760158538818359 -0.7009275555610657 0.15042874217033386 0.07400696724653244 -0.7057042121887207 -0.7046308517456055 -0.56401127576828 -0.9709890484809875 -0.21209488809108734 0.11043553799390793 -2.3023056983947754
-0.2274177223443985 0.676024317741394 -0.7009081840515137 0.15045598149299622 0.07401372492313385 -0.705686628818512 -0.7046477198600769 -0.5640103816986084 -0.9709805250167847 -0.21212619543075562 0.11045054346323013 -2.3023204803466797
-0.22746440768241882 0.6760064363479614 -0.7009103298187256 0.1504557579755783 0.07404447346925735 -0.7056876420974731 -0.7046434283256531 -0.5640275478363037 -0.9709672331809998 -0.21217982470989227 0.11046425253152847 -2.3023109436035156
-0.22745224833488464 0.6760322451591492 -0.7008894085884094 0.15046566724777222 0.074024498462677 -0.7056687474250793 -0.7046644687652588 -0.5640268921852112 -0.9709716439247131 -0.21216048300266266 0.1104629784822464 -2.3023293018341064
-0.227498859167099 0.676002025604248 -0.7009033560752869 0.15044480562210083 0.07404011487960815 -0.7056854367256165 -0.704646110534668 -0.5640652179718018 -0.970959484577179 -0.21220114827156067 0.11049134284257889 -2.302342414855957
-0.2274870127439499 0.6759870052337646 -0.7009217143058777 0.15044790506362915 0.0740506649017334 -0.7057008147239685 -0.7046296000480652 -0.5640741586685181 -0.9709614515304565 -0.21219779551029205 0.11048045754432678 -2.302349805831909
-0.22748856246471405 0.6759020090103149 -0.7010031938552856 0.1504155397415161 0.07407429814338684 -0.7057808041572571 -0.7045469880104065 -0.5640450716018677 -0.9709593057632446 -0.21220269799232483 0.11049006879329681 -2.302299976348877
-0.2275070995092392 0.6759076118469238 -0.7009917497634888 0.15041346848011017 0.07406604290008545 -0.705772876739502 -0.7045558094978333 -0.5640508532524109 -0.9709556102752686 -0.21221111714839935 0.11050651222467422 -2.302306652069092
-0.22750602662563324 0.6759289503097534 -0.7009715437889099 0.15041951835155487 0.07410113513469696 -0.7057440280914307 -0.7045810222625732 -0.5640484094619751 -0.9709531664848328 -0.21223920583724976 0.11047389358282089 -2.30229115486145
-0.22755855321884155 0.6759321093559265 -0.7009514570236206 0.15037614107131958 0.07410478591918945 -0.7057285308837891 -0.7045961618423462 -0.5640354156494141 -0.9709405899047852 -0.212280735373497 0.11050473153591156 -2.302239179611206
-0.22759227454662323 0.6759623885154724 -0.7009113430976868 0.15039172768592834 0.07409650832414627 -0.7056924700737 -0.7046331167221069 -0.5640555024147034 -0.9709333181381226 -0.21230413019657135 0.11052367836236954 -2.3022449016571045
-0.22758305072784424 0.6759065389633179 -0.7009681463241577 0.1504323035478592 0.07405814528465271 -0.7057590484619141 -0.7045705318450928 -0.5640731453895569 -0.9709383845329285 -0.21226070821285248 0.11056239157915115 -2.3022379875183105
-0.22756904363632202 0.6759194135665894 -0.7009602785110474 0.1504317671060562 0.07403174042701721 -0.7057549357414246 -0.7045774459838867 -0.5640754103660583 -0.9709436893463135 -0.212233304977417 0.11056845635175705 -2.302267551422119
-0.22755733132362366 0.675946056842804 -0.7009384036064148 0.15045960247516632 0.07407237589359283 -0.7057218551635742 -0.704606294631958 -0.5640468597412109 -0.9709433317184448 -0.2122584879398346 0.11052322387695312 -2.302220106124878
-0.22754822671413422 0.6759899854660034 -0.7008989453315735 0.15046074986457825 0.07404775172472 -0.705685019493103 -0.7046457529067993 -0.5640474557876587 -0.9709473848342896 -0.21224085986614227 0.11052180826663971 -2.3022351264953613
-0.22761096060276031 0.6759634017944336 -0.7009041905403137 0.1503961831331253 0.07407628744840622 -0.7056917548179626 -0.7046360373497009 -0.5640283226966858 -0.9709304571151733 -0.2123032510280609 0.11055029183626175 -2.302161931991577
-0.2275836318731308 0.6758903861045837 -0.7009835243225098 0.150404155254364 0.07407732307910919 -0.7057709693908691 -0.7045565843582153 -0.5640531778335571 -0.9709367752075195 -0.212272509932518 0.11055374145507812 -2.302126169204712
-0.22757576406002045 0.6758886575698853 -0.7009877562522888 0.15039214491844177 0.07410632818937302 -0.7057681083679199 -0.704556405544281 -0.5640513896942139 -0.9709364175796509 -0.21228757500648499 0.11052805930376053 -2.3021416664123535
-0.22754062712192535 0.6759266257286072 -0.7009625434875488 0.15038301050662994 0.07409965991973877 -0.7057390809059143 -0.7045861482620239 -0.5640517473220825 -0.9709451794624329 -0.2122630476951599 0.1104983389377594 -2.302133083343506
