# 3x4 first row second row third row Freq: 100 current Time: 2021-07-28-20:07:56
-0.2793208658695221 -0.2781792879104614 -0.9190191626548767 0.02236161194741726 0.9490004777908325 -0.22572119534015656 -0.22010928392410278 -0.6185449957847595 -0.14621223509311676 -0.9336307048797607 0.3270408809185028 -2.472327947616577
-0.2793428301811218 -0.27818700671195984 -0.9190101027488708 0.022336751222610474 0.9489913582801819 -0.225747749209404 -0.22012141346931458 -0.6185089349746704 -0.14622953534126282 -0.9336219429969788 0.3270580470561981 -2.4723551273345947
-0.27935105562210083 -0.2782593071460724 -0.9189857244491577 0.02234293892979622 0.9489830136299133 -0.22580541670322418 -0.22009803354740143 -0.6185960173606873 -0.1462676078081131 -0.9335864782333374 0.3271423280239105 -2.472341775894165
-0.279329776763916 -0.2782640755176544 -0.9189907312393188 0.022323179990053177 0.948986828327179 -0.2258150279521942 -0.2200719267129898 -0.6185638308525085 -0.1462838053703308 -0.9335827231407166 0.3271457850933075 -2.4723758697509766
-0.27929452061653137 -0.27830278873443604 -0.9189897179603577 0.02236480824649334 0.948996365070343 -0.22581712901592255 -0.22002851963043213 -0.618564784526825 -0.14628905057907104 -0.9335706830024719 0.3271777927875519 -2.4724061489105225
-0.27930042147636414 -0.2782914638519287 -0.9189913868904114 0.022393079474568367 0.9489877223968506 -0.22586071491241455 -0.22002115845680237 -0.6185606122016907 -0.14633402228355408 -0.9335635304450989 0.32717815041542053 -2.4724936485290527
-0.27931150794029236 -0.27825671434402466 -0.9189985394477844 0.022374168038368225 0.9489913582801819 -0.2258121371269226 -0.2200552374124527 -0.6185575723648071 -0.1462891548871994 -0.9335856437683105 0.3271351158618927 -2.4724581241607666
-0.27929431200027466 -0.2782846689224243 -0.9189953207969666 0.022404339164495468 0.9489906430244446 -0.22584962844848633 -0.22001983225345612 -0.6186031699180603 -0.14632658660411835 -0.9335682392120361 0.3271680176258087 -2.47251033782959
-0.2792806923389435 -0.2782987952232361 -0.9189951419830322 0.022389808669686317 0.9489949941635132 -0.22584591805934906 -0.22000478208065033 -0.6185730695724487 -0.14632421731948853 -0.9335649013519287 0.32717856764793396 -2.4725561141967773
-0.2792976200580597 -0.2782931327819824 -0.91899174451828 0.02238549292087555 0.9489783048629761 -0.2259254902601242 -0.21999530494213104 -0.6186033487319946 -0.14640046656131744 -0.93354731798172 0.32719454169273376 -2.4725124835968018
-0.279305100440979 -0.2782931923866272 -0.9189894199371338 0.02236996963620186 0.9489762783050537 -0.2259267121553421 -0.22000257670879364 -0.6185764670372009 -0.14639902114868164 -0.9335470199584961 0.3271961212158203 -2.4725544452667236
-0.2793218195438385 -0.2782859802246094 -0.9189865589141846 0.022398384287953377 0.9489677548408508 -0.22595416009426117 -0.2200113832950592 -0.6186049580574036 -0.14642272889614105 -0.9335425496101379 0.327198326587677 -2.4725050926208496
-0.27931350469589233 -0.2782914936542511 -0.9189873933792114 0.02239084057509899 0.9489650130271912 -0.2259853184223175 -0.21999098360538483 -0.6185742616653442 -0.1464560329914093 -0.9335333704948425 0.32720962166786194 -2.4725492000579834
-0.27930983901023865 -0.27836161851882935 -0.9189672470092773 0.022428257390856743 0.9489607214927673 -0.2260349988937378 -0.21995843946933746 -0.6186138987541199 -0.14649076759815216 -0.9335004091262817 0.32728803157806396 -2.4724910259246826
-0.27929407358169556 -0.2783622145652771 -0.9189718961715698 0.022428711876273155 0.9489638805389404 -0.22603929042816162 -0.21994052827358246 -0.6185850501060486 -0.1465006172657013 -0.9334992170333862 0.32728710770606995 -2.472536325454712
-0.2793647050857544 -0.27829480171203613 -0.9189708232879639 0.022432388737797737 0.9489466547966003 -0.22602497041225433 -0.22002942860126495 -0.6185865998268127 -0.14647729694843292 -0.9335227608680725 0.327230304479599 -2.472489595413208
-0.27940359711647034 -0.27830472588539124 -0.9189559817314148 0.022405119612812996 0.9489198327064514 -0.2261391431093216 -0.22002793848514557 -0.6185576319694519 -0.14657710492610931 -0.933492124080658 0.3272729218006134 -2.4725587368011475
-0.2793826460838318 -0.27835768461227417 -0.9189463257789612 0.022370632737874985 0.9489362239837646 -0.2260792851448059 -0.22001872956752777 -0.6186251044273376 -0.14651080965995789 -0.9334908723831177 0.3273063004016876 -2.47245192527771
-0.2794383466243744 -0.2782971262931824 -0.9189477562904358 0.02240183763206005 0.9489284753799438 -0.2260291576385498 -0.22010362148284912 -0.6185613870620728 -0.14645476639270782 -0.933521032333374 0.3272452652454376 -2.472447633743286
-0.27937376499176025 -0.27831849455833435 -0.9189609289169312 0.022396469488739967 0.9489525556564331 -0.2259792983531952 -0.22005096077919006 -0.618613600730896 -0.1464218646287918 -0.9335267543792725 0.32724371552467346 -2.4723503589630127
-0.27943333983421326 -0.2782255709171295 -0.9189709424972534 0.02243581973016262 0.9489393830299377 -0.22595010697841644 -0.22013776004314423 -0.6185819506645203 -0.14639361202716827 -0.9335615038871765 0.3271571695804596 -2.4723870754241943
-0.2794189751148224 -0.278292715549469 -0.9189549684524536 0.02242080681025982 0.9489510655403137 -0.22591367363929749 -0.22012479603290558 -0.6185646057128906 -0.1463453471660614 -0.9335502982139587 0.3272107243537903 -2.4723734855651855
-0.27952244877815247 -0.27821654081344604 -0.9189465641975403 0.022426864132285118 0.9489121437072754 -0.225985586643219 -0.22021879255771637 -0.6185619831085205 -0.14640015363693237 -0.9335556030273438 0.32717108726501465 -2.4724624156951904
-0.27939844131469727 -0.2782207131385803 -0.9189830422401428 0.022432057186961174 0.9489493370056152 -0.22593876719474792 -0.22010646760463715 -0.618564248085022 -0.1463957130908966 -0.9335657358169556 0.3271442651748657 -2.47243332862854
-0.279494047164917 -0.27828818559646606 -0.9189335107803345 0.02242097072303295 0.9489201307296753 -0.22599521279335022 -0.22017450630664825 -0.6185449361801147 -0.14640258252620697 -0.9335319399833679 0.3272375762462616 -2.4724819660186768
-0.27948305010795593 -0.2783297002315521 -0.9189242720603943 0.02240874618291855 0.9489314556121826 -0.2259497344493866 -0.22017237544059753 -0.6185961365699768 -0.14635016024112701 -0.9335305690765381 0.3272649049758911 -2.4723830223083496
-0.27951741218566895 -0.27818506956100464 -0.9189576506614685 0.022392110899090767 0.9489215612411499 -0.22592543065547943 -0.2202397733926773 -0.6186018586158752 -0.14634846150875092 -0.9335795640945435 0.3271258771419525 -2.472294569015503
-0.2795298099517822 -0.27815622091293335 -0.9189625978469849 0.022377248853445053 0.9489138126373291 -0.22594895958900452 -0.2202489972114563 -0.6185731887817383 -0.14637500047683716 -0.9335824847221375 0.32710573077201843 -2.4723122119903564
-0.2795214056968689 -0.27826789021492004 -0.9189313054084778 0.022362781688570976 0.9489216804504395 -0.22593870759010315 -0.22022584080696106 -0.6186515688896179 -0.14634037017822266 -0.9335516691207886 0.32720911502838135 -2.472278594970703
-0.2795357406139374 -0.27825120091438293 -0.9189320206642151 0.02234676480293274 0.9489164352416992 -0.22594605386257172 -0.2202407717704773 -0.6186284422874451 -0.1463467925786972 -0.9335548877716064 0.3271971046924591 -2.4722957611083984
-0.2795214354991913 -0.2782525420188904 -0.9189359545707703 0.022386500611901283 0.9489215016365051 -0.22593611478805542 -0.22022925317287445 -0.6186428666114807 -0.1463414579629898 -0.933556854724884 0.3271937668323517 -2.4723312854766846
-0.2795183062553406 -0.27825063467025757 -0.9189375042915344 0.022374968975782394 0.9489202499389648 -0.22594815492630005 -0.2202221304178238 -0.6186172366142273 -0.1463552713394165 -0.9335545301437378 0.3271942734718323 -2.4723563194274902
-0.2795776128768921 -0.2781688868999481 -0.9189441800117493 0.022406602278351784 0.9489176273345947 -0.22585470974445343 -0.22032934427261353 -0.6185779571533203 -0.1462590992450714 -0.9336014986038208 0.32710325717926025 -2.472317695617676
-0.27955687046051025 -0.27820301055908203 -0.9189401865005493 0.02239811420440674 0.9489278793334961 -0.22582924365997314 -0.22031131386756897 -0.6185429692268372 -0.14623227715492249 -0.9335975050926208 0.327126681804657 -2.472342014312744
-0.2795429229736328 -0.2782590687274933 -0.9189274907112122 0.022404080256819725 0.9489241242408752 -0.22588807344436646 -0.22026723623275757 -0.6185957789421082 -0.14628338813781738 -0.9335665702819824 0.32719212770462036 -2.4723727703094482
-0.2796378433704376 -0.27818217873573303 -0.9189218878746033 0.022406598553061485 0.948890745639801 -0.22593721747398376 -0.22036045789718628 -0.6185664534568787 -0.14631828665733337 -0.9335775971412659 0.3271450698375702 -2.4723970890045166
-0.2795761823654175 -0.2781798243522644 -0.9189413189888 0.022397009655833244 0.94890296459198 -0.22595305740833282 -0.2202916443347931 -0.6185802221298218 -0.14635689556598663 -0.9335744380950928 0.32713672518730164 -2.472355365753174
-0.27956366539001465 -0.2781928777694702 -0.9189411997795105 0.022388717159628868 0.9489049315452576 -0.22596293687820435 -0.22027312219142914 -0.6185478568077087 -0.14636823534965515 -0.9335681796073914 0.3271495997905731 -2.472383499145508
-0.27961254119873047 -0.27825576066970825 -0.9189072847366333 0.02240360714495182 0.9488852620124817 -0.226028710603714 -0.22029034793376923 -0.618603527545929 -0.14640235900878906 -0.9335334897041321 0.327233225107193 -2.4724583625793457
-0.2796142101287842 -0.2782443165779114 -0.9189102649688721 0.022395821288228035 0.9488861560821533 -0.22601771354675293 -0.22029776871204376 -0.6185750961303711 -0.14639337360858917 -0.9335395693778992 0.3272199034690857 -2.4724955558776855
-0.27959752082824707 -0.2781451642513275 -0.9189453125 0.0224100761115551 0.948883593082428 -0.22603565454483032 -0.22029033303260803 -0.6186057329177856 -0.14644169807434082 -0.9335647821426392 0.3271263539791107 -2.472374439239502
-0.2796129882335663 -0.2781488001346588 -0.9189395308494568 0.022387893870472908 0.9488692283630371 -0.22610469162464142 -0.22028151154518127 -0.6186279654502869 -0.14650548994541168 -0.9335469603538513 0.3271486163139343 -2.4723830223083496
-0.2796262800693512 -0.27814820408821106 -0.9189356565475464 0.02237960323691368 0.9488660097122192 -0.22610458731651306 -0.22029536962509155 -0.6186041831970215 -0.14650079607963562 -0.9335471987724304 0.3271501362323761 -2.4724085330963135
-0.2797166705131531 -0.2781667709350586 -0.9189025163650513 0.022398917004466057 0.948859453201294 -0.22601276636123657 -0.22041788697242737 -0.61854088306427 -0.1463707536458969 -0.9335638880729675 0.32716068625450134 -2.472393274307251
-0.2796630561351776 -0.2781510651111603 -0.9189236164093018 0.02238936349749565 0.9488770961761475 -0.22597849369049072 -0.22037705779075623 -0.6185402274131775 -0.14635884761810303 -0.9335768222808838 0.32712897658348083 -2.4723761081695557
-0.2796429991722107 -0.27817633748054504 -0.9189220666885376 0.022406501695513725 0.948875904083252 -0.226022869348526 -0.2203367054462433 -0.6186326146125793 -0.1464049369096756 -0.9335585832595825 0.327160507440567 -2.472299814224243
-0.27963706851005554 -0.2781699001789093 -0.9189258217811584 0.022389451041817665 0.9488762617111206 -0.22602804005146027 -0.22032980620861053 -0.6186088919639587 -0.1464138627052307 -0.933559238910675 0.32715460658073425 -2.472318410873413
-0.2797231078147888 -0.27814316749572754 -0.9189077019691467 0.022356228902935982 0.9488517642021179 -0.22604605555534363 -0.22041667997837067 -0.6185932755470276 -0.1464080661535263 -0.9335628747940063 0.3271469175815582 -2.4723355770111084
-0.27968743443489075 -0.2781638205051422 -0.9189123511314392 0.02233414724469185 0.9488619565963745 -0.22604060173034668 -0.22037842869758606 -0.6185684204101562 -0.14641018211841583 -0.9335580468177795 0.3271597623825073 -2.4723527431488037
-0.27979645133018494 -0.2781837582588196 -0.918873131275177 0.02235274203121662 0.9488263726234436 -0.22610577940940857 -0.22046491503715515 -0.6186121702194214 -0.14643274247646332 -0.9335362911224365 0.3272116482257843 -2.472372055053711
-0.27982771396636963 -0.278109610080719 -0.9188860058784485 0.0223915446549654 0.948822021484375 -0.22606772184371948 -0.22052252292633057 -0.6185774803161621 -0.14640101790428162 -0.9335675835609436 0.3271365165710449 -2.472364664077759
-0.27981138229370117 -0.2781345546245575 -0.9188834428787231 0.02239913120865822 0.9488257169723511 -0.2260749787092209 -0.22049909830093384 -0.6185862421989441 -0.14640812575817108 -0.9335584044456482 0.3271595537662506 -2.472344398498535
-0.27984368801116943 -0.27818217873573303 -0.9188591837882996 0.022421877831220627 0.9488013982772827 -0.22619223594665527 -0.22048363089561462 -0.6186044812202454 -0.14650417864322662 -0.9335157871246338 0.3272380828857422 -2.4724223613739014
-0.2796919047832489 -0.2781747579574585 -0.918907642364502 0.022410642355680466 0.9488462805747986 -0.22613652050495148 -0.22034762799739838 -0.6186054348945618 -0.14650341868400574 -0.9335315227508545 0.32719361782073975 -2.472416400909424
-0.2796720266342163 -0.27808085083961487 -0.9189421534538269 0.02237699180841446 0.9488550424575806 -0.2260884791612625 -0.2203591763973236 -0.6185944676399231 -0.14648453891277313 -0.9335711598396301 0.32708901166915894 -2.472470998764038
-0.2795836627483368 -0.2781364917755127 -0.9189521670341492 0.022368451580405235 0.9488850235939026 -0.22604583203792572 -0.22027385234832764 -0.6186338663101196 -0.14645910263061523 -0.9335649013519287 0.32711824774742126 -2.472409725189209
-0.2795450985431671 -0.27811741828918457 -0.9189696907997131 0.022398807108402252 0.9488935470581055 -0.22604577243328094 -0.220237135887146 -0.6186252236366272 -0.14647741615772247 -0.9335705637931824 0.32709378004074097 -2.472355842590332
-0.27968332171440125 -0.27811217308044434 -0.9189292192459106 0.022440310567617416 0.9488496780395508 -0.22611266374588013 -0.220357283949852 -0.6186177730560303 -0.1464974731206894 -0.9335559606552124 0.32712656259536743 -2.4724271297454834
-0.279551237821579 -0.27813056111335754 -0.9189638495445251 0.0224499199539423 0.948890209197998 -0.22606073319911957 -0.22023612260818481 -0.61861652135849 -0.14648722112178802 -0.9335630536079407 0.3271108865737915 -2.4724295139312744
-0.27953994274139404 -0.27814167737960815 -0.9189639091491699 0.02244228683412075 0.948896050453186 -0.22604340314865112 -0.22022873163223267 -0.6185824871063232 -0.14647091925144196 -0.9335639476776123 0.32711565494537354 -2.472463846206665
-0.2795620262622833 -0.27814996242523193 -0.9189546704292297 0.022413933649659157 0.9488930702209473 -0.2260308414697647 -0.22025460004806519 -0.6186309456825256 -0.1464482694864273 -0.9335644841194153 0.3271241784095764 -2.4723801612854004
-0.27959388494491577 -0.2781967222690582 -0.9189308285713196 0.022368617355823517 0.9488762617111206 -0.22610044479370117 -0.2202555239200592 -0.6186414361000061 -0.14649629592895508 -0.9335337281227112 0.3271905183792114 -2.472465991973877
-0.2795179784297943 -0.2782556414604187 -0.9189360737800598 0.02236480452120304 0.9489001035690308 -0.2260785847902298 -0.22017523646354675 -0.6186619400978088 -0.14648675918579102 -0.9335214495658875 0.3272297978401184 -2.4724514484405518
-0.2795715034008026 -0.2782643437385559 -0.918917179107666 0.022377612069249153 0.9488710761070251 -0.22618375718593597 -0.22019223868846893 -0.6186306476593018 -0.14657248556613922 -0.9334933757781982 0.3272714912891388 -2.4724605083465576
-0.2795102298259735 -0.2782607674598694 -0.9189369082450867 0.022385068237781525 0.9488906264305115 -0.22615200281143188 -0.22014068067073822 -0.6186755299568176 -0.14656288921833038 -0.9335021376609802 0.32725080847740173 -2.4724390506744385
-0.2795877158641815 -0.2783173620700836 -0.9188961982727051 0.022358711808919907 0.94886714220047 -0.22619684040546417 -0.22019578516483307 -0.6186196208000183 -0.14656709134578705 -0.9334744215011597 0.32732802629470825 -2.472409248352051
-0.27954035997390747 -0.2783454954624176 -0.9189020395278931 0.022362632676959038 0.9488787055015564 -0.22620199620723724 -0.2201405167579651 -0.6186708807945251 -0.14658235013484955 -0.933464765548706 0.3273486793041229 -2.472355365753174
-0.27963343262672424 -0.27831733226776123 -0.9188822507858276 0.02238345704972744 0.9488680958747864 -0.22612085938453674 -0.22026965022087097 -0.6185958981513977 -0.14647357165813446 -0.9334928393363953 0.32731738686561584 -2.4723079204559326
-0.279517263174057 -0.27829524874687195 -0.9189243316650391 0.02236788161098957 0.9488933682441711 -0.22613193094730377 -0.22014939785003662 -0.6185519695281982 -0.1465315818786621 -0.9334967136383057 0.32728028297424316 -2.47235107421875
-0.2795495390892029 -0.2782685458660126 -0.9189226031303406 0.022368174046278 0.9488663077354431 -0.22624853253364563 -0.22014616429805756 -0.6185449361801147 -0.14664512872695923 -0.933476448059082 0.3272872865200043 -2.472431182861328
-0.2795960307121277 -0.27833083271980286 -0.918889582157135 0.022404059767723083 0.9488699436187744 -0.22616955637931824 -0.22021175920963287 -0.618561863899231 -0.14653310179710388 -0.933476984500885 0.32733583450317383 -2.472398281097412
-0.2795898914337158 -0.27837470173835754 -0.9188781380653381 0.022374700754880905 0.9488794803619385 -0.22612866759300232 -0.2202126681804657 -0.6186141967773438 -0.14648304879665375 -0.9334738254547119 0.32736730575561523 -2.4722931385040283
-0.2796598970890045 -0.2783147394657135 -0.918874979019165 0.022404924035072327 0.9488565325737 -0.22615371644496918 -0.22028586268424988 -0.6185969114303589 -0.1464981734752655 -0.9334856271743774 0.32732686400413513 -2.472275972366333
-0.27967387437820435 -0.27831581234931946 -0.9188704490661621 0.022392692044377327 0.9488538503646851 -0.22614960372447968 -0.2203015834093094 -0.6185709238052368 -0.146488755941391 -0.93348628282547 0.327329158782959 -2.4722890853881836
-0.27956295013427734 -0.27829843759536743 -0.9189094305038452 0.022394364699721336 0.9488810300827026 -0.22614149749279022 -0.22019268572330475 -0.6185668110847473 -0.14652426540851593 -0.933493435382843 0.32729285955429077 -2.4722750186920166
-0.27962639927864075 -0.27831873297691345 -0.9188839793205261 0.022379059344530106 0.9488769173622131 -0.22607579827308655 -0.22027795016765594 -0.6186270117759705 -0.14642992615699768 -0.9335033297538757 0.32730695605278015 -2.472191572189331
-0.2796836197376251 -0.27830594778060913 -0.9188704490661621 0.02236996218562126 0.9488401412963867 -0.22621969878673553 -0.22028866410255432 -0.6186219453811646 -0.146558940410614 -0.9334722757339478 0.32733777165412903 -2.4722280502319336
-0.2796379327774048 -0.2783409357070923 -0.9188737273216248 0.02235131338238716 0.9488536715507507 -0.22621142864227295 -0.22023873031139374 -0.6186453700065613 -0.1465582698583603 -0.9334638118743896 0.3273621201515198 -2.472170114517212
-0.2796702980995178 -0.2783328592777252 -0.9188663363456726 0.022354518994688988 0.9488344192504883 -0.22628268599510193 -0.22024844586849213 -0.6186536550521851 -0.14662115275859833 -0.9334489703178406 0.3273763358592987 -2.4722330570220947
-0.2796047627925873 -0.27834299206733704 -0.918883204460144 0.022326035425066948 0.9488480687141418 -0.22629833221435547 -0.2201736569404602 -0.6186426877975464 -0.14665792882442474 -0.9334421753883362 0.3273792862892151 -2.472219467163086
-0.2796637713909149 -0.27820855379104614 -0.9189059734344482 0.022355258464813232 0.9488413333892822 -0.22621893882751465 -0.22028422355651855 -0.6186206340789795 -0.1465889811515808 -0.9335014820098877 0.3272410035133362 -2.4722583293914795
-0.27961018681526184 -0.27824029326438904 -0.9189127087593079 0.022360803559422493 0.9488574862480164 -0.22620552778244019 -0.22022844851016998 -0.6186522841453552 -0.14658668637275696 -0.933495283126831 0.32725974917411804 -2.4722037315368652
-0.2797028124332428 -0.27827730774879456 -0.9188733100891113 0.022394509986042976 0.9488279223442078 -0.22626134753227234 -0.22029849886894226 -0.618631899356842 -0.14660142362117767 -0.9334707260131836 0.32732319831848145 -2.472252368927002
-0.27961960434913635 -0.2782849371433258 -0.9188963174819946 0.022408105432987213 0.9488523006439209 -0.22623476386070251 -0.220220685005188 -0.6186281442642212 -0.14660218358039856 -0.9334748983383179 0.3273109793663025 -2.472259998321533
-0.2796936333179474 -0.2783481478691101 -0.9188545942306519 0.022392375394701958 0.9488404989242554 -0.22621215879917145 -0.22029481828212738 -0.6186249256134033 -0.1465374231338501 -0.9334614872932434 0.3273780643939972 -2.472227096557617
-0.2797175943851471 -0.27842408418655396 -0.918824315071106 0.022374190390110016 0.9488178491592407 -0.2263379544019699 -0.22026310861110687 -0.6186121106147766 -0.14663825929164886 -0.9334083795547485 0.3274844288825989 -2.472269058227539
-0.2796860933303833 -0.2784436047077179 -0.918828010559082 0.022364430129528046 0.9488238096237183 -0.22635287046432495 -0.22022217512130737 -0.6186105608940125 -0.14665988087654114 -0.933398962020874 0.3275016248226166 -2.4722487926483154
-0.2797286808490753 -0.27839964628219604 -0.9188283681869507 0.022372709587216377 0.9488072991371155 -0.22638218104839325 -0.22026300430297852 -0.6185921430587769 -0.14668521285057068 -0.9334049224853516 0.3274731934070587 -2.4722747802734375
-0.27966582775115967 -0.27841249108314514 -0.9188435673713684 0.022362586110830307 0.9488310813903809 -0.22633005678653717 -0.22021430730819702 -0.6186440587043762 -0.146651491522789 -0.9334137439727783 0.32746317982673645 -2.4721953868865967
-0.2796967923641205 -0.2783765494823456 -0.9188450574874878 0.022357920184731483 0.948810875415802 -0.22640271484851837 -0.22022661566734314 -0.6186500787734985 -0.14672307670116425 -0.9334068298339844 0.32745078206062317 -2.4722490310668945
-0.2796314060688019 -0.27844008803367615 -0.9188457131385803 0.02236318401992321 0.9488256573677063 -0.22642341256141663 -0.22014151513576508 -0.6186565160751343 -0.14675195515155792 -0.9333828687667847 0.3275061845779419 -2.472245454788208
-0.2796916961669922 -0.27831223607063293 -0.9188660979270935 0.02237481065094471 0.9488129615783691 -0.2263818085193634 -0.22023914754390717 -0.6186330914497375 -0.1467193067073822 -0.933431088924408 0.3273833394050598 -2.4722743034362793
-0.27964043617248535 -0.27835389971733093 -0.9188690781593323 0.022364741191267967 0.9488288164138794 -0.2263692319393158 -0.2201838344335556 -0.6186695098876953 -0.14671464264392853 -0.9334217309951782 0.3274121582508087 -2.472209930419922
-0.27967941761016846 -0.27831196784973145 -0.9188699126243591 0.022363292053341866 0.9488129615783691 -0.2264004647731781 -0.2202199548482895 -0.6186399459838867 -0.14674271643161774 -0.9334266781806946 0.3273855149745941 -2.4722166061401367
-0.27961891889572144 -0.2783043086528778 -0.918890655040741 0.02234945073723793 0.9488323330879211 -0.2263677418231964 -0.22017018496990204 -0.6186307072639465 -0.1467328667640686 -0.9334368705749512 0.32736077904701233 -2.4722211360931396
-0.27968814969062805 -0.2782582640647888 -0.9188835024833679 0.022394241765141487 0.9488022327423096 -0.2264426350593567 -0.22022292017936707 -0.6186236143112183 -0.14679554104804993 -0.9334324598312378 0.3273453414440155 -2.472277879714966
-0.2796879708766937 -0.2782733142375946 -0.9188790321350098 0.022364502772688866 0.948806881904602 -0.22641676664352417 -0.2202293425798416 -0.6186336874961853 -0.14676564931869507 -0.9334341883659363 0.32735365629196167 -2.472233772277832
-0.2797502279281616 -0.27812060713768005 -0.9189062714576721 0.022412404417991638 0.9487900733947754 -0.22639206051826477 -0.22032707929611206 -0.6186113357543945 -0.14675557613372803 -0.933485746383667 0.32721126079559326 -2.472257614135742
-0.27969464659690857 -0.27814266085624695 -0.9189165234565735 0.022398121654987335 0.9488013386726379 -0.22641058266162872 -0.22025960683822632 -0.6185893416404724 -0.1467888206243515 -0.9334746599197388 0.327227920293808 -2.472261667251587
-0.279648095369339 -0.2782210409641266 -0.9189069867134094 0.02238536812365055 0.948829710483551 -0.2263198345899582 -0.22023063898086548 -0.6186078786849976 -0.14669406414031982 -0.9334732890129089 0.32727426290512085 -2.4722325801849365
-0.27973008155822754 -0.2782824635505676 -0.9188634157180786 0.02236691676080227 0.9488086104393005 -0.22634398937225342 -0.22029685974121094 -0.6186129450798035 -0.14667443931102753 -0.9334491491317749 0.32735198736190796 -2.4722907543182373
-0.27964961528778076 -0.2783174216747284 -0.9188773036003113 0.022367095574736595 0.9488388299942017 -0.22628256678581238 -0.2202296257019043 -0.6186246275901794 -0.14663216471672058 -0.9334536194801331 0.3273581862449646 -2.4722695350646973
-0.27965670824050903 -0.2783113718032837 -0.9188770055770874 0.022347992286086082 0.9488362073898315 -0.22628715634346008 -0.22023633122444153 -0.6185996532440186 -0.1466357707977295 -0.9334542751312256 0.3273545801639557 -2.4722957611083984
-0.27959132194519043 -0.27831920981407166 -0.9188945293426514 0.022377630695700645 0.9488531351089478 -0.22628076374530792 -0.220169797539711 -0.6186307668685913 -0.14665065705776215 -0.9334535002708435 0.3273501694202423 -2.472240447998047
-0.2796119153499603 -0.27838823199272156 -0.9188673496246338 0.02238618955016136 0.9488293528556824 -0.2264171689748764 -0.2201320081949234 -0.618649423122406 -0.14676517248153687 -0.9333998560905457 0.3274518549442291 -2.4723355770111084
-0.27954912185668945 -0.2784128487110138 -0.918878972530365 0.022384528070688248 0.9488489031791687 -0.22639471292495728 -0.22007106244564056 -0.6186376810073853 -0.14675872027873993 -0.9333979487419128 0.3274601399898529 -2.4723567962646484
-0.2796463668346405 -0.2782607078552246 -0.9188954830169678 0.022415339946746826 0.9488289952278137 -0.2263365536928177 -0.2202165424823761 -0.6186075210571289 -0.14670200645923615 -0.9334574341773987 0.327316015958786 -2.472384214401245
-0.27960720658302307 -0.27826109528541565 -0.9189072847366333 0.02238490805029869 0.9488469958305359 -0.22628185153007507 -0.2201952487230301 -0.6186135411262512 -0.14666025340557098 -0.933470606803894 0.3272972106933594 -2.472350597381592
-0.2796354293823242 -0.27817225456237793 -0.9189255833625793 0.022369572892785072 0.9488303065299988 -0.226323664188385 -0.22022414207458496 -0.6185894012451172 -0.14671434462070465 -0.9334869384765625 0.3272263705730438 -2.4723904132843018
-0.2795781195163727 -0.27820703387260437 -0.9189324975013733 0.022368259727954865 0.9488516449928284 -0.22628366947174072 -0.22017332911491394 -0.6186402440071106 -0.1466856300830841 -0.93348628282547 0.32724112272262573 -2.4723355770111084
-0.27963536977767944 -0.27808472514152527 -0.9189521074295044 0.02239246666431427 0.9488334655761719 -0.22628284990787506 -0.22025258839130402 -0.618615984916687 -0.14669419825077057 -0.9335228800773621 0.3271327614784241 -2.472374439239502
-0.2796279489994049 -0.27813205122947693 -0.9189400672912598 0.022404246032238007 0.9488457441329956 -0.22622723877429962 -0.2202567309141159 -0.6186675429344177 -0.14662879705429077 -0.9335222840309143 0.32716384530067444 -2.4723246097564697
-0.27968543767929077 -0.2780217230319977 -0.91895592212677 0.02243811823427677 0.9488343596458435 -0.22618547081947327 -0.22034861147403717 -0.6186157464981079 -0.14659276604652405 -0.9335652589797974 0.3270573318004608 -2.4723386764526367
-0.2796437442302704 -0.2780610918998718 -0.9189566969871521 0.022433046251535416 0.948844850063324 -0.2261916697025299 -0.22029700875282288 -0.618628740310669 -0.14660431444644928 -0.9335520267486572 0.32708990573883057 -2.4723095893859863
-0.27976736426353455 -0.27807238698005676 -0.9189156889915466 0.02243364416062832 0.9488298892974854 -0.2261008322238922 -0.2204546481370926 -0.6185735464096069 -0.1464652270078659 -0.9335706830024719 0.3270990252494812 -2.4722986221313477
-0.2797738015651703 -0.2781073749065399 -0.918903112411499 0.022402264177799225 0.9488369822502136 -0.2260541468858719 -0.22047199308872223 -0.6186048984527588 -0.14640696346759796 -0.9335715174674988 0.32712259888648987 -2.472208023071289
-0.2797952890396118 -0.27819445729255676 -0.918870210647583 0.022431159391999245 0.948841392993927 -0.22601422667503357 -0.22049406170845032 -0.618633508682251 -0.14633750915527344 -0.9335552453994751 0.32720011472702026 -2.4721858501434326
-0.2797901928424835 -0.27817943692207336 -0.9188762903213501 0.022380612790584564 0.9488413333892822 -0.22601886093616486 -0.22048960626125336 -0.6186556220054626 -0.14634768664836884 -0.9335586428642273 0.3271859884262085 -2.4722719192504883
-0.27985212206840515 -0.2781011164188385 -0.9188811779022217 0.022440774366259575 0.9488255381584167 -0.22600604593753815 -0.22057071328163147 -0.6186102032661438 -0.14633172750473022 -0.9335850477218628 0.3271176815032959 -2.4722769260406494
-0.27989280223846436 -0.2780059278011322 -0.9188975691795349 0.02243346907198429 0.9488143920898438 -0.22599168121814728 -0.22063316404819489 -0.6186411380767822 -0.14632585644721985 -0.9336168766021729 0.32702943682670593 -2.4723267555236816
-0.2798427641391754 -0.2780097424983978 -0.9189116358757019 0.022431956604123116 0.9488248825073242 -0.22600239515304565 -0.2205771505832672 -0.6186639666557312 -0.146353617310524 -0.9336131811141968 0.32702767848968506 -2.4722957611083984
-0.27975618839263916 -0.277994841337204 -0.9189425110816956 0.0223988126963377 0.9488353729248047 -0.22606466710567474 -0.22046834230422974 -0.6186138391494751 -0.14645135402679443 -0.933602511882782 0.327014297246933 -2.4722931385040283
-0.279753178358078 -0.277992844581604 -0.9189440608024597 0.02238783985376358 0.9488391876220703 -0.2260444015264511 -0.22047266364097595 -0.6185896992683411 -0.1464323103427887 -0.9336079955101013 0.32700711488723755 -2.472318410873413
-0.2797488868236542 -0.2780129015445709 -0.9189392924308777 0.02238410711288452 0.9488216042518616 -0.22616760432720184 -0.22042180597782135 -0.6185786128044128 -0.14655418694019318 -0.9335722327232361 0.3270547688007355 -2.472371816635132
-0.2797456383705139 -0.27808669209480286 -0.9189179539680481 0.022355590015649796 0.9488255381584167 -0.22616522014141083 -0.22040733695030212 -0.6186317205429077 -0.14653491973876953 -0.9335508346557617 0.3271244764328003 -2.4722867012023926
-0.2797609269618988 -0.27809444069862366 -0.9189109802246094 0.022359423339366913 0.9488101005554199 -0.22624224424362183 -0.22039489448070526 -0.6186673045158386 -0.14660586416721344 -0.9335298538208008 0.3271525204181671 -2.4722580909729004
-0.2798301577568054 -0.278079092502594 -0.9188945293426514 0.02238851599395275 0.9487860798835754 -0.22628571093082428 -0.22045361995697021 -0.6186607480049133 -0.14662913978099823 -0.9335238933563232 0.3271591067314148 -2.4723093509674072
-0.2797302305698395 -0.2780769169330597 -0.9189255833625793 0.022393807768821716 0.9488126635551453 -0.22626842558383942 -0.22035685181617737 -0.618661642074585 -0.14664767682552338 -0.93352872133255 0.3271369934082031 -2.4723165035247803
-0.27972403168678284 -0.2781595289707184 -0.9189024567604065 0.022349050268530846 0.9488106369972229 -0.22631046175956726 -0.22032232582569122 -0.6187004446983337 -0.14667247235774994 -0.9334939122200012 0.3272251784801483 -2.4723448753356934
-0.2798183262348175 -0.2780134379863739 -0.9189179539680481 0.02240416780114174 0.948796272277832 -0.22622288763523102 -0.22047407925128937 -0.6185847520828247 -0.14658550918102264 -0.9335586428642273 0.3270794153213501 -2.472379207611084
-0.2798767387866974 -0.27799084782600403 -0.9189070463180542 0.022387726232409477 0.9487972259521484 -0.22612214088439941 -0.2205733358860016 -0.6185793280601501 -0.14646783471107483 -0.9335898160934448 0.3270432651042938 -2.472301483154297
-0.27980419993400574 -0.27803364396095276 -0.9189161658287048 0.022392109036445618 0.9488188028335571 -0.22610591351985931 -0.22049719095230103 -0.6185978055000305 -0.14646673202514648 -0.9335809946060181 0.32706889510154724 -2.472269296646118
-0.27985644340515137 -0.2779693007469177 -0.9189197421073914 0.02239767648279667 0.9488201141357422 -0.22600220143795013 -0.22059789299964905 -0.6186369061470032 -0.1463584303855896 -0.9336252212524414 0.3269910216331482 -2.472398519515991
-0.2797720730304718 -0.27800169587135315 -0.9189356565475464 0.0224068034440279 0.9488452672958374 -0.2259785681962967 -0.22051377594470978 -0.6186732053756714 -0.14635653793811798 -0.933621346950531 0.3270030617713928 -2.472381114959717
-0.2797735035419464 -0.2780117392539978 -0.9189321398735046 0.022338686510920525 0.9488322138786316 -0.22606202960014343 -0.2204844057559967 -0.6186531782150269 -0.1464383900165558 -0.9335981011390686 0.3270326256752014 -2.4724063873291016
-0.2796933650970459 -0.2780475318431854 -0.9189457297325134 0.022370297461748123 0.9488531947135925 -0.22605958580970764 -0.2203967273235321 -0.6186690330505371 -0.14645570516586304 -0.9335880875587463 0.32705360651016235 -2.4724223613739014
-0.2797588109970093 -0.2780229151248932 -0.9189332723617554 0.022384801879525185 0.9488282799720764 -0.22611233592033386 -0.2204498052597046 -0.6186556220054626 -0.14649203419685364 -0.933582603931427 0.32705289125442505 -2.4724464416503906
-0.27968162298202515 -0.2780526578426361 -0.9189477562904358 0.022395944222807884 0.9488483667373657 -0.22610966861248016 -0.2203662246465683 -0.6186792850494385 -0.1465095430612564 -0.933574378490448 0.3270685076713562 -2.472447395324707
-0.2797966003417969 -0.2780461609363556 -0.9189146757125854 0.022401848807930946 0.9488271474838257 -0.22606728971004486 -0.22050084173679352 -0.6185981631278992 -0.14642712473869324 -0.933586597442627 0.32707059383392334 -2.4723851680755615
-0.2797187864780426 -0.27799007296562195 -0.918955385684967 0.022348130121827126 0.9488462209701538 -0.22605153918266296 -0.22043509781360626 -0.6186261773109436 -0.14645250141620636 -0.9336071014404297 0.3270006477832794 -2.472285747528076
-0.27979743480682373 -0.27797022461891174 -0.9189374446868896 0.022401010617613792 0.948826789855957 -0.22605004906654358 -0.2205200493335724 -0.6185970306396484 -0.14642782509326935 -0.9336134195327759 0.32699379324913025 -2.472320795059204
-0.2797548174858093 -0.277910441160202 -0.9189684987068176 0.02239944413304329 0.9488382339477539 -0.2260279804468155 -0.22049343585968018 -0.6186071038246155 -0.14643515646457672 -0.9336365461349487 0.3269244432449341 -2.47236704826355
-0.2797519862651825 -0.27789342403411865 -0.9189744591712952 0.02239246293902397 0.9488370418548584 -0.22603599727153778 -0.2204904854297638 -0.6185855269432068 -0.14644844830036163 -0.933639645576477 0.3269095718860626 -2.47238826751709
-0.27978959679603577 -0.2779393792152405 -0.9189491271972656 0.022374071180820465 0.9488301277160645 -0.22603346407413483 -0.22052274644374847 -0.6186205148696899 -0.14642129838466644 -0.9336265921592712 0.3269590437412262 -2.472320795059204
-0.2798202931880951 -0.27799999713897705 -0.9189214706420898 0.02239336632192135 0.9488030076026917 -0.22617405652999878 -0.22049538791179657 -0.6186343431472778 -0.14653846621513367 -0.9335744976997375 0.32705530524253845 -2.472378730773926
-0.27976396679878235 -0.27803367376327515 -0.9189284443855286 0.02238556183874607 0.9488207101821899 -0.22615523636341095 -0.22043836116790771 -0.6186746954917908 -0.14653116464614868 -0.9335690140724182 0.32707417011260986 -2.472322702407837
-0.27977579832077026 -0.277980238199234 -0.9189409613609314 0.02237330935895443 0.9488160014152527 -0.22615443170070648 -0.22045952081680298 -0.6186637878417969 -0.14653916656970978 -0.9335851073265076 0.3270246088504791 -2.4723503589630127
-0.27974066138267517 -0.2780020236968994 -0.9189450740814209 0.022346021607518196 0.948826014995575 -0.22614961862564087 -0.22042138874530792 -0.6186520457267761 -0.14654147624969482 -0.9335798025131226 0.3270387649536133 -2.472343921661377
-0.27978515625 -0.2779080271720886 -0.9189599752426147 0.022368140518665314 0.9488146305084229 -0.22613152861595154 -0.22048889100551605 -0.6186308264732361 -0.1465301811695099 -0.9336121678352356 0.32695141434669495 -2.472357988357544
-0.2797752022743225 -0.2779912054538727 -0.9189378619194031 0.022397197782993317 0.9488131999969482 -0.22617574036121368 -0.22044965624809265 -0.6186661124229431 -0.14655837416648865 -0.9335767030715942 0.32704004645347595 -2.4722774028778076
-0.2797827422618866 -0.27800342440605164 -0.9189318418502808 0.022382983937859535 0.9488111138343811 -0.22618064284324646 -0.22045373916625977 -0.6186490058898926 -0.14655768871307373 -0.9335718750953674 0.32705414295196533 -2.4722816944122314
-0.27973344922065735 -0.2780664563179016 -0.918927788734436 0.022400936111807823 0.9488195180892944 -0.22621752321720123 -0.22037969529628754 -0.6186903119087219 -0.14659735560417175 -0.9335441589355469 0.3271154463291168 -2.472254991531372
-0.2797462046146393 -0.2780500054359436 -0.918928861618042 0.02238675206899643 0.9488158226013184 -0.2262176126241684 -0.2203955203294754 -0.618678629398346 -0.14659690856933594 -0.9335490465164185 0.3271017372608185 -2.4722609519958496
-0.2798042595386505 -0.27814677357673645 -0.918881893157959 0.02240537293255329 0.9487922191619873 -0.22630223631858826 -0.22041010856628418 -0.6186678409576416 -0.1466386616230011 -0.9334996938705444 0.3272238075733185 -2.4723188877105713
-0.2797582149505615 -0.27815964818000793 -0.9188920259475708 0.022427905350923538 0.9487995505332947 -0.2263292521238327 -0.22035099565982819 -0.6186637878417969 -0.14667938649654388 -0.9334893226623535 0.3272351920604706 -2.472342014312744
-0.27987435460090637 -0.2780628800392151 -0.9188859462738037 0.02243628352880478 0.9487776160240173 -0.22626811265945435 -0.22050805389881134 -0.6186054348945618 -0.14659947156906128 -0.9335329532623291 0.3271464705467224 -2.4723153114318848
-0.2798157334327698 -0.27806374430656433 -0.9189035892486572 0.022436808794736862 0.9487905502319336 -0.2262754738330841 -0.22044479846954346 -0.6186551451683044 -0.14662761986255646 -0.9335309267044067 0.32713964581489563 -2.472224712371826
-0.2799205780029297 -0.27796533703804016 -0.9189013838768005 0.022412432357668877 0.9487550854682922 -0.22631745040416718 -0.22055430710315704 -0.6186621785163879 -0.14665696024894714 -0.9335500597953796 0.3270719349384308 -2.472275495529175
-0.2799330949783325 -0.2780166566371918 -0.9188820719718933 0.022378381341695786 0.9487510919570923 -0.22633607685565948 -0.22055236995220184 -0.6186197400093079 -0.14665891230106354 -0.9335302710533142 0.3271275460720062 -2.4722790718078613
-0.2800232172012329 -0.2779468595981598 -0.9188756942749023 0.022354336455464363 0.9487241506576538 -0.22635327279567719 -0.22065071761608124 -0.6186092495918274 -0.14666134119033813 -0.9335469007492065 0.32707902789115906 -2.4723432064056396
-0.27997350692749023 -0.27791067957878113 -0.918901801109314 0.02239277772605419 0.948737621307373 -0.22633452713489532 -0.2206118404865265 -0.6186282634735107 -0.14666880667209625 -0.9335622191429138 0.3270319700241089 -2.4722979068756104
-0.27994969487190247 -0.27791544795036316 -0.918907642364502 0.022381173446774483 0.9487416744232178 -0.22634655237197876 -0.2205822467803955 -0.6186007857322693 -0.1466883420944214 -0.9335578680038452 0.3270356059074402 -2.4723119735717773
-0.27988386154174805 -0.27795958518981934 -0.9189143180847168 0.02237107791006565 0.9487583637237549 -0.2263515442609787 -0.22050538659095764 -0.618665337562561 -0.14670607447624207 -0.9335435032844543 0.32706859707832336 -2.472341537475586
-0.27986201643943787 -0.27801454067230225 -0.9189043641090393 0.022356566041707993 0.948764979839325 -0.2263556271791458 -0.22047249972820282 -0.6186494827270508 -0.14670459926128387 -0.9335261583328247 0.32711878418922424 -2.472355365753174
-0.27987927198410034 -0.2780321538448334 -0.9188937544822693 0.022368773818016052 0.94874507188797 -0.226460263133049 -0.22045078873634338 -0.6186462640762329 -0.14680050313472748 -0.9334955215454102 0.32716313004493713 -2.4724020957946777
